"x","y","forest","agri","water","built","other","grass"
326273.411807,2737866.126422,0.113736263736264,0.0551282051282051,0.00128205128205128,0.658608058608059,0.0981684981684982,0.0730769230769231
326773.411807,2737866.126422,0.0664835164835165,0.436080586080586,0,0.213186813186813,0.067032967032967,0.217216117216117
327273.411807,2737866.126422,0.0476714338100477,0.718921892189219,0,0.101393472680601,0.0214521452145215,0.110561056105611
327773.411807,2737866.126422,0.111721611721612,0.68003663003663,0,0.0793040293040293,0.0509157509157509,0.078021978021978
328273.411807,2737866.126422,0.0761904761904762,0.609340659340659,0.00128205128205128,0.0710622710622711,0.0639194139194139,0.178205128205128
328773.411807,2737866.126422,0.0236523652365237,0.897506417308398,0,0.0262192885955262,0.00825082508250825,0.0443711037770444
329273.411807,2737866.126422,0.0706959706959707,0.567582417582418,0.000183150183150183,0.265018315018315,0.0384615384615385,0.0580586080586081
329773.411807,2737866.126422,0.0721611721611722,0.517582417582418,0,0.241208791208791,0.0624542124542125,0.106593406593407
330273.411807,2737866.126422,0.0498716538320499,0.802346901356802,0,0.0183351668500183,0.0247524752475248,0.104693802713605
330773.411807,2737866.126422,0.0232600732600733,0.736996336996337,0.0512820512820513,0.0289377289377289,0,0.15952380952381
331273.411807,2737866.126422,0.0485347985347985,0.812087912087912,0,0.0368131868131868,0.0175824175824176,0.084981684981685
331773.411807,2737866.126422,0.0218188485515218,0.934176751008434,0,0.0236523652365237,0.0106343967730106,0.00971763843050972
332273.411807,2737866.126422,0.0586080586080586,0.572161172161172,0.0706959706959707,0.0620879120879121,0.0315018315018315,0.204945054945055
332773.411807,2737866.126422,0.302380952380952,0.28021978021978,0.000549450549450549,0.078021978021978,0.0324175824175824,0.306410256410256
326273.411807,2737366.126422,0.118370343182235,0.118553863094146,0.00899247568361167,0.399889888052854,0.144797210497339,0.209396219489815
326773.411807,2737366.126422,0.132954337062168,0.337979094076655,0.00605171465248487,0.247386759581882,0.0999449844122501,0.175683110214561
327273.411807,2737366.126422,0.0566245189664651,0.742349276159062,0.0203408466190214,0.0404984423676012,0.0318856514568444,0.108301264431006
327773.411807,2737366.126422,0.0702881262616994,0.635529454945862,0,0.0341347036153423,0.0352358230868049,0.224811892090292
328273.411807,2737366.126422,0.0344764349899138,0.782321657803044,0,0.0218228498074454,0.0430955437373923,0.118283513662204
328773.411807,2737366.126422,0.0513102437236577,0.835990470954737,0,0.0166758292101887,0.013560564412681,0.0824628916987356
329273.411807,2737366.126422,0.052303174894476,0.819966966415856,0,0.0495503762158194,0.0299137456414021,0.0482657368324463
329773.411807,2737366.126422,0.0381441408399046,0.894186686227765,0,0.0053181734824867,0.00935264991747662,0.0529983495323675
330273.411807,2737366.126422,0.0491112332783581,0.822246655671614,0,0.0313358988455195,0.0146600696353308,0.0826461425691772
330773.411807,2737366.126422,0.034868783262984,0.65571664525601,0.0530372545421178,0.047715177096715,0.0238575885483575,0.184804551293815
331273.411807,2737366.126422,0.055198973042362,0.673207408765817,0.0498807995598753,0.0190720704199523,0.0150375939849624,0.187603154227031
331773.411807,2737366.126422,0.00861279091075683,0.973795125526846,0,0.00678028220634048,0.00384826827927433,0.00696353307678211
332273.411807,2737366.126422,0.0282620664342081,0.880345017434392,0,0.028629106258029,0.0167003119838502,0.046063497889521
332773.411807,2737366.126422,0.138089125252155,0.279112415184302,0.00568494406748579,0.0674857876398313,0.0207225380524482,0.488905189803778
326273.411807,2736866.126422,0.0987155963302752,0.165137614678899,0,0.0755963302752294,0.182385321100917,0.478165137614679
326773.411807,2736866.126422,0.0665932856356632,0.324894514767932,0.0420106402494955,0.119977985690699,0.0761328196661163,0.370390753990094
327273.411807,2736866.126422,0.0824175824175824,0.707692307692308,0.00769230769230769,0.0496336996336996,0.0305860805860806,0.121978021978022
327773.411807,2736866.126422,0.0794495412844037,0.775963302752294,0.00385321100917431,0.024954128440367,0.0124770642201835,0.103302752293578
328273.411807,2736866.126422,0.10420106402495,0.59622087690332,0.010273344340488,0.124380847550908,0.0310034855989727,0.133920381581361
328773.411807,2736866.126422,0.0241758241758242,0.61007326007326,0.000183150183150183,0.0525641025641026,0.0256410256410256,0.287362637362637
329273.411807,2736866.126422,0.0678899082568807,0.724220183486239,0,0.0647706422018349,0.0267889908256881,0.116330275229358
329773.411807,2736866.126422,0.0317372959090075,0.923683727756375,0,0.0132085855806274,0.0078884608328747,0.0234819299211154
330273.411807,2736866.126422,0.0241758241758242,0.936996336996337,0,0.0152014652014652,0.00641025641025641,0.0172161172161172
330773.411807,2736866.126422,0.0502752293577982,0.829724770642202,0.000917431192660551,0.0418348623853211,0.0337614678899083,0.0434862385321101
331273.411807,2736866.126422,0.0339387268391121,0.733626857457347,0.0664098330581545,0.0201797835259585,0.0117409649605577,0.13410383415887
331773.411807,2736866.126422,0.0142857142857143,0.902564102564103,0,0.0227106227106227,0.00714285714285714,0.0532967032967033
332273.411807,2736866.126422,0.0311926605504587,0.873761467889908,0,0.0425688073394495,0.00862385321100917,0.0438532110091743
332773.411807,2736866.126422,0.0748486516235553,0.298477343606678,0.00568702990277013,0.178499357915979,0.0733810310034856,0.369106585947533
333273.411807,2736866.126422,0.291575091575092,0.0710622710622711,0.171978021978022,0.156776556776557,0.00677655677655678,0.301831501831502
326273.411807,2736366.126422,0.00860805860805861,0.274908424908425,0.0296703296703297,0.0679487179487179,0.0818681318681319,0.536996336996337
326773.411807,2736366.126422,0.0906593406593407,0.163186813186813,0.0124542124542125,0.0483516483516484,0.0648351648351648,0.620512820512821
327273.411807,2736366.126422,0.18995232856619,0.328382838283828,0,0.11019435276861,0.135863586358636,0.235606894022736
327773.411807,2736366.126422,0.0353479853479853,0.851098901098901,0,0.0291208791208791,0.0197802197802198,0.0646520146520147
328273.411807,2736366.126422,0.0265567765567766,0.884432234432234,0,0.0126373626373626,0.0412087912087912,0.0351648351648352
328773.411807,2736366.126422,0.0088008800880088,0.910891089108911,0.0115511551155116,0.00165016501650165,0.00201686835350202,0.0650898423175651
329273.411807,2736366.126422,0.0304029304029304,0.715018315018315,0.0186813186813187,0.12032967032967,0.00897435897435897,0.106593406593407
329773.411807,2736366.126422,0.0509157509157509,0.801831501831502,0.0131868131868132,0.0141025641025641,0.00769230769230769,0.112271062271062
330273.411807,2736366.126422,0.0282361569490282,0.859002566923359,0,0.0388705537220389,0.0100843417675101,0.0638063806380638
330773.411807,2736366.126422,0.0324175824175824,0.872527472527473,0,0.0216117216117216,0.0148351648351648,0.0586080586080586
331273.411807,2736366.126422,0.0518315018315018,0.861904761904762,0,0.00732600732600733,0.00641025641025641,0.0725274725274725
331773.411807,2736366.126422,0.0177851118445178,0.75027502750275,0.0858085808580858,0.0265859919325266,0.00055005500550055,0.118995232856619
332273.411807,2736366.126422,0.019047619047619,0.792307692307692,0.0717948717948718,0.0146520146520147,0.00256410256410256,0.0996336996336996
332773.411807,2736366.126422,0.0816849816849817,0.331868131868132,0.0380952380952381,0.158608058608059,0.0576923076923077,0.332051282051282
333273.411807,2736366.126422,0.248991565823249,0.238907224055739,0.00678401173450678,0.0181518151815182,0.0077007700770077,0.479464613127979
326273.411807,2735866.126422,0.0827674802716095,0.590750596439714,0,0.0363369425582676,0.0851532391264452,0.204991741603964
326773.411807,2735866.126422,0.149459013387126,0.066385475884834,0,0.13185402530717,0.165230148542087,0.487071336878782
327273.411807,2735866.126422,0.186915887850467,0.0995052226498076,0,0.0886934212937511,0.140736668499175,0.484148799706799
327773.411807,2735866.126422,0.0757937236190127,0.629840337676638,0.000183519911910442,0.131033217104056,0.0745090842356396,0.0886401174527436
328273.411807,2735866.126422,0.0319090408949202,0.833302769117917,0,0.0353933614524115,0.0583165230148542,0.0410783055198973
328773.411807,2735866.126422,0.0223566061938794,0.899212021257101,0,0.0291368884002199,0.0148433205057724,0.0344511636430273
329273.411807,2735866.126422,0.04147550009176,0.849513672233437,0.00311983850247752,0.0488162965681776,0.00403743806202973,0.0530372545421178
329773.411807,2735866.126422,0.0209059233449477,0.91600953603521,0,0.0130203557674674,0.00586832935998533,0.0441958554923895
330273.411807,2735866.126422,0.0122778083195895,0.877405167674546,0.0232728605460876,0.00183250870441635,0.00146600696353308,0.083745647791827
330773.411807,2735866.126422,0.0115617544503579,0.876858139108093,0.022389429253074,0.00238575885483575,0.00385391815011929,0.0829510001835199
331273.411807,2735866.126422,0.0682193288098294,0.778470566660554,0.0100861910874748,0.053181734824867,0.026407482119934,0.0636346964973409
331773.411807,2735866.126422,0.0351841671247938,0.832691955286788,0,0.0459959684808503,0.0254718709913872,0.0606560381161811
332273.411807,2735866.126422,0.0126628739218205,0.778858506147917,0.0629473297852817,0.0420260598274913,0.0141310332171041,0.0893741971003854
332773.411807,2735866.126422,0.0550155877498625,0.285897671006785,0.0493306436823767,0.0770218228498075,0.0386942967174033,0.494039977993765
333273.411807,2735866.126422,0.143668682426242,0.346344145134689,0.0164925783397471,0.0679860729338464,0.0408649441084845,0.384643577056991
333773.411807,2735866.126422,0.293264819232887,0.0467975775371628,0.357313268489631,0.18682327032483,0.00110111947146265,0.114699944944026
326273.411807,2735366.126422,0.0286238532110092,0.654128440366972,0.0218348623853211,0.00752293577981651,0.0194495412844037,0.268440366972477
326773.411807,2735366.126422,0.101449275362319,0.287470188956155,0.0100898917629793,0.0552192258301229,0.0880572372041827,0.457714180884241
327273.411807,2735366.126422,0.149084249084249,0.344871794871795,0,0.113736263736264,0.135714285714286,0.256593406593407
327773.411807,2735366.126422,0.0697247706422018,0.64697247706422,0,0.111009174311927,0.0706422018348624,0.101651376146789
328273.411807,2735366.126422,0.0680609062557329,0.69326729040543,0,0.0818198495688864,0.067327095945698,0.0895248578242524
328773.411807,2735366.126422,0.0423076923076923,0.862087912087912,0,0.0210622710622711,0.026007326007326,0.0485347985347985
329273.411807,2735366.126422,0.0869724770642202,0.715963302752294,0,0.0710091743119266,0.0385321100917431,0.0875229357798165
329773.411807,2735366.126422,0.0431113557145478,0.803889194643185,0,0.0328380113740598,0.0187121629058888,0.101449275362319
330273.411807,2735366.126422,0.0543956043956044,0.85989010989011,0,0.026007326007326,0.0186813186813187,0.041025641025641
330773.411807,2735366.126422,0.0722935779816514,0.803119266055046,0,0.0251376146788991,0.0315596330275229,0.0678899082568807
331273.411807,2735366.126422,0.0260502660062374,0.887727022564667,0.0183452577508714,0.0258668134287287,0.00733810310034856,0.0346725371491469
331773.411807,2735366.126422,0.00677655677655678,0.836446886446886,0.05,0.0393772893772894,0.00842490842490842,0.058974358974359
332273.411807,2735366.126422,0.0480733944954128,0.622018348623853,0.0484403669724771,0.0510091743119266,0.0295412844036697,0.200917431192661
332773.411807,2735366.126422,0.0764997248211337,0.369106585947533,0.105852137222528,0.0618235186204366,0.0343056319941295,0.35241240139424
333273.411807,2735366.126422,0.0749084249084249,0.213553113553114,0.0456043956043956,0.0855311355311355,0.0203296703296703,0.56007326007326
333773.411807,2735366.126422,0.591376146788991,0.113761467889908,0.00036697247706422,0.04,0.00055045871559633,0.25394495412844
326273.411807,2734866.126422,0.0265567765567766,0.614835164835165,0.0353479853479853,0.0624542124542125,0.00915750915750916,0.251648351648352
326773.411807,2734866.126422,0.0470695970695971,0.383516483516484,0.138095238095238,0.141391941391941,0.0313186813186813,0.258608058608059
327273.411807,2734866.126422,0.0720572057205721,0.536486982031536,0.116061606160616,0.101393472680601,0.048038137147048,0.125962596259626
327773.411807,2734866.126422,0.0291208791208791,0.76025641025641,0,0.0657509157509158,0.0426739926739927,0.102197802197802
328273.411807,2734866.126422,0.0556776556776557,0.704945054945055,0.000183150183150183,0.0441391941391941,0.0446886446886447,0.1503663003663
328773.411807,2734866.126422,0.0467546754675468,0.791162449578291,0,0.0313531353135314,0.0227356068940227,0.107994132746608
329273.411807,2734866.126422,0.0166666666666667,0.831135531135531,0.00842490842490842,0.0335164835164835,0.0102564102564103,0.1
329773.411807,2734866.126422,0.0289377289377289,0.736813186813187,0.00915750915750916,0.120512820512821,0.00970695970695971,0.0948717948717949
330273.411807,2734866.126422,0.0484048404840484,0.6998533186652,0.0174184085075174,0.0375870920425376,0.017968463513018,0.178767876787679
330773.411807,2734866.126422,0.0542124542124542,0.752747252747253,0,0.0111721611721612,0.00915750915750916,0.172710622710623
331273.411807,2734866.126422,0.0613553113553114,0.788278388278388,0,0.0318681318681319,0.0155677655677656,0.102930402930403
331773.411807,2734866.126422,0.0249358269160249,0.773560689402274,0.0113678034470114,0.0537220388705537,0.0176017601760176,0.118811881188119
332273.411807,2734866.126422,0.0335164835164835,0.777106227106227,0.0113553113553114,0.0238095238095238,0.034981684981685,0.119230769230769
332773.411807,2734866.126422,0.0155677655677656,0.603113553113553,0.148717948717949,0.0397435897435897,0.0194139194139194,0.173443223443223
333273.411807,2734866.126422,0.0236523652365237,0.256508984231756,0.301063439677301,0.0368536853685369,0.00788412174550788,0.374037403740374
333773.411807,2734866.126422,0.437728937728938,0.0661172161172161,0.0587912087912088,0.0558608058608059,0.0311355311355311,0.3503663003663
334273.411807,2734866.126422,0.105860805860806,0.0952380952380952,0.293040293040293,0.365018315018315,0.00164835164835165,0.139194139194139
326273.411807,2734366.126422,0.00991007524316388,0.291062580289961,0.222976692971187,0.0934116351624151,0.0185355111029547,0.364103505230317
326773.411807,2734366.126422,0.00458463231248854,0.203741059966991,0.321291032459197,0.0915092609572712,0.000733541169998166,0.378140473134055
327273.411807,2734366.126422,0.00806303829943192,0.172805570826461,0.41029869891882,0.370533260032985,0,0.0382994319223016
327773.411807,2734366.126422,0.00660671682877592,0.187557349972472,0.487612405946045,0.302440814828409,0,0.015782712424298
328273.411807,2734366.126422,0.013203741059967,0.341646799926646,0.32385842655419,0.294150009169265,0.000550155877498625,0.0265908674124335
328773.411807,2734366.126422,0.00568077698369067,0.293934396188382,0.389224848818032,0.212754260582738,0,0.0984057174271578
329273.411807,2734366.126422,0.0132134336575518,0.391815011928794,0.405579005322077,0.0833180400073408,0.00550559735731327,0.100568911726922
329773.411807,2734366.126422,0.0148542086924629,0.459013387126352,0.214927562809463,0.274344397579314,0.000183385292499542,0.0366770584999083
330273.411807,2734366.126422,0.00806303829943192,0.44731537474803,0.382994319223016,0.15356422943009,0,0.00806303829943192
330773.411807,2734366.126422,0,0.272894109010828,0.620113782345385,0.106992108643788,0,0
331273.411807,2734366.126422,0,0.258573262424354,0.536401980561159,0.205024757014487,0,0
331773.411807,2734366.126422,0,0.0958402052409749,0.564779182701118,0.339380612057907,0,0
332273.411807,2734366.126422,0,0.366305744173243,0.361901266287392,0.271792989539365,0,0
332773.411807,2734366.126422,0,0.309737759031726,0.231065468549422,0.446359801943884,0.000366770584999083,0.0124701998899688
333273.411807,2734366.126422,0.00146600696353308,0.190031152647975,0.322338281106835,0.444566611691406,0.00458127176104087,0.0370166758292102
333773.411807,2734366.126422,0,0.071389245733162,0.323178564874289,0.525050467975775,0.00293631859056708,0.0774454028262066
334273.411807,2734366.126422,0,0.0916926462497708,0.267008985879332,0.621125985695947,0.000183385292499542,0.01998899688245
326273.411807,2733866.126422,0.0519266055045872,0.511926605504587,0,0.00201834862385321,0.0122935779816514,0.421834862385321
326773.411807,2733866.126422,0.0152265639332233,0.461566685011924,0.0176114474408365,0.0343056319941295,0.00605393505778756,0.465235736562099
327273.411807,2733866.126422,0.0344322344322344,0.660622710622711,0.0021978021978022,0.0168498168498168,0.0210622710622711,0.264835164835165
327773.411807,2733866.126422,0.083302752293578,0.328807339449541,0.00073394495412844,0.317614678899083,0.0772477064220184,0.192293577981651
328273.411807,2733866.126422,0.0629242340854889,0.484131352045496,0.00091726288754357,0.249312052834342,0.0715465052283985,0.131168592918731
328773.411807,2733866.126422,0.0776556776556777,0.672893772893773,0,0.0815018315018315,0.0368131868131868,0.131135531135531
329273.411807,2733866.126422,0.0469724770642202,0.841284403669725,0,0.0187155963302752,0.026605504587156,0.0664220183486239
329773.411807,2733866.126422,0.0539350577875619,0.725371491469455,0,0.115024766097964,0.0232984773436067,0.0823702073014126
330273.411807,2733866.126422,0.0582417582417582,0.693223443223443,0.00897435897435897,0.0644688644688645,0.026007326007326,0.149084249084249
330773.411807,2733866.126422,0.0223853211009174,0.804954128440367,0.00055045871559633,0.0113761467889908,0.00917431192660551,0.151559633027523
331273.411807,2733866.126422,0.0119244175380664,0.838928636947349,0,0.0150431113557145,0.00752155567785727,0.126582278481013
331773.411807,2733866.126422,0.060989010989011,0.779120879120879,0,0.0177655677655678,0.00860805860805861,0.133516483516484
332273.411807,2733866.126422,0.0499082568807339,0.847522935779817,0,0.0132110091743119,0.00678899082568807,0.0825688073394495
332773.411807,2733866.126422,0.0693450742982939,0.702073014125848,0,0.0385250412768299,0.0185287103283801,0.171528159970648
333273.411807,2733866.126422,0.00897435897435897,0.554029304029304,0.0225274725274725,0.0100732600732601,0.00787545787545788,0.396520146520146
333773.411807,2733866.126422,0.00220183486238532,0.256697247706422,0.103853211009174,0.0845871559633028,0.0343119266055046,0.518348623853211
334273.411807,2733866.126422,0,0.279765180700789,0.213355347642634,0.0509998165474225,0.0117409649605577,0.444138690148597
326273.411807,2733366.126422,0.0228937728937729,0.338461538461538,0.0573260073260073,0.137912087912088,0.0197802197802198,0.423626373626374
326773.411807,2733366.126422,0.0575091575091575,0.626739926739927,0,0.0529304029304029,0.0580586080586081,0.204761904761905
327273.411807,2733366.126422,0.050971763843051,0.711771177117712,0.000733406674000733,0.156582324899157,0.0386872020535387,0.0412541254125413
327773.411807,2733366.126422,0.0921245421245421,0.130586080586081,0.00238095238095238,0.600915750915751,0.0899267399267399,0.0840659340659341
328273.411807,2733366.126422,0.0928571428571429,0.364285714285714,0.00256410256410256,0.27985347985348,0.080952380952381,0.179487179487179
328773.411807,2733366.126422,0.0781078107810781,0.631096442977631,0,0.0905757242390906,0.0476714338100477,0.152548588192153
329273.411807,2733366.126422,0.0457875457875458,0.781684981684982,0.000183150183150183,0.0567765567765568,0.0298534798534799,0.0857142857142857
329773.411807,2733366.126422,0.0608058608058608,0.603296703296703,0,0.22967032967033,0.0437728937728938,0.0624542124542125
330273.411807,2733366.126422,0.0665566556655666,0.83993399339934,0.00183351668500183,0.0223689035570224,0.00843417675100843,0.0608727539420609
330773.411807,2733366.126422,0.03003663003663,0.844139194139194,0,0.0254578754578755,0.0100732600732601,0.0902930402930403
331273.411807,2733366.126422,0.0391941391941392,0.794139194139194,0,0.0254578754578755,0.0168498168498168,0.124358974358974
331773.411807,2733366.126422,0.0319031903190319,0.906307297396406,0,0.00238357169050238,0.00311697836450312,0.0562889622295563
332273.411807,2733366.126422,0.041025641025641,0.792307692307692,0,0.0549450549450549,0.0263736263736264,0.0853479853479854
332773.411807,2733366.126422,0.0326007326007326,0.740659340659341,0.0142857142857143,0.0373626373626374,0.0166666666666667,0.158424908424908
333273.411807,2733366.126422,0.0410707737440411,0.454528786211955,0.135496883021635,0.0412541254125413,0.0155848918225156,0.312064539787312
333773.411807,2733366.126422,0.0258241758241758,0.238095238095238,0.121245421245421,0.0326007326007326,0.019047619047619,0.563186813186813
334273.411807,2733366.126422,0.0142857142857143,0.176373626373626,0.608608058608059,0.0276556776556777,0.000183150183150183,0.172893772893773
326273.411807,2732866.126422,0.0308313452009543,0.219122774821068,0.0456964580657001,0.178197834465039,0.0400073407964764,0.486144246650762
326773.411807,2732866.126422,0.0949935815147625,0.686777920410783,0.00110031175499725,0.0570328259673574,0.0425453878598936,0.117549972492206
327273.411807,2732866.126422,0.0822796408282939,0.612974161627268,0.000183250870441635,0.0672530694520799,0.0426974528129009,0.194612424409016
327773.411807,2732866.126422,0.0866213984217288,0.226647091209396,0.00146815929528354,0.45623050100936,0.104239309965131,0.124793540099101
328273.411807,2732866.126422,0.0931597285897671,0.569044562626077,0,0.109481019622226,0.0407115349348982,0.187603154227031
328773.411807,2732866.126422,0.0351841671247938,0.805387575590984,0,0.0262048744731537,0.0179585853032802,0.115264797507788
329273.411807,2732866.126422,0.0480822169205359,0.862543585979079,0,0.0218388695173426,0.0143145531290145,0.0532207744540283
329773.411807,2732866.126422,0.0511644966073721,0.54795525398863,0.00605171465248487,0.224830368604438,0.0513478818998716,0.118650284247203
330273.411807,2732866.126422,0.0579072750595565,0.545171339563863,0.000549752611324904,0.0965732087227414,0.0357339197361187,0.264064504306395
330773.411807,2732866.126422,0.0480822169205359,0.811525050467976,0,0.0293631859056708,0.00440447788585061,0.106625068819967
331273.411807,2732866.126422,0.0803227581147992,0.64808362369338,0.00880249403997799,0.0353933614524115,0.0284247203374289,0.198973042362003
331773.411807,2732866.126422,0.01905809052593,0.883818948140004,0.00769653655854865,0.00769653655854865,0.00513102437236577,0.0765988638446033
332273.411807,2732866.126422,0.0345017434391632,0.794090658836484,0.0119287942741787,0.0471646173609837,0.0354193429987154,0.0768948430904753
332773.411807,2732866.126422,0.0641848523748395,0.765450210893086,0.0102695763799743,0.0436456996148909,0.0177883733724555,0.0986612873647534
333273.411807,2732866.126422,0.0417811984606927,0.374748030053143,0.089792926516401,0.0575407733186733,0.0564412680960235,0.379695803555067
333773.411807,2732866.126422,0.0194531106625069,0.2653697926225,0.27784914663241,0.0418425399155808,0.0218388695173426,0.37364654064966
334273.411807,2732866.126422,0.198789657069503,0.117183201907207,0.363286264441592,0.00421786172748946,0.00421786172748946,0.312305153126719
326273.411807,2732366.126422,0.0522935779816514,0.363302752293578,0.00036697247706422,0.0192660550458716,0.0315596330275229,0.533211009174312
326773.411807,2732366.126422,0.0473307649972482,0.646853788295726,0,0.14125848468171,0.0484314804623005,0.116125481563016
327273.411807,2732366.126422,0.0793040293040293,0.605494505494505,0,0.121245421245421,0.0397435897435897,0.154212454212454
327773.411807,2732366.126422,0.112110091743119,0.202018348623853,0.00165137614678899,0.367706422018349,0.131559633027523,0.184954128440367
328273.411807,2732366.126422,0.154650522839846,0.151715281599706,0.0155934690882407,0.373325995230233,0.122179416620804,0.18253531462117
328773.411807,2732366.126422,0.0521978021978022,0.711172161172161,0.000915750915750916,0.082967032967033,0.0382783882783883,0.114468864468864
329273.411807,2732366.126422,0.0297247706422018,0.856330275229358,0,0.0245871559633028,0.0137614678899083,0.0755963302752294
329773.411807,2732366.126422,0.0590717299578059,0.697119794533113,0.000366905155017428,0.104384516602458,0.0311869381764814,0.107870115575124
330273.411807,2732366.126422,0.114102564102564,0.567032967032967,0,0.109340659340659,0.041025641025641,0.168498168498169
330773.411807,2732366.126422,0.0669724770642202,0.665321100917431,0,0.136330275229358,0.0473394495412844,0.0840366972477064
331273.411807,2732366.126422,0.0623738763529628,0.567418822234452,0.000366905155017428,0.158503026967529,0.0467804072647221,0.164556962025316
331773.411807,2732366.126422,0.0472527472527473,0.834432234432234,0,0.0298534798534799,0.0274725274725275,0.060989010989011
332273.411807,2732366.126422,0.0994495412844037,0.645321100917431,0.00256880733944954,0.098348623853211,0.0526605504587156,0.101651376146789
332773.411807,2732366.126422,0.0289855072463768,0.852687580260503,0.0398092093193909,0.0221977618785544,0.00495321959273528,0.0513667217024399
333273.411807,2732366.126422,0.0446886446886447,0.405860805860806,0.112271062271062,0.0712454212454212,0.0353479853479853,0.330586080586081
333773.411807,2732366.126422,0.0262385321100917,0.276330275229358,0.195779816513761,0.143669724770642,0.0401834862385321,0.317798165137615
334273.411807,2732366.126422,0.0864061640066043,0.164373509447808,0.341772151898734,0.111355714547789,0.017978352595854,0.27811410750321
326273.411807,2731866.126422,0.0824175824175824,0.413369963369963,0,0.0457875457875458,0.0483516483516484,0.41007326007326
326773.411807,2731866.126422,0.0844322344322344,0.687728937728938,0,0.0593406593406593,0.0417582417582418,0.126739926739927
327273.411807,2731866.126422,0.0922258892555922,0.279244591125779,0.000366703337000367,0.421525485881922,0.0960762742940961,0.110561056105611
327773.411807,2731866.126422,0.086996336996337,0.348717948717949,0.000732600732600733,0.380769230769231,0.0804029304029304,0.102380952380952
328273.411807,2731866.126422,0.0827838827838828,0.282967032967033,0.00476190476190476,0.374908424908425,0.0886446886446886,0.165934065934066
328773.411807,2731866.126422,0.052988632196553,0.734140080674734,0.000733406674000733,0.113678034470114,0.0302530253025303,0.0682068206820682
329273.411807,2731866.126422,0.0586080586080586,0.8003663003663,0,0.0412087912087912,0.01996336996337,0.0798534798534798
329773.411807,2731866.126422,0.0521978021978022,0.796336996336996,0,0.0249084249084249,0.0141025641025641,0.112454212454212
330273.411807,2731866.126422,0.0936927026035937,0.575540887422076,0.000183351668500183,0.0737073707370737,0.0484048404840484,0.208470847084708
330773.411807,2731866.126422,0.125274725274725,0.504395604395604,0.00402930402930403,0.141208791208791,0.0391941391941392,0.185897435897436
331273.411807,2731866.126422,0.121794871794872,0.55952380952381,0.00183150183150183,0.0302197802197802,0.0177655677655678,0.268864468864469
331773.411807,2731866.126422,0.0638063806380638,0.785661899523286,0,0.0434543454345435,0.0198019801980198,0.0872753942060873
332273.411807,2731866.126422,0.0241758241758242,0.883516483516483,0,0.0205128205128205,0.00384615384615385,0.0679487179487179
332773.411807,2731866.126422,0.0516483516483516,0.711538461538462,0.11025641025641,0.0173992673992674,0.010989010989011,0.0981684981684982
333273.411807,2731866.126422,0.046021268793546,0.138980564723139,0.47011367803447,0.048954895489549,0.00733406674000733,0.288595526219289
333773.411807,2731866.126422,0.0419413919413919,0.177838827838828,0.447252747252747,0.123626373626374,0.0285714285714286,0.180769230769231
334273.411807,2731866.126422,0.0697802197802198,0.135347985347985,0.482051282051282,0.143772893772894,0.0296703296703297,0.139377289377289
326273.411807,2731366.126422,0.193613507065517,0.250137639933933,0.00220223894292531,0.235089007157277,0.11635162415122,0.202605982749128
326773.411807,2731366.126422,0.0533651201173666,0.77608655785806,0,0.024390243902439,0.0381441408399046,0.10801393728223
327273.411807,2731366.126422,0.0481949789261499,0.717610408649441,0.000366501740883269,0.111599780098955,0.023089609675646,0.0991387209089243
327773.411807,2731366.126422,0.0585428518994311,0.405028445586346,0.00256927876674619,0.287392182051753,0.0636814094329235,0.182785832262801
328273.411807,2731366.126422,0.0601503759398496,0.611039794608472,0.0383275261324042,0.088391710984779,0.0240234733174399,0.178067119017055
328773.411807,2731366.126422,0.0525929998167491,0.714311892981492,0,0.0751328568810702,0.0260216236027121,0.131940626717977
329273.411807,2731366.126422,0.0750596439713709,0.536428702514223,0.000367039823820885,0.155074325564324,0.0453294182418792,0.187740869884382
329773.411807,2731366.126422,0.075187969924812,0.645699614890886,0,0.0623509994498441,0.0328259673574179,0.18393544837704
330273.411807,2731366.126422,0.0976727139453912,0.305112699285322,0.000183250870441635,0.318123511086678,0.0780648708081363,0.200842954004032
330773.411807,2731366.126422,0.131400256927877,0.222242613323546,0,0.357313268489631,0.076344283354744,0.212699577904203
331273.411807,2731366.126422,0.0564826700898588,0.613607188703466,0,0.136622042912158,0.0465798642948836,0.146708233999633
331773.411807,2731366.126422,0.0419644493311343,0.632582004764523,0.120945574491479,0.0188748396554884,0.0047645226314825,0.180868609125893
332273.411807,2731366.126422,0.0335841438796109,0.848412552761975,0.000550559735731327,0.0434942191227748,0.0233070288126262,0.0506514956872821
332773.411807,2731366.126422,0.0172382174949569,0.551439574546121,0.243168897854392,0.0100861910874748,0.0053181734824867,0.172748945534568
333273.411807,2731366.126422,0.267179769103903,0.0731170973062122,0.162177020340847,0.109400769653656,0.0397654388858347,0.348359904709547
333773.411807,2731366.126422,0.0183519911910442,0.28225362451826,0.413837401358047,0.114699944944026,0.0273444668746559,0.143512571113966
334273.411807,2731366.126422,0.208325692279479,0.135521731157161,0.287364753346782,0.128736475334678,0.0485971025123785,0.191454245369521
326273.411807,2730866.126422,0.360733944954128,0.0495412844036697,0.0884403669724771,0.00954128440366972,0.0335779816513761,0.458165137614679
326773.411807,2730866.126422,0.127866446523574,0.235553109521189,0.000550357732526142,0.422491286002568,0.0988809392771968,0.114657860942946
327273.411807,2730866.126422,0.143223443223443,0.21996336996337,0.000183150183150183,0.403296703296703,0.100549450549451,0.132783882783883
327773.411807,2730866.126422,0.0955963302752294,0.0697247706422018,0.000917431192660551,0.654862385321101,0.0959633027522936,0.0829357798165138
328273.411807,2730866.126422,0.250596220876903,0.19537699504678,0.150064208402128,0.10420106402495,0.0412768299394606,0.258484681709778
328773.411807,2730866.126422,0.060989010989011,0.317765567765568,0.000549450549450549,0.414468864468864,0.0661172161172161,0.14010989010989
329273.411807,2730866.126422,0.0508256880733945,0.42,0.00146788990825688,0.357981651376147,0.0801834862385321,0.0895412844036697
329773.411807,2730866.126422,0.0695285268758026,0.446707026233719,0.00110071546505228,0.243074665199046,0.0577875619152449,0.181801504311136
330273.411807,2730866.126422,0.0785714285714286,0.753479853479853,0,0.0851648351648352,0.019047619047619,0.0637362637362637
330773.411807,2730866.126422,0.0737614678899083,0.588623853211009,0.00036697247706422,0.245137614678899,0.0352293577981651,0.0568807339449541
331273.411807,2730866.126422,0.0550357732526142,0.781874885342139,0,0.0676940011007155,0.0293524124013942,0.066042927903137
331773.411807,2730866.126422,0.0708791208791209,0.707142857142857,0,0.0395604395604396,0.0269230769230769,0.155494505494505
332273.411807,2730866.126422,0.0339449541284404,0.852477064220183,0.00220183486238532,0.0341284403669725,0.0157798165137615,0.0614678899082569
332773.411807,2730866.126422,0.0372408732342689,0.778205833791965,0.0203632361034673,0.0357732526141992,0.0133920381581361,0.115024766097964
333273.411807,2730866.126422,0.102564102564103,0.152197802197802,0.371794871794872,0.1003663003663,0.026007326007326,0.247069597069597
333773.411807,2730866.126422,0.0225688073394495,0.228623853211009,0.334678899082569,0.201834862385321,0.0653211009174312,0.14697247706422
334273.411807,2730866.126422,0.155384333149881,0.121995964043295,0.298477343606678,0.190790680609063,0.0445789763346175,0.188772702256467
326273.411807,2730366.126422,0.211904761904762,0.282967032967033,0,0.134432234432234,0.116849816849817,0.253846153846154
326773.411807,2730366.126422,0.0412087912087912,0.060989010989011,0.00128205128205128,0.788461538461538,0.0703296703296703,0.0377289377289377
327273.411807,2730366.126422,0.0526219288595526,0.048038137147048,0.00495049504950495,0.783461679501283,0.0722405573890722,0.0386872020535387
327773.411807,2730366.126422,0.0694139194139194,0.0265567765567766,0.000732600732600733,0.826373626373626,0.0514652014652015,0.0254578754578755
328273.411807,2730366.126422,0.056959706959707,0.0653846153846154,0.000366300366300366,0.78021978021978,0.0633699633699634,0.0336996336996337
328773.411807,2730366.126422,0.0612394572790612,0.286945361202787,0.00183351668500183,0.517235056839017,0.0821415474880821,0.0506050605060506
329273.411807,2730366.126422,0.0351648351648352,0.764652014652015,0.000366300366300366,0.0705128205128205,0.0315018315018315,0.0978021978021978
329773.411807,2730366.126422,0.0243589743589744,0.874358974358974,0,0.0186813186813187,0.015018315018315,0.0675824175824176
330273.411807,2730366.126422,0.0742574257425743,0.603777044371104,0.000183351668500183,0.134763476347635,0.0535386872020535,0.133480014668133
330773.411807,2730366.126422,0.0686813186813187,0.651098901098901,0.00146520146520147,0.0965201465201465,0.0505494505494506,0.131684981684982
331273.411807,2730366.126422,0.0386446886446886,0.835897435897436,0,0.0294871794871795,0.0206959706959707,0.0752747252747253
331773.411807,2730366.126422,0.0407040704070407,0.825999266593326,0.00275027502750275,0.0507884121745508,0.0161349468280161,0.0636230289695636
332273.411807,2730366.126422,0.0842490842490843,0.488095238095238,0.0124542124542125,0.114285714285714,0.0743589743589744,0.226556776556777
332773.411807,2730366.126422,0.0467032967032967,0.670695970695971,0.0173992673992674,0.030952380952381,0.010989010989011,0.223260073260073
333273.411807,2730366.126422,0.0803080308030803,0.198203153648698,0.3995232856619,0.0392372570590392,0.0157682434910158,0.266960029336267
333773.411807,2730366.126422,0.0664835164835165,0.246520146520147,0.16043956043956,0.254395604395604,0.104761904761905,0.167399267399267
334273.411807,2730366.126422,0.289010989010989,0.188461538461538,0.0978021978021978,0.12032967032967,0.058974358974359,0.245421245421245
326273.411807,2729866.126422,0.148651128647458,0.389062213250138,0.000734079647641769,0.0866213984217288,0.0702881262616994,0.304643053771334
326773.411807,2729866.126422,0.112231799009719,0.0566660553823583,0.000550155877498625,0.570878415551073,0.146524848707134,0.113148725472217
327273.411807,2729866.126422,0.0590067802822063,0.0522264980758659,0.00146600696353308,0.756276342312626,0.0835623969213854,0.0474619754443834
327773.411807,2729866.126422,0.0258763075793724,0.0277115066984768,0.00238575885483575,0.876124059460451,0.0440447788585061,0.0238575885483575
328273.411807,2729866.126422,0.0553823583348615,0.068402714102329,0.000550155877498625,0.776269943150559,0.0651017788373372,0.0342930496974143
328773.411807,2729866.126422,0.0974894630749496,0.208356239692139,0.00201575957485798,0.481949789261499,0.0940076965365585,0.116181051859996
329273.411807,2729866.126422,0.0576252523398789,0.531657184804551,0.000183519911910442,0.246834281519545,0.0526702147182969,0.111029546705818
329773.411807,2729866.126422,0.057216211259857,0.675224646983312,0,0.0847240051347882,0.0390610673024023,0.143774069319641
330273.411807,2729866.126422,0.0502107385010079,0.668682426241525,0.00806303829943192,0.140003665017409,0.0370166758292102,0.0960234561114165
330773.411807,2729866.126422,0.0620297302257295,0.599376032299505,0.00495503762158194,0.132134336575518,0.0429436593870435,0.158561203890622
331273.411807,2729866.126422,0.0566660553823583,0.766550522648084,0,0.0630845406198423,0.0326425820649184,0.0810562992847974
331773.411807,2729866.126422,0.0808136338647609,0.601062855048561,0.0183250870441635,0.137071651090343,0.059190031152648,0.103536741799524
332273.411807,2729866.126422,0.139475133051936,0.424114516425032,0.0389062213250138,0.126995779042026,0.0677188474949532,0.202789502661039
332773.411807,2729866.126422,0.102695763799743,0.0872913992297818,0.430038510911425,0.0863744727672841,0.0729873464148175,0.220612506876948
333273.411807,2729866.126422,0.0850284038849184,0.304013194062672,0.306212204507971,0.0364669232178853,0.0223566061938794,0.245922668132674
333773.411807,2729866.126422,0.0739585244999082,0.330335841438796,0.0339511837034318,0.130482657368324,0.0679023674068636,0.363369425582676
334273.411807,2729866.126422,0.382908490739043,0.192554557124519,0.00788556757748029,0.0548322024573629,0.0722538052448194,0.289565376856776
334773.411807,2729866.126422,0.301264431006047,0.0179585853032802,0.335349092908191,0.188381894814,0.00146600696353308,0.155579989004948
326273.411807,2729366.126422,0.187706422018349,0.164587155963303,0.00018348623853211,0.325321100917431,0.122018348623853,0.200183486238532
326773.411807,2729366.126422,0.111722619702807,0.268024215740231,0.000183452577508714,0.325628325077967,0.0807191341038342,0.213722252797652
327273.411807,2729366.126422,0.0862637362637363,0.225091575091575,0.000549450549450549,0.346703296703297,0.0983516483516483,0.243040293040293
327773.411807,2729366.126422,0.0431192660550459,0.0495412844036697,0.00238532110091743,0.787155963302752,0.0818348623853211,0.0359633027522936
328273.411807,2729366.126422,0.062190423775454,0.130251330031187,0.000550357732526142,0.678591084204733,0.0449458814896349,0.0834709227664649
328773.411807,2729366.126422,0.0681318681318681,0.490659340659341,0.000549450549450549,0.266849816849817,0.0690476190476191,0.104761904761905
329273.411807,2729366.126422,0.0946788990825688,0.510825688073394,0,0.130275229357798,0.0557798165137615,0.208440366972477
329773.411807,2729366.126422,0.0654925701706109,0.716198862594019,0,0.0519170794349661,0.0460465969546872,0.120344890845716
330273.411807,2729366.126422,0.032051282051282,0.852747252747253,0,0.0305860805860806,0.0194139194139194,0.0652014652014652
330773.411807,2729366.126422,0.0418348623853211,0.766422018348624,0,0.0853211009174312,0.0260550458715596,0.0803669724770642
331273.411807,2729366.126422,0.0544854155200881,0.665932856356632,0.00091726288754357,0.0372408732342689,0.020546688680976,0.220876903320492
331773.411807,2729366.126422,0.0368131868131868,0.383333333333333,0.0236263736263736,0.0377289377289377,0.054029304029304,0.464468864468864
332273.411807,2729366.126422,0.14605504587156,0.214678899082569,0.307155963302752,0.0462385321100917,0.0256880733944954,0.260183486238532
332773.411807,2729366.126422,0.0928270042194093,0.2568336085122,0.0377912309667951,0.17978352595854,0.115391671252981,0.317372959090075
333273.411807,2729366.126422,0.0846153846153846,0.123626373626374,0.084981684981685,0.18992673992674,0.084981684981685,0.431868131868132
333773.411807,2729366.126422,0.0678899082568807,0.254862385321101,0.00293577981651376,0.0288073394495413,0.051743119266055,0.593761467889908
334273.411807,2729366.126422,0.373325995230233,0.0832874701889562,0,0.0289855072463768,0.0207301412584847,0.493670886075949
334773.411807,2729366.126422,0.37985347985348,0.0111721611721612,0.176007326007326,0.165934065934066,0.00183150183150183,0.265201465201465
326273.411807,2728866.126422,0.0961538461538462,0.63956043956044,0.000366300366300366,0.0655677655677656,0.0549450549450549,0.143406593406593
326773.411807,2728866.126422,0.0494505494505494,0.587912087912088,0,0.101282051282051,0.0565934065934066,0.204761904761905
