"x","y","forest","agri","water","built","other","grass"
251773.411807,2765366.126422,0.080168776371308,0.0104567969179967,0.457347275729224,0.434966061273161,0.00605393505778756,0.0110071546505228
252273.411807,2765366.126422,0.343772893772894,0.266117216117216,0.0181318681318681,0.060989010989011,0.0159340659340659,0.295054945054945
252773.411807,2765366.126422,0.155229357798165,0.616146788990826,0,0.00642201834862385,0.0185321100917431,0.203669724770642
253273.411807,2765366.126422,0.184736745551275,0.175197211520822,0.150798018712163,0.017978352595854,0.0372408732342689,0.434048798385617
253773.411807,2765366.126422,0.159340659340659,0.626556776556777,0,0.0131868131868132,0.0282051282051282,0.172710622710623
254273.411807,2765366.126422,0.0267889908256881,0.799266055045872,0,0.0139449541284404,0.0335779816513761,0.126422018348624
254773.411807,2765366.126422,0.0546688680975968,0.681709778022381,0,0.0066042927903137,0.0214639515685195,0.235553109521189
255273.411807,2765366.126422,0.0258241758241758,0.324175824175824,0.460989010989011,0.00366300366300366,0.0184981684981685,0.166849816849817
255773.411807,2765366.126422,0.0713761467889908,0.640183486238532,0.0295412844036697,0.0036697247706422,0.0128440366972477,0.242385321100917
256273.411807,2765366.126422,0.0579710144927536,0.696936341955604,0,0.00880572372041827,0.0201797835259585,0.216107136305265
256773.411807,2765366.126422,0.0534798534798535,0.578937728937729,0,0.00970695970695971,0.0245421245421245,0.333333333333333
257273.411807,2765366.126422,0.102385321100917,0.332110091743119,0.217798165137615,0.00770642201834862,0.0244036697247706,0.315596330275229
257773.411807,2765366.126422,0.0731975784259769,0.447073931388736,0,0.0254999082737112,0.0436617134470739,0.410566868464502
258273.411807,2765366.126422,0.103479853479853,0.30970695970696,0.121428571428571,0.0141025641025641,0.0293040293040293,0.421978021978022
258773.411807,2765366.126422,0.0877064220183486,0.333761467889908,0.107706422018349,0.0368807339449541,0.071743119266055,0.362201834862385
259273.411807,2765366.126422,0.0627407815079802,0.501375894331315,0.00165107319757843,0.119060722803155,0.0552192258301229,0.259952302329848
259773.411807,2765366.126422,0.0641025641025641,0.615567765567766,0.0408424908424908,0.00915750915750916,0.021978021978022,0.248351648351648
260273.411807,2765366.126422,0.0957798165137615,0.35045871559633,0.227155963302752,0.0141284403669725,0.0453211009174312,0.267155963302752
260773.411807,2765366.126422,0.0948449825720051,0.480645753072831,0.00091726288754357,0.0489818381948266,0.0412768299394606,0.333333333333333
261273.411807,2765366.126422,0.0893772893772894,0.368681318681319,0,0.00805860805860806,0.0776556776556777,0.456227106227106
261773.411807,2765366.126422,0.0704587155963303,0.410275229357798,0,0.0326605504587156,0.106788990825688,0.379816513761468
262273.411807,2765366.126422,0.0893414052467437,0.116675839295542,0,0.0412768299394606,0.13832324344157,0.614382682076683
251773.411807,2764866.126422,0.251648351648352,0.0899267399267399,0.119047619047619,0.270695970695971,0.043040293040293,0.225641025641026
252273.411807,2764866.126422,0.125962596259626,0.34048404840484,0,0.107444077741107,0.0297029702970297,0.396406307297396
252773.411807,2764866.126422,0.129304029304029,0.335164835164835,0,0.0721611721611722,0.0904761904761905,0.372893772893773
253273.411807,2764866.126422,0.032051282051282,0.125457875457875,0.315934065934066,0.0575091575091575,0.0580586080586081,0.410989010989011
253773.411807,2764866.126422,0.113311331133113,0.482581591492483,0.000916758342500917,0.0280528052805281,0.0242024202420242,0.350935093509351
254273.411807,2764866.126422,0.173626373626374,0.335714285714286,0.175274725274725,0.00347985347985348,0.0137362637362637,0.298168498168498
254773.411807,2764866.126422,0.0606227106227106,0.61025641025641,0.000549450549450549,0.00604395604395604,0.0186813186813187,0.303846153846154
255273.411807,2764866.126422,0.0718738540520719,0.639163916391639,0,0.0214521452145215,0.0249358269160249,0.242574257425743
255773.411807,2764866.126422,0.0783882783882784,0.606593406593407,0.0771062271062271,0.00695970695970696,0.0155677655677656,0.215384615384615
256273.411807,2764866.126422,0.0714285714285714,0.75018315018315,0,0.000183150183150183,0.0102564102564103,0.167948717948718
256773.411807,2764866.126422,0.072973964063073,0.532636596993033,0,0.0280528052805281,0.0335533553355336,0.332783278327833
257273.411807,2764866.126422,0.0489010989010989,0.407875457875458,0.286996336996337,0.0173992673992674,0.0271062271062271,0.211721611721612
257773.411807,2764866.126422,0.156593406593407,0.282051282051282,0.000366300366300366,0.0153846153846154,0.0514652014652015,0.494139194139194
258273.411807,2764866.126422,0.026035936927026,0.383571690502384,0.116795012834617,0.00806747341400807,0.0319031903190319,0.433626696002934
258773.411807,2764866.126422,0.117765567765568,0.31978021978022,0,0.000915750915750916,0.0172161172161172,0.544322344322344
259273.411807,2764866.126422,0.0384615384615385,0.635714285714286,0,0.0128205128205128,0.0318681318681319,0.281135531135531
259773.411807,2764866.126422,0.0696736340300697,0.495049504950495,0,0.0918591859185919,0.055005500550055,0.288412174550788
260273.411807,2764866.126422,0.0725274725274725,0.461172161172161,0.000732600732600733,0.165201465201465,0.078021978021978,0.222344322344322
260773.411807,2764866.126422,0.054029304029304,0.525641025641026,0,0.0421245421245421,0.036996336996337,0.341208791208791
261273.411807,2764866.126422,0.0918591859185919,0.348918225155849,0,0.077007700770077,0.0911257792445911,0.391089108910891
261773.411807,2764866.126422,0.0445054945054945,0.407326007326007,0,0.06996336996337,0.0397435897435897,0.438461538461538
262273.411807,2764866.126422,0.0600732600732601,0.378937728937729,0,0.0478021978021978,0.0831501831501831,0.43003663003663
251273.411807,2764366.126422,0,0.000183519911910442,0.229399889888053,0.769315470728574,0.00110111947146265,0
251773.411807,2764366.126422,0.119750596002201,0.0456629378323858,0.105079772602237,0.47588483403631,0.0693196405648267,0.184302218962039
252273.411807,2764366.126422,0.206706981858164,0.111966281839839,0.028587135788895,0.0853949056258017,0.0819131390874107,0.48543155579989
252773.411807,2764366.126422,0.0847861993026243,0.131400256927877,0.000734079647641769,0.352174710956139,0.106625068819967,0.324279684345751
253273.411807,2764366.126422,0.11204841371722,0.0559325142123602,0.000183385292499542,0.299468182651751,0.100861910874748,0.431505593251421
253773.411807,2764366.126422,0.121495327102804,0.25563496426608,0,0.0375664284405351,0.0731170973062122,0.512186182884369
254273.411807,2764366.126422,0.146815929528354,0.147550009175996,0,0.102404110846027,0.131950816663608,0.471279133786016
254773.411807,2764366.126422,0.12800293416468,0.347698514579131,0,0.140656519347148,0.113332110764717,0.270309921144324
255273.411807,2764366.126422,0.03811618105186,0.666483415796225,0,0.0247388675096207,0.0415979475902511,0.229063588052043
255773.411807,2764366.126422,0.0578087722517893,0.659020003670398,0,0.00880895577170123,0.0374380620297302,0.236924206276381
256273.411807,2764366.126422,0.0731707317073171,0.677608655785806,0.0289748762149276,0.00238400880249404,0.00953603520997616,0.208325692279479
256773.411807,2764366.126422,0.0634048011728056,0.420743998533993,0.348543155579989,0.00329851566794942,0.0159428257284222,0.148066703316841
257273.411807,2764366.126422,0.0768948430904753,0.454028262066434,0.127546338777757,0.0196366305744173,0.0209212699577904,0.300972655533125
257773.411807,2764366.126422,0.0709701081973226,0.599119750596002,0,0.0104529616724739,0.0548322024573629,0.264624977076838
258273.411807,2764366.126422,0.0480117280557083,0.556166391790361,0,0.0130108118013561,0.0368334249587686,0.345977643393806
258773.411807,2764366.126422,0.101119471462654,0.42319691686548,0.000183519911910442,0.017434391631492,0.0451458983299688,0.412919801798495
259273.411807,2764366.126422,0.0548322024573629,0.479552539886301,0,0.0210893086374473,0.0460297084173849,0.398496240601504
259773.411807,2764366.126422,0.0485614806670332,0.429723291185633,0,0.0315191497159611,0.0414146967198094,0.448781381711563
260273.411807,2764366.126422,0.0440447788585061,0.631675536795742,0,0.0247751881079097,0.0449623784180584,0.254542117819783
260773.411807,2764366.126422,0.0913258756647717,0.261690812396846,0.00366770584999083,0.362919493856593,0.100311754997249,0.18008435723455
261273.411807,2764366.126422,0.0883269195528679,0.316291002382261,0.0689023272860546,0.102437236576874,0.0623052959501558,0.361737218251787
261773.411807,2764366.126422,0.0614791704899982,0.506698476784731,0.117636263534593,0.0401908607083869,0.0473481372728941,0.226647091209396
262273.411807,2764366.126422,0.0590500641848524,0.211259856959472,0.217128186319457,0.048413717219879,0.0566660553823583,0.407482119933981
251273.411807,2763866.126422,0,0,0.441284403669725,0.558715596330275,0,0
251773.411807,2763866.126422,0.279214822968263,0.1326362135388,0.0487983856173179,0.167492203265456,0.0631076866629976,0.308750687947166
252273.411807,2763866.126422,0.185164835164835,0.302930402930403,0.0117216117216117,0.120879120879121,0.0705128205128205,0.308791208791209
252773.411807,2763866.126422,0.0794495412844037,0.111926605504587,0.00201834862385321,0.278899082568807,0.116146788990826,0.411559633027523
253273.411807,2763866.126422,0.122362869198312,0.197578425976885,0.000366905155017428,0.0933773619519354,0.0603558980003669,0.525958539717483
253773.411807,2763866.126422,0.0858974358974359,0.121245421245421,0.00531135531135531,0.347985347985348,0.111721611721612,0.327838827838828
254273.411807,2763866.126422,0.0511926605504587,0.314128440366972,0,0.292293577981651,0.0601834862385321,0.282201834862385
254773.411807,2763866.126422,0.0574206567602275,0.728857090442121,0,0.00623738763529628,0.0236653824986241,0.183819482663731
255273.411807,2763866.126422,0.0752747252747253,0.6003663003663,0,0.0448717948717949,0.0492673992673993,0.23021978021978
255773.411807,2763866.126422,0.0491743119266055,0.609724770642202,0,0.0214678899082569,0.046605504587156,0.27302752293578
256273.411807,2763866.126422,0.0555861309851403,0.553659878921299,0,0.0183452577508714,0.067327095945698,0.305081636396991
256773.411807,2763866.126422,0.0714285714285714,0.517216117216117,0,0.0216117216117216,0.0391941391941392,0.350549450549451
257273.411807,2763866.126422,0.0451376146788991,0.733394495412844,0,0.0361467889908257,0.0240366972477064,0.161284403669725
257773.411807,2763866.126422,0.073747936158503,0.503026967528894,0.0310034855989727,0.0473307649972482,0.0532012474775271,0.291689598238855
258273.411807,2763866.126422,0.0932234432234432,0.486813186813187,0.0010989010989011,0.0166666666666667,0.0725274725274725,0.32967032967033
258773.411807,2763866.126422,0.0888073394495413,0.409357798165138,0,0.0293577981651376,0.0603669724770642,0.412110091743119
259273.411807,2763866.126422,0.0645753072830673,0.243808475509081,0.327279398275546,0.0137589433131535,0.0509998165474225,0.29957805907173
259773.411807,2763866.126422,0.106410256410256,0.262271062271062,0.247802197802198,0.0212454212454212,0.034981684981685,0.327289377289377
260273.411807,2763866.126422,0.053394495412844,0.486422018348624,0.0998165137614679,0.00458715596330275,0.0194495412844037,0.336330275229358
260773.411807,2763866.126422,0.0781507980187122,0.110254999082737,0.14401027334434,0.316822601357549,0.10273344340488,0.248027884791781
261273.411807,2763866.126422,0.071978021978022,0.355311355311355,0.284981684981685,0.015018315018315,0.0298534798534799,0.242857142857143
261773.411807,2763866.126422,0.0576146788990826,0.284403669724771,0.221284403669725,0.0168807339449541,0.0322935779816514,0.387522935779817
262273.411807,2763866.126422,0.0777838928636947,0.393322326178683,0,0.0823702073014126,0.090442120711796,0.356081452944414
251773.411807,2763366.126422,0.223809523809524,0.283882783882784,0.0256410256410256,0.112087912087912,0.0789377289377289,0.275641025641026
252273.411807,2763366.126422,0.0634396773010634,0.572423909057572,0,0.0033003300330033,0.0163182984965163,0.344517785111844
252773.411807,2763366.126422,0.0998168498168498,0.597985347985348,0.0276556776556777,0.0463369963369963,0.0575091575091575,0.170695970695971
253273.411807,2763366.126422,0.0620879120879121,0.724542124542125,0,0.00293040293040293,0.0148351648351648,0.195604395604396
253773.411807,2763366.126422,0.0551888522185552,0.357535753575358,0,0.0463879721305464,0.0368536853685369,0.504033736707004
254273.411807,2763366.126422,0.0782051282051282,0.134798534798535,0,0.338278388278388,0.073992673992674,0.374725274725275
254773.411807,2763366.126422,0.118681318681319,0.245970695970696,0.0265567765567766,0.0146520146520147,0.0395604395604396,0.554578754578755
255273.411807,2763366.126422,0.0689402273560689,0.516501650165016,0.00568390172350568,0.00641730839750642,0.0190685735240191,0.383388338833883
255773.411807,2763366.126422,0.0565934065934066,0.656776556776557,0,0.0128205128205128,0.0168498168498168,0.256959706959707
256273.411807,2763366.126422,0.0542124542124542,0.56025641025641,0.00512820512820513,0.00457875457875458,0.0298534798534799,0.345970695970696
256773.411807,2763366.126422,0.0779244591125779,0.523469013568023,0,0.00733406674000733,0.0124679134580125,0.378804547121379
257273.411807,2763366.126422,0.12967032967033,0.408058608058608,0,0.0492673992673993,0.0871794871794872,0.325824175824176
257773.411807,2763366.126422,0.0838827838827839,0.268864468864469,0.326007326007326,0.0582417582417582,0.0663003663003663,0.196703296703297
258273.411807,2763366.126422,0.0863586358635864,0.522368903557022,0,0.0812247891455812,0.0592225889255592,0.250825082508251
258773.411807,2763366.126422,0.120879120879121,0.390842490842491,0,0.0183150183150183,0.0346153846153846,0.435347985347985
259273.411807,2763366.126422,0.108241758241758,0.358608058608059,0.1,0.0128205128205128,0.056043956043956,0.364285714285714
259773.411807,2763366.126422,0.0667400073340667,0.27007700770077,0,0.0238357169050238,0.0705903923725706,0.568756875687569
260273.411807,2763366.126422,0.0840659340659341,0.664468864468864,0,0.00421245421245421,0.0131868131868132,0.234065934065934
260773.411807,2763366.126422,0.0996336996336996,0.385347985347985,0.00604395604395604,0.0864468864468864,0.0981684981684982,0.324358974358974
261273.411807,2763366.126422,0.0876420975430876,0.597909790979098,0,0.00165016501650165,0.0253025302530253,0.287495416208288
261773.411807,2763366.126422,0.125274725274725,0.329487179487179,0.0684981684981685,0.023992673992674,0.0728937728937729,0.37985347985348
262273.411807,2763366.126422,0.0393772893772894,0.382417582417582,0.326373626373626,0.0117216117216117,0.0177655677655678,0.222344322344322
251273.411807,2762866.126422,0.0295467058175812,0.0133969535694623,0.244448522664709,0.641218572215085,0.0115617544503579,0.0598274912828042
251773.411807,2762866.126422,0.105629928479736,0.238584265541904,0.0022006235099945,0.0970108197322575,0.059600220062351,0.496974142673758
252273.411807,2762866.126422,0.0689023272860546,0.538207806487081,0.013560564412681,0.00879604178119846,0.0185083379146051,0.35202492211838
252773.411807,2762866.126422,0.0941457148100569,0.407964764176913,0.0227564690768948,0.0956138741053404,0.0774454028262066,0.302073775004588
253273.411807,2762866.126422,0.183752063084541,0.429855125618925,0,0.015587749862461,0.039611223179901,0.331193838254172
253773.411807,2762866.126422,0.093274693054792,0.658420377496793,0,0.00714678394722375,0.0108118013560564,0.230346344145135
254273.411807,2762866.126422,0.118920902917967,0.466874655900165,0.000550559735731327,0.0133969535694623,0.0587263718113415,0.341530556065333
254773.411807,2762866.126422,0.0702365670273244,0.467632495873831,0.0106363469649734,0.0330093526499175,0.0262240968274344,0.392261140656519
255273.411807,2762866.126422,0.130657870624885,0.499725123694338,0.00274876305662452,0.00787978742899029,0.0371999266996518,0.32178852849551
255773.411807,2762866.126422,0.0855202789502661,0.559368691503028,0.0161497522481189,0.00422095797394017,0.0165167920719398,0.318223527252707
256273.411807,2762866.126422,0.0909591050797726,0.547038327526132,0.00128369704749679,0.00641848523748395,0.0245736291949386,0.329726755914176
256773.411807,2762866.126422,0.0641378046545721,0.513285688107018,0.0131940626717977,0.0106285504856148,0.034084661902144,0.364669232178853
257273.411807,2762866.126422,0.0502844558634612,0.6555331253441,0,0.0271609469627455,0.0394567810607451,0.227564690768948
257773.411807,2762866.126422,0.0632679259123418,0.468549422336329,0,0.00806895286997983,0.0322758114799193,0.42783788740143
258273.411807,2762866.126422,0.13450613890416,0.422210005497526,0,0.0487447315374748,0.0800806303829943,0.314458493677845
258773.411807,2762866.126422,0.120756102037071,0.513121673701597,0,0.0623967700495504,0.0396403009726555,0.264085153239126
259273.411807,2762866.126422,0.094810196222263,0.483036860443792,0,0.108380707867229,0.0555657436273611,0.258206491839354
259773.411807,2762866.126422,0.0958402052409749,0.208356239692139,0,0.197177936595199,0.100054975261132,0.398570643210555
260273.411807,2762866.126422,0.0895577170122958,0.0458799779776106,0,0.507616076344283,0.158377683978712,0.198568544687099
260773.411807,2762866.126422,0.0893086374472767,0.0651017788373372,0,0.494406748578764,0.108930863744728,0.242251971391894
261273.411807,2762866.126422,0.0720175920835624,0.527212754260583,0,0.0392156862745098,0.0317024005864028,0.329851566794942
261773.411807,2762866.126422,0.058909891723252,0.466507616076344,0,0.0203707102220591,0.0644154890805652,0.389796292897779
262273.411807,2762866.126422,0.0278745644599303,0.355033926279112,0.249403997799376,0.0322758114799193,0.0364936732074088,0.298918026774253
251273.411807,2762366.126422,0.334128440366972,0.0623853211009174,0.174495412844037,0.0904587155963303,0.0348623853211009,0.303669724770642
251773.411807,2762366.126422,0.0851219959640433,0.314988075582462,0,0.091726288754357,0.084021280498991,0.424142359200147
252273.411807,2762366.126422,0.06996336996337,0.543223443223443,0,0.0347985347985348,0.0547619047619048,0.297252747252747
252773.411807,2762366.126422,0.0455045871559633,0.566605504587156,0,0.0036697247706422,0.0185321100917431,0.365688073394495
253273.411807,2762366.126422,0.0911759310218309,0.562282150064208,0,0.000550357732526142,0.00715465052283985,0.338836910658595
253773.411807,2762366.126422,0.0796703296703297,0.433699633699634,0.214102564102564,0.00274725274725275,0.0168498168498168,0.252930402930403
254273.411807,2762366.126422,0.0535779816513761,0.454128440366972,0.290091743119266,0.00990825688073394,0.00697247706422018,0.185321100917431
254773.411807,2762366.126422,0.0379746835443038,0.176664832140892,0,0.0330214639515685,0.0642084021280499,0.688130618235186
255273.411807,2762366.126422,0.0761904761904762,0.461721611721612,0.0946886446886447,0.0346153846153846,0.0644688644688645,0.268315018315018
255773.411807,2762366.126422,0.0631192660550459,0.580733944954128,0,0.0106422018348624,0.0188990825688073,0.326605504587156
256273.411807,2762366.126422,0.08273711245643,0.611814345991561,0,0.00513667217024399,0.0177949000183453,0.28251696936342
256773.411807,2762366.126422,0.0747252747252747,0.469413919413919,0.0950549450549451,0.143040293040293,0.0315018315018315,0.186263736263736
257273.411807,2762366.126422,0.111559633027523,0.420183486238532,0,0.0959633027522936,0.0855045871559633,0.286788990825688
257773.411807,2762366.126422,0.0632911392405063,0.608695652173913,0.0216474041460283,0.0289855072463768,0.0161438268207668,0.261236470372409
258273.411807,2762366.126422,0.0840659340659341,0.624542124542125,0.00164835164835165,0.00622710622710623,0.0327838827838828,0.250732600732601
258773.411807,2762366.126422,0.136146788990826,0.383669724770642,0.00036697247706422,0.0363302752293578,0.0344954128440367,0.408990825688073
259273.411807,2762366.126422,0.0845716382315172,0.525408181984957,0.0220143093010457,0.0196294257934324,0.0262337185837461,0.322142726105302
259773.411807,2762366.126422,0.071978021978022,0.213919413919414,0.287728937728938,0.255311355311355,0.0461538461538462,0.124908424908425
260273.411807,2762366.126422,0.12256880733945,0.199449541284404,0,0.263669724770642,0.135229357798165,0.279082568807339
260773.411807,2762366.126422,0.0766831773986425,0.272610530177949,0.210236653824986,0.112823335167859,0.116125481563016,0.211520821867547
261273.411807,2762366.126422,0.149267399267399,0.337179487179487,0.00238095238095238,0.115750915750916,0.0932234432234432,0.302197802197802
261773.411807,2762366.126422,0.0759633027522936,0.229174311926606,0,0.32697247706422,0.156330275229358,0.211559633027523
262273.411807,2762366.126422,0.0884241423592002,0.270959456980371,0.0770500825536599,0.143093010456797,0.10273344340488,0.317739864245093
250773.411807,2761866.126422,0.271177117711771,0.041987532086542,0.208287495416208,0.0991932526585992,0.0229189585625229,0.356435643564356
251273.411807,2761866.126422,0.0562271062271062,0.20989010989011,0,0.0395604395604396,0.043040293040293,0.651282051282051
251773.411807,2761866.126422,0.156776556776557,0.228021978021978,0,0.0217948717948718,0.0472527472527473,0.546153846153846
252273.411807,2761866.126422,0.0869086908690869,0.465896589658966,0.00238357169050238,0.033003300330033,0.0278694536120279,0.383938393839384
252773.411807,2761866.126422,0.05,0.378205128205128,0.356776556776557,0.000183150183150183,0.00695970695970696,0.207875457875458
253273.411807,2761866.126422,0.0567765567765568,0.657142857142857,0,0.026007326007326,0.0298534798534799,0.23021978021978
253773.411807,2761866.126422,0.0496883021635497,0.484965163182985,0,0.0139347268060139,0.0198019801980198,0.431609827649432
254273.411807,2761866.126422,0.0728937728937729,0.534065934065934,0,0.00366300366300366,0.0146520146520147,0.374725274725275
254773.411807,2761866.126422,0.0336996336996337,0.513919413919414,0.0115384615384615,0.0217948717948718,0.0501831501831502,0.368864468864469
255273.411807,2761866.126422,0.0858085808580858,0.552621928859553,0.0704070407040704,0.0293362669600293,0.0394206087275394,0.222405573890722
255773.411807,2761866.126422,0.0274725274725275,0.67985347985348,0.0010989010989011,0.0364468864468864,0.0362637362637363,0.218864468864469
256273.411807,2761866.126422,0.0600732600732601,0.698168498168498,0,0.0223443223443223,0.0197802197802198,0.1996336996337
256773.411807,2761866.126422,0.0997433076640997,0.456362302896956,0,0.0102676934360103,0.0198019801980198,0.413824715804914
257273.411807,2761866.126422,0.0652014652014652,0.671794871794872,0,0.0043956043956044,0.0172161172161172,0.241391941391941
257773.411807,2761866.126422,0.129120879120879,0.721978021978022,0,0.00256410256410256,0.0214285714285714,0.124908424908425
258273.411807,2761866.126422,0.0995599559955996,0.611844517785112,0.0977264393105977,0.00165016501650165,0.0106343967730106,0.178584525119179
258773.411807,2761866.126422,0.11025641025641,0.362637362637363,0.0128205128205128,0.0558608058608059,0.0423076923076923,0.416117216117216
259273.411807,2761866.126422,0.115750915750916,0.165018315018315,0.000915750915750916,0.285347985347985,0.0668498168498168,0.366117216117216
259773.411807,2761866.126422,0.113311331133113,0.324715804913825,0,0.16006600660066,0.0924092409240924,0.309497616428309
260273.411807,2761866.126422,0.080952380952381,0.497435897435897,0.00128205128205128,0.00860805860805861,0.0562271062271062,0.355494505494506
260773.411807,2761866.126422,0.076007326007326,0.416117216117216,0,0.0104395604395604,0.0293040293040293,0.468131868131868
261273.411807,2761866.126422,0.0652731939860653,0.364686468646865,0.081958195819582,0.0495049504950495,0.0621562156215622,0.376420975430876
261773.411807,2761866.126422,0.0684981684981685,0.528571428571429,0.208424908424908,0.00695970695970696,0.0195970695970696,0.167948717948718
262273.411807,2761866.126422,0.0644688644688645,0.3496336996337,0.172161172161172,0.0183150183150183,0.0375457875457875,0.357875457875458
250773.411807,2761366.126422,0.0408649441084845,0.083745647791827,0,0.015026571376214,0.0263881253435954,0.833974711379879
251273.411807,2761366.126422,0.0886401174527436,0.233804367773903,0.000367039823820885,0.0528537346302074,0.0807487612405946,0.54358597907873
251773.411807,2761366.126422,0.121034293049697,0.48780487804878,0,0.0163212910324592,0.0656519347148359,0.309187603154227
252273.411807,2761366.126422,0.047645226314825,0.443100604727872,0,0.00439802089059923,0.0379329301814184,0.466923217885285
252773.411807,2761366.126422,0.111213066617728,0.483391447972105,0.000550559735731327,0.00458799779776106,0.0411084602679391,0.359148467608736
253273.411807,2761366.126422,0.0671190170548322,0.596368971208509,0,0.00586832935998533,0.0276911791674308,0.302952503209243
253773.411807,2761366.126422,0.0765988638446033,0.572109217518783,0,0.0676195711929632,0.0619387942092725,0.221733553234378
254273.411807,2761366.126422,0.066801247935401,0.603780510185355,0.000183519911910442,0.04147550009176,0.0420260598274913,0.245733162048082
254773.411807,2761366.126422,0.0491472583898771,0.575646433156061,0.132587566477169,0.0113698881349716,0.0297084173849257,0.201540436456996
255273.411807,2761366.126422,0.0672530694520799,0.685175004581272,0,0.00403151914971596,0.0397654388858347,0.203774967931098
255773.411807,2761366.126422,0.0383556615892824,0.628739218205175,0.0508350155991925,0.00935951550743256,0.0124793540099101,0.260231235089007
256273.411807,2761366.126422,0.0205391527599487,0.669906473500825,0.152759948652118,0.000550155877498625,0.000916926462497708,0.155327342747112
256773.411807,2761366.126422,0.0489279824079164,0.653106102253986,0,0.00238226131574125,0.0108118013560564,0.2847718526663
257273.411807,2761366.126422,0.0603780510185355,0.681592952835383,0,0.00972655533125344,0.030280785465223,0.218021655349605
257773.411807,2761366.126422,0.0959105079772602,0.425453878598936,0.08399046396479,0.00550155877498625,0.0421786172748946,0.346964973409133
258273.411807,2761366.126422,0.0604727872457394,0.607293384643577,0,0.0370166758292102,0.0359171706065604,0.259299981674913
258773.411807,2761366.126422,0.0618462103138191,0.420260598274913,0.0715727656450725,0.0697375665259681,0.0517526151587447,0.324830244081483
259273.411807,2761366.126422,0.108380707867229,0.301118650284247,0.00293416467999266,0.115532734274711,0.0830735375022923,0.388960205391528
259773.411807,2761366.126422,0.142752428074033,0.284038849184534,0.013560564412681,0.062671797691039,0.0745831042697453,0.422393256367968
260273.411807,2761366.126422,0.0926775555147734,0.392549091576436,0.000917599559552211,0.122774821068086,0.079647641769132,0.311433290512021
260773.411807,2761366.126422,0.086007702182285,0.445993031358885,0.00165046763249587,0.0139372822299652,0.0372272143774069,0.415184302218962
261273.411807,2761366.126422,0.0714678394722375,0.0921751878321422,0,0.501374381528312,0.0414146967198094,0.293567894447499
261773.411807,2761366.126422,0.123692420627638,0.281519544870618,0.00899247568361167,0.222242613323546,0.134336575518444,0.229216369976142
262273.411807,2761366.126422,0.0603337612323492,0.65193471483587,0,0.0154043645699615,0.0313588850174216,0.240968274344398
250273.411807,2760866.126422,0.133553476426344,0.212071179600073,0.0598055402678408,0.101999633094845,0.0370574206567602,0.455512749954137
250773.411807,2760866.126422,0.0512820512820513,0.612454212454212,0,0.0597069597069597,0.0326007326007326,0.243956043956044
251273.411807,2760866.126422,0.16697247706422,0.231743119266055,0.00330275229357798,0.0561467889908257,0.0724770642201835,0.469357798165138
251773.411807,2760866.126422,0.090442120711796,0.436250229315722,0.00110071546505228,0.0453127866446524,0.100715465052284,0.326178682810494
252273.411807,2760866.126422,0.0556776556776557,0.672344322344322,0,0.00347985347985348,0.0139194139194139,0.254578754578755
252773.411807,2760866.126422,0.0535779816513761,0.342935779816514,0.387706422018349,0.00623853211009174,0.0132110091743119,0.196330275229358
253273.411807,2760866.126422,0.0588882773802972,0.662080352228949,0.0150431113557145,0.00807191341038342,0.0124747752705926,0.243441570354063
253773.411807,2760866.126422,0.0622710622710623,0.50970695970696,0.223626373626374,0.00421245421245421,0.0122710622710623,0.187912087912088
254273.411807,2760866.126422,0.101834862385321,0.66348623853211,0.0185321100917431,0.0144954128440367,0.0262385321100917,0.175412844036697
254773.411807,2760866.126422,0.0465969546872134,0.418822234452394,0.163639699137773,0.00421940928270042,0.0181618051733627,0.348559897266557
255273.411807,2760866.126422,0.0509157509157509,0.623443223443223,0,0.00384615384615385,0.0243589743589744,0.297435897435897
255773.411807,2760866.126422,0.0354128440366972,0.819449541284404,0,0.00128440366972477,0.0111926605504587,0.132660550458716
256273.411807,2760866.126422,0.0631076866629976,0.529627591267657,0.174279948633278,0.000366905155017428,0.00880572372041827,0.223812144560631
256773.411807,2760866.126422,0.0481684981684982,0.402747252747253,0.238278388278388,0.00402930402930403,0.0137362637362637,0.293040293040293
257273.411807,2760866.126422,0.0664220183486239,0.569174311926606,0.000917431192660551,0.00678899082568807,0.0379816513761468,0.318715596330275
257773.411807,2760866.126422,0.0757659145110989,0.489451476793249,0.175747569253348,0.00458631443771785,0.00880572372041827,0.245643001284168
258273.411807,2760866.126422,0.0835164835164835,0.5003663003663,0,0.0194139194139194,0.0853479853479854,0.311355311355311
258773.411807,2760866.126422,0.185871559633028,0.315045871559633,0.00642201834862385,0.116697247706422,0.105504587155963,0.27045871559633
259273.411807,2760866.126422,0.060906255732893,0.562832507796735,0.0882406897816914,0.0429279031370391,0.0440286186020914,0.201064024949551
259773.411807,2760866.126422,0.108241758241758,0.324725274725275,0.0043956043956044,0.0186813186813187,0.0547619047619048,0.489194139194139
260273.411807,2760866.126422,0.0873394495412844,0.460366972477064,0.130091743119266,0.00311926605504587,0.0143119266055046,0.304770642201835
260773.411807,2760866.126422,0.0911759310218309,0.450376077783893,0.139607411484131,0.00605393505778756,0.0372408732342689,0.275545771418088
261273.411807,2760866.126422,0.145970695970696,0.175641025641026,0.110622710622711,0.156410256410256,0.102197802197802,0.309157509157509
261773.411807,2760866.126422,0.063302752293578,0.391192660550459,0.14697247706422,0.0379816513761468,0.0480733944954128,0.312477064220184
262273.411807,2760866.126422,0.257383966244726,0.124380847550908,0,0.087873784626674,0.0895248578242524,0.44083654375344
250273.411807,2760366.126422,0.108974358974359,0.428754578754579,0,0.0360805860805861,0.0184981684981685,0.407692307692308
250773.411807,2760366.126422,0.0339200586725339,0.439127246057939,0.37037037037037,0.0207187385405207,0.0221855518885222,0.113678034470114
251273.411807,2760366.126422,0.0470695970695971,0.703663003663004,0.0567765567765568,0.0263736263736264,0.0283882783882784,0.137728937728938
251773.411807,2760366.126422,0.0712454212454212,0.525641025641026,0,0.0342490842490843,0.0652014652014652,0.303663003663004
252273.411807,2760366.126422,0.0597726439310598,0.707554088742208,0,0.0245691235790246,0.0364869820315365,0.171617161716172
252773.411807,2760366.126422,0.109157509157509,0.389194139194139,0.0205128205128205,0.0912087912087912,0.0501831501831502,0.33974358974359
253273.411807,2760366.126422,0.0725274725274725,0.522344322344322,0.00164835164835165,0.041025641025641,0.0697802197802198,0.292673992673993
253773.411807,2760366.126422,0.0592225889255592,0.69050238357169,0.0781078107810781,0.00971763843050972,0.0137513751375138,0.148698203153649
254273.411807,2760366.126422,0.0631868131868132,0.539194139194139,0.194139194139194,0.0113553113553114,0.0175824175824176,0.174542124542125
254773.411807,2760366.126422,0.0382783882783883,0.72032967032967,0.0408424908424908,0.0214285714285714,0.017032967032967,0.162087912087912
255273.411807,2760366.126422,0.037037037037037,0.367986798679868,0.248441510817748,0.00238357169050238,0.00696736340300697,0.337183718371837
255773.411807,2760366.126422,0.0461538461538462,0.684065934065934,0,0.00512820512820513,0.0155677655677656,0.249084249084249
256273.411807,2760366.126422,0.0507326007326007,0.572893772893773,0.132600732600733,0.00384615384615385,0.0206959706959707,0.219230769230769
256773.411807,2760366.126422,0.0577557755775578,0.559405940594059,0,0.00531719838650532,0.0377704437110378,0.33975064173084
257273.411807,2760366.126422,0.0668498168498168,0.371428571428571,0.170512820512821,0.0155677655677656,0.0507326007326007,0.324908424908425
257773.411807,2760366.126422,0.0527472527472527,0.524175824175824,0.110805860805861,0.0562271062271062,0.0216117216117216,0.234432234432234
258273.411807,2760366.126422,0.0434543454345435,0.8003300330033,0,0.0115511551155116,0.0154015401540154,0.129262926292629
258773.411807,2760366.126422,0.0666666666666667,0.282051282051282,0.434615384615385,0.0305860805860806,0.0478021978021978,0.138278388278388
259273.411807,2760366.126422,0.0432234432234432,0.484432234432234,0.0302197802197802,0.0106227106227106,0.0355311355311355,0.395970695970696
259773.411807,2760366.126422,0.0650898423175651,0.602676934360103,0,0.00605060506050605,0.017968463513018,0.308214154748808
260273.411807,2760366.126422,0.120879120879121,0.398351648351648,0.000366300366300366,0.0152014652014652,0.0379120879120879,0.427289377289377
260773.411807,2760366.126422,0.0485347985347985,0.614285714285714,0,0.00201465201465201,0.0137362637362637,0.321428571428571
261273.411807,2760366.126422,0.0837917125045838,0.382104877154382,0.14026402640264,0.0513384671800513,0.0649064906490649,0.277594426109278
261773.411807,2760366.126422,0.0767399267399267,0.563919413919414,0,0.15952380952381,0.0554945054945055,0.144322344322344
262273.411807,2760366.126422,0.093956043956044,0.294322344322344,0.00512820512820513,0.106410256410256,0.0582417582417582,0.441941391941392
250273.411807,2759866.126422,0.0630845406198423,0.525582248303686,0,0.0405281496423987,0.0412616908123968,0.329543370621676
250773.411807,2759866.126422,0.11324903793293,0.341579622503207,0.000183250870441635,0.0179585853032802,0.0414146967198094,0.485614806670332
251273.411807,2759866.126422,0.118003303358414,0.532391264452193,0.000550559735731327,0.00715727656450725,0.00623967700495504,0.335657918884199
251773.411807,2759866.126422,0.0460297084173849,0.751696313955621,0,0.00843572345497891,0.0218228498074454,0.17201540436457
252273.411807,2759866.126422,0.0727505955653289,0.737951255268463,0.00329851566794942,0.00824628916987356,0.0274876305662452,0.15026571376214
252773.411807,2759866.126422,0.052303174894476,0.567443567627088,0.22811525050468,0.0047715177096715,0.00807487612405946,0.139291613140026
253273.411807,2759866.126422,0.0559325142123602,0.681643132220796,0.00458463231248854,0.00641848523748395,0.0166880616174583,0.234733174399413
253773.411807,2759866.126422,0.0569910207073484,0.563313175737585,0.00934579439252336,0.0109950522264981,0.0238226131574125,0.335532343778633
254273.411807,2759866.126422,0.0596439713708937,0.555514773352909,0.0284455863461186,0.0264268673151037,0.058909891723252,0.271058909891723
254773.411807,2759866.126422,0.0504309554373739,0.632495873830919,0,0.0179717586649551,0.0383275261324042,0.260773885934348
255273.411807,2759866.126422,0.066703316840755,0.597947590251054,0,0.00678028220634048,0.0177753344328386,0.310793476269012
255773.411807,2759866.126422,0.0341347036153423,0.716094696274546,0,0.00165167920719398,0.0100935951550743,0.238025325747844
256273.411807,2759866.126422,0.08399046396479,0.71190170548322,0.00110031175499725,0.00366770584999083,0.0185219145424537,0.180817898404548
256773.411807,2759866.126422,0.0925416895730255,0.528495510353674,0,0.00311526479750779,0.0399486897562763,0.335898845519516
257273.411807,2759866.126422,0.151954487061846,0.449990824004404,0.00679023674068636,0.00238575885483575,0.0201871903101487,0.368691503028079
257773.411807,2759866.126422,0.126352466532184,0.513662204291216,0,0.0170548322024574,0.0218228498074454,0.321107647166697
258273.411807,2759866.126422,0.087777166941543,0.598863844603262,0,0.0113615539673813,0.01905809052593,0.282939343961884
258773.411807,2759866.126422,0.0741420444118187,0.662139842172876,0.000367039823820885,0.0194531106625069,0.0532207744540283,0.19067718847495
259273.411807,2759866.126422,0.0689528699798276,0.506876948468733,0.026407482119934,0.0181551439574546,0.0341096644049147,0.345497891069136
259773.411807,2759866.126422,0.113065787062489,0.496426608026388,0.0824628916987356,0.00934579439252336,0.00989554700384827,0.288803371816016
260273.411807,2759866.126422,0.0812993209763259,0.480271609469627,0.0489998164800881,0.0288126261699394,0.0442282987704166,0.316388328133603
260773.411807,2759866.126422,0.122868145974693,0.339079405831652,0.00825233816247937,0.0418118466898955,0.0427287731523932,0.445259490188887
261273.411807,2759866.126422,0.0826461425691772,0.43613707165109,0.00201575957485798,0.0375664284405351,0.0668865677111966,0.374748030053143
261773.411807,2759866.126422,0.0583593319875206,0.745274362268306,0,0.0113782345384474,0.0198201504863278,0.165167920719398
262273.411807,2759866.126422,0.0480469466348799,0.66018705299835,0.0320924261874198,0.0143040528149642,0.0254905556574363,0.21987896570695
250273.411807,2759366.126422,0.187305081636397,0.113924050632911,0.0113740598055403,0.0344890845716382,0.062190423775454,0.590717299578059
250773.411807,2759366.126422,0.123992673992674,0.375274725274725,0.00421245421245421,0.0871794871794872,0.0498168498168498,0.35952380952381
251273.411807,2759366.126422,0.0458715596330275,0.554862385321101,0.00036697247706422,0.013394495412844,0.016697247706422,0.368807339449541
251773.411807,2759366.126422,0.0638414969730325,0.560447624289121,0.00165107319757843,0.0100898917629793,0.0264171711612548,0.337552742616034
252273.411807,2759366.126422,0.0324175824175824,0.626373626373626,0.00128205128205128,0.0133699633699634,0.0446886446886447,0.281868131868132
252773.411807,2759366.126422,0.0513761467889908,0.600183486238532,0.0018348623853211,0.00642201834862385,0.0139449541284404,0.326238532110092
253273.411807,2759366.126422,0.0383415886993212,0.783892863694735,0,0.0108237020730141,0.023115024766098,0.143826820766832
253773.411807,2759366.126422,0.0432234432234432,0.686813186813187,0,0.00567765567765568,0.0102564102564103,0.254029304029304
254273.411807,2759366.126422,0.0346788990825688,0.719816513761468,0,0.0106422018348624,0.0255045871559633,0.209357798165138
254773.411807,2759366.126422,0.113740598055403,0.546872133553476,0,0.011557512383049,0.0258668134287287,0.301962942579343
255273.411807,2759366.126422,0.0212454212454212,0.651648351648352,0.0032967032967033,0.000549450549450549,0.00238095238095238,0.320879120879121
255773.411807,2759366.126422,0.0445871559633028,0.567339449541284,0.0403669724770642,0.000917431192660551,0.0073394495412844,0.339449541284404
256273.411807,2759366.126422,0.120161438268208,0.474775270592552,0.0150431113557145,0.00495321959273528,0.0212804989910108,0.36378646119978
256773.411807,2759366.126422,0.145970695970696,0.23974358974359,0.0796703296703297,0.182234432234432,0.0652014652014652,0.287179487179487
257273.411807,2759366.126422,0.240550458715596,0.0752293577981651,0.00018348623853211,0.197614678899083,0.185871559633028,0.300550458715596
257773.411807,2759366.126422,0.297376628141625,0.1768482847184,0.000550357732526142,0.110988809392772,0.108970831040176,0.3052650889745
258273.411807,2759366.126422,0.120879120879121,0.549084249084249,0,0.0043956043956044,0.0353479853479853,0.29029304029304
258773.411807,2759366.126422,0.0598165137614679,0.495596330275229,0.164770642201835,0.0344954128440367,0.068256880733945,0.177064220183486
259273.411807,2759366.126422,0.08273711245643,0.556778572738947,0.0249495505411851,0.00568702990277013,0.0370574206567602,0.292790313703908
