"x","y","forest","agri","water","built","other","grass"
206773.411807,2696366.126422,0,0,0.351128233351679,0.648871766648321,0,0
207273.411807,2696366.126422,0.0842490842490843,0.0503663003663004,0.666666666666667,0.136080586080586,0.00586080586080586,0.0567765567765568
207773.411807,2696366.126422,0.053394495412844,0.228990825688073,0.117981651376147,0.169908256880734,0.0719266055045872,0.357798165137615
208273.411807,2696366.126422,0.0361401577692167,0.352045496239222,0.01284168042561,0.173362685745735,0.0524674371674922,0.373142542652724
208773.411807,2696366.126422,0.0336996336996337,0.543223443223443,0.000183150183150183,0.0441391941391941,0.0304029304029304,0.348351648351648
209273.411807,2696366.126422,0.0291743119266055,0.497064220183486,0,0.22954128440367,0.0488073394495413,0.195412844036697
209773.411807,2696366.126422,0.0519170794349661,0.53641533663548,0.00403595670519171,0.147679324894515,0.066042927903137,0.193909374426711
210273.411807,2696366.126422,0.0307692307692308,0.68974358974359,0.000549450549450549,0.0454212454212454,0.0291208791208791,0.204395604395604
210773.411807,2696366.126422,0.0339449541284404,0.669174311926605,0,0.0385321100917431,0.0388990825688073,0.219449541284404
211273.411807,2696366.126422,0.0310034855989727,0.668134287286736,0,0.121445606310769,0.0348559897266557,0.144560631076867
211773.411807,2696366.126422,0.0418682937092363,0.654323585104145,0,0.0959394066905113,0.022722491058279,0.185146223437829
206773.411807,2695866.126422,0,0,0.435347985347985,0.564652014652015,0,0
207273.411807,2695866.126422,0,0.00165016501650165,0.784745141180785,0.213604693802714,0,0
207773.411807,2695866.126422,0.0492673992673993,0.272710622710623,0.0673992673992674,0.084981684981685,0.0274725274725275,0.498168498168498
208273.411807,2695866.126422,0.0232600732600733,0.364835164835165,0.00293040293040293,0.0296703296703297,0.0274725274725275,0.551831501831502
208773.411807,2695866.126422,0.0141180784745141,0.353318665199853,0.0201686835350202,0.0760909424275761,0.0517051705170517,0.484598459845985
209273.411807,2695866.126422,0.0247252747252747,0.402014652014652,0,0.0305860805860806,0.0305860805860806,0.512087912087912
209773.411807,2695866.126422,0.0521978021978022,0.379487179487179,0,0.0908424908424908,0.0525641025641026,0.424908424908425
210273.411807,2695866.126422,0.0322698936560323,0.663733039970664,0,0.0557389072240557,0.0293362669600293,0.218921892189219
210773.411807,2695866.126422,0.0258241758241758,0.618681318681319,0.000183150183150183,0.0307692307692308,0.023992673992674,0.300549450549451
211273.411807,2695866.126422,0.0380952380952381,0.656959706959707,0.000183150183150183,0.0756410256410256,0.019047619047619,0.21007326007326
211773.411807,2695866.126422,0.0492424242424242,0.541666666666667,0.00021043771043771,0.0667087542087542,0.0484006734006734,0.293771043771044
206273.411807,2695366.126422,0,0,0.391080932281152,0.608919067718848,0,0
206773.411807,2695366.126422,0,0,0.906106730240235,0.0938932697597653,0,0
207273.411807,2695366.126422,0.0128275609309144,0.296866410115448,0.338097855964816,0.101704233095107,0.0102620487447315,0.240241891148983
207773.411807,2695366.126422,0.0284455863461186,0.589649476968251,0.000550559735731327,0.0726738851165352,0.00789135621214902,0.300789135621215
208273.411807,2695366.126422,0.0348432055749129,0.526865945351183,0.00715202640748212,0.0838070786722905,0.0693196405648267,0.278012103429305
208773.411807,2695366.126422,0.0505772402418911,0.378779549202859,0.0122778083195895,0.0328019058090526,0.0434304562946674,0.482133040131941
209273.411807,2695366.126422,0.0150486327766563,0.247568361167187,0.0201871903101487,0.0280785465222977,0.0554230133969536,0.633694255826757
209773.411807,2695366.126422,0.0693196405648267,0.239134421419402,0.000733541169998166,0.190537318907024,0.0876581698147808,0.412616908123968
210273.411807,2695366.126422,0.0467289719626168,0.425508521165476,0,0.0152098222466557,0.0207073483599047,0.491845336265347
210773.411807,2695366.126422,0.0403743806202973,0.387043494219123,0,0.0242246283721784,0.038172141677372,0.51018535511103
211273.411807,2695366.126422,0.0165046763249587,0.52796625710618,0,0.0245736291949386,0.0126535851824684,0.418301852191454
211773.411807,2695366.126422,0.10650389391707,0.378025678804462,0.000210482003788676,0.12713113028836,0.067564723216165,0.320564091770154
205773.411807,2694866.126422,0,0,0.528388278388278,0.471611721611722,0,0
206273.411807,2694866.126422,0,0,0.671926605504587,0.328073394495413,0,0
206773.411807,2694866.126422,0.00458631443771785,0.145294441386901,0.436800587048248,0.316455696202532,0.0423775454045129,0.0544854155200881
207273.411807,2694866.126422,0.0298534798534799,0.547435897435897,0,0.0454212454212454,0.032051282051282,0.345238095238095
207773.411807,2694866.126422,0.0302752293577982,0.431376146788991,0.00036697247706422,0.0834862385321101,0.024954128440367,0.42954128440367
208273.411807,2694866.126422,0.0489818381948266,0.489634929370758,0,0.0403595670519171,0.0454962392221611,0.375527426160338
208773.411807,2694866.126422,0.0163003663003663,0.338095238095238,0,0.0331501831501832,0.0305860805860806,0.581868131868132
209273.411807,2694866.126422,0.041651376146789,0.281651376146789,0.00715596330275229,0.0372477064220183,0.058348623853211,0.57394495412844
209773.411807,2694866.126422,0.0385250412768299,0.308934140524674,0.0187121629058888,0.129884424876169,0.06989543203082,0.434048798385617
210273.411807,2694866.126422,0.0346153846153846,0.403296703296703,0.00164835164835165,0.0970695970695971,0.0333333333333333,0.43003663003663
210773.411807,2694866.126422,0.0539449541284404,0.368440366972477,0.00073394495412844,0.1,0.0497247706422018,0.427155963302752
211273.411807,2694866.126422,0.030820033021464,0.430930104567969,0,0.0121078701155751,0.016694184553293,0.509447807741699
211773.411807,2694866.126422,0.0761624237323796,0.298758678729224,0.000420786871449611,0.176730486008837,0.1077214390911,0.34020618556701
205773.411807,2694366.126422,0,0.000183351668500183,0.643747708104144,0.356068940227356,0,0
206273.411807,2694366.126422,0.0463369963369963,0.157326007326007,0.242490842490842,0.206776556776557,0.0141025641025641,0.332967032967033
206773.411807,2694366.126422,0.0448717948717949,0.265750915750916,0,0.013003663003663,0.023992673992674,0.652380952380952
207273.411807,2694366.126422,0.0207187385405207,0.607260726072607,0,0.0513384671800513,0.0278694536120279,0.292812614594793
207773.411807,2694366.126422,0.0347985347985348,0.608608058608059,0.000732600732600733,0.101465201465201,0.0175824175824176,0.236813186813187
208273.411807,2694366.126422,0.0163003663003663,0.557692307692308,0,0.0276556776556777,0.0152014652014652,0.383150183150183
208773.411807,2694366.126422,0.0267693436010268,0.308580858085809,0,0.013017968463513,0.0188852218555189,0.632746607994133
209273.411807,2694366.126422,0.0567765567765568,0.399267399267399,0.000366300366300366,0.108241758241758,0.0631868131868132,0.372161172161172
209773.411807,2694366.126422,0.0155677655677656,0.419230769230769,0.0175824175824176,0.100549450549451,0.0371794871794872,0.40989010989011
210273.411807,2694366.126422,0.0683901723505684,0.384671800513385,0.00623395672900623,0.188668866886689,0.044004400440044,0.308030803080308
210773.411807,2694366.126422,0.0641025641025641,0.140842490842491,0,0.27967032967033,0.108241758241758,0.407142857142857
211273.411807,2694366.126422,0.0858974358974359,0.216117216117216,0.0131868131868132,0.368864468864469,0.0567765567765568,0.259157509157509
211773.411807,2694366.126422,0.071969696969697,0.111952861952862,0.00273569023569024,0.479587542087542,0.12226430976431,0.211489898989899
205773.411807,2693866.126422,0.191863661352391,0.130291368884002,0.328019058090526,0.0342679127725857,0.00989554700384827,0.305662451896647
206273.411807,2693866.126422,0.0462470178014315,0.348871352541751,0,0.0297302257294917,0.0255092677555515,0.549642136171775
206773.411807,2693866.126422,0.0540986612873648,0.385109114249037,0,0.0933431138822666,0.0550155877498625,0.412433522831469
207273.411807,2693866.126422,0.0450797141286421,0.422759758108851,0.000549752611324904,0.107751511819681,0.0362836723474437,0.387575590984057
207773.411807,2693866.126422,0.065149568728207,0.290144980730409,0,0.14094329234722,0.0882730776289227,0.415489080565241
208273.411807,2693866.126422,0.0298918026774253,0.317990097194205,0.00275077938749312,0.0755547405098111,0.0493306436823767,0.524481936548689
208773.411807,2693866.126422,0.0368334249587686,0.355506688656771,0.000733003481766538,0.0520432472054242,0.0390324354040682,0.515851200293201
209273.411807,2693866.126422,0.0209212699577904,0.455679941273628,0,0.0205542301339695,0.0212883097816113,0.481556248853001
209773.411807,2693866.126422,0.0330093526499175,0.407665505226481,0.000183385292499542,0.0465798642948836,0.0379607555474051,0.474601136988814
210273.411807,2693866.126422,0.0469122228330585,0.298882169690306,0.000733003481766538,0.0963899578522998,0.0982224665567161,0.458860179585853
210773.411807,2693866.126422,0.107542668379519,0.089190677188475,0.00844191594788034,0.513305193613507,0.123141860891907,0.158377683978712
211273.411807,2693866.126422,0.0509811113148725,0.0394278378874014,0.00256739409499358,0.719053731890702,0.0808729139922978,0.107097010819732
211773.411807,2693866.126422,0.0576720690380972,0.0686171332351084,0.00168385603030941,0.71542833087771,0.0970322037465797,0.0595664070721953
205273.411807,2693366.126422,0,0.0498991010823702,0.870482480278848,0.0330214639515685,0.0174279948633278,0.0291689598238855
205773.411807,2693366.126422,0.0159340659340659,0.243040293040293,0,0.0358974358974359,0.0472527472527473,0.657875457875458
206273.411807,2693366.126422,0.0100917431192661,0.119449541284404,0,0.00018348623853211,0.00513761467889908,0.865137614678899
206773.411807,2693366.126422,0.0500825536598789,0.216657494037791,0.00110071546505228,0.0961291506145661,0.0766831773986425,0.559346908824069
207273.411807,2693366.126422,0.0294871794871795,0.185531135531136,0,0.00989010989010989,0.0258241758241758,0.749267399267399
207773.411807,2693366.126422,0.0497247706422018,0.195596330275229,0,0.0541284403669725,0.0500917431192661,0.65045871559633
208273.411807,2693366.126422,0.0847550908090259,0.10988809392772,0.00642084021280499,0.276646486883141,0.170427444505595,0.351862043661713
208773.411807,2693366.126422,0.0203296703296703,0.166849816849817,0,0.0443223443223443,0.056959706959707,0.711538461538462
209273.411807,2693366.126422,0.0614678899082569,0.188623853211009,0,0.0667889908256881,0.154678899082569,0.528440366972477
209773.411807,2693366.126422,0.0803522289488167,0.18693817648138,0.000366905155017428,0.0671436433681893,0.131168592918731,0.534030453127866
210273.411807,2693366.126422,0.0893772893772894,0.209340659340659,0.00164835164835165,0.131135531135531,0.0833333333333333,0.485164835164835
210773.411807,2693366.126422,0.0570642201834862,0.0700917431192661,0,0.112844036697248,0.0458715596330275,0.714128440366972
211273.411807,2693366.126422,0.0513667217024399,0.0302696752889378,0.00183452577508714,0.670152265639332,0.10273344340488,0.143643368189323
211773.411807,2693366.126422,0.0376604249947402,0.0208289501367557,0.000420786871449611,0.871028823900694,0.0643803913317905,0.00568062276456975
205273.411807,2692866.126422,0.00366300366300366,0.187362637362637,0.172893772893773,0.0534798534798535,0.0232600732600733,0.559340659340659
205773.411807,2692866.126422,0.0253025302530253,0.180601393472681,0.000183351668500183,0.0229189585625229,0.050971763843051,0.72002200220022
206273.411807,2692866.126422,0.0450549450549451,0.156593406593407,0,0.165934065934066,0.113919413919414,0.518498168498169
206773.411807,2692866.126422,0.0254578754578755,0.178388278388278,0,0.0206959706959707,0.0393772893772894,0.736080586080586
207273.411807,2692866.126422,0.0328199486615328,0.0482214888155482,0,0.0141180784745141,0.035020168683535,0.86982031536487
207773.411807,2692866.126422,0.0163003663003663,0.181684981684982,0.00164835164835165,0.00915750915750916,0.0622710622710623,0.728937728937729
208273.411807,2692866.126422,0.036996336996337,0.17014652014652,0,0.0293040293040293,0.0880952380952381,0.675457875457876
208773.411807,2692866.126422,0.0253025302530253,0.254125412541254,0,0.0102676934360103,0.0319031903190319,0.678401173450678
209273.411807,2692866.126422,0.0157509157509158,0.395238095238095,0,0.00787545787545788,0.036996336996337,0.544139194139194
209773.411807,2692866.126422,0.0184981684981685,0.441575091575092,0,0.0732600732600733,0.0173992673992674,0.449267399267399
210273.411807,2692866.126422,0.0696736340300697,0.252291895856252,0,0.0291529152915292,0.0777411074440777,0.571140447378071
210773.411807,2692866.126422,0.0639194139194139,0.173809523809524,0,0.163003663003663,0.115384615384615,0.483882783882784
211273.411807,2692866.126422,0.0501831501831502,0.0672161172161172,0,0.47948717948718,0.130586080586081,0.272527472527473
211773.411807,2692866.126422,0.155934343434343,0.0542929292929293,0,0.41540404040404,0.153829966329966,0.220538720538721
204773.411807,2692366.126422,0,0.0862543585979079,0.570563406129565,0.309231051569095,0.000734079647641769,0.0332171040557901
205273.411807,2692366.126422,0,0.366953970291583,0.00256739409499358,0.0247570144874381,0.0629011553273428,0.542820465798643
205773.411807,2692366.126422,0.0324354040681693,0.119113065787062,0,0.0240058640278541,0.141836173721825,0.682609492395089
206273.411807,2692366.126422,0.0535878142778491,0.210497338961277,0,0.0915764360433107,0.0328500642319692,0.611488346485594
206773.411807,2692366.126422,0.0190720704199523,0.10416284613974,0,0.0260407115349349,0.0485971025123785,0.802127269392995
207273.411807,2692366.126422,0.0117280557082646,0.147516950705516,0,0.00238226131574125,0.0214403518416712,0.816932380428807
207773.411807,2692366.126422,0.0256927876674619,0.106992108643788,0,0.00550559735731327,0.0442282987704166,0.81758120756102
208273.411807,2692366.126422,0.0251237850724372,0.149642398679626,0,0.055198973042362,0.0429121584448927,0.727122684760682
208773.411807,2692366.126422,0.0500274876305662,0.283122594832325,0,0.0243723657687374,0.0874106652006597,0.555066886567711
209273.411807,2692366.126422,0.0400073407964764,0.404661405762525,0,0.0198201504863278,0.0906588364837585,0.444852266470912
209773.411807,2692366.126422,0.0627177700348432,0.323308270676692,0.000183385292499542,0.0718870346598203,0.156244269209609,0.385659270126536
210273.411807,2692366.126422,0.0353674179952355,0.386292834890966,0,0.00384826827927433,0.0232728605460876,0.551218618288437
210773.411807,2692366.126422,0.036520462470178,0.277482106808589,0.000550559735731327,0.173059276931547,0.0675353275830428,0.444852266470912
211273.411807,2692366.126422,0.0907757197872731,0.117733357784706,0,0.318173482486705,0.114799193104713,0.358518246836604
211773.411807,2692366.126422,0.23363502420543,0.0399915807198485,0,0.1542833087771,0.110713533992844,0.461376552304778
204773.411807,2691866.126422,0,0.264770642201835,0.206422018348624,0.287339449541284,0.0190825688073394,0.222385321100917
205273.411807,2691866.126422,0,0.482296826270409,0.0862227114290956,0.11557512383049,0.0777838928636947,0.238121445606311
205773.411807,2691866.126422,0,0.443956043956044,0.00311355311355311,0.16996336996337,0.156043956043956,0.226923076923077
206273.411807,2691866.126422,0.0139449541284404,0.545688073394495,0.00440366972477064,0.159082568807339,0.0737614678899083,0.203119266055046
206773.411807,2691866.126422,0.00953953403045313,0.482847184002935,0.00403595670519171,0.00403595670519171,0.0440286186020914,0.455512749954137
207273.411807,2691866.126422,0.0338827838827839,0.152014652014652,0,0.000549450549450549,0.015018315018315,0.798534798534799
207773.411807,2691866.126422,0.018348623853211,0.10954128440367,0,0.00018348623853211,0.0181651376146789,0.853761467889908
208273.411807,2691866.126422,0.0418271876719868,0.228765364153366,0,0.0066042927903137,0.0379746835443038,0.684828471840029
208773.411807,2691866.126422,0.0126373626373626,0.138461538461538,0,0.00201465201465201,0.00915750915750916,0.837728937728938
209273.411807,2691866.126422,0.0324770642201835,0.135229357798165,0,0.0155963302752294,0.0790825688073395,0.737614678899083
209773.411807,2691866.126422,0.0196294257934324,0.222344523940561,0,0.00330214639515685,0.0383415886993212,0.716382315171528
210273.411807,2691866.126422,0.0452380952380952,0.283333333333333,0,0.0415750915750916,0.0820512820512821,0.547802197802198
210773.411807,2691866.126422,0.102018348623853,0.190825688073395,0,0.23743119266055,0.163302752293578,0.306422018348624
211273.411807,2691866.126422,0.31957439002018,0.0535681526325445,0,0.0343056319941295,0.127682993946065,0.464868831407081
211773.411807,2691866.126422,0.277719335156743,0.0721649484536082,0,0.0839469808541973,0.110035766884073,0.456132968651378
204773.411807,2691366.126422,0.00164835164835165,0.236996336996337,0.00952380952380952,0.0432234432234432,0.0327838827838828,0.675824175824176
205273.411807,2691366.126422,0.00293040293040293,0.256043956043956,0.0446886446886447,0.0214285714285714,0.118681318681319,0.556227106227106
205773.411807,2691366.126422,0.0022002200220022,0.285111844517785,0.0322698936560323,0.0931426475980931,0.0214521452145215,0.565823248991566
206273.411807,2691366.126422,0.0119047619047619,0.406959706959707,0.0721611721611722,0.286080586080586,0.0646520146520147,0.158241758241758
206773.411807,2691366.126422,0,0.4996336996337,0.0542124542124542,0.224908424908425,0.0668498168498168,0.154395604395604
207273.411807,2691366.126422,0,0.366336633663366,0.0407040704070407,0.106710671067107,0.106894022735607,0.379354602126879
207773.411807,2691366.126422,0.0111721611721612,0.162637362637363,0.0417582417582418,0.101465201465201,0.0842490842490843,0.598717948717949
208273.411807,2691366.126422,0.0146520146520147,0.1,0,0.000183150183150183,0.0364468864468864,0.848717948717949
208773.411807,2691366.126422,0.0223689035570224,0.105060506050605,0,0,0.0099009900990099,0.862669600293363
209273.411807,2691366.126422,0.0483516483516484,0.186630036630037,0,0.000183150183150183,0.010989010989011,0.753846153846154
209773.411807,2691366.126422,0.0785714285714286,0.143956043956044,0,0.0884615384615385,0.12014652014652,0.568864468864469
210273.411807,2691366.126422,0.063989732306564,0.178217821782178,0,0.127429409607627,0.154565456545655,0.475797579757976
210773.411807,2691366.126422,0.215018315018315,0.0833333333333333,0,0.00164835164835165,0.032051282051282,0.667948717948718
211273.411807,2691366.126422,0.459157509157509,0.00421245421245421,0,0.000366300366300366,0.0108058608058608,0.525457875457875
211773.411807,2691366.126422,0.345538720538721,0.0938552188552189,0,0.00736531986531987,0.07996632996633,0.473274410774411
203773.411807,2690866.126422,0,0.00733541169998166,0.926829268292683,0.0658353200073354,0,0
204273.411807,2690866.126422,0,0.132123877588419,0.704782847718527,0.130474619754444,0.00348176653839106,0.0291368884002199
204773.411807,2690866.126422,0.0466140576252523,0.191961827858323,0.0126628739218205,0.00495503762158194,0.0167003119838502,0.727105890989172
205273.411807,2690866.126422,0.0542820465798643,0.107463781404731,0,0.00788556757748029,0.0240234733174399,0.806345131120484
205773.411807,2690866.126422,0.0241891148982958,0.144768187648891,0,0.0853949056258017,0.0507604911123328,0.694887300714678
206273.411807,2690866.126422,0.00311983850247752,0.410167003119839,0,0.0181684712791338,0.0455129381537897,0.52303174894476
206773.411807,2690866.126422,0.0188886851274528,0.321107647166697,0,0.0280579497524299,0.34403080872914,0.28791490922428
207273.411807,2690866.126422,0.0124610591900312,0.350375664284405,0.00201575957485798,0.0595565328935312,0.000183250870441635,0.575407733186733
207773.411807,2690866.126422,0,0.308864011745274,0.0082583960359699,0.335474398972288,0.180216553496054,0.167186639750413
208273.411807,2690866.126422,0.000366770584999083,0.365670273244086,0.0053181734824867,0.393911608289015,0.0889418668622776,0.145791307537136
208773.411807,2690866.126422,0,0.189847901777533,0.0153930731170973,0.384460326186549,0.305845702767088,0.104452996151732
209273.411807,2690866.126422,0.00220223894292531,0.0677188474949532,0,0.119104422829877,0.295834097999633,0.515140392732611
209773.411807,2690866.126422,0.0187052998349532,0.0773885934348065,0,0.00128369704749679,0.0100861910874748,0.892536218595269
210273.411807,2690866.126422,0.0846619021440352,0.123511086677662,0,0.00586402785413231,0.0916254352208173,0.694337548103353
210773.411807,2690866.126422,0.0346852633510736,0.136355294549459,0,0.00660671682877592,0.034868783262984,0.787483942007708
211273.411807,2690866.126422,0.289565376856776,0.0997615991197506,0,0,0.013203741059967,0.597469282963506
211773.411807,2690866.126422,0.475268364554831,0.0639865291517575,0,0.00694590612502631,0.0429383287728899,0.410860871395496
204273.411807,2690366.126422,0.0010989010989011,0.16978021978022,0.505311355311355,0.0954212454212454,0.00586080586080586,0.222527472527473
204773.411807,2690366.126422,0.0462385321100917,0.343119266055046,0,0.0895412844036697,0.0594495412844037,0.461651376146789
205273.411807,2690366.126422,0.0447624289121262,0.262887543569987,0,0.0605393505778756,0.060906255732893,0.570904421207118
205773.411807,2690366.126422,0.0435897435897436,0.231318681318681,0,0.161904761904762,0.0846153846153846,0.478571428571429
206273.411807,2690366.126422,0.0522935779816514,0.13045871559633,0.00513761467889908,0.0519266055045872,0.0594495412844037,0.700733944954128
206773.411807,2690366.126422,0.0315538433314988,0.170243991928087,0.00275178866263071,0.0150431113557145,0.0432948082920565,0.737112456430013
207273.411807,2690366.126422,0.0322344322344322,0.251465201465201,0.00256410256410256,0.00732600732600733,0.0234432234432234,0.682967032967033
207773.411807,2690366.126422,0.0124770642201835,0.282018348623853,0,0.00220183486238532,0.0411009174311927,0.662201834862385
208273.411807,2690366.126422,0.0119244175380664,0.355531095211888,0,0.00953953403045313,0.0416437350944781,0.581361218125115
208773.411807,2690366.126422,0.00366300366300366,0.304395604395604,0,0.182783882783883,0.354029304029304,0.155128205128205
209273.411807,2690366.126422,0,0.167522935779817,0.00165137614678899,0.376880733944954,0.404770642201835,0.0491743119266055
209773.411807,2690366.126422,0.0372408732342689,0.188772702256467,0.00201797835259585,0.0831040176114474,0.143643368189323,0.545221060355898
210273.411807,2690366.126422,0.0225274725274725,0.232234432234432,0.000732600732600733,0.0322344322344322,0.174542124542125,0.537728937728938
210773.411807,2690366.126422,0.00660550458715596,0.288440366972477,0.00788990825688073,0.0491743119266055,0.0187155963302752,0.629174311926606
211273.411807,2690366.126422,0.0254999082737112,0.199046046596955,0.00550357732526142,0.0557695835626491,0.0746651990460466,0.639515685195377
211773.411807,2690366.126422,0.0990953082263833,0.294761203450452,0.00189354092152325,0.0189354092152325,0.0252472122869766,0.560067325899432
202773.411807,2689866.126422,0,0,0.901723505683902,0.0982764943160983,0,0
204273.411807,2689866.126422,0.00531719838650532,0.127612761276128,0.656032269893656,0.0575724239090576,0.028969563623029,0.124495782911624
204773.411807,2689866.126422,0.0131868131868132,0.623626373626374,0.000366300366300366,0.00238095238095238,0.00512820512820513,0.355311355311355
205273.411807,2689866.126422,0.0249084249084249,0.451648351648352,0,0.0362637362637363,0.00695970695970696,0.48021978021978
205773.411807,2689866.126422,0.0685735240190686,0.137330399706637,0.00055005500550055,0.0766409974330766,0.103593692702604,0.613311331133113
206273.411807,2689866.126422,0.0683150183150183,0.132234432234432,0,0.0010989010989011,0.00567765567765568,0.792673992673993
206773.411807,2689866.126422,0.0267399267399267,0.187912087912088,0,0.0032967032967033,0.032967032967033,0.749084249084249
207273.411807,2689866.126422,0.0647231389805647,0.185551888522186,0,0.00183351668500183,0.0163182984965163,0.731573157315732
207773.411807,2689866.126422,0.0283882783882784,0.344688644688645,0,0.00128205128205128,0.00567765567765568,0.61996336996337
208273.411807,2689866.126422,0.0305860805860806,0.210989010989011,0,0.0115384615384615,0.0340659340659341,0.712820512820513
208773.411807,2689866.126422,0.0374037403740374,0.103777044371104,0,0.072973964063073,0.0610561056105611,0.724789145581225
209273.411807,2689866.126422,0.0362637362637363,0.0564102564102564,0,0.000183150183150183,0.0505494505494506,0.856593406593407
209773.411807,2689866.126422,0.0695970695970696,0.243040293040293,0.00695970695970696,0.25,0.0498168498168498,0.380586080586081
210273.411807,2689866.126422,0.00678401173450678,0.453795379537954,0.0100843417675101,0.262009534286762,0.0947928126145948,0.172533920058673
210773.411807,2689866.126422,0.00494505494505494,0.322161172161172,0.0119047619047619,0.176007326007326,0.224175824175824,0.260805860805861
211273.411807,2689866.126422,0.00787545787545788,0.343223443223443,0.0230769230769231,0.227655677655678,0.223809523809524,0.174358974358974
211773.411807,2689866.126422,0.00168350168350168,0.374158249158249,0.00189393939393939,0.114478114478114,0.103745791245791,0.404040404040404
202273.411807,2689366.126422,0.0832569227947919,0.133321107647167,0,0.0385109114249037,0.0168714469099578,0.72803961122318
202773.411807,2689366.126422,0.177386842587502,0.0296866410115448,0.351108667766172,0.0872274143302181,0.00458127176104087,0.350009162543522
204273.411807,2689366.126422,0.01905809052593,0.18948140003665,0.422210005497526,0.105919003115265,0.118746564046179,0.14458493677845
204773.411807,2689366.126422,0.0710222059093412,0.370159662323362,0,0.119654982565608,0.101486511286475,0.337676637915214
205273.411807,2689366.126422,0.053181734824867,0.353383458646617,0,0.149825783972125,0.0979277461947552,0.345681276361636
205773.411807,2689366.126422,0.0630382994319223,0.224482316291002,0,0.0885101704233095,0.0907091808686091,0.533260032985157
206273.411807,2689366.126422,0.0717562855569829,0.117452743622683,0,0.0245916681959993,0.0623967700495504,0.723802532574784
206773.411807,2689366.126422,0.0513478818998716,0.133504492939666,0,0.0363102879149092,0.0838070786722905,0.695030258573262
207273.411807,2689366.126422,0.0399486897562763,0.15924500641378,0,0.0205240974894631,0.0776983690672531,0.702583837273227
207773.411807,2689366.126422,0.0359699027344467,0.140209212699578,0,0.00201871903101487,0.0341347036153423,0.787667461919618
208273.411807,2689366.126422,0.0128369704749679,0.205024757014487,0,0.00880249403997799,0.033192737942417,0.74014304052815
208773.411807,2689366.126422,0.0298698918819864,0.217702034084662,0.000733003481766538,0.0197910940076965,0.0725673446948873,0.659336631849001
209273.411807,2689366.126422,0.0860708386859974,0.141677371994861,0,0.210680858873188,0.159478803450174,0.402092126995779
209773.411807,2689366.126422,0.059600220062351,0.224463598019439,0,0.090408949202274,0.0746378140473134,0.550889418668623
210273.411807,2689366.126422,0.0520432472054242,0.564779182701118,0,0.00164925783397471,0.0205240974894631,0.36100421477002
210773.411807,2689366.126422,0.154707285740503,0.382455496421362,0,0.0541383740135805,0.0334006239677005,0.375298219856854
211273.411807,2689366.126422,0.0854575463047864,0.368604437924078,0.00623509994498441,0.0412616908123968,0.0533651201173666,0.445076104896387
211773.411807,2689366.126422,0.0178909703220375,0.374237002736266,0.0237844664281204,0.0947169017049042,0.102925699852663,0.386444958956009
201773.411807,2688866.126422,0.538165137614679,0.0203669724770642,0,0.0845871559633028,0.120366972477064,0.23651376146789
202273.411807,2688866.126422,0.693817648137956,0,0,0,0,0.306182351862044
202773.411807,2688866.126422,0.643589743589744,0.0120879120879121,0,0.000183150183150183,0.00750915750915751,0.336630036630037
203273.411807,2688866.126422,0.659633027522936,0.0106422018348624,0.00311926605504587,0.031743119266055,0.00770642201834862,0.287155963302752
203773.411807,2688866.126422,0.194826637314254,0.0427444505595304,0.49495505411851,0.139423958906623,0.0159603742432581,0.112089524857824
204273.411807,2688866.126422,0.0512820512820513,0.383699633699634,0.00970695970695971,0.0450549450549451,0.0445054945054945,0.465750915750916
204773.411807,2688866.126422,0.0385321100917431,0.437064220183486,0,0.0495412844036697,0.0229357798165138,0.451926605504587
205273.411807,2688866.126422,0.0220143093010457,0.367638965327463,0,0.016694184553293,0.0187121629058888,0.57494037791231
205773.411807,2688866.126422,0.0652014652014652,0.267216117216117,0,0.0981684981684982,0.114468864468864,0.454945054945055
206273.411807,2688866.126422,0.0176146788990826,0.240366972477064,0,0.000917431192660551,0.00293577981651376,0.738165137614679
206773.411807,2688866.126422,0.0753990093560815,0.29389102916896,0,0.00715465052283985,0.0368739680792515,0.586681342872867
207273.411807,2688866.126422,0.043956043956044,0.215018315018315,0,0.00238095238095238,0.0192307692307692,0.719413919413919
207773.411807,2688866.126422,0.0234862385321101,0.345688073394495,0,0,0.00697247706422018,0.623853211009174
208273.411807,2688866.126422,0.0339387268391121,0.292056503393873,0,0.0238488350761328,0.0990643918547056,0.551091542836177
208773.411807,2688866.126422,0.0481684981684982,0.121978021978022,0.000732600732600733,0.113003663003663,0.166300366300366,0.54981684981685
209273.411807,2688866.126422,0.106238532110092,0.152660550458716,0.00018348623853211,0.206238532110092,0.143853211009174,0.390825688073395
209773.411807,2688866.126422,0.0964960557695836,0.204916529077234,0,0.0623738763529628,0.132819666116309,0.503393872683911
210273.411807,2688866.126422,0.223443223443223,0.193406593406593,0.000915750915750916,0.129120879120879,0.13956043956044,0.313553113553114
210773.411807,2688866.126422,0.387889908256881,0.122935779816514,0,0.0143119266055046,0.0587155963302752,0.416146788990826
211273.411807,2688866.126422,0.314070812694918,0.163089341405247,0,0.00953953403045313,0.0363236103467254,0.476976701522656
211773.411807,2688866.126422,0.218809173153798,0.176730486008837,0,0.0250368188512518,0.104144750683779,0.475278771302335
201773.411807,2688366.126422,0.644139194139194,0.00256410256410256,0,0.00146520146520147,0.0115384615384615,0.34029304029304
202273.411807,2688366.126422,0.648534798534799,0,0,0,0,0.351465201465201
202773.411807,2688366.126422,0.605977264393106,0.00055005500550055,0,0,0,0.393472680601393
203273.411807,2688366.126422,0.291941391941392,0.0230769230769231,0,0.418498168498169,0.0604395604395604,0.206043956043956
203773.411807,2688366.126422,0.18974358974359,0.0690476190476191,0.0970695970695971,0.329304029304029,0.0659340659340659,0.248901098901099
204273.411807,2688366.126422,0.0135680234690136,0.464613127979465,0,0.0194352768610194,0.0348368170150348,0.467546754675468
204773.411807,2688366.126422,0.06996336996337,0.308058608058608,0.000366300366300366,0.132234432234432,0.0695970695970696,0.41978021978022
205273.411807,2688366.126422,0.0313186813186813,0.406043956043956,0,0.00860805860805861,0.0164835164835165,0.537545787545788
205773.411807,2688366.126422,0.0390539053905391,0.198019801980198,0,0.081958195819582,0.10964429776311,0.571323799046571
206273.411807,2688366.126422,0.0265567765567766,0.176373626373626,0,0.0032967032967033,0.0521978021978022,0.741575091575092
206773.411807,2688366.126422,0.0276556776556777,0.260622710622711,0,0.0164835164835165,0.0983516483516483,0.596886446886447
207273.411807,2688366.126422,0.0773744041070774,0.236707004033737,0.000366703337000367,0.156398973230656,0.172533920058673,0.356618995232857
207773.411807,2688366.126422,0.0586080586080586,0.246703296703297,0,0.00769230769230769,0.0683150183150183,0.618681318681319
208273.411807,2688366.126422,0.0948717948717949,0.0565934065934066,0,0.0272893772893773,0.0377289377289377,0.783516483516484
208773.411807,2688366.126422,0.088008800880088,0.131279794646131,0.017968463513018,0.0995599559955996,0.0891089108910891,0.574074074074074
209273.411807,2688366.126422,0.0846153846153846,0.181318681318681,0,0.0217948717948718,0.101282051282051,0.610989010989011
209773.411807,2688366.126422,0.321245421245421,0.112454212454212,0,0.023992673992674,0.0571428571428571,0.485164835164835
210273.411807,2688366.126422,0.167583425009168,0.295929592959296,0,0.000183351668500183,0.0185185185185185,0.517785111844518
210773.411807,2688366.126422,0.120695970695971,0.434065934065934,0,0.00201465201465201,0.00750915750915751,0.435714285714286
211273.411807,2688366.126422,0.0523809523809524,0.588461538461538,0,0.0181318681318681,0.0225274725274725,0.318498168498168
211773.411807,2688366.126422,0.0776515151515152,0.336910774410774,0,0.0206228956228956,0.0204124579124579,0.544402356902357
201273.411807,2687866.126422,0.253252702950339,0.0734835990470955,0.0104452996151732,0.211288253619205,0.0883269195528679,0.36320322521532
201773.411807,2687866.126422,0.410350523031749,0.0367039823820885,0,0.0559735731326849,0.0965314736648926,0.400440447788585
202273.411807,2687866.126422,0.584448927196039,0,0,0,0,0.415551072803961
202773.411807,2687866.126422,0.67711196628184,0.00128275609309144,0,0.00128275609309144,0.00201575957485798,0.318306761957119
203273.411807,2687866.126422,0.395118370343182,0.02073775004588,0.0354193429987154,0.00972655533125344,0.00422095797394017,0.534777023307029
203773.411807,2687866.126422,0.341280029341647,0.0302585732624244,0.00788556757748029,0.00385109114249037,0.0104529616724739,0.606271777003484
204273.411807,2687866.126422,0.0370166758292102,0.26791277258567,0.0678028220634048,0.0425142019424592,0.0382994319223016,0.546454095656954
204773.411807,2687866.126422,0.0433106992108644,0.180033033584144,0.00697375665259681,0.15764360433107,0.120939621948981,0.491099284272344
205273.411807,2687866.126422,0.0377773702549056,0.166147075004585,0,0.0289748762149276,0.113515496057216,0.653585182468366
205773.411807,2687866.126422,0.0775151181968114,0.1905809052593,0,0.0617555433388309,0.15246472420744,0.517683708997618
206273.411807,2687866.126422,0.0315654248485961,0.317122407781244,0,0.011194714626537,0.0341347036153423,0.60598274912828
206773.411807,2687866.126422,0.0757381258023107,0.290298918026774,0.000550155877498625,0.0603337612323492,0.0867412433522831,0.486337795708784
207273.411807,2687866.126422,0.0824628916987356,0.205424225765072,0,0.133956386292835,0.0819131390874107,0.496243357155946
207773.411807,2687866.126422,0.0359699027344467,0.165351440631308,0,0.0629473297852817,0.0552394934850431,0.68049183336392
208273.411807,2687866.126422,0.0856409315972859,0.113515496057216,0.00238400880249404,0.16798092792958,0.210342930496974,0.42013570511645
208773.411807,2687866.126422,0.0903426791277259,0.150815466373465,0,0.0258383727322705,0.132123877588419,0.60087960417812
209273.411807,2687866.126422,0.124977060011011,0.176362635345935,0,0.00238575885483575,0.0139475133051936,0.682327032483024
209773.411807,2687866.126422,0.266458830001834,0.0797726022373006,0,0.000916926462497708,0.0418118466898955,0.611039794608472
210273.411807,2687866.126422,0.230346344145135,0.222466556716144,0,0.00109950522264981,0.0122778083195895,0.533809785596482
210773.411807,2687866.126422,0.135804734813727,0.255276197467425,0,0.105340429436594,0.269957790420261,0.233620847861993
211273.411807,2687866.126422,0.0518980377773703,0.505226480836237,0,0.0154043645699615,0.0297084173849257,0.397762699431506
211773.411807,2687866.126422,0.0801936434434856,0.530204167543675,0,0.0202062723637129,0.0620921911176594,0.307303725531467
199273.411807,2687366.126422,0,0,0.980519480519481,0.0194805194805195,0,0
199773.411807,2687366.126422,0,0,1,0,0,0
200273.411807,2687366.126422,0,0.0743119266055046,0.760733944954128,0.110275229357798,0.0165137614678899,0.0381651376146789
200773.411807,2687366.126422,0.000366905155017428,0.0201797835259585,0.676389653274629,0.272610530177949,0.0229315721885892,0.00752155567785727
201273.411807,2687366.126422,0.0142857142857143,0.0254578754578755,0.404945054945055,0.463919413919414,0.0152014652014652,0.0761904761904762
201773.411807,2687366.126422,0.0299082568807339,0.0803669724770642,0.0139449541284404,0.63394495412844,0.108073394495413,0.133761467889908
202273.411807,2687366.126422,0.201247477527059,0.0355898000366905,0.000550357732526142,0.314437717849936,0.0689781691432765,0.379196477710512
202773.411807,2687366.126422,0.249084249084249,0.0415750915750916,0,0.11025641025641,0.105311355311355,0.493772893772894
203273.411807,2687366.126422,0.140917431192661,0.0469724770642202,0.00018348623853211,0.295963302752294,0.13651376146789,0.379449541284404
203773.411807,2687366.126422,0.0752155567785727,0.215923683727756,0,0.142175747569253,0.15978719501009,0.406897816914328
204273.411807,2687366.126422,0.0730769230769231,0.163369963369963,0.000732600732600733,0.238461538461538,0.123260073260073,0.401098901098901
204773.411807,2687366.126422,0.0642201834862385,0.256880733944954,0.0706422018348624,0.139449541284404,0.103853211009174,0.364954128440367
205273.411807,2687366.126422,0.0399926618968997,0.300311869381765,0,0.0733810310034856,0.0671436433681893,0.519170794349661
205773.411807,2687366.126422,0.0516483516483516,0.183516483516484,0,0.14029304029304,0.133699633699634,0.490842490842491
206273.411807,2687366.126422,0.0660550458715596,0.17302752293578,0.00073394495412844,0.228073394495413,0.126238532110092,0.405871559633028
206773.411807,2687366.126422,0.0946615299944964,0.292790313703908,0,0.16400660429279,0.0746651990460466,0.373876352962759
207273.411807,2687366.126422,0.0604395604395604,0.352564102564103,0,0.0626373626373626,0.0826007326007326,0.441758241758242
207773.411807,2687366.126422,0.0820183486238532,0.237614678899083,0,0.109908256880734,0.101834862385321,0.468623853211009
208273.411807,2687366.126422,0.0697119794533113,0.219959640432948,0,0.208952485782425,0.173546138323243,0.327829756008072
208773.411807,2687366.126422,0.0496336996336996,0.293040293040293,0,0.00146520146520147,0.0126373626373626,0.643223443223443
209273.411807,2687366.126422,0.075045871559633,0.0121100917431193,0,0,0.00513761467889908,0.907706422018349
209773.411807,2687366.126422,0.202715098147129,0.173362685745735,0,0,0.0137589433131535,0.610163272793983
210273.411807,2687366.126422,0.175824175824176,0.26025641025641,0,0.0142857142857143,0.0326007326007326,0.517032967032967
210773.411807,2687366.126422,0.109174311926606,0.159082568807339,0,0.261284403669725,0.203119266055046,0.267339449541284
211273.411807,2687366.126422,0.150614566134654,0.330214639515685,0,0.0541185103650706,0.0893414052467437,0.375710878737846
211773.411807,2687366.126422,0.339364611824111,0.0938354723332632,0,0.0223017041868294,0.0481800967809804,0.496318114874816
199773.411807,2686866.126422,0,0,0.965163182984965,0.0348368170150348,0,0
200273.411807,2686866.126422,0,0,0.817948717948718,0.182051282051282,0,0
200773.411807,2686866.126422,0.000915750915750916,0.00183150183150183,0.454029304029304,0.543223443223443,0,0
201273.411807,2686866.126422,0.00238357169050238,0.0190685735240191,0.351851851851852,0.592959295929593,0.0267693436010268,0.00696736340300697
201773.411807,2686866.126422,0.00714285714285714,0.0159340659340659,0.176923076923077,0.786080586080586,0.0124542124542125,0.00146520146520147
202273.411807,2686866.126422,0.00347985347985348,0.0108058608058608,0.296153846153846,0.668315018315018,0.0102564102564103,0.010989010989011
202773.411807,2686866.126422,0.00568390172350568,0.0231023102310231,0.274844151081775,0.576824349101577,0.0104510451045105,0.109094242757609
203273.411807,2686866.126422,0.0547619047619048,0.207509157509158,0.000366300366300366,0.231318681318681,0.119413919413919,0.386630036630037
203773.411807,2686866.126422,0.0606227106227106,0.126007326007326,0.000366300366300366,0.376373626373626,0.24047619047619,0.196153846153846
204273.411807,2686866.126422,0.0551888522185552,0.20957095709571,0,0.223872387238724,0.0940594059405941,0.417308397506417
204773.411807,2686866.126422,0.0228937728937729,0.564102564102564,0,0.00842490842490842,0.0021978021978022,0.402380952380952
