"x","y","forest","agri","water","built","other","grass"
198773.411807,2516366.126422,0.135279696902162,0.0837976376197905,0.0755515934923111,0.343436594606641,0.151771785157121,0.210162692221975
199273.411807,2516366.126422,0.0838378279214823,0.173729590900752,0.107136305265089,0.149697303247111,0.132819666116309,0.352779306549257
199773.411807,2516366.126422,0.121245421245421,0.209340659340659,0.107875457875458,0.184065934065934,0.093956043956044,0.283516483516484
200273.411807,2516366.126422,0.17651376146789,0.0871559633027523,0.0722935779816514,0.0471559633027523,0.216330275229358,0.400550458715596
200773.411807,2516366.126422,0.481196110805357,0.0719134103834159,0.0365070629242341,0.0245826453861677,0.0565033938726839,0.329297376628142
201273.411807,2516366.126422,0.289377289377289,0.173443223443223,0.00164835164835165,0.00201465201465201,0.0360805860805861,0.497435897435897
201773.411807,2516366.126422,0.0405504587155963,0.888990825688073,0,0,0.0106422018348624,0.0598165137614679
202273.411807,2516366.126422,0.390387084938543,0.182902219776188,0,0,0.0227481196110805,0.403962575674188
202773.411807,2516366.126422,0.215201465201465,0.225091575091575,0.00695970695970696,0.0179487179487179,0.0877289377289377,0.447069597069597
203273.411807,2516366.126422,0.145871559633028,0.146422018348624,0.00623853211009174,0.121834862385321,0.272844036697248,0.306788990825688
203773.411807,2516366.126422,0.143826820766832,0.115208218675472,0.0155934690882407,0.0798018712162906,0.233535131168593,0.412034489084572
204273.411807,2516366.126422,0.153479853479853,0.168315018315018,0.00842490842490842,0.0531135531135531,0.141575091575092,0.475091575091575
204773.411807,2516366.126422,0.22256880733945,0.193394495412844,0.00293577981651376,0.0132110091743119,0.0636697247706422,0.504220183486239
205273.411807,2516366.126422,0.225646670335718,0.075032104201064,0.00642084021280499,0.0148596587782058,0.113190240322877,0.56485048614933
205773.411807,2516366.126422,0.4503663003663,0.0591575091575092,0.0032967032967033,0.0032967032967033,0.0362637362637363,0.447619047619048
206273.411807,2516366.126422,0.38954128440367,0.0295412844036697,0.00073394495412844,0.00293577981651376,0.0442201834862385,0.53302752293578
206773.411807,2516366.126422,0.25536598789213,0.0377912309667951,0.0304531278664465,0.0326545587965511,0.0977802238121446,0.545954870665933
207273.411807,2516366.126422,0.357692307692308,0.0274725274725275,0,0.0021978021978022,0.0305860805860806,0.582051282051282
207773.411807,2516366.126422,0.316330275229358,0.0875229357798165,0.0372477064220183,0.0488073394495413,0.135045871559633,0.375045871559633
208273.411807,2516366.126422,0.335718216840947,0.0436617134470739,0.00366905155017428,0.0394423041643735,0.072463768115942,0.50504494588149
208773.411807,2516366.126422,0.503296703296703,0.0347985347985348,0.00860805860805861,0.00989010989010989,0.0302197802197802,0.413186813186813
209273.411807,2516366.126422,0.196146788990826,0.169174311926606,0.0236697247706422,0.25045871559633,0.107522935779817,0.25302752293578
209773.411807,2516366.126422,0.0133920381581361,0.144377178499358,0.0286186020913594,0.535314621170427,0.0427444505595304,0.235553109521189
210273.411807,2516366.126422,0.231868131868132,0.0987179487179487,0,0.00293040293040293,0.0668498168498168,0.5996336996337
210773.411807,2516366.126422,0.307155963302752,0.0376146788990826,0,0.0374311926605505,0.146238532110092,0.471559633027523
211273.411807,2516366.126422,0.363977115801933,0.0181495363977116,0,0.00493193923850858,0.0224896429275991,0.590451765634247
198773.411807,2515866.126422,0.129003558718861,0.155249110320285,0.10520462633452,0.0838523131672598,0.137233096085409,0.389457295373665
199273.411807,2515866.126422,0.0796703296703297,0.21996336996337,0.127655677655678,0.17014652014652,0.0846153846153846,0.317948717948718
199773.411807,2515866.126422,0.104693802713605,0.136230289695636,0.127796112944628,0.0971763843050972,0.112761276127613,0.421342134213421
200273.411807,2515866.126422,0.29981684981685,0.126190476190476,0.0032967032967033,0.0205128205128205,0.0573260073260073,0.492857142857143
200773.411807,2515866.126422,0.179487179487179,0.174175824175824,0.0628205128205128,0.0256410256410256,0.178205128205128,0.37967032967033
201273.411807,2515866.126422,0.303263659699303,0.0903923725705904,0.0223689035570224,0.0209020902090209,0.07004033736707,0.493032636596993
201773.411807,2515866.126422,0.243406593406593,0.120695970695971,0.00311355311355311,0.00476190476190476,0.0998168498168498,0.528205128205128
202273.411807,2515866.126422,0.0677655677655678,0.121611721611722,0.0234432234432234,0.0417582417582418,0.187179487179487,0.558241758241758
202773.411807,2515866.126422,0.125595892922626,0.164283094976164,0.0363036303630363,0.0764576457645765,0.214704803813715,0.382654932159883
203273.411807,2515866.126422,0.163736263736264,0.132234432234432,0.0128205128205128,0.0269230769230769,0.0379120879120879,0.626373626373626
203773.411807,2515866.126422,0.207142857142857,0.0866300366300366,0.00750915750915751,0.0496336996336996,0.145970695970696,0.503113553113553
204273.411807,2515866.126422,0.158049138247158,0.11991199119912,0.0264026402640264,0.205720572057206,0.203337000366703,0.286578657865787
204773.411807,2515866.126422,0.106043956043956,0.0347985347985348,0,0.393956043956044,0.328205128205128,0.136996336996337
205273.411807,2515866.126422,0.185347985347985,0.0584249084249084,0.00128205128205128,0.0489010989010989,0.103479853479853,0.602564102564103
205773.411807,2515866.126422,0.236156949028236,0.0848918225155849,0,0.0115511551155116,0.046021268793546,0.621378804547121
206273.411807,2515866.126422,0.421062271062271,0.0637362637362637,0,0.0119047619047619,0.0826007326007326,0.420695970695971
206773.411807,2515866.126422,0.39047619047619,0.015018315018315,0,0.00897435897435897,0.0510989010989011,0.534432234432234
207273.411807,2515866.126422,0.284011734506784,0.0559222588925559,0.000916758342500917,0.0517051705170517,0.17033370003667,0.437110377704437
207773.411807,2515866.126422,0.303113553113553,0.0695970695970696,0.00787545787545788,0.0155677655677656,0.0998168498168498,0.504029304029304
208273.411807,2515866.126422,0.393406593406593,0.0553113553113553,0.0119047619047619,0.00549450549450549,0.0543956043956044,0.47948717948718
208773.411807,2515866.126422,0.31023102310231,0.0476714338100477,0.0146681334800147,0.00641730839750642,0.0403373670700403,0.580674734140081
209273.411807,2515866.126422,0.378754578754579,0.0648351648351648,0.0146520146520147,0.0598901098901099,0.0580586080586081,0.423809523809524
209773.411807,2515866.126422,0.0434065934065934,0.0842490842490843,0.0868131868131868,0.721794871794872,0.00897435897435897,0.0547619047619048
210273.411807,2515866.126422,0.181701503483682,0.123945727906124,0,0.142647598093143,0.0454712137880455,0.506233956729006
210773.411807,2515866.126422,0.244505494505494,0.0164835164835165,0.00128205128205128,0.06996336996337,0.256593406593407,0.411172161172161
211273.411807,2515866.126422,0.343577620173365,0.0380220646178093,0,0.00137903861308117,0.0163514578408195,0.600669818754925
198773.411807,2515366.126422,0.120098039215686,0.156417112299465,0.0728609625668449,0.110294117647059,0.161096256684492,0.379233511586453
199273.411807,2515366.126422,0.11608289015221,0.268842838804328,0.0377773702549056,0.135705116449661,0.0960938932697598,0.345497891069136
199773.411807,2515366.126422,0.155946490745831,0.0936411947956753,0.0350009162543522,0.161627267729522,0.138537658053876,0.415246472420744
200273.411807,2515366.126422,0.196549825656084,0.0963479537529822,0.0282620664342081,0.114883464855937,0.115801064415489,0.4481556248853
200773.411807,2515366.126422,0.165596919127086,0.0887584815697781,0.00568494406748579,0.124335228314689,0.278562259306804,0.337062167614157
201273.411807,2515366.126422,0.240058640278541,0.159061755543339,0.0108118013560564,0.0111783030969397,0.121312076232362,0.457577423492762
201773.411807,2515366.126422,0.285189943108827,0.0658836483758488,0.000734079647641769,0.0372545421178198,0.184804551293815,0.426133235456047
202273.411807,2515366.126422,0.171465248487071,0.113148725472217,0.0168714469099578,0.0412616908123968,0.122868145974693,0.534384742343664
202773.411807,2515366.126422,0.18270111783031,0.117830309693971,0.0047645226314825,0.0309693971046362,0.111966281839839,0.551768370899762
203273.411807,2515366.126422,0.164433841071756,0.237841805835933,0.00734079647641769,0.0277115066984768,0.0877225178931914,0.474949532024225
203773.411807,2515366.126422,0.176966807262058,0.127086007702182,0.0276911791674308,0.0986612873647534,0.224280212726939,0.345314505776637
204273.411807,2515366.126422,0.135239142385926,0.0377496793109767,0.000916254352208173,0.334249587685542,0.297232911856331,0.194612424409016
204773.411807,2515366.126422,0.108827307762892,0.0726738851165352,0.00293631859056708,0.180400073407965,0.328317122407781,0.306845292714259
205273.411807,2515366.126422,0.275444709334311,0.0529983495323675,0.00916926462497708,0.101228681459747,0.133504492939666,0.427654502108931
205773.411807,2515366.126422,0.204874473153747,0.051676745464541,0.00494777350192413,0.00678028220634048,0.0540590067802822,0.677661718893165
206273.411807,2515366.126422,0.310332171040558,0.0902917966599376,0.00642319691686548,0.0209212699577904,0.109561387410534,0.462470178014315
206773.411807,2515366.126422,0.294700165046763,0.0504309554373739,0.000916926462497708,0.0262240968274344,0.180451127819549,0.447276728406382
207273.411807,2515366.126422,0.0795308777716694,0.030602895363753,0.000916254352208173,0.249404434671065,0.481400036650174,0.158145501191131
207773.411807,2515366.126422,0.208478619930262,0.0662506881996697,0,0.0548724536612222,0.269407230684529,0.400991007524316
208273.411807,2515366.126422,0.220612506876948,0.143223913442142,0.000550155877498625,0.0216394645149459,0.0733541169998166,0.540619842288648
208773.411807,2515366.126422,0.384460326186549,0.0842954004031519,0,0.0172255818215137,0.0408649441084845,0.473153747480301
209273.411807,2515366.126422,0.39438429069554,0.0277115066984768,0,0.00880895577170123,0.0273444668746559,0.541750779959626
209773.411807,2515366.126422,0.140839904639648,0.134421419402164,0.0254905556574363,0.265541903539336,0.0977443609022556,0.33596185585916
210273.411807,2515366.126422,0.01905809052593,0.269378779549203,0.021073850100788,0.597947590251054,0.00604727872457394,0.0864944108484515
210773.411807,2515366.126422,0.193246467241696,0.0981831528720866,0,0.0082583960359699,0.0640484492567444,0.636263534593503
211273.411807,2515366.126422,0.157957010451587,0.17393019128377,0,0.00532439361072767,0.0368763557483731,0.625912048905541
198773.411807,2514866.126422,0.0777802540673055,0.192779139737018,0.062402496099844,0.109872966347225,0.121907733452195,0.435257410296412
199273.411807,2514866.126422,0.111172261970281,0.199963309484498,0.0313703907539901,0.166391487800404,0.081452944413869,0.409649605576958
199773.411807,2514866.126422,0.249450549450549,0.108974358974359,0.0173992673992674,0.080952380952381,0.150549450549451,0.392673992673993
200273.411807,2514866.126422,0.113761467889908,0.12348623853211,0.0102752293577982,0.162752293577982,0.127706422018349,0.462018348623853
200773.411807,2514866.126422,0.267473858007705,0.139057053751605,0.0207301412584847,0.0649422124380847,0.162355531095212,0.345441203448908
201273.411807,2514866.126422,0.246153846153846,0.117032967032967,0.00293040293040293,0.0234432234432234,0.198534798534799,0.411904761904762
201773.411807,2514866.126422,0.220733944954128,0.10605504587156,0.0544954128440367,0.0203669724770642,0.0972477064220184,0.501100917431193
202273.411807,2514866.126422,0.203448908457164,0.152449091909741,0.0809025866813429,0.0163272793982755,0.124747752705926,0.422124380847551
202773.411807,2514866.126422,0.301648351648352,0.106043956043956,0.00659340659340659,0.0113553113553114,0.0554945054945055,0.518864468864469
203273.411807,2514866.126422,0.191192660550459,0.159633027522936,0.0280733944954128,0.0546788990825688,0.0996330275229358,0.466788990825688
203773.411807,2514866.126422,0.133370023848835,0.22821500642084,0.0091726288754357,0.0509998165474225,0.117960007338103,0.460282516969363
204273.411807,2514866.126422,0.171245421245421,0.114652014652015,0.0166666666666667,0.1,0.258058608058608,0.339377289377289
204773.411807,2514866.126422,0.180733944954128,0.0658715596330275,0.00330275229357798,0.035045871559633,0.177798165137615,0.537247706422018
205273.411807,2514866.126422,0.197945331131902,0.193725921849202,0.00605393505778756,0.0566868464501926,0.182902219776188,0.362685745734728
205773.411807,2514866.126422,0.224725274725275,0.0763736263736264,0.00128205128205128,0.0173992673992674,0.0820512820512821,0.598168498168498
206273.411807,2514866.126422,0.280183486238532,0.0739449541284404,0.00018348623853211,0.00458715596330275,0.0341284403669725,0.60697247706422
206773.411807,2514866.126422,0.261970280682444,0.104567969179967,0.00366905155017428,0.0132085855806274,0.0898917629792699,0.526692350027518
207273.411807,2514866.126422,0.233882783882784,0.0450549450549451,0,0.0373626373626374,0.181868131868132,0.501831501831502
207773.411807,2514866.126422,0.349357798165138,0.0897247706422018,0.00036697247706422,0.0381651376146789,0.0748623853211009,0.447522935779816
208273.411807,2514866.126422,0.265822784810127,0.0493487433498441,0,0.00935608145294441,0.0836543753439736,0.591818015043111
208773.411807,2514866.126422,0.17985347985348,0.0510989010989011,0,0.00677655677655678,0.0732600732600733,0.689010989010989
209273.411807,2514866.126422,0.310825688073395,0.0222018348623853,0,0.00018348623853211,0.015045871559633,0.651743119266055
209773.411807,2514866.126422,0.284718400293524,0.0275178866263071,0,0.00495321959273528,0.0741148413135205,0.608695652173913
210273.411807,2514866.126422,0.00238095238095238,0.0796703296703297,0.171978021978022,0.378388278388278,0.0368131868131868,0.330769230769231
210773.411807,2514866.126422,0.11302752293578,0.241100917431193,0.135045871559633,0.342201834862385,0,0.168623853211009
211273.411807,2514866.126422,0.144407180903531,0.12645492207536,0,0.000197277569540343,0.00374827382126652,0.725192345630302
198773.411807,2514366.126422,0.0998665480427046,0.13767793594306,0.000667259786476868,0.0369217081850534,0.14279359430605,0.582072953736655
199273.411807,2514366.126422,0.177655677655678,0.0622710622710623,0.0161172161172161,0.030952380952381,0.105494505494505,0.607509157509157
199773.411807,2514366.126422,0.428492849284928,0.026035936927026,0.00055005500550055,0.000733406674000733,0.0135680234690136,0.530619728639531
200273.411807,2514366.126422,0.345787545787546,0.117765567765568,0.000732600732600733,0.0263736263736264,0.0401098901098901,0.469230769230769
200773.411807,2514366.126422,0.182600732600733,0.405677655677656,0,0.0210622710622711,0.0826007326007326,0.308058608058608
201273.411807,2514366.126422,0.0685735240190686,0.434360102676934,0.0128346167950128,0.0212687935460213,0.239090575724239,0.223872387238724
201773.411807,2514366.126422,0.0880952380952381,0.31996336996337,0.0996336996336996,0.0820512820512821,0.178388278388278,0.231868131868132
202273.411807,2514366.126422,0.0926739926739927,0.135347985347985,0.0523809523809524,0.101831501831502,0.213369963369963,0.404395604395604
202773.411807,2514366.126422,0.127246057939127,0.14008067473414,0.0513384671800513,0.105243857719105,0.23028969563623,0.345801246791346
203273.411807,2514366.126422,0.224175824175824,0.0756410256410256,0.0135531135531136,0.0827838827838828,0.225274725274725,0.378571428571429
203773.411807,2514366.126422,0.166483516483516,0.043956043956044,0.00567765567765568,0.0133699633699634,0.141025641025641,0.629487179487179
204273.411807,2514366.126422,0.134763476347635,0.109094242757609,0.00623395672900623,0.0185185185185185,0.116795012834617,0.614594792812615
204773.411807,2514366.126422,0.176556776556777,0.111538461538462,0.0104395604395604,0.0375457875457875,0.112271062271062,0.551648351648352
205273.411807,2514366.126422,0.141758241758242,0.174908424908425,0.0135531135531136,0.00952380952380952,0.106227106227106,0.554029304029304
205773.411807,2514366.126422,0.350568390172351,0.0297029702970297,0,0.00385038503850385,0.0357535753575358,0.58012467913458
206273.411807,2514366.126422,0.243223443223443,0.0756410256410256,0.00274725274725275,0.0194139194139194,0.071978021978022,0.586996336996337
206773.411807,2514366.126422,0.261172161172161,0.0468864468864469,0.00714285714285714,0.01996336996337,0.10952380952381,0.555311355311355
207273.411807,2514366.126422,0.126696002933627,0.0454712137880455,0,0.0282361569490282,0.163182984965163,0.636413641364136
207773.411807,2514366.126422,0.113369963369963,0.0514652014652015,0,0.0172161172161172,0.0723443223443224,0.745604395604396
208273.411807,2514366.126422,0.15952380952381,0.0282051282051282,0,0.00183150183150183,0.00915750915750916,0.801282051282051
208773.411807,2514366.126422,0.22992299229923,0.0229189585625229,0,0.00256692335900257,0.0458379171250458,0.698753208654199
209273.411807,2514366.126422,0.244505494505494,0.0271062271062271,0,0.00421245421245421,0.030952380952381,0.693223443223443
209773.411807,2514366.126422,0.393406593406593,0.00787545787545788,0,0.00183150183150183,0.0313186813186813,0.565567765567766
210273.411807,2514366.126422,0.124862486248625,0.0192519251925193,0,0.00366703337000367,0.0537220388705537,0.798496516318299
210773.411807,2514366.126422,0.0043956043956044,0.105128205128205,0.0573260073260073,0.46996336996337,0.000549450549450549,0.362637362637363
211273.411807,2514366.126422,0.094956658786446,0.227541371158392,0.0719070133963751,0.228723404255319,0.00669818754925138,0.370173364854216
198773.411807,2513866.126422,0.256461675579323,0.106729055258467,0.00779857397504456,0.0563725490196078,0.223930481283422,0.348707664884135
199273.411807,2513866.126422,0.229598386209426,0.0607005318173482,0,0.0467632495873831,0.215294333394462,0.447643498991381
199773.411807,2513866.126422,0.367417995235477,0.0670698185816383,0.000549752611324904,0.0142935678944475,0.166025288620121,0.384643577056991
200273.411807,2513866.126422,0.384290695540466,0.0198201504863278,0.0012846393833731,0.000917599559552211,0.0434942191227748,0.550192695907506
200773.411807,2513866.126422,0.101778837337246,0.662571061800844,0.000550155877498625,0.0157711351549606,0.0141206675224647,0.205208142306987
201273.411807,2513866.126422,0.0329851566794942,0.933113432288803,0,0,0.00439802089059923,0.0295033901411032
201773.411807,2513866.126422,0.14534777023307,0.432372912461002,0.022389429253074,0.039823820884566,0.1036887502294,0.256377316938888
202273.411807,2513866.126422,0.207592151109481,0.11204841371722,0.00733541169998166,0.075187969924812,0.187786539519531,0.410049514028975
202773.411807,2513866.126422,0.201209455744915,0.0701850833791461,0.0128275609309144,0.0723840938244457,0.174454828660436,0.468938977460143
203273.411807,2513866.126422,0.18241879243898,0.0623967700495504,0.0289961460818499,0.0464305377133419,0.282437144430171,0.397320609286108
203773.411807,2513866.126422,0.158261507427104,0.0649183935448377,0.0170548322024574,0.0456629378323858,0.194755180634513,0.519347148358702
204273.411807,2513866.126422,0.165109034267913,0.225398570643211,0.0232728605460876,0.0302363936228697,0.0819131390874107,0.474070001832509
204773.411807,2513866.126422,0.279867865663424,0.304643053771334,0,0.00403743806202973,0.0277115066984768,0.383740135804735
205273.411807,2513866.126422,0.102512378507244,0.0520814230698698,0.00623509994498441,0.01998899688245,0.167430772052081,0.651751329543371
205773.411807,2513866.126422,0.510353674179952,0.0172255818215137,0,0.0042147700201576,0.0668865677111966,0.40131940626718
206273.411807,2513866.126422,0.299688016149752,0.0695540466140576,0,0.00403743806202973,0.0194531106625069,0.607267388511654
206773.411807,2513866.126422,0.267559141756831,0.0496974142673758,0.0166880616174583,0.0128369704749679,0.061984228864845,0.591234183018522
207273.411807,2513866.126422,0.312442734102987,0.0458127176104087,0.00403151914971596,0.00513102437236577,0.0679860729338464,0.564595931830676
207773.411807,2513866.126422,0.17012295834098,0.060561570930446,0,0.00697375665259681,0.0561570930445953,0.706184621031382
208273.411807,2513866.126422,0.273794241701815,0.0122868145974693,0.000550155877498625,0.0130203557674674,0.0524481936548689,0.64790023840088
208773.411807,2513866.126422,0.236943375481034,0.0153930731170973,0,0.00238226131574125,0.0227231079347627,0.722558182151365
209273.411807,2513866.126422,0.24885300055056,0.0451458983299688,0,0.0106441548908057,0.0359699027344467,0.659387043494219
209773.411807,2513866.126422,0.209242618741977,0.0324591967724189,0,0.0784889051898038,0.282963506326793,0.396845772969008
210273.411807,2513866.126422,0.275242807403335,0.0249221183800623,0,0.153380978559648,0.276342312625985,0.270111783030969
210773.411807,2513866.126422,0.0367039823820885,0.0401908607083869,0,0.00385391815011929,0.0244081482840888,0.894843090475317
211273.411807,2513866.126422,0.0049299940840071,0.100966278840465,0.0396371524354171,0.456123052652337,0.00552159337408795,0.392821928613686
198773.411807,2513366.126422,0.147091597949632,0.147760196122131,0,0.00200579451749499,0.00802317806997994,0.695119233340762
199273.411807,2513366.126422,0.144193725921849,0.107136305265089,0.0124747752705926,0.00440286186020914,0.0475142175747569,0.684278114107503
199773.411807,2513366.126422,0.221794871794872,0.0437728937728938,0.000915750915750916,0.0119047619047619,0.0772893772893773,0.644322344322344
200273.411807,2513366.126422,0.142752293577982,0.254128440366972,0,0.000917431192660551,0.00146788990825688,0.600733944954128
200773.411807,2513366.126422,0.0344890845716382,0.878554393689231,0,0,0.000550357732526142,0.0864061640066043
201273.411807,2513366.126422,0.393040293040293,0.143223443223443,0.000183150183150183,0.00567765567765568,0.0509157509157509,0.406959706959707
201773.411807,2513366.126422,0.0735779816513761,0.441651376146789,0,0.00807339449541284,0.0394495412844037,0.437247706422018
202273.411807,2513366.126422,0.132819666116309,0.385250412768299,0.000183452577508714,0.0555861309851403,0.130067877453678,0.296092460099064
202773.411807,2513366.126422,0.0620879120879121,0.488461538461538,0.00421245421245421,0.0155677655677656,0.0820512820512821,0.347619047619048
203273.411807,2513366.126422,0.111926605504587,0.331376146788991,0.00385321100917431,0.00825688073394495,0.0422018348623853,0.502385321100917
203773.411807,2513366.126422,0.0992478444322143,0.2610530177949,0,0.0513667217024399,0.183636030086223,0.404696385984223
204273.411807,2513366.126422,0.208791208791209,0.0917582417582418,0.0315018315018315,0.0274725274725275,0.11978021978022,0.520695970695971
204773.411807,2513366.126422,0.44256880733945,0.0196330275229358,0,0.0168807339449541,0.0952293577981651,0.425688073394495
205273.411807,2513366.126422,0.240139423958907,0.000550357732526142,0.000550357732526142,0.0113740598055403,0.0302696752889378,0.717116125481563
205773.411807,2513366.126422,0.264102564102564,0.084981684981685,0.0318681318681319,0.106043956043956,0.2003663003663,0.312637362637363
206273.411807,2513366.126422,0.299816513761468,0.141467889908257,0.0220183486238532,0.107889908256881,0.144403669724771,0.284403669724771
206773.411807,2513366.126422,0.323059988992845,0.0913593835993396,0.0177949000183453,0.107870115575124,0.219042377545405,0.240873234268941
207273.411807,2513366.126422,0.207142857142857,0.0641025641025641,0.000549450549450549,0.0419413919413919,0.195238095238095,0.491025641025641
207773.411807,2513366.126422,0.395045871559633,0.0561467889908257,0,0.00697247706422018,0.131192660550459,0.410642201834862
208273.411807,2513366.126422,0.170243991928087,0.0579710144927536,0.00752155567785727,0.00495321959273528,0.0198128783709411,0.739497339937626
208773.411807,2513366.126422,0.3003663003663,0.0503663003663004,0.00183150183150183,0.0206959706959707,0.0807692307692308,0.545970695970696
209273.411807,2513366.126422,0.339633027522936,0.04,0,0.0271559633027523,0.100917431192661,0.492293577981651
209773.411807,2513366.126422,0.185103650706292,0.029535864978903,0.000183452577508714,0.0638414969730325,0.231884057971014,0.489451476793249
210273.411807,2513366.126422,0.326007326007326,0.0184981684981685,0,0.00293040293040293,0.0214285714285714,0.631135531135531
210773.411807,2513366.126422,0.240550458715596,0.0522935779816514,0,0.0431192660550459,0.132293577981651,0.531743119266055
211273.411807,2513366.126422,0.227263760110475,0.00217005326494378,0,0.000197277569540343,0.00631288222529098,0.764056026829749
198773.411807,2512866.126422,0.0527135231316726,0.80338078291815,0,0.000444839857651246,0.00266903914590747,0.140791814946619
199273.411807,2512866.126422,0.0847985347985348,0.675091575091575,0,0.000915750915750916,0.0194139194139194,0.21978021978022
199773.411807,2512866.126422,0.152365236523652,0.308030803080308,0.00183351668500183,0.00586725339200587,0.0352035203520352,0.496699669966997
200273.411807,2512866.126422,0.00952380952380952,0.945604395604396,0,0,0.00366300366300366,0.0412087912087912
200773.411807,2512866.126422,0.0858974358974359,0.664468864468864,0.000183150183150183,0.0208791208791209,0.171245421245421,0.0573260073260073
201273.411807,2512866.126422,0.133846718005134,0.398239823982398,0,0.00293362669600293,0.0319031903190319,0.433076640997433
201773.411807,2512866.126422,0.336446886446886,0.102380952380952,0.00476190476190476,0.0895604395604396,0.217948717948718,0.248901098901099
202273.411807,2512866.126422,0.208241758241758,0.0791208791208791,0.000549450549450549,0.168681318681319,0.281868131868132,0.261538461538462
202773.411807,2512866.126422,0.0832416574990832,0.0718738540520719,0,0.137330399706637,0.302346901356802,0.405207187385405
203273.411807,2512866.126422,0.0732600732600733,0.0642857142857143,0,0.0558608058608059,0.195604395604396,0.610989010989011
203773.411807,2512866.126422,0.205677655677656,0.107142857142857,0,0.00970695970695971,0.0593406593406593,0.618131868131868
204273.411807,2512866.126422,0.055005500550055,0.0806747341400807,0,0.00183351668500183,0.0132013201320132,0.849284928492849
204773.411807,2512866.126422,0.172161172161172,0.197252747252747,0,0,0.013003663003663,0.617582417582418
205273.411807,2512866.126422,0.0388278388278388,0.312820512820513,0,0.00494505494505494,0.0241758241758242,0.619230769230769
205773.411807,2512866.126422,0.493399339933993,0.0210854418775211,0.00476714338100477,0.00825082508250825,0.0414374770810414,0.431059772643931
206273.411807,2512866.126422,0.132051282051282,0.103663003663004,0,0,0.000732600732600733,0.763553113553114
206773.411807,2512866.126422,0.356593406593407,0.0426739926739927,0,0.00824175824175824,0.0805860805860806,0.511904761904762
207273.411807,2512866.126422,0.470847084708471,0.0375870920425376,0,0.0357535753575358,0.079024569123579,0.376787678767877
207773.411807,2512866.126422,0.46043956043956,0.00549450549450549,0,0.00641025641025641,0.030952380952381,0.496703296703297
208273.411807,2512866.126422,0.42985347985348,0.015018315018315,0,0.00842490842490842,0.0463369963369963,0.5003663003663
208773.411807,2512866.126422,0.347268060139347,0.0201686835350202,0,0.00953428676200953,0.0705903923725706,0.552438577191052
209273.411807,2512866.126422,0.356410256410256,0.0333333333333333,0,0.0366300366300366,0.114468864468864,0.459157509157509
209773.411807,2512866.126422,0.303663003663004,0.0380952380952381,0,0.00146520146520147,0.0146520146520147,0.642124542124542
210273.411807,2512866.126422,0.378621195452879,0.00403373670700403,0,0.00586725339200587,0.0375870920425376,0.573890722405574
210773.411807,2512866.126422,0.288827838827839,0.0227106227106227,0,0.00311355311355311,0.0216117216117216,0.663736263736264
211273.411807,2512866.126422,0.281126871552403,0.0512214342001576,0,0.008274231678487,0.0427501970055162,0.616627265563436
198773.411807,2512366.126422,0.0053475935828877,0.816399286987522,0,0,0.000222816399286988,0.178030303030303
199273.411807,2512366.126422,0.0223730056849441,0.0847240051347882,0.0452961672473868,0.000733541169998166,0.00715202640748212,0.839721254355401
199773.411807,2512366.126422,0.316840754993586,0.142569177203592,0,0.0328019058090526,0.119113065787062,0.388675096206707
200273.411807,2512366.126422,0.126445219306295,0.603596990273445,0,0.0034868783262984,0.0183519911910442,0.248118920902918
200773.411807,2512366.126422,0.0773885934348065,0.842288648450394,0,0.00201723821749496,0.0291582615074271,0.0491472583898771
201273.411807,2512366.126422,0.18160161260766,0.108851017042331,0.0130108118013561,0.0557082646142569,0.29704966098589,0.343778632948507
201773.411807,2512366.126422,0.279133786015783,0.131400256927877,0.00991007524316388,0.015782712424298,0.051018535511103,0.512754633877776
202273.411807,2512366.126422,0.293599853291766,0.17183201907207,0.066385475884834,0.0141206675224647,0.113148725472217,0.340913258756648
202773.411807,2512366.126422,0.0798973795125527,0.128825361920469,0,0.133956386292835,0.231812351108668,0.425508521165476
203273.411807,2512366.126422,0.175445035786383,0.0196366305744173,0.00403743806202973,0.0741420444118187,0.12038906221325,0.606349788952101
203773.411807,2512366.126422,0.376856776086558,0.0150375939849624,0,0.00880249403997799,0.152209792774619,0.447093343113882
204273.411807,2512366.126422,0.132123877588419,0.045629466739967,0,0.0148433205057724,0.0586402785413231,0.748763056624519
204773.411807,2512366.126422,0.319141126812259,0.0675353275830428,0,0.00862543585979079,0.0488162965681776,0.55588181317673
205273.411807,2512366.126422,0.332844305886668,0.0761048963873097,0,0.0172382174949569,0.0814230698697964,0.492389510361269
205773.411807,2512366.126422,0.524280740333517,0.0280373831775701,0,0.0161260765988638,0.0930914421843504,0.338464357705699
206273.411807,2512366.126422,0.43971370893742,0.0183519911910442,0.00110111947146265,0.0541383740135805,0.149752248118921,0.336942558267572
206773.411807,2512366.126422,0.306803594351733,0.0504309554373739,0.000183385292499542,0.0671190170548322,0.165230148542087,0.410232899321474
207273.411807,2512366.126422,0.492211838006231,0.0426974528129009,0,0.00842954004031519,0.0694520798973795,0.387209089243174
207773.411807,2512366.126422,0.437694989906405,0.0167003119838502,0,0.00165167920719398,0.0183519911910442,0.525601027711507
208273.411807,2512366.126422,0.433522831468916,0.0465798642948836,0,0.00128369704749679,0.017604988079956,0.501008619108747
208773.411807,2512366.126422,0.345427890782481,0.0309693971046362,0,0.0128275609309144,0.0580905259299982,0.55268462525197
209273.411807,2512366.126422,0.448522664709121,0.0299137456414021,0,0.0130299137456414,0.051018535511103,0.457515140392733
209773.411807,2512366.126422,0.30386942967174,0.0282413350449294,0,0,0.0267742527049331,0.641114982578397
210273.411807,2512366.126422,0.424775517683709,0.0298698918819864,0,0.00274876305662452,0.0295033901411032,0.513102437236577
210773.411807,2512366.126422,0.432005872637181,0.0201871903101487,0,0.0132134336575518,0.104606349788952,0.429987153606166
211273.411807,2512366.126422,0.273910471307434,0.0278051666338,0,0.0138039834352199,0.0909090909090909,0.593571287714455
198773.411807,2511866.126422,0.165589480722086,0.26810786717183,0.00713171383998217,0.0062402496099844,0.0269667929574326,0.525963895698685
199273.411807,2511866.126422,0.138873601174097,0.390203632361035,0.0201797835259585,0.00201797835259585,0.0440286186020914,0.404696385984223
199773.411807,2511866.126422,0.320879120879121,0.176007326007326,0,0.00347985347985348,0.0443223443223443,0.455311355311355
200273.411807,2511866.126422,0.336697247706422,0.113577981651376,0.00018348623853211,0.02,0.153394495412844,0.376146788990826
200773.411807,2511866.126422,0.315171528159971,0.0554026784076316,0.0106402494955054,0.0354063474591818,0.219592735277931,0.36378646119978
201273.411807,2511866.126422,0.254212454212454,0.116666666666667,0.00750915750915751,0.013003663003663,0.0970695970695971,0.511538461538461
201773.411807,2511866.126422,0.153577981651376,0.292477064220183,0,0.0102752293577982,0.108440366972477,0.435229357798165
202273.411807,2511866.126422,0.192074848651624,0.272977435332966,0.0513667217024399,0.0640249495505412,0.128600256833609,0.29095578792882
202773.411807,2511866.126422,0.181318681318681,0.0882783882783883,0.0133699633699634,0.0245421245421245,0.045970695970696,0.646520146520147
203273.411807,2511866.126422,0.23651376146789,0.201834862385321,0.0332110091743119,0.0401834862385321,0.112660550458716,0.375596330275229
203773.411807,2511866.126422,0.27536231884058,0.0221977618785544,0.000366905155017428,0.0412768299394606,0.279398275545771,0.381397908640616
204273.411807,2511866.126422,0.38003663003663,0.0195970695970696,0.0010989010989011,0.0254578754578755,0.152197802197802,0.421611721611722
204773.411807,2511866.126422,0.392293577981651,0.0207339449541284,0,0.0352293577981651,0.14605504587156,0.405688073394495
205273.411807,2511866.126422,0.481746468537883,0.0110071546505228,0.000550357732526142,0.0201797835259585,0.113740598055403,0.372775637497707
205773.411807,2511866.126422,0.406593406593407,0.0106227106227106,0.00183150183150183,0.0210622710622711,0.135347985347985,0.424542124542125
206273.411807,2511866.126422,0.188623853211009,0.0253211009174312,0.00055045871559633,0.187522935779817,0.425137614678899,0.172844036697248
206773.411807,2511866.126422,0.439919280865896,0.0229315721885892,0,0.0487983856173179,0.0966795083470923,0.391671252981104
207273.411807,2511866.126422,0.521245421245421,0.00256410256410256,0.000183150183150183,0.00164835164835165,0.0371794871794872,0.437179487179487
207773.411807,2511866.126422,0.534495412844037,0.0284403669724771,0,0.00238532110091743,0.02,0.414678899082569
208273.411807,2511866.126422,0.4336818932306,0.0148596587782058,0,0.0066042927903137,0.0432948082920565,0.501559346908824
208773.411807,2511866.126422,0.322344322344322,0.0611721611721612,0,0.0032967032967033,0.0298534798534799,0.583333333333333
209273.411807,2511866.126422,0.30256880733945,0.105137614678899,0,0.0018348623853211,0.0212844036697248,0.569174311926606
209773.411807,2511866.126422,0.362135388002201,0.0473307649972482,0,0.0130251330031187,0.0251330031186938,0.552375710878738
210273.411807,2511866.126422,0.447619047619048,0.0428571428571429,0,0.0152014652014652,0.0545787545787546,0.43974358974359
210773.411807,2511866.126422,0.366605504587156,0.0381651376146789,0.00660550458715596,0.0478899082568807,0.166788990825688,0.37394495412844
211273.411807,2511866.126422,0.447228250147958,0.0293943578615111,0,0.00690471493391201,0.0295916354310515,0.486881041625567
198773.411807,2511366.126422,0.213078291814947,0.135231316725979,0.0129003558718861,0.12144128113879,0.123887900355872,0.393460854092527
199273.411807,2511366.126422,0.18974358974359,0.223992673992674,0,0.0507326007326007,0.126007326007326,0.40952380952381
199773.411807,2511366.126422,0.173634030069674,0.152365236523652,0.00293362669600293,0.129079574624129,0.276310964429776,0.265676567656766
200273.411807,2511366.126422,0.315934065934066,0.0681318681318681,0.000183150183150183,0.0322344322344322,0.215384615384615,0.368131868131868
200773.411807,2511366.126422,0.346520146520147,0.0891941391941392,0,0.00256410256410256,0.0496336996336996,0.512087912087912
201273.411807,2511366.126422,0.454345434543454,0.109094242757609,0,0.00898423175650898,0.0740740740740741,0.353502016868353
201773.411807,2511366.126422,0.323809523809524,0.0236263736263736,0.0267399267399267,0.0122710622710623,0.121611721611722,0.491941391941392
202273.411807,2511366.126422,0.196520146520147,0.0377289377289377,0.0371794871794872,0.028021978021978,0.147435897435897,0.553113553113553
202773.411807,2511366.126422,0.407224055738907,0.013017968463513,0,0.0247524752475248,0.122295562889622,0.432709937660433
203273.411807,2511366.126422,0.260622710622711,0.0285714285714286,0.00641025641025641,0.0351648351648352,0.100732600732601,0.568498168498168
203773.411807,2511366.126422,0.257509157509157,0.0205128205128205,0.0104395604395604,0.0642857142857143,0.256043956043956,0.391208791208791
204273.411807,2511366.126422,0.2999633296663,0.0253025302530253,0.0022002200220022,0.0152181884855152,0.131279794646131,0.526035936927026
204773.411807,2511366.126422,0.382234432234432,0.0426739926739927,0.000732600732600733,0.0124542124542125,0.084981684981685,0.476923076923077
205273.411807,2511366.126422,0.467948717948718,0.017032967032967,0,0.00641025641025641,0.0454212454212454,0.463186813186813
205773.411807,2511366.126422,0.327466079941327,0.0326365969930326,0.00128346167950128,0.0504217088375504,0.176751008434177,0.411441144114411
206273.411807,2511366.126422,0.114652014652015,0.032051282051282,0.000366300366300366,0.33003663003663,0.417765567765568,0.105128205128205
206773.411807,2511366.126422,0.294139194139194,0.0293040293040293,0.000732600732600733,0.112637362637363,0.288278388278388,0.274908424908425
207273.411807,2511366.126422,0.465163182984965,0.011001100110011,0,0.00806747341400807,0.0484048404840484,0.467363403006967
207773.411807,2511366.126422,0.415018315018315,0.0159340659340659,0,0.0201465201465201,0.116666666666667,0.432234432234432
208273.411807,2511366.126422,0.365018315018315,0.0441391941391941,0,0.0186813186813187,0.0620879120879121,0.51007326007326
208773.411807,2511366.126422,0.333149981664833,0.055005500550055,0,0.0172350568390172,0.0814081408140814,0.513201320132013
209273.411807,2511366.126422,0.262454212454212,0.0558608058608059,0,0.0135531135531136,0.0415750915750916,0.626556776556777
209773.411807,2511366.126422,0.322161172161172,0.0384615384615385,0,0.0221611721611722,0.258058608058608,0.359157509157509
210273.411807,2511366.126422,0.45031169783645,0.0254858819215255,0,0.0044004400440044,0.0273193986065273,0.492482581591492
210773.411807,2511366.126422,0.438827838827839,0.00989010989010989,0,0.000915750915750916,0.00897435897435897,0.541391941391941
211273.411807,2511366.126422,0.412726556343578,0.0124113475177305,0,0.0177304964539007,0.0380220646178093,0.519109535066982
198773.411807,2510866.126422,0.179812834224599,0.236631016042781,0.0320855614973262,0.089795008912656,0.13458110516934,0.327094474153298
199273.411807,2510866.126422,0.244819365486888,0.151476251604621,0,0.110031175499725,0.178067119017055,0.315606088391711
199773.411807,2510866.126422,0.167308044713212,0.369433754810335,0,0.0307861462341946,0.124060839288987,0.308411214953271
200273.411807,2510866.126422,0.213800697375665,0.27821618645623,0.000367039823820885,0.00679023674068636,0.0724903652046247,0.428335474398972
200773.411807,2510866.126422,0.362919493856593,0.102695763799743,0,0.00476801760498808,0.0412616908123968,0.488355033926279
201273.411807,2510866.126422,0.383177570093458,0.117280557082646,0.000549752611324904,0.00714678394722375,0.0498442367601246,0.442001099505223
201773.411807,2510866.126422,0.348137272894109,0.0396403009726555,0,0.0467975775371628,0.146265369792623,0.41915947880345
202273.411807,2510866.126422,0.264624977076838,0.0192554557124519,0,0.0359435173299101,0.15587749862461,0.524298551256189
202773.411807,2510866.126422,0.384277075316108,0.0287703866593366,0,0.00842954004031519,0.0604727872457394,0.518050210738501
203273.411807,2510866.126422,0.38172141677372,0.00532207744540283,0,0.015782712424298,0.0818498807120573,0.515323912644522
203773.411807,2510866.126422,0.298918026774253,0.00916926462497708,0.0245736291949386,0.101962222629745,0.205391527599487,0.3599853291766
204273.411807,2510866.126422,0.312992486714312,0.0269378779549203,0.0350009162543522,0.107385010078798,0.131574124977094,0.386109584020524
204773.411807,2510866.126422,0.34024591668196,0.0200036703982382,0.0034868783262984,0.0385391815011929,0.172692237107726,0.425032115984584
205273.411807,2510866.126422,0.342380341096644,0.0152209792774619,0.000183385292499542,0.0143040528149642,0.0916926462497708,0.536218595268659
205773.411807,2510866.126422,0.440901594282573,0.0174088326919553,0,0.00696353307678211,0.0410481949789262,0.493677844969764
