"x","y","forest","agri","water","built","other","grass"
160773.411807,2571866.126422,0.0318681318681319,0.135164835164835,0.0727106227106227,0.22032967032967,0.232783882783883,0.307142857142857
161273.411807,2571866.126422,0.0348623853211009,0.109174311926606,0.274311926605505,0.154678899082569,0.172110091743119,0.254862385321101
161773.411807,2571866.126422,0.0194459732159237,0.11263988259035,0.223078334250596,0.0649422124380847,0.155384333149881,0.424509264355164
162273.411807,2571866.126422,0.00934065934065934,0.352564102564103,0.000549450549450549,0.0445054945054945,0.0899267399267399,0.503113553113553
162773.411807,2571866.126422,0.0225688073394495,0.485871559633028,0.00073394495412844,0.0557798165137615,0.0689908256880734,0.36605504587156
163273.411807,2571866.126422,0.0310034855989727,0.430379746835443,0.0143093010456797,0.0528343423225096,0.0864061640066043,0.385066960190791
163773.411807,2571866.126422,0.0556776556776557,0.0772893772893773,0,0.344322344322344,0.303479853479853,0.219230769230769
164273.411807,2571866.126422,0.0478899082568807,0.318899082568807,0,0.0805504587155963,0.107155963302752,0.445504587155963
164773.411807,2571866.126422,0.0354063474591818,0.221977618785544,0.0348559897266557,0.0889745000917263,0.15685195376995,0.461933590166942
165273.411807,2571866.126422,0.0122710622710623,0.54010989010989,0.101098901098901,0.0445054945054945,0.0465201465201465,0.255494505494505
165773.411807,2571866.126422,0.0227522935779817,0.527889908256881,0.00330275229357798,0.0423853211009174,0.04,0.363669724770642
166273.411807,2571866.126422,0.107503210420106,0.181801504311136,0.0768666299761512,0.105485232067511,0.151531829022198,0.376811594202899
166773.411807,2571866.126422,0.00695970695970696,0.105677655677656,0.396703296703297,0.173260073260073,0.166849816849817,0.150549450549451
167273.411807,2571866.126422,0.0658715596330275,0.122385321100917,0.15045871559633,0.22256880733945,0.148623853211009,0.290091743119266
167773.411807,2571866.126422,0.147679324894515,0.187121629058888,0.0258668134287287,0.105301779490002,0.14841313520455,0.385617317923317
168273.411807,2571866.126422,0.0368131868131868,0.421978021978022,0.00311355311355311,0.138644688644689,0.0646520146520147,0.334798534798535
168773.411807,2571866.126422,0.0677064220183486,0.256697247706422,0,0.0462385321100917,0.0851376146788991,0.544220183486239
169273.411807,2571866.126422,0.00642084021280499,0.117226197028068,0.239955971381398,0.294991744634012,0.161621720785177,0.17978352595854
169773.411807,2571866.126422,0.00586080586080586,0.214652014652015,0.274725274725275,0.186446886446886,0.1003663003663,0.217948717948718
170273.411807,2571866.126422,0.0128440366972477,0.0965137614678899,0.479082568807339,0.0913761467889908,0.109174311926606,0.211009174311927
170773.411807,2571866.126422,0.0132085855806274,0.062190423775454,0.527059255182535,0.111539167125298,0.164190056870299,0.121812511465786
171273.411807,2571866.126422,0.030952380952381,0.526556776556777,0.00421245421245421,0.0487179487179487,0.0331501831501832,0.356410256410256
171773.411807,2571866.126422,0.016697247706422,0.57302752293578,0.00128440366972477,0.00678899082568807,0.075045871559633,0.327155963302752
172273.411807,2571866.126422,0.00348559897266557,0.649422124380848,0,0.0221977618785544,0.0335718216840947,0.291322693083838
172773.411807,2571866.126422,0.013003663003663,0.568498168498168,0.00494505494505494,0.0137362637362637,0.0161172161172161,0.383699633699634
160773.411807,2571366.126422,0.0595892922625596,0.125779244591126,0,0.228456178951228,0.220755408874221,0.365419875320865
161273.411807,2571366.126422,0.0584249084249084,0.131684981684982,0.0360805860805861,0.302197802197802,0.162820512820513,0.308791208791209
161773.411807,2571366.126422,0.0990842490842491,0.105677655677656,0.00274725274725275,0.278205128205128,0.254212454212454,0.26007326007326
162273.411807,2571366.126422,0.0443711037770444,0.291712504583792,0,0.0744407774110744,0.173634030069674,0.415841584158416
162773.411807,2571366.126422,0.0276556776556777,0.355128205128205,0,0.023992673992674,0.149450549450549,0.443772893772894
163273.411807,2571366.126422,0.0769230769230769,0.378021978021978,0,0.0228937728937729,0.126739926739927,0.395421245421245
163773.411807,2571366.126422,0.0394206087275394,0.167400073340667,0,0.304547121378805,0.205353868720205,0.283278327832783
164273.411807,2571366.126422,0.071978021978022,0.144139194139194,0,0.199267399267399,0.228205128205128,0.356410256410256
164773.411807,2571366.126422,0.0734432234432234,0.396703296703297,0,0.0754578754578755,0.134065934065934,0.32032967032967
165273.411807,2571366.126422,0.0482214888155482,0.448111477814448,0,0.0966263292995966,0.104143747708104,0.302896956362303
165773.411807,2571366.126422,0.0326007326007326,0.398168498168498,0.000549450549450549,0.0683150183150183,0.0915750915750916,0.408791208791209
166273.411807,2571366.126422,0.0468864468864469,0.128754578754579,0.0697802197802198,0.0434065934065934,0.121428571428571,0.58974358974359
166773.411807,2571366.126422,0.143381004767143,0.0562889622295563,0.10964429776311,0.202603593692703,0.187935460212688,0.3001466813348
167273.411807,2571366.126422,0.0503663003663004,0.0397435897435897,0.00274725274725275,0.568315018315018,0.111172161172161,0.227655677655678
167773.411807,2571366.126422,0.0485347985347985,0.0772893772893773,0.363003663003663,0.236630036630037,0.0864468864468864,0.188095238095238
168273.411807,2571366.126422,0.0445544554455446,0.146314631463146,0.156032269893656,0.196736340300697,0.186651998533187,0.26971030436377
168773.411807,2571366.126422,0.0194139194139194,0.269047619047619,0.0571428571428571,0.0862637362637363,0.108241758241758,0.45989010989011
169273.411807,2571366.126422,0.0197802197802198,0.136080586080586,0.230586080586081,0.243772893772894,0.167948717948718,0.201831501831502
169773.411807,2571366.126422,0.00696736340300697,0.198019801980198,0.162999633296663,0.343601026769344,0.145581224789146,0.142830949761643
170273.411807,2571366.126422,0.00732600732600733,0.181135531135531,0.036996336996337,0.443772893772894,0.116300366300366,0.214468864468864
170773.411807,2571366.126422,0.0197802197802198,0.124175824175824,0.35970695970696,0.133882783882784,0.111172161172161,0.251282051282051
171273.411807,2571366.126422,0.0207187385405207,0.260909424275761,0.163916391639164,0.11991199119912,0.131829849651632,0.302713604693803
171773.411807,2571366.126422,0.028021978021978,0.24029304029304,0.231501831501832,0.123443223443223,0.121794871794872,0.254945054945055
172273.411807,2571366.126422,0.0131868131868132,0.226739926739927,0.285531135531136,0.0684981684981685,0.120879120879121,0.285164835164835
172773.411807,2571366.126422,0.0403373670700403,0.286578657865787,0.0601393472680601,0.179317931793179,0.121012101210121,0.312614594792813
160773.411807,2570866.126422,0.00659703133589885,0.453362653472604,0,0.00274876305662452,0.0637713029136888,0.473520249221184
161273.411807,2570866.126422,0.00679023674068636,0.362635345935034,0,0.0959809139291613,0.108827307762892,0.425766195632226
161773.411807,2570866.126422,0.0267742527049331,0.345497891069136,0,0.0242068586099395,0.142306986979644,0.461214010636347
162273.411807,2570866.126422,0.00659703133589885,0.419644493311343,0.000549752611324904,0.0207073483599047,0.178669598680594,0.373831775700935
162773.411807,2570866.126422,0.0203707102220591,0.229766929711874,0.0047715177096715,0.0227564690768948,0.162965681776473,0.559368691503028
163273.411807,2570866.126422,0.0370438290849074,0.310654685494223,0.0493306436823767,0.0757381258023107,0.105079772602237,0.422152943333945
163773.411807,2570866.126422,0.0613890415979476,0.139637163276526,0.171889316474253,0.106835257467473,0.119479567527946,0.400769653655855
164273.411807,2570866.126422,0.0600110111947146,0.110662506881997,0.17012295834098,0.13268489631125,0.171040557900532,0.355478069370527
164773.411807,2570866.126422,0.06400146708234,0.179717586649551,0.0368604437924078,0.0586832935998533,0.0984779020722538,0.562259306803594
165273.411807,2570866.126422,0.0714678394722375,0.222466556716144,0,0.198643943558732,0.186915887850467,0.320505772402419
165773.411807,2570866.126422,0.0513855753349238,0.0273444668746559,0.0113782345384474,0.558267572031565,0.238575885483575,0.113048265736832
166273.411807,2570866.126422,0.0460297084173849,0.00916926462497708,0,0.647716853108381,0.205391527599487,0.0916926462497708
166773.411807,2570866.126422,0.099321971779366,0.186549386109584,0,0.227047828477185,0.0844786512735936,0.402602162360271
167273.411807,2570866.126422,0.0277115066984768,0.0677188474949532,0.000367039823820885,0.631124977060011,0.113965865296385,0.159111763626353
167773.411807,2570866.126422,0.125068769484687,0.0900421786172749,0.0313588850174216,0.27196038877682,0.22391344214194,0.257656335961856
168273.411807,2570866.126422,0.0652373098772219,0.117647058823529,0.117097306212205,0.146783947223749,0.157778999450247,0.395455378413047
168773.411807,2570866.126422,0.123141860891907,0.313084969719215,0.0620297302257295,0.0963479537529822,0.0978161130482657,0.307579372361901
169273.411807,2570866.126422,0.0753713552173116,0.453695213643866,0.000183385292499542,0.0735375022923162,0.0922428021272694,0.304969741426738
169773.411807,2570866.126422,0.0723840938244457,0.129741616272677,0.172988821696903,0.129741616272677,0.164376030786146,0.33076782114715
170273.411807,2570866.126422,0.0220223894292531,0.0820334006239677,0.0880895577170123,0.363185905670765,0.176913195081666,0.267755551477335
170773.411807,2570866.126422,0.0218228498074454,0.113332110764717,0.195488721804511,0.362736108564093,0.155510728039611,0.151109481019622
171273.411807,2570866.126422,0.0175920835623969,0.0557082646142569,0.39343961883819,0.229246838922485,0.112332783580722,0.19168041048195
171773.411807,2570866.126422,0.0082583960359699,0.109744907322444,0.448522664709121,0.243347403193246,0.130482657368324,0.0596439713708937
172273.411807,2570866.126422,0.0232899321474418,0.149825783972125,0.148358701632129,0.194021639464515,0.183385292499542,0.301118650284247
172773.411807,2570866.126422,0.0639545537841305,0.185633131757376,0.0883269195528679,0.0868609125893348,0.143118929814917,0.432105552501374
160773.411807,2570366.126422,0.00256410256410256,0.310989010989011,0.158791208791209,0.0776556776556777,0.122893772893773,0.327106227106227
161273.411807,2570366.126422,0.0179816513761468,0.16,0.10697247706422,0.0955963302752294,0.198165137614679,0.421284403669725
161773.411807,2570366.126422,0.0132085855806274,0.211704274445056,0.0297193175564117,0.0682443588332416,0.0986974866996881,0.578425976884975
162273.411807,2570366.126422,0.0108058608058608,0.11043956043956,0.353846153846154,0.0688644688644689,0.162454212454212,0.293589743589744
162773.411807,2570366.126422,0.00880733944954129,0.100183486238532,0.404954128440367,0.0946788990825688,0.179449541284404,0.211926605504587
163273.411807,2570366.126422,0.0132085855806274,0.0871399743166392,0.0603558980003669,0.13979086406164,0.141441937259218,0.558062740781508
163773.411807,2570366.126422,0.0192307692307692,0.273076923076923,0.0214285714285714,0.0283882783882784,0.0884615384615385,0.569413919413919
164273.411807,2570366.126422,0.0768807339449541,0.475596330275229,0.0302752293577982,0.00678899082568807,0.061651376146789,0.348807339449541
164773.411807,2570366.126422,0.0526508897450009,0.126031920748487,0.263804806457531,0.0165107319757843,0.0825536598789213,0.458447991194276
165273.411807,2570366.126422,0.0135531135531136,0.533699633699634,0,0.00274725274725275,0.0238095238095238,0.426190476190476
165773.411807,2570366.126422,0.0319266055045872,0.118348623853211,0,0.599266055045872,0.0906422018348624,0.159816513761468
166273.411807,2570366.126422,0.00825536598789213,0.00293524124013942,0,0.914878004035957,0.0708126949183636,0.00311869381764814
166773.411807,2570366.126422,0.0846153846153846,0.0496336996336996,0,0.421245421245421,0.188827838827839,0.255677655677656
167273.411807,2570366.126422,0.0306422018348624,0.104770642201835,0.110275229357798,0.169174311926606,0.151743119266055,0.433394495412844
167773.411807,2570366.126422,0.0286186020913594,0.133370023848835,0.118143459915612,0.234452394056136,0.216290588882774,0.269124931205283
168273.411807,2570366.126422,0.0183150183150183,0.120695970695971,0.288461538461538,0.209157509157509,0.193589743589744,0.16978021978022
168773.411807,2570366.126422,0.031743119266055,0.143302752293578,0.33045871559633,0.114311926605505,0.0673394495412844,0.312844036697248
169273.411807,2570366.126422,0.0122913226930838,0.384333149880756,0.121629058888277,0.0517336268574573,0.0704457897633462,0.359567051917079
169773.411807,2570366.126422,0.0587912087912088,0.257142857142857,0.0327838827838828,0.102197802197802,0.107326007326007,0.441758241758242
170273.411807,2570366.126422,0.0310091743119266,0.503302752293578,0.000917431192660551,0.00605504587155963,0.0502752293577982,0.408440366972477
170773.411807,2570366.126422,0.0388919464318474,0.2168409466153,0.0768666299761512,0.182168409466153,0.152082186754724,0.333149880755825
171273.411807,2570366.126422,0.0782051282051282,0.169230769230769,0.17032967032967,0.0818681318681319,0.0976190476190476,0.402747252747253
171773.411807,2570366.126422,0.0765137614678899,0.144403669724771,0.13394495412844,0.245321100917431,0.208807339449541,0.191009174311927
172273.411807,2570366.126422,0.0555861309851403,0.219776187855439,0.00275178866263071,0.276463034305632,0.208769033204917,0.236653824986241
172773.411807,2570366.126422,0.0831501831501831,0.275274725274725,0,0.111721611721612,0.0818681318681319,0.447985347985348
160773.411807,2569866.126422,0.00916758342500917,0.0955262192885955,0.471580491382472,0.0891089108910891,0.160799413274661,0.173817381738174
161273.411807,2569866.126422,0.0415750915750916,0.0886446886446886,0.475457875457875,0.0758241758241758,0.102564102564103,0.215934065934066
161773.411807,2569866.126422,0.0415750915750916,0.0617216117216117,0.317399267399267,0.16978021978022,0.171794871794872,0.237728937728938
162273.411807,2569866.126422,0.0408874220755409,0.0845251191785845,0.253758709204254,0.0333700036670334,0.159332599926659,0.428126145947928
162773.411807,2569866.126422,0.026007326007326,0.184981684981685,0.131684981684982,0.021978021978022,0.147435897435897,0.487912087912088
163273.411807,2569866.126422,0.019047619047619,0.382417582417582,0.000183150183150183,0.0135531135531136,0.0708791208791209,0.513919413919414
163773.411807,2569866.126422,0.0496883021635497,0.318665199853319,0,0.0099009900990099,0.0911257792445911,0.530619728639531
164273.411807,2569866.126422,0.0714285714285714,0.28974358974359,0,0.0221611721611722,0.0952380952380952,0.521428571428571
164773.411807,2569866.126422,0.0494505494505494,0.292124542124542,0.134432234432234,0.00311355311355311,0.0635531135531135,0.457326007326007
165273.411807,2569866.126422,0.0210854418775211,0.138063806380638,0.173634030069674,0.015034836817015,0.0804913824715805,0.571690502383572
165773.411807,2569866.126422,0.0728937728937729,0.0926739926739927,0,0.455494505494505,0.179487179487179,0.199450549450549
166273.411807,2569866.126422,0.0584249084249084,0.0111721611721612,0,0.672344322344322,0.191391941391941,0.0666666666666667
166773.411807,2569866.126422,0.0507884121745508,0.23982398239824,0,0.25045837917125,0.162082874954162,0.296846351301797
167273.411807,2569866.126422,0.0448717948717949,0.329120879120879,0.0010989010989011,0.052014652014652,0.0866300366300366,0.486263736263736
167773.411807,2569866.126422,0.123076923076923,0.0923076923076923,0.165201465201465,0.0791208791208791,0.144139194139194,0.396153846153846
168273.411807,2569866.126422,0.0313531353135314,0.17950128346168,0.299229922992299,0.202236890355702,0.216171617161716,0.0715071507150715
168773.411807,2569866.126422,0.00567765567765568,0.0785714285714286,0.310989010989011,0.256776556776557,0.124725274725275,0.223260073260073
169273.411807,2569866.126422,0.0113553113553114,0.112454212454212,0.353846153846154,0.107875457875458,0.126739926739927,0.287728937728938
169773.411807,2569866.126422,0.00971763843050972,0.0951595159515952,0.257792445911258,0.313531353135314,0.178767876787679,0.145031169783645
170273.411807,2569866.126422,0.0265567765567766,0.0785714285714286,0.320512820512821,0.121062271062271,0.161721611721612,0.291575091575092
170773.411807,2569866.126422,0.0595238095238095,0.229120879120879,0.161538461538462,0.0404761904761905,0.132783882783883,0.376556776556777
171273.411807,2569866.126422,0.00861752841950862,0.51961862852952,0,0.041987532086542,0.0496883021635497,0.38008800880088
171773.411807,2569866.126422,0.0285714285714286,0.145238095238095,0.248901098901099,0.11043956043956,0.171794871794872,0.295054945054945
172273.411807,2569866.126422,0.0615384615384615,0.0600732600732601,0.254761904761905,0.224908424908425,0.145054945054945,0.253663003663004
172773.411807,2569866.126422,0.123945727906124,0.232673267326733,0.00348368170150348,0.204253758709204,0.107260726072607,0.328382838283828
160773.411807,2569366.126422,0.00696353307678211,0.158878504672897,0.189664650907092,0.0406816932380429,0.068719076415613,0.535092541689573
161273.411807,2569366.126422,0.030280785465223,0.140576252523399,0.100201871903101,0.00513855753349238,0.04147550009176,0.682327032483024
161773.411807,2569366.126422,0.0513478818998716,0.243719053731891,0.0608839171098478,0.0187052998349532,0.0922428021272694,0.533101045296167
162273.411807,2569366.126422,0.0124610591900312,0.249037932930181,0,0.0047645226314825,0.0386659336631849,0.69507055158512
162773.411807,2569366.126422,0.0293631859056708,0.297118737383006,0,0.0306478252890439,0.124059460451459,0.51881079097082
163273.411807,2569366.126422,0.0452961672473868,0.379424170181551,0,0.157894736842105,0.161745827984596,0.255639097744361
163773.411807,2569366.126422,0.0568077698369067,0.22759758108851,0,0.214586769287154,0.217885284955104,0.283122594832325
164273.411807,2569366.126422,0.0501009359515507,0.363552945494586,0,0.110846026793907,0.146265369792623,0.329234721967333
164773.411807,2569366.126422,0.0828901522097928,0.40399779937649,0.00953603520997616,0.0298918026774253,0.0814230698697964,0.392261140656519
165273.411807,2569366.126422,0.0910756826094924,0.225765072384094,0.12332783580722,0.0786146234194612,0.145501191130658,0.335715594649075
165773.411807,2569366.126422,0.128280418425399,0.339144797210497,0.0466140576252523,0.0816663608001468,0.0737750045879978,0.330519361350707
166273.411807,2569366.126422,0.0535485054098661,0.281496423986796,0.0214560792224464,0.363102879149092,0.0898587933247754,0.190537318907024
166773.411807,2569366.126422,0.0676195711929632,0.232728605460876,0,0.292101887483966,0.185816382627817,0.221733553234378
167273.411807,2569366.126422,0.0548724536612222,0.429069554046614,0.00440447788585061,0.0512020554230134,0.0996513121673702,0.36080014681593
167773.411807,2569366.126422,0.0726205758298184,0.130570328259674,0.0284247203374289,0.208509077571979,0.181551439574546,0.378323858426554
168273.411807,2569366.126422,0.0333516584203775,0.127176104086494,0.172439069085578,0.250870441634598,0.200109950522265,0.216052776250687
168773.411807,2569366.126422,0.00422095797394017,0.080932281152505,0.321526885667095,0.309598091392916,0.177647274729308,0.106074509084236
169273.411807,2569366.126422,0.00733541169998166,0.111681643132221,0.410232899321474,0.0915092609572712,0.13992297817715,0.239317806711902
169773.411807,2569366.126422,0.0142935678944475,0.0773318673263698,0.411764705882353,0.120945574491479,0.170789811251603,0.204874473153747
170273.411807,2569366.126422,0.066801247935401,0.0686364470545054,0.239309965131217,0.129748577720683,0.170673518076711,0.324830244081483
170773.411807,2569366.126422,0.0267742527049331,0.0445626260773886,0.330643682376673,0.168897854392078,0.218045112781955,0.211076471666972
171273.411807,2569366.126422,0.0353674179952355,0.201026204874473,0.226681326736302,0.100971229613341,0.141469671980942,0.294484148799707
171773.411807,2569366.126422,0.0346852633510736,0.458983299688016,0,0.00844191594788034,0.0260598274912828,0.471829693521747
172273.411807,2569366.126422,0.0168714469099578,0.448927196038878,0,0.0671190170548322,0.0812396845772969,0.385842655419035
172773.411807,2569366.126422,0.0205240974894631,0.593732820230896,0,0.0274876305662452,0.0727505955653289,0.285504856148067
160773.411807,2568866.126422,0.0212454212454212,0.364835164835165,0,0.000549450549450549,0.0655677655677656,0.547802197802198
161273.411807,2568866.126422,0.0530275229357798,0.116146788990826,0.073394495412844,0.0528440366972477,0.0941284403669725,0.61045871559633
161773.411807,2568866.126422,0.0381581361218125,0.221060355898,0.00513667217024399,0.0739313887360117,0.100165107319758,0.561548339754174
162273.411807,2568866.126422,0.00970695970695971,0.430769230769231,0,0.0278388278388278,0.0661172161172161,0.465567765567766
162773.411807,2568866.126422,0.0579816513761468,0.317247706422018,0,0.0656880733944954,0.0981651376146789,0.460917431192661
163273.411807,2568866.126422,0.0502660062373876,0.193909374426711,0.0730141258484682,0.183085672353697,0.170427444505595,0.329297376628142
163773.411807,2568866.126422,0.0562271062271062,0.274908424908425,0.00586080586080586,0.214102564102564,0.164285714285714,0.284615384615385
164273.411807,2568866.126422,0.0644036697247706,0.0954128440366973,0,0.331559633027523,0.236146788990826,0.272477064220183
164773.411807,2568866.126422,0.0475142175747569,0.147312419739497,0,0.368739680792515,0.184369840396258,0.252063841496973
165273.411807,2568866.126422,0.0498168498168498,0.514652014652015,0,0.0141025641025641,0.0833333333333333,0.338095238095238
165773.411807,2568866.126422,0.0385321100917431,0.28348623853211,0.18,0.0508256880733945,0.10697247706422,0.340183486238532
166273.411807,2568866.126422,0.0289855072463768,0.604292790313704,0,0.0708126949183636,0.0480645753072831,0.247844432214273
166773.411807,2568866.126422,0.0379120879120879,0.568315018315018,0.0148351648351648,0.0514652014652015,0.0534798534798535,0.273992673992674
167273.411807,2568866.126422,0.0148623853211009,0.498532110091743,0,0.0286238532110092,0.0689908256880734,0.388990825688073
167773.411807,2568866.126422,0.0410933773619519,0.433314988075582,0,0.0454962392221611,0.0651256650155935,0.414969730324711
168273.411807,2568866.126422,0.0282051282051282,0.0608058608058608,0.141575091575092,0.375091575091575,0.204578754578755,0.18974358974359
168773.411807,2568866.126422,0.0396330275229358,0.117981651376147,0.380733944954128,0.160366972477064,0.146422018348624,0.154862385321101
169273.411807,2568866.126422,0.000550357732526142,0.100898917629793,0.416253898367272,0.125665015593469,0.150247660979637,0.206384149697303
169773.411807,2568866.126422,0.0344322344322344,0.0597069597069597,0.387545787545788,0.177289377289377,0.154945054945055,0.186080586080586
170273.411807,2568866.126422,0.0620183486238532,0.0735779816513761,0.322201834862385,0.126422018348624,0.193761467889908,0.222018348623853
170773.411807,2568866.126422,0.115024766097964,0.072463768115942,0.133736929003853,0.194276279581728,0.187121629058888,0.297376628141625
171273.411807,2568866.126422,0.0395604395604396,0.0597069597069597,0.42032967032967,0.128205128205128,0.180769230769231,0.171428571428571
171773.411807,2568866.126422,0.0792660550458716,0.156146788990826,0.0508256880733945,0.225871559633028,0.186605504587156,0.301284403669725
172273.411807,2568866.126422,0.106219042377545,0.239955971381398,0.00201797835259585,0.120161438268208,0.121445606310769,0.410199963309484
172773.411807,2568866.126422,0.028021978021978,0.47032967032967,0,0.0311355311355311,0.0963369963369963,0.374175824175824
160773.411807,2568366.126422,0.0559222588925559,0.16960029336267,0,0.0320865419875321,0.136413641364136,0.605977264393106
161273.411807,2568366.126422,0.0283882783882784,0.197252747252747,0,0.0721611721611722,0.0714285714285714,0.630769230769231
161773.411807,2568366.126422,0.0419413919413919,0.0247252747252747,0.00256410256410256,0.415934065934066,0.276373626373626,0.238461538461538
162273.411807,2568366.126422,0.0583058305830583,0.448111477814448,0,0.0271360469380271,0.0493215988265493,0.417125045837917
162773.411807,2568366.126422,0.0545787545787546,0.410805860805861,0,0.000366300366300366,0.0326007326007326,0.501648351648352
163273.411807,2568366.126422,0.0172161172161172,0.35989010989011,0.0646520146520147,0.0672161172161172,0.123443223443223,0.367582417582418
163773.411807,2568366.126422,0.0139347268060139,0.240924092409241,0.190685735240191,0.179317931793179,0.096993032636597,0.278144481114778
164273.411807,2568366.126422,0.0582417582417582,0.387362637362637,0,0.084981684981685,0.0987179487179487,0.370695970695971
164773.411807,2568366.126422,0.047985347985348,0.441208791208791,0,0.0908424908424908,0.102930402930403,0.317032967032967
165273.411807,2568366.126422,0.0390539053905391,0.466813348001467,0,0.01998533186652,0.0935093509350935,0.380638063806381
165773.411807,2568366.126422,0.01996336996337,0.231135531135531,0.265384615384615,0.0111721611721612,0.0901098901098901,0.382234432234432
166273.411807,2568366.126422,0.0245421245421245,0.670879120879121,0,0.0163003663003663,0.0271062271062271,0.261172161172161
166773.411807,2568366.126422,0.0491382471580491,0.447744774477448,0,0.0528052805280528,0.0837917125045838,0.366519985331867
167273.411807,2568366.126422,0.0417582417582418,0.395604395604396,0,0.0144688644688645,0.0593406593406593,0.488827838827839
167773.411807,2568366.126422,0.0252747252747253,0.0807692307692308,0.266483516483516,0.274542124542125,0.16978021978022,0.183150183150183
168273.411807,2568366.126422,0.0447378071140447,0.108360836083608,0.237073707370737,0.294829482948295,0.173450678401173,0.141547488082142
168773.411807,2568366.126422,0.0304029304029304,0.097985347985348,0.250732600732601,0.32032967032967,0.168864468864469,0.131684981684982
169273.411807,2568366.126422,0.00824175824175824,0.0954212454212454,0.50018315018315,0.0452380952380952,0.111538461538462,0.239377289377289
169773.411807,2568366.126422,0.0665566556655666,0.0726072607260726,0.265126512651265,0.197103043637697,0.211221122112211,0.187385405207187
170273.411807,2568366.126422,0.0446886446886447,0.080952380952381,0.351282051282051,0.167948717948718,0.141941391941392,0.213186813186813
170773.411807,2568366.126422,0.143223443223443,0.0793040293040293,0.21043956043956,0.11025641025641,0.169047619047619,0.287728937728938
171273.411807,2568366.126422,0.0232856618995233,0.0254858819215255,0.268610194352769,0.462046204620462,0.124495782911624,0.0960762742940961
171773.411807,2568366.126422,0.0382783882783883,0.0860805860805861,0.25989010989011,0.201282051282051,0.209340659340659,0.205128205128205
172273.411807,2568366.126422,0.0342490842490843,0.102197802197802,0.247069597069597,0.224358974358974,0.187179487179487,0.204945054945055
172773.411807,2568366.126422,0.022002200220022,0.521085441877521,0.0348368170150348,0.136230289695636,0.068023469013568,0.217821782178218
160773.411807,2567866.126422,0.0256551218618288,0.161810518599963,0,0.0890599230346344,0.143302180685358,0.580172255818215
161273.411807,2567866.126422,0.0163332721600294,0.3110662506882,0,0.0609286107542668,0.0662506881996697,0.545421178197834
161773.411807,2567866.126422,0.0148542086924629,0.332660920594168,0,0.010819732257473,0.0502475701448744,0.591417568311021
162273.411807,2567866.126422,0.00366501740883269,0.356972695620304,0,0.000183250870441635,0.030602895363753,0.608576140736669
162773.411807,2567866.126422,0.0965314736648926,0.318774086988438,0,0.0614791704899982,0.0723068452927143,0.450908423563957
163273.411807,2567866.126422,0.0682193288098294,0.178250504309554,0,0.181734824867046,0.19603887768201,0.375756464331561
163773.411807,2567866.126422,0.0295033901411032,0.350742166025289,0.000183250870441635,0.0703683342495877,0.125160344511636,0.424042514201942
164273.411807,2567866.126422,0.0745090842356396,0.389612772985869,0,0.164800880895577,0.119654982565608,0.251422279317306
164773.411807,2567866.126422,0.0504309554373739,0.451311204841372,0.00476801760498808,0.11204841371722,0.141573445809646,0.2398679625894
165273.411807,2567866.126422,0.00549752611324904,0.868975627634231,0,0.00219901044529962,0.0053142752428074,0.118013560564413
165773.411807,2567866.126422,0.0198201504863278,0.206459900899248,0.197650945127546,0.057258212516058,0.11213066617728,0.40668012479354
166273.411807,2567866.126422,0.0236567027324409,0.5198973042362,0,0.00476801760498808,0.052814964239868,0.398863011186503
166773.411807,2567866.126422,0.059190031152648,0.104452996151732,0,0.355323437786329,0.21183800623053,0.269195528678761
167273.411807,2567866.126422,0.0488162965681776,0.122774821068086,0.166269040190861,0.133786015782712,0.123692420627638,0.404661405762525
167773.411807,2567866.126422,0.0242068586099395,0.0861910874747845,0.416467999266459,0.16798092792958,0.162846139739593,0.142306986979644
168273.411807,2567866.126422,0.0586402785413231,0.118929814916621,0.319039765438886,0.177753344328386,0.157778999450247,0.167857797324537
168773.411807,2567866.126422,0.0734079647641769,0.0513855753349238,0.399155808405212,0.160396403009727,0.175445035786383,0.140209212699578
169273.411807,2567866.126422,0.0623509994498441,0.114249037227214,0.412250137538969,0.162479369154594,0.14799193104713,0.100678525582248
169773.411807,2567866.126422,0.0089792926516401,0.176653839105736,0.461608942642478,0.100971229613341,0.0962067069818582,0.155579989004948
170273.411807,2567866.126422,0.00899247568361167,0.193246467241696,0.349605432189393,0.152321526885667,0.0812993209763259,0.214534777023307
170773.411807,2567866.126422,0.0143040528149642,0.111681643132221,0.420685860993948,0.195305336512012,0.123785072437191,0.134238034109664
171273.411807,2567866.126422,0.00549752611324904,0.180135605644127,0.365951988271944,0.224115814550119,0.127542605827378,0.0967564595931831
171773.411807,2567866.126422,0.0300972655533125,0.172508717195816,0.256560836850798,0.21178197834465,0.171407597724353,0.15764360433107
172273.411807,2567866.126422,0.0174216027874564,0.0926095727122685,0.251788006601871,0.333761232349166,0.202457362919494,0.101962222629745
172773.411807,2567866.126422,0.0384826827927433,0.135972145867693,0.32618654938611,0.176653839105736,0.1927799157046,0.129924867143119
160773.411807,2567366.126422,0.00476190476190476,0.162271062271062,0.117765567765568,0.154761904761905,0.13974358974359,0.420695970695971
161273.411807,2567366.126422,0.0387155963302752,0.112844036697248,0.0418348623853211,0.280550458715596,0.160917431192661,0.365137614678899
161773.411807,2567366.126422,0.0629242340854889,0.245459548706659,0,0.0862227114290956,0.0961291506145661,0.50926435516419
162273.411807,2567366.126422,0.0335164835164835,0.429487179487179,0,0.0421245421245421,0.0851648351648352,0.40970695970696
162773.411807,2567366.126422,0.0585321100917431,0.36256880733945,0,0.0478899082568807,0.0851376146788991,0.445871559633028
163273.411807,2567366.126422,0.0946615299944964,0.311135571454779,0,0.174646853788296,0.162905888827738,0.256650155934691
163773.411807,2567366.126422,0.0641025641025641,0.193040293040293,0,0.287179487179487,0.17985347985348,0.275824175824176
164273.411807,2567366.126422,0.0330275229357798,0.34605504587156,0.0343119266055046,0.0289908256880734,0.0844036697247706,0.473211009174312
164773.411807,2567366.126422,0.0229315721885892,0.453861676756558,0.0196294257934324,0.0700788846083287,0.0834709227664649,0.350027517886626
165273.411807,2567366.126422,0.0159340659340659,0.626373626373626,0,0.00549450549450549,0.0419413919413919,0.31025641025641
165773.411807,2567366.126422,0.0225688073394495,0.301284403669725,0.0495412844036697,0.0126605504587156,0.0579816513761468,0.555963302752294
166273.411807,2567366.126422,0.0306365804439552,0.16547422491286,0.0889745000917263,0.178866263070996,0.175747569253348,0.360300862227114
166773.411807,2567366.126422,0.0481684981684982,0.22985347985348,0,0.16959706959707,0.147069597069597,0.405311355311355
167273.411807,2567366.126422,0.0255045871559633,0.0801834862385321,0.155963302752294,0.15045871559633,0.154678899082569,0.433211009174312
167773.411807,2567366.126422,0.0469638598422308,0.0941111722619703,0.204916529077234,0.181618051733627,0.191891396074115,0.280498991010824
168273.411807,2567366.126422,0.045970695970696,0.0842490842490843,0.198534798534799,0.134798534798535,0.160805860805861,0.375641025641026
168773.411807,2567366.126422,0.0988990825688073,0.104403669724771,0.112844036697248,0.177981651376147,0.221467889908257,0.284403669724771
169273.411807,2567366.126422,0.0653091175931022,0.0574206567602275,0.237387635296276,0.241790497156485,0.155200880572372,0.242891212621537
169773.411807,2567366.126422,0.0141025641025641,0.0924908424908425,0.360622710622711,0.200732600732601,0.191758241758242,0.14029304029304
170273.411807,2567366.126422,0.0787155963302752,0.0678899082568807,0.378532110091743,0.122201834862385,0.107706422018349,0.244954128440367
170773.411807,2567366.126422,0.0454962392221611,0.0935608145294441,0.344707393138874,0.0935608145294441,0.185287103283801,0.237387635296276
171273.411807,2567366.126422,0.0166666666666667,0.105860805860806,0.200915750915751,0.176007326007326,0.222893772893773,0.277655677655678
171773.411807,2567366.126422,0.0456880733944954,0.0948623853211009,0.0588990825688073,0.164403669724771,0.225137614678899,0.411009174311927
172273.411807,2567366.126422,0.0563199412951752,0.100165107319758,0.24821133736929,0.177031737295909,0.204182718767199,0.214089157952669
172773.411807,2567366.126422,0.0333333333333333,0.115567765567766,0.0547619047619048,0.0404761904761905,0.0864468864468864,0.669413919413919
160773.411807,2566866.126422,0.0066006600660066,0.136780344701137,0.350568390172351,0.172533920058673,0.12009534286762,0.213421342134213
161273.411807,2566866.126422,0.0382783882783883,0.124542124542125,0.0032967032967033,0.158241758241758,0.16043956043956,0.515201465201465
161773.411807,2566866.126422,0.0108058608058608,0.386446886446886,0.00494505494505494,0.0659340659340659,0.0708791208791209,0.460989010989011
162273.411807,2566866.126422,0.0306197286395306,0.353868720205354,0,0.00275027502750275,0.059039237257059,0.553722038870554
162773.411807,2566866.126422,0.0135531135531136,0.376739926739927,0,0.000549450549450549,0.0503663003663004,0.558791208791209
163273.411807,2566866.126422,0.0166666666666667,0.168864468864469,0.0580586080586081,0.0595238095238095,0.124725274725275,0.572161172161172
163773.411807,2566866.126422,0.0786578657865787,0.0346534653465347,0,0.55023835716905,0.213788045471214,0.122662266226623
164273.411807,2566866.126422,0.0543956043956044,0.411538461538462,0,0.0305860805860806,0.101648351648352,0.401831501831502
164773.411807,2566866.126422,0.0120879120879121,0.548534798534799,0,0.0333333333333333,0.100549450549451,0.305494505494506
165273.411807,2566866.126422,0.00678401173450678,0.332233223322332,0,0.126879354602127,0.128896222955629,0.405207187385405
165773.411807,2566866.126422,0.0347985347985348,0.267582417582418,0.0917582417582418,0.0505494505494506,0.0695970695970696,0.485714285714286
166273.411807,2566866.126422,0.0210622710622711,0.243223443223443,0.0732600732600733,0.0258241758241758,0.0816849816849817,0.554945054945055
166773.411807,2566866.126422,0.0513384671800513,0.121745507884122,0.0656398973230656,0.135496883021635,0.0997433076640997,0.526035936927026
167273.411807,2566866.126422,0.0408424908424908,0.258608058608059,0.0236263736263736,0.133882783882784,0.123626373626374,0.419413919413919
167773.411807,2566866.126422,0.0970695970695971,0.107509157509158,0.0575091575091575,0.0357142857142857,0.122161172161172,0.58003663003663
168273.411807,2566866.126422,0.0346534653465347,0.139163916391639,0.099009900990099,0.169050238357169,0.152915291529153,0.405207187385405
168773.411807,2566866.126422,0.0802197802197802,0.182417582417582,0,0.158241758241758,0.174358974358974,0.404761904761905
169273.411807,2566866.126422,0.0529304029304029,0.056959706959707,0.0857142857142857,0.273076923076923,0.234981684981685,0.296336996336996
169773.411807,2566866.126422,0.0682068206820682,0.0306197286395306,0.163182984965163,0.293912724605794,0.244957829116245,0.199119911991199
170273.411807,2566866.126422,0.0148351648351648,0.0666666666666667,0.347985347985348,0.322527472527473,0.183699633699634,0.0642857142857143
170773.411807,2566866.126422,0.0604395604395604,0.0683150183150183,0.073992673992674,0.188461538461538,0.219047619047619,0.38974358974359
171273.411807,2566866.126422,0.013017968463513,0.315914924825816,0.0381371470480381,0.0669233590025669,0.145581224789146,0.42042537587092
171773.411807,2566866.126422,0.032967032967033,0.278388278388278,0.0701465201465201,0.100732600732601,0.138095238095238,0.37967032967033
172273.411807,2566866.126422,0.0694139194139194,0.0847985347985348,0.193956043956044,0.0804029304029304,0.203296703296703,0.368131868131868
172773.411807,2566866.126422,0.0693069306930693,0.129446277961129,0.0256692335900257,0.026952695269527,0.154015401540154,0.594609460946095
160773.411807,2566366.126422,0.1456844420011,0.0716510903426791,0.178486347810152,0.0786146234194612,0.124977093641195,0.400586402785413
161273.411807,2566366.126422,0.0361534226463571,0.185722150853368,0.123692420627638,0.080932281152505,0.109194347586713,0.464305377133419
161773.411807,2566366.126422,0.0374105996699065,0.298367870896754,0,0.0128369704749679,0.092792958004768,0.558591600953603
162273.411807,2566366.126422,0.0426974528129009,0.39343961883819,0,0.0809968847352025,0.123694337548103,0.359171706065604
162773.411807,2566366.126422,0.0374380620297302,0.329601761791154,0,0.0453294182418792,0.132501376399339,0.455129381537897
163273.411807,2566366.126422,0.0377773702549056,0.0476801760498808,0,0.50797726022373,0.230148542086925,0.176416651384559
163773.411807,2566366.126422,0.0665200659703134,0.0282206340480117,0,0.539673813450614,0.230163093274693,0.135422393256368
164273.411807,2566366.126422,0.0860708386859974,0.277115066984768,0,0.0882730776289227,0.131400256927877,0.417140759772435
164773.411807,2566366.126422,0.026407482119934,0.375573079039061,0,0.0143040528149642,0.0583165230148542,0.525398863011187
165273.411807,2566366.126422,0.0221733553234378,0.207806487080814,0.00513102437236577,0.151731720725673,0.167674546454096,0.445482866043614
165773.411807,2566366.126422,0.00293631859056708,0.305193613507066,0,0.00605615709304459,0.0585428518994311,0.627271058909892
166273.411807,2566366.126422,0.0425453878598936,0.258389877131854,0,0.00806895286997983,0.0540986612873648,0.636897120850908
166773.411807,2566366.126422,0.0328019058090526,0.12332783580722,0,0.110866776617189,0.115997800989555,0.617005680776984
167273.411807,2566366.126422,0.0790970820334006,0.348871352541751,0.000734079647641769,0.0818498807120573,0.116535144063131,0.372912461002019
167773.411807,2566366.126422,0.0390610673024023,0.191454245369521,0,0.0210893086374473,0.0784889051898038,0.669906473500825
168273.411807,2566366.126422,0.0375664284405351,0.173355323437786,0,0.0359171706065604,0.0448964632582005,0.708264614256918
168773.411807,2566366.126422,0.0240411084602679,0.309965131216737,0,0.0106441548908057,0.0357863828225362,0.619563222609653
169273.411807,2566366.126422,0.0812396845772969,0.229598386209426,0.00623509994498441,0.191270860077022,0.14817531633963,0.343480652851641
169773.411807,2566366.126422,0.072200842954004,0.148799706798607,0,0.236210371999267,0.174638079530878,0.368150998717244
170273.411807,2566366.126422,0.0567076527803267,0.160212883097816,0.0614791704899982,0.158194164066801,0.185355111029547,0.378051018535511
170773.411807,2566366.126422,0.0474967907573813,0.345681276361636,0,0.0434623143223913,0.0806895286997983,0.482670089858793
171273.411807,2566366.126422,0.0395821880153931,0.32288803371816,0.0109950522264981,0.0727505955653289,0.106102253985706,0.447681876488913
171773.411807,2566366.126422,0.0548724536612222,0.245182602312351,0,0.0831345200954303,0.103138190493669,0.513672233437328
