"x","y","forest","agri","water","built","other","grass"
199273.411807,2654866.126422,0.0180313958421723,0.775986423419601,0,0.0827322868052609,0.0263046245226983,0.0969452694102673
199773.411807,2654866.126422,0.0716510903426791,0.619754443833608,0.0111783030969397,0.117463807953088,0.0540590067802822,0.125893347993403
200273.411807,2654866.126422,0.0726738851165352,0.476050651495687,0.0172508717195816,0.175812075610204,0.0592769315470729,0.198935584510919
200773.411807,2654866.126422,0.0273244085824317,0.804327892902989,0,0.0341096644049147,0.0401613790573996,0.0940766550522648
201273.411807,2654866.126422,0.0412314458493678,0.767454645409566,0,0.045629466739967,0.0181418361737218,0.127542605827378
201773.411807,2654866.126422,0.0491833363919985,0.660671682877592,0.000183519911910442,0.0785465222976693,0.0422095797394017,0.169205358781428
202273.411807,2654866.126422,0.0339262791124152,0.666238767650834,0,0.0517146524848707,0.035209976159912,0.212910324591968
202773.411807,2654866.126422,0.0711013377313542,0.329118563313176,0.00146600696353308,0.138354407183434,0.0863111599780099,0.373648524830493
203273.411807,2654866.126422,0.0313819049366856,0.735364287025142,0.000367039823820885,0.0225729491649844,0.0255092677555515,0.184804551293815
203773.411807,2654866.126422,0.0957271226847607,0.158995048597103,0.00146708233999633,0.373372455529067,0.161745827984596,0.208692462864478
204273.411807,2654866.126422,0.0557082646142569,0.221000549752611,0,0.152831225948323,0.126076598863845,0.444383360820964
204773.411807,2654866.126422,0.0535878142778491,0.42338043677739,0.00110111947146265,0.175812075610204,0.0653330886401175,0.280785465222977
205273.411807,2654866.126422,0.0634513112048414,0.407665505226481,0.0295250320924262,0.250320924261874,0.0766550522648084,0.172382174949569
205773.411807,2654866.126422,0,0.936411947956753,0,0.00219901044529962,0,0.0613890415979476
206273.411807,2654866.126422,0.00715727656450725,0.837768397871169,0.00220223894292531,0.049366856303909,0.017434391631492,0.0860708386859974
206773.411807,2654866.126422,0.0361269026224097,0.746011369888135,0.00201723821749496,0.072803961122318,0.0260407115349349,0.116999816614707
207273.411807,2654866.126422,0.233644859813084,0.0820963899578523,0.000183250870441635,0.165475536008796,0.166941542972329,0.351658420377497
207773.411807,2654866.126422,0.36502110478987,0.0946962745457882,0,0.00330335841438796,0.0357863828225362,0.501192879427418
208273.411807,2654866.126422,0.328259673574179,0.0309921144324225,0,0.0671190170548322,0.11589950485971,0.457729690078856
208773.411807,2654866.126422,0.337364852483049,0.0351841671247938,0,0.0284038849184534,0.0593732820230896,0.539673813450614
209273.411807,2654866.126422,0.508350155991925,0.0167003119838502,0,0.0133969535694623,0.0723068452927143,0.389245733162048
209773.411807,2654866.126422,0.59215110948102,0.00165046763249587,0,0,0.00256739409499358,0.403631028791491
210273.411807,2654866.126422,0.545537841304746,0.0227231079347627,0,0.0122778083195895,0.11434854315558,0.305112699285322
210773.411807,2654866.126422,0.679207193980547,0.000183519911910442,0,0,0,0.320609286107543
211273.411807,2654866.126422,0.448927196038878,0.00275077938749312,0,0.000733541169998166,0.00605171465248487,0.541536768751146
211773.411807,2654866.126422,0.309918601145613,0.00452215857702743,0,0.00452215857702743,0.0147723846849563,0.666264697015375
199273.411807,2654366.126422,0.078913873568095,0.579550275774289,0.0197284683920238,0.175647008909631,0.0390326686465846,0.107127704709376
199773.411807,2654366.126422,0.0133699633699634,0.871611721611722,0,0.0201465201465201,0.00146520146520147,0.0934065934065934
200273.411807,2654366.126422,0.00954128440366972,0.754311926605505,0.0126605504587156,0.0669724770642202,0.0132110091743119,0.143302752293578
200773.411807,2654366.126422,0.00752155567785727,0.883691065859475,0,0.00715465052283985,0.00550357732526142,0.0961291506145661
201273.411807,2654366.126422,0.0681318681318681,0.503479853479853,0.000183150183150183,0.0668498168498168,0.0514652014652015,0.30989010989011
201773.411807,2654366.126422,0.0238532110091743,0.58954128440367,0.00073394495412844,0.116880733944954,0.0592660550458716,0.209724770642202
202273.411807,2654366.126422,0.0333883691065859,0.538066409833058,0,0.0691616217207852,0.0656760227481196,0.293707576591451
202773.411807,2654366.126422,0.0472527472527473,0.472527472527473,0.00952380952380952,0.105860805860806,0.058974358974359,0.305860805860806
203273.411807,2654366.126422,0.0489908256880734,0.461284403669725,0.00055045871559633,0.0603669724770642,0.0390825688073395,0.389724770642202
203773.411807,2654366.126422,0.144193725921849,0.090442120711796,0.00330214639515685,0.398642450926436,0.154650522839846,0.208769033204917
204273.411807,2654366.126422,0.0311355311355311,0.249267399267399,0.00347985347985348,0.122710622710623,0.0701465201465201,0.523260073260073
204773.411807,2654366.126422,0.0605504587155963,0.299266055045872,0.00073394495412844,0.154495412844037,0.149357798165138,0.335596330275229
205273.411807,2654366.126422,0.0948449825720051,0.200697119794533,0.00348559897266557,0.376077783892864,0.108053568152633,0.2168409466153
205773.411807,2654366.126422,0.0673992673992674,0.402380952380952,0.0346153846153846,0.242673992673993,0.0771062271062271,0.175824175824176
206273.411807,2654366.126422,0.016697247706422,0.829908256880734,0,0.028256880733945,0.0264220183486239,0.0987155963302752
206773.411807,2654366.126422,0.0267840763162722,0.803338836910659,0,0.0603558980003669,0.0273344340487984,0.0821867547239039
207273.411807,2654366.126422,0.151465201465201,0.348534798534799,0.00128205128205128,0.163003663003663,0.0891941391941392,0.246520146520147
207773.411807,2654366.126422,0.231559633027523,0.0577981651376147,0,0.124403669724771,0.132660550458716,0.453577981651376
208273.411807,2654366.126422,0.270225646670336,0.00898917629792699,0.000733810310034856,0.0100898917629793,0.024399192808659,0.685562282150064
208773.411807,2654366.126422,0.248168498168498,0.000366300366300366,0,0,0,0.751465201465201
209273.411807,2654366.126422,0.615596330275229,0.00825688073394495,0,0,0.00055045871559633,0.375596330275229
209773.411807,2654366.126422,0.684461566685012,0,0,0,0,0.315538433314988
210273.411807,2654366.126422,0.588278388278388,0.00989010989010989,0,0.0157509157509158,0.0586080586080586,0.327472527472527
210773.411807,2654366.126422,0.434311926605505,0.0148623853211009,0,0.0130275229357798,0.0590825688073394,0.478715596330275
211273.411807,2654366.126422,0.58484681709778,0.00091726288754357,0,0.00183452577508714,0.00385250412768299,0.408548890111906
211773.411807,2654366.126422,0.457969267851763,0.0183790298282615,0,0.00572461584814703,0.0460982223561314,0.471828864115698
199273.411807,2653866.126422,0.0529773257045984,0.669633396906124,0.0154693791057427,0.0862470862470862,0.0595465140919686,0.11612629794448
199773.411807,2653866.126422,0.0874587458745875,0.587458745874587,0.0280528052805281,0.0597726439310598,0.0218188485515218,0.215438210487715
200273.411807,2653866.126422,0.0388278388278388,0.747435897435897,0,0.0371794871794872,0.0293040293040293,0.147252747252747
200773.411807,2653866.126422,0.0661172161172161,0.641758241758242,0.000183150183150183,0.0461538461538462,0.0342490842490843,0.211538461538462
201273.411807,2653866.126422,0.0456545654565457,0.74990832416575,0.000183351668500183,0.0467546754675468,0.0264026402640264,0.131096442977631
201773.411807,2653866.126422,0.0815018315018315,0.379120879120879,0.0010989010989011,0.161904761904762,0.0853479853479854,0.291025641025641
202273.411807,2653866.126422,0.0529304029304029,0.320879120879121,0.00183150183150183,0.351465201465201,0.0749084249084249,0.197985347985348
202773.411807,2653866.126422,0.033003300330033,0.464246424642464,0.00128346167950128,0.158965896589659,0.081041437477081,0.261459479281261
203273.411807,2653866.126422,0.0443223443223443,0.311355311355311,0.0124542124542125,0.247435897435897,0.0802197802197802,0.304212454212454
203773.411807,2653866.126422,0.0434065934065934,0.245421245421245,0.00421245421245421,0.0965201465201465,0.0626373626373626,0.547802197802198
204273.411807,2653866.126422,0.0390539053905391,0.141547488082142,0.00055005500550055,0.127062706270627,0.0788412174550788,0.612944627796113
204773.411807,2653866.126422,0.0717948717948718,0.133699633699634,0.0010989010989011,0.230769230769231,0.146520146520147,0.416117216117216
205273.411807,2653866.126422,0.0635531135531135,0.227289377289377,0.00842490842490842,0.280586080586081,0.0745421245421245,0.345604395604396
205773.411807,2653866.126422,0.100660066006601,0.118261826182618,0.0100843417675101,0.531169783645031,0.124312431243124,0.115511551155116
206273.411807,2653866.126422,0.0529304029304029,0.494871794871795,0.000183150183150183,0.159340659340659,0.0771062271062271,0.215567765567766
206773.411807,2653866.126422,0.0108058608058608,0.898168498168498,0,0.032967032967033,0.00842490842490842,0.0496336996336996
207273.411807,2653866.126422,0.0335533553355336,0.61037770443711,0.00055005500550055,0.131646497983132,0.0363036303630363,0.187568756875688
207773.411807,2653866.126422,0.183699633699634,0.152197802197802,0.000366300366300366,0.20952380952381,0.132234432234432,0.321978021978022
208273.411807,2653866.126422,0.187728937728938,0.0637362637362637,0.000366300366300366,0.175824175824176,0.218131868131868,0.354212454212454
208773.411807,2653866.126422,0.589108910891089,0.000366703337000367,0,0,0,0.410524385771911
209273.411807,2653866.126422,0.747069597069597,0,0,0,0,0.252930402930403
209773.411807,2653866.126422,0.772344322344322,0,0,0,0,0.227655677655678
210273.411807,2653866.126422,0.355335533553355,0.0139347268060139,0,0,0,0.630729739640631
210773.411807,2653866.126422,0.262820512820513,0.0395604395604396,0,0.0397435897435897,0.124175824175824,0.533699633699634
211273.411807,2653866.126422,0.615018315018315,0.00146520146520147,0,0.000183150183150183,0.00457875457875458,0.378754578754579
211773.411807,2653866.126422,0.521109770808203,0.00934861278648975,0,0.00331724969843185,0.0183956574185766,0.447828709288299
199273.411807,2653366.126422,0.00848536274925753,0.754773016546457,0,0.0027577428935087,0.0114552397114977,0.222528638099279
199773.411807,2653366.126422,0.174454828660436,0.37108301264431,0.0353674179952355,0.1456844420011,0.0588235294117647,0.214586769287154
200273.411807,2653366.126422,0.0363369425582676,0.739585244999082,0,0.0262433474031932,0.0249587080198202,0.172875757019637
200773.411807,2653366.126422,0.132587566477169,0.319090408949202,0.00165046763249587,0.21217678342197,0.140473134054649,0.194021639464515
201273.411807,2653366.126422,0.0437969580355507,0.737768004398021,0,0.120029320139271,0.0225398570643211,0.0758658603628367
201773.411807,2653366.126422,0.0895577170122958,0.458799779776106,0.00807487612405946,0.117636263534593,0.0690034868783263,0.256927876674619
202273.411807,2653366.126422,0.0346598202824134,0.642948835503393,0.000183385292499542,0.0471300201723822,0.0170548322024574,0.258023106546855
202773.411807,2653366.126422,0.062671797691039,0.57064321055525,0.000733003481766538,0.0317024005864028,0.036100421477002,0.298149166208539
203273.411807,2653366.126422,0.0513855753349238,0.458983299688016,0.000183519911910442,0.063497889521013,0.0501009359515507,0.375848779592586
203773.411807,2653366.126422,0.0520814230698698,0.245919677241885,0.000550155877498625,0.068402714102329,0.113148725472217,0.5198973042362
204273.411807,2653366.126422,0.0393989371449514,0.203225215319773,0,0.0617555433388309,0.0962067069818582,0.599413597214587
204773.411807,2653366.126422,0.0598274912828042,0.254909157643604,0.000917599559552211,0.11194714626537,0.0847861993026243,0.487612405946045
205273.411807,2653366.126422,0.0621676141573446,0.225563909774436,0.00678525582248304,0.192737942417018,0.160828901522098,0.35191637630662
205773.411807,2653366.126422,0.105919003115265,0.124793842770753,0.00128275609309144,0.359354956936045,0.0842954004031519,0.324354040681693
206273.411807,2653366.126422,0.0609286107542668,0.252523398788769,0.00110111947146265,0.338594237474766,0.121306661772802,0.225545971737934
206773.411807,2653366.126422,0.0408949202273978,0.448743810746378,0.0097194205024757,0.266458830001834,0.0819732257472951,0.152209792774619
207273.411807,2653366.126422,0.0621220450797141,0.336631849001283,0.0223566061938794,0.318856514568444,0.0522264980758659,0.207806487080814
207773.411807,2653366.126422,0.089190677188475,0.401358047348137,0.0012846393833731,0.207193980546889,0.117636263534593,0.183336391998532
208273.411807,2653366.126422,0.198973042362003,0.0610673024023473,0.000733541169998166,0.229598386209426,0.178433889602054,0.331193838254172
208773.411807,2653366.126422,0.360820963899579,0.0247388675096207,0,0.0359171706065604,0.0602895363752978,0.518233461608943
209273.411807,2653366.126422,0.629473297852817,0.00550559735731327,0,0.00513855753349238,0.0176179115434025,0.342264635712975
209773.411807,2653366.126422,0.741243352283147,0,0,0,0,0.258756647716853
210273.411807,2653366.126422,0.654205607476635,0.00494777350192413,0,0,0,0.34084661902144
210773.411807,2653366.126422,0.387410534042944,0.0144980730409249,0,0.00862543585979079,0.036520462470178,0.552945494586163
211273.411807,2653366.126422,0.523565010086191,0.0122868145974693,0,0.0066018705299835,0.0452961672473868,0.412250137538969
211773.411807,2653366.126422,0.671088332830871,0,0,0,0,0.328911667169129
199273.411807,2652866.126422,0.0339414509970301,0.617522274077217,0,0.0326686465846415,0.0288502333474756,0.287017394993636
199773.411807,2652866.126422,0.0996336996336996,0.354395604395604,0,0.0619047619047619,0.0434065934065934,0.440659340659341
200273.411807,2652866.126422,0.112660550458716,0.367522935779817,0.0601834862385321,0.173211009174312,0.0598165137614679,0.226605504587156
200773.411807,2652866.126422,0.0475142175747569,0.551458447991194,0.00091726288754357,0.0464135021097046,0.0550357732526142,0.298660796184186
201273.411807,2652866.126422,0.0384615384615385,0.59981684981685,0.000183150183150183,0.0291208791208791,0.0228937728937729,0.30952380952381
201773.411807,2652866.126422,0.0555963302752294,0.617064220183486,0,0.0313761467889908,0.0363302752293578,0.259633027522936
202273.411807,2652866.126422,0.100532012474775,0.339387268391121,0.00146762062006971,0.0757659145110989,0.062190423775454,0.420656760227481
202773.411807,2652866.126422,0.0315018315018315,0.428571428571429,0.00183150183150183,0.045970695970696,0.0490842490842491,0.443040293040293
203273.411807,2652866.126422,0.0269724770642202,0.480550458715596,0,0.0794495412844037,0.0407339449541284,0.372293577981651
203773.411807,2652866.126422,0.0502660062373876,0.360484314804623,0.000183452577508714,0.0467804072647221,0.0532012474775271,0.489084571638231
204273.411807,2652866.126422,0.0380952380952381,0.41025641025641,0,0.0734432234432234,0.0620879120879121,0.416117216117216
204773.411807,2652866.126422,0.0524770642201835,0.287522935779817,0.0157798165137615,0.153394495412844,0.0686238532110092,0.422201834862385
205273.411807,2652866.126422,0.0432948082920565,0.444138690148597,0.00513667217024399,0.0897083104017612,0.0862227114290956,0.331498807558246
205773.411807,2652866.126422,0.0712454212454212,0.33956043956044,0.0021978021978022,0.0749084249084249,0.0728937728937729,0.439194139194139
206273.411807,2652866.126422,0.105688073394495,0.113577981651376,0.00165137614678899,0.500366972477064,0.16605504587156,0.112660550458716
206773.411807,2652866.126422,0.106219042377545,0.386167675655843,0.00532012474775271,0.225279765180701,0.0777838928636947,0.199229499174463
207273.411807,2652866.126422,0.0457875457875458,0.746520146520147,0.00311355311355311,0.0941391941391941,0.0113553113553114,0.0990842490842491
207773.411807,2652866.126422,0.0601834862385321,0.618899082568807,0,0.0548623853211009,0.0412844036697248,0.224770642201835
208273.411807,2652866.126422,0.169326729040543,0.107319757842598,0,0.204366171344707,0.157585764079985,0.361401577692167
208773.411807,2652866.126422,0.276190476190476,0.0355311355311355,0,0.093040293040293,0.186446886446886,0.408791208791209
209273.411807,2652866.126422,0.62697247706422,0.00055045871559633,0,0.00036697247706422,0.00623853211009174,0.365871559633028
209773.411807,2652866.126422,0.607228031553843,0.00752155567785727,0,0.000366905155017428,0.00421940928270042,0.380664098330582
210273.411807,2652866.126422,0.65018315018315,0.00677655677655678,0,0.0010989010989011,0.019047619047619,0.322893772893773
210773.411807,2652866.126422,0.748990825688073,0,0,0,0.00293577981651376,0.248073394495413
211273.411807,2652866.126422,0.422491286002568,0.0322876536415337,0,0.00513667217024399,0.0297193175564117,0.510365070629242
211773.411807,2652866.126422,0.669177463091293,0.0174751431153962,0,0,0.000301295570955107,0.313046098222356
199273.411807,2652366.126422,0.0165289256198347,0.700148336511973,0,0.0211909302818394,0.0175884721339267,0.244543335452426
199773.411807,2652366.126422,0.0608727539420609,0.432159882654932,0,0.077007700770077,0.0647231389805647,0.365236523652365
200273.411807,2652366.126422,0.158424908424908,0.235164835164835,0.0509157509157509,0.0996336996336996,0.0648351648351648,0.391025641025641
200773.411807,2652366.126422,0.0545787545787546,0.343223443223443,0.0206959706959707,0.230769230769231,0.0888278388278388,0.261904761904762
201273.411807,2652366.126422,0.0751741840850752,0.364136413641364,0.00476714338100477,0.106894022735607,0.0979097909790979,0.351118445177851
201773.411807,2652366.126422,0.0428571428571429,0.499450549450549,0,0.0802197802197802,0.0485347985347985,0.328937728937729
202273.411807,2652366.126422,0.187179487179487,0.323076923076923,0.000183150183150183,0.0512820512820513,0.0543956043956044,0.383882783882784
202773.411807,2652366.126422,0.0826916024935827,0.387605427209388,0.0011001100110011,0.11019435276861,0.0775577557755776,0.340850751741841
203273.411807,2652366.126422,0.0512820512820513,0.345787545787546,0.000366300366300366,0.0543956043956044,0.0584249084249084,0.48974358974359
203773.411807,2652366.126422,0.0824175824175824,0.513736263736264,0.00421245421245421,0.00787545787545788,0.0318681318681319,0.35989010989011
204273.411807,2652366.126422,0.0504217088375504,0.621378804547121,0,0.109094242757609,0.0610561056105611,0.158049138247158
204773.411807,2652366.126422,0.0619047619047619,0.413003663003663,0.000366300366300366,0.137362637362637,0.0904761904761905,0.296886446886447
205273.411807,2652366.126422,0.0496336996336996,0.563553113553114,0.000183150183150183,0.084981684981685,0.0642857142857143,0.237362637362637
205773.411807,2652366.126422,0.0751741840850752,0.335533553355336,0.00623395672900623,0.182251558489182,0.122112211221122,0.278694536120279
206273.411807,2652366.126422,0.0899267399267399,0.142490842490842,0.00128205128205128,0.418131868131868,0.123076923076923,0.225091575091575
206773.411807,2652366.126422,0.0578754578754579,0.240659340659341,0.000915750915750916,0.157326007326007,0.102747252747253,0.44047619047619
207273.411807,2652366.126422,0.0396039603960396,0.634396773010634,0.000366703337000367,0.0531719838650532,0.0302530253025303,0.242207554088742
207773.411807,2652366.126422,0.0335164835164835,0.777472527472527,0,0.023992673992674,0.0250915750915751,0.13992673992674
208273.411807,2652366.126422,0.0179487179487179,0.767399267399267,0,0.0141025641025641,0.00677655677655678,0.193772893772894
208773.411807,2652366.126422,0.202786945361203,0.209387605427209,0,0.0887422075540887,0.14979831316465,0.349284928492849
209273.411807,2652366.126422,0.247435897435897,0.0531135531135531,0.000366300366300366,0.126007326007326,0.110805860805861,0.462271062271062
209773.411807,2652366.126422,0.545054945054945,0.00860805860805861,0,0.0212454212454212,0.0399267399267399,0.385164835164835
210273.411807,2652366.126422,0.591125779244591,0.00733406674000733,0,0.000183351668500183,0.00476714338100477,0.396589658965897
210773.411807,2652366.126422,0.713003663003663,0.000549450549450549,0,0,0,0.286446886446886
211273.411807,2652366.126422,0.519047619047619,0.0194139194139194,0,0.0208791208791209,0.089010989010989,0.351648351648352
211773.411807,2652366.126422,0.581121833534379,0.00241254523522316,0,0.000904704463208685,0.00904704463208685,0.406513872135103
199273.411807,2651866.126422,0.0284259652100127,0.584853627492575,0,0.0369113279592703,0.0449724225710649,0.304836656767077
199773.411807,2651866.126422,0.0619387942092725,0.333150082462892,0,0.110133773135422,0.0590067802822063,0.435770569910207
200273.411807,2651866.126422,0.120939621948981,0.145714810056891,0.0117452743622683,0.308496971921453,0.200770783630024,0.212332538080382
200773.411807,2651866.126422,0.0970108197322575,0.361819182101595,0.013203741059967,0.0500641848523748,0.0678525582248304,0.410049514028975
201273.411807,2651866.126422,0.0725673446948873,0.482682792743266,0.00293201392706615,0.043613707165109,0.0663368150998717,0.3318673263698
201773.411807,2651866.126422,0.0811158010644155,0.379702697742705,0.0334006239677005,0.13268489631125,0.0647825289043861,0.308313452009543
202273.411807,2651866.126422,0.128736475334678,0.373189070236567,0.0370438290849074,0.175132954337062,0.0689528699798276,0.216944801026958
202773.411807,2651866.126422,0.0936411947956753,0.442734102986989,0.0227231079347627,0.123694337548103,0.0359171706065604,0.281290086127909
203273.411807,2651866.126422,0.0645990089924757,0.354376949899064,0.00110111947146265,0.0677188474949532,0.066801247935401,0.445402826206643
203773.411807,2651866.126422,0.0691362552723272,0.476434989913809,0,0.0480469466348799,0.0359435173299101,0.370438290849074
204273.411807,2651866.126422,0.0328019058090526,0.57852299798424,0,0.0251053692505039,0.0296866410115448,0.333883085944658
204773.411807,2651866.126422,0.106258028996146,0.280601945311066,0.000917599559552211,0.126812259130116,0.104789869700863,0.380620297302257
205273.411807,2651866.126422,0.0744544287548139,0.302585732624244,0.000183385292499542,0.223179900971942,0.0882083256922795,0.311388226664222
205773.411807,2651866.126422,0.0448964632582005,0.146050943741983,0.000183250870441635,0.266263514751695,0.143118929814917,0.399486897562763
206273.411807,2651866.126422,0.026977427050835,0.0994677922554597,0.0209212699577904,0.565608368507983,0.0822169205358781,0.204808221692054
206773.411807,2651866.126422,0.0344764349899138,0.126902622409683,0.00128369704749679,0.509627727856226,0.108380707867229,0.219328809829452
207273.411807,2651866.126422,0.0386659336631849,0.198277441817849,0.00109950522264981,0.407549935862195,0.110683525746747,0.243723657687374
207773.411807,2651866.126422,0.0537713341897596,0.636080014681593,0,0.071389245733162,0.0418425399155808,0.196916865479905
208273.411807,2651866.126422,0.0876581698147808,0.442875481386393,0,0.141940216394645,0.0893086374472767,0.238217494956904
208773.411807,2651866.126422,0.115997800989555,0.0738501007879787,0.000916254352208173,0.102803738317757,0.125343595382078,0.581088510170423
209273.411807,2651866.126422,0.246100201871903,0.0442282987704166,0.0168838318957607,0.145531290144981,0.1616810423931,0.385575334923839
209773.411807,2651866.126422,0.53181734824867,0.00550155877498625,0,0.0106363469649734,0.0295250320924262,0.422519713918944
210273.411807,2651866.126422,0.417262231995602,0.0199743448781382,0.000549752611324904,0.108851017042331,0.0930914421843504,0.360271211288254
210773.411807,2651866.126422,0.394934850431272,0.0192695907505964,0,0.00770783630023858,0.0521196549825656,0.525968067535328
211273.411807,2651866.126422,0.695213643865762,0.013203741059967,0,0,0.00403447643498991,0.287548138639281
211773.411807,2651866.126422,0.475731082303286,0.0214048839312632,0,0.00844136267711788,0.0672294241784745,0.427193246909858
199273.411807,2651366.126422,0.0269410267288927,0.52503182011031,0,0.0439117522274077,0.0426389478150191,0.361476453118371
199773.411807,2651366.126422,0.0241758241758242,0.453113553113553,0,0.073992673992674,0.0549450549450549,0.393772893772894
200273.411807,2651366.126422,0.0499082568807339,0.508990825688073,0.00477064220183486,0.0190825688073394,0.0570642201834862,0.360183486238532
200773.411807,2651366.126422,0.0757659145110989,0.503393872683911,0.00421940928270042,0.0401761144744084,0.0476976701522656,0.328747018895615
201273.411807,2651366.126422,0.0487179487179487,0.586996336996337,0.000549450549450549,0.0591575091575092,0.0468864468864469,0.257692307692308
201773.411807,2651366.126422,0.116330275229358,0.254128440366972,0,0.14954128440367,0.127889908256881,0.352110091743119
202273.411807,2651366.126422,0.0731975784259769,0.54925701706109,0.000183452577508714,0.0570537516052101,0.0464135021097046,0.27389469822051
202773.411807,2651366.126422,0.0681318681318681,0.376373626373626,0.0514652014652015,0.135897435897436,0.0551282051282051,0.313003663003663
203273.411807,2651366.126422,0.075045871559633,0.370091743119266,0.0444036697247706,0.171559633027523,0.0544954128440367,0.284403669724771
203773.411807,2651366.126422,0.0559530361401578,0.488167308750688,0.001284168042561,0.0462300495321959,0.0354063474591818,0.372959090075216
204273.411807,2651366.126422,0.123809523809524,0.172710622710623,0.00201465201465201,0.20970695970696,0.141941391941392,0.34981684981685
204773.411807,2651366.126422,0.058348623853211,0.535045871559633,0,0.104036697247706,0.0814678899082569,0.221100917431193
205273.411807,2651366.126422,0.0821867547239039,0.193542469271693,0,0.329297376628142,0.0990643918547056,0.295909007521556
205773.411807,2651366.126422,0.0443223443223443,0.06996336996337,0.0179487179487179,0.66043956043956,0.0820512820512821,0.125274725274725
206273.411807,2651366.126422,0.0893577981651376,0.0763302752293578,0.00788990825688073,0.676146788990826,0.068256880733945,0.0820183486238532
206773.411807,2651366.126422,0.0755824619335902,0.0753990093560815,0.00421940928270042,0.710144927536232,0.0770500825536599,0.0576041093377362
207273.411807,2651366.126422,0.0336996336996337,0.0313186813186813,0.0010989010989011,0.888827838827839,0.0304029304029304,0.0146520146520147
207773.411807,2651366.126422,0.0957798165137615,0.252844036697248,0,0.218165137614679,0.133394495412844,0.299816513761468
208273.411807,2651366.126422,0.100348559897267,0.339020363236103,0.000733810310034856,0.173913043478261,0.123096679508347,0.262887543569987
208773.411807,2651366.126422,0.0941391941391941,0.190842490842491,0.000183150183150183,0.023992673992674,0.0503663003663004,0.64047619047619
209273.411807,2651366.126422,0.111009174311927,0.0552293577981651,0.00422018348623853,0.256146788990826,0.201651376146789,0.371743119266055
209773.411807,2651366.126422,0.219776187855439,0.029535864978903,0,0.0722803155384333,0.0939277196844616,0.584479911942763
210273.411807,2651366.126422,0.382051282051282,0.0457875457875458,0,0.122161172161172,0.122710622710623,0.327289377289377
210773.411807,2651366.126422,0.667155963302752,0.0130275229357798,0,0.00073394495412844,0.0124770642201835,0.306605504587156
211273.411807,2651366.126422,0.679141441937259,0.00715465052283985,0,0,0,0.313703907539901
211773.411807,2651366.126422,0.546851461283519,0.0108466405543839,0,0.00632720699005725,0.0289243748116903,0.407050316360349
199273.411807,2650866.126422,0.0680228862047044,0.481457936003391,0,0.0372960372960373,0.0654799745708837,0.347743165924984
199773.411807,2650866.126422,0.0326365969930326,0.377887788778878,0,0.0520718738540521,0.0300696736340301,0.507334066740007
200273.411807,2650866.126422,0.0347985347985348,0.58992673992674,0,0.0366300366300366,0.0238095238095238,0.314835164835165
200773.411807,2650866.126422,0.0835164835164835,0.491025641025641,0,0.0238095238095238,0.0366300366300366,0.365018315018315
201273.411807,2650866.126422,0.0594059405940594,0.492849284928493,0.00055005500550055,0.0643564356435644,0.0487715438210488,0.334066740007334
201773.411807,2650866.126422,0.0419413919413919,0.691025641025641,0.000732600732600733,0.0527472527472527,0.0404761904761905,0.173076923076923
202273.411807,2650866.126422,0.124175824175824,0.43040293040293,0,0.0965201465201465,0.0518315018315018,0.297069597069597
202773.411807,2650866.126422,0.0564723138980565,0.443527686101944,0.000183351668500183,0.17986798679868,0.0522552255225523,0.267693436010268
203273.411807,2650866.126422,0.0783882783882784,0.296520146520147,0.00384615384615385,0.171794871794872,0.0805860805860806,0.368864468864469
203773.411807,2650866.126422,0.0804029304029304,0.263369963369963,0.00732600732600733,0.220695970695971,0.095970695970696,0.332234432234432
204273.411807,2650866.126422,0.0984598459845985,0.292445911257792,0.0022002200220022,0.182251558489182,0.107444077741107,0.317198386505317
204773.411807,2650866.126422,0.104395604395604,0.216117216117216,0,0.178754578754579,0.111904761904762,0.388827838827839
205273.411807,2650866.126422,0.0901098901098901,0.1496336996337,0.000732600732600733,0.395970695970696,0.138644688644689,0.224908424908425
205773.411807,2650866.126422,0.0942427576090942,0.0588558855885589,0.00806747341400807,0.632746607994133,0.122295562889622,0.0837917125045838
206273.411807,2650866.126422,0.0743589743589744,0.0842490842490843,0.00842490842490842,0.72967032967033,0.0635531135531135,0.0397435897435897
206773.411807,2650866.126422,0.073992673992674,0.0884615384615385,0.000549450549450549,0.653663003663004,0.102564102564103,0.0807692307692308
207273.411807,2650866.126422,0.0823248991565823,0.0757242390905757,0.00256692335900257,0.682801613494683,0.0953428676200953,0.0612394572790612
207773.411807,2650866.126422,0.0648351648351648,0.132051282051282,0.000732600732600733,0.328937728937729,0.119413919413919,0.354029304029304
208273.411807,2650866.126422,0.0880952380952381,0.299267399267399,0.00512820512820513,0.276739926739927,0.102930402930403,0.227838827838828
208773.411807,2650866.126422,0.0938760542720939,0.292812614594793,0.000916758342500917,0.146681334800147,0.116061606160616,0.34965163182985
209273.411807,2650866.126422,0.102930402930403,0.0404761904761905,0.0021978021978022,0.328754578754579,0.173076923076923,0.352564102564103
209773.411807,2650866.126422,0.134798534798535,0.041025641025641,0,0.137179487179487,0.120879120879121,0.566117216117216
210273.411807,2650866.126422,0.326549321598827,0.0256692335900257,0,0.00825082508250825,0.0885588558855886,0.550971763843051
210773.411807,2650866.126422,0.552380952380952,0.0195970695970696,0,0.0021978021978022,0.0256410256410256,0.40018315018315
211273.411807,2650866.126422,0.650549450549451,0.00695970695970696,0.000183150183150183,0.0010989010989011,0.0161172161172161,0.325091575091575
211773.411807,2650866.126422,0.756936067551267,0.00301568154402895,0,0.000301568154402895,0.00150784077201448,0.238238841978287
199273.411807,2650366.126422,0.0920661858294442,0.43954179041154,0.00212134068731438,0.0426389478150191,0.0513364446330081,0.372295290623674
199773.411807,2650366.126422,0.032618654938611,0.461608942642478,0,0.140370166758292,0.0397654388858347,0.325636796774785
200273.411807,2650366.126422,0.0620297302257295,0.447238025325748,0,0.0657001284639383,0.0275279867865663,0.397504129198018
200773.411807,2650366.126422,0.0205391527599487,0.656519347148359,0,0.00788556757748029,0.026407482119934,0.288648450394278
201273.411807,2650366.126422,0.0311526479750779,0.69617005680777,0.00146600696353308,0.068719076415613,0.0318856514568444,0.170606560381162
201773.411807,2650366.126422,0.0607450908423564,0.790603780510185,0.000550559735731327,0.00715727656450725,0.00752431638832813,0.133418975958892
202273.411807,2650366.126422,0.061984228864845,0.512561892536219,0.000733541169998166,0.0676691729323308,0.0731707317073171,0.28388043278929
202773.411807,2650366.126422,0.0828293934396188,0.346160894264248,0,0.0608392889866227,0.103536741799524,0.406633681509987
203273.411807,2650366.126422,0.0776289227381171,0.275279867865663,0,0.108093228115251,0.149935768030831,0.389062213250138
203773.411807,2650366.126422,0.0511644966073721,0.412433522831469,0,0.053181734824867,0.0515312671923712,0.431688978543921
204273.411807,2650366.126422,0.0681693238042881,0.278907824812168,0.0377496793109767,0.359354956936045,0.0870441634597764,0.168774051676745
204773.411807,2650366.126422,0.0818498807120573,0.217287575701964,0,0.383189576069004,0.0952468342815195,0.222426133235456
205273.411807,2650366.126422,0.0900421786172749,0.184852374839538,0.00513478818998716,0.322391344214194,0.10783055198973,0.289748762149276
205773.411807,2650366.126422,0.0542422576507238,0.0470954737035001,0.0111783030969397,0.761590617555433,0.0747663551401869,0.051126992853216
206273.411807,2650366.126422,0.0332171040557901,0.0258763075793724,0.00752431638832813,0.874105340429437,0.0394567810607451,0.0198201504863278
206773.411807,2650366.126422,0.0819732257472951,0.0691362552723272,0.00476801760498808,0.704749679075738,0.0610673024023473,0.0783055198973042
207273.411807,2650366.126422,0.0339014110317024,0.0293201392706615,0.00219901044529962,0.880886934212938,0.0415979475902511,0.0120945574491479
207773.411807,2650366.126422,0.055606533308864,0.0879060378051019,0,0.372728941090108,0.12883097816113,0.354927509634795
208273.411807,2650366.126422,0.0812396845772969,0.341463414634146,0.000733541169998166,0.121951219512195,0.0858243168897854,0.368787823216578
208773.411807,2650366.126422,0.0709180868609126,0.119113065787062,0,0.0144768187648891,0.0412314458493678,0.754260582737768
209273.411807,2650366.126422,0.115801064415489,0.0262433474031932,0.000550559735731327,0.18260231235089,0.124059460451459,0.550743255643237
209773.411807,2650366.126422,0.283146891619292,0.0590500641848524,0.000733541169998166,0.169998166147075,0.213827251054465,0.273244085824317
210273.411807,2650366.126422,0.495327102803738,0.0133773135422393,0,0.03811618105186,0.0910756826094924,0.36210371999267
210773.411807,2650366.126422,0.679207193980547,0.00532207744540283,0,0.000183519911910442,0.0106441548908057,0.304643053771334
211273.411807,2650366.126422,0.674124335228315,0.00568494406748579,0,0,0,0.3201907207042
211773.411807,2650366.126422,0.770575821525475,0.000602954476936991,0,0,0,0.228821223997588
199273.411807,2649866.126422,0.111158252015274,0.194526941026729,0.00127280441238863,0.252863809927874,0.106703436571913,0.333474756045821
199773.411807,2649866.126422,0.145604395604396,0.213736263736264,0,0.163186813186813,0.105677655677656,0.371794871794872
200273.411807,2649866.126422,0.0741284403669725,0.259266055045872,0.00055045871559633,0.386422018348624,0.0638532110091743,0.215779816513761
200773.411807,2649866.126422,0.0689781691432765,0.327279398275546,0,0.315171528159971,0.0946615299944964,0.193909374426711
201273.411807,2649866.126422,0.0617216117216117,0.370695970695971,0.00293040293040293,0.141025641025641,0.0957875457875458,0.327838827838828
201773.411807,2649866.126422,0.0699082568807339,0.440917431192661,0.000917431192660551,0.222385321100917,0.0988990825688073,0.16697247706422
202273.411807,2649866.126422,0.0880572372041827,0.424509264355164,0.001284168042561,0.111355714547789,0.0880572372041827,0.28673637864612
202773.411807,2649866.126422,0.0961538461538462,0.307142857142857,0.00311355311355311,0.247069597069597,0.0732600732600733,0.273260073260073
203273.411807,2649866.126422,0.121284403669725,0.143302752293578,0.0170642201834862,0.461651376146789,0.0948623853211009,0.161834862385321
203773.411807,2649866.126422,0.100532012474775,0.191891396074115,0.00825536598789213,0.450926435516419,0.0961291506145661,0.152265639332233
204273.411807,2649866.126422,0.0928571428571429,0.132600732600733,0.0153846153846154,0.445421245421245,0.0858974358974359,0.227838827838828
204773.411807,2649866.126422,0.0932110091743119,0.112110091743119,0.00293577981651376,0.441284403669725,0.102201834862385,0.248256880733945
205273.411807,2649866.126422,0.08273711245643,0.180333883691066,0.001284168042561,0.423408548890112,0.111539167125298,0.200697119794533
205773.411807,2649866.126422,0.0941391941391941,0.117582417582418,0.0131868131868132,0.502197802197802,0.107875457875458,0.165018315018315
206273.411807,2649866.126422,0.0361467889908257,0.0500917431192661,0.00568807339449541,0.80256880733945,0.0644036697247706,0.0411009174311927
206773.411807,2649866.126422,0.0526508897450009,0.024399192808659,0.00091726288754357,0.785177031737296,0.0898917629792699,0.0469638598422308
207273.411807,2649866.126422,0.13974358974359,0.0597069597069597,0.000549450549450549,0.452930402930403,0.0772893772893773,0.26978021978022
207773.411807,2649866.126422,0.137064220183486,0.126422018348624,0,0.165871559633028,0.13394495412844,0.436697247706422
208273.411807,2649866.126422,0.114290955787929,0.268024215740231,0.00605393505778756,0.26820766831774,0.0964960557695836,0.246927169326729
208773.411807,2649866.126422,0.067032967032967,0.134249084249084,0.00274725274725275,0.295054945054945,0.17967032967033,0.321245421245421
209273.411807,2649866.126422,0.118165137614679,0.0877064220183486,0.00201834862385321,0.150275229357798,0.128440366972477,0.513394495412844
209773.411807,2649866.126422,0.327829756008072,0.0335718216840947,0.000366905155017428,0.0898917629792699,0.109704641350211,0.438635112823335
210273.411807,2649866.126422,0.442490842490842,0.0161172161172161,0,0.0637362637362637,0.0967032967032967,0.380952380952381
210773.411807,2649866.126422,0.480550458715596,0.0146788990825688,0,0.0113761467889908,0.121100917431193,0.372293577981651
211273.411807,2649866.126422,0.518620436617134,0.014125848468171,0,0.00348559897266557,0.0543019629425793,0.40946615299945
211773.411807,2649866.126422,0.631515516721904,0.0162699608315758,0,0.00662850256101235,0.0352515818017475,0.31033443808376
199273.411807,2649366.126422,0.0639966094511549,0.456240728968002,0,0.0290315744861199,0.0423818605636787,0.408349226531045
199773.411807,2649366.126422,0.0324532453245325,0.434543454345435,0,0.0746241290795746,0.0511551155115512,0.407224055738907
200273.411807,2649366.126422,0.111172161172161,0.270695970695971,0,0.067032967032967,0.0598901098901099,0.491208791208791
200773.411807,2649366.126422,0.146520146520147,0.235164835164835,0.000183150183150183,0.156410256410256,0.106776556776557,0.354945054945055
201273.411807,2649366.126422,0.135863586358636,0.197653098643198,0,0.188118811881188,0.113494682801613,0.364869820315365
201773.411807,2649366.126422,0.14029304029304,0.17967032967033,0.000915750915750916,0.294505494505495,0.158791208791209,0.225824175824176
202273.411807,2649366.126422,0.0564102564102564,0.248717948717949,0.00293040293040293,0.374358974358974,0.104578754578755,0.213003663003663
202773.411807,2649366.126422,0.0984598459845985,0.332599926659333,0.00733406674000733,0.0647231389805647,0.0493215988265493,0.447561422808948
203273.411807,2649366.126422,0.115384615384615,0.501282051282051,0.000549450549450549,0.105128205128205,0.0368131868131868,0.240842490842491
203773.411807,2649366.126422,0.071978021978022,0.358608058608059,0.000366300366300366,0.19047619047619,0.0919413919413919,0.286630036630037
204273.411807,2649366.126422,0.10964429776311,0.25045837917125,0.0055005500550055,0.206453978731206,0.145031169783645,0.282911624495783
204773.411807,2649366.126422,0.178205128205128,0.0783882783882784,0.0021978021978022,0.355311355311355,0.135347985347985,0.250549450549451
205273.411807,2649366.126422,0.123809523809524,0.0862637362637363,0.00421245421245421,0.443040293040293,0.150549450549451,0.192124542124542
205773.411807,2649366.126422,0.0848918225155849,0.181151448478181,0.0044004400440044,0.374037403740374,0.103777044371104,0.251741840850752
206273.411807,2649366.126422,0.0714285714285714,0.214285714285714,0.000549450549450549,0.217032967032967,0.156410256410256,0.34029304029304
206773.411807,2649366.126422,0.0692307692307692,0.135714285714286,0.00238095238095238,0.503113553113553,0.125457875457875,0.164102564102564
207273.411807,2649366.126422,0.0632563256325633,0.17033370003667,0.000733406674000733,0.315914924825816,0.114594792812615,0.335166850018335
207773.411807,2649366.126422,0.063003663003663,0.305128205128205,0,0.154029304029304,0.117582417582418,0.36025641025641
