"x","y","forest","agri","water","built","other","grass"
156773.411807,2571866.126422,0.0271559633027523,0.0159633027522936,0.754678899082569,0.19302752293578,0.00917431192660551,0
157273.411807,2571866.126422,0.00293524124013942,0.00275178866263071,0.806824435883324,0.18693817648138,0.000550357732526142,0
157773.411807,2571866.126422,0,0.000366300366300366,0.594322344322344,0.404578754578755,0.000732600732600733,0
158273.411807,2571866.126422,0.00073394495412844,0.0726605504587156,0.665688073394495,0.141284403669725,0.0891743119266055,0.0304587155963303
158773.411807,2571866.126422,0.00183452577508714,0.122362869198312,0.54063474591818,0.167492203265456,0.0922766464868831,0.0753990093560815
159273.411807,2571866.126422,0.0032967032967033,0.404029304029304,0.282967032967033,0.168131868131868,0.0772893772893773,0.0642857142857143
159773.411807,2571866.126422,0.00403669724770642,0.469724770642202,0.0711926605504587,0.153577981651376,0.0928440366972477,0.208623853211009
160273.411807,2571866.126422,0.00653442240373396,0.0956826137689615,0.428471411901984,0.0634772462077013,0.181563593932322,0.224270711785298
156773.411807,2571366.126422,0.0351648351648352,0.052014652014652,0.46043956043956,0.377655677655678,0.0703296703296703,0.0043956043956044
157273.411807,2571366.126422,0,0,0.683150183150183,0.316849816849817,0,0
157773.411807,2571366.126422,0,0.00531719838650532,0.855702236890356,0.132379904657132,0.00586725339200587,0.000733406674000733
158273.411807,2571366.126422,0.00183150183150183,0.0197802197802198,0.410989010989011,0.518864468864469,0.0446886446886447,0.00384615384615385
158773.411807,2571366.126422,0.0179487179487179,0.111721611721612,0.351465201465201,0.202747252747253,0.158974358974359,0.157142857142857
159273.411807,2571366.126422,0.0117345067840117,0.286945361202787,0.192335900256692,0.191785845251192,0.14044737807114,0.176751008434177
159773.411807,2571366.126422,0.0102564102564103,0.648534798534799,0.102930402930403,0.0512820512820513,0.0705128205128205,0.116483516483516
160273.411807,2571366.126422,0.00606060606060606,0.124242424242424,0.319347319347319,0.0629370629370629,0.192307692307692,0.295104895104895
156773.411807,2570866.126422,0.000183519911910442,0.0258763075793724,0.533308864011745,0.31969168654799,0.0467975775371628,0.0741420444118187
157273.411807,2570866.126422,0,0.00311754997249221,0.598569594718504,0.392994681826518,0.00110031175499725,0.00421786172748946
157773.411807,2570866.126422,0,0.0240058640278541,0.339930364669232,0.606743632032252,0.0163093274693055,0.0130108118013561
158273.411807,2570866.126422,0.0438612589465957,0.0334006239677005,0.493118003303358,0.207928060194531,0.0748761240594605,0.146815929528354
158773.411807,2570866.126422,0.128919860627178,0.229048230331927,0.0674857876398313,0.212360168714469,0.166880616174583,0.195305336512012
159273.411807,2570866.126422,0.00861279091075683,0.44951438519333,0,0.319223016309327,0.126259849734286,0.0963899578522998
159773.411807,2570866.126422,0.0273444668746559,0.615892824371444,0.0532207744540283,0.0495503762158194,0.080932281152505,0.173059276931547
160273.411807,2570866.126422,0.0137625379052951,0.118731047352461,0.234896197807324,0.0895731280615815,0.216934919524143,0.326102169349195
156273.411807,2570366.126422,0.0131868131868132,0.023992673992674,0.38992673992674,0.162087912087912,0.08003663003663,0.330769230769231
156773.411807,2570366.126422,0,0,0.776330275229358,0.223669724770642,0,0
157273.411807,2570366.126422,0,0.0172445422858191,0.721335534764263,0.218675472390387,0.0324711062190424,0.010273344340488
157773.411807,2570366.126422,0.000732600732600733,0.0934065934065934,0.250915750915751,0.342307692307692,0.0824175824175824,0.23021978021978
158273.411807,2570366.126422,0.0106422018348624,0.124403669724771,0.281284403669725,0.150642201834862,0.142201834862385,0.290825688073394
158773.411807,2570366.126422,0.00935608145294441,0.460649422124381,0.0425609979820216,0.0460465969546872,0.0849385433865346,0.356448358099431
159273.411807,2570366.126422,0.0106227106227106,0.815934065934066,0,0.0115384615384615,0.021978021978022,0.13992673992674
159773.411807,2570366.126422,0.0126605504587156,0.861100917431193,0.0146788990825688,0.00403669724770642,0.0143119266055046,0.0932110091743119
160273.411807,2570366.126422,0.0233372228704784,0.218903150525088,0.195332555425904,0.0830805134189032,0.135355892648775,0.343990665110852
156273.411807,2569866.126422,0,0.0188852218555189,0.406674000733407,0.108177484415108,0.0212687935460213,0.444994499449945
156773.411807,2569866.126422,0,0,0.755311355311355,0.244688644688645,0,0
157273.411807,2569866.126422,0,0.00384615384615385,0.61959706959707,0.359157509157509,0.00384615384615385,0.0135531135531136
157773.411807,2569866.126422,0.00055005500550055,0.0493215988265493,0.692885955262193,0.135680234690136,0.0462046204620462,0.0753575357535754
158273.411807,2569866.126422,0.00164835164835165,0.0672161172161172,0.298901098901099,0.528571428571429,0.0631868131868132,0.0404761904761905
158773.411807,2569866.126422,0,0.0514652014652015,0.5496336996337,0.23021978021978,0.0846153846153846,0.0840659340659341
159273.411807,2569866.126422,0.00421708837550422,0.100660066006601,0.633846718005134,0.0161349468280161,0.0418041804180418,0.203337000366703
159773.411807,2569866.126422,0.00805860805860806,0.0783882783882784,0.566483516483516,0.0531135531135531,0.0816849816849817,0.212271062271062
160273.411807,2569866.126422,0,0.135198135198135,0.516550116550117,0.101864801864802,0.0846153846153846,0.161771561771562
156273.411807,2569366.126422,0,0.0137438152831226,0.605094374198277,0.104819497892615,0.0196078431372549,0.25673446948873
156773.411807,2569366.126422,0.00440447788585061,0.0300972655533125,0.833363919985318,0.0633143696091026,0.011194714626537,0.0576252523398789
157273.411807,2569366.126422,0,0.00165046763249587,0.374472767284064,0.621125985695947,0.00256739409499358,0.000183385292499542
157773.411807,2569366.126422,0.0179585853032802,0.0111783030969397,0.754260582737768,0.141103170240059,0.0207073483599047,0.0547920102620487
158273.411807,2569366.126422,0,0.0322995044962378,0.734079647641769,0.175077995962562,0.0332171040557901,0.025325747843641
158773.411807,2569366.126422,0.00146708233999633,0.0511644966073721,0.580781221346048,0.19182101595452,0.08399046396479,0.0907757197872731
159273.411807,2569366.126422,0.0344511636430273,0.093274693054792,0.448048378229797,0.105735752244823,0.133040131940627,0.185449880886934
159773.411807,2569366.126422,0.0383556615892824,0.124242980363369,0.0768948430904753,0.0739585244999082,0.156175445035786,0.530372545421178
160273.411807,2569366.126422,0.00746442733846513,0.148355493351994,0.127595054816888,0.0587823652904129,0.129927688360159,0.527874970842081
156273.411807,2568866.126422,0.121794871794872,0.0331501831501832,0.282600732600733,0.132051282051282,0.0620879120879121,0.368315018315018
156773.411807,2568866.126422,0.0275229357798165,0.117798165137615,0.627706422018349,0.0284403669724771,0.00348623853211009,0.195045871559633
157273.411807,2568866.126422,0.00403595670519171,0.0113740598055403,0.536231884057971,0.408915795266924,0.0286186020913594,0.0108237020730141
157773.411807,2568866.126422,0.082967032967033,0.045970695970696,0.166117216117216,0.241575091575092,0.0864468864468864,0.376923076923077
158273.411807,2568866.126422,0.0587155963302752,0.0656880733944954,0.231009174311927,0.162935779816514,0.108990825688073,0.372660550458716
158773.411807,2568866.126422,0.0152265639332233,0.111355714547789,0.00201797835259585,0.0884241423592002,0.120528343423225,0.662447257383966
159273.411807,2568866.126422,0.125457875457875,0.108608058608059,0.0175824175824176,0.0708791208791209,0.142490842490842,0.534981684981685
159773.411807,2568866.126422,0.0190825688073394,0.112660550458716,0,0.29651376146789,0.248623853211009,0.323119266055046
160273.411807,2568866.126422,0.000466744457409568,0.381330221703617,0.0284714119019837,0.00280046674445741,0.0683780630105018,0.51855309218203
155773.411807,2568366.126422,0,0.00622710622710623,0.826739926739927,0.157142857142857,0.0043956043956044,0.00549450549450549
156273.411807,2568366.126422,0.214521452145215,0.0099009900990099,0.203520352035204,0.122845617895123,0.0960762742940961,0.353135313531353
156773.411807,2568366.126422,0.0844322344322344,0.0967032967032967,0.234615384615385,0.0545787545787546,0.0701465201465201,0.45952380952381
157273.411807,2568366.126422,0.000366300366300366,0.0371794871794872,0.352930402930403,0.47967032967033,0.0750915750915751,0.0547619047619048
157773.411807,2568366.126422,0.000183351668500183,0.0383204987165383,0.247891455812248,0.565639897323066,0.116978364503117,0.030986431976531
158273.411807,2568366.126422,0.0472527472527473,0.0884615384615385,0.151098901098901,0.0769230769230769,0.124358974358974,0.511904761904762
158773.411807,2568366.126422,0.0135531135531136,0.111538461538462,0.0844322344322344,0.102014652014652,0.145421245421245,0.543040293040293
159273.411807,2568366.126422,0.0324532453245325,0.11991199119912,0.277777777777778,0.10982764943161,0.138247158049138,0.321782178217822
159773.411807,2568366.126422,0.0820512820512821,0.0695970695970696,0.0899267399267399,0.165750915750916,0.234249084249084,0.358424908424908
160273.411807,2568366.126422,0.0233100233100233,0.145454545454545,0.0205128205128205,0.182983682983683,0.134265734265734,0.493473193473193
156273.411807,2567866.126422,0.00311526479750779,0.0357339197361187,0.361737218251787,0.245372915521349,0.108118013560564,0.245922668132674
156773.411807,2567866.126422,0.0346852633510736,0.137639933932832,0.248302440814828,0.15342264635713,0.137823453844742,0.288126261699394
157273.411807,2567866.126422,0.000366770584999083,0.0377773702549056,0.761599119750596,0.142490372272144,0.0348432055749129,0.0229231615624427
157773.411807,2567866.126422,0.000549752611324904,0.0218068535825545,0.413230712845886,0.4304562946674,0.11214953271028,0.0218068535825545
158273.411807,2567866.126422,0.0119287942741787,0.0433106992108644,0.62249954120022,0.239126445219306,0.0519361350706552,0.0311983850247752
158773.411807,2567866.126422,0.00128369704749679,0.0651017788373372,0.501192004401247,0.197505960022006,0.0830735375022923,0.15184302218962
159273.411807,2567866.126422,0.0126443100604728,0.200109950522265,0.354407183434121,0.0522264980758659,0.113432288803372,0.267179769103903
159773.411807,2567866.126422,0.0385391815011929,0.101670031198385,0.250137639933933,0.0994677922554597,0.160396403009727,0.349788952101303
160273.411807,2567866.126422,0.0545836249125262,0.12899463494285,0.00653137392115699,0.227898297177513,0.196174480989037,0.385817588056916
156273.411807,2567366.126422,0,0.0428571428571429,0.626190476190476,0.145787545787546,0.0413919413919414,0.143772893772894
156773.411807,2567366.126422,0.0126605504587156,0.0458715596330275,0.522935779816514,0.190642201834862,0.0493577981651376,0.178532110091743
157273.411807,2567366.126422,0,0.0242157402311502,0.659695468721336,0.284718400293524,0.0277013392038158,0.00366905155017428
157773.411807,2567366.126422,0,0.0104395604395604,0.902380952380952,0.0620879120879121,0.0230769230769231,0.00201465201465201
158273.411807,2567366.126422,0,0.00018348623853211,0.857798165137615,0.140366972477064,0.00165137614678899,0
158773.411807,2567366.126422,0,0.0100898917629793,0.710328380113741,0.228581911575858,0.0212804989910108,0.0297193175564117
159273.411807,2567366.126422,0.0032967032967033,0.117399267399267,0.543406593406593,0.0653846153846154,0.0771062271062271,0.193406593406593
159773.411807,2567366.126422,0.00715596330275229,0.174495412844037,0.350091743119266,0.0497247706422018,0.116330275229358,0.302201834862385
160273.411807,2567366.126422,0.0161026837806301,0.143990665110852,0.23803967327888,0.169894982497083,0.193698949824971,0.238273045507585
155773.411807,2566866.126422,0.00293040293040293,0.0395604395604396,0.858974358974359,0.0554945054945055,0.0217948717948718,0.0212454212454212
156273.411807,2566866.126422,0,0.00128346167950128,0.88998899889989,0.108727539420609,0,0
156773.411807,2566866.126422,0,0.0172161172161172,0.827838827838828,0.112087912087912,0.0148351648351648,0.028021978021978
157273.411807,2566866.126422,0,0.0111721611721612,0.865384615384615,0.103846153846154,0.0181318681318681,0.00146520146520147
157773.411807,2566866.126422,0,0.00421708837550422,0.927759442610928,0.0562889622295563,0.0117345067840117,0
158273.411807,2566866.126422,0,0.00494505494505494,0.907326007326007,0.0815018315018315,0.00622710622710623,0
158773.411807,2566866.126422,0,0.00567765567765568,0.896520146520147,0.0756410256410256,0.00586080586080586,0.0163003663003663
159273.411807,2566866.126422,0,0.0517051705170517,0.713604693802714,0.0892922625595893,0.0623395672900623,0.0830583058305831
159773.411807,2566866.126422,0.00164835164835165,0.0826007326007326,0.569230769230769,0.107509157509158,0.142490842490842,0.0965201465201465
160273.411807,2566866.126422,0,0.136363636363636,0.21025641025641,0.368997668997669,0.0916083916083916,0.192773892773893
155773.411807,2566366.126422,0,0,0.995048597102512,0.00476801760498808,0.000183385292499542,0
156273.411807,2566366.126422,0,0.00256551218618288,0.519699468572476,0.477735019241341,0,0
156773.411807,2566366.126422,0,0.0242246283721784,0.115434024591668,0.785281703064783,0.0442282987704166,0.0308313452009543
157273.411807,2566366.126422,0,0.0242068586099395,0.778103796075555,0.17219878965707,0.0115532734274711,0.0139372822299652
157773.411807,2566366.126422,0,0.0212571009712296,0.860362836723474,0.111416529228514,0.00696353307678211,0
158273.411807,2566366.126422,0,0.00605615709304459,0.736465406496605,0.244448522664709,0.0115617544503579,0.00146815929528354
158773.411807,2566366.126422,0,0.0163212910324592,0.687328076288282,0.260223730056849,0.0194388410049514,0.0166880616174583
159273.411807,2566366.126422,0,0,0.323804288070368,0.649990837456478,0.0262048744731537,0
159773.411807,2566366.126422,0.000183519911910442,0.0422095797394017,0.093778674986236,0.648008808955772,0.150669847678473,0.065149568728207
160273.411807,2566366.126422,0.00373221366923256,0.0599486820620481,0.413575927221833,0.36505714952181,0.113365990202939,0.0443200373221367
155273.411807,2565866.126422,0.0018348623853211,0.0121100917431193,0.879633027522936,0.0836697247706422,0.016697247706422,0.00605504587155963
155773.411807,2565866.126422,0,0.000550357732526142,0.89011190607228,0.108787378462667,0.000550357732526142,0
156273.411807,2565866.126422,0,0.0379120879120879,0.0379120879120879,0.86978021978022,0.0377289377289377,0.0166666666666667
156773.411807,2565866.126422,0.00458715596330275,0.0541284403669725,0.119266055045872,0.660733944954128,0.0818348623853211,0.0794495412844037
157273.411807,2565866.126422,0.00220143093010457,0.0273344340487984,0.622454595487067,0.245643001284168,0.0695285268758026,0.0328380113740598
157773.411807,2565866.126422,0,0.00164835164835165,0.961355311355311,0.0357142857142857,0.00128205128205128,0
158273.411807,2565866.126422,0,0.00385321100917431,0.809908256880734,0.175779816513761,0.00844036697247706,0.00201834862385321
158773.411807,2565866.126422,0,0.0330214639515685,0.591634562465603,0.347092276646487,0.023115024766098,0.00513667217024399
159273.411807,2565866.126422,0,0.00549450549450549,0.311172161172161,0.675457875457876,0.00769230769230769,0.000183150183150183
159773.411807,2565866.126422,0.00275229357798165,0.124403669724771,0,0.608990825688073,0.219449541284404,0.0444036697247706
160273.411807,2565866.126422,0,0.0116686114352392,0.294982497082847,0.621003500583431,0.05950991831972,0.0128354725787631
155273.411807,2565366.126422,0.00421245421245421,0.0137362637362637,0.90952380952381,0.0421245421245421,0.0148351648351648,0.0155677655677656
155773.411807,2565366.126422,0.000366300366300366,0.0391941391941392,0.321611721611722,0.61007326007326,0.0261904761904762,0.00256410256410256
156273.411807,2565366.126422,0,0.0326365969930326,0.0177851118445178,0.877887788778878,0.0322698936560323,0.0394206087275394
156773.411807,2565366.126422,0,0.0443223443223443,0.285164835164835,0.523443223443223,0.107509157509158,0.0395604395604396
157273.411807,2565366.126422,0,0.0223443223443223,0.362087912087912,0.457692307692308,0.0858974358974359,0.071978021978022
157773.411807,2565366.126422,0,0.00825082508250825,0.87990465713238,0.0984598459845985,0.011001100110011,0.00238357169050238
158273.411807,2565366.126422,0,0.0148351648351648,0.902930402930403,0.0613553113553114,0.00824175824175824,0.0126373626373626
158773.411807,2565366.126422,0,0.00842490842490842,0.962087912087912,0.0294871794871795,0,0
159273.411807,2565366.126422,0,0.00641730839750642,0.557389072240557,0.423909057572424,0.0122845617895123,0
159773.411807,2565366.126422,0.00146520146520147,0.0252747252747253,0.129304029304029,0.689194139194139,0.0364468864468864,0.118315018315018
160273.411807,2565366.126422,0.00815850815850816,0.116083916083916,0.0275058275058275,0.442657342657343,0.142191142191142,0.263403263403263
154773.411807,2564866.126422,0,0.0546087593916071,0.733369983507422,0.139087410665201,0.0238226131574125,0.0491112332783581
155273.411807,2564866.126422,0,0.0240411084602679,0.695540466140576,0.240411084602679,0.0203707102220591,0.0196366305744173
155773.411807,2564866.126422,0,0,0.165596919127086,0.834403080872914,0,0
156273.411807,2564866.126422,0,0,0.222833058457028,0.777166941542972,0,0
156773.411807,2564866.126422,0,0.0284455863461186,0.514773352908791,0.415856120389062,0.0289961460818499,0.0119287942741787
157273.411807,2564866.126422,0,0.017604988079956,0.551072803961122,0.424903722721438,0.00476801760498808,0.00165046763249587
157773.411807,2564866.126422,0,0.0186915887850467,0.885468205973978,0.0842954004031519,0.00989554700384827,0.00164925783397471
158273.411807,2564866.126422,0,0.0104606349788952,0.941090108276748,0.0271609469627455,0.0126628739218205,0.00862543585979079
158773.411807,2564866.126422,0,0.0522648083623693,0.751512928663121,0.13203741059967,0.0394278378874014,0.0247570144874381
159273.411807,2564866.126422,0,0.00696353307678211,0.138720908924317,0.769287154113982,0.0698185816382628,0.0152098222466557
159773.411807,2564866.126422,0,0.0745090842356396,0.197467425215636,0.486878326298403,0.108643787850982,0.132501376399339
160273.411807,2564866.126422,0.00653137392115699,0.132726848612083,0.0751108000933053,0.416141824119431,0.0830417541404245,0.286447399113599
154773.411807,2564366.126422,0,0.0234432234432234,0.781684981684982,0.107326007326007,0.0234432234432234,0.0641025641025641
155273.411807,2564366.126422,0,0.00311926605504587,0.490275229357798,0.504220183486239,0.00238532110091743,0
155773.411807,2564366.126422,0,0,0.096862960924601,0.903137039075399,0,0
156273.411807,2564366.126422,0,0,0,1,0,0
156773.411807,2564366.126422,0,0.0354128440366972,0.0055045871559633,0.90256880733945,0.0277064220183486,0.0288073394495413
157273.411807,2564366.126422,0,0.0522839845899835,0.416987708677307,0.487616951018162,0.0210970464135021,0.0220143093010457
157773.411807,2564366.126422,0,0.0456043956043956,0.831684981684982,0.097985347985348,0.019047619047619,0.00567765567765568
158273.411807,2564366.126422,0.00146788990825688,0.0273394495412844,0.881467889908257,0.0502752293577982,0.0201834862385321,0.0192660550458716
158773.411807,2564366.126422,0,0.0665932856356632,0.626674004769767,0.144744083654375,0.0882406897816914,0.073747936158503
159273.411807,2564366.126422,0,0.0326007326007326,0.221978021978022,0.584249084249084,0.0917582417582418,0.0694139194139194
159773.411807,2564366.126422,0,0.0365137614678899,0.164220183486239,0.645137614678899,0.0658715596330275,0.088256880733945
160273.411807,2564366.126422,0.00116686114352392,0.199766627771295,0.224970828471412,0.499183197199533,0.0333722287047841,0.0415402567094516
154773.411807,2563866.126422,0,0.0342867620095343,0.768976897689769,0.14979831316465,0.0177851118445178,0.0291529152915292
155273.411807,2563866.126422,0,0.013003663003663,0.459340659340659,0.4496336996337,0.0137362637362637,0.0642857142857143
155773.411807,2563866.126422,0.0142857142857143,0.00860805860805861,0.0137362637362637,0.951282051282051,0.00421245421245421,0.00787545787545788
156273.411807,2563866.126422,0.000916758342500917,0.0212687935460213,0.00916758342500917,0.952145214521452,0,0.0165016501650165
156773.411807,2563866.126422,0,0.0256410256410256,0,0.940842490842491,0.0144688644688645,0.019047619047619
157273.411807,2563866.126422,0,0.0666666666666667,0.412454212454212,0.435531135531136,0.0384615384615385,0.0468864468864469
157773.411807,2563866.126422,0,0.0033003300330033,0.851668500183352,0.142647598093143,0.00238357169050238,0
158273.411807,2563866.126422,0,0.00897435897435897,0.929304029304029,0.0423076923076923,0.0137362637362637,0.00567765567765568
158773.411807,2563866.126422,0,0.0289377289377289,0.864102564102564,0.0681318681318681,0.0269230769230769,0.0119047619047619
159273.411807,2563866.126422,0,0.0456545654565457,0.625595892922626,0.292812614594793,0.0249358269160249,0.011001100110011
159773.411807,2563866.126422,0,0.202014652014652,0.241025641025641,0.484981684981685,0.0573260073260073,0.0146520146520147
160273.411807,2563866.126422,0.00186480186480186,0.35990675990676,0.220512820512821,0.247319347319347,0.103030303030303,0.0673659673659674
154773.411807,2563366.126422,0,0.00494777350192413,0.349642660802639,0.641561297416163,0.000366501740883269,0.00348176653839106
155273.411807,2563366.126422,0,0.0198201504863278,0.543769498990641,0.413103321710406,0.000367039823820885,0.0229399889888053
155773.411807,2563366.126422,0.00641848523748395,0.0117366587199707,0.37612323491656,0.591784338896021,0.00238400880249404,0.0115532734274711
156273.411807,2563366.126422,0.00256551218618288,0.0130108118013561,0.202125710097123,0.775517683708998,0.00641378046545721,0.000366501740883269
156773.411807,2563366.126422,0.00110111947146265,0.0297302257294917,0.187190310148651,0.754817397687649,0.0135804734813727,0.0135804734813727
157273.411807,2563366.126422,0,0.0251237850724372,0.331743994131671,0.603704382908491,0.0183385292499542,0.0210893086374473
157773.411807,2563366.126422,0,0.0203408466190214,0.629833241707898,0.27579256001466,0.0522264980758659,0.0218068535825545
158273.411807,2563366.126422,0,0.00293631859056708,0.572398605248669,0.415856120389062,0.00880895577170123,0
158773.411807,2563366.126422,0,0.0100861910874748,0.185952686594535,0.759398496240602,0.0383275261324042,0.00623509994498441
159273.411807,2563366.126422,0.000183250870441635,0.0333516584203775,0.396554883635697,0.522081729888217,0.034084661902144,0.0137438152831226
159773.411807,2563366.126422,0.00587263718113415,0.245182602312351,0.167370159662323,0.44797210497339,0.0846026793907139,0.0489998164800881
160273.411807,2563366.126422,0.0104968509447166,0.131793795194775,0.282948448798694,0.406111499883368,0.0905061814788897,0.0781432236995568
154773.411807,2562866.126422,0,0,0,1,0,0
155273.411807,2562866.126422,0,0.0179816513761468,0.24954128440367,0.71302752293578,0.00055045871559633,0.0188990825688073
155773.411807,2562866.126422,0,0,0.0456796917996698,0.95432030820033,0,0
156273.411807,2562866.126422,0,0,0.0549450549450549,0.945054945054945,0,0
156773.411807,2562866.126422,0,0.0247706422018349,0.0743119266055046,0.861651376146789,0.0122935779816514,0.0269724770642202
157273.411807,2562866.126422,0,0.0174279948633278,0.215923683727756,0.76169510181618,0.000733810310034856,0.00421940928270042
157773.411807,2562866.126422,0,0.0168498168498168,0.515018315018315,0.441758241758242,0.0175824175824176,0.00879120879120879
158273.411807,2562866.126422,0,0.00238532110091743,0.638532110091743,0.339082568807339,0.0185321100917431,0.00146788990825688
158773.411807,2562866.126422,0.000733810310034856,0.091726288754357,0.490001834525775,0.348743349844065,0.0497156485048615,0.0190790680609063
159273.411807,2562866.126422,0,0.01996336996337,0.228021978021978,0.713919413919414,0.0333333333333333,0.00476190476190476
159773.411807,2562866.126422,0,0.149357798165138,0.459633027522936,0.122935779816514,0.033394495412844,0.234678899082569
160273.411807,2562866.126422,0,0.0406067677946324,0.695915985997666,0.160093348891482,0.0637106184364061,0.0396732788798133
154273.411807,2562366.126422,0,0,0.580952380952381,0.419047619047619,0,0
154773.411807,2562366.126422,0,0.00238357169050238,0,0.995782911624496,0.00183351668500183,0
155273.411807,2562366.126422,0.000549450549450549,0.0104395604395604,0.0664835164835165,0.896336996336996,0.00531135531135531,0.0208791208791209
155773.411807,2562366.126422,0,0,0.232417582417582,0.767216117216117,0.000366300366300366,0
156273.411807,2562366.126422,0,0.0113678034470114,0.617895122845618,0.37018701870187,0.00055005500550055,0
156773.411807,2562366.126422,0,0.0227106227106227,0.767582417582418,0.165384615384615,0.0305860805860806,0.0137362637362637
157273.411807,2562366.126422,0,0.0236263736263736,0.586263736263736,0.347619047619048,0.0142857142857143,0.0282051282051282
157773.411807,2562366.126422,0,0.0397873120645398,0.102126879354602,0.768426842684268,0.0452878621195453,0.0443711037770444
158273.411807,2562366.126422,0.000366300366300366,0.0335164835164835,0.054029304029304,0.841391941391941,0.0575091575091575,0.0131868131868132
158773.411807,2562366.126422,0.000366300366300366,0.103296703296703,0,0.773809523809524,0.0633699633699634,0.0591575091575092
159273.411807,2562366.126422,0,0.0443711037770444,0.388338833883388,0.534836817015035,0.0243857719105244,0.00806747341400807
159773.411807,2562366.126422,0.00586080586080586,0.131684981684982,0.482783882783883,0.0338827838827839,0.0472527472527473,0.298534798534799
160273.411807,2562366.126422,0.00909090909090909,0.0426573426573427,0.65990675990676,0.199300699300699,0.031002331002331,0.058041958041958
154273.411807,2561866.126422,0,0,0.252338162479369,0.747661837520631,0,0
154773.411807,2561866.126422,0,0.0355506688656771,0,0.959868059373282,0.000733003481766538,0.00384826827927433
155273.411807,2561866.126422,0.00256927876674619,0.0119287942741787,0.106992108643788,0.850247751881079,0.00550559735731327,0.0227564690768948
155773.411807,2561866.126422,0,0,0.461764166513846,0.538235833486154,0,0
156273.411807,2561866.126422,0,0.0166758292101887,0.555433388308594,0.427890782481217,0,0
156773.411807,2561866.126422,0.00458799779776106,0.0345017434391632,0.565424848596073,0.324279684345751,0.0412919801798495,0.0299137456414021
157273.411807,2561866.126422,0.00256739409499358,0.048413717219879,0.485420869246286,0.420869246286448,0.0203557674674491,0.0223730056849441
157773.411807,2561866.126422,0.00384826827927433,0.0307861462341946,0.0185083379146051,0.757925600146601,0.125343595382078,0.0635880520432472
158273.411807,2561866.126422,0.0130299137456414,0.0559735731326849,0.0337676637915214,0.700862543585979,0.114332905120206,0.0820334006239677
158773.411807,2561866.126422,0,0.0460297084173849,0.0298918026774253,0.56812763616358,0.167430772052081,0.188520080689529
159273.411807,2561866.126422,0,0.0690855781564962,0.371632765255635,0.503206890232729,0.0293201392706615,0.0267546270844787
159773.411807,2561866.126422,0,0.254725637731694,0.521196549825656,0.051018535511103,0.0455129381537897,0.127546338777757
160273.411807,2561866.126422,0,0.178446466060182,0.486587357126195,0.0851411243293679,0.107301142990436,0.142523909493819
154273.411807,2561366.126422,0,0.00385250412768299,0.0297193175564117,0.96569436800587,0.000733810310034856,0
154773.411807,2561366.126422,0,0.00128205128205128,0.00164835164835165,0.997069597069597,0,0
155273.411807,2561366.126422,0.00697247706422018,0.00220183486238532,0.329357798165138,0.647522935779817,0.00605504587155963,0.00788990825688073
155773.411807,2561366.126422,0,0.0451293340671436,0.106585947532563,0.754540451293341,0.0453127866446524,0.0484314804623005
156273.411807,2561366.126422,0,0.144139194139194,0.274358974358974,0.347619047619048,0.108608058608059,0.125274725274725
156773.411807,2561366.126422,0.00018348623853211,0.0787155963302752,0.33045871559633,0.468990825688073,0.0796330275229358,0.0420183486238532
157273.411807,2561366.126422,0,0.0654925701706109,0.454778939644102,0.383415886993212,0.068611263988259,0.0277013392038158
157773.411807,2561366.126422,0.0347985347985348,0.0838827838827839,0.0871794871794872,0.606776556776557,0.122527472527473,0.0648351648351648
158273.411807,2561366.126422,0.0788990825688073,0.117981651376147,0.00697247706422018,0.295779816513761,0.20605504587156,0.294311926605505
158773.411807,2561366.126422,0.0225646670335718,0.077600440286186,0.0875068794716566,0.311685929187305,0.173729590900752,0.326912493120528
159273.411807,2561366.126422,0.00421245421245421,0.0884615384615385,0.309157509157509,0.344322344322344,0.0684981684981685,0.185347985347985
159773.411807,2561366.126422,0.00440366972477064,0.122018348623853,0.529357798165138,0.124587155963303,0.0856880733944954,0.13394495412844
160273.411807,2561366.126422,0.0170361726954492,0.161026837806301,0.413302217036173,0.0683780630105018,0.0977829638273045,0.242473745624271
154273.411807,2560866.126422,0,0,0,1,0,0
154773.411807,2560866.126422,0,0,0.373854052071874,0.626145947928126,0,0
155273.411807,2560866.126422,0,0.00769230769230769,0.436996336996337,0.555311355311355,0,0
155773.411807,2560866.126422,0,0.0335164835164835,0.221794871794872,0.715201465201465,0.0155677655677656,0.0139194139194139
156273.411807,2560866.126422,0,0.0876420975430876,0.433810047671434,0.327099376604327,0.0638063806380638,0.0876420975430876
156773.411807,2560866.126422,0,0.0584249084249084,0.537545787545788,0.33040293040293,0.0368131868131868,0.0368131868131868
157273.411807,2560866.126422,0,0.0445054945054945,0.565567765567766,0.368498168498169,0.0119047619047619,0.00952380952380952
157773.411807,2560866.126422,0.0168683535020169,0.154748808214155,0.584708470847085,0.0958929226255959,0.0566556655665567,0.0911257792445911
158273.411807,2560866.126422,0.121611721611722,0.125641025641026,0.308058608058608,0.0611721611721612,0.0423076923076923,0.341208791208791
158773.411807,2560866.126422,0.0256410256410256,0.0765567765567766,0.135164835164835,0.105860805860806,0.159340659340659,0.497435897435897
159273.411807,2560866.126422,0.0196186285295196,0.0685735240190686,0.29006233956729,0.0506050605060506,0.0482214888155482,0.522918958562523
159773.411807,2560866.126422,0.0822344322344322,0.0855311355311355,0.17014652014652,0.0223443223443223,0.0441391941391941,0.595604395604396
160273.411807,2560866.126422,0.0319347319347319,0.0592074592074592,0.292074592074592,0.055011655011655,0.0794871794871795,0.482284382284382
154273.411807,2560366.126422,0.000550155877498625,0.0133871263524665,0.0577663671373556,0.926279112415184,0.00201723821749496,0
154773.411807,2560366.126422,0,0,0.389224848818032,0.610775151181968,0,0
155273.411807,2560366.126422,0,0,0.856120389062213,0.143879610937787,0,0
155773.411807,2560366.126422,0,0.011186502842472,0.817898404547955,0.153676875114616,0.0117366587199707,0.00550155877498625
156273.411807,2560366.126422,0,0.0276708814366868,0.689756276342313,0.245372915521349,0.0196078431372549,0.0175920835623969
156773.411807,2560366.126422,0,0.00568911726922371,0.617911543402459,0.366305744173243,0.00935951550743256,0.000734079647641769
157273.411807,2560366.126422,0,0.0465798642948836,0.791490922428021,0.130203557674674,0.0229231615624427,0.00880249403997799
157773.411807,2560366.126422,0,0.0505772402418911,0.614073666849917,0.280740333516584,0.0406816932380429,0.0139270661535642
158273.411807,2560366.126422,0.00715727656450725,0.129014498073041,0.545788218021655,0.190493668563039,0.0462470178014315,0.0812993209763259
158773.411807,2560366.126422,0,0.12396845772969,0.50816064551623,0.0951769668072621,0.114615807812213,0.158078122134605
159273.411807,2560366.126422,0,0.116364302730438,0.370716510903427,0.155763239875389,0.107201759208356,0.24995418728239
159773.411807,2560366.126422,0.00917599559552211,0.121857221508534,0.296384657735364,0.0308313452009543,0.0774454028262066,0.464305377133419
160273.411807,2560366.126422,0,0.066246792628878,0,0.039888033589923,0.0718451131327268,0.822020060648472
153773.411807,2559866.126422,0,0.00825688073394495,0.52954128440367,0.461284403669725,0.000917431192660551,0
154273.411807,2559866.126422,0,0.00366905155017428,0.470188956154834,0.526141992294992,0,0
154773.411807,2559866.126422,0,0,0.728571428571429,0.271428571428571,0,0
155273.411807,2559866.126422,0,0,0.484220183486239,0.515779816513761,0,0
155773.411807,2559866.126422,0,0,0.415520088057237,0.584479911942763,0,0
156273.411807,2559866.126422,0,0.0201465201465201,0.911538461538462,0.052014652014652,0.00622710622710623,0.0100732600732601
156773.411807,2559866.126422,0,0.0148623853211009,0.803302752293578,0.172660550458716,0.00825688073394495,0.000917431192660551
157273.411807,2559866.126422,0,0.0592551825353146,0.727939827554577,0.151898734177215,0.0168776371308017,0.0440286186020914
157773.411807,2559866.126422,0,0.0364468864468864,0.560805860805861,0.337362637362637,0.0456043956043956,0.0197802197802198
158273.411807,2559866.126422,0.00697247706422018,0.0651376146788991,0.621651376146789,0.145688073394495,0.0539449541284404,0.106605504587156
158773.411807,2559866.126422,0.0761328196661163,0.0554026784076316,0.544670702623372,0.162905888827738,0.0913593835993396,0.0695285268758026
159273.411807,2559866.126422,0.0177655677655678,0.0287545787545788,0.0316849816849817,0.596703296703297,0.217216117216117,0.107875457875458
159773.411807,2559866.126422,0.043302752293578,0.0932110091743119,0.0480733944954128,0.147339449541284,0.164403669724771,0.503669724770642
160273.411807,2559866.126422,0.0707117852975496,0.0627771295215869,0,0.0277712952158693,0.0784130688448075,0.760326721120187
153273.411807,2559366.126422,0.233773377337734,0.0216354968830216,0.65951595159516,0.0663733039970664,0.0187018701870187,0
153773.411807,2559366.126422,0,0,0.744505494505495,0.255494505494505,0,0
154273.411807,2559366.126422,0,0,0.48040293040293,0.51959706959707,0,0
154773.411807,2559366.126422,0,0,0.381004767143381,0.618995232856619,0,0
155273.411807,2559366.126422,0,0,0,1,0,0
155773.411807,2559366.126422,0,0,0,1,0,0
156273.411807,2559366.126422,0,0.0227356068940227,0.15969930326366,0.802713604693803,0.0104510451045105,0.0044004400440044
156773.411807,2559366.126422,0,0.0267399267399267,0.732600732600733,0.195238095238095,0.0269230769230769,0.0184981684981685
157273.411807,2559366.126422,0,0.0412087912087912,0.656593406593407,0.235714285714286,0.0509157509157509,0.0155677655677656
157773.411807,2559366.126422,0,0.0245691235790246,0.757059039237257,0.161716171617162,0.0443711037770444,0.0122845617895123
158273.411807,2559366.126422,0,0.0212454212454212,0.842490842490842,0.0928571428571429,0.0379120879120879,0.00549450549450549
158773.411807,2559366.126422,0.0230769230769231,0.0631868131868132,0.653479853479853,0.0664835164835165,0.0663003663003663,0.127472527472527
159273.411807,2559366.126422,0.0451045104510451,0.0803080308030803,0.108544187752109,0.142647598093143,0.161532819948662,0.461862852951962
159773.411807,2559366.126422,0.0104395604395604,0.0882783882783883,0.101098901098901,0.271245421245421,0.117399267399267,0.411538461538462
160273.411807,2559366.126422,0.0431235431235431,0.0445221445221445,0.0948717948717949,0.135431235431235,0.121445221445221,0.560606060606061
153273.411807,2558866.126422,0.214220267546271,0.0557082646142569,0.441451346893898,0.188565145684442,0.100054975261132,0
153773.411807,2558866.126422,0,0,0.864378785098183,0.135621214901817,0,0
154273.411807,2558866.126422,0,0,0.0755547405098111,0.924445259490189,0,0
154773.411807,2558866.126422,0,0,0,1,0,0
155273.411807,2558866.126422,0,0,0,1,0,0
155773.411807,2558866.126422,0,0,0.00861910874747845,0.991380891252522,0,0
156273.411807,2558866.126422,0,0.0487447315374748,0.0562580172255818,0.849001282756093,0.015026571376214,0.0309693971046362
156773.411807,2558866.126422,0,0.0594604514589833,0.758487795925858,0.140025692787667,0.022389429253074,0.0196366305744173
157273.411807,2558866.126422,0,0.0451127819548872,0.640748211993398,0.253805244819366,0.0522648083623693,0.00806895286997983
157773.411807,2558866.126422,0,0.0540590067802822,0.643943558731904,0.179585853032802,0.0822796408282939,0.040131940626718
158273.411807,2558866.126422,0,0.0405579005322077,0.706918700679024,0.125160579922922,0.0662506881996697,0.0611121306661773
158773.411807,2558866.126422,0.06400146708234,0.104713002017238,0.414083990463965,0.117366587199707,0.0911424903722722,0.208692462864478
159273.411807,2558866.126422,0.00879604178119846,0.0371999266996518,0.120395821880154,0.0822796408282939,0.0982224665567161,0.653106102253986
159773.411807,2558866.126422,0.0367039823820885,0.104055790053221,0.159478803450174,0.132134336575518,0.161497522481189,0.406129565057809
160273.411807,2558866.126422,0.026592022393282,0.0690459528808024,0.0671798460461861,0.112199673431304,0.133426638675064,0.591555866573361
