"x","y","forest","agri","water","built","other","grass"
198773.411807,2530366.126422,0.0611888111888112,0.808857808857809,0,0,0.00466200466200466,0.125291375291375
199273.411807,2530366.126422,0.172632440171814,0.271630190222949,0,0.00306811208836163,0.00715892820617713,0.545510329310698
199773.411807,2530366.126422,0.0802532162548499,0.484582397386155,0,0.000408413314274045,0.00306309985705534,0.431692873187666
200273.411807,2530366.126422,0.20589439214081,0.216741711011052,0,0.000818665575112567,0.00266066311911584,0.573884568153909
200773.411807,2530366.126422,0.13192881979955,0.367968909797505,0.0186132133360605,0.00715892820617713,0.0447944364900798,0.429535692370628
201273.411807,2530366.126422,0.0843373493975904,0.508270369614049,0.0134776393710435,0.0132734327139065,0.0796405962834388,0.301000612619971
201773.411807,2530366.126422,0.125051166598445,0.441260744985673,0.015963978714695,0.00409332787556283,0.0704052394596807,0.343225542365943
202273.411807,2530366.126422,0.121701779505011,0.412354264675803,0,0.00552260175905093,0.101861321333606,0.358560032726529
202773.411807,2530366.126422,0.111496834796814,0.411884827445375,0.00959771288544006,0.00653461302838473,0.0953645088829896,0.365121502960997
203273.411807,2530366.126422,0.0855505525992632,0.447605403192796,0.0229226361031519,0.0073679901760131,0.111338518215309,0.325214899713467
203773.411807,2530366.126422,0.0775209654326038,0.514215586009409,0.0032726528942524,0.00654530578850481,0.143178564123543,0.255266925751687
204273.411807,2530366.126422,0.0865836226260976,0.453951398815601,0,0.00367571982846641,0.0708597100265469,0.384929548703288
204773.411807,2530366.126422,0.109701187065084,0.342202210397053,0,0.00573065902578797,0.15963978714695,0.382726156365125
205273.411807,2530366.126422,0.369809777050522,0.328697075066476,0,0.000818163223563101,0.0335446921660871,0.267130292493352
205773.411807,2530366.126422,0.131509087196243,0.234429242393302,0,0.0132734327139065,0.25995507453543,0.360833163161119
206273.411807,2530366.126422,0.130372492836676,0.373925501432665,0,0.00225133033155956,0.0865738845681539,0.406876790830946
206773.411807,2530366.126422,0.933115156473716,0.00736346901206791,0,0,0.00368173450603395,0.0558396400081816
207273.411807,2530366.126422,0.860118439861139,0.000612619971411068,0,0.000612619971411068,0.00306309985705534,0.135593220338983
207773.411807,2530366.126422,0.761358984854687,0.00184199754400327,0,0.0073679901760131,0.0304952926729431,0.198935734752354
208273.411807,2530366.126422,0.849253426058499,0.000613622417672326,0,0.00490897934137861,0.0206586213949683,0.124565350787482
208773.411807,2530366.126422,0.886869511946089,0.00102103328568511,0,0.000816826628548091,0.0044925464570145,0.106800081682663
209273.411807,2530366.126422,0.637331150225133,0.00654932460090053,0,0.00204666393778142,0.00573065902578797,0.348342202210397
209773.411807,2530366.126422,0.193495602372673,0.180814072407445,0.00368173450603395,0.00572714256494171,0.0151360196359174,0.601145428512988
210273.411807,2530366.126422,0.362671023075352,0.148049826424341,0,0.0426791913416377,0.00592199305697366,0.440677966101695
210773.411807,2530366.126422,0.143061809250921,0.290421612771183,0.00122799836266885,0.265247646336472,0.0435939418747442,0.256446991404011
211273.411807,2530366.126422,0.0603970741901776,0.0280041797283177,0.013166144200627,0.743155694879833,0.0261233019853709,0.129153605015674
198773.411807,2529866.126422,0.379274877860633,0.0735407559784006,0,0.000514271020827976,0.00205708408331191,0.544613011056827
199273.411807,2529866.126422,0.0752155567785727,0.471840029352412,0,0.000733810310034856,0.00311869381764814,0.449091909741332
199773.411807,2529866.126422,0.0346153846153846,0.793772893772894,0,0.000183150183150183,0.00750915750915751,0.163919413919414
200273.411807,2529866.126422,0.0976146788990826,0.589908256880734,0,0.00165137614678899,0.0326605504587156,0.278165137614679
200773.411807,2529866.126422,0.121812511465786,0.318473674555127,0.00293524124013942,0.0207301412584847,0.176297926985874,0.359750504494588
201273.411807,2529866.126422,0.131135531135531,0.377655677655678,0.036996336996337,0.0144688644688645,0.146703296703297,0.293040293040293
201773.411807,2529866.126422,0.104036697247706,0.452477064220183,0,0.00256880733944954,0.0752293577981651,0.365688073394495
202273.411807,2529866.126422,0.0645753072830673,0.453494771601541,0.0111906072280316,0.0122913226930838,0.165657677490369,0.292790313703908
202773.411807,2529866.126422,0.0754578754578755,0.539010989010989,0.000732600732600733,0.00586080586080586,0.126373626373626,0.252564102564103
203273.411807,2529866.126422,0.0559633027522936,0.541467889908257,0,0.0036697247706422,0.0675229357798165,0.331376146788991
203773.411807,2529866.126422,0.121078701155751,0.314070812694918,0,0.00568702990277013,0.152082186754724,0.407081269491836
204273.411807,2529866.126422,0.0717948717948718,0.483882783882784,0.00201465201465201,0.0139194139194139,0.128937728937729,0.299450549450549
204773.411807,2529866.126422,0.160366972477064,0.532660550458716,0,0.00275229357798165,0.0596330275229358,0.244587155963303
205273.411807,2529866.126422,0.0709961474958723,0.564483580994313,0,0.00366905155017428,0.0875068794716566,0.273344340487984
205773.411807,2529866.126422,0.115201465201465,0.347069597069597,0.000366300366300366,0.00494505494505494,0.133882783882784,0.398534798534799
206273.411807,2529866.126422,0.158165137614679,0.438899082568807,0,0.00201834862385321,0.0187155963302752,0.382201834862385
206773.411807,2529866.126422,0.231884057971014,0.124013942395891,0.00513667217024399,0.0126582278481013,0.0860392588515869,0.540267840763163
207273.411807,2529866.126422,0.342124542124542,0.0342490842490843,0.00146520146520147,0.0159340659340659,0.174175824175824,0.432051282051282
207773.411807,2529866.126422,0.673577981651376,0.00752293577981651,0,0.00220183486238532,0.031743119266055,0.284954128440367
208273.411807,2529866.126422,0.968446156668501,0,0,0,0,0.0315538433314988
208773.411807,2529866.126422,0.703479853479854,0.0197802197802198,0,0.113186813186813,0.0307692307692308,0.132783882783883
209273.411807,2529866.126422,0.153577981651376,0.048256880733945,0,0.105504587155963,0.0313761467889908,0.661284403669725
209773.411807,2529866.126422,0.067327095945698,0.23958906622638,0,0.285635663181068,0.062190423775454,0.3452577508714
210273.411807,2529866.126422,0.00824175824175824,0.41025641025641,0.000183150183150183,0.282051282051282,0.0291208791208791,0.27014652014652
210773.411807,2529866.126422,0.0148623853211009,0.279082568807339,0.00275229357798165,0.543119266055046,0.0203669724770642,0.139816513761468
211273.411807,2529866.126422,0.0291697830964847,0.0882572924457741,0.00467464472700075,0.533096484667165,0.068436798803291,0.276364996260284
198773.411807,2529366.126422,0.146560574948665,0.545944558521561,0,0.000256673511293635,0.0544147843942505,0.25282340862423
199273.411807,2529366.126422,0.0331501831501832,0.821794871794872,0,0,0.00549450549450549,0.13956043956044
199773.411807,2529366.126422,0.141914191419142,0.558855885588559,0,0.00183351668500183,0.0771910524385772,0.22020535386872
200273.411807,2529366.126422,0.134615384615385,0.325824175824176,0,0.0155677655677656,0.0672161172161172,0.456776556776557
200773.411807,2529366.126422,0.245054945054945,0.142307692307692,0.00897435897435897,0.00934065934065934,0.1003663003663,0.493956043956044
201273.411807,2529366.126422,0.122478914558122,0.301430143014301,0.0863586358635864,0.0168683535020169,0.0814081408140814,0.391455812247891
201773.411807,2529366.126422,0.0655677655677656,0.397069597069597,0.00567765567765568,0.00787545787545788,0.0763736263736264,0.447435897435897
202273.411807,2529366.126422,0.152380952380952,0.22967032967033,0.00476190476190476,0.0247252747252747,0.318315018315018,0.27014652014652
202773.411807,2529366.126422,0.0757242390905757,0.486615328199487,0,0.00495049504950495,0.0698569856985699,0.362852951961863
203273.411807,2529366.126422,0.154578754578755,0.38974358974359,0.0010989010989011,0.00586080586080586,0.194871794871795,0.253846153846154
203773.411807,2529366.126422,0.0402930402930403,0.724175824175824,0,0.0010989010989011,0.0267399267399267,0.207692307692308
204273.411807,2529366.126422,0.128346167950128,0.367253392005867,0.00201686835350202,0.0122845617895123,0.162266226622662,0.327832783278328
204773.411807,2529366.126422,0.141208791208791,0.373992673992674,0.000732600732600733,0.00842490842490842,0.127289377289377,0.348351648351648
205273.411807,2529366.126422,0.084981684981685,0.382600732600733,0.010989010989011,0.00787545787545788,0.167399267399267,0.346153846153846
205773.411807,2529366.126422,0.110561056105611,0.263659699303264,0.0011001100110011,0.0247524752475248,0.277777777777778,0.322148881554822
206273.411807,2529366.126422,0.594688644688645,0.153663003663004,0,0.000915750915750916,0.0371794871794872,0.213553113553114
206773.411807,2529366.126422,0.563003663003663,0.0227106227106227,0,0.0021978021978022,0.0195970695970696,0.392490842490842
207273.411807,2529366.126422,0.746057939127246,0.0287862119545288,0,0.000916758342500917,0.011001100110011,0.213237990465713
207773.411807,2529366.126422,0.926007326007326,0.000549450549450549,0,0,0,0.0734432234432234
208273.411807,2529366.126422,0.78040293040293,0.0141025641025641,0,0.0241758241758242,0.00347985347985348,0.177838827838828
208773.411807,2529366.126422,0.116611661166117,0.0812247891455812,0,0.113494682801613,0.0315364869820315,0.657132379904657
209273.411807,2529366.126422,0.0677655677655678,0.0833333333333333,0.00476190476190476,0.431684981684982,0.00549450549450549,0.406959706959707
209773.411807,2529366.126422,0.000732600732600733,0.0791208791208791,0.00402930402930403,0.867765567765568,0.0463369963369963,0.00201465201465201
210273.411807,2529366.126422,0.0022002200220022,0.132013201320132,0,0.804730473047305,0,0.0610561056105611
210773.411807,2529366.126422,0.118498168498168,0.0844322344322344,0.00421245421245421,0.232967032967033,0.0254578754578755,0.534432234432234
211273.411807,2529366.126422,0.176997759522031,0.248693054518297,0,0.0151232262882748,0.0672143390589992,0.491971620612397
198773.411807,2528866.126422,0.0023130300693909,0.988691852994089,0,0,0,0.00899511693652017
199273.411807,2528866.126422,0.131487254722171,0.657252888318357,0,0.00403447643498991,0.0491472583898771,0.158078122134605
199773.411807,2528866.126422,0.199010445299615,0.265530511269929,0,0.000549752611324904,0.0120945574491479,0.522814733369984
200273.411807,2528866.126422,0.159295283538264,0.277115066984768,0,0.0137639933932832,0.0271609469627455,0.52266470912094
200773.411807,2528866.126422,0.177150192554557,0.210159545204475,0.0113698881349716,0.0128369704749679,0.158811663304603,0.429671740326426
201273.411807,2528866.126422,0.224848818031886,0.297965915338098,0.00714678394722375,0.0126443100604728,0.0740333516584204,0.3833608209639
201773.411807,2528866.126422,0.0917599559552211,0.466507616076344,0.00715727656450725,0.00440447788585061,0.104973389612773,0.325197283905304
202273.411807,2528866.126422,0.0937098844672657,0.379424170181551,0,0.0106363469649734,0.174582798459564,0.341646799926646
202773.411807,2528866.126422,0.0509437419827744,0.586769287154114,0,0.0053142752428074,0.0967564595931831,0.260216236027121
203273.411807,2528866.126422,0.0350523031748945,0.712057258212516,0.00642319691686548,0.000183519911910442,0.00697375665259681,0.239309965131217
203773.411807,2528866.126422,0.052814964239868,0.593984962406015,0,0.00238400880249404,0.0506143407298735,0.300201723821749
204273.411807,2528866.126422,0.0745831042697453,0.320689023272861,0,0.00659703133589885,0.23089609675646,0.367234744365036
204773.411807,2528866.126422,0.129932097632593,0.413286841622316,0,0.0104606349788952,0.218021655349605,0.22829877041659
205273.411807,2528866.126422,0.0643682376673391,0.603337612323492,0,0.000916926462497708,0.0183385292499542,0.313038694296717
205773.411807,2528866.126422,0.111416529228514,0.436503573391974,0,0.00329851566794942,0.034084661902144,0.414696719809419
206273.411807,2528866.126422,0.810974490732244,0.0466140576252523,0.00110111947146265,0.000550559735731327,0.00458799779776106,0.136171774637548
206773.411807,2528866.126422,0.943700715202641,0,0,0,0,0.0562992847973593
207273.411807,2528866.126422,0.615722924683892,0.00384826827927433,0,0.152831225948323,0.0709180868609126,0.156679494227598
207773.411807,2528866.126422,0.189943108827308,0.0409249403560286,0.00275279867865663,0.372545421178198,0.115066984767847,0.278766746191962
208273.411807,2528866.126422,0.0278745644599303,0.0915092609572712,0.0126535851824684,0.785072437190537,0.0344764349899138,0.048413717219879
208773.411807,2528866.126422,0.01905809052593,0.109767271394539,0.0159428257284222,0.786879237676379,0.00787978742899029,0.0604727872457394
209273.411807,2528866.126422,0.0200036703982382,0.233253808038172,0.00697375665259681,0.56450724903652,0.0102771150669848,0.164984400807488
209773.411807,2528866.126422,0.0641848523748395,0.131120484137172,0,0.361452411516596,0.0990280579497524,0.344214194021639
210273.411807,2528866.126422,0.186732636980026,0.181418361737218,0,0.00458127176104087,0.00916254352208173,0.618105185999633
210773.411807,2528866.126422,0.195265186272711,0.234538447421545,0,0.000917599559552211,0.00697375665259681,0.562305010093595
211273.411807,2528866.126422,0.239670966535801,0.195737521031969,0,0.00373901663862404,0.0471116096466629,0.513740886146943
198773.411807,2528366.126422,0.00308562612496786,0.945744407302649,0,0,0.00128567755206994,0.0498842890203137
199273.411807,2528366.126422,0.239222161071363,0.219225830122913,0,0.0132085855806274,0.115208218675472,0.413135204549624
199773.411807,2528366.126422,0.146520146520147,0.292490842490843,0,0.00128205128205128,0.0293040293040293,0.53040293040293
200273.411807,2528366.126422,0.180917431192661,0.243669724770642,0.0055045871559633,0.00128440366972477,0.0394495412844037,0.529174311926605
200773.411807,2528366.126422,0.150798018712163,0.264538616767566,0.000183452577508714,0.00898917629792699,0.196661163089341,0.378829572555494
201273.411807,2528366.126422,0.134615384615385,0.232234432234432,0.000366300366300366,0.00494505494505494,0.0509157509157509,0.576923076923077
201773.411807,2528366.126422,0.061651376146789,0.504036697247706,0.026605504587156,0.0110091743119266,0.0429357798165138,0.353761467889908
202273.411807,2528366.126422,0.086589616584113,0.442120711796001,0.00183452577508714,0.011557512383049,0.219776187855439,0.238121445606311
202773.411807,2528366.126422,0.067032967032967,0.511904761904762,0,0.00934065934065934,0.100732600732601,0.310989010989011
203273.411807,2528366.126422,0.0825688073394495,0.551559633027523,0.00770642201834862,0.00403669724770642,0.0570642201834862,0.297064220183486
203773.411807,2528366.126422,0.0409099247844432,0.537332599523023,0.00110071546505228,0.00311869381764814,0.072463768115942,0.345074298293891
204273.411807,2528366.126422,0.112820512820513,0.395970695970696,0,0.00494505494505494,0.0935897435897436,0.392673992673993
204773.411807,2528366.126422,0.12256880733945,0.544403669724771,0.0036697247706422,0.00513761467889908,0.0157798165137615,0.308440366972477
205273.411807,2528366.126422,0.0632911392405063,0.645019262520638,0,0,0.00862227114290956,0.283067327095946
205773.411807,2528366.126422,0.303846153846154,0.221611721611722,0,0.0111721611721612,0.084981684981685,0.378388278388278
206273.411807,2528366.126422,0.553577981651376,0.0339449541284404,0,0.0324770642201835,0.0326605504587156,0.347339449541284
206773.411807,2528366.126422,0.156301596037424,0.00862227114290956,0.000183452577508714,0.104567969179967,0.119060722803155,0.611263988259035
207273.411807,2528366.126422,0.00293040293040293,0.0510989010989011,0.00677655677655678,0.695054945054945,0.102564102564103,0.141575091575092
207773.411807,2528366.126422,0.0726605504587156,0.0917431192660551,0.00165137614678899,0.655779816513761,0.0396330275229358,0.138532110091743
208273.411807,2528366.126422,0.0632911392405063,0.0539350577875619,0.00091726288754357,0.709961474958723,0.00935608145294441,0.162538983672721
208773.411807,2528366.126422,0.0745421245421245,0.0624542124542125,0,0.253663003663004,0.101831501831502,0.507509157509157
209273.411807,2528366.126422,0.207889908256881,0.0763302752293578,0,0.128073394495413,0.0965137614678899,0.491192660550459
209773.411807,2528366.126422,0.328747018895615,0.234452394056136,0,0.000366905155017428,0.0133920381581361,0.423041643735094
210273.411807,2528366.126422,0.268315018315018,0.148534798534799,0,0.00183150183150183,0.00824175824175824,0.573076923076923
210773.411807,2528366.126422,0.184220183486239,0.156697247706422,0,0.0055045871559633,0.0544954128440367,0.599082568807339
211273.411807,2528366.126422,0.237845923709798,0.12247569184742,0.00243081525804039,0.00112191473448018,0.0265519820493642,0.609573672400898
198773.411807,2527866.126422,0.00231006160164271,0.94917864476386,0,0,0,0.0485112936344969
199273.411807,2527866.126422,0.130586080586081,0.537545787545788,0,0.00695970695970696,0.0716117216117216,0.253296703296703
199773.411807,2527866.126422,0,0.913274660799413,0,0,0,0.0867253392005867
200273.411807,2527866.126422,0.0100732600732601,0.830952380952381,0,0,0.000732600732600733,0.158241758241758
200773.411807,2527866.126422,0.133150183150183,0.401648351648352,0.013003663003663,0.00586080586080586,0.126190476190476,0.32014652014652
201273.411807,2527866.126422,0.112761276127613,0.372203887055372,0.00495049504950495,0.00971763843050972,0.165749908324166,0.334616795012835
201773.411807,2527866.126422,0.0679487179487179,0.286630036630037,0.0010989010989011,0.0102564102564103,0.138461538461538,0.495604395604396
202273.411807,2527866.126422,0.0419413919413919,0.436263736263736,0,0.00274725274725275,0.0826007326007326,0.436446886446886
202773.411807,2527866.126422,0.0669233590025669,0.396406307297396,0,0.0218188485515218,0.114594792812615,0.4002566923359
203273.411807,2527866.126422,0.0778388278388278,0.373443223443223,0,0.0210622710622711,0.186263736263736,0.341391941391941
203773.411807,2527866.126422,0.0831501831501831,0.252014652014652,0.00457875457875458,0.0241758241758242,0.246703296703297,0.389377289377289
204273.411807,2527866.126422,0.0773744041070774,0.408140814081408,0.011001100110011,0.00311697836450312,0.0280528052805281,0.472313898056472
204773.411807,2527866.126422,0.0388278388278388,0.662820512820513,0.0010989010989011,0.00787545787545788,0.0141025641025641,0.275274725274725
205273.411807,2527866.126422,0.148901098901099,0.389194139194139,0,0.00879120879120879,0.0730769230769231,0.38003663003663
205773.411807,2527866.126422,0.354052071873854,0.132013201320132,0,0.0198019801980198,0.0487715438210488,0.445361202786945
206273.411807,2527866.126422,0.0591575091575092,0.0168498168498168,0,0.126373626373626,0.153479853479853,0.644139194139194
206773.411807,2527866.126422,0.0282051282051282,0.282600732600733,0.0032967032967033,0.439377289377289,0.000183150183150183,0.246336996336996
207273.411807,2527866.126422,0.0192519251925193,0.464063072973964,0.00293362669600293,0.494682801613495,0.0172350568390172,0.00183351668500183
207773.411807,2527866.126422,0.0565934065934066,0.101465201465201,0.00604395604395604,0.464468864468864,0.0232600732600733,0.348168498168498
208273.411807,2527866.126422,0.267399267399267,0.00934065934065934,0,0.0119047619047619,0.0507326007326007,0.660622710622711
208773.411807,2527866.126422,0.296479647964796,0.0718738540520719,0.000733406674000733,0.030986431976531,0.0322698936560323,0.567656765676568
209273.411807,2527866.126422,0.371611721611722,0.032051282051282,0,0.0586080586080586,0.132600732600733,0.405128205128205
209773.411807,2527866.126422,0.353113553113553,0.0549450549450549,0,0.0946886446886447,0.223626373626374,0.273626373626374
210273.411807,2527866.126422,0.204987165383205,0.0539053905390539,0.000733406674000733,0.115144847818115,0.288412174550788,0.336817015034837
210773.411807,2527866.126422,0.208791208791209,0.178205128205128,0,0.00256410256410256,0.0256410256410256,0.584798534798535
211273.411807,2527866.126422,0.354742345033607,0.146938013442868,0,0.00448095593726662,0.0332337565347274,0.460604929051531
198773.411807,2527366.126422,0.0107941403238242,0.895142636854279,0,0,0.000771010023130301,0.0932922127987664
199273.411807,2527366.126422,0.105263157894737,0.703649367320741,0,0.00293416467999266,0.0454795525398863,0.142673757564643
199773.411807,2527366.126422,0.00549752611324904,0.926699651823346,0,0,0,0.0678028220634048
200273.411807,2527366.126422,0.0139475133051936,0.890989172325197,0,0.00311983850247752,0.00238575885483575,0.0895577170122958
200773.411807,2527366.126422,0.0634513112048414,0.441958554923895,0.00165046763249587,0.0825233816247937,0.0720704199523198,0.338345864661654
201273.411807,2527366.126422,0.102253985706432,0.476085761407367,0.00861279091075683,0.0100787978742899,0.0930914421843504,0.309877221916804
201773.411807,2527366.126422,0.0378051018535511,0.533308864011745,0,0.00422095797394017,0.0293631859056708,0.395301890255093
202273.411807,2527366.126422,0.0344764349899138,0.350816064551623,0.0210893086374473,0.00788556757748029,0.0718870346598203,0.513845589583715
202773.411807,2527366.126422,0.0535092541689573,0.247571925966648,0.000183250870441635,0.0315191497159611,0.236760124610592,0.4304562946674
203273.411807,2527366.126422,0.0768948430904753,0.371811341530556,0,0.00367039823820885,0.0396403009726555,0.507983116168104
203773.411807,2527366.126422,0.12818631945718,0.463231248853842,0.00788556757748029,0.00311754997249221,0.0383275261324042,0.359251788006602
204273.411807,2527366.126422,0.083745647791827,0.519332966831592,0.0350009162543522,0.00439802089059923,0.0287703866593366,0.328752061572292
204773.411807,2527366.126422,0.057258212516058,0.250504679757754,0.060561570930446,0.272894109010828,0.1036887502294,0.255092677555515
205273.411807,2527366.126422,0.0236567027324409,0.46414817531634,0.00770218228498074,0.050797726022373,0.0458463231248854,0.40784889051898
205773.411807,2527366.126422,0.0670698185816383,0.195895180502107,0.00934579439252336,0.404617921935129,0.104086494410848,0.218984790177753
206273.411807,2527366.126422,0,0.22829877041659,0.00330335841438796,0.758671315837768,0.00752431638832813,0.00220223894292531
206773.411807,2527366.126422,0.0937098844672657,0.264624977076838,0.00165046763249587,0.512378507243719,0.0755547405098111,0.0520814230698698
207273.411807,2527366.126422,0.133223382811068,0.185633131757376,0.000733003481766538,0.13450613890416,0.0218068535825545,0.524097489463075
207773.411807,2527366.126422,0.0893741971003854,0.046063497889521,0,0.00715727656450725,0.0385391815011929,0.818865846944393
208273.411807,2527366.126422,0.217494956904456,0.00696864111498258,0,0.00605171465248487,0.0269576379974326,0.742527049330644
208773.411807,2527366.126422,0.398387392340114,0.0643210555250137,0,0.00109950522264981,0.0199743448781382,0.516217702034085
209273.411807,2527366.126422,0.319875206459901,0.11213066617728,0.000367039823820885,0.0383556615892824,0.129748577720683,0.399522848229033
209773.411807,2527366.126422,0.160278745644599,0.221529433339446,0.000550155877498625,0.0368604437924078,0.141023289932147,0.439757931413901
210273.411807,2527366.126422,0.213670514934946,0.22649807586586,0,0.00146600696353308,0.0225398570643211,0.53582554517134
210773.411807,2527366.126422,0.221508533675904,0.302624334740319,0.00238575885483575,0.00146815929528354,0.0196366305744173,0.45237658285924
211273.411807,2527366.126422,0.145260796410544,0.267900542157413,0,0.00205645915124322,0.0272948214619555,0.557487380818845
198773.411807,2526866.126422,0.00231421959372589,0.907945487271792,0,0,0,0.0897402931344819
199273.411807,2526866.126422,0.099431297009723,0.75894331315355,0,0.00385250412768299,0.0337552742616034,0.104017611447441
199773.411807,2526866.126422,0.0261904761904762,0.746886446886447,0,0,0.00274725274725275,0.224175824175824
200273.411807,2526866.126422,0.160550458715596,0.204036697247706,0,0.0236697247706422,0.184036697247706,0.427706422018349
200773.411807,2526866.126422,0.0744817464685379,0.234085488901119,0.0267840763162722,0.0963126031920749,0.130801687763713,0.437534397358283
201273.411807,2526866.126422,0.0912087912087912,0.305311355311355,0.0267399267399267,0.0128205128205128,0.0432234432234432,0.520695970695971
201773.411807,2526866.126422,0.0794495412844037,0.408440366972477,0.00752293577981651,0.00770642201834862,0.0840366972477064,0.412844036697248
202273.411807,2526866.126422,0.087873784626674,0.32672904054302,0.0108237020730141,0.0139423958906623,0.122913226930838,0.437717849935792
202773.411807,2526866.126422,0.122527472527473,0.183516483516484,0.00695970695970696,0.00860805860805861,0.0968864468864469,0.581501831501832
203273.411807,2526866.126422,0.111009174311927,0.184036697247706,0.018348623853211,0.0343119266055046,0.228623853211009,0.423669724770642
203773.411807,2526866.126422,0.103100348559897,0.351862043661713,0.00201797835259585,0.00311869381764814,0.0493487433498441,0.490552192258301
204273.411807,2526866.126422,0.112454212454212,0.367216117216117,0.00604395604395604,0.00183150183150183,0.00695970695970696,0.505494505494505
204773.411807,2526866.126422,0.110275229357798,0.408256880733945,0.00440366972477064,0.0222018348623853,0.048256880733945,0.406605504587156
205273.411807,2526866.126422,0.0654925701706109,0.506696019079068,0,0.0757659145110989,0.0159603742432581,0.336085121995964
205773.411807,2526866.126422,0.03003663003663,0.0793040293040293,0.00879120879120879,0.779487179487179,0.0227106227106227,0.0796703296703297
206273.411807,2526866.126422,0.147155963302752,0.0572477064220183,0.0227522935779817,0.537981651376147,0.0552293577981651,0.179633027522936
206773.411807,2526866.126422,0.00990643918547056,0.0651256650155935,0.000366905155017428,0.345991561181435,0.284168042560998,0.294441386901486
207273.411807,2526866.126422,0.151831501831502,0.17014652014652,0,0.0104395604395604,0.0406593406593407,0.626923076923077
207773.411807,2526866.126422,0.231926605504587,0.0119266055045872,0,0.00128440366972477,0.0135779816513761,0.741284403669725
208273.411807,2526866.126422,0.288387451843698,0.101632727939828,0,0.00165107319757843,0.0194459732159237,0.588882773802972
208773.411807,2526866.126422,0.314102564102564,0.0472527472527473,0,0.0294871794871795,0.111904761904762,0.497252747252747
209273.411807,2526866.126422,0.353211009174312,0.121467889908257,0.00018348623853211,0.000917431192660551,0.00642201834862385,0.517798165137615
209773.411807,2526866.126422,0.19537699504678,0.183636030086223,0,0.016694184553293,0.0614566134654192,0.542836176848285
210273.411807,2526866.126422,0.196886446886447,0.210805860805861,0,0.00128205128205128,0.0153846153846154,0.575641025641026
210773.411807,2526866.126422,0.131376146788991,0.285688073394495,0,0.00036697247706422,0.0106422018348624,0.571926605504587
211273.411807,2526866.126422,0.161555721765146,0.194839192221391,0,0.00056095736724009,0.0143979057591623,0.628646222887061
198773.411807,2526366.126422,0,0.990503080082136,0,0,0,0.00949691991786448
199273.411807,2526366.126422,0.11025641025641,0.796336996336996,0,0.00128205128205128,0.0366300366300366,0.0554945054945055
199773.411807,2526366.126422,0.00055005500550055,0.709387605427209,0,0.00183351668500183,0.0495049504950495,0.238723872387239
200273.411807,2526366.126422,0.00164835164835165,0.899450549450549,0,0,0.00201465201465201,0.0968864468864469
200773.411807,2526366.126422,0.0789377289377289,0.39981684981685,0.0106227106227106,0.0582417582417582,0.0728937728937729,0.379487179487179
201273.411807,2526366.126422,0.0672900623395673,0.301796846351302,0.0825082508250825,0.0238357169050238,0.092959295929593,0.431609827649432
201773.411807,2526366.126422,0.166483516483516,0.240659340659341,0.0322344322344322,0.03003663003663,0.165384615384615,0.365201465201465
202273.411807,2526366.126422,0.141391941391941,0.323809523809524,0.0432234432234432,0.0194139194139194,0.0919413919413919,0.38021978021978
202773.411807,2526366.126422,0.150898423175651,0.419325265859919,0.0394206087275394,0.0187018701870187,0.0152181884855152,0.356435643564356
203273.411807,2526366.126422,0.108791208791209,0.15989010989011,0.0824175824175824,0.189010989010989,0.0701465201465201,0.38974358974359
203773.411807,2526366.126422,0.29981684981685,0.0941391941391941,0.00989010989010989,0.123992673992674,0.0644688644688645,0.407692307692308
204273.411807,2526366.126422,0.247341400806747,0.224972497249725,0,0.00843417675100843,0.048954895489549,0.47029702970297
204773.411807,2526366.126422,0.080952380952381,0.274175824175824,0.000366300366300366,0.232417582417582,0.0545787545787546,0.357509157509158
205273.411807,2526366.126422,0,0.178205128205128,0.00164835164835165,0.816117216117216,0.00146520146520147,0.00256410256410256
205773.411807,2526366.126422,0.0601393472680601,0.0605060506050605,0,0.0991932526585992,0.107077374404107,0.673083975064173
206273.411807,2526366.126422,0.116666666666667,0.166300366300366,0,0.144505494505494,0.15989010989011,0.412637362637363
206773.411807,2526366.126422,0.0716117216117216,0.342490842490842,0.00183150183150183,0.142673992673993,0.0489010989010989,0.392490842490842
207273.411807,2526366.126422,0.166666666666667,0.0861752841950862,0,0.000366703337000367,0.00238357169050238,0.744407774110744
207773.411807,2526366.126422,0.310989010989011,0.019047619047619,0,0.00274725274725275,0.0144688644688645,0.652747252747253
208273.411807,2526366.126422,0.434615384615385,0.0619047619047619,0,0.0181318681318681,0.0556776556776557,0.42967032967033
208773.411807,2526366.126422,0.297763109644298,0.0821415474880821,0,0.0254858819215255,0.125045837917125,0.46956362302897
209273.411807,2526366.126422,0.293406593406593,0.11978021978022,0,0.0217948717948718,0.0642857142857143,0.500732600732601
209773.411807,2526366.126422,0.171428571428571,0.221245421245421,0,0.00311355311355311,0.0283882783882784,0.575824175824176
210273.411807,2526366.126422,0.145397873120645,0.215438210487715,0,0.000733406674000733,0.0133846718005134,0.625045837917125
210773.411807,2526366.126422,0.165934065934066,0.20970695970696,0.00256410256410256,0.00201465201465201,0.00952380952380952,0.61025641025641
211273.411807,2526366.126422,0.151979088872293,0.310679611650485,0,0.00280059746079164,0.0302464525765497,0.504294249439881
198773.411807,2525866.126422,0.127730660498586,0.61526599845798,0.0323824209714726,0.000514006682086867,0.0113081470059111,0.212798766383963
199273.411807,2525866.126422,0.121217678342197,0.699614890885751,0,0.00128369704749679,0.0383275261324042,0.139556207592151
199773.411807,2525866.126422,0,0.864027854132307,0,0,0.00366501740883269,0.13230712845886
200273.411807,2525866.126422,0.0934116351624151,0.600477151770967,0,0,0,0.306111213066618
200773.411807,2525866.126422,0.147441775169631,0.324408582431689,0.0110031175499725,0.0346598202824134,0.10416284613974,0.378323858426554
201273.411807,2525866.126422,0.237309877221917,0.231079347626901,0.0168590800806304,0.0514934945940993,0.103719992669965,0.359538207806487
201773.411807,2525866.126422,0.304459533859424,0.137639933932832,0.0124793540099101,0.0181684712791338,0.114149385208295,0.413103321710406
202273.411807,2525866.126422,0.162112598569595,0.0779387493123052,0.000550155877498625,0.111681643132221,0.0722538052448194,0.575463047863561
202773.411807,2525866.126422,0.152647975077882,0.131757375847535,0.0137438152831226,0.070734835990471,0.0976727139453912,0.533443283855598
203273.411807,2525866.126422,0.0680858873187741,0.273628188658469,0.114883464855937,0.177647274729308,0.0701046063497889,0.295650578087722
203773.411807,2525866.126422,0.132404181184669,0.0344764349899138,0.052814964239868,0.261874197689345,0.112781954887218,0.405648267008986
204273.411807,2525866.126422,0.15026571376214,0.0533260032985157,0.00128275609309144,0.231079347626901,0.0379329301814184,0.526113249037933
204773.411807,2525866.126422,0.0258763075793724,0.0776289227381171,0,0.421728757570196,0.143696091025876,0.331069921086438
205273.411807,2525866.126422,0,0.0480469466348799,0.0143040528149642,0.869979827617825,0.0513478818998716,0.0163212910324592
205773.411807,2525866.126422,0.0214403518416712,0.0813633864760858,0,0.188565145684442,0.176653839105736,0.531977276892065
206273.411807,2525866.126422,0.142962011378235,0.105340429436594,0,0.00697375665259681,0.090475316571848,0.654248485960727
206773.411807,2525866.126422,0.221712818631946,0.075187969924812,0,0.017604988079956,0.0412616908123968,0.644232532550889
207273.411807,2525866.126422,0.146417445482866,0.0923584387025838,0,0.0760491112332784,0.112516034451164,0.572658970130108
207773.411807,2525866.126422,0.239860524866948,0.135621214901817,0.000917599559552211,0.0168838318957607,0.130666177280235,0.476050651495687
208273.411807,2525866.126422,0.266458830001834,0.17201540436457,0.00385109114249037,0.000183385292499542,0.010819732257473,0.546671556941133
208773.411807,2525866.126422,0.241891148982958,0.230529595015576,0,0.00311526479750779,0.0241891148982958,0.500274876305662
209273.411807,2525866.126422,0.25711139658653,0.0708386859974307,0.000734079647641769,0.0187190310148651,0.077995962561938,0.574600844191595
209773.411807,2525866.126422,0.202457362919494,0.210709701081973,0,0.00238400880249404,0.0267742527049331,0.557674674491106
210273.411807,2525866.126422,0.125160344511636,0.115814550119113,0.000366501740883269,0.0831958951805021,0.250687190764156,0.424775517683709
210773.411807,2525866.126422,0.348871352541751,0.135070655166086,0,0.009543035419343,0.0636814094329235,0.442833547439897
211273.411807,2525866.126422,0.13067863151991,0.0816975135539353,0,0.00149560665544962,0.0286034772854739,0.757524770985231
198773.411807,2525366.126422,0.318333761892517,0.229622010799691,0.0339418873746464,0.0249421445101569,0.0966829519156596,0.296477243507328
199273.411807,2525366.126422,0.22546321775821,0.239405613648872,0.0106402494955054,0.0337552742616034,0.0854889011190607,0.405246743716749
199773.411807,2525366.126422,0.0853479853479854,0.311172161172161,0.0404761904761905,0.0108058608058608,0.0556776556776557,0.496520146520147
200273.411807,2525366.126422,0.0743119266055046,0.24697247706422,0.0177981651376147,0.0253211009174312,0.153211009174312,0.482385321100917
200773.411807,2525366.126422,0.240322876536415,0.250412768299395,0.0264171711612548,0.0618235186204366,0.0950284351495139,0.325995230232985
201273.411807,2525366.126422,0.217582417582418,0.106776556776557,0.000183150183150183,0.0245421245421245,0.105128205128205,0.545787545787546
201773.411807,2525366.126422,0.205321100917431,0.0673394495412844,0.0111926605504587,0.0291743119266055,0.101651376146789,0.585321100917431
202273.411807,2525366.126422,0.223261786828105,0.10988809392772,0.00935608145294441,0.0251330031186938,0.0996147495872317,0.532746285085305
202773.411807,2525366.126422,0.150549450549451,0.0366300366300366,0.0935897435897436,0.231135531135531,0.128754578754579,0.359340659340659
203273.411807,2525366.126422,0.111743119266055,0.149174311926606,0.0220183486238532,0.212477064220183,0.0827522935779817,0.421834862385321
203773.411807,2525366.126422,0.0618235186204366,0.100348559897267,0.0104567969179967,0.270409099247844,0.0535681526325445,0.503393872683911
204273.411807,2525366.126422,0.0108058608058608,0.0679487179487179,0,0.297252747252747,0.152564102564103,0.471428571428571
204773.411807,2525366.126422,0,0.00660550458715596,0.0451376146788991,0.948256880733945,0,0
205273.411807,2525366.126422,0.0414602825169694,0.0974133186571271,0.0122913226930838,0.5663181067694,0.125665015593469,0.15685195376995
205773.411807,2525366.126422,0.208791208791209,0.0184981684981685,0,0.0245421245421245,0.197802197802198,0.5503663003663
206273.411807,2525366.126422,0.14954128440367,0.141467889908257,0,0.00844036697247706,0.0401834862385321,0.660366972477064
206773.411807,2525366.126422,0.172812328013209,0.126398825903504,0,0.00550357732526142,0.0416437350944781,0.653641533663548
207273.411807,2525366.126422,0.207875457875458,0.133150183150183,0,0.0287545787545788,0.0886446886446886,0.541575091575092
207773.411807,2525366.126422,0.345688073394495,0.119082568807339,0,0.0477064220183486,0.130642201834862,0.356880733944954
208273.411807,2525366.126422,0.293707576591451,0.0654925701706109,0,0.0491652907723353,0.198495688864429,0.393138873601174
208773.411807,2525366.126422,0.35989010989011,0.076007326007326,0.000183150183150183,0.0538461538461538,0.12985347985348,0.38021978021978
209273.411807,2525366.126422,0.311009174311927,0.0704587155963303,0.00018348623853211,0.0370642201834862,0.112293577981651,0.468990825688073
209773.411807,2525366.126422,0.226013575490736,0.144377178499358,0,0.01284168042561,0.0753990093560815,0.541368556228215
210273.411807,2525366.126422,0.182600732600733,0.171978021978022,0,0.0142857142857143,0.0380952380952381,0.593040293040293
210773.411807,2525366.126422,0.274862385321101,0.0291743119266055,0,0.00201834862385321,0.0143119266055046,0.679633027522936
211273.411807,2525366.126422,0.237097980553478,0.0448765893792072,0,0.0403889304412865,0.217090501121915,0.460545998504114
198773.411807,2524866.126422,0.186601642710472,0.312371663244353,0.00308008213552361,0.0143737166324435,0.101642710472279,0.381930184804928
199273.411807,2524866.126422,0.161904761904762,0.128388278388278,0.0183150183150183,0.0723443223443224,0.166849816849817,0.452197802197802
199773.411807,2524866.126422,0.207370737073707,0.467730106343968,0.0216354968830216,0.00586725339200587,0.0443711037770444,0.253025302530253
200273.411807,2524866.126422,0.0789377289377289,0.551831501831502,0.0108058608058608,0.0265567765567766,0.043040293040293,0.288827838827839
200773.411807,2524866.126422,0.3496336996337,0.141575091575092,0.0159340659340659,0.0468864468864469,0.0683150183150183,0.377655677655678
201273.411807,2524866.126422,0.174917491749175,0.37037037037037,0.0124679134580125,0.00568390172350568,0.0495049504950495,0.387055372203887
201773.411807,2524866.126422,0.152197802197802,0.193040293040293,0.0738095238095238,0.0708791208791209,0.144322344322344,0.365750915750916
202273.411807,2524866.126422,0.236263736263736,0.123809523809524,0.0556776556776557,0.0948717948717949,0.100915750915751,0.388461538461538
202773.411807,2524866.126422,0.117161716171617,0.168133480014668,0.00476714338100477,0.0608727539420609,0.115878254492116,0.533186651998533
203273.411807,2524866.126422,0.0987179487179487,0.0283882783882784,0.00293040293040293,0.163186813186813,0.0615384615384615,0.645238095238095
203773.411807,2524866.126422,0.00293040293040293,0.0807692307692308,0.0163003663003663,0.618315018315018,0.076007326007326,0.205677655677656
204273.411807,2524866.126422,0,0.00128346167950128,0.00256692335900257,0.996149614961496,0,0
204773.411807,2524866.126422,0.00512820512820513,0.0620879120879121,0.0010989010989011,0.812271062271062,0.0547619047619048,0.0646520146520147
205273.411807,2524866.126422,0.134249084249084,0.317216117216117,0,0.0344322344322344,0.15970695970696,0.354395604395604
205773.411807,2524866.126422,0.281078107810781,0.0187018701870187,0,0.000366703337000367,0.00458379171250458,0.695269526952695
206273.411807,2524866.126422,0.129304029304029,0.0620879120879121,0.0417582417582418,0.427472527472527,0.108424908424908,0.230952380952381
206773.411807,2524866.126422,0.10989010989011,0.239010989010989,0,0.0443223443223443,0.0452380952380952,0.561538461538462
207273.411807,2524866.126422,0.327099376604327,0.0471213788045471,0.00311697836450312,0.0152181884855152,0.0601393472680601,0.547304730473047
207773.411807,2524866.126422,0.145787545787546,0.0637362637362637,0.00567765567765568,0.163186813186813,0.311721611721612,0.30989010989011
208273.411807,2524866.126422,0.205860805860806,0.113003663003663,0.0010989010989011,0.0181318681318681,0.0866300366300366,0.575274725274725
208773.411807,2524866.126422,0.144114411441144,0.0685735240190686,0.0011001100110011,0.26971030436377,0.272643931059773,0.243857719105244
