"x","y","forest","agri","water","built","other","grass"
185773.411807,2502866.126422,0.0188273265196342,0.0193652501344809,0,0.875739644970414,0.0521785906401291,0.0338891877353416
186273.411807,2502866.126422,0.104127579737336,0.0781738586616635,0,0.360850531582239,0.0813008130081301,0.375547217010632
186773.411807,2502866.126422,0.0905672203071138,0.21685991852084,0.000940144155437167,0.0698840488874961,0.125665935443435,0.496082732685678
187273.411807,2502866.126422,0.042566510172144,0.0870109546165884,0,0.307668231611894,0.281377151799687,0.281377151799687
187773.411807,2502866.126422,0.0747342088805503,0.378986866791745,0.00187617260787992,0.182926829268293,0.215447154471545,0.146028767979987
188273.411807,2502866.126422,0.0313381385145722,0.762143528674397,0,0.000940144155437167,0.0188028831087433,0.186775305546851
188773.411807,2502866.126422,0.038810641627543,0.727073552425665,0,0.00563380281690141,0.0541471048513302,0.17433489827856
189273.411807,2502866.126422,0.129143214509068,0.142589118198874,0,0.34396497811132,0.292057535959975,0.092245153220763
189773.411807,2502866.126422,0.0915073644625509,0.626136007521153,0,0.0548417424005014,0.0492008774678784,0.178314008147916
190273.411807,2502866.126422,0.0945226917057903,0.390297339593114,0,0.0685446009389671,0.143035993740219,0.303599374021909
190773.411807,2502866.126422,0.140712945590994,0.453721075672295,0,0.0494058786741714,0.0756722951844903,0.280487804878049
191273.411807,2502866.126422,0.00376057662174867,0.745220933876528,0,0,0.00908806016922595,0.241930429332498
191773.411807,2502866.126422,0.0028169014084507,0.85508607198748,0,0.000312989045383412,0.00187793427230047,0.139906103286385
192273.411807,2502866.126422,0,0.406191369606004,0,0.522201375859912,0.00250156347717323,0.0691056910569106
192773.411807,2502866.126422,0.0197430272641805,0.865872767157631,0,0,0,0.114384205578189
193273.411807,2502866.126422,0.0187793427230047,0.678560250391236,0,0.00219092331768388,0.015962441314554,0.284507042253521
193773.411807,2502866.126422,0.0891181988742964,0.42526579111945,0.00781738586616635,0.0178236397748593,0.0956848030018762,0.364290181363352
194273.411807,2502866.126422,0.10842995926042,0.287370730178627,0.0181761203384519,0.0188028831087433,0.0645565653400188,0.502663741773739
194773.411807,2502866.126422,0.05320813771518,0.197496087636933,0.0729264475743349,0.26697965571205,0.208763693270736,0.200625978090767
195273.411807,2502866.126422,0.0988117573483427,0.17385866166354,0.0115697310819262,0.112257661038149,0.203877423389619,0.399624765478424
195773.411807,2502866.126422,0.144782199937324,0.118771544970229,0.00438733939204011,0.198997179567534,0.270134753995613,0.262926982137261
196273.411807,2502866.126422,0.101721439749609,0.248513302034429,0,0.163067292644757,0.190610328638498,0.296087636932707
196773.411807,2502866.126422,0.125703564727955,0.202001250781739,0.00125078173858662,0.208255159474672,0.218886804252658,0.24390243902439
197273.411807,2502866.126422,0.0817925415230335,0.416797242243811,0,0.076778439360702,0.0821059229081793,0.342525853964275
197773.411807,2502866.126422,0.0435054773082942,0.608763693270736,0,0.0081377151799687,0.0619718309859155,0.277621283255086
198273.411807,2502866.126422,0.104752970606629,0.358036272670419,0.00187617260787992,0.0891181988742964,0.220762976860538,0.225453408380238
185773.411807,2502366.126422,0.147150907952411,0.0344395742016281,0.0109580463368817,0.436756418284283,0.097683155917345,0.273011897307451
186273.411807,2502366.126422,0.235423542354235,0.0267693436010268,0,0.10964429776311,0.12981298129813,0.498349834983498
186773.411807,2502366.126422,0.0194139194139194,0.150915750915751,0,0.497069597069597,0.0987179487179487,0.233882783882784
187273.411807,2502366.126422,0.0492673992673993,0.126373626373626,0,0.356043956043956,0.200915750915751,0.267399267399267
187773.411807,2502366.126422,0.0762742940960763,0.18995232856619,0,0.183718371837184,0.181518151815182,0.368536853685369
188273.411807,2502366.126422,0.0516483516483516,0.793772893772894,0,0.00384615384615385,0.0139194139194139,0.136813186813187
188773.411807,2502366.126422,0.0496336996336996,0.772527472527473,0,0.00293040293040293,0.0272893772893773,0.147619047619048
189273.411807,2502366.126422,0.143197653098643,0.145397873120645,0,0.278877887788779,0.276494316098277,0.156032269893656
189773.411807,2502366.126422,0.102380952380952,0.496336996336996,0,0.119413919413919,0.108974358974359,0.172893772893773
190273.411807,2502366.126422,0.0968864468864469,0.561721611721612,0,0.0126373626373626,0.0734432234432234,0.255311355311355
190773.411807,2502366.126422,0.0562889622295563,0.641914191419142,0,0.0192519251925193,0.0407040704070407,0.241840850751742
191273.411807,2502366.126422,0.137728937728938,0.24981684981685,0.0021978021978022,0.133882783882784,0.137179487179487,0.339194139194139
191773.411807,2502366.126422,0.00256410256410256,0.817032967032967,0,0,0,0.18040293040293
192273.411807,2502366.126422,0.0022002200220022,0.276494316098277,0,0.618261826182618,0.000733406674000733,0.102310231023102
192773.411807,2502366.126422,0.00805860805860806,0.83992673992674,0,0,0.000915750915750916,0.151098901098901
193273.411807,2502366.126422,0.0115384615384615,0.738644688644689,0,0.000366300366300366,0.0102564102564103,0.239194139194139
193773.411807,2502366.126422,0.143747708104144,0.407224055738907,0,0.026035936927026,0.133846718005134,0.289145581224789
194273.411807,2502366.126422,0.0924908424908425,0.393772893772894,0.0355311355311355,0.0661172161172161,0.0804029304029304,0.331684981684982
194773.411807,2502366.126422,0.154395604395604,0.137728937728938,0.00238095238095238,0.197069597069597,0.238278388278388,0.27014652014652
195273.411807,2502366.126422,0.126696002933627,0.175650898423176,0.017968463513018,0.217821782178218,0.221855518885222,0.24000733406674
195773.411807,2502366.126422,0.105128205128205,0.145787545787546,0.00750915750915751,0.326923076923077,0.231135531135531,0.183516483516484
196273.411807,2502366.126422,0.113736263736264,0.218131868131868,0.013003663003663,0.193956043956044,0.206959706959707,0.254212454212454
196773.411807,2502366.126422,0.0817748441510818,0.184268426842684,0.0225522552255226,0.241474147414741,0.201870187018702,0.268060139347268
197273.411807,2502366.126422,0.146336996336996,0.398351648351648,0,0.0483516483516484,0.073992673992674,0.332967032967033
197773.411807,2502366.126422,0.128571428571429,0.248351648351648,0.000183150183150183,0.028021978021978,0.126373626373626,0.468498168498168
198273.411807,2502366.126422,0.17015034836817,0.226072607260726,0.0126512651265127,0.0432709937660433,0.0865419875320865,0.461312797946461
185773.411807,2501866.126422,0.445560087856919,0.0351427674929401,0.0122372136805773,0.0138060872293693,0.00847191716347662,0.484781926576718
186273.411807,2501866.126422,0.456661169140553,0.0287703866593366,0,0.000183250870441635,0.00403151914971596,0.510353674179952
186773.411807,2501866.126422,0.163883281336025,0.0991007524316388,0,0.22407781244265,0.104422829877042,0.408515323912645
187273.411807,2501866.126422,0.0311754997249221,0.169814780854575,0,0.468916192921328,0.119200440124702,0.210893086374473
187773.411807,2501866.126422,0.0335349092908191,0.0855781564962434,0.0172255818215137,0.253435953820781,0.181418361737218,0.428807036833425
188273.411807,2501866.126422,0.0781794824738484,0.589465957056341,0.000183519911910442,0.1036887502294,0.065149568728207,0.163332721600294
188773.411807,2501866.126422,0.0744544287548139,0.379240784889052,0,0.181001283697047,0.13992297817715,0.225380524481937
189273.411807,2501866.126422,0.093274693054792,0.112516034451164,0,0.367234744365036,0.232178852849551,0.194795675279458
189773.411807,2501866.126422,0.0948797944576987,0.287025142227932,0.000367039823820885,0.120939621948981,0.208295100018352,0.288493301523215
190273.411807,2501866.126422,0.102695763799743,0.61984228864845,0,0.0405281496423987,0.0645516229598386,0.172382174949569
190773.411807,2501866.126422,0.0553417628733736,0.36888400219901,0.000183250870441635,0.0120945574491479,0.0549752611324904,0.508521165475536
191273.411807,2501866.126422,0.0677188474949532,0.255643237291246,0,0.226647091209396,0.159662323362085,0.29032850064232
191773.411807,2501866.126422,0.0773885934348065,0.598386209426004,0,0.00201723821749496,0.00513478818998716,0.317073170731707
192273.411807,2501866.126422,0.000916254352208173,0.0813633864760858,0.00439802089059923,0.911123327835807,0,0.00219901044529962
192773.411807,2501866.126422,0.0165167920719398,0.874472380253257,0,0.00293631859056708,0.000550559735731327,0.105523949348504
193273.411807,2501866.126422,0.0293416467999266,0.750045846323125,0,0,0.00458463231248854,0.21602787456446
193773.411807,2501866.126422,0.0894264247755177,0.432288803371816,0.0089792926516401,0.0126443100604728,0.0560747663551402,0.400586402785413
194273.411807,2501866.126422,0.0798311616810424,0.255643237291246,0.00201871903101487,0.0438612589465957,0.146815929528354,0.471829693521747
194773.411807,2501866.126422,0.111131487254722,0.280579497524299,0.00476801760498808,0.0566660553823583,0.149275628094627,0.397579314139006
195273.411807,2501866.126422,0.0797141286421111,0.129008612790911,0,0.392889866226865,0.219901044529962,0.178486347810152
195773.411807,2501866.126422,0.133235456046981,0.12461002018719,0.00220223894292531,0.366489264085153,0.190126628739218,0.183336391998532
196273.411807,2501866.126422,0.0850907757197873,0.245736291949386,0.0152209792774619,0.246469833119384,0.190537318907024,0.216944801026958
196773.411807,2501866.126422,0.149715961150815,0.142202675462708,0,0.130474619754444,0.260765988638446,0.316840754993586
197273.411807,2501866.126422,0.140025692787667,0.359882547256377,0,0.0328500642319692,0.0965314736648926,0.370710222059093
197773.411807,2501866.126422,0.119383825417202,0.342747111681643,0.00880249403997799,0.01998899688245,0.0755547405098111,0.433522831468916
198273.411807,2501866.126422,0.15246472420744,0.267179769103903,0,0.0328019058090526,0.0771486164559282,0.470404984423676
185773.411807,2501366.126422,0.555067461562598,0,0.0160025101976781,0.0100407907122686,0,0.418889237527455
186273.411807,2501366.126422,0.58992673992674,0.00183150183150183,0,0.00347985347985348,0.00659340659340659,0.398168498168498
186773.411807,2501366.126422,0.129908256880734,0.135045871559633,0,0.043302752293578,0.135779816513761,0.555963302752294
187273.411807,2501366.126422,0.100165107319758,0.0317372959090075,0,0.518620436617134,0.185654008438819,0.163823151715282
187773.411807,2501366.126422,0.0675824175824176,0.307326007326007,0,0.235347985347985,0.127289377289377,0.262454212454212
188273.411807,2501366.126422,0.0620183486238532,0.539266055045872,0,0.135412844036697,0.0787155963302752,0.184587155963303
188773.411807,2501366.126422,0.119244175380664,0.403228765364153,0.00843881856540084,0.112823335167859,0.150247660979637,0.206017244542286
189273.411807,2501366.126422,0.104212454212454,0.496336996336996,0,0.128388278388278,0.0871794871794872,0.183882783882784
189773.411807,2501366.126422,0.124587155963303,0.211009174311927,0,0.179266055045872,0.239266055045872,0.245871559633028
190273.411807,2501366.126422,0.09557879288204,0.486699688130618,0,0.0420106402494955,0.114290955787929,0.261419922949917
190773.411807,2501366.126422,0.0631868131868132,0.462087912087912,0,0.000183150183150183,0.00952380952380952,0.465018315018315
191273.411807,2501366.126422,0.00385321100917431,0.482201834862385,0,0.00146788990825688,0.0143119266055046,0.498165137614679
191773.411807,2501366.126422,0.0823702073014126,0.1726288754357,0,0.263988259035039,0.0183452577508714,0.462667400476977
192273.411807,2501366.126422,0.00512820512820513,0.197619047619048,0.000183150183150183,0.797069597069597,0,0
192773.411807,2501366.126422,0.0326605504587156,0.719266055045872,0,0,0.00293577981651376,0.245137614678899
193273.411807,2501366.126422,0.0194459732159237,0.907539900935608,0,0,0.00165107319757843,0.0713630526508897
193773.411807,2501366.126422,0.0252747252747253,0.655860805860806,0.000183150183150183,0.000915750915750916,0.0428571428571429,0.274908424908425
194273.411807,2501366.126422,0.0346788990825688,0.364954128440367,0.0519266055045872,0.173761467889908,0.0985321100917431,0.276146788990826
194773.411807,2501366.126422,0.0528343423225096,0.317372959090075,0.0335718216840947,0.0366905155017428,0.0638414969730325,0.495688864428545
195273.411807,2501366.126422,0.0924908424908425,0.229120879120879,0.000183150183150183,0.186996336996337,0.204029304029304,0.287179487179487
195773.411807,2501366.126422,0.0965137614678899,0.297798165137615,0.00055045871559633,0.112844036697248,0.188073394495413,0.304220183486239
196273.411807,2501366.126422,0.112823335167859,0.338470005503577,0.00605393505778756,0.0761328196661163,0.146211704274445,0.320308200330215
196773.411807,2501366.126422,0.142124542124542,0.165384615384615,0.0010989010989011,0.0836996336996337,0.234615384615385,0.373076923076923
197273.411807,2501366.126422,0.135412844036697,0.125871559633028,0,0.235045871559633,0.338165137614679,0.165504587155963
197773.411807,2501366.126422,0.156485048614933,0.338653458081086,0.00220143093010457,0.0555861309851403,0.149146945514584,0.297926985874152
198273.411807,2501366.126422,0.172344322344322,0.466483516483516,0.00146520146520147,0.0421245421245421,0.0468864468864469,0.270695970695971
185773.411807,2500866.126422,0.558547276142768,0,0.0187852222917971,0.0084533500313087,0.0115842204132749,0.402629931120852
186273.411807,2500866.126422,0.500550055005501,0.000916758342500917,0,0.00275027502750275,0.0564723138980565,0.439310597726439
186773.411807,2500866.126422,0.365567765567766,0.0206959706959707,0,0.0232600732600733,0.0708791208791209,0.51959706959707
187273.411807,2500866.126422,0.303113553113553,0.0152014652014652,0,0.284615384615385,0.150549450549451,0.246520146520147
187773.411807,2500866.126422,0.103410341034103,0.0854418775210854,0,0.508250825082508,0.185368536853685,0.117528419508618
188273.411807,2500866.126422,0.0531135531135531,0.640842490842491,0,0.0230769230769231,0.0510989010989011,0.231868131868132
188773.411807,2500866.126422,0.0424908424908425,0.675824175824176,0.000366300366300366,0.0201465201465201,0.0340659340659341,0.227106227106227
189273.411807,2500866.126422,0.0775577557755776,0.431609827649432,0,0.138613861386139,0.202786945361203,0.149431609827649
189773.411807,2500866.126422,0.12032967032967,0.402930402930403,0,0.0673992673992674,0.196520146520147,0.212820512820513
190273.411807,2500866.126422,0.109340659340659,0.283150183150183,0,0.0397435897435897,0.173443223443223,0.394322344322344
190773.411807,2500866.126422,0.105977264393106,0.18023469013568,0.000183351668500183,0.0319031903190319,0.143197653098643,0.538503850385038
191273.411807,2500866.126422,0.128388278388278,0.26978021978022,0,0.06996336996337,0.113369963369963,0.418498168498169
191773.411807,2500866.126422,0.15970695970696,0.104029304029304,0.0144688644688645,0.310989010989011,0.0968864468864469,0.313919413919414
192273.411807,2500866.126422,0.015034836817015,0.200586725339201,0,0.784378437843784,0,0
192773.411807,2500866.126422,0.0258241758241758,0.93003663003663,0,0,0,0.0441391941391941
193273.411807,2500866.126422,0.00274725274725275,0.971062271062271,0,0,0,0.0261904761904762
193773.411807,2500866.126422,0.0876420975430876,0.734323432343234,0.0022002200220022,0.00146681334800147,0.0194352768610194,0.154932159882655
194273.411807,2500866.126422,0.0750915750915751,0.244505494505494,0.0510989010989011,0.215384615384615,0.171245421245421,0.242673992673993
194773.411807,2500866.126422,0.0567765567765568,0.426923076923077,0.0628205128205128,0.148901098901099,0.100732600732601,0.203846153846154
195273.411807,2500866.126422,0.120828749541621,0.181334800146681,0.00678401173450678,0.223505683901724,0.282911624495783,0.184635130179685
195773.411807,2500866.126422,0.125091575091575,0.171611721611722,0.0010989010989011,0.0895604395604396,0.244322344322344,0.368315018315018
196273.411807,2500866.126422,0.0954212454212454,0.327838827838828,0.00476190476190476,0.0811355311355311,0.11959706959707,0.371245421245421
196773.411807,2500866.126422,0.0885588558855886,0.291162449578291,0.00201686835350202,0.041987532086542,0.0944261092775944,0.481848184818482
197273.411807,2500866.126422,0.0934065934065934,0.167032967032967,0.00641025641025641,0.246520146520147,0.233516483516484,0.253113553113553
197773.411807,2500866.126422,0.138095238095238,0.218131868131868,0,0.0304029304029304,0.145604395604396,0.467765567765568
198273.411807,2500866.126422,0.0980931426475981,0.449028236156949,0.00348368170150348,0.011001100110011,0.0766409974330766,0.361752841950862
185773.411807,2500366.126422,0.413241292751804,0.0276121744587386,0.0260433009099467,0.00658926890492626,0.076561029181048,0.449952933793536
186273.411807,2500366.126422,0.366501740883269,0.000183250870441635,0,0.000366501740883269,0.0113615539673813,0.621586952538025
186773.411807,2500366.126422,0.321159845843274,0.0277115066984768,0,0.0719398054688934,0.0411084602679391,0.538080381721417
187273.411807,2500366.126422,0.379607555474051,0.0344764349899138,0.0115532734274711,0.118100128369705,0.141573445809646,0.314689161929213
187773.411807,2500366.126422,0.186549386109584,0.0434304562946674,0,0.329301814183617,0.202492211838006,0.238226131574125
188273.411807,2500366.126422,0.0998348320792806,0.207744540282621,0.000367039823820885,0.330886401174527,0.139475133051936,0.221692053587814
188773.411807,2500366.126422,0.0768384375573079,0.311388226664222,0,0.259123418301852,0.198056115899505,0.154593801577114
189273.411807,2500366.126422,0.138354407183434,0.221550302363936,0,0.175187832142203,0.20065970313359,0.264247755176837
189773.411807,2500366.126422,0.080932281152505,0.466507616076344,0,0.0218388695173426,0.133602495870802,0.297118737383006
190273.411807,2500366.126422,0.115716119567211,0.301668806161746,0,0.264624977076838,0.108380707867229,0.209609389326976
190773.411807,2500366.126422,0.110133773135422,0.147516950705516,0,0.165292285138354,0.203774967931098,0.37328202308961
191273.411807,2500366.126422,0.0603780510185355,0.259130115617545,0.00110111947146265,0.0862543585979079,0.0704716461736098,0.52266470912094
191773.411807,2500366.126422,0.146891619292133,0.162112598569595,0,0.233632862644416,0.142857142857143,0.314505776636714
192273.411807,2500366.126422,0.00109950522264981,0.194612424409016,0,0.796408282939344,0,0.00787978742899029
192773.411807,2500366.126422,0.0117452743622683,0.8840154156726,0,0,0,0.104239309965131
193273.411807,2500366.126422,0.0223730056849441,0.894186686227765,0,0,0.000183385292499542,0.0832569227947919
193773.411807,2500366.126422,0.0377496793109767,0.792926516400953,0,0.0153930731170973,0.000549752611324904,0.153380978559648
194273.411807,2500366.126422,0.110111947146265,0.328684162231602,0.0361534226463571,0.0972655533125344,0.169388878693338,0.258396035969903
194773.411807,2500366.126422,0.055198973042362,0.194021639464515,0.0825233816247937,0.238767650834403,0.222996515679443,0.206491839354484
195273.411807,2500366.126422,0.107934762690123,0.144768187648891,0.023089609675646,0.263698002565512,0.177570093457944,0.282939343961884
195773.411807,2500366.126422,0.123875940539549,0.270324830244081,0.0034868783262984,0.0519361350706552,0.0915764360433107,0.458799779776106
196273.411807,2500366.126422,0.245369521364387,0.258940033009353,0.00458463231248854,0.0275077938749312,0.126352466532184,0.337245552906657
196773.411807,2500366.126422,0.189847901777533,0.345977643393806,0.000183250870441635,0.00329851566794942,0.0524097489463075,0.408282939343962
197273.411807,2500366.126422,0.0803817214167737,0.323362084786199,0,0.120572582125161,0.181134153055607,0.29454945861626
197773.411807,2500366.126422,0.108380707867229,0.257839721254355,0,0.0282413350449294,0.143407298734641,0.462130937098845
198273.411807,2500366.126422,0.0910756826094924,0.399486897562763,0.00238226131574125,0.0872274143302181,0.167308044713212,0.252519699468573
185773.411807,2499866.126422,0.547223093818638,0.00596171948540948,0.0244744273611547,0.00345152180734233,0.0392218387197992,0.379667398807656
186273.411807,2499866.126422,0.32985347985348,0.0104395604395604,0,0.00714285714285714,0.0551282051282051,0.597435897435897
186773.411807,2499866.126422,0.341651376146789,0.00642201834862385,0,0.0394495412844037,0.213394495412844,0.399082568807339
187273.411807,2499866.126422,0.301962942579343,0.0288020546688681,0,0.0834709227664649,0.14694551458448,0.438818565400844
187773.411807,2499866.126422,0.376190476190476,0.0104395604395604,0,0.0380952380952381,0.156043956043956,0.419230769230769
188273.411807,2499866.126422,0.138165137614679,0.110642201834862,0.00110091743119266,0.400917431192661,0.147155963302752,0.202018348623853
188773.411807,2499866.126422,0.0944780774169877,0.384883507613282,0,0.233718583746102,0.0869565217391304,0.199963309484498
189273.411807,2499866.126422,0.0831501831501831,0.378021978021978,0,0.0657509157509158,0.123809523809524,0.349267399267399
189773.411807,2499866.126422,0.0722935779816514,0.495779816513761,0,0.0422018348623853,0.0590825688073394,0.330642201834862
190273.411807,2499866.126422,0.10420106402495,0.212071179600073,0,0.198128783709411,0.168042560997982,0.317556411667584
190773.411807,2499866.126422,0.0818681318681319,0.144139194139194,0,0.145787545787546,0.16959706959707,0.458608058608059
191273.411807,2499866.126422,0.111192660550459,0.203669724770642,0.00146788990825688,0.011743119266055,0.0513761467889908,0.620550458715596
191773.411807,2499866.126422,0.287103283801137,0.230232984773436,0,0.107319757842598,0.0473307649972482,0.328013208585581
192273.411807,2499866.126422,0.0102564102564103,0.137912087912088,0,0.721978021978022,0.000549450549450549,0.129304029304029
192773.411807,2499866.126422,0.011743119266055,0.751559633027523,0,0.00146788990825688,0.00165137614678899,0.233577981651376
193273.411807,2499866.126422,0.0161438268207668,0.792515134837644,0,0,0,0.191341038341589
193773.411807,2499866.126422,0.0120879120879121,0.641941391941392,0.0727106227106227,0.13956043956044,0.013003663003663,0.120695970695971
194273.411807,2499866.126422,0.105137614678899,0.422385321100917,0.101467889908257,0.0864220183486239,0.0943119266055046,0.190275229357798
194773.411807,2499866.126422,0.132269308383783,0.10695285268758,0,0.248945147679325,0.368189323059989,0.143643368189323
195273.411807,2499866.126422,0.104212454212454,0.276739926739927,0.00750915750915751,0.232234432234432,0.174542124542125,0.204761904761905
195773.411807,2499866.126422,0.0710091743119266,0.261467889908257,0,0.0943119266055046,0.150091743119266,0.423119266055046
196273.411807,2499866.126422,0.12126215373326,0.372041827187672,0.0176114474408365,0.091726288754357,0.0941111722619703,0.303247110621904
196773.411807,2499866.126422,0.348717948717949,0.00842490842490842,0,0,0.00146520146520147,0.641391941391941
197273.411807,2499866.126422,0.105688073394495,0.444587155963303,0,0.0552293577981651,0.159266055045872,0.235229357798165
197773.411807,2499866.126422,0.0931939093744267,0.250779673454412,0.0066042927903137,0.132269308383783,0.234268941478628,0.282883874518437
198273.411807,2499866.126422,0.142307692307692,0.404029304029304,0,0.0261904761904762,0.129487179487179,0.297985347985348
185773.411807,2499366.126422,0.147463994990607,0.0644959298685034,0.0209768315591735,0.140576080150282,0.122730118973075,0.503757044458359
186273.411807,2499366.126422,0.198203153648698,0.0276861019435277,0,0.0143014301430143,0.183351668500183,0.576457645764576
186773.411807,2499366.126422,0.382600732600733,0.0120879120879121,0,0.00695970695970696,0.163003663003663,0.435347985347985
187273.411807,2499366.126422,0.191391941391941,0.119413919413919,0.000549450549450549,0.0738095238095238,0.14047619047619,0.474358974358974
187773.411807,2499366.126422,0.31004767143381,0.015034836817015,0,0.145581224789146,0.0918591859185919,0.437477081041437
188273.411807,2499366.126422,0.188095238095238,0.0626373626373626,0.000732600732600733,0.387912087912088,0.221794871794872,0.138827838827839
188773.411807,2499366.126422,0.0818681318681319,0.306043956043956,0,0.32967032967033,0.13021978021978,0.152197802197802
189273.411807,2499366.126422,0.139347268060139,0.165566556655666,0,0.296112944627796,0.166299963329666,0.232673267326733
189773.411807,2499366.126422,0.112087912087912,0.207509157509158,0,0.408791208791209,0.125641025641026,0.145970695970696
190273.411807,2499366.126422,0.0935897435897436,0.137545787545788,0,0.304029304029304,0.204212454212454,0.260622710622711
190773.411807,2499366.126422,0.0577557755775578,0.317565089842318,0.0011001100110011,0.253208654198753,0.120645397873121,0.24972497249725
191273.411807,2499366.126422,0.0402930402930403,0.554029304029304,0,0.158424908424908,0.0730769230769231,0.174175824175824
191773.411807,2499366.126422,0.229304029304029,0.306043956043956,0,0.255494505494505,0.0478021978021978,0.161355311355311
192273.411807,2499366.126422,0.0172350568390172,0.0931426475980931,0.00055005500550055,0.692885955262193,0.00935093509350935,0.186835350201687
192773.411807,2499366.126422,0.0357142857142857,0.529487179487179,0,0.116117216117216,0.0227106227106227,0.295970695970696
193273.411807,2499366.126422,0.0404761904761905,0.836446886446886,0,0.0470695970695971,0.00659340659340659,0.0694139194139194
193773.411807,2499366.126422,0.0033003300330033,0.724239090575724,0.0132013201320132,0.0394206087275394,0.00953428676200953,0.21030436376971
194273.411807,2499366.126422,0.148351648351648,0.337179487179487,0.0205128205128205,0.0591575091575092,0.164835164835165,0.26996336996337
194773.411807,2499366.126422,0.119230769230769,0.152380952380952,0,0.156043956043956,0.245238095238095,0.327106227106227
195273.411807,2499366.126422,0.0847084708470847,0.338467180051338,0.00935093509350935,0.104327099376604,0.157499083241658,0.305647231389806
195773.411807,2499366.126422,0.0884615384615385,0.36978021978022,0.00238095238095238,0.0996336996336996,0.136996336996337,0.302747252747253
196273.411807,2499366.126422,0.0873626373626374,0.371611721611722,0.0108058608058608,0.0600732600732601,0.0653846153846154,0.404761904761905
196773.411807,2499366.126422,0.0869086908690869,0.717088375504217,0,0,0,0.196002933626696
197273.411807,2499366.126422,0.157875457875458,0.21959706959707,0.00164835164835165,0.0880952380952381,0.175457875457875,0.357326007326007
197773.411807,2499366.126422,0.121611721611722,0.225274725274725,0,0.28956043956044,0.240659340659341,0.122893772893773
198273.411807,2499366.126422,0.0865419875320865,0.42042537587092,0,0.0212687935460213,0.128712871287129,0.343050971763843
185773.411807,2498866.126422,0.0658926890492626,0.0652651396297458,0.0313774709758393,0.545026670850329,0.146219014747411,0.146219014747411
186273.411807,2498866.126422,0.188748396554884,0.0538757559098406,0.00384826827927433,0.297599413597215,0.237493128092358,0.218435037566428
186773.411807,2498866.126422,0.100201871903101,0.151220407414204,0.00587263718113415,0.339328317122408,0.180400073407965,0.222976692971187
187273.411807,2498866.126422,0.0773885934348065,0.12396845772969,0.000183385292499542,0.306070053181735,0.214560792224464,0.277828718136805
187773.411807,2498866.126422,0.0951072017592084,0.205973978376397,0,0.242074399853399,0.172255818215137,0.284588601795859
188273.411807,2498866.126422,0.123508900715728,0.132317856487429,0.000550559735731327,0.251055239493485,0.173609836667278,0.318957606900349
188773.411807,2498866.126422,0.104896387309738,0.19585549238951,0,0.317990097194205,0.112965340179718,0.268292682926829
189273.411807,2498866.126422,0.11214953271028,0.36100421477002,0.000183250870441635,0.151914971596115,0.0971229613340663,0.277625068719076
189773.411807,2498866.126422,0.12883097816113,0.133051936135071,0,0.253440998348321,0.132501376399339,0.352174710956139
190273.411807,2498866.126422,0.0392444525949019,0.0517146524848707,0,0.739042728773152,0.143590684027141,0.026407482119934
190773.411807,2498866.126422,0.0634048011728056,0.0287703866593366,0,0.754993586219534,0.108667766171889,0.0441634597764339
191273.411807,2498866.126422,0.0209212699577904,0.0130299137456414,0.000183519911910442,0.873921820517526,0.0726738851165352,0.0192695907505964
191773.411807,2498866.126422,0.0203557674674491,0.0377773702549056,0.000733541169998166,0.875664771685311,0.0594168347698515,0.00605171465248487
192273.411807,2498866.126422,0.0296866410115448,0.0859446582371266,0,0.532893531244273,0.0274876305662452,0.32398753894081
192773.411807,2498866.126422,0,0.705817581207561,0,0.0979996329601762,0.000917599559552211,0.195265186272711
193273.411807,2498866.126422,0.00550155877498625,0.817348248670457,0,0,0.00128369704749679,0.17586649550706
193773.411807,2498866.126422,0.10317024005864,0.69397104636247,0,0.0201575957485798,0.00879604178119846,0.173905076049111
194273.411807,2498866.126422,0.151587447238025,0.318957606900349,0,0.112681225913012,0.136722334373279,0.280051385575335
194773.411807,2498866.126422,0.154227030992114,0.262607738859343,0.000366770584999083,0.139006051714652,0.236383642031909,0.207408765816981
195273.411807,2498866.126422,0.123694337548103,0.286787612241158,0.000183250870441635,0.137621403701668,0.2376763789628,0.214037016675829
195773.411807,2498866.126422,0.0862543585979079,0.362818865846944,0.000183519911910442,0.0242246283721784,0.141677371994861,0.384841255276197
196273.411807,2498866.126422,0.0861910874747845,0.248487071336879,0,0.00183385292499542,0.0273244085824317,0.63616357968091
196773.411807,2498866.126422,0.14018691588785,0.290086127909108,0,0.0155763239875389,0.0395821880153931,0.51456844420011
197273.411807,2498866.126422,0.12864745824922,0.134703615342265,0.000550559735731327,0.289227381170857,0.297118737383006,0.149752248118921
197773.411807,2498866.126422,0.125068769484687,0.187603154227031,0.00110031175499725,0.289748762149276,0.241151659636897,0.155327342747112
198273.411807,2498866.126422,0.133223382811068,0.269745281290086,0,0.0619387942092725,0.199743448781382,0.335349092908191
185773.411807,2498366.126422,0.222466269218701,0.0925635393787261,0.0150611860684029,0.0448697834954503,0.0724819579541889,0.552557263884531
186273.411807,2498366.126422,0.231135531135531,0.067032967032967,0,0.137912087912088,0.175641025641026,0.388278388278388
186773.411807,2498366.126422,0.276697247706422,0.111559633027523,0.00018348623853211,0.0811009174311927,0.120366972477064,0.410091743119266
187273.411807,2498366.126422,0.215923683727756,0.0493487433498441,0,0.0867730691616217,0.201247477527059,0.446707026233719
187773.411807,2498366.126422,0.0923076923076923,0.409340659340659,0,0.0197802197802198,0.0791208791208791,0.399450549450549
188273.411807,2498366.126422,0.192293577981651,0.163853211009174,0.00165137614678899,0.0601834862385321,0.108623853211009,0.473394495412844
188773.411807,2498366.126422,0.130985140341222,0.0834709227664649,0.000183452577508714,0.444505595303614,0.150064208402128,0.190790680609063
189273.411807,2498366.126422,0.105311355311355,0.248168498168498,0.000366300366300366,0.272893772893773,0.154578754578755,0.218681318681319
189773.411807,2498366.126422,0.100917431192661,0.197064220183486,0,0.27045871559633,0.178899082568807,0.252660550458716
190273.411807,2498366.126422,0.14547789396441,0.162172078517703,0,0.288020546688681,0.200146762062007,0.204182718767199
190773.411807,2498366.126422,0.0912087912087912,0.030952380952381,0.00128205128205128,0.593406593406593,0.160989010989011,0.122161172161172
191273.411807,2498366.126422,0.0438532110091743,0.02,0,0.759082568807339,0.129724770642202,0.0473394495412844
191773.411807,2498366.126422,0.0352228948816731,0.0493487433498441,0,0.749954136855623,0.115758576407999,0.0497156485048615
192273.411807,2498366.126422,0.0434065934065934,0.118864468864469,0,0.445604395604396,0.0525641025641026,0.33956043956044
192773.411807,2498366.126422,0,0.270091743119266,0,0.438165137614679,0.000917431192660551,0.290825688073394
193273.411807,2498366.126422,0.00165107319757843,0.715281599706476,0,0,0.000733810310034856,0.282333516785911
193773.411807,2498366.126422,0,0.908424908424908,0,0.00256410256410256,0,0.089010989010989
194273.411807,2498366.126422,0.0961467889908257,0.469357798165138,0.00311926605504587,0.0271559633027523,0.108073394495413,0.296146788990826
194773.411807,2498366.126422,0.109704641350211,0.331131902403229,0.00110071546505228,0.0636580443955238,0.176481379563383,0.317923316822601
195273.411807,2498366.126422,0.112637362637363,0.468315018315018,0.00146520146520147,0.0694139194139194,0.119230769230769,0.228937728937729
195773.411807,2498366.126422,0.120550458715596,0.443853211009174,0.00935779816513761,0.0187155963302752,0.0781651376146789,0.329357798165138
196273.411807,2498366.126422,0.0330214639515685,0.332966428178316,0,0.00587048248027885,0.0431113557145478,0.585030269675289
196773.411807,2498366.126422,0.0564102564102564,0.475457875457875,0,0.0252747252747253,0.0468864468864469,0.395970695970696
197273.411807,2498366.126422,0.17045871559633,0.112293577981651,0.00073394495412844,0.292844036697248,0.295779816513761,0.127889908256881
197773.411807,2498366.126422,0.169143276463034,0.296275912676573,0,0.174646853788296,0.191707943496606,0.168226013575491
198273.411807,2498366.126422,0.165201465201465,0.282417582417582,0.000732600732600733,0.0763736263736264,0.139010989010989,0.336263736263736
185773.411807,2497866.126422,0.331872260488416,0.039448966812774,0.0241077019411396,0.0341264871634314,0.0576080150281778,0.512836568566061
186273.411807,2497866.126422,0.430876420975431,0.0157682434910158,0,0.00256692335900257,0.0320865419875321,0.518701870187019
186773.411807,2497866.126422,0.33021978021978,0.000732600732600733,0,0.0010989010989011,0.0144688644688645,0.653479853479853
187273.411807,2497866.126422,0.204945054945055,0.0891941391941392,0,0.00897435897435897,0.039010989010989,0.657875457875458
187773.411807,2497866.126422,0.242024202420242,0.046021268793546,0,0.0595892922625596,0.0511551155115512,0.601210121012101
188273.411807,2497866.126422,0.375091575091575,0.107142857142857,0,0.00604395604395604,0.0142857142857143,0.497435897435897
188773.411807,2497866.126422,0.268498168498168,0.0166666666666667,0,0.0565934065934066,0.0615384615384615,0.596703296703297
189273.411807,2497866.126422,0.0858085808580858,0.081041437477081,0,0.55042170883755,0.181151448478181,0.101576824349102
189773.411807,2497866.126422,0.0772893772893773,0.231868131868132,0,0.374908424908425,0.133882783882784,0.182051282051282
190273.411807,2497866.126422,0.108058608058608,0.177472527472527,0,0.273076923076923,0.119413919413919,0.321978021978022
190773.411807,2497866.126422,0.0381371470480381,0.0341034103410341,0,0.809314264759809,0.0792079207920792,0.0392372570590392
191273.411807,2497866.126422,0.0386446886446886,0.0316849816849817,0.000915750915750916,0.812271062271062,0.103296703296703,0.0131868131868132
191773.411807,2497866.126422,0.026007326007326,0.0954212454212454,0.000549450549450549,0.675457875457876,0.112087912087912,0.0904761904761905
192273.411807,2497866.126422,0.0348368170150348,0.413458012467913,0,0.295379537953795,0.00256692335900257,0.253758709204254
192773.411807,2497866.126422,0.00604395604395604,0.34047619047619,0,0.653479853479853,0,0
193273.411807,2497866.126422,0.0153846153846154,0.655128205128205,0,0,0,0.329487179487179
193773.411807,2497866.126422,0.0192519251925193,0.915291529152915,0,0,0,0.0654565456545655
194273.411807,2497866.126422,0.0791208791208791,0.620512820512821,0.0157509157509158,0.0113553113553114,0.026007326007326,0.247252747252747
194773.411807,2497866.126422,0.0754578754578755,0.633882783882784,0.00457875457875458,0.0271062271062271,0.0811355311355311,0.177838827838828
195273.411807,2497866.126422,0.15988265493216,0.331866519985332,0.00055005500550055,0.0627062706270627,0.14008067473414,0.304913824715805
195773.411807,2497866.126422,0.0311355311355311,0.39029304029304,0,0.0186813186813187,0.1,0.45989010989011
196273.411807,2497866.126422,0.0336996336996337,0.513919413919414,0,0.0139194139194139,0.0523809523809524,0.386080586080586
196773.411807,2497866.126422,0.106527319398607,0.447561422808948,0,0.0201686835350202,0.0682068206820682,0.357535753575358
197273.411807,2497866.126422,0.158058608058608,0.118681318681319,0,0.254029304029304,0.307326007326007,0.161904761904762
197773.411807,2497866.126422,0.128205128205128,0.314835164835165,0,0.0397435897435897,0.142490842490842,0.374725274725275
198273.411807,2497866.126422,0.0401540154015402,0.642280894756142,0.000183351668500183,0.00641730839750642,0.0344701136780345,0.276494316098277
185773.411807,2497366.126422,0.184813304047694,0.0203953561342956,0.0138060872293693,0.490116096642611,0.144336366488861,0.14653278945717
186273.411807,2497366.126422,0.307861462341946,0.00403151914971596,0,0.00366501740883269,0.0177753344328386,0.666666666666667
186773.411807,2497366.126422,0.206276380987337,0.00844191594788034,0,0.00146815929528354,0.00422095797394017,0.779592585795559
187273.411807,2497366.126422,0.121217678342197,0.030808729139923,0,0.0137538969374656,0.0573995965523565,0.776820099028058
187773.411807,2497366.126422,0.105002748763057,0.00274876305662452,0,0.000183250870441635,0.00366501740883269,0.888400219901045
188273.411807,2497366.126422,0.097082033400624,0.0322995044962378,0,0.0132134336575518,0.0965314736648926,0.760873554780694
188773.411807,2497366.126422,0.274344397579314,0.0146708233999633,0.00311754997249221,0.10783055198973,0.0682193288098294,0.53181734824867
189273.411807,2497366.126422,0.0465457210921752,0.107934762690123,0,0.435220817298882,0.249037932930181,0.161260765988638
189773.411807,2497366.126422,0.0983666727839971,0.28629106258029,0,0.212699577904203,0.1493852082951,0.25325747843641
190273.411807,2497366.126422,0.0799559875298001,0.0783055198973042,0,0.445442875481386,0.17183201907207,0.224463598019439
190773.411807,2497366.126422,0.0441634597764339,0.0428807036833425,0.00183250870441635,0.794575774234928,0.068719076415613,0.0478284771852666
191273.411807,2497366.126422,0.0288126261699394,0.0449623784180584,0.000183519911910442,0.823086804918334,0.0601945311066251,0.0427601394751331
191773.411807,2497366.126422,0.0803227581147992,0.114249037227214,0,0.591050797726022,0.0614340729873464,0.152943333944618
192273.411807,2497366.126422,0.0639545537841305,0.3340663368151,0,0.208722741433022,0.000549752611324904,0.392706615356423
192773.411807,2497366.126422,0,0.300605615709304,0.0124793540099101,0.678289594420995,0,0.00862543585979079
193273.411807,2497366.126422,0.00843572345497891,0.530717036493673,0,0,0,0.460847240051348
193773.411807,2497366.126422,0.0293201392706615,0.837822979659153,0,0,0.000183250870441635,0.132673630199743
194273.411807,2497366.126422,0.101670031198385,0.371627821618646,0,0.087538997981281,0.2653697926225,0.173793356579189
194773.411807,2497366.126422,0.0999449844122501,0.434623143223913,0.0170548322024574,0.0968274344397579,0.146708233999633,0.204841371721988
195273.411807,2497366.126422,0.0723840938244457,0.484881803188565,0.000549752611324904,0.0443467106468756,0.117463807953088,0.280373831775701
195773.411807,2497366.126422,0.119104422829877,0.410534042943659,0.000183519911910442,0.0941457148100569,0.106808588731877,0.269223710772619
196273.411807,2497366.126422,0.079589216944801,0.516229598386209,0.0174216027874564,0.0313588850174216,0.0916926462497708,0.263708050614341
196773.411807,2497366.126422,0.0795308777716694,0.513835440718343,0.00293201392706615,0.0355506688656771,0.10426974528129,0.263881253435954
197273.411807,2497366.126422,0.169021838869517,0.197100385391815,0,0.090475316571848,0.285556982932648,0.257845476234171
197773.411807,2497366.126422,0.0984779020722538,0.566477168531084,0,0.00458463231248854,0.070786722904823,0.259673574179351
198273.411807,2497366.126422,0.0811801356056441,0.640645043063955,0,0.00604727872457394,0.0555250137438153,0.216602528862012
185773.411807,2496866.126422,0.130216504549733,0.0454973329149671,0.0163162849074365,0.355192971446501,0.114213994352055,0.338562911829307
