"x","y","forest","agri","water","built","other","grass"
326273.411807,2751866.126422,0.987339449541284,0.00128440366972477,0,0,0,0.0113761467889908
326773.411807,2751866.126422,0.923500275178866,0.00715465052283985,0,0,0,0.0693450742982939
327273.411807,2751866.126422,0.918131868131868,0.00842490842490842,0,0,0.000183150183150183,0.0732600732600733
327773.411807,2751866.126422,0.875596330275229,0.0185321100917431,0,0,0,0.105871559633028
328273.411807,2751866.126422,0.841130067877454,0.0713630526508897,0,0,0.00458631443771785,0.0829205650339387
328773.411807,2751866.126422,0.856959706959707,0.11996336996337,0,0,0,0.0230769230769231
329273.411807,2751866.126422,0.89394495412844,0.0238532110091743,0,0,0,0.0822018348623853
329773.411807,2751866.126422,0.914511098880939,0.000733810310034856,0,0,0,0.0847550908090259
330273.411807,2751866.126422,0.921428571428571,0,0,0,0.000366300366300366,0.0782051282051282
330773.411807,2751866.126422,0.858165137614679,0.00055045871559633,0,0,0,0.141284403669725
331273.411807,2751866.126422,0.913960741148413,0,0,0,0,0.0860392588515869
331773.411807,2751866.126422,0.772893772893773,0.00494505494505494,0,0,0.000732600732600733,0.221428571428571
332273.411807,2751866.126422,0.908990825688073,0.00110091743119266,0,0,0,0.0899082568807339
332773.411807,2751866.126422,0.842964593652541,0.001284168042561,0,0.000183452577508714,0.00532012474775271,0.150247660979637
333273.411807,2751866.126422,0.93974358974359,0.00366300366300366,0,0,0,0.0565934065934066
333773.411807,2751866.126422,0.84697247706422,0.000917431192660551,0,0,0.00073394495412844,0.151376146788991
334273.411807,2751866.126422,0.495321959273528,0.0289855072463768,0.00091726288754357,0.0748486516235553,0.0509998165474225,0.348926802421574
334773.411807,2751866.126422,0.113369963369963,0.126007326007326,0,0.121611721611722,0.0686813186813187,0.57032967032967
326273.411807,2751366.126422,0.994139194139194,0.0032967032967033,0,0,0,0.00256410256410256
326773.411807,2751366.126422,0.964468864468864,0.000549450549450549,0,0,0,0.034981684981685
327273.411807,2751366.126422,0.941694169416942,0.0141180784745141,0,0,0,0.0441877521085442
327773.411807,2751366.126422,0.89010989010989,0.0163003663003663,0,0,0,0.0935897435897436
328273.411807,2751366.126422,0.815567765567766,0.0274725274725275,0,0.000183150183150183,0.00989010989010989,0.146886446886447
328773.411807,2751366.126422,0.760726072607261,0.00256692335900257,0,0,0,0.236707004033737
329273.411807,2751366.126422,0.645970695970696,0.0124542124542125,0,0,0.0010989010989011,0.34047619047619
329773.411807,2751366.126422,0.875457875457875,0.0175824175824176,0,0,0,0.106959706959707
330273.411807,2751366.126422,0.926842684268427,0,0,0,0,0.0731573157315732
330773.411807,2751366.126422,0.925824175824176,0.000183150183150183,0,0,0.00183150183150183,0.0721611721611722
331273.411807,2751366.126422,0.916849816849817,0,0,0,0,0.0831501831501831
331773.411807,2751366.126422,0.77997799779978,0.0276861019435277,0,0,0.00165016501650165,0.190685735240191
332273.411807,2751366.126422,0.786080586080586,0.00183150183150183,0,0.00347985347985348,0.0236263736263736,0.184981684981685
332773.411807,2751366.126422,0.618681318681319,0.0357142857142857,0,0.010989010989011,0.0505494505494506,0.284065934065934
333273.411807,2751366.126422,0.483681701503484,0.0216354968830216,0,0.000183351668500183,0.00971763843050972,0.484781811514485
333773.411807,2751366.126422,0.293406593406593,0.082967032967033,0,0.0576923076923077,0.071978021978022,0.493956043956044
334273.411807,2751366.126422,0.0512820512820513,0.0791208791208791,0.200915750915751,0.342490842490842,0.0946886446886447,0.231501831501832
326273.411807,2750866.126422,0.970636814094329,0.0132134336575518,0,0,0,0.0161497522481189
326773.411807,2750866.126422,0.976343297267559,0.00385109114249037,0,0,0,0.0198056115899505
327273.411807,2750866.126422,0.96976360637713,0.00109950522264981,0,0,0,0.0291368884002199
327773.411807,2750866.126422,0.956872820701046,0.0121123141860892,0,0,0,0.0310148651128647
328273.411807,2750866.126422,0.86814597469283,0.0458463231248854,0,0,0.00348432055749129,0.0825233816247937
328773.411807,2750866.126422,0.789078248121679,0.00879604178119846,0,0,0.000916254352208173,0.201209455744915
329273.411807,2750866.126422,0.859423747476601,0.00752431638832813,0,0,0.00220223894292531,0.130849697192145
329773.411807,2750866.126422,0.873280762882817,0.00623509994498441,0,0,0.00458463231248854,0.11589950485971
330273.411807,2750866.126422,0.941359721458677,0,0,0,0,0.0586402785413231
330773.411807,2750866.126422,0.808588731877409,0.0194531106625069,0,0,0.00734079647641769,0.164617360983667
331273.411807,2750866.126422,0.78397212543554,0.028791490922428,0,0.037593984962406,0.0517146524848707,0.0979277461947552
331773.411807,2750866.126422,0.227414330218069,0.099321971779366,0,0.0632215503023639,0.114165292285138,0.495876855415063
332273.411807,2750866.126422,0.384290695540466,0.0387227014131033,0,0.139475133051936,0.106992108643788,0.330519361350707
332773.411807,2750866.126422,0.190904089492023,0.0535485054098661,0,0.218595268659454,0.137538969374656,0.399413167064001
333273.411807,2750866.126422,0.152647975077882,0.0765988638446033,0.000366501740883269,0.109034267912773,0.107751511819681,0.553600879604178
333773.411807,2750866.126422,0.0739585244999082,0.121673701596623,0,0.231418608919068,0.171224077812443,0.401725087171958
326273.411807,2750366.126422,0.983853211009174,0.00165137614678899,0,0.00055045871559633,0.00880733944954129,0.00513761467889908
326773.411807,2750366.126422,0.968262704090992,0.00385250412768299,0,0,0,0.0278847917813245
327273.411807,2750366.126422,0.9503663003663,0.00604395604395604,0,0,0,0.0435897435897436
327773.411807,2750366.126422,0.874311926605505,0.00055045871559633,0,0,0.00018348623853211,0.124954128440367
328273.411807,2750366.126422,0.68042560997982,0.0091726288754357,0,0.000366905155017428,0.0220143093010457,0.288020546688681
328773.411807,2750366.126422,0.846336996336996,0.00238095238095238,0,0,0.000549450549450549,0.150732600732601
329273.411807,2750366.126422,0.839266055045872,0,0,0,0,0.160733944954128
329773.411807,2750366.126422,0.878187488534214,0.00091726288754357,0,0,0,0.120895248578243
330273.411807,2750366.126422,0.855677655677656,0.00915750915750916,0,0,0.00750915750915751,0.127655677655678
330773.411807,2750366.126422,0.733761467889908,0.0739449541284404,0,0.00587155963302752,0.0293577981651376,0.157064220183486
331273.411807,2750366.126422,0.116492386718033,0.394423041643735,0,0.0275178866263071,0.0640249495505412,0.397541735461383
331773.411807,2750366.126422,0.0639194139194139,0.489377289377289,0,0.000183150183150183,0.00842490842490842,0.438095238095238
332273.411807,2750366.126422,0.241651376146789,0.08,0,0.177064220183486,0.0943119266055046,0.40697247706422
332773.411807,2750366.126422,0.16969363419556,0.150798018712163,0,0.190056870299028,0.145844799119428,0.343606677673821
333273.411807,2750366.126422,0.0468864468864469,0.0727106227106227,0,0.616117216117216,0.143040293040293,0.121245421245421
333773.411807,2750366.126422,0.0172477064220183,0.192477064220183,0.00018348623853211,0.152660550458716,0.127706422018349,0.509724770642202
334273.411807,2750366.126422,0.0161438268207668,0.124380847550908,0.180150431113557,0.230416437350945,0.0420106402494955,0.406897816914328
326273.411807,2749866.126422,0.991758241758242,0.00677655677655678,0,0,0,0.00146520146520147
326773.411807,2749866.126422,0.987179487179487,0.00714285714285714,0,0,0,0.00567765567765568
327273.411807,2749866.126422,0.914558122478915,0.0518885221855519,0,0,0,0.0335533553355336
327773.411807,2749866.126422,0.699084249084249,0.0113553113553114,0,0,0.000549450549450549,0.289010989010989
328273.411807,2749866.126422,0.771611721611722,0.00146520146520147,0,0,0.000366300366300366,0.226556776556777
328773.411807,2749866.126422,0.684451778511184,0.0011001100110011,0,0,0.000916758342500917,0.313531353135314
329273.411807,2749866.126422,0.92948717948718,0.0032967032967033,0,0.00164835164835165,0.00274725274725275,0.0628205128205128
329773.411807,2749866.126422,0.953296703296703,0.00256410256410256,0,0,0.00347985347985348,0.0406593406593407
330273.411807,2749866.126422,0.897139713971397,0.00311697836450312,0,0.00128346167950128,0.0088008800880088,0.0896589658965897
330773.411807,2749866.126422,0.417765567765568,0.147802197802198,0,0.021978021978022,0.0703296703296703,0.342124542124542
331273.411807,2749866.126422,0.154945054945055,0.0948717948717949,0,0.0269230769230769,0.0725274725274725,0.650732600732601
331773.411807,2749866.126422,0.113494682801613,0.449211587825449,0.000183351668500183,0.0397873120645398,0.057022368903557,0.34030069673634
332273.411807,2749866.126422,0.161172161172161,0.144139194139194,0,0.0657509157509158,0.127838827838828,0.501098901098901
332773.411807,2749866.126422,0.149450549450549,0.115567765567766,0,0.206410256410256,0.135347985347985,0.393223443223443
333273.411807,2749866.126422,0.0982764943160983,0.0806747341400807,0,0.387238723872387,0.14026402640264,0.293546021268794
333773.411807,2749866.126422,0.257509157509157,0.16978021978022,0.00695970695970696,0.189194139194139,0.101282051282051,0.275274725274725
326273.411807,2749366.126422,0.998348320792806,0.000550559735731327,0,0,0,0.00110111947146265
326773.411807,2749366.126422,0.974692829635063,0.0238400880249404,0,0,0,0.00146708233999633
327273.411807,2749366.126422,0.855231812351109,0.0163093274693055,0,0,0,0.128458860179586
327773.411807,2749366.126422,0.890622132501376,0,0,0,0,0.109377867498624
328273.411807,2749366.126422,0.915275994865212,0,0,0,0,0.0847240051347882
328773.411807,2749366.126422,0.798424042514202,0.000183250870441635,0,0,0.00568077698369067,0.195711929631666
329273.411807,2749366.126422,0.973573132684896,0,0,0,0,0.0264268673151037
329773.411807,2749366.126422,0.78012103429305,0.0117366587199707,0,0.00110031175499725,0.0295250320924262,0.177516963139556
330273.411807,2749366.126422,0.61205790727506,0.0254718709913872,0,0.0617555433388309,0.11324903793293,0.187465640461792
330773.411807,2749366.126422,0.0829510001835199,0.50211047898697,0,0.0110111947146265,0.0416590200036704,0.362268306111213
331273.411807,2749366.126422,0.109297634329727,0.513295433706217,0.00330093526499175,0.057216211259857,0.0553823583348615,0.261507427104346
331773.411807,2749366.126422,0.0797141286421111,0.562946673996702,0,0.0179585853032802,0.0392156862745098,0.300164925783397
332273.411807,2749366.126422,0.159478803450174,0.292714259497155,0,0.110478986970086,0.0644154890805652,0.372912461002019
332773.411807,2749366.126422,0.0513478818998716,0.543370621676142,0.000183385292499542,0.0425453878598936,0.0561158995048597,0.306436823766734
333273.411807,2749366.126422,0.0298698918819864,0.206706981858164,0.0333516584203775,0.0751328568810702,0.0863111599780099,0.568627450980392
333773.411807,2749366.126422,0.27803266654432,0.0400073407964764,0.228665810240411,0.218205175261516,0.0513855753349238,0.183703431822353
326273.411807,2748866.126422,0.994495412844037,0.0055045871559633,0,0,0,0
326773.411807,2748866.126422,0.960924600990644,0.00770500825536599,0,0,0.000183452577508714,0.0311869381764814
327273.411807,2748866.126422,0.975457875457875,0.00201465201465201,0,0,0.000183150183150183,0.0223443223443223
327773.411807,2748866.126422,0.909174311926605,0,0,0,0,0.0908256880733945
328273.411807,2748866.126422,0.778022381214456,0.00091726288754357,0,0,0.000183452577508714,0.220876903320492
328773.411807,2748866.126422,0.958058608058608,0,0,0,0,0.0419413919413919
329273.411807,2748866.126422,0.971559633027523,0,0,0,0,0.0284403669724771
329773.411807,2748866.126422,0.467804072647221,0.0469638598422308,0,0.0412768299394606,0.0812694918363603,0.362685745734728
330273.411807,2748866.126422,0.111172161172161,0.218131868131868,0.000183150183150183,0.0793040293040293,0.175091575091575,0.416117216117216
330773.411807,2748866.126422,0.0403669724770642,0.42348623853211,0,0.00055045871559633,0.00807339449541284,0.527522935779816
331273.411807,2748866.126422,0.0458631443771785,0.693450742982939,0,0.0587048248027885,0.0669601907906806,0.135021097046413
331773.411807,2748866.126422,0.0961538461538462,0.264468864468864,0.0032967032967033,0.245421245421245,0.147802197802198,0.242857142857143
332273.411807,2748866.126422,0.138532110091743,0.382385321100917,0.00330275229357798,0.104587155963303,0.0913761467889908,0.279816513761468
332773.411807,2748866.126422,0.0543019629425793,0.220693450742983,0.185837461016327,0.104567969179967,0.0680609062557329,0.366538249862411
333273.411807,2748866.126422,0.151831501831502,0.176373626373626,0.146886446886447,0.111721611721612,0.0327838827838828,0.38040293040293
326273.411807,2748366.126422,0.97014652014652,0.00164835164835165,0,0,0.000183150183150183,0.028021978021978
326773.411807,2748366.126422,0.750732600732601,0.0021978021978022,0,0,0,0.247069597069597
327273.411807,2748366.126422,0.92995966263293,0,0,0,0,0.07004033736707
327773.411807,2748366.126422,0.911172161172161,0.000549450549450549,0,0,0.00311355311355311,0.0851648351648352
328273.411807,2748366.126422,0.908424908424908,0.000183150183150183,0,0.000366300366300366,0.000915750915750916,0.0901098901098901
328773.411807,2748366.126422,0.825082508250825,0.0066006600660066,0,0.000366703337000367,0.00183351668500183,0.166116611661166
329273.411807,2748366.126422,0.425824175824176,0.0214285714285714,0,0.0521978021978022,0.0978021978021978,0.402747252747253
329773.411807,2748366.126422,0.232967032967033,0.0811355311355311,0.0021978021978022,0.0769230769230769,0.15,0.456776556776557
330273.411807,2748366.126422,0.0896589658965897,0.391272460579391,0.00128346167950128,0.0515218188485515,0.0815914924825816,0.384671800513385
330773.411807,2748366.126422,0.0305860805860806,0.46043956043956,0,0.0578754578754579,0.0637362637362637,0.387362637362637
331273.411807,2748366.126422,0.0470695970695971,0.728388278388278,0,0.0481684981684982,0.0472527472527473,0.129120879120879
331773.411807,2748366.126422,0.227539420608728,0.274844151081775,0.0264026402640264,0.0243857719105244,0.0396039603960396,0.407224055738907
332273.411807,2748366.126422,0.0419413919413919,0.216849816849817,0.36996336996337,0.11043956043956,0.0234432234432234,0.237362637362637
332773.411807,2748366.126422,0.0256410256410256,0.10970695970696,0.433882783882784,0.277838827838828,0.03003663003663,0.122893772893773
333273.411807,2748366.126422,0.0636230289695636,0.0775577557755776,0.160616061606161,0.400990099009901,0.0361202786945361,0.261092775944261
326273.411807,2747866.126422,0.811525050467976,0,0,0.000734079647641769,0.000183519911910442,0.187557349972472
326773.411807,2747866.126422,0.901705483220246,0,0,0,0,0.0982945167797543
327273.411807,2747866.126422,0.880703683342496,0,0,0,0,0.119296316657504
327773.411807,2747866.126422,0.89227381170857,0,0,0,0.000367039823820885,0.107359148467609
328273.411807,2747866.126422,0.862094260040345,0.00825233816247937,0,0,0.0113698881349716,0.118283513662204
328773.411807,2747866.126422,0.544438336082096,0.0269378779549203,0,0.0507604911123328,0.0780648708081363,0.299798424042514
329273.411807,2747866.126422,0.126812259130116,0.200220223894293,0,0.243530923105157,0.158744723802533,0.270691870067902
329773.411807,2747866.126422,0.11589950485971,0.20392444525949,0,0.243535668439391,0.139372822299652,0.297267559141757
330273.411807,2747866.126422,0.0641378046545721,0.592083562396921,0,0.066703316840755,0.0995052226498076,0.177570093457944
330773.411807,2747866.126422,0.0242246283721784,0.737015966232336,0.0242246283721784,0.0264268673151037,0.0407414204441182,0.147366489264085
331273.411807,2747866.126422,0.0850907757197873,0.530900421786173,0,0.090408949202274,0.0814230698697964,0.21217678342197
331773.411807,2747866.126422,0.0896096756459593,0.214953271028037,0.0731170973062122,0.183067619571193,0.0513102437236577,0.38794209272494
332273.411807,2747866.126422,0.0144980730409249,0.126078179482474,0.325380803817214,0.46485593686915,0.0251422279317306,0.0440447788585061
332773.411807,2747866.126422,0.0216394645149459,0.108747478452228,0.394278378874014,0.362369337979094,0.0337428938199156,0.0792224463598019
333273.411807,2747866.126422,0.142569177203592,0.136155396738135,0.0760491112332784,0.27799157045996,0.0822796408282939,0.284955103536742
326273.411807,2747366.126422,0.911926605504587,0,0,0,0.000917431192660551,0.0871559633027523
326773.411807,2747366.126422,0.946798752522473,0,0,0,0,0.0532012474775271
327273.411807,2747366.126422,0.924175824175824,0,0,0,0,0.0758241758241758
327773.411807,2747366.126422,0.54,0.0326605504587156,0,0.055045871559633,0.093394495412844,0.278899082568807
328273.411807,2747366.126422,0.246376811594203,0.102549990827371,0,0.219776187855439,0.217391304347826,0.213905705375161
328773.411807,2747366.126422,0.116666666666667,0.282600732600733,0,0.192124542124542,0.135714285714286,0.272893772893773
329273.411807,2747366.126422,0.0888073394495413,0.440550458715596,0.00201834862385321,0.0579816513761468,0.0913761467889908,0.319266055045872
329773.411807,2747366.126422,0.0638414969730325,0.564300128416804,0.00715465052283985,0.0838378279214823,0.0596220876903321,0.221243808475509
330273.411807,2747366.126422,0.0412087912087912,0.772710622710623,0,0.0276556776556777,0.0446886446886447,0.113736263736264
330773.411807,2747366.126422,0.0469724770642202,0.73651376146789,0.0390825688073395,0.0253211009174312,0.0300917431192661,0.122018348623853
331273.411807,2747366.126422,0.078884608328747,0.486699688130618,0.0939277196844616,0.100898917629793,0.0513667217024399,0.188222344523941
331773.411807,2747366.126422,0.0391941391941392,0.14010989010989,0.460805860805861,0.182234432234432,0.0395604395604396,0.138095238095238
332273.411807,2747366.126422,0.0161467889908257,0.134678899082569,0.41743119266055,0.340917431192661,0.041651376146789,0.0491743119266055
332773.411807,2747366.126422,0.0113740598055403,0.085305448541552,0.433865345808109,0.308750687947166,0.0234819299211154,0.137222527976518
333273.411807,2747366.126422,0.171062271062271,0.104395604395604,0.244322344322344,0.238095238095238,0.0399267399267399,0.202197802197802
326273.411807,2746866.126422,0.517216117216117,0.0111721611721612,0,0.00311355311355311,0.0478021978021978,0.420695970695971
326773.411807,2746866.126422,0.591391941391941,0.0146520146520147,0,0.00824175824175824,0.0278388278388278,0.357875457875458
327273.411807,2746866.126422,0.484231756508984,0.0410707737440411,0,0.128529519618629,0.173450678401173,0.172717271727173
327773.411807,2746866.126422,0.172710622710623,0.0503663003663004,0,0.396153846153846,0.248901098901099,0.131868131868132
328273.411807,2746866.126422,0.0653846153846154,0.103846153846154,0,0.52014652014652,0.189010989010989,0.121611721611722
328773.411807,2746866.126422,0.0337367070040337,0.63036303630363,0,0.0192519251925193,0.0328199486615328,0.283828382838284
329273.411807,2746866.126422,0.0391941391941392,0.730586080586081,0.000549450549450549,0.0203296703296703,0.0247252747252747,0.184615384615385
329773.411807,2746866.126422,0.056959706959707,0.172344322344322,0.000549450549450549,0.0357142857142857,0.056959706959707,0.677472527472528
330273.411807,2746866.126422,0.0416208287495416,0.394389438943894,0.0352035203520352,0.0128346167950128,0.0119178584525119,0.504033736707004
330773.411807,2746866.126422,0.0498168498168498,0.347985347985348,0.200732600732601,0.0512820512820513,0.032051282051282,0.318131868131868
331273.411807,2746866.126422,0.0271062271062271,0.1503663003663,0.529120879120879,0.152564102564103,0.0313186813186813,0.10952380952381
331773.411807,2746866.126422,0.00843417675100843,0.145397873120645,0.59020902090209,0.111111111111111,0.0201686835350202,0.124679134580125
332273.411807,2746866.126422,0.00989010989010989,0.149267399267399,0.518498168498169,0.22014652014652,0.0452380952380952,0.056959706959707
332773.411807,2746866.126422,0.0421245421245421,0.141208791208791,0.281135531135531,0.203296703296703,0.0468864468864469,0.285347985347985
326273.411807,2746366.126422,0.411451642503212,0.0965314736648926,0,0.00146815929528354,0.0666177280234905,0.423930996513122
326773.411807,2746366.126422,0.291582615074271,0.0827067669172932,0,0.00458463231248854,0.0293416467999266,0.591784338896021
327273.411807,2746366.126422,0.379879054425509,0.0623052959501558,0,0.113615539673813,0.123144584936778,0.321055525013744
327773.411807,2746366.126422,0.139842172875757,0.0387227014131033,0.000550559735731327,0.390713892457332,0.267572031565425,0.162598641952652
328273.411807,2746366.126422,0.0726205758298184,0.342013570511645,0,0.0764716669723088,0.0997615991197506,0.409132587566477
328773.411807,2746366.126422,0.0954737035000916,0.676562213670515,0,0.0390324354040682,0.0318856514568444,0.157045995968481
329273.411807,2746366.126422,0.0513855753349238,0.554230133969536,0.0012846393833731,0.138924573316205,0.0541383740135805,0.200036703982382
329773.411807,2746366.126422,0.0249403997799376,0.258023106546855,0.21217678342197,0.152393178067119,0.0322758114799193,0.3201907207042
330273.411807,2746366.126422,0.00659703133589885,0.0733003481766538,0.662451896646509,0.124244090159428,0.0328019058090526,0.100604727872457
330773.411807,2746366.126422,0.0194531106625069,0.174710956138741,0.359515507432556,0.155624885300055,0.0710222059093412,0.219673334556799
331273.411807,2746366.126422,0.0161379057399597,0.142306986979644,0.43205574912892,0.152576563359619,0.0418118466898955,0.215110948101962
331773.411807,2746366.126422,0.0199743448781382,0.17372182517867,0.446582371266263,0.0754993586219534,0.0346344145134689,0.249587685541506
332273.411807,2746366.126422,0.019086070838686,0.169755918517159,0.442650027527987,0.147733529087906,0.0576252523398789,0.163149201688383
332773.411807,2746366.126422,0.0753713552173116,0.159361819182102,0.152943333944618,0.163763066202091,0.0594168347698515,0.389143590684027
326273.411807,2745866.126422,0.0814678899082569,0.416697247706422,0,0.00311926605504587,0.109724770642202,0.388990825688073
326773.411807,2745866.126422,0.0596220876903321,0.647220693450743,0,0.00183452577508714,0.0374243258117777,0.25389836727206
327273.411807,2745866.126422,0.129304029304029,0.198717948717949,0,0.00622710622710623,0.0413919413919414,0.624358974358974
327773.411807,2745866.126422,0.0770642201834862,0.0891743119266055,0,0.439633027522936,0.159082568807339,0.235045871559633
328273.411807,2745866.126422,0.0570537516052101,0.715281599706476,0,0.0359567051917079,0.0350394423041644,0.156668501192442
328773.411807,2745866.126422,0.0705128205128205,0.674358974358974,0,0.0324175824175824,0.0564102564102564,0.166300366300366
329273.411807,2745866.126422,0.0385321100917431,0.854128440366972,0.00110091743119266,0.0398165137614679,0.00385321100917431,0.0625688073394495
329773.411807,2745866.126422,0.0144927536231884,0.36525408181985,0.220693450742983,0.072463768115942,0.0159603742432581,0.311135571454779
330273.411807,2745866.126422,0.0532967032967033,0.213369963369963,0.299084249084249,0.143956043956044,0.0639194139194139,0.226373626373626
330773.411807,2745866.126422,0.0306422018348624,0.260366972477064,0.333394495412844,0.0954128440366973,0.0460550458715596,0.234128440366972
331273.411807,2745866.126422,0.0537516052100532,0.181618051733627,0.328563566318107,0.20968629609246,0.064758759860576,0.161621720785177
331773.411807,2745866.126422,0.0285714285714286,0.192673992673993,0.265384615384615,0.186080586080586,0.0789377289377289,0.248351648351648
332273.411807,2745866.126422,0.0904587155963303,0.16697247706422,0.20348623853211,0.159082568807339,0.0324770642201835,0.347522935779817
332773.411807,2745866.126422,0.151348376444689,0.20253164556962,0.090442120711796,0.137405980554027,0.0697119794533113,0.348559897266557
326273.411807,2745366.126422,0.101282051282051,0.212271062271062,0,0.0205128205128205,0.201098901098901,0.464835164835165
326773.411807,2745366.126422,0.0791208791208791,0.525274725274725,0,0.0164835164835165,0.103113553113553,0.276007326007326
327273.411807,2745366.126422,0.0462046204620462,0.625962596259626,0.000183351668500183,0.0663733039970664,0.0636230289695636,0.197653098643198
327773.411807,2745366.126422,0.217216117216117,0.166483516483516,0,0.0736263736263736,0.0778388278388278,0.464835164835165
328273.411807,2745366.126422,0.0895604395604396,0.561172161172161,0,0.0604395604395604,0.0961538461538462,0.192673992673993
328773.411807,2745366.126422,0.0704070407040704,0.825632563256326,0.00183351668500183,0.0212687935460213,0.0161349468280161,0.0647231389805647
329273.411807,2745366.126422,0.0172161172161172,0.925274725274725,0,0.00695970695970696,0.00750915750915751,0.043040293040293
329773.411807,2745366.126422,0.0338827838827839,0.858424908424908,0,0.0146520146520147,0.0205128205128205,0.0725274725274725
330273.411807,2745366.126422,0.0227356068940227,0.853502016868353,0.00806747341400807,0.0243857719105244,0.00971763843050972,0.0815914924825816
330773.411807,2745366.126422,0.0659340659340659,0.318681318681319,0.261355311355311,0.0886446886446886,0.0415750915750916,0.223809523809524
331273.411807,2745366.126422,0.0195970695970696,0.734432234432234,0.0771062271062271,0.0358974358974359,0.00421245421245421,0.128754578754579
331773.411807,2745366.126422,0.0412541254125413,0.414191419141914,0.271177117711771,0.0845251191785845,0.013017968463513,0.175834250091676
332273.411807,2745366.126422,0.0415750915750916,0.546520146520146,0.147252747252747,0.0326007326007326,0.0153846153846154,0.216666666666667
332773.411807,2745366.126422,0.232967032967033,0.144871794871795,0.0868131868131868,0.184615384615385,0.0554945054945055,0.295238095238095
326273.411807,2744866.126422,0.664525601027712,0.0453294182418792,0,0.000917599559552211,0.012846393833731,0.276380987337126
326773.411807,2744866.126422,0.0687694846873281,0.410232899321474,0,0.0172382174949569,0.103796075554741,0.3999633229415
327273.411807,2744866.126422,0.0621220450797141,0.471137987905443,0,0.0872274143302181,0.0943741982774418,0.285138354407183
327773.411807,2744866.126422,0.0972655533125344,0.562672049917416,0,0.0565241328684162,0.0519361350706552,0.231602128830978
328273.411807,2744866.126422,0.0386942967174033,0.781771501925546,0,0.0238400880249404,0.0238400880249404,0.13185402530717
328773.411807,2744866.126422,0.0769653655854865,0.529411764705882,0.00164925783397471,0.083745647791827,0.0914421843503757,0.216785779732454
329273.411807,2744866.126422,0.0218388695173426,0.708570379886218,0.0587263718113415,0.0631308496971921,0.0513855753349238,0.0963479537529822
329773.411807,2744866.126422,0.0667522464698331,0.49990830735375,0.0984779020722538,0.0931597285897671,0.0905923344947735,0.151109481019622
330273.411807,2744866.126422,0.0870441634597764,0.556716144401686,0.110866776617189,0.05717427157779,0.0322521531977277,0.155946490745831
330773.411807,2744866.126422,0.0488162965681776,0.777940906588365,0.0836850798311617,0.00917599559552211,0.00293631859056708,0.0774454028262066
331273.411807,2744866.126422,0.0302585732624244,0.868879515862828,0.00935264991747662,0.0104529616724739,0.00348432055749129,0.0775719787273061
331773.411807,2744866.126422,0.0194245922668133,0.872090892431739,0.00439802089059923,0.026571376214037,0.0179585853032802,0.0595565328935312
332273.411807,2744866.126422,0.0181684712791338,0.621765461552579,0.0594604514589833,0.0590934116351624,0.0420260598274913,0.199486144246651
332773.411807,2744866.126422,0.245736291949386,0.0920594168347699,0.0869246286447827,0.225930680359435,0.0456629378323858,0.303686044379241
326273.411807,2744366.126422,0.704770642201835,0.142201834862385,0,0.00311926605504587,0.0222018348623853,0.127706422018349
326773.411807,2744366.126422,0.0297193175564117,0.738580077050083,0,0.0108237020730141,0.0137589433131535,0.207117960007338
327273.411807,2744366.126422,0.0474358974358974,0.546520146520146,0,0.0655677655677656,0.0648351648351648,0.275641025641026
327773.411807,2744366.126422,0.031743119266055,0.615596330275229,0.0220183486238532,0.011743119266055,0.018348623853211,0.300550458715596
328273.411807,2744366.126422,0.0410933773619519,0.579343239772519,0.0550357732526142,0.108603925885159,0.0451293340671436,0.170794349660613
328773.411807,2744366.126422,0.0347985347985348,0.611355311355311,0.0987179487179487,0.0554945054945055,0.0276556776556777,0.171978021978022
329273.411807,2744366.126422,0.0179816513761468,0.834311926605505,0.0132110091743119,0.0625688073394495,0.0108256880733945,0.0611009174311927
329773.411807,2744366.126422,0.0159603742432581,0.868281049348743,0,0.0284351495138507,0.0209135938359934,0.0664098330581545
330273.411807,2744366.126422,0.00164835164835165,0.957326007326007,0,0.00128205128205128,0.00622710622710623,0.0335164835164835
330773.411807,2744366.126422,0.0188990825688073,0.817064220183486,0.041651376146789,0.0172477064220183,0.0128440366972477,0.0922935779816514
331273.411807,2744366.126422,0.0262337185837461,0.805173362685746,0.0313703907539901,0.0354063474591818,0.015410016510732,0.0864061640066043
331773.411807,2744366.126422,0.0536630036630037,0.492490842490843,0.0587912087912088,0.0796703296703297,0.0467032967032967,0.268681318681319
332273.411807,2744366.126422,0.0273394495412844,0.22697247706422,0.225504587155963,0.155412844036697,0.0614678899082569,0.303302752293578
332773.411807,2744366.126422,0.0812694918363603,0.0915428361768483,0.112272977435333,0.359383599339571,0.0607228031553843,0.294808292056503
326273.411807,2743866.126422,0.0952380952380952,0.57967032967033,0,0.0148351648351648,0.0948717948717949,0.215384615384615
326773.411807,2743866.126422,0.06996336996337,0.653663003663004,0,0.0166666666666667,0.0652014652014652,0.194505494505495
327273.411807,2743866.126422,0.0452878621195453,0.500366703337,0,0.149064906490649,0.0984598459845985,0.206820682068207
327773.411807,2743866.126422,0.0476190476190476,0.79047619047619,0,0.0307692307692308,0.0498168498168498,0.0813186813186813
328273.411807,2743866.126422,0.0102564102564103,0.967765567765568,0,0.00347985347985348,0.000915750915750916,0.0175824175824176
328773.411807,2743866.126422,0.0396039603960396,0.854968830216355,0.00495049504950495,0.0295196186285295,0.0135680234690136,0.0573890722405574
329273.411807,2743866.126422,0.0653846153846154,0.772161172161172,0.00421245421245421,0.0591575091575092,0.0217948717948718,0.0772893772893773
329773.411807,2743866.126422,0.0617216117216117,0.856593406593407,0,0.00641025641025641,0.0141025641025641,0.0611721611721612
330273.411807,2743866.126422,0.0531719838650532,0.84030069673634,0,0.0119178584525119,0.0221855518885222,0.0724239090575724
330773.411807,2743866.126422,0.0208791208791209,0.918681318681319,0,0.00714285714285714,0.0102564102564103,0.043040293040293
331273.411807,2743866.126422,0.0137362637362637,0.902747252747253,0.0119047619047619,0.00952380952380952,0.00769230769230769,0.0543956043956044
331773.411807,2743866.126422,0.0416208287495416,0.553538687202054,0.0484048404840484,0.0498716538320499,0.0234690135680235,0.283094976164283
332273.411807,2743866.126422,0.0307692307692308,0.176373626373626,0.173443223443223,0.163736263736264,0.0668498168498168,0.388827838827839
332773.411807,2743866.126422,0.0435897435897436,0.0672161172161172,0.166666666666667,0.335531135531136,0.0690476190476191,0.317948717948718
326273.411807,2743366.126422,0.26977427050835,0.591668195999266,0,0.00458799779776106,0.0176179115434025,0.11635162415122
326773.411807,2743366.126422,0.0432789290298918,0.754447093343114,0,0.0161379057399597,0.033192737942417,0.152943333944618
327273.411807,2743366.126422,0.0729338464357706,0.570276708814367,0,0.0502107385010079,0.0613890415979476,0.245189664650907
327773.411807,2743366.126422,0.00330335841438796,0.959258579555882,0,0.000734079647641769,0,0.0367039823820885
328273.411807,2743366.126422,0.0170548322024574,0.968641114982578,0,0.00385109114249037,0.00311754997249221,0.00733541169998166
328773.411807,2743366.126422,0.0562580172255818,0.816565878687924,0.00678028220634048,0.0300531427524281,0.0262048744731537,0.0641378046545721
329273.411807,2743366.126422,0.0629473297852817,0.803450174343916,0.0012846393833731,0.047715177096715,0.0238575885483575,0.0607450908423564
329773.411807,2743366.126422,0.0915092609572712,0.714652484870713,0,0.026407482119934,0.0370438290849074,0.130386942967174
330273.411807,2743366.126422,0.07623236210372,0.732270478284772,0,0.0357339197361187,0.0355506688656771,0.120212571009712
330773.411807,2743366.126422,0.017434391631492,0.939071389245733,0,0.00715727656450725,0.00311983850247752,0.0332171040557901
331273.411807,2743366.126422,0.0447460113698881,0.890152209792775,0,0.0124701998899688,0.00586832935998533,0.0467632495873831
331773.411807,2743366.126422,0.047645226314825,0.324903793293018,0.165475536008796,0.158695253802456,0.0536925050393989,0.249587685541506
332273.411807,2743366.126422,0.0677188474949532,0.135070655166086,0.257661956322261,0.159295283538264,0.0629473297852817,0.317305927693155
332773.411807,2743366.126422,0.0229231615624427,0.0689528699798276,0.327342747111682,0.267742527049331,0.0115532734274711,0.301485420869246
326273.411807,2742866.126422,0.0440366972477064,0.816330275229358,0,0.0036697247706422,0.0361467889908257,0.0998165137614679
326773.411807,2742866.126422,0.030820033021464,0.865712713263621,0,0.0176114474408365,0.0188956154833975,0.0669601907906806
327273.411807,2742866.126422,0.0518315018315018,0.741941391941392,0,0.0465201465201465,0.045970695970696,0.113736263736264
327773.411807,2742866.126422,0.0451376146788991,0.826238532110092,0,0.0137614678899083,0.0220183486238532,0.0928440366972477
328273.411807,2742866.126422,0.0445789763346175,0.837644468904788,0,0.0155934690882407,0.0170610897083104,0.0851219959640433
328773.411807,2742866.126422,0.0432234432234432,0.830586080586081,0.00934065934065934,0.0401098901098901,0.0108058608058608,0.0659340659340659
329273.411807,2742866.126422,0.0568807339449541,0.766238532110092,0,0.0565137614678899,0.0504587155963303,0.0699082568807339
329773.411807,2742866.126422,0.0286186020913594,0.922216107136305,0,0.00935608145294441,0.0130251330031187,0.0267840763162722
330273.411807,2742866.126422,0.0578754578754579,0.837179487179487,0,0.0368131868131868,0.0117216117216117,0.0564102564102564
330773.411807,2742866.126422,0.0135779816513761,0.913761467889908,0,0.00917431192660551,0.00862385321100917,0.0548623853211009
331273.411807,2742866.126422,0.0581544670702623,0.816180517336269,0,0.0225646670335718,0.024399192808659,0.0787011557512383
331773.411807,2742866.126422,0.0708791208791209,0.726373626373626,0.019047619047619,0.0294871794871795,0.0335164835164835,0.120695970695971
332273.411807,2742866.126422,0.0313761467889908,0.382201834862385,0.101284403669725,0.123853211009174,0.0625688073394495,0.298715596330275
326273.411807,2742366.126422,0.0238095238095238,0.822161172161172,0,0.0322344322344322,0.0318681318681319,0.0899267399267399
326773.411807,2742366.126422,0.122527472527473,0.162454212454212,0,0.273809523809524,0.219230769230769,0.221978021978022
327273.411807,2742366.126422,0.0614228089475614,0.656215621562156,0,0.0597726439310598,0.0696736340300697,0.152915291529153
327773.411807,2742366.126422,0.0562271062271062,0.8,0,0.0228937728937729,0.0217948717948718,0.0990842490842491
328273.411807,2742366.126422,0.0415750915750916,0.886263736263736,0,0.00567765567765568,0.0124542124542125,0.054029304029304
328773.411807,2742366.126422,0.0374037403740374,0.818298496516318,0.00531719838650532,0.0608727539420609,0.0181518151815182,0.05995599559956
329273.411807,2742366.126422,0.071978021978022,0.784798534798535,0,0.019047619047619,0.0283882783882784,0.0957875457875458
329773.411807,2742366.126422,0.0250915750915751,0.913553113553114,0,0.00586080586080586,0.00457875457875458,0.0509157509157509
330273.411807,2742366.126422,0.0478547854785479,0.82984965163183,0,0.0115511551155116,0.0111844517785112,0.0995599559955996
330773.411807,2742366.126422,0.0346153846153846,0.828937728937729,0.0179487179487179,0.0181318681318681,0.0141025641025641,0.0862637362637363
331273.411807,2742366.126422,0.0102564102564103,0.920879120879121,0.000366300366300366,0.00384615384615385,0.00128205128205128,0.0633699633699634
331773.411807,2742366.126422,0.0251191785845251,0.897689768976898,0.00715071507150715,0.0104510451045105,0.00806747341400807,0.0515218188485515
332273.411807,2742366.126422,0.0391941391941392,0.312271062271062,0.117032967032967,0.131318681318681,0.0564102564102564,0.343772893772894
326273.411807,2741866.126422,0.0502844558634612,0.796109377867499,0,0.0161497522481189,0.0240411084602679,0.113415305560653
326773.411807,2741866.126422,0.0814230698697964,0.523748395378691,0,0.176783421969558,0.0808729139922978,0.137172198789657
327273.411807,2741866.126422,0.0474619754443834,0.715044896463258,0,0.0602895363752978,0.0447132123877588,0.132490379329302
327773.411807,2741866.126422,0.0480822169205359,0.810240411084603,0,0.0155991925123876,0.0367039823820885,0.0893741971003854
328273.411807,2741866.126422,0.0491472583898771,0.866312121767834,0,0.0126535851824684,0.00935264991747662,0.0625343847423437
328773.411807,2741866.126422,0.0447132123877588,0.711379879054425,0.00696353307678211,0.107934762690123,0.0414146967198094,0.0875939160711013
329273.411807,2741866.126422,0.0361534226463571,0.820150486327767,0,0.0390897412369242,0.0311983850247752,0.0734079647641769
329773.411807,2741866.126422,0.0368604437924078,0.876765083440308,0,0.00623509994498441,0.0130203557674674,0.0671190170548322
330273.411807,2741866.126422,0.0507604911123328,0.871907641561297,0,0.0188748396554884,0.0175920835623969,0.0408649441084845
330773.411807,2741866.126422,0.00568911726922371,0.976876491099284,0,0.00972655533125344,0.00201871903101487,0.00568911726922371
331273.411807,2741866.126422,0.0119200440124702,0.973959288465065,0,0.00330093526499175,0.00183385292499542,0.00898587933247754
331773.411807,2741866.126422,0.0357339197361187,0.875022906358805,0,0.0218068535825545,0.011544804837823,0.0558915154846986
332273.411807,2741866.126422,0.0761607634428336,0.387410534042944,0.0264268673151037,0.129014498073041,0.0616626904019086,0.31932464672417
326273.411807,2741366.126422,0.04,0.857981651376147,0,0.0196330275229358,0.0163302752293578,0.0660550458715596
326773.411807,2741366.126422,0.0568702990277013,0.576407998532379,0,0.16969363419556,0.0842047330764997,0.112823335167859
327273.411807,2741366.126422,0.0172161172161172,0.900732600732601,0,0.00421245421245421,0.010989010989011,0.0668498168498168
327773.411807,2741366.126422,0.0544954128440367,0.811926605504587,0,0.00422018348623853,0.0152293577981651,0.114128440366972
328273.411807,2741366.126422,0.0519170794349661,0.782425243074665,0,0.0267840763162722,0.0229315721885892,0.115942028985507
328773.411807,2741366.126422,0.0289377289377289,0.700732600732601,0.00274725274725275,0.135164835164835,0.0525641025641026,0.0798534798534798
329273.411807,2741366.126422,0.0741284403669725,0.681834862385321,0,0.0469724770642202,0.0587155963302752,0.138348623853211
329773.411807,2741366.126422,0.0768666299761512,0.626490552192258,0,0.103100348559897,0.0618235186204366,0.131718950651257
330273.411807,2741366.126422,0.0512820512820513,0.900549450549451,0,0.0111721611721612,0.00952380952380952,0.0274725274725275
330773.411807,2741366.126422,0.0211009174311927,0.953211009174312,0,0.0018348623853211,0.00201834862385321,0.0218348623853211
331273.411807,2741366.126422,0.0555861309851403,0.819666116308934,0,0.0260502660062374,0.021830856723537,0.0768666299761512
331773.411807,2741366.126422,0.0362637362637363,0.838095238095238,0,0.0316849816849817,0.0175824175824176,0.0763736263736264
332273.411807,2741366.126422,0.0653211009174312,0.421651376146789,0.0456880733944954,0.073394495412844,0.0680733944954128,0.325871559633027
326273.411807,2740866.126422,0.0551282051282051,0.728205128205128,0,0.0793040293040293,0.0445054945054945,0.0928571428571429
326773.411807,2740866.126422,0.0708791208791209,0.401831501831502,0,0.331135531135531,0.0804029304029304,0.115750915750916
327273.411807,2740866.126422,0.0520718738540521,0.768976897689769,0,0.0704070407040704,0.0308030803080308,0.0777411074440777
