"x","y","forest","agri","water","built","other","grass"
173773.411807,2627366.126422,0.0697814317224784,0.111088830960497,0.049127732103469,0.531782634850612,0.141367555644676,0.0968518147182675
174273.411807,2627366.126422,0.127980922098569,0.0655802861685215,0.0490858505564388,0.480325914149444,0.17845786963434,0.0985691573926868
174773.411807,2627366.126422,0.129032258064516,0.230983671843887,0.0159299084030267,0.356829948227798,0.129430505774592,0.137793707686181
175273.411807,2627366.126422,0.0658837579617834,0.667595541401274,0.0330414012738853,0.0352308917197452,0.027468152866242,0.17078025477707
175773.411807,2627366.126422,0.0985691573926868,0.754372019077901,0,0.00854531001589825,0.0337837837837838,0.10472972972973
176273.411807,2627366.126422,0.0452011150935882,0.720828355236957,0,0.00219036240541617,0.02389486260454,0.207885304659498
176773.411807,2627366.126422,0.0167197452229299,0.621815286624204,0,0.00417993630573248,0.0772292993630573,0.280055732484076
177273.411807,2627366.126422,0.0490858505564388,0.54570747217806,0.00258346581875994,0.0371621621621622,0.105127186009539,0.26033386327504
177773.411807,2627366.126422,0.0254878534448427,0.648745519713262,0.00199123855037834,0.0457984866587017,0.0818399044205496,0.196136997212266
178273.411807,2627366.126422,0.0382165605095541,0.519705414012739,0.00457802547770701,0.0973328025477707,0.149482484076433,0.190684713375796
178773.411807,2627366.126422,0.0474960254372019,0.769872813990461,0,0.00178855325914149,0.0421303656597774,0.138712241653418
179273.411807,2627366.126422,0.0292712066905615,0.756272401433692,0,0.00258861011549184,0.0260852250099562,0.185782556750299
179773.411807,2627366.126422,0.0851910828025478,0.661027070063694,0,0.00756369426751592,0.0276671974522293,0.218550955414013
180273.411807,2627366.126422,0.235294117647059,0.498211446740858,0,0.00337837837837838,0.0242448330683625,0.238871224165342
180773.411807,2627366.126422,0.0806451612903226,0.654121863799283,0,0.00378335324571884,0.0314615690959777,0.229988052568698
181273.411807,2627366.126422,0.16421178343949,0.534434713375796,0.000398089171974522,0.00696656050955414,0.0469745222929936,0.247014331210191
181773.411807,2627366.126422,0.108704292527822,0.53577106518283,0.000596184419713831,0.0321939586645469,0.119236883942766,0.203497615262321
182273.411807,2627366.126422,0.0388291517323775,0.888291517323775,0.000597371565113501,0.00796495420151334,0.00657108721624851,0.0577459179609717
182773.411807,2627366.126422,0.0352308917197452,0.828622611464968,0,0.000597133757961783,0.00875796178343949,0.126791401273885
183273.411807,2627366.126422,0.045906200317965,0.707273449920509,0,0.00556438791732909,0.0170906200317965,0.224165341812401
183773.411807,2627366.126422,0.0446037435284747,0.637594583831143,0,0.0181202708084429,0.0531660692951016,0.246515332536838
184273.411807,2627366.126422,0.066281847133758,0.632563694267516,0.000995222929936306,0.0497611464968153,0.0794187898089172,0.170979299363057
184773.411807,2627366.126422,0.0496820349761526,0.709856915739269,0,0.00596184419713832,0.0327901430842607,0.20170906200318
185273.411807,2627366.126422,0.0193150139386699,0.715850258861012,0.000597371565113501,0.00438072481083234,0.0225009956192752,0.237355635205098
185773.411807,2627366.126422,0.0455812101910828,0.685509554140127,0.00378184713375796,0.0151273885350318,0.0772292993630573,0.172770700636943
173773.411807,2626866.126422,0.110250737463127,0.349926253687316,0.00940265486725664,0.0864675516224189,0.0962389380530973,0.347713864306785
174273.411807,2626866.126422,0.118811881188119,0.157682434910158,0.0339200586725339,0.391822515584892,0.1996699669967,0.0980931426475981
174773.411807,2626866.126422,0.0686813186813187,0.4503663003663,0.0333333333333333,0.0963369963369963,0.0624542124542125,0.288827838827839
175273.411807,2626866.126422,0.0586080586080586,0.619413919413919,0.00769230769230769,0.010989010989011,0.030952380952381,0.272344322344322
175773.411807,2626866.126422,0.0641730839750642,0.495232856618995,0,0.00366703337000367,0.0278694536120279,0.409057572423909
176273.411807,2626866.126422,0.0532967032967033,0.706593406593407,0.000549450549450549,0.00402930402930403,0.0205128205128205,0.215018315018315
176773.411807,2626866.126422,0.00915750915750916,0.780769230769231,0,0,0.032051282051282,0.178021978021978
177273.411807,2626866.126422,0.0286028602860286,0.736707004033737,0,0.0117345067840117,0.0196186285295196,0.203337000366703
177773.411807,2626866.126422,0.00934065934065934,0.833699633699634,0.000732600732600733,0.000915750915750916,0.0201465201465201,0.135164835164835
178273.411807,2626866.126422,0.0307692307692308,0.712637362637363,0.000183150183150183,0.00347985347985348,0.0421245421245421,0.210805860805861
178773.411807,2626866.126422,0.0297029702970297,0.782178217821782,0,0.00128346167950128,0.0128346167950128,0.174000733406674
179273.411807,2626866.126422,0.171794871794872,0.614285714285714,0,0.000549450549450549,0.0153846153846154,0.197985347985348
179773.411807,2626866.126422,0.190842490842491,0.426556776556777,0.000366300366300366,0.00567765567765568,0.0443223443223443,0.332234432234432
180273.411807,2626866.126422,0.123579024569124,0.570590392372571,0,0.00146681334800147,0.0139347268060139,0.29042904290429
180773.411807,2626866.126422,0.0708791208791209,0.718315018315018,0,0.00366300366300366,0.0296703296703297,0.177472527472527
181273.411807,2626866.126422,0.0793040293040293,0.569230769230769,0,0.00494505494505494,0.047985347985348,0.298534798534799
181773.411807,2626866.126422,0.184451778511184,0.482764943160983,0,0.00146681334800147,0.0372203887055372,0.294096076274294
182273.411807,2626866.126422,0.0364468864468864,0.746520146520147,0,0.000183150183150183,0.00146520146520147,0.215384615384615
182773.411807,2626866.126422,0.032967032967033,0.738095238095238,0,0.00402930402930403,0.0265567765567766,0.198351648351648
183273.411807,2626866.126422,0.0773744041070774,0.712504583791713,0.000366703337000367,0.00825082508250825,0.0337367070040337,0.167766776677668
183773.411807,2626866.126422,0.115567765567766,0.516849816849817,0.00256410256410256,0.0258241758241758,0.0364468864468864,0.302747252747253
184273.411807,2626866.126422,0.147619047619048,0.547435897435897,0,0.00164835164835165,0.0243589743589744,0.278937728937729
184773.411807,2626866.126422,0.0779244591125779,0.679317931793179,0,0.00366703337000367,0.0238357169050238,0.215254858819215
185273.411807,2626866.126422,0.158058608058608,0.481684981684982,0.00183150183150183,0.0155677655677656,0.0591575091575092,0.283699633699634
185773.411807,2626866.126422,0.136630036630037,0.463186813186813,0,0.021978021978022,0.0754578754578755,0.302747252747253
173773.411807,2626366.126422,0.147710487444609,0.516432791728213,0.00147710487444609,0.0158788774002954,0.0760709010339734,0.242429837518464
174273.411807,2626366.126422,0.150632215503024,0.253252702950339,0.0258383727322705,0.10426974528129,0.05717427157779,0.408832691955287
174773.411807,2626366.126422,0.102404110846027,0.239493485043127,0.0238575885483575,0.0433106992108644,0.0530372545421178,0.537896861809506
175273.411807,2626366.126422,0.122868145974693,0.431688978543921,0,0.0460297084173849,0.109481019622226,0.289932147441775
175773.411807,2626366.126422,0.107385010078798,0.622869708631116,0,0.0269378779549203,0.0155763239875389,0.227231079347627
176273.411807,2626366.126422,0.162598641952652,0.505230317489448,0,0.00165167920719398,0.0216553496054322,0.308864011745274
176773.411807,2626366.126422,0.170364936732074,0.433706216761416,0,0.00733541169998166,0.0348432055749129,0.353750229231616
177273.411807,2626366.126422,0.10536925050394,0.32178852849551,0.00146600696353308,0.00366501740883269,0.0258383727322705,0.541872823895914
177773.411807,2626366.126422,0.219306294732979,0.291980179849514,0.000550559735731327,0.0143145531290145,0.0594604514589833,0.414387961093779
178273.411807,2626366.126422,0.118100128369705,0.503025857326242,0.00201723821749496,0.00843572345497891,0.0346598202824134,0.333761232349166
178773.411807,2626366.126422,0.235110866776617,0.332417078981125,0,0.0907091808686091,0.0701850833791461,0.271577789994502
179273.411807,2626366.126422,0.110478986970086,0.579188841989356,0.00110111947146265,0.0578087722517893,0.047715177096715,0.203707102220591
179773.411807,2626366.126422,0.0966440491472584,0.229048230331927,0,0.000916926462497708,0.00843572345497891,0.664955070603338
180273.411807,2626366.126422,0.042147700201576,0.312076232362104,0,0.00109950522264981,0.00842954004031519,0.636247022173355
180773.411807,2626366.126422,0.0161497522481189,0.386125894659571,0,0.00238575885483575,0.0154156726004772,0.579922921636998
181273.411807,2626366.126422,0.0188886851274528,0.498991380891253,0,0.0022006235099945,0.0229231615624427,0.456996148908858
181773.411807,2626366.126422,0.0223566061938794,0.692321788528495,0,0.0141103170240059,0.0520432472054242,0.219168041048195
182273.411807,2626366.126422,0.106441548908057,0.582859240227565,0,0.00293631859056708,0.0359699027344467,0.271792989539365
182773.411807,2626366.126422,0.140656519347148,0.464514945901339,0,0.00385109114249037,0.0330093526499175,0.357968090959105
183273.411807,2626366.126422,0.127909107568261,0.475169507055159,0.000183250870441635,0.0315191497159611,0.0553417628733736,0.309877221916804
183773.411807,2626366.126422,0.0829510001835199,0.649476968251055,0.000550559735731327,0.0108276748027161,0.0368875022939989,0.219306294732979
184273.411807,2626366.126422,0.0203557674674491,0.700348432055749,0.000550155877498625,0.0286081056299285,0.0430955437373923,0.207041995231982
184773.411807,2626366.126422,0.0164925783397471,0.743815283122595,0.000183250870441635,0.0199743448781382,0.0287703866593366,0.190764156129742
185273.411807,2626366.126422,0.00807487612405946,0.662139842172876,0,0.0201871903101487,0.0642319691686548,0.245366122224261
185773.411807,2626366.126422,0.0242068586099395,0.499174766183752,0.000183385292499542,0.0223730056849441,0.0801393728222996,0.373922611406565
173773.411807,2625866.126422,0.114702622829701,0.317325452530477,0.0212412264499446,0.0543036571850757,0.0724048762467676,0.420022164758035
174273.411807,2625866.126422,0.125091575091575,0.334615384615385,0.00659340659340659,0.0384615384615385,0.0628205128205128,0.432417582417582
174773.411807,2625866.126422,0.12605504587156,0.437064220183486,0.0324770642201835,0.00697247706422018,0.0541284403669725,0.343302752293578
175273.411807,2625866.126422,0.154650522839846,0.418088424142359,0.00183452577508714,0.0199963309484498,0.0766831773986425,0.328747018895615
175773.411807,2625866.126422,0.20952380952381,0.381684981684982,0,0.00531135531135531,0.0249084249084249,0.378571428571429
176273.411807,2625866.126422,0.242752293577982,0.310091743119266,0,0.00201834862385321,0.0170642201834862,0.428073394495413
176773.411807,2625866.126422,0.239405613648872,0.124197394973399,0,0.00091726288754357,0.00476976701522656,0.630709961474959
177273.411807,2625866.126422,0.0417582417582418,0.658058608058608,0,0,0,0.30018315018315
177773.411807,2625866.126422,0.00422018348623853,0.824220183486238,0,0,0.00880733944954129,0.162752293577982
178273.411807,2625866.126422,0.24105668684645,0.627958172812328,0,0,0.00330214639515685,0.127682993946065
178773.411807,2625866.126422,0.0915750915750916,0.582417582417582,0,0.0932234432234432,0.0032967032967033,0.229487179487179
179273.411807,2625866.126422,0.08,0.560733944954128,0,0.058348623853211,0.00990825688073394,0.291009174311927
179773.411807,2625866.126422,0.157585764079985,0.150614566134654,0,0,0.00458631443771785,0.687213355347643
180273.411807,2625866.126422,0.0509157509157509,0.532600732600733,0,0,0.00860805860805861,0.407875457875458
180773.411807,2625866.126422,0.0788990825688073,0.271743119266055,0,0.0018348623853211,0.00807339449541284,0.639449541284404
181273.411807,2625866.126422,0.00440286186020914,0.682810493487434,0,0.00330214639515685,0.0344890845716382,0.274995413685562
181773.411807,2625866.126422,0.0271062271062271,0.552014652014652,0,0,0.000732600732600733,0.42014652014652
182273.411807,2625866.126422,0,0.69302752293578,0,0.00513761467889908,0.0255045871559633,0.276330275229358
182773.411807,2625866.126422,0.0546688680975968,0.377361951935425,0,0.00862227114290956,0.0495321959273528,0.509814712896716
183273.411807,2625866.126422,0.167948717948718,0.444322344322344,0,0.0565934065934066,0.0712454212454212,0.25989010989011
183773.411807,2625866.126422,0.0543119266055046,0.703119266055046,0,0.00055045871559633,0.00825688073394495,0.233761467889908
184273.411807,2625866.126422,0.00348559897266557,0.665565951201614,0.000550357732526142,0.0223812144560631,0.0355898000366905,0.27242707760044
184773.411807,2625866.126422,0.017032967032967,0.657509157509158,0,0.00256410256410256,0.0355311355311355,0.287362637362637
185273.411807,2625866.126422,0.0139449541284404,0.579082568807339,0,0.0253211009174312,0.043302752293578,0.338348623853211
185773.411807,2625866.126422,0.0432948082920565,0.464685378829573,0.000550357732526142,0.0517336268574573,0.100532012474775,0.339203815813612
173773.411807,2625366.126422,0.107669616519174,0.404682890855457,0,0.0176991150442478,0.0980825958702065,0.371865781710914
174273.411807,2625366.126422,0.0495049504950495,0.465896589658966,0.00128346167950128,0.0322698936560323,0.0696736340300697,0.381371470480381
174773.411807,2625366.126422,0.0311355311355311,0.636813186813187,0,0.026007326007326,0.0467032967032967,0.259340659340659
175273.411807,2625366.126422,0.052014652014652,0.610989010989011,0,0.0115384615384615,0.0481684981684982,0.277289377289377
175773.411807,2625366.126422,0.152365236523652,0.320498716538321,0,0.0077007700770077,0.0757242390905757,0.443711037770444
176273.411807,2625366.126422,0.0639194139194139,0.347619047619048,0,0,0.000366300366300366,0.588095238095238
176773.411807,2625366.126422,0.128754578754579,0.529304029304029,0,0.000732600732600733,0.00641025641025641,0.334798534798535
177273.411807,2625366.126422,0.0337367070040337,0.734140080674734,0,0.000733406674000733,0.0044004400440044,0.226989365603227
177773.411807,2625366.126422,0.043040293040293,0.112820512820513,0,0.00366300366300366,0.032051282051282,0.808424908424908
178273.411807,2625366.126422,0.0205128205128205,0.517765567765568,0,0.00183150183150183,0.0137362637362637,0.446153846153846
178773.411807,2625366.126422,0.0311697836450312,0.547488082141548,0,0.00128346167950128,0.00366703337000367,0.416391639163916
179273.411807,2625366.126422,0.0862637362637363,0.455311355311355,0,0.162820512820513,0.0221611721611722,0.273443223443223
179773.411807,2625366.126422,0.39047619047619,0.0102564102564103,0,0.000183150183150183,0.00769230769230769,0.591391941391941
180273.411807,2625366.126422,0.0022002200220022,0.150715071507151,0,0,0.0124679134580125,0.834616795012835
180773.411807,2625366.126422,0.0631868131868132,0.196153846153846,0,0,0.00769230769230769,0.732967032967033
181273.411807,2625366.126422,0.0597069597069597,0.526739926739927,0,0.0032967032967033,0.0131868131868132,0.397069597069597
181773.411807,2625366.126422,0.0055005500550055,0.564723138980565,0,0,0.00201686835350202,0.427759442610928
182273.411807,2625366.126422,0.00695970695970696,0.864835164835165,0,0.000183150183150183,0.0021978021978022,0.125824175824176
182773.411807,2625366.126422,0.0521978021978022,0.510989010989011,0,0.0102564102564103,0.0152014652014652,0.411355311355311
183273.411807,2625366.126422,0.0454712137880455,0.501466813348001,0.0011001100110011,0.0518885221855519,0.163916391639164,0.236156949028236
183773.411807,2625366.126422,0.0148351648351648,0.842857142857143,0,0.00952380952380952,0.043040293040293,0.0897435897435897
184273.411807,2625366.126422,0.0238095238095238,0.736630036630037,0,0.00238095238095238,0.0384615384615385,0.198717948717949
184773.411807,2625366.126422,0.0117345067840117,0.612027869453612,0,0.00586725339200587,0.0434543454345435,0.326916024935827
185273.411807,2625366.126422,0.086996336996337,0.534249084249084,0,0.000549450549450549,0.0214285714285714,0.356776556776557
185773.411807,2625366.126422,0.073992673992674,0.498351648351648,0.000549450549450549,0.034981684981685,0.0738095238095238,0.318315018315018
173773.411807,2624866.126422,0.0649926144756278,0.582717872968981,0.000553914327917282,0.00480059084194978,0.0413589364844904,0.305576070901034
174273.411807,2624866.126422,0.0665200659703134,0.557998900494777,0.00109950522264981,0.0273043796958036,0.0470954737035001,0.299981674912956
174773.411807,2624866.126422,0.0334006239677005,0.576252523398789,0,0.0135804734813727,0.0618462103138191,0.314920168838319
175273.411807,2624866.126422,0.048413717219879,0.513112048413717,0,0.00990280579497524,0.070419952319824,0.358151476251605
175773.411807,2624866.126422,0.0848451530144768,0.507055158512003,0.000366501740883269,0.0346344145134689,0.0923584387025838,0.280740333516584
176273.411807,2624866.126422,0.104239309965131,0.216369976142411,0.000734079647641769,0.00256927876674619,0.0258763075793724,0.650211047898697
176773.411807,2624866.126422,0.0636346964973409,0.157894736842105,0,0.000183385292499542,0.000183385292499542,0.778103796075555
177273.411807,2624866.126422,0.0749496060106286,0.244639912039582,0.000183250870441635,0.0177753344328386,0.0670698185816383,0.595382078064871
177773.411807,2624866.126422,0.190493668563039,0.414571481005689,0,0.00789135621214902,0.0534042943659387,0.333639199853184
178273.411807,2624866.126422,0.199706583532001,0.457179534201357,0,0.00348432055749129,0.0214560792224464,0.318173482486705
178773.411807,2624866.126422,0.113798790544255,0.571925966648342,0.00586402785413231,0.0307861462341946,0.0251053692505039,0.252519699468573
179273.411807,2624866.126422,0.308680491833364,0.229216369976142,0,0.00899247568361167,0.0482657368324463,0.404844925674436
179773.411807,2624866.126422,0.24390243902439,0.313955620759215,0,0.00770218228498074,0.0401613790573996,0.394278378874014
180273.411807,2624866.126422,0.0177753344328386,0.26461425691772,0,0.0577240241891149,0.00659703133589885,0.653289353124427
180773.411807,2624866.126422,0.0585428518994311,0.554780693705267,0,0.0141310332171041,0.0567076527803267,0.315837768397871
181273.411807,2624866.126422,0.0159545204474601,0.610673024023473,0.000550155877498625,0.00696864111498258,0.0342930496974143,0.331560608839171
181773.411807,2624866.126422,0.102986989188199,0.0320689023272861,0,0.0104452996151732,0.0434304562946674,0.811068352574675
182273.411807,2624866.126422,0.0978161130482657,0.424298036336943,0,0.00403743806202973,0.063497889521013,0.410350523031749
182773.411807,2624866.126422,0.177700348432056,0.571061800843572,0.000183385292499542,0.0102695763799743,0.0496974142673758,0.191087474784522
183273.411807,2624866.126422,0.0142935678944475,0.577973245372916,0,0.00439802089059923,0.0214403518416712,0.381894814000367
183773.411807,2624866.126422,0.1616810423931,0.146448889704533,0,0,0.00440447788585061,0.687465590016517
184273.411807,2624866.126422,0.0827067669172932,0.517880066018705,0,0.00586832935998533,0.0196222262974509,0.373922611406565
184773.411807,2624866.126422,0.0364669232178853,0.483965548836357,0.00293201392706615,0.0181418361737218,0.0304196444933113,0.428074033351658
185273.411807,2624866.126422,0.0339511837034318,0.534042943659387,0,0.009543035419343,0.028629106258029,0.393833730959809
185773.411807,2624866.126422,0.0548322024573629,0.499174766183752,0,0.000550155877498625,0.00825233816247937,0.437190537318907
173773.411807,2624366.126422,0.107683782785371,0.40579977835242,0.00424824528998892,0.0640930919837458,0.140007388252678,0.278167713335796
174273.411807,2624366.126422,0.0448717948717949,0.640842490842491,0.00384615384615385,0.0399267399267399,0.0734432234432234,0.197069597069597
174773.411807,2624366.126422,0.0827522935779817,0.584954128440367,0,0.00587155963302752,0.0627522935779816,0.263669724770642
175273.411807,2624366.126422,0.0513667217024399,0.449275362318841,0.00311869381764814,0.0414602825169694,0.108053568152633,0.346725371491469
175773.411807,2624366.126422,0.0763736263736264,0.519047619047619,0.0183150183150183,0.0313186813186813,0.0915750915750916,0.263369963369963
176273.411807,2624366.126422,0.0855045871559633,0.411743119266055,0.0253211009174312,0.0563302752293578,0.0988990825688073,0.322201834862385
176773.411807,2624366.126422,0.0324711062190424,0.450926435516419,0.000183452577508714,0.0313703907539901,0.063474591818015,0.421574023115025
177273.411807,2624366.126422,0.0785714285714286,0.302380952380952,0.00677655677655678,0.110805860805861,0.10970695970696,0.391758241758242
177773.411807,2624366.126422,0.0605504587155963,0.350091743119266,0.0073394495412844,0.122385321100917,0.156880733944954,0.302752293577982
178273.411807,2624366.126422,0.412951751972115,0.155017427994863,0.000366905155017428,0.00403595670519171,0.028251696936342,0.39937626123647
178773.411807,2624366.126422,0.244505494505494,0.388644688644689,0.000183150183150183,0.0021978021978022,0.0141025641025641,0.3503663003663
179273.411807,2624366.126422,0.3,0.224954128440367,0.000917431192660551,0.0238532110091743,0.084954128440367,0.365321100917431
179773.411807,2624366.126422,0.168776371308017,0.321408915795267,0.00165107319757843,0.0506329113924051,0.130801687763713,0.32672904054302
180273.411807,2624366.126422,0.034981684981685,0.728937728937729,0,0.0032967032967033,0.0481684981684982,0.184615384615385
180773.411807,2624366.126422,0.125321100917431,0.299266055045872,0.0110091743119266,0.127339449541284,0.26954128440367,0.167522935779817
181273.411807,2624366.126422,0.0555861309851403,0.709778022381214,0.00146762062006971,0.0418271876719868,0.0941111722619703,0.0972298660796184
181773.411807,2624366.126422,0.105311355311355,0.293772893772894,0.000366300366300366,0.00183150183150183,0.0402930402930403,0.558424908424908
182273.411807,2624366.126422,0.0506422018348624,0.44348623853211,0.00256880733944954,0.0161467889908257,0.0108256880733945,0.476330275229358
182773.411807,2624366.126422,0.0779673454412034,0.7347275729224,0,0.00091726288754357,0.0117409649605577,0.174646853788296
183273.411807,2624366.126422,0.0620879120879121,0.4003663003663,0,0.00183150183150183,0.026007326007326,0.50970695970696
183773.411807,2624366.126422,0.0543119266055046,0.460366972477064,0,0.00238532110091743,0.0135779816513761,0.469357798165138
184273.411807,2624366.126422,0.373325995230233,0.0731975784259769,0,0.00458631443771785,0.0245826453861677,0.524307466519905
184773.411807,2624366.126422,0.424175824175824,0.0639194139194139,0.00238095238095238,0.017032967032967,0.136630036630037,0.355860805860806
185273.411807,2624366.126422,0.300366972477064,0.147155963302752,0.00055045871559633,0.00844036697247706,0.0622018348623853,0.481284403669725
185773.411807,2624366.126422,0.10126582278481,0.393322326178683,0,0.00165107319757843,0.0572372041827188,0.44652357365621
173773.411807,2623866.126422,0.106747787610619,0.216261061946903,0.0167772861356932,0.174594395280236,0.268805309734513,0.216814159292035
174273.411807,2623866.126422,0.0496883021635497,0.585991932526586,0.0275027502750275,0.028969563623029,0.0630729739640631,0.244774477447745
174773.411807,2623866.126422,0.125457875457875,0.551648351648352,0,0.00238095238095238,0.032967032967033,0.287545787545788
175273.411807,2623866.126422,0.0521978021978022,0.572527472527472,0.00531135531135531,0.0701465201465201,0.0998168498168498,0.2
175773.411807,2623866.126422,0.0452878621195453,0.670700403373671,0.00495049504950495,0.0295196186285295,0.0454712137880455,0.204070407040704
176273.411807,2623866.126422,0.0247252747252747,0.520695970695971,0.00457875457875458,0.0216117216117216,0.0716117216117216,0.356776556776557
176773.411807,2623866.126422,0.0331501831501832,0.515567765567766,0.0456043956043956,0.153113553113553,0.0624542124542125,0.19010989010989
177273.411807,2623866.126422,0.0113678034470114,0.286395306197286,0.134580124679135,0.421708837550422,0.0408874220755409,0.105060506050605
177773.411807,2623866.126422,0.0331501831501832,0.611721611721612,0.000915750915750916,0.0315018315018315,0.0635531135531135,0.259157509157509
178273.411807,2623866.126422,0.0492673992673993,0.457875457875458,0,0.00384615384615385,0.0313186813186813,0.457692307692308
178773.411807,2623866.126422,0.267326732673267,0.14961496149615,0,0,0.00201686835350202,0.581041437477081
179273.411807,2623866.126422,0.0796703296703297,0.608791208791209,0.000183150183150183,0.0113553113553114,0.0880952380952381,0.211904761904762
179773.411807,2623866.126422,0.0981684981684982,0.657692307692308,0,0.0472527472527473,0.08003663003663,0.116849816849817
180273.411807,2623866.126422,0.0469380271360469,0.691969196919692,0,0.0154015401540154,0.0284195086175284,0.217271727172717
180773.411807,2623866.126422,0.0600732600732601,0.677472527472528,0,0.0206959706959707,0.0551282051282051,0.186630036630037
181273.411807,2623866.126422,0.0327838827838828,0.658058608058608,0.00622710622710623,0.0620879120879121,0.0802197802197802,0.160622710622711
181773.411807,2623866.126422,0.0297029702970297,0.699119911991199,0.000183351668500183,0.0188852218555189,0.0474880821415475,0.204620462046205
182273.411807,2623866.126422,0.0485347985347985,0.675641025641026,0.00402930402930403,0.0315018315018315,0.0668498168498168,0.173443223443223
182773.411807,2623866.126422,0.0128205128205128,0.66959706959707,0.000366300366300366,0.00842490842490842,0.0344322344322344,0.274358974358974
183273.411807,2623866.126422,0.000366703337000367,0.829299596626329,0,0,0.0055005500550055,0.164833149981665
183773.411807,2623866.126422,0.0340659340659341,0.745421245421245,0,0.000732600732600733,0.00750915750915751,0.212271062271062
184273.411807,2623866.126422,0.032967032967033,0.688095238095238,0,0.00512820512820513,0.0294871794871795,0.244322344322344
184773.411807,2623866.126422,0.0848918225155849,0.416941694169417,0.000733406674000733,0.0467546754675468,0.0755408874220755,0.375137513751375
185273.411807,2623866.126422,0.0371794871794872,0.472710622710623,0,0.0177655677655678,0.0617216117216117,0.410622710622711
185773.411807,2623866.126422,0.0576923076923077,0.598901098901099,0,0.00311355311355311,0.0228937728937729,0.317399267399267
173773.411807,2623366.126422,0.0847488921713442,0.572193500738552,0.000553914327917282,0.0291728212703102,0.0928729689807976,0.220457902511078
174273.411807,2623366.126422,0.0366501740883269,0.678028220634048,0.00623052959501558,0.0157595748579806,0.036100421477002,0.227231079347627
174773.411807,2623366.126422,0.0233070288126262,0.616443384107176,0.00403743806202973,0.101670031198385,0.0774454028262066,0.177096714993577
175273.411807,2623366.126422,0.0762882816798093,0.493489822116266,0.0157711351549606,0.124518613607189,0.121951219512195,0.16798092792958
175773.411807,2623366.126422,0.0219901044529962,0.640645043063955,0.00238226131574125,0.00274876305662452,0.0234561114165292,0.308777716694154
176273.411807,2623366.126422,0.0403743806202973,0.447238025325748,0.000367039823820885,0.0211047898697009,0.0717562855569829,0.41915947880345
176773.411807,2623366.126422,0.0346598202824134,0.465982028241335,0.00238400880249404,0.0141206675224647,0.0830735375022923,0.399779937649001
177273.411807,2623366.126422,0.0249221183800623,0.701850833791461,0.000183250870441635,0.0337181601612608,0.078248121678578,0.161077515118197
177773.411807,2623366.126422,0.0926775555147734,0.438429069554047,0.00770783630023858,0.0390897412369242,0.121123141860892,0.300972655533125
178273.411807,2623366.126422,0.0110031175499725,0.723454978910691,0,0.00238400880249404,0.0163212910324592,0.246836603704383
178773.411807,2623366.126422,0,0.236760124610592,0,0.000549752611324904,0.0128275609309144,0.749862561847169
179273.411807,2623366.126422,0.0306478252890439,0.500825839603597,0,0.00220223894292531,0.0143145531290145,0.452009543035419
179773.411807,2623366.126422,0.0605171465248487,0.750045846323125,0.000550155877498625,0.0322758114799193,0.0618008435723455,0.094810196222263
180273.411807,2623366.126422,0.00934579439252336,0.819314641744548,0,0.00348176653839106,0.0164925783397471,0.15136521898479
180773.411807,2623366.126422,0.0251422279317306,0.69297118737383,0.00367039823820885,0.0568911726922371,0.0653330886401175,0.155991925123876
181273.411807,2623366.126422,0.0394278378874014,0.723271593618192,0,0.00953603520997616,0.0348432055749129,0.192921327709518
181773.411807,2623366.126422,0.0329851566794942,0.698735568993953,0.000366501740883269,0.0278541323071285,0.070734835990471,0.16932380428807
182273.411807,2623366.126422,0.0836850798311617,0.326298403376766,0.011194714626537,0.0570746926041475,0.249770600110112,0.271976509451275
182773.411807,2623366.126422,0.0379607555474051,0.701265358518247,0,0.00183385292499542,0.0216394645149459,0.237300568494407
183273.411807,2623366.126422,0.0465457210921752,0.633315008246289,0,0.00348176653839106,0.0258383727322705,0.290819131390874
183773.411807,2623366.126422,0.0798311616810424,0.551477335290879,0.00110111947146265,0.022389429253074,0.109010827674803,0.236190126628739
184273.411807,2623366.126422,0.0517146524848707,0.47588483403631,0.0102695763799743,0.0889418668622776,0.113332110764717,0.25985695947185
184773.411807,2623366.126422,0.0370166758292102,0.673630199743449,0.000183250870441635,0.0152098222466557,0.0291368884002199,0.244823162910024
185273.411807,2623366.126422,0.0167003119838502,0.720866213984217,0.00146815929528354,0.00440447788585061,0.00862543585979079,0.247935400991008
185773.411807,2623366.126422,0.0337428938199156,0.701448743810746,0,0.00146708233999633,0.0106363469649734,0.252704933064368
173773.411807,2622866.126422,0.0219800517177687,0.719061691909863,0.00073882526782416,0.00997414111562616,0.0445142223864056,0.203731067602512
174273.411807,2622866.126422,0.0344322344322344,0.576739926739927,0.00274725274725275,0.00897435897435897,0.0445054945054945,0.332600732600733
174773.411807,2622866.126422,0.0251376146788991,0.59743119266055,0.00201834862385321,0.0645871559633028,0.0451376146788991,0.265688073394495
175273.411807,2622866.126422,0.1284168042561,0.159420289855072,0.0271509814712897,0.237571087873785,0.305998899284535,0.141441937259218
175773.411807,2622866.126422,0.0489010989010989,0.491025641025641,0.0626373626373626,0.0184981684981685,0.0855311355311355,0.293406593406593
176273.411807,2622866.126422,0.084954128440367,0.269724770642202,0.0458715596330275,0.0322935779816514,0.124587155963303,0.44256880733945
176773.411807,2622866.126422,0.227848101265823,0.203082003302146,0.000550357732526142,0.0526508897450009,0.171528159970648,0.344340487983856
177273.411807,2622866.126422,0.0551282051282051,0.355860805860806,0.0148351648351648,0.123260073260073,0.188278388278388,0.262637362637363
177773.411807,2622866.126422,0.0434862385321101,0.446422018348624,0.011743119266055,0.107339449541284,0.204954128440367,0.18605504587156
178273.411807,2622866.126422,0.0554026784076316,0.499908273711246,0.00275178866263071,0.0113740598055403,0.0658594753256283,0.364703724087323
178773.411807,2622866.126422,0.0293040293040293,0.616483516483517,0.00128205128205128,0.11978021978022,0.132234432234432,0.100915750915751
179273.411807,2622866.126422,0.201467889908257,0.281100917431193,0.00146788990825688,0.0328440366972477,0.0770642201834862,0.40605504587156
179773.411807,2622866.126422,0.0996147495872317,0.53348009539534,0.0124747752705926,0.0682443588332416,0.0986974866996881,0.187488534213906
180273.411807,2622866.126422,0.0858974358974359,0.307326007326007,0.00366300366300366,0.120879120879121,0.191758241758242,0.29047619047619
180773.411807,2622866.126422,0.0344954128440367,0.591192660550459,0.00036697247706422,0.0842201834862385,0.0759633027522936,0.213761467889908
181273.411807,2622866.126422,0.0427444505595304,0.779123096679508,0.000183452577508714,0.0078884608328747,0.0368739680792515,0.133186571271326
181773.411807,2622866.126422,0.0450549450549451,0.666849816849817,0.0115384615384615,0.0357142857142857,0.0338827838827839,0.206959706959707
182273.411807,2622866.126422,0.041651376146789,0.613211009174312,0,0.0337614678899083,0.0486238532110092,0.262752293577982
182773.411807,2622866.126422,0.0319207484865162,0.747018895615483,0.000366905155017428,0.02568336085122,0.0176114474408365,0.177398642450926
183273.411807,2622866.126422,0.0858974358974359,0.526739926739927,0.00238095238095238,0.0417582417582418,0.1003663003663,0.242857142857143
183773.411807,2622866.126422,0.0693577981651376,0.270825688073395,0.0176146788990826,0.249174311926605,0.227889908256881,0.165137614678899
184273.411807,2622866.126422,0.0491652907723353,0.113924050632911,0.0544854155200881,0.390387084938543,0.276646486883141,0.115391671252981
184773.411807,2622866.126422,0.0811355311355311,0.410805860805861,0.00512820512820513,0.14047619047619,0.137362637362637,0.225091575091575
185273.411807,2622866.126422,0.0726605504587156,0.73394495412844,0,0.00238532110091743,0.0122935779816514,0.178715596330275
185773.411807,2622866.126422,0.0170610897083104,0.723353513116859,0,0.00550357732526142,0.0251330031186938,0.228948816730875
173773.411807,2622366.126422,0.14103982300885,0.352323008849558,0.0110619469026549,0.115412979351032,0.1976401179941,0.182522123893805
174273.411807,2622366.126422,0.0594059405940594,0.527502750275027,0.00678401173450678,0.0256692335900257,0.0526219288595526,0.328016134946828
174773.411807,2622366.126422,0.080952380952381,0.52967032967033,0.0316849816849817,0.0241758241758242,0.0968864468864469,0.236630036630037
175273.411807,2622366.126422,0.0772893772893773,0.421611721611722,0.00952380952380952,0.0450549450549451,0.122161172161172,0.324358974358974
175773.411807,2622366.126422,0.0286028602860286,0.696552988632197,0,0.00971763843050972,0.0454712137880455,0.21965529886322
176273.411807,2622366.126422,0.0503663003663004,0.683333333333333,0.00274725274725275,0.0173992673992674,0.0545787545787546,0.191575091575092
176773.411807,2622366.126422,0.103113553113553,0.438278388278388,0.00586080586080586,0.0547619047619048,0.112637362637363,0.285347985347985
177273.411807,2622366.126422,0.0573890722405574,0.594059405940594,0.00421708837550422,0.0234690135680235,0.0592225889255592,0.261642830949762
177773.411807,2622366.126422,0.071978021978022,0.620695970695971,0.00347985347985348,0.0404761904761905,0.0805860805860806,0.182783882783883
178273.411807,2622366.126422,0.0375457875457875,0.561721611721612,0.0835164835164835,0.0978021978021978,0.108974358974359,0.11043956043956
178773.411807,2622366.126422,0.0971763843050972,0.491565823248992,0.00916758342500917,0.0198019801980198,0.104143747708104,0.278144481114778
179273.411807,2622366.126422,0.0364468864468864,0.648351648351648,0.00824175824175824,0.0172161172161172,0.0897435897435897,0.2
179773.411807,2622366.126422,0.0404761904761905,0.618315018315018,0.000183150183150183,0.0141025641025641,0.0388278388278388,0.288095238095238
180273.411807,2622366.126422,0.0476714338100477,0.636046938027136,0.000916758342500917,0.0645397873120645,0.0617895122845618,0.189035570223689
180773.411807,2622366.126422,0.084981684981685,0.548534798534799,0.00164835164835165,0.0772893772893773,0.106959706959707,0.180586080586081
181273.411807,2622366.126422,0.0128205128205128,0.848168498168498,0,0.0161172161172161,0.0124542124542125,0.11043956043956
181773.411807,2622366.126422,0.0315364869820315,0.697653098643198,0,0.00183351668500183,0.0117345067840117,0.257242390905757
182273.411807,2622366.126422,0.00677655677655678,0.723076923076923,0,0.0108058608058608,0.0307692307692308,0.228571428571429
182773.411807,2622366.126422,0.0575091575091575,0.515567765567766,0.000915750915750916,0.0580586080586081,0.112820512820513,0.255128205128205
183273.411807,2622366.126422,0.0528052805280528,0.422442244224422,0.00935093509350935,0.178951228456179,0.151265126512651,0.185185185185185
183773.411807,2622366.126422,0.0769230769230769,0.426373626373626,0.00457875457875458,0.095970695970696,0.146520146520147,0.2496336996337
184273.411807,2622366.126422,0.071978021978022,0.176739926739927,0.0315018315018315,0.377106227106227,0.237728937728938,0.104945054945055
184773.411807,2622366.126422,0.0498716538320499,0.301796846351302,0.0111844517785112,0.286578657865787,0.197286395306197,0.153281994866153
185273.411807,2622366.126422,0.0897435897435897,0.553296703296703,0.00421245421245421,0.0516483516483516,0.106410256410256,0.194688644688645
185773.411807,2622366.126422,0.0776556776556777,0.376739926739927,0.0117216117216117,0.134432234432234,0.197435897435897,0.202014652014652
173773.411807,2621866.126422,0.0843796159527326,0.386447562776957,0.000923190546528803,0.0315731166912851,0.0976735598227474,0.399002954209749
174273.411807,2621866.126422,0.0637713029136888,0.520432472054242,0.00109950522264981,0.0419644493311343,0.123694337548103,0.249037932930181
174773.411807,2621866.126422,0.118737383006056,0.52284822903285,0.0304643053771334,0.0489998164800881,0.121123141860892,0.15782712424298
175273.411807,2621866.126422,0.0183385292499542,0.611406565193471,0,0.00330093526499175,0.0377773702549056,0.329176600036677
175773.411807,2621866.126422,0.0430639545537841,0.786512735935496,0,0.0216236027121129,0.0441634597764339,0.104636247022173
176273.411807,2621866.126422,0.147733529087906,0.330335841438796,0.0409249403560286,0.147366489264085,0.206643420811158,0.126995779042026
176773.411807,2621866.126422,0.0427287731523932,0.664404914725839,0.00110031175499725,0.0504309554373739,0.0623509994498441,0.178984045479553
177273.411807,2621866.126422,0.0113615539673813,0.647058823529412,0.0142935678944475,0.0971229613340663,0.0278541323071285,0.202308960967565
177773.411807,2621866.126422,0.0165167920719398,0.782895944209947,0,0.0082583960359699,0.0374380620297302,0.154890805652413
178273.411807,2621866.126422,0.0381441408399046,0.537502292316156,0.0168714469099578,0.0249403997799376,0.0783055198973042,0.304236200256739
178773.411807,2621866.126422,0.0540590067802822,0.469122228330585,0.0201575957485798,0.0403151914971596,0.0670698185816383,0.349276159061756
179273.411807,2621866.126422,0.022389429253074,0.719581574600844,0.000734079647641769,0.0409249403560286,0.0545054138374014,0.16186456230501
179773.411807,2621866.126422,0.131303869429672,0.293783238584266,0.0234733174399413,0.169081239684577,0.172382174949569,0.209976159911975
180273.411807,2621866.126422,0.0441634597764339,0.4304562946674,0.026571376214037,0.242990654205607,0.0643210555250137,0.191497159611508
180773.411807,2621866.126422,0.0524866948063865,0.39842172875757,0.0291796659937603,0.2864745824922,0.0657001284639383,0.167737199486144
181273.411807,2621866.126422,0.0434623143223913,0.710618008435723,0.00165046763249587,0.0489638730973776,0.0590500641848524,0.136255272327159
181773.411807,2621866.126422,0.026571376214037,0.680593732820231,0.00146600696353308,0.0353674179952355,0.0470954737035001,0.208905992303463
182273.411807,2621866.126422,0.0647825289043861,0.606716828775922,0,0.0356028629106258,0.0407414204441182,0.252156358964948
182773.411807,2621866.126422,0.0313588850174216,0.714285714285714,0,0.010819732257473,0.041995231982395,0.201540436456996
183273.411807,2621866.126422,0.028587135788895,0.658786879237676,0,0.00824628916987356,0.0322521531977277,0.272127542605827
183773.411807,2621866.126422,0.00440447788585061,0.794824738484125,0,0.0110111947146265,0.0372545421178198,0.152505046797578
184273.411807,2621866.126422,0.0143040528149642,0.670273244085824,0.000183385292499542,0.0154043645699615,0.0557491289198606,0.24408582431689
184773.411807,2621866.126422,0.0185083379146051,0.695803555066887,0.00128275609309144,0.0337181601612608,0.0467289719626168,0.203958218801539
185273.411807,2621866.126422,0.0187190310148651,0.598458432739952,0.00403743806202973,0.0378051018535511,0.068452927142595,0.272527069187007
185773.411807,2621866.126422,0.0986612873647534,0.50412616908124,0.00366770584999083,0.0647350082523382,0.161562442692096,0.167247386759582
173773.411807,2621366.126422,0.0975249353527891,0.478389360916143,0.00073882526782416,0.0483930550424825,0.0373106760251201,0.337643147395641
