"x","y","forest","agri","water","built","other","grass"
225773.411807,2723866.126422,0.00256927876674619,0.119104422829877,0.288493301523215,0.397320609286108,0.039823820884566,0.152688566709488
226273.411807,2723866.126422,0.0500641848523748,0.398312855309004,0.000183385292499542,0.035209976159912,0.0414450761048964,0.474784522281313
226773.411807,2723866.126422,0.0249221183800623,0.195895180502107,0,0.0623052959501558,0.0159428257284222,0.700934579439252
227273.411807,2723866.126422,0.141677371994861,0.184437511469994,0.000183519911910442,0.080932281152505,0.0873554780693705,0.505413837401358
227773.411807,2723866.126422,0.0568494406748579,0.220612506876948,0.0022006235099945,0.273610856409316,0.124885384192188,0.321841188336695
228273.411807,2723866.126422,0.117647058823529,0.144035184167125,0,0.0514934945940993,0.0661535642294301,0.620670698185816
228773.411807,2723866.126422,0.136538814461369,0.121490181684713,0.000183519911910442,0.0579922921636998,0.0915764360433107,0.592218755734997
229273.411807,2723866.126422,0.133687878232166,0.132220795892169,0,0.0359435173299101,0.035209976159912,0.662937832385843
229773.411807,2723866.126422,0.0923584387025838,0.0487447315374748,0,0.0641378046545721,0.0736668499175371,0.721092175187832
230273.411807,2723866.126422,0.0974490732244448,0.11213066617728,0,0.0899247568361167,0.12020554230134,0.580289961460818
230773.411807,2723866.126422,0.113148725472217,0.122684760682193,0,0.153676875114616,0.12396845772969,0.486521181001284
231273.411807,2723866.126422,0.149715961150815,0.180685358255452,0.00109950522264981,0.0538757559098406,0.0786146234194612,0.536008796041781
231773.411807,2723866.126422,0.434575151403927,0.0482657368324463,0,0.00513855753349238,0.00935951550743256,0.502661038722701
232273.411807,2723866.126422,0.393544837704016,0.0236567027324409,0.000183385292499542,0.0022006235099945,0.0192554557124519,0.561158995048597
232773.411807,2723866.126422,0.498808869342129,0.00403151914971596,0,0.000916254352208173,0.00641378046545721,0.489829576690489
233273.411807,2723866.126422,0.51458983299688,0.00734079647641769,0,0.00789135621214902,0.0266103872270141,0.443567627087539
233773.411807,2723866.126422,0.764349899138089,0.00678525582248304,0,0.00678525582248304,0.0115532734274711,0.210526315789474
234273.411807,2723866.126422,0.463991203958219,0.0236393622869709,0,0.0104452996151732,0.0853949056258017,0.416529228513835
234773.411807,2723866.126422,0.371627821618646,0.0618462103138191,0.00367039823820885,0.154340245916682,0.0396403009726555,0.368875022939989
235273.411807,2723866.126422,0.460297084173849,0.00935264991747662,0.000183385292499542,0.267008985879332,0.0344764349899138,0.228681459746928
235773.411807,2723866.126422,0.570826461425692,0.0459959684808503,0,0.00769653655854865,0.0262048744731537,0.349276159061756
236273.411807,2723866.126422,0.671315837768398,0.0117452743622683,0,0.00220223894292531,0.0480822169205359,0.266654432005873
236773.411807,2723866.126422,0.582431688978544,0.00421786172748946,0,0.00183385292499542,0.00935264991747662,0.402163946451495
237273.411807,2723866.126422,0.799560680944536,0,0,0.000274574409665019,0.0013728720483251,0.198791872597474
225773.411807,2723366.126422,0,0,0.95302752293578,0.0469724770642202,0,0
226273.411807,2723366.126422,0.0253164556962025,0.11979453311319,0.346358466336452,0.30673270959457,0.0574206567602275,0.144377178499358
226773.411807,2723366.126422,0.0538461538461538,0.163369963369963,0.000183150183150183,0.127838827838828,0.0701465201465201,0.584615384615385
227273.411807,2723366.126422,0.185321100917431,0.206422018348624,0.00018348623853211,0.0236697247706422,0.0555963302752294,0.528807339449541
227773.411807,2723366.126422,0.108787378462667,0.0816363969913777,0,0.0159603742432581,0.0420106402494955,0.751605210053201
228273.411807,2723366.126422,0.129304029304029,0.0970695970695971,0.000183150183150183,0.215750915750916,0.0919413919413919,0.465750915750916
228773.411807,2723366.126422,0.125137614678899,0.0721100917431193,0.00311926605504587,0.496697247706422,0.133211009174312,0.169724770642202
229273.411807,2723366.126422,0.0823702073014126,0.0950284351495139,0.000183452577508714,0.218492019812878,0.077600440286186,0.5263254448725
229773.411807,2723366.126422,0.0912087912087912,0.118498168498168,0.00164835164835165,0.0664835164835165,0.0818681318681319,0.64029304029304
230273.411807,2723366.126422,0.134311926605505,0.192660550458716,0,0.0300917431192661,0.0744954128440367,0.568440366972477
230773.411807,2723366.126422,0.0777838928636947,0.255916345624656,0,0.181801504311136,0.143459915611814,0.341038341588699
231273.411807,2723366.126422,0.0763736263736264,0.0985347985347985,0,0.147252747252747,0.179487179487179,0.498351648351648
231773.411807,2723366.126422,0.0658715596330275,0.13045871559633,0,0.0234862385321101,0.0592660550458716,0.72091743119266
232273.411807,2723366.126422,0.0546688680975968,0.14125848468171,0,0.0436617134470739,0.132819666116309,0.627591267657311
232773.411807,2723366.126422,0.599267399267399,0.0523809523809524,0,0.00238095238095238,0.0141025641025641,0.331868131868132
233273.411807,2723366.126422,0.760366972477064,0.110642201834862,0,0.00165137614678899,0.00844036697247706,0.118899082568807
233773.411807,2723366.126422,0.458998348926802,0.0254999082737112,0,0.0482480278847918,0.126765731058521,0.340487983856173
234273.411807,2723366.126422,0.502014652014652,0.00714285714285714,0.00384615384615385,0.00897435897435897,0.023992673992674,0.454029304029304
234773.411807,2723366.126422,0.539633027522936,0.00660550458715596,0.00146788990825688,0.00715596330275229,0.00935779816513761,0.435779816513761
235273.411807,2723366.126422,0.728306732709595,0.0108237020730141,0,0.00311869381764814,0.00770500825536599,0.250045863144377
235773.411807,2723366.126422,0.725457875457875,0.0173992673992674,0.000366300366300366,0.00146520146520147,0.00824175824175824,0.247069597069597
236273.411807,2723366.126422,0.584587155963303,0.0611009174311927,0,0.00055045871559633,0.0262385321100917,0.327522935779817
236773.411807,2723366.126422,0.655292606861126,0.00880572372041827,0,0,0.001284168042561,0.334617501375894
237273.411807,2723366.126422,0.701701427003293,0,0,0,0,0.298298572996707
225273.411807,2722866.126422,0.137513751375138,0.0478547854785479,0.0661899523285662,0.235056839017235,0.0485881921525486,0.464796479647965
225773.411807,2722866.126422,0.0736263736263736,0.0679487179487179,0.306410256410256,0.365934065934066,0.0716117216117216,0.114468864468864
226273.411807,2722866.126422,0.0351648351648352,0.0282051282051282,0.477838827838828,0.166666666666667,0.0217948717948718,0.27032967032967
226773.411807,2722866.126422,0.0271360469380271,0.114594792812615,0.521635496883022,0.148698203153649,0.0592225889255592,0.128712871287129
227273.411807,2722866.126422,0.0663003663003663,0.124175824175824,0.122344322344322,0.0639194139194139,0.0673992673992674,0.555860805860806
227773.411807,2722866.126422,0.0298534798534799,0.0928571428571429,0,0.01996336996337,0.0538461538461538,0.803479853479854
228273.411807,2722866.126422,0.116061606160616,0.0793912724605794,0.000366703337000367,0.446644664466447,0.151998533186652,0.205537220388706
228773.411807,2722866.126422,0.0538461538461538,0.0891941391941392,0.000183150183150183,0.352930402930403,0.0985347985347985,0.405311355311355
229273.411807,2722866.126422,0.0871794871794872,0.0668498168498168,0.00238095238095238,0.441025641025641,0.12967032967033,0.272893772893773
229773.411807,2722866.126422,0.112577924459113,0.133113311331133,0,0.0438210487715438,0.111477814448111,0.599009900990099
230273.411807,2722866.126422,0.0357142857142857,0.269413919413919,0.000366300366300366,0.0716117216117216,0.0553113553113553,0.567582417582418
230773.411807,2722866.126422,0.052014652014652,0.113369963369963,0,0.0749084249084249,0.0884615384615385,0.671245421245421
231273.411807,2722866.126422,0.102493582691602,0.0781078107810781,0.000183351668500183,0.22992299229923,0.253025302530253,0.336266960029336
231773.411807,2722866.126422,0.0846153846153846,0.144688644688645,0.000183150183150183,0.0591575091575092,0.144139194139194,0.567216117216117
232273.411807,2722866.126422,0.00183150183150183,0.0673992673992674,0,0.144139194139194,0.247435897435897,0.539194139194139
232773.411807,2722866.126422,0.0144847818115145,0.0491382471580491,0,0.0748074807480748,0.141914191419142,0.71965529886322
233273.411807,2722866.126422,0.282417582417582,0.0357142857142857,0,0.0712454212454212,0.143772893772894,0.466849816849817
233773.411807,2722866.126422,0.261355311355311,0.00805860805860806,0,0.023992673992674,0.0606227106227106,0.645970695970696
234273.411807,2722866.126422,0.335166850018335,0.0022002200220022,0,0.00623395672900623,0.0146681334800147,0.641730839750642
234773.411807,2722866.126422,0.55970695970696,0.0146520146520147,0.000366300366300366,0.0164835164835165,0.0249084249084249,0.383882783882784
235273.411807,2722866.126422,0.652014652014652,0.00750915750915751,0,0.00201465201465201,0.0032967032967033,0.335164835164835
235773.411807,2722866.126422,0.626879354602127,0.0011001100110011,0,0.000733406674000733,0.00128346167950128,0.37000366703337
236273.411807,2722866.126422,0.5503663003663,0.032051282051282,0,0.00201465201465201,0.0545787545787546,0.360989010989011
236773.411807,2722866.126422,0.561355311355311,0.00567765567765568,0.000183150183150183,0.00164835164835165,0.00421245421245421,0.426923076923077
237273.411807,2722866.126422,0.543382756727073,0.0101592531576057,0,0.000823723228995058,0.00631521142229544,0.439319055464031
224773.411807,2722366.126422,0.420340681362725,0.0185370741482966,0,0.062875751503006,0.0333166332665331,0.464929859719439
225273.411807,2722366.126422,0.373648524830493,0.00439802089059923,0,0.00219901044529962,0.00384826827927433,0.615906175554334
225773.411807,2722366.126422,0.516975591851716,0.00385391815011929,0,0.00238575885483575,0.0143145531290145,0.462470178014315
226273.411807,2722366.126422,0.334128002934165,0.0733541169998166,0.122868145974693,0.0251237850724372,0.0231065468549422,0.421419402163946
226773.411807,2722366.126422,0.0815466373465274,0.0342679127725857,0.518050210738501,0.0370166758292102,0.0395821880153931,0.289536375297783
227273.411807,2722366.126422,0.0660671682877592,0.12846393833731,0.249770600110112,0.0218388695173426,0.0240411084602679,0.509818315287209
227773.411807,2722366.126422,0.0845406198422887,0.0894920227397763,0.297084173849257,0.0988446726572529,0.0759215110948102,0.354116999816615
228273.411807,2722366.126422,0.053142752428074,0.339563862928349,0.244273410298699,0.0513102437236577,0.0410481949789262,0.270661535642294
228773.411807,2722366.126422,0.0266103872270141,0.214901816847128,0.169021838869517,0.0201871903101487,0.0576252523398789,0.511653514406313
229273.411807,2722366.126422,0.0467632495873831,0.0949935815147625,0.0229231615624427,0.0955437373922611,0.0429121584448927,0.696864111498258
229773.411807,2722366.126422,0.0982224665567161,0.156129741616273,0,0.0936411947956753,0.10536925050394,0.546637346527396
230273.411807,2722366.126422,0.0214718296935217,0.300972655533125,0.000550559735731327,0.0137639933932832,0.0222059093411635,0.641035052303175
230773.411807,2722366.126422,0.00568494406748579,0.245002750779387,0,0.00275077938749312,0.0242068586099395,0.722354667155694
231273.411807,2722366.126422,0.0192413413963716,0.152647975077882,0.000549752611324904,0.05717427157779,0.0951072017592084,0.675279457577423
231773.411807,2722366.126422,0.0231235089007157,0.0568911726922371,0.00422095797394017,0.0389062213250138,0.087538997981281,0.789319141126812
232273.411807,2722366.126422,0.0324591967724189,0.0407115349348982,0.000916926462497708,0.14817531633963,0.198973042362003,0.578763983128553
232773.411807,2722366.126422,0.0701850833791461,0.0668865677111966,0,0.051676745464541,0.157229246838922,0.654022356606194
233273.411807,2722366.126422,0.300238575885484,0.0390897412369242,0,0.039823820884566,0.0956138741053404,0.525233987887686
233773.411807,2722366.126422,0.361635796809096,0.0627177700348432,0.00128369704749679,0.00953603520997616,0.0388776820099028,0.525949018888685
234273.411807,2722366.126422,0.614806670331684,0.00256551218618288,0,0.000366501740883269,0.0047645226314825,0.377496793109767
234773.411807,2722366.126422,0.480822169205359,0.0530372545421178,0.00734079647641769,0.0445953385942375,0.0345017434391632,0.379702697742705
235273.411807,2722366.126422,0.744727672840638,0.000183385292499542,0,0,0.000183385292499542,0.254905556574363
235773.411807,2722366.126422,0.440351841671248,0.00256551218618288,0,0.000733003481766538,0.00146600696353308,0.55488363569727
236273.411807,2722366.126422,0.569095246834281,0.0179849513672233,0.000183519911910442,0.00275279867865663,0.0524866948063865,0.357496788401542
236773.411807,2722366.126422,0.456445993031359,0.00715202640748212,0.000183385292499542,0.00696864111498258,0.0192554557124519,0.509994498441225
237273.411807,2722366.126422,0.597199341021417,0,0,0,0.000549148819330038,0.402251510159253
224773.411807,2721866.126422,0.268036072144289,0.0235470941883768,0.230961923847695,0.00876753507014028,0.0225450901803607,0.446142284569138
225273.411807,2721866.126422,0.367032967032967,0.0119047619047619,0,0.0043956043956044,0.00714285714285714,0.60952380952381
225773.411807,2721866.126422,0.494495412844037,0.00018348623853211,0,0,0.00146788990825688,0.503853211009174
226273.411807,2721866.126422,0.503026967528894,0.00403595670519171,0,0,0,0.492937075765915
226773.411807,2721866.126422,0.532234432234432,0.0142857142857143,0,0.000732600732600733,0.00512820512820513,0.447619047619048
227273.411807,2721866.126422,0.309724770642202,0.0655045871559633,0.00807339449541284,0.10954128440367,0.0770642201834862,0.430091743119266
227773.411807,2721866.126422,0.116125481563016,0.192992111539167,0.00110071546505228,0.148229682627041,0.0985140341221794,0.443037974683544
228273.411807,2721866.126422,0.19981684981685,0.0567765567765568,0,0.0128205128205128,0.0228937728937729,0.707692307692308
228773.411807,2721866.126422,0.145321100917431,0.0891743119266055,0.00036697247706422,0.0801834862385321,0.0337614678899083,0.651192660550459
229273.411807,2721866.126422,0.160154100165107,0.0675105485232067,0.0554026784076316,0.00550357732526142,0.0183452577508714,0.693083837827921
229773.411807,2721866.126422,0.0413919413919414,0.138278388278388,0.14029304029304,0.0212454212454212,0.0208791208791209,0.637912087912088
230273.411807,2721866.126422,0.0299082568807339,0.149174311926606,0,0.061651376146789,0.0537614678899083,0.705504587155963
230773.411807,2721866.126422,0.0385250412768299,0.331315354980737,0,0.0377912309667951,0.0884241423592002,0.503944230416437
231273.411807,2721866.126422,0.0153846153846154,0.122710622710623,0,0.043956043956044,0.0897435897435897,0.728205128205128
231773.411807,2721866.126422,0.0286238532110092,0.0662385321100917,0.00330275229357798,0.17651376146789,0.172660550458716,0.552660550458716
232273.411807,2721866.126422,0.0346725371491469,0.154833975417355,0.026967528893781,0.324894514767932,0.17116125481563,0.287470188956155
232773.411807,2721866.126422,0.0763736263736264,0.107509157509158,0.00128205128205128,0.0646520146520147,0.144505494505494,0.605677655677656
233273.411807,2721866.126422,0.167706422018349,0.0310091743119266,0,0.011743119266055,0.0537614678899083,0.735779816513761
233773.411807,2721866.126422,0.541001651073198,0.00678774536782242,0.000366905155017428,0.00862227114290956,0.0254999082737112,0.417721518987342
234273.411807,2721866.126422,0.418131868131868,0.000549450549450549,0.000183150183150183,0,0.000549450549450549,0.580586080586081
234773.411807,2721866.126422,0.575229357798165,0.000917431192660551,0,0.0108256880733945,0.00954128440366972,0.40348623853211
235273.411807,2721866.126422,0.75032104201064,0,0,0.000183452577508714,0.000183452577508714,0.249312052834342
235773.411807,2721866.126422,0.7003663003663,0,0,0,0,0.2996336996337
236273.411807,2721866.126422,0.593577981651376,0.0179816513761468,0.00018348623853211,0.00715596330275229,0.0638532110091743,0.317247706422018
236773.411807,2721866.126422,0.730875068794717,0.000183452577508714,0,0.000183452577508714,0.00110071546505228,0.267657310585214
237273.411807,2721866.126422,0.682766190998902,0.0123490669593853,0,0,0,0.304884742041712
224773.411807,2721366.126422,0.0755377688844422,0.0550275137568784,0.308154077038519,0.0635317658829415,0.0655327663831916,0.432216108054027
225273.411807,2721366.126422,0.462412907957462,0.0320865419875321,0.000366703337000367,0.00201686835350202,0.00825082508250825,0.494866153281995
225773.411807,2721366.126422,0.678021978021978,0.000366300366300366,0,0.000183150183150183,0.000183150183150183,0.321245421245421
226273.411807,2721366.126422,0.551282051282051,0.00311355311355311,0,0.0032967032967033,0.0115384615384615,0.430769230769231
226773.411807,2721366.126422,0.767693436010268,0.000183351668500183,0,0.000733406674000733,0.00183351668500183,0.22955628896223
227273.411807,2721366.126422,0.297435897435897,0.0553113553113553,0.00238095238095238,0.0672161172161172,0.0673992673992674,0.51025641025641
227773.411807,2721366.126422,0.174358974358974,0.0725274725274725,0,0.0195970695970696,0.0208791208791209,0.712637362637363
228273.411807,2721366.126422,0.245324532453245,0.139347268060139,0,0.0652731939860653,0.100843417675101,0.449211587825449
228773.411807,2721366.126422,0.413003663003663,0.0104395604395604,0,0.000549450549450549,0.00457875457875458,0.571428571428571
229273.411807,2721366.126422,0.327655677655678,0.00238095238095238,0,0.00183150183150183,0.00677655677655678,0.661355311355311
229773.411807,2721366.126422,0.242024202420242,0.00861752841950862,0,0.00348368170150348,0.0172350568390172,0.728639530619729
230273.411807,2721366.126422,0.0653846153846154,0.126739926739927,0.0366300366300366,0.0155677655677656,0.0620879120879121,0.693589743589744
230773.411807,2721366.126422,0.102197802197802,0.219230769230769,0.0318681318681319,0.0183150183150183,0.0494505494505494,0.578937728937729
231273.411807,2721366.126422,0.103960396039604,0.157315731573157,0.0724239090575724,0.0647231389805647,0.0451045104510451,0.556472313898057
231773.411807,2721366.126422,0.030952380952381,0.154212454212454,0.0527472527472527,0.0620879120879121,0.0472527472527473,0.652747252747253
232273.411807,2721366.126422,0.0445054945054945,0.0391941391941392,0,0.108424908424908,0.11959706959707,0.688278388278388
232773.411807,2721366.126422,0.0447378071140447,0.0627062706270627,0,0.113861386138614,0.111661166116612,0.667033370003667
233273.411807,2721366.126422,0.0452380952380952,0.0706959706959707,0.00201465201465201,0.0562271062271062,0.145604395604396,0.68021978021978
233773.411807,2721366.126422,0.0197802197802198,0.0793040293040293,0,0.0238095238095238,0.0802197802197802,0.796886446886447
234273.411807,2721366.126422,0.40979097909791,0.0315364869820315,0.00678401173450678,0.0088008800880088,0.0295196186285295,0.513568023469014
234773.411807,2721366.126422,0.801282051282051,0,0,0,0,0.198717948717949
235273.411807,2721366.126422,0.829120879120879,0,0,0,0,0.170879120879121
235773.411807,2721366.126422,0.772093876054272,0.0033003300330033,0,0.00146681334800147,0.0287862119545288,0.194352768610194
236273.411807,2721366.126422,0.606593406593407,0.0137362637362637,0.000183150183150183,0.0142857142857143,0.0428571428571429,0.322344322344322
236773.411807,2721366.126422,0.708791208791209,0.000183150183150183,0,0.00567765567765568,0.00805860805860806,0.277289377289377
237273.411807,2721366.126422,0.691652937946183,0.00796265788028556,0,0.00329489291598023,0.00302031850631521,0.294069192751236
224773.411807,2720866.126422,0.0698897795591182,0.298597194388778,0.0230460921843687,0.0210420841683367,0.0488476953907816,0.538577154308617
225273.411807,2720866.126422,0.315191497159612,0.0124610591900312,0,0,0.000549752611324904,0.671797691039032
225773.411807,2720866.126422,0.53110662506882,0.00293631859056708,0,0,0,0.465957056340613
226273.411807,2720866.126422,0.619475518063451,0.00165046763249587,0,0.00311754997249221,0.00275077938749312,0.373005684944067
226773.411807,2720866.126422,0.462341946124244,0.0318856514568444,0.00128275609309144,0.0919919369617006,0.034084661902144,0.378413047461975
227273.411807,2720866.126422,0.233987887685814,0.0456964580657001,0.00917599559552211,0.198568544687099,0.0910258763075794,0.421545237658286
227773.411807,2720866.126422,0.260407115349349,0.0489638730973776,0.000183385292499542,0.075187969924812,0.0768384375573079,0.538419218778654
228273.411807,2720866.126422,0.196628183983874,0.164192779915705,0,0.0119113065787062,0.0212571009712296,0.606010628550486
228773.411807,2720866.126422,0.255643237291246,0.0719398054688934,0,0.0132134336575518,0.0411084602679391,0.61809506331437
229273.411807,2720866.126422,0.344397579314139,0.011186502842472,0,0.000550155877498625,0.00806895286997983,0.635796809095911
229773.411807,2720866.126422,0.235294117647059,0.00384826827927433,0,0.00201575957485798,0.0047645226314825,0.754077331867326
230273.411807,2720866.126422,0.325380803817214,0.0350523031748945,0.000367039823820885,0.132134336575518,0.0501009359515507,0.456964580657001
230773.411807,2720866.126422,0.208875848156978,0.0586832935998533,0.00256739409499358,0.512745277828718,0.0825233816247937,0.134604804694663
231273.411807,2720866.126422,0.222649807586586,0.0613890415979476,0.00494777350192413,0.310793476269012,0.0888766721641928,0.311343228880337
231773.411807,2720866.126422,0.087538997981281,0.0357863828225362,0.00550559735731327,0.566342448155625,0.102220590934116,0.202605982749128
232273.411807,2720866.126422,0.0779387493123052,0.235283330276912,0.0181551439574546,0.120484137172199,0.163763066202091,0.384375573079039
232773.411807,2720866.126422,0.064687557265897,0.0956569543705333,0.0450797141286421,0.127176104086494,0.131940626717977,0.535459043430456
233273.411807,2720866.126422,0.0304643053771334,0.0928610754266838,0,0.0541383740135805,0.127546338777757,0.694989906404845
233773.411807,2720866.126422,0.0478635613423803,0.0651017788373372,0,0.00953603520997616,0.0363102879149092,0.841188336695397
234273.411807,2720866.126422,0.0698185816382628,0.0298698918819864,0.00458127176104087,0.0586402785413231,0.109584020524097,0.727505955653289
234773.411807,2720866.126422,0.756469076894843,0.00880895577170123,0,0.00385391815011929,0.012846393833731,0.218021655349605
235273.411807,2720866.126422,0.87584815697781,0,0,0,0,0.12415184302219
235773.411807,2720866.126422,0.649441084845153,0.00513102437236577,0,0.0102620487447315,0.0678028220634048,0.267363019974345
236273.411807,2720866.126422,0.650027527986787,0.00752431638832813,0.00165167920719398,0.00422095797394017,0.00550559735731327,0.331069921086438
236773.411807,2720866.126422,0.849807445442875,0.00623509994498441,0,0.00146708233999633,0.00275077938749312,0.139739592884651
237273.411807,2720866.126422,0.872597473915431,0.00192202086765513,0,0.0013728720483251,0.00192202086765513,0.122185612300934
224773.411807,2720366.126422,0.0167835671342685,0.412575150300601,0,0.0105210420841683,0.0187875751503006,0.541332665330661
225273.411807,2720366.126422,0.174725274725275,0.0353479853479853,0,0.0142857142857143,0.0269230769230769,0.748717948717949
225773.411807,2720366.126422,0.656146788990826,0.00330275229357798,0.000917431192660551,0,0.00073394495412844,0.338899082568807
226273.411807,2720366.126422,0.702990277013392,0.00843881856540084,0,0.00642084021280499,0.00880572372041827,0.273344340487984
226773.411807,2720366.126422,0.277838827838828,0.0613553113553114,0.00567765567765568,0.343589743589744,0.0928571428571429,0.218681318681319
227273.411807,2720366.126422,0.21302752293578,0.131926605504587,0,0.0667889908256881,0.0310091743119266,0.557247706422018
227773.411807,2720366.126422,0.694184553292974,0.00568702990277013,0,0.0207301412584847,0.0121078701155751,0.267290405430196
228273.411807,2720366.126422,0.774175824175824,0.000732600732600733,0,0,0,0.225091575091575
228773.411807,2720366.126422,0.301100917431193,0.0495412844036697,0,0.00165137614678899,0.0144954128440367,0.633211009174312
229273.411807,2720366.126422,0.296092460099064,0.0366905155017428,0,0.0487983856173179,0.0598055402678408,0.558613098514034
229773.411807,2720366.126422,0.391208791208791,0.0102564102564103,0,0.0106227106227106,0.0421245421245421,0.545787545787546
230273.411807,2720366.126422,0.20348623853211,0.0132110091743119,0,0.0154128440366972,0.0335779816513761,0.734311926605505
230773.411807,2720366.126422,0.232984773436067,0.0376077783892864,0.0143093010456797,0.377728857090442,0.0843881856540084,0.252981104384517
231273.411807,2720366.126422,0.226373626373626,0.0265567765567766,0.000549450549450549,0.123260073260073,0.102014652014652,0.521245421245421
231773.411807,2720366.126422,0.071743119266055,0.0695412844036697,0.00532110091743119,0.231009174311927,0.0834862385321101,0.538899082568807
232273.411807,2720366.126422,0.10420106402495,0.076316272243625,0.000733810310034856,0.352228948816731,0.104567969179967,0.361951935424693
232773.411807,2720366.126422,0.097985347985348,0.11007326007326,0.00824175824175824,0.0545787545787546,0.132967032967033,0.596153846153846
233273.411807,2720366.126422,0.0588990825688073,0.14,0,0.0102752293577982,0.0486238532110092,0.742201834862385
233773.411807,2720366.126422,0.0478811227297744,0.0764997248211337,0.100348559897267,0.016694184553293,0.0396257567418822,0.71895065125665
234273.411807,2720366.126422,0.0457875457875458,0.0496336996336996,0.00714285714285714,0.0263736263736264,0.0683150183150183,0.802747252747253
234773.411807,2720366.126422,0.587522935779817,0.0214678899082569,0.00036697247706422,0.00788990825688073,0.0403669724770642,0.342385321100917
235273.411807,2720366.126422,0.811043845166025,0,0,0,0.000183452577508714,0.188772702256467
235773.411807,2720366.126422,0.593589743589744,0.00274725274725275,0.00128205128205128,0.0267399267399267,0.0688644688644689,0.306776556776557
236273.411807,2720366.126422,0.758899082568807,0.0036697247706422,0.00036697247706422,0.00403669724770642,0.00495412844036697,0.228073394495413
236773.411807,2720366.126422,0.728857090442121,0.00311869381764814,0.00091726288754357,0.002568336085122,0.00238488350761328,0.262153733259952
237273.411807,2720366.126422,0.807628979143798,0.00137211855104281,0,0.0115257958287596,0.00713501646542261,0.172338090010977
224773.411807,2719866.126422,0.0270135067533767,0.165832916458229,0.0162581290645323,0.00400200100050025,0.0270135067533767,0.759879939969985
225273.411807,2719866.126422,0.205537220388706,0.0335533553355336,0,0.0148514851485149,0.0392372570590392,0.706820682068207
225773.411807,2719866.126422,0.479120879120879,0.052014652014652,0.00183150183150183,0.00476190476190476,0.0113553113553114,0.450915750915751
226273.411807,2719866.126422,0.475641025641026,0.0210622710622711,0,0.0153846153846154,0.0476190476190476,0.44029304029304
226773.411807,2719866.126422,0.39017235056839,0.0456545654565457,0,0.0496883021635497,0.0135680234690136,0.500916758342501
227273.411807,2719866.126422,0.425274725274725,0.0289377289377289,0.00201465201465201,0.0375457875457875,0.0234432234432234,0.482783882783883
227773.411807,2719866.126422,0.803296703296703,0,0,0,0,0.196703296703297
228273.411807,2719866.126422,0.43967730106344,0.017968463513018,0.00055005500550055,0.00348368170150348,0.0238357169050238,0.514484781811514
228773.411807,2719866.126422,0.534798534798535,0.00970695970695971,0.000183150183150183,0.00293040293040293,0.0137362637362637,0.438644688644689
229273.411807,2719866.126422,0.522710622710623,0.0192307692307692,0,0.0216117216117216,0.0302197802197802,0.406227106227106
229773.411807,2719866.126422,0.405207187385405,0.0392372570590392,0,0.00348368170150348,0.0126512651265127,0.539420608727539
230273.411807,2719866.126422,0.297619047619048,0.00549450549450549,0,0.00274725274725275,0.0126373626373626,0.681501831501832
230773.411807,2719866.126422,0.413186813186813,0.0179487179487179,0,0.0987179487179487,0.0368131868131868,0.433333333333333
231273.411807,2719866.126422,0.232306563989732,0.0478547854785479,0,0.0748074807480748,0.118628529519619,0.526402640264026
231773.411807,2719866.126422,0.0335164835164835,0.161904761904762,0.000732600732600733,0.114285714285714,0.0767399267399267,0.612820512820513
232273.411807,2719866.126422,0.0765567765567766,0.0626373626373626,0.000732600732600733,0.458241758241758,0.141025641025641,0.260805860805861
232773.411807,2719866.126422,0.0377704437110378,0.170517051705171,0,0.0319031903190319,0.0612394572790612,0.698569856985699
233273.411807,2719866.126422,0.0584249084249084,0.0857142857142857,0.000366300366300366,0.054029304029304,0.078021978021978,0.723443223443223
233773.411807,2719866.126422,0.0673992673992674,0.13974358974359,0,0.0402930402930403,0.110805860805861,0.641758241758242
234273.411807,2719866.126422,0.0881921525485882,0.0887422075540887,0.00916758342500917,0.0295196186285295,0.0979097909790979,0.686468646864686
234773.411807,2719866.126422,0.493772893772894,0.0119047619047619,0.0010989010989011,0.0373626373626374,0.0344322344322344,0.421428571428571
235273.411807,2719866.126422,0.825824175824176,0,0,0,0,0.174175824175824
235773.411807,2719866.126422,0.738540520718739,0.0119178584525119,0,0.00953428676200953,0.0539053905390539,0.186101943527686
236273.411807,2719866.126422,0.706776556776557,0.0010989010989011,0.00256410256410256,0.00970695970695971,0.00897435897435897,0.270879120879121
236773.411807,2719866.126422,0.607142857142857,0.0032967032967033,0.000366300366300366,0.0600732600732601,0.063003663003663,0.266117216117216
237273.411807,2719866.126422,0.544206479956068,0.029104887424492,0.0107084019769358,0.00658978583196046,0.0241625480505217,0.385227896760022
224773.411807,2719366.126422,0.0187875751503006,0.149549098196393,0,0.00701402805611222,0.031062124248497,0.793587174348697
225273.411807,2719366.126422,0.190764156129742,0.109217518783214,0.00293201392706615,0.0161260765988638,0.0507604911123328,0.630199743448781
225773.411807,2719366.126422,0.522114149385208,0.0304643053771334,0.00183519911910442,0.0310148651128647,0.0418425399155808,0.372728941090108
226273.411807,2719366.126422,0.482303319273794,0.0177883733724555,0.000550155877498625,0.0618008435723455,0.0597836053548505,0.377773702549056
226773.411807,2719366.126422,0.387575590984057,0.0298698918819864,0.00293201392706615,0.00329851566794942,0.0113615539673813,0.56496243357156
227273.411807,2719366.126422,0.424114516425032,0.00422095797394017,0.000734079647641769,0.000550559735731327,0.00330335841438796,0.567076527803267
227773.411807,2719366.126422,0.876948468732808,0,0,0,0,0.123051531267192
228273.411807,2719366.126422,0.540590067802822,0.0208905992303463,0,0.00586402785413231,0.0271211288253619,0.405534176287337
228773.411807,2719366.126422,0.804000734079648,0.000183519911910442,0,0,0.000550559735731327,0.195265186272711
229273.411807,2719366.126422,0.50394278378874,0.00293416467999266,0,0.00403447643498991,0.0128369704749679,0.476251604621309
229773.411807,2719366.126422,0.346893897746014,0.222833058457028,0,0.0214403518416712,0.047645226314825,0.361187465640462
230273.411807,2719366.126422,0.490732244448523,0.00752431638832813,0,0.0148651128647458,0.0356028629106258,0.451275463387778
230773.411807,2719366.126422,0.538785989363653,0.000183385292499542,0,0.00128369704749679,0.00110031175499725,0.458646616541353
231273.411807,2719366.126422,0.290269378779549,0.0351841671247938,0,0.0652373098772219,0.0793476269012278,0.529961517317207
231773.411807,2719366.126422,0.11635162415122,0.251789319141127,0.00789135621214902,0.0284455863461186,0.0792806019453111,0.516241512204074
232273.411807,2719366.126422,0.0748211993398129,0.0849073904272877,0.00128369704749679,0.484320557491289,0.130937098844673,0.223730056849441
232773.411807,2719366.126422,0.0498442367601246,0.165109034267913,0.000366501740883269,0.047645226314825,0.059190031152648,0.677844969763606
233273.411807,2719366.126422,0.0396403009726555,0.302624334740319,0,0.0275279867865663,0.0732244448522665,0.556982932648192
233773.411807,2719366.126422,0.0410783055198973,0.113698881349716,0,0.0383275261324042,0.0540986612873648,0.752796625710618
234273.411807,2719366.126422,0.074216602528862,0.133589884551952,0.0388491845336265,0.0896096756459593,0.0943741982774418,0.569360454462159
234773.411807,2719366.126422,0.222976692971187,0.127729858689668,0.0317489447605065,0.0857037988621766,0.168654799045696,0.363185905670765
235273.411807,2719366.126422,0.20814230698698,0.0608839171098478,0.00275077938749312,0.048413717219879,0.104529616724739,0.575279662571062
235773.411807,2719366.126422,0.299065420560748,0.0885101704233095,0.000916254352208173,0.0311526479750779,0.131574124977094,0.448781381711563
236273.411807,2719366.126422,0.41090108276748,0.0378051018535511,0,0.0968985134887135,0.140392732611488,0.314002569278767
236773.411807,2719366.126422,0.315422703099211,0.0386942967174033,0.000550155877498625,0.170731707317073,0.101412066752246,0.373189070236567
237273.411807,2719366.126422,0.364909390444811,0.0450302031850632,0,0.189730917078528,0.143053267435475,0.257276221856123
224773.411807,2718866.126422,0.031312625250501,0.177104208416834,0.0293086172344689,0.0117735470941884,0.0493486973947896,0.701152304609218
225273.411807,2718866.126422,0.0419413919413919,0.176739926739927,0,0.00714285714285714,0.0322344322344322,0.741941391941392
225773.411807,2718866.126422,0.178348623853211,0.109357798165138,0,0.0113761467889908,0.0891743119266055,0.611743119266055
226273.411807,2718866.126422,0.532012474775271,0.00201797835259585,0,0,0.001284168042561,0.464685378829573
226773.411807,2718866.126422,0.545787545787546,0,0,0.000183150183150183,0,0.454029304029304
227273.411807,2718866.126422,0.438348623853211,0.0135779816513761,0,0.00110091743119266,0.00623853211009174,0.540733944954128
227773.411807,2718866.126422,0.733810310034856,0.000733810310034856,0,0,0,0.265455879655109
228273.411807,2718866.126422,0.556593406593407,0.0195970695970696,0,0.000549450549450549,0.00512820512820513,0.418131868131868
228773.411807,2718866.126422,0.612477064220183,0.00275229357798165,0,0.00055045871559633,0.0036697247706422,0.380550458715596
229273.411807,2718866.126422,0.629242340854889,0.00330214639515685,0,0.00311869381764814,0.00311869381764814,0.361218125114658
229773.411807,2718866.126422,0.461172161172161,0.135714285714286,0,0.00714285714285714,0.0161172161172161,0.37985347985348
230273.411807,2718866.126422,0.441651376146789,0.26605504587156,0,0.0104587155963303,0.0521100917431193,0.229724770642202
230773.411807,2718866.126422,0.32104201064025,0.0121078701155751,0,0.0368739680792515,0.0249495505411851,0.605026600623739
231273.411807,2718866.126422,0.0567765567765568,0.0976190476190476,0.00311355311355311,0.295054945054945,0.0948717948717949,0.452564102564103
231773.411807,2718866.126422,0.0864220183486239,0.0664220183486239,0.00385321100917431,0.257247706422018,0.12605504587156,0.46
232273.411807,2718866.126422,0.131352045496239,0.076316272243625,0.00605393505778756,0.478627774720235,0.114841313520455,0.192808658961658
232773.411807,2718866.126422,0.0628205128205128,0.0597069597069597,0.00183150183150183,0.525824175824176,0.115934065934066,0.233882783882784
233273.411807,2718866.126422,0.0427522935779817,0.211009174311927,0,0.138532110091743,0.0812844036697248,0.526422018348624
233773.411807,2718866.126422,0.0772335351311686,0.10842047330765,0.002568336085122,0.243808475509081,0.155751238304898,0.41221794166208
234273.411807,2718866.126422,0.0375457875457875,0.0847985347985348,0.021978021978022,0.126556776556777,0.110622710622711,0.618498168498169
234773.411807,2718866.126422,0.0908256880733945,0.0570642201834862,0,0.343853211009174,0.257247706422018,0.251009174311927
235273.411807,2718866.126422,0.252614199229499,0.127682993946065,0.00183452577508714,0.101632727939828,0.177765547605944,0.338470005503577
235773.411807,2718866.126422,0.422344322344322,0.0338827838827839,0.000366300366300366,0.054029304029304,0.108241758241758,0.381135531135531
236273.411807,2718866.126422,0.465321100917431,0.0172477064220183,0,0.0403669724770642,0.0899082568807339,0.387155963302752
236773.411807,2718866.126422,0.76169510181618,0.016694184553293,0,0.015410016510732,0.0157769216657494,0.190423775454045
237273.411807,2718866.126422,0.78430296377607,0.00987925356750823,0,0.00109769484083425,0.000823271130625686,0.203896816684962
224773.411807,2718366.126422,0.0187593796898449,0.165832916458229,0.00575287643821911,0.00100050025012506,0.00650325162581291,0.802151075537769
225273.411807,2718366.126422,0.193436010267693,0.162082874954162,0,0.00311697836450312,0.0412541254125413,0.6001100110011
225773.411807,2718366.126422,0.330586080586081,0.107875457875458,0,0.00457875457875458,0.0587912087912088,0.498168498168498
226273.411807,2718366.126422,0.41959706959707,0.00201465201465201,0,0.000183150183150183,0.00311355311355311,0.575091575091575
226773.411807,2718366.126422,0.492299229922992,0.00495049504950495,0,0.00201686835350202,0.0044004400440044,0.496332966629996
227273.411807,2718366.126422,0.547435897435897,0.00384615384615385,0,0.000915750915750916,0.00677655677655678,0.441025641025641
227773.411807,2718366.126422,0.62032967032967,0.000549450549450549,0,0.00128205128205128,0.00366300366300366,0.374175824175824
228273.411807,2718366.126422,0.692152548588192,0.00183351668500183,0,0.000366703337000367,0.00293362669600293,0.302713604693803
228773.411807,2718366.126422,0.72967032967033,0.00311355311355311,0,0.0010989010989011,0.00347985347985348,0.262637362637363
229273.411807,2718366.126422,0.675641025641026,0.0340659340659341,0,0.0032967032967033,0.0228937728937729,0.264102564102564
229773.411807,2718366.126422,0.504217088375504,0.00861752841950862,0,0.00421708837550422,0.0128346167950128,0.47011367803447
230273.411807,2718366.126422,0.273260073260073,0.0534798534798535,0,0.0728937728937729,0.0815018315018315,0.518864468864469
230773.411807,2718366.126422,0.194322344322344,0.0377289377289377,0.000366300366300366,0.202930402930403,0.111721611721612,0.452930402930403
231273.411807,2718366.126422,0.0641730839750642,0.0696736340300697,0.00843417675100843,0.484415108177484,0.122662266226623,0.250641730839751
231773.411807,2718366.126422,0.0926739926739927,0.0968864468864469,0.00714285714285714,0.562271062271062,0.108791208791209,0.132234432234432
232273.411807,2718366.126422,0.0710622710622711,0.0335164835164835,0.00622710622710623,0.763369963369963,0.0738095238095238,0.052014652014652
232773.411807,2718366.126422,0.0891089108910891,0.0577557755775578,0.00183351668500183,0.636596993032637,0.115878254492116,0.0988265493215988
233273.411807,2718366.126422,0.0967032967032967,0.123260073260073,0.00860805860805861,0.38956043956044,0.106776556776557,0.275091575091575
233773.411807,2718366.126422,0.0728937728937729,0.138827838827839,0.000366300366300366,0.043956043956044,0.0652014652014652,0.678754578754579
234273.411807,2718366.126422,0.1002933626696,0.0683901723505684,0.046021268793546,0.0936927026035937,0.2995966263293,0.392005867253392
234773.411807,2718366.126422,0.269413919413919,0.0366300366300366,0.000366300366300366,0.139194139194139,0.11043956043956,0.443956043956044
235273.411807,2718366.126422,0.506410256410256,0.0340659340659341,0,0.036996336996337,0.0855311355311355,0.336996336996337
235773.411807,2718366.126422,0.717638430509718,0.0100843417675101,0,0.00751741840850752,0.0232856618995233,0.241474147414741
236273.411807,2718366.126422,0.747435897435897,0.00659340659340659,0,0.00201465201465201,0.0181318681318681,0.225824175824176
236773.411807,2718366.126422,0.837912087912088,0.00622710622710623,0,0.000366300366300366,0.000366300366300366,0.155128205128205
237273.411807,2718366.126422,0.920647995606809,0.00494233937397035,0,0,0,0.0744096650192202
224773.411807,2717866.126422,0.0480961923847695,0.126002004008016,0.00150300601202405,0.00100200400801603,0.00676352705410822,0.816633266533066
225273.411807,2717866.126422,0.16932380428807,0.289536375297783,0,0.03811618105186,0.123511086677662,0.379512552684625
