"x","y","forest","agri","water","built","other","grass"
173273.411807,2516366.126422,0.0262385321100917,0.438899082568807,0,0.0464220183486239,0.0656880733944954,0.422752293577982
173773.411807,2516366.126422,0.104384516602458,0.10126582278481,0,0.380297193175564,0.179966978536048,0.234085488901119
174273.411807,2516366.126422,0.0723443223443224,0.0805860805860806,0,0.492307692307692,0.186263736263736,0.168498168498169
174773.411807,2516366.126422,0.0423853211009174,0.346788990825688,0,0.0242201834862385,0.0842201834862385,0.502385321100917
175273.411807,2516366.126422,0.0720968629609246,0.411851036507063,0.0333883691065859,0.111355714547789,0.0486149330398092,0.322693083837828
175773.411807,2516366.126422,0.0472527472527473,0.335714285714286,0,0.191575091575092,0.177289377289377,0.248168498168498
176273.411807,2516366.126422,0.0715596330275229,0.385137614678899,0.0135779816513761,0.12,0.143853211009174,0.265871559633027
176773.411807,2516366.126422,0.0381581361218125,0.603558980003669,0,0.0592551825353146,0.077600440286186,0.221427261053018
177273.411807,2516366.126422,0.0159340659340659,0.477472527472527,0,0.0538461538461538,0.0752747252747253,0.377472527472527
177773.411807,2516366.126422,0.0273394495412844,0.494862385321101,0,0.0820183486238532,0.0513761467889908,0.344403669724771
178273.411807,2516366.126422,0.0805356815263254,0.157402311502477,0,0.277930654925702,0.224362502293157,0.259768849752339
178773.411807,2516366.126422,0.122344322344322,0.0415750915750916,0,0.156410256410256,0.154395604395604,0.525274725274725
179273.411807,2516366.126422,0.15045871559633,0.00238532110091743,0,0.0524770642201835,0.115596330275229,0.679082568807339
179773.411807,2516366.126422,0.0759493670886076,0.0304531278664465,0.001284168042561,0.147312419739497,0.165290772335351,0.579710144927536
180273.411807,2516366.126422,0.233333333333333,0.0507326007326007,0,0.0188644688644689,0.0360805860805861,0.660989010989011
180773.411807,2516366.126422,0.102385321100917,0.469174311926606,0,0.0128440366972477,0.0651376146788991,0.35045871559633
181273.411807,2516366.126422,0.0790680609062557,0.180150431113557,0,0.286919831223629,0.195010089891763,0.258851586864795
181773.411807,2516366.126422,0.253846153846154,0.0386446886446886,0,0.291025641025641,0.100915750915751,0.315567765567766
182273.411807,2516366.126422,0.170091743119266,0.0188990825688073,0.00954128440366972,0.244587155963303,0.117064220183486,0.439816513761468
182773.411807,2516366.126422,0.0401761144744084,0.0227481196110805,0,0.738396624472574,0.124013942395891,0.0746651990460466
183273.411807,2516366.126422,0.0787545787545788,0.023992673992674,0,0.489010989010989,0.191758241758242,0.216483516483516
183773.411807,2516366.126422,0.229724770642202,0.0222018348623853,0,0.14697247706422,0.148440366972477,0.452660550458716
184273.411807,2516366.126422,0.172812328013209,0.0190790680609063,0,0.0599889928453495,0.17116125481563,0.576958356264906
184773.411807,2516366.126422,0.257875457875458,0.0223443223443223,0.000549450549450549,0.217948717948718,0.185164835164835,0.316117216117216
185273.411807,2516366.126422,0.122018348623853,0.0288073394495413,0,0.0174311926605505,0.101651376146789,0.730091743119266
173273.411807,2515866.126422,0.0547619047619048,0.166117216117216,0,0.446703296703297,0.181318681318681,0.151098901098901
173773.411807,2515866.126422,0.0642857142857143,0.454395604395604,0,0.0210622710622711,0.06996336996337,0.39029304029304
174273.411807,2515866.126422,0.0832416574990832,0.184635130179685,0,0.341950861752842,0.183168316831683,0.207004033736707
174773.411807,2515866.126422,0.165384615384615,0.145787545787546,0.0313186813186813,0.163369963369963,0.111538461538462,0.382600732600733
175273.411807,2515866.126422,0.0787545787545788,0.598534798534799,0.0010989010989011,0.0161172161172161,0.0227106227106227,0.282783882783883
175773.411807,2515866.126422,0.0385038503850385,0.687935460212688,0,0.00403373670700403,0.00788412174550788,0.261642830949762
176273.411807,2515866.126422,0.013003663003663,0.751282051282051,0,0.000183150183150183,0.0043956043956044,0.231135531135531
176773.411807,2515866.126422,0.0305860805860806,0.64981684981685,0.0141025641025641,0.0223443223443223,0.0516483516483516,0.231501831501832
177273.411807,2515866.126422,0.05995599559956,0.24000733406674,0,0.426475980931426,0.135130179684635,0.138430509717638
177773.411807,2515866.126422,0.0758241758241758,0.0642857142857143,0,0.431868131868132,0.203296703296703,0.224725274725275
178273.411807,2515866.126422,0.204945054945055,0.028021978021978,0,0.105311355311355,0.16959706959707,0.492124542124542
178773.411807,2515866.126422,0.10982764943161,0.0265859919325266,0,0.0258525852585259,0.0947928126145948,0.742940960762743
179273.411807,2515866.126422,0.0822344322344322,0.0139194139194139,0,0.0148351648351648,0.0619047619047619,0.827106227106227
179773.411807,2515866.126422,0.0705128205128205,0.0593406593406593,0,0.131501831501832,0.169413919413919,0.569230769230769
180273.411807,2515866.126422,0.195086175284195,0.17968463513018,0,0.0603226989365603,0.152915291529153,0.411991199119912
180773.411807,2515866.126422,0.120695970695971,0.224358974358974,0.00164835164835165,0.235347985347985,0.121794871794872,0.296153846153846
181273.411807,2515866.126422,0.147252747252747,0.129487179487179,0,0.303479853479853,0.105494505494505,0.314285714285714
181773.411807,2515866.126422,0.134580124679135,0.0166850018335167,0.00568390172350568,0.620645397873121,0.119361936193619,0.103043637697103
182273.411807,2515866.126422,0.067032967032967,0.0192307692307692,0,0.235531135531136,0.14029304029304,0.537912087912088
182773.411807,2515866.126422,0.243406593406593,0.0291208791208791,0,0.112820512820513,0.0954212454212454,0.519230769230769
183273.411807,2515866.126422,0.0826916024935827,0.0548221488815548,0,0.153465346534653,0.112211221122112,0.596809680968097
183773.411807,2515866.126422,0.387362637362637,0.0131868131868132,0,0.0153846153846154,0.0749084249084249,0.509157509157509
184273.411807,2515866.126422,0.229120879120879,0.0347985347985348,0,0.187545787545788,0.102564102564103,0.445970695970696
184773.411807,2515866.126422,0.137147048038137,0.0672900623395673,0,0.178034470113678,0.114961496149615,0.502566923359003
185273.411807,2515866.126422,0.228388278388278,0.0250915750915751,0,0.0584249084249084,0.0858974358974359,0.602197802197802
173273.411807,2515366.126422,0.0489998164800881,0.234171407597724,0,0.243714443017067,0.0873554780693705,0.38575885483575
173773.411807,2515366.126422,0.04401247019989,0.198789657069503,0,0.439757931413901,0.110397946084724,0.207041995231982
174273.411807,2515366.126422,0.0608392889866227,0.139087410665201,0.0434304562946674,0.427524280740333,0.142202675462708,0.186915887850467
174773.411807,2515366.126422,0.0501009359515507,0.309598091392916,0.0734079647641769,0.341897595889154,0.082583960359699,0.142411451642503
175273.411807,2515366.126422,0.0121034293049697,0.606088391710985,0.0258573262424354,0.163396295617092,0.0267742527049331,0.165780304419586
175773.411807,2515366.126422,0.0886934212937511,0.268645776067436,0.0192413413963716,0.144035184167125,0.156862745098039,0.322521531977277
176273.411807,2515366.126422,0.0906588364837585,0.509267755551477,0.00165167920719398,0.0489998164800881,0.0757937236190127,0.273628188658469
176773.411807,2515366.126422,0.0629011553273428,0.42417018155144,0.00165046763249587,0.0278745644599303,0.0462130937098845,0.437190537318907
177273.411807,2515366.126422,0.117647058823529,0.109034267912773,0,0.192046912222833,0.167857797324537,0.413413963716328
177773.411807,2515366.126422,0.127362818865847,0.0367039823820885,0,0.143329051202055,0.174710956138741,0.517893191411268
178273.411807,2515366.126422,0.0680359435173299,0.0418118466898955,0,0.0469466348798826,0.158078122134605,0.685127452778287
178773.411807,2515366.126422,0.12552684625252,0.0181418361737218,0.000916254352208173,0.139637163276526,0.27689206523731,0.438885834707715
179273.411807,2515366.126422,0.113415305560653,0.0187190310148651,0,0.0222059093411635,0.176913195081666,0.668746559001652
179773.411807,2515366.126422,0.234733174399413,0.0737208875848157,0,0.0557491289198606,0.0979277461947552,0.537869062901155
180273.411807,2515366.126422,0.12662635147517,0.0232728605460876,0.00128275609309144,0.525563496426608,0.184533626534726,0.138720908924317
180773.411807,2515366.126422,0.14516425032116,0.0216553496054322,0.00403743806202973,0.424298036336943,0.148284088823637,0.256560836850798
181273.411807,2515366.126422,0.0286081056299285,0.0150375939849624,0.000183385292499542,0.799926645883,0.117366587199707,0.0388776820099028
181773.411807,2515366.126422,0.0329851566794942,0.0236393622869709,0.00109950522264981,0.799890049477735,0.0881436686824262,0.0542422576507238
182273.411807,2515366.126422,0.0548724536612222,0.063497889521013,0,0.195815746008442,0.125344099834832,0.560469810974491
182773.411807,2515366.126422,0.0473134054648817,0.0698697964423253,0,0.0236567027324409,0.0861910874747845,0.772969007885568
183273.411807,2515366.126422,0.131390874106652,0.0353674179952355,0,0.0448964632582005,0.101337731354224,0.687007513285688
183773.411807,2515366.126422,0.210680858873188,0.0475316571848046,0,0.0792806019453111,0.130666177280235,0.531840704716462
184273.411807,2515366.126422,0.0865578580597836,0.0513478818998716,0.00348432055749129,0.307170364936732,0.249587383091876,0.301852191454245
184773.411807,2515366.126422,0.0914421843503757,0.0208905992303463,0,0.196811434854316,0.153747480300531,0.537108301264431
185273.411807,2515366.126422,0.175261515874472,0.0233070288126262,0,0.0497338961277299,0.104055790053221,0.647641769131951
173273.411807,2514866.126422,0.0539449541284404,0.0409174311926606,0,0.650642201834862,0.124220183486239,0.130275229357798
173773.411807,2514866.126422,0.0324711062190424,0.453494771601541,0,0.107870115575124,0.0772335351311686,0.328930471473124
174273.411807,2514866.126422,0.0362637362637363,0.824908424908425,0.00586080586080586,0.0122710622710623,0.00897435897435897,0.111721611721612
174773.411807,2514866.126422,0.0653211009174312,0.0952293577981651,0.0590825688073394,0.408623853211009,0.13394495412844,0.237798165137615
175273.411807,2514866.126422,0.0383415886993212,0.172261970280682,0.0748486516235553,0.306916162172079,0.171528159970648,0.236103467253715
175773.411807,2514866.126422,0.157509157509158,0.0437728937728938,0.015018315018315,0.158058608058608,0.208608058608059,0.417032967032967
176273.411807,2514866.126422,0.231192660550459,0.00954128440366972,0.00018348623853211,0.100917431192661,0.0877064220183486,0.57045871559633
176773.411807,2514866.126422,0.220143093010457,0.0247660979636764,0,0.0755824619335902,0.136855622821501,0.542652724270776
177273.411807,2514866.126422,0.115384615384615,0.0498168498168498,0.000183150183150183,0.238095238095238,0.218681318681319,0.377838827838828
177773.411807,2514866.126422,0.242935779816514,0.0106422018348624,0,0.0781651376146789,0.168807339449541,0.499449541284404
178273.411807,2514866.126422,0.104384516602458,0.138873601174097,0.00458631443771785,0.0203632361034673,0.0834709227664649,0.648321408915795
178773.411807,2514866.126422,0.268315018315018,0,0,0,0,0.731684981684982
179273.411807,2514866.126422,0.397798165137615,0.00036697247706422,0,0.00110091743119266,0.00880733944954129,0.591926605504587
179773.411807,2514866.126422,0.525775087139974,0.0066042927903137,0.000183452577508714,0.0436617134470739,0.073747936158503,0.350027517886626
180273.411807,2514866.126422,0.107692307692308,0.0256410256410256,0,0.40018315018315,0.189010989010989,0.277472527472527
180773.411807,2514866.126422,0.0295412844036697,0.156880733944954,0.00036697247706422,0.303119266055046,0.185688073394495,0.324403669724771
181273.411807,2514866.126422,0.145844799119428,0.0277013392038158,0.00587048248027885,0.430012841680426,0.201797835259585,0.188772702256467
181773.411807,2514866.126422,0.114102564102564,0.0413919413919414,0,0.385531135531136,0.136813186813187,0.322161172161172
182273.411807,2514866.126422,0.0801834862385321,0.0354128440366972,0,0.353761467889908,0.118165137614679,0.412477064220183
182773.411807,2514866.126422,0.0532012474775271,0.0317372959090075,0.000733810310034856,0.558980003669052,0.101082370207301,0.254265272427078
183273.411807,2514866.126422,0.0708791208791209,0.0166666666666667,0,0.682967032967033,0.126923076923077,0.102564102564103
183773.411807,2514866.126422,0.193211009174312,0.0361467889908257,0,0.410091743119266,0.0743119266055046,0.286238532110092
184273.411807,2514866.126422,0.0928270042194093,0.0210970464135021,0.000366905155017428,0.431297009722987,0.160704457897633,0.293707576591451
184773.411807,2514866.126422,0.181135531135531,0.0421245421245421,0,0.0794871794871795,0.151282051282051,0.545970695970696
185273.411807,2514866.126422,0.403853211009174,0.0273394495412844,0.0225688073394495,0.00330275229357798,0.0436697247706422,0.499266055045872
173273.411807,2514366.126422,0.0391941391941392,0.0155677655677656,0.173443223443223,0.626739926739927,0.107326007326007,0.0377289377289377
173773.411807,2514366.126422,0.093956043956044,0.0197802197802198,0,0.644688644688645,0.144322344322344,0.0972527472527473
174273.411807,2514366.126422,0.0297029702970297,0.151815181518152,0.236890355702237,0.292262559589292,0.158049138247158,0.131279794646131
174773.411807,2514366.126422,0.187179487179487,0.274542124542125,0.115018315018315,0.0139194139194139,0.0507326007326007,0.358608058608059
175273.411807,2514366.126422,0.0437728937728938,0.0935897435897436,0.218498168498168,0.178388278388278,0.146520146520147,0.319230769230769
175773.411807,2514366.126422,0.103960396039604,0.0746241290795746,0,0.220572057205721,0.27007700770077,0.330766409974331
176273.411807,2514366.126422,0.0833333333333333,0.0750915750915751,0,0.392673992673993,0.231868131868132,0.217032967032967
176773.411807,2514366.126422,0.161355311355311,0.0450549450549451,0.000183150183150183,0.171062271062271,0.152014652014652,0.47032967032967
177273.411807,2514366.126422,0.154748808214155,0.072973964063073,0,0.338100476714338,0.152181884855152,0.281994866153282
177773.411807,2514366.126422,0.105128205128205,0.118498168498168,0.0230769230769231,0.293040293040293,0.173809523809524,0.286446886446886
178273.411807,2514366.126422,0.086996336996337,0.0908424908424908,0.017032967032967,0.427289377289377,0.123809523809524,0.254029304029304
178773.411807,2514366.126422,0.183901723505684,0.0487715438210488,0.0231023102310231,0.450678401173451,0.0533553355335534,0.24019068573524
179273.411807,2514366.126422,0.200549450549451,0.036996336996337,0.00622710622710623,0.392124542124542,0.14047619047619,0.223626373626374
179773.411807,2514366.126422,0.0855311355311355,0.122527472527473,0.0120879120879121,0.268681318681319,0.214102564102564,0.297069597069597
180273.411807,2514366.126422,0.0462046204620462,0.0216354968830216,0.00366703337000367,0.811697836450312,0.0821415474880821,0.0346534653465347
180773.411807,2514366.126422,0.0681318681318681,0.0347985347985348,0.00457875457875458,0.721062271062271,0.107326007326007,0.0641025641025641
181273.411807,2514366.126422,0.0747252747252747,0.0238095238095238,0.000915750915750916,0.751465201465201,0.102380952380952,0.0467032967032967
181773.411807,2514366.126422,0.0874587458745875,0.037953795379538,0,0.701686835350202,0.0958929226255959,0.077007700770077
182273.411807,2514366.126422,0.0551282051282051,0.0364468864468864,0.00256410256410256,0.684432234432234,0.14029304029304,0.0811355311355311
182773.411807,2514366.126422,0.120695970695971,0.0100732600732601,0,0.585347985347985,0.151465201465201,0.132417582417582
183273.411807,2514366.126422,0.0317198386505317,0.0174184085075174,0,0.838467180051338,0.0861752841950862,0.0262192885955262
183773.411807,2514366.126422,0.118864468864469,0.0108058608058608,0,0.634249084249084,0.130952380952381,0.105128205128205
184273.411807,2514366.126422,0.0778388278388278,0.0529304029304029,0,0.487545787545788,0.167765567765568,0.213919413919414
184773.411807,2514366.126422,0.184635130179685,0.0157682434910158,0,0.0740740740740741,0.195636230289696,0.52988632196553
185273.411807,2514366.126422,0.521794871794872,0.00787545787545788,0,0.0212454212454212,0.171245421245421,0.277838827838828
173773.411807,2513866.126422,0.0794058316523015,0.0405281496423987,0.118466898954704,0.272693929946818,0.181184668989547,0.307720520814231
174273.411807,2513866.126422,0.0634048011728056,0.0641378046545721,0.0870441634597764,0.252336448598131,0.1434854315558,0.389591350558915
174773.411807,2513866.126422,0.0266103872270141,0.158928243714443,0.499724720132134,0.0489998164800881,0.0282620664342081,0.237474766012112
175273.411807,2513866.126422,0.0601503759398496,0.198973042362003,0.285530900421786,0.0786722904823033,0.0385109114249037,0.338162479369155
175773.411807,2513866.126422,0.0469122228330585,0.0403151914971596,0,0.598497342862379,0.130841121495327,0.183434121312076
176273.411807,2513866.126422,0.0456964580657001,0.0721233253808038,0.000550559735731327,0.2864745824922,0.206643420811158,0.388511653514406
176773.411807,2513866.126422,0.18796992481203,0.0742710434623143,0.028791490922428,0.300201723821749,0.0742710434623143,0.334494773519164
177273.411807,2513866.126422,0.115081546637347,0.0700018325087044,0.0619387942092725,0.536192046912223,0.0731170973062122,0.143668682426242
177773.411807,2513866.126422,0.0657001284639383,0.0484492567443568,0.00752431638832813,0.740319324646724,0.087538997981281,0.0504679757753716
178273.411807,2513866.126422,0.0625343847423437,0.0392444525949019,0.00641848523748395,0.710801393728223,0.138089125252155,0.0429121584448927
178773.411807,2513866.126422,0.0518599963349826,0.0247388675096207,0.00311526479750779,0.670881436686824,0.17152281473337,0.0778816199376947
179273.411807,2513866.126422,0.127546338777757,0.0209212699577904,0,0.631492016883832,0.136355294549459,0.0836850798311617
179773.411807,2513866.126422,0.226847606821933,0.0491472583898771,0.000916926462497708,0.268842838804328,0.165230148542087,0.289015220979277
180273.411807,2513866.126422,0.0976727139453912,0.0425142019424592,0.0465457210921752,0.21861828843687,0.181784863478102,0.412864211105003
180773.411807,2513866.126422,0.10772618829143,0.0234905487245366,0,0.552211414938521,0.169572398605249,0.146999449440264
181273.411807,2513866.126422,0.115532734274711,0.024390243902439,0.000550155877498625,0.651017788373372,0.114799193104713,0.0937098844672657
181773.411807,2513866.126422,0.0848451530144768,0.0337181601612608,0.000916254352208173,0.629283489096573,0.152647975077882,0.0985889682975994
182273.411807,2513866.126422,0.0361534226463571,0.0308313452009543,0,0.759955955221141,0.126261699394384,0.0467975775371628
182773.411807,2513866.126422,0.0997615991197506,0.0959105079772602,0,0.407482119933981,0.153493489822116,0.243352283146892
183273.411807,2513866.126422,0.0274876305662452,0.0155763239875389,0,0.771486164559282,0.146050943741983,0.0393989371449514
183773.411807,2513866.126422,0.0924940356028629,0.0299137456414021,0,0.603413470361534,0.108460267939071,0.165718480455129
184273.411807,2513866.126422,0.0317256556024207,0.0346598202824134,0,0.652668256005868,0.135521731157161,0.145424536952136
184773.411807,2513866.126422,0.16034451163643,0.0252886201209456,0.00128275609309144,0.210371999266997,0.17152281473337,0.431189298149166
185273.411807,2513866.126422,0.589465957056341,0.00807487612405946,0.00146815929528354,0.00642319691686548,0.0311983850247752,0.363369425582676
173773.411807,2513366.126422,0.0110071546505228,0.0834709227664649,0.222344523940561,0.0867730691616217,0.0823702073014126,0.514034122179417
174273.411807,2513366.126422,0.00384615384615385,0.165201465201465,0.461904761904762,0.0899267399267399,0.0428571428571429,0.236263736263736
174773.411807,2513366.126422,0.031743119266055,0.170091743119266,0.351743119266055,0.157614678899083,0.0513761467889908,0.23743119266055
175273.411807,2513366.126422,0.0627407815079802,0.128783709411117,0.0343056319941295,0.510365070629242,0.0458631443771785,0.217941662080352
175773.411807,2513366.126422,0.0697802197802198,0.0725274725274725,0.0782051282051282,0.29981684981685,0.0937728937728938,0.385897435897436
176273.411807,2513366.126422,0.023302752293578,0.0363302752293578,0.0489908256880734,0.756697247706422,0.064954128440367,0.0697247706422018
176773.411807,2513366.126422,0.0405430196294258,0.0187121629058888,0,0.814345991561181,0.0902586681342873,0.0361401577692167
177273.411807,2513366.126422,0.0826007326007326,0.0234432234432234,0.0010989010989011,0.645787545787546,0.0695970695970696,0.177472527472527
177773.411807,2513366.126422,0.130825688073395,0.016697247706422,0.00073394495412844,0.650275229357798,0.107522935779817,0.0939449541284404
178273.411807,2513366.126422,0.124197394973399,0.0264171711612548,0.000183452577508714,0.596587782058338,0.167125298110438,0.0854889011190607
178773.411807,2513366.126422,0.110622710622711,0.0133699633699634,0,0.613003663003663,0.204945054945055,0.0580586080586081
179273.411807,2513366.126422,0.0211009174311927,0.02,0.00036697247706422,0.843119266055046,0.0895412844036697,0.0258715596330275
179773.411807,2513366.126422,0.0911759310218309,0.0227481196110805,0,0.663181067694001,0.123830489818382,0.0990643918547056
180273.411807,2513366.126422,0.113003663003663,0.0551282051282051,0,0.387545787545788,0.192673992673993,0.251648351648352
180773.411807,2513366.126422,0.122385321100917,0.016697247706422,0,0.268807339449541,0.167522935779817,0.424587155963303
181273.411807,2513366.126422,0.20821867547239,0.0258668134287287,0.00293524124013942,0.392038158136122,0.135938359933957,0.235002751788663
181773.411807,2513366.126422,0.0304029304029304,0.0159340659340659,0,0.781135531135531,0.107326007326007,0.0652014652014652
182273.411807,2513366.126422,0.0447706422018349,0.0423853211009174,0.00256880733944954,0.708073394495413,0.122385321100917,0.0798165137614679
182773.411807,2513366.126422,0.0931939093744267,0.0117409649605577,0,0.653274628508531,0.137222527976518,0.104567969179967
183273.411807,2513366.126422,0.0981684981684982,0.0445054945054945,0,0.335531135531136,0.184432234432234,0.337362637362637
183773.411807,2513366.126422,0.120917431192661,0.0623853211009174,0,0.0904587155963303,0.104954128440367,0.621284403669725
184273.411807,2513366.126422,0.0829205650339387,0.0533847000550358,0,0.540451293340671,0.180517336268575,0.142726105301779
184773.411807,2513366.126422,0.508058608058608,0.0135531135531136,0,0.0243589743589744,0.0824175824175824,0.371611721611722
185273.411807,2513366.126422,0.532660550458716,0.00532110091743119,0,0.00146788990825688,0.00807339449541284,0.452477064220183
173773.411807,2512866.126422,0.0514652014652015,0.0487179487179487,0.437545787545788,0.124358974358974,0.0664835164835165,0.271428571428571
174273.411807,2512866.126422,0.0256692335900257,0.0693069306930693,0.3005133846718,0.17033370003667,0.112577924459113,0.321598826549322
174773.411807,2512866.126422,0.134249084249084,0.0543956043956044,0.0443223443223443,0.220512820512821,0.0197802197802198,0.526739926739927
175273.411807,2512866.126422,0.0417582417582418,0.0417582417582418,0.0318681318681319,0.0102564102564103,0.0402930402930403,0.834065934065934
175773.411807,2512866.126422,0.00531719838650532,0.221305463879721,0.0438210487715438,0.0544554455445545,0.057022368903557,0.618078474514118
176273.411807,2512866.126422,0.0366300366300366,0.01996336996337,0,0.80018315018315,0.0608058608058608,0.0824175824175824
176773.411807,2512866.126422,0.0465201465201465,0.013003663003663,0,0.783150183150183,0.106776556776557,0.0505494505494506
177273.411807,2512866.126422,0.127246057939127,0.0256692335900257,0,0.540887422075541,0.167766776677668,0.138430509717638
177773.411807,2512866.126422,0.1503663003663,0.067032967032967,0,0.517948717948718,0.109340659340659,0.155311355311355
178273.411807,2512866.126422,0.143589743589744,0.0692307692307692,0,0.385714285714286,0.235897435897436,0.165567765567766
178773.411807,2512866.126422,0.104327099376604,0.00751741840850752,0,0.471580491382472,0.251741840850752,0.164833149981665
179273.411807,2512866.126422,0.113919413919414,0.019047619047619,0,0.526556776556777,0.174542124542125,0.165934065934066
179773.411807,2512866.126422,0.138278388278388,0.0230769230769231,0,0.545054945054945,0.186813186813187,0.106776556776557
180273.411807,2512866.126422,0.017968463513018,0.0157682434910158,0,0.788778877887789,0.112944627796113,0.0645397873120645
180773.411807,2512866.126422,0.186630036630037,0.0549450549450549,0,0.267032967032967,0.154578754578755,0.336813186813187
181273.411807,2512866.126422,0.317216117216117,0.0166666666666667,0,0.453663003663004,0.0523809523809524,0.16007326007326
181773.411807,2512866.126422,0.0154015401540154,0.0188852218555189,0.00788412174550788,0.888155482214888,0.0612394572790612,0.00843417675100843
182273.411807,2512866.126422,0.0388278388278388,0.0626373626373626,0,0.698168498168498,0.125641025641026,0.0747252747252747
182773.411807,2512866.126422,0.26043956043956,0.00970695970695971,0,0.509523809523809,0.0965201465201465,0.123809523809524
183273.411807,2512866.126422,0.571873854052072,0.0011001100110011,0,0.0485881921525486,0.0449211587825449,0.333516685001834
183773.411807,2512866.126422,0.186813186813187,0.043956043956044,0,0.125641025641026,0.193406593406593,0.45018315018315
184273.411807,2512866.126422,0.0906593406593407,0.0201465201465201,0,0.420695970695971,0.194505494505495,0.273992673992674
184773.411807,2512866.126422,0.332049871653832,0.0408874220755409,0.00916758342500917,0.0995599559955996,0.140814081408141,0.377521085441878
185273.411807,2512866.126422,0.608424908424908,0.00384615384615385,0,0.00476190476190476,0.0137362637362637,0.369230769230769
174273.411807,2512366.126422,0.0243723657687374,0.0390324354040682,0,0.135239142385926,0.177020340846619,0.624335715594649
174773.411807,2512366.126422,0.00642319691686548,0.0433106992108644,0.126812259130116,0.325931363552945,0.187557349972472,0.309965131216737
175273.411807,2512366.126422,0.022006235099945,0.013203741059967,0.0022006235099945,0.269759765266826,0.18815331010453,0.504676324958738
175773.411807,2512366.126422,0.0370166758292102,0.017042330951072,0,0.00934579439252336,0.104636247022173,0.831958951805021
176273.411807,2512366.126422,0.0899247568361167,0.0357863828225362,0,0.38172141677372,0.0528537346302074,0.43971370893742
176773.411807,2512366.126422,0.0209059233449477,0.0234733174399413,0,0.813313772235467,0.111498257839721,0.030808729139923
177273.411807,2512366.126422,0.0733003481766538,0.0111783030969397,0,0.772768920652373,0.0853949056258017,0.0573575224482316
177773.411807,2512366.126422,0.02073775004588,0.0126628739218205,0.000183519911910442,0.90034868783263,0.0504679757753716,0.0155991925123876
178273.411807,2512366.126422,0.223363286264442,0.0282413350449294,0,0.264258206491839,0.184668989547038,0.299468182651751
178773.411807,2512366.126422,0.149349459409932,0.0197910940076965,0.000183250870441635,0.433938061205791,0.208722741433022,0.188015393073117
179273.411807,2512366.126422,0.0322995044962378,0.0205542301339695,0.00220223894292531,0.764910992842723,0.10387227014131,0.0761607634428336
179773.411807,2512366.126422,0.0267742527049331,0.0133871263524665,0.00128369704749679,0.743077205208142,0.102328993214744,0.113148725472217
180273.411807,2512366.126422,0.0335349092908191,0.0767821147150449,0,0.542789078248122,0.22869708631116,0.118196811434854
180773.411807,2512366.126422,0.0456964580657001,0.0836850798311617,0,0.48944760506515,0.142411451642503,0.238759405395485
181273.411807,2512366.126422,0.0590500641848524,0.0740876581698148,0,0.690078855675775,0.0794058316523015,0.0973775903172566
181773.411807,2512366.126422,0.0540590067802822,0.0291368884002199,0.000183250870441635,0.703500091625435,0.135055891515485,0.0780648708081363
182273.411807,2512366.126422,0.0332171040557901,0.0374380620297302,0,0.810790970820334,0.0930445953385942,0.0255092677555515
182773.411807,2512366.126422,0.197689345314506,0.0221896203924445,0,0.473500825233816,0.0988446726572529,0.207775536401981
183273.411807,2512366.126422,0.343412131207623,0.0188748396554884,0,0.192963166575041,0.111050027487631,0.333699835074217
183773.411807,2512366.126422,0.063497889521013,0.0600110111947146,0,0.321159845843274,0.164617360983667,0.390713892457332
184273.411807,2512366.126422,0.0583165230148542,0.0187052998349532,0,0.643315606088392,0.161379057399597,0.118283513662204
184773.411807,2512366.126422,0.400403151914972,0.0388491845336265,0.0509437419827744,0.078248121678578,0.0725673446948873,0.358988455195162
185273.411807,2512366.126422,0.21178197834465,0.0723068452927143,0.305927693154707,0.139842172875757,0.00201871903101487,0.268122591301156
174273.411807,2511866.126422,0.0983516483516483,0.0807692307692308,0.0945054945054945,0.177289377289377,0.19010989010989,0.358974358974359
175773.411807,2511866.126422,0.0388278388278388,0.0217948717948718,0,0.141391941391941,0.189010989010989,0.608974358974359
176273.411807,2511866.126422,0.121651376146789,0.0194495412844037,0,0.147706422018349,0.175779816513761,0.535412844036697
176773.411807,2511866.126422,0.167675655842965,0.0649422124380847,0,0.437167492203265,0.12126215373326,0.208952485782425
177273.411807,2511866.126422,0.199084249084249,0.0241758241758242,0.000549450549450549,0.331684981684982,0.177838827838828,0.266666666666667
177773.411807,2511866.126422,0.201284403669725,0.00330275229357798,0,0.375412844036697,0.0719266055045872,0.348073394495413
178273.411807,2511866.126422,0.251513483764447,0.0143093010456797,0,0.21830856723537,0.243441570354063,0.27242707760044
178773.411807,2511866.126422,0.101831501831502,0.0135531135531136,0.00128205128205128,0.268864468864469,0.255311355311355,0.359157509157509
179273.411807,2511866.126422,0.0871559633027523,0.0612844036697248,0,0.50348623853211,0.212844036697248,0.135229357798165
179773.411807,2511866.126422,0.211520821867547,0.0436617134470739,0,0.226197028068244,0.170977802238121,0.347642634379013
180273.411807,2511866.126422,0.167032967032967,0.0291208791208791,0,0.224542124542125,0.191025641025641,0.388278388278388
180773.411807,2511866.126422,0.0759633027522936,0.194495412844037,0,0.438715596330275,0.154862385321101,0.135963302752294
181273.411807,2511866.126422,0.0348559897266557,0.0174279948633278,0,0.84021280498991,0.0643918547055586,0.0431113557145478
181773.411807,2511866.126422,0.0468864468864469,0.0172161172161172,0,0.788827838827839,0.122527472527473,0.0245421245421245
182273.411807,2511866.126422,0.0405504587155963,0.0154128440366972,0,0.794128440366972,0.0992660550458716,0.0506422018348624
182773.411807,2511866.126422,0.0717299578059072,0.0354063474591818,0,0.590717299578059,0.113740598055403,0.188405797101449
183273.411807,2511866.126422,0.0712454212454212,0.0593406593406593,0,0.326007326007326,0.174175824175824,0.369230769230769
183773.411807,2511866.126422,0.0409174311926606,0.041651376146789,0,0.197614678899083,0.131192660550459,0.588623853211009
184273.411807,2511866.126422,0.10695285268758,0.0526508897450009,0.00440286186020914,0.450559530361402,0.159053384700055,0.226380480645753
184773.411807,2511866.126422,0.117765567765568,0.215384615384615,0,0.218131868131868,0.153113553113553,0.295604395604396
185273.411807,2511866.126422,0.142201834862385,0.113211009174312,0.129724770642202,0.0886238532110092,0.0946788990825688,0.431559633027523
174273.411807,2511366.126422,0.0401540154015402,0.0315364869820315,0.572240557389072,0.181518151815182,0.050971763843051,0.123579024569124
175773.411807,2511366.126422,0.174917491749175,0.0128346167950128,0,0.18041804180418,0.266776677667767,0.365053171983865
176273.411807,2511366.126422,0.151282051282051,0.0139194139194139,0,0.251282051282051,0.152014652014652,0.431501831501832
176773.411807,2511366.126422,0.347619047619048,0.0203296703296703,0.00183150183150183,0.082967032967033,0.214468864468864,0.332783882783883
177273.411807,2511366.126422,0.172717271727173,0.011001100110011,0,0.222588925559223,0.302163549688302,0.291529152915292
177773.411807,2511366.126422,0.247619047619048,0.0188644688644689,0.00274725274725275,0.144688644688645,0.102197802197802,0.483882783882784
178273.411807,2511366.126422,0.287912087912088,0.0496336996336996,0.000366300366300366,0.168498168498169,0.157875457875458,0.335714285714286
178773.411807,2511366.126422,0.417308397506417,0.0262192885955262,0.0146681334800147,0.132563256325633,0.115144847818115,0.294096076274294
179273.411807,2511366.126422,0.673992673992674,0.0815018315018315,0,0,0,0.244505494505494
179773.411807,2511366.126422,0.594322344322344,0.00347985347985348,0.00274725274725275,0.071978021978022,0.0338827838827839,0.293589743589744
180273.411807,2511366.126422,0.0982764943160983,0.01998533186652,0.0117345067840117,0.515034836817015,0.18005133846718,0.174917491749175
180773.411807,2511366.126422,0.0701465201465201,0.118498168498168,0,0.48956043956044,0.115567765567766,0.206227106227106
181273.411807,2511366.126422,0.0432234432234432,0.13992673992674,0.000915750915750916,0.636263736263736,0.0868131868131868,0.0928571428571429
181773.411807,2511366.126422,0.0108177484415108,0.026952695269527,0,0.898606527319399,0.0256692335900257,0.037953795379538
182273.411807,2511366.126422,0.0124542124542125,0.00476190476190476,0,0.943223443223443,0.0287545787545788,0.0108058608058608
182773.411807,2511366.126422,0.0214285714285714,0.0234432234432234,0,0.821611721611722,0.0923076923076923,0.0412087912087912
183273.411807,2511366.126422,0.0478547854785479,0.00971763843050972,0,0.736707004033737,0.13036303630363,0.0753575357535754
183773.411807,2511366.126422,0.0706959706959707,0.0419413919413919,0,0.479120879120879,0.222161172161172,0.186080586080586
184273.411807,2511366.126422,0.0851648351648352,0.0457875457875458,0.00164835164835165,0.53974358974359,0.122527472527473,0.205128205128205
184773.411807,2511366.126422,0.0946094609460946,0.0553722038870554,0,0.522368903557022,0.18995232856619,0.137697103043638
185273.411807,2511366.126422,0.170512820512821,0.01996336996337,0.0010989010989011,0.293772893772894,0.301831501831502,0.212820512820513
175273.411807,2510866.126422,0.0474967907573813,0.0104529616724739,0,0.80799559875298,0.0775719787273061,0.0564826700898588
175773.411807,2510866.126422,0.258200476452263,0.00787978742899029,0,0.164192779915705,0.186549386109584,0.383177570093458
176273.411807,2510866.126422,0.21178197834465,0.00605615709304459,0.000183519911910442,0.0332171040557901,0.087538997981281,0.661222242613324
176773.411807,2510866.126422,0.154777186869613,0.0465798642948836,0.000183385292499542,0.229598386209426,0.243352283146892,0.325508894186686
177273.411807,2510866.126422,0.263698002565512,0.0269378779549203,0,0.13120762323621,0.315741249770936,0.262415246472421
177773.411807,2510866.126422,0.186272710589099,0.0403743806202973,0.00201871903101487,0.136538814461369,0.178014314553129,0.456781060745091
178273.411807,2510866.126422,0.15184302218962,0.0102695763799743,0.00550155877498625,0.21584448927196,0.266275444709334,0.350265908674124
178773.411807,2510866.126422,0.783763972878871,0,0,0.0216236027121129,0.0335349092908191,0.161077515118197
179273.411807,2510866.126422,0.662873921820518,0.0100935951550743,0.000183519911910442,0.0126628739218205,0.00532207744540283,0.308864011745274
179773.411807,2510866.126422,0.129836787089675,0.0212726939299468,0,0.514762516046213,0.189070236567027,0.145057766367137
180273.411807,2510866.126422,0.0278541323071285,0.072200842954004,0.0500274876305662,0.548103353490929,0.170789811251603,0.131024372365769
180773.411807,2510866.126422,0.0691870067902367,0.119838502477519,0,0.500642319691687,0.136355294549459,0.173976876491099
181273.411807,2510866.126422,0.0311754997249221,0.342747111681643,0,0.34384742343664,0.0990280579497524,0.183201907207042
181773.411807,2510866.126422,0.0273043796958036,0.358805204324721,0.00366501740883269,0.380428807036833,0.0656038116181052,0.164192779915705
182273.411807,2510866.126422,0.0167003119838502,0.243714443017067,0.000183519911910442,0.514039273261149,0.0803817214167737,0.144980730409249
182773.411807,2510866.126422,0.0476801760498808,0.13992297817715,0,0.446909957821383,0.0849073904272877,0.280579497524299
183273.411807,2510866.126422,0.0797141286421111,0.0144768187648891,0,0.632215503023639,0.133773135422393,0.139820414146967
183773.411807,2510866.126422,0.362084786199303,0.0121123141860892,0,0.215452376582859,0.139842172875757,0.270508350155992
184273.411807,2510866.126422,0.268842838804328,0.00330093526499175,0,0.148358701632129,0.0535485054098661,0.525949018888685
184773.411807,2510866.126422,0.48653106102254,0.0144768187648891,0,0.101887483965549,0.0595565328935312,0.337548103353491
185273.411807,2510866.126422,0.110295467058176,0.0267939071389246,0,0.425399155808405,0.182051752615159,0.255459717379336
175773.411807,2510366.126422,0.294139194139194,0.0139194139194139,0,0.145238095238095,0.203479853479853,0.343223443223443
176273.411807,2510366.126422,0.297064220183486,0.00642201834862385,0,0.0293577981651376,0.102018348623853,0.565137614678899
176773.411807,2510366.126422,0.414419372592185,0.00550357732526142,0,0.0599889928453495,0.150981471289672,0.369106585947533
177273.411807,2510366.126422,0.302564102564103,0.0135531135531136,0,0.234615384615385,0.233150183150183,0.216117216117216
177773.411807,2510366.126422,0.124403669724771,0.0310091743119266,0,0.567339449541284,0.162935779816514,0.114311926605505
178273.411807,2510366.126422,0.271509814712897,0.0368739680792515,0.000183452577508714,0.286369473491103,0.150614566134654,0.254448725004586
178773.411807,2510366.126422,0.624908424908425,0.0620879120879121,0.0379120879120879,0.0216117216117216,0.00604395604395604,0.247435897435897
179273.411807,2510366.126422,0.146605504587156,0.151926605504587,0.000917431192660551,0.19651376146789,0.195963302752294,0.308073394495413
179773.411807,2510366.126422,0.0689781691432765,0.0766831773986425,0.00495321959273528,0.382131718950651,0.249495505411851,0.217758209502844
180273.411807,2510366.126422,0.0217948717948718,0.0684981684981685,0,0.573992673992674,0.107326007326007,0.228388278388278
180773.411807,2510366.126422,0.0504587155963303,0.237614678899083,0,0.368073394495413,0.0623853211009174,0.281467889908257
181273.411807,2510366.126422,0.0388919464318474,0.106769400110072,0,0.589249678957989,0.0832874701889562,0.181801504311136
181773.411807,2510366.126422,0.0532967032967033,0.105860805860806,0.00164835164835165,0.583150183150183,0.0879120879120879,0.168131868131868
182273.411807,2510366.126422,0.0981651376146789,0.0878899082568807,0,0.312844036697248,0.138715596330275,0.362385321100917
182773.411807,2510366.126422,0.133370023848835,0.0396257567418822,0,0.315721885892497,0.130801687763713,0.380480645753073
183273.411807,2510366.126422,0.0934065934065934,0.0635531135531135,0.00457875457875458,0.596703296703297,0.0847985347985348,0.156959706959707
183773.411807,2510366.126422,0.280366972477064,0.113394495412844,0,0.165321100917431,0.0625688073394495,0.378348623853211
184273.411807,2510366.126422,0.147495872317006,0.0640249495505412,0.0456796917996698,0.191707943496606,0.0919097413318657,0.459181801504311
184773.411807,2510366.126422,0.119047619047619,0.107875457875458,0,0.0906593406593407,0.0811355311355311,0.601282051282051
185273.411807,2510366.126422,0.0434862385321101,0.0963302752293578,0,0.598165137614679,0.16605504587156,0.0959633027522936
175273.411807,2509866.126422,0.0915750915750916,0.0106227106227106,0.0501831501831502,0.632783882783883,0.144322344322344,0.0705128205128205
175773.411807,2509866.126422,0.21048771543821,0.0135680234690136,0,0.24954162082875,0.255592225889256,0.270810414374771
176273.411807,2509866.126422,0.335164835164835,0.00512820512820513,0,0.0402930402930403,0.174358974358974,0.445054945054945
176773.411807,2509866.126422,0.219230769230769,0.015018315018315,0.000183150183150183,0.159157509157509,0.184432234432234,0.421978021978022
177273.411807,2509866.126422,0.0500550055005501,0.0181518151815182,0,0.787678767876788,0.0863586358635864,0.0577557755775578
