"x","y","forest","agri","water","built","other","grass"
237273.411807,2585366.126422,0.896221094190637,0.0214326001128032,0,0,0.000282007896221094,0.0820642978003384
237773.411807,2585366.126422,0.893394495412844,0.0557798165137615,0.00073394495412844,0.00018348623853211,0.0018348623853211,0.0480733944954128
238273.411807,2585366.126422,0.829205650339387,0.0275178866263071,0.0181618051733627,0.0078884608328747,0.015410016510732,0.101816180517336
238773.411807,2585366.126422,0.928021978021978,0.013003663003663,0,0,0,0.058974358974359
239273.411807,2585366.126422,0.913761467889908,0.00220183486238532,0,0,0,0.0840366972477064
239773.411807,2585366.126422,0.397725188038892,0,0,0,0,0.602274811961108
240273.411807,2585366.126422,0.926739926739927,0,0,0,0,0.0732600732600733
240773.411807,2585366.126422,0.932660550458716,0.00018348623853211,0,0,0.00165137614678899,0.0655045871559633
241273.411807,2585366.126422,0.655476059438635,0.0198128783709411,0.00311869381764814,0.0915428361768483,0.0464135021097046,0.183636030086223
241773.411807,2585366.126422,0.61007326007326,0.0558608058608059,0.0454212454212454,0.0364468864468864,0.0316849816849817,0.220512820512821
242273.411807,2585366.126422,0.636697247706422,0.193761467889908,0.0348623853211009,0.00220183486238532,0.00293577981651376,0.12954128440367
242773.411807,2585366.126422,0.822601357549074,0.150798018712163,0,0,0,0.0266006237387635
243273.411807,2585366.126422,0.454761904761905,0.118498168498168,0.229487179487179,0.0333333333333333,0.0293040293040293,0.134615384615385
243773.411807,2585366.126422,0.779266055045872,0.106788990825688,0.0697247706422018,0,0.00165137614678899,0.0425688073394495
244273.411807,2585366.126422,0.888277380297193,0.00972298660796184,0.001284168042561,0.00165107319757843,0.0172445422858191,0.0818198495688864
244773.411807,2585366.126422,0.991208791208791,0.000183150183150183,0,0,0,0.00860805860805861
245273.411807,2585366.126422,0.959266055045872,0.0135779816513761,0,0.00018348623853211,0,0.0269724770642202
245773.411807,2585366.126422,0.827921482296826,0.09557879288204,0.00238488350761328,0,0.000550357732526142,0.0735644835809943
246273.411807,2585366.126422,0.851465201465201,0.0249084249084249,0,0,0,0.123626373626374
246773.411807,2585366.126422,0.964036697247706,0.00055045871559633,0,0,0,0.0354128440366972
247273.411807,2585366.126422,0.863694734911026,0.0726472206934507,0,0.00311869381764814,0.00862227114290956,0.0519170794349661
247773.411807,2585366.126422,0.857326007326007,0.0298534798534799,0,0,0.000183150183150183,0.112637362637363
248273.411807,2585366.126422,0.832110091743119,0.0163302752293578,0,0,0,0.151559633027523
248773.411807,2585366.126422,0.338470005503577,0.0172445422858191,0,0,0.00678774536782242,0.637497706842781
249273.411807,2585366.126422,0.808241758241758,0.00787545787545788,0,0,0,0.183882783882784
249773.411807,2585366.126422,0.940816326530612,0.00222634508348794,0,0,0.000371057513914657,0.0565862708719852
237273.411807,2584866.126422,0.896532280800677,0.0586411051592895,0,0,0,0.0448266140400338
237773.411807,2584866.126422,0.995238095238095,0.00476190476190476,0,0,0,0
238273.411807,2584866.126422,0.718681318681319,0.0465201465201465,0.0186813186813187,0.0452380952380952,0.0461538461538462,0.124725274725275
238773.411807,2584866.126422,0.836266960029336,0.017968463513018,0.00128346167950128,0.0066006600660066,0.0100843417675101,0.127796112944628
239273.411807,2584866.126422,0.89981684981685,0.021978021978022,0,0,0.00164835164835165,0.0765567765567766
239773.411807,2584866.126422,0.671794871794872,0.0148351648351648,0.000915750915750916,0.00989010989010989,0.0236263736263736,0.278937728937729
240273.411807,2584866.126422,0.744407774110744,0.0161349468280161,0,0.000366703337000367,0.0106343967730106,0.228456178951228
240773.411807,2584866.126422,0.836996336996337,0.00476190476190476,0,0,0.015018315018315,0.143223443223443
241273.411807,2584866.126422,0.842124542124542,0.00347985347985348,0.00879120879120879,0.00659340659340659,0.00531135531135531,0.133699633699634
241773.411807,2584866.126422,0.581591492482582,0.0324532453245325,0.0649064906490649,0.0346534653465347,0.0540887422075541,0.232306563989732
242273.411807,2584866.126422,0.83956043956044,0.0532967032967033,0.00183150183150183,0,0.0137362637362637,0.0915750915750916
242773.411807,2584866.126422,0.772344322344322,0.214285714285714,0,0,0,0.0133699633699634
243273.411807,2584866.126422,0.929409607627429,0.0209020902090209,0.00348368170150348,0,0.0022002200220022,0.044004400440044
243773.411807,2584866.126422,0.976923076923077,0.000366300366300366,0,0,0,0.0227106227106227
244273.411807,2584866.126422,0.971428571428571,0.00366300366300366,0,0,0,0.0249084249084249
244773.411807,2584866.126422,0.835350201686835,0.0196186285295196,0.00385038503850385,0.00128346167950128,0.0132013201320132,0.126696002933627
245273.411807,2584866.126422,0.983150183150183,0.000183150183150183,0,0,0,0.0166666666666667
245773.411807,2584866.126422,0.765018315018315,0.000366300366300366,0,0,0.000183150183150183,0.234432234432234
246273.411807,2584866.126422,0.496516318298497,0.00055005500550055,0,0,0,0.502933626696003
246773.411807,2584866.126422,0.858608058608059,0.00256410256410256,0,0,0,0.138827838827839
247273.411807,2584866.126422,0.870512820512821,0.0996336996336996,0,0,0,0.0298534798534799
247773.411807,2584866.126422,0.831316464979831,0.0198019801980198,0.000183351668500183,0.000183351668500183,0.00623395672900623,0.142280894756142
248273.411807,2584866.126422,0.801282051282051,0.0274725274725275,0,0,0.00128205128205128,0.16996336996337
248773.411807,2584866.126422,0.382234432234432,0.00787545787545788,0.00201465201465201,0.0043956043956044,0.0128205128205128,0.590659340659341
249273.411807,2584866.126422,0.608544187752109,0.081041437477081,0.0452878621195453,0.0232856618995233,0.0504217088375504,0.191419141914191
249773.411807,2584866.126422,0.828084475731752,0.0303816228232679,0.000185253797702853,0,0.000741015190811412,0.140607632456465
237273.411807,2584366.126422,0.950338600451467,0.0380925507900677,0,0,0,0.011568848758465
237773.411807,2584366.126422,0.986970086254359,0.00807487612405946,0,0,0,0.00495503762158194
238273.411807,2584366.126422,0.917476618375206,0.0330093526499175,0.00293416467999266,0,0.00183385292499542,0.0447460113698881
238773.411807,2584366.126422,0.728422210005498,0.119113065787062,0.0483782297965915,0,0.0364669232178853,0.0676195711929632
239273.411807,2584366.126422,0.856670948797945,0.0466140576252523,0,0,0,0.0967149935768031
239773.411807,2584366.126422,0.442141940216395,0.0452961672473868,0.114432422519714,0.102328993214744,0.115165963689712,0.180634513112048
240273.411807,2584366.126422,0.447132123877588,0.064687557265897,0.0368334249587686,0.0333516584203775,0.0320689023272861,0.385926333150082
240773.411807,2584366.126422,0.661038722701413,0.0247751881079097,0.0117452743622683,0.0150486327766563,0.0418425399155808,0.245549642136172
241273.411807,2584366.126422,0.799193104713002,0.0133871263524665,0.0075187969924812,0.0154043645699615,0.0240234733174399,0.140473134054649
241773.411807,2584366.126422,0.548836356972696,0.133223382811068,0.108118013560564,0.032618654938611,0.0315191497159611,0.1456844420011
242273.411807,2584366.126422,0.948063864929345,0.0121123141860892,0,0,0,0.039823820884566
242773.411807,2584366.126422,0.958188153310105,0.0192554557124519,0,0,0,0.0225563909774436
243273.411807,2584366.126422,0.889133223382811,0.0109950522264981,0,0,0,0.0998717243906908
243773.411807,2584366.126422,0.872086621398422,0.00880895577170123,0,0,0,0.119104422829877
244273.411807,2584366.126422,0.938932697597653,0.00256739409499358,0,0,0,0.0584999083073537
244773.411807,2584366.126422,0.961517317207257,0.00311526479750779,0.00348176653839106,0.000549752611324904,0.00274876305662452,0.028587135788895
245273.411807,2584366.126422,0.708386859974307,0.0846026793907139,0.0378051018535511,0.0126628739218205,0.0231235089007157,0.133418975958892
245773.411807,2584366.126422,0.813680542820466,0.0110031175499725,0,0,0.0053181734824867,0.169998166147075
246273.411807,2584366.126422,0.839105735752245,0.059190031152648,0,0,0,0.101704233095107
246773.411807,2584366.126422,0.635345935033951,0.0783630023857589,0.000917599559552211,0,0.00734079647641769,0.27803266654432
247273.411807,2584366.126422,0.507793874931231,0.120300751879699,0.0113698881349716,0,0.000916926462497708,0.359618558591601
247773.411807,2584366.126422,0.851566794942276,0.0280373831775701,0,0,0,0.120395821880154
248273.411807,2584366.126422,0.816480088089558,0.0934116351624151,0.00110111947146265,0,0,0.0890071572765645
248773.411807,2584366.126422,0.309187603154227,0.0128369704749679,0,0.0022006235099945,0.00990280579497524,0.665871997065835
249273.411807,2584366.126422,0.357155946490746,0.0223566061938794,0.00201575957485798,0.0194245922668133,0.030602895363753,0.568444200109951
249773.411807,2584366.126422,0.852291705325663,0.0215253293746521,0.00501020597513453,0.00241232139543515,0.0161439970309891,0.102616440898126
237273.411807,2583866.126422,0.901579244218838,0.0400451212633954,0,0,0.000282007896221094,0.0580936266215454
237773.411807,2583866.126422,0.733394495412844,0.0106422018348624,0,0,0.00036697247706422,0.255596330275229
238273.411807,2583866.126422,0.720601724454229,0.0722803155384333,0,0,0.00183452577508714,0.205283434232251
238773.411807,2583866.126422,0.651282051282051,0.154212454212454,0.167765567765568,0,0.00183150183150183,0.0249084249084249
239273.411807,2583866.126422,0.642752293577982,0.0719266055045872,0.00477064220183486,0.00587155963302752,0.0119266055045872,0.262752293577982
239773.411807,2583866.126422,0.785360484314805,0.0443955237571088,0.0438451660245826,0.00165107319757843,0.028251696936342,0.0964960557695836
240273.411807,2583866.126422,0.781684981684982,0.00347985347985348,0,0.0010989010989011,0.00311355311355311,0.210622710622711
240773.411807,2583866.126422,0.786605504587156,0.0122935779816514,0.00678899082568807,0.00110091743119266,0.0104587155963303,0.182752293577982
241273.411807,2583866.126422,0.689598238855256,0.0190790680609063,0.00458631443771785,0.026967528893781,0.0383415886993212,0.221427261053018
241773.411807,2583866.126422,0.280586080586081,0.231318681318681,0.307326007326007,0.0173992673992674,0.0399267399267399,0.123443223443223
242273.411807,2583866.126422,0.675596330275229,0.160733944954128,0.0444036697247706,0.00018348623853211,0.0100917431192661,0.108990825688073
242773.411807,2583866.126422,0.94716565767749,0.0135754907356448,0,0,0,0.0392588515868648
243273.411807,2583866.126422,0.925641025641026,0.0227106227106227,0,0,0,0.0516483516483516
243773.411807,2583866.126422,0.658532110091743,0,0,0,0.00018348623853211,0.341284403669725
244273.411807,2583866.126422,0.837644468904788,0.00330214639515685,0,0,0,0.159053384700055
244773.411807,2583866.126422,0.953113553113553,0.00311355311355311,0,0,0.000732600732600733,0.043040293040293
245273.411807,2583866.126422,0.81743119266055,0.0878899082568807,0.00660550458715596,0,0.0126605504587156,0.0754128440366972
245773.411807,2583866.126422,0.852687580260503,0.0467804072647221,0.000550357732526142,0.00220143093010457,0.00697119794533113,0.0908090258668134
246273.411807,2583866.126422,0.888827838827839,0.0102564102564103,0,0.000915750915750916,0.0104395604395604,0.0895604395604396
246773.411807,2583866.126422,0.649908256880734,0.0629357798165138,0,0,0.00036697247706422,0.286788990825688
247273.411807,2583866.126422,0.629792698587415,0.0357732526141992,0.000550357732526142,0,0.00733810310034856,0.326545587965511
247773.411807,2583866.126422,0.782967032967033,0.144322344322344,0.015018315018315,0.00201465201465201,0.00421245421245421,0.0514652014652015
248273.411807,2583866.126422,0.646605504587156,0.217614678899083,0.0302752293577982,0,0.00605504587155963,0.0994495412844037
248773.411807,2583866.126422,0.212071179600073,0.0352228948816731,0.000550357732526142,0.00440286186020914,0.0442120711796001,0.703540634745918
249273.411807,2583866.126422,0.448717948717949,0.0164835164835165,0.0172161172161172,0.00659340659340659,0.0205128205128205,0.49047619047619
249773.411807,2583866.126422,0.501298701298701,0.025417439703154,0.0146567717996289,0.0294990723562152,0.0287569573283859,0.400371057513915
237273.411807,2583366.126422,0.972934874541866,0.0121229207781224,0,0,0,0.0149422046800113
237773.411807,2583366.126422,0.899084249084249,0.00897435897435897,0,0,0.000366300366300366,0.0915750915750916
238273.411807,2583366.126422,0.687728937728938,0.0423076923076923,0,0,0.000183150183150183,0.26978021978022
238773.411807,2583366.126422,0.716354968830216,0.0111844517785112,0.00385038503850385,0,0,0.268610194352769
239273.411807,2583366.126422,0.870512820512821,0,0,0,0,0.129487179487179
239773.411807,2583366.126422,0.891758241758242,0,0,0,0,0.108241758241758
240273.411807,2583366.126422,0.883388338833883,0.0022002200220022,0,0,0,0.114411441144114
240773.411807,2583366.126422,0.724175824175824,0.0307692307692308,0.00860805860805861,0.00421245421245421,0.00604395604395604,0.226190476190476
241273.411807,2583366.126422,0.688095238095238,0.123626373626374,0.063003663003663,0.000732600732600733,0,0.124542124542125
241773.411807,2583366.126422,0.373670700403374,0.242207554088742,0.339383938393839,0.000733406674000733,0.00385038503850385,0.0401540154015402
242273.411807,2583366.126422,0.811355311355311,0.137362637362637,0.0142857142857143,0,0.000549450549450549,0.0364468864468864
242773.411807,2583366.126422,0.912820512820513,0.0445054945054945,0,0,0,0.0426739926739927
243273.411807,2583366.126422,0.837183718371837,0.00128346167950128,0,0,0,0.161532819948662
243773.411807,2583366.126422,0.662454212454212,0,0,0,0,0.337545787545788
244273.411807,2583366.126422,0.755677655677656,0.00128205128205128,0,0,0,0.243040293040293
244773.411807,2583366.126422,0.785845251191786,0.000916758342500917,0,0,0,0.213237990465713
245273.411807,2583366.126422,0.845604395604396,0.00586080586080586,0,0.00402930402930403,0.0148351648351648,0.12967032967033
245773.411807,2583366.126422,0.844871794871795,0.00695970695970696,0,0.000549450549450549,0.00879120879120879,0.138827838827839
246273.411807,2583366.126422,0.885221855518885,0.0304363769710304,0,0,0,0.0843417675100843
246773.411807,2583366.126422,0.773626373626374,0.01996336996337,0,0.00128205128205128,0.00512820512820513,0.2
247273.411807,2583366.126422,0.488278388278388,0.0767399267399267,0.00421245421245421,0.000366300366300366,0.0175824175824176,0.412820512820513
247773.411807,2583366.126422,0.140997433076641,0.0683901723505684,0.00311697836450312,0,0.00495049504950495,0.782544921158782
248273.411807,2583366.126422,0.056043956043956,0.104578754578755,0.017032967032967,0.00604395604395604,0.032051282051282,0.784249084249084
248773.411807,2583366.126422,0.25952380952381,0.00787545787545788,0.000915750915750916,0.0141025641025641,0.0364468864468864,0.681135531135531
249273.411807,2583366.126422,0.415474880821415,0.00165016501650165,0.000733406674000733,0.00201686835350202,0.0170517051705171,0.563072973964063
249773.411807,2583366.126422,0.559281215264913,0.000555761393108559,0,0,0.000741015190811412,0.439422008151167
237273.411807,2582866.126422,0.802200902934537,0.105812641083521,0,0.00197516930022573,0.00818284424379232,0.0818284424379233
237773.411807,2582866.126422,0.887685813910809,0.0499174160396403,0,0,0,0.0623967700495504
238273.411807,2582866.126422,0.750596002200624,0,0,0,0,0.249403997799376
238773.411807,2582866.126422,0.875389408099688,0.000366501740883269,0,0.0053142752428074,0.0148433205057724,0.104086494410848
239273.411807,2582866.126422,0.9543035419343,0.000183519911910442,0,0,0,0.0455129381537897
239773.411807,2582866.126422,0.877865395195305,0.0115532734274711,0,0,0.00201723821749496,0.108564093159729
240273.411807,2582866.126422,0.833058457027671,0.000916254352208173,0,0,0.000366501740883269,0.165658786879238
240773.411807,2582866.126422,0.58102404110846,0.00660671682877592,0.028629106258029,0.0361534226463571,0.0247751881079097,0.322811525050468
241273.411807,2582866.126422,0.702365670273244,0.0445626260773886,0.00605171465248487,0.00128369704749679,0.0403447643498991,0.205391527599487
241773.411807,2582866.126422,0.864577606743632,0.0467289719626168,0,0,0,0.0886934212937511
242273.411807,2582866.126422,0.937419710038539,0.00679023674068636,0,0,0,0.0557900532207745
242773.411807,2582866.126422,0.927562809462681,0,0,0,0,0.0724371905373189
243273.411807,2582866.126422,0.745098039215686,0,0,0,0,0.254901960784314
243773.411807,2582866.126422,0.736832446320426,0.000183519911910442,0,0,0,0.262984033767664
244273.411807,2582866.126422,0.486887951586283,0.00146708233999633,0,0,0,0.511644966073721
244773.411807,2582866.126422,0.299615173172073,0.00971229613340663,0.00293201392706615,0.199193696170057,0.0500274876305662,0.438519332966832
245273.411807,2582866.126422,0.571848045512938,0.0242246283721784,0.0196366305744173,0.142962011378235,0.0869884382455496,0.154340245916682
245773.411807,2582866.126422,0.827067669172932,0.0102695763799743,0.00110031175499725,0.000550155877498625,0.0053181734824867,0.155694113332111
246273.411807,2582866.126422,0.768004398020891,0.00403151914971596,0,0.00256551218618288,0.0254718709913872,0.199926699651823
246773.411807,2582866.126422,0.895944209946779,0.00165167920719398,0,0,0.00513855753349238,0.0972655533125344
247273.411807,2582866.126422,0.538419218778654,0.0185219145424537,0.0097194205024757,0.00825233816247937,0.0337428938199156,0.391344214194022
247773.411807,2582866.126422,0.157778999450247,0.00146600696353308,0,0,0.00366501740883269,0.837089976177387
248273.411807,2582866.126422,0.525233987887686,0.0034868783262984,0,0,0.00183519911910442,0.469443934666911
248773.411807,2582866.126422,0.470383275261324,0.000183385292499542,0,0,0.00495140289748762,0.524481936548689
249273.411807,2582866.126422,0.328752061572292,0.00146600696353308,0,0.000733003481766538,0.00164925783397471,0.667399670148433
249773.411807,2582866.126422,0.62423455186491,0.00185563184264242,0,0,0.00630914826498423,0.367600668027463
237273.411807,2582366.126422,0.908065425831923,0.0603496897913142,0,0,0,0.0315848843767626
237773.411807,2582366.126422,0.952293577981651,0.0102752293577982,0,0,0,0.0374311926605505
238273.411807,2582366.126422,0.873784626674005,0,0,0.000183452577508714,0,0.126031920748487
238773.411807,2582366.126422,0.857875457875458,0.000183150183150183,0,0,0.00128205128205128,0.140659340659341
239273.411807,2582366.126422,0.95045871559633,0.00422018348623853,0,0,0.0018348623853211,0.0434862385321101
239773.411807,2582366.126422,0.517152815997065,0.011557512383049,0.00201797835259585,0.26252063841497,0.0405430196294258,0.166208035222895
240273.411807,2582366.126422,0.454029304029304,0.00201465201465201,0,0.00201465201465201,0.0179487179487179,0.523992673992674
240773.411807,2582366.126422,0.628990825688073,0.00697247706422018,0.0326605504587156,0.0590825688073394,0.0304587155963303,0.241834862385321
241273.411807,2582366.126422,0.252614199229499,0.10988809392772,0.26252063841497,0.071179600073381,0.0768666299761512,0.226930838378279
241773.411807,2582366.126422,0.605128205128205,0.0155677655677656,0.000183150183150183,0.000732600732600733,0.0421245421245421,0.336263736263736
242273.411807,2582366.126422,0.837247706422018,0.00311926605504587,0,0,0.00201834862385321,0.157614678899083
242773.411807,2582366.126422,0.944230416437351,0,0,0,0,0.0557695835626491
243273.411807,2582366.126422,0.929304029304029,0.0172161172161172,0,0,0,0.0534798534798535
243773.411807,2582366.126422,0.872110091743119,0.0115596330275229,0,0,0,0.116330275229358
244273.411807,2582366.126422,0.661713447073931,0,0,0,0,0.338286552926069
244773.411807,2582366.126422,0.825824175824176,0.0153846153846154,0,0.00128205128205128,0.00476190476190476,0.152747252747253
245273.411807,2582366.126422,0.637247706422018,0.0258715596330275,0.00899082568807339,0.142018348623853,0.0504587155963303,0.135412844036697
245773.411807,2582366.126422,0.772151898734177,0.0172445422858191,0.0066042927903137,0.020546688680976,0.011557512383049,0.171895065125665
246273.411807,2582366.126422,0.834432234432234,0.0353479853479853,0,0,0.000183150183150183,0.13003663003663
246773.411807,2582366.126422,0.840183486238532,0.0128440366972477,0,0.0262385321100917,0.00954128440366972,0.111192660550459
247273.411807,2582366.126422,0.533113190240323,0.0221977618785544,0.00385250412768299,0.0443955237571088,0.0522839845899835,0.344157035406347
247773.411807,2582366.126422,0.0937728937728938,0.000549450549450549,0,0,0.00274725274725275,0.902930402930403
248273.411807,2582366.126422,0.614862385321101,0.00165137614678899,0,0,0.00036697247706422,0.383119266055046
248773.411807,2582366.126422,0.365804439552376,0.000183452577508714,0,0,0,0.634012107870116
249273.411807,2582366.126422,0.379487179487179,0.000183150183150183,0,0,0.000183150183150183,0.62014652014652
249773.411807,2582366.126422,0.618923933209647,0.0200371057513915,0.00371057513914657,0.00760667903525046,0.00630797773654916,0.343413729128015
237273.411807,2581866.126422,0.89314914011841,0.00169157034113335,0,0,0,0.105159289540457
237773.411807,2581866.126422,0.877655677655678,0.00293040293040293,0,0.00128205128205128,0.0108058608058608,0.107326007326007
238273.411807,2581866.126422,0.885714285714286,0.00183150183150183,0,0.00805860805860806,0.0194139194139194,0.084981684981685
238773.411807,2581866.126422,0.632746607994133,0.0264026402640264,0.00971763843050972,0.0216354968830216,0.104327099376604,0.205170517051705
239273.411807,2581866.126422,0.9,0.00769230769230769,0.000183150183150183,0.000183150183150183,0.00732600732600733,0.0846153846153846
239773.411807,2581866.126422,0.478205128205128,0.0380952380952381,0.0283882783882784,0.177838827838828,0.0782051282051282,0.199267399267399
240273.411807,2581866.126422,0.640630729739641,0.132013201320132,0.0368536853685369,0.0122845617895123,0.0133846718005134,0.164833149981665
240773.411807,2581866.126422,0.52985347985348,0.107692307692308,0.0926739926739927,0.00659340659340659,0.0269230769230769,0.236263736263736
241273.411807,2581866.126422,0.566483516483516,0.080952380952381,0.133333333333333,0.0461538461538462,0.0241758241758242,0.148901098901099
241773.411807,2581866.126422,0.374037403740374,0.0405207187385405,0.101210121012101,0.152181884855152,0.0430876420975431,0.288962229556289
242273.411807,2581866.126422,0.535897435897436,0.0853479853479854,0.0362637362637363,0.194505494505495,0.0166666666666667,0.131318681318681
242773.411807,2581866.126422,0.823992673992674,0.0201465201465201,0.00897435897435897,0.0163003663003663,0.00402930402930403,0.126556776556777
243273.411807,2581866.126422,0.865603226989366,0,0,0,0,0.134396773010634
243773.411807,2581866.126422,0.904945054945055,0,0,0,0,0.0950549450549451
244273.411807,2581866.126422,0.934065934065934,0.000732600732600733,0,0,0,0.0652014652014652
244773.411807,2581866.126422,0.925009167583425,0.00183351668500183,0,0.00183351668500183,0.00421708837550422,0.0671067106710671
245273.411807,2581866.126422,0.783516483516484,0.00842490842490842,0,0.00311355311355311,0.0368131868131868,0.168131868131868
245773.411807,2581866.126422,0.585347985347985,0.0915750915750916,0.041025641025641,0.0360805860805861,0.0450549450549451,0.200915750915751
246273.411807,2581866.126422,0.787862119545288,0.0944261092775944,0.0663733039970664,0.000183351668500183,0.00128346167950128,0.0498716538320499
246773.411807,2581866.126422,0.693040293040293,0.0970695970695971,0.0776556776556777,0.00805860805860806,0.00256410256410256,0.121611721611722
247273.411807,2581866.126422,0.451465201465201,0.0946886446886447,0.211904761904762,0.00897435897435897,0.0483516483516484,0.184615384615385
247773.411807,2581866.126422,0.0955262192885955,0.00201686835350202,0.00183351668500183,0.000366703337000367,0.0066006600660066,0.893656032269894
248273.411807,2581866.126422,0.484615384615385,0.00476190476190476,0.00769230769230769,0.0128205128205128,0.0144688644688645,0.475641025641026
248773.411807,2581866.126422,0.702930402930403,0.017032967032967,0.00695970695970696,0.0177655677655678,0.0228937728937729,0.232417582417582
249273.411807,2581866.126422,0.556288962229556,0,0,0,0,0.443711037770444
249773.411807,2581866.126422,0.713782882549092,0.00592812152649129,0.00166728417932568,0.00111152278621712,0.0118562430529826,0.265653945905891
237273.411807,2581366.126422,0.863431151241535,0,0,0,0,0.136568848758465
237773.411807,2581366.126422,0.685997430721233,0.0244081482840888,0.00697375665259681,0.0144980730409249,0.0574417324279684,0.210680858873188
238273.411807,2581366.126422,0.924445259490189,0.0141206675224647,0,0,0,0.0614340729873464
238773.411807,2581366.126422,0.995052226498076,0.00109950522264981,0,0,0,0.00384826827927433
239273.411807,2581366.126422,0.992842723435493,0.00146815929528354,0,0,0,0.00568911726922371
239773.411807,2581366.126422,0.90005501558775,0.0304419585549239,0.000733541169998166,0.000916926462497708,0.0121034293049697,0.0557491289198606
240273.411807,2581366.126422,0.82627817482133,0.0824628916987356,0,0,0.00219901044529962,0.0890599230346344
240773.411807,2581366.126422,0.593686915030281,0.0150486327766563,0.000917599559552211,0.229399889888053,0.102037071022206,0.058909891723252
241273.411807,2581366.126422,0.167064001467082,0.0166880616174583,0.0066018705299835,0.6798092792958,0.0581331377223547,0.0717036493673207
241773.411807,2581366.126422,0.068719076415613,0.0635880520432472,0.248121678577973,0.322155030236394,0.0941909474070002,0.203225215319773
242273.411807,2581366.126422,0.0546889337493118,0.063497889521013,0.093778674986236,0.475867131583777,0.131216737015966,0.180950633143696
242773.411807,2581366.126422,0.563543003851091,0.0141206675224647,0.0075187969924812,0.0192554557124519,0.0480469466348799,0.347515129286631
243273.411807,2581366.126422,0.763239875389408,0.0331684075499359,0.00641378046545721,0.0172255818215137,0.0208905992303463,0.159061755543339
243773.411807,2581366.126422,0.92512387594054,0.0330335841438796,0,0,0.000183519911910442,0.0416590200036704
244273.411807,2581366.126422,0.997799376490005,0,0,0,0,0.0022006235099945
244773.411807,2581366.126422,0.984423676012461,0,0,0,0,0.0155763239875389
245273.411807,2581366.126422,0.277482106808589,0.0519361350706552,0.121490181684713,0.289961460818499,0.068452927142595,0.19067718847495
245773.411807,2581366.126422,0.856225930680359,0.00861910874747845,0.000366770584999083,0.00201723821749496,0.0144874381074638,0.118283513662204
246273.411807,2581366.126422,0.825178669598681,0.0216236027121129,0.000733003481766538,0.00806303829943192,0.00513102437236577,0.139270661535642
246773.411807,2581366.126422,0.767296751697559,0.04147550009176,0.0218388695173426,0.00880895577170123,0.0176179115434025,0.142962011378235
247273.411807,2581366.126422,0.699798276178251,0.00678525582248304,0.0372272143774069,0.0909591050797726,0.0333761232349166,0.13185402530717
247773.411807,2581366.126422,0.352574674729705,0.0089792926516401,0,0.0219901044529962,0.0186915887850467,0.597764339380612
248273.411807,2581366.126422,0.169021838869517,0,0,0,0,0.830978161130483
248773.411807,2581366.126422,0.750229231615624,0.000366770584999083,0,0,0.00128369704749679,0.24812030075188
249273.411807,2581366.126422,0.754260582737768,0.00146600696353308,0,0,0.000366501740883269,0.243906908557816
249773.411807,2581366.126422,0.856559658563741,0,0,0,0,0.143440341436259
237273.411807,2580866.126422,0.269035532994924,0.0205865764241399,0.00253807106598985,0.0473773265651438,0.0981387478849408,0.562323745064862
237773.411807,2580866.126422,0.480550458715596,0.0638532110091743,0.110825688073394,0.0185321100917431,0.105688073394495,0.220550458715596
238273.411807,2580866.126422,0.666299761511649,0.0119244175380664,0.00953953403045313,0.0302696752889378,0.0478811227297744,0.234085488901119
238773.411807,2580866.126422,0.940659340659341,0,0,0,0,0.0593406593406593
239273.411807,2580866.126422,0.946422018348624,0.00697247706422018,0,0,0.0055045871559633,0.0411009174311927
239773.411807,2580866.126422,0.941295175197212,0.00421940928270042,0,0,0,0.0544854155200881
240273.411807,2580866.126422,0.763186813186813,0.00293040293040293,0,0.0157509157509158,0.015018315018315,0.203113553113553
240773.411807,2580866.126422,0.209174311926606,0.0119266055045872,0.0106422018348624,0.40256880733945,0.156330275229358,0.209357798165138
241273.411807,2580866.126422,0.398642450926436,0.0143093010456797,0.19977985690699,0.212988442487617,0.0286186020913594,0.145661346541919
241773.411807,2580866.126422,0.58021978021978,0.0490842490842491,0,0.162820512820513,0.0296703296703297,0.178205128205128
242273.411807,2580866.126422,0.073394495412844,0.0267889908256881,0.409174311926606,0.391009174311927,0.0484403669724771,0.0511926605504587
242773.411807,2580866.126422,0.421023665382499,0.328747018895615,0.0598055402678408,0.0313703907539901,0.0108237020730141,0.148229682627041
243273.411807,2580866.126422,0.697252747252747,0.186813186813187,0.0415750915750916,0.0010989010989011,0.00201465201465201,0.0712454212454212
243773.411807,2580866.126422,0.963669724770642,0.0222018348623853,0,0,0,0.0141284403669725
244273.411807,2580866.126422,0.802971931755641,0.0194459732159237,0,0.0986974866996881,0.0462300495321959,0.0326545587965511
244773.411807,2580866.126422,0.901831501831502,0.00274725274725275,0,0.0283882783882784,0.0197802197802198,0.0472527472527473
245273.411807,2580866.126422,0.73045871559633,0.00844036697247706,0.0277064220183486,0.026605504587156,0.0236697247706422,0.183119266055046
245773.411807,2580866.126422,0.694551458447991,0.0576041093377362,0.0682443588332416,0.0678774536782242,0.028251696936342,0.0834709227664649
246273.411807,2580866.126422,0.717032967032967,0.143223443223443,0.0342490842490843,0.0401098901098901,0.0108058608058608,0.0545787545787546
246773.411807,2580866.126422,0.434678899082569,0.0957798165137615,0.0236697247706422,0.291376146788991,0.0390825688073395,0.115412844036697
247273.411807,2580866.126422,0.601174096496056,0.0454962392221611,0.0288020546688681,0.073747936158503,0.0429279031370391,0.207851770317373
247773.411807,2580866.126422,0.535714285714286,0.0203296703296703,0.00695970695970696,0.130952380952381,0.0758241758241758,0.23021978021978
248273.411807,2580866.126422,0.732293577981651,0.00495412844036697,0,0.00018348623853211,0.0055045871559633,0.257064220183486
248773.411807,2580866.126422,0.810676940011007,0.00165107319757843,0,0,0,0.187671986791414
249273.411807,2580866.126422,0.888644688644689,0.0265567765567766,0.0010989010989011,0,0.000549450549450549,0.0831501831501831
249773.411807,2580866.126422,0.84100185528757,0.0155844155844156,0.000742115027829314,0.00296846011131725,0.0025974025974026,0.137105751391466
237273.411807,2580366.126422,0.525232590921906,0.00789399492528898,0.000281928390188892,0.0473639695517339,0.0944460107132788,0.324781505497604
237773.411807,2580366.126422,0.340659340659341,0.0230769230769231,0.158791208791209,0.142490842490842,0.0948717948717949,0.24010989010989
238273.411807,2580366.126422,0.738095238095238,0.00622710622710623,0,0.000915750915750916,0.0205128205128205,0.234249084249084
238773.411807,2580366.126422,0.83993399339934,0.00311697836450312,0,0.000733406674000733,0.0104510451045105,0.145764576457646
239273.411807,2580366.126422,0.754578754578755,0.0208791208791209,0.000366300366300366,0.0593406593406593,0.0340659340659341,0.130769230769231
239773.411807,2580366.126422,0.863186813186813,0.000183150183150183,0,0,0.000183150183150183,0.136446886446886
240273.411807,2580366.126422,0.797946461312798,0,0,0,0,0.202053538687202
240773.411807,2580366.126422,0.493040293040293,0.0131868131868132,0,0.162820512820513,0.128937728937729,0.202014652014652
241273.411807,2580366.126422,0.549267399267399,0.00677655677655678,0.0305860805860806,0.15,0.102014652014652,0.161355311355311
241773.411807,2580366.126422,0.0916758342500917,0.0117345067840117,0.364319765309864,0.248991565823249,0.113311331133113,0.16996699669967
242273.411807,2580366.126422,0.442857142857143,0.0749084249084249,0.396886446886447,0.019047619047619,0.000183150183150183,0.0661172161172161
242773.411807,2580366.126422,0.625824175824176,0.214285714285714,0.0313186813186813,0.0304029304029304,0.0214285714285714,0.0767399267399267
243273.411807,2580366.126422,0.838833883388339,0.13989732306564,0,0,0.00128346167950128,0.01998533186652
243773.411807,2580366.126422,0.911355311355311,0.0672161172161172,0,0,0,0.0214285714285714
244273.411807,2580366.126422,0.962820512820513,0.000366300366300366,0,0,0.000183150183150183,0.0366300366300366
244773.411807,2580366.126422,0.516501650165016,0.0187018701870187,0.0139347268060139,0.361569490282362,0.0344701136780345,0.0548221488815548
245273.411807,2580366.126422,0.161172161172161,0.0214285714285714,0.0415750915750916,0.6503663003663,0.0476190476190476,0.0778388278388278
245773.411807,2580366.126422,0.931684981684982,0.0206959706959707,0,0,0,0.0476190476190476
246273.411807,2580366.126422,0.383938393839384,0.09002566923359,0.0306197286395306,0.230839750641731,0.0324532453245325,0.232123212321232
246773.411807,2580366.126422,0.176373626373626,0.0723443223443224,0.196336996336996,0.402380952380952,0.0415750915750916,0.110989010989011
247273.411807,2580366.126422,0.787362637362637,0.0304029304029304,0.000366300366300366,0.0106227106227106,0.0291208791208791,0.142124542124542
247773.411807,2580366.126422,0.817565089842318,0.0174184085075174,0,0.0119178584525119,0.015951595159516,0.137147048038137
248273.411807,2580366.126422,0.852564102564103,0.0131868131868132,0,0.000183150183150183,0.0120879120879121,0.121978021978022
248773.411807,2580366.126422,0.867032967032967,0.0111721611721612,0,0.00659340659340659,0.00897435897435897,0.106227106227106
249273.411807,2580366.126422,0.957829116244958,0.00146681334800147,0.00275027502750275,0.00146681334800147,0.00403373670700403,0.0324532453245325
249773.411807,2580366.126422,0.875138940348277,0.0209336791404224,0,0.0316783994071878,0.00481659874027418,0.0674323823638385
237273.411807,2579866.126422,0.408577878103837,0.00677200902934537,0,0.036117381489842,0.113431151241535,0.43510158013544
237773.411807,2579866.126422,0.188107909708203,0.0143145531290145,0.0471646173609837,0.301706735180767,0.228849330152322,0.21985685446871
238273.411807,2579866.126422,0.756647716853108,0.00146708233999633,0,0.0117366587199707,0.00825233816247937,0.221896203924445
238773.411807,2579866.126422,0.860546087593916,0.000366501740883269,0,0.000916254352208173,0.0124610591900312,0.125710097122961
239273.411807,2579866.126422,0.583042760139475,0.00220223894292531,0.00183519911910442,0.117269223710773,0.0888236373646541,0.206826940723068
239773.411807,2579866.126422,0.536585365853659,0.0489638730973776,0.0458463231248854,0.0605171465248487,0.0641848523748395,0.24390243902439
240273.411807,2579866.126422,0.866226864577607,0,0,0.00146600696353308,0.00659703133589885,0.125710097122961
240773.411807,2579866.126422,0.631124977060011,0.0176179115434025,0,0.104606349788952,0.0915764360433107,0.155074325564324
241273.411807,2579866.126422,0.416834769851458,0.0231065468549422,0.0665688611773336,0.262424353566844,0.0759215110948102,0.155143957454612
241773.411807,2579866.126422,0.129558365402236,0.0672530694520799,0.595382078064871,0.180685358255452,0,0.0271211288253619
242273.411807,2579866.126422,0.865479904569646,0.0798311616810424,0,0,0,0.0546889337493118
242773.411807,2579866.126422,0.954703832752613,0.0335595085274161,0,0,0,0.0117366587199707
243273.411807,2579866.126422,0.977093641194796,0.0139270661535642,0,0,0,0.0089792926516401
243773.411807,2579866.126422,0.98329968801615,0,0,0,0,0.0167003119838502
244273.411807,2579866.126422,0.979644232532551,0,0,0.000366770584999083,0.000366770584999083,0.0196222262974509
244773.411807,2579866.126422,0.941542972329119,0.000366501740883269,0,0,0,0.0580905259299982
245273.411807,2579866.126422,0.445769866030464,0.015782712424298,0.0260598274912828,0.324279684345751,0.0168838318957607,0.171224077812443
245773.411807,2579866.126422,0.741793508160645,0.0562992847973593,0.00385109114249037,0.0658353200073354,0.00696864111498258,0.125252154777187
246273.411807,2579866.126422,0.162910023822613,0.0533260032985157,0.187648891332234,0.35990470954737,0.0580905259299982,0.178119846069269
246773.411807,2579866.126422,0.578638282253625,0.044411818682327,0.181317672967517,0.0422095797394017,0.0218388695173426,0.131583776839787
247273.411807,2579866.126422,0.799743260590501,0.00146708233999633,0,0.000366770584999083,0,0.198422886484504
247773.411807,2579866.126422,0.763239875389408,0.0406816932380429,0,0.0102620487447315,0.00824628916987356,0.177570093457944
248273.411807,2579866.126422,0.865112864745825,0.0113782345384474,0,0.0695540466140576,0.0115617544503579,0.0423930996513122
248773.411807,2579866.126422,0.774986246103063,0.0117366587199707,0,0,0,0.213277095176967
249273.411807,2579866.126422,0.908191313908741,0.0296866410115448,0.00201575957485798,0.00659703133589885,0.0247388675096207,0.0287703866593366
249773.411807,2579866.126422,0.749118574874745,0.0497309333828169,0.0270922249025793,0.052143254778252,0.0172573761365745,0.104657635925032
237273.411807,2579366.126422,0.854483925549915,0.00197405527354766,0,0.0169204737732657,0.0197405527354766,0.106880992667795
237773.411807,2579366.126422,0.609357798165138,0.00036697247706422,0,0.00477064220183486,0.0291743119266055,0.356330275229358
238273.411807,2579366.126422,0.0555861309851403,0.0385250412768299,0.574023115024766,0.134654191891396,0.0746651990460466,0.122546321775821
238773.411807,2579366.126422,0.921978021978022,0.0010989010989011,0.00347985347985348,0.00769230769230769,0.00476190476190476,0.060989010989011
239273.411807,2579366.126422,0.935963302752294,0,0,0,0,0.0640366972477064
239773.411807,2579366.126422,0.550541185103651,0.020546688680976,0.0432948082920565,0.0513667217024399,0.0887910475142176,0.245459548706659
240273.411807,2579366.126422,0.967582417582418,0,0,0,0,0.0324175824175824
240773.411807,2579366.126422,0.82697247706422,0.00275229357798165,0,0.0176146788990826,0.0168807339449541,0.135779816513761
241273.411807,2579366.126422,0.18253531462117,0.0377912309667951,0.492019812878371,0.178682810493487,0.0451293340671436,0.0638414969730325
241773.411807,2579366.126422,0.856043956043956,0.0496336996336996,0.028021978021978,0.00714285714285714,0,0.0591575091575092
242273.411807,2579366.126422,0.909724770642202,0.064954128440367,0,0,0,0.0253211009174312
242773.411807,2579366.126422,0.985323793799303,0.0110071546505228,0,0,0,0.00366905155017428
243273.411807,2579366.126422,0.783699633699634,0.0021978021978022,0,0,0.00494505494505494,0.209157509157509
243773.411807,2579366.126422,0.876697247706422,0.00844036697247706,0.000917431192660551,0.0137614678899083,0.0504587155963303,0.0497247706422018
244273.411807,2579366.126422,0.958356264905522,0.000550357732526142,0,0.000183452577508714,0.00220143093010457,0.0387084938543387
244773.411807,2579366.126422,0.597802197802198,0.0201465201465201,0.08003663003663,0.202014652014652,0.0282051282051282,0.0717948717948718
245273.411807,2579366.126422,0.614678899082569,0.0489908256880734,0.146238532110092,0.151926605504587,0.0146788990825688,0.0234862385321101
245773.411807,2579366.126422,0.808292056503394,0.0286186020913594,0.105485232067511,0.0447624289121262,0,0.01284168042561
246273.411807,2579366.126422,0.643040293040293,0.0675824175824176,0.154029304029304,0.10952380952381,0.00201465201465201,0.0238095238095238
246773.411807,2579366.126422,0.51045871559633,0.118715596330275,0.116880733944954,0.14256880733945,0.0185321100917431,0.0928440366972477
247273.411807,2579366.126422,0.654375343973583,0.0787011557512383,0.0467804072647221,0.0390753990093561,0.0288020546688681,0.152265639332233
247773.411807,2579366.126422,0.800915750915751,0.0463369963369963,0.0195970695970696,0.00750915750915751,0.00769230769230769,0.117948717948718
248273.411807,2579366.126422,0.814495412844037,0.0192660550458716,0,0.0475229357798165,0.0188990825688073,0.0998165137614679
