"x","y","forest","agri","water","built","other","grass"
250273.411807,2516366.126422,0.95494667157043,0,0,0,0,0.0450533284295697
250773.411807,2516366.126422,0.889296860657243,0.0157885074352855,0,0,0.000367174591518267,0.0945474573159537
251273.411807,2516366.126422,0.689166819937466,0.139599043590215,0,0.000183924958616884,0.0134265219790326,0.15762368953467
251773.411807,2516366.126422,0.894998161088636,0.041191614564178,0,0.000367782272894446,0,0.063442442074292
252273.411807,2516366.126422,0.968055810537911,0.0022030475491096,0,0,0,0.0297411419129796
252773.411807,2516366.126422,0.975537980503954,0.0156336214824352,0,0,0,0.00882839801361045
253273.411807,2516366.126422,0.882677454946672,0.0178374402353807,0,0,0,0.0994851048179478
253773.411807,2516366.126422,0.926748668992106,0.000183587295759133,0,0,0,0.0730677437121351
254273.411807,2516366.126422,0.945374287290785,0,0,0,0,0.0546257127092146
254773.411807,2516366.126422,0.794961382861346,0,0,0,0,0.205038617138654
255273.411807,2516366.126422,0.863227464659446,0.000183587295759133,0,0.000367174591518267,0.00642555535156967,0.129796218101707
255773.411807,2516366.126422,0.384403163509288,0.03660106676476,0,0.0202317454478573,0.0606952363435718,0.498068787934523
256273.411807,2516366.126422,0.10132401618242,0.0132401618242001,0,0.0126884884148584,0.0353070981978669,0.837440235380655
256773.411807,2516366.126422,0.0708646961630255,0.0271709197723518,0,0.0268037451808335,0.0365338718560676,0.838626767027722
257273.411807,2516366.126422,0.0182085709030715,0.15817546441052,0,0.473054993562626,0.0978480779841824,0.252712893139599
257773.411807,2516366.126422,0.0972784111805811,0.127068775285031,0.0393527031997058,0.0143435086428834,0.0730047811695476,0.648951820522251
258273.411807,2516366.126422,0.230585643473472,0.00348815861942354,0,0.0100973012667523,0.0124839361116211,0.743344960528731
258773.411807,2516366.126422,0.156336214824352,0.00846054809637668,0,0.00312672429648703,0.022254919992643,0.809821592790142
259273.411807,2516366.126422,0.0483633688856197,0.0763148216255976,0,0.00331004045605002,0.0662008091210004,0.805810959911732
259773.411807,2516366.126422,0.0433266017991555,0.0396548558839728,0.000367174591518267,0.0631540297411419,0.133284376721131,0.720212961263081
260273.411807,2516366.126422,0.145300717307339,0.00901232297222733,0.0154496965238183,0.0123229722273312,0.0790877322052602,0.738826558764024
260773.411807,2516366.126422,0.09801397572637,0.0917616770871644,0.0277675616035307,0.017285766826039,0.0895549834497977,0.675616035307098
261273.411807,2516366.126422,0.126491646778043,0.151275931705526,0.000367174591518267,0.166513677253534,0.163943455112906,0.391408114558473
261773.411807,2516366.126422,0.117895898473423,0.380908589295567,0.0137943718962663,0.0584881368401692,0.125988596652566,0.302924406842008
262273.411807,2516366.126422,0.0527767561603531,0.48142699521883,0.025560867966164,0.0625229863920559,0.0932328061787422,0.284479588083854
262773.411807,2516366.126422,0.0519514086327216,0.718531920392866,0.00697854742827604,0.022227965882657,0.0408374256913931,0.159472731972086
250273.411807,2515866.126422,0.781868131868132,0.0919413919413919,0,0,0.000732600732600733,0.125457875457875
250773.411807,2515866.126422,0.884671800513385,0.0308030803080308,0,0,0.00055005500550055,0.083975064173084
251273.411807,2515866.126422,0.95952380952381,0.000915750915750916,0,0,0,0.0395604395604396
251773.411807,2515866.126422,0.898168498168498,0.03003663003663,0,0,0,0.0717948717948718
252273.411807,2515866.126422,0.984598459845985,0.00128346167950128,0,0,0,0.0141180784745141
252773.411807,2515866.126422,0.988827838827839,0,0,0,0,0.0111721611721612
253273.411807,2515866.126422,0.945970695970696,0.000732600732600733,0,0,0,0.0532967032967033
253773.411807,2515866.126422,0.698753208654199,0.0168683535020169,0,0,0.000733406674000733,0.283645031169784
254273.411807,2515866.126422,0.695421245421245,0.000915750915750916,0,0,0.000366300366300366,0.303296703296703
254773.411807,2515866.126422,0.58040293040293,0.0152014652014652,0,0,0.00146520146520147,0.402930402930403
255273.411807,2515866.126422,0.628896222955629,0.0183351668500183,0,0,0.0033003300330033,0.349468280161349
255773.411807,2515866.126422,0.587362637362637,0.00567765567765568,0.000549450549450549,0.0186813186813187,0.0661172161172161,0.321611721611722
256273.411807,2515866.126422,0.165018315018315,0.12967032967033,0.000366300366300366,0,0.0192307692307692,0.685714285714286
256773.411807,2515866.126422,0.362852951961863,0.057022368903557,0,0.0137513751375138,0.0429042904290429,0.523469013568023
257273.411807,2515866.126422,0.12985347985348,0.31043956043956,0,0.215018315018315,0.00567765567765568,0.339010989010989
257773.411807,2515866.126422,0.0509157509157509,0.0880952380952381,0.00805860805860806,0.461172161172161,0.0258241758241758,0.365934065934066
258273.411807,2515866.126422,0.0872753942060873,0.0242024202420242,0,0.0705903923725706,0.0214521452145215,0.796479647964797
258773.411807,2515866.126422,0.148534798534799,0.0214285714285714,0,0.000549450549450549,0.03003663003663,0.799450549450549
259273.411807,2515866.126422,0.0917582417582418,0.0587912087912088,0,0.00256410256410256,0.0210622710622711,0.825824175824176
259773.411807,2515866.126422,0.203520352035204,0.0463879721305464,0.0247524752475248,0.0066006600660066,0.052988632196553,0.665749908324166
260273.411807,2515866.126422,0.0985347985347985,0.125091575091575,0.034981684981685,0.0142857142857143,0.0441391941391941,0.682967032967033
260773.411807,2515866.126422,0.0972527472527473,0.125641025641026,0.010989010989011,0.00183150183150183,0.121428571428571,0.642857142857143
261273.411807,2515866.126422,0.0597726439310598,0.382288228822882,0.0022002200220022,0.00275027502750275,0.116428309497616,0.436560322698937
261773.411807,2515866.126422,0.0996336996336996,0.295604395604396,0.0208791208791209,0.0276556776556777,0.108791208791209,0.447435897435897
262273.411807,2515866.126422,0.0727106227106227,0.566300366300366,0.0172161172161172,0.0423076923076923,0.0547619047619048,0.246703296703297
262773.411807,2515866.126422,0.0572164948453608,0.549226804123711,0,0.0430412371134021,0.045360824742268,0.305154639175258
250273.411807,2515366.126422,0.952503209242619,0.000183385292499542,0,0,0,0.0473134054648817
250773.411807,2515366.126422,0.950522264980759,0,0,0,0,0.0494777350192413
251273.411807,2515366.126422,0.956872820701046,0,0,0,0,0.0431271792989539
251773.411807,2515366.126422,0.979094076655052,0,0,0,0,0.0209059233449477
252273.411807,2515366.126422,0.988638446032619,0.0113615539673813,0,0,0,0
252773.411807,2515366.126422,0.878693338227198,0.00495503762158194,0,0,0,0.11635162415122
253273.411807,2515366.126422,0.867779204107831,0.0053181734824867,0,0,0,0.126902622409683
253773.411807,2515366.126422,0.954187282389591,0,0,0,0,0.0458127176104087
254273.411807,2515366.126422,0.854468709855019,0.0012846393833731,0,0.000183519911910442,0.00146815929528354,0.142594971554414
254773.411807,2515366.126422,0.763432972675591,0.0130203557674674,0,0,0,0.223546671556941
255273.411807,2515366.126422,0.740333516584204,0.00971229613340663,0,0.000549752611324904,0.00513102437236577,0.244273410298699
255773.411807,2515366.126422,0.499174160396403,0.0427601394751331,0,0.0218388695173426,0.0486327766562672,0.387594053954854
256273.411807,2515366.126422,0.376306620209059,0.0130203557674674,0,0.00825233816247937,0.0249403997799376,0.577480286081056
256773.411807,2515366.126422,0.42715777899945,0.0113615539673813,0.00458127176104087,0.05717427157779,0.124793842770753,0.374931280923584
257273.411807,2515366.126422,0.109377867498624,0.269407230684529,0,0.0187190310148651,0.0625802899614608,0.539915580840521
257773.411807,2515366.126422,0.119383825417202,0.353383458646617,0,0.0223730056849441,0.0320924261874198,0.472767284063818
258273.411807,2515366.126422,0.0566245189664651,0.109584020524097,0.000733003481766538,0.611874656404618,0.0342679127725857,0.186915887850467
258773.411807,2515366.126422,0.0734079647641769,0.0818498807120573,0.0167003119838502,0.222976692971187,0.049366856303909,0.555698293264819
259273.411807,2515366.126422,0.0944434256372639,0.0471300201723822,0.000183385292499542,0.0447460113698881,0.0231065468549422,0.790390610673024
259773.411807,2515366.126422,0.059190031152648,0.0216236027121129,0.00586402785413231,0.00256551218618288,0.0337181601612608,0.877038665933663
260273.411807,2515366.126422,0.0895577170122958,0.084235639566893,0.0732244448522665,0.0680858873187741,0.111763626353459,0.573132684896311
260773.411807,2515366.126422,0.0669356317623327,0.430588666788924,0.0126535851824684,0.0053181734824867,0.0550155877498625,0.429488355033926
261273.411807,2515366.126422,0.0879604178119846,0.471504489646326,0.0494777350192413,0.0300531427524281,0.0743998533993036,0.286604361370716
261773.411807,2515366.126422,0.052303174894476,0.446320425766196,0.0100935951550743,0.0583593319875206,0.102954670581758,0.329968801614975
262273.411807,2515366.126422,0.0698697964423253,0.306070053181735,0.0410783055198973,0.0773885934348065,0.102328993214744,0.403264258206492
262773.411807,2515366.126422,0.0819587628865979,0.333762886597938,0.0121134020618557,0.134278350515464,0.167783505154639,0.270103092783505
250273.411807,2514866.126422,0.9600073381031,0,0,0,0,0.0399926618968997
250773.411807,2514866.126422,0.970879120879121,0,0,0,0,0.0291208791208791
251273.411807,2514866.126422,0.974678899082569,0,0,0,0,0.0253211009174312
251773.411807,2514866.126422,1,0,0,0,0,0
252273.411807,2514866.126422,0.974175824175824,0.0168498168498168,0,0,0,0.00897435897435897
252773.411807,2514866.126422,0.911192660550459,0,0,0,0,0.0888073394495413
253273.411807,2514866.126422,0.902770133920382,0.00898917629792699,0,0,0,0.0882406897816914
253773.411807,2514866.126422,0.975641025641026,0.0021978021978022,0,0,0,0.0221611721611722
254273.411807,2514866.126422,0.737614678899083,0.0126605504587156,0,0,0.00110091743119266,0.248623853211009
254773.411807,2514866.126422,0.509998165474225,0.0566868464501926,0,0,0.000550357732526142,0.432764630343056
255273.411807,2514866.126422,0.56025641025641,0.0628205128205128,0,0.000183150183150183,0.00293040293040293,0.373809523809524
255773.411807,2514866.126422,0.269724770642202,0.0840366972477064,0,0.0339449541284404,0.0631192660550459,0.549174311926605
256273.411807,2514866.126422,0.261970280682444,0.00532012474775271,0.000183452577508714,0.00330214639515685,0.0286186020913594,0.700605393505779
256773.411807,2514866.126422,0.239377289377289,0.082967032967033,0.0232600732600733,0.0804029304029304,0.132600732600733,0.441391941391941
257273.411807,2514866.126422,0.202752293577982,0.262018348623853,0.0104587155963303,0.0185321100917431,0.0587155963302752,0.447522935779816
257773.411807,2514866.126422,0.0249495505411851,0.796551091542836,0,0.00697119794533113,0.00953953403045313,0.161988625940194
258273.411807,2514866.126422,0.0232600732600733,0.72032967032967,0,0,0.000915750915750916,0.255494505494505
258773.411807,2514866.126422,0.172110091743119,0.0546788990825688,0.00256880733944954,0.492477064220184,0.0310091743119266,0.247155963302752
259273.411807,2514866.126422,0.0731975784259769,0.11704274445056,0.0143093010456797,0.564667033571822,0.075032104201064,0.155751238304898
259773.411807,2514866.126422,0.100915750915751,0.113003663003663,0,0.00750915750915751,0.0435897435897436,0.734981684981685
260273.411807,2514866.126422,0.0484403669724771,0.382201834862385,0.0179816513761468,0.0278899082568807,0.0532110091743119,0.470275229357798
260773.411807,2514866.126422,0.138506696019079,0.391120895248578,0.0300862227114291,0.0332049165290772,0.0843881856540084,0.322693083837828
261273.411807,2514866.126422,0.05,0.455494505494505,0.0144688644688645,0.0327838827838828,0.0534798534798535,0.393772893772894
261773.411807,2514866.126422,0.109357798165138,0.377614678899083,0.0722935779816514,0.136330275229358,0.0875229357798165,0.216880733944954
262273.411807,2514866.126422,0.0812694918363603,0.237937993028802,0.0462300495321959,0.263804806457531,0.114841313520455,0.255916345624656
262773.411807,2514866.126422,0.0690365790829469,0.536063884595569,0.0363214837712519,0.0713549716640907,0.0731581658938691,0.214064914992272
250273.411807,2514366.126422,0.978205128205128,0.00934065934065934,0,0,0,0.0124542124542125
250773.411807,2514366.126422,0.924275760909424,0.0126512651265127,0,0,0,0.0630729739640631
251273.411807,2514366.126422,0.983150183150183,0.0133699633699634,0,0,0,0.00347985347985348
251773.411807,2514366.126422,0.939194139194139,0.0467032967032967,0,0,0,0.0141025641025641
252273.411807,2514366.126422,0.94004400440044,0.00293362669600293,0,0,0,0.057022368903557
252773.411807,2514366.126422,0.889377289377289,0,0,0,0,0.110622710622711
253273.411807,2514366.126422,0.942857142857143,0.00366300366300366,0,0,0,0.0534798534798535
253773.411807,2514366.126422,0.984598459845985,0,0,0,0,0.0154015401540154
254273.411807,2514366.126422,0.657142857142857,0.0141025641025641,0,0.00146520146520147,0.0315018315018315,0.295787545787546
254773.411807,2514366.126422,0.727106227106227,0.0227106227106227,0,0,0.000183150183150183,0.25
255273.411807,2514366.126422,0.492299229922992,0.0295196186285295,0,0.00586725339200587,0.0187018701870187,0.453612027869454
255773.411807,2514366.126422,0.218498168498168,0.0294871794871795,0.000183150183150183,0.0558608058608059,0.0725274725274725,0.623443223443223
256273.411807,2514366.126422,0.104761904761905,0.0465201465201465,0.00952380952380952,0.0432234432234432,0.0891941391941392,0.706776556776557
256773.411807,2514366.126422,0.124495782911624,0.279427942794279,0,0.0249358269160249,0.017968463513018,0.553171983865053
257273.411807,2514366.126422,0.073992673992674,0.582967032967033,0,0.0021978021978022,0.00879120879120879,0.332051282051282
257773.411807,2514366.126422,0.063003663003663,0.224358974358974,0,0.00989010989010989,0.039010989010989,0.663736263736264
258273.411807,2514366.126422,0.13953061972864,0.656765676567657,0,0,0.000916758342500917,0.202786945361203
258773.411807,2514366.126422,0.173809523809524,0.120879120879121,0,0.0402930402930403,0.0675824175824176,0.597435897435897
259273.411807,2514366.126422,0.265567765567766,0.0238095238095238,0.00549450549450549,0.269230769230769,0.0778388278388278,0.358058608058608
259773.411807,2514366.126422,0.0909424275760909,0.21012101210121,0.0137513751375138,0.317198386505317,0.0537220388705537,0.314264759809314
260273.411807,2514366.126422,0.0606227106227106,0.629487179487179,0.0133699633699634,0.0197802197802198,0.0362637362637363,0.24047619047619
260773.411807,2514366.126422,0.105494505494505,0.272893772893773,0.0106227106227106,0.0880952380952381,0.0926739926739927,0.43021978021978
261273.411807,2514366.126422,0.0825082508250825,0.420608727539421,0.00513384671800513,0.0524385771910524,0.0623395672900623,0.376971030436377
261773.411807,2514366.126422,0.0597069597069597,0.479304029304029,0.0256410256410256,0.0952380952380952,0.0875457875457875,0.252564102564103
262273.411807,2514366.126422,0.076007326007326,0.295054945054945,0.0379120879120879,0.25018315018315,0.146153846153846,0.194688644688645
262773.411807,2514366.126422,0.0461340206185567,0.407731958762887,0.0734536082474227,0.063659793814433,0.118814432989691,0.29020618556701
250273.411807,2513866.126422,0.993764900055016,0.00623509994498441,0,0,0,0
250773.411807,2513866.126422,0.927432655305113,0.0670698185816383,0,0,0,0.00549752611324904
251273.411807,2513866.126422,0.761607634428335,0.0728574050284456,0,0,0,0.165534960543219
251773.411807,2513866.126422,0.800293416467999,0.133321107647167,0,0,0,0.066385475884834
252273.411807,2513866.126422,0.939893714495144,0.000916254352208173,0,0,0,0.059190031152648
252773.411807,2513866.126422,0.975591851715911,0,0,0,0,0.0244081482840888
253273.411807,2513866.126422,0.956537685677609,0,0,0,0,0.0434623143223913
253773.411807,2513866.126422,0.763789628000733,0.00751328568810702,0,0.000366501740883269,0.00623052959501558,0.222100054975261
254273.411807,2513866.126422,0.355111029546706,0.0282620664342081,0,0.000367039823820885,0.00862543585979079,0.607634428335474
254773.411807,2513866.126422,0.791674307720521,0.00128369704749679,0,0,0.000916926462497708,0.206125068769485
255273.411807,2513866.126422,0.463624702217336,0.0485614806670332,0,0.00164925783397471,0.0463624702217336,0.439802089059923
255773.411807,2513866.126422,0.166819599926592,0.0341347036153423,0.012846393833731,0.0299137456414021,0.0578087722517893,0.698476784731143
256273.411807,2513866.126422,0.102512378507244,0.132404181184669,0.0306253438474234,0.010819732257473,0.0750045846323125,0.648633779570878
256773.411807,2513866.126422,0.105735752244823,0.0903426791277259,0,0.000549752611324904,0.021073850100788,0.782297965915338
257273.411807,2513866.126422,0.0304643053771334,0.534042943659387,0,0,0,0.43549275096348
257773.411807,2513866.126422,0.113698881349716,0.30405281496424,0,0.00183385292499542,0.0150375939849624,0.565376856776087
258273.411807,2513866.126422,0.0881436686824262,0.428807036833425,0,0.0278541323071285,0.083745647791827,0.371449514385193
258773.411807,2513866.126422,0.139475133051936,0.133235456046981,0.00110111947146265,0.089190677188475,0.0715727656450725,0.565424848596073
259273.411807,2513866.126422,0.131120484137172,0.229598386209426,0.00513478818998716,0.00275077938749312,0.0238400880249404,0.607555474050981
259773.411807,2513866.126422,0.125343595382078,0.0350009162543522,0.0142935678944475,0.530694520798974,0.158695253802456,0.135972145867693
260273.411807,2513866.126422,0.144980730409249,0.376215819416407,0.0291796659937603,0.122958340979996,0.0636814094329235,0.262984033767664
260773.411807,2513866.126422,0.0847240051347882,0.44801026957638,0.0238400880249404,0.0203557674674491,0.0643682376673391,0.358701632129103
261273.411807,2513866.126422,0.0621220450797141,0.591533809785596,0.00733003481766538,0.051676745464541,0.0575407733186733,0.22979659153381
261773.411807,2513866.126422,0.0767113231785649,0.421912277482107,0.0181684712791338,0.0787300422095797,0.0752431638832813,0.329234721967333
262273.411807,2513866.126422,0.194388410049514,0.282780121034293,0.0872913992297818,0.0768384375573079,0.0938932697597653,0.264808362369338
262773.411807,2513866.126422,0.114690721649485,0.317525773195876,0.11520618556701,0.105670103092784,0.0912371134020619,0.255670103092783
250273.411807,2513366.126422,0.829756008071913,0.1326362135388,0,0,0,0.0376077783892864
250773.411807,2513366.126422,0.861355311355311,0.0637362637362637,0,0,0,0.0749084249084249
251273.411807,2513366.126422,0.693211009174312,0.0728440366972477,0,0,0,0.23394495412844
251773.411807,2513366.126422,0.666850119244175,0.113006787745368,0,0,0,0.220143093010457
252273.411807,2513366.126422,0.617399267399267,0.00512820512820513,0,0.000366300366300366,0.010989010989011,0.366117216117216
252773.411807,2513366.126422,0.821284403669725,0,0,0,0,0.178715596330275
253273.411807,2513366.126422,0.845166024582645,0,0,0,0,0.154833975417355
253773.411807,2513366.126422,0.765201465201465,0.000366300366300366,0,0,0.000549450549450549,0.233882783882784
254273.411807,2513366.126422,0.279266055045872,0.0653211009174312,0.00018348623853211,0.00110091743119266,0.0429357798165138,0.611192660550459
254773.411807,2513366.126422,0.187121629058888,0.030820033021464,0,0.00550357732526142,0.0247660979636764,0.75178866263071
255273.411807,2513366.126422,0.0877289377289377,0.0714285714285714,0.000183150183150183,0.174908424908425,0.163919413919414,0.501831501831502
255773.411807,2513366.126422,0.248256880733945,0.0972477064220184,0.000917431192660551,0.0374311926605505,0.0728440366972477,0.543302752293578
256273.411807,2513366.126422,0.137589433131535,0.0203632361034673,0,0.0361401577692167,0.104384516602458,0.701522656393322
256773.411807,2513366.126422,0.302747252747253,0.0141025641025641,0,0,0.00457875457875458,0.678571428571429
257273.411807,2513366.126422,0.0902752293577982,0.448990825688073,0,0.00715596330275229,0.0379816513761468,0.415596330275229
257773.411807,2513366.126422,0.240322876536415,0.0165107319757843,0,0.0242157402311502,0.0577875619152449,0.661163089341405
258273.411807,2513366.126422,0.05,0.227472527472527,0,0.0194139194139194,0.0384615384615385,0.664652014652015
258773.411807,2513366.126422,0.100183486238532,0.165137614678899,0.00018348623853211,0.191926605504587,0.128990825688073,0.413577981651376
259273.411807,2513366.126422,0.0390753990093561,0.438818565400844,0,0.0392588515868648,0.0387084938543387,0.444138690148597
259773.411807,2513366.126422,0.0282051282051282,0.321428571428571,0.0406593406593407,0.332051282051282,0.0192307692307692,0.258424908424908
260273.411807,2513366.126422,0.0381651376146789,0.167522935779817,0.0607339449541284,0.464220183486239,0.0921100917431193,0.177247706422018
260773.411807,2513366.126422,0.0390753990093561,0.736378646119978,0,0.000550357732526142,0.0113740598055403,0.2126215373326
261273.411807,2513366.126422,0.0494505494505494,0.417216117216117,0.0509157509157509,0.0529304029304029,0.0913919413919414,0.338095238095238
261773.411807,2513366.126422,0.0631192660550459,0.508256880733945,0.0229357798165138,0.0352293577981651,0.0352293577981651,0.335229357798165
262273.411807,2513366.126422,0.0464135021097046,0.182718767198679,0.133186571271326,0.0579710144927536,0.0854889011190607,0.494221243808475
262773.411807,2513366.126422,0.0316846986089645,0.239052035033488,0.0937660999484802,0.0564142194744977,0.0461102524471922,0.532972694487378
250273.411807,2512866.126422,0.595604395604396,0.305677655677656,0,0,0.00146520146520147,0.0972527472527473
250773.411807,2512866.126422,0.758525852585259,0,0,0,0,0.241474147414741
251273.411807,2512866.126422,0.779304029304029,0.0172161172161172,0,0,0,0.203479853479853
251773.411807,2512866.126422,0.757509157509157,0.0679487179487179,0,0.000183150183150183,0.0104395604395604,0.163919413919414
252273.411807,2512866.126422,0.391639163916392,0.0658232489915658,0,0.000733406674000733,0.011001100110011,0.530803080308031
252773.411807,2512866.126422,0.714835164835165,0.0364468864468864,0,0,0.000732600732600733,0.247985347985348
253273.411807,2512866.126422,0.748351648351648,0.0100732600732601,0,0,0,0.241575091575092
253773.411807,2512866.126422,0.272827282728273,0.0267693436010268,0,0.00165016501650165,0.026035936927026,0.672717271727173
254273.411807,2512866.126422,0.141758241758242,0.0743589743589744,0,0.00183150183150183,0.0148351648351648,0.767216117216117
254773.411807,2512866.126422,0.173076923076923,0.0148351648351648,0,0.0166666666666667,0.0472527472527473,0.748168498168498
255273.411807,2512866.126422,0.0504217088375504,0.0669233590025669,0.000366703337000367,0.0641730839750642,0.0830583058305831,0.735056839017235
255773.411807,2512866.126422,0.0695970695970696,0.176739926739927,0.000549450549450549,0.000915750915750916,0.0415750915750916,0.710622710622711
256273.411807,2512866.126422,0.114285714285714,0.0417582417582418,0.0214285714285714,0.0205128205128205,0.0679487179487179,0.734065934065934
256773.411807,2512866.126422,0.158599193252659,0.0641730839750642,0.0412541254125413,0.00733406674000733,0.105793912724606,0.622845617895123
257273.411807,2512866.126422,0.0534798534798535,0.406959706959707,0,0.00366300366300366,0.0243589743589744,0.511538461538461
257773.411807,2512866.126422,0.0879120879120879,0.271428571428571,0,0.0468864468864469,0.0804029304029304,0.513369963369963
258273.411807,2512866.126422,0.0469380271360469,0.313531353135314,0.00293362669600293,0.0506050605060506,0.0471213788045471,0.538870553722039
258773.411807,2512866.126422,0.0855311355311355,0.192673992673993,0.0128205128205128,0.0221611721611722,0.0578754578754579,0.628937728937729
259273.411807,2512866.126422,0.0642857142857143,0.524358974358974,0.00311355311355311,0.00677655677655678,0.026007326007326,0.375457875457875
259773.411807,2512866.126422,0.0408874220755409,0.375504217088376,0.00623395672900623,0.0630729739640631,0.00935093509350935,0.504950495049505
260273.411807,2512866.126422,0.00311355311355311,0.019047619047619,0.188461538461538,0.754212454212454,0.00989010989010989,0.0252747252747253
260773.411807,2512866.126422,0.0164835164835165,0.60018315018315,0.00146520146520147,0.136813186813187,0.0238095238095238,0.221245421245421
261273.411807,2512866.126422,0.0251191785845251,0.535570223689036,0.0555555555555556,0.0621562156215622,0.0342867620095343,0.287312064539787
261773.411807,2512866.126422,0.0996336996336996,0.543772893772894,0.000915750915750916,0.0163003663003663,0.019047619047619,0.32032967032967
262273.411807,2512866.126422,0.103479853479853,0.195238095238095,0.227106227106227,0.171062271062271,0.030952380952381,0.272161172161172
250273.411807,2512366.126422,0.725655602420686,0.0205391527599487,0,0,0,0.253805244819366
250773.411807,2512366.126422,0.665383910573575,0.000366501740883269,0,0,0,0.334249587685542
251273.411807,2512366.126422,0.780693705267021,0.000367039823820885,0,0,0,0.218939254909158
251773.411807,2512366.126422,0.796258940033009,0.000733541169998166,0,0,0,0.203007518796992
252273.411807,2512366.126422,0.341579622503207,0.0201575957485798,0,0.000549752611324904,0.0148433205057724,0.622869708631116
252773.411807,2512366.126422,0.210497338961277,0.115617544503579,0.00495503762158194,0.0192695907505964,0.0770783630023858,0.57258212516058
253273.411807,2512366.126422,0.357784705666606,0.000366770584999083,0,0.000733541169998166,0.0227397762699432,0.618375206308454
253773.411807,2512366.126422,0.162726772952172,0.0359171706065604,0,0.0379329301814184,0.0260216236027121,0.737401502657138
254273.411807,2512366.126422,0.13268489631125,0.0820334006239677,0.0337676637915214,0.0418425399155808,0.119471462653698,0.590200036703982
254773.411807,2512366.126422,0.0970108197322575,0.254172015404365,0.00825233816247937,0.0115532734274711,0.0478635613423803,0.581147991931047
255273.411807,2512366.126422,0.0364669232178853,0.22081729888217,0.00256551218618288,0.00164925783397471,0.0186915887850467,0.719809419094741
255773.411807,2512366.126422,0.101853551110295,0.214901816847128,0,0.0590934116351624,0.0893741971003854,0.534777023307029
256273.411807,2512366.126422,0.148725472217128,0.0944434256372639,0.00623509994498441,0.0647350082523382,0.0995782138272511,0.586282780121034
256773.411807,2512366.126422,0.221000549752611,0.0996884735202492,0.00787978742899029,0.0547920102620487,0.0630382994319223,0.553600879604178
257273.411807,2512366.126422,0.133235456046981,0.0884565975408332,0.0135804734813727,0.0631308496971921,0.122224261332355,0.579372361901266
257773.411807,2512366.126422,0.0863744727672841,0.3201907207042,0.000183385292499542,0.0891252521547772,0.0610673024023473,0.443058866678892
258273.411807,2512366.126422,0.0753161077515118,0.377313542239326,0.00293201392706615,0.00824628916987356,0.0320689023272861,0.504123144584937
258773.411807,2512366.126422,0.0792806019453111,0.328684162231602,0.00587263718113415,0.0284455863461186,0.0600110111947146,0.497706001101119
259273.411807,2512366.126422,0.0421786172748946,0.338712635246653,0.0458463231248854,0.0284247203374289,0.0537318907023657,0.491105813313772
259773.411807,2512366.126422,0.0232728605460876,0.257100971229613,0.126809602345611,0.0443467106468756,0.0168590800806304,0.531610775151182
260273.411807,2512366.126422,0.153055606533309,0.04147550009176,0.0524866948063865,0.403927326114883,0.00991007524316388,0.339144797210497
260773.411807,2512366.126422,0.0509811113148725,0.133687878232166,0.0276911791674308,0.212910324591968,0.024390243902439,0.550339262791124
261273.411807,2512366.126422,0.0641378046545721,0.183800623052959,0.123144584936778,0.329301814183617,0.0225398570643211,0.277075316107751
250273.411807,2511866.126422,0.654008438818565,0,0,0,0,0.345991561181435
250773.411807,2511866.126422,0.616300366300366,0.0463369963369963,0,0,0,0.337362637362637
251273.411807,2511866.126422,0.684770642201835,0.00128440366972477,0,0,0,0.31394495412844
251773.411807,2511866.126422,0.849568886442855,0,0,0,0,0.150431113557145
252273.411807,2511866.126422,0.21043956043956,0.0531135531135531,0,0.000915750915750916,0.0152014652014652,0.72032967032967
252773.411807,2511866.126422,0.295779816513761,0.0313761467889908,0,0.0073394495412844,0.0746788990825688,0.590825688073395
253273.411807,2511866.126422,0.175564116675839,0.149146945514584,0.00293524124013942,0.00220143093010457,0.0372408732342689,0.632911392405063
253773.411807,2511866.126422,0.272893772893773,0.0487179487179487,0.00695970695970696,0.0250915750915751,0.122893772893773,0.523443223443223
254273.411807,2511866.126422,0.137981651376147,0.0460550458715596,0.00660550458715596,0.294311926605505,0.16348623853211,0.351559633027523
254773.411807,2511866.126422,0.149146945514584,0.104751421757476,0.00458631443771785,0.0764997248211337,0.110071546505228,0.55494404696386
255273.411807,2511866.126422,0.101648351648352,0.0756410256410256,0.00128205128205128,0.376373626373626,0.172710622710623,0.272344322344322
255773.411807,2511866.126422,0.12348623853211,0.028256880733945,0.00073394495412844,0.290275229357798,0.161651376146789,0.395596330275229
256273.411807,2511866.126422,0.0999816547422491,0.126398825903504,0.00880572372041827,0.0798018712162906,0.0733810310034856,0.611630893414052
256773.411807,2511866.126422,0.0978021978021978,0.205677655677656,0,0.00567765567765568,0.0305860805860806,0.66025641025641
257273.411807,2511866.126422,0.0605504587155963,0.274128440366972,0.0172477064220183,0.0146788990825688,0.0431192660550459,0.590275229357798
257773.411807,2511866.126422,0.0387084938543387,0.356815263254449,0.0234819299211154,0.023115024766098,0.0709961474958723,0.486883140708127
258273.411807,2511866.126422,0.0789377289377289,0.327838827838828,0.0144688644688645,0.0148351648351648,0.0512820512820513,0.512637362637363
258773.411807,2511866.126422,0.0587155963302752,0.293577981651376,0.0497247706422018,0.0326605504587156,0.0695412844036697,0.495779816513761
259273.411807,2511866.126422,0.0570537516052101,0.128233351678591,0.40377912309668,0.0225646670335718,0.0487983856173179,0.33957072096863
259773.411807,2511866.126422,0.171245421245421,0.206959706959707,0.00714285714285714,0.103113553113553,0.0139194139194139,0.497619047619048
260273.411807,2511866.126422,0.107522935779817,0.107706422018349,0.0741284403669725,0.34348623853211,0.00110091743119266,0.36605504587156
260773.411807,2511866.126422,0,0.0423775454045129,0.602825169693634,0.354797284901853,0,0
250273.411807,2511366.126422,0.815018315018315,0,0,0,0,0.184981684981685
250773.411807,2511366.126422,0.743857719105244,0,0,0,0,0.256142280894756
251273.411807,2511366.126422,0.696703296703297,0.0686813186813187,0,0,0,0.234615384615385
251773.411807,2511366.126422,0.903663003663004,0,0,0,0,0.0963369963369963
252273.411807,2511366.126422,0.687018701870187,0.0022002200220022,0,0,0.00055005500550055,0.31023102310231
252773.411807,2511366.126422,0.171611721611722,0.0267399267399267,0,0.00750915750915751,0.0549450549450549,0.739194139194139
253273.411807,2511366.126422,0.276556776556777,0.0705128205128205,0,0.0402930402930403,0.0866300366300366,0.526007326007326
253773.411807,2511366.126422,0.182801613494683,0.092042537587092,0.0055005500550055,0.12962962962963,0.0757242390905757,0.514301430143014
254273.411807,2511366.126422,0.0576923076923077,0.0274725274725275,0.0155677655677656,0.260989010989011,0.0805860805860806,0.557692307692308
254773.411807,2511366.126422,0.0820512820512821,0.00494505494505494,0,0.16007326007326,0.00622710622710623,0.746703296703297
255273.411807,2511366.126422,0.114778144481115,0.0507884121745508,0.00788412174550788,0.0227356068940227,0.037953795379538,0.765859919325266
255773.411807,2511366.126422,0.203663003663004,0.11025641025641,0.0223443223443223,0.0386446886446886,0.0496336996336996,0.575457875457875
256273.411807,2511366.126422,0.0380952380952381,0.25,0.00201465201465201,0.00146520146520147,0.0119047619047619,0.696520146520146
256773.411807,2511366.126422,0.136963696369637,0.185735240190686,0.0287862119545288,0.00385038503850385,0.028969563623029,0.615694902823616
257273.411807,2511366.126422,0.0624542124542125,0.0761904761904762,0,0.0163003663003663,0.0454212454212454,0.7996336996337
257773.411807,2511366.126422,0.0247252747252747,0.337362637362637,0.00201465201465201,0.0106227106227106,0.0421245421245421,0.583150183150183
258273.411807,2511366.126422,0.161349468280161,0.136596993032637,0.00916758342500917,0.0454712137880455,0.0562889622295563,0.591125779244591
258773.411807,2511366.126422,0.135347985347985,0.1503663003663,0.0582417582417582,0.176007326007326,0.00586080586080586,0.474175824175824
259273.411807,2511366.126422,0.0514652014652015,0.0311355311355311,0.556043956043956,0.195787545787546,0.000183150183150183,0.165384615384615
250273.411807,2510866.126422,0.816614707500459,0,0,0,0,0.183385292499542
250773.411807,2510866.126422,0.8587135788895,0.00916254352208173,0,0.000366501740883269,0,0.131757375847535
251273.411807,2510866.126422,0.721416773719949,0.0144980730409249,0,0,0,0.264085153239126
251773.411807,2510866.126422,0.421969558041445,0.00165046763249587,0,0.000733541169998166,0.00348432055749129,0.57216211259857
252273.411807,2510866.126422,0.31390874106652,0.0335349092908191,0.000549752611324904,0.0300531427524281,0.0593732820230896,0.562580172255818
252773.411807,2510866.126422,0.137456414020921,0.0211047898697009,0,0.245916681959993,0.0581758120756102,0.537346302073775
253273.411807,2510866.126422,0.0926095727122685,0.0618008435723455,0.00843572345497891,0.610673024023473,0.0513478818998716,0.175132954337062
253773.411807,2510866.126422,0.338281106835257,0.0276708814366868,0,0.136521898479018,0.0263881253435954,0.471137987905443
254273.411807,2510866.126422,0.253991558084052,0.0227564690768948,0.0352358230868049,0.0695540466140576,0.0991007524316388,0.519361350706552
254773.411807,2510866.126422,0.0429121584448927,0.147441775169631,0.0152209792774619,0.198422886484504,0.0799559875298001,0.51604621309371
255273.411807,2510866.126422,0.0547920102620487,0.0797141286421111,0.00256551218618288,0.486347810152098,0.0470954737035001,0.329485065054059
255773.411807,2510866.126422,0.214534777023307,0.145898329968802,0,0.0682694072306845,0.0194531106625069,0.5518443751147
256273.411807,2510866.126422,0.101962222629745,0.0157711351549606,0,0.00275077938749312,0.00696864111498258,0.872547221712819
256773.411807,2510866.126422,0.0282206340480117,0.00146600696353308,0,0,0,0.970313358988455
257273.411807,2510866.126422,0.0113782345384474,0.162415122040741,0.0047715177096715,0.00238575885483575,0.00367039823820885,0.815378968618095
257773.411807,2510866.126422,0.131487254722171,0.162479369154594,0.00403447643498991,0.0476801760498808,0.026407482119934,0.62791124151843
258273.411807,2510866.126422,0.0740333516584204,0.0610225398570643,0.473886750962067,0.231629100238226,0.00146600696353308,0.157962250320689
250273.411807,2510366.126422,0.503026967528894,0.0563199412951752,0,0.142175747569253,0.0442120711796001,0.254265272427078
250773.411807,2510366.126422,0.565384615384615,0.0221611721611722,0,0.0954212454212454,0.0474358974358974,0.26959706959707
251273.411807,2510366.126422,0.299633027522936,0.0238532110091743,0,0.363853211009174,0.0759633027522936,0.236697247706422
251773.411807,2510366.126422,0.144560631076867,0.0566868464501926,0.000550357732526142,0.436984039625757,0.124747752705926,0.236470372408732
252273.411807,2510366.126422,0.393772893772894,0.0615384615384615,0.000732600732600733,0.374725274725275,0.0833333333333333,0.0858974358974359
252773.411807,2510366.126422,0.501467889908257,0.0427522935779817,0,0.174128440366972,0.0242201834862385,0.25743119266055
253273.411807,2510366.126422,0.405246743716749,0.0585213722252798,0,0.103650706292423,0.00862227114290956,0.423958906622638
253773.411807,2510366.126422,0.648901098901099,0.000183150183150183,0,0,0.000732600732600733,0.35018315018315
254273.411807,2510366.126422,0.45045871559633,0.0306422018348624,0.0172477064220183,0.0139449541284404,0.0403669724770642,0.447339449541284
254773.411807,2510366.126422,0.166391487800404,0.0504494588148963,0.021830856723537,0.203265455879655,0.159053384700055,0.399009356081453
255273.411807,2510366.126422,0.0833333333333333,0.144322344322344,0.0153846153846154,0.041025641025641,0.0470695970695971,0.668864468864469
255773.411807,2510366.126422,0.0192660550458716,0.0310091743119266,0,0.581834862385321,0.026605504587156,0.341284403669725
256273.411807,2510366.126422,0.0238488350761328,0,0,0,0,0.976151164923867
256773.411807,2510366.126422,0.015018315018315,0.0146520146520147,0,0.000549450549450549,0.0135531135531136,0.956227106227106
257273.411807,2510366.126422,0.00495412844036697,0.371559633027523,0.0348623853211009,0.185504587155963,0.00532110091743119,0.397798165137615
250273.411807,2509866.126422,0.477472527472527,0.00256410256410256,0,0.00274725274725275,0.00915750915750916,0.508058608058608
250773.411807,2509866.126422,0.475980931426476,0.00715071507150715,0.000183351668500183,0.00641730839750642,0.0152181884855152,0.495049504950495
251273.411807,2509866.126422,0.520512820512821,0.00549450549450549,0,0.000732600732600733,0.00842490842490842,0.464835164835165
251773.411807,2509866.126422,0.665201465201465,0.00970695970695971,0,0.000183150183150183,0.00256410256410256,0.322344322344322
252273.411807,2509866.126422,0.937660432709938,0.000916758342500917,0,0,0,0.0614228089475614
252773.411807,2509866.126422,0.863736263736264,0,0,0,0,0.136263736263736
253273.411807,2509866.126422,0.841941391941392,0,0,0,0,0.158058608058608
253773.411807,2509866.126422,0.65016501650165,0.0656398973230656,0,0,0,0.284195086175284
254273.411807,2509866.126422,0.252564102564103,0.123626373626374,0.00659340659340659,0.0131868131868132,0.0485347985347985,0.555494505494506
254773.411807,2509866.126422,0.0675824175824176,0.132234432234432,0.0932234432234432,0.134249084249084,0.124175824175824,0.448534798534799
255273.411807,2509866.126422,0.0579391272460579,0.138430509717638,0.0559222588925559,0.0506050605060506,0.0685735240190686,0.628529519618629
255773.411807,2509866.126422,0.00879120879120879,0.117216117216117,0.0542124542124542,0.202197802197802,0.0454212454212454,0.572161172161172
256273.411807,2509866.126422,0.0183150183150183,0.0102564102564103,0.0278388278388278,0.441025641025641,0.000549450549450549,0.502014652014652
256773.411807,2509866.126422,0.0232856618995233,0.172533920058673,0,0.0832416574990832,0.000733406674000733,0.72020535386872
257273.411807,2509866.126422,0.00164835164835165,0.0756410256410256,0.673260073260073,0.247252747252747,0,0.0021978021978022
250273.411807,2509366.126422,0.466898954703833,0.0328259673574179,0,0.000183385292499542,0.0022006235099945,0.497891069136255
250773.411807,2509366.126422,0.350375664284405,0.0425142019424592,0,0.000183250870441635,0.009529045262965,0.597397837639729
251273.411807,2509366.126422,0.295650578087722,0.0776289227381171,0,0,0.00275279867865663,0.623967700495504
251773.411807,2509366.126422,0.284613973959288,0.0511644966073721,0,0,0.00293416467999266,0.661287364753347
252273.411807,2509366.126422,0.474619754443834,0.0221733553234378,0,0,0.0047645226314825,0.498442367601246
252773.411807,2509366.126422,0.60157827124243,0.00972655533125344,0,0,0.00293631859056708,0.38575885483575
253273.411807,2509366.126422,0.492756280946268,0.0174216027874564,0,0.000183385292499542,0.0298918026774253,0.459746928296351
253773.411807,2509366.126422,0.721825178669599,0.00384826827927433,0,0,0,0.274326553051127
254273.411807,2509366.126422,0.51055239493485,0.0346852633510736,0.000917599559552211,0.0935951550743256,0.0567076527803267,0.303541934299872
254773.411807,2509366.126422,0.0755547405098111,0.198973042362003,0.106730240234733,0.0740876581698148,0.17586649550706,0.368787823216578
255273.411807,2509366.126422,0.091258933479934,0.171156312992487,0.150082462891699,0.0632215503023639,0.134139637163277,0.39014110317024
255773.411807,2509366.126422,0.184988071205726,0.195632226096531,0.0249587080198202,0.0917599559552211,0.0612956505780877,0.441365388144614
