"x","y","forest","agri","water","built","other","grass"
199273.411807,2682366.126422,0,0,0.308915388983532,0.691084611016468,0,0
199773.411807,2682366.126422,0.0207187385405207,0.0645397873120645,0.303263659699303,0.476164283094976,0.0152181884855152,0.12009534286762
200273.411807,2682366.126422,0.0456043956043956,0.0527472527472527,0.0133699633699634,0.692307692307692,0.104945054945055,0.091025641025641
200773.411807,2682366.126422,0.023992673992674,0.0673992673992674,0.0371794871794872,0.397252747252747,0.160989010989011,0.313186813186813
201273.411807,2682366.126422,0.0209020902090209,0.068023469013568,0.0205353868720205,0.44004400440044,0.168316831683168,0.282178217821782
201773.411807,2682366.126422,0.0683150183150183,0.36959706959707,0.0492673992673993,0.0701465201465201,0.128937728937729,0.313736263736264
202273.411807,2682366.126422,0.0765567765567766,0.102747252747253,0.0124542124542125,0.0534798534798535,0.0860805860805861,0.668681318681319
202773.411807,2682366.126422,0.0573890722405574,0.142830949761643,0.00165016501650165,0.581408140814081,0.103226989365603,0.113494682801613
203273.411807,2682366.126422,0.0664835164835165,0.0782051282051282,0,0.563919413919414,0.176373626373626,0.115018315018315
203773.411807,2682366.126422,0.0377289377289377,0.0756410256410256,0,0.646520146520147,0.131318681318681,0.108791208791209
204273.411807,2682366.126422,0.046021268793546,0.146681334800147,0,0.318481848184819,0.209020902090209,0.27979464613128
204773.411807,2682366.126422,0.0304029304029304,0.268498168498168,0,0.0247252747252747,0.102197802197802,0.574175824175824
205273.411807,2682366.126422,0.0434065934065934,0.358424908424908,0,0.0573260073260073,0.0551282051282051,0.485714285714286
205773.411807,2682366.126422,0.0748074807480748,0.0896589658965897,0,0.355702236890356,0.226989365603227,0.252841950861753
206273.411807,2682366.126422,0.0915750915750916,0.0587912087912088,0,0.178937728937729,0.0835164835164835,0.587179487179487
206773.411807,2682366.126422,0.0965201465201465,0.0181318681318681,0,0.0293040293040293,0.127655677655678,0.728388278388278
207273.411807,2682366.126422,0.0496883021635497,0.0946094609460946,0,0.00183351668500183,0.0308030803080308,0.823065639897323
207773.411807,2682366.126422,0.0608058608058608,0.151282051282051,0,0.0155677655677656,0.093956043956044,0.678388278388278
208273.411807,2682366.126422,0.105860805860806,0.21025641025641,0,0.0730769230769231,0.111721611721612,0.499084249084249
208773.411807,2682366.126422,0.0892922625595893,0.253208654198753,0,0.0432709937660433,0.0883755042170884,0.525852585258526
209273.411807,2682366.126422,0.121428571428571,0.316666666666667,0,0.043956043956044,0.0166666666666667,0.501282051282051
209773.411807,2682366.126422,0.226739926739927,0.0701465201465201,0.00293040293040293,0.118498168498168,0.206959706959707,0.374725274725275
210273.411807,2682366.126422,0.0592225889255592,0.101393472680601,0,0.380821415474881,0.175467546754675,0.283094976164283
210773.411807,2682366.126422,0.117216117216117,0.183882783882784,0,0.0587912087912088,0.0818681318681319,0.558241758241758
211273.411807,2682366.126422,0.034981684981685,0.00787545787545788,0,0.0987179487179487,0.166117216117216,0.692307692307692
211773.411807,2682366.126422,0.00876383763837638,0.0101476014760148,0,0.0382841328413284,0.0740313653136531,0.868773062730627
199273.411807,2681866.126422,0,0.00284495021337127,0.254338549075391,0.740256045519203,0.00113798008534851,0.00142247510668563
199773.411807,2681866.126422,0.0196078431372549,0.218251786695987,0,0.184350375664284,0.0791643760307861,0.498625618471688
200273.411807,2681866.126422,0.0888236373646541,0.0598274912828042,0.00256927876674619,0.53514406313085,0.201137823453845,0.112497706001101
200773.411807,2681866.126422,0.0761048963873097,0.077205208142307,0,0.479002384008803,0.221896203924445,0.145791307537136
201273.411807,2681866.126422,0.028587135788895,0.496243357155946,0,0.256917720359172,0.0791643760307861,0.139087410665201
201773.411807,2681866.126422,0.0675353275830428,0.204808221692054,0.00311983850247752,0.371444301706735,0.117452743622683,0.235639566893008
202273.411807,2681866.126422,0.0522648083623693,0.0634513112048414,0.0121034293049697,0.711168164313222,0.117183201907207,0.0438290849073904
202773.411807,2681866.126422,0.0604727872457394,0.505772402418912,0.0317024005864028,0.221000549752611,0.0472787245739417,0.133773135422393
203273.411807,2681866.126422,0.130849697192145,0.332721600293632,0.0106441548908057,0.264085153239126,0.137639933932832,0.124059460451459
203773.411807,2681866.126422,0.0970108197322575,0.349532367504126,0.0121034293049697,0.243719053731891,0.135521731157161,0.162112598569595
204273.411807,2681866.126422,0.0613890415979476,0.218068535825545,0,0.361370716510903,0.153930731170973,0.205240974894631
204773.411807,2681866.126422,0.0833180400073408,0.222976692971187,0,0.210680858873188,0.158928243714443,0.324096164433841
205273.411807,2681866.126422,0.0590500641848524,0.0847240051347882,0.00275077938749312,0.539336145241152,0.11608289015221,0.198056115899505
205773.411807,2681866.126422,0.0199743448781382,0.0166758292101887,0,0.885101704233095,0.0643210555250137,0.0139270661535642
206273.411807,2681866.126422,0.0717562855569829,0.025325747843641,0,0.640851532391264,0.172141677371995,0.0899247568361167
206773.411807,2681866.126422,0.143223913442142,0.0500641848523748,0,0.251421236016871,0.296534017971759,0.258756647716853
207273.411807,2681866.126422,0.172988821696903,0.0437969580355507,0,0.0168590800806304,0.122045079714129,0.644310060472787
207773.411807,2681866.126422,0.0567076527803267,0.0119287942741787,0,0.000367039823820885,0.0321159845843274,0.898880528537346
208273.411807,2681866.126422,0.0913258756647717,0.004401247019989,0,0.00110031175499725,0.013203741059967,0.889968824500275
208773.411807,2681866.126422,0.176470588235294,0.256184716877405,0,0.000549752611324904,0.0599230346344145,0.506871907641561
209273.411807,2681866.126422,0.173793356579189,0.309414571481006,0,0.0012846393833731,0.00697375665259681,0.508533675903836
209773.411807,2681866.126422,0.166697230882083,0.303686044379241,0,0.12800293416468,0.0669356317623327,0.334678158811663
210273.411807,2681866.126422,0.0287703866593366,0.406633681509987,0.000916254352208173,0.244639912039582,0.0923584387025838,0.226681326736302
210773.411807,2681866.126422,0.0739585244999082,0.150486327766563,0,0.31932464672417,0.183703431822353,0.272527069187007
211273.411807,2681866.126422,0.0916926462497708,0.104896387309738,0.000183385292499542,0.134788189987163,0.201357051164497,0.467082339996332
211773.411807,2681866.126422,0.0710495963091119,0.112341407151096,0.0124567474048443,0.282122260668973,0.130334486735871,0.391695501730104
199273.411807,2681366.126422,0,0.00085348506401138,0.782076813655761,0.217069701280228,0,0
199773.411807,2681366.126422,0.0336996336996337,0.0509157509157509,0.010989010989011,0.715018315018315,0.123076923076923,0.0663003663003663
200273.411807,2681366.126422,0.053394495412844,0.0563302752293578,0,0.60605504587156,0.185871559633028,0.098348623853211
200773.411807,2681366.126422,0.114657860942946,0.0535681526325445,0,0.331682260135755,0.244175380664098,0.255916345624656
201273.411807,2681366.126422,0.0124542124542125,0.021978021978022,0.000549450549450549,0.905128205128205,0.0472527472527473,0.0126373626373626
201773.411807,2681366.126422,0.0225688073394495,0.0491743119266055,0,0.795779816513762,0.105688073394495,0.0267889908256881
202273.411807,2681366.126422,0.0242157402311502,0.246193359016694,0.001284168042561,0.612731608879105,0.0829205650339387,0.0326545587965511
202773.411807,2681366.126422,0.0978021978021978,0.577289377289377,0,0.0228937728937729,0.0847985347985348,0.217216117216117
203273.411807,2681366.126422,0.0557798165137615,0.768990825688073,0,0.0135779816513761,0.0444036697247706,0.117247706422018
203773.411807,2681366.126422,0.0284351495138507,0.910842047330765,0,0.000183452577508714,0.00165107319757843,0.0588882773802972
204273.411807,2681366.126422,0.058974358974359,0.436813186813187,0.00879120879120879,0.0763736263736264,0.192673992673993,0.226373626373626
204773.411807,2681366.126422,0.026605504587156,0.326238532110092,0.00642201834862385,0.157247706422018,0.142018348623853,0.341467889908257
205273.411807,2681366.126422,0.0425609979820216,0.0370574206567602,0,0.768299394606494,0.118693817648138,0.0333883691065859
205773.411807,2681366.126422,0.0945054945054945,0.0413919413919414,0,0.602747252747253,0.142673992673993,0.118681318681319
206273.411807,2681366.126422,0.0722935779816514,0.0620183486238532,0,0.436330275229358,0.2,0.229357798165138
206773.411807,2681366.126422,0.0915428361768483,0.0359567051917079,0,0.226013575490736,0.224912860025683,0.421574023115025
207273.411807,2681366.126422,0.135714285714286,0.0100732600732601,0,0.0021978021978022,0.0542124542124542,0.797802197802198
207773.411807,2681366.126422,0.0510091743119266,0.00844036697247706,0,0.00036697247706422,0.0418348623853211,0.898348623853211
208273.411807,2681366.126422,0.0900752155567786,0.0478811227297744,0,0,0.0350394423041644,0.827004219409283
208773.411807,2681366.126422,0.0622710622710623,0.264102564102564,0,0.0122710622710623,0.0602564102564103,0.601098901098901
209273.411807,2681366.126422,0.0667889908256881,0.513577981651376,0,0.0036697247706422,0.00330275229357798,0.412660550458716
209773.411807,2681366.126422,0.0509998165474225,0.691432764630343,0,0.00403595670519171,0.02568336085122,0.227848101265823
210273.411807,2681366.126422,0.285531135531136,0.154761904761905,0,0.00824175824175824,0.0386446886446886,0.512820512820513
210773.411807,2681366.126422,0.147155963302752,0.071743119266055,0,0.0484403669724771,0.100366972477064,0.632293577981651
211273.411807,2681366.126422,0.149513850669602,0.0975967712346359,0.000366905155017428,0.175380664098331,0.131902403228765,0.445239405613649
211773.411807,2681366.126422,0.148028591192068,0.0352778418261471,0,0.256398432095919,0.267465990315887,0.292829144569979
199273.411807,2680866.126422,0.010221465076661,0.0315161839863714,0.45854628052243,0.425042589437819,0.0391822827938671,0.0354911981828507
199773.411807,2680866.126422,0.0291529152915292,0.0518885221855519,0.0936927026035937,0.539420608727539,0.196552988632197,0.0892922625595893
200273.411807,2680866.126422,0.0388278388278388,0.0602564102564103,0,0.606593406593407,0.181318681318681,0.113003663003663
200773.411807,2680866.126422,0.123992673992674,0.0553113553113553,0.000549450549450549,0.541758241758242,0.145238095238095,0.133150183150183
201273.411807,2680866.126422,0.024019068573524,0.0579391272460579,0.0011001100110011,0.803997066373304,0.0515218188485515,0.0614228089475614
201773.411807,2680866.126422,0.0234432234432234,0.067032967032967,0.000183150183150183,0.8,0.0578754578754579,0.0514652014652015
202273.411807,2680866.126422,0.0289377289377289,0.527289377289377,0,0.248534798534799,0.0426739926739927,0.152564102564103
202773.411807,2680866.126422,0.081958195819582,0.471947194719472,0,0.104327099376604,0.156215621562156,0.185551888522186
203273.411807,2680866.126422,0.0976190476190476,0.663003663003663,0,0.00732600732600733,0.0697802197802198,0.162271062271062
203773.411807,2680866.126422,0.0335164835164835,0.764285714285714,0,0.00183150183150183,0.0377289377289377,0.162637362637363
204273.411807,2680866.126422,0.0654565456545655,0.292812614594793,0,0.0473047304730473,0.142280894756142,0.452145214521452
204773.411807,2680866.126422,0.0490842490842491,0.23974358974359,0,0.261172161172161,0.127472527472527,0.322527472527473
205273.411807,2680866.126422,0.0391941391941392,0.0324175824175824,0.000366300366300366,0.756227106227106,0.11959706959707,0.0521978021978022
205773.411807,2680866.126422,0.172717271727173,0.0434543454345435,0,0.166299963329666,0.191235790245691,0.426292629262926
206273.411807,2680866.126422,0.181135531135531,0.0153846153846154,0,0.173260073260073,0.0897435897435897,0.54047619047619
206773.411807,2680866.126422,0.0815018315018315,0.0483516483516484,0,0.21996336996337,0.292307692307692,0.357875457875458
207273.411807,2680866.126422,0.135863586358636,0.0066006600660066,0,0.00128346167950128,0.0377704437110378,0.818481848184819
207773.411807,2680866.126422,0.12014652014652,0.0166666666666667,0,0.00897435897435897,0.0302197802197802,0.823992673992674
208273.411807,2680866.126422,0.0752747252747253,0.000915750915750916,0,0.000183150183150183,0.0104395604395604,0.913186813186813
208773.411807,2680866.126422,0.0924092409240924,0.175834250091676,0,0.00733406674000733,0.0647231389805647,0.65969930326366
209273.411807,2680866.126422,0.00970695970695971,0.801465201465202,0,0.010989010989011,0.00714285714285714,0.170695970695971
209773.411807,2680866.126422,0.015018315018315,0.841391941391941,0,0,0.000915750915750916,0.142673992673993
210273.411807,2680866.126422,0.0658232489915658,0.567473414008068,0,0.0265859919325266,0.037953795379538,0.302163549688302
210773.411807,2680866.126422,0.184615384615385,0.0875457875457875,0,0.230769230769231,0.128937728937729,0.368131868131868
211273.411807,2680866.126422,0.391208791208791,0.00384615384615385,0,0.00384615384615385,0.0624542124542125,0.538644688644689
211773.411807,2680866.126422,0.172739852398524,0.0260608856088561,0,0.142066420664207,0.184040590405904,0.475092250922509
199273.411807,2680366.126422,0.00796586059743954,0.0580369843527738,0.125462304409673,0.655192034139403,0.0859174964438122,0.067425320056899
199773.411807,2680366.126422,0.00787978742899029,0.273043796958036,0.225765072384094,0.141652922851384,0.0258383727322705,0.325820047645226
200273.411807,2680366.126422,0.0113782345384474,0.21141493852083,0.0543218939254909,0.385391815011929,0.0557900532207745,0.281703064782529
200773.411807,2680366.126422,0.0401613790573996,0.103062534384742,0.0148542086924629,0.720704199523198,0.0546488171648634,0.0665688611773336
201273.411807,2680366.126422,0.0447132123877588,0.141652922851384,0.0166758292101887,0.604361370716511,0.087777166941543,0.104819497892615
201773.411807,2680366.126422,0.0596439713708937,0.197650945127546,0.00679023674068636,0.543769498990641,0.0934116351624151,0.098733712607818
202273.411807,2680366.126422,0.0717036493673207,0.698331193838254,0,0.0750045846323125,0.0489638730973776,0.105996699064735
202773.411807,2680366.126422,0.115631299248671,0.504856148066703,0,0.0918086860912589,0.143851933296683,0.143851933296683
203273.411807,2680366.126422,0.0781794824738484,0.656817764727473,0,0.0616626904019086,0.0464305377133419,0.156909524683428
203773.411807,2680366.126422,0.0995782138272511,0.545387859893637,0,0.0612506876948469,0.162479369154594,0.131303869429672
204273.411807,2680366.126422,0.0654205607476635,0.177753344328386,0.000733003481766538,0.377313542239326,0.198643943558732,0.180135605644127
204773.411807,2680366.126422,0.0603780510185355,0.108276748027161,0,0.470912093962195,0.129748577720683,0.230684529271426
205273.411807,2680366.126422,0.0850907757197873,0.030808729139923,0,0.244819365486888,0.141390060517147,0.497891069136255
205773.411807,2680366.126422,0.0775151181968114,0.0615722924683892,0,0.139637163276526,0.120579072750596,0.600696353307678
206273.411807,2680366.126422,0.0756102037071022,0.060561570930446,0,0.417691319508167,0.231969168654799,0.214167737199486
206773.411807,2680366.126422,0.048413717219879,0.0548322024573629,0,0.528333027691179,0.185035760132037,0.183385292499542
207273.411807,2680366.126422,0.21861828843687,0.0329851566794942,0,0.101154480483782,0.174638079530878,0.472603994868976
207773.411807,2680366.126422,0.257845476234171,0.0247751881079097,0,0.0187190310148651,0.0888236373646541,0.6098366672784
208273.411807,2680366.126422,0.0949935815147625,0.0275077938749312,0,0,0.0555657436273611,0.821932880982945
208773.411807,2680366.126422,0.129741616272677,0.215319772768921,0,0,0.00366501740883269,0.651273593549569
209273.411807,2680366.126422,0.0502844558634612,0.643787850981832,0,0,0.000917599559552211,0.305010093595155
209773.411807,2680366.126422,0.0407115349348982,0.596919127086008,0,0.0205391527599487,0.0550155877498625,0.286814597469283
210273.411807,2680366.126422,0.0137438152831226,0.0199743448781382,0,0.112699285321605,0.721458676928715,0.132123877588419
210773.411807,2680366.126422,0.167920719398055,0.0378051018535511,0,0.207193980546889,0.160579922921637,0.426500275279868
211273.411807,2680366.126422,0.35595085274161,0.00861910874747845,0.000183385292499542,0.0242068586099395,0.0784889051898038,0.532550889418669
211773.411807,2680366.126422,0.18961937716263,0.0412918108419838,0,0.0332179930795848,0.168396770472895,0.567474048442907
199273.411807,2679866.126422,0.00910384068278805,0.182076813655761,0.180654338549075,0.254907539118065,0.0645803698435277,0.308677098150782
199773.411807,2679866.126422,0.0315018315018315,0.203113553113553,0.0166666666666667,0.245238095238095,0.111721611721612,0.391758241758242
200273.411807,2679866.126422,0.0308256880733945,0.0910091743119266,0,0.546788990825688,0.171009174311927,0.160366972477064
200773.411807,2679866.126422,0.0390753990093561,0.266006237387635,0,0.469822050999817,0.0513667217024399,0.173729590900752
201273.411807,2679866.126422,0.0516483516483516,0.193589743589744,0.0032967032967033,0.606227106227106,0.0578754578754579,0.0873626373626374
201773.411807,2679866.126422,0.0289908256880734,0.212477064220183,0.0122935779816514,0.507706422018349,0.135412844036697,0.103119266055046
202273.411807,2679866.126422,0.0511832691249312,0.456796917996698,0.0124747752705926,0.157218858924968,0.100165107319758,0.222161071363053
202773.411807,2679866.126422,0.0970695970695971,0.458241758241758,0,0.167582417582418,0.157509157509158,0.11959706959707
203273.411807,2679866.126422,0.0634862385321101,0.800183486238532,0,0.0330275229357798,0.0299082568807339,0.073394495412844
203773.411807,2679866.126422,0.0539350577875619,0.767565584296459,0,0.0207301412584847,0.0902586681342873,0.0675105485232067
204273.411807,2679866.126422,0.0272893772893773,0.774542124542125,0,0.00567765567765568,0.00860805860805861,0.183882783882784
204773.411807,2679866.126422,0.0508256880733945,0.138899082568807,0,0.48,0.185137614678899,0.145137614678899
205273.411807,2679866.126422,0.0774169877086773,0.0467804072647221,0,0.0113740598055403,0.0990643918547056,0.765364153366355
205773.411807,2679866.126422,0.120695970695971,0.0496336996336996,0,0.192673992673993,0.238095238095238,0.398901098901099
206273.411807,2679866.126422,0.0911926605504587,0.0576146788990826,0,0.502201834862385,0.234678899082569,0.114311926605505
206773.411807,2679866.126422,0.0820033021463952,0.0620069711979453,0,0.448174646853788,0.206017244542286,0.201797835259585
207273.411807,2679866.126422,0.17985347985348,0.036996336996337,0,0.238827838827839,0.221245421245421,0.323076923076923
207773.411807,2679866.126422,0.325688073394495,0.0190825688073394,0,0.0218348623853211,0.130642201834862,0.502752293577982
208273.411807,2679866.126422,0.321592368372776,0.011557512383049,0,0,0.0412768299394606,0.625573289304715
208773.411807,2679866.126422,0.0992673992673993,0.076007326007326,0,0.000732600732600733,0.0694139194139194,0.754578754578755
209273.411807,2679866.126422,0.0484403669724771,0.579082568807339,0,0.00293577981651376,0.0585321100917431,0.311009174311927
209773.411807,2679866.126422,0.0944780774169877,0.24252430746652,0,0.00220143093010457,0.214822968262704,0.445973215923684
210273.411807,2679866.126422,0.0904761904761905,0.0950549450549451,0,0.0236263736263736,0.175457875457875,0.615384615384615
210773.411807,2679866.126422,0.245688073394495,0.0411009174311927,0,0.176330275229358,0.132110091743119,0.404770642201835
211273.411807,2679866.126422,0.187121629058888,0.0106402494955054,0,0.0372408732342689,0.133370023848835,0.631627224362502
211773.411807,2679866.126422,0.0878487433709938,0.183767581277381,0.00438090846207056,0.0680193682268849,0.127507493659211,0.528475905003459
199273.411807,2679366.126422,0.0499716070414537,0.610448608745031,0.0164679159568427,0.0658716638273708,0.0187393526405451,0.238500851788756
199773.411807,2679366.126422,0.0306197286395306,0.437110377704437,0.00623395672900623,0.264576457645765,0.0568390172350568,0.204620462046205
200273.411807,2679366.126422,0.0492673992673993,0.101282051282051,0.0395604395604396,0.562454212454212,0.118315018315018,0.129120879120879
200773.411807,2679366.126422,0.0382783882783883,0.167765567765568,0.000915750915750916,0.586813186813187,0.0836996336996337,0.122527472527473
201273.411807,2679366.126422,0.0342867620095343,0.10964429776311,0,0.675100843417675,0.0828749541620829,0.0980931426475981
201773.411807,2679366.126422,0.0862637362637363,0.545787545787546,0.000366300366300366,0.163919413919414,0.0573260073260073,0.146336996336996
202273.411807,2679366.126422,0.0412087912087912,0.668864468864469,0,0.0901098901098901,0.0761904761904762,0.123626373626374
202773.411807,2679366.126422,0.0143014301430143,0.828749541620829,0.0115511551155116,0.0267693436010268,0.037037037037037,0.0815914924825816
203273.411807,2679366.126422,0.0318681318681319,0.766849816849817,0.00128205128205128,0.0393772893772894,0.0388278388278388,0.121794871794872
203773.411807,2679366.126422,0.0604395604395604,0.568498168498168,0.00787545787545788,0.0831501831501831,0.0946886446886447,0.185347985347985
204273.411807,2679366.126422,0.0812247891455812,0.403190319031903,0.000183351668500183,0.198936560322699,0.101943527686102,0.214521452145215
204773.411807,2679366.126422,0.0793040293040293,0.153479853479853,0,0.199450549450549,0.179304029304029,0.388461538461538
205273.411807,2679366.126422,0.0923076923076923,0.0468864468864469,0,0.0315018315018315,0.129120879120879,0.70018315018315
205773.411807,2679366.126422,0.117711771177118,0.041987532086542,0,0.0931426475980931,0.161899523285662,0.585258525852585
206273.411807,2679366.126422,0.0721611721611722,0.0549450549450549,0,0.458791208791209,0.207326007326007,0.206776556776557
206773.411807,2679366.126422,0.137362637362637,0.0710622710622711,0.017032967032967,0.23974358974359,0.201465201465201,0.333333333333333
207273.411807,2679366.126422,0.185918591859186,0.0823248991565823,0,0.213237990465713,0.265676567656766,0.252841950861753
207773.411807,2679366.126422,0.411538461538462,0.0272893772893773,0,0.0529304029304029,0.139194139194139,0.369047619047619
208273.411807,2679366.126422,0.377472527472527,0.0223443223443223,0,0.000366300366300366,0.00805860805860806,0.591758241758242
208773.411807,2679366.126422,0.164649798313165,0.298679867986799,0,0.00861752841950862,0.0210854418775211,0.506967363403007
209273.411807,2679366.126422,0.0765567765567766,0.530586080586081,0,0.00860805860805861,0.0358974358974359,0.348351648351648
209773.411807,2679366.126422,0.171611721611722,0.126373626373626,0,0.0032967032967033,0.0457875457875458,0.652930402930403
210273.411807,2679366.126422,0.183718371837184,0.0229189585625229,0,0.00825082508250825,0.0808580858085809,0.704253758709204
210773.411807,2679366.126422,0.247252747252747,0.0413919413919414,0,0.0593406593406593,0.115384615384615,0.536630036630037
211273.411807,2679366.126422,0.097985347985348,0.0510989010989011,0,0.162637362637363,0.148717948717949,0.53956043956044
211773.411807,2679366.126422,0.11969557195572,0.0371309963099631,0.00438191881918819,0.218865313653137,0.152214022140221,0.467712177121771
199273.411807,2678866.126422,0.0446657183499289,0.743669985775249,0,0.0105263157894737,0.00227596017069701,0.198862019914651
199773.411807,2678866.126422,0.0346344145134689,0.266996518233462,0.000183250870441635,0.212387758841855,0.154480483782298,0.331317573758475
200273.411807,2678866.126422,0.0295467058175812,0.117269223710773,0.000917599559552211,0.520829510001835,0.0726738851165352,0.258763075793724
200773.411807,2678866.126422,0.0350265908674124,0.161195672107097,0,0.52411516596369,0.0922428021272694,0.187419768934531
201273.411807,2678866.126422,0.0337181601612608,0.233644859813084,0,0.530144768187649,0.0793476269012278,0.123144584936778
201773.411807,2678866.126422,0.0691870067902367,0.257478436410351,0,0.391264452193063,0.168287759221876,0.113782345384474
202273.411807,2678866.126422,0.0720704199523198,0.65193471483587,0,0.0478635613423803,0.101228681459747,0.126902622409683
202773.411807,2678866.126422,0.0355506688656771,0.929265164009529,0,0.0163093274693055,0.00348176653839106,0.0153930731170973
203273.411807,2678866.126422,0.0449623784180584,0.849330152321527,0,0.0152321526885667,0.0240411084602679,0.0664342081115801
203773.411807,2678866.126422,0.0790390610673024,0.535301668806162,0,0.125802310654686,0.146708233999633,0.113148725472217
204273.411807,2678866.126422,0.0692688290269379,0.125343595382078,0,0.191313908741067,0.223016309327469,0.391057357522448
204773.411807,2678866.126422,0.105707469260415,0.0403743806202973,0,0.0789135621214902,0.0961644338410718,0.678840154156726
205273.411807,2678866.126422,0.0949935815147625,0.0309921144324225,0,0.0799559875298001,0.165963689712085,0.62809462681093
205773.411807,2678866.126422,0.0711013377313542,0.030602895363753,0,0.0390324354040682,0.140736668499175,0.718526663001649
206273.411807,2678866.126422,0.0897412369242063,0.0425766195632226,0,0.330335841438796,0.206092861075427,0.331253440998348
206773.411807,2678866.126422,0.139556207592151,0.0372272143774069,0,0.250687694846873,0.214927562809463,0.357601320374106
207273.411807,2678866.126422,0.143118929814917,0.0674363203225215,0,0.308960967564596,0.276159061755543,0.204324720542423
207773.411807,2678866.126422,0.303174894476051,0.0350523031748945,0.000183519911910442,0.0550559735731327,0.189209029179666,0.417324279684346
208273.411807,2678866.126422,0.388776820099028,0.0115532734274711,0,0.000183385292499542,0.00513478818998716,0.594351732991014
208773.411807,2678866.126422,0.140553417628734,0.303280190580905,0,0,0.00183250870441635,0.554333883085945
209273.411807,2678866.126422,0.167553679574234,0.325380803817214,0,0.00201871903101487,0.0144980730409249,0.490548724536612
209773.411807,2678866.126422,0.271226847606822,0.00165046763249587,0,0,0.00421786172748946,0.722904823033193
210273.411807,2678866.126422,0.201392706615356,0.00586402785413231,0.00183250870441635,0.00109950522264981,0.00806303829943192,0.781748213304013
210773.411807,2678866.126422,0.17030647825289,0.0317489447605065,0.000734079647641769,0.161314002569279,0.0552394934850431,0.580657001284639
211273.411807,2678866.126422,0.0766550522648084,0.0702365670273244,0.00348432055749129,0.513478818998716,0.186686227764533,0.149459013387126
211773.411807,2678866.126422,0.117185697808535,0.0867358708189158,0,0.233910034602076,0.197693194925029,0.364475201845444
199273.411807,2678366.126422,0.0105263157894737,0.402275960170697,0.0366998577524893,0.191180654338549,0.0455192034139403,0.313798008534851
199773.411807,2678366.126422,0.0217948717948718,0.174358974358974,0.0586080586080586,0.47014652014652,0.107142857142857,0.167948717948718
200273.411807,2678366.126422,0.0478899082568807,0.183302752293578,0.0209174311926606,0.517614678899083,0.0963302752293578,0.13394495412844
200773.411807,2678366.126422,0.0601724454228582,0.416437350944781,0.00275178866263071,0.332966428178316,0.0753990093560815,0.112272977435333
201273.411807,2678366.126422,0.0485347985347985,0.462454212454212,0.00567765567765568,0.287179487179487,0.0752747252747253,0.120879120879121
201773.411807,2678366.126422,0.0781651376146789,0.320366972477064,0.00568807339449541,0.346788990825688,0.135963302752294,0.11302752293578
202273.411807,2678366.126422,0.0377912309667951,0.826637314254265,0,0.00165107319757843,0.0144927536231884,0.119427627958173
202773.411807,2678366.126422,0.00146520146520147,0.969230769230769,0,0.00128205128205128,0.000183150183150183,0.0278388278388278
203273.411807,2678366.126422,0.0471559633027523,0.839082568807339,0,0.00385321100917431,0.018348623853211,0.0915596330275229
203773.411807,2678366.126422,0.0432948082920565,0.71326362135388,0,0.0214639515685195,0.0432948082920565,0.178682810493487
204273.411807,2678366.126422,0.136263736263736,0.0787545787545788,0.000549450549450549,0.241391941391941,0.22032967032967,0.322710622710623
204773.411807,2678366.126422,0.0634862385321101,0.100550458715596,0,0.0222018348623853,0.135596330275229,0.678165137614679
205273.411807,2678366.126422,0.0992478444322143,0.017978352595854,0,0.0550357732526142,0.144560631076867,0.683177398642451
205773.411807,2678366.126422,0.0842490842490843,0.0318681318681319,0,0.0842490842490843,0.23021978021978,0.569413919413919
206273.411807,2678366.126422,0.14954128440367,0.0361467889908257,0,0.321651376146789,0.206788990825688,0.285871559633028
206773.411807,2678366.126422,0.131718950651257,0.0482480278847918,0,0.218492019812878,0.254632177582095,0.346908824068978
207273.411807,2678366.126422,0.187362637362637,0.047985347985348,0,0.124358974358974,0.337545787545788,0.302747252747253
207773.411807,2678366.126422,0.445137614678899,0.0220183486238532,0,0.0332110091743119,0.0704587155963303,0.429174311926605
208273.411807,2678366.126422,0.471106219042378,0.00293524124013942,0,0,0.00183452577508714,0.524124013942396
208773.411807,2678366.126422,0.269230769230769,0.097985347985348,0,0,0.00641025641025641,0.626373626373626
209273.411807,2678366.126422,0.284220183486239,0.0139449541284404,0.00110091743119266,0.0122935779816514,0.0240366972477064,0.664403669724771
209773.411807,2678366.126422,0.360667767382132,0.0898917629792699,0,0.010273344340488,0.0326545587965511,0.506512566501559
210273.411807,2678366.126422,0.13956043956044,0.0554945054945055,0.000732600732600733,0.605311355311355,0.0622710622710623,0.136630036630037
210773.411807,2678366.126422,0.141467889908257,0.0445871559633028,0.018348623853211,0.384954128440367,0.138899082568807,0.271743119266055
211273.411807,2678366.126422,0.152815997064759,0.0484314804623005,0.00440286186020914,0.184920198128784,0.270042194092827,0.339387268391121
211773.411807,2678366.126422,0.138113903620014,0.0285911920682499,0,0.11874567673507,0.121743140419645,0.592806087157021
199273.411807,2677866.126422,0.0212947189097104,0.628052243043725,0.00255536626916525,0.00340715502555366,0.0229982964224872,0.321692220329358
199773.411807,2677866.126422,0.0408874220755409,0.41034103410341,0.013017968463513,0.24972497249725,0.0909424275760909,0.195086175284195
200273.411807,2677866.126422,0.091025641025641,0.311904761904762,0.0236263736263736,0.154761904761905,0.136263736263736,0.282417582417582
200773.411807,2677866.126422,0.0723443223443224,0.227655677655678,0.000183150183150183,0.373809523809524,0.121428571428571,0.204578754578755
201273.411807,2677866.126422,0.0665566556655666,0.41034103410341,0,0.0432709937660433,0.137697103043638,0.342134213421342
201773.411807,2677866.126422,0.0730769230769231,0.367582417582418,0,0.291758241758242,0.175274725274725,0.0923076923076923
202273.411807,2677866.126422,0.0578754578754579,0.787912087912088,0.00512820512820513,0.0181318681318681,0.0195970695970696,0.111355311355311
202773.411807,2677866.126422,0.0308030803080308,0.823432343234323,0.0044004400440044,0.0298863219655299,0.013017968463513,0.0984598459845985
203273.411807,2677866.126422,0.0241758241758242,0.683150183150183,0.000183150183150183,0.0163003663003663,0.0315018315018315,0.244688644688645
203773.411807,2677866.126422,0.0454212454212454,0.563736263736264,0,0.00641025641025641,0.0593406593406593,0.325091575091575
204273.411807,2677866.126422,0.101210121012101,0.0973597359735974,0,0.0537220388705537,0.227172717271727,0.520535386872021
204773.411807,2677866.126422,0.152380952380952,0.0271062271062271,0,0.00915750915750916,0.067032967032967,0.744322344322344
205273.411807,2677866.126422,0.0672161172161172,0.0230769230769231,0,0.155677655677656,0.167399267399267,0.586630036630037
205773.411807,2677866.126422,0.0951595159515952,0.0946094609460946,0,0.23982398239824,0.223322332233223,0.347084708470847
206273.411807,2677866.126422,0.168864468864469,0.0518315018315018,0,0.132783882783883,0.219413919413919,0.427106227106227
206773.411807,2677866.126422,0.163919413919414,0.0421245421245421,0,0.0483516483516484,0.177655677655678,0.567948717948718
207273.411807,2677866.126422,0.471213788045471,0.0099009900990099,0,0.00311697836450312,0.0792079207920792,0.436560322698937
207773.411807,2677866.126422,0.496703296703297,0.00769230769230769,0,0,0.00183150183150183,0.493772893772894
208273.411807,2677866.126422,0.37032967032967,0.00164835164835165,0,0.000549450549450549,0.0216117216117216,0.605860805860806
208773.411807,2677866.126422,0.235240190685735,0.0603226989365603,0,0,0.01998533186652,0.684451778511184
209273.411807,2677866.126422,0.255311355311355,0.0388278388278388,0.0122710622710623,0.00879120879120879,0.0716117216117216,0.613186813186813
209773.411807,2677866.126422,0.301648351648352,0.0717948717948718,0,0.0796703296703297,0.143589743589744,0.403296703296703
210273.411807,2677866.126422,0.104143747708104,0.111294462779611,0,0.248074807480748,0.216538320498717,0.31994866153282
210773.411807,2677866.126422,0.0880952380952381,0.084981684981685,0.00641025641025641,0.738278388278388,0.0333333333333333,0.0489010989010989
211273.411807,2677866.126422,0.179120879120879,0.0820512820512821,0.00384615384615385,0.371245421245421,0.196886446886447,0.166849816849817
211773.411807,2677866.126422,0.145525830258303,0.0371309963099631,0.000691881918819188,0.174123616236162,0.190267527675277,0.452260147601476
199273.411807,2677366.126422,0.0677098150782361,0.378093883357041,0,0.103840682788051,0.0913229018492176,0.359032716927454
199773.411807,2677366.126422,0.047645226314825,0.596481583287521,0.011544804837823,0.109584020524097,0.0886934212937511,0.146050943741983
200273.411807,2677366.126422,0.0310148651128647,0.70948797944577,0.0100935951550743,0.0686364470545054,0.0412919801798495,0.139475133051936
200773.411807,2677366.126422,0.0643682376673391,0.612873647533468,0.0148542086924629,0.111131487254722,0.0309921144324225,0.165780304419586
201273.411807,2677366.126422,0.109767271394539,0.300164925783397,0.000366501740883269,0.216969030602895,0.183617372182518,0.189114898295767
201773.411807,2677366.126422,0.0480822169205359,0.615158744723802,0,0.189759588915397,0.097082033400624,0.0499174160396403
202273.411807,2677366.126422,0.0166880616174583,0.916192921327709,0,0.0097194205024757,0.00623509994498441,0.0511644966073721
202773.411807,2677366.126422,0.0221733553234378,0.907275059556533,0,0.00366501740883269,0.011544804837823,0.0553417628733736
203273.411807,2677366.126422,0.019086070838686,0.923839236557166,0,0.00403743806202973,0.0100935951550743,0.0429436593870435
203773.411807,2677366.126422,0.0476801760498808,0.661837520630845,0,0.0174216027874564,0.0588666788923528,0.214194021639465
204273.411807,2677366.126422,0.155579989004948,0.0513102437236577,0,0.0371999266996518,0.15026571376214,0.605644126809602
204773.411807,2677366.126422,0.0590934116351624,0.0126628739218205,0,0.00110111947146265,0.0242246283721784,0.902917966599376
205273.411807,2677366.126422,0.070419952319824,0.100495140289749,0.000183385292499542,0.1599119750596,0.159728589767101,0.509260957271227
205773.411807,2677366.126422,0.177753344328386,0.0547920102620487,0,0.103536741799524,0.102253985706432,0.56166391790361
206273.411807,2677366.126422,0.150302807854652,0.0385391815011929,0.00110111947146265,0.204441181868233,0.194347586713158,0.411268122591301
206773.411807,2677366.126422,0.177150192554557,0.0696864111498258,0,0.129653401797176,0.195305336512012,0.428204657986429
207273.411807,2677366.126422,0.295766904892798,0.0300531427524281,0,0.00733003481766538,0.117647058823529,0.549202858713579
207773.411807,2677366.126422,0.290879060378051,0.0227564690768948,0,0,0.0082583960359699,0.678106074509084
208273.411807,2677366.126422,0.171098477902072,0.146524848707134,0,0,0.00825233816247937,0.674124335228315
208773.411807,2677366.126422,0.0465457210921752,0.324903793293018,0,0.00238226131574125,0.0399486897562763,0.586219534542789
209273.411807,2677366.126422,0.163699761424115,0.195815746008442,0,0.0012846393833731,0.0234905487245366,0.615709304459534
209773.411807,2677366.126422,0.247019988996882,0.0546488171648634,0,0.0797726022373006,0.192737942417018,0.425820649183935
210273.411807,2677366.126422,0.147516950705516,0.0674363203225215,0,0.0778816199376947,0.185266630016493,0.521898479017775
210773.411807,2677366.126422,0.122591301156175,0.0554230133969536,0.0400073407964764,0.267755551477335,0.118370343182235,0.395852449990824
211273.411807,2677366.126422,0.150559325142124,0.0421786172748946,0.00953603520997616,0.100861910874748,0.0761048963873097,0.620759215110948
211773.411807,2677366.126422,0.0858131487889273,0.274509803921569,0,0.0994232987312572,0.155940023068051,0.384313725490196
199273.411807,2676866.126422,0.00199146514935989,0.0810810810810811,0.690469416785206,0.168421052631579,0.0344238975817923,0.0236130867709815
199773.411807,2676866.126422,0.00787545787545788,0.306043956043956,0.260622710622711,0.250549450549451,0.0472527472527473,0.127655677655678
200273.411807,2676866.126422,0.0475229357798165,0.733394495412844,0.00110091743119266,0.0590825688073394,0.0229357798165138,0.135963302752294
200773.411807,2676866.126422,0.0614566134654192,0.784993579159787,0.000183452577508714,0.0361401577692167,0.0348559897266557,0.0823702073014126
201273.411807,2676866.126422,0.0553113553113553,0.606776556776557,0.00274725274725275,0.0992673992673993,0.0776556776556777,0.158241758241758
201773.411807,2676866.126422,0.0770642201834862,0.510825688073394,0.00055045871559633,0.13394495412844,0.135229357798165,0.142385321100917
202273.411807,2676866.126422,0.0616400660429279,0.676022748119611,0.00770500825536599,0.0821867547239039,0.0730141258484682,0.099431297009723
202773.411807,2676866.126422,0.0188644688644689,0.878754578754579,0.000915750915750916,0.0217948717948718,0.0181318681318681,0.0615384615384615
203273.411807,2676866.126422,0.028256880733945,0.852293577981651,0,0.0196330275229358,0.0223853211009174,0.0774311926605505
203773.411807,2676866.126422,0.0741148413135205,0.359750504494588,0,0.211337369290039,0.187855439368923,0.16694184553293
204273.411807,2676866.126422,0.217032967032967,0.0282051282051282,0,0.113003663003663,0.134065934065934,0.507692307692308
204773.411807,2676866.126422,0.0510091743119266,0.00330275229357798,0,0,0.00642201834862385,0.939266055045872
205273.411807,2676866.126422,0.143826820766832,0.00972298660796184,0,0.0278847917813245,0.0348559897266557,0.783709411117226
205773.411807,2676866.126422,0.106776556776557,0.0510989010989011,0.000915750915750916,0.194139194139194,0.231501831501832,0.415567765567766
206273.411807,2676866.126422,0.197247706422018,0.0442201834862385,0,0.132477064220183,0.106605504587156,0.519449541284404
206773.411807,2676866.126422,0.16969363419556,0.0359567051917079,0,0.00697119794533113,0.110438451660246,0.676940011007155
207273.411807,2676866.126422,0.182967032967033,0.0120879120879121,0,0.000183150183150183,0.0860805860805861,0.718681318681319
207773.411807,2676866.126422,0.132293577981651,0.00128440366972477,0,0.00036697247706422,0.0431192660550459,0.822935779816514
208273.411807,2676866.126422,0.0809025866813429,0.359750504494588,0,0.0183452577508714,0.0631076866629976,0.4778939644102
208773.411807,2676866.126422,0.206776556776557,0.277106227106227,0,0.00769230769230769,0.0545787545787546,0.453846153846154
209273.411807,2676866.126422,0.0987155963302752,0.0609174311926605,0,0.0055045871559633,0.0754128440366972,0.759449541284404
209773.411807,2676866.126422,0.223628691983122,0.188038891946432,0,0.0528343423225096,0.0572372041827188,0.478260869565217
210273.411807,2676866.126422,0.178388278388278,0.0249084249084249,0,0.0738095238095238,0.0838827838827839,0.639010989010989
210773.411807,2676866.126422,0.198165137614679,0.0440366972477064,0.00770642201834862,0.183119266055046,0.148256880733945,0.418715596330275
211273.411807,2676866.126422,0.159236837277564,0.0596220876903321,0,0.0554026784076316,0.160337552742616,0.565400843881857
211773.411807,2676866.126422,0.0705556836522942,0.246714318653447,0.000230574129582661,0.244869725616786,0.117131657827992,0.320498040119899
