"x","y","forest","agri","water","built","other","grass"
212273.411807,2654866.126422,0.20969262681501,0.0799547425985291,0,0.145577974731284,0.10145200829719,0.463322647557986
212773.411807,2654866.126422,0.000753863550697324,0.757255936675462,0.0158311345646438,0.0135695439125518,0.0373162457595175,0.175273275537128
213273.411807,2654866.126422,0.0967438358742707,0.419160549595332,0,0.0101637492941841,0.00790513833992095,0.466026726896292
213773.411807,2654866.126422,0.0262115783518763,0.609466339807656,0,0.0475202715444088,0.0607203469734113,0.256081463322648
214273.411807,2654866.126422,0.0669053901243875,0.392762909913306,0.00339238597813796,0.111194873727855,0.0572936298529966,0.368450810403317
214773.411807,2654866.126422,0.0602296254470168,0.60643704121965,0.00131752305665349,0.070016939582157,0.049124788255223,0.2128740824393
215273.411807,2654866.126422,0.0494059966056949,0.367339241938525,0.00792004525740147,0.224212709786913,0.105412030925891,0.245709975485574
215773.411807,2654866.126422,0.0855635130041462,0.24236713154919,0.00678477195627591,0.284771956275914,0.119298906897851,0.261213720316623
216273.411807,2654866.126422,0.088085827216262,0.422548466026727,0.00734048560135517,0.138151703369095,0.0790513833992095,0.264822134387352
216773.411807,2654866.126422,0.0371487837073355,0.528380162172355,0.00113143503677164,0.051291721666981,0.0484631340750519,0.333584763341505
217273.411807,2654866.126422,0.0812287975876366,0.357519788918206,0.00226159065209197,0.0993215228043724,0.0942329438371655,0.365435356200528
217773.411807,2654866.126422,0.0741577263316394,0.397891963109354,0.000564652738565782,0.0867683041596085,0.0705815923207228,0.370035761340109
218273.411807,2654866.126422,0.087686215349802,0.346973411276636,0.0245144257967188,0.196303978879879,0.0897605129172167,0.254761455779747
218773.411807,2654866.126422,0.19581605729363,0.0640784018092725,0,0.138899359215982,0.125706747078779,0.475499434602337
219273.411807,2654866.126422,0.434217955957086,0.00639939770374553,0,0.0404667795972144,0.0427253905514775,0.476190476190476
219773.411807,2654866.126422,0.511408636620781,0.00226287007354328,0,0.00150858004902885,0.00829719026965868,0.476522722986989
220273.411807,2654866.126422,0.730870712401055,0.00263852242744063,0,0.0030154542027893,0.0141349415755748,0.24934036939314
220773.411807,2654866.126422,0.259928477319782,0.212685864859778,0.000188217579521927,0.0762281197063806,0.0602296254470168,0.390739695087521
221273.411807,2654866.126422,0.309636055063172,0.149160852347728,0,0.149726569866114,0.0959834056194607,0.295493117103526
221773.411807,2654866.126422,0.109687146626461,0.3942706370147,0.000753863550697324,0.0593667546174142,0.0621937429325292,0.373727855258198
222273.411807,2654866.126422,0.0843214756258235,0.515527950310559,0.000752870318087709,0.0587238848108413,0.0427253905514775,0.297948428383211
222773.411807,2654866.126422,0.131435036771639,0.434093909108052,0.000377145012257213,0.0580803318876108,0.0654346596266264,0.310578917593815
223273.411807,2654866.126422,0.15359969845458,0.369770071617037,0,0.0107425555974369,0.0154542027892951,0.450433471541651
223773.411807,2654866.126422,0.108225108225108,0.130999435347261,0,0.0346320346320346,0.0402785620176925,0.685864859777903
224273.411807,2654866.126422,0.0684518197246841,0.0401659438053932,0.06901753724307,0.221195549688855,0.0678861022062983,0.533283047331699
212273.411807,2654366.126422,0.338165137614679,0.00495412844036697,0,0.0671559633027523,0.0728440366972477,0.516880733944954
212773.411807,2654366.126422,0.0731975784259769,0.465419189139607,0,0.140157769216657,0.129517519721152,0.191707943496606
213273.411807,2654366.126422,0.0413919413919414,0.284249084249084,0.0465201465201465,0.0115384615384615,0.0263736263736264,0.58992673992674
213773.411807,2654366.126422,0.0324770642201835,0.536697247706422,0.018348623853211,0.00935779816513761,0.00990825688073394,0.393211009174312
214273.411807,2654366.126422,0.068611263988259,0.265088974500092,0.000366905155017428,0.167675655842965,0.111172261970281,0.387084938543387
214773.411807,2654366.126422,0.0734432234432234,0.346703296703297,0.000549450549450549,0.138278388278388,0.105860805860806,0.335164835164835
215273.411807,2654366.126422,0.055045871559633,0.549724770642202,0.0018348623853211,0.101284403669725,0.0968807339449541,0.195229357798165
215773.411807,2654366.126422,0.0656760227481196,0.300862227114291,0.00495321959273528,0.230049532195927,0.0812694918363603,0.317189506512566
216273.411807,2654366.126422,0.101282051282051,0.164652014652015,0.000549450549450549,0.335714285714286,0.1503663003663,0.247435897435897
216773.411807,2654366.126422,0.0688073394495413,0.331926605504587,0.00110091743119266,0.258165137614679,0.107706422018349,0.232293577981651
217273.411807,2654366.126422,0.0678774536782242,0.373142542652724,0.00183452577508714,0.114474408365438,0.104017611447441,0.338653458081086
217773.411807,2654366.126422,0.0919413919413919,0.298901098901099,0.00549450549450549,0.21959706959707,0.103296703296703,0.280769230769231
218273.411807,2654366.126422,0.0706422018348624,0.219633027522936,0.0310091743119266,0.377247706422018,0.135229357798165,0.166238532110092
218773.411807,2654366.126422,0.129517519721152,0.116859291873051,0.00568702990277013,0.102549990827371,0.062190423775454,0.583195743900202
219273.411807,2654366.126422,0.264835164835165,0.00347985347985348,0,0.0386446886446886,0.0408424908424908,0.652197802197802
219773.411807,2654366.126422,0.549724770642202,0.0168807339449541,0,0.0302752293577982,0.0264220183486239,0.376697247706422
220273.411807,2654366.126422,0.165657677490369,0.115758576407999,0.00183452577508714,0.0717299578059072,0.0900752155567786,0.55494404696386
220773.411807,2654366.126422,0.186630036630037,0.347069597069597,0,0.0304029304029304,0.0633699633699634,0.372527472527473
221273.411807,2654366.126422,0.0699082568807339,0.374495412844037,0.00018348623853211,0.126238532110092,0.095045871559633,0.334128440366972
221773.411807,2654366.126422,0.0511832691249312,0.474775270592552,0.00330214639515685,0.032104201064025,0.0629242340854889,0.375710878737846
222273.411807,2654366.126422,0.0472527472527473,0.603846153846154,0,0.00750915750915751,0.0194139194139194,0.321978021978022
222773.411807,2654366.126422,0.043302752293578,0.627889908256881,0,0.0185321100917431,0.0288073394495413,0.281467889908257
223273.411807,2654366.126422,0.0577875619152449,0.505411851036507,0,0.0247660979636764,0.0310034855989727,0.381031003485599
223773.411807,2654366.126422,0.185897435897436,0.192124542124542,0.00311355311355311,0.0888278388278388,0.0595238095238095,0.470512820512821
224273.411807,2654366.126422,0.135596330275229,0.0438532110091743,0.0113761467889908,0.179449541284404,0.0691743119266055,0.560550458715596
212273.411807,2653866.126422,0.375091575091575,0.00201465201465201,0,0.00384615384615385,0.0183150183150183,0.600732600732601
212773.411807,2653866.126422,0.23956043956044,0.301648351648352,0,0.0532967032967033,0.0512820512820513,0.354212454212454
213273.411807,2653866.126422,0.0221855518885222,0.736890355702237,0,0.0616061606160616,0.048954895489549,0.13036303630363
213773.411807,2653866.126422,0.0139194139194139,0.50970695970696,0.0360805860805861,0.00879120879120879,0.0278388278388278,0.403663003663004
214273.411807,2653866.126422,0.0772893772893773,0.23040293040293,0.00183150183150183,0.0957875457875458,0.0893772893772894,0.505311355311355
214773.411807,2653866.126422,0.0643564356435644,0.372570590392373,0,0.138247158049138,0.072973964063073,0.351851851851852
215273.411807,2653866.126422,0.0587912087912088,0.53021978021978,0.00311355311355311,0.101282051282051,0.043040293040293,0.263553113553114
215773.411807,2653866.126422,0.100915750915751,0.216300366300366,0.0021978021978022,0.21043956043956,0.142124542124542,0.328021978021978
216273.411807,2653866.126422,0.103226989365603,0.286211954528786,0.00128346167950128,0.18995232856619,0.0938760542720939,0.325449211587825
216773.411807,2653866.126422,0.0624542124542125,0.34047619047619,0.000915750915750916,0.155494505494505,0.0721611721611722,0.368498168498169
217273.411807,2653866.126422,0.0798534798534798,0.20989010989011,0.000549450549450549,0.26007326007326,0.123260073260073,0.326373626373626
217773.411807,2653866.126422,0.0704070407040704,0.214154748808214,0.00238357169050238,0.229006233956729,0.0748074807480748,0.409240924092409
218273.411807,2653866.126422,0.137362637362637,0.0675824175824176,0.0316849816849817,0.42014652014652,0.139377289377289,0.203846153846154
218773.411807,2653866.126422,0.150915750915751,0.151098901098901,0.0010989010989011,0.253296703296703,0.140659340659341,0.302930402930403
219273.411807,2653866.126422,0.176751008434177,0.207737440410708,0,0.0275027502750275,0.0594059405940594,0.528602860286029
219773.411807,2653866.126422,0.161904761904762,0.174542124542125,0.00201465201465201,0.127106227106227,0.10952380952381,0.424908424908425
220273.411807,2653866.126422,0.13021978021978,0.227472527472527,0,0.0772893772893773,0.0730769230769231,0.491941391941392
220773.411807,2653866.126422,0.0993766043270994,0.4002566923359,0,0.0317198386505317,0.0452878621195453,0.423359002566923
221273.411807,2653866.126422,0.103113553113553,0.203663003663004,0,0.163919413919414,0.0899267399267399,0.439377289377289
221773.411807,2653866.126422,0.0516483516483516,0.35970695970696,0,0.0835164835164835,0.112820512820513,0.392307692307692
222273.411807,2653866.126422,0.0088008800880088,0.828016134946828,0,0,0,0.163182984965163
222773.411807,2653866.126422,0.0619047619047619,0.247435897435897,0,0.0135531135531136,0.0454212454212454,0.631684981684982
223273.411807,2653866.126422,0.0496336996336996,0.520879120879121,0.00934065934065934,0.0247252747252747,0.0322344322344322,0.363186813186813
223773.411807,2653866.126422,0.130729739640631,0.253025302530253,0,0.057022368903557,0.0788412174550788,0.48038137147048
224273.411807,2653866.126422,0.181318681318681,0.11996336996337,0.0227106227106227,0.013003663003663,0.0293040293040293,0.633699633699634
212273.411807,2653366.126422,0.557717012295834,0,0,0,0,0.442282987704166
212773.411807,2653366.126422,0.374289381991564,0.0374105996699065,0,0.00825233816247937,0.0157711351549606,0.564276545021089
213273.411807,2653366.126422,0.0797141286421111,0.585303280190581,0,0.0547920102620487,0.0683525746747297,0.21183800623053
213773.411807,2653366.126422,0.0376215819416407,0.697375665259681,0,0.0198201504863278,0.0233070288126262,0.221875573499725
214273.411807,2653366.126422,0.0319090408949202,0.537502292316156,0.0188886851274528,0.0586832935998533,0.0533651201173666,0.299651567944251
214773.411807,2653366.126422,0.10207073483599,0.343412131207623,0,0.188198643943559,0.0978559648158329,0.268462525196995
215273.411807,2653366.126422,0.0433106992108644,0.453661222242613,0,0.19067718847495,0.104973389612773,0.2073775004588
215773.411807,2653366.126422,0.0733541169998166,0.373005684944067,0,0.172748945534568,0.128736475334678,0.25215477718687
216273.411807,2653366.126422,0.0196078431372549,0.600146600696353,0,0.0337181601612608,0.0342679127725857,0.312259483232545
216773.411807,2653366.126422,0.0447788585061479,0.566525968067535,0,0.0155991925123876,0.0126628739218205,0.360433106992109
217273.411807,2653366.126422,0.0713368787823217,0.114799193104713,0.000366770584999083,0.537869062901155,0.0673024023473317,0.208325692279479
217773.411807,2653366.126422,0.0555250137438153,0.0185083379146051,0.0144768187648891,0.726039948689756,0.0910756826094924,0.0943741982774418
218273.411807,2653366.126422,0.1370893741971,0.0453294182418792,0.00293631859056708,0.441181868232703,0.082583960359699,0.290879060378051
218773.411807,2653366.126422,0.147625160462131,0.261324041811847,0.000916926462497708,0.081606455162296,0.0629011553273428,0.445626260773886
219273.411807,2653366.126422,0.135422393256368,0.172439069085578,0.00238226131574125,0.0597397837639729,0.119296316657504,0.510720175920836
219773.411807,2653366.126422,0.15764360433107,0.217654615525785,0.000917599559552211,0.00532207744540283,0.0179849513672233,0.600477151770967
220273.411807,2653366.126422,0.210526315789474,0.323675041261691,0,0.00110031175499725,0.00605171465248487,0.458646616541353
220773.411807,2653366.126422,0.203591717060656,0.158695253802456,0.00329851566794942,0.0918086860912589,0.0767821147150449,0.465823712662635
221273.411807,2653366.126422,0.235272527069187,0.289961460818499,0,0.0478986970086254,0.0772618829142962,0.349605432189393
221773.411807,2653366.126422,0.117916743077205,0.141390060517147,0,0.0625343847423437,0.117916743077205,0.560242068586099
222273.411807,2653366.126422,0.0628550485614807,0.275059556532894,0,0.00494777350192413,0.00787978742899029,0.649257833974711
222773.411807,2653366.126422,0.0910258763075794,0.262433474031932,0.000183519911910442,0.011194714626537,0.0431271792989539,0.592035235823087
223273.411807,2653366.126422,0.024390243902439,0.374105996699065,0,0.0546488171648634,0.0456629378323858,0.501192004401247
223773.411807,2653366.126422,0.135788894997251,0.135422393256368,0,0.112882536192047,0.126076598863845,0.489829576690489
224273.411807,2653366.126422,0.188107909708203,0.199853184070472,0,0.11635162415122,0.0932281152505047,0.4024591668196
212273.411807,2652866.126422,0.66,0,0,0.00055045871559633,0.00036697247706422,0.339082568807339
212773.411807,2652866.126422,0.450559530361402,0,0,0.000183452577508714,0.002568336085122,0.546688680975968
213273.411807,2652866.126422,0.136080586080586,0.171428571428571,0,0.0287545787545788,0.0498168498168498,0.613919413919414
213773.411807,2652866.126422,0.0229357798165138,0.64697247706422,0,0.028256880733945,0.0344954128440367,0.267339449541284
214273.411807,2652866.126422,0.120161438268208,0.0792515134837644,0.101632727939828,0.0332049165290772,0.0449458814896349,0.620803522289488
214773.411807,2652866.126422,0.109157509157509,0.268131868131868,0.0117216117216117,0.150549450549451,0.128205128205128,0.332234432234432
215273.411807,2652866.126422,0.0469724770642202,0.582568807339449,0,0.0603669724770642,0.0697247706422018,0.240366972477064
215773.411807,2652866.126422,0.0288020546688681,0.699321225463218,0,0.0561364887176665,0.0377912309667951,0.177949000183453
216273.411807,2652866.126422,0.0432234432234432,0.658791208791209,0,0.0472527472527473,0.0351648351648352,0.215567765567766
216773.411807,2652866.126422,0.129724770642202,0.456330275229358,0,0.117981651376147,0.0662385321100917,0.229724770642202
217273.411807,2652866.126422,0.093010456796918,0.0313703907539901,0.000550357732526142,0.589616584113007,0.144744083654375,0.140708126949184
217773.411807,2652866.126422,0.0238095238095238,0.0142857142857143,0.00549450549450549,0.866117216117216,0.0655677655677656,0.0247252747252747
218273.411807,2652866.126422,0.168073394495413,0.0385321100917431,0.0018348623853211,0.428807339449541,0.172660550458716,0.190091743119266
218773.411807,2652866.126422,0.248578242524307,0.0427444505595304,0.00110071546505228,0.215189873417722,0.197761878554394,0.294624839478995
219273.411807,2652866.126422,0.209340659340659,0.0421245421245421,0.00769230769230769,0.338461538461538,0.183699633699634,0.218681318681319
219773.411807,2652866.126422,0.279449541284404,0.0594495412844037,0.00018348623853211,0.265688073394495,0.0752293577981651,0.32
220273.411807,2652866.126422,0.561364887176665,0.0100898917629793,0,0.0078884608328747,0.028251696936342,0.392405063291139
220773.411807,2652866.126422,0.29047619047619,0.114835164835165,0.0010989010989011,0.0668498168498168,0.0923076923076923,0.434432234432234
221273.411807,2652866.126422,0.0702752293577982,0.291926605504587,0.00678899082568807,0.186605504587156,0.110091743119266,0.334311926605505
221773.411807,2652866.126422,0.0607228031553843,0.0799853237937993,0.00146762062006971,0.407081269491836,0.170977802238121,0.279765180700789
222273.411807,2652866.126422,0.0633699633699634,0.315201465201465,0.00366300366300366,0.137912087912088,0.114652014652015,0.365201465201465
222773.411807,2652866.126422,0.0460550458715596,0.426422018348624,0.00623853211009174,0.137064220183486,0.078348623853211,0.305871559633028
223273.411807,2652866.126422,0.152082186754724,0.317372959090075,0,0.0214639515685195,0.0445789763346175,0.464501926252064
223773.411807,2652866.126422,0.325457875457875,0.0562271062271062,0,0.0205128205128205,0.0534798534798535,0.544322344322344
224273.411807,2652866.126422,0.354495412844037,0.0552293577981651,0,0.0313761467889908,0.0458715596330275,0.51302752293578
212273.411807,2652366.126422,0.646153846153846,0.000183150183150183,0,0.00494505494505494,0.00750915750915751,0.341208791208791
212773.411807,2652366.126422,0.634798534798535,0.0201465201465201,0,0.00256410256410256,0.00879120879120879,0.333699633699634
213273.411807,2652366.126422,0.332233223322332,0.0128346167950128,0,0.139347268060139,0.0850751741840851,0.43050971763843
213773.411807,2652366.126422,0.0582417582417582,0.267765567765568,0.00128205128205128,0.132417582417582,0.142307692307692,0.397985347985348
214273.411807,2652366.126422,0.240842490842491,0.0377289377289377,0.0227106227106227,0.0375457875457875,0.110805860805861,0.5503663003663
214773.411807,2652366.126422,0.118261826182618,0.123028969563623,0,0.148148148148148,0.11037770443711,0.5001833516685
215273.411807,2652366.126422,0.0567765567765568,0.456593406593407,0,0.152014652014652,0.0637362637362637,0.270879120879121
215773.411807,2652366.126422,0.0642857142857143,0.458608058608059,0,0.163919413919414,0.0820512820512821,0.231135531135531
216273.411807,2652366.126422,0.0592225889255592,0.372203887055372,0,0.247708104143748,0.118261826182618,0.202603593692703
216773.411807,2652366.126422,0.0402930402930403,0.576190476190476,0.00183150183150183,0.0778388278388278,0.0624542124542125,0.241391941391941
217273.411807,2652366.126422,0.0972527472527473,0.32014652014652,0.00146520146520147,0.162087912087912,0.119047619047619,0.3
217773.411807,2652366.126422,0.0716905023835717,0.0361202786945361,0.00641730839750642,0.743857719105244,0.101026769343601,0.0408874220755409
218273.411807,2652366.126422,0.121978021978022,0.0899267399267399,0.0010989010989011,0.415934065934066,0.137728937728938,0.233333333333333
218773.411807,2652366.126422,0.191208791208791,0.175457875457875,0,0.00183150183150183,0.00787545787545788,0.623626373626374
219273.411807,2652366.126422,0.231939860652732,0.0212687935460213,0.000733406674000733,0.21048771543821,0.0848918225155849,0.450678401173451
219773.411807,2652366.126422,0.133333333333333,0.0351648351648352,0.00146520146520147,0.290842490842491,0.170512820512821,0.368681318681319
220273.411807,2652366.126422,0.149450549450549,0.0646520146520147,0.00128205128205128,0.139377289377289,0.0761904761904762,0.569047619047619
220773.411807,2652366.126422,0.18041804180418,0.158782544921159,0.00348368170150348,0.0764576457645765,0.0898423175650898,0.491015768243491
221273.411807,2652366.126422,0.0538461538461538,0.432234432234432,0.00164835164835165,0.0536630036630037,0.0774725274725275,0.381135531135531
221773.411807,2652366.126422,0.093956043956044,0.204212454212454,0.00238095238095238,0.0736263736263736,0.131135531135531,0.494688644688645
222273.411807,2652366.126422,0.147598093142648,0.196552988632197,0.00146681334800147,0.0792079207920792,0.0918591859185919,0.483314998166483
222773.411807,2652366.126422,0.209157509157509,0.0906593406593407,0,0.117765567765568,0.110805860805861,0.471611721611722
223273.411807,2652366.126422,0.381501831501831,0.0192307692307692,0,0.0201465201465201,0.0619047619047619,0.517216117216117
223773.411807,2652366.126422,0.575540887422076,0.0231023102310231,0,0.0275027502750275,0.0385038503850385,0.335350201686835
224273.411807,2652366.126422,0.476923076923077,0.00824175824175824,0,0.0106227106227106,0.0355311355311355,0.468681318681319
212273.411807,2651866.126422,0.779592585795559,0,0,0,0,0.220407414204441
212773.411807,2651866.126422,0.825233816247937,0,0,0,0.000183385292499542,0.174582798459564
213273.411807,2651866.126422,0.693604544621587,0.0053142752428074,0,0,0.000916254352208173,0.300164925783397
213773.411807,2651866.126422,0.152505046797578,0.036520462470178,0,0.249770600110112,0.167553679574234,0.393650211047899
214273.411807,2651866.126422,0.113515496057216,0.0775719787273061,0.0137538969374656,0.254905556574363,0.124885384192188,0.415367687511462
214773.411807,2651866.126422,0.0925416895730255,0.0984057174271578,0.000733003481766538,0.403884918453363,0.122961334066337,0.281473336998351
215273.411807,2651866.126422,0.0957973940172509,0.370526702147183,0,0.135804734813727,0.0950633143696091,0.30280785465223
215773.411807,2651866.126422,0.0788556757748029,0.397579314139006,0.000550155877498625,0.134788189987163,0.126352466532184,0.261874197689345
216273.411807,2651866.126422,0.042147700201576,0.516034451163643,0,0.19168041048195,0.0905259299981675,0.159611508154664
216773.411807,2651866.126422,0.0508350155991925,0.529821985685447,0,0.0334006239677005,0.0629473297852817,0.322995044962378
217273.411807,2651866.126422,0.116449660737209,0.278745644599303,0.00605171465248487,0.119750596002201,0.0691362552723272,0.409866128736475
217773.411807,2651866.126422,0.110133773135422,0.0749496060106286,0.00256551218618288,0.460142935678944,0.0998717243906908,0.252336448598131
218273.411807,2651866.126422,0.117269223710773,0.12864745824922,0,0.27784914663241,0.105523949348504,0.370710222059093
218773.411807,2651866.126422,0.417751696313956,0.010819732257473,0,0.0100861910874748,0.0269576379974326,0.534384742343664
219273.411807,2651866.126422,0.607476635514019,0.00201575957485798,0,0.00439802089059923,0.00842954004031519,0.377680043980209
219773.411807,2651866.126422,0.623967700495504,0.0205542301339695,0.00220223894292531,0.0877225178931914,0.0471646173609837,0.218388695173426
220273.411807,2651866.126422,0.183385292499542,0.0662020905923345,0.00238400880249404,0.183568677792041,0.0907757197872731,0.473684210526316
220773.411807,2651866.126422,0.204507971412864,0.0861279091075683,0.000183250870441635,0.0514934945940993,0.103536741799524,0.554150632215503
221273.411807,2651866.126422,0.511837034318224,0.047715177096715,0,0.00660671682877592,0.0165167920719398,0.417324279684346
221773.411807,2651866.126422,0.51182835136622,0.00806895286997983,0,0.000550155877498625,0.00550155877498625,0.474050981111315
222273.411807,2651866.126422,0.545354590434305,0.0157595748579806,0,0.00183250870441635,0.0159428257284222,0.421110500274876
222773.411807,2651866.126422,0.702697742705083,0.0126628739218205,0,0.000183519911910442,0.00201871903101487,0.282437144430171
223273.411807,2651866.126422,0.70419952319824,0.00385109114249037,0,0,0.00165046763249587,0.290298918026774
223773.411807,2651866.126422,0.699651823346161,0.00458127176104087,0,0.00219901044529962,0.0042147700201576,0.289353124427341
224273.411807,2651866.126422,0.643420811158011,0.0394567810607451,0,0,0.000367039823820885,0.316755367957423
212273.411807,2651366.126422,0.56348623853211,0.00458715596330275,0,0.0302752293577982,0.0539449541284404,0.347706422018349
212773.411807,2651366.126422,0.712529811043845,0.000550357732526142,0,0,0.00201797835259585,0.284901852871033
213273.411807,2651366.126422,0.695238095238095,0.00274725274725275,0,0,0.0010989010989011,0.300915750915751
213773.411807,2651366.126422,0.306788990825688,0.013394495412844,0.0132110091743119,0.0990825688073395,0.0932110091743119,0.474311926605505
214273.411807,2651366.126422,0.15685195376995,0.243808475509081,0.0317372959090075,0.0493487433498441,0.0544854155200881,0.463768115942029
214773.411807,2651366.126422,0.0379120879120879,0.560989010989011,0,0.0564102564102564,0.076007326007326,0.268681318681319
215273.411807,2651366.126422,0.100550458715596,0.308623853211009,0,0.0464220183486239,0.108440366972477,0.435963302752294
215773.411807,2651366.126422,0.0223812144560631,0.561548339754174,0,0.0669601907906806,0.0495321959273528,0.29957805907173
216273.411807,2651366.126422,0.0454212454212454,0.57051282051282,0.000183150183150183,0.156959706959707,0.0593406593406593,0.167582417582418
216773.411807,2651366.126422,0.0693577981651376,0.557064220183486,0.00073394495412844,0.0655045871559633,0.0434862385321101,0.263853211009174
217273.411807,2651366.126422,0.0761328196661163,0.144560631076867,0.0212804989910108,0.351128233351679,0.165657677490369,0.241240139423959
217773.411807,2651366.126422,0.082967032967033,0.0758241758241758,0.0108058608058608,0.49010989010989,0.171245421245421,0.169047619047619
218273.411807,2651366.126422,0.226422018348624,0.0212844036697248,0.00110091743119266,0.367889908256881,0.12348623853211,0.259816513761468
218773.411807,2651366.126422,0.595120161438268,0.00275178866263071,0,0.00990643918547056,0.0133920381581361,0.378829572555494
219273.411807,2651366.126422,0.67948717948718,0.00457875457875458,0,0.00750915750915751,0.0126373626373626,0.295787545787546
219773.411807,2651366.126422,0.665504587155963,0.00422018348623853,0,0,0.00018348623853211,0.330091743119266
220273.411807,2651366.126422,0.481196110805357,0.00330214639515685,0,0.00990643918547056,0.0264171711612548,0.479178132452761
220773.411807,2651366.126422,0.555677655677656,0.0043956043956044,0,0.00641025641025641,0.0124542124542125,0.421062271062271
221273.411807,2651366.126422,0.574128440366973,0.00660550458715596,0,0,0.00055045871559633,0.418715596330275
221773.411807,2651366.126422,0.571271326362135,0.0150431113557145,0,0.0135754907356448,0.0108237020730141,0.389286369473491
222273.411807,2651366.126422,0.478571428571429,0.0338827838827839,0,0.00860805860805861,0.023992673992674,0.454945054945055
222773.411807,2651366.126422,0.613577981651376,0.0100917431192661,0,0.0148623853211009,0.0188990825688073,0.34256880733945
223273.411807,2651366.126422,0.460099064391855,0.0152265639332233,0,0.0585213722252798,0.0953953403045313,0.370757659145111
223773.411807,2651366.126422,0.452930402930403,0.0285714285714286,0,0.00586080586080586,0.0172161172161172,0.495421245421245
224273.411807,2651366.126422,0.229908256880734,0.0108256880733945,0,0.0651376146788991,0.130091743119266,0.564036697247706
212273.411807,2650866.126422,0.414102564102564,0.010989010989011,0,0.0510989010989011,0.103663003663004,0.42014652014652
212773.411807,2650866.126422,0.803113553113553,0,0,0.000366300366300366,0.0010989010989011,0.195421245421245
213273.411807,2650866.126422,0.723872387238724,0,0,0,0,0.276127612761276
213773.411807,2650866.126422,0.586446886446886,0.0010989010989011,0,0.0146520146520147,0.0175824175824176,0.38021978021978
214273.411807,2650866.126422,0.0668498168498168,0.0597069597069597,0.0454212454212454,0.071978021978022,0.0454212454212454,0.710622710622711
214773.411807,2650866.126422,0.102493582691602,0.362486248624863,0.000733406674000733,0.0663733039970664,0.0713237990465713,0.396589658965897
215273.411807,2650866.126422,0.0291208791208791,0.628388278388278,0.00457875457875458,0.0243589743589744,0.0254578754578755,0.288095238095238
215773.411807,2650866.126422,0.0490842490842491,0.704395604395604,0.000915750915750916,0.0498168498168498,0.0435897435897436,0.152197802197802
216273.411807,2650866.126422,0.0704070407040704,0.327466079941327,0.00238357169050238,0.243491015768244,0.109094242757609,0.247158049138247
216773.411807,2650866.126422,0.0652014652014652,0.307692307692308,0.00347985347985348,0.127289377289377,0.0946886446886447,0.401648351648352
217273.411807,2650866.126422,0.0926739926739927,0.325457875457875,0.0380952380952381,0.225824175824176,0.112820512820513,0.205128205128205
217773.411807,2650866.126422,0.0982764943160983,0.0572057205720572,0.0126512651265127,0.536486982031536,0.173450678401173,0.121928859552622
218273.411807,2650866.126422,0.61959706959707,0.0135531135531136,0.00146520146520147,0.101098901098901,0.080952380952381,0.183333333333333
218773.411807,2650866.126422,0.788461538461538,0.000549450549450549,0,0,0,0.210989010989011
219273.411807,2650866.126422,0.795562889622296,0.00128346167950128,0,0,0,0.203153648698203
219773.411807,2650866.126422,0.767948717948718,0,0,0,0.00183150183150183,0.23021978021978
220273.411807,2650866.126422,0.302014652014652,0.0243589743589744,0,0.0375457875457875,0.0441391941391941,0.591941391941392
220773.411807,2650866.126422,0.586908690869087,0.0139347268060139,0,0.00275027502750275,0.00751741840850752,0.388888888888889
221273.411807,2650866.126422,0.65989010989011,0.0124542124542125,0,0.00531135531135531,0.0175824175824176,0.304761904761905
221773.411807,2650866.126422,0.689377289377289,0.000915750915750916,0,0.00366300366300366,0.0256410256410256,0.28040293040293
222273.411807,2650866.126422,0.714154748808214,0.0143014301430143,0,0,0.000366703337000367,0.271177117711771
222773.411807,2650866.126422,0.696520146520146,0.0108058608058608,0,0.0010989010989011,0.00366300366300366,0.287912087912088
223273.411807,2650866.126422,0.453479853479853,0.0192307692307692,0,0.0021978021978022,0.0146520146520147,0.51043956043956
223773.411807,2650866.126422,0.691052438577191,0.0198019801980198,0,0,0.00586725339200587,0.283278327832783
224273.411807,2650866.126422,0.64047619047619,0.00274725274725275,0,0.000183150183150183,0.0032967032967033,0.353296703296703
212273.411807,2650366.126422,0.3110662506882,0.0117452743622683,0,0.0587263718113415,0.0961644338410718,0.522297669297119
212773.411807,2650366.126422,0.600586832935999,0.00146708233999633,0,0.0181551439574546,0.0275077938749312,0.352283146891619
213273.411807,2650366.126422,0.721458676928715,0.000183250870441635,0,0,0,0.278358072200843
213773.411807,2650366.126422,0.681776472747293,0,0,0,0,0.318223527252707
214273.411807,2650366.126422,0.421236016871447,0.0476801760498808,0.0247570144874381,0.0124701998899688,0.0154043645699615,0.478452228131304
214773.411807,2650366.126422,0.24097489463075,0.026571376214037,0.0232728605460876,0.0985889682975994,0.0690855781564962,0.54150632215503
215273.411807,2650366.126422,0.121490181684713,0.160946962745458,0.0176179115434025,0.200587263718113,0.098733712607818,0.400623967700496
215773.411807,2650366.126422,0.0454795525398863,0.694846873280763,0.000733541169998166,0.0183385292499542,0.0170548322024574,0.223546671556941
216273.411807,2650366.126422,0.0480117280557083,0.487813817115631,0.00183250870441635,0.122411581455012,0.0734835990470955,0.266446765622137
216773.411807,2650366.126422,0.0838685997430721,0.358047348137273,0.00275279867865663,0.123875940539549,0.106074509084236,0.325380803817214
217273.411807,2650366.126422,0.0656519347148359,0.493673207408766,0.00238400880249404,0.052814964239868,0.0529983495323675,0.332477535301669
217773.411807,2650366.126422,0.195528678761224,0.0404984423676012,0.00183250870441635,0.361370716510903,0.148433205057724,0.252336448598131
218273.411807,2650366.126422,0.419526518627271,0.00899247568361167,0.000183519911910442,0.0851532391264452,0.126995779042026,0.359148467608736
218773.411807,2650366.126422,0.808545754630479,0.00146708233999633,0,0.000366770584999083,0.00183385292499542,0.187786539519531
219273.411807,2650366.126422,0.879970679860729,0,0,0,0,0.120029320139271
219773.411807,2650366.126422,0.918700679023674,0,0,0,0,0.0812993209763259
220273.411807,2650366.126422,0.827801210342931,0,0,0,0,0.17219878965707
220773.411807,2650366.126422,0.538207806487081,0.00842954004031519,0,0.0106285504856148,0.0122778083195895,0.4304562946674
221273.411807,2650366.126422,0.379152138006974,0.0122958340979996,0.000183519911910442,0.058909891723252,0.0308313452009543,0.51862727105891
221773.411807,2650366.126422,0.78818998716303,0,0,0,0.000183385292499542,0.211626627544471
222273.411807,2650366.126422,0.694337548103353,0.000916254352208173,0,0.00311526479750779,0.00403151914971596,0.297599413597215
222773.411807,2650366.126422,0.637364654064966,0.00165167920719398,0,0,0,0.36098366672784
223273.411807,2650366.126422,0.565743627361086,0.00146708233999633,0,0,0.00146708233999633,0.431322207958922
223773.411807,2650366.126422,0.48433205057724,0.0623052959501558,0,0.00751328568810702,0.0448964632582005,0.400952904526297
224273.411807,2650366.126422,0.483574967884015,0.00972655533125344,0,0.00697375665259681,0.05395485410167,0.445769866030464
212273.411807,2649866.126422,0.646238532110092,0.00036697247706422,0,0.00403669724770642,0.0157798165137615,0.333577981651376
212773.411807,2649866.126422,0.406714364336819,0.0174279948633278,0,0.0539350577875619,0.0669601907906806,0.454962392221611
213273.411807,2649866.126422,0.745054945054945,0.00384615384615385,0,0,0,0.251098901098901
213773.411807,2649866.126422,0.585321100917431,0,0,0,0,0.414678899082569
214273.411807,2649866.126422,0.594019445973216,0.00183452577508714,0,0,0.000183452577508714,0.403962575674188
214773.411807,2649866.126422,0.389194139194139,0.00531135531135531,0.00476190476190476,0.0494505494505494,0.0626373626373626,0.488644688644689
215273.411807,2649866.126422,0.123669724770642,0.0337614678899083,0.018348623853211,0.0258715596330275,0.0640366972477064,0.734311926605505
215773.411807,2649866.126422,0.118510365070629,0.0695285268758026,0.0117409649605577,0.374793615850303,0.112456430012842,0.312970097229866
216273.411807,2649866.126422,0.080952380952381,0.220695970695971,0.00164835164835165,0.0653846153846154,0.0752747252747253,0.556043956043956
216773.411807,2649866.126422,0.0407339449541284,0.319816513761468,0.00018348623853211,0.0972477064220184,0.113394495412844,0.428623853211009
217273.411807,2649866.126422,0.0592551825353146,0.473124197394973,0.00898917629792699,0.085305448541552,0.0572372041827188,0.316088791047514
217773.411807,2649866.126422,0.0717948717948718,0.136630036630037,0.00164835164835165,0.307142857142857,0.18974358974359,0.293040293040293
218273.411807,2649866.126422,0.255963302752294,0.021651376146789,0.00018348623853211,0.163119266055046,0.214128440366972,0.344954128440367
218773.411807,2649866.126422,0.632544487250046,0.002568336085122,0,0.0421940928270042,0.0831040176114474,0.23958906622638
219273.411807,2649866.126422,0.784065934065934,0.000366300366300366,0,0.00146520146520147,0.00567765567765568,0.208424908424908
219773.411807,2649866.126422,0.78,0.0192660550458716,0,0,0,0.200733944954128
220273.411807,2649866.126422,0.856356631810677,0,0,0,0,0.143643368189323
220773.411807,2649866.126422,0.861904761904762,0,0,0,0,0.138095238095238
221273.411807,2649866.126422,0.808440366972477,0.00018348623853211,0,0,0.00036697247706422,0.191009174311927
221773.411807,2649866.126422,0.55200880572372,0.001284168042561,0,0,0.00623738763529628,0.440469638598422
222273.411807,2649866.126422,0.787912087912088,0,0,0,0,0.212087912087912
222773.411807,2649866.126422,0.71302752293578,0.00073394495412844,0,0,0.00018348623853211,0.28605504587156
223273.411807,2649866.126422,0.638598422307833,0.001284168042561,0,0,0,0.360117409649606
223773.411807,2649866.126422,0.73992673992674,0,0,0,0.000549450549450549,0.25952380952381
224273.411807,2649866.126422,0.738165137614679,0.0297247706422018,0,0,0.00495412844036697,0.227155963302752
212273.411807,2649366.126422,0.713553113553114,0.000732600732600733,0,0,0.000732600732600733,0.284981684981685
212773.411807,2649366.126422,0.444139194139194,0.00641025641025641,0,0.0206959706959707,0.0357142857142857,0.493040293040293
213273.411807,2649366.126422,0.621195452878621,0.000366703337000367,0,0.00055005500550055,0.00128346167950128,0.376604327099377
213773.411807,2649366.126422,0.71996336996337,0.00201465201465201,0,0.000732600732600733,0.00641025641025641,0.270879120879121
214273.411807,2649366.126422,0.144322344322344,0.00494505494505494,0.000549450549450549,0,0.00824175824175824,0.841941391941392
214773.411807,2649366.126422,0.399156582324899,0.0044004400440044,0,0.00531719838650532,0.0168683535020169,0.574257425742574
215273.411807,2649366.126422,0.258791208791209,0.0443223443223443,0,0.0866300366300366,0.0919413919413919,0.518315018315018
215773.411807,2649366.126422,0.0619047619047619,0.0928571428571429,0.0628205128205128,0.141575091575092,0.111721611721612,0.529120879120879
216273.411807,2649366.126422,0.136596993032637,0.0997433076640997,0.00128346167950128,0.0337367070040337,0.138247158049138,0.59039237257059
216773.411807,2649366.126422,0.0611721611721612,0.379120879120879,0,0.0644688644688645,0.0965201465201465,0.398717948717949
217273.411807,2649366.126422,0.0291208791208791,0.541208791208791,0.000183150183150183,0.065018315018315,0.0525641025641026,0.311904761904762
217773.411807,2649366.126422,0.0331866519985332,0.609094242757609,0,0.0284195086175284,0.035020168683535,0.294279427942794
218273.411807,2649366.126422,0.110989010989011,0.0807692307692308,0.00256410256410256,0.377472527472527,0.154395604395604,0.273809523809524
218773.411807,2649366.126422,0.341941391941392,0.0131868131868132,0,0.137545787545788,0.193772893772894,0.313553113553114
219273.411807,2649366.126422,0.534286762009534,0.00311697836450312,0,0.0581224789145581,0.0986431976530986,0.305830583058306
219773.411807,2649366.126422,0.61043956043956,0.00586080586080586,0,0.0558608058608059,0.080952380952381,0.246886446886447
220273.411807,2649366.126422,0.803479853479854,0,0,0,0,0.196520146520147
220773.411807,2649366.126422,0.773377337733773,0,0,0,0,0.226622662266227
221273.411807,2649366.126422,0.825824175824176,0,0,0,0,0.174175824175824
221773.411807,2649366.126422,0.808058608058608,0.00732600732600733,0,0,0.000549450549450549,0.184065934065934
222273.411807,2649366.126422,0.741290795746241,0,0,0,0,0.258709204253759
222773.411807,2649366.126422,0.8,0.000183150183150183,0,0,0,0.19981684981685
223273.411807,2649366.126422,0.684432234432234,0,0,0.000183150183150183,0.00146520146520147,0.313919413919414
223773.411807,2649366.126422,0.777777777777778,0,0,0,0,0.222222222222222
224273.411807,2649366.126422,0.75,0,0,0,0,0.25
212273.411807,2648866.126422,0.793723619012663,0.000183519911910442,0,0.000367039823820885,0.00330335841438796,0.202422462837218
212773.411807,2648866.126422,0.324591967724189,0.0166880616174583,0,0.0341096644049147,0.0524481936548689,0.57216211259857
213273.411807,2648866.126422,0.549569360454462,0.00146600696353308,0,0.0119113065787062,0.0276708814366868,0.409382444566612
213773.411807,2648866.126422,0.583960359699027,0,0,0,0,0.416039640300973
214273.411807,2648866.126422,0.3201907207042,0.00880249403997799,0.00183385292499542,0.0357601320374106,0.0573995965523565,0.57601320374106
214773.411807,2648866.126422,0.20963899578523,0.000733003481766538,0,0.009529045262965,0.0234561114165292,0.756642844053509
215273.411807,2648866.126422,0.354009910075243,0.0141310332171041,0,0.0585428518994311,0.0609286107542668,0.512387594053955
215773.411807,2648866.126422,0.135521731157161,0.0667522464698331,0.00348432055749129,0.396845772969008,0.150742710434623,0.246653218411883
216273.411807,2648866.126422,0.119479567527946,0.0586402785413231,0.026571376214037,0.150082462891699,0.0925416895730255,0.55268462525197
216773.411807,2648866.126422,0.0950633143696091,0.0550559735731327,0.0304643053771334,0.181317672967517,0.139658652963847,0.498440080748761
217273.411807,2648866.126422,0.100861910874748,0.211443242251971,0.00293416467999266,0.238217494956904,0.153860260407115,0.292682926829268
217773.411807,2648866.126422,0.0342679127725857,0.582371266263515,0.000183250870441635,0.0199743448781382,0.0328019058090526,0.330401319406267
218273.411807,2648866.126422,0.0640484492567444,0.268856670948798,0.000367039823820885,0.150119287942742,0.122958340979996,0.393650211047899
218773.411807,2648866.126422,0.0959105079772602,0.0364936732074088,0,0.581698147808546,0.181184668989547,0.104713002017238
219273.411807,2648866.126422,0.422393256367968,0.00696353307678211,0,0.102803738317757,0.164925783397471,0.302913688840022
219773.411807,2648866.126422,0.540099100752432,0.00110111947146265,0,0.0168838318957607,0.0495503762158194,0.392365571664526
220273.411807,2648866.126422,0.808729139922978,0,0,0.000183385292499542,0.000550155877498625,0.190537318907024
220773.411807,2648866.126422,0.741433021806854,0,0,0.000366501740883269,0.00128275609309144,0.256917720359172
221273.411807,2648866.126422,0.552578454762342,0.000367039823820885,0,0.000183519911910442,0,0.446870985501927
