"x","y","forest","agri","water","built","other","grass"
280273.411807,2779366.126422,0.00256739409499358,0.0487804878048781,0.128553090042179,0.765450210893086,0.00916926462497708,0.0454795525398863
280773.411807,2779366.126422,0.0535092541689573,0.118746564046179,0.0452629649990837,0.407733186732637,0.0403151914971596,0.334432838555983
281273.411807,2779366.126422,0.195632226096531,0.172325197283905,0.0047715177096715,0.298036336942558,0.0486327766562672,0.280601945311066
281773.411807,2779366.126422,0.0355767467449111,0.0819732257472951,0.220612506876948,0.452961672473868,0.0465798642948836,0.162295983862094
282273.411807,2779366.126422,0.00623052959501558,0.186915887850467,0.204141469671981,0.328752061572292,0.0659703133589885,0.207989737951255
282773.411807,2779366.126422,0.0328500642319692,0.115434024591668,0.118737383006056,0.123875940539549,0.0409249403560286,0.568177647274729
283273.411807,2779366.126422,0.0526315789473684,0.0724371905373189,0.0436456996148909,0.175683110214561,0.048413717219879,0.607188703465982
283773.411807,2779366.126422,0.252886201209456,0.0443467106468756,0,0.0910756826094924,0.0260216236027121,0.585669781931464
284273.411807,2779366.126422,0.302073775004588,0.0122958340979996,0.00330335841438796,0.0179849513672233,0.00972655533125344,0.654615525784548
284773.411807,2779366.126422,0.472400513478819,0.0282413350449294,0,0.0106363469649734,0.0302585732624244,0.458463231248854
285273.411807,2779366.126422,0.741249770936412,0.00183250870441635,0,0.00128275609309144,0.0122778083195895,0.243357155946491
285773.411807,2779366.126422,0.494035602862911,0.00972655533125344,0,0.000917599559552211,0.046063497889521,0.449256744356763
286273.411807,2779366.126422,0.515312671923712,0.00770218228498074,0,0.00403447643498991,0.0403447643498991,0.432605905006418
286773.411807,2779366.126422,0.656587868792377,0.00604727872457394,0.00238226131574125,0.000549752611324904,0.0225398570643211,0.311892981491662
287273.411807,2779366.126422,0.29473297852817,0.00789135621214902,0,0.0152321526885667,0.0701046063497889,0.612038906221325
287773.411807,2779366.126422,0.447146147939596,0.0166368057332992,0,0.0552853852060404,0.0806245200921423,0.400307141028922
275273.411807,2778866.126422,0.0249262932189761,0.170195658000536,0.00804073974805682,0.151433931921737,0.0434199946395068,0.601983382471187
275773.411807,2778866.126422,0.0498991010823702,0.181434599156118,0,0.201614382682077,0.0656760227481196,0.501375894331315
276273.411807,2778866.126422,0.0485347985347985,0.122344322344322,0,0.439377289377289,0.0565934065934066,0.333150183150183
276773.411807,2778866.126422,0.0326605504587156,0.258532110091743,0.00018348623853211,0.151192660550459,0.028256880733945,0.529174311926605
277273.411807,2778866.126422,0.0174279948633278,0.358466336452027,0.197394973399376,0.183636030086223,0.0104567969179967,0.232617868281049
277773.411807,2778866.126422,0.00512820512820513,0.154212454212454,0.391391941391941,0.174175824175824,0.0362637362637363,0.238827838827839
279773.411807,2778866.126422,0.122935779816514,0.0392660550458716,0.00330275229357798,0.0840366972477064,0.0324770642201835,0.717981651376147
280273.411807,2778866.126422,0.0752155567785727,0.0695285268758026,0.0284351495138507,0.572922399559714,0.163639699137773,0.0902586681342873
280773.411807,2778866.126422,0.154945054945055,0.118864468864469,0.00183150183150183,0.115018315018315,0.0353479853479853,0.573992673992674
281273.411807,2778866.126422,0.190642201834862,0.0102752293577982,0,0.00972477064220183,0.0148623853211009,0.774495412844037
281773.411807,2778866.126422,0.220876903320492,0.0897083104017612,0,0.00825536598789213,0.0146762062006971,0.666483214089158
282273.411807,2778866.126422,0.373260073260073,0.0507326007326007,0.000366300366300366,0.0249084249084249,0.0324175824175824,0.518315018315018
282773.411807,2778866.126422,0.06,0.0460550458715596,0.00330275229357798,0.00935779816513761,0.0209174311926606,0.860366972477064
283273.411807,2778866.126422,0.523757108787378,0.00403595670519171,0,0.00220143093010457,0.00807191341038342,0.461933590166942
283773.411807,2778866.126422,0.431318681318681,0.0131868131868132,0,0.0227106227106227,0.0137362637362637,0.519047619047619
284273.411807,2778866.126422,0.416146788990826,0.0368807339449541,0,0.0563302752293578,0.0513761467889908,0.439266055045872
284773.411807,2778866.126422,0.648871766648321,0.00385250412768299,0,0.00385250412768299,0.0106402494955054,0.332782975600807
285273.411807,2778866.126422,0.469047619047619,0.0168498168498168,0,0.000183150183150183,0.00256410256410256,0.511355311355311
285773.411807,2778866.126422,0.399633027522936,0.0124770642201835,0,0.0073394495412844,0.0777981651376147,0.502752293577982
286273.411807,2778866.126422,0.559530361401578,0.0121078701155751,0,0.00330214639515685,0.0383415886993212,0.386718033388369
286773.411807,2778866.126422,0.346703296703297,0.0144688644688645,0,0.0510989010989011,0.154029304029304,0.433699633699634
287273.411807,2778866.126422,0.130275229357798,0.0293577981651376,0,0.117614678899083,0.159633027522936,0.563119266055046
287773.411807,2778866.126422,0.308834827144686,0.0268886043533931,0.000256081946222791,0.0286811779769526,0.0499359795134443,0.585403329065301
275273.411807,2778366.126422,0.0238095238095238,0.0799892990904227,0.0131086142322097,0.245853397538791,0.0823970037453183,0.554842161583735
275773.411807,2778366.126422,0.058974358974359,0.138461538461538,0.000915750915750916,0.179487179487179,0.0846153846153846,0.537545787545788
276273.411807,2778366.126422,0.0381371470480381,0.126145947928126,0.00916758342500917,0.563806380638064,0.07004033736707,0.192702603593693
276773.411807,2778366.126422,0.0606227106227106,0.0934065934065934,0.0346153846153846,0.497985347985348,0.091025641025641,0.222344322344322
277273.411807,2778366.126422,0.118131868131868,0.114285714285714,0,0.257326007326007,0.0928571428571429,0.417399267399267
277773.411807,2778366.126422,0.0427209387605427,0.0834250091675834,0,0.0183351668500183,0.0183351668500183,0.837183718371837
278273.411807,2778366.126422,0.0214285714285714,0.000732600732600733,0,0,0,0.977838827838828
278773.411807,2778366.126422,0.0794871794871795,0.0117216117216117,0,0.0782051282051282,0.0217948717948718,0.808791208791209
279273.411807,2778366.126422,0.35991932526586,0.0608727539420609,0.000366703337000367,0.0166850018335167,0.0231023102310231,0.539053905390539
279773.411807,2778366.126422,0.299084249084249,0.0172161172161172,0.0152014652014652,0.00256410256410256,0.0181318681318681,0.647802197802198
280273.411807,2778366.126422,0.23956043956044,0.0152014652014652,0.0404761904761905,0.00476190476190476,0.0212454212454212,0.678754578754579
280773.411807,2778366.126422,0.145581224789146,0.181151448478181,0.000183351668500183,0.0297029702970297,0.142647598093143,0.500733406674001
281273.411807,2778366.126422,0.358058608058608,0.0283882783882784,0,0.0247252747252747,0.0882783882783883,0.500549450549451
281773.411807,2778366.126422,0.583882783882784,0.0653846153846154,0,0.00347985347985348,0.0243589743589744,0.322893772893773
282273.411807,2778366.126422,0.601026769343601,0.00678401173450678,0.0033003300330033,0,0.000916758342500917,0.387972130546388
282773.411807,2778366.126422,0.147802197802198,0.0283882783882784,0.0663003663003663,0.0318681318681319,0.0536630036630037,0.671978021978022
283273.411807,2778366.126422,0.725641025641026,0.0010989010989011,0,0.00274725274725275,0.0212454212454212,0.249267399267399
283773.411807,2778366.126422,0.882654932159883,0,0,0,0,0.117345067840117
284273.411807,2778366.126422,0.718681318681319,0.0032967032967033,0,0.00164835164835165,0.0197802197802198,0.256593406593407
284773.411807,2778366.126422,0.5,0.00915750915750916,0,0.00970695970695971,0.0250915750915751,0.456043956043956
285273.411807,2778366.126422,0.665566556655666,0,0,0.00183351668500183,0.0146681334800147,0.317931793179318
285773.411807,2778366.126422,0.690659340659341,0.00201465201465201,0,0.0010989010989011,0.015018315018315,0.291208791208791
286273.411807,2778366.126422,0.628021978021978,0.0137362637362637,0,0.00183150183150183,0.026007326007326,0.33040293040293
286773.411807,2778366.126422,0.559222588925559,0.0462046204620462,0,0.0133846718005134,0.0271360469380271,0.354052071873854
287273.411807,2778366.126422,0.633333333333333,0.00860805860805861,0,0.0159340659340659,0.0644688644688645,0.277655677655678
287773.411807,2778366.126422,0.541314914300333,0.00869787669480686,0.000511639805576874,0.167306216423638,0.040419544640573,0.241749808135073
275273.411807,2777866.126422,0.0932226091615323,0.0905437985534423,0.00187516742566301,0.367800696490758,0.121350120546477,0.325207607822127
275773.411807,2777866.126422,0.0557491289198606,0.124518613607189,0.000183385292499542,0.51604621309371,0.0709701081973226,0.232532550889419
276273.411807,2777866.126422,0.0282206340480117,0.189298149166209,0.000366501740883269,0.594832325453546,0.051676745464541,0.13560564412681
276773.411807,2777866.126422,0.0372545421178198,0.137456414020921,0.00440447788585061,0.65571664525601,0.092126995779042,0.073040924940356
277273.411807,2777866.126422,0.0975609756097561,0.131670640014671,0,0.245552906656886,0.111681643132221,0.413533834586466
277773.411807,2777866.126422,0.109400769653656,0.0806303829943192,0.00403151914971596,0.418361737218252,0.130841121495327,0.25673446948873
278273.411807,2777866.126422,0.0924940356028629,0.049366856303909,0,0.0383556615892824,0.0233070288126262,0.796476417691319
278773.411807,2777866.126422,0.155143957454612,0.000183385292499542,0,0.000366770584999083,0.00238400880249404,0.841921877865395
279273.411807,2777866.126422,0.176470588235294,0.139453912406084,0.0106285504856148,0.0335349092908191,0.0278541323071285,0.61205790727506
279773.411807,2777866.126422,0.422462837217838,0.0115617544503579,0.00917599559552211,0.00385391815011929,0.0135804734813727,0.53936502110479
280273.411807,2777866.126422,0.350449293966624,0.010819732257473,0,0,0.00165046763249587,0.637080506143407
280773.411807,2777866.126422,0.170973062122045,0.0219901044529962,0.00256551218618288,0.0593732820230896,0.0775151181968114,0.667582921018875
281273.411807,2777866.126422,0.303908974123692,0.10772618829143,0.000917599559552211,0.00385391815011929,0.0354193429987154,0.548173976876491
281773.411807,2777866.126422,0.281863194571795,0.107463781404731,0.00550155877498625,0.0445626260773886,0.0812396845772969,0.479369154593802
282273.411807,2777866.126422,0.761590617555433,0.00549752611324904,0.000366501740883269,0.00861279091075683,0.0241891148982958,0.199743448781382
282773.411807,2777866.126422,0.877959258579556,0.00183519911910442,0,0.000367039823820885,0.00642319691686548,0.113415305560653
283273.411807,2777866.126422,0.800843572345498,0.00238400880249404,0,0,0.0113698881349716,0.185402530717036
283773.411807,2777866.126422,0.566245189664651,0.00164925783397471,0,0.000916254352208173,0.0119113065787062,0.41927799157046
284273.411807,2777866.126422,0.596990273444669,0.00605615709304459,0,0.00587263718113415,0.022389429253074,0.368691503028079
284773.411807,2777866.126422,0.69191270860077,0.0212726939299468,0,0.000183385292499542,0.0174216027874564,0.269209609389327
285273.411807,2777866.126422,0.553967381345061,0.00238226131574125,0.000183250870441635,0.000916254352208173,0.015026571376214,0.427524280740333
285773.411807,2777866.126422,0.57680308313452,0.00293631859056708,0,0.00146815929528354,0.0291796659937603,0.389612772985869
286273.411807,2777866.126422,0.628461397395929,0.0170548322024574,0,0,0.0126535851824684,0.341830185219145
286773.411807,2777866.126422,0.530877771669415,0.00714678394722375,0,0.0155763239875389,0.0415979475902511,0.404801172805571
287273.411807,2777866.126422,0.708386859974307,0.009543035419343,0.000734079647641769,0.0137639933932832,0.00752431638832813,0.260047715177097
287773.411807,2777866.126422,0.7699001791656,0.00870232915280266,0,0.000255950857435372,0.0163808548758638,0.204760685948298
275273.411807,2777366.126422,0.0246582685607076,0.208255159474672,0.0565532028946663,0.0603055481104262,0.0404717233985527,0.609756097560976
275773.411807,2777366.126422,0.0546688680975968,0.0638414969730325,0.00330214639515685,0.483764446890479,0.0504494588148963,0.343973582828839
276273.411807,2777366.126422,0.0485347985347985,0.242490842490842,0.000549450549450549,0.467582417582418,0.0626373626373626,0.178205128205128
276773.411807,2777366.126422,0.0392660550458716,0.178348623853211,0.00238532110091743,0.638165137614679,0.0278899082568807,0.11394495412844
277273.411807,2777366.126422,0.0715465052283985,0.205650339387268,0.00275178866263071,0.485598972665566,0.0816363969913777,0.152815997064759
277773.411807,2777366.126422,0.163003663003663,0.241575091575092,0.000915750915750916,0.0620879120879121,0.0417582417582418,0.490659340659341
278273.411807,2777366.126422,0.258165137614679,0.0124770642201835,0.00990825688073394,0.000917431192660551,0.00275229357798165,0.715779816513761
278773.411807,2777366.126422,0.249312052834342,0.00568702990277013,0,0.000183452577508714,0.00678774536782242,0.738029719317556
279273.411807,2777366.126422,0.203113553113553,0.00677655677655678,0,0.00897435897435897,0.0274725274725275,0.753663003663004
279773.411807,2777366.126422,0.401651376146789,0.00844036697247706,0.0295412844036697,0.00403669724770642,0.0159633027522936,0.540366972477064
280273.411807,2777366.126422,0.367822417904972,0.00550357732526142,0.00238488350761328,0.00568702990277013,0.0348559897266557,0.583746101632728
280773.411807,2777366.126422,0.202747252747253,0.00531135531135531,0.00512820512820513,0.0010989010989011,0.0122710622710623,0.773443223443223
281273.411807,2777366.126422,0.530091743119266,0.0862385321100917,0,0.00110091743119266,0.0106422018348624,0.371926605504587
281773.411807,2777366.126422,0.692716932672904,0.00623738763529628,0.000366905155017428,0.00605393505778756,0.0383415886993212,0.256283250779673
282273.411807,2777366.126422,0.573260073260073,0.0192307692307692,0,0.0168498168498168,0.0465201465201465,0.344139194139194
282773.411807,2777366.126422,0.353394495412844,0.0104587155963303,0,0.00311926605504587,0.0341284403669725,0.598899082568807
283273.411807,2777366.126422,0.748669968813062,0.00238488350761328,0,0.00642084021280499,0.0216474041460283,0.220876903320492
283773.411807,2777366.126422,0.797252747252747,0.000915750915750916,0,0.000366300366300366,0.0032967032967033,0.198168498168498
284273.411807,2777366.126422,0.664220183486239,0.00385321100917431,0,0.117064220183486,0.0354128440366972,0.179449541284404
284773.411807,2777366.126422,0.809209319390937,0.00348559897266557,0,0.000183452577508714,0.0172445422858191,0.169877086773069
285273.411807,2777366.126422,0.788095238095238,0.000366300366300366,0,0.00970695970695971,0.0124542124542125,0.189377289377289
285773.411807,2777366.126422,0.682752293577982,0.00055045871559633,0,0.00587155963302752,0.0124770642201835,0.298348623853211
286273.411807,2777366.126422,0.690148596587782,0.0113740598055403,0,0.00091726288754357,0.00403595670519171,0.293524124013942
286773.411807,2777366.126422,0.591575091575092,0.0135531135531136,0,0.00128205128205128,0.0287545787545788,0.364835164835165
287273.411807,2777366.126422,0.537431192660551,0.0355963302752294,0.00036697247706422,0.0412844036697248,0.0506422018348624,0.334678899082569
287773.411807,2777366.126422,0.630985915492958,0.00665813060179257,0,0.000768245838668374,0.0204865556978233,0.341101152368758
275273.411807,2776866.126422,0.0997859818084537,0.23729266987694,0.0436062065275548,0.156500802568218,0.0604601391118245,0.402354200107009
275773.411807,2776866.126422,0.0659340659340659,0.112820512820513,0.0142857142857143,0.206227106227106,0.0250915750915751,0.575641025641026
276273.411807,2776866.126422,0.110927759442611,0.328749541620829,0.00055005500550055,0.237257059039237,0.0720572057205721,0.25045837917125
276773.411807,2776866.126422,0.0688644688644689,0.570695970695971,0.00274725274725275,0.178754578754579,0.0485347985347985,0.13040293040293
277273.411807,2776866.126422,0.11959706959707,0.341208791208791,0.000183150183150183,0.124175824175824,0.0518315018315018,0.363003663003663
277773.411807,2776866.126422,0.0691235790245691,0.0869086908690869,0,0.344517785111844,0.117711771177118,0.381738173817382
278273.411807,2776866.126422,0.446153846153846,0.0494505494505494,0.00805860805860806,0.0146520146520147,0.0344322344322344,0.447252747252747
278773.411807,2776866.126422,0.103479853479853,0.00347985347985348,0,0.0249084249084249,0.0432234432234432,0.824908424908425
279273.411807,2776866.126422,0.295379537953795,0.00403373670700403,0,0.0194352768610194,0.0286028602860286,0.652548588192153
279773.411807,2776866.126422,0.76996336996337,0.0032967032967033,0,0.00384615384615385,0.00934065934065934,0.213553113553114
280273.411807,2776866.126422,0.614835164835165,0.00164835164835165,0,0.00659340659340659,0.0131868131868132,0.363736263736264
280773.411807,2776866.126422,0.563256325632563,0.0108177484415108,0,0.000183351668500183,0.00311697836450312,0.422625595892923
281273.411807,2776866.126422,0.176007326007326,0.101282051282051,0.00146520146520147,0.000366300366300366,0.0163003663003663,0.704578754578755
281773.411807,2776866.126422,0.138461538461538,0.026007326007326,0.00915750915750916,0.0258241758241758,0.0954212454212454,0.705128205128205
282273.411807,2776866.126422,0.482398239823982,0.0104510451045105,0.0161349468280161,0.0066006600660066,0.0273193986065273,0.457095709570957
282773.411807,2776866.126422,0.885714285714286,0.000732600732600733,0,0.000915750915750916,0.00897435897435897,0.103663003663004
283273.411807,2776866.126422,0.480586080586081,0.0177655677655678,0,0.00842490842490842,0.0221611721611722,0.471062271062271
283773.411807,2776866.126422,0.735606894022736,0.00678401173450678,0,0.0471213788045471,0.0320865419875321,0.178401173450678
284273.411807,2776866.126422,0.668681318681319,0.00879120879120879,0,0.01996336996337,0.0232600732600733,0.279304029304029
284773.411807,2776866.126422,0.587545787545788,0.00989010989010989,0,0.0934065934065934,0.0512820512820513,0.257875457875458
285273.411807,2776866.126422,0.803630363036304,0.000916758342500917,0,0.00348368170150348,0.00605060506050605,0.185918591859186
285773.411807,2776866.126422,0.705677655677656,0.00201465201465201,0,0.00512820512820513,0.0243589743589744,0.262820512820513
286273.411807,2776866.126422,0.597435897435897,0.00879120879120879,0,0.00970695970695971,0.0408424908424908,0.343223443223443
286773.411807,2776866.126422,0.369270260359369,0.0520718738540521,0,0.00806747341400807,0.0397873120645398,0.530803080308031
287273.411807,2776866.126422,0.351648351648352,0.31007326007326,0,0.0622710622710623,0.129487179487179,0.146520146520147
287773.411807,2776866.126422,0.642619595804554,0.0422102839600921,0,0.0634433358915324,0.0299309286262471,0.221795855717575
275273.411807,2776366.126422,0.0222341280471471,0.143852129654433,0.105545137958746,0.186713099383874,0.0500937583712832,0.491561746584516
275773.411807,2776366.126422,0.0586832935998533,0.119017054832202,0.052814964239868,0.462864478268843,0.0502475701448744,0.256372638914359
276273.411807,2776366.126422,0.049660985889683,0.719626168224299,0.00201575957485798,0.0478284771852666,0.0218068535825545,0.159061755543339
276773.411807,2776366.126422,0.0726738851165352,0.399339328317122,0,0.21141493852083,0.0578087722517893,0.258763075793724
277273.411807,2776366.126422,0.028791490922428,0.0641848523748395,0.00110031175499725,0.74784522281313,0.0671190170548322,0.0909591050797726
277773.411807,2776366.126422,0.120395821880154,0.236760124610592,0.0119113065787062,0.202675462708448,0.0333516584203775,0.394905625801723
278273.411807,2776366.126422,0.279317305927693,0.0403743806202973,0.0117452743622683,0.0233070288126262,0.0328500642319692,0.612405946045146
278773.411807,2776366.126422,0.112965340179718,0.0130203557674674,0.0302585732624244,0.0097194205024757,0.0386942967174033,0.795342013570512
279273.411807,2776366.126422,0.262964999083746,0.0197910940076965,0,0.0223566061938794,0.043613707165109,0.651273593549569
279773.411807,2776366.126422,0.656083685079831,0.0168838318957607,0,0.0255092677555515,0.0291796659937603,0.272343549275096
280273.411807,2776366.126422,0.754630478635613,0.000366770584999083,0,0.000183385292499542,0.000366770584999083,0.244452594901889
280773.411807,2776366.126422,0.784680227231079,0.00183250870441635,0.00403151914971596,0.000183250870441635,0.00549752611324904,0.203774967931098
281273.411807,2776366.126422,0.709304459533859,0.0106441548908057,0,0,0.00183519911910442,0.27821618645623
281773.411807,2776366.126422,0.405281496423987,0.0174216027874564,0.00825233816247937,0.00183385292499542,0.0110031175499725,0.556207592151109
282273.411807,2776366.126422,0.230163093274693,0.0615722924683892,0.0234561114165292,0.0109950522264981,0.0177753344328386,0.656038116181052
282773.411807,2776366.126422,0.581207561020371,0.0389062213250138,0,0.0012846393833731,0.0376215819416407,0.340979996329602
283273.411807,2776366.126422,0.680359435173299,0.00733541169998166,0,0.00458463231248854,0.0388776820099028,0.268842838804328
283773.411807,2776366.126422,0.342495876855415,0.00989554700384827,0,0.0124610591900312,0.040131940626718,0.595015576323987
284273.411807,2776366.126422,0.450724903652046,0.00495503762158194,0,0.00146815929528354,0.0205542301339695,0.522297669297119
284773.411807,2776366.126422,0.492756280946268,0.0397946084724005,0.000183385292499542,0.00348432055749129,0.0271410232899321,0.436640381441408
285273.411807,2776366.126422,0.425691772035917,0.0569910207073484,0,0.00274876305662452,0.030602895363753,0.483965548836357
285773.411807,2776366.126422,0.555331253440998,0.0352358230868049,0,0.0152321526885667,0.0385391815011929,0.355661589282437
286273.411807,2776366.126422,0.646433156060884,0.00495140289748762,0,0.00623509994498441,0.0203557674674491,0.322024573629195
286773.411807,2776366.126422,0.596298332417079,0.0128275609309144,0,0.009529045262965,0.0370166758292102,0.344328385559831
287273.411807,2776366.126422,0.655349605432189,0.0497338961277299,0,0.0594604514589833,0.0258763075793724,0.209579739401725
287773.411807,2776366.126422,0.372920399283338,0.00639877143588431,0,0.063219861786537,0.0337855131814692,0.523675454312772
275273.411807,2775866.126422,0.0326990083087644,0.115786652372018,0.0568212275529349,0.496113642455106,0.0742428303403913,0.224336638970785
275773.411807,2775866.126422,0.0838378279214823,0.170060539350578,0.0258668134287287,0.124197394973399,0.0438451660245826,0.552192258301229
276273.411807,2775866.126422,0.168498168498169,0.192307692307692,0,0.00128205128205128,0.0399267399267399,0.597985347985348
276773.411807,2775866.126422,0.0677064220183486,0.669174311926605,0,0.0500917431192661,0.0390825688073395,0.17394495412844
277273.411807,2775866.126422,0.0544854155200881,0.441019996330948,0.00898917629792699,0.310034855989727,0.0467804072647221,0.138690148596588
277773.411807,2775866.126422,0.056959706959707,0.212454212454212,0.00750915750915751,0.373809523809524,0.0943223443223443,0.254945054945055
278273.411807,2775866.126422,0.262752293577982,0.147706422018349,0.00385321100917431,0.0104587155963303,0.0346788990825688,0.540550458715596
278773.411807,2775866.126422,0.471106219042378,0.0598055402678408,0.00275178866263071,0.147128967161989,0.0700788846083287,0.249128600256834
279273.411807,2775866.126422,0.349450549450549,0.0545787545787546,0,0.0684981684981685,0.0811355311355311,0.446336996336996
279773.411807,2775866.126422,0.710825688073395,0.0108256880733945,0.00330275229357798,0.00440366972477064,0.0168807339449541,0.253761467889908
280273.411807,2775866.126422,0.492019812878371,0.0198128783709411,0.00385250412768299,0.0429279031370391,0.0581544670702623,0.383232434415704
280773.411807,2775866.126422,0.722161172161172,0.00201465201465201,0,0.00183150183150183,0.00842490842490842,0.265567765567766
281273.411807,2775866.126422,0.594495412844037,0.00587155963302752,0,0.0055045871559633,0.0412844036697248,0.352844036697248
281773.411807,2775866.126422,0.768666299761512,0.00110071546505228,0,0.00385250412768299,0.00953953403045313,0.2168409466153
282273.411807,2775866.126422,0.794871794871795,0.000366300366300366,0,0.000183150183150183,0.00531135531135531,0.199267399267399
282773.411807,2775866.126422,0.771192660550459,0.0152293577981651,0,0.00018348623853211,0.00954128440366972,0.203853211009174
283273.411807,2775866.126422,0.38378279214823,0.0240322876536415,0,0.135754907356448,0.272610530177949,0.183819482663731
283773.411807,2775866.126422,0.681318681318681,0.00457875457875458,0.00476190476190476,0.0135531135531136,0.0230769230769231,0.272710622710623
284273.411807,2775866.126422,0.783853211009174,0.00201834862385321,0.00073394495412844,0.00055045871559633,0.00788990825688073,0.204954128440367
284773.411807,2775866.126422,0.668317739864245,0.001284168042561,0,0,0.0066042927903137,0.32379379930288
285273.411807,2775866.126422,0.702930402930403,0.00732600732600733,0,0.00146520146520147,0.0406593406593407,0.247619047619048
285773.411807,2775866.126422,0.528440366972477,0.0438532110091743,0,0.00990825688073394,0.0519266055045872,0.365871559633028
286273.411807,2775866.126422,0.650339387268391,0.00550357732526142,0,0.0174279948633278,0.0214639515685195,0.3052650889745
286773.411807,2775866.126422,0.533516483516484,0.00860805860805861,0,0.0465201465201465,0.0419413919413919,0.369413919413919
287273.411807,2775866.126422,0.346238532110092,0.033394495412844,0,0.0728440366972477,0.0510091743119266,0.49651376146789
287773.411807,2775866.126422,0.268629961587708,0.163124199743918,0,0.293725992317542,0.118565941101152,0.15595390524968
275273.411807,2775366.126422,0.0623327982878545,0.0818619582664527,0,0.356875334403424,0.0334403424291065,0.465489566613162
275773.411807,2775366.126422,0.0708791208791209,0.155128205128205,0.00805860805860806,0.430586080586081,0.0706959706959707,0.264652014652015
276273.411807,2775366.126422,0.105977264393106,0.0720572057205721,0.0100843417675101,0.103777044371104,0.0848918225155849,0.623212321232123
276773.411807,2775366.126422,0.159340659340659,0.131501831501832,0.000549450549450549,0.0494505494505494,0.0844322344322344,0.574725274725275
277273.411807,2775366.126422,0.103663003663004,0.348717948717949,0,0.0957875457875458,0.052014652014652,0.39981684981685
277773.411807,2775366.126422,0.0674734140080675,0.57957462412908,0.0469380271360469,0.0623395672900623,0.0152181884855152,0.228456178951228
278273.411807,2775366.126422,0.058974358974359,0.43956043956044,0.0529304029304029,0.198168498168498,0.0521978021978022,0.198168498168498
278773.411807,2775366.126422,0.052014652014652,0.135714285714286,0.0043956043956044,0.407509157509158,0.0785714285714286,0.321794871794872
279273.411807,2775366.126422,0.102310231023102,0.314448111477814,0.0152181884855152,0.141180784745141,0.079024569123579,0.347818115144848
279773.411807,2775366.126422,0.188461538461538,0.276007326007326,0,0.167582417582418,0.0866300366300366,0.281318681318681
280273.411807,2775366.126422,0.247252747252747,0.212454212454212,0.00256410256410256,0.0373626373626374,0.0965201465201465,0.403846153846154
280773.411807,2775366.126422,0.365419875320865,0.136596993032637,0.00403373670700403,0.0192519251925193,0.050971763843051,0.423725705903924
281273.411807,2775366.126422,0.872527472527473,0.0032967032967033,0,0.000366300366300366,0.00274725274725275,0.121062271062271
281773.411807,2775366.126422,0.613553113553114,0.00201465201465201,0,0.0139194139194139,0.0509157509157509,0.31959706959707
282273.411807,2775366.126422,0.718921892189219,0.00641730839750642,0,0.0133846718005134,0.0320865419875321,0.229189585625229
282773.411807,2775366.126422,0.823260073260073,0.00457875457875458,0,0.00586080586080586,0.0232600732600733,0.143040293040293
283273.411807,2775366.126422,0.645787545787546,0.00824175824175824,0,0.00695970695970696,0.0258241758241758,0.313186813186813
283773.411807,2775366.126422,0.574624129079575,0.0100843417675101,0,0.0326365969930326,0.0364869820315365,0.346167950128346
284273.411807,2775366.126422,0.688827838827839,0.00201465201465201,0,0.0128205128205128,0.03003663003663,0.266300366300366
284773.411807,2775366.126422,0.464468864468864,0.0399267399267399,0,0.205677655677656,0.105311355311355,0.184615384615385
285273.411807,2775366.126422,0.304180418041804,0.0339200586725339,0,0.114961496149615,0.0982764943160983,0.448661532819949
285773.411807,2775366.126422,0.728021978021978,0.00805860805860806,0,0.00531135531135531,0.0225274725274725,0.236080586080586
286273.411807,2775366.126422,0.665567765567766,0.00549450549450549,0,0.0021978021978022,0.0179487179487179,0.308791208791209
286773.411807,2775366.126422,0.529152915291529,0.00733406674000733,0,0.0137513751375138,0.0170517051705171,0.432709937660433
287273.411807,2775366.126422,0.217948717948718,0.0197802197802198,0.000366300366300366,0.2503663003663,0.0435897435897436,0.467948717948718
287773.411807,2775366.126422,0.118188795088258,0.208749040675365,0.0117677155282681,0.220516756203633,0.118188795088258,0.322588897416219
275273.411807,2774866.126422,0,0.117331904634342,0.010447361371551,0.199303509241897,0.0404500401821591,0.632467184570051
275773.411807,2774866.126422,0.0557491289198606,0.188336695397029,0,0.217311571611957,0.0674857876398313,0.471116816431322
276273.411807,2774866.126422,0.0963899578522998,0.087777166941543,0.0175920835623969,0.125893347993403,0.074216602528862,0.598130841121495
276773.411807,2774866.126422,0.0677188474949532,0.194531106625069,0.036520462470178,0.0583593319875206,0.0256927876674619,0.617177463754817
277273.411807,2774866.126422,0.0165046763249587,0.248303686044379,0.0493306436823767,0.270493306436824,0.057582981844856,0.357784705666606
277773.411807,2774866.126422,0.0919919369617006,0.203774967931098,0.0947407000183251,0.00751328568810702,0.0296866410115448,0.572292468389225
278273.411807,2774866.126422,0.080932281152505,0.279500825839604,0.0310148651128647,0.170673518076711,0.0565241328684162,0.381354376949899
278773.411807,2774866.126422,0.0960938932697598,0.14010636346965,0.00330093526499175,0.308637447276728,0.109664404914726,0.342196955804144
279273.411807,2774866.126422,0.0919919369617006,0.300348176653839,0.0113615539673813,0.0855781564962434,0.0665200659703134,0.444200109950522
279773.411807,2774866.126422,0.0961644338410718,0.3567627087539,0.000183519911910442,0.124242980363369,0.0844191594788034,0.338227197650945
280273.411807,2774866.126422,0.0874747845222813,0.479735925178801,0.00843572345497891,0.0438290849073904,0.0618008435723455,0.318723638364203
280773.411807,2774866.126422,0.175920835623969,0.206340480117281,0.00274876305662452,0.0505772402418911,0.101520982224666,0.462891698735569
281273.411807,2774866.126422,0.187190310148651,0.216920535878143,0.00183519911910442,0.098733712607818,0.0790970820334006,0.416223160212883
281773.411807,2774866.126422,0.648450394278379,0.0240234733174399,0.000733541169998166,0.0388776820099028,0.0500641848523748,0.237850724371905
282273.411807,2774866.126422,0.939343961883819,0.000733003481766538,0,0,0.00806303829943192,0.0518599963349826
282773.411807,2774866.126422,0.762158194164067,0.0159662323362085,0,0.00110111947146265,0.0165167920719398,0.204257661956322
283273.411807,2774866.126422,0.772418852008069,0.022006235099945,0,0.00110031175499725,0.010819732257473,0.193654868879516
283773.411807,2774866.126422,0.703133589884552,0.0131940626717977,0,0.00751328568810702,0.0159428257284222,0.260216236027121
284273.411807,2774866.126422,0.535511102954671,0.0100935951550743,0,0.00715727656450725,0.0350523031748945,0.412185722150853
284773.411807,2774866.126422,0.626994315055933,0.0203557674674491,0,0.00366770584999083,0.0168714469099578,0.33211076471667
285273.411807,2774866.126422,0.339014110317024,0.0731170973062122,0,0.154113982041415,0.15026571376214,0.283489096573209
285773.411807,2774866.126422,0.395852449990824,0.0121123141860892,0,0.285006423196917,0.135254175077996,0.171774637548174
286273.411807,2774866.126422,0.452228131303869,0.0190720704199523,0.000183385292499542,0.170731707317073,0.0693196405648267,0.288465065101779
286773.411807,2774866.126422,0.521531977276892,0.0113615539673813,0,0.047645226314825,0.0439802089059923,0.375481033534909
287273.411807,2774866.126422,0.135621214901817,0.10387227014131,0.000734079647641769,0.399155808405212,0.154890805652413,0.205725821251606
287773.411807,2774866.126422,0.0581008446378295,0.23342718198106,0.0578448937803942,0.462247248528283,0.0714102892244689,0.116969541847965
275273.411807,2774366.126422,0.0428839453229697,0.421602787456446,0.00107209863307424,0.0471723398552667,0.0495845617796837,0.43768426695256
275773.411807,2774366.126422,0.0818198495688864,0.377361951935425,0,0.189139607411484,0.0603558980003669,0.291322693083838
276273.411807,2774366.126422,0.065018315018315,0.0862637362637363,0,0.503296703296703,0.104761904761905,0.240659340659341
276773.411807,2774366.126422,0.0801834862385321,0.162018348623853,0.00018348623853211,0.104587155963303,0.0344954128440367,0.618532110091743
277273.411807,2774366.126422,0.0757659145110989,0.0957622454595487,0.0341221794166208,0.0225646670335718,0.0348559897266557,0.736929003852504
277773.411807,2774366.126422,0.0424908424908425,0.642857142857143,0.0412087912087912,0.00128205128205128,0.0043956043956044,0.267765567765568
278273.411807,2774366.126422,0.0467889908256881,0.379449541284404,0.0412844036697248,0.108990825688073,0.0576146788990826,0.365871559633028
278773.411807,2774366.126422,0.120344890845716,0.0612731608879105,0.0174279948633278,0.424876169510182,0.118326912493121,0.257750871399743
279273.411807,2774366.126422,0.491941391941392,0.138644688644689,0,0.00842490842490842,0.0133699633699634,0.347619047619048
279773.411807,2774366.126422,0.588623853211009,0.15045871559633,0.00403669724770642,0.00972477064220183,0.015045871559633,0.232110091743119
280273.411807,2774366.126422,0.5620986974867,0.0985140341221794,0.00330214639515685,0.00440286186020914,0.0414602825169694,0.290221977618786
280773.411807,2774366.126422,0.567765567765568,0.0395604395604396,0,0.00512820512820513,0.0206959706959707,0.366849816849817
281273.411807,2774366.126422,0.500366972477064,0.238899082568807,0.000917431192660551,0.0036697247706422,0.0306422018348624,0.225504587155963
281773.411807,2774366.126422,0.181067694001101,0.356448358099431,0.00275178866263071,0.0966795083470923,0.0970464135021097,0.266006237387635
282273.411807,2774366.126422,0.243040293040293,0.205494505494505,0,0.0492673992673993,0.0902930402930403,0.411904761904762
282773.411807,2774366.126422,0.45045871559633,0.044954128440367,0.00110091743119266,0.013394495412844,0.0686238532110092,0.421467889908257
283273.411807,2774366.126422,0.308200330214639,0.0792515134837644,0.000550357732526142,0.032104201064025,0.0842047330764997,0.495688864428545
283773.411807,2774366.126422,0.27985347985348,0.0395604395604396,0,0.0122710622710623,0.0706959706959707,0.597619047619048
284273.411807,2774366.126422,0.586422018348624,0.0209174311926606,0,0.0344954128440367,0.0264220183486239,0.331743119266055
284773.411807,2774366.126422,0.591818015043111,0.00605393505778756,0,0.0471473124197395,0.0209135938359934,0.334067143643368
285273.411807,2774366.126422,0.203479853479853,0.0269230769230769,0.000183150183150183,0.378571428571429,0.137912087912088,0.252930402930403
285773.411807,2774366.126422,0.258715596330275,0.04,0.00311926605504587,0.340550458715596,0.118715596330275,0.238899082568807
286273.411807,2774366.126422,0.112272977435333,0.165107319757843,0.00183452577508714,0.226563933223262,0.127866446523574,0.366354797284902
286773.411807,2774366.126422,0.295970695970696,0.11007326007326,0.00128205128205128,0.213003663003663,0.113736263736264,0.265934065934066
287273.411807,2774366.126422,0.0669724770642202,0.299816513761468,0.0401834862385321,0.364036697247706,0.0856880733944954,0.143302752293578
287773.411807,2774366.126422,0.0670934699103713,0.214596670934699,0.0635083226632522,0.537772087067862,0.0714468629961588,0.0455825864276568
275273.411807,2773866.126422,0.0588550026752274,0.500802568218299,0,0.0428036383092563,0.048689138576779,0.348849652220439
275773.411807,2773866.126422,0.0565934065934066,0.404395604395604,0.000549450549450549,0.23021978021978,0.0646520146520147,0.243589743589744
276273.411807,2773866.126422,0.0588558855885589,0.265126512651265,0.00916758342500917,0.443894389438944,0.0755408874220755,0.147414741474147
276773.411807,2773866.126422,0.131318681318681,0.206410256410256,0,0.0542124542124542,0.0342490842490843,0.573809523809524
277273.411807,2773866.126422,0.0862637362637363,0.169047619047619,0.0637362637362637,0.208424908424908,0.0652014652014652,0.407326007326007
277773.411807,2773866.126422,0.120828749541621,0.112394572790612,0.00916758342500917,0.16024935826916,0.0524385771910524,0.544921158782545
278273.411807,2773866.126422,0.0836996336996337,0.186813186813187,0,0.381135531135531,0.100915750915751,0.247435897435897
278773.411807,2773866.126422,0.121428571428571,0.080952380952381,0.00476190476190476,0.582051282051282,0.0858974358974359,0.124908424908425
279273.411807,2773866.126422,0.253208654198753,0.152365236523652,0.011001100110011,0.170700403373671,0.0353868720205354,0.377337733773377
279773.411807,2773866.126422,0.578754578754579,0.00677655677655678,0,0,0.00183150183150183,0.412637362637363
280273.411807,2773866.126422,0.805128205128205,0.00531135531135531,0,0,0.000183150183150183,0.189377289377289
280773.411807,2773866.126422,0.820682068206821,0,0,0.000183351668500183,0.00146681334800147,0.177667766776678
281273.411807,2773866.126422,0.784981684981685,0.00128205128205128,0,0.00311355311355311,0.00695970695970696,0.203663003663004
281773.411807,2773866.126422,0.707692307692308,0.00311355311355311,0,0.000549450549450549,0.0021978021978022,0.286446886446886
282273.411807,2773866.126422,0.648331499816648,0.0418041804180418,0.0011001100110011,0.00421708837550422,0.0454712137880455,0.259075907590759
282773.411807,2773866.126422,0.35952380952381,0.0212454212454212,0.000183150183150183,0.0481684981684982,0.106043956043956,0.464835164835165
283273.411807,2773866.126422,0.435714285714286,0.00659340659340659,0.00732600732600733,0.00421245421245421,0.00622710622710623,0.53992673992674
283773.411807,2773866.126422,0.222405573890722,0.00146681334800147,0,0.00458379171250458,0.00311697836450312,0.768426842684268
284273.411807,2773866.126422,0.281135531135531,0.0137362637362637,0.00970695970695971,0.0217948717948718,0.0184981684981685,0.655128205128205
284773.411807,2773866.126422,0.450732600732601,0.0217948717948718,0,0.108608058608059,0.086996336996337,0.331868131868132
285273.411807,2773866.126422,0.538870553722039,0.011001100110011,0,0.0821415474880821,0.0496883021635497,0.318298496516318
285773.411807,2773866.126422,0.163369963369963,0.11043956043956,0.000549450549450549,0.200549450549451,0.134249084249084,0.390842490842491
286273.411807,2773866.126422,0.0413919413919414,0.206776556776557,0.00952380952380952,0.321428571428571,0.176007326007326,0.244871794871795
286773.411807,2773866.126422,0.0381371470480381,0.173083975064173,0.0293362669600293,0.502383571690502,0.096993032636597,0.16006600660066
287273.411807,2773866.126422,0.132051282051282,0.22032967032967,0.0602564102564103,0.36978021978022,0.0611721611721612,0.156410256410256
287773.411807,2773866.126422,0.234842670759785,0.235098490662574,0.0337682271680737,0.271169096955743,0.0294192888206702,0.195702225633154
275273.411807,2773366.126422,0.0908116796142513,0.257701580498259,0.267345298687383,0.0409858023037771,0.0257165818376641,0.317439057058666
275773.411807,2773366.126422,0.0997615991197506,0.48817164863378,0,0.0229231615624427,0.0227397762699432,0.366403814414084
276273.411807,2773366.126422,0.040131940626718,0.369067253069452,0.210921751878321,0.109400769653656,0.0575407733186733,0.212937511453179
276773.411807,2773366.126422,0.103138190493669,0.41512204074142,0.000550559735731327,0.0877225178931914,0.0616626904019086,0.33180400073408
