"x","y","forest","agri","water","built","other","grass"
160773.411807,2558366.126422,0.00969355847404628,0.15509693558474,0.00500312695434647,0.0625390869293308,0.119449656035022,0.648217636022514
161273.411807,2558366.126422,0.116264493889063,0.131306800376058,0.048574114697587,0.0172359761830147,0.0695706675023504,0.617047947351927
161773.411807,2558366.126422,0.028169014084507,0.193740219092332,0.12112676056338,0.05320813771518,0.123004694835681,0.48075117370892
162273.411807,2558366.126422,0.0400250156347717,0.141025641025641,0.232332707942464,0.050656660412758,0.129768605378361,0.406191369606004
162773.411807,2558366.126422,0.0175493575681605,0.209025383892197,0.0150423064869947,0.0231902225007835,0.148542776559072,0.586649952992792
163273.411807,2558366.126422,0.0322378716744914,0.423787167449139,0,0.00469483568075117,0.047887323943662,0.491392801251956
163773.411807,2558366.126422,0.0716072545340838,0.120075046904315,0.00781738586616635,0.0237648530331457,0.0778611632270169,0.698874296435272
164273.411807,2558366.126422,0.0930742713882795,0.0861798809150736,0,0.237229708555312,0.243810717643372,0.339705421497963
164773.411807,2558366.126422,0.0679186228482003,0.242253521126761,0.00156494522691706,0.0735524256651017,0.143974960876369,0.470735524256651
165273.411807,2558366.126422,0.0247029393370857,0.728580362726704,0,0,0.00781738586616635,0.238899312070044
165773.411807,2558366.126422,0.0636164211845816,0.550611093701034,0,0.00219366969602006,0.0219366969602006,0.361642118458164
166273.411807,2558366.126422,0.0995305164319249,0.395618153364632,0,0.0181533646322379,0.0363067292644757,0.450391236306729
166773.411807,2558366.126422,0.130393996247655,0.311757348342714,0,0.0956848030018762,0.206066291432145,0.25609756097561
167273.411807,2558366.126422,0.0999686618614854,0.539329363835788,0,0.0567220307113757,0.078972109056722,0.225007834534629
167773.411807,2558366.126422,0.0769953051643193,0.2679186228482,0,0.0697965571205008,0.10641627543036,0.47887323943662
168273.411807,2558366.126422,0.0806754221388368,0.034396497811132,0.000938086303939962,0.449968730456535,0.210756722951845,0.223264540337711
168773.411807,2558366.126422,0.0814791601378878,0.100595424631777,0,0.261986837981824,0.222814164838609,0.333124412409903
169273.411807,2558366.126422,0.0125195618153365,0.244131455399061,0,0,0.0456964006259781,0.697652582159624
169773.411807,2558366.126422,0.0284552845528455,0.213883677298311,0,0.0653533458411507,0.126016260162602,0.566291432145091
170273.411807,2558366.126422,0.0476339705421498,0.222187402068317,0,0.0191162644938891,0.0404261986837982,0.670636164211846
170773.411807,2558366.126422,0.0118935837245696,0.202503912363067,0.106729264475743,0.0591549295774648,0.0757433489827856,0.543974960876369
171273.411807,2558366.126422,0,0.292057535959975,0.419011882426517,0.108192620387742,0,0.180737961225766
171773.411807,2558366.126422,0.0300846129739893,0.342525853964275,0.0921341272328424,0.0764650579755562,0.0554685051707929,0.403321842682545
172273.411807,2558366.126422,0.10735524256651,0.155242566510172,0,0.0923317683881064,0.0879499217527386,0.557120500782473
172773.411807,2558366.126422,0.186991869918699,0.0859912445278299,0,0.115071919949969,0.137898686679174,0.474046278924328
160773.411807,2557866.126422,0.401540154015402,0.0322698936560323,0.0187018701870187,0.037953795379538,0.0163182984965163,0.493215988265493
161273.411807,2557866.126422,0.278021978021978,0.0274725274725275,0.0133699633699634,0.0205128205128205,0.060989010989011,0.5996336996337
161773.411807,2557866.126422,0.0587912087912088,0.110989010989011,0.192124542124542,0.0952380952380952,0.0608058608058608,0.482051282051282
162273.411807,2557866.126422,0.0359369270260359,0.178034470113678,0.353318665199853,0.141180784745141,0.0958929226255959,0.195636230289696
162773.411807,2557866.126422,0.05,0.173076923076923,0.2,0.0824175824175824,0.121794871794872,0.372710622710623
163273.411807,2557866.126422,0.0919413919413919,0.313003663003663,0.0152014652014652,0.013003663003663,0.0501831501831502,0.516666666666667
163773.411807,2557866.126422,0.0616061606160616,0.417125045837917,0,0.00568390172350568,0.0449211587825449,0.470663733039971
164273.411807,2557866.126422,0.0783882783882784,0.286263736263736,0,0.0402930402930403,0.119413919413919,0.475641025641026
164773.411807,2557866.126422,0.0467032967032967,0.388644688644689,0,0.021978021978022,0.0419413919413919,0.500732600732601
165273.411807,2557866.126422,0.0102676934360103,0.57004033736707,0,0.00146681334800147,0.0232856618995233,0.394939493949395
165773.411807,2557866.126422,0.0291208791208791,0.426373626373626,0.0010989010989011,0.0245421245421245,0.0212454212454212,0.497619047619048
166273.411807,2557866.126422,0.0402930402930403,0.313553113553114,0,0.0117216117216117,0.0564102564102564,0.578021978021978
166773.411807,2557866.126422,0.0951595159515952,0.24037403740374,0,0.200770077007701,0.234323432343234,0.229372937293729
167273.411807,2557866.126422,0.0413919413919414,0.352930402930403,0.000549450549450549,0.0353479853479853,0.0538461538461538,0.515934065934066
167773.411807,2557866.126422,0.132417582417582,0.160989010989011,0.00769230769230769,0.228937728937729,0.158424908424908,0.311538461538462
168273.411807,2557866.126422,0.0441877521085442,0.0364869820315365,0.000916758342500917,0.696369636963696,0.163366336633663,0.0586725339200587
168773.411807,2557866.126422,0.0652014652014652,0.143589743589744,0,0.243406593406593,0.155677655677656,0.392124542124542
169273.411807,2557866.126422,0.0311355311355311,0.217032967032967,0,0.113186813186813,0.0937728937728938,0.544871794871795
169773.411807,2557866.126422,0.0573890722405574,0.105793912724606,0.00366703337000367,0.196736340300697,0.297579757975798,0.338833883388339
170273.411807,2557866.126422,0.0258241758241758,0.159157509157509,0.215934065934066,0.186630036630037,0.0494505494505494,0.363003663003663
170773.411807,2557866.126422,0.00164835164835165,0.552014652014652,0.163003663003663,0,0.0010989010989011,0.282234432234432
171273.411807,2557866.126422,0.0166850018335167,0.490832416574991,0,0.0284195086175284,0.052988632196553,0.411074440777411
171773.411807,2557866.126422,0.0408424908424908,0.0401098901098901,0,0.559157509157509,0.228205128205128,0.131684981684982
172273.411807,2557866.126422,0.134065934065934,0.147802197802198,0,0.221978021978022,0.174358974358974,0.321794871794872
172773.411807,2557866.126422,0.0672900623395673,0.224422442244224,0,0.116978364503117,0.133480014668133,0.457829116244958
160773.411807,2557366.126422,0.0174088326919553,0.204507971412864,0.366501740883269,0.0393989371449514,0.0985889682975994,0.27359354956936
161273.411807,2557366.126422,0.218205175261516,0.00660671682877592,0.00110111947146265,0.0115617544503579,0.0196366305744173,0.74288860341347
161773.411807,2557366.126422,0.262424353566844,0.0374105996699065,0,0.0179717586649551,0.11186502842472,0.570328259673574
162273.411807,2557366.126422,0.467106468755727,0.000916254352208173,0,0.00164925783397471,0.0410481949789262,0.489279824079164
162773.411807,2557366.126422,0.308864011745274,0.0645990089924757,0.0297302257294917,0.0100935951550743,0.0339511837034318,0.552761974674252
163273.411807,2557366.126422,0.0185219145424537,0.327159361819182,0.135154960572162,0.0671190170548322,0.126902622409683,0.325142123601687
163773.411807,2557366.126422,0.0791643760307861,0.23877588418545,0,0.0712845886017959,0.137071651090343,0.473703500091625
164273.411807,2557366.126422,0.0387227014131033,0.437144430170674,0.00275279867865663,0.066801247935401,0.0926775555147734,0.361901266287392
164773.411807,2557366.126422,0.011186502842472,0.406748578763983,0,0.0170548322024574,0.0669356317623327,0.498074454428755
165273.411807,2557366.126422,0.0458127176104087,0.211288253619205,0,0.114715044896463,0.165292285138354,0.462891698735569
165773.411807,2557366.126422,0.0418425399155808,0.275646907689484,0.000367039823820885,0.0425766195632226,0.0908423563956689,0.548724536612222
166273.411807,2557366.126422,0.0295250320924262,0.212910324591968,0,0.00476801760498808,0.0309921144324225,0.721804511278195
166773.411807,2557366.126422,0.0991387209089243,0.301814183617372,0,0.023089609675646,0.163276525563496,0.412680960234561
167273.411807,2557366.126422,0.113782345384474,0.154890805652413,0,0.167920719398055,0.16590200036704,0.397504129198018
167773.411807,2557366.126422,0.0827067669172932,0.150192554557125,0,0.243535668439391,0.220979277461948,0.302585732624244
168273.411807,2557366.126422,0.0733003481766538,0.187282389591351,0,0.241158145501191,0.164376030786146,0.333883085944658
168773.411807,2557366.126422,0.0956138741053404,0.288309781611305,0.000917599559552211,0.181868232703248,0.153789686180951,0.279500825839604
169273.411807,2557366.126422,0.0253071703649367,0.145057766367137,0,0.0423620025673941,0.092792958004768,0.694480102695764
169773.411807,2557366.126422,0.0399486897562763,0.179585853032802,0.339930364669232,0.0712845886017959,0.036100421477002,0.333150082462892
170273.411807,2557366.126422,0.0143145531290145,0.34868783262984,0.0271609469627455,0.0222059093411635,0.0341347036153423,0.553496054321894
170773.411807,2557366.126422,0.057216211259857,0.132587566477169,0,0.0379607555474051,0.0645516229598386,0.707683843755731
171273.411807,2557366.126422,0.0483782297965915,0.17152281473337,0,0.0240058640278541,0.0674363203225215,0.688656771119663
171773.411807,2557366.126422,0.0611121306661773,0.0818498807120573,0.000183519911910442,0.475683611671866,0.251238759405395,0.129932097632593
172273.411807,2557366.126422,0.0775719787273061,0.239317806711902,0,0.0986612873647534,0.0957271226847607,0.488721804511278
172773.411807,2557366.126422,0.0668865677111966,0.261132490379329,0,0.0690855781564962,0.102803738317757,0.500091625435221
160773.411807,2556866.126422,0.0509157509157509,0.132234432234432,0.271428571428571,0.0727106227106227,0.0666666666666667,0.406043956043956
161273.411807,2556866.126422,0.113211009174312,0.0190825688073394,0,0.0172477064220183,0.0634862385321101,0.78697247706422
161773.411807,2556866.126422,0.0100898917629793,0.616584113006788,0,0.00862227114290956,0.115758576407999,0.248945147679325
162273.411807,2556866.126422,0.135164835164835,0.130769230769231,0,0.00512820512820513,0.0602564102564103,0.668681318681319
162773.411807,2556866.126422,0.0328440366972477,0.211376146788991,0,0.0704587155963303,0.160917431192661,0.524403669724771
163273.411807,2556866.126422,0.0280682443588332,0.383599339570721,0,0.0199963309484498,0.116492386718033,0.451843698403963
163773.411807,2556866.126422,0.0441391941391941,0.243956043956044,0,0.174908424908425,0.206593406593407,0.33040293040293
164273.411807,2556866.126422,0.0565137614678899,0.453577981651376,0,0.0403669724770642,0.109357798165138,0.340183486238532
164773.411807,2556866.126422,0.0357732526141992,0.224179049715649,0,0.0792515134837644,0.139423958906623,0.521372225279765
165273.411807,2556866.126422,0.0472527472527473,0.233882783882784,0,0.126923076923077,0.113553113553114,0.478388278388278
165773.411807,2556866.126422,0.0818348623853211,0.212293577981651,0.00862385321100917,0.0304587155963303,0.0822018348623853,0.584587155963303
166273.411807,2556866.126422,0.0245826453861677,0.333700238488351,0,0.0078884608328747,0.0504494588148963,0.583379196477711
166773.411807,2556866.126422,0.0402930402930403,0.397252747252747,0,0.00347985347985348,0.0254578754578755,0.533516483516484
167273.411807,2556866.126422,0.0407339449541284,0.485504587155963,0,0.0163302752293578,0.0759633027522936,0.381467889908257
167773.411807,2556866.126422,0.0229315721885892,0.252247294074482,0,0.0427444505595304,0.0702623371858375,0.611814345991561
168273.411807,2556866.126422,0.0628205128205128,0.27985347985348,0,0.0908424908424908,0.115934065934066,0.450549450549451
168773.411807,2556866.126422,0.0656880733944954,0.308256880733945,0.116697247706422,0.105321100917431,0.0368807339449541,0.367155963302752
169273.411807,2556866.126422,0.00476976701522656,0.14694551458448,0.299394606494221,0.0656760227481196,0.0293524124013942,0.453861676756558
169773.411807,2556866.126422,0.0844322344322344,0.0741758241758242,0.00787545787545788,0.00347985347985348,0.0265567765567766,0.803479853479854
170273.411807,2556866.126422,0.0339449541284404,0.152660550458716,0,0.0387155963302752,0.112293577981651,0.662385321100917
170773.411807,2556866.126422,0.0442120711796001,0.145661346541919,0,0.0216474041460283,0.0742982938910292,0.714180884241424
171273.411807,2556866.126422,0.0364468864468864,0.221611721611722,0,0.043956043956044,0.0957875457875458,0.602197802197802
171773.411807,2556866.126422,0.0559633027522936,0.115596330275229,0.00036697247706422,0.418532110091743,0.135779816513761,0.273761467889908
172273.411807,2556866.126422,0.0561364887176665,0.312603192074849,0,0.0854889011190607,0.0752155567785727,0.470555861309851
172773.411807,2556866.126422,0.0886446886446886,0.341391941391941,0,0.0652014652014652,0.0576923076923077,0.447069597069597
160773.411807,2556366.126422,0.320498716538321,0.11972863953062,0.102860286028603,0.0339200586725339,0.0392372570590392,0.383755042170884
161273.411807,2556366.126422,0.034981684981685,0.301648351648352,0,0.0296703296703297,0.183516483516484,0.45018315018315
161773.411807,2556366.126422,0.10952380952381,0.243406593406593,0,0.0106227106227106,0.0639194139194139,0.572527472527472
162273.411807,2556366.126422,0.00788412174550788,0.395856252291896,0,0.0132013201320132,0.0757242390905757,0.507334066740007
162773.411807,2556366.126422,0.0327838827838828,0.158791208791209,0.102930402930403,0.121978021978022,0.162820512820513,0.420695970695971
163273.411807,2556366.126422,0.0732600732600733,0.386080586080586,0.000183150183150183,0.0516483516483516,0.132051282051282,0.356776556776557
163773.411807,2556366.126422,0.0188852218555189,0.499266593325999,0,0.0102676934360103,0.0504217088375504,0.421158782544921
164273.411807,2556366.126422,0.0426739926739927,0.395421245421245,0.0173992673992674,0.0677655677655678,0.0840659340659341,0.392673992673993
164773.411807,2556366.126422,0.0417582417582418,0.217948717948718,0,0.0743589743589744,0.104945054945055,0.560989010989011
165273.411807,2556366.126422,0.0568390172350568,0.214888155482215,0,0.0412541254125413,0.116978364503117,0.57004033736707
165773.411807,2556366.126422,0.0531135531135531,0.0714285714285714,0.0228937728937729,0.223260073260073,0.348534798534799,0.280769230769231
166273.411807,2556366.126422,0.0758241758241758,0.289194139194139,0,0.121245421245421,0.144871794871795,0.368864468864469
166773.411807,2556366.126422,0.0623395672900623,0.285661899523286,0,0.044004400440044,0.122845617895123,0.485148514851485
167273.411807,2556366.126422,0.0379120879120879,0.2503663003663,0,0.113369963369963,0.185347985347985,0.413003663003663
167773.411807,2556366.126422,0.0326007326007326,0.133333333333333,0,0.0558608058608059,0.114652014652015,0.663553113553114
168273.411807,2556366.126422,0.0271360469380271,0.124312431243124,0.411624495782912,0.0410707737440411,0.0119178584525119,0.383938393839384
168773.411807,2556366.126422,0.0326007326007326,0.148168498168498,0.190842490842491,0.0538461538461538,0.0750915750915751,0.499450549450549
169273.411807,2556366.126422,0.0227106227106227,0.134249084249084,0,0.0210622710622711,0.127106227106227,0.694871794871795
169773.411807,2556366.126422,0.0786578657865787,0.0806747341400807,0.000916758342500917,0.191052438577191,0.24954162082875,0.399156582324899
170273.411807,2556366.126422,0.0646520146520147,0.147435897435897,0,0.16043956043956,0.206776556776557,0.420695970695971
170773.411807,2556366.126422,0.0657509157509158,0.207142857142857,0,0.0509157509157509,0.0531135531135531,0.623076923076923
171273.411807,2556366.126422,0.0518885221855519,0.231573157315732,0.00623395672900623,0.048954895489549,0.0953428676200953,0.566006600660066
171773.411807,2556366.126422,0.065018315018315,0.274542124542125,0,0.215750915750916,0.126739926739927,0.317948717948718
172273.411807,2556366.126422,0.0333333333333333,0.622161172161172,0,0.0148351648351648,0.052014652014652,0.277655677655678
172773.411807,2556366.126422,0.05995599559956,0.469013568023469,0.00275027502750275,0.0546387972130546,0.0515218188485515,0.362119545287862
160773.411807,2555866.126422,0.059190031152648,0.20065970313359,0.000183250870441635,0.0718343412131208,0.171889316474253,0.496243357155946
161273.411807,2555866.126422,0.0657001284639383,0.648192328867682,0,0.0288126261699394,0.0618462103138191,0.195448706184621
161773.411807,2555866.126422,0.0297084173849257,0.276545021089309,0,0.183385292499542,0.173299101412067,0.337062167614157
162273.411807,2555866.126422,0.0606560381161811,0.0852116547553601,0,0.283305845702767,0.27469305479201,0.296133406633681
162773.411807,2555866.126422,0.0332171040557901,0.163699761424115,0.284088823637365,0.104055790053221,0.125711139658653,0.289227381170857
163273.411807,2555866.126422,0.0577663671373556,0.120850907757198,0.104529616724739,0.075187969924812,0.0990280579497524,0.542637080506143
163773.411807,2555866.126422,0.0628550485614807,0.181235110866777,0,0.0797141286421111,0.213120762323621,0.463074949606011
164273.411807,2555866.126422,0.0792806019453111,0.175445035786383,0.00110111947146265,0.212883097816113,0.22389429253074,0.307395852449991
164773.411807,2555866.126422,0.030808729139923,0.453328443058867,0,0.00293416467999266,0.0379607555474051,0.474967907573813
165273.411807,2555866.126422,0.0192413413963716,0.394172622319956,0,0.000916254352208173,0.0414146967198094,0.544255085211655
165773.411807,2555866.126422,0.0143145531290145,0.240227564690769,0,0.0306478252890439,0.0794641218572215,0.635345935033951
166273.411807,2555866.126422,0.0454795525398863,0.538235833486154,0,0.0295250320924262,0.0293416467999266,0.357417935081606
166773.411807,2555866.126422,0.00219901044529962,0.359721458676929,0,0.00586402785413231,0.0601062855048561,0.572109217518783
167273.411807,2555866.126422,0.0374380620297302,0.26151587447238,0.166452560102771,0.0332171040557901,0.00935951550743256,0.492016883831896
167773.411807,2555866.126422,0.0117366587199707,0.0838070786722905,0.371355217311572,0.0872913992297818,0,0.445809646066385
168273.411807,2555866.126422,0.064687557265897,0.0529595015576324,0.00238226131574125,0.00733003481766538,0.017042330951072,0.855598314091992
168773.411807,2555866.126422,0.0757937236190127,0.0991007524316388,0,0.107359148467609,0.119104422829877,0.598641952651863
169273.411807,2555866.126422,0.0561158995048597,0.181551439574546,0,0.0766550522648084,0.110031175499725,0.575646433156061
169773.411807,2555866.126422,0.0798973795125527,0.13560564412681,0,0.0632215503023639,0.120945574491479,0.600329851566795
170273.411807,2555866.126422,0.0310148651128647,0.189392549091576,0.000367039823820885,0.0541383740135805,0.106808588731877,0.61827858322628
170773.411807,2555866.126422,0.050797726022373,0.103062534384742,0.000183385292499542,0.236933797909408,0.215110948101962,0.393911608289015
171273.411807,2555866.126422,0.0432472054242258,0.126809602345611,0,0.158695253802456,0.16254352208173,0.508704416345978
171773.411807,2555866.126422,0.0803817214167737,0.197834465039457,0,0.243897962928978,0.173426316755368,0.304459533859424
172273.411807,2555866.126422,0.0324591967724189,0.492572895653769,0,0.0607005318173482,0.0649183935448377,0.349348982211627
172773.411807,2555866.126422,0.0139270661535642,0.496793109767271,0,0.0458127176104087,0.0331684075499359,0.41029869891882
160773.411807,2555366.126422,0.386446886446886,0.21025641025641,0,0.0395604395604396,0.0694139194139194,0.294322344322344
161273.411807,2555366.126422,0.242935779816514,0.570275229357798,0,0.00440366972477064,0.0256880733944954,0.156697247706422
161773.411807,2555366.126422,0.230599889928453,0.106035589800037,0.0366905155017428,0.0174279948633278,0.0302696752889378,0.578976334617501
162273.411807,2555366.126422,0.0602564102564103,0.0697802197802198,0.0293040293040293,0.323809523809524,0.220512820512821,0.296336996336996
162773.411807,2555366.126422,0.0401834862385321,0.180550458715596,0.0124770642201835,0.124403669724771,0.17394495412844,0.468440366972477
163273.411807,2555366.126422,0.0348559897266557,0.206934507429829,0.137222527976518,0.0266006237387635,0.06989543203082,0.524490919097413
163773.411807,2555366.126422,0.102930402930403,0.241575091575092,0.0924908424908425,0.00805860805860806,0.0250915750915751,0.52985347985348
164273.411807,2555366.126422,0.00935779816513761,0.384036697247706,0,0.00385321100917431,0.0590825688073394,0.543669724770642
164773.411807,2555366.126422,0.0111906072280316,0.361401577692167,0,0.00807191341038342,0.0603558980003669,0.558980003669052
165273.411807,2555366.126422,0.00311355311355311,0.257142857142857,0,0,0.0487179487179487,0.691025641025641
165773.411807,2555366.126422,0,0.348256880733945,0,0.000917431192660551,0.0928440366972477,0.557981651376147
166273.411807,2555366.126422,0.0403595670519171,0.38084755090809,0.0645753072830673,0.0232984773436067,0.0658594753256283,0.42505962208769
166773.411807,2555366.126422,0.00915750915750916,0.184065934065934,0.47967032967033,0.0871794871794872,0.0362637362637363,0.203663003663004
167273.411807,2555366.126422,0.0172477064220183,0.192477064220183,0.169908256880734,0.0392660550458716,0.0537614678899083,0.527339449541284
167773.411807,2555366.126422,0.0532012474775271,0.237387635296276,0.0280682443588332,0.026967528893781,0.109521188772702,0.544854155200881
168273.411807,2555366.126422,0.0655677655677656,0.182967032967033,0.0727106227106227,0.0353479853479853,0.0946886446886447,0.548717948717949
168773.411807,2555366.126422,0.0631192660550459,0.244220183486239,0,0.13743119266055,0.0990825688073395,0.456146788990826
169273.411807,2555366.126422,0.0603558980003669,0.0251330031186938,0,0.532929737662814,0.266556595120161,0.115024766097964
169773.411807,2555366.126422,0.0637362637362637,0.177472527472527,0,0.141391941391941,0.152380952380952,0.465018315018315
170273.411807,2555366.126422,0.0858715596330275,0.147706422018349,0,0.13651376146789,0.0794495412844037,0.55045871559633
170773.411807,2555366.126422,0.118877270225647,0.124931205283434,0.000183452577508714,0.151531829022198,0.163089341405247,0.441386901485966
171273.411807,2555366.126422,0.056043956043956,0.25970695970696,0.0010989010989011,0.113003663003663,0.0915750915750916,0.478571428571429
171773.411807,2555366.126422,0.0277064220183486,0.209908256880734,0,0.0844036697247706,0.149174311926606,0.528807339449541
172273.411807,2555366.126422,0.0436617134470739,0.219592735277931,0.00366905155017428,0.17116125481563,0.214272610530178,0.347642634379013
172773.411807,2555366.126422,0.0631868131868132,0.113003663003663,0,0.039010989010989,0.107692307692308,0.677106227106227
160773.411807,2554866.126422,0.0759075907590759,0.0342867620095343,0.0119178584525119,0.293546021268794,0.155848918225156,0.428492849284928
161273.411807,2554866.126422,0.0391941391941392,0.118681318681319,0.00732600732600733,0.111538461538462,0.121428571428571,0.601831501831502
161773.411807,2554866.126422,0.021978021978022,0.0446886446886447,0,0.0119047619047619,0.0327838827838828,0.888644688644689
162273.411807,2554866.126422,0.0254858819215255,0.0302530253025303,0,0.00165016501650165,0.0102676934360103,0.932343234323432
162773.411807,2554866.126422,0.0113553113553114,0.093956043956044,0.0205128205128205,0.00659340659340659,0.056043956043956,0.811538461538462
163273.411807,2554866.126422,0.00805860805860806,0.117948717948718,0.0604395604395604,0.00531135531135531,0.0254578754578755,0.782783882783883
163773.411807,2554866.126422,0.0207187385405207,0.137880454712138,0.0731573157315732,0.0258525852585259,0.0656398973230656,0.676751008434177
164273.411807,2554866.126422,0,0.307142857142857,0,0.000732600732600733,0.0576923076923077,0.634432234432234
164773.411807,2554866.126422,0.0347985347985348,0.127106227106227,0.0217948717948718,0.00402930402930403,0.0474358974358974,0.764835164835165
165273.411807,2554866.126422,0.0282361569490282,0.131463146314631,0.0322698936560323,0.0055005500550055,0.037953795379538,0.764576457645765
165773.411807,2554866.126422,0.0236263736263736,0.115934065934066,0.366849816849817,0.116117216117216,0.0364468864468864,0.341025641025641
166273.411807,2554866.126422,0.0175824175824176,0.141575091575092,0.318681318681319,0.122161172161172,0.1003663003663,0.2996336996337
166773.411807,2554866.126422,0.0748074807480748,0.352035203520352,0,0.0575724239090576,0.149431609827649,0.366153281994866
167273.411807,2554866.126422,0.0668498168498168,0.400549450549451,0.0113553113553114,0.0441391941391941,0.0879120879120879,0.389194139194139
167773.411807,2554866.126422,0.0291208791208791,0.202014652014652,0,0.0120879120879121,0.0551282051282051,0.701648351648352
168273.411807,2554866.126422,0.0416208287495416,0.282728272827283,0,0.0104510451045105,0.0484048404840484,0.616795012834617
168773.411807,2554866.126422,0.0619047619047619,0.149450549450549,0,0.163919413919414,0.136996336996337,0.487728937728938
169273.411807,2554866.126422,0.082967032967033,0.10989010989011,0,0.205128205128205,0.156776556776557,0.445238095238095
169773.411807,2554866.126422,0.0544554455445545,0.151631829849652,0,0.0227356068940227,0.0735240190685735,0.697653098643198
170273.411807,2554866.126422,0.0472527472527473,0.211904761904762,0,0.10970695970696,0.101465201465201,0.52967032967033
170773.411807,2554866.126422,0.0516483516483516,0.172344322344322,0,0.0851648351648352,0.108241758241758,0.582600732600733
171273.411807,2554866.126422,0.0348368170150348,0.0484048404840484,0,0.509350935093509,0.271910524385772,0.135496883021635
171773.411807,2554866.126422,0.0527472527472527,0.0683150183150183,0.00732600732600733,0.365384615384615,0.228388278388278,0.277838827838828
172273.411807,2554866.126422,0.122527472527473,0.0313186813186813,0.0501831501831502,0.398534798534799,0.21959706959707,0.177838827838828
172773.411807,2554866.126422,0.101576824349102,0.0821415474880821,0.0308030803080308,0.183168316831683,0.0755408874220755,0.526769343601027
160773.411807,2554366.126422,0.0267546270844787,0.0896096756459593,0.234744365035734,0.0764156129741616,0.0302363936228697,0.542239325636797
161273.411807,2554366.126422,0.0853367590383557,0.106992108643788,0.119654982565608,0.103505230317489,0.0688199669664159,0.515690952468343
161773.411807,2554366.126422,0.0408949202273978,0.0874747845222813,0.168897854392078,0.0401613790573996,0.0284247203374289,0.634146341463415
162273.411807,2554366.126422,0.00311526479750779,0.136705149349459,0.195162177020341,0.100787978742899,0.0423309510720176,0.521898479017775
162773.411807,2554366.126422,0.0211047898697009,0.224628372178381,0.268306111213067,0.0816663608001468,0.0530372545421178,0.351257111396587
163273.411807,2554366.126422,0.00330093526499175,0.198973042362003,0.275628094626811,0.164679992664588,0.0370438290849074,0.320374105996699
163773.411807,2554366.126422,0.043613707165109,0.026571376214037,0.451713395638629,0.085761407366685,0.00623052959501558,0.386109584020524
164273.411807,2554366.126422,0.00146815929528354,0.030280785465223,0.363736465406497,0.248118920902918,0.015782712424298,0.340612956505781
164773.411807,2554366.126422,0.0383275261324042,0.147441775169631,0.415000916926463,0.11608289015221,0.0144874381074638,0.268659453511828
165273.411807,2554366.126422,0.0152098222466557,0.226314824995419,0.300348176653839,0.0467289719626168,0.0863111599780099,0.32508704416346
165773.411807,2554366.126422,0.028629106258029,0.272527069187007,0.034868783262984,0.0212883097816113,0.118553863094146,0.524132868416223
166273.411807,2554366.126422,0.122868145974693,0.30001833852925,0,0.0496974142673758,0.0540986612873648,0.473317439941317
166773.411807,2554366.126422,0.0643210555250137,0.399486897562763,0,0.0635880520432472,0.0749496060106286,0.397654388858347
167273.411807,2554366.126422,0.0425766195632226,0.245366122224261,0,0.0275279867865663,0.0690034868783263,0.615525784547623
167773.411807,2554366.126422,0.0304419585549239,0.267559141756831,0.000183385292499542,0.0097194205024757,0.0678525582248304,0.624243535668439
168273.411807,2554366.126422,0.0811801356056441,0.196261682242991,0,0.0879604178119846,0.11654755360088,0.518050210738501
168773.411807,2554366.126422,0.0781794824738484,0.11194714626537,0,0.218572215085337,0.0983666727839971,0.492934483391448
169273.411807,2554366.126422,0.0344764349899138,0.0693196405648267,0,0.47606821932881,0.174949569044563,0.245186136071887
169773.411807,2554366.126422,0.0822796408282939,0.19168041048195,0,0.216969030602895,0.138537658053876,0.370533260032985
170273.411807,2554366.126422,0.0847861993026243,0.167920719398055,0,0.112314186089191,0.129198017984951,0.505780877225179
170773.411807,2554366.126422,0.0586832935998533,0.161562442692096,0,0.0988446726572529,0.137905739959655,0.543003851091142
171273.411807,2554366.126422,0.0544255085211655,0.0333516584203775,0,0.479201026204874,0.253069452079897,0.179952354773685
171773.411807,2554366.126422,0.0924940356028629,0.0712057258212516,0,0.32354560469811,0.22407781244265,0.288676821435126
172273.411807,2554366.126422,0.0537318907023657,0.0764716669723088,0.12396845772969,0.313222079589217,0.12800293416468,0.304602970841738
172773.411807,2554366.126422,0.109950522264981,0.0800806303829943,0.0767821147150449,0.379512552684625,0.111050027487631,0.242624152464724
160773.411807,2553866.126422,0.00842490842490842,0.338278388278388,0.254945054945055,0.0556776556776557,0.0864468864468864,0.256227106227106
161273.411807,2553866.126422,0.0122935779816514,0.151376146788991,0.164403669724771,0.161834862385321,0.135779816513761,0.374311926605505
161773.411807,2553866.126422,0.016694184553293,0.274995413685562,0.142359200146762,0.0664098330581545,0.157769216657494,0.341772151898734
162273.411807,2553866.126422,0.135531135531136,0.272710622710623,0.0534798534798535,0.0305860805860806,0.0950549450549451,0.412637362637363
162773.411807,2553866.126422,0.0306422018348624,0.196880733944954,0.00348623853211009,0.0917431192660551,0.122385321100917,0.554862385321101
163273.411807,2553866.126422,0.0168776371308017,0.32104201064025,0.00183452577508714,0.128967161988626,0.112823335167859,0.418455329297377
163773.411807,2553866.126422,0.0186813186813187,0.328205128205128,0.00586080586080586,0.028021978021978,0.102564102564103,0.516666666666667
164273.411807,2553866.126422,0.113761467889908,0.214495412844037,0.00385321100917431,0.0122935779816514,0.0688073394495413,0.586788990825688
164773.411807,2553866.126422,0.0761328196661163,0.104017611447441,0,0.00495321959273528,0.0620069711979453,0.752889378095762
165273.411807,2553866.126422,0.0573260073260073,0.282417582417582,0.0010989010989011,0.0106227106227106,0.0562271062271062,0.592307692307692
165773.411807,2553866.126422,0.0271559633027523,0.185504587155963,0.083302752293578,0.00752293577981651,0.0159633027522936,0.680550458715596
166273.411807,2553866.126422,0.115758576407999,0.142175747569253,0.107319757842598,0.0974133186571271,0.122179416620804,0.41515318290222
166773.411807,2553866.126422,0.0360805860805861,0.286813186813187,0,0.150549450549451,0.114468864468864,0.412087912087912
167273.411807,2553866.126422,0.0055045871559633,0.108623853211009,0,0.000917431192660551,0.0377981651376147,0.847155963302752
167773.411807,2553866.126422,0.0346725371491469,0.184186387818749,0.000183452577508714,0.125848468170978,0.131352045496239,0.523757108787378
168273.411807,2553866.126422,0.0641025641025641,0.215018315018315,0,0.12985347985348,0.105677655677656,0.485347985347985
168773.411807,2553866.126422,0.0777981651376147,0.165137614678899,0,0.236330275229358,0.147155963302752,0.373577981651376
169273.411807,2553866.126422,0.102549990827371,0.0953953403045313,0.000183452577508714,0.377178499357916,0.193175564116676,0.231517152815997
169773.411807,2553866.126422,0.0333333333333333,0.213003663003663,0,0.0276556776556777,0.0978021978021978,0.628205128205128
170273.411807,2553866.126422,0.0497247706422018,0.11743119266055,0,0.339266055045872,0.120366972477064,0.373211009174312
170773.411807,2553866.126422,0.0513667217024399,0.133553476426344,0,0.274995413685562,0.152265639332233,0.387818748853421
171273.411807,2553866.126422,0.0653846153846154,0.282051282051282,0,0.111355311355311,0.124542124542125,0.416666666666667
171773.411807,2553866.126422,0.0576146788990826,0.415412844036697,0.0170642201834862,0.0436697247706422,0.0627522935779816,0.40348623853211
172273.411807,2553866.126422,0.0388919464318474,0.259768849752339,0.0964960557695836,0.0210970464135021,0.0273344340487984,0.55641166758393
172773.411807,2553866.126422,0.0673992673992674,0.225824175824176,0.177472527472527,0.0956043956043956,0.0521978021978022,0.381501831501831
160773.411807,2553366.126422,0.0342867620095343,0.379354602126879,0,0.202603593692703,0.126512651265127,0.257242390905757
161273.411807,2553366.126422,0.047985347985348,0.365201465201465,0,0.13956043956044,0.106227106227106,0.341025641025641
161773.411807,2553366.126422,0.0673992673992674,0.206410256410256,0,0.251648351648352,0.131318681318681,0.343223443223443
162273.411807,2553366.126422,0.0597726439310598,0.210854418775211,0,0.262926292629263,0.166483314998166,0.2999633296663
162773.411807,2553366.126422,0.045970695970696,0.224175824175824,0.00201465201465201,0.142490842490842,0.13003663003663,0.455311355311355
163273.411807,2553366.126422,0.0798534798534798,0.177106227106227,0,0.0243589743589744,0.121428571428571,0.597252747252747
163773.411807,2553366.126422,0.0276861019435277,0.267693436010268,0,0.00311697836450312,0.081041437477081,0.62046204620462
164273.411807,2553366.126422,0.0802197802197802,0.108241758241758,0.0139194139194139,0.0424908424908425,0.093040293040293,0.662087912087912
164773.411807,2553366.126422,0.0628205128205128,0.153479853479853,0.0684981684981685,0.00769230769230769,0.0622710622710623,0.645238095238095
165273.411807,2553366.126422,0.0317198386505317,0.181884855152182,0.318848551521819,0.0308030803080308,0.0286028602860286,0.408140814081408
165773.411807,2553366.126422,0.0230769230769231,0.204212454212454,0.379120879120879,0.0595238095238095,0.0551282051282051,0.278937728937729
166273.411807,2553366.126422,0.0518315018315018,0.114102564102564,0.280586080586081,0.0624542124542125,0.185897435897436,0.305128205128205
166773.411807,2553366.126422,0.0441877521085442,0.0944261092775944,0,0.59039237257059,0.178401173450678,0.0925925925925926
167273.411807,2553366.126422,0.0836996336996337,0.226373626373626,0.00256410256410256,0.10952380952381,0.0950549450549451,0.482783882783883
167773.411807,2553366.126422,0.0554945054945055,0.153846153846154,0,0.163369963369963,0.179120879120879,0.448168498168498
168273.411807,2553366.126422,0.0423542354235424,0.203337000366703,0,0.121562156215622,0.17033370003667,0.462412907957462
168773.411807,2553366.126422,0.0772893772893773,0.106227106227106,0.00238095238095238,0.197802197802198,0.186263736263736,0.43003663003663
169273.411807,2553366.126422,0.0820512820512821,0.0542124542124542,0,0.373443223443223,0.18992673992674,0.3003663003663
169773.411807,2553366.126422,0.0641730839750642,0.107627429409608,0,0.195636230289696,0.180968096809681,0.451595159515952
170273.411807,2553366.126422,0.0336996336996337,0.0417582417582418,0,0.514835164835165,0.219047619047619,0.190659340659341
170773.411807,2553366.126422,0.0576923076923077,0.113003663003663,0,0.0880952380952381,0.0694139194139194,0.671794871794872
171273.411807,2553366.126422,0.092959295929593,0.112027869453612,0.0190685735240191,0.118628529519619,0.15951595159516,0.497799779977998
171773.411807,2553366.126422,0.166849816849817,0.080952380952381,0,0.0706959706959707,0.063003663003663,0.618498168498169
172273.411807,2553366.126422,0.152014652014652,0.120695970695971,0,0.0395604395604396,0.0915750915750916,0.596153846153846
172773.411807,2553366.126422,0.107077374404107,0.242940960762743,0,0.0995599559955996,0.0828749541620829,0.467546754675468
160773.411807,2552866.126422,0.0522264980758659,0.451713395638629,0.0428807036833425,0.11544804837823,0.109400769653656,0.228330584570277
161273.411807,2552866.126422,0.0847861993026243,0.293998898880529,0,0.147366489264085,0.115617544503579,0.358230868049183
161773.411807,2552866.126422,0.0509811113148725,0.417935081606455,0.000550155877498625,0.0342930496974143,0.0412616908123968,0.454978910691363
162273.411807,2552866.126422,0.0828293934396188,0.199926699651823,0.0395821880153931,0.130474619754444,0.18160161260766,0.365585486531061
162773.411807,2552866.126422,0.066801247935401,0.312350890071573,0.0278950266103872,0.0768948430904753,0.101119471462654,0.41493852082951
163273.411807,2552866.126422,0.052814964239868,0.203190904089492,0.0205391527599487,0.0852741610122868,0.0999449844122501,0.538235833486154
163773.411807,2552866.126422,0.110866776617189,0.118013560564413,0,0.136521898479018,0.123694337548103,0.510903426791277
164273.411807,2552866.126422,0.0897412369242063,0.166452560102771,0,0.0289961460818499,0.0991007524316388,0.615709304459534
164773.411807,2552866.126422,0.0729873464148175,0.19182101595452,0,0.00275077938749312,0.0799559875298001,0.652484870713369
165273.411807,2552866.126422,0.0518599963349826,0.1434854315558,0.00494777350192413,0.00714678394722375,0.0575407733186733,0.735019241341396
165773.411807,2552866.126422,0.106441548908057,0.122040741420444,0.164066801247935,0.0284455863461186,0.109561387410534,0.469443934666911
166273.411807,2552866.126422,0.0326425820649184,0.211259856959472,0.0143040528149642,0.0168714469099578,0.0777553640198056,0.647166697230882
166773.411807,2552866.126422,0.0445299615173172,0.264431006047279,0,0.222833058457028,0.140736668499175,0.327469305479201
167273.411807,2552866.126422,0.0311983850247752,0.218388695173426,0,0.114699944944026,0.0820334006239677,0.553679574233804
167773.411807,2552866.126422,0.0557491289198606,0.153310104529617,0,0.081606455162296,0.120850907757198,0.588483403631029
168273.411807,2552866.126422,0.0786146234194612,0.108484515301448,0,0.133223382811068,0.142019424592267,0.537658053875756
168773.411807,2552866.126422,0.0950633143696091,0.0844191594788034,0.0291796659937603,0.259497155441365,0.132317856487429,0.399522848229033
169273.411807,2552866.126422,0.0838070786722905,0.00605171465248487,0,0.702365670273244,0.117366587199707,0.090408949202274
169773.411807,2552866.126422,0.0853949056258017,0.151731720725673,0,0.118013560564413,0.136705149349459,0.508154663734653
170273.411807,2552866.126422,0.0882730776289227,0.022389429253074,0.000367039823820885,0.295100018351991,0.162048082216921,0.431822352725271
170773.411807,2552866.126422,0.0693196405648267,0.101595452044746,0,0.154227030992114,0.12396845772969,0.550889418668623
171273.411807,2552866.126422,0.116364302730438,0.0941909474070002,0.0181418361737218,0.00842954004031519,0.064687557265897,0.698185816382628
171773.411807,2552866.126422,0.199853184070472,0.0868049183336392,0.150302807854652,0.0133969535694623,0.0407414204441182,0.508900715727656
172273.411807,2552866.126422,0.0201723821749496,0.184668989547038,0.291766000366771,0.0583165230148542,0.0731707317073171,0.37190537318907
172773.411807,2552866.126422,0.109217518783214,0.32398753894081,0.0524097489463075,0.0280373831775701,0.0791643760307861,0.407183434121312
160773.411807,2552366.126422,0.0408424908424908,0.35018315018315,0.00293040293040293,0.177655677655678,0.165750915750916,0.262637362637363
161273.411807,2552366.126422,0.0908256880733945,0.162385321100917,0.0638532110091743,0.129174311926606,0.155596330275229,0.398165137614679
161773.411807,2552366.126422,0.128600256833609,0.314070812694918,0.081452944413869,0.0436617134470739,0.0656760227481196,0.366538249862411
162273.411807,2552366.126422,0.05,0.443223443223443,0.145054945054945,0.0296703296703297,0.0787545787545788,0.253296703296703
162773.411807,2552366.126422,0.0286238532110092,0.176697247706422,0.00036697247706422,0.00990825688073394,0.0814678899082569,0.702935779816514
163273.411807,2552366.126422,0.0532012474775271,0.111355714547789,0.103834158869932,0.123647037240873,0.197761878554394,0.410199963309484
