"x","y","forest","agri","water","built","other","grass"
167273.411807,2530366.126422,0.0330335841438796,0.071389245733162,0.0790970820334006,0.458065700128464,0.138557533492384,0.21985685446871
167773.411807,2530366.126422,0.0647350082523382,0.0383275261324042,0.0518980377773703,0.278745644599303,0.156977810379608,0.409315972858977
168273.411807,2530366.126422,0,0.0439802089059923,0.463074949606011,0.312442734102987,0.113982041414697,0.0665200659703134
168773.411807,2530366.126422,0.000550559735731327,0.00789135621214902,0.453477702330703,0.476050651495687,0.0359699027344467,0.0260598274912828
169273.411807,2530366.126422,0.112781954887218,0.0377773702549056,0.0913258756647717,0.241151659636897,0.194205024757014,0.322758114799193
169773.411807,2530366.126422,0.0223566061938794,0.124793842770753,0.195711929631666,0.418911489829577,0.109767271394539,0.128458860179586
170273.411807,2530366.126422,0.0389062213250138,0.0816663608001468,0.332538080381721,0.205358781427785,0.131583776839787,0.209946779225546
170773.411807,2530366.126422,0.0416284613973959,0.121767834219696,0.16394645149459,0.0966440491472584,0.123418301852191,0.452594901888869
171273.411807,2530366.126422,0.0901594282572842,0.098772219168041,0.0102620487447315,0.0734835990470955,0.12442734102987,0.602895363752978
171773.411807,2530366.126422,0.17838135437695,0.0216553496054322,0,0.336942558267572,0.110111947146265,0.35290879060378
172273.411807,2530366.126422,0.205024757014487,0.0203557674674491,0,0.0053181734824867,0.0188886851274528,0.750412616908124
172773.411807,2530366.126422,0.277534715617272,0.0441316340117938,0,0.0304356096633061,0.0926383869126878,0.55525965379494
167273.411807,2529866.126422,0.00403669724770642,0.0115596330275229,0.470825688073394,0.405688073394495,0.0708256880733945,0.0370642201834862
167773.411807,2529866.126422,0.0387084938543387,0.140157769216657,0.109337736195194,0.327646303430563,0.109521188772702,0.274628508530545
168273.411807,2529866.126422,0.00531135531135531,0.00586080586080586,0.595604395604396,0.174542124542125,0.115201465201465,0.103479853479853
168773.411807,2529866.126422,0.0113761467889908,0.0328440366972477,0.304954128440367,0.41045871559633,0.121467889908257,0.118899082568807
169273.411807,2529866.126422,0,0.0414602825169694,0.569069895432031,0.324160704457898,0.0440286186020914,0.0212804989910108
169773.411807,2529866.126422,0.00842490842490842,0.0893772893772894,0.403113553113553,0.401648351648352,0.0496336996336996,0.0478021978021978
170273.411807,2529866.126422,0.0240366972477064,0.0906422018348624,0.508990825688073,0.0702752293577982,0.086605504587156,0.219449541284404
170773.411807,2529866.126422,0.177031737295909,0.0774169877086773,0.0561364887176665,0.0625573289304715,0.113924050632911,0.512933406714364
171273.411807,2529866.126422,0.0908424908424908,0.102380952380952,0.00238095238095238,0.114835164835165,0.173260073260073,0.516300366300366
171773.411807,2529866.126422,0.0620183486238532,0.0875229357798165,0,0.220183486238532,0.075045871559633,0.555229357798165
172273.411807,2529866.126422,0.0242157402311502,0.220693450742983,0,0.0091726288754357,0.0618235186204366,0.684094661529995
172773.411807,2529866.126422,0.217300380228137,0.0680608365019011,0,0.00456273764258555,0.0484790874524715,0.661596958174905
167273.411807,2529366.126422,0.017032967032967,0.0271062271062271,0.595787545787546,0.163186813186813,0.0901098901098901,0.106776556776557
167773.411807,2529366.126422,0,0.0141025641025641,0.461355311355311,0.467032967032967,0.0278388278388278,0.0296703296703297
168273.411807,2529366.126422,0,0.0011001100110011,0.596626329299597,0.400806747341401,0.00146681334800147,0
168773.411807,2529366.126422,0.0173992673992674,0.0586080586080586,0.484981684981685,0.308791208791209,0.0763736263736264,0.0538461538461538
169273.411807,2529366.126422,0.00421245421245421,0.115018315018315,0.381684981684982,0.280769230769231,0.0518315018315018,0.166483516483516
169773.411807,2529366.126422,0.0066006600660066,0.0209020902090209,0.702786945361203,0.22002200220022,0.0229189585625229,0.0267693436010268
170273.411807,2529366.126422,0.00531135531135531,0.145970695970696,0.496520146520147,0.163919413919414,0.0785714285714286,0.10970695970696
170773.411807,2529366.126422,0.0615384615384615,0.0388278388278388,0.032967032967033,0.324358974358974,0.189010989010989,0.353296703296703
171273.411807,2529366.126422,0.134396773010634,0.118811881188119,0.0194352768610194,0.048954895489549,0.0931426475980931,0.585258525852585
171773.411807,2529366.126422,0.0895604395604396,0.109340659340659,0,0.0139194139194139,0.0826007326007326,0.704578754578755
172273.411807,2529366.126422,0.0327838827838828,0.217948717948718,0,0.0106227106227106,0.108791208791209,0.62985347985348
172773.411807,2529366.126422,0.0557670346402741,0.118385991625428,0,0.0656642558051009,0.187285877426723,0.572896840502474
167273.411807,2528866.126422,0.0710222059093412,0.0576252523398789,0.248669480638649,0.179482473848413,0.111396586529638,0.33180400073408
167773.411807,2528866.126422,0.168714469099578,0.0254905556574363,0.0286081056299285,0.31212176783422,0.131487254722171,0.333577847056666
168273.411807,2528866.126422,0.0199743448781382,0.0111783030969397,0.787062488546821,0.106835257467473,0.0371999266996518,0.0377496793109767
168773.411807,2528866.126422,0,0.0363369425582676,0.711323178564874,0.195265186272711,0.0306478252890439,0.0264268673151037
169273.411807,2528866.126422,0.017604988079956,0.0784889051898038,0.554923895103613,0.134421419402164,0.0854575463047864,0.129103245919677
169773.411807,2528866.126422,0.0335349092908191,0.0610225398570643,0.649807586586036,0.111599780098955,0.0676195711929632,0.0764156129741616
170273.411807,2528866.126422,0.0300972655533125,0.0699210864378785,0.353459350339512,0.304459533859424,0.119104422829877,0.122958340979996
170773.411807,2528866.126422,0.046396479002384,0.0441958554923895,0,0.391160828901522,0.189253621859527,0.328993214744178
171273.411807,2528866.126422,0.0991387209089243,0.118929814916621,0.0205240974894631,0.135239142385926,0.131757375847535,0.49441084845153
171773.411807,2528866.126422,0.0862543585979079,0.10387227014131,0.0234905487245366,0.100018351991191,0.125894659570563,0.560469810974491
172273.411807,2528866.126422,0.0777553640198056,0.077205208142307,0,0.29598386209426,0.207592151109481,0.341463414634146
172773.411807,2528866.126422,0.0481263077801027,0.135058017880921,0,0.109377972227506,0.140574472132395,0.566863229979076
167273.411807,2528366.126422,0.0132110091743119,0.0743119266055046,0.482201834862385,0.304036697247706,0.0330275229357798,0.0932110091743119
167773.411807,2528366.126422,0.0532012474775271,0.0183452577508714,0.011557512383049,0.569436800587048,0.180884241423592,0.166574940377912
168273.411807,2528366.126422,0.0470695970695971,0.0503663003663004,0.324175824175824,0.284615384615385,0.16007326007326,0.133699633699634
168773.411807,2528366.126422,0,0.0267889908256881,0.751376146788991,0.187522935779817,0.0288073394495413,0.0055045871559633
169273.411807,2528366.126422,0.00146762062006971,0.0337552742616034,0.645753072830673,0.256099798202165,0.0377912309667951,0.0251330031186938
169773.411807,2528366.126422,0.00622710622710623,0.0593406593406593,0.655677655677656,0.155128205128205,0.0736263736263736,0.05
170273.411807,2528366.126422,0.0187155963302752,0.0662385321100917,0.507706422018349,0.23045871559633,0.0895412844036697,0.0873394495412844
170773.411807,2528366.126422,0.131718950651257,0.0884241423592002,0.00165107319757843,0.116675839295542,0.151348376444689,0.510181618051734
171273.411807,2528366.126422,0.0710622710622711,0.245421245421245,0.00311355311355311,0.0283882783882784,0.0717948717948718,0.58021978021978
171773.411807,2528366.126422,0.0335779816513761,0.195412844036697,0.14348623853211,0.140733944954128,0.110275229357798,0.37651376146789
172273.411807,2528366.126422,0.0605393505778756,0.220326545587966,0,0.0781507980187122,0.152265639332233,0.488717666483214
172773.411807,2528366.126422,0.0475285171102662,0.329277566539924,0.000190114068441065,0.00950570342205323,0.101901140684411,0.511596958174905
167773.411807,2527866.126422,0.0853479853479854,0.0424908424908425,0.0886446886446886,0.213919413919414,0.147802197802198,0.421794871794872
168273.411807,2527866.126422,0.0931426475980931,0.0368536853685369,0.197103043637697,0.293912724605794,0.0738907224055739,0.305097176384305
168773.411807,2527866.126422,0.00128205128205128,0.174358974358974,0.407509157509158,0.299084249084249,0.0646520146520147,0.0531135531135531
169273.411807,2527866.126422,0,0.0296703296703297,0.844322344322344,0.0917582417582418,0.0227106227106227,0.0115384615384615
169773.411807,2527866.126422,0.00348368170150348,0.0922258892555922,0.653648698203154,0.176934360102677,0.0487715438210488,0.0249358269160249
170273.411807,2527866.126422,0.00421245421245421,0.0932234432234432,0.534798534798535,0.274908424908425,0.0661172161172161,0.0267399267399267
170773.411807,2527866.126422,0.0580586080586081,0.113003663003663,0.0108058608058608,0.256776556776557,0.208608058608059,0.352747252747253
171273.411807,2527866.126422,0.0478547854785479,0.251191785845251,0,0.0331866519985332,0.106710671067107,0.561056105610561
171773.411807,2527866.126422,0.034981684981685,0.179304029304029,0,0.0573260073260073,0.0798534798534798,0.648534798534799
172273.411807,2527866.126422,0.0293040293040293,0.125824175824176,0.000549450549450549,0.426190476190476,0.0791208791208791,0.339010989010989
172773.411807,2527866.126422,0.0542443852303007,0.0932622763608679,0,0.438332698896079,0.200989722116483,0.21317091739627
167773.411807,2527366.126422,0.0566660553823583,0.055198973042362,0.427654502108931,0.286631212176783,0.0673024023473317,0.106546854942234
168273.411807,2527366.126422,0.0273043796958036,0.0415979475902511,0.326003298515668,0.234194612424409,0.0947407000183251,0.276159061755543
168773.411807,2527366.126422,0.00623967700495504,0.211965498256561,0.0948797944576987,0.495320242246284,0.124059460451459,0.0675353275830428
169273.411807,2527366.126422,0.000366770584999083,0.123785072437191,0.653951953053365,0.134971575279663,0.0405281496423987,0.046396479002384
169773.411807,2527366.126422,0.00403151914971596,0.0544255085211655,0.712662635147517,0.165475536008796,0.0291368884002199,0.0342679127725857
170273.411807,2527366.126422,0.0179849513672233,0.0453294182418792,0.664709120939622,0.166819599926592,0.0583593319875206,0.0467975775371628
170773.411807,2527366.126422,0.0361269026224097,0.0649183935448377,0.308637447276728,0.256739409499358,0.132587566477169,0.200990280579498
171273.411807,2527366.126422,0.15246472420744,0.0491112332783581,0,0.097306212204508,0.160161260765989,0.540956569543705
171773.411807,2527366.126422,0.0704716461736098,0.169205358781428,0,0.0311983850247752,0.051018535511103,0.678106074509084
172273.411807,2527366.126422,0.0405281496423987,0.126535851824684,0,0.386942967174033,0.138455895837154,0.307537135521731
172773.411807,2527366.126422,0.104622408217615,0.0488871980216854,0,0.0996766216473274,0.148373597108617,0.598440175004756
168273.411807,2526866.126422,0.0161172161172161,0.0923076923076923,0.220879120879121,0.361355311355311,0.117582417582418,0.191758241758242
168773.411807,2526866.126422,0.00972477064220183,0.0814678899082569,0.00055045871559633,0.633761467889908,0.181100917431193,0.093394495412844
169273.411807,2526866.126422,0.00183452577508714,0.0678774536782242,0.0111906072280316,0.882406897816914,0.0332049165290772,0.00348559897266557
169773.411807,2526866.126422,0.00476190476190476,0.0289377289377289,0.475091575091575,0.435714285714286,0.0362637362637363,0.0192307692307692
170273.411807,2526866.126422,0,0.0102752293577982,0.771926605504587,0.210275229357798,0.00697247706422018,0.00055045871559633
170773.411807,2526866.126422,0.066042927903137,0.0799853237937993,0.509814712896716,0.077600440286186,0.0346725371491469,0.231884057971014
171273.411807,2526866.126422,0.18040293040293,0.0721611721611722,0.0241758241758242,0.0340659340659341,0.102014652014652,0.587179487179487
171773.411807,2526866.126422,0.0658715596330275,0.149724770642202,0,0.0102752293577982,0.0278899082568807,0.746238532110092
172273.411807,2526866.126422,0.0640249495505412,0.0533847000550358,0,0.308750687947166,0.186020913593836,0.387818748853421
172773.411807,2526866.126422,0.0834600760456274,0.0769961977186312,0,0.0427756653992395,0.0914448669201521,0.70532319391635
168273.411807,2526366.126422,0.00825082508250825,0.0850751741840851,0.501466813348001,0.178767876787679,0.115328199486615,0.111111111111111
168773.411807,2526366.126422,0.0562271062271062,0.054029304029304,0.267948717948718,0.332967032967033,0.122710622710623,0.166117216117216
169273.411807,2526366.126422,0.0173992673992674,0.0249084249084249,0.3503663003663,0.452380952380952,0.0723443223443224,0.0826007326007326
169773.411807,2526366.126422,0.00256692335900257,0.0291529152915292,0.552438577191052,0.361202786945361,0.0451045104510451,0.00953428676200953
170273.411807,2526366.126422,0.0512820512820513,0.0747252747252747,0.547619047619048,0.145604395604396,0.0652014652014652,0.115567765567766
170773.411807,2526366.126422,0.0426739926739927,0.166849816849817,0.378021978021978,0.135347985347985,0.0578754578754579,0.219230769230769
171273.411807,2526366.126422,0.147598093142648,0.0663733039970664,0.191969196919692,0.270810414374771,0.118995232856619,0.204253758709204
171773.411807,2526366.126422,0.076007326007326,0.11996336996337,0,0.203663003663004,0.126923076923077,0.473443223443223
172273.411807,2526366.126422,0.0512820512820513,0.119230769230769,0,0.517948717948718,0.106227106227106,0.205311355311355
172773.411807,2526366.126422,0.196612105062809,0.0553863722877807,0.00114198705748002,0.213932242101256,0.114389036924248,0.418538256566426
168773.411807,2525866.126422,0.00256927876674619,0.0623967700495504,0.428151954487062,0.356028629106258,0.0787300422095797,0.0721233253808038
169273.411807,2525866.126422,0.00623509994498441,0.0275077938749312,0.572712268476068,0.355584082156611,0.0282413350449294,0.0097194205024757
169773.411807,2525866.126422,0.0144768187648891,0.0386659336631849,0.579072750595565,0.265347260399487,0.0441634597764339,0.0582737768004398
170273.411807,2525866.126422,0.0271609469627455,0.144063130849697,0.583042760139475,0.0847861993026243,0.0390897412369242,0.121857221508534
170773.411807,2525866.126422,0.0570328259673574,0.0995782138272511,0.472583898771319,0.232899321474418,0.0469466348798826,0.0909591050797726
171273.411807,2525866.126422,0.0498442367601246,0.0795308777716694,0.208356239692139,0.329851566794942,0.137071651090343,0.195345427890782
171773.411807,2525866.126422,0.0754266837951918,0.160946962745458,0,0.146081849880712,0.131583776839787,0.485960726738851
172273.411807,2525866.126422,0.0498807995598753,0.0918760315422703,0,0.304602970841738,0.0847240051347882,0.468916192921328
172773.411807,2525866.126422,0.209244816435229,0.0365227315959673,0,0.00266311584553928,0.0133155792276964,0.738253756895568
168773.411807,2525366.126422,0.0121100917431193,0.0574311926605505,0.403302752293578,0.317064220183486,0.0768807339449541,0.133211009174312
169273.411807,2525366.126422,0.002568336085122,0.0774169877086773,0.514034122179417,0.263621353880022,0.0667767382131719,0.0755824619335902
169773.411807,2525366.126422,0.00274725274725275,0.0600732600732601,0.547252747252747,0.254761904761905,0.0793040293040293,0.0558608058608059
170273.411807,2525366.126422,0.0119266055045872,0.106788990825688,0.644036697247706,0.165321100917431,0.0363302752293578,0.0355963302752294
170773.411807,2525366.126422,0.0588882773802972,0.116675839295542,0.508163639699138,0.0717299578059072,0.0465969546872134,0.197945331131902
171273.411807,2525366.126422,0.0452380952380952,0.168315018315018,0.363369963369963,0.0217948717948718,0.0355311355311355,0.365750915750916
171773.411807,2525366.126422,0.102935779816514,0.14954128440367,0.00018348623853211,0.128807339449541,0.144220183486239,0.474311926605505
172273.411807,2525366.126422,0.0902586681342873,0.113557145477894,0,0.0953953403045313,0.107686662997615,0.593102183085672
172773.411807,2525366.126422,0.0870722433460076,0.0690114068441065,0.0211026615969582,0.0488593155893536,0.0720532319391635,0.701901140684411
168773.411807,2524866.126422,0.0291208791208791,0.0611721611721612,0.284798534798535,0.304945054945055,0.148717948717949,0.171245421245421
169273.411807,2524866.126422,0.00366300366300366,0.0705128205128205,0.464835164835165,0.373809523809524,0.0652014652014652,0.021978021978022
169773.411807,2524866.126422,0.000733406674000733,0.0353868720205354,0.66996699669967,0.235240190685735,0.0425375870920425,0.0161349468280161
170273.411807,2524866.126422,0,0.0490842490842491,0.599084249084249,0.2996336996337,0.0342490842490843,0.0179487179487179
170773.411807,2524866.126422,0.0494505494505494,0.137362637362637,0.391391941391941,0.166117216117216,0.0769230769230769,0.178754578754579
171273.411807,2524866.126422,0.0293362669600293,0.196552988632197,0.127979464613128,0.343417675100843,0.0955262192885955,0.207187385405207
171773.411807,2524866.126422,0.115384615384615,0.0743589743589744,0.0567765567765568,0.354029304029304,0.138461538461538,0.260989010989011
172273.411807,2524866.126422,0.110805860805861,0.0181318681318681,0,0.0584249084249084,0.113736263736264,0.698901098901099
172773.411807,2524866.126422,0.0997335363532547,0.121431290445375,0.0441568328892273,0.0698515416825276,0.0980205557670346,0.566806242862581
169273.411807,2524366.126422,0.00256739409499358,0.0836236933797909,0.238217494956904,0.512561892536219,0.0898587933247754,0.0731707317073171
169773.411807,2524366.126422,0.00439802089059923,0.0885101704233095,0.526296499908375,0.253619204691222,0.0641378046545721,0.0630382994319223
170273.411807,2524366.126422,0.0159662323362085,0.0231235089007157,0.0895577170122958,0.675536795742338,0.131583776839787,0.0642319691686548
170773.411807,2524366.126422,0.00806895286997983,0.075187969924812,0.383642031909041,0.304602970841738,0.1199339812947,0.108564093159729
171273.411807,2524366.126422,0.0985889682975994,0.0765988638446033,0.364669232178853,0.261498992120213,0.070734835990471,0.127909107568261
171773.411807,2524366.126422,0.0732244448522665,0.0512020554230134,0.201504863277666,0.396219489814645,0.090475316571848,0.187373830060562
172273.411807,2524366.126422,0.178617274894553,0.0104529616724739,0,0.0724371905373189,0.0988446726572529,0.639647900238401
172773.411807,2524366.126422,0.0585885486018642,0.0981548411641621,0.0346205059920107,0.0878828229027963,0.0871219326612136,0.633631348677953
168773.411807,2523866.126422,0.0152293577981651,0.0678899082568807,0.0146788990825688,0.365688073394495,0.137064220183486,0.399449541284404
169273.411807,2523866.126422,0.0078884608328747,0.0427444505595304,0.412034489084572,0.360484314804623,0.0906255732893047,0.0862227114290956
169773.411807,2523866.126422,0.00183150183150183,0.0131868131868132,0.55970695970696,0.364102564102564,0.0485347985347985,0.0126373626373626
170273.411807,2523866.126422,0.0141284403669725,0.035045871559633,0.407522935779817,0.383119266055046,0.10605504587156,0.0541284403669725
170773.411807,2523866.126422,0.002568336085122,0.134837644468905,0.133553476426344,0.491102549990827,0.114290955787929,0.123647037240873
171273.411807,2523866.126422,0.0336996336996337,0.117032967032967,0.318498168498168,0.315750915750916,0.091025641025641,0.123992673992674
171773.411807,2523866.126422,0.0159633027522936,0.168256880733945,0.371192660550459,0.210825688073394,0.064954128440367,0.168807339449541
172273.411807,2523866.126422,0.089157952669235,0.0803522289488167,0.189323059988993,0.20399926618969,0.123463584663365,0.313703907539901
172773.411807,2523866.126422,0.0378326996197719,0.0771863117870722,0.124334600760456,0.401520912547529,0.105703422053232,0.253422053231939
168273.411807,2523366.126422,0.0344701136780345,0.0826916024935827,0,0.503300330033003,0.153281994866153,0.226255958929226
168773.411807,2523366.126422,0.0525641025641026,0.0252747252747253,0.0043956043956044,0.346520146520147,0.298168498168498,0.273076923076923
169273.411807,2523366.126422,0.0454212454212454,0.0503663003663004,0.0531135531135531,0.411538461538462,0.193406593406593,0.246153846153846
169773.411807,2523366.126422,0,0.0658232489915658,0.462596259625963,0.336266960029336,0.0795746241290796,0.0557389072240557
170273.411807,2523366.126422,0,0.0600732600732601,0.472893772893773,0.411721611721612,0.0412087912087912,0.0141025641025641
170773.411807,2523366.126422,0,0.0655677655677656,0.543772893772894,0.336996336996337,0.0417582417582418,0.0119047619047619
171273.411807,2523366.126422,0,0.037037037037037,0.589292262559589,0.345801246791346,0.0243857719105244,0.00348368170150348
171773.411807,2523366.126422,0.00586080586080586,0.132967032967033,0.389194139194139,0.243589743589744,0.128388278388278,0.1
172273.411807,2523366.126422,0.0492673992673993,0.0681318681318681,0.0749084249084249,0.310805860805861,0.135347985347985,0.361538461538462
172773.411807,2523366.126422,0.0464408070041873,0.0919299581271412,0,0.392653216596879,0.144461362771222,0.324514655500571
169773.411807,2522866.126422,0.00366501740883269,0.0262048744731537,0.391607110133773,0.425142019424592,0.0951072017592084,0.0582737768004398
170273.411807,2522866.126422,0.000183519911910442,0.0530372545421178,0.545421178197834,0.198017984951367,0.135804734813727,0.0675353275830428
170773.411807,2522866.126422,0.00568494406748579,0.0944434256372639,0.561892536218595,0.0986612873647534,0.103062534384742,0.136255272327159
171273.411807,2522866.126422,0.000549752611324904,0.0247388675096207,0.537108301264431,0.352391423859263,0.0569910207073484,0.0282206340480117
171773.411807,2522866.126422,0.00458799779776106,0.102771150669848,0.496604881629657,0.251055239493485,0.080932281152505,0.0640484492567444
172273.411807,2522866.126422,0.0238400880249404,0.265908674124335,0.0740876581698148,0.204657986429488,0.0940766550522648,0.337428938199156
172773.411807,2522866.126422,0.0719041278295606,0.113753091116606,0,0.205440365227316,0.164732737302644,0.444169678523873
169773.411807,2522366.126422,0.000732600732600733,0.0928571428571429,0.441575091575092,0.183516483516484,0.0679487179487179,0.213369963369963
170273.411807,2522366.126422,0.00110091743119266,0.0737614678899083,0.419633027522936,0.313761467889908,0.10954128440367,0.0822018348623853
170773.411807,2522366.126422,0.0159603742432581,0.0783342505962209,0.28820399926619,0.42230783342506,0.11704274445056,0.0781507980187122
171273.411807,2522366.126422,0.01996336996337,0.0641025641025641,0.271611721611722,0.235714285714286,0.17985347985348,0.228754578754579
171773.411807,2522366.126422,0.00972477064220183,0.0539449541284404,0.431376146788991,0.371009174311927,0.0598165137614679,0.0741284403669725
172273.411807,2522366.126422,0.0502660062373876,0.10273344340488,0.170060539350578,0.300128416804256,0.085305448541552,0.291506145661347
172773.411807,2522366.126422,0.127756653992395,0.05,0,0.0311787072243346,0.127566539923954,0.663498098859316
170273.411807,2521866.126422,0.000732600732600733,0.0783882783882784,0.516849816849817,0.29981684981685,0.0637362637362637,0.0404761904761905
170773.411807,2521866.126422,0.00146520146520147,0.093956043956044,0.568681318681319,0.19010989010989,0.073992673992674,0.0717948717948718
171273.411807,2521866.126422,0.0201686835350202,0.0916758342500917,0.184268426842684,0.417125045837917,0.16043270993766,0.126329299596626
171773.411807,2521866.126422,0.028021978021978,0.0538461538461538,0.0882783882783883,0.47014652014652,0.167765567765568,0.191941391941392
172273.411807,2521866.126422,0.0879120879120879,0.0498168498168498,0.106410256410256,0.324542124542125,0.128754578754579,0.302564102564103
172773.411807,2521866.126422,0.0492957746478873,0.0654739246288542,0.0734678340312143,0.185192234488009,0.190331176246669,0.436239055957366
170273.411807,2521366.126422,0.000917599559552211,0.254542117819783,0.469994494402643,0.198385024775188,0.0390897412369242,0.0370710222059093
170773.411807,2521366.126422,0,0.0520814230698698,0.649917476618375,0.25582248303686,0.0320924261874198,0.0100861910874748
171273.411807,2521366.126422,0.00146600696353308,0.0252886201209456,0.621770203408466,0.253069452079897,0.0672530694520799,0.0311526479750779
171773.411807,2521366.126422,0.00422095797394017,0.097082033400624,0.349421912277482,0.376215819416407,0.0935951550743256,0.0794641218572215
172273.411807,2521366.126422,0.0302585732624244,0.10801393728223,0.0592334494773519,0.478085457546305,0.145791307537136,0.178617274894553
172773.411807,2521366.126422,0.0789423625642001,0.0534525394711813,0.00551645425147422,0.181852767738254,0.180901654936275,0.499334221038615
170273.411807,2520866.126422,0.00642201834862385,0.0847706422018349,0.653394495412844,0.0990825688073395,0.0629357798165138,0.093394495412844
170773.411807,2520866.126422,0.00238488350761328,0.0897083104017612,0.597871950100899,0.278847917813245,0.0267840763162722,0.00440286186020914
171273.411807,2520866.126422,0.00201465201465201,0.0423076923076923,0.691758241758242,0.173260073260073,0.0514652014652015,0.0391941391941392
171773.411807,2520866.126422,0.00972477064220183,0.0689908256880734,0.542385321100917,0.219449541284404,0.105321100917431,0.0541284403669725
172273.411807,2520866.126422,0.015410016510732,0.0212804989910108,0.104567969179967,0.67895798935975,0.149697303247111,0.0300862227114291
172773.411807,2520866.126422,0.035361216730038,0.0171102661596958,0,0.572053231939163,0.163117870722433,0.212357414448669
170773.411807,2520366.126422,0.0106227106227106,0.207692307692308,0.507326007326007,0.18040293040293,0.0593406593406593,0.0346153846153846
171273.411807,2520366.126422,0.00568390172350568,0.133663366336634,0.608177484415108,0.132563256325633,0.0869086908690869,0.033003300330033
171773.411807,2520366.126422,0.00494505494505494,0.115384615384615,0.511721611721612,0.166483516483516,0.144871794871795,0.0565934065934066
172273.411807,2520366.126422,0.0448717948717949,0.0712454212454212,0.180952380952381,0.298351648351648,0.184981684981685,0.21959706959707
172773.411807,2520366.126422,0.0574800152264941,0.0432051770079939,0.000570993528740008,0.563189950513894,0.215074229158736,0.120479634564142
170773.411807,2519866.126422,0.00861910874747845,0.136805428204658,0.514212360168715,0.13185402530717,0.0920594168347699,0.116449660737209
171273.411807,2519866.126422,0.0104452996151732,0.188381894814,0.475902510536925,0.171706065603812,0.0701850833791461,0.0833791460509437
171773.411807,2519866.126422,0.00440447788585061,0.142962011378235,0.457882180216553,0.132501376399339,0.0868049183336392,0.175445035786383
172273.411807,2519866.126422,0.0339262791124152,0.0709701081973226,0.242802127269393,0.348615441041628,0.187603154227031,0.11608289015221
172773.411807,2519866.126422,0.0785619174434088,0.0161689176336314,0,0.453871029104052,0.214190603005516,0.237207532813392
171273.411807,2519366.126422,0,0.0294871794871795,0.636446886446886,0.305494505494506,0.0232600732600733,0.00531135531135531
171773.411807,2519366.126422,0.00440366972477064,0.0974311926605505,0.558899082568807,0.166422018348624,0.0456880733944954,0.127155963302752
172273.411807,2519366.126422,0.0111906072280316,0.152082186754724,0.331315354980737,0.0627407815079802,0.0495321959273528,0.393138873601174
172773.411807,2519366.126422,0.11425855513308,0.203992395437262,0.00228136882129278,0.0494296577946768,0.121673003802281,0.508365019011407
171273.411807,2518866.126422,0.00146681334800147,0.113127979464613,0.575540887422076,0.224239090575724,0.0249358269160249,0.0606894022735607
171773.411807,2518866.126422,0.00293040293040293,0.0296703296703297,0.628388278388278,0.271062271062271,0.0417582417582418,0.0261904761904762
172273.411807,2518866.126422,0.0470695970695971,0.173443223443223,0.208974358974359,0.271794871794872,0.141025641025641,0.157692307692308
172773.411807,2518866.126422,0.268366958507804,0.26969927674153,0,0.0098972211648268,0.026456033498287,0.425580510087552
171273.411807,2518366.126422,0.009529045262965,0.0212571009712296,0.69726956203042,0.155030236393623,0.0458127176104087,0.0711013377313542
171773.411807,2518366.126422,0.0104606349788952,0.087538997981281,0.241512204074142,0.321343365755184,0.151036887502294,0.188107909708203
172273.411807,2518366.126422,0.0889418668622776,0.0803227581147992,0.0487804878048781,0.28791490922428,0.159545204474601,0.334494773519164
172773.411807,2518366.126422,0.224843066387674,0.0220658170058969,0,0.0894046033859616,0.136009130682899,0.527677382537569
171773.411807,2517866.126422,0.0359633027522936,0.0396330275229358,0.0306422018348624,0.445688073394495,0.174495412844037,0.273577981651376
172273.411807,2517866.126422,0.085305448541552,0.10273344340488,0,0.124564300128417,0.170977802238121,0.51641900568703
172773.411807,2517866.126422,0.103231939163498,0.104752851711027,0,0.0300380228136882,0.085171102661597,0.67680608365019
171773.411807,2517366.126422,0.0364468864468864,0.0501831501831502,0.315750915750916,0.178754578754579,0.0846153846153846,0.334249084249084
172273.411807,2517366.126422,0.132600732600733,0.0822344322344322,0,0.102380952380952,0.105494505494505,0.577289377289377
172773.411807,2517366.126422,0.0426341834792539,0.136848115721355,0,0.167681766273316,0.140845070422535,0.51199086410354
172273.411807,2516866.126422,0.0643193789853063,0.0773495980038813,0,0.0748544496811755,0.0984197393956196,0.685056833934017
172773.411807,2516866.126422,0.048241790177274,0.117117117117117,0,0.157512351060738,0.12786980528916,0.549258936355711
