"x","y","forest","agri","water","built","other","grass"
211773.411807,2703866.126422,0,0.00391236306729264,0.684076682316119,0.312010954616588,0,0
211773.411807,2703366.126422,0.159811985898942,0.267528397963181,0.0217391304347826,0.0951821386603995,0.0495495495495495,0.406188797493145
211273.411807,2702866.126422,0.00605171465248487,0.202640748211993,0.310654685494223,0.194938565927013,0.0577663671373556,0.22794791857693
211773.411807,2702866.126422,0.0319044822861617,0.543942063026033,0.00137013114112351,0.10941475826972,0.0632217655118418,0.25014679976512
210773.411807,2702366.126422,0.00954128440366972,0.021651376146789,0.815229357798165,0.127339449541284,0.00385321100917431,0.0223853211009174
211273.411807,2702366.126422,0.0344890845716382,0.373509447807742,0.0577875619152449,0.162172078517703,0.0599889928453495,0.312052834342323
211773.411807,2702366.126422,0.0136932707355243,0.626369327073552,0.0144757433489828,0.0937010954616588,0.0438184663536776,0.207942097026604
210773.411807,2701866.126422,0.112271062271062,0.233333333333333,0.194871794871795,0.202747252747253,0.0767399267399267,0.18003663003663
211273.411807,2701866.126422,0.0153846153846154,0.493956043956044,0,0.158608058608059,0.0661172161172161,0.265934065934066
211773.411807,2701866.126422,0.0121425773599687,0.558754406580494,0,0.140618879749315,0.0571876224050137,0.23129651390521
210273.411807,2701366.126422,0.0864944108484515,0.109950522264981,0.138354407183434,0.226864577606744,0.0833791460509437,0.354956936045446
210773.411807,2701366.126422,0.200220223894293,0.385391815011929,0,0.00715727656450725,0.0185355111029547,0.388695173426317
211273.411807,2701366.126422,0.0517146524848707,0.288831835686778,0,0.151659636897121,0.0803227581147992,0.427471116816431
211773.411807,2701366.126422,0.0260324916813466,0.578782540614602,0,0.0305343511450382,0.0596985711489528,0.304952045410061
209773.411807,2700866.126422,0.0198128783709411,0.0653091175931022,0.44083654375344,0.302880205466887,0.0288020546688681,0.142359200146762
210273.411807,2700866.126422,0.0247252747252747,0.533150183150183,0.000732600732600733,0.0360805860805861,0.0653846153846154,0.33992673992674
210773.411807,2700866.126422,0.0321100917431193,0.498348623853211,0,0.153577981651376,0.0827522935779817,0.233211009174312
211273.411807,2700866.126422,0.0337552742616034,0.464868831407081,0,0.111539167125298,0.0388919464318474,0.35094478077417
211773.411807,2700866.126422,0.0477308294209703,0.397691705790297,0.00195618153364632,0.125586854460094,0.0712050078247261,0.355829420970266
209273.411807,2700366.126422,0,0.0335164835164835,0.702747252747253,0.257875457875458,0.00476190476190476,0.0010989010989011
209773.411807,2700366.126422,0.244871794871795,0.0454212454212454,0.01996336996337,0.186080586080586,0.117948717948718,0.385714285714286
210273.411807,2700366.126422,0.00715071507150715,0.415841584158416,0.138980564723139,0.127979464613128,0.0436376971030436,0.266409974330766
210773.411807,2700366.126422,0.00659340659340659,0.785347985347985,0,0.0858974358974359,0.0115384615384615,0.110622710622711
211273.411807,2700366.126422,0.0382783882783883,0.728754578754579,0,0.0184981684981685,0.0271062271062271,0.187362637362637
211773.411807,2700366.126422,0.0248726987857423,0.632001566784176,0.000391696043869957,0.0152761457109283,0.0336858597728163,0.293772032902468
208773.411807,2699866.126422,0,0.0223566061938794,0.60985889682976,0.367784496976361,0,0
209273.411807,2699866.126422,0,0.0679023674068636,0.420994677922555,0.451275463387778,0.0273444668746559,0.0324830244081483
209773.411807,2699866.126422,0,0.0502475701448744,0.0495140289748762,0.379424170181551,0.240418118466899,0.280396112231799
210273.411807,2699866.126422,0,0.198827194429174,0,0.164009529045263,0.201026204874473,0.43613707165109
210773.411807,2699866.126422,0.0200036703982382,0.688016149752248,0,0.124242980363369,0.0416590200036704,0.126078179482474
211273.411807,2699866.126422,0.01998899688245,0.681276361635797,0,0.00275077938749312,0.00568494406748579,0.290298918026774
211773.411807,2699866.126422,0.0324916813466432,0.675278919553729,0,0.0702681542376199,0.0645918966529654,0.157369348209043
208773.411807,2699366.126422,0.000732600732600733,0.017032967032967,0.517582417582418,0.283333333333333,0.0296703296703297,0.151648351648352
209273.411807,2699366.126422,0.0231192660550459,0.0858715596330275,0.0139449541284404,0.0829357798165138,0.158715596330275,0.635412844036697
209773.411807,2699366.126422,0.00385250412768299,0.0524674371674922,0.0196294257934324,0.254815630159604,0.280865896165841,0.388369106585948
210273.411807,2699366.126422,0.00604395604395604,0.0313186813186813,0.0789377289377289,0.675641025641026,0.178754578754579,0.0293040293040293
210773.411807,2699366.126422,0,0.093394495412844,0.00201834862385321,0.127706422018349,0.254678899082569,0.522201834862385
211273.411807,2699366.126422,0.00220143093010457,0.466336452027151,0,0.00348559897266557,0.102549990827371,0.425426527242708
211773.411807,2699366.126422,0.00567292644757434,0.800860719874804,0,0.00215179968701095,0.00430359937402191,0.187010954616588
208273.411807,2698866.126422,0.00457875457875458,0.0142857142857143,0.821245421245421,0.0913919413919414,0.0243589743589744,0.0441391941391941
208773.411807,2698866.126422,0.0540887422075541,0.463513017968464,0.035020168683535,0.0678401173450678,0.03997066373304,0.33956729006234
209273.411807,2698866.126422,0.034981684981685,0.654395604395604,0.00256410256410256,0.0690476190476191,0.0510989010989011,0.187912087912088
209773.411807,2698866.126422,0.0448717948717949,0.312271062271062,0,0.0833333333333333,0.0679487179487179,0.491575091575092
210273.411807,2698866.126422,0.0108177484415108,0.123762376237624,0,0.122112211221122,0.290979097909791,0.452328566189952
210773.411807,2698866.126422,0,0.032051282051282,0.0175824175824176,0.531868131868132,0.354578754578755,0.0639194139194139
211273.411807,2698866.126422,0,0.0318681318681319,0.065018315018315,0.576556776556777,0.243589743589744,0.082967032967033
211773.411807,2698866.126422,0.00176263219741481,0.489815902859381,0.00156678417547983,0.189776733254994,0.164512338425382,0.152565609087348
208773.411807,2698366.126422,0.0159428257284222,0.716877405167675,0,0.0317024005864028,0.0339014110317024,0.201575957485798
209273.411807,2698366.126422,0.0172508717195816,0.551110295467058,0.0034868783262984,0.163332721600294,0.0710222059093412,0.193797026977427
209773.411807,2698366.126422,0.0157711351549606,0.607372088758482,0,0.0746378140473134,0.0335595085274161,0.268659453511828
210273.411807,2698366.126422,0.0254718709913872,0.719992669965182,0,0.0293201392706615,0.0333516584203775,0.191863661352391
210773.411807,2698366.126422,0.0234905487245366,0.576436043310699,0,0.000183519911910442,0.00367039823820885,0.396219489814645
211273.411807,2698366.126422,0.0610673024023473,0.17183201907207,0,0.137538969374656,0.100678525582248,0.528883183568678
211773.411807,2698366.126422,0.00411039342337052,0.0548052456449403,0.00234879624192601,0.203562340966921,0.401448424349188,0.333724799373654
207773.411807,2697866.126422,0.00458715596330275,0.00697247706422018,0.850825688073395,0.116697247706422,0.00899082568807339,0.0119266055045872
208273.411807,2697866.126422,0.0741148413135205,0.517152815997065,0,0.0517336268574573,0.0401761144744084,0.316822601357549
208773.411807,2697866.126422,0.0261904761904762,0.428754578754579,0,0.150732600732601,0.0745421245421245,0.31978021978022
209273.411807,2697866.126422,0.0308256880733945,0.574128440366973,0,0.0660550458715596,0.0631192660550459,0.265871559633027
209773.411807,2697866.126422,0.0376077783892864,0.511465786094295,0,0.0649422124380847,0.073747936158503,0.312236286919831
210273.411807,2697866.126422,0.0274725274725275,0.427106227106227,0.00549450549450549,0.13040293040293,0.0847985347985348,0.324725274725275
210773.411807,2697866.126422,0.0207339449541284,0.549174311926605,0,0.00458715596330275,0.0332110091743119,0.392293577981651
211273.411807,2697866.126422,0.0132085855806274,0.562832507796735,0,0.00678774536782242,0.0091726288754357,0.40799853237938
211773.411807,2697866.126422,0.0185837245696401,0.334115805946792,0,0.0105633802816901,0.00860719874804382,0.628129890453834
207773.411807,2697366.126422,0.0228937728937729,0.0379120879120879,0.500549450549451,0.245787545787546,0.0743589743589744,0.118498168498168
208273.411807,2697366.126422,0.0468864468864469,0.428205128205128,0.0402930402930403,0.178388278388278,0.0908424908424908,0.215384615384615
208773.411807,2697366.126422,0.0187018701870187,0.564906490649065,0,0.139163916391639,0.0573890722405574,0.21983865053172
209273.411807,2697366.126422,0.0131868131868132,0.672344322344322,0,0.0271062271062271,0.0278388278388278,0.25952380952381
209773.411807,2697366.126422,0.0395604395604396,0.424908424908425,0.000183150183150183,0.0426739926739927,0.0723443223443224,0.42032967032967
210273.411807,2697366.126422,0.0467546754675468,0.417675100843418,0,0.0889255592225889,0.109460946094609,0.337183718371837
210773.411807,2697366.126422,0.05,0.428754578754579,0,0.041025641025641,0.0745421245421245,0.405677655677656
211273.411807,2697366.126422,0.036996336996337,0.416117216117216,0,0.0635531135531135,0.058974358974359,0.424358974358974
211773.411807,2697366.126422,0.0282021151586369,0.459851155503329,0,0.00685468076772425,0.00802976889933412,0.497062279670975
207273.411807,2696866.126422,0,0,0.781198460692688,0.218801539307312,0,0
207773.411807,2696866.126422,0.189025509267756,0.109377867498624,0.0908423563956689,0.162598641952652,0.0598274912828042,0.388328133602496
208273.411807,2696866.126422,0.0388776820099028,0.373739226114066,0.00146708233999633,0.190170548322025,0.0902255639097744,0.305519897304236
208773.411807,2696866.126422,0.028587135788895,0.392156862745098,0,0.278907824812168,0.100054975261132,0.200293201392707
209273.411807,2696866.126422,0.0291796659937603,0.573683244632043,0,0.0649660488162966,0.076344283354744,0.255826757203157
209773.411807,2696866.126422,0.0385109114249037,0.502108930863745,0.000183385292499542,0.097194205024757,0.0929763432972676,0.269026224096827
210273.411807,2696866.126422,0.0335349092908191,0.270111783030969,0.00458127176104087,0.0676195711929632,0.0749496060106286,0.549202858713579
210773.411807,2696866.126422,0.0278950266103872,0.4604514589833,0,0.00532207744540283,0.0198201504863278,0.486511286474582
211273.411807,2696866.126422,0.0150375939849624,0.415000916926463,0,0.0194388410049514,0.0194388410049514,0.531083807078672
211773.411807,2696866.126422,0.0299471520845567,0.408299080054805,0,0.0620473673908788,0.0626345664513603,0.437071834018399
