"x","y","forest","agri","water","built","other","grass"
239273.411807,2737866.126422,0,0,0.280851063829787,0.719148936170213,0,0
239773.411807,2737866.126422,0.00110987791342952,0.0884202737698853,0.392156862745098,0.488716241213467,0.00591934887162412,0.0236773954864965
240273.411807,2737866.126422,0.16962962962963,0.106111111111111,0.00537037037037037,0.190925925925926,0.0853703703703704,0.442592592592593
240773.411807,2737866.126422,0.280851063829787,0.11581868640148,0.00333024976873265,0.402035152636448,0.0799259944495837,0.118038852913969
241273.411807,2737866.126422,0.583425823159452,0.408435072142064,0,0.000739918608953015,0.00184979652238254,0.00554938956714761
241773.411807,2737866.126422,0.453518518518519,0.152407407407407,0.00037037037037037,0.00111111111111111,0.00981481481481481,0.382777777777778
242273.411807,2737866.126422,0.42886216466235,0.0756706753006476,0.000925069380203515,0.00703052728954672,0.0223866790009251,0.465124884366327
242773.411807,2737866.126422,0.398446170921199,0.24361820199778,0.00702922678505364,0.00924898261191269,0.0643729189789123,0.277284498705142
243273.411807,2737866.126422,0.530740740740741,0.162222222222222,0.000925925925925926,0.0087037037037037,0.0357407407407407,0.261666666666667
243773.411807,2737866.126422,0.476965772432932,0.159481961147086,0,0.0223866790009251,0.0556891766882516,0.285476410730805
244273.411807,2737866.126422,0.299852016278209,0.354975952645209,0,0.00203477617462079,0.014613392526822,0.328523862375139
244773.411807,2737866.126422,0.416666666666667,0.150555555555556,0,0.00537037037037037,0.0235185185185185,0.403888888888889
245273.411807,2737866.126422,0.667160037002775,0.0179463459759482,0,0.00758556891766883,0.0127659574468085,0.294542090656799
245773.411807,2737866.126422,0.66000739918609,0.0332963374028857,0,0.0173880873103959,0.0689974102848687,0.22031076581576
246273.411807,2737866.126422,0.519074074074074,0.0338888888888889,0,0.012962962962963,0.047962962962963,0.386111111111111
246773.411807,2737866.126422,0.6527289546716,0.0203515263644773,0,0.00444033302497687,0.0264569842738205,0.296022201665125
247273.411807,2737866.126422,0.60377358490566,0.00610432852386238,0,0.00425453200147984,0.0135035146133925,0.372364039955605
247773.411807,2737866.126422,0.496666666666667,0.0738888888888889,0,0.00425925925925926,0.077037037037037,0.348148148148148
248273.411807,2737866.126422,0.602775208140611,0.0253469010175763,0,0.00129509713228492,0.0146160962072155,0.355966697502313
248773.411807,2737866.126422,0.644469108398076,0.00258971513133555,0,0.00110987791342952,0.00425453200147984,0.347576766555679
249273.411807,2737866.126422,0.612222222222222,0.0431481481481482,0.00166666666666667,0.00481481481481482,0.0183333333333333,0.319814814814815
249773.411807,2737866.126422,0.512446191278308,0.118472768107805,0,0.011416807037245,0.0550252667040988,0.302638966872543
238273.411807,2737366.126422,0,0,0.0170548322024574,0.982945167797543,0,0
238773.411807,2737366.126422,0,0.0560747663551402,0.205790727505956,0.736668499175371,0.000916254352208173,0.000549752611324904
239273.411807,2737366.126422,0.0335841438796109,0.156909524683428,0.0144980730409249,0.512204074142044,0.0165167920719398,0.266287392182052
239773.411807,2737366.126422,0.121767834219696,0.342380341096644,0.010819732257473,0.180267742527049,0.0594168347698515,0.285347515129287
240273.411807,2737366.126422,0.209272494044347,0.222833058457028,0.0144768187648891,0.153930731170973,0.0700018325087044,0.329485065054059
240773.411807,2737366.126422,0.24885300055056,0.109377867498624,0.00165167920719398,0.27784914663241,0.136538814461369,0.225729491649844
241273.411807,2737366.126422,0.247386759581882,0.13185402530717,0,0.0465798642948836,0.112598569594719,0.461580781221346
241773.411807,2737366.126422,0.423492761590618,0.198827194429174,0.00403151914971596,0.00384826827927433,0.0247388675096207,0.345061389041598
242273.411807,2737366.126422,0.37327950082584,0.052303174894476,0,0.0383556615892824,0.118920902917967,0.417140759772435
242773.411807,2737366.126422,0.419402163946451,0.0810562992847974,0,0.0300751879699248,0.061984228864845,0.407482119933981
243273.411807,2737366.126422,0.596848085028404,0.0685358255451713,0,0.00971229613340663,0.0353674179952355,0.289536375297783
243773.411807,2737366.126422,0.562672049917416,0.111763626353459,0,0.0242246283721784,0.0552394934850431,0.246100201871903
244273.411807,2737366.126422,0.772969007885568,0.0306253438474234,0.000366770584999083,0.000550155877498625,0.00366770584999083,0.19182101595452
244773.411807,2737366.126422,0.781748213304013,0.0278541323071285,0.00109950522264981,0.000549752611324904,0.00256551218618288,0.186182884368701
245273.411807,2737366.126422,0.731143329051202,0.0126628739218205,0.000550559735731327,0.00165167920719398,0.00623967700495504,0.247751881079097
245773.411807,2737366.126422,0.627544470933431,0.0817898404547955,0,0.00953603520997616,0.0441958554923895,0.236933797909408
246273.411807,2737366.126422,0.542056074766355,0.097306212204508,0.000366501740883269,0.00201575957485798,0.0104452996151732,0.347810152098222
246773.411807,2737366.126422,0.64305377133419,0.0611121306661773,0,0,0.000367039823820885,0.295467058175812
247273.411807,2737366.126422,0.698697964423253,0.0539152759948652,0,0.000916926462497708,0.0302585732624244,0.216211259856959
247773.411807,2737366.126422,0.610591900311526,0.0617555433388309,0.000733003481766538,0.00293201392706615,0.0284038849184534,0.295583654022357
248273.411807,2737366.126422,0.741236924206276,0.00550559735731327,0,0.000367039823820885,0.00403743806202973,0.24885300055056
248773.411807,2737366.126422,0.611406565193471,0.00678525582248304,0,0.00183385292499542,0.0198056115899505,0.3601687144691
249273.411807,2737366.126422,0.668499175371083,0.0119113065787062,0,0.00641378046545721,0.0280373831775701,0.285138354407183
249773.411807,2737366.126422,0.75023195398033,0.00983484876600482,0,0.00148450547411394,0.01224717016144,0.226201521618111
238273.411807,2736866.126422,0.127316088791048,0.0796184186387819,0.178866263070996,0.510181618051734,0.0188956154833975,0.0851219959640433
238773.411807,2736866.126422,0.211904761904762,0.216117216117216,0.00146520146520147,0.188644688644689,0.0360805860805861,0.345787545787546
239273.411807,2736866.126422,0.251743119266055,0.142385321100917,0,0.100183486238532,0.0744954128440367,0.431192660550459
239773.411807,2736866.126422,0.238855255916346,0.198679141441937,0,0.0864061640066043,0.0886075949367089,0.387451843698404
240273.411807,2736866.126422,0.132417582417582,0.511721611721612,0.0181318681318681,0.0804029304029304,0.0888278388278388,0.168498168498169
240773.411807,2736866.126422,0.167339449541284,0.207706422018349,0.00715596330275229,0.16256880733945,0.125504587155963,0.329724770642202
241273.411807,2736866.126422,0.308750687947166,0.161805173362686,0,0.0642084021280499,0.133736929003853,0.331498807558246
241773.411807,2736866.126422,0.351282051282051,0.0934065934065934,0,0.00476190476190476,0.0875457875457875,0.463003663003663
242273.411807,2736866.126422,0.636697247706422,0.00807339449541284,0.00403669724770642,0.00513761467889908,0.0121100917431193,0.33394495412844
242773.411807,2736866.126422,0.592184920198129,0.0372408732342689,0.00403595670519171,0.00532012474775271,0.0209135938359934,0.340304531278664
243273.411807,2736866.126422,0.554395604395604,0.0734432234432234,0,0.00256410256410256,0.0192307692307692,0.3503663003663
243773.411807,2736866.126422,0.769174311926605,0.0590825688073394,0,0.00275229357798165,0.0225688073394495,0.146422018348624
244273.411807,2736866.126422,0.697853604843148,0.0423775454045129,0.000366905155017428,0.010273344340488,0.0229315721885892,0.226197028068244
244773.411807,2736866.126422,0.367032967032967,0.20018315018315,0.0043956043956044,0.0173992673992674,0.0457875457875458,0.365201465201465
245273.411807,2736866.126422,0.422752293577982,0.204036697247706,0,0.00880733944954129,0.0280733944954128,0.336330275229358
245773.411807,2736866.126422,0.521739130434783,0.194643184736746,0,0.0066042927903137,0.0183452577508714,0.258668134287287
246273.411807,2736866.126422,0.587545787545788,0.0197802197802198,0,0.0168498168498168,0.0582417582417582,0.317582417582418
246773.411807,2736866.126422,0.826422018348624,0.00972477064220183,0,0.000917431192660551,0.00201834862385321,0.160917431192661
247273.411807,2736866.126422,0.419005687029903,0.0820033021463952,0,0.0126582278481013,0.0990643918547056,0.387268391120895
247773.411807,2736866.126422,0.620512820512821,0.013003663003663,0,0,0.000549450549450549,0.365934065934066
248273.411807,2736866.126422,0.641651376146789,0.0073394495412844,0,0.000917431192660551,0.00477064220183486,0.345321100917431
248773.411807,2736866.126422,0.551458447991194,0.0280682443588332,0,0.00183452577508714,0.0598055402678408,0.358833241607045
249273.411807,2736866.126422,0.673443223443223,0.00824175824175824,0.000183150183150183,0.00164835164835165,0.0206959706959707,0.295787545787546
249773.411807,2736866.126422,0.629313543599258,0.00667903525046382,0,0.0038961038961039,0.0116883116883117,0.348423005565863
237773.411807,2736366.126422,0.143223443223443,0.142307692307692,0.174175824175824,0.420512820512821,0.0119047619047619,0.107875457875458
238273.411807,2736366.126422,0.345054945054945,0.254761904761905,0.000366300366300366,0.0888278388278388,0.0135531135531136,0.297435897435897
238773.411807,2736366.126422,0.674184085075174,0.022002200220022,0,0.00605060506050605,0.0242024202420242,0.273560689402274
239273.411807,2736366.126422,0.602014652014652,0.141575091575092,0,0.00183150183150183,0.00659340659340659,0.247985347985348
239773.411807,2736366.126422,0.447252747252747,0.063003663003663,0,0.00274725274725275,0.0380952380952381,0.448901098901099
240273.411807,2736366.126422,0.261642830949762,0.468830216354969,0,0.00715071507150715,0.0361202786945361,0.226255958929226
240773.411807,2736366.126422,0.171794871794872,0.381684981684982,0.00164835164835165,0.0426739926739927,0.0880952380952381,0.314102564102564
241273.411807,2736366.126422,0.321794871794872,0.129487179487179,0,0.248168498168498,0.0946886446886447,0.205860805860806
241773.411807,2736366.126422,0.706820682068207,0.0108177484415108,0,0.0298863219655299,0.0517051705170517,0.200770077007701
242273.411807,2736366.126422,0.776556776556777,0.0010989010989011,0,0.00293040293040293,0.0043956043956044,0.215018315018315
242773.411807,2736366.126422,0.714652014652015,0.0010989010989011,0,0.000732600732600733,0.00494505494505494,0.278571428571429
243273.411807,2736366.126422,0.502566923359003,0.165383204987165,0,0.00311697836450312,0.0117345067840117,0.317198386505317
243773.411807,2736366.126422,0.464468864468864,0.128205128205128,0,0.00860805860805861,0.0142857142857143,0.384432234432234
244273.411807,2736366.126422,0.567948717948718,0.0767399267399267,0.000732600732600733,0.00879120879120879,0.0188644688644689,0.326923076923077
244773.411807,2736366.126422,0.549138247158049,0.209020902090209,0.00201686835350202,0.00953428676200953,0.0265859919325266,0.203703703703704
245273.411807,2736366.126422,0.751465201465201,0.0576923076923077,0,0,0,0.190842490842491
245773.411807,2736366.126422,0.812637362637363,0,0,0,0,0.187362637362637
246273.411807,2736366.126422,0.671250458379171,0.0287862119545288,0.00238357169050238,0.0033003300330033,0.0441877521085442,0.25009167583425
246773.411807,2736366.126422,0.391575091575092,0.0655677655677656,0.000183150183150183,0.017032967032967,0.128021978021978,0.397619047619048
247273.411807,2736366.126422,0.362820512820513,0.0467032967032967,0,0.000915750915750916,0.00787545787545788,0.581684981684982
247773.411807,2736366.126422,0.489182251558489,0.00696736340300697,0,0.00275027502750275,0.00953428676200953,0.491565823248992
248273.411807,2736366.126422,0.544688644688645,0.00238095238095238,0,0,0.00311355311355311,0.44981684981685
248773.411807,2736366.126422,0.834432234432234,0.00238095238095238,0,0.000183150183150183,0.00128205128205128,0.161721611721612
249273.411807,2736366.126422,0.582691602493583,0.00586725339200587,0,0.00165016501650165,0.0133846718005134,0.396406307297396
249773.411807,2736366.126422,0.500926268988514,0.0120414968506854,0,0.000370507595405706,0.0133382734346054,0.473323453130789
237773.411807,2735866.126422,0.317122407781244,0.148834648559369,0,0.0761607634428336,0.0436777390346853,0.414204441181868
238273.411807,2735866.126422,0.45607922244636,0.097194205024757,0,0.0183385292499542,0.0374105996699065,0.390977443609023
238773.411807,2735866.126422,0.25453545904343,0.215686274509804,0,0.017042330951072,0.032618654938611,0.480117280557083
239273.411807,2735866.126422,0.46485593686915,0.0792806019453111,0,0.000183519911910442,0.000367039823820885,0.455312901449807
239773.411807,2735866.126422,0.651017788373372,0.0786722904823033,0,0,0.000733541169998166,0.269576379974326
240273.411807,2735866.126422,0.485065054059007,0.0820963899578523,0,0.0166758292101887,0.0738501007879787,0.342312625984973
240773.411807,2735866.126422,0.12020554230134,0.476234171407598,0.00146815929528354,0.129932097632593,0.0627638098733713,0.209396219489815
241273.411807,2735866.126422,0.0555657436273611,0.233449477351916,0.000366770584999083,0.382725105446543,0.0759215110948102,0.25197139189437
241773.411807,2735866.126422,0.185266630016493,0.144218435037566,0,0.118929814916621,0.136338647608576,0.415246472420744
242273.411807,2735866.126422,0.456964580657001,0.0633143696091026,0.000183519911910442,0.0110111947146265,0.0277115066984768,0.440814828408882
242773.411807,2735866.126422,0.29598386209426,0.154593801577114,0,0.013203741059967,0.052814964239868,0.483403631028791
243273.411807,2735866.126422,0.277625068719076,0.326736301997434,0.00201575957485798,0.0263881253435954,0.034084661902144,0.333150082462892
243773.411807,2735866.126422,0.134153055606533,0.321893925490916,0,0.0563406129565058,0.0701046063497889,0.417507799596256
244273.411807,2735866.126422,0.184485604254539,0.377040161379057,0,0.00990280579497524,0.0330093526499175,0.395562075921511
244773.411807,2735866.126422,0.345977643393806,0.0738501007879787,0,0.00751328568810702,0.0181418361737218,0.554517133956386
245273.411807,2735866.126422,0.316938887869334,0.108276748027161,0,0.0273444668746559,0.0576252523398789,0.48981464488897
245773.411807,2735866.126422,0.390977443609023,0.0783055198973042,0,0.0203557674674491,0.079589216944801,0.430772052081423
246273.411807,2735866.126422,0.367967747846802,0.0417811984606927,0,0.0357339197361187,0.129008612790911,0.425508521165476
246773.411807,2735866.126422,0.451642503211598,0.0211047898697009,0,0.00587263718113415,0.0209212699577904,0.500458799779776
247273.411807,2735866.126422,0.581331377223547,0.00623509994498441,0,0.000916926462497708,0.00256739409499358,0.408949202273978
247773.411807,2735866.126422,0.688840021990104,0.000916254352208173,0,0,0.00164925783397471,0.308594465823713
248273.411807,2735866.126422,0.631675536795742,0.0115617544503579,0,0.000183519911910442,0.00935951550743256,0.347219673334557
248773.411807,2735866.126422,0.661103979460847,0.00696864111498258,0,0.00825233816247937,0.0236567027324409,0.30001833852925
249273.411807,2735866.126422,0.672164192779916,0.00403151914971596,0,0.00348176653839106,0.0152098222466557,0.305112699285322
249773.411807,2735866.126422,0.664501762850251,0.00872146966041937,0,0.00556689552792726,0.0270922249025793,0.294117647058824
237773.411807,2735366.126422,0.262935779816514,0.0752293577981651,0,0.0337614678899083,0.0493577981651376,0.578715596330275
238273.411807,2735366.126422,0.271693267290405,0.19831223628692,0.000550357732526142,0.0181618051733627,0.0807191341038342,0.430563199412952
238773.411807,2735366.126422,0.293223443223443,0.11043956043956,0,0.00256410256410256,0.00897435897435897,0.584798534798535
239273.411807,2735366.126422,0.524036697247706,0.0159633027522936,0,0.00256880733944954,0.00752293577981651,0.449908256880734
239773.411807,2735366.126422,0.606494221243808,0.00898917629792699,0,0.017978352595854,0.0273344340487984,0.339203815813612
240273.411807,2735366.126422,0.43003663003663,0.0884615384615385,0.00586080586080586,0.0840659340659341,0.0899267399267399,0.301648351648352
240773.411807,2735366.126422,0.106238532110092,0.280733944954128,0.00146788990825688,0.210642201834862,0.0937614678899083,0.307155963302752
241273.411807,2735366.126422,0.495138506696019,0.0911759310218309,0,0.0517336268574573,0.0236653824986241,0.338286552926069
241773.411807,2735366.126422,0.36959706959707,0.166483516483516,0.000183150183150183,0.0767399267399267,0.0934065934065934,0.293589743589744
242273.411807,2735366.126422,0.216146788990826,0.446238532110092,0.00128440366972477,0.00990825688073394,0.0293577981651376,0.297064220183486
242773.411807,2735366.126422,0.236286919831224,0.343423225096313,0,0.0513667217024399,0.0977802238121446,0.271142909557879
243273.411807,2735366.126422,0.573992673992674,0.131501831501832,0,0.00604395604395604,0.00897435897435897,0.279487179487179
243773.411807,2735366.126422,0.442018348623853,0.0944954128440367,0.00018348623853211,0.028256880733945,0.0770642201834862,0.357981651376147
244273.411807,2735366.126422,0.365804439552376,0.239955971381398,0,0.00935608145294441,0.0581544670702623,0.32672904054302
244773.411807,2735366.126422,0.38003663003663,0.155311355311355,0.000915750915750916,0.00897435897435897,0.0564102564102564,0.398351648351648
245273.411807,2735366.126422,0.50256880733945,0.0667889908256881,0,0.0137614678899083,0.0423853211009174,0.374495412844037
245773.411807,2735366.126422,0.573289304714731,0.00513667217024399,0,0.00623738763529628,0.0209135938359934,0.394423041643735
246273.411807,2735366.126422,0.612454212454212,0.000915750915750916,0,0.0010989010989011,0.000549450549450549,0.384981684981685
246773.411807,2735366.126422,0.702201834862385,0.0209174311926606,0,0.00036697247706422,0.00348623853211009,0.27302752293578
247273.411807,2735366.126422,0.58778205833792,0.0528343423225096,0,0.010273344340488,0.0286186020913594,0.320491652907723
247773.411807,2735366.126422,0.390842490842491,0.0100732600732601,0,0.000915750915750916,0.0111721611721612,0.586996336996337
248273.411807,2735366.126422,0.465871559633028,0.00587155963302752,0,0.00018348623853211,0.0163302752293578,0.511743119266055
248773.411807,2735366.126422,0.650339387268391,0.0170610897083104,0,0.000550357732526142,0.0091726288754357,0.322876536415337
249273.411807,2735366.126422,0.531868131868132,0.00677655677655678,0,0.00201465201465201,0.0144688644688645,0.444871794871795
249773.411807,2735366.126422,0.722634508348794,0.00500927643784787,0,0.00333951762523191,0.0142857142857143,0.254730983302412
237773.411807,2734866.126422,0.294322344322344,0.231135531135531,0,0.00366300366300366,0.023992673992674,0.446886446886447
238273.411807,2734866.126422,0.321245421245421,0.120512820512821,0,0.0195970695970696,0.0340659340659341,0.504578754578755
238773.411807,2734866.126422,0.42024202420242,0.0724239090575724,0,0.015951595159516,0.0273193986065273,0.464063072973964
239273.411807,2734866.126422,0.557875457875458,0.0347985347985348,0,0.0261904761904762,0.0615384615384615,0.31959706959707
239773.411807,2734866.126422,0.500549450549451,0.0133699633699634,0,0.0289377289377289,0.0628205128205128,0.394322344322344
240273.411807,2734866.126422,0.366703337000367,0.0737073707370737,0.0088008800880088,0.115144847818115,0.0643564356435644,0.371287128712871
240773.411807,2734866.126422,0.256959706959707,0.157692307692308,0.00128205128205128,0.141025641025641,0.0597069597069597,0.383333333333333
241273.411807,2734866.126422,0.618681318681319,0.0230769230769231,0,0.0423076923076923,0.0304029304029304,0.285531135531136
241773.411807,2734866.126422,0.335533553355336,0.0504217088375504,0.0044004400440044,0.0837917125045838,0.13971397139714,0.386138613861386
242273.411807,2734866.126422,0.636446886446886,0.155860805860806,0.000366300366300366,0.0010989010989011,0.0206959706959707,0.185531135531136
242773.411807,2734866.126422,0.718498168498168,0.0712454212454212,0,0.00366300366300366,0.0120879120879121,0.194505494505495
243273.411807,2734866.126422,0.57022368903557,0.0804913824715805,0,0.00788412174550788,0.0630729739640631,0.278327832783278
243773.411807,2734866.126422,0.663186813186813,0.0234432234432234,0,0.00842490842490842,0.0216117216117216,0.283333333333333
244273.411807,2734866.126422,0.447985347985348,0.211355311355311,0,0.0102564102564103,0.0227106227106227,0.307692307692308
244773.411807,2734866.126422,0.644114411441144,0.00586725339200587,0,0.000183351668500183,0.0022002200220022,0.347634763476348
245273.411807,2734866.126422,0.692673992673993,0.0142857142857143,0,0.00164835164835165,0.00695970695970696,0.284432234432234
245773.411807,2734866.126422,0.587728937728938,0.071978021978022,0,0.00201465201465201,0.00915750915750916,0.329120879120879
246273.411807,2734866.126422,0.544187752108544,0.00733406674000733,0,0.0137513751375138,0.0205353868720205,0.414191419141914
246773.411807,2734866.126422,0.46996336996337,0.0437728937728938,0,0.00384615384615385,0.0106227106227106,0.471794871794872
247273.411807,2734866.126422,0.746520146520147,0.00659340659340659,0.000183150183150183,0.000183150183150183,0.00622710622710623,0.24029304029304
247773.411807,2734866.126422,0.570957095709571,0.000916758342500917,0,0,0.0022002200220022,0.425925925925926
248273.411807,2734866.126422,0.596336996336996,0.00695970695970696,0,0.000549450549450549,0.0115384615384615,0.384615384615385
248773.411807,2734866.126422,0.741758241758242,0.00311355311355311,0,0,0.00146520146520147,0.253663003663004
249273.411807,2734866.126422,0.69013568023469,0.0022002200220022,0,0,0.00165016501650165,0.306013934726806
249773.411807,2734866.126422,0.668025194516488,0.0164875879955539,0,0.00852167469433123,0.0237124861059652,0.283253056687662
237773.411807,2734366.126422,0.218388695173426,0.386125894659571,0.000367039823820885,0.186089190677188,0.0409249403560286,0.168104239309965
238273.411807,2734366.126422,0.382908490739043,0.505960022006235,0.000183385292499542,0.0218228498074454,0.0335595085274161,0.0555657436273611
238773.411807,2734366.126422,0.51456844420011,0.27359354956936,0,0.0104452996151732,0.0258383727322705,0.175554333883086
239273.411807,2734366.126422,0.144246650761608,0.356212149018168,0,0.0504679757753716,0.0528537346302074,0.396219489814645
239773.411807,2734366.126422,0.276545021089309,0.299101412066752,0,0.0269576379974326,0.0636346964973409,0.333761232349166
240273.411807,2734366.126422,0.316840754993586,0.0795308777716694,0,0.286237859629833,0.0965732087227414,0.22081729888217
240773.411807,2734366.126422,0.0890071572765645,0.101853551110295,0.0047715177096715,0.520829510001835,0.0864378785098183,0.197100385391815
241273.411807,2734366.126422,0.253805244819366,0.0761048963873097,0.000550155877498625,0.396662387676508,0.122868145974693,0.150009169264625
241773.411807,2734366.126422,0.364485981308411,0.066703316840755,0.00861279091075683,0.26681326736302,0.114715044896463,0.178669598680594
242273.411807,2734366.126422,0.437878509818315,0.0908423563956689,0.000367039823820885,0.0543218939254909,0.0579922921636998,0.358597907873004
242773.411807,2734366.126422,0.597652668256006,0.0878415551072804,0.000550155877498625,0.0485971025123785,0.0581331377223547,0.207225380524482
243273.411807,2734366.126422,0.649624335715595,0.021073850100788,0,0,0,0.329301814183617
243773.411807,2734366.126422,0.659020003670398,0.0379886217654616,0,0.00256927876674619,0.00458799779776106,0.295834097999633
244273.411807,2734366.126422,0.718136805428205,0.00788556757748029,0.000366770584999083,0.000550155877498625,0.00183385292499542,0.271226847606822
244773.411807,2734366.126422,0.528129008612791,0.0221733553234378,0.009529045262965,0.000366501740883269,0.0047645226314825,0.435037566428441
245273.411807,2734366.126422,0.691319508166636,0.0242246283721784,0,0.00146815929528354,0.00201871903101487,0.280968985134887
245773.411807,2734366.126422,0.561892536218595,0.0476801760498808,0,0.0097194205024757,0.0181551439574546,0.362552723271594
246273.411807,2734366.126422,0.595931830676196,0.0350009162543522,0,0.00109950522264981,0.0122778083195895,0.355689939527213
246773.411807,2734366.126422,0.534042943659387,0.0179849513672233,0,0.00330335841438796,0.0185355111029547,0.426133235456047
247273.411807,2734366.126422,0.494223363286264,0.0075187969924812,0.000366770584999083,0.00366770584999083,0.00843572345497891,0.485787639831286
247773.411807,2734366.126422,0.500091625435221,0.0047645226314825,0,0,0.00201575957485798,0.493128092358439
248273.411807,2734366.126422,0.612772985868967,0.009543035419343,0,0,0.00110111947146265,0.376582859240228
248773.411807,2734366.126422,0.465982028241335,0.00641848523748395,0,0,0.00458463231248854,0.523014854208692
249273.411807,2734366.126422,0.834707714861646,0.00458127176104087,0,0.000183250870441635,0.00366501740883269,0.156862745098039
249773.411807,2734366.126422,0.711634811653368,0.0116904806086472,0,0.00111337910558545,0.00890703284468362,0.266654295787716
237773.411807,2733866.126422,0.0932110091743119,0.203669724770642,0,0.564770642201835,0.107155963302752,0.0311926605504587
238273.411807,2733866.126422,0.145294441386901,0.516969363419556,0,0.173362685745735,0.0464135021097046,0.117960007338103
238773.411807,2733866.126422,0.144871794871795,0.536446886446886,0,0.067032967032967,0.0404761904761905,0.211172161172161
239273.411807,2733866.126422,0.0669724770642202,0.706605504587156,0,0.0546788990825688,0.0286238532110092,0.143119266055046
239773.411807,2733866.126422,0.0816363969913777,0.417354613832324,0,0.234085488901119,0.0761328196661163,0.190790680609063
240273.411807,2733866.126422,0.0238095238095238,0.217032967032967,0,0.224175824175824,0.12032967032967,0.414652014652015
240773.411807,2733866.126422,0.0992660550458716,0.134128440366972,0.00018348623853211,0.162935779816514,0.133394495412844,0.470091743119266
241273.411807,2733866.126422,0.189506512566502,0.160521005320125,0.000733810310034856,0.309667950834709,0.11263988259035,0.226930838378279
241773.411807,2733866.126422,0.0934065934065934,0.279304029304029,0.00256410256410256,0.265934065934066,0.0673992673992674,0.291391941391941
242273.411807,2733866.126422,0.1,0.0965137614678899,0.00275229357798165,0.566238532110092,0.0700917431192661,0.164403669724771
242773.411807,2733866.126422,0.173179233168226,0.455329297376628,0.002568336085122,0.0366905155017428,0.0588882773802972,0.273344340487984
243273.411807,2733866.126422,0.383150183150183,0.0423076923076923,0.000183150183150183,0.147252747252747,0.103296703296703,0.323809523809524
243773.411807,2733866.126422,0.269908256880734,0.0260550458715596,0.0372477064220183,0.00146788990825688,0.0128440366972477,0.652477064220183
244273.411807,2733866.126422,0.185654008438819,0.00807191341038342,0.0253164556962025,0.0267840763162722,0.0346725371491469,0.719501008989176
244773.411807,2733866.126422,0.333333333333333,0.052014652014652,0.0472527472527473,0.00201465201465201,0.0153846153846154,0.55
245273.411807,2733866.126422,0.690275229357798,0.0256880733944954,0.00201834862385321,0.00018348623853211,0.00311926605504587,0.278715596330275
245773.411807,2733866.126422,0.510548523206751,0.0091726288754357,0,0.00403595670519171,0.0229315721885892,0.453311319024032
246273.411807,2733866.126422,0.792673992673993,0.00402930402930403,0,0.000183150183150183,0.00201465201465201,0.201098901098901
246773.411807,2733866.126422,0.571192660550459,0.00990825688073394,0,0.00532110091743119,0.0310091743119266,0.38256880733945
247273.411807,2733866.126422,0.641717116125482,0.00953953403045313,0,0.00311869381764814,0.0108237020730141,0.334800953953403
247773.411807,2733866.126422,0.461172161172161,0.00934065934065934,0,0.00347985347985348,0.00677655677655678,0.519230769230769
248273.411807,2733866.126422,0.806788990825688,0.00055045871559633,0,0,0,0.192660550458716
248773.411807,2733866.126422,0.593285635663181,0.00807191341038342,0,0.001284168042561,0.00532012474775271,0.392038158136122
249273.411807,2733866.126422,0.798901098901099,0.00787545787545788,0,0,0.0032967032967033,0.18992673992674
249773.411807,2733866.126422,0.452133580705009,0.00371057513914657,0,0.00148423005565863,0.0111317254174397,0.531539888682746
237773.411807,2733366.126422,0.203296703296703,0.122527472527473,0.000549450549450549,0.359157509157509,0.108608058608059,0.205860805860806
238273.411807,2733366.126422,0.13956043956044,0.274725274725275,0.0131868131868132,0.279487179487179,0.0868131868131868,0.206227106227106
238773.411807,2733366.126422,0.205170517051705,0.167216721672167,0.000183351668500183,0.238723872387239,0.0968096809680968,0.291895856252292
239273.411807,2733366.126422,0.147069597069597,0.203113553113553,0.00714285714285714,0.194322344322344,0.105494505494505,0.342857142857143
239773.411807,2733366.126422,0.0203296703296703,0.141391941391941,0,0.277289377289377,0.123626373626374,0.437362637362637
240273.411807,2733366.126422,0.0133846718005134,0.266776677667767,0,0.161349468280161,0.143564356435644,0.414924825815915
240773.411807,2733366.126422,0.124542124542125,0.148901098901099,0.0305860805860806,0.0750915750915751,0.091025641025641,0.52985347985348
241273.411807,2733366.126422,0.194688644688645,0.120879120879121,0.00238095238095238,0.306043956043956,0.115384615384615,0.260622710622711
241773.411807,2733366.126422,0.186285295196186,0.164833149981665,0.000366703337000367,0.311881188118812,0.0869086908690869,0.24972497249725
242273.411807,2733366.126422,0.237545787545788,0.126556776556777,0.000915750915750916,0.31025641025641,0.0750915750915751,0.2496336996337
242773.411807,2733366.126422,0.321794871794872,0.201831501831502,0.000366300366300366,0.1003663003663,0.0714285714285714,0.304212454212454
243273.411807,2733366.126422,0.219288595526219,0.238173817381738,0,0.00825082508250825,0.0262192885955262,0.508067473414008
243773.411807,2733366.126422,0.346153846153846,0.277838827838828,0.000183150183150183,0.0311355311355311,0.032967032967033,0.311721611721612
244273.411807,2733366.126422,0.278205128205128,0.148168498168498,0.052014652014652,0.0144688644688645,0.0227106227106227,0.484432234432234
244773.411807,2733366.126422,0.623212321232123,0.0555555555555556,0.00715071507150715,0.0137513751375138,0.0177851118445178,0.282544921158783
245273.411807,2733366.126422,0.700732600732601,0.0102564102564103,0.0010989010989011,0,0.00256410256410256,0.285347985347985
245773.411807,2733366.126422,0.706593406593407,0.0137362637362637,0,0.000549450549450549,0.00238095238095238,0.276739926739927
246273.411807,2733366.126422,0.488265493215988,0.068023469013568,0,0.000733406674000733,0.017968463513018,0.425009167583425
246773.411807,2733366.126422,0.481135531135531,0.0212454212454212,0.000183150183150183,0.00238095238095238,0.0324175824175824,0.462637362637363
247273.411807,2733366.126422,0.599267399267399,0.0311355311355311,0.00201465201465201,0.00366300366300366,0.00769230769230769,0.356227106227106
247773.411807,2733366.126422,0.673267326732673,0.0122845617895123,0,0.0033003300330033,0.0113678034470114,0.2997799779978
248273.411807,2733366.126422,0.47032967032967,0.00402930402930403,0,0.000366300366300366,0.00256410256410256,0.522710622710623
248773.411807,2733366.126422,0.54981684981685,0.00860805860805861,0,0.000183150183150183,0.00457875457875458,0.436813186813187
249273.411807,2733366.126422,0.665016501650165,0.000733406674000733,0,0.000366703337000367,0.00293362669600293,0.330949761642831
249773.411807,2733366.126422,0.745276028158577,0.00148203038162282,0,0.000555761393108559,0.00389032975175991,0.248795850314931
237773.411807,2732866.126422,0.129014498073041,0.134520095430354,0.00367039823820885,0.417507799596256,0.0801982015048633,0.235089007157277
238273.411807,2732866.126422,0.115349348982212,0.214744177516963,0.00495140289748762,0.367687511461581,0.0498807995598753,0.247386759581882
238773.411807,2732866.126422,0.160527762506872,0.391790361004215,0.00146600696353308,0.0960234561114165,0.0524097489463075,0.297782664467656
239273.411807,2732866.126422,0.118553863094146,0.350155991925124,0,0.0104606349788952,0.0427601394751331,0.478069370526702
239773.411807,2732866.126422,0.131303869429672,0.181001283697047,0.0022006235099945,0.284247203374289,0.0817898404547955,0.319457179534201
240273.411807,2732866.126422,0.143668682426242,0.351841671247938,0,0.159428257284222,0.0756826094923951,0.269378779549203
240773.411807,2732866.126422,0.255643237291246,0.268673151036887,0,0.0132134336575518,0.0339511837034318,0.428518994310883
241273.411807,2732866.126422,0.272693929946818,0.440674857876398,0,0.0445626260773886,0.0647350082523382,0.177333577847057
241773.411807,2732866.126422,0.27579256001466,0.288803371816016,0.000916254352208173,0.150632215503024,0.0760491112332784,0.207806487080814
242273.411807,2732866.126422,0.231969168654799,0.450174343916315,0,0.097082033400624,0.0748761240594605,0.145898329968802
242773.411807,2732866.126422,0.256372638914359,0.431505593251421,0,0.00953603520997616,0.0456629378323858,0.256922794791858
243273.411807,2732866.126422,0.410481949789262,0.270295033901411,0,0.00366501740883269,0.00659703133589885,0.308960967564596
243773.411807,2732866.126422,0.21563589649477,0.374747660121123,0.00238575885483575,0.0176179115434025,0.0321159845843274,0.357496788401542
244273.411807,2732866.126422,0.194205024757014,0.140289748762149,0.0399779937649001,0.143223913442142,0.160828901522098,0.321474417751696
244773.411807,2732866.126422,0.461425691772036,0.0756826094923951,0.0569910207073484,0.00787978742899029,0.0276708814366868,0.370350009162544
245273.411807,2732866.126422,0.532758304276014,0.110295467058176,0.000917599559552211,0,0.00550559735731327,0.350523031748945
245773.411807,2732866.126422,0.460663854758848,0.109664404914726,0,0.00183385292499542,0.0075187969924812,0.420319090408949
246273.411807,2732866.126422,0.353307678211472,0.0447132123877588,0,0.0113615539673813,0.0437969580355507,0.546820597397838
246773.411807,2732866.126422,0.491833363919985,0.0231235089007157,0,0.0100935951550743,0.0178014314553129,0.457148100568912
247273.411807,2732866.126422,0.612873647533468,0.00770218228498074,0.000183385292499542,0.00311754997249221,0.0117366587199707,0.364386576196589
247773.411807,2732866.126422,0.464724207439985,0.00348176653839106,0.000183250870441635,0.00641378046545721,0.0119113065787062,0.513285688107018
248273.411807,2732866.126422,0.549275096347954,0.00550559735731327,0,0.000917599559552211,0.00385391815011929,0.440447788585062
248773.411807,2732866.126422,0.827067669172932,0.00183385292499542,0,0.00311754997249221,0.00806895286997983,0.1599119750596
249273.411807,2732866.126422,0.703133589884552,0.0218068535825545,0,0.000916254352208173,0.00494777350192413,0.269195528678761
249773.411807,2732866.126422,0.660790499164966,0.0276489144553721,0.000185563184264242,0.000742252737056968,0.00426795323807757,0.306364817220263
237773.411807,2732366.126422,0.129357798165138,0.358899082568807,0.000917431192660551,0.216697247706422,0.0667889908256881,0.227339449541284
238273.411807,2732366.126422,0.108603925885159,0.299944964226747,0.0119244175380664,0.382682076683177,0.0438451660245826,0.152999449642267
238773.411807,2732366.126422,0.120695970695971,0.18992673992674,0.00164835164835165,0.424725274725275,0.0778388278388278,0.185164835164835
239273.411807,2732366.126422,0.0897247706422018,0.10697247706422,0.00073394495412844,0.634311926605505,0.0530275229357798,0.115229357798165
239773.411807,2732366.126422,0.133003118693818,0.171895065125665,0.000183452577508714,0.463768115942029,0.0781507980187122,0.152999449642267
240273.411807,2732366.126422,0.116300366300366,0.34029304029304,0.000366300366300366,0.32985347985348,0.0673992673992674,0.145787545787546
240773.411807,2732366.126422,0.0823853211009174,0.415596330275229,0,0.405504587155963,0.0418348623853211,0.0546788990825688
241273.411807,2732366.126422,0.0669601907906806,0.424325811777655,0.000366905155017428,0.359383599339571,0.0522839845899835,0.0966795083470923
241773.411807,2732366.126422,0.084981684981685,0.63974358974359,0.000183150183150183,0.139377289377289,0.0232600732600733,0.112454212454212
242273.411807,2732366.126422,0.0688073394495413,0.761100917431193,0,0.0392660550458716,0.0271559633027523,0.103669724770642
242773.411807,2732366.126422,0.0511832691249312,0.865162355531095,0,0.0188956154833975,0.01284168042561,0.0519170794349661
243273.411807,2732366.126422,0.212637362637363,0.34981684981685,0,0.104578754578755,0.0697802197802198,0.263186813186813
243773.411807,2732366.126422,0.33743119266055,0.119633027522936,0.00128440366972477,0.0943119266055046,0.126238532110092,0.321100917431193
244273.411807,2732366.126422,0.490185287103284,0.0187121629058888,0.000183452577508714,0.0209135938359934,0.0445789763346175,0.425426527242708
244773.411807,2732366.126422,0.633882783882784,0.0408424908424908,0.00128205128205128,0,0.00164835164835165,0.322344322344322
245273.411807,2732366.126422,0.50954128440367,0.0181651376146789,0,0,0,0.472293577981651
245773.411807,2732366.126422,0.678407631627224,0.0306365804439552,0.000733810310034856,0.000733810310034856,0.0119244175380664,0.277563749770684
246273.411807,2732366.126422,0.42967032967033,0.16007326007326,0,0.0485347985347985,0.0591575091575092,0.302564102564103
246773.411807,2732366.126422,0.736880733944954,0.0576146788990826,0.00477064220183486,0.0055045871559633,0.0154128440366972,0.179816513761468
247273.411807,2732366.126422,0.725371491469455,0.00880572372041827,0.00091726288754357,0.000183452577508714,0.00440286186020914,0.260319207484865
247773.411807,2732366.126422,0.682967032967033,0.0133699633699634,0,0.00128205128205128,0.00238095238095238,0.3
248273.411807,2732366.126422,0.652660550458716,0.00513761467889908,0,0.00128440366972477,0.00587155963302752,0.335045871559633
248773.411807,2732366.126422,0.520454962392222,0.106035589800037,0.021830856723537,0.0091726288754357,0.0436617134470739,0.298844248761695
249273.411807,2732366.126422,0.444139194139194,0.111172161172161,0.0166666666666667,0.00586080586080586,0.0265567765567766,0.395604395604396
249773.411807,2732366.126422,0.480890538033395,0.0578849721706865,0.063265306122449,0.0226345083487941,0.0246753246753247,0.350649350649351
237773.411807,2731866.126422,0.121428571428571,0.121062271062271,0.00201465201465201,0.556593406593407,0.0703296703296703,0.128571428571429
238273.411807,2731866.126422,0.121062271062271,0.140659340659341,0.00311355311355311,0.585714285714286,0.047985347985348,0.101465201465201
238773.411807,2731866.126422,0.0562889622295563,0.288228822882288,0.0104510451045105,0.500916758342501,0.0313531353135314,0.112761276127613
239273.411807,2731866.126422,0.106959706959707,0.153296703296703,0.00274725274725275,0.551098901098901,0.0741758241758242,0.111721611721612
239773.411807,2731866.126422,0.107692307692308,0.203846153846154,0.000366300366300366,0.475457875457875,0.0783882783882784,0.134249084249084
240273.411807,2731866.126422,0.101943527686102,0.143931059772644,0.00128346167950128,0.459112577924459,0.0995599559955996,0.194169416941694
240773.411807,2731866.126422,0.0954212454212454,0.0873626373626374,0.000183150183150183,0.685714285714286,0.0811355311355311,0.0501831501831502
241273.411807,2731866.126422,0.0846153846153846,0.0932234432234432,0,0.697985347985348,0.0747252747252747,0.0494505494505494
241773.411807,2731866.126422,0.187385405207187,0.229006233956729,0,0.275577557755776,0.0870920425375871,0.220938760542721
242273.411807,2731866.126422,0.0897435897435897,0.609157509157509,0,0.0802197802197802,0.0395604395604396,0.181318681318681
242773.411807,2731866.126422,0.0798534798534798,0.645238095238095,0,0.122161172161172,0.0338827838827839,0.118864468864469
243273.411807,2731866.126422,0.057022368903557,0.667583425009168,0,0.024019068573524,0.0273193986065273,0.224055738907224
243773.411807,2731866.126422,0.476739926739927,0.144139194139194,0,0.00695970695970696,0.015018315018315,0.357142857142857
244273.411807,2731866.126422,0.667216117216117,0.0108058608058608,0,0.000732600732600733,0.00274725274725275,0.318498168498168
