"x","y","forest","agri","water","built","other","grass"
152773.411807,2558366.126422,0.0737209302325581,0.0158139534883721,0.298837209302326,0.558372093023256,0.0532558139534884,0
153273.411807,2558366.126422,0.0020910780669145,0.000697026022304833,0.990473977695167,0.00534386617100372,0.00139405204460967,0
153773.411807,2558366.126422,0,0,0.390130353817505,0.609869646182495,0,0
154273.411807,2558366.126422,0,0,0,1,0,0
154773.411807,2558366.126422,0,0,0,1,0,0
155273.411807,2558366.126422,0.0102420856610801,0.0281657355679702,0,0.912243947858473,0.0465549348230912,0.00279329608938547
155773.411807,2558366.126422,0,0.0427906976744186,0.0262790697674419,0.850232558139535,0.0583720930232558,0.0223255813953488
156273.411807,2558366.126422,0,0.0297397769516729,0.524860594795539,0.391031598513011,0.0236988847583643,0.0306691449814126
156773.411807,2558366.126422,0,0.0400372439478585,0.792830540037244,0.124767225325885,0.0153631284916201,0.0270018621973929
157273.411807,2558366.126422,0,0.0183720930232558,0.721627906976744,0.212325581395349,0.046046511627907,0.00162790697674419
157773.411807,2558366.126422,0.00325278810408922,0.046003717472119,0.796236059479554,0.105483271375465,0.0299721189591078,0.0190520446096654
158273.411807,2558366.126422,0.0116387337057728,0.0966014897579143,0.583566108007449,0.123370577281192,0.0726256983240224,0.11219739292365
158773.411807,2558366.126422,0.000232558139534884,0.0655813953488372,0.680697674418605,0.0576744186046512,0.102093023255814,0.0937209302325581
159273.411807,2558366.126422,0.00604089219330855,0.0439126394052045,0.566682156133829,0.154275092936803,0.0652881040892193,0.163801115241636
159773.411807,2558366.126422,0.00861266294227188,0.184357541899441,0.422020484171322,0.0421322160148976,0.0595903165735568,0.28328677839851
160273.411807,2558366.126422,0.0310358726320032,0.140266021765417,0.370818218460298,0.107617896009674,0.0616686819830713,0.288593309149536
152773.411807,2557866.126422,0,0.00238095238095238,0.791025641025641,0.203846153846154,0.00274725274725275,0
153273.411807,2557866.126422,0,0,0.574440777411074,0.425559222588926,0,0
153773.411807,2557866.126422,0,0,0.0294871794871795,0.970512820512821,0,0
154273.411807,2557866.126422,0.0010989010989011,0.0327838827838828,0,0.898717948717949,0.0357142857142857,0.0316849816849817
154773.411807,2557866.126422,0.0033003300330033,0.0251191785845251,0,0.916941694169417,0.0363036303630363,0.0183351668500183
155273.411807,2557866.126422,0.0333333333333333,0.0886446886446886,0.409340659340659,0.427289377289377,0.0402930402930403,0.0010989010989011
155773.411807,2557866.126422,0,0.0587912087912088,0.671245421245421,0.178754578754579,0.065018315018315,0.0261904761904762
156273.411807,2557866.126422,0,0.0194352768610194,0.798496516318299,0.13953061972864,0.0359369270260359,0.0066006600660066
156773.411807,2557866.126422,0.0043956043956044,0.0366300366300366,0.698717948717949,0.0672161172161172,0.0265567765567766,0.166483516483516
157273.411807,2557866.126422,0.00549450549450549,0.0177655677655678,0.854212454212454,0.0886446886446886,0.0324175824175824,0.00146520146520147
157773.411807,2557866.126422,0.0022002200220022,0.096993032636597,0.679317931793179,0.0843417675100843,0.0594059405940594,0.0777411074440777
158273.411807,2557866.126422,0,0.0509157509157509,0.4996336996337,0.238095238095238,0.10018315018315,0.111172161172161
158773.411807,2557866.126422,0.0032967032967033,0.13003663003663,0.528205128205128,0.0732600732600733,0.0701465201465201,0.195054945054945
159273.411807,2557866.126422,0.000183351668500183,0.052988632196553,0.644114411441144,0.166666666666667,0.0603226989365603,0.0757242390905757
159773.411807,2557866.126422,0.000915750915750916,0.13040293040293,0.155311355311355,0.362454212454212,0.0992673992673993,0.251648351648352
160273.411807,2557866.126422,0.000628338045868677,0.0813697769399937,0.523091423185674,0.205466540999058,0.0794847628023877,0.109959158027019
152273.411807,2557366.126422,0,0,0.995044962378418,0.00495503762158194,0,0
152773.411807,2557366.126422,0,0.00128369704749679,0.599486521181001,0.394828534751513,0.004401247019989,0
153273.411807,2557366.126422,0.000733003481766538,0.0670698185816383,0.164559281656588,0.715777899945025,0.0263881253435954,0.0254718709913872
153773.411807,2557366.126422,0,0.0739585244999082,0.00220223894292531,0.868049183336392,0.0262433474031932,0.0295467058175812
154273.411807,2557366.126422,0,0.0432789290298918,0.1998899688245,0.725288831835687,0.0242068586099395,0.00733541169998166
154773.411807,2557366.126422,0.00274876305662452,0.0643210555250137,0.570826461425692,0.300348176653839,0.0307861462341946,0.0309693971046362
155273.411807,2557366.126422,0.019086070838686,0.0924940356028629,0.593870434942191,0.115434024591668,0.112864745824922,0.0662506881996697
155773.411807,2557366.126422,0.0133871263524665,0.144324225197139,0.439574546121401,0.041995231982395,0.0900421786172749,0.270676691729323
156273.411807,2557366.126422,0,0.140003665017409,0.433388308594466,0.279824079164376,0.0395821880153931,0.107201759208356
156773.411807,2557366.126422,0.000550559735731327,0.0721233253808038,0.343916314920169,0.350523031748945,0.0631308496971921,0.169755918517159
157273.411807,2557366.126422,0.000183385292499542,0.0254905556574363,0.695397029158262,0.232715936181918,0.0242068586099395,0.022006235099945
157773.411807,2557366.126422,0,0.0494777350192413,0.758108851017042,0.0808136338647609,0.0447132123877588,0.0668865677111966
158273.411807,2557366.126422,0.00165167920719398,0.0715727656450725,0.711139658652964,0.108827307762892,0.0546889337493118,0.0521196549825656
158773.411807,2557366.126422,0,0.0533651201173666,0.605721621125986,0.214560792224464,0.105629928479736,0.0207225380524482
159273.411807,2557366.126422,0.00128275609309144,0.0461792193512919,0.370533260032985,0.451713395638629,0.0753161077515118,0.0549752611324904
159773.411807,2557366.126422,0.00642319691686548,0.0735914846760874,0.00385391815011929,0.683061112130666,0.100935951550743,0.132134336575518
160273.411807,2557366.126422,0.0147845234350425,0.168606480025165,0.484114501415539,0.0528468071720667,0.0581944007549544,0.221453287197232
151773.411807,2556866.126422,0,0.0153846153846154,0.637728937728938,0.295787545787546,0.00860805860805861,0.0424908424908425
152273.411807,2556866.126422,0,0.0181651376146789,0.666788990825688,0.240550458715596,0.00642201834862385,0.0680733944954128
152773.411807,2556866.126422,0,0.104017611447441,0.203632361034673,0.518070078884608,0.0216474041460283,0.15263254448725
153273.411807,2556866.126422,0.00183150183150183,0.0463369963369963,0.585164835164835,0.347069597069597,0.0179487179487179,0.00164835164835165
153773.411807,2556866.126422,0.00201834862385321,0.0524770642201835,0.53394495412844,0.349724770642202,0.055045871559633,0.00678899082568807
154273.411807,2556866.126422,0,0.0293524124013942,0.786461199779857,0.140524674371675,0.0346725371491469,0.00898917629792699
154773.411807,2556866.126422,0,0.0177655677655678,0.882783882783883,0.0624542124542125,0.0307692307692308,0.00622710622710623
155273.411807,2556866.126422,0.0104587155963303,0.0546788990825688,0.660733944954128,0.0878899082568807,0.0702752293577982,0.115963302752294
155773.411807,2556866.126422,0,0.084021280498991,0.62905888827738,0.0473307649972482,0.0234819299211154,0.216107136305265
156273.411807,2556866.126422,0,0.0743589743589744,0.655128205128205,0.0587912087912088,0.0230769230769231,0.188644688644689
156773.411807,2556866.126422,0.00146788990825688,0.0398165137614679,0.726788990825688,0.155229357798165,0.0497247706422018,0.0269724770642202
157273.411807,2556866.126422,0,0.0273344340487984,0.88295725554944,0.0427444505595304,0.0284351495138507,0.0185287103283801
157773.411807,2556866.126422,0.0010989010989011,0.0318681318681319,0.817582417582418,0.0796703296703297,0.034981684981685,0.0347985347985348
158273.411807,2556866.126422,0,0.111192660550459,0.661467889908257,0.100917431192661,0.0708256880733945,0.0555963302752294
158773.411807,2556866.126422,0.00091726288754357,0.0996147495872317,0.606861126398826,0.119977985690699,0.0697119794533113,0.102916895982389
159273.411807,2556866.126422,0.0498168498168498,0.0686813186813187,0.356776556776557,0.220695970695971,0.144139194139194,0.15989010989011
159773.411807,2556866.126422,0.00770642201834862,0.110642201834862,0.192844036697248,0.353211009174312,0.0570642201834862,0.278532110091743
160273.411807,2556866.126422,0.00692477179729304,0.0808939250865597,0.700975763298709,0.0380862448851117,0.0522505508341202,0.120868744098206
151773.411807,2556366.126422,0.00403373670700403,0.0935093509350935,0.420608727539421,0.196736340300697,0.0298863219655299,0.255225522552255
152273.411807,2556366.126422,0,0.146153846153846,0.362820512820513,0.26996336996337,0.0576923076923077,0.163369963369963
152773.411807,2556366.126422,0,0.0672161172161172,0.641941391941392,0.224358974358974,0.0313186813186813,0.0351648351648352
153273.411807,2556366.126422,0,0.0414374770810414,0.67968463513018,0.253575357535754,0.0177851118445178,0.00751741840850752
153773.411807,2556366.126422,0,0.0210622710622711,0.668864468864469,0.296703296703297,0.0126373626373626,0.000732600732600733
154273.411807,2556366.126422,0,0.015018315018315,0.788461538461538,0.167765567765568,0.0245421245421245,0.00421245421245421
154773.411807,2556366.126422,0,0.130729739640631,0.735423542354235,0.0777411074440777,0.0198019801980198,0.0363036303630363
155273.411807,2556366.126422,0.00879120879120879,0.313736263736264,0.467216117216117,0.0346153846153846,0.135347985347985,0.0402930402930403
155773.411807,2556366.126422,0.00164835164835165,0.305311355311355,0.538827838827839,0.0228937728937729,0.0769230769230769,0.0543956043956044
156273.411807,2556366.126422,0,0.162266226622662,0.605243857719105,0.125412541254125,0.0715071507150715,0.0355702236890356
156773.411807,2556366.126422,0.00293040293040293,0.125824175824176,0.521794871794872,0.0888278388278388,0.0816849816849817,0.178937728937729
157273.411807,2556366.126422,0,0.0904761904761905,0.666666666666667,0.153846153846154,0.0714285714285714,0.0175824175824176
157773.411807,2556366.126422,0,0.0773744041070774,0.735056839017235,0.061972863953062,0.0495049504950495,0.0760909424275761
158273.411807,2556366.126422,0.00256410256410256,0.0985347985347985,0.666666666666667,0.058974358974359,0.060989010989011,0.112271062271062
158773.411807,2556366.126422,0.0304029304029304,0.210805860805861,0.285531135531136,0.0470695970695971,0.0776556776556777,0.348534798534799
159273.411807,2556366.126422,0.138247158049138,0.334250091675834,0.115328199486615,0.0887422075540887,0.124862486248625,0.198569856985699
159773.411807,2556366.126422,0.166849816849817,0.276190476190476,0.0201465201465201,0.0679487179487179,0.0750915750915751,0.393772893772894
160273.411807,2556366.126422,0.0678605089538172,0.120640904806786,0.265472824379516,0.1875589066918,0.16368206094879,0.19478479421929
151273.411807,2555866.126422,0,0.0555657436273611,0.506326792591234,0.251054465431872,0.0386942967174033,0.148358701632129
151773.411807,2555866.126422,0,0.164925783397471,0.22869708631116,0.199193696170057,0.0267546270844787,0.380428807036833
152273.411807,2555866.126422,0,0.106074509084236,0.633327216002936,0.113231785648743,0.0423930996513122,0.104973389612773
152773.411807,2555866.126422,0,0.0282413350449294,0.910324591967724,0.0447460113698881,0.0119200440124702,0.00476801760498808
153273.411807,2555866.126422,0,0.0155763239875389,0.613157412497709,0.350742166025289,0.0194245922668133,0.00109950522264981
153773.411807,2555866.126422,0,0.00917599559552211,0.581574600844192,0.397137089374197,0.0113782345384474,0.000734079647641769
154273.411807,2555866.126422,0.000183385292499542,0.0627177700348432,0.881533101045296,0.0254905556574363,0.0177883733724555,0.0122868145974693
154773.411807,2555866.126422,0.0163093274693055,0.380612057907275,0.48763056624519,0.0192413413963716,0.0414146967198094,0.0547920102620487
155273.411807,2555866.126422,0.00220223894292531,0.212149018168471,0.695723986052487,0.0183519911910442,0.0201871903101487,0.0513855753349238
155773.411807,2555866.126422,0.0115532734274711,0.18008435723455,0.440858243168898,0.0236567027324409,0.0445626260773886,0.299284797359252
156273.411807,2555866.126422,0.00916254352208173,0.164559281656588,0.393989371449514,0.13120762323621,0.068719076415613,0.232362103719993
156773.411807,2555866.126422,0.028629106258029,0.0956138741053404,0.426133235456047,0.167553679574234,0.108827307762892,0.173242796843458
157273.411807,2555866.126422,0.00458463231248854,0.133321107647167,0.453328443058867,0.061984228864845,0.0880249403997799,0.258756647716853
157773.411807,2555866.126422,0.0172255818215137,0.221000549752611,0.275609309144218,0.0465457210921752,0.132673630199743,0.306945207989738
158273.411807,2555866.126422,0.0201871903101487,0.452560102771151,0.148100568911727,0.0499174160396403,0.130849697192145,0.198385024775188
158773.411807,2555866.126422,0.0550155877498625,0.534017971758665,0.0148542086924629,0.0418118466898955,0.057582981844856,0.296717403264258
159273.411807,2555866.126422,0.152831225948323,0.469305479201026,0,0.0628550485614807,0.0885101704233095,0.22649807586586
159773.411807,2555866.126422,0.121123141860892,0.163883281336025,0.00880895577170123,0.115617544503579,0.177830794641219,0.412736281886585
160273.411807,2555866.126422,0.144385026737968,0.210443535703051,0,0.0301981755268953,0.127083988675684,0.487889273356401
151273.411807,2555366.126422,0.002568336085122,0.0886075949367089,0.57769216657494,0.0726472206934507,0.0596220876903321,0.198862594019446
151773.411807,2555366.126422,0,0.306959706959707,0.354761904761905,0.159157509157509,0.00567765567765568,0.173443223443223
152273.411807,2555366.126422,0.00055045871559633,0.160550458715596,0.721467889908257,0.0376146788990826,0.0502752293577982,0.0295412844036697
152773.411807,2555366.126422,0.000550357732526142,0.0174279948633278,0.915978719501009,0.0537516052100532,0.00807191341038342,0.00421940928270042
153273.411807,2555366.126422,0,0.00421245421245421,0.782417582417582,0.194322344322344,0.0188644688644689,0.000183150183150183
153773.411807,2555366.126422,0,0.0370642201834862,0.746605504587156,0.165137614678899,0.0425688073394495,0.00862385321100917
154273.411807,2555366.126422,0.000366905155017428,0.112823335167859,0.702806824435883,0.117593102183086,0.0467804072647221,0.0196294257934324
154773.411807,2555366.126422,0.0706959706959707,0.386446886446886,0.396703296703297,0.0406593406593407,0.0637362637362637,0.0417582417582418
155273.411807,2555366.126422,0.0203669724770642,0.182752293577982,0.546605504587156,0.0152293577981651,0.0236697247706422,0.211376146788991
155773.411807,2555366.126422,0.0091726288754357,0.124931205283434,0.707760044028619,0.00752155567785727,0.0359567051917079,0.114657860942946
156273.411807,2555366.126422,0.00860805860805861,0.301465201465201,0.363369963369963,0.111721611721612,0.0496336996336996,0.165201465201465
156773.411807,2555366.126422,0.00532110091743119,0.122752293577982,0.458348623853211,0.0748623853211009,0.163119266055046,0.175596330275229
157273.411807,2555366.126422,0.0106402494955054,0.141625389836727,0.45643001284168,0.116675839295542,0.112456430012842,0.162172078517703
157773.411807,2555366.126422,0.0644688644688645,0.4496336996337,0.246336996336996,0.0518315018315018,0.0743589743589744,0.113369963369963
158273.411807,2555366.126422,0.0106422018348624,0.448256880733945,0.0955963302752294,0.122385321100917,0.13302752293578,0.190091743119266
158773.411807,2555366.126422,0.0078884608328747,0.651623555310952,0.117409649605577,0.0374243258117777,0.0774169877086773,0.108237020730141
159273.411807,2555366.126422,0.108241758241758,0.275824175824176,0.173443223443223,0.0615384615384615,0.105860805860806,0.275091575091575
159773.411807,2555366.126422,0.0506422018348624,0.360733944954128,0,0.222935779816514,0.147155963302752,0.218532110091743
160273.411807,2555366.126422,0.0258105130626377,0.560591753226314,0,0.0173119294932326,0.095687755744413,0.300598048473403
151273.411807,2554866.126422,0.0021978021978022,0.0826007326007326,0.588278388278388,0.102380952380952,0.0675824175824176,0.156959706959707
151773.411807,2554866.126422,0,0.192335900256692,0.38008800880088,0.0925925925925926,0.0139347268060139,0.321048771543821
152273.411807,2554866.126422,0,0.129304029304029,0.778388278388278,0.0117216117216117,0.0327838827838828,0.0478021978021978
152773.411807,2554866.126422,0.000549450549450549,0.0146520146520147,0.893223443223443,0.0727106227106227,0.0177655677655678,0.0010989010989011
153273.411807,2554866.126422,0.00183351668500183,0.0119178584525119,0.894022735606894,0.083975064173084,0.0077007700770077,0.00055005500550055
153773.411807,2554866.126422,0.00164835164835165,0.00531135531135531,0.856227106227106,0.111721611721612,0.0250915750915751,0
154273.411807,2554866.126422,0.000366300366300366,0.0489010989010989,0.849450549450549,0.0575091575091575,0.0353479853479853,0.00842490842490842
154773.411807,2554866.126422,0.0172350568390172,0.0720572057205721,0.668500183351668,0.0757242390905757,0.0841584158415842,0.0823248991565823
155273.411807,2554866.126422,0.00531135531135531,0.0880952380952381,0.537545787545788,0.056959706959707,0.0478021978021978,0.264285714285714
155773.411807,2554866.126422,0.0294871794871795,0.131501831501832,0.47948717948718,0.0421245421245421,0.0796703296703297,0.237728937728938
156273.411807,2554866.126422,0.0102676934360103,0.127979464613128,0.261642830949762,0.204620462046205,0.05995599559956,0.335533553355336
156773.411807,2554866.126422,0.0326007326007326,0.105128205128205,0.468681318681319,0.119047619047619,0.166300366300366,0.108241758241758
157273.411807,2554866.126422,0.00128205128205128,0.107875457875458,0.4996336996337,0.0974358974358974,0.114102564102564,0.17967032967033
157773.411807,2554866.126422,0.166666666666667,0.31958195819582,0.0209020902090209,0.128346167950128,0.161532819948662,0.202970297029703
158273.411807,2554866.126422,0.0206959706959707,0.530586080586081,0.0673992673992674,0.184798534798535,0.0996336996336996,0.0968864468864469
158773.411807,2554866.126422,0.01996336996337,0.734432234432234,0,0.102197802197802,0.101831501831502,0.0415750915750916
159273.411807,2554866.126422,0.0181518151815182,0.290795746241291,0.255042170883755,0.0825082508250825,0.135496883021635,0.218005133846718
159773.411807,2554866.126422,0.0141025641025641,0.172527472527473,0.274542124542125,0.0732600732600733,0.147069597069597,0.318498168498168
160273.411807,2554866.126422,0.0527803958529689,0.141061891297518,0.1354068488847,0.144203581526861,0.183160540370719,0.343386742067232
151273.411807,2554366.126422,0,0.0850907757197873,0.573629194938566,0.211443242251971,0.0179717586649551,0.11186502842472
151773.411807,2554366.126422,0.00219901044529962,0.184716877405168,0.327469305479201,0.0729338464357706,0.0595565328935312,0.35312442734103
152273.411807,2554366.126422,0,0.0273444668746559,0.927509634795375,0.0167003119838502,0.019086070838686,0.00935951550743256
152773.411807,2554366.126422,0.000550155877498625,0.0300751879699248,0.715019255455712,0.222813130386943,0.0187052998349532,0.0128369704749679
153273.411807,2554366.126422,0,0.0307861462341946,0.879237676378963,0.0648708081363387,0.0234561114165292,0.00164925783397471
153773.411807,2554366.126422,0,0.0385391815011929,0.677555514773353,0.233437327950083,0.0367039823820885,0.0137639933932832
154273.411807,2554366.126422,0.00696864111498258,0.0649183935448377,0.656519347148359,0.219328809829452,0.0251237850724372,0.0271410232899321
154773.411807,2554366.126422,0.00311526479750779,0.0533260032985157,0.80043980208906,0.0472787245739417,0.0478284771852666,0.0480117280557083
155273.411807,2554366.126422,0.0106441548908057,0.0877225178931914,0.510001835199119,0.0383556615892824,0.0552394934850431,0.298036336942558
155773.411807,2554366.126422,0.0286081056299285,0.428938199156428,0.213827251054465,0.0368604437924078,0.0597836053548505,0.23198239501192
156273.411807,2554366.126422,0.00824628916987356,0.167674546454096,0.285504856148067,0.174821330401319,0.193512919186366,0.170240058640279
156773.411807,2554366.126422,0.025325747843641,0.0262433474031932,0.0688199669664159,0.318590567076528,0.268489631124977,0.292530739585245
157273.411807,2554366.126422,0.0163212910324592,0.0638180817898405,0.191454245369521,0.293783238584266,0.258206491839354,0.176416651384559
157773.411807,2554366.126422,0.017042330951072,0.166941542972329,0.124244090159428,0.223749312809236,0.185633131757376,0.282389591350559
158273.411807,2554366.126422,0.000367039823820885,0.278583226280051,0.239493485043127,0.194714626536979,0.131400256927877,0.155441365388145
158773.411807,2554366.126422,0.0130203557674674,0.291766000366771,0.413533834586466,0.10416284613974,0.0674857876398313,0.110031175499725
159273.411807,2554366.126422,0.00751328568810702,0.0575407733186733,0.517133956386293,0.0989554700384827,0.100238226131574,0.21861828843687
159773.411807,2554366.126422,0.0110111947146265,0.0924940356028629,0.494586162598642,0.144613690585429,0.121123141860892,0.136171774637548
160273.411807,2554366.126422,0,0.0603963510537905,0.564328405158855,0.124252909720038,0.0987731991192199,0.152249134948097
151273.411807,2553866.126422,0.00165107319757843,0.0541185103650706,0.497523390203632,0.386901485965878,0.0344890845716382,0.0253164556962025
151773.411807,2553866.126422,0.000366300366300366,0.0943223443223443,0.52967032967033,0.285897435897436,0.0274725274725275,0.0622710622710623
152273.411807,2553866.126422,0.00018348623853211,0.0192660550458716,0.882018348623853,0.088256880733945,0.00990825688073394,0.00036697247706422
152773.411807,2553866.126422,0.00293524124013942,0.0939277196844616,0.60337552742616,0.28673637864612,0.00733810310034856,0.00568702990277013
153273.411807,2553866.126422,0.000915750915750916,0.0377289377289377,0.811172161172161,0.106959706959707,0.0302197802197802,0.013003663003663
153773.411807,2553866.126422,0.00403669724770642,0.0225688073394495,0.828990825688073,0.11045871559633,0.02,0.0139449541284404
154273.411807,2553866.126422,0,0.0764997248211337,0.694001100715465,0.0695285268758026,0.0566868464501926,0.103283801137406
154773.411807,2553866.126422,0.0021978021978022,0.136813186813187,0.561355311355311,0.0619047619047619,0.060989010989011,0.176739926739927
155273.411807,2553866.126422,0.00935779816513761,0.0900917431192661,0.401100917431193,0.0194495412844037,0.053394495412844,0.426605504587156
155773.411807,2553866.126422,0.000366905155017428,0.106585947532563,0.428361768482847,0.0662263804806457,0.138873601174097,0.25958539717483
156273.411807,2553866.126422,0,0.139010989010989,0.0692307692307692,0.495787545787546,0.147985347985348,0.147985347985348
156773.411807,2553866.126422,0.0190825688073394,0.0625688073394495,0.235045871559633,0.342201834862385,0.173211009174312,0.167889908256881
157273.411807,2553866.126422,0,0.0849385433865346,0.651623555310952,0.0957622454595487,0.0431113557145478,0.124564300128417
157773.411807,2553866.126422,0.0106227106227106,0.0146520146520147,0.472344322344322,0.213003663003663,0.0318681318681319,0.257509157509157
158273.411807,2553866.126422,0.00110091743119266,0.0607339449541284,0.217064220183486,0.0970642201834862,0.0970642201834862,0.52697247706422
158773.411807,2553866.126422,0.000733810310034856,0.335901669418455,0.160154100165107,0.252247294074482,0.120895248578243,0.130067877453678
159273.411807,2553866.126422,0,0.334798534798535,0.0893772893772894,0.248168498168498,0.121978021978022,0.205677655677656
159773.411807,2553866.126422,0,0.424770642201835,0.188256880733945,0.0462385321100917,0.156330275229358,0.184403669724771
160273.411807,2553866.126422,0.0056657223796034,0.439093484419263,0.263456090651558,0.10576015108593,0.107333962858042,0.0786905886056028
151273.411807,2553366.126422,0.00238095238095238,0.0987179487179487,0.194688644688645,0.610805860805861,0.0183150183150183,0.0750915750915751
151773.411807,2553366.126422,0,0.0755408874220755,0.471580491382472,0.378437843784378,0.0271360469380271,0.0473047304730473
152273.411807,2553366.126422,0,0.0366300366300366,0.246703296703297,0.644505494505495,0.0157509157509158,0.0564102564102564
152773.411807,2553366.126422,0.0032967032967033,0.0287545787545788,0.371978021978022,0.541758241758242,0.00750915750915751,0.0467032967032967
153273.411807,2553366.126422,0,0.0473047304730473,0.614044737807114,0.27026035936927,0.0183351668500183,0.0500550055005501
153773.411807,2553366.126422,0.00164835164835165,0.136630036630037,0.64010989010989,0.134798534798535,0.0298534798534799,0.056959706959707
154273.411807,2553366.126422,0,0.115750915750916,0.594322344322344,0.0756410256410256,0.0776556776556777,0.136630036630037
154773.411807,2553366.126422,0,0.121562156215622,0.548588192152549,0.0801246791345801,0.0542720938760543,0.195452878621195
155273.411807,2553366.126422,0,0.125641025641026,0.258058608058608,0.0212454212454212,0.0404761904761905,0.554578754578755
155773.411807,2553366.126422,0,0.334065934065934,0.0421245421245421,0.106593406593407,0.13992673992674,0.377289377289377
156273.411807,2553366.126422,0.00256692335900257,0.851485148514851,0.0146681334800147,0.0452878621195453,0.0256692335900257,0.0603226989365603
156773.411807,2553366.126422,0.0021978021978022,0.0866300366300366,0.750915750915751,0.11007326007326,0.0133699633699634,0.0368131868131868
157273.411807,2553366.126422,0.0487179487179487,0.0730769230769231,0.315567765567766,0.25018315018315,0.0824175824175824,0.23003663003663
157773.411807,2553366.126422,0.00733406674000733,0.116428309497616,0.367070040337367,0.149248258159149,0.121562156215622,0.238357169050238
158273.411807,2553366.126422,0,0.147252747252747,0.0302197802197802,0.0274725274725275,0.0820512820512821,0.713003663003663
158773.411807,2553366.126422,0.0241758241758242,0.614652014652015,0.00201465201465201,0.106776556776557,0.0575091575091575,0.194871794871795
159273.411807,2553366.126422,0.0291529152915292,0.721122112211221,0,0.0436376971030436,0.0506050605060506,0.155482214888155
159773.411807,2553366.126422,0.0104395604395604,0.625274725274725,0,0.0604395604395604,0.078021978021978,0.225824175824176
160273.411807,2553366.126422,0.0345585925227773,0.630537229029218,0.00157084511467169,0.0358152686145146,0.0534087338988376,0.244109330819981
151273.411807,2552866.126422,0,0.0324591967724189,0,0.942417018155144,0.00293416467999266,0.0221896203924445
151773.411807,2552866.126422,0.00128275609309144,0.0111783030969397,0.443100604727872,0.494044346710647,0.0223566061938794,0.0280373831775701
152273.411807,2552866.126422,0,0.00220223894292531,0.741787483942008,0.255276197467425,0,0.000734079647641769
152773.411807,2552866.126422,0,0.00293416467999266,0.775536401980561,0.221346048046947,0.000183385292499542,0
153273.411807,2552866.126422,0,0.0864944108484515,0.720542422576507,0.0624885468205974,0.0249221183800623,0.105552501374382
153773.411807,2552866.126422,0,0.10790970820334,0.674802716094696,0.0778124426500275,0.00880895577170123,0.130666177280235
154273.411807,2552866.126422,0.000733541169998166,0.0652851641298368,0.656702732440858,0.0432789290298918,0.0253071703649367,0.208692462864478
154773.411807,2552866.126422,0.000366501740883269,0.0700018325087044,0.741982774418179,0.0844786512735936,0.0538757559098406,0.0492944841487997
155273.411807,2552866.126422,0,0.190493668563039,0.236740686364471,0.0979996329601762,0.117269223710773,0.357496788401542
155773.411807,2552866.126422,0,0.308454061984229,0.0597836053548505,0.134971575279663,0.22391344214194,0.272877315239318
156273.411807,2552866.126422,0,0.217885284955104,0.543338830859447,0.156862745098039,0.0357339197361187,0.0461792193512919
156773.411807,2552866.126422,0,0.00679023674068636,0.68049183336392,0.296017617911543,0.0119287942741787,0.0047715177096715
157273.411807,2552866.126422,0.0278745644599303,0.070419952319824,0.442875481386393,0.225197139189437,0.0973775903172566,0.136255272327159
157773.411807,2552866.126422,0.0929081913139087,0.105919003115265,0.0536925050393989,0.0274876305662452,0.102803738317757,0.617188931647425
158273.411807,2552866.126422,0.121123141860892,0.235089007157277,0.093778674986236,0.0255092677555515,0.123875940539549,0.400623967700496
158773.411807,2552866.126422,0.0172382174949569,0.123051531267192,0.131487254722171,0.246836603704383,0.170364936732074,0.311021456079222
159273.411807,2552866.126422,0.0850284038849184,0.56386292834891,0.00733003481766538,0.0819131390874107,0.0557082646142569,0.206157229246839
159773.411807,2552866.126422,0.125160579922922,0.240411084602679,0.00330335841438796,0.240044044778859,0.200036703982382,0.19104422829877
160273.411807,2552866.126422,0.0377477194086191,0.242843661528783,0.00125825731362064,0.178357974205725,0.204781377791758,0.335011009751494
151273.411807,2552366.126422,0,0,0,1,0,0
151773.411807,2552366.126422,0,0.0241758241758242,0.245054945054945,0.689010989010989,0.0146520146520147,0.0271062271062271
152273.411807,2552366.126422,0.0104587155963303,0.0141284403669725,0.630825688073394,0.267706422018349,0.041651376146789,0.0352293577981651
152773.411807,2552366.126422,0,0,0.625389836727206,0.374610163272794,0,0
153273.411807,2552366.126422,0.000732600732600733,0.0937728937728938,0.572710622710623,0.235347985347985,0.0401098901098901,0.0573260073260073
153773.411807,2552366.126422,0.000917431192660551,0.139449541284404,0.684587155963303,0.0377981651376147,0.0310091743119266,0.106238532110092
154273.411807,2552366.126422,0.00421940928270042,0.0513667217024399,0.587231700605394,0.0506329113924051,0.0691616217207852,0.237387635296276
154773.411807,2552366.126422,0,0.0873626373626374,0.698901098901099,0.0967032967032967,0.0587912087912088,0.0582417582417582
155273.411807,2552366.126422,0,0.251009174311927,0.284587155963303,0.119082568807339,0.135412844036697,0.209908256880734
155773.411807,2552366.126422,0.00935608145294441,0.270225646670336,0.128233351678591,0.122179416620804,0.180517336268575,0.289488167308751
156273.411807,2552366.126422,0,0,0.778388278388278,0.221611721611722,0,0
156773.411807,2552366.126422,0.0212844036697248,0.0495412844036697,0.525504587155963,0.179266055045872,0.17302752293578,0.0513761467889908
157273.411807,2552366.126422,0.00220143093010457,0.0777838928636947,0.222344523940561,0.167859108420473,0.185837461016327,0.343973582828839
157773.411807,2552366.126422,0.00824175824175824,0.0584249084249084,0.307875457875458,0.108058608058608,0.131868131868132,0.385531135531136
158273.411807,2552366.126422,0.00495412844036697,0.061651376146789,0.485321100917431,0.169174311926606,0.0728440366972477,0.20605504587156
158773.411807,2552366.126422,0.0266006237387635,0.144560631076867,0.323059988992845,0.171344707393139,0.146028251696936,0.188405797101449
159273.411807,2552366.126422,0.0452380952380952,0.185897435897436,0.203479853479853,0.163736263736264,0.154029304029304,0.247619047619048
159773.411807,2552366.126422,0.0792660550458716,0.179266055045872,0.151192660550459,0.111926605504587,0.14,0.338348623853211
160273.411807,2552366.126422,0.143216871262197,0.222536984576645,0.0207743153918791,0.107648725212465,0.0997796663519043,0.40604343720491
151773.411807,2551866.126422,0,0.0377704437110378,0.171617161716172,0.641180784745141,0.146864686468647,0.00256692335900257
152273.411807,2551866.126422,0,0.0192307692307692,0.653479853479853,0.244139194139194,0.0591575091575092,0.023992673992674
152773.411807,2551866.126422,0,0,0.922344322344322,0.0774725274725275,0.000183150183150183,0
153273.411807,2551866.126422,0,0.0535386872020535,0.738540520718739,0.168683535020169,0.0163182984965163,0.0229189585625229
153773.411807,2551866.126422,0.0010989010989011,0.128388278388278,0.640659340659341,0.141025641025641,0.0419413919413919,0.0468864468864469
154273.411807,2551866.126422,0,0.182783882783883,0.532600732600733,0.108058608058608,0.0417582417582418,0.134798534798535
154773.411807,2551866.126422,0.00605060506050605,0.245507884121746,0.388522185551888,0.0689402273560689,0.116061606160616,0.174917491749175
155273.411807,2551866.126422,0.00494505494505494,0.154029304029304,0.496520146520147,0.106593406593407,0.0785714285714286,0.159340659340659
155773.411807,2551866.126422,0.00769230769230769,0.135714285714286,0.509340659340659,0.15970695970696,0.0743589743589744,0.113186813186813
156273.411807,2551866.126422,0.00128346167950128,0.0306197286395306,0.702603593692703,0.100843417675101,0.052988632196553,0.111661166116612
156773.411807,2551866.126422,0.0142857142857143,0.116300366300366,0.395054945054945,0.065018315018315,0.0804029304029304,0.328937728937729
157273.411807,2551866.126422,0,0.370695970695971,0.396153846153846,0.0562271062271062,0.0586080586080586,0.118315018315018
157773.411807,2551866.126422,0.00183351668500183,0.123028969563623,0.500550055005501,0.180784745141181,0.0583058305830583,0.135496883021635
158273.411807,2551866.126422,0.00641025641025641,0.100915750915751,0.685164835164835,0.0954212454212454,0.0417582417582418,0.0703296703296703
158773.411807,2551866.126422,0.0424908424908425,0.11978021978022,0.389010989010989,0.032967032967033,0.08003663003663,0.335714285714286
159273.411807,2551866.126422,0.00953428676200953,0.123579024569124,0.352951961862853,0.0273193986065273,0.107077374404107,0.37953795379538
159773.411807,2551866.126422,0.0102564102564103,0.184615384615385,0.437912087912088,0.108424908424908,0.128205128205128,0.130586080586081
160273.411807,2551866.126422,0.100534087338988,0.180961357210179,0.218347470939365,0.0304743952246308,0.128809299403079,0.340873389883757
152773.411807,2551366.126422,0,0.00586832935998533,0.719053731890702,0.21181001283697,0.0625343847423437,0.000733541169998166
153273.411807,2551366.126422,0,0.296866410115448,0.424775517683709,0.275426058273777,0.000733003481766538,0.00219901044529962
153773.411807,2551366.126422,0.00165167920719398,0.080932281152505,0.554964213617178,0.209763259313636,0.0770783630023858,0.0756102037071022
154273.411807,2551366.126422,0.0097194205024757,0.0662020905923345,0.750229231615624,0.103245919677242,0.0434623143223913,0.0271410232899321
154773.411807,2551366.126422,0.00238226131574125,0.0844786512735936,0.63679677478468,0.0905259299981675,0.0485614806670332,0.137254901960784
155273.411807,2551366.126422,0.000183519911910442,0.0368875022939989,0.830244081482841,0.0455129381537897,0.044411818682327,0.0427601394751331
155773.411807,2551366.126422,0,0.026407482119934,0.754813863928113,0.053181734824867,0.0649183935448377,0.100678525582248
156273.411807,2551366.126422,0.0192413413963716,0.16932380428807,0.571192963166575,0.0749496060106286,0.0645043063954554,0.100787978742899
156773.411807,2551366.126422,0.0266103872270141,0.39401725087172,0.263718113415306,0.0345017434391632,0.0945127546338778,0.18663975041292
157273.411807,2551366.126422,0.000916926462497708,0.204841371721988,0.139739592884651,0.0909591050797726,0.12781954887218,0.435723454978911
157773.411807,2551366.126422,0.011544804837823,0.117463807953088,0.499725123694338,0.0765988638446033,0.099321971779366,0.195345427890782
158273.411807,2551366.126422,0.0172508717195816,0.178748394200771,0.619012662873922,0.0201871903101487,0.0240411084602679,0.140759772435309
158773.411807,2551366.126422,0.0430955437373923,0.170364936732074,0.324591967724189,0.146708233999633,0.052814964239868,0.262424353566844
159273.411807,2551366.126422,0.0274876305662452,0.119113065787062,0.291185633131757,0.0439802089059923,0.137071651090343,0.3811618105186
159773.411807,2551366.126422,0.0464305377133419,0.125344099834832,0.283538263901633,0.0534042943659387,0.151954487061846,0.339328317122408
160273.411807,2551366.126422,0.111984900912237,0.069204152249135,0.0437244416483171,0.0503302925448254,0.12865681031771,0.596099402327776
152773.411807,2550866.126422,0,0.00330214639515685,0.143459915611814,0.797651807007889,0.0528343423225096,0.00275178866263071
153273.411807,2550866.126422,0,0.0126373626373626,0.731868131868132,0.250549450549451,0.0032967032967033,0.00164835164835165
153773.411807,2550866.126422,0.0108256880733945,0.0838532110091743,0.524954128440367,0.306238532110092,0.0456880733944954,0.0284403669724771
154273.411807,2550866.126422,0.0155934690882407,0.0926435516419006,0.645386167675656,0.122913226930838,0.0286186020913594,0.0948449825720051
154773.411807,2550866.126422,0.000183150183150183,0.0492673992673993,0.721245421245421,0.14981684981685,0.0221611721611722,0.0573260073260073
155273.411807,2550866.126422,0.00422018348623853,0.0124770642201835,0.736880733944954,0.0823853211009174,0.0823853211009174,0.081651376146789
155773.411807,2550866.126422,0.0576041093377362,0.087873784626674,0.288020546688681,0.114474408365438,0.168776371308017,0.283250779673454
156273.411807,2550866.126422,0.105860805860806,0.271428571428571,0.372344322344322,0.0595238095238095,0.0465201465201465,0.144322344322344
156773.411807,2550866.126422,0.132477064220183,0.233577981651376,0.150275229357798,0.211376146788991,0.144036697247706,0.128256880733945
157273.411807,2550866.126422,0.0319207484865162,0.0944780774169877,0.09557879288204,0.245643001284168,0.227297743533297,0.305081636396991
157773.411807,2550866.126422,0.0362637362637363,0.108241758241758,0.206227106227106,0.168131868131868,0.100915750915751,0.38021978021978
158273.411807,2550866.126422,0.00752293577981651,0.270825688073395,0.211376146788991,0.0579816513761468,0.128623853211009,0.323669724770642
158773.411807,2550866.126422,0.0238488350761328,0.221610713630527,0.429279031370391,0.123830489818382,0.110071546505228,0.0913593835993396
159273.411807,2550866.126422,0.0895604395604396,0.106593406593407,0.232783882783883,0.13956043956044,0.178754578754579,0.252747252747253
159773.411807,2550866.126422,0.0761467889908257,0.0715596330275229,0.16697247706422,0.280550458715596,0.191009174311927,0.213761467889908
160273.411807,2550866.126422,0.118350645262827,0.062008183821215,0.216556499842619,0.24929178470255,0.134088762983947,0.219704123386843
153273.411807,2550366.126422,0,0.00201686835350202,0.657865786578658,0.338100476714338,0.00201686835350202,0
153773.411807,2550366.126422,0,0,0.865934065934066,0.134065934065934,0,0
154273.411807,2550366.126422,0,0.000183150183150183,0.512087912087912,0.483516483516484,0.00421245421245421,0
154773.411807,2550366.126422,0,0.0467546754675468,0.404657132379905,0.435826916024936,0.0363036303630363,0.0764576457645765
155273.411807,2550366.126422,0.00934065934065934,0.102197802197802,0.265201465201465,0.0695970695970696,0.225457875457875,0.328205128205128
155773.411807,2550366.126422,0.0258241758241758,0.15970695970696,0.360805860805861,0.197435897435897,0.0657509157509158,0.19047619047619
156273.411807,2550366.126422,0.0447378071140447,0.392372570590392,0.2999633296663,0.0716905023835717,0.0355702236890356,0.155665566556656
156773.411807,2550366.126422,0.0108058608058608,0.248534798534799,0.448534798534799,0.0606227106227106,0.103663003663004,0.127838827838828
157273.411807,2550366.126422,0.0124542124542125,0.148534798534799,0.208241758241758,0.135897435897436,0.180769230769231,0.314102564102564
157773.411807,2550366.126422,0.0229189585625229,0.112577924459113,0.372203887055372,0.215071507150715,0.0911257792445911,0.186101943527686
158273.411807,2550366.126422,0.00549450549450549,0.170879120879121,0.452380952380952,0.0716117216117216,0.0771062271062271,0.222527472527473
158773.411807,2550366.126422,0.0157509157509158,0.341025641025641,0.356593406593407,0.095970695970696,0.100732600732601,0.0899267399267399
159273.411807,2550366.126422,0.0458379171250458,0.206087275394206,0.447378071140447,0.0265859919325266,0.0856252291895856,0.188485515218188
159773.411807,2550366.126422,0.0137362637362637,0.102014652014652,0.220512820512821,0.0728937728937729,0.154212454212454,0.436630036630037
160273.411807,2550366.126422,0.0282752120640905,0.109644989004084,0.165881244109331,0.107759974866478,0.148601947847942,0.439836632108074
153273.411807,2549866.126422,0,0,0.44511636430273,0.55488363569727,0,0
153773.411807,2549866.126422,0,0,0.240961644338411,0.759038355661589,0,0
154273.411807,2549866.126422,0,0,0,1,0,0
