"x","y","forest","agri","water","built","other","grass"
212273.411807,2696366.126422,0.0253211009174312,0.699449541284404,0.00018348623853211,0.0341284403669725,0.0236697247706422,0.217247706422018
212773.411807,2696366.126422,0.00990643918547056,0.728490185287103,0,0.0482480278847918,0.0159603742432581,0.197394973399376
213273.411807,2696366.126422,0.0228937728937729,0.533699633699634,0.00787545787545788,0.182234432234432,0.0261904761904762,0.227106227106227
213773.411807,2696366.126422,0.00385321100917431,0.149908256880734,0.0322935779816514,0.387889908256881,0.212110091743119,0.21394495412844
214273.411807,2696366.126422,0.0642084021280499,0.483214089157953,0.011557512383049,0.0770500825536599,0.0781507980187122,0.285819115758576
214773.411807,2696366.126422,0.0316849816849817,0.606593406593407,0.000732600732600733,0.041025641025641,0.041025641025641,0.278937728937729
215273.411807,2696366.126422,0.0414678899082569,0.448990825688073,0,0.1,0.0691743119266055,0.340366972477064
215773.411807,2696366.126422,0.0526508897450009,0.563566318106769,0.000366905155017428,0.0592551825353146,0.0286186020913594,0.295542102366538
216273.411807,2696366.126422,0.0445054945054945,0.496336996336996,0.00183150183150183,0.116849816849817,0.0732600732600733,0.267216117216117
216773.411807,2696366.126422,0.0111926605504587,0.743853211009174,0,0,0.00422018348623853,0.240733944954128
217273.411807,2696366.126422,0.0106402494955054,0.726288754356999,0,0.00275178866263071,0.00715465052283985,0.253164556962025
217773.411807,2696366.126422,0.0283882783882784,0.626007326007326,0.000549450549450549,0.0576923076923077,0.0428571428571429,0.244505494505494
218273.411807,2696366.126422,0.0163302752293578,0.75743119266055,0,0.0135779816513761,0.0188990825688073,0.193761467889908
218773.411807,2696366.126422,0.0311869381764814,0.582828838745184,0,0.0460465969546872,0.0566868464501926,0.283250779673454
219273.411807,2696366.126422,0.0606227106227106,0.529304029304029,0.0043956043956044,0.0496336996336996,0.0661172161172161,0.28992673992674
219773.411807,2696366.126422,0.0256880733944954,0.644587155963303,0,0.0211009174311927,0.0455045871559633,0.263119266055046
220273.411807,2696366.126422,0.0278847917813245,0.487800403595671,0,0.0675105485232067,0.0893414052467437,0.327462850853054
220773.411807,2696366.126422,0.676190476190476,0.0148351648351648,0,0.000366300366300366,0.00366300366300366,0.304945054945055
221273.411807,2696366.126422,0.881100917431193,0.00458715596330275,0,0,0,0.114311926605505
221773.411807,2696366.126422,0.83599339570721,0.0299027701339204,0,0,0,0.13410383415887
222273.411807,2696366.126422,0.907326007326007,0.0139194139194139,0,0,0,0.0787545787545788
222773.411807,2696366.126422,0.881467889908257,0.00146788990825688,0,0,0,0.117064220183486
223273.411807,2696366.126422,0.903137039075399,0,0,0,0,0.096862960924601
223773.411807,2696366.126422,0.507326007326007,0.0272893772893773,0.0010989010989011,0.282600732600733,0.05,0.131684981684982
224273.411807,2696366.126422,0.237064220183486,0.0539449541284404,0.00036697247706422,0.341284403669725,0.127339449541284,0.24
212273.411807,2695866.126422,0.0326007326007326,0.593223443223443,0.00146520146520147,0.0750915750915751,0.0443223443223443,0.253296703296703
212773.411807,2695866.126422,0.0384615384615385,0.511721611721612,0.00824175824175824,0.0549450549450549,0.0481684981684982,0.338461538461538
213273.411807,2695866.126422,0.0443711037770444,0.601943527686102,0.00311697836450312,0.11991199119912,0.0669233590025669,0.163733039970664
213773.411807,2695866.126422,0.0351648351648352,0.466483516483516,0.0232600732600733,0.240842490842491,0.0796703296703297,0.154578754578755
214273.411807,2695866.126422,0.0139194139194139,0.135347985347985,0.0214285714285714,0.653846153846154,0.150732600732601,0.0247252747252747
214773.411807,2695866.126422,0,0.272827282728273,0.000733406674000733,0.244774477447745,0.263843050971764,0.217821782178218
215273.411807,2695866.126422,0.0245421245421245,0.121611721611722,0,0.11959706959707,0.237179487179487,0.497069597069597
215773.411807,2695866.126422,0.0822344322344322,0.289010989010989,0.00146520146520147,0.0604395604395604,0.0840659340659341,0.482783882783883
216273.411807,2695866.126422,0.0383204987165383,0.552988632196553,0.0022002200220022,0.022002200220022,0.0359369270260359,0.348551521818849
216773.411807,2695866.126422,0.0173992673992674,0.587728937728938,0,0.0591575091575092,0.043956043956044,0.291758241758242
217273.411807,2695866.126422,0.00695970695970696,0.724908424908425,0,0.00934065934065934,0.0173992673992674,0.241391941391941
217773.411807,2695866.126422,0.0168683535020169,0.688668866886689,0.00146681334800147,0.0117345067840117,0.0170517051705171,0.264209754308764
218273.411807,2695866.126422,0.023992673992674,0.795787545787546,0,0.0128205128205128,0.0135531135531136,0.153846153846154
218773.411807,2695866.126422,0.0501831501831502,0.636080586080586,0.00384615384615385,0.0333333333333333,0.0489010989010989,0.227655677655678
219273.411807,2695866.126422,0.0324532453245325,0.713788045471214,0.00128346167950128,0.0436376971030436,0.048954895489549,0.15988265493216
219773.411807,2695866.126422,0.0402930402930403,0.531684981684982,0.00201465201465201,0.045970695970696,0.0565934065934066,0.323443223443223
220273.411807,2695866.126422,0.028021978021978,0.617399267399267,0,0.0175824175824176,0.0336996336996337,0.303296703296703
220773.411807,2695866.126422,0.447011367803447,0.231939860652732,0,0.00898423175650898,0.0172350568390172,0.294829482948295
221273.411807,2695866.126422,0.761355311355311,0.00164835164835165,0,0.000183150183150183,0.0010989010989011,0.235714285714286
221773.411807,2695866.126422,0.87967032967033,0.00293040293040293,0,0,0,0.117399267399267
222273.411807,2695866.126422,0.777961129446278,0.0284195086175284,0,0.00641730839750642,0.00201686835350202,0.185185185185185
222773.411807,2695866.126422,0.843040293040293,0.000549450549450549,0,0,0,0.156410256410256
223273.411807,2695866.126422,0.958424908424908,0,0,0,0,0.0415750915750916
223773.411807,2695866.126422,0.866519985331866,0.00348368170150348,0,0.0033003300330033,0.00898423175650898,0.117711771177118
224273.411807,2695866.126422,0.6496336996337,0.03003663003663,0,0.0203296703296703,0.08003663003663,0.21996336996337
212273.411807,2695366.126422,0.0420260598274913,0.671499357680308,0,0.0256927876674619,0.0242246283721784,0.23655716645256
212773.411807,2695366.126422,0.0346598202824134,0.497524298551256,0.00256739409499358,0.142673757564643,0.0491472583898771,0.273427471116816
213273.411807,2695366.126422,0.0703683342495877,0.264431006047279,0.0249221183800623,0.403701667582921,0.0749496060106286,0.161627267729522
213773.411807,2695366.126422,0.307579372361901,0.194714626536979,0.000917599559552211,0.101302991374564,0.0532207744540283,0.342264635712975
214273.411807,2695366.126422,0.421419402163946,0.0814230698697964,0.000366770584999083,0.0221896203924445,0.0359435173299101,0.438657619658903
214773.411807,2695366.126422,0.120212571009712,0.102437236576874,0.00256551218618288,0.471137987905443,0.0859446582371266,0.217702034084662
215273.411807,2695366.126422,0.00880895577170123,0.0585428518994311,0.00715727656450725,0.677371994861443,0.108643787850982,0.139475133051936
215773.411807,2695366.126422,0.0100861910874748,0.151109481019622,0.041995231982395,0.421236016871447,0.238767650834403,0.136805428204658
216273.411807,2695366.126422,0.0122778083195895,0.191863661352391,0.0104452996151732,0.427524280740333,0.180135605644127,0.177753344328386
216773.411807,2695366.126422,0.00935951550743256,0.224995412002202,0.00605615709304459,0.324646724169572,0.276013947513305,0.158928243714443
217273.411807,2695366.126422,0.0130203557674674,0.426187419768935,0.00311754997249221,0.187786539519531,0.126169081239685,0.243719053731891
217773.411807,2695366.126422,0.0304196444933113,0.470771486164559,0,0.070734835990471,0.0879604178119846,0.340113615539674
218273.411807,2695366.126422,0.0242246283721784,0.573499724720132,0,0.0240411084602679,0.0658836483758488,0.312350890071573
218773.411807,2695366.126422,0.0529983495323675,0.442325325508894,0.00348432055749129,0.0425453878598936,0.0361269026224097,0.422519713918944
219273.411807,2695366.126422,0.00714678394722375,0.712296133406634,0,0.00916254352208173,0.0139270661535642,0.257467472970497
219773.411807,2695366.126422,0.0317489447605065,0.540649660488163,0,0.106258028996146,0.0458799779776106,0.275463387777574
220273.411807,2695366.126422,0.0187052998349532,0.634513112048414,0.000916926462497708,0.0529983495323675,0.0553823583348615,0.237483953786906
220773.411807,2695366.126422,0.190764156129742,0.362286970863112,0,0.0547920102620487,0.0579072750595565,0.334249587685542
221273.411807,2695366.126422,0.864745824922004,0.000734079647641769,0,0,0,0.134520095430354
221773.411807,2695366.126422,0.810379607555474,0.0124701998899688,0.00201723821749496,0.00495140289748762,0.0194388410049514,0.150742710434623
222273.411807,2695366.126422,0.300714678394722,0.133956386292835,0.0295033901411032,0.185999633498259,0.119296316657504,0.230529595015576
222773.411807,2695366.126422,0.839603596990273,0.0104606349788952,0.00165167920719398,0.0341347036153423,0.0278950266103872,0.0862543585979079
223273.411807,2695366.126422,0.937465615257656,0,0,0,0,0.0625343847423437
223773.411807,2695366.126422,0.585303280190581,0.040131940626718,0.00219901044529962,0.0426974528129009,0.0846619021440352,0.245006413780465
224273.411807,2695366.126422,0.671499357680308,0.0332171040557901,0,0.012846393833731,0.025325747843641,0.25711139658653
212273.411807,2694866.126422,0.0539449541284404,0.401100917431193,0.00055045871559633,0.0644036697247706,0.0460550458715596,0.43394495412844
212773.411807,2694866.126422,0.0572372041827188,0.343973582828839,0.0130251330031187,0.220876903320492,0.0687947165657677,0.296092460099064
213273.411807,2694866.126422,0.168864468864469,0.148534798534799,0.0010989010989011,0.21025641025641,0.0891941391941392,0.382051282051282
213773.411807,2694866.126422,0.659266055045872,0.0106422018348624,0,0.0121100917431193,0.0218348623853211,0.296146788990826
214273.411807,2694866.126422,0.514767932489452,0.0170610897083104,0.000366905155017428,0.0300862227114291,0.0574206567602275,0.380297193175564
214773.411807,2694866.126422,0.363919413919414,0.043040293040293,0.00494505494505494,0.0424908424908425,0.0558608058608059,0.48974358974359
215273.411807,2694866.126422,0.109357798165138,0.512660550458716,0.0260550458715596,0.015045871559633,0.0313761467889908,0.305504587155963
215773.411807,2694866.126422,0.0671436433681893,0.355714547789396,0.00953953403045313,0.102366538249862,0.108603925885159,0.35663181067694
216273.411807,2694866.126422,0.0214285714285714,0.217948717948718,0,0.108974358974359,0.255677655677656,0.395970695970696
216773.411807,2694866.126422,0.00678899082568807,0.188807339449541,0,0.470642201834862,0.184036697247706,0.149724770642202
217273.411807,2694866.126422,0.00366905155017428,0.175013758943313,0.0139423958906623,0.537699504678041,0.184186387818749,0.0854889011190607
217773.411807,2694866.126422,0,0.281318681318681,0.0346153846153846,0.382783882783883,0.231501831501832,0.0697802197802198
218273.411807,2694866.126422,0,0.260366972477064,0.0253211009174312,0.398532110091743,0.235229357798165,0.0805504587155963
218773.411807,2694866.126422,0.00807191341038342,0.140891579526692,0.0170610897083104,0.431663914878004,0.258668134287287,0.143643368189323
219273.411807,2694866.126422,0.0195970695970696,0.278388278388278,0.0331501831501832,0.303663003663004,0.191575091575092,0.173626373626374
219773.411807,2694866.126422,0.0146788990825688,0.170825688073394,0.0139449541284404,0.508256880733945,0.175963302752294,0.116330275229358
220273.411807,2694866.126422,0.0333883691065859,0.283801137405981,0.00201797835259585,0.230783342505962,0.0871399743166392,0.362869198312236
220773.411807,2694866.126422,0.108058608058608,0.144322344322344,0,0.0624542124542125,0.123626373626374,0.561538461538462
221273.411807,2694866.126422,0.38697247706422,0.12697247706422,0.000917431192660551,0.0211009174311927,0.0900917431192661,0.37394495412844
221773.411807,2694866.126422,0.555861309851403,0.0346725371491469,0.00220143093010457,0.00587048248027885,0.0365070629242341,0.364887176664832
222273.411807,2694866.126422,0.440659340659341,0.0445054945054945,0,0.0476190476190476,0.0919413919413919,0.375274725274725
222773.411807,2694866.126422,0.701834862385321,0.00018348623853211,0,0,0.00256880733944954,0.295412844036697
223273.411807,2694866.126422,0.551274995413686,0.0598055402678408,0.0126582278481013,0.0829205650339387,0.0643918547055586,0.228948816730875
223773.411807,2694866.126422,0.767032967032967,0.032967032967033,0,0.000183150183150183,0.00293040293040293,0.196886446886447
224273.411807,2694866.126422,0.820550458715596,0.00458715596330275,0,0.00073394495412844,0.00330275229357798,0.170825688073394
212273.411807,2694366.126422,0.0725274725274725,0.218864468864469,0.0164835164835165,0.388278388278388,0.0783882783882784,0.225457875457875
212773.411807,2694366.126422,0.136996336996337,0.0580586080586081,0.00695970695970696,0.401098901098901,0.114468864468864,0.282417582417582
213273.411807,2694366.126422,0.10982764943161,0.0733406674000733,0.00201686835350202,0.055005500550055,0.0652731939860653,0.694536120278694
213773.411807,2694366.126422,0.122344322344322,0.00128205128205128,0,0.0032967032967033,0.0113553113553114,0.861721611721612
214273.411807,2694366.126422,0.506227106227106,0.00805860805860806,0,0.0104395604395604,0.0298534798534799,0.445421245421245
214773.411807,2694366.126422,0.383388338833883,0.00311697836450312,0,0.0352035203520352,0.0238357169050238,0.554455445544555
215273.411807,2694366.126422,0.510805860805861,0.11043956043956,0,0.00256410256410256,0.00476190476190476,0.371428571428571
215773.411807,2694366.126422,0.0763736263736264,0.551465201465202,0,0.030952380952381,0.00805860805860806,0.333150183150183
216273.411807,2694366.126422,0.0146681334800147,0.608360836083608,0.0141180784745141,0.00495049504950495,0.00256692335900257,0.355335533553355
216773.411807,2694366.126422,0.0663003663003663,0.408424908424908,0.16996336996337,0.043956043956044,0.0358974358974359,0.275457875457875
217273.411807,2694366.126422,0.0683150183150183,0.562637362637363,0.00366300366300366,0.0706959706959707,0.056043956043956,0.238644688644689
217773.411807,2694366.126422,0.0115511551155116,0.426475980931426,0.00458379171250458,0.0902090209020902,0.0548221488815548,0.412357902456912
218273.411807,2694366.126422,0.0131868131868132,0.48021978021978,0,0.0250915750915751,0.145238095238095,0.336263736263736
218773.411807,2694366.126422,0.0197802197802198,0.172344322344322,0.000183150183150183,0.0276556776556777,0.275274725274725,0.504761904761905
219273.411807,2694366.126422,0.0117345067840117,0.338283828382838,0,0.0100843417675101,0.145214521452145,0.494682801613495
219773.411807,2694366.126422,0.0371794871794872,0.288095238095238,0,0.0886446886446886,0.132234432234432,0.453846153846154
220273.411807,2694366.126422,0.00769230769230769,0.258424908424908,0.00879120879120879,0.488095238095238,0.0864468864468864,0.150549450549451
220773.411807,2694366.126422,0.00183351668500183,0.138797213054639,0.00256692335900257,0.657682434910158,0.0944261092775944,0.104693802713605
221273.411807,2694366.126422,0.00201465201465201,0.172527472527473,0.00750915750915751,0.31007326007326,0.394139194139194,0.113736263736264
221773.411807,2694366.126422,0,0.267032967032967,0.00274725274725275,0.107509157509158,0.502197802197802,0.120512820512821
222273.411807,2694366.126422,0.037037037037037,0.334066740007334,0.013017968463513,0.138247158049138,0.256142280894756,0.221488815548222
222773.411807,2694366.126422,0.0467032967032967,0.312454212454212,0.00714285714285714,0.0871794871794872,0.144505494505494,0.402014652014652
223273.411807,2694366.126422,0.149450549450549,0.32967032967033,0.00641025641025641,0.211355311355311,0.0798534798534798,0.223260073260073
223773.411807,2694366.126422,0.126879354602127,0.376787678767877,0.00256692335900257,0.0423542354235424,0.0482214888155482,0.403190319031903
224273.411807,2694366.126422,0.320695970695971,0.0998168498168498,0,0.0263736263736264,0.0639194139194139,0.489194139194139
212273.411807,2693866.126422,0.0636814094329235,0.0739585244999082,0.0400073407964764,0.621948981464489,0.0880895577170123,0.112314186089191
212773.411807,2693866.126422,0.152576563359619,0.134971575279663,0.00623509994498441,0.15587749862461,0.0632679259123418,0.487071336878782
213273.411807,2693866.126422,0.0362836723474437,0.435037566428441,0,0.00439802089059923,0.00971229613340663,0.51456844420011
213773.411807,2693866.126422,0.247935400991008,0.139108093228115,0.000367039823820885,0.0822169205358781,0.0934116351624151,0.436960910258763
214273.411807,2693866.126422,0.0537318907023657,0.293966623876765,0.011186502842472,0.178433889602054,0.0632679259123418,0.399413167064001
214773.411807,2693866.126422,0.201026204874473,0.233278358072201,0.00293201392706615,0.0122778083195895,0.0113615539673813,0.539124060839289
215273.411807,2693866.126422,0.109010827674803,0.264635712974858,0.00183519911910442,0.123508900715728,0.0890071572765645,0.412002202238943
215773.411807,2693866.126422,0.114982578397213,0.355400696864112,0.000183385292499542,0.125252154777187,0.137905739959655,0.266275444709334
216273.411807,2693866.126422,0.0621220450797141,0.577789994502474,0,0.021073850100788,0.0315191497159611,0.307494960601063
216773.411807,2693866.126422,0.00568911726922371,0.848229032850064,0.00311983850247752,0.0047715177096715,0.00311983850247752,0.135070655166086
217273.411807,2693866.126422,0.0425453878598936,0.589033559508527,0.00311754997249221,0.0293416467999266,0.0291582615074271,0.306803594351733
217773.411807,2693866.126422,0.0109950522264981,0.656038116181052,0,0.0159428257284222,0.0119113065787062,0.305112699285322
218273.411807,2693866.126422,0.0590934116351624,0.445586346118554,0,0.060561570930446,0.0434942191227748,0.391264452193063
218773.411807,2693866.126422,0.0473134054648817,0.638547588483404,0,0.0207225380524482,0.0385109114249037,0.254905556574363
219273.411807,2693866.126422,0.0333516584203775,0.534909290819131,0,0.00109950522264981,0.0089792926516401,0.421660252886201
219773.411807,2693866.126422,0.0401908607083869,0.494219122774821,0,0.00311983850247752,0.00403743806202973,0.458432739952285
220273.411807,2693866.126422,0.0326425820649184,0.545754630478636,0,0.0190720704199523,0.0258573262424354,0.376673390794058
220773.411807,2693866.126422,0.0287703866593366,0.418728238959135,0.0100787978742899,0.0604727872457394,0.0373831775700935,0.444566611691406
221273.411807,2693866.126422,0.0482657368324463,0.291980179849514,0.00458799779776106,0.0976325931363553,0.05395485410167,0.503578638282254
221773.411807,2693866.126422,0.0286081056299285,0.267559141756831,0.0379607555474051,0.366403814414084,0.132587566477169,0.166880616174583
222273.411807,2693866.126422,0.0886934212937511,0.0874106652006597,0.0124610591900312,0.325453545904343,0.185083379146051,0.300897929265164
222773.411807,2693866.126422,0.00385391815011929,0.138190493668563,0.0168838318957607,0.446320425766196,0.279867865663424,0.114883464855937
223273.411807,2693866.126422,0.0612506876948469,0.236933797909408,0.00605171465248487,0.29213277095177,0.201723821749496,0.201907207041995
223773.411807,2693866.126422,0.042147700201576,0.268645776067436,0.00403151914971596,0.221183800623053,0.102803738317757,0.361187465640462
224273.411807,2693866.126422,0.0337676637915214,0.463204257661956,0.000183519911910442,0.0658836483758488,0.082583960359699,0.354376949899064
212273.411807,2693366.126422,0.108990825688073,0.056697247706422,0,0.585321100917431,0.113761467889908,0.135229357798165
212773.411807,2693366.126422,0.22252797651807,0.0266006237387635,0,0.270959456980371,0.076316272243625,0.403595670519171
213273.411807,2693366.126422,0.317032967032967,0.0318681318681319,0,0.181684981684982,0.145238095238095,0.324175824175824
213773.411807,2693366.126422,0.188256880733945,0.0871559633027523,0,0.0359633027522936,0.142018348623853,0.546605504587156
214273.411807,2693366.126422,0.105301779490002,0.34379013025133,0,0.0618235186204366,0.141625389836727,0.347459181801504
214773.411807,2693366.126422,0.0606227106227106,0.438827838827839,0,0.0206959706959707,0.0932234432234432,0.386630036630037
215273.411807,2693366.126422,0.0163302752293578,0.740366972477064,0,0.000917431192660551,0.0100917431192661,0.232293577981651
215773.411807,2693366.126422,0.0431113557145478,0.778756191524491,0,0.000550357732526142,0.015410016510732,0.162172078517703
216273.411807,2693366.126422,0.100732600732601,0.534798534798535,0,0.00934065934065934,0.0695970695970696,0.285531135531136
216773.411807,2693366.126422,0.120366972477064,0.465871559633028,0,0.00697247706422018,0.0862385321100917,0.320550458715596
217273.411807,2693366.126422,0.105301779490002,0.507613281966612,0,0.000366905155017428,0.032104201064025,0.354613832324344
217773.411807,2693366.126422,0.019047619047619,0.582783882783883,0,0.000183150183150183,0.0161172161172161,0.381868131868132
218273.411807,2693366.126422,0.0284403669724771,0.458532110091743,0,0.00055045871559633,0.0264220183486239,0.48605504587156
218773.411807,2693366.126422,0.0174279948633278,0.412034489084572,0,0.00330214639515685,0.0405430196294258,0.526692350027518
219273.411807,2693366.126422,0.063003663003663,0.482234432234432,0,0.0302197802197802,0.0725274725274725,0.352014652014652
219773.411807,2693366.126422,0.0460550458715596,0.507155963302752,0,0.0231192660550459,0.0622018348623853,0.361467889908257
220273.411807,2693366.126422,0.0658594753256283,0.308934140524674,0,0.0832874701889562,0.170610897083104,0.371308016877637
220773.411807,2693366.126422,0.0373626373626374,0.351831501831502,0,0.0157509157509158,0.0457875457875458,0.549267399267399
221273.411807,2693366.126422,0.0321100917431193,0.454128440366972,0,0.00752293577981651,0.0374311926605505,0.468807339449541
221773.411807,2693366.126422,0.0554026784076316,0.499357915978719,0,0.00293524124013942,0.0232984773436067,0.419005687029903
222273.411807,2693366.126422,0.0945054945054945,0.365934065934066,0,0.00604395604395604,0.0177655677655678,0.515750915750916
222773.411807,2693366.126422,0.0165137614678899,0.393394495412844,0,0.0271559633027523,0.254862385321101,0.308073394495413
223273.411807,2693366.126422,0,0.0895248578242524,0.00201797835259585,0.607044578976335,0.273711245643001,0.0277013392038158
223773.411807,2693366.126422,0.0424908424908425,0.210989010989011,0,0.121794871794872,0.365384615384615,0.259340659340659
224273.411807,2693366.126422,0.333577981651376,0.244954128440367,0,0.0146788990825688,0.0438532110091743,0.362935779816514
212273.411807,2692866.126422,0.20989010989011,0.0397435897435897,0.000183150183150183,0.364835164835165,0.17014652014652,0.215201465201465
212773.411807,2692866.126422,0.11959706959707,0.0166666666666667,0,0.345787545787546,0.112087912087912,0.405860805860806
213273.411807,2692866.126422,0.0275027502750275,0.0232856618995233,0,0.538320498716538,0.0427209387605427,0.368170150348368
213773.411807,2692866.126422,0.114468864468864,0.210805860805861,0,0.31007326007326,0.211538461538462,0.153113553113553
214273.411807,2692866.126422,0.0578754578754579,0.526007326007326,0.000549450549450549,0.1,0.151648351648352,0.163919413919414
214773.411807,2692866.126422,0.10982764943161,0.592042537587092,0,0.00293362669600293,0.0203520352035204,0.274844151081775
215273.411807,2692866.126422,0.0683150183150183,0.36959706959707,0,0.0108058608058608,0.00952380952380952,0.541758241758242
215773.411807,2692866.126422,0.113736263736264,0.340842490842491,0,0.060989010989011,0.133516483516484,0.350915750915751
216273.411807,2692866.126422,0.138980564723139,0.181518151815182,0,0.0254858819215255,0.121928859552622,0.532086541987532
216773.411807,2692866.126422,0.0747252747252747,0.372527472527473,0,0.00238095238095238,0.0765567765567766,0.473809523809524
217273.411807,2692866.126422,0.060989010989011,0.322893772893773,0,0.00146520146520147,0.0510989010989011,0.563553113553114
217773.411807,2692866.126422,0.113678034470114,0.39017235056839,0,0.013017968463513,0.0577557755775578,0.425375870920425
218273.411807,2692866.126422,0.207692307692308,0.385714285714286,0,0.000366300366300366,0.0258241758241758,0.38040293040293
218773.411807,2692866.126422,0.268315018315018,0.265201465201465,0,0.000915750915750916,0.0152014652014652,0.4503663003663
219273.411807,2692866.126422,0.243124312431243,0.466446644664466,0,0.00586725339200587,0.0234690135680235,0.261092775944261
219773.411807,2692866.126422,0.0276556776556777,0.858424908424908,0,0.000183150183150183,0.00238095238095238,0.111355311355311
220273.411807,2692866.126422,0.0221611721611722,0.662087912087912,0,0.00915750915750916,0.0313186813186813,0.275274725274725
220773.411807,2692866.126422,0.0229189585625229,0.593142647598093,0,0.00201686835350202,0.0106343967730106,0.371287128712871
221273.411807,2692866.126422,0.0501831501831502,0.374725274725275,0,0.0783882783882784,0.0472527472527473,0.449450549450549
221773.411807,2692866.126422,0.0584249084249084,0.502197802197802,0,0.00476190476190476,0.0227106227106227,0.411904761904762
222273.411807,2692866.126422,0.0441877521085442,0.637330399706637,0,0.0055005500550055,0.0212687935460213,0.291712504583792
222773.411807,2692866.126422,0.0587912087912088,0.332234432234432,0.000366300366300366,0.0822344322344322,0.093040293040293,0.433333333333333
223273.411807,2692866.126422,0.0470695970695971,0.26996336996337,0.00238095238095238,0.250549450549451,0.129120879120879,0.300915750915751
223773.411807,2692866.126422,0,0.0878254492115878,0,0.207004033736707,0.649431609827649,0.0557389072240557
224273.411807,2692866.126422,0.0470695970695971,0.187912087912088,0,0.129120879120879,0.483333333333333,0.152564102564103
212273.411807,2692366.126422,0.211047898697009,0.0330335841438796,0,0.11194714626537,0.115801064415489,0.528170306478253
212773.411807,2692366.126422,0.197139189437007,0.117916743077205,0,0,0.00825233816247937,0.676691729323308
213273.411807,2692366.126422,0.0923584387025838,0.332600329851567,0,0.0153930731170973,0.107751511819681,0.451896646509071
213773.411807,2692366.126422,0.210497338961277,0.119654982565608,0.000183519911910442,0.0704716461736098,0.227014131033217,0.372178381354377
214273.411807,2692366.126422,0.13185402530717,0.278012103429305,0,0.0218228498074454,0.147075004584632,0.421236016871447
214773.411807,2692366.126422,0.156862745098039,0.212204507971413,0,0.00274876305662452,0.0606560381161811,0.567527945757742
215273.411807,2692366.126422,0.0932281152505047,0.316571848045513,0,0.0150486327766563,0.0818498807120573,0.493301523215269
215773.411807,2692366.126422,0.0979277461947552,0.447460113698881,0,0.0117366587199707,0.0863744727672841,0.356501008619109
216273.411807,2692366.126422,0.127542605827378,0.437969580355507,0,0.00329851566794942,0.0335349092908191,0.397654388858347
216773.411807,2692366.126422,0.255459717379336,0.283905303725454,0,0.000367039823820885,0.0418425399155808,0.418425399155808
217273.411807,2692366.126422,0.235650100861911,0.359068402714102,0,0.00238400880249404,0.0223730056849441,0.380524481936549
217773.411807,2692366.126422,0.165292285138354,0.261865493861096,0,0.00274876305662452,0.0491112332783581,0.520982224665567
218273.411807,2692366.126422,0.110295467058176,0.12038906221325,0,0.034868783262984,0.0660671682877592,0.668379519177831
218773.411807,2692366.126422,0.3200073354117,0.0522648083623693,0,0.0187052998349532,0.0320924261874198,0.576930130203558
219273.411807,2692366.126422,0.176837089976177,0.0848451530144768,0,0.0720175920835624,0.121678577973245,0.544621586952538
219773.411807,2692366.126422,0.214718296935217,0.0447788585061479,0,0.030280785465223,0.0803817214167737,0.629840337676638
220273.411807,2692366.126422,0.283513662204291,0.306070053181735,0.0022006235099945,0.0289748762149276,0.0944434256372639,0.284797359251788
220773.411807,2692366.126422,0.0573575224482316,0.523364485981308,0,0.00549752611324904,0.0450797141286421,0.368700751328569
221273.411807,2692366.126422,0.0504679757753716,0.483574967884015,0.000734079647641769,0.0216553496054322,0.0451458983299688,0.39842172875757
221773.411807,2692366.126422,0.0429121584448927,0.54006968641115,0,0.00385109114249037,0.0493306436823767,0.36383642031909
222273.411807,2692366.126422,0.0370166758292102,0.370716510903427,0,0.00861279091075683,0.0492944841487997,0.534359538207806
222773.411807,2692366.126422,0.0512020554230134,0.384841255276197,0.00238575885483575,0.0902917966599376,0.109377867498624,0.361901266287392
223273.411807,2692366.126422,0.0302585732624244,0.415367687511462,0,0.0148542086924629,0.0203557674674491,0.519163763066202
223773.411807,2692366.126422,0.0685358255451713,0.169507055158512,0,0.0963899578522998,0.191863661352391,0.473703500091625
224273.411807,2692366.126422,0.00275279867865663,0.107542668379519,0.00623967700495504,0.277482106808589,0.321710405579005,0.284272343549275
212273.411807,2691866.126422,0.227706422018349,0.0858715596330275,0,0.0605504587155963,0.137247706422018,0.488623853211009
212773.411807,2691866.126422,0.154833975417355,0.178499357915979,0,0.0475142175747569,0.225646670335718,0.393505778756192
213273.411807,2691866.126422,0.13003663003663,0.208058608058608,0,0.0124542124542125,0.0908424908424908,0.558608058608059
213773.411807,2691866.126422,0.197614678899083,0.103669724770642,0,0.0796330275229358,0.145688073394495,0.473394495412844
214273.411807,2691866.126422,0.151715281599706,0.163456246560264,0,0.0277013392038158,0.134287286736379,0.522839845899835
214773.411807,2691866.126422,0.108424908424908,0.0558608058608059,0,0.3996336996337,0.208608058608059,0.227472527472527
215273.411807,2691866.126422,0.115045871559633,0.218899082568807,0,0.236697247706422,0.133761467889908,0.295596330275229
215773.411807,2691866.126422,0.0656760227481196,0.362869198312236,0,0.0513667217024399,0.131535498073748,0.388552559163456
216273.411807,2691866.126422,0.0620879120879121,0.310805860805861,0,0.013003663003663,0.133882783882784,0.48021978021978
216773.411807,2691866.126422,0.13743119266055,0.18,0,0.00458715596330275,0.0970642201834862,0.580917431192661
217273.411807,2691866.126422,0.130985140341222,0.218675472390387,0,0.0108237020730141,0.107503210420106,0.532012474775271
217773.411807,2691866.126422,0.114468864468864,0.27014652014652,0,0.00769230769230769,0.0684981684981685,0.539194139194139
218273.411807,2691866.126422,0.0932110091743119,0.222935779816514,0,0.00715596330275229,0.0970642201834862,0.579633027522936
218773.411807,2691866.126422,0.288937809576225,0.0812694918363603,0,0.00201797835259585,0.0409099247844432,0.586864795450376
219273.411807,2691866.126422,0.289194139194139,0.0357142857142857,0,0.00586080586080586,0.0602564102564103,0.608974358974359
219773.411807,2691866.126422,0.264770642201835,0.0603669724770642,0,0.00330275229357798,0.0794495412844037,0.592110091743119
220273.411807,2691866.126422,0.228948816730875,0.0423775454045129,0,0.0359567051917079,0.133186571271326,0.559530361401578
220773.411807,2691866.126422,0.374908424908425,0.0265567765567766,0,0.0322344322344322,0.111172161172161,0.455128205128205
221273.411807,2691866.126422,0.170275229357798,0.331926605504587,0,0.0194495412844037,0.110642201834862,0.367706422018349
221773.411807,2691866.126422,0.0467804072647221,0.628691983122363,0,0.0121078701155751,0.0434782608695652,0.268941478627775
222273.411807,2691866.126422,0.0580586080586081,0.476923076923077,0,0.0272893772893773,0.0661172161172161,0.371611721611722
222773.411807,2691866.126422,0.053394495412844,0.49743119266055,0,0.048256880733945,0.0697247706422018,0.331192660550459
223273.411807,2691866.126422,0.0543019629425793,0.460649422124381,0,0.0108237020730141,0.0464135021097046,0.427811410750321
223773.411807,2691866.126422,0.0785714285714286,0.381501831501831,0,0.0406593406593407,0.0578754578754579,0.441391941391941
224273.411807,2691866.126422,0.161284403669725,0.0869724770642202,0,0.00018348623853211,0.0557798165137615,0.695779816513761
212273.411807,2691366.126422,0.192490842490843,0.182234432234432,0,0.0536630036630037,0.121794871794872,0.44981684981685
212773.411807,2691366.126422,0.310622710622711,0.157326007326007,0,0.15989010989011,0.134432234432234,0.237728937728938
213273.411807,2691366.126422,0.28034470113678,0.140814081408141,0,0.0111844517785112,0.0363036303630363,0.531353135313531
213773.411807,2691366.126422,0.10952380952381,0.25018315018315,0,0.000549450549450549,0.0247252747252747,0.615018315018315
214273.411807,2691366.126422,0.0532967032967033,0.442673992673993,0,0.00274725274725275,0.104761904761905,0.396520146520146
214773.411807,2691366.126422,0.0610561056105611,0.361386138613861,0,0.186651998533187,0.077007700770077,0.313898056472314
215273.411807,2691366.126422,0.0512820512820513,0.204945054945055,0,0.293040293040293,0.155677655677656,0.295054945054945
215773.411807,2691366.126422,0.0595238095238095,0.322710622710623,0,0.0141025641025641,0.1003663003663,0.503296703296703
216273.411807,2691366.126422,0.0652731939860653,0.242574257425743,0,0.00623395672900623,0.0687568756875688,0.617161716171617
216773.411807,2691366.126422,0.0635531135531135,0.352380952380952,0,0.00293040293040293,0.0489010989010989,0.532234432234432
217273.411807,2691366.126422,0.143406593406593,0.17985347985348,0,0.00531135531135531,0.0307692307692308,0.640659340659341
217773.411807,2691366.126422,0.263659699303264,0.0727906123945728,0,0.00275027502750275,0.0298863219655299,0.630913091309131
218273.411807,2691366.126422,0.281135531135531,0.128571428571429,0,0.00128205128205128,0.174175824175824,0.414835164835165
218773.411807,2691366.126422,0.365201465201465,0.0302197802197802,0,0.00146520146520147,0.0238095238095238,0.579304029304029
219273.411807,2691366.126422,0.135680234690136,0.113311331133113,0,0.0212687935460213,0.0683901723505684,0.661349468280161
219773.411807,2691366.126422,0.249450549450549,0.0377289377289377,0,0.00201465201465201,0.0587912087912088,0.652014652014652
220273.411807,2691366.126422,0.261355311355311,0.0461538461538462,0,0,0.0490842490842491,0.643406593406593
220773.411807,2691366.126422,0.147231389805647,0.22992299229923,0,0.0293362669600293,0.143931059772644,0.44957829116245
221273.411807,2691366.126422,0.164285714285714,0.206776556776557,0,0.0745421245421245,0.151831501831502,0.402564102564103
221773.411807,2691366.126422,0.13956043956044,0.408791208791209,0.0021978021978022,0.0177655677655678,0.0336996336996337,0.397985347985348
222273.411807,2691366.126422,0.0614228089475614,0.487532086541988,0,0.0817748441510818,0.0806747341400807,0.288595526219289
222773.411807,2691366.126422,0.0441391941391941,0.397069597069597,0,0.0716117216117216,0.0355311355311355,0.451648351648352
223273.411807,2691366.126422,0.0443223443223443,0.284432234432234,0,0.0357142857142857,0.0602564102564103,0.575274725274725
223773.411807,2691366.126422,0.0727906123945728,0.441510817748442,0,0.0232856618995233,0.0572057205720572,0.405207187385405
224273.411807,2691366.126422,0.0573260073260073,0.394139194139194,0.00677655677655678,0.0362637362637363,0.0798534798534798,0.425641025641026
212273.411807,2690866.126422,0.0739585244999082,0.241328684162232,0,0.00238575885483575,0.0310148651128647,0.65131216737016
212773.411807,2690866.126422,0.050797726022373,0.248303686044379,0,0.0720704199523198,0.122501375389694,0.506326792591234
213273.411807,2690866.126422,0.0617555433388309,0.588785046728972,0,0.0142935678944475,0.0888766721641928,0.246289169873557
213773.411807,2690866.126422,0.0469810974490732,0.672416957239861,0,0.00697375665259681,0.046063497889521,0.227564690768948
214273.411807,2690866.126422,0.0702365670273244,0.429855125618925,0,0.0174216027874564,0.132220795892169,0.350265908674124
214773.411807,2690866.126422,0.111416529228514,0.289902877038666,0,0.015026571376214,0.0577240241891149,0.525929998167491
215273.411807,2690866.126422,0.185538630941457,0.280418425399156,0,0.00899247568361167,0.0447788585061479,0.480271609469627
215773.411807,2690866.126422,0.138639281129653,0.163579680909591,0,0.0286081056299285,0.218595268659454,0.450577663671374
216273.411807,2690866.126422,0.15924500641378,0.242440901594283,0,0.00384826827927433,0.0478284771852666,0.546637346527396
216773.411807,2690866.126422,0.17416039640301,0.102037071022206,0.0012846393833731,0.0198201504863278,0.145531290144981,0.557166452560103
217273.411807,2690866.126422,0.381808178984045,0.0249403997799376,0,0.0302585732624244,0.0691362552723272,0.493856592701265
217773.411807,2690866.126422,0.205973978376397,0.0362836723474437,0,0.00201575957485798,0.066703316840755,0.689023272860546
218273.411807,2690866.126422,0.24481556248853,0.0367039823820885,0,0.00146815929528354,0.0297302257294917,0.687282070104606
218773.411807,2690866.126422,0.198973042362003,0.0526315789473684,0.004401247019989,0.0548322024573629,0.233816247936915,0.455345681276362
219273.411807,2690866.126422,0.205424225765072,0.0412314458493678,0.00109950522264981,0.230529595015576,0.290635880520432,0.231079347626901
219773.411807,2690866.126422,0.225729491649844,0.0570746926041475,0,0.113965865296385,0.264085153239126,0.339144797210497
220273.411807,2690866.126422,0.0612506876948469,0.218778653951953,0,0.0254905556574363,0.163579680909591,0.530900421786173
220773.411807,2690866.126422,0.103536741799524,0.293201392706615,0,0.0274876305662452,0.0736668499175371,0.502107385010079
221273.411807,2690866.126422,0.0754266837951918,0.187006790236741,0,0.0592769315470729,0.148834648559369,0.529454945861626
221773.411807,2690866.126422,0.162846139739593,0.123418301852191,0.0231065468549422,0.121951219512195,0.190904089492023,0.377773702549056
222273.411807,2690866.126422,0.291918636613524,0.036100421477002,0,0.100421477002016,0.203958218801539,0.367601246105919
222773.411807,2690866.126422,0.189576069003487,0.301523215268857,0.0167003119838502,0.0508350155991925,0.0578087722517893,0.383556615892824
223273.411807,2690866.126422,0.0750045846323125,0.259673574179351,0,0.0651017788373372,0.0979277461947552,0.502292316156244
223773.411807,2690866.126422,0.070734835990471,0.433754810335349,0,0.0564412680960235,0.108851017042331,0.330218068535826
224273.411807,2690866.126422,0.118737383006056,0.253440998348321,0.000183519911910442,0.0209212699577904,0.0607450908423564,0.545971737933566
212273.411807,2690366.126422,0.181100917431193,0.304036697247706,0,0.00055045871559633,0.0100917431192661,0.504220183486239
212773.411807,2690366.126422,0.382131718950651,0.15263254448725,0,0,0.0170610897083104,0.448174646853788
213273.411807,2690366.126422,0.214285714285714,0.0802197802197802,0,0.00146520146520147,0.0228937728937729,0.681135531135531
213773.411807,2690366.126422,0.109724770642202,0.137614678899083,0,0.0111926605504587,0.21302752293578,0.528440366972477
214273.411807,2690366.126422,0.063474591818015,0.196661163089341,0,0.00678774536782242,0.0374243258117777,0.695652173913043
214773.411807,2690366.126422,0.145238095238095,0.308791208791209,0,0.0179487179487179,0.1,0.428021978021978
215273.411807,2690366.126422,0.0394495412844037,0.31743119266055,0,0.00642201834862385,0.141284403669725,0.495412844036697
215773.411807,2690366.126422,0.0322876536415337,0.145110988809393,0,0.00953953403045313,0.124013942395891,0.68904788112273
216273.411807,2690366.126422,0.0619047619047619,0.310805860805861,0,0.0120879120879121,0.133882783882784,0.481318681318681
216773.411807,2690366.126422,0.138899082568807,0.213211009174312,0,0.0286238532110092,0.235963302752294,0.383302752293578
217273.411807,2690366.126422,0.389469822051,0.0317372959090075,0,0.0339387268391121,0.111722619702807,0.433131535498074
217773.411807,2690366.126422,0.155311355311355,0.108241758241758,0,0.0217948717948718,0.248717948717949,0.465934065934066
218273.411807,2690366.126422,0.0899082568807339,0.095045871559633,0,0.182752293577982,0.262752293577982,0.36954128440367
218773.411807,2690366.126422,0.198495688864429,0.0614566134654192,0,0.0436617134470739,0.182168409466153,0.514217574756925
