"x","y","forest","agri","water","built","other","grass"
224773.411807,2502366.126422,0.962087912087912,0.00183150183150183,0.000183150183150183,0.00183150183150183,0.00183150183150183,0.0322344322344322
225273.411807,2502366.126422,0.966813348001467,0,0,0,0,0.0331866519985332
225773.411807,2502366.126422,0.766849816849817,0.0302197802197802,0,0.0139194139194139,0.0331501831501832,0.155860805860806
226273.411807,2502366.126422,0.886263736263736,0.0247252747252747,0,0.00714285714285714,0.013003663003663,0.0688644688644689
226773.411807,2502366.126422,0.76035936927026,0.00495049504950495,0,0.0113678034470114,0.0144847818115145,0.208837550421709
227273.411807,2502366.126422,0.865934065934066,0,0,0.0010989010989011,0.00164835164835165,0.131318681318681
227773.411807,2502366.126422,0.86007326007326,0.00384615384615385,0,0.000732600732600733,0.000549450549450549,0.134798534798535
228273.411807,2502366.126422,0.716538320498717,0.00128346167950128,0,0.00128346167950128,0.00146681334800147,0.279427942794279
228773.411807,2502366.126422,0.696153846153846,0.0584249084249084,0,0.0102564102564103,0.00897435897435897,0.226190476190476
229273.411807,2502366.126422,0.628937728937729,0.0203296703296703,0.000183150183150183,0.0194139194139194,0.0141025641025641,0.317032967032967
229773.411807,2502366.126422,0.682434910157682,0.0432709937660433,0.0033003300330033,0.0201686835350202,0.0148514851485149,0.235973597359736
230273.411807,2502366.126422,0.713919413919414,0.0393772893772894,0.0146520146520147,0.0532967032967033,0.00970695970695971,0.169047619047619
230773.411807,2502366.126422,0.885897435897436,0.000366300366300366,0,0.00183150183150183,0.000549450549450549,0.111355311355311
231273.411807,2502366.126422,0.906307297396406,0.000916758342500917,0,0.000183351668500183,0,0.0925925925925926
231773.411807,2502366.126422,0.89029304029304,0.0010989010989011,0,0.00402930402930403,0.00952380952380952,0.0950549450549451
232273.411807,2502366.126422,0.71959706959707,0.0283882783882784,0,0.0532967032967033,0.0113553113553114,0.187362637362637
232773.411807,2502366.126422,0.272277227722772,0.077007700770077,0,0.405757242390906,0.0953428676200953,0.14961496149615
233273.411807,2502366.126422,0.585531135531136,0.080952380952381,0,0.167582417582418,0.0227106227106227,0.143223443223443
233773.411807,2502366.126422,0.0985347985347985,0.0514652014652015,0.219047619047619,0.593589743589744,0.00805860805860806,0.0293040293040293
234273.411807,2502366.126422,0.604143747708104,0.0793912724605794,0.00605060506050605,0.0632563256325633,0.0339200586725339,0.213237990465713
234773.411807,2502366.126422,0.821245421245421,0.0225274725274725,0,0.00531135531135531,0.0102564102564103,0.140659340659341
235273.411807,2502366.126422,0.972710622710623,0.0010989010989011,0,0.000915750915750916,0.00146520146520147,0.0238095238095238
235773.411807,2502366.126422,0.702053538687202,0.055005500550055,0,0.0531719838650532,0.0216354968830216,0.168133480014668
236273.411807,2502366.126422,0.856043956043956,0.000366300366300366,0,0,0,0.143589743589744
236773.411807,2502366.126422,0.912820512820513,0,0,0,0,0.0871794871794872
224773.411807,2501866.126422,0.966440491472584,0.00458463231248854,0,0,0,0.0289748762149276
225273.411807,2501866.126422,0.869525380245556,0.0172255818215137,0,0.0344511636430273,0.0218068535825545,0.0569910207073484
225773.411807,2501866.126422,0.865663424481556,0.00972655533125344,0.000367039823820885,0.0220223894292531,0.0372545421178198,0.0649660488162966
226273.411807,2501866.126422,0.772418852008069,0.0192554557124519,0,0.0348432055749129,0.044379240784889,0.129103245919677
226773.411807,2501866.126422,0.826827927432655,0.0047645226314825,0,0.01905809052593,0.0139270661535642,0.135422393256368
227273.411807,2501866.126422,0.841071756285557,0.00110111947146265,0,0.00789135621214902,0.0082583960359699,0.141677371994861
227773.411807,2501866.126422,0.831652301485421,0.000916926462497708,0,0.000733541169998166,0.00110031175499725,0.165596919127086
228273.411807,2501866.126422,0.760674363203225,0.0201575957485798,0,0.00678028220634048,0.0126443100604728,0.199743448781382
228773.411807,2501866.126422,0.830978161130483,0.00238575885483575,0,0.0238575885483575,0.0144980730409249,0.128280418425399
229273.411807,2501866.126422,0.757381258023107,0.00916926462497708,0.00238400880249404,0.0394278378874014,0.0271410232899321,0.164496607372089
229773.411807,2501866.126422,0.639728788711746,0.00769653655854865,0,0.00366501740883269,0.00384826827927433,0.345061389041598
230273.411807,2501866.126422,0.388328133602496,0.0702881262616994,0.0579922921636998,0.180767113231786,0.0277115066984768,0.274912828041843
230773.411807,2501866.126422,0.760682193288098,0.00843572345497891,0,0.00641848523748395,0.00935264991747662,0.215110948101962
231273.411807,2501866.126422,0.950888766721642,0,0,0,0,0.0491112332783581
231773.411807,2501866.126422,0.712607817948247,0.00220223894292531,0,0.0104606349788952,0.00991007524316388,0.264819232886768
232273.411807,2501866.126422,0.756647716853108,0.0146708233999633,0.00146708233999633,0.0573995965523565,0.0383275261324042,0.131487254722171
232773.411807,2501866.126422,0.711196628183984,0.00586402785413231,0,0.0203408466190214,0.0241891148982958,0.238409382444567
233273.411807,2501866.126422,0.848963112497706,0.00752431638832813,0,0.000734079647641769,0.00110111947146265,0.141677371994861
233773.411807,2501866.126422,0.335411699981661,0.0614340729873464,0.289381991564277,0.172565560242069,0.024390243902439,0.116816431322208
234273.411807,2501866.126422,0.428623785962983,0.0577240241891149,0.127359354956936,0.214037016675829,0.0423309510720176,0.129924867143119
234773.411807,2501866.126422,0.603046430537713,0.0607450908423564,0.0104606349788952,0.0633143696091026,0.065149568728207,0.197283905303725
235273.411807,2501866.126422,0.713918943700715,0.0315422703099211,0.0121034293049697,0.0643682376673391,0.0328259673574179,0.145241151659637
235773.411807,2501866.126422,0.896096756459593,0.0186915887850467,0,0.00384826827927433,0.000183250870441635,0.0811801356056441
236273.411807,2501866.126422,0.727472930812993,0.0618462103138191,0,0.000183519911910442,0.00183519911910442,0.208662139842173
236773.411807,2501866.126422,0.842838804327893,0,0,0,0,0.157161195672107
224773.411807,2501366.126422,0.924784443221427,0.0174279948633278,0,0.000183452577508714,0,0.0576041093377362
225273.411807,2501366.126422,0.847802197802198,0.00402930402930403,0,0.00805860805860806,0.00457875457875458,0.135531135531136
225773.411807,2501366.126422,0.497981651376147,0.0559633027522936,0.00055045871559633,0.10348623853211,0.10348623853211,0.238532110091743
226273.411807,2501366.126422,0.718583746101633,0.0236653824986241,0,0.0236653824986241,0.0344890845716382,0.199596404329481
226773.411807,2501366.126422,0.860989010989011,0.00989010989010989,0,0.00494505494505494,0.00915750915750916,0.115018315018315
227273.411807,2501366.126422,0.74697247706422,0.0108256880733945,0,0.0108256880733945,0.0132110091743119,0.218165137614679
227773.411807,2501366.126422,0.462300495321959,0.0911759310218309,0.001284168042561,0.150064208402128,0.0851219959640433,0.210053201247478
228273.411807,2501366.126422,0.093956043956044,0.0697802197802198,0.16996336996337,0.524358974358974,0.0683150183150183,0.0736263736263736
228773.411807,2501366.126422,0.39743119266055,0.0752293577981651,0.0409174311926606,0.252293577981651,0.0535779816513761,0.180550458715596
229273.411807,2501366.126422,0.339387268391121,0.0735644835809943,0.015410016510732,0.240873234268941,0.104934874334984,0.225830122913227
229773.411807,2501366.126422,0.765567765567766,0.0126373626373626,0.000549450549450549,0.0232600732600733,0.0194139194139194,0.178571428571429
230273.411807,2501366.126422,0.154862385321101,0.109908256880734,0.145321100917431,0.288990825688073,0.0675229357798165,0.233394495412844
230773.411807,2501366.126422,0.585764079985324,0.0559530361401578,0.00165107319757843,0.0546688680975968,0.0304531278664465,0.271509814712897
231273.411807,2501366.126422,0.60970695970696,0.0571428571428571,0.00494505494505494,0.0503663003663004,0.0406593406593407,0.237179487179487
231773.411807,2501366.126422,0.396330275229358,0.063302752293578,0.0132110091743119,0.212293577981651,0.0563302752293578,0.258532110091743
232273.411807,2501366.126422,0.457714180884241,0.0702623371858375,0.019262520638415,0.181067694001101,0.0919097413318657,0.17978352595854
232773.411807,2501366.126422,0.863553113553114,0.00164835164835165,0,0.00311355311355311,0.0043956043956044,0.127289377289377
233273.411807,2501366.126422,0.830642201834862,0.00311926605504587,0,0.00403669724770642,0.00807339449541284,0.154128440366972
233773.411807,2501366.126422,0.621720785177032,0.0449458814896349,0.020546688680976,0.119244175380664,0.0124747752705926,0.181067694001101
234273.411807,2501366.126422,0.411355311355311,0.0584249084249084,0.0857142857142857,0.218498168498168,0.0252747252747253,0.200732600732601
234773.411807,2501366.126422,0.63394495412844,0.104220183486239,0.00972477064220183,0.0561467889908257,0.0544954128440367,0.141467889908257
235273.411807,2501366.126422,0.888827738029719,0.00843881856540084,0,0.0104567969179967,0.00990643918547056,0.0823702073014126
235773.411807,2501366.126422,0.826373626373626,0.0137362637362637,0,0,0.000183150183150183,0.15970695970696
236273.411807,2501366.126422,0.777798165137615,0.0188990825688073,0,0.00256880733944954,0.00440366972477064,0.196330275229358
236773.411807,2501366.126422,0.799853237937993,0.0104567969179967,0,0,0,0.18968996514401
224773.411807,2500866.126422,0.793223443223443,0.0102564102564103,0.0258241758241758,0.034981684981685,0.0452380952380952,0.0904761904761905
225273.411807,2500866.126422,0.967913458012468,0,0,0,0,0.0320865419875321
225773.411807,2500866.126422,0.816117216117216,0.0195970695970696,0,0.0194139194139194,0.0210622710622711,0.123809523809524
226273.411807,2500866.126422,0.727472527472527,0.0133699633699634,0,0.0307692307692308,0.0324175824175824,0.195970695970696
226773.411807,2500866.126422,0.763292995966263,0.00605060506050605,0,0.00201686835350202,0.00348368170150348,0.225155848918225
227273.411807,2500866.126422,0.842490842490842,0.0228937728937729,0.000366300366300366,0.00384615384615385,0.00787545787545788,0.122527472527473
227773.411807,2500866.126422,0.893406593406593,0.0258241758241758,0.000915750915750916,0.00384615384615385,0.0032967032967033,0.0727106227106227
228273.411807,2500866.126422,0.632196552988632,0.0141180784745141,0.00055005500550055,0.112394572790612,0.0693069306930693,0.171433810047671
228773.411807,2500866.126422,0.562454212454212,0.0327838827838828,0.000915750915750916,0.0408424908424908,0.028021978021978,0.334981684981685
229273.411807,2500866.126422,0.891758241758242,0.000183150183150183,0,0,0,0.108058608058608
229773.411807,2500866.126422,0.637330399706637,0.0491382471580491,0.0128346167950128,0.143564356435644,0.0077007700770077,0.149431609827649
230273.411807,2500866.126422,0.169047619047619,0.156959706959707,0.204029304029304,0.264102564102564,0.0205128205128205,0.185347985347985
230773.411807,2500866.126422,0.713736263736264,0.0296703296703297,0,0.0111721611721612,0.00641025641025641,0.239010989010989
231273.411807,2500866.126422,0.72020535386872,0.0463879721305464,0,0.00146681334800147,0.00311697836450312,0.228822882288229
231773.411807,2500866.126422,0.690659340659341,0.045970695970696,0,0.0197802197802198,0.00750915750915751,0.236080586080586
232273.411807,2500866.126422,0.584981684981685,0.0445054945054945,0.00787545787545788,0.172527472527473,0.0399267399267399,0.15018315018315
232773.411807,2500866.126422,0.846351301796846,0.00825082508250825,0,0.0141180784745141,0.0121012101210121,0.119178584525119
233273.411807,2500866.126422,0.858608058608059,0.00128205128205128,0,0.00732600732600733,0.00842490842490842,0.124358974358974
233773.411807,2500866.126422,0.487728937728938,0.0571428571428571,0.0538461538461538,0.273443223443223,0.0100732600732601,0.117765567765568
234273.411807,2500866.126422,0.764209754308764,0.0414374770810414,0.0249358269160249,0.0388705537220389,0.0121012101210121,0.118445177851118
234773.411807,2500866.126422,0.732417582417582,0.0578754578754579,0.000549450549450549,0.0172161172161172,0.0254578754578755,0.166483516483516
235273.411807,2500866.126422,0.615201465201465,0.0873626373626374,0,0.0423076923076923,0.0423076923076923,0.212820512820513
235773.411807,2500866.126422,0.821048771543821,0.00293362669600293,0,0.000183351668500183,0.000366703337000367,0.175467546754675
236273.411807,2500866.126422,0.851831501831502,0.00915750915750916,0,0.0010989010989011,0.000366300366300366,0.137545787545788
236773.411807,2500866.126422,0.807875457875458,0.00512820512820513,0,0.000549450549450549,0.00311355311355311,0.183333333333333
224773.411807,2500366.126422,0.861360718870347,0.0280579497524299,0.00568494406748579,0.0210893086374473,0.0185219145424537,0.0652851641298368
225273.411807,2500366.126422,0.793109767271395,0.0109950522264981,0,0.0324354040681693,0.0386659336631849,0.124793842770753
225773.411807,2500366.126422,0.826023123508901,0.0179849513672233,0,0.0233070288126262,0.0249587080198202,0.10772618829143
226273.411807,2500366.126422,0.911241518430222,0.004401247019989,0,0.00623509994498441,0.00935264991747662,0.0687694846873281
226773.411807,2500366.126422,0.975077881619938,0.00128275609309144,0,0,0,0.0236393622869709
227273.411807,2500366.126422,0.827307762892274,0,0,0,0,0.172692237107726
227773.411807,2500366.126422,0.858243168897854,0.0207225380524482,0.000550155877498625,0.00201723821749496,0.00348432055749129,0.114982578397213
228273.411807,2500366.126422,0.81839838739234,0.0241891148982958,0,0.000733003481766538,0.00274876305662452,0.153930731170973
228773.411807,2500366.126422,0.82987704165902,0.02073775004588,0,0.00311983850247752,0.00458799779776106,0.141677371994861
229273.411807,2500366.126422,0.691545938015771,0.0614340729873464,0.000183385292499542,0.00788556757748029,0.0124701998899688,0.226480836236934
229773.411807,2500366.126422,0.609675645959318,0.0844786512735936,0.00439802089059923,0.100421477002016,0.0240058640278541,0.177020340846619
230273.411807,2500366.126422,0.396403009726555,0.0913929161314003,0.200954303541934,0.166636080014682,0.00935951550743256,0.135254175077996
230773.411807,2500366.126422,0.79185769301302,0.0119200440124702,0,0.00311754997249221,0.00293416467999266,0.190170548322025
231273.411807,2500366.126422,0.739234011361554,0.0322521531977277,0,0.0899761773868426,0.0410481949789262,0.0974894630749496
231773.411807,2500366.126422,0.589649476968251,0.039823820884566,0,0.0680858873187741,0.0289961460818499,0.273444668746559
232273.411807,2500366.126422,0.423620025673941,0.11608289015221,0,0.234733174399413,0.0662020905923345,0.159361819182102
232773.411807,2500366.126422,0.880703683342496,0.00311526479750779,0,0.000733003481766538,0.000183250870441635,0.115264797507788
233273.411807,2500366.126422,0.851348871352542,0.00110111947146265,0,0.000183519911910442,0.000734079647641769,0.146632409616443
233773.411807,2500366.126422,0.475518063451311,0.0607005318173482,0.108930863744728,0.275628094626811,0.00788556757748029,0.0713368787823217
234273.411807,2500366.126422,0.77020340846619,0.0529595015576324,0.0047645226314825,0.0841121495327103,0.0111783030969397,0.0767821147150449
234773.411807,2500366.126422,0.753165718480455,0.0266103872270141,0.0183519911910442,0.0405579005322077,0.0100935951550743,0.151220407414204
235273.411807,2500366.126422,0.683293599853292,0.103612690262241,0.00110031175499725,0.0491472583898771,0.0218228498074454,0.141023289932147
235773.411807,2500366.126422,0.778632948506505,0.0108118013560564,0,0.00256551218618288,0.00971229613340663,0.198277441817849
236273.411807,2500366.126422,0.82583960359699,0.0144980730409249,0,0.00293631859056708,0.00587263718113415,0.150853367590384
236773.411807,2500366.126422,0.908674124335228,0,0,0,0,0.0913258756647717
224773.411807,2499866.126422,0.883691065859475,0.0286186020913594,0,0.00183452577508714,0.00476976701522656,0.0810860392588516
225273.411807,2499866.126422,0.817948717948718,0.00989010989010989,0,0.030952380952381,0.0304029304029304,0.110805860805861
225773.411807,2499866.126422,0.783119266055046,0.0137614678899083,0.00018348623853211,0.00642201834862385,0.00807339449541284,0.188440366972477
226273.411807,2499866.126422,0.843881856540084,0.00513667217024399,0,0.00201797835259585,0.00421940928270042,0.144744083654375
226773.411807,2499866.126422,0.931868131868132,0.00146520146520147,0,0,0,0.0666666666666667
227273.411807,2499866.126422,0.778899082568807,0.00330275229357798,0,0.00422018348623853,0.00440366972477064,0.209174311926606
227773.411807,2499866.126422,0.566134654191891,0.0161438268207668,0,0.116859291873051,0.0643918547055586,0.236470372408732
228273.411807,2499866.126422,0.747069597069597,0.000915750915750916,0,0.0208791208791209,0.00769230769230769,0.223443223443223
228773.411807,2499866.126422,0.736697247706422,0.00348623853211009,0,0.00972477064220183,0.00954128440366972,0.240550458715596
229273.411807,2499866.126422,0.749587231700605,0.0232984773436067,0,0.0091726288754357,0.014125848468171,0.203815813612181
229773.411807,2499866.126422,0.486446886446886,0.0307692307692308,0.143406593406593,0.108608058608059,0.041025641025641,0.18974358974359
230273.411807,2499866.126422,0.322752293577982,0.0563302752293578,0.173761467889908,0.280733944954128,0.0379816513761468,0.128440366972477
230773.411807,2499866.126422,0.681342872867364,0.0221977618785544,0.0227481196110805,0.0809025866813429,0.0190790680609063,0.173729590900752
231273.411807,2499866.126422,0.952564102564103,0,0,0.0010989010989011,0.000183150183150183,0.0461538461538462
231773.411807,2499866.126422,0.746422018348624,0.00330275229357798,0,0.02,0.00788990825688073,0.222385321100917
232273.411807,2499866.126422,0.598422307833425,0.0365070629242341,0.00183452577508714,0.11557512383049,0.0300862227114291,0.217574756925335
232773.411807,2499866.126422,0.614468864468865,0.0448717948717949,0,0.0598901098901099,0.00787545787545788,0.272893772893773
233273.411807,2499866.126422,0.505321100917431,0.140366972477064,0.00220183486238532,0.178715596330275,0.0260550458715596,0.147339449541284
233773.411807,2499866.126422,0.202348192992112,0.10273344340488,0.225830122913227,0.395707209686296,0.0157769216657494,0.0576041093377362
234273.411807,2499866.126422,0.741025641025641,0.047985347985348,0,0.0318681318681319,0.0236263736263736,0.155494505494505
234773.411807,2499866.126422,0.818348623853211,0.00165137614678899,0,0.00201834862385321,0.00146788990825688,0.17651376146789
235273.411807,2499866.126422,0.915061456613465,0.0108237020730141,0,0.00458631443771785,0.00220143093010457,0.067327095945698
235773.411807,2499866.126422,0.772161172161172,0.00256410256410256,0,0.000183150183150183,0.000732600732600733,0.224358974358974
236273.411807,2499866.126422,0.844403669724771,0.00844036697247706,0,0.00055045871559633,0.00073394495412844,0.145871559633028
236773.411807,2499866.126422,0.9157952669235,0,0,0,0,0.0842047330764997
224773.411807,2499366.126422,0.936813186813187,0.000732600732600733,0,0.000183150183150183,0.000915750915750916,0.0613553113553114
225273.411807,2499366.126422,0.726989365603227,0.0148514851485149,0.000733406674000733,0.00513384671800513,0.00806747341400807,0.244224422442244
225773.411807,2499366.126422,0.930952380952381,0.000183150183150183,0,0.00293040293040293,0.00274725274725275,0.0631868131868132
226273.411807,2499366.126422,0.965018315018315,0.000183150183150183,0,0,0,0.0347985347985348
226773.411807,2499366.126422,0.895489548954896,0.0088008800880088,0,0.00421708837550422,0.0146681334800147,0.0768243491015768
227273.411807,2499366.126422,0.894139194139194,0.00421245421245421,0,0.000183150183150183,0.000732600732600733,0.100732600732601
227773.411807,2499366.126422,0.845054945054945,0.00256410256410256,0,0.000549450549450549,0.000366300366300366,0.151465201465201
228273.411807,2499366.126422,0.628162816281628,0.0436376971030436,0,0.0121012101210121,0.0113678034470114,0.304730473047305
228773.411807,2499366.126422,0.652747252747253,0.0164835164835165,0.000366300366300366,0.0353479853479853,0.0217948717948718,0.273260073260073
229273.411807,2499366.126422,0.810989010989011,0.00695970695970696,0,0.0135531135531136,0.0153846153846154,0.153113553113553
229773.411807,2499366.126422,0.324715804913825,0.0636230289695636,0.320865419875321,0.154748808214155,0.0218188485515218,0.114228089475614
230273.411807,2499366.126422,0.758608058608059,0.0340659340659341,0.00787545787545788,0.0507326007326007,0.00659340659340659,0.142124542124542
230773.411807,2499366.126422,0.424358974358974,0.0608058608058608,0.095970695970696,0.177838827838828,0.0391941391941392,0.201831501831502
231273.411807,2499366.126422,0.481298129812981,0.0432709937660433,0.0011001100110011,0.124495782911624,0.0766409974330766,0.273193986065273
231773.411807,2499366.126422,0.92051282051282,0.000183150183150183,0,0,0,0.0793040293040293
232273.411807,2499366.126422,0.889377289377289,0,0,0,0,0.110622710622711
232773.411807,2499366.126422,0.870920425375871,0.00495049504950495,0,0.000733406674000733,0.00055005500550055,0.122845617895123
233273.411807,2499366.126422,0.696153846153846,0.0192307692307692,0,0.00750915750915751,0.0263736263736264,0.250732600732601
233773.411807,2499366.126422,0.465384615384615,0.0282051282051282,0.0529304029304029,0.305494505494506,0.0186813186813187,0.129304029304029
234273.411807,2499366.126422,0.772460579391272,0.0396039603960396,0.00055005500550055,0.0436376971030436,0.00898423175650898,0.134763476347635
234773.411807,2499366.126422,0.855128205128205,0.00860805860805861,0,0.00695970695970696,0.0043956043956044,0.124908424908425
235273.411807,2499366.126422,0.915018315018315,0,0,0,0,0.084981684981685
235773.411807,2499366.126422,0.818665199853319,0.00715071507150715,0,0.0011001100110011,0.00531719838650532,0.167766776677668
236273.411807,2499366.126422,0.872710622710623,0.00952380952380952,0,0.000732600732600733,0.000732600732600733,0.116300366300366
236773.411807,2499366.126422,0.935531135531136,0,0,0,0,0.0644688644688645
224773.411807,2498866.126422,0.885017421602787,0.00788556757748029,0,0.0161379057399597,0.0154043645699615,0.0755547405098111
225273.411807,2498866.126422,0.836173721825179,0.00494777350192413,0,0.00769653655854865,0.00659703133589885,0.14458493677845
225773.411807,2498866.126422,0.816847127913379,0.0133969535694623,0.000734079647641769,0.0139475133051936,0.0117452743622683,0.143329051202055
226273.411807,2498866.126422,0.955070603337612,0.000183385292499542,0,0.000366770584999083,0.000550155877498625,0.0438290849073904
226773.411807,2498866.126422,0.900128275609309,0.00201575957485798,0,0.000183250870441635,0.00128275609309144,0.0963899578522998
227273.411807,2498866.126422,0.916131400256928,0,0,0,0.000550559735731327,0.0833180400073408
227773.411807,2498866.126422,0.964239867962589,0,0,0,0,0.0357601320374106
228273.411807,2498866.126422,0.897562763423126,0.00659703133589885,0,0.0128275609309144,0.0089792926516401,0.0740333516584204
228773.411807,2498866.126422,0.729308129932098,0.0491833363919985,0.000367039823820885,0.04147550009176,0.0181684712791338,0.161497522481189
229273.411807,2498866.126422,0.709334311388227,0.0203557674674491,0.00476801760498808,0.0540986612873648,0.0460297084173849,0.165413533834586
229773.411807,2498866.126422,0.231079347626901,0.05717427157779,0.279640828293934,0.223932563679677,0.051126992853216,0.157045995968481
230273.411807,2498866.126422,0.18663975041292,0.0631308496971921,0.632042576619563,0.0952468342815195,0.0012846393833731,0.0216553496054322
230773.411807,2498866.126422,0.146524848707134,0.0166880616174583,0.705849990830735,0.0869246286447827,0.00495140289748762,0.0390610673024023
231273.411807,2498866.126422,0.662085394905626,0.0263881253435954,0.0536925050393989,0.0971229613340663,0.0207073483599047,0.140003665017409
231773.411807,2498866.126422,0.815562488530005,0.00587263718113415,0,0.0115617544503579,0.0155991925123876,0.151403927326115
232273.411807,2498866.126422,0.875114615807812,0.00256739409499358,0,0.00458463231248854,0.00861910874747845,0.109114249037227
232773.411807,2498866.126422,0.901044529961517,0.00183250870441635,0.000183250870441635,0,0.000549752611324904,0.0963899578522998
233273.411807,2498866.126422,0.789319141126812,0.0422095797394017,0,0.00880895577170123,0.0201871903101487,0.139475133051936
233773.411807,2498866.126422,0.854575463047864,0.000366770584999083,0,0.000183385292499542,0.00238400880249404,0.142490372272144
234273.411807,2498866.126422,0.478834524463991,0.0450797141286421,0.0918086860912589,0.229613340663368,0.0218068535825545,0.132856881070185
234773.411807,2498866.126422,0.769315470728574,0.0436777390346853,0.00275279867865663,0.0137639933932832,0.0113782345384474,0.159111763626353
235273.411807,2498866.126422,0.942783788740143,0.00275077938749312,0,0.00256739409499358,0.0053181734824867,0.0465798642948836
235773.411807,2498866.126422,0.825545171339564,0.0201575957485798,0,0.00696353307678211,0.00861279091075683,0.138720908924317
236273.411807,2498866.126422,0.883281336024959,0,0,0,0,0.116718663975041
236773.411807,2498866.126422,0.909224280212727,0,0,0,0,0.0907757197872731
224773.411807,2498366.126422,0.846633645202715,0.0135754907356448,0,0.0144927536231884,0.0106402494955054,0.114657860942946
225273.411807,2498366.126422,0.87014652014652,0.0173992673992674,0,0.00311355311355311,0.00347985347985348,0.105860805860806
225773.411807,2498366.126422,0.887155963302752,0.00458715596330275,0,0.00073394495412844,0.00330275229357798,0.104220183486239
226273.411807,2498366.126422,0.760227481196111,0.0387084938543387,0.000550357732526142,0.028251696936342,0.0185287103283801,0.153733259952302
226773.411807,2498366.126422,0.875274725274725,0.0131868131868132,0,0.00366300366300366,0.00787545787545788,0.1
227273.411807,2498366.126422,0.760733944954128,0.021651376146789,0.00605504587155963,0.0363302752293578,0.0251376146788991,0.150091743119266
227773.411807,2498366.126422,0.762245459548707,0.0240322876536415,0.00091726288754357,0.0221977618785544,0.020546688680976,0.170060539350578
228273.411807,2498366.126422,0.47948717948718,0.0487179487179487,0.00824175824175824,0.179304029304029,0.0972527472527473,0.186996336996337
228773.411807,2498366.126422,0.92,0,0,0,0,0.08
229273.411807,2498366.126422,0.875435699871583,0.0117409649605577,0,0.00311869381764814,0.00880572372041827,0.100898917629793
229773.411807,2498366.126422,0.901465201465201,0.0117216117216117,0.0010989010989011,0.0254578754578755,0.0113553113553114,0.0489010989010989
230273.411807,2498366.126422,0.744770642201835,0.0559633027522936,0.00568807339449541,0.0930275229357798,0.00715596330275229,0.093394495412844
230773.411807,2498366.126422,0.0607228031553843,0.0234819299211154,0.621353880022014,0.240139423958907,0.0242157402311502,0.0300862227114291
231273.411807,2498366.126422,0.0225274725274725,0.122527472527473,0.528571428571429,0.271611721611722,0.0304029304029304,0.0243589743589744
231773.411807,2498366.126422,0.56,0.046605504587156,0.0143119266055046,0.164220183486239,0.0612844036697248,0.153577981651376
232273.411807,2498366.126422,0.906806090625573,0.000183452577508714,0,0.00293524124013942,0.00238488350761328,0.0876903320491653
232773.411807,2498366.126422,0.99010989010989,0,0,0,0,0.00989010989010989
233273.411807,2498366.126422,0.975779816513761,0,0,0,0,0.0242201834862385
233773.411807,2498366.126422,0.777105118326913,0.00642084021280499,0,0.0500825536598789,0.015410016510732,0.150981471289672
234273.411807,2498366.126422,0.228388278388278,0.103113553113553,0.235531135531136,0.297985347985348,0.0188644688644689,0.116117216117216
234773.411807,2498366.126422,0.803119266055046,0.0154128440366972,0.0108256880733945,0.04,0.0108256880733945,0.119816513761468
235273.411807,2498366.126422,0.637497706842781,0.0509998165474225,0.000366905155017428,0.0443955237571088,0.0322876536415337,0.234452394056136
235773.411807,2498366.126422,0.817948717948718,0.0115384615384615,0,0,0.00128205128205128,0.169230769230769
236273.411807,2498366.126422,0.719449541284404,0.0352293577981651,0,0.00128440366972477,0.00385321100917431,0.240183486238532
236773.411807,2498366.126422,0.913410383415887,0.002568336085122,0,0,0,0.084021280498991
224773.411807,2497866.126422,0.843223443223443,0.028021978021978,0,0.0102564102564103,0.010989010989011,0.107509157509158
225273.411807,2497866.126422,0.970663733039971,0,0,0,0,0.0293362669600293
225773.411807,2497866.126422,0.846703296703297,0.0278388278388278,0,0.0153846153846154,0.0223443223443223,0.0877289377289377
226273.411807,2497866.126422,0.981501831501831,0.00183150183150183,0,0,0,0.0166666666666667
226773.411807,2497866.126422,0.942610927759443,0,0,0,0,0.0573890722405574
227273.411807,2497866.126422,0.946336996336996,0.000366300366300366,0,0,0,0.0532967032967033
227773.411807,2497866.126422,0.81025641025641,0.013003663003663,0,0.00293040293040293,0.00989010989010989,0.163919413919414
228273.411807,2497866.126422,0.685918591859186,0.059039237257059,0.00806747341400807,0.0429042904290429,0.0267693436010268,0.177301063439677
228773.411807,2497866.126422,0.721978021978022,0.0615384615384615,0.000183150183150183,0.0802197802197802,0.0142857142857143,0.121794871794872
229273.411807,2497866.126422,0.647252747252747,0.0393772893772894,0.0021978021978022,0.0619047619047619,0.0223443223443223,0.226923076923077
229773.411807,2497866.126422,0.45984598459846,0.108544187752109,0.0295196186285295,0.180601393472681,0.077007700770077,0.144481114778144
230273.411807,2497866.126422,0.441208791208791,0.0608058608058608,0.00586080586080586,0.124908424908425,0.0721611721611722,0.295054945054945
230773.411807,2497866.126422,0.723626373626374,0.0523809523809524,0,0.0463369963369963,0.0395604395604396,0.138095238095238
231273.411807,2497866.126422,0.16043270993766,0.24000733406674,0.123762376237624,0.259259259259259,0.0397873120645398,0.176751008434177
231773.411807,2497866.126422,0.758791208791209,0.0628205128205128,0.000549450549450549,0.0305860805860806,0.0104395604395604,0.136813186813187
232273.411807,2497866.126422,0.852197802197802,0.00805860805860806,0,0.00347985347985348,0.00750915750915751,0.128754578754579
232773.411807,2497866.126422,0.786578657865787,0.022002200220022,0.00146681334800147,0.110561056105611,0.0348368170150348,0.0445544554455446
233273.411807,2497866.126422,0.953663003663004,0.00402930402930403,0,0,0,0.0423076923076923
233773.411807,2497866.126422,0.98003663003663,0,0,0,0,0.01996336996337
234273.411807,2497866.126422,0.844701136780345,0.0144847818115145,0,0.00421708837550422,0.00531719838650532,0.131279794646131
234773.411807,2497866.126422,0.138644688644689,0.0547619047619048,0.478571428571429,0.258608058608059,0.0113553113553114,0.0580586080586081
235273.411807,2497866.126422,0.626373626373626,0.0512820512820513,0.00970695970695971,0.148717948717949,0.0188644688644689,0.145054945054945
235773.411807,2497866.126422,0.404657132379905,0.0617895122845618,0.0361202786945361,0.178401173450678,0.0507884121745508,0.268243491015768
236273.411807,2497866.126422,0.448901098901099,0.102747252747253,0.0216117216117216,0.113003663003663,0.0243589743589744,0.289377289377289
236773.411807,2497866.126422,0.727472527472527,0.0153846153846154,0.000549450549450549,0.0269230769230769,0.015018315018315,0.214652014652015
224773.411807,2497366.126422,0.949935815147625,0.00201723821749496,0,0.000366770584999083,0.000550155877498625,0.0471300201723822
225273.411807,2497366.126422,0.952721275426058,0,0,0.000366501740883269,0,0.0469122228330585
225773.411807,2497366.126422,0.893007891356212,0,0,0.000917599559552211,0.000550559735731327,0.105523949348504
226273.411807,2497366.126422,0.767467449110581,0.0174216027874564,0,0.00513478818998716,0.0166880616174583,0.193288098294517
226773.411807,2497366.126422,0.774051676745464,0.011544804837823,0,0.00641378046545721,0.00604727872457394,0.201942459226681
227273.411807,2497366.126422,0.842723435492751,0.00807487612405946,0,0.00403743806202973,0.00605615709304459,0.139108093228115
227773.411807,2497366.126422,0.916376306620209,0.00348432055749129,0,0.00183385292499542,0.00275077938749312,0.0755547405098111
228273.411807,2497366.126422,0.906542056074766,0.00733003481766538,0,0.00678028220634048,0.00183250870441635,0.0775151181968114
228773.411807,2497366.126422,0.622132501376399,0.0350523031748945,0,0.030280785465223,0.0308313452009543,0.281703064782529
229273.411807,2497366.126422,0.553823583348615,0.0937098844672657,0.00293416467999266,0.153310104529617,0.0289748762149276,0.167247386759582
229773.411807,2497366.126422,0.720359171706066,0.0395821880153931,0.00274876305662452,0.042147700201576,0.0395821880153931,0.155579989004948
230273.411807,2497366.126422,0.930078913562121,0.00440447788585061,0,0.0211047898697009,0.00935951550743256,0.0350523031748945
230773.411807,2497366.126422,0.569961489088575,0.0665688611773336,0,0.113332110764717,0.0645516229598386,0.185585916009536
231273.411807,2497366.126422,0.129741616272677,0.120945574491479,0.0408649441084845,0.566061938794209,0.0734835990470955,0.0689023272860546
231773.411807,2497366.126422,0.188291429620114,0.0675353275830428,0.262066434208112,0.338594237474766,0.0288126261699394,0.114699944944026
232273.411807,2497366.126422,0.202090592334495,0.017604988079956,0.242068586099395,0.296900788556758,0.0478635613423803,0.193471483587016
232773.411807,2497366.126422,0.139087410665201,0.0656038116181052,0.0731170973062122,0.486164559281657,0.123694337548103,0.112332783580722
233273.411807,2497366.126422,0.772802349054872,0.00935951550743256,0.00146815929528354,0.0389062213250138,0.0218388695173426,0.155624885300055
233773.411807,2497366.126422,0.948285347515129,0,0,0,0,0.0517146524848707
234273.411807,2497366.126422,0.852849551035367,0.0161260765988638,0,0.00164925783397471,0.00256551218618288,0.126809602345611
234773.411807,2497366.126422,0.0578087722517893,0.0146815929528354,0.748944760506515,0.147733529087906,0.00311983850247752,0.0277115066984768
235273.411807,2497366.126422,0.153310104529617,0.0313588850174216,0.489822116266275,0.250137538969375,0.00183385292499542,0.0735375022923162
235773.411807,2497366.126422,0.64687557265897,0.0747663551401869,0.0507604911123328,0.145867692871541,0.000733003481766538,0.0809968847352025
236273.411807,2497366.126422,0.125344099834832,0.0297302257294917,0.282437144430171,0.528537346302074,0.0047715177096715,0.0291796659937603
236773.411807,2497366.126422,0.177883733724555,0.0729873464148175,0.173299101412067,0.479369154593802,0.0152209792774619,0.0812396845772969
224773.411807,2496866.126422,0.863144377178499,0.00348559897266557,0,0.00458631443771785,0.0133920381581361,0.115391671252981
225273.411807,2496866.126422,0.875091575091575,0.00677655677655678,0,0.000915750915750916,0.0021978021978022,0.115018315018315
225773.411807,2496866.126422,0.870642201834862,0.00073394495412844,0,0.000917431192660551,0.00128440366972477,0.126422018348624
226273.411807,2496866.126422,0.872500458631444,0.00366905155017428,0,0.000183452577508714,0.000733810310034856,0.122913226930838
226773.411807,2496866.126422,0.854578754578755,0.00750915750915751,0,0.000732600732600733,0.000732600732600733,0.136446886446886
227273.411807,2496866.126422,0.730825688073395,0.0330275229357798,0,0.00770642201834862,0.0121100917431193,0.216330275229358
227773.411807,2496866.126422,0.885709044212071,0.00697119794533113,0,0.000366905155017428,0,0.10695285268758
228273.411807,2496866.126422,0.337545787545788,0.104212454212454,0.0010989010989011,0.158058608058608,0.0542124542124542,0.344871794871795
228773.411807,2496866.126422,0.480550458715596,0.0704587155963303,0,0.0605504587155963,0.0344954128440367,0.35394495412844
229273.411807,2496866.126422,0.550174279948633,0.0900752155567786,0.000550357732526142,0.0462300495321959,0.0317372959090075,0.281232801320859
229773.411807,2496866.126422,0.777472527472527,0.0131868131868132,0,0.00750915750915751,0.00494505494505494,0.196886446886447
230273.411807,2496866.126422,0.715779816513761,0.0431192660550459,0,0.0752293577981651,0.0218348623853211,0.144036697247706
230773.411807,2496866.126422,0.659878921298844,0.0144927536231884,0,0.0486149330398092,0.0504494588148963,0.226563933223262
231273.411807,2496866.126422,0.113186813186813,0.021978021978022,0.0203296703296703,0.597619047619048,0.0935897435897436,0.153296703296703
231773.411807,2496866.126422,0.289174311926606,0.073394495412844,0.0275229357798165,0.335779816513761,0.102935779816514,0.171192660550459
232273.411807,2496866.126422,0.552192258301229,0.0471473124197395,0.00403595670519171,0.177582095028435,0.0554026784076316,0.163639699137773
232773.411807,2496866.126422,0.779487179487179,0.0428571428571429,0,0.0732600732600733,0.00659340659340659,0.0978021978021978
233273.411807,2496866.126422,0.309724770642202,0.0521100917431193,0.071743119266055,0.429908256880734,0.0278899082568807,0.108623853211009
233773.411807,2496866.126422,0.610530177949,0.0522839845899835,0.0209135938359934,0.157952669235003,0.00642084021280499,0.151898734177215
234273.411807,2496866.126422,0.620695970695971,0.0175824175824176,0.0553113553113553,0.134798534798535,0.00970695970695971,0.161904761904762
234773.411807,2496866.126422,0.0220183486238532,0.0546788990825688,0.685137614678899,0.192660550458716,0.00568807339449541,0.0398165137614679
235273.411807,2496866.126422,0.710878737846267,0.0667767382131719,0.0168776371308017,0.0759493670886076,0.00550357732526142,0.124013942395891
235773.411807,2496866.126422,0.88003663003663,0.0117216117216117,0,0.00970695970695971,0.00311355311355311,0.0954212454212454
236273.411807,2496866.126422,0.442385321100917,0.10697247706422,0.0115596330275229,0.257064220183486,0.0313761467889908,0.150642201834862
236773.411807,2496866.126422,0.709594569803706,0.102366538249862,0.00862227114290956,0.0798018712162906,0.002568336085122,0.0970464135021097
224773.411807,2496366.126422,0.93040293040293,0.0010989010989011,0,0.000732600732600733,0.00366300366300366,0.0641025641025641
225273.411807,2496366.126422,0.822882288228823,0.013017968463513,0,0.00476714338100477,0.00935093509350935,0.14998166483315
225773.411807,2496366.126422,0.721978021978022,0.0104395604395604,0,0.0236263736263736,0.0133699633699634,0.230586080586081
226273.411807,2496366.126422,0.608241758241758,0.017032967032967,0,0.0324175824175824,0.0210622710622711,0.321245421245421
226773.411807,2496366.126422,0.712137880454712,0.0102676934360103,0,0.00311697836450312,0.00458379171250458,0.26989365603227
227273.411807,2496366.126422,0.739194139194139,0.0287545787545788,0,0.0021978021978022,0.000915750915750916,0.228937728937729
227773.411807,2496366.126422,0.485714285714286,0.0556776556776557,0,0.177106227106227,0.10952380952381,0.171978021978022
228273.411807,2496366.126422,0.377154382104877,0.0955262192885955,0.0166850018335167,0.178951228456179,0.0467546754675468,0.284928492849285
228773.411807,2496366.126422,0.553663003663004,0.0401098901098901,0.000366300366300366,0.0437728937728938,0.0554945054945055,0.306593406593407
229273.411807,2496366.126422,0.847435897435897,0.00641025641025641,0,0.00201465201465201,0.00311355311355311,0.141025641025641
229773.411807,2496366.126422,0.551155115511551,0.0548221488815548,0,0.217271727172717,0.0465713237990466,0.13017968463513
230273.411807,2496366.126422,0.73040293040293,0.0276556776556777,0.000183150183150183,0.1496336996337,0.0217948717948718,0.0703296703296703
230773.411807,2496366.126422,0.0386446886446886,0.0446886446886447,0.00476190476190476,0.826556776556777,0.0223443223443223,0.063003663003663
231273.411807,2496366.126422,0.0022002200220022,0.224422442244224,0.0564723138980565,0.473780711404474,0.205353868720205,0.0377704437110378
231773.411807,2496366.126422,0.531868131868132,0.0241758241758242,0,0.0987179487179487,0.0648351648351648,0.28040293040293
232273.411807,2496366.126422,0.677655677655678,0.0401098901098901,0,0.0192307692307692,0.0212454212454212,0.241758241758242
