"x","y","forest","agri","water","built","other","grass"
275273.411807,2765366.126422,0.120598591549296,0.157276995305164,0.191021126760563,0.102992957746479,0.0642605633802817,0.363849765258216
275773.411807,2765366.126422,0.144744083654375,0.154833975417355,0,0.144744083654375,0.109154283617685,0.44652357365621
276273.411807,2765366.126422,0.101465201465201,0.462637362637363,0,0.0523809523809524,0.0666666666666667,0.316849816849817
276773.411807,2765366.126422,0.0759633027522936,0.291009174311927,0,0.184403669724771,0.0741284403669725,0.374495412844037
277273.411807,2765366.126422,0.133003118693818,0.181618051733627,0.0124747752705926,0.0975967712346359,0.108970831040176,0.466336452027151
277773.411807,2765366.126422,0.101098901098901,0.253479853479853,0.24010989010989,0.0501831501831502,0.0772893772893773,0.277838827838828
278273.411807,2765366.126422,0.13651376146789,0.195779816513761,0.00385321100917431,0.178899082568807,0.130275229357798,0.354678899082569
278773.411807,2765366.126422,0.0950284351495139,0.101449275362319,0.000366905155017428,0.304531278664465,0.130618235186204,0.36800587048248
279273.411807,2765366.126422,0.132051282051282,0.0518315018315018,0.0021978021978022,0.473626373626374,0.175824175824176,0.164468864468864
279773.411807,2765366.126422,0.0579816513761468,0.106422018348624,0.00110091743119266,0.440733944954128,0.152293577981651,0.241467889908257
280273.411807,2765366.126422,0.0632911392405063,0.0500825536598789,0.00385250412768299,0.761878554393689,0.0704457897633462,0.0504494588148963
280773.411807,2765366.126422,0.126373626373626,0.0631868131868132,0.00714285714285714,0.656776556776557,0.0842490842490843,0.0622710622710623
281273.411807,2765366.126422,0.0359633027522936,0.0211009174311927,0.00201834862385321,0.881834862385321,0.0502752293577982,0.00880733944954129
281773.411807,2765366.126422,0.0990643918547056,0.0414602825169694,0.00366905155017428,0.739497339937626,0.0924600990643919,0.0238488350761328
282273.411807,2765366.126422,0.25952380952381,0.0761904761904762,0.0113553113553114,0.457509157509157,0.0956043956043956,0.0998168498168498
282773.411807,2765366.126422,0.140917431192661,0.104403669724771,0.00458715596330275,0.474495412844037,0.152844036697248,0.122752293577982
283273.411807,2765366.126422,0.211520821867547,0.158869932122546,0.0174279948633278,0.215006420840213,0.192074848651624,0.205099981654742
283773.411807,2765366.126422,0.105128205128205,0.0695970695970696,0.00347985347985348,0.522527472527473,0.181135531135531,0.118131868131868
284273.411807,2765366.126422,0.0922935779816514,0.0688073394495413,0.00642201834862385,0.50954128440367,0.181467889908257,0.141467889908257
284773.411807,2765366.126422,0.474224912860026,0.0271509814712897,0.00201797835259585,0.291139240506329,0.112456430012842,0.093010456796918
285273.411807,2765366.126422,0.560805860805861,0,0,0,0,0.439194139194139
285773.411807,2765366.126422,0.435963302752294,0.0104587155963303,0.00018348623853211,0.0614678899082569,0.121100917431193,0.370825688073394
286273.411807,2765366.126422,0.370207301412585,0.0266006237387635,0,0.180884241423592,0.184553292973766,0.237754540451293
286773.411807,2765366.126422,0.403846153846154,0.0263736263736264,0,0.264652014652015,0.0990842490842491,0.206043956043956
287273.411807,2765366.126422,0.774128440366972,0.00036697247706422,0,0,0.00055045871559633,0.224954128440367
287773.411807,2765366.126422,0.875395033860045,0,0,0,0,0.124604966139955
275273.411807,2764866.126422,0.0732064421669107,0.0822840409956076,0,0.611713030746706,0.121229868228404,0.111566617862372
275773.411807,2764866.126422,0.118315018315018,0.146703296703297,0.0659340659340659,0.328937728937729,0.135531135531136,0.204578754578755
276273.411807,2764866.126422,0.0735240190685735,0.45012834616795,0.046021268793546,0.0764576457645765,0.0539053905390539,0.2999633296663
276773.411807,2764866.126422,0.100732600732601,0.19010989010989,0.000366300366300366,0.366300366300366,0.131868131868132,0.210622710622711
277273.411807,2764866.126422,0.13956043956044,0.163919413919414,0,0.30970695970696,0.109157509157509,0.277655677655678
277773.411807,2764866.126422,0.10982764943161,0.0850751741840851,0.0634396773010634,0.497799779977998,0.0909424275760909,0.152915291529153
278273.411807,2764866.126422,0.117765567765568,0.0815018315018315,0.0106227106227106,0.563003663003663,0.0932234432234432,0.133882783882784
278773.411807,2764866.126422,0.0891941391941392,0.1003663003663,0.01996336996337,0.635347985347985,0.0851648351648352,0.06996336996337
279273.411807,2764866.126422,0.0953428676200953,0.048038137147048,0.00311697836450312,0.668316831683168,0.0887422075540887,0.0964429776310964
279773.411807,2764866.126422,0.101465201465201,0.0397435897435897,0.00549450549450549,0.722161172161172,0.108424908424908,0.0227106227106227
280273.411807,2764866.126422,0.0705128205128205,0.0406593406593407,0.010989010989011,0.748351648351648,0.0897435897435897,0.0397435897435897
280773.411807,2764866.126422,0.102860286028603,0.0491382471580491,0.0177851118445178,0.741290795746241,0.0674734140080675,0.0214521452145215
281273.411807,2764866.126422,0.1,0.0408424908424908,0.00860805860805861,0.750549450549451,0.0443223443223443,0.0556776556776557
281773.411807,2764866.126422,0.0716117216117216,0.0357142857142857,0.0155677655677656,0.830586080586081,0.0397435897435897,0.00677655677655678
282273.411807,2764866.126422,0.201686835350202,0.0544554455445545,0.00311697836450312,0.453061972863953,0.12009534286762,0.167583425009168
282773.411807,2764866.126422,0.0514652014652015,0.0472527472527473,0.0010989010989011,0.717582417582418,0.110622710622711,0.071978021978022
283273.411807,2764866.126422,0.0684981684981685,0.0457875457875458,0.00201465201465201,0.631501831501831,0.13003663003663,0.122161172161172
283773.411807,2764866.126422,0.142097543087642,0.0425375870920425,0.00385038503850385,0.650531719838651,0.112761276127613,0.0482214888155482
284273.411807,2764866.126422,0.34981684981685,0.0446886446886447,0.000366300366300366,0.237728937728938,0.158241758241758,0.209157509157509
284773.411807,2764866.126422,0.335164835164835,0.0223443223443223,0.000549450549450549,0.303113553113553,0.171245421245421,0.167582417582418
285273.411807,2764866.126422,0.662999633296663,0.000183351668500183,0,0.00128346167950128,0.0077007700770077,0.327832783278328
285773.411807,2764866.126422,0.571062271062271,0.00659340659340659,0.000549450549450549,0.00183150183150183,0.0163003663003663,0.403663003663004
286273.411807,2764866.126422,0.350732600732601,0.0155677655677656,0,0.101282051282051,0.124175824175824,0.408241758241758
286773.411807,2764866.126422,0.573890722405574,0.0185185185185185,0,0.125962596259626,0.0784745141180785,0.203153648698203
287273.411807,2764866.126422,0.829304029304029,0.00201465201465201,0,0.00512820512820513,0.0245421245421245,0.139010989010989
287773.411807,2764866.126422,0.777502254283138,0.00293056807935077,0,0.00788999098286745,0.0590622182146078,0.152614968440036
275273.411807,2764366.126422,0.144574780058651,0.188563049853372,0.00175953079178886,0.362463343108504,0.108797653958944,0.193841642228739
275773.411807,2764366.126422,0.135521731157161,0.284980744544288,0.013203741059967,0.182101595452045,0.0337428938199156,0.350449293966624
276273.411807,2764366.126422,0.0963899578522998,0.220267546270845,0,0.0588235294117647,0.0859446582371266,0.538574308227964
276773.411807,2764366.126422,0.0702881262616994,0.221692053587814,0.000183519911910442,0.141310332171041,0.0991007524316388,0.467425215635897
277273.411807,2764366.126422,0.0526315789473684,0.49990830735375,0,0.0968274344397579,0.0834403080872914,0.267192371171832
277773.411807,2764366.126422,0.250503939893715,0.167124793842771,0.0621220450797141,0.0656038116181052,0.0643210555250137,0.390324354040682
278273.411807,2764366.126422,0.082583960359699,0.0567076527803267,0.00935951550743256,0.58506147917049,0.0739585244999082,0.192328867682144
278773.411807,2764366.126422,0.144507610489639,0.122134604804695,0.0177883733724555,0.431688978543921,0.13203741059967,0.15184302218962
279273.411807,2764366.126422,0.0927249404434671,0.0850284038849184,0.0276708814366868,0.659336631849001,0.0789811251603445,0.0562580172255818
279773.411807,2764366.126422,0.0939621948981464,0.0695540466140576,0.0102771150669848,0.575701963663057,0.12883097816113,0.121673701596623
280273.411807,2764366.126422,0.0539152759948652,0.0909591050797726,0,0.506510177883734,0.102695763799743,0.245919677241885
280773.411807,2764366.126422,0.111966281839839,0.0590067802822063,0.00164925783397471,0.576507238409382,0.112882536192047,0.137987905442551
281273.411807,2764366.126422,0.110295467058176,0.0794641218572215,0.0179849513672233,0.636630574417324,0.0712057258212516,0.0844191594788034
281773.411807,2764366.126422,0.150192554557125,0.0905923344947735,0.0102695763799743,0.599853291766,0.0542820465798643,0.094810196222263
282273.411807,2764366.126422,0.0654205607476635,0.0498442367601246,0.0119113065787062,0.757742349276159,0.0940076965365585,0.021073850100788
282773.411807,2764366.126422,0.101302991374564,0.0594604514589833,0.00807487612405946,0.700679023674069,0.0868049183336392,0.0436777390346853
283273.411807,2764366.126422,0.0872913992297818,0.0608839171098478,0.00623509994498441,0.63616357968091,0.117183201907207,0.0922428021272694
283773.411807,2764366.126422,0.24885468205974,0.0533260032985157,0,0.265897013010812,0.0793476269012278,0.352574674729705
284273.411807,2764366.126422,0.457882180216553,0.0154156726004772,0,0.077995962561938,0.0682694072306845,0.380436777390347
284773.411807,2764366.126422,0.347698514579131,0.041995231982395,0.000733541169998166,0.14799193104713,0.129653401797176,0.33192737942417
285273.411807,2764366.126422,0.354590434304563,0.013560564412681,0,0.210555250137438,0.233644859813084,0.187648891332234
285773.411807,2764366.126422,0.43971370893742,0.00495503762158194,0,0.0662506881996697,0.132134336575518,0.35694622866581
286273.411807,2764366.126422,0.524665321841188,0.00568494406748579,0.000916926462497708,0.00550155877498625,0.0762882816798093,0.386942967174033
286773.411807,2764366.126422,0.687007513285688,0.00769653655854865,0,0.0628550485614807,0.0472787245739417,0.195162177020341
287273.411807,2764366.126422,0.875757019636631,0.00110111947146265,0,0.000734079647641769,0.0201871903101487,0.102220590934116
287773.411807,2764366.126422,0.772111913357401,0.00135379061371841,0,0.00473826714801444,0.0315884476534296,0.190207581227437
275273.411807,2763866.126422,0.0956572769953052,0.0801056338028169,0.000293427230046948,0.616490610328638,0.0959507042253521,0.11150234741784
275773.411807,2763866.126422,0.110071546505228,0.0895248578242524,0.001284168042561,0.257567418822234,0.0502660062373876,0.491286002568336
276273.411807,2763866.126422,0.223626373626374,0.0778388278388278,0,0.129304029304029,0.0816849816849817,0.487545787545788
276773.411807,2763866.126422,0.0504587155963303,0.219816513761468,0,0.0840366972477064,0.0537614678899083,0.591926605504587
277273.411807,2763866.126422,0.094294624839479,0.146211704274445,0.00330214639515685,0.455879655109154,0.108237020730141,0.192074848651624
277773.411807,2763866.126422,0.05,0.137179487179487,0.0296703296703297,0.543040293040293,0.125091575091575,0.115018315018315
278273.411807,2763866.126422,0.0620183486238532,0.264954128440367,0.00036697247706422,0.296880733944954,0.107706422018349,0.268073394495413
278773.411807,2763866.126422,0.10126582278481,0.405430196294258,0,0.128233351678591,0.0726472206934507,0.29242340854889
279273.411807,2763866.126422,0.0943223443223443,0.186813186813187,0.139010989010989,0.197619047619048,0.0974358974358974,0.284798534798535
279773.411807,2763866.126422,0.0961467889908257,0.155412844036697,0.0906422018348624,0.0565137614678899,0.0577981651376147,0.54348623853211
280273.411807,2763866.126422,0.177765547605944,0.182168409466153,0.00532012474775271,0.116125481563016,0.130618235186204,0.38800220143093
280773.411807,2763866.126422,0.121978021978022,0.045970695970696,0.00146520146520147,0.678754578754579,0.0791208791208791,0.0727106227106227
281273.411807,2763866.126422,0.13045871559633,0.048256880733945,0.00036697247706422,0.559082568807339,0.0944954128440367,0.167339449541284
281773.411807,2763866.126422,0.160154100165107,0.0594386351128233,0.000366905155017428,0.544120344890846,0.123096679508347,0.112823335167859
282273.411807,2763866.126422,0.0593406593406593,0.036996336996337,0.00128205128205128,0.817948717948718,0.0646520146520147,0.0197802197802198
282773.411807,2763866.126422,0.0475229357798165,0.0462385321100917,0.00238532110091743,0.807706422018349,0.073394495412844,0.0227522935779817
283273.411807,2763866.126422,0.0429279031370391,0.0425609979820216,0.00825536598789213,0.84736745551275,0.0513667217024399,0.00752155567785727
283773.411807,2763866.126422,0.336630036630037,0.0364468864468864,0.00146520146520147,0.217582417582418,0.132600732600733,0.275274725274725
284273.411807,2763866.126422,0.506422018348624,0.0188990825688073,0,0.00293577981651376,0.0227522935779817,0.448990825688073
284773.411807,2763866.126422,0.270225646670336,0.0326545587965511,0,0.290588882773803,0.141992294991745,0.264538616767566
285273.411807,2763866.126422,0.41959706959707,0.0212454212454212,0,0.1496336996337,0.149267399267399,0.26025641025641
285773.411807,2763866.126422,0.384770642201835,0.013394495412844,0,0.315596330275229,0.16348623853211,0.122752293577982
286273.411807,2763866.126422,0.894881673087507,0.001284168042561,0,0.00605393505778756,0.032104201064025,0.0656760227481196
286773.411807,2763866.126422,0.957326007326007,0.000915750915750916,0,0,0.0010989010989011,0.0406593406593407
287273.411807,2763866.126422,0.986238532110092,0,0,0,0.00018348623853211,0.0135779816513761
287773.411807,2763866.126422,0.904288939051919,0,0,0.000225733634311512,0.00857787810383747,0.0869074492099323
275273.411807,2763366.126422,0.0972181551976574,0.0556368960468521,0.00292825768667643,0.64714494875549,0.0828696925329429,0.114202049780381
275773.411807,2763366.126422,0.13003663003663,0.0527472527472527,0.00860805860805861,0.591941391941392,0.0906593406593407,0.126007326007326
276273.411807,2763366.126422,0.115328199486615,0.0275027502750275,0.00201686835350202,0.574074074074074,0.112944627796113,0.168133480014668
276773.411807,2763366.126422,0.125641025641026,0.126923076923077,0.0161172161172161,0.162820512820513,0.0937728937728938,0.474725274725275
277273.411807,2763366.126422,0.130952380952381,0.176190476190476,0.00879120879120879,0.414102564102564,0.141208791208791,0.128754578754579
277773.411807,2763366.126422,0.0746241290795746,0.0832416574990832,0.0221855518885222,0.707004033736707,0.0643564356435644,0.0485881921525486
278273.411807,2763366.126422,0.131318681318681,0.496886446886447,0.0690476190476191,0.0164835164835165,0.0401098901098901,0.246153846153846
278773.411807,2763366.126422,0.0846153846153846,0.556410256410256,0.0010989010989011,0.0523809523809524,0.0584249084249084,0.247069597069597
279273.411807,2763366.126422,0.115328199486615,0.232489915658232,0.0273193986065273,0.242757609094243,0.123028969563623,0.259075907590759
279773.411807,2763366.126422,0.0919413919413919,0.425824175824176,0,0.0564102564102564,0.0626373626373626,0.363186813186813
280273.411807,2763366.126422,0.168864468864469,0.0963369963369963,0.000366300366300366,0.304578754578755,0.141758241758242,0.288095238095238
280773.411807,2763366.126422,0.146497983131646,0.0625229189585625,0.00146681334800147,0.49028236156949,0.122662266226623,0.176567656765677
281273.411807,2763366.126422,0.0891941391941392,0.147435897435897,0,0.429304029304029,0.117765567765568,0.216300366300366
281773.411807,2763366.126422,0.156043956043956,0.159340659340659,0.000366300366300366,0.313919413919414,0.131318681318681,0.239010989010989
282273.411807,2763366.126422,0.0678401173450678,0.0377704437110378,0,0.652548588192153,0.118445177851118,0.123395672900623
282773.411807,2763366.126422,0.0644688644688645,0.0545787545787546,0.000732600732600733,0.774725274725275,0.0787545787545788,0.0267399267399267
283273.411807,2763366.126422,0.134615384615385,0.0675824175824176,0.00347985347985348,0.459340659340659,0.105677655677656,0.229304029304029
283773.411807,2763366.126422,0.212504583791712,0.0658232489915658,0,0.388522185551888,0.191785845251192,0.141364136413641
284273.411807,2763366.126422,0.464102564102564,0.03003663003663,0,0.213736263736264,0.0653846153846154,0.226739926739927
284773.411807,2763366.126422,0.535897435897436,0.00952380952380952,0.00128205128205128,0.0188644688644689,0.0509157509157509,0.383516483516484
285273.411807,2763366.126422,0.307664099743308,0.0234690135680235,0,0.165016501650165,0.166483314998166,0.337367070040337
285773.411807,2763366.126422,0.548168498168498,0.00879120879120879,0,0.0833333333333333,0.0382783882783883,0.321428571428571
286273.411807,2763366.126422,0.948534798534798,0.000366300366300366,0,0.000183150183150183,0.0021978021978022,0.0487179487179487
286773.411807,2763366.126422,0.937110377704437,0.000183351668500183,0,0.00146681334800147,0.00311697836450312,0.0581224789145581
287273.411807,2763366.126422,0.933150183150183,0,0,0,0,0.0668498168498168
287773.411807,2763366.126422,0.876014427412083,0,0,0,0,0.123985572587917
275273.411807,2762866.126422,0.145454545454545,0.0835777126099707,0.0164222873900293,0.522287390029326,0.0988269794721408,0.133431085043988
275773.411807,2762866.126422,0.0553823583348615,0.0394278378874014,0.00201723821749496,0.761782505043096,0.120667522464698,0.0207225380524482
276273.411807,2762866.126422,0.0709180868609126,0.0557082646142569,0.0131940626717977,0.696719809419095,0.111233278358072,0.0522264980758659
276773.411807,2762866.126422,0.146265369792623,0.248302440814828,0.0034868783262984,0.37346302073775,0.100935951550743,0.127546338777757
277273.411807,2762866.126422,0.172382174949569,0.261874197689345,0,0.356317623326609,0.0865578580597836,0.122868145974693
277773.411807,2762866.126422,0.0760491112332784,0.0890599230346344,0.000549752611324904,0.691955286787612,0.0927249404434671,0.049660985889683
278273.411807,2762866.126422,0.0726738851165352,0.527619746742522,0.000183519911910442,0.0526702147182969,0.0543218939254909,0.292530739585245
278773.411807,2762866.126422,0.0729873464148175,0.255455712451861,0.0322758114799193,0.28809829451678,0.148725472217128,0.202457362919494
279273.411807,2762866.126422,0.0861279091075683,0.252519699468573,0,0.211471504489646,0.114715044896463,0.33516584203775
279773.411807,2762866.126422,0.103505230317489,0.329234721967333,0,0.152505046797578,0.114149385208295,0.300605615709304
280273.411807,2762866.126422,0.0379607555474051,0.0579497524298551,0.0053181734824867,0.7599486521181,0.0847240051347882,0.0540986612873648
280773.411807,2762866.126422,0.116730804471321,0.0883269195528679,0.00329851566794942,0.309877221916804,0.0835623969213854,0.398204141469672
281273.411807,2762866.126422,0.121857221508534,0.235823086804918,0.000183519911910442,0.275096347953753,0.100385391815012,0.266654432005873
281773.411807,2762866.126422,0.13607188703466,0.178800660187053,0.0139372822299652,0.193104713002017,0.106546854942234,0.371538602604071
282273.411807,2762866.126422,0.0861279091075683,0.0492944841487997,0.00879604178119846,0.504672897196262,0.124793842770753,0.226314824995419
282773.411807,2762866.126422,0.036520462470178,0.0649660488162966,0.00642319691686548,0.679207193980547,0.0800146815929528,0.13286841622316
283273.411807,2762866.126422,0.0673024023473317,0.0570328259673574,0,0.211626627544471,0.107647166697231,0.556390977443609
283773.411807,2762866.126422,0.0315191497159611,0.0604727872457394,0,0.149715961150815,0.172072567344695,0.586219534542789
284273.411807,2762866.126422,0.161497522481189,0.0519361350706552,0.000183519911910442,0.430721233253808,0.137823453844742,0.217838135437695
284773.411807,2762866.126422,0.385475884834036,0.033192737942417,0.00568494406748579,0.154593801577114,0.116449660737209,0.304602970841738
285273.411807,2762866.126422,0.37328202308961,0.0216236027121129,0,0.0630382994319223,0.217335532343779,0.324720542422577
285773.411807,2762866.126422,0.451826023123509,0.0082583960359699,0,0.0300972655533125,0.093778674986236,0.416039640300973
286273.411807,2762866.126422,0.530900421786173,0.0207225380524482,0,0.0256739409499358,0.066018705299835,0.356684393911608
286773.411807,2762866.126422,0.811618105186,0.00183250870441635,0,0.0047645226314825,0.013560564412681,0.168224299065421
287273.411807,2762866.126422,0.960359699027344,0,0,0,0,0.0396403009726555
287773.411807,2762866.126422,0.945848375451264,0,0,0,0,0.0541516245487365
275273.411807,2762366.126422,0.188086854460094,0.110328638497653,0.0096830985915493,0.459213615023474,0.115023474178404,0.117664319248826
275773.411807,2762366.126422,0.251513483764447,0.0935608145294441,0.0104567969179967,0.312236286919831,0.13410383415887,0.198128783709411
276273.411807,2762366.126422,0.0908424908424908,0.0501831501831502,0.00274725274725275,0.658058608058608,0.103846153846154,0.0943223443223443
276773.411807,2762366.126422,0.382018348623853,0.0387155963302752,0.00220183486238532,0.196880733944954,0.102385321100917,0.277798165137615
277273.411807,2762366.126422,0.157218858924968,0.20546688680976,0,0.351128233351679,0.0845716382315172,0.201614382682077
277773.411807,2762366.126422,0.0983516483516483,0.0968864468864469,0,0.366849816849817,0.113919413919414,0.323992673992674
278273.411807,2762366.126422,0.0596330275229358,0.225688073394495,0.013394495412844,0.442752293577982,0.0992660550458716,0.159266055045872
278773.411807,2762366.126422,0.126582278481013,0.407264722069345,0.00476976701522656,0.0836543753439736,0.106769400110072,0.270959456980371
279273.411807,2762366.126422,0.11978021978022,0.198534798534799,0.0787545787545788,0.0626373626373626,0.0831501831501831,0.457142857142857
279773.411807,2762366.126422,0.0491743119266055,0.139082568807339,0,0.658165137614679,0.0822018348623853,0.0713761467889908
280273.411807,2762366.126422,0.0794349660612732,0.111722619702807,0.00183452577508714,0.586864795450376,0.110438451660246,0.109704641350211
280773.411807,2762366.126422,0.0695970695970696,0.0558608058608059,0,0.467399267399267,0.12985347985348,0.277289377289377
281273.411807,2762366.126422,0.0867889908256881,0.121834862385321,0,0.308623853211009,0.17045871559633,0.312293577981651
281773.411807,2762366.126422,0.173913043478261,0.145661346541919,0.0078884608328747,0.135204549623922,0.128967161988626,0.408365437534397
282273.411807,2762366.126422,0.0875457875457875,0.0681318681318681,0.0021978021978022,0.471611721611722,0.117948717948718,0.252564102564103
282773.411807,2762366.126422,0.0845871559633028,0.0544954128440367,0.00018348623853211,0.430091743119266,0.100183486238532,0.33045871559633
283273.411807,2762366.126422,0.0451293340671436,0.0425609979820216,0.00091726288754357,0.72041827187672,0.10126582278481,0.0897083104017612
283773.411807,2762366.126422,0.112454212454212,0.0946886446886447,0.000366300366300366,0.302380952380952,0.128937728937729,0.361172161172161
284273.411807,2762366.126422,0.198165137614679,0.192477064220183,0.00036697247706422,0.124587155963303,0.108990825688073,0.375412844036697
284773.411807,2762366.126422,0.309484498257201,0.0366905155017428,0.00165107319757843,0.2610530177949,0.124013942395891,0.267106952852688
285273.411807,2762366.126422,0.788278388278388,0.0564102564102564,0,0.00915750915750916,0.00842490842490842,0.137728937728938
285773.411807,2762366.126422,0.47651376146789,0.0141284403669725,0,0.0245871559633028,0.0952293577981651,0.38954128440367
286273.411807,2762366.126422,0.716749220326546,0.011557512383049,0,0.00476976701522656,0.0177949000183453,0.249128600256834
286773.411807,2762366.126422,0.910622710622711,0,0,0.000366300366300366,0.00164835164835165,0.0873626373626374
287273.411807,2762366.126422,0.874862385321101,0.00146788990825688,0,0.00990825688073394,0.0143119266055046,0.0994495412844037
287773.411807,2762366.126422,0.87313769751693,0.000677200902934537,0,0.00090293453724605,0.0115124153498871,0.113769751693002
275273.411807,2761866.126422,0.133528550512445,0.0371888726207906,0.0020497803806735,0.702196193265007,0.0755490483162518,0.0494875549048316
275773.411807,2761866.126422,0.145787545787546,0.0747252747252747,0.0144688644688645,0.588278388278388,0.0787545787545788,0.097985347985348
276273.411807,2761866.126422,0.0418041804180418,0.026035936927026,0.00586725339200587,0.798496516318299,0.0946094609460946,0.0331866519985332
276773.411807,2761866.126422,0.199084249084249,0.146336996336996,0.00256410256410256,0.296886446886447,0.12032967032967,0.234798534798535
277273.411807,2761866.126422,0.108058608058608,0.354578754578755,0.054029304029304,0.0543956043956044,0.0611721611721612,0.367765567765568
277773.411807,2761866.126422,0.118811881188119,0.178767876787679,0.0128346167950128,0.170700403373671,0.0916758342500917,0.427209387605427
278273.411807,2761866.126422,0.0915750915750916,0.0683150183150183,0.00586080586080586,0.638278388278388,0.0855311355311355,0.11043956043956
278773.411807,2761866.126422,0.103296703296703,0.297435897435897,0.0448717948717949,0.106776556776557,0.101831501831502,0.345787545787546
279273.411807,2761866.126422,0.182068206820682,0.15988265493216,0.0104510451045105,0.162632929959663,0.0867253392005867,0.398239823982398
279773.411807,2761866.126422,0.0855311355311355,0.0913919413919414,0.0119047619047619,0.682051282051282,0.0727106227106227,0.0564102564102564
280273.411807,2761866.126422,0.0672161172161172,0.0505494505494506,0.0010989010989011,0.735347985347985,0.0932234432234432,0.0525641025641026
280773.411807,2761866.126422,0.0374037403740374,0.0667400073340667,0.0122845617895123,0.73010634396773,0.081958195819582,0.0715071507150715
281273.411807,2761866.126422,0.0567765567765568,0.0564102564102564,0.00750915750915751,0.527106227106227,0.165567765567766,0.186630036630037
281773.411807,2761866.126422,0.0846153846153846,0.450732600732601,0,0.127838827838828,0.133150183150183,0.203663003663004
282273.411807,2761866.126422,0.059039237257059,0.137147048038137,0.000366703337000367,0.541254125412541,0.0685735240190686,0.193619361936194
282773.411807,2761866.126422,0.0943223443223443,0.102747252747253,0.00952380952380952,0.233333333333333,0.0880952380952381,0.471978021978022
283273.411807,2761866.126422,0.0549450549450549,0.0728937728937729,0.000366300366300366,0.704761904761905,0.0758241758241758,0.0912087912087912
283773.411807,2761866.126422,0.101760176017602,0.0234690135680235,0,0.61019435276861,0.1004767143381,0.164099743307664
284273.411807,2761866.126422,0.183333333333333,0.0474358974358974,0,0.187179487179487,0.120879120879121,0.461172161172161
284773.411807,2761866.126422,0.494688644688645,0.013003663003663,0,0.167765567765568,0.0804029304029304,0.244139194139194
285273.411807,2761866.126422,0.851668500183352,0.00165016501650165,0,0,0.000366703337000367,0.146314631463146
285773.411807,2761866.126422,0.911538461538462,0.00402930402930403,0,0,0,0.0844322344322344
286273.411807,2761866.126422,0.977655677655678,0,0,0,0,0.0223443223443223
286773.411807,2761866.126422,0.922625595892923,0,0,0,0,0.0773744041070774
287273.411807,2761866.126422,0.882783882783883,0,0,0.00183150183150183,0.00604395604395604,0.109340659340659
287773.411807,2761866.126422,0.912984670874662,0,0,0.000225428313796213,0.00157799819657349,0.0852119026149684
275273.411807,2761366.126422,0.149560117302053,0.0545454545454545,0,0.363049853372434,0.0756598240469208,0.357184750733138
275773.411807,2761366.126422,0.165046763249587,0.0735375022923162,0.000916926462497708,0.267742527049331,0.0858243168897854,0.406931964056483
276273.411807,2761366.126422,0.10646875572659,0.036100421477002,0.0382994319223016,0.636430273043797,0.0729338464357706,0.109767271394539
276773.411807,2761366.126422,0.193429987153606,0.118920902917967,0.00513855753349238,0.380987337126078,0.0928610754266838,0.208662139842173
277273.411807,2761366.126422,0.0982945167797543,0.351549605721621,0.0227397762699432,0.126535851824684,0.131303869429672,0.269576379974326
277773.411807,2761366.126422,0.103353490929082,0.256184716877405,0.0520432472054242,0.238409382444567,0.135239142385926,0.214770020157596
278273.411807,2761366.126422,0.105890989172325,0.146081849880712,0.0412919801798495,0.454028262066434,0.121123141860892,0.131583776839787
278773.411807,2761366.126422,0.0891252521547772,0.281496423986796,0,0.280762882816798,0.070419952319824,0.278195488721804
279273.411807,2761366.126422,0.0557082646142569,0.111783030969397,0.00274876305662452,0.45739417262232,0.155396738134506,0.216969030602895
279773.411807,2761366.126422,0.136171774637548,0.0341347036153423,0.00660671682877592,0.691503028078547,0.065149568728207,0.0664342081115801
280273.411807,2761366.126422,0.0931597285897671,0.0320924261874198,0.00238400880249404,0.665505226480836,0.0909591050797726,0.11589950485971
280773.411807,2761366.126422,0.16474253252703,0.0798973795125527,0.00256551218618288,0.497526113249038,0.159061755543339,0.0962067069818582
281273.411807,2761366.126422,0.0853367590383557,0.0906588364837585,0.220223894292531,0.214901816847128,0.0943292347219673,0.29454945861626
281773.411807,2761366.126422,0.118283513662204,0.316339629561709,0.000366770584999083,0.0946268109297634,0.0597836053548505,0.410599669906474
282273.411807,2761366.126422,0.0780648708081363,0.178119846069269,0,0.370166758292102,0.0820963899578523,0.291552134872641
282773.411807,2761366.126422,0.0879060378051019,0.0675353275830428,0,0.52688566709488,0.119838502477519,0.197834465039457
283273.411807,2761366.126422,0.0473134054648817,0.0445626260773886,0.00513478818998716,0.700531817348249,0.090408949202274,0.11204841371722
283773.411807,2761366.126422,0.0936411947956753,0.0353674179952355,0.00146600696353308,0.668865677111966,0.115631299248671,0.0850284038849184
284273.411807,2761366.126422,0.221325013763993,0.0506514956872821,0.000917599559552211,0.297852817030648,0.134153055606533,0.295100018351991
284773.411807,2761366.126422,0.511278195488722,0.0196222262974509,0.000366770584999083,0.0361269026224097,0.0445626260773886,0.38804327892903
285273.411807,2761366.126422,0.721092175187832,0.00549752611324904,0,0.0392156862745098,0.0540590067802822,0.180135605644127
285773.411807,2761366.126422,0.675353275830428,0.00532207744540283,0,0.0890071572765645,0.0761607634428336,0.154156726004772
286273.411807,2761366.126422,0.865761965890336,0.00110031175499725,0,0.011186502842472,0.0265908674124335,0.0953603520997616
286773.411807,2761366.126422,0.76342312625985,0.0108118013560564,0,0.00329851566794942,0.0397654388858347,0.18270111783031
287273.411807,2761366.126422,0.468526335107359,0.0449623784180584,0.000367039823820885,0.0926775555147734,0.134336575518444,0.259130115617545
287773.411807,2761366.126422,0.475631768953069,0.0291064981949458,0.00812274368231047,0.0643050541516245,0.0546028880866426,0.368231046931408
275273.411807,2760866.126422,0.131161971830986,0.0390258215962441,0,0.438673708920188,0.10093896713615,0.290199530516432
275773.411807,2760866.126422,0.14841313520455,0.130801687763713,0.0807191341038342,0.309484498257201,0.0920931939093744,0.238488350761328
276273.411807,2760866.126422,0.142857142857143,0.0461538461538462,0.000366300366300366,0.414652014652015,0.136446886446886,0.25952380952381
276773.411807,2760866.126422,0.0935779816513762,0.0741284403669725,0.00073394495412844,0.536330275229358,0.151743119266055,0.14348623853211
277273.411807,2760866.126422,0.0656760227481196,0.609612915061457,0.0133920381581361,0.0684278114107503,0.0843881856540084,0.158503026967529
277773.411807,2760866.126422,0.105311355311355,0.418498168498169,0.0304029304029304,0.145604395604396,0.0426739926739927,0.257509157509157
278273.411807,2760866.126422,0.104220183486239,0.363302752293578,0.00201834862385321,0.150091743119266,0.0820183486238532,0.298348623853211
278773.411807,2760866.126422,0.0810860392588516,0.299761511649239,0,0.122179416620804,0.150614566134654,0.346358466336452
279273.411807,2760866.126422,0.0595238095238095,0.226007326007326,0.0192307692307692,0.267948717948718,0.226923076923077,0.2003663003663
279773.411807,2760866.126422,0.0779816513761468,0.0662385321100917,0.0229357798165138,0.624036697247706,0.0900917431192661,0.118715596330275
280273.411807,2760866.126422,0.215923683727756,0.0500825536598789,0.001284168042561,0.42230783342506,0.12548156301596,0.184920198128784
280773.411807,2760866.126422,0.0745421245421245,0.0690476190476191,0.00695970695970696,0.466300366300366,0.123260073260073,0.25989010989011
281273.411807,2760866.126422,0.119816513761468,0.112477064220183,0.0878899082568807,0.260917431192661,0.0957798165137615,0.323119266055046
281773.411807,2760866.126422,0.158503026967529,0.0436617134470739,0.00348559897266557,0.434232250963126,0.101999633094845,0.258117776554761
282273.411807,2760866.126422,0.0767399267399267,0.0364468864468864,0.0474358974358974,0.415750915750916,0.0917582417582418,0.331868131868132
282773.411807,2760866.126422,0.114678899082569,0.0634862385321101,0.00330275229357798,0.459266055045872,0.11045871559633,0.248807339449541
283273.411807,2760866.126422,0.311685929187305,0.0517336268574573,0,0.293340671436434,0.101449275362319,0.241790497156485
283773.411807,2760866.126422,0.335164835164835,0.0221611721611722,0.0010989010989011,0.144322344322344,0.0635531135531135,0.433699633699634
284273.411807,2760866.126422,0.100917431192661,0.0614678899082569,0.00110091743119266,0.518165137614679,0.13743119266055,0.180917431192661
284773.411807,2760866.126422,0.11263988259035,0.0667767382131719,0.00642084021280499,0.595670519170794,0.123647037240873,0.0948449825720051
285273.411807,2760866.126422,0.0633699633699634,0.0223443223443223,0.00384615384615385,0.722710622710623,0.125641025641026,0.0620879120879121
285773.411807,2760866.126422,0.0568807339449541,0.0519266055045872,0.00073394495412844,0.675229357798165,0.155229357798165,0.06
286273.411807,2760866.126422,0.10988809392772,0.0742982938910292,0,0.214089157952669,0.217024399192809,0.384700055035773
286773.411807,2760866.126422,0.107875457875458,0.0937728937728938,0.151465201465201,0.124542124542125,0.0963369963369963,0.426007326007326
287273.411807,2760866.126422,0.0867889908256881,0.193761467889908,0.0119266055045872,0.324220183486239,0.026605504587156,0.356697247706422
287773.411807,2760866.126422,0.130248306997743,0.139954853273138,0.0103837471783296,0.204740406320542,0.090293453724605,0.424379232505643
275273.411807,2760366.126422,0.0612005856515373,0.171595900439239,0,0.0497803806734993,0.065592972181552,0.651830161054173
275773.411807,2760366.126422,0.106776556776557,0.102564102564103,0,0.275091575091575,0.128205128205128,0.387362637362637
276273.411807,2760366.126422,0.0353868720205354,0.0282361569490282,0.000366703337000367,0.79006233956729,0.0757242390905757,0.0702236890355702
276773.411807,2760366.126422,0.147069597069597,0.0525641025641026,0,0.400549450549451,0.0912087912087912,0.308608058608059
277273.411807,2760366.126422,0.0465201465201465,0.459340659340659,0.0250915750915751,0.0205128205128205,0.233150183150183,0.215384615384615
277773.411807,2760366.126422,0.0474880821415475,0.482214888155482,0.0493215988265493,0.0115511551155116,0.12046204620462,0.288962229556289
278273.411807,2760366.126422,0.0575091575091575,0.528021978021978,0.0364468864468864,0.0501831501831502,0.0628205128205128,0.265018315018315
278773.411807,2760366.126422,0.12014652014652,0.169230769230769,0.0688644688644689,0.184249084249084,0.138095238095238,0.319413919413919
279273.411807,2760366.126422,0.135496883021635,0.182434910157682,0.00916758342500917,0.358819215254859,0.106160616061606,0.207920792079208
279773.411807,2760366.126422,0.104578754578755,0.15989010989011,0,0.32014652014652,0.132600732600733,0.282783882783883
280273.411807,2760366.126422,0.235164835164835,0.0326007326007326,0.000915750915750916,0.347802197802198,0.0787545787545788,0.304761904761905
280773.411807,2760366.126422,0.126696002933627,0.216538320498717,0.000366703337000367,0.0779244591125779,0.0988265493215988,0.47964796479648
281273.411807,2760366.126422,0.0877289377289377,0.1,0,0.29047619047619,0.143040293040293,0.378754578754579
281773.411807,2760366.126422,0.211904761904762,0.0496336996336996,0.0437728937728938,0.223809523809524,0.0956043956043956,0.375274725274725
282273.411807,2760366.126422,0.138063806380638,0.0474880821415475,0.0306197286395306,0.326732673267327,0.121745507884122,0.335350201686835
282773.411807,2760366.126422,0.363186813186813,0.105677655677656,0.000366300366300366,0.105677655677656,0.0811355311355311,0.343956043956044
283273.411807,2760366.126422,0.143223443223443,0.0375457875457875,0,0.482600732600733,0.149084249084249,0.187545787545788
283773.411807,2760366.126422,0.354418775210854,0.0320865419875321,0.000183351668500183,0.124862486248625,0.127429409607627,0.361019435276861
284273.411807,2760366.126422,0.0758241758241758,0.0263736263736264,0.000183150183150183,0.661355311355311,0.131501831501832,0.104761904761905
284773.411807,2760366.126422,0.144688644688645,0.0664835164835165,0,0.495604395604396,0.156776556776557,0.136446886446886
285273.411807,2760366.126422,0.157499083241658,0.0471213788045471,0.000916758342500917,0.51961862852952,0.176384305097176,0.0984598459845985
285773.411807,2760366.126422,0.144322344322344,0.071978021978022,0.00293040293040293,0.24981684981685,0.176556776556777,0.354395604395604
286273.411807,2760366.126422,0.0529304029304029,0.0736263736263736,0.0915750915750916,0.173809523809524,0.0465201465201465,0.561538461538462
286773.411807,2760366.126422,0.16978364503117,0.0537220388705537,0.0779244591125779,0.0322698936560323,0.0192519251925193,0.647048038137147
287273.411807,2760366.126422,0.143589743589744,0.0315018315018315,0,0.126373626373626,0.116666666666667,0.581868131868132
287773.411807,2760366.126422,0.158476104598738,0.0775473399458972,0.00676284941388638,0.22497745716862,0.163660955816051,0.368575293056808
275273.411807,2759866.126422,0.128445747800587,0.080058651026393,0.206744868035191,0.180938416422287,0.0750733137829912,0.328739002932551
275773.411807,2759866.126422,0.0929763432972676,0.103245919677242,0,0.272693929946818,0.123234916559692,0.40784889051898
276273.411807,2759866.126422,0.0727505955653289,0.0905259299981675,0.00494777350192413,0.540040315191497,0.0848451530144768,0.206890232728605
276773.411807,2759866.126422,0.195632226096531,0.0578087722517893,0,0.0623967700495504,0.0772618829142962,0.606900348687833
277273.411807,2759866.126422,0.0418118466898955,0.434439757931414,0,0.0399779937649001,0.206491839354484,0.277278562259307
277773.411807,2759866.126422,0.0393989371449514,0.624702217335532,0,0.028587135788895,0.123877588418545,0.183434121312076
278273.411807,2759866.126422,0.09543035419343,0.429620113782345,0.0495503762158194,0.0568911726922371,0.109377867498624,0.259130115617545
278773.411807,2759866.126422,0.178067119017055,0.252521547771869,0,0.0850907757197873,0.0742710434623143,0.410049514028975
279273.411807,2759866.126422,0.118013560564413,0.345794392523364,0.00751328568810702,0.225215319772769,0.0951072017592084,0.208356239692139
279773.411807,2759866.126422,0.115617544503579,0.172692237107726,0.0642319691686548,0.325380803817214,0.0690034868783263,0.2530739585245
280273.411807,2759866.126422,0.0957271226847607,0.0524481936548689,0.04401247019989,0.427471116816431,0.105079772602237,0.275261324041812
280773.411807,2759866.126422,0.100421477002016,0.129741616272677,0.108851017042331,0.257100971229613,0.108301264431006,0.295583654022357
281273.411807,2759866.126422,0.115617544503579,0.168104239309965,0.015782712424298,0.108276748027161,0.133969535694623,0.458249220040374
281773.411807,2759866.126422,0.257289565376857,0.0355767467449111,0.0097194205024757,0.0592334494773519,0.106913625527233,0.531267192371172
282273.411807,2759866.126422,0.184716877405168,0.0221733553234378,0.128458860179586,0.118929814916621,0.107385010078798,0.43833608209639
282773.411807,2759866.126422,0.309781611304827,0.0304643053771334,0.00165167920719398,0.100201871903101,0.097082033400624,0.460818498807121
