"x","y","forest","agri","water","built","other","grass"
183773.411807,2654866.126422,0,0.0433106992108644,0.827858322628005,0.1159845843274,0.00550559735731327,0.00734079647641769
184273.411807,2654866.126422,0.000733541169998166,0.0691362552723272,0.709701081973226,0.111131487254722,0.0476801760498808,0.061617458279846
184773.411807,2654866.126422,0.0126443100604728,0.0941909474070002,0.583654022356606,0.0947407000183251,0.0390324354040682,0.175737584753528
185273.411807,2654866.126422,0.0326665443200587,0.207744540282621,0.114332905120206,0.0930445953385942,0.104055790053221,0.4481556248853
185773.411807,2654866.126422,0.116266275444709,0.249954153676875,0.0256739409499358,0.059600220062351,0.0584999083073537,0.490005501558775
186273.411807,2654866.126422,0.0721649484536082,0.317525773195876,0,0.0337628865979381,0.105927835051546,0.470618556701031
183773.411807,2654366.126422,0.00146788990825688,0.0730275229357798,0.692477064220184,0.173394495412844,0.0354128440366972,0.0242201834862385
184273.411807,2654366.126422,0.00220143093010457,0.0937442671069529,0.655292606861126,0.0576041093377362,0.0515501742799486,0.139607411484131
184773.411807,2654366.126422,0.00842490842490842,0.126923076923077,0.312087912087912,0.21978021978022,0.123809523809524,0.208974358974359
185273.411807,2654366.126422,0.00073394495412844,0.138899082568807,0.250642201834862,0.0572477064220183,0.0412844036697248,0.511192660550459
185773.411807,2654366.126422,0.0680609062557329,0.332966428178316,0.0541185103650706,0.0280682443588332,0.0689781691432765,0.447807741698771
186273.411807,2654366.126422,0.0407006697578568,0.552292632663575,0.0324574961360124,0.0236991241628027,0.0450798557444616,0.305770221535291
182273.411807,2653866.126422,0.00347985347985348,0.154212454212454,0.462087912087912,0.181684981684982,0.0494505494505494,0.149084249084249
182773.411807,2653866.126422,0,0.161172161172161,0.518681318681319,0.155494505494505,0.028021978021978,0.136630036630037
183273.411807,2653866.126422,0.00458379171250458,0.122478914558122,0.446277961129446,0.226255958929226,0.041987532086542,0.158415841584158
183773.411807,2653866.126422,0.00164835164835165,0.091025641025641,0.674175824175824,0.138278388278388,0.0655677655677656,0.0293040293040293
184273.411807,2653866.126422,0.00366300366300366,0.128021978021978,0.607326007326007,0.093956043956044,0.0578754578754579,0.109157509157509
184773.411807,2653866.126422,0.0253025302530253,0.296662999633297,0.0755408874220755,0.147414741474147,0.0962596259625963,0.358819215254859
185273.411807,2653866.126422,0.0128205128205128,0.255860805860806,0.254029304029304,0.0404761904761905,0.0245421245421245,0.412271062271062
185773.411807,2653866.126422,0.0626373626373626,0.263003663003663,0.166483516483516,0.0514652014652015,0.0456043956043956,0.410805860805861
186273.411807,2653866.126422,0.0268041237113402,0.439175257731959,0.117010309278351,0.0528350515463918,0.0963917525773196,0.267783505154639
181773.411807,2653366.126422,0.0124610591900312,0.0802638812534359,0.585303280190581,0.148249954187282,0.0362836723474437,0.137438152831226
182273.411807,2653366.126422,0.00238575885483575,0.145531290144981,0.636997614241145,0.114699944944026,0.0229399889888053,0.0774454028262066
182773.411807,2653366.126422,0.00110031175499725,0.101228681459747,0.752796625710618,0.0761048963873097,0.0273244085824317,0.0414450761048964
183273.411807,2653366.126422,0,0.141652922851384,0.612790910756826,0.0875939160711013,0.0617555433388309,0.0962067069818582
183773.411807,2653366.126422,0.00899247568361167,0.0803817214167737,0.680124793540099,0.0712057258212516,0.0776289227381171,0.0816663608001468
184273.411807,2653366.126422,0.0139372822299652,0.259490188886851,0.186319457179534,0.0946268109297634,0.101778837337246,0.34384742343664
184773.411807,2653366.126422,0.0234561114165292,0.222466556716144,0.194062671797691,0.0458127176104087,0.0229063588052043,0.491295583654022
185273.411807,2653366.126422,0.0383556615892824,0.426867315103689,0.039823820884566,0.0497338961277299,0.0389062213250138,0.406313084969719
185773.411807,2653366.126422,0.0438290849073904,0.389877131854025,0.000366770584999083,0.0722538052448194,0.10819732257473,0.385475884834036
186273.411807,2653366.126422,0.0626288659793814,0.294072164948454,0.0100515463917526,0.0335051546391753,0.101030927835052,0.498711340206186
181773.411807,2652866.126422,0.00641025641025641,0.114835164835165,0.671794871794872,0.0454212454212454,0.0238095238095238,0.137728937728938
182273.411807,2652866.126422,0.0036697247706422,0.124403669724771,0.727522935779817,0.0240366972477064,0.0420183486238532,0.078348623853211
182773.411807,2652866.126422,0.0326545587965511,0.173179233168226,0.435883324160704,0.16125481563016,0.0385250412768299,0.158503026967529
183273.411807,2652866.126422,0.0208791208791209,0.133516483516484,0.204029304029304,0.261721611721612,0.114102564102564,0.265750915750916
183773.411807,2652866.126422,0.0168807339449541,0.164403669724771,0.0807339449541284,0.223669724770642,0.139266055045872,0.375045871559633
184273.411807,2652866.126422,0.0344890845716382,0.223445239405614,0.002568336085122,0.0487983856173179,0.0460465969546872,0.644652357365621
184773.411807,2652866.126422,0.0505494505494506,0.365567765567766,0.0139194139194139,0.0128205128205128,0.0432234432234432,0.513919413919414
185273.411807,2652866.126422,0.0508256880733945,0.291743119266055,0,0.0638532110091743,0.0577981651376147,0.535779816513761
185773.411807,2652866.126422,0.0453127866446524,0.393322326178683,0,0.0161438268207668,0.122913226930838,0.42230783342506
186273.411807,2652866.126422,0.0198351365275631,0.317619783616692,0.0303967027305513,0.0716125708397733,0.122617207624936,0.437918598660484
181773.411807,2652366.126422,0.00256692335900257,0.127246057939127,0.703520352035203,0.0762742940960763,0.0344701136780345,0.0559222588925559
182273.411807,2652366.126422,0.00146520146520147,0.149450549450549,0.658241758241758,0.115567765567766,0.0243589743589744,0.0509157509157509
182773.411807,2652366.126422,0.0120879120879121,0.185164835164835,0.279487179487179,0.258974358974359,0.0721611721611722,0.192124542124542
183273.411807,2652366.126422,0.0302530253025303,0.161716171617162,0.0243857719105244,0.115878254492116,0.0848918225155849,0.582874954162083
183773.411807,2652366.126422,0.0536630036630037,0.245787545787546,0,0.082967032967033,0.071978021978022,0.545604395604396
184273.411807,2652366.126422,0.0602564102564103,0.196153846153846,0,0.0357142857142857,0.0899267399267399,0.617948717948718
184773.411807,2652366.126422,0.0577557755775578,0.246607994132747,0.000916758342500917,0.0566556655665567,0.11019435276861,0.527869453612028
185273.411807,2652366.126422,0.0283882783882784,0.347802197802198,0,0.0152014652014652,0.0741758241758242,0.534432234432234
185773.411807,2652366.126422,0.0232600732600733,0.391391941391941,0,0.00146520146520147,0.023992673992674,0.55989010989011
186273.411807,2652366.126422,0.0729381443298969,0.352061855670103,0,0.0105670103092784,0.0402061855670103,0.524226804123711
181273.411807,2651866.126422,0.0143040528149642,0.0634513112048414,0.447643498991381,0.250871080139373,0.0729873464148175,0.150742710434623
181773.411807,2651866.126422,0.0654205607476635,0.12112882536192,0.310793476269012,0.0996884735202492,0.0793476269012278,0.323621037199927
182273.411807,2651866.126422,0.00568911726922371,0.101119471462654,0.504679757753716,0.138741053404294,0.0693705267021472,0.180400073407965
182773.411807,2651866.126422,0.06400146708234,0.198239501192004,0.246103062534385,0.146341463414634,0.0715202640748212,0.273794241701815
183273.411807,2651866.126422,0.100787978742899,0.170789811251603,0,0.137254901960784,0.11324903793293,0.477918270111783
183773.411807,2651866.126422,0.0688199669664159,0.175628555698293,0,0.0803817214167737,0.104606349788952,0.570563406129565
184273.411807,2651866.126422,0.0515312671923712,0.255088941866862,0,0.0223730056849441,0.0953603520997616,0.575646433156061
184773.411807,2651866.126422,0.059190031152648,0.240791643760308,0,0.0126443100604728,0.0661535642294301,0.621220450797141
185273.411807,2651866.126422,0.206276380987337,0.181134153055607,0.000183519911910442,0.0497338961277299,0.228482290328501,0.334189759588915
185773.411807,2651866.126422,0.00898587933247754,0.359618558591601,0,0,0.015587749862461,0.61580781221346
186273.411807,2651866.126422,0.0579896907216495,0.325515463917526,0,0.0414948453608247,0.103092783505155,0.471907216494845
181273.411807,2651366.126422,0.0302696752889378,0.0675105485232067,0.670886075949367,0.0478811227297744,0.00935608145294441,0.17409649605577
181773.411807,2651366.126422,0.047985347985348,0.0608058608058608,0.406043956043956,0.173626373626374,0.0434065934065934,0.268131868131868
182273.411807,2651366.126422,0.0673394495412844,0.0638532110091743,0.00844036697247706,0.0438532110091743,0.0407339449541284,0.775779816513761
182773.411807,2651366.126422,0.0856723536965694,0.103834158869932,0.0273344340487984,0.48926802421574,0.136855622821501,0.157035406347459
183273.411807,2651366.126422,0.086996336996337,0.114652014652015,0.0135531135531136,0.245604395604396,0.225274725274725,0.313919413919414
183773.411807,2651366.126422,0.0675229357798165,0.406605504587156,0,0.0262385321100917,0.0502752293577982,0.449357798165138
184273.411807,2651366.126422,0.0379746835443038,0.356081452944414,0,0.0144927536231884,0.0856723536965694,0.505778756191524
184773.411807,2651366.126422,0.0404761904761905,0.318864468864469,0,0.00366300366300366,0.030952380952381,0.606043956043956
185273.411807,2651366.126422,0.0787155963302752,0.272660550458716,0,0.0157798165137615,0.0844036697247706,0.548440366972477
185773.411807,2651366.126422,0.0543019629425793,0.279765180700789,0,0.019262520638415,0.108053568152633,0.538616767565584
186273.411807,2651366.126422,0.0909325090159711,0.203760947964967,0,0.0662029881504379,0.233127253992787,0.405976300875837
180773.411807,2650866.126422,0.00146520146520147,0.127472527472527,0.7003663003663,0.0877289377289377,0.0186813186813187,0.0642857142857143
181273.411807,2650866.126422,0.00128205128205128,0.0648351648351648,0.786263736263736,0.117032967032967,0.0175824175824176,0.013003663003663
181773.411807,2650866.126422,0,0.0905757242390906,0.817565089842318,0.0762742940960763,0.0146681334800147,0.000916758342500917
182273.411807,2650866.126422,0.00311355311355311,0.115567765567766,0.493223443223443,0.226190476190476,0.0437728937728938,0.118131868131868
182773.411807,2650866.126422,0.0578754578754579,0.080952380952381,0.000549450549450549,0.58003663003663,0.18040293040293,0.10018315018315
183273.411807,2650866.126422,0.0606894022735607,0.227172717271727,0.000183351668500183,0.219471947194719,0.225155848918225,0.267326732673267
183773.411807,2650866.126422,0.097985347985348,0.196336996336996,0,0.0813186813186813,0.114835164835165,0.509523809523809
184273.411807,2650866.126422,0.0745421245421245,0.251098901098901,0,0.0507326007326007,0.103296703296703,0.52032967032967
184773.411807,2650866.126422,0.107260726072607,0.203153648698203,0,0.0201686835350202,0.0971763843050972,0.572240557389072
185273.411807,2650866.126422,0.0705128205128205,0.315384615384615,0,0.0043956043956044,0.078021978021978,0.531684981684982
185773.411807,2650866.126422,0.0461538461538462,0.255311355311355,0,0.0302197802197802,0.110989010989011,0.557326007326007
186273.411807,2650866.126422,0.106443298969072,0.328865979381443,0,0.138917525773196,0.14819587628866,0.277577319587629
180773.411807,2650366.126422,0,0.0884565975408332,0.804734813727289,0.0820334006239677,0.0130299137456414,0.0117452743622683
181273.411807,2650366.126422,0.000916926462497708,0.068402714102329,0.855675774802861,0.0480469466348799,0.00715202640748212,0.0198056115899505
181773.411807,2650366.126422,0,0.0304196444933113,0.855781564962434,0.100421477002016,0.0102620487447315,0.00311526479750779
182273.411807,2650366.126422,0.0741420444118187,0.260781794824739,0.108643787850982,0.114332905120206,0.0748761240594605,0.367223343732795
182773.411807,2650366.126422,0.103245919677242,0.246653218411883,0,0.0273244085824317,0.0935264991747662,0.529249954153677
183273.411807,2650366.126422,0.0842954004031519,0.271394539124061,0,0.0331684075499359,0.0602895363752978,0.550852116547554
183773.411807,2650366.126422,0.0724903652046247,0.290879060378051,0,0.0361534226463571,0.144613690585429,0.455863461185539
184273.411807,2650366.126422,0.0902255639097744,0.277095176966807,0,0.000183385292499542,0.00678525582248304,0.625710618008436
184773.411807,2650366.126422,0.109950522264981,0.263881253435954,0,0.000549752611324904,0.00824628916987356,0.617372182517867
185273.411807,2650366.126422,0.0488162965681776,0.476050651495687,0,0.0154156726004772,0.0583593319875206,0.401358047348137
185773.411807,2650366.126422,0.0667522464698331,0.353750229231616,0,0.0100861910874748,0.15587749862461,0.413533834586466
186273.411807,2650366.126422,0.0360824742268041,0.430927835051546,0.00206185567010309,0.0365979381443299,0.116494845360825,0.377835051546392
180273.411807,2649866.126422,0.00274725274725275,0.0362637362637363,0.750732600732601,0.196703296703297,0.00567765567765568,0.00787545787545788
180773.411807,2649866.126422,0.0179816513761468,0.0948623853211009,0.701467889908257,0.0902752293577982,0.0275229357798165,0.0678899082568807
181273.411807,2649866.126422,0.0106402494955054,0.0730141258484682,0.751238304898184,0.06989543203082,0.0284351495138507,0.0667767382131719
181773.411807,2649866.126422,0.0331501831501832,0.137728937728938,0.358058608058608,0.134615384615385,0.0353479853479853,0.301098901098901
182273.411807,2649866.126422,0.0834862385321101,0.302018348623853,0,0.0812844036697248,0.120733944954128,0.412477064220183
182773.411807,2649866.126422,0.0537516052100532,0.411300678774537,0.000183452577508714,0.00953953403045313,0.104751421757476,0.420473307649972
183273.411807,2649866.126422,0.0510989010989011,0.228205128205128,0,0.0197802197802198,0.0860805860805861,0.614835164835165
183773.411807,2649866.126422,0.0469724770642202,0.294495412844037,0,0.0163302752293578,0.084954128440367,0.557247706422018
184273.411807,2649866.126422,0.0354063474591818,0.340487983856173,0,0.00348559897266557,0.0170610897083104,0.603558980003669
184773.411807,2649866.126422,0.0919413919413919,0.313186813186813,0,0.00897435897435897,0.0805860805860806,0.505311355311355
185273.411807,2649866.126422,0.0543119266055046,0.408440366972477,0,0.0122935779816514,0.0300917431192661,0.494862385321101
185773.411807,2649866.126422,0.0627407815079802,0.43074665199046,0,0.0170610897083104,0.106219042377545,0.383232434415704
186273.411807,2649866.126422,0.0108191653786708,0.552550231839258,0,0.000515198351365276,0.0321998969603297,0.403915507470376
179773.411807,2649366.126422,0,0.0525641025641026,0.481501831501832,0.442673992673993,0.0152014652014652,0.00805860805860806
180273.411807,2649366.126422,0.0011001100110011,0.0711404473780711,0.752108544187752,0.141547488082142,0.0214521452145215,0.0126512651265127
180773.411807,2649366.126422,0.0021978021978022,0.0787545787545788,0.796336996336996,0.0706959706959707,0.0186813186813187,0.0333333333333333
181273.411807,2649366.126422,0.00732600732600733,0.102747252747253,0.645238095238095,0.097985347985348,0.041025641025641,0.105677655677656
181773.411807,2649366.126422,0.033003300330033,0.441877521085442,0.000183351668500183,0.096993032636597,0.0861752841950862,0.341767510084342
182273.411807,2649366.126422,0.0111721611721612,0.458241758241758,0.0186813186813187,0.0186813186813187,0.0366300366300366,0.456593406593407
182773.411807,2649366.126422,0.00238095238095238,0.598901098901099,0.0100732600732601,0.00641025641025641,0.0043956043956044,0.377838827838828
183273.411807,2649366.126422,0.0170517051705171,0.431426475980931,0,0.0265859919325266,0.0322698936560323,0.492665933259993
183773.411807,2649366.126422,0.039010989010989,0.324725274725275,0.000366300366300366,0.0108058608058608,0.056043956043956,0.569047619047619
184273.411807,2649366.126422,0.0626373626373626,0.431501831501832,0,0.000549450549450549,0.0402930402930403,0.465018315018315
184773.411807,2649366.126422,0.0540887422075541,0.406123945727906,0,0.00055005500550055,0.1001100110011,0.439127246057939
185273.411807,2649366.126422,0.08003663003663,0.285714285714286,0,0.00164835164835165,0.265018315018315,0.367582417582418
185773.411807,2649366.126422,0.0353479853479853,0.595238095238095,0,0.0142857142857143,0.0186813186813187,0.336446886446886
186273.411807,2649366.126422,0.0298969072164948,0.467268041237113,0.00798969072164948,0.0100515463917526,0.0216494845360825,0.463144329896907
179773.411807,2648866.126422,0.000183385292499542,0.044379240784889,0.775353016688062,0.170181551439575,0.00605171465248487,0.00385109114249037
180273.411807,2648866.126422,0,0.043613707165109,0.830126443100605,0.100421477002016,0.0192413413963716,0.00659703133589885
180773.411807,2648866.126422,0.00183519911910442,0.104422829877042,0.749311800330336,0.0673518076711323,0.0297302257294917,0.0473481372728941
181273.411807,2648866.126422,0.0119200440124702,0.305153126719237,0.155510728039611,0.070419952319824,0.0509811113148725,0.406015037593985
181773.411807,2648866.126422,0.0672530694520799,0.348726406450431,0,0.176470588235294,0.202492211838006,0.205057724024189
182273.411807,2648866.126422,0.0211047898697009,0.56010277115067,0,0,0.00679023674068636,0.412002202238943
182773.411807,2648866.126422,0.00806895286997983,0.620942600403448,0.0203557674674491,0.00348432055749129,0.00953603520997616,0.337612323491656
183273.411807,2648866.126422,0.0273043796958036,0.55488363569727,0.000183250870441635,0.0582737768004398,0.0602895363752978,0.299065420560748
183773.411807,2648866.126422,0.0117452743622683,0.455863461185539,0.00238575885483575,0.00513855753349238,0.0442282987704166,0.480638649293448
184273.411807,2648866.126422,0.0361269026224097,0.550339262791124,0,0.00110031175499725,0.0341096644049147,0.378323858426554
184773.411807,2648866.126422,0.0936411947956753,0.376580538757559,0,0.0218068535825545,0.0954737035000916,0.41249770936412
185273.411807,2648866.126422,0.0440447788585061,0.316571848045513,0,0.0124793540099101,0.134153055606533,0.492750963479538
185773.411807,2648866.126422,0.033192737942417,0.363469649734091,0,0.00880249403997799,0.0970108197322575,0.497524298551256
186273.411807,2648866.126422,0.0216494845360825,0.571907216494845,0,0.0152061855670103,0.0188144329896907,0.372422680412371
179273.411807,2648366.126422,0.00788990825688073,0.0513761467889908,0.612110091743119,0.232660550458716,0.0222018348623853,0.0737614678899083
179773.411807,2648366.126422,0,0.110621904237755,0.642267473858008,0.075032104201064,0.028251696936342,0.143826820766832
180273.411807,2648366.126422,0.00989010989010989,0.0802197802197802,0.614835164835165,0.08003663003663,0.0249084249084249,0.19010989010989
180773.411807,2648366.126422,0.00348623853211009,0.17045871559633,0.502201834862385,0.144403669724771,0.0269724770642202,0.152477064220183
181273.411807,2648366.126422,0.0539350577875619,0.343606677673821,0,0.0293524124013942,0.0946615299944964,0.478444322142726
181773.411807,2648366.126422,0.0789377289377289,0.416483516483517,0,0.0672161172161172,0.135897435897436,0.301465201465201
182273.411807,2648366.126422,0.0143119266055046,0.735963302752294,0,0,0.00165137614678899,0.248073394495413
182773.411807,2648366.126422,0.00825536598789213,0.607961841863878,0,0.000366905155017428,0.00385250412768299,0.379563382865529
183273.411807,2648366.126422,0.0144688644688645,0.423626373626374,0,0.00183150183150183,0.0254578754578755,0.534615384615385
183773.411807,2648366.126422,0.013394495412844,0.480366972477064,0,0.00055045871559633,0.00880733944954129,0.496880733944954
184273.411807,2648366.126422,0.0278847917813245,0.507062924234085,0,0,0.00110071546505228,0.463951568519538
184773.411807,2648366.126422,0.0657509157509158,0.294139194139194,0,0.00164835164835165,0.0195970695970696,0.618864468864469
185273.411807,2648366.126422,0.0427522935779817,0.551192660550459,0,0.00128440366972477,0.0440366972477064,0.360733944954128
185773.411807,2648366.126422,0.112272977435333,0.277380297193176,0,0.077600440286186,0.125665015593469,0.407081269491836
186273.411807,2648366.126422,0.056929417825863,0.544564657393096,0,0.000515198351365276,0.0221535291087069,0.375837197320969
180773.411807,2647866.126422,0.00622710622710623,0.557875457875458,0.0538461538461538,0.0567765567765568,0.0408424908424908,0.284432234432234
181273.411807,2647866.126422,0.0796703296703297,0.212454212454212,0.0380952380952381,0.129120879120879,0.0851648351648352,0.455494505494505
181773.411807,2647866.126422,0.013017968463513,0.63036303630363,0,0,0.0135680234690136,0.343050971763843
182273.411807,2647866.126422,0.0402930402930403,0.660622710622711,0,0.00604395604395604,0.0120879120879121,0.280952380952381
182773.411807,2647866.126422,0.00567765567765568,0.581684981684982,0,0,0.000915750915750916,0.411721611721612
183273.411807,2647866.126422,0.0328199486615328,0.560506050605061,0,0.00146681334800147,0.0225522552255226,0.382654932159883
183773.411807,2647866.126422,0.0767399267399267,0.521428571428571,0,0.0104395604395604,0.056043956043956,0.335347985347985
184273.411807,2647866.126422,0.0637362637362637,0.522893772893773,0,0.00714285714285714,0.0256410256410256,0.380586080586081
184773.411807,2647866.126422,0.0416208287495416,0.533370003667033,0,0.00201686835350202,0.0249358269160249,0.398056472313898
185273.411807,2647866.126422,0.0285714285714286,0.419230769230769,0,0.000549450549450549,0.0225274725274725,0.529120879120879
185773.411807,2647866.126422,0.0315018315018315,0.4496336996337,0,0.000732600732600733,0.0644688644688645,0.453663003663004
186273.411807,2647866.126422,0.0533505154639175,0.620876288659794,0,0.00154639175257732,0.0128865979381443,0.311340206185567
180273.411807,2647366.126422,0.16034451163643,0.0558915154846986,0.0844786512735936,0.217335532343779,0.111416529228514,0.370533260032985
180773.411807,2647366.126422,0.0335841438796109,0.301339695356946,0.00110111947146265,0.0919434758671316,0.14094329234722,0.431088273077629
181273.411807,2647366.126422,0.0784889051898038,0.171281863194572,0.0280579497524299,0.0119200440124702,0.015587749862461,0.694663487988263
181773.411807,2647366.126422,0.00568077698369067,0.412131207623236,0,0,0.00164925783397471,0.580538757559098
182273.411807,2647366.126422,0.0326665443200587,0.548357496788402,0,0.0034868783262984,0.012846393833731,0.40264268673151
182773.411807,2647366.126422,0.0236567027324409,0.610122868145975,0,0.000733541169998166,0.00348432055749129,0.362002567394095
183273.411807,2647366.126422,0.0415979475902511,0.459409932197178,0,0,0.00842954004031519,0.490562580172256
183773.411807,2647366.126422,0.0258763075793724,0.48137272894109,0,0.00183519911910442,0.0212883097816113,0.469627454578822
184273.411807,2647366.126422,0.0465798642948836,0.526132404181185,0,0.000183385292499542,0.011186502842472,0.41591784338896
184773.411807,2647366.126422,0.0945574491478835,0.544071834341213,0,0.0179585853032802,0.0417811984606927,0.301630932746931
185273.411807,2647366.126422,0.0574417324279684,0.473848412552762,0,0.000367039823820885,0.00293631859056708,0.465406496604882
185773.411807,2647366.126422,0.0471300201723822,0.489088575096277,0,0.00513478818998716,0.0313588850174216,0.427287731523932
186273.411807,2647366.126422,0.0461340206185567,0.602319587628866,0,0.000257731958762887,0.0206185567010309,0.330670103092783
180273.411807,2646866.126422,0.0705128205128205,0.0824175824175824,0.0358974358974359,0.405311355311355,0.195787545787546,0.21007326007326
180773.411807,2646866.126422,0.0867889908256881,0.152844036697248,0,0.196330275229358,0.20605504587156,0.357981651376147
181273.411807,2646866.126422,0.002568336085122,0.534397358282884,0,0.00183452577508714,0.0132085855806274,0.44799119427628
181773.411807,2646866.126422,0.0419413919413919,0.465018315018315,0.00531135531135531,0.0173992673992674,0.023992673992674,0.446336996336996
182273.411807,2646866.126422,0.0563302752293578,0.378715596330275,0.0018348623853211,0.0148623853211009,0.0504587155963303,0.497798165137615
182773.411807,2646866.126422,0.081452944413869,0.370574206567602,0.0066042927903137,0.0821867547239039,0.0366905155017428,0.422491286002568
183273.411807,2646866.126422,0.0895604395604396,0.315567765567766,0.000732600732600733,0.00989010989010989,0.132234432234432,0.452014652014652
183773.411807,2646866.126422,0.132293577981651,0.201100917431193,0.00201834862385321,0.20605504587156,0.108256880733945,0.350275229357798
184273.411807,2646866.126422,0.160337552742616,0.108237020730141,0.00513667217024399,0.455696202531646,0.130067877453678,0.140524674371675
184773.411807,2646866.126422,0.0595238095238095,0.610989010989011,0.0146520146520147,0.00549450549450549,0.0208791208791209,0.288461538461538
185273.411807,2646866.126422,0.0275229357798165,0.541651376146789,0,0.00110091743119266,0.0104587155963303,0.419266055045872
185773.411807,2646866.126422,0.0465969546872134,0.655659512016144,0,0.00091726288754357,0.00880572372041827,0.288020546688681
186273.411807,2646866.126422,0.0193199381761978,0.8887171561051,0,0,0,0.0919629057187017
180273.411807,2646366.126422,0.0328199486615328,0.210671067106711,0,0.0423542354235424,0.0865419875320865,0.627612761276128
180773.411807,2646366.126422,0.0227106227106227,0.405860805860806,0,0.0212454212454212,0.0679487179487179,0.482234432234432
181273.411807,2646366.126422,0.0181318681318681,0.433150183150183,0,0.16007326007326,0.0564102564102564,0.332234432234432
181773.411807,2646366.126422,0.0313531353135314,0.387422075540887,0,0.0234690135680235,0.0562889622295563,0.501466813348001
182273.411807,2646366.126422,0.155311355311355,0.282783882783883,0.00274725274725275,0.0159340659340659,0.0536630036630037,0.48956043956044
182773.411807,2646366.126422,0.0228937728937729,0.621428571428571,0,0.00384615384615385,0.0379120879120879,0.313919413919414
183273.411807,2646366.126422,0.109460946094609,0.339200586725339,0,0.0271360469380271,0.235056839017235,0.289145581224789
183773.411807,2646366.126422,0.0613553113553114,0.154212454212454,0.00659340659340659,0.531135531135531,0.163369963369963,0.0833333333333333
184273.411807,2646366.126422,0.0347985347985348,0.208241758241758,0.00164835164835165,0.551282051282051,0.0923076923076923,0.111721611721612
184773.411807,2646366.126422,0.0645397873120645,0.638430509717638,0.000733406674000733,0.00238357169050238,0.0306197286395306,0.263292995966263
185273.411807,2646366.126422,0.0789377289377289,0.565201465201465,0,0.0032967032967033,0.00567765567765568,0.346886446886447
185773.411807,2646366.126422,0.0556776556776557,0.498351648351648,0,0.0021978021978022,0.0210622710622711,0.422710622710623
186273.411807,2646366.126422,0.0355670103092783,0.670876288659794,0,0.00257731958762887,0.00283505154639175,0.288144329896907
179773.411807,2645866.126422,0.0106363469649734,0.218962039244453,0.026407482119934,0.193838254172015,0.0452961672473868,0.504859710251238
180273.411807,2645866.126422,0.0207073483599047,0.412680960234561,0.00128275609309144,0.00604727872457394,0.00494777350192413,0.554333883085945
180773.411807,2645866.126422,0.0297302257294917,0.523765828592402,0,0.009543035419343,0.0124793540099101,0.424481556248853
181273.411807,2645866.126422,0.00366770584999083,0.65982028241335,0.0170548322024574,0.000183385292499542,0.00146708233999633,0.317806711901706
181773.411807,2645866.126422,0.032618654938611,0.522631482499542,0,0.00971229613340663,0.0623052959501558,0.372732270478285
182273.411807,2645866.126422,0.0214718296935217,0.452743622683061,0,0.0108276748027161,0.0405579005322077,0.474398972288493
182773.411807,2645866.126422,0.00311754997249221,0.81203007518797,0,0.00165046763249587,0.0053181734824867,0.177883733724555
183273.411807,2645866.126422,0.0540590067802822,0.402602162360271,0.000366501740883269,0.0989554700384827,0.0703683342495877,0.373648524830493
183773.411807,2645866.126422,0.0440447788585061,0.0768948430904753,0.00495503762158194,0.732611488346486,0.137272894109011,0.00422095797394017
184273.411807,2645866.126422,0.0555657436273611,0.35595085274161,0.00311754997249221,0.240234733174399,0.0764716669723088,0.268659453511828
184773.411807,2645866.126422,0.0641378046545721,0.617555433388309,0,0.00311526479750779,0.0656038116181052,0.249587685541506
185273.411807,2645866.126422,0.0748761240594605,0.740319324646724,0,0.00110111947146265,0.028629106258029,0.155074325564324
185773.411807,2645866.126422,0.0607005318173482,0.553090042178617,0,0.0326425820649184,0.024390243902439,0.329176600036677
186273.411807,2645866.126422,0.0914948453608247,0.404896907216495,0,0.00077319587628866,0.0172680412371134,0.485567010309278
179773.411807,2645366.126422,0.0410933773619519,0.14841313520455,0.0350394423041644,0.0236653824986241,0.0546688680975968,0.697119794533113
180273.411807,2645366.126422,0.00952380952380952,0.422344322344322,0.0252747252747253,0.00769230769230769,0.0131868131868132,0.521978021978022
180773.411807,2645366.126422,0.127889908256881,0.386422018348624,0,0,0.00275229357798165,0.482935779816514
181273.411807,2645366.126422,0.0152265639332233,0.505595303614016,0,0.000366905155017428,0.0170610897083104,0.461750137589433
181773.411807,2645366.126422,0.093040293040293,0.439010989010989,0,0.0104395604395604,0.118681318681319,0.338827838827839
182273.411807,2645366.126422,0.00935779816513761,0.600550458715596,0,0.00018348623853211,0.00128440366972477,0.388623853211009
182773.411807,2645366.126422,0.0299027701339204,0.389286369473491,0,0.000733810310034856,0.0277013392038158,0.552375710878738
183273.411807,2645366.126422,0.0771062271062271,0.441758241758242,0.0254578754578755,0.193406593406593,0.125641025641026,0.136630036630037
183773.411807,2645366.126422,0.104954128440367,0.0759633027522936,0.00146788990825688,0.537981651376147,0.193761467889908,0.0858715596330275
184273.411807,2645366.126422,0.0620069711979453,0.514767932489452,0.0132085855806274,0.0119244175380664,0.0475142175747569,0.350577875619152
184773.411807,2645366.126422,0.0712454212454212,0.595604395604396,0.0163003663003663,0.0113553113553114,0.0327838827838828,0.272710622710623
185273.411807,2645366.126422,0.00128440366972477,0.810091743119266,0,0.0194495412844037,0.00477064220183486,0.164403669724771
185773.411807,2645366.126422,0.0249495505411851,0.462483947899468,0,0.000366905155017428,0.000733810310034856,0.511465786094295
186273.411807,2645366.126422,0.00643997939206595,0.310149407521896,0,0.000772797527047913,0.000772797527047913,0.681865018031942
179273.411807,2644866.126422,0.00384615384615385,0.135164835164835,0.214285714285714,0.243956043956044,0.0512820512820513,0.351465201465201
179773.411807,2644866.126422,0.0602564102564103,0.36043956043956,0.0161172161172161,0.0287545787545788,0.0763736263736264,0.458058608058608
180273.411807,2644866.126422,0.00495049504950495,0.565639897323066,0.00971763843050972,0.0163182984965163,0.00256692335900257,0.400806747341401
180773.411807,2644866.126422,0.0326007326007326,0.73021978021978,0,0.0212454212454212,0.00915750915750916,0.206776556776557
181273.411807,2644866.126422,0.0765567765567766,0.61959706959707,0,0.00897435897435897,0.0489010989010989,0.245970695970696
181773.411807,2644866.126422,0.0476714338100477,0.526035936927026,0,0.0324532453245325,0.0603226989365603,0.333516685001834
182273.411807,2644866.126422,0.0131868131868132,0.491208791208791,0,0,0.0230769230769231,0.472527472527473
182773.411807,2644866.126422,0.0391941391941392,0.312820512820513,0,0.00586080586080586,0.0516483516483516,0.59047619047619
183273.411807,2644866.126422,0.0638063806380638,0.333333333333333,0.000183351668500183,0.148148148148148,0.133113311331133,0.321415474880821
183773.411807,2644866.126422,0.119230769230769,0.331868131868132,0,0.0423076923076923,0.13974358974359,0.366849816849817
184273.411807,2644866.126422,0.0608058608058608,0.515567765567766,0.000183150183150183,0.00366300366300366,0.0144688644688645,0.405311355311355
184773.411807,2644866.126422,0.0339200586725339,0.727539420608728,0.0132013201320132,0.00128346167950128,0.00605060506050605,0.218005133846718
185273.411807,2644866.126422,0.0470695970695971,0.604395604395604,0,0.00366300366300366,0.0126373626373626,0.332234432234432
185773.411807,2644866.126422,0.0586080586080586,0.492490842490843,0,0.0402930402930403,0.100549450549451,0.308058608058608
186273.411807,2644866.126422,0.0304123711340206,0.84819587628866,0,0.00154639175257732,0.00644329896907216,0.11340206185567
179273.411807,2644366.126422,0.0497338961277299,0.168654799045696,0.0423930996513122,0.162048082216921,0.171958157460084,0.405211965498257
179773.411807,2644366.126422,0.04401247019989,0.390610673024023,0.0110031175499725,0.0203557674674491,0.0342930496974143,0.499724922061251
180273.411807,2644366.126422,0.0113615539673813,0.568077698369067,0.0227231079347627,0.0227231079347627,0.0218068535825545,0.353307678211472
180773.411807,2644366.126422,0.0185355111029547,0.635345935033951,0.0115617544503579,0.0132134336575518,0.0161497522481189,0.305193613507066
181273.411807,2644366.126422,0.0397946084724005,0.562992847973593,0.00861910874747845,0.000733541169998166,0.0124701998899688,0.375389693746562
181773.411807,2644366.126422,0.01905809052593,0.628367234744365,0,0.0241891148982958,0.0406816932380429,0.287703866593366
182273.411807,2644366.126422,0.0734079647641769,0.562121490181685,0,0.0198201504863278,0.0554230133969536,0.289227381170857
182773.411807,2644366.126422,0.057582981844856,0.715019255455712,0,0.00275077938749312,0.0194388410049514,0.205208142306987
183273.411807,2644366.126422,0.0318856514568444,0.576690489279824,0,0.00568077698369067,0.0181418361737218,0.367601246105919
183773.411807,2644366.126422,0.0765278032666544,0.487612405946045,0,0.00201871903101487,0.0616626904019086,0.372178381354377
184273.411807,2644366.126422,0.0676691729323308,0.56794425087108,0.000366770584999083,0.00568494406748579,0.0504309554373739,0.30790390610673
184773.411807,2644366.126422,0.117647058823529,0.580538757559098,0,0.0425142019424592,0.0841121495327103,0.175187832142203
185273.411807,2644366.126422,0.137823453844742,0.245549642136172,0,0.144797210497339,0.198201504863278,0.273628188658469
185773.411807,2644366.126422,0.110581331377224,0.0889418668622776,0.0022006235099945,0.422703099211443,0.290482303319274,0.0850907757197873
186273.411807,2644366.126422,0.137886597938144,0.15979381443299,0.00103092783505155,0.194072164948454,0.229381443298969,0.277835051546392
178773.411807,2643866.126422,0.0021978021978022,0.173260073260073,0.0631868131868132,0.101098901098901,0.0232600732600733,0.636996336996337
179273.411807,2643866.126422,0.0135779816513761,0.476697247706422,0.00238532110091743,0.0319266055045872,0.0655045871559633,0.409908256880734
179773.411807,2643866.126422,0.0113740598055403,0.527242707760044,0.108603925885159,0.0642084021280499,0.0333883691065859,0.255182535314621
180273.411807,2643866.126422,0.00311355311355311,0.718498168498168,0.00879120879120879,0.0141025641025641,0.0144688644688645,0.241025641025641
180773.411807,2643866.126422,0.0691743119266055,0.61394495412844,0,0.00954128440366972,0.0269724770642202,0.280366972477064
181273.411807,2643866.126422,0.0427444505595304,0.627591267657311,0,0.00238488350761328,0.0165107319757843,0.310768666299762
181773.411807,2643866.126422,0.0490842490842491,0.611172161172161,0,0.00787545787545788,0.0316849816849817,0.30018315018315
182273.411807,2643866.126422,0.088256880733945,0.648807339449541,0,0.0113761467889908,0.0809174311926606,0.170642201834862
182773.411807,2643866.126422,0.0176114474408365,0.713630526508897,0,0.0066042927903137,0.0247660979636764,0.237387635296276
183273.411807,2643866.126422,0.0435897435897436,0.561355311355311,0.00421245421245421,0.00677655677655678,0.0115384615384615,0.372527472527473
183773.411807,2643866.126422,0.0458715596330275,0.59743119266055,0.000917431192660551,0.00458715596330275,0.0132110091743119,0.337981651376147
184273.411807,2643866.126422,0.0146762062006971,0.600990643918547,0.000366905155017428,0.00238488350761328,0.0161438268207668,0.365437534397358
184773.411807,2643866.126422,0.0587912087912088,0.527106227106227,0,0.0144688644688645,0.026007326007326,0.373626373626374
185273.411807,2643866.126422,0.122018348623853,0.194311926605505,0.00055045871559633,0.141651376146789,0.215229357798165,0.326238532110092
185773.411807,2643866.126422,0.101816180517336,0.0735644835809943,0.000366905155017428,0.456246560264172,0.304164373509448,0.0638414969730325
186273.411807,2643866.126422,0.125708397733127,0.101494075218959,0,0.216640906749098,0.229778464708913,0.326378155589902
178773.411807,2643366.126422,0.0682068206820682,0.146864686468647,0.0306197286395306,0.111477814448111,0.183535020168684,0.459295929592959
179273.411807,2643366.126422,0.0186813186813187,0.464835164835165,0.0657509157509158,0.0732600732600733,0.0708791208791209,0.306593406593407
179773.411807,2643366.126422,0.0467032967032967,0.307142857142857,0.0769230769230769,0.0679487179487179,0.0489010989010989,0.452380952380952
180273.411807,2643366.126422,0.0339200586725339,0.604327099376604,0,0.0491382471580491,0.0144847818115145,0.298129812981298
180773.411807,2643366.126422,0.0380952380952381,0.722893772893773,0,0.00750915750915751,0.0214285714285714,0.21007326007326
181273.411807,2643366.126422,0.0177655677655678,0.755494505494505,0,0.00622710622710623,0.00769230769230769,0.212820512820513
181773.411807,2643366.126422,0.0973597359735974,0.618995232856619,0,0.0196186285295196,0.0737073707370737,0.19031903190319
182273.411807,2643366.126422,0.141391941391941,0.36043956043956,0,0.0783882783882784,0.225824175824176,0.193956043956044
182773.411807,2643366.126422,0.0957875457875458,0.544139194139194,0,0.0164835164835165,0.0752747252747253,0.268315018315018
183273.411807,2643366.126422,0.050971763843051,0.657132379904657,0,0.00293362669600293,0.0344701136780345,0.254492115878254
183773.411807,2643366.126422,0.0393772893772894,0.604578754578755,0,0.0102564102564103,0.0192307692307692,0.326556776556777
184273.411807,2643366.126422,0.0919413919413919,0.564285714285714,0.0263736263736264,0.0188644688644689,0.0752747252747253,0.223260073260073
184773.411807,2643366.126422,0.0482214888155482,0.53997066373304,0,0.00586725339200587,0.0273193986065273,0.378621195452879
185273.411807,2643366.126422,0.199084249084249,0.198717948717949,0,0.165750915750916,0.137179487179487,0.299267399267399
185773.411807,2643366.126422,0.131318681318681,0.323809523809524,0,0.104395604395604,0.149267399267399,0.291208791208791
186273.411807,2643366.126422,0.129381443298969,0.39639175257732,0,0.0162371134020619,0.0329896907216495,0.425
178273.411807,2642866.126422,0,0.178433889602054,0.359435173299101,0.243168897854392,0.0381441408399046,0.180817898404548
178773.411807,2642866.126422,0.0240058640278541,0.386659336631849,0.000549752611324904,0.0177753344328386,0.0634048011728056,0.507604911123328
179273.411807,2642866.126422,0.011194714626537,0.696091025876308,0.0438612589465957,0.0456964580657001,0.0255092677555515,0.177647274729308
179773.411807,2642866.126422,0.010819732257473,0.554557124518614,0.0562992847973593,0.0662020905923345,0.0247570144874381,0.287364753346782
180273.411807,2642866.126422,0.0122778083195895,0.777533443283856,0.00879604178119846,0.0223566061938794,0.00678028220634048,0.172255818215137
180773.411807,2642866.126422,0,0.726738851165351,0,0.017434391631492,0.00642319691686548,0.249403560286291
181273.411807,2642866.126422,0.086007702182285,0.653585182468366,0,0.0115532734274711,0.01998899688245,0.228864845039428
181773.411807,2642866.126422,0.0729338464357706,0.539673813450614,0,0.00989554700384827,0.0238226131574125,0.353674179952355
182273.411807,2642866.126422,0.145714810056891,0.507065516608552,0,0.0352358230868049,0.108643787850982,0.20334006239677
182773.411807,2642866.126422,0.0401613790573996,0.771685310838071,0,0.00403447643498991,0.0172382174949569,0.166880616174583
183273.411807,2642866.126422,0.0328019058090526,0.700384826827927,0,0.00696353307678211,0.00751328568810702,0.252336448598131
