"x","y","forest","agri","water","built","other","grass"
262773.411807,2765366.126422,0.117961364570489,0.428894369091656,0,0.00020550760378134,0.00493218249075216,0.448006576243321
263273.411807,2765366.126422,0.187706422018349,0.201467889908257,0.00201834862385321,0.0594495412844037,0.078348623853211,0.471009174311927
263773.411807,2765366.126422,0.0922766464868831,0.368923133370024,0,0.0332049165290772,0.0809025866813429,0.424692716932673
264273.411807,2765366.126422,0.0624542124542125,0.655494505494505,0,0.0263736263736264,0.0536630036630037,0.202014652014652
264773.411807,2765366.126422,0.0447706422018349,0.594678899082569,0,0.021651376146789,0.028256880733945,0.310642201834862
265273.411807,2765366.126422,0.0739313887360117,0.399192808658962,0.230416437350945,0.00825536598789213,0.0449458814896349,0.243258117776555
265773.411807,2765366.126422,0.0653846153846154,0.541391941391941,0.00787545787545788,0.0131868131868132,0.0406593406593407,0.331501831501831
266273.411807,2765366.126422,0.0871559633027523,0.130275229357798,0.0018348623853211,0.251376146788991,0.127706422018349,0.401651376146789
266773.411807,2765366.126422,0.15410016510732,0.0561364887176665,0,0.178866263070996,0.093010456796918,0.5178866263071
267273.411807,2765366.126422,0.113003663003663,0.175824175824176,0,0.122710622710623,0.126007326007326,0.462454212454212
267773.411807,2765366.126422,0.0638532110091743,0.211926605504587,0.106238532110092,0.0144954128440367,0.0598165137614679,0.543669724770642
268273.411807,2765366.126422,0.127316088791048,0.163639699137773,0.0310034855989727,0.0432948082920565,0.0975967712346359,0.537149146945515
268773.411807,2765366.126422,0.101282051282051,0.307692307692308,0,0.0311355311355311,0.101282051282051,0.458608058608059
269273.411807,2765366.126422,0.116146788990826,0.25045871559633,0.159816513761468,0.00770642201834862,0.0245871559633028,0.441284403669725
269773.411807,2765366.126422,0.129150614566135,0.337369290038525,0.00201797835259585,0.0372408732342689,0.0798018712162906,0.414419372592185
270273.411807,2765366.126422,0.1003663003663,0.303479853479853,0,0.0663003663003663,0.136263736263736,0.393589743589744
270773.411807,2765366.126422,0.0954128440366973,0.240733944954128,0,0.0453211009174312,0.0776146788990826,0.540917431192661
271273.411807,2765366.126422,0.103467253714915,0.401761144744084,0,0.0344890845716382,0.0603558980003669,0.399926618968997
271773.411807,2765366.126422,0.0353479853479853,0.274358974358974,0.380586080586081,0.00256410256410256,0.00567765567765568,0.301465201465201
272273.411807,2765366.126422,0.0798165137614679,0.425321100917431,0.0326605504587156,0.0673394495412844,0.0598165137614679,0.335045871559633
272773.411807,2765366.126422,0.188405797101449,0.356815263254449,0.0113740598055403,0.00770500825536599,0.0194459732159237,0.416253898367272
273273.411807,2765366.126422,0.105311355311355,0.127472527472527,0.00201465201465201,0.356043956043956,0.12967032967033,0.279487179487179
273773.411807,2765366.126422,0.0977981651376147,0.26348623853211,0.224220183486239,0.0946788990825688,0.0477064220183486,0.272110091743119
274273.411807,2765366.126422,0.0713630526508897,0.389653274628509,0.16694184553293,0.0368739680792515,0.0559530361401578,0.279214822968263
274773.411807,2765366.126422,0.0807692307692308,0.115018315018315,0.073992673992674,0.522344322344322,0.141208791208791,0.0666666666666667
262773.411807,2764866.126422,0.149290561381863,0.245321817807937,0,0.0549043800123381,0.103639728562616,0.446843512235246
263273.411807,2764866.126422,0.268315018315018,0.139377289377289,0,0.0613553113553114,0.106593406593407,0.424358974358974
263773.411807,2764866.126422,0.0902930402930403,0.454761904761905,0,0.0483516483516484,0.0556776556776557,0.350915750915751
264273.411807,2764866.126422,0.0823248991565823,0.353685368536854,0.298679867986799,0.0135680234690136,0.0177851118445178,0.233956729006234
264773.411807,2764866.126422,0.0653846153846154,0.578388278388278,0,0.017032967032967,0.0402930402930403,0.298901098901099
265273.411807,2764866.126422,0.0611721611721612,0.504761904761905,0.19010989010989,0.00586080586080586,0.0245421245421245,0.213553113553114
265773.411807,2764866.126422,0.108544187752109,0.391822515584892,0.163916391639164,0.0333700036670334,0.0166850018335167,0.285661899523286
266273.411807,2764866.126422,0.0769230769230769,0.316300366300366,0.00531135531135531,0.0514652014652015,0.0681318681318681,0.481868131868132
266773.411807,2764866.126422,0.250732600732601,0.115201465201465,0,0.197985347985348,0.108058608058608,0.328021978021978
267273.411807,2764866.126422,0.146497983131646,0.101943527686102,0,0.211037770443711,0.107444077741107,0.433076640997433
267773.411807,2764866.126422,0.106043956043956,0.0657509157509158,0.00201465201465201,0.373809523809524,0.132783882783883,0.31959706959707
268273.411807,2764866.126422,0.117032967032967,0.0884615384615385,0.0010989010989011,0.191758241758242,0.21007326007326,0.391575091575092
268773.411807,2764866.126422,0.122662266226623,0.262926292629263,0.152915291529153,0.0364869820315365,0.0815914924825816,0.343417675100843
269273.411807,2764866.126422,0.0536630036630037,0.221428571428571,0.26025641025641,0.114652014652015,0.0906593406593407,0.259340659340659
269773.411807,2764866.126422,0.148351648351648,0.216849816849817,0.0807692307692308,0.0706959706959707,0.0613553113553114,0.421978021978022
270273.411807,2764866.126422,0.0390539053905391,0.372387238723872,0,0.0100843417675101,0.028969563623029,0.54950495049505
270773.411807,2764866.126422,0.0712454212454212,0.174908424908425,0.261355311355311,0.143772893772894,0.0880952380952381,0.260622710622711
271273.411807,2764866.126422,0.0597069597069597,0.293040293040293,0.120512820512821,0.115384615384615,0.0648351648351648,0.346520146520147
271773.411807,2764866.126422,0.0821415474880821,0.365603226989366,0.00916758342500917,0.00476714338100477,0.0245691235790246,0.513751375137514
272273.411807,2764866.126422,0.113736263736264,0.161721611721612,0.276007326007326,0.124908424908425,0.0573260073260073,0.266300366300366
272773.411807,2764866.126422,0.102747252747253,0.318864468864469,0.237545787545788,0.0322344322344322,0.0285714285714286,0.28003663003663
273273.411807,2764866.126422,0.121928859552622,0.22992299229923,0.0271360469380271,0.215438210487715,0.124679134580125,0.280894756142281
273773.411807,2764866.126422,0.108974358974359,0.0613553113553114,0.0434065934065934,0.344871794871795,0.100732600732601,0.340659340659341
274273.411807,2764866.126422,0.217399267399267,0.133150183150183,0.0304029304029304,0.315567765567766,0.0637362637362637,0.23974358974359
274773.411807,2764866.126422,0.107994132746608,0.0540887422075541,0.000183351668500183,0.624312431243124,0.123945727906124,0.0894756142280895
262773.411807,2764366.126422,0.138363486842105,0.493215460526316,0,0.0501644736842105,0.0579769736842105,0.260279605263158
263273.411807,2764366.126422,0.1159845843274,0.51440631308497,0,0.0541383740135805,0.0612956505780877,0.254175077995963
263773.411807,2764366.126422,0.153860260407115,0.282963506326793,0,0.0907757197872731,0.0753713552173116,0.397029158261507
264273.411807,2764366.126422,0.169140553417629,0.298515667949423,0,0.0434304562946674,0.0907091808686091,0.398204141469672
264773.411807,2764366.126422,0.0578087722517893,0.535694622866581,0.000183519911910442,0.0100935951550743,0.0339511837034318,0.362268306111213
265273.411807,2764366.126422,0.0517146524848707,0.659270126535852,0,0.00843572345497891,0.0293416467999266,0.251237850724372
265773.411807,2764366.126422,0.0951072017592084,0.346160894264248,0,0.0227231079347627,0.0894264247755177,0.446582371266263
266273.411807,2764366.126422,0.0697375665259681,0.351073591484676,0,0.0717562855569829,0.0924940356028629,0.41493852082951
266773.411807,2764366.126422,0.123785072437191,0.243719053731891,0.192737942417018,0.046396479002384,0.0775719787273061,0.315789473684211
267273.411807,2764366.126422,0.235110866776617,0.142935678944475,0.000733003481766538,0.0441634597764339,0.0544255085211655,0.522631482499542
267773.411807,2764366.126422,0.11213066617728,0.2864745824922,0.0469810974490732,0.0273444668746559,0.0820334006239677,0.445035786382823
268273.411807,2764366.126422,0.0902255639097744,0.0726205758298184,0.086007702182285,0.333577847056666,0.116816431322208,0.300751879699248
268773.411807,2764366.126422,0.0846619021440352,0.212571009712296,0.0161260765988638,0.215503023639362,0.0905259299981675,0.380612057907275
269273.411807,2764366.126422,0.0776289227381171,0.295467058175812,0,0.122774821068086,0.0761607634428336,0.427968434575151
269773.411807,2764366.126422,0.0562992847973593,0.519347148358702,0.00201723821749496,0.0141206675224647,0.0275077938749312,0.380707867229048
270273.411807,2764366.126422,0.0925416895730255,0.413597214586769,0.0758658603628367,0.0113615539673813,0.0375664284405351,0.369067253069452
270773.411807,2764366.126422,0.109744907322444,0.219306294732979,0.0266103872270141,0.143145531290145,0.0407414204441182,0.4604514589833
271273.411807,2764366.126422,0.0929763432972676,0.198422886484504,0.121401063634696,0.134054648817165,0.120484137172199,0.332660920594168
271773.411807,2764366.126422,0.113798790544255,0.265347260399487,0.00183250870441635,0.00348176653839106,0.0148433205057724,0.600696353307678
272273.411807,2764366.126422,0.150119287942742,0.258028996146082,0.0181684712791338,0.124793540099101,0.0952468342815195,0.353642870251422
272773.411807,2764366.126422,0.165596919127086,0.211443242251971,0.0427287731523932,0.183385292499542,0.0399779937649001,0.356867779204108
273273.411807,2764366.126422,0.182884368700751,0.385926333150082,0,0.0604727872457394,0.0522264980758659,0.318490012827561
273773.411807,2764366.126422,0.222609653147366,0.0912093962194898,0.0273444668746559,0.19930262433474,0.105156909524683,0.354376949899064
274273.411807,2764366.126422,0.108747478452228,0.0662020905923345,0.00403447643498991,0.573995965523565,0.0918760315422703,0.155143957454612
274773.411807,2764366.126422,0.0738501007879787,0.122411581455012,0,0.669415429723291,0.0945574491478835,0.0397654388858347
262773.411807,2763866.126422,0.0680230168516235,0.454377311960543,0,0.00657624332100288,0.0349362926428278,0.436087135224003
263273.411807,2763866.126422,0.0554128440366972,0.222201834862385,0.261467889908257,0.125137614678899,0.0409174311926606,0.294862385321101
263773.411807,2763866.126422,0.0972298660796184,0.348926802421574,0.001284168042561,0.158869932122546,0.0953953403045313,0.298293891029169
264273.411807,2763866.126422,0.108241758241758,0.390659340659341,0,0.0192307692307692,0.0529304029304029,0.428937728937729
264773.411807,2763866.126422,0.0904587155963303,0.391559633027523,0.0324770642201835,0.0390825688073395,0.0565137614678899,0.389908256880734
265273.411807,2763866.126422,0.137222527976518,0.291873050816364,0,0.0126582278481013,0.0414602825169694,0.516785910842047
265773.411807,2763866.126422,0.0529304029304029,0.122527472527473,0,0.00805860805860806,0.0478021978021978,0.768681318681319
266273.411807,2763866.126422,0.033394495412844,0.0875229357798165,0.0651376146788991,0.110642201834862,0.0561467889908257,0.647155963302752
266773.411807,2763866.126422,0.105485232067511,0.0221977618785544,0.0414602825169694,0.0238488350761328,0.0689781691432765,0.738029719317556
267273.411807,2763866.126422,0.292857142857143,0.0551282051282051,0.0653846153846154,0.115934065934066,0.0908424908424908,0.37985347985348
267773.411807,2763866.126422,0.155963302752294,0.193577981651376,0.111009174311927,0.0236697247706422,0.0192660550458716,0.49651376146789
268273.411807,2763866.126422,0.11410750321042,0.109521188772702,0,0.062190423775454,0.0805356815263254,0.633645202715098
268773.411807,2763866.126422,0.168864468864469,0.121062271062271,0,0.231501831501832,0.120879120879121,0.357692307692308
269273.411807,2763866.126422,0.191559633027523,0.0574311926605505,0.141834862385321,0.242201834862385,0.125688073394495,0.241284403669725
269773.411807,2763866.126422,0.144927536231884,0.464135021097046,0,0.0306365804439552,0.0366905155017428,0.323610346725371
270273.411807,2763866.126422,0.0908424908424908,0.387179487179487,0.0505494505494506,0.0441391941391941,0.0549450549450549,0.372344322344322
270773.411807,2763866.126422,0.118899082568807,0.367706422018349,0.00073394495412844,0.0488073394495413,0.0728440366972477,0.391009174311927
271273.411807,2763866.126422,0.1326362135388,0.143643368189323,0.000550357732526142,0.026967528893781,0.0658594753256283,0.630343056319941
271773.411807,2763866.126422,0.18003663003663,0.221245421245421,0,0.0434065934065934,0.0915750915750916,0.463736263736264
272273.411807,2763866.126422,0.0932110091743119,0.161834862385321,0,0.254128440366972,0.0669724770642202,0.423853211009174
272773.411807,2763866.126422,0.0590717299578059,0.366538249862411,0.000733810310034856,0.389653274628509,0.029535864978903,0.154467070262337
273273.411807,2763866.126422,0.0750915750915751,0.412454212454212,0.000915750915750916,0.160805860805861,0.0600732600732601,0.290659340659341
273773.411807,2763866.126422,0.0746788990825688,0.0836697247706422,0.0073394495412844,0.659816513761468,0.0634862385321101,0.111009174311927
274273.411807,2763866.126422,0.094294624839479,0.0790680609062557,0.00201797835259585,0.674371674922033,0.12272977435333,0.0275178866263071
274773.411807,2763866.126422,0.0441391941391941,0.063003663003663,0.00476190476190476,0.688461538461538,0.132417582417582,0.0672161172161172
262773.411807,2763366.126422,0.0438001233806292,0.631297552950853,0.0775241620398931,0.04523956405511,0.0273493728151347,0.17478922475838
263273.411807,2763366.126422,0.0690476190476191,0.365201465201465,0.106776556776557,0.0723443223443224,0.0613553113553114,0.325274725274725
263773.411807,2763366.126422,0.0804029304029304,0.291575091575092,0.0811355311355311,0.201465201465201,0.0987179487179487,0.246703296703297
264273.411807,2763366.126422,0.0698569856985699,0.607444077741107,0.000916758342500917,0.0462046204620462,0.0414374770810414,0.234140080674734
264773.411807,2763366.126422,0.127838827838828,0.375641025641026,0.0142857142857143,0.0305860805860806,0.0807692307692308,0.370879120879121
265273.411807,2763366.126422,0.0481684981684982,0.271611721611722,0,0.234249084249084,0.0525641025641026,0.393406593406593
265773.411807,2763366.126422,0.0804913824715805,0.389255592225889,0.149431609827649,0.0108177484415108,0.0319031903190319,0.338100476714338
266273.411807,2763366.126422,0.0578754578754579,0.111904761904762,0.246153846153846,0.0397435897435897,0.0578754578754579,0.486446886446886
266773.411807,2763366.126422,0.0725274725274725,0.0120879120879121,0.0197802197802198,0.0119047619047619,0.0564102564102564,0.827289377289377
267273.411807,2763366.126422,0.130913091309131,0.0403373670700403,0.0843417675100843,0.0876420975430876,0.0905757242390906,0.566189952328566
267773.411807,2763366.126422,0.132051282051282,0.102930402930403,0.0120879120879121,0.129487179487179,0.0763736263736264,0.547069597069597
268273.411807,2763366.126422,0.0928571428571429,0.102747252747253,0.00549450549450549,0.0963369963369963,0.105128205128205,0.597435897435897
268773.411807,2763366.126422,0.0975430876420975,0.298679867986799,0.0385038503850385,0.0143014301430143,0.0286028602860286,0.522368903557022
269273.411807,2763366.126422,0.112087912087912,0.262637362637363,0.00293040293040293,0.245421245421245,0.0783882783882784,0.298534798534799
269773.411807,2763366.126422,0.266849816849817,0.165384615384615,0.00567765567765568,0.0683150183150183,0.0793040293040293,0.414468864468864
270273.411807,2763366.126422,0.0707737440410708,0.391272460579391,0.0190685735240191,0.0737073707370737,0.0715071507150715,0.373670700403374
270773.411807,2763366.126422,0.0463369963369963,0.525457875457875,0.00164835164835165,0.0305860805860806,0.0276556776556777,0.368315018315018
271273.411807,2763366.126422,0.0851648351648352,0.127472527472527,0.157509157509158,0.1,0.0659340659340659,0.463919413919414
271773.411807,2763366.126422,0.12962962962963,0.0861752841950862,0,0.110744407774111,0.0744407774110744,0.599009900990099
272273.411807,2763366.126422,0.106227106227106,0.191208791208791,0,0.0478021978021978,0.0604395604395604,0.594322344322344
272773.411807,2763366.126422,0.219230769230769,0.222527472527473,0.00146520146520147,0.127655677655678,0.0558608058608059,0.373260073260073
273273.411807,2763366.126422,0.150898423175651,0.173634030069674,0.00055005500550055,0.0867253392005867,0.107444077741107,0.480748074807481
273773.411807,2763366.126422,0.118498168498168,0.0758241758241758,0.00164835164835165,0.549450549450549,0.153113553113553,0.101465201465201
274273.411807,2763366.126422,0.0970695970695971,0.0639194139194139,0.00146520146520147,0.682600732600733,0.114285714285714,0.0406593406593407
274773.411807,2763366.126422,0.0801246791345801,0.099009900990099,0.0100843417675101,0.588192152548588,0.107994132746608,0.114594792812615
262773.411807,2762866.126422,0.112664473684211,0.452919407894737,0.00143914473684211,0.111842105263158,0.109991776315789,0.211143092105263
263273.411807,2762866.126422,0.0879060378051019,0.320058726371811,0,0.0324830244081483,0.0638649293448339,0.495687282070105
263773.411807,2762866.126422,0.0561158995048597,0.418301852191454,0,0.310471300201724,0.0674857876398313,0.147625160462131
264273.411807,2762866.126422,0.105185999633498,0.111966281839839,0.000183250870441635,0.486347810152098,0.107018508337915,0.189298149166209
264773.411807,2762866.126422,0.0948797944576987,0.361534226463571,0.0965314736648926,0.126995779042026,0.0719398054688934,0.248118920902918
265273.411807,2762866.126422,0.109847790207225,0.246469833119384,0.0124701998899688,0.125435540069686,0.0951769668072621,0.410599669906474
265773.411807,2762866.126422,0.10207073483599,0.0995052226498076,0.00109950522264981,0.0995052226498076,0.112699285321605,0.585120029320139
266273.411807,2762866.126422,0.232152688566709,0.0552394934850431,0.00183519911910442,0.12020554230134,0.119654982565608,0.470912093962195
266773.411807,2762866.126422,0.255455712451861,0.113882266642215,0.176600036677059,0.01998899688245,0.044379240784889,0.389693746561526
267273.411807,2762866.126422,0.0824628916987356,0.186732636980026,0.0819131390874107,0.102620487447315,0.114165292285138,0.432105552501374
267773.411807,2762866.126422,0.192879427417875,0.0310148651128647,0,0.237841805835933,0.148467608735548,0.389796292897779
268273.411807,2762866.126422,0.114249037227214,0.174216027874564,0.0968274344397579,0.0124701998899688,0.0231065468549422,0.579130753713552
268773.411807,2762866.126422,0.097306212204508,0.454095656954371,0.000366501740883269,0.0142935678944475,0.0375664284405351,0.396371632765256
269273.411807,2762866.126422,0.254358597907873,0.182969352174711,0.112681225913012,0.0293631859056708,0.0767113231785649,0.343916314920169
269773.411807,2762866.126422,0.273794241701815,0.0353933614524115,0.0245736291949386,0.15202640748212,0.159361819182102,0.354850540986613
270273.411807,2762866.126422,0.138171156312992,0.0974894630749496,0.00311526479750779,0.34982591167308,0.100604727872457,0.310793476269012
270773.411807,2762866.126422,0.0908423563956689,0.441548908056524,0.0144980730409249,0.0130299137456414,0.0277115066984768,0.412369242062764
271273.411807,2762866.126422,0.142306986979644,0.261507427104346,0.218411883366954,0.0223730056849441,0.0359435173299101,0.319457179534201
271773.411807,2762866.126422,0.168590800806304,0.109400769653656,0.00348176653839106,0.133589884551952,0.110866776617189,0.474070001832509
272273.411807,2762866.126422,0.127179298953937,0.165534960543219,0,0.214534777023307,0.123325380803817,0.36942558267572
272773.411807,2762866.126422,0.213277095176967,0.0649183935448377,0.00128369704749679,0.252521547771869,0.206675224646983,0.261324041811847
273273.411807,2762866.126422,0.192413413963716,0.16364302730438,0,0.152281473336998,0.123877588418545,0.367784496976361
273773.411807,2762866.126422,0.155441365388145,0.0649660488162966,0.000734079647641769,0.58909891723252,0.115066984767847,0.07469260414755
274273.411807,2762866.126422,0.0916926462497708,0.0885750962772786,0.000916926462497708,0.683476985145791,0.0942600403447643,0.0410783055198973
274773.411807,2762866.126422,0.12662635147517,0.0452629649990837,0.0302363936228697,0.577789994502474,0.103536741799524,0.11654755360088
262773.411807,2762366.126422,0.0996711878339499,0.55219893136046,0.00739827373612824,0.00369913686806412,0.0082203041512536,0.328812166050144
263273.411807,2762366.126422,0.0622018348623853,0.203669724770642,0.416330275229358,0.0944954128440367,0.0732110091743119,0.150091743119266
263773.411807,2762366.126422,0.0810860392588516,0.327279398275546,0.024399192808659,0.21115391671253,0.129150614566135,0.226930838378279
264273.411807,2762366.126422,0.162454212454212,0.344139194139194,0.0148351648351648,0.153479853479853,0.0791208791208791,0.245970695970696
264773.411807,2762366.126422,0.0902752293577982,0.185504587155963,0.0363302752293578,0.336146788990826,0.0959633027522936,0.255779816513761
265273.411807,2762366.126422,0.0238488350761328,0.461199779856907,0.0502660062373876,0.0858558062740782,0.0478811227297744,0.33094844982572
265773.411807,2762366.126422,0.0935897435897436,0.20018315018315,0.000549450549450549,0.0441391941391941,0.091025641025641,0.57051282051282
266273.411807,2762366.126422,0.118899082568807,0.283669724770642,0.00165137614678899,0.0642201834862385,0.0878899082568807,0.443669724770642
266773.411807,2762366.126422,0.179966978536048,0.0363236103467254,0.00752155567785727,0.090442120711796,0.0785177031737296,0.607228031553843
267273.411807,2762366.126422,0.0946886446886447,0.154029304029304,0.102197802197802,0.107509157509158,0.063003663003663,0.478571428571429
267773.411807,2762366.126422,0.234862385321101,0.0877064220183486,0.0234862385321101,0.158165137614679,0.126238532110092,0.36954128440367
268273.411807,2762366.126422,0.220326545587966,0.268391120895249,0.0249495505411851,0.0110071546505228,0.0332049165290772,0.442120711796001
268773.411807,2762366.126422,0.222344322344322,0.199267399267399,0.0254578754578755,0.0547619047619048,0.08003663003663,0.418131868131868
269273.411807,2762366.126422,0.355412844036697,0.023302752293578,0.0284403669724771,0.184220183486239,0.190091743119266,0.218532110091743
269773.411807,2762366.126422,0.392405063291139,0.0407264722069345,0.000366905155017428,0.0880572372041827,0.136855622821501,0.341588699321225
270273.411807,2762366.126422,0.227472527472527,0.0710622710622711,0,0.180952380952381,0.183516483516484,0.336996336996337
270773.411807,2762366.126422,0.0552293577981651,0.511743119266055,0.00844036697247706,0.0675229357798165,0.0577981651376147,0.299266055045872
271273.411807,2762366.126422,0.0781507980187122,0.393872683911209,0,0.0322876536415337,0.0480645753072831,0.447624289121262
271773.411807,2762366.126422,0.097985347985348,0.0571428571428571,0,0.321062271062271,0.123809523809524,0.4
272273.411807,2762366.126422,0.176330275229358,0.139633027522936,0.00935779816513761,0.121100917431193,0.100733944954128,0.452844036697248
272773.411807,2762366.126422,0.0876903320491653,0.140891579526692,0.00385250412768299,0.397725188038892,0.098147128967162,0.271693267290405
273273.411807,2762366.126422,0.0902930402930403,0.097985347985348,0.00238095238095238,0.319230769230769,0.0668498168498168,0.423260073260073
273773.411807,2762366.126422,0.112844036697248,0.0612844036697248,0.011743119266055,0.655963302752294,0.0777981651376147,0.0803669724770642
274273.411807,2762366.126422,0.0909924784443221,0.0629242340854889,0,0.734911025499908,0.086589616584113,0.0245826453861677
274773.411807,2762366.126422,0.107875457875458,0.0620879120879121,0.0021978021978022,0.700732600732601,0.0972527472527473,0.0298534798534799
262773.411807,2761866.126422,0.168208924532182,0.312975529508534,0,0.02652683528686,0.0618959490026732,0.430392761669751
263273.411807,2761866.126422,0.0695970695970696,0.305860805860806,0.0391941391941392,0.0567765567765568,0.0448717948717949,0.483699633699634
263773.411807,2761866.126422,0.0862637362637363,0.227289377289377,0.063003663003663,0.178205128205128,0.0961538461538462,0.349084249084249
264273.411807,2761866.126422,0.125779244591126,0.0821415474880821,0.000183351668500183,0.369453612027869,0.145764576457646,0.276677667766777
264773.411807,2761866.126422,0.0948717948717949,0.117582417582418,0.0131868131868132,0.26996336996337,0.122710622710623,0.381684981684982
265273.411807,2761866.126422,0.036996336996337,0.119230769230769,0.00402930402930403,0.4996336996337,0.124542124542125,0.215567765567766
265773.411807,2761866.126422,0.0788412174550788,0.21983865053172,0.0471213788045471,0.347268060139347,0.115694902823616,0.191235790245691
266273.411807,2761866.126422,0.0875457875457875,0.173626373626374,0.0282051282051282,0.183150183150183,0.073992673992674,0.453479853479853
266773.411807,2761866.126422,0.0838827838827839,0.311904761904762,0.00146520146520147,0.0934065934065934,0.0595238095238095,0.44981684981685
267273.411807,2761866.126422,0.0940594059405941,0.128712871287129,0.136596993032637,0.050971763843051,0.0661899523285662,0.523469013568023
267773.411807,2761866.126422,0.243040293040293,0.0595238095238095,0,0.106959706959707,0.101465201465201,0.489010989010989
268273.411807,2761866.126422,0.0521978021978022,0.449450549450549,0.0188644688644689,0.0551282051282051,0.0402930402930403,0.384065934065934
268773.411807,2761866.126422,0.104143747708104,0.260909424275761,0.00495049504950495,0.266043270993766,0.0638063806380638,0.3001466813348
269273.411807,2761866.126422,0.212820512820513,0.0906593406593407,0.000183150183150183,0.26978021978022,0.126007326007326,0.300549450549451
269773.411807,2761866.126422,0.347802197802198,0.0223443223443223,0.000183150183150183,0.0750915750915751,0.127472527472527,0.427106227106227
270273.411807,2761866.126422,0.167400073340667,0.061972863953062,0,0.0889255592225889,0.103777044371104,0.577924459112578
270773.411807,2761866.126422,0.086996336996337,0.117948717948718,0.00146520146520147,0.330769230769231,0.122161172161172,0.340659340659341
271273.411807,2761866.126422,0.144139194139194,0.1003663003663,0.0221611721611722,0.413919413919414,0.147435897435897,0.171978021978022
271773.411807,2761866.126422,0.16043270993766,0.0643564356435644,0.0137513751375138,0.500916758342501,0.106710671067107,0.153832049871654
272273.411807,2761866.126422,0.104761904761905,0.0862637362637363,0.00494505494505494,0.579304029304029,0.116300366300366,0.108424908424908
272773.411807,2761866.126422,0.06996336996337,0.0706959706959707,0.0655677655677656,0.686263736263736,0.0529304029304029,0.0545787545787546
273273.411807,2761866.126422,0.0533553355335534,0.0511551155115512,0.00733406674000733,0.780894756142281,0.0782911624495783,0.028969563623029
273773.411807,2761866.126422,0.0652014652014652,0.106959706959707,0.0133699633699634,0.627655677655678,0.116849816849817,0.06996336996337
274273.411807,2761866.126422,0.209157509157509,0.0835164835164835,0.00146520146520147,0.36996336996337,0.152197802197802,0.183699633699634
274773.411807,2761866.126422,0.107810781078108,0.0608727539420609,0.00055005500550055,0.557389072240557,0.107444077741107,0.165933259992666
262773.411807,2761366.126422,0.204152960526316,0.0818256578947368,0.0791529605263158,0.0575657894736842,0.116981907894737,0.460320723684211
263273.411807,2761366.126422,0.092126995779042,0.343916314920169,0.0431271792989539,0.0464305377133419,0.0541383740135805,0.420260598274913
263773.411807,2761366.126422,0.0502475701448744,0.341646799926646,0.155694113332111,0.117733357784706,0.0627177700348432,0.27196038877682
264273.411807,2761366.126422,0.0919919369617006,0.12662635147517,0.0362836723474437,0.227047828477185,0.0960234561114165,0.422026754627084
264773.411807,2761366.126422,0.152505046797578,0.24903652046247,0,0.104239309965131,0.0671682877592219,0.427050835015599
265273.411807,2761366.126422,0.0454795525398863,0.824683660370438,0,0.0113698881349716,0.00788556757748029,0.110581331377224
265773.411807,2761366.126422,0.0709180868609126,0.469122228330585,0.0177753344328386,0.0941909474070002,0.0513102437236577,0.296683159245006
266273.411807,2761366.126422,0.202422462837218,0.0757937236190127,0.0506514956872821,0.377133418975959,0.0741420444118187,0.21985685446871
266773.411807,2761366.126422,0.0504309554373739,0.109297634329727,0.00513478818998716,0.409132587566477,0.163579680909591,0.262424353566844
267273.411807,2761366.126422,0.0916254352208173,0.0749496060106286,0.009529045262965,0.198094190947407,0.0907091808686091,0.535092541689573
267773.411807,2761366.126422,0.128280418425399,0.0598274912828042,0,0.341163516241512,0.164066801247935,0.306661772802349
268273.411807,2761366.126422,0.0746378140473134,0.225197139189437,0,0.371171832019072,0.102695763799743,0.226297450944434
268773.411807,2761366.126422,0.174821330401319,0.0458127176104087,0,0.453545904343046,0.127176104086494,0.198643943558732
269273.411807,2761366.126422,0.257478436410351,0.0517526151587447,0.00422095797394017,0.268306111213067,0.151220407414204,0.267021471829694
269773.411807,2761366.126422,0.105079772602237,0.0474967907573813,0.00403447643498991,0.154593801577114,0.175316339629562,0.513478818998716
270273.411807,2761366.126422,0.210005497526113,0.0747663551401869,0.0218068535825545,0.149899212021257,0.101337731354224,0.442184350375664
270773.411807,2761366.126422,0.0895577170122958,0.0734079647641769,0.0431271792989539,0.641035052303175,0.100201871903101,0.0526702147182969
271273.411807,2761366.126422,0.0821566110397946,0.0405281496423987,0.00678525582248304,0.740876581698148,0.068402714102329,0.0612506876948469
271773.411807,2761366.126422,0.0670698185816383,0.0492944841487997,0.00109950522264981,0.685541506322155,0.113798790544255,0.0831958951805021
272273.411807,2761366.126422,0.0462470178014315,0.031932464672417,0.0464305377133419,0.788952101302991,0.0570746926041475,0.0293631859056708
272773.411807,2761366.126422,0.12781954887218,0.0293416467999266,0.0161379057399597,0.655602420685861,0.0590500641848524,0.11204841371722
273273.411807,2761366.126422,0.0615722924683892,0.0907091808686091,0.0298698918819864,0.721275426058274,0.0579072750595565,0.0386659336631849
273773.411807,2761366.126422,0.142411451642503,0.0614791704899982,0.0012846393833731,0.436777390346853,0.183152872086621,0.174894476050652
274273.411807,2761366.126422,0.200623509994498,0.0856409315972859,0.00476801760498808,0.37190537318907,0.08399046396479,0.253071703649367
274773.411807,2761366.126422,0.127359354956936,0.089792926516401,0.00256551218618288,0.421110500274876,0.129924867143119,0.229246838922485
262773.411807,2760866.126422,0.0883682696259762,0.321002877106453,0,0.0801479654747226,0.110563090834361,0.399917796958487
263273.411807,2760866.126422,0.0700917431192661,0.561651376146789,0.0875229357798165,0.00715596330275229,0.0198165137614679,0.253761467889908
263773.411807,2760866.126422,0.0676940011007155,0.608695652173913,0.0533847000550358,0.011557512383049,0.0363236103467254,0.222344523940561
264273.411807,2760866.126422,0.0901098901098901,0.231318681318681,0.10970695970696,0.27014652014652,0.0866300366300366,0.212087912087912
264773.411807,2760866.126422,0.0592660550458716,0.160733944954128,0.0111926605504587,0.561467889908257,0.0735779816513761,0.133761467889908
265273.411807,2760866.126422,0.0884241423592002,0.381031003485599,0.00568702990277013,0.161621720785177,0.0748486516235553,0.288387451843698
265773.411807,2760866.126422,0.103479853479853,0.187912087912088,0.0357142857142857,0.380769230769231,0.0811355311355311,0.210989010989011
266273.411807,2760866.126422,0.08,0.0499082568807339,0.00055045871559633,0.481284403669725,0.124954128440367,0.263302752293578
266773.411807,2760866.126422,0.285635663181068,0.0700788846083287,0.00770500825536599,0.312603192074849,0.178499357915979,0.14547789396441
267273.411807,2760866.126422,0.0946886446886447,0.0377289377289377,0,0.418315018315018,0.118498168498168,0.330769230769231
267773.411807,2760866.126422,0.213211009174312,0.0337614678899083,0,0.199449541284404,0.169908256880734,0.383669724770642
268273.411807,2760866.126422,0.10273344340488,0.111539167125298,0.000550357732526142,0.238304898183819,0.137222527976518,0.409649605576958
268773.411807,2760866.126422,0.444688644688645,0.0318681318681319,0,0.16959706959707,0.0983516483516483,0.255494505494505
269273.411807,2760866.126422,0.20954128440367,0.11394495412844,0.0467889908256881,0.179449541284404,0.109908256880734,0.340366972477064
269773.411807,2760866.126422,0.132819666116309,0.12694918363603,0.00183452577508714,0.432030820033021,0.146578609429462,0.15978719501009
270273.411807,2760866.126422,0.115934065934066,0.113369963369963,0.030952380952381,0.365934065934066,0.0924908424908425,0.281318681318681
270773.411807,2760866.126422,0.0860550458715596,0.0374311926605505,0.0128440366972477,0.720183486238532,0.0930275229357798,0.0504587155963303
271273.411807,2760866.126422,0.0339387268391121,0.0209135938359934,0.00366905155017428,0.873601174096496,0.0568702990277013,0.0110071546505228
271773.411807,2760866.126422,0.0655677655677656,0.0424908424908425,0.000732600732600733,0.79047619047619,0.0611721611721612,0.0395604395604396
272273.411807,2760866.126422,0.0359633027522936,0.0278899082568807,0.00678899082568807,0.844403669724771,0.0658715596330275,0.0190825688073394
272773.411807,2760866.126422,0.0188956154833975,0.0172445422858191,0.000550357732526142,0.902403228765364,0.0484314804623005,0.0124747752705926
273273.411807,2760866.126422,0.0778388278388278,0.0653846153846154,0.00549450549450549,0.721062271062271,0.0902930402930403,0.0399267399267399
273773.411807,2760866.126422,0.051743119266055,0.0601834862385321,0.00110091743119266,0.778165137614679,0.0493577981651376,0.0594495412844037
274273.411807,2760866.126422,0.109521188772702,0.0341221794166208,0.00110071546505228,0.76041093377362,0.0517336268574573,0.0431113557145478
274773.411807,2760866.126422,0.24029304029304,0.0529304029304029,0.00750915750915751,0.403479853479853,0.143772893772894,0.152014652014652
262773.411807,2760366.126422,0.067242442936459,0.63808348755912,0.0565494550688875,0,0.0108986222496401,0.227225992185893
263273.411807,2760366.126422,0.0785714285714286,0.528571428571429,0.0391941391941392,0.084981684981685,0.0602564102564103,0.208424908424908
263773.411807,2760366.126422,0.0961538461538462,0.3496336996337,0.0476190476190476,0.201465201465201,0.0796703296703297,0.225457875457875
264273.411807,2760366.126422,0.112211221122112,0.318115144847818,0,0.176567656765677,0.0814081408140814,0.311697836450312
264773.411807,2760366.126422,0.131501831501832,0.2496336996337,0.0652014652014652,0.146520146520147,0.0695970695970696,0.337545787545788
265273.411807,2760366.126422,0.18040293040293,0.0946886446886447,0,0.186813186813187,0.136080586080586,0.402014652014652
265773.411807,2760366.126422,0.187568756875688,0.070957095709571,0,0.306563989732307,0.0731573157315732,0.361752841950862
266273.411807,2760366.126422,0.0366300366300366,0.0745421245421245,0,0.480769230769231,0.152014652014652,0.256043956043956
266773.411807,2760366.126422,0.0844322344322344,0.104395604395604,0,0.574725274725275,0.102930402930403,0.133516483516484
267273.411807,2760366.126422,0.11037770443711,0.125229189585625,0,0.357719105243858,0.092959295929593,0.313714704803814
267773.411807,2760366.126422,0.24029304029304,0.0421245421245421,0.000915750915750916,0.185714285714286,0.182600732600733,0.348351648351648
268273.411807,2760366.126422,0.257326007326007,0.17032967032967,0.0282051282051282,0.0538461538461538,0.0838827838827839,0.406410256410256
268773.411807,2760366.126422,0.300880088008801,0.0781078107810781,0.0119178584525119,0.145397873120645,0.102676934360103,0.361019435276861
269273.411807,2760366.126422,0.222161172161172,0.233150183150183,0.0551282051282051,0.0534798534798535,0.0668498168498168,0.369230769230769
269773.411807,2760366.126422,0.132051282051282,0.14010989010989,0.00604395604395604,0.129120879120879,0.0913919413919414,0.501282051282051
270273.411807,2760366.126422,0.0955262192885955,0.191602493582692,0.0693069306930693,0.221488815548222,0.0768243491015768,0.345251191785845
270773.411807,2760366.126422,0.12014652014652,0.0628205128205128,0.00128205128205128,0.61996336996337,0.0917582417582418,0.104029304029304
271273.411807,2760366.126422,0.0697802197802198,0.0435897435897436,0.000732600732600733,0.72032967032967,0.114835164835165,0.0507326007326007
271773.411807,2760366.126422,0.0933259992665933,0.0781078107810781,0.00971763843050972,0.464613127979465,0.116428309497616,0.237807114044738
272273.411807,2760366.126422,0.125457875457875,0.0619047619047619,0.00860805860805861,0.621428571428571,0.114468864468864,0.0681318681318681
272773.411807,2760366.126422,0.0465201465201465,0.0463369963369963,0.00146520146520147,0.814835164835165,0.0664835164835165,0.0243589743589744
273273.411807,2760366.126422,0.102126879354602,0.0715071507150715,0.00146681334800147,0.665383204987165,0.106527319398607,0.052988632196553
273773.411807,2760366.126422,0.0981684981684982,0.0368131868131868,0.00293040293040293,0.727838827838828,0.0752747252747253,0.058974358974359
274273.411807,2760366.126422,0.101831501831502,0.0247252747252747,0.000915750915750916,0.463186813186813,0.0858974358974359,0.323443223443223
274773.411807,2760366.126422,0.140997433076641,0.173450678401173,0,0.182801613494683,0.092959295929593,0.40979097909791
262773.411807,2759866.126422,0.122532894736842,0.399259868421053,0.0415296052631579,0.0855263157894737,0.0779194078947368,0.273231907894737
263273.411807,2759866.126422,0.125527619746743,0.24059460451459,0.0244081482840888,0.123692420627638,0.0893741971003854,0.396403009726555
263773.411807,2759866.126422,0.103062534384742,0.303502659086741,0.0847240051347882,0.0841738492572896,0.0896754080322758,0.334861544104163
264273.411807,2759866.126422,0.184900128275609,0.338647608576141,0.0929081913139087,0.0533260032985157,0.0443467106468756,0.28587135788895
264773.411807,2759866.126422,0.104055790053221,0.154890805652413,0.0256927876674619,0.202238942925307,0.0998348320792806,0.413286841622316
265273.411807,2759866.126422,0.165413533834586,0.194205024757014,0,0.284247203374289,0.129470016504676,0.226664221529433
265773.411807,2759866.126422,0.0339014110317024,0.605277625068719,0.113798790544255,0.013560564412681,0.0494777350192413,0.183983873923401
266273.411807,2759866.126422,0.121490181684713,0.269957790420261,0,0.0690034868783263,0.0638649293448339,0.475683611671866
266773.411807,2759866.126422,0.107647166697231,0.218962039244453,0.022006235099945,0.376306620209059,0.0762882816798093,0.198789657069503
267273.411807,2759866.126422,0.0764156129741616,0.365951988271944,0.00293201392706615,0.0930914421843504,0.0481949789261499,0.413413963716328
267773.411807,2759866.126422,0.149935768030831,0.173426316755368,0.030280785465223,0.0968985134887135,0.137639933932832,0.411818682327033
268273.411807,2759866.126422,0.285347515129287,0.0832569227947919,0.077205208142307,0.0355767467449111,0.116633046029708,0.401980561158995
268773.411807,2759866.126422,0.234927615906176,0.0949239508887667,0.081729888216969,0.100238226131574,0.129924867143119,0.358255451713396
269273.411807,2759866.126422,0.131767296751698,0.281152505046798,0.0155991925123876,0.0994677922554597,0.0844191594788034,0.387594053954854
269773.411807,2759866.126422,0.163212910324592,0.261507427104346,0.00348432055749129,0.109297634329727,0.088391710984779,0.374105996699065
270273.411807,2759866.126422,0.147883452446399,0.0575407733186733,0.00128275609309144,0.356789444749863,0.137071651090343,0.299431922301631
270773.411807,2759866.126422,0.190493668563039,0.0807487612405946,0.0168838318957607,0.500642319691687,0.113965865296385,0.0972655533125344
271273.411807,2759866.126422,0.044379240784889,0.0779387493123052,0.00861910874747845,0.734824867045663,0.0665688611773336,0.0676691729323308
271773.411807,2759866.126422,0.0826461425691772,0.0822796408282939,0.00513102437236577,0.655671614440169,0.0861279091075683,0.0881436686824262
