"x","y","forest","agri","water","built","other","grass"
237273.411807,2599366.126422,0.795683027794205,0.00532229450029568,0,0,0,0.1989946777055
237773.411807,2599366.126422,0.872453661222243,0.00917599559552211,0,0,0,0.118370343182235
238273.411807,2599366.126422,0.934714835870163,0.00311754997249221,0,0,0,0.0621676141573446
238773.411807,2599366.126422,0.85981308411215,0.00513102437236577,0,0,0,0.135055891515485
239273.411807,2599366.126422,0.72196733345568,0.236190126628739,0,0,0,0.0418425399155808
239773.411807,2599366.126422,0.684760682193288,0.00183385292499542,0,0,0.000733541169998166,0.312671923711718
240273.411807,2599366.126422,0.816932380428807,0.0113615539673813,0,0,0,0.171706065603812
240773.411807,2599366.126422,0.924389796292898,0.0238575885483575,0,0.000183519911910442,0.00275279867865663,0.0488162965681776
241273.411807,2599366.126422,0.810746378140473,0.0456629378323858,0.00788556757748029,0.00201723821749496,0.0100861910874748,0.123601687144691
241773.411807,2599366.126422,0.671797691039032,0.192596664834158,0.0419644493311343,0.0131940626717977,0.00696353307678211,0.0734835990470955
242273.411807,2599366.126422,0.961093778674986,0.0102771150669848,0,0,0,0.028629106258029
242773.411807,2599366.126422,0.956721070970108,0.041995231982395,0,0,0,0.00128369704749679
243273.411807,2599366.126422,0.746747297049661,0.177570093457944,0.00293201392706615,0.000549752611324904,0.00146600696353308,0.070734835990471
243773.411807,2599366.126422,0.886401174527436,0.0704716461736098,0,0,0,0.0431271792989539
244273.411807,2599366.126422,0.564826700898588,0.383642031909041,0.0205391527599487,0,0,0.0309921144324225
244773.411807,2599366.126422,0.723291185633132,0.233644859813084,0.00183250870441635,0,0.000183250870441635,0.0410481949789262
245273.411807,2599366.126422,0.626353459350339,0.305927693154707,0.0363369425582676,0.00899247568361167,0.00367039823820885,0.0187190310148651
245773.411807,2599366.126422,0.567210709701082,0.317990097194205,0.0240234733174399,0.000366770584999083,0.004401247019989,0.086007702182285
246273.411807,2599366.126422,0.850100787978743,0.0481949789261499,0,0.000916254352208173,0.000916254352208173,0.0998717243906908
246773.411807,2599366.126422,0.846944393466691,0.0677188474949532,0,0,0,0.0853367590383557
247273.411807,2599366.126422,0.81606455162296,0.0898587933247754,0.000916926462497708,0,0,0.0931597285897671
247773.411807,2599366.126422,0.785229979842404,0.155579989004948,0.00293201392706615,0,0.000366501740883269,0.0558915154846986
248273.411807,2599366.126422,0.512938153789686,0.115066984767847,0.0726738851165352,0.026977427050835,0.0625802899614608,0.209763259313636
248773.411807,2599366.126422,0.445442875481386,0.107097010819732,0.213460480469466,0.125435540069686,0.0317256556024207,0.0768384375573079
249273.411807,2599366.126422,0.342495876855415,0.140003665017409,0.321605277625069,0.148066703316841,0.0159428257284222,0.0318856514568444
249773.411807,2599366.126422,0.704026721098534,0.126182965299685,0.0764520319168677,0.00686583781777695,0.0118760437929115,0.0745964000742253
237273.411807,2598866.126422,0.756796690307329,0.0189125295508274,0,0,0,0.224290780141844
237773.411807,2598866.126422,0.803302752293578,0.0135779816513761,0,0,0,0.183119266055046
238273.411807,2598866.126422,0.911392405063291,0.00568702990277013,0,0,0,0.0829205650339387
238773.411807,2598866.126422,0.82985347985348,0.00256410256410256,0,0,0,0.167582417582418
239273.411807,2598866.126422,0.959082568807339,0.0115596330275229,0,0,0,0.0293577981651376
239773.411807,2598866.126422,0.917813245276096,0,0,0,0,0.0821867547239039
240273.411807,2598866.126422,0.864835164835165,0.0423076923076923,0,0,0,0.0928571428571429
240773.411807,2598866.126422,0.931376146788991,0.0121100917431193,0,0.00018348623853211,0.00238532110091743,0.0539449541284404
241273.411807,2598866.126422,0.863511282333517,0.0753990093560815,0.00238488350761328,0.00183452577508714,0.00385250412768299,0.0530177949000183
241773.411807,2598866.126422,0.816666666666667,0.111538461538462,0.0203296703296703,0,0.000183150183150183,0.0512820512820513
242273.411807,2598866.126422,0.934678899082569,0.0480733944954128,0,0,0,0.0172477064220183
242773.411807,2598866.126422,0.923133370023849,0.00458631443771785,0,0,0,0.0722803155384333
243273.411807,2598866.126422,0.794139194139194,0.0765567765567766,0.00128205128205128,0,0.00201465201465201,0.126007326007326
243773.411807,2598866.126422,0.959082568807339,0.0130275229357798,0,0,0.00018348623853211,0.0277064220183486
244273.411807,2598866.126422,0.711062190423775,0.120344890845716,0.00146762062006971,0,0.000733810310034856,0.166391487800404
244773.411807,2598866.126422,0.873443223443223,0.0787545787545788,0,0,0,0.0478021978021978
245273.411807,2598866.126422,0.465504587155963,0.318165137614679,0.0126605504587156,0.00330275229357798,0.031743119266055,0.168623853211009
245773.411807,2598866.126422,0.147679324894515,0.367638965327463,0.19262520638415,0.0284351495138507,0.0495321959273528,0.214089157952669
246273.411807,2598866.126422,0.69981684981685,0.140842490842491,0,0.000549450549450549,0.013003663003663,0.145787545787546
246773.411807,2598866.126422,0.772110091743119,0.0990825688073395,0.00642201834862385,0.000917431192660551,0.00201834862385321,0.119449541284404
247273.411807,2598866.126422,0.509631260319207,0.322693083837828,0.0561364887176665,0.00440286186020914,0.0163272793982755,0.0908090258668134
247773.411807,2598866.126422,0.392857142857143,0.157509157509158,0.194505494505495,0.0313186813186813,0.0626373626373626,0.161172161172161
248273.411807,2598866.126422,0.239816513761468,0.0704587155963303,0.0634862385321101,0.286788990825688,0.0724770642201835,0.26697247706422
248773.411807,2598866.126422,0.000366905155017428,0.0170610897083104,0.650155934690882,0.321225463217758,0.00238488350761328,0.00880572372041827
249273.411807,2598866.126422,0.394688644688645,0.184065934065934,0.239194139194139,0.0163003663003663,0.00695970695970696,0.158791208791209
249773.411807,2598866.126422,0.390909090909091,0.205009276437848,0.251205936920223,0.0606679035250464,0.0111317254174397,0.0810760667903525
237273.411807,2598366.126422,0.773573751108484,0.0366538575229087,0,0.000295595625184747,0.00354714750221697,0.185929648241206
237773.411807,2598366.126422,0.808974358974359,0.0238095238095238,0,0,0,0.167216117216117
238273.411807,2598366.126422,0.764468864468864,0.0124542124542125,0,0,0,0.223076923076923
238773.411807,2598366.126422,0.797029702970297,0.0280528052805281,0,0.00128346167950128,0.00825082508250825,0.165383204987165
239273.411807,2598366.126422,0.954578754578755,0.00934065934065934,0,0,0,0.0360805860805861
239773.411807,2598366.126422,0.974908424908425,0,0,0,0,0.0250915750915751
240273.411807,2598366.126422,0.807480748074808,0.077007700770077,0,0,0,0.115511551155116
240773.411807,2598366.126422,0.853113553113553,0.144322344322344,0,0,0,0.00256410256410256
241273.411807,2598366.126422,0.649450549450549,0.220512820512821,0.0727106227106227,0.0195970695970696,0.00146520146520147,0.0362637362637363
241773.411807,2598366.126422,0.535570223689036,0.145397873120645,0.03997066373304,0.0315364869820315,0.0458379171250458,0.201686835350202
242273.411807,2598366.126422,0.714835164835165,0.0677655677655678,0.121428571428571,0.0201465201465201,0.0122710622710623,0.0635531135531135
242773.411807,2598366.126422,0.971245421245421,0.00494505494505494,0,0,0,0.0238095238095238
243273.411807,2598366.126422,0.956729006233957,0.0174184085075174,0,0,0,0.0258525852585259
243773.411807,2598366.126422,0.771062271062271,0.0608058608058608,0.0010989010989011,0.000366300366300366,0.00366300366300366,0.163003663003663
244273.411807,2598366.126422,0.628388278388278,0.159340659340659,0.000183150183150183,0,0.000915750915750916,0.211172161172161
244773.411807,2598366.126422,0.54968830216355,0.00605060506050605,0,0.000183351668500183,0.00623395672900623,0.437843784378438
245273.411807,2598366.126422,0.656593406593407,0.0684981684981685,0.00293040293040293,0.00183150183150183,0.0152014652014652,0.254945054945055
245773.411807,2598366.126422,0.0258241758241758,0.205128205128205,0.054029304029304,0.0192307692307692,0.0968864468864469,0.598901098901099
246273.411807,2598366.126422,0.314081408140814,0.336266960029336,0,0,0.00385038503850385,0.345801246791346
246773.411807,2598366.126422,0.716849816849817,0.102747252747253,0.0119047619047619,0.00347985347985348,0.00769230769230769,0.157326007326007
247273.411807,2598366.126422,0.405677655677656,0.0750915750915751,0.00860805860805861,0.0250915750915751,0.0377289377289377,0.447802197802198
247773.411807,2598366.126422,0.733773377337734,0.0284195086175284,0,0.0324532453245325,0.0583058305830583,0.147048038137147
248273.411807,2598366.126422,0.416849816849817,0.00879120879120879,0.00476190476190476,0.0347985347985348,0.045970695970696,0.488827838827839
248773.411807,2598366.126422,0.335714285714286,0.0364468864468864,0.00659340659340659,0.0120879120879121,0.0216117216117216,0.587545787545788
249273.411807,2598366.126422,0.107994132746608,0.00128346167950128,0,0,0,0.890722405573891
249773.411807,2598366.126422,0.151537606520934,0.00666913671730271,0,0,0,0.841793256761764
237273.411807,2597866.126422,0.911590774689533,0.0112359550561798,0,0,0,0.0771732702542874
237773.411807,2597866.126422,0.828225362451826,0.0139475133051936,0,0,0.00807487612405946,0.149752248118921
238273.411807,2597866.126422,0.789290298918027,0.0788556757748029,0,0.000183385292499542,0.0152209792774619,0.116449660737209
238773.411807,2597866.126422,0.865310610225399,0.0293201392706615,0,0,0,0.10536925050394
239273.411807,2597866.126422,0.950816663608001,0.00110111947146265,0,0,0,0.0480822169205359
239773.411807,2597866.126422,0.834769851457913,0.0304419585549239,0,0,0,0.134788189987163
240273.411807,2597866.126422,0.905809052593,0.0743998533993036,0,0,0,0.0197910940076965
240773.411807,2597866.126422,0.891539732060929,0.101302991374564,0,0,0,0.00715727656450725
241273.411807,2597866.126422,0.904639647900238,0.0724371905373189,0.00568494406748579,0,0,0.0172382174949569
241773.411807,2597866.126422,0.674363203225215,0.261498992120213,0.0304196444933113,0.0126443100604728,0.000549752611324904,0.0205240974894631
242273.411807,2597866.126422,0.900899247568361,0.028629106258029,0,0,0.000734079647641769,0.0697375665259681
242773.411807,2597866.126422,0.93178067119017,0.000916926462497708,0,0,0,0.0673024023473317
243273.411807,2597866.126422,0.943375481033535,0.0130108118013561,0,0,0,0.043613707165109
243773.411807,2597866.126422,0.907505964397137,0.026977427050835,0,0,0.00367039823820885,0.0618462103138191
244273.411807,2597866.126422,0.495140289748762,0.0474967907573813,0,0,0.00238400880249404,0.454978910691363
244773.411807,2597866.126422,0.553600879604178,0,0,0,0,0.446399120395822
245273.411807,2597866.126422,0.650761607634428,0.0181684712791338,0.000183519911910442,0,0.0082583960359699,0.322628005138558
245773.411807,2597866.126422,0.146708233999633,0.0827067669172932,0.0253071703649367,0.0324591967724189,0.105263157894737,0.607555474050981
246273.411807,2597866.126422,0.701484332050577,0.0113615539673813,0,0.00238226131574125,0.0130108118013561,0.271761040864944
246773.411807,2597866.126422,0.643604331069921,0.000183519911910442,0,0.000367039823820885,0.00220223894292531,0.353642870251422
247273.411807,2597866.126422,0.608289015220979,0.00843572345497891,0,0,0.000733541169998166,0.382541720154044
247773.411807,2597866.126422,0.831958951805021,0.0853949056258017,0.00128275609309144,0.00623052959501558,0.00659703133589885,0.0685358255451713
248273.411807,2597866.126422,0.844558634611855,0.0728574050284456,0,0.00146815929528354,0.00311983850247752,0.077995962561938
248773.411807,2597866.126422,0.692646249770768,0.0194388410049514,0,0,0,0.28791490922428
249273.411807,2597866.126422,0.510903426791277,0.0423309510720176,0.0557082646142569,0.201209455744915,0.0240058640278541,0.165842037749679
249773.411807,2597866.126422,0.909816292447578,0.000742252737056968,0,0,0,0.0894414548153646
237273.411807,2597366.126422,0.875,0.00325059101654846,0,0,0,0.121749408983452
237773.411807,2597366.126422,0.881651376146789,0.0104587155963303,0,0,0.00018348623853211,0.107706422018349
238273.411807,2597366.126422,0.849568886442855,0.02568336085122,0,0,0.00623738763529628,0.118510365070629
238773.411807,2597366.126422,0.802930402930403,0.060989010989011,0,0,0,0.136080586080586
239273.411807,2597366.126422,0.871926605504587,0.00256880733944954,0,0,0,0.125504587155963
239773.411807,2597366.126422,0.83452577508714,0.0764997248211337,0,0,0,0.0889745000917263
240273.411807,2597366.126422,0.87967032967033,0.106776556776557,0,0,0,0.0135531135531136
240773.411807,2597366.126422,0.871926605504587,0.0829357798165138,0,0,0,0.0451376146788991
241273.411807,2597366.126422,0.889378095762245,0.0915428361768483,0,0,0,0.0190790680609063
241773.411807,2597366.126422,0.823626373626374,0.144505494505494,0,0,0.000549450549450549,0.0313186813186813
242273.411807,2597366.126422,0.917431192660551,0.051743119266055,0,0,0,0.0308256880733945
242773.411807,2597366.126422,0.709227664648688,0.209135938359934,0.0210970464135021,0,0.00275178866263071,0.0577875619152449
243273.411807,2597366.126422,0.845604395604396,0.128205128205128,0,0,0.000732600732600733,0.0254578754578755
243773.411807,2597366.126422,0.879266055045872,0.0477064220183486,0.00256880733944954,0.00201834862385321,0.00752293577981651,0.0609174311926605
244273.411807,2597366.126422,0.801320858558063,0.0541185103650706,0.00440286186020914,0.000366905155017428,0.00532012474775271,0.134470739313887
244773.411807,2597366.126422,0.891391941391941,0.0124542124542125,0,0,0,0.0961538461538462
245273.411807,2597366.126422,0.80605504587156,0.134128440366972,0.00146788990825688,0.00110091743119266,0.00330275229357798,0.0539449541284404
245773.411807,2597366.126422,0.400110071546505,0.269308383782792,0.0405430196294258,0.00807191341038342,0.0451293340671436,0.23683727756375
246273.411807,2597366.126422,0.617216117216117,0.000183150183150183,0,0,0.00402930402930403,0.378571428571429
246773.411807,2597366.126422,0.813211009174312,0.0638532110091743,0,0.00036697247706422,0.00165137614678899,0.120917431192661
247273.411807,2597366.126422,0.685378829572555,0.275178866263071,0.00201797835259585,0.02568336085122,0.00275178866263071,0.00898917629792699
247773.411807,2597366.126422,0.8503663003663,0.0181318681318681,0.000183150183150183,0.000915750915750916,0.00604395604395604,0.124358974358974
248273.411807,2597366.126422,0.355045871559633,0.00238532110091743,0,0.00018348623853211,0.0352293577981651,0.607155963302752
248773.411807,2597366.126422,0.719501008989176,0,0,0,0,0.280498991010824
249273.411807,2597366.126422,0.9,0.00274725274725275,0.0172161172161172,0.0347985347985348,0.00604395604395604,0.0391941391941392
249773.411807,2597366.126422,0.736549165120594,0.0467532467532468,0.0204081632653061,0.0467532467532468,0.0285714285714286,0.120964749536178
237273.411807,2596866.126422,0.762341117351463,0.0201005025125628,0,0,0.000295595625184747,0.217262784510789
237773.411807,2596866.126422,0.828571428571429,0.0254578754578755,0,0.000183150183150183,0.00238095238095238,0.143406593406593
238273.411807,2596866.126422,0.67948717948718,0.0111721611721612,0,0,0,0.309340659340659
238773.411807,2596866.126422,0.419141914191419,0.0218188485515218,0,0,0,0.559039237257059
239273.411807,2596866.126422,0.461904761904762,0,0,0,0.00146520146520147,0.536630036630037
239773.411807,2596866.126422,0.616849816849817,0.0128205128205128,0,0.00641025641025641,0.0153846153846154,0.348534798534799
240273.411807,2596866.126422,0.351485148514851,0.0011001100110011,0,0.000183351668500183,0.0022002200220022,0.645031169783645
240773.411807,2596866.126422,0.257509157509157,0.000732600732600733,0,0,0.000732600732600733,0.741025641025641
241273.411807,2596866.126422,0.383150183150183,0.0161172161172161,0,0,0.00164835164835165,0.599084249084249
241773.411807,2596866.126422,0.524935826916025,0.0099009900990099,0,0,0,0.465163182984965
242273.411807,2596866.126422,0.717765567765568,0.0467032967032967,0,0,0,0.235531135531136
242773.411807,2596866.126422,0.754945054945055,0.237912087912088,0.000915750915750916,0,0,0.00622710622710623
243273.411807,2596866.126422,0.518151815181518,0.412907957462413,0.00275027502750275,0.000183351668500183,0.00495049504950495,0.0610561056105611
243773.411807,2596866.126422,0.851282051282051,0.0587912087912088,0,0.00164835164835165,0.00274725274725275,0.0855311355311355
244273.411807,2596866.126422,0.871611721611722,0.0772893772893773,0.0010989010989011,0,0,0.05
244773.411807,2596866.126422,0.635496883021636,0.259259259259259,0.055005500550055,0.000183351668500183,0.00715071507150715,0.0429042904290429
245273.411807,2596866.126422,0.490659340659341,0.405128205128205,0.065018315018315,0.00164835164835165,0.0021978021978022,0.0353479853479853
245773.411807,2596866.126422,0.498717948717949,0.157692307692308,0,0.00402930402930403,0.0131868131868132,0.326373626373626
246273.411807,2596866.126422,0.687752108544188,0.242024202420242,0.0210854418775211,0,0.000366703337000367,0.0487715438210488
246773.411807,2596866.126422,0.441208791208791,0.429304029304029,0.0804029304029304,0.00164835164835165,0.00311355311355311,0.0443223443223443
247273.411807,2596866.126422,0.673809523809524,0.171428571428571,0.0402930402930403,0.000183150183150183,0.00128205128205128,0.113003663003663
247773.411807,2596866.126422,0.593876054272094,0.00055005500550055,0,0.000733406674000733,0.015951595159516,0.388888888888889
248273.411807,2596866.126422,0.567582417582418,0.00567765567765568,0,0.000183150183150183,0.000549450549450549,0.426007326007326
248773.411807,2596866.126422,0.903846153846154,0.0021978021978022,0,0,0.000549450549450549,0.0934065934065934
249273.411807,2596866.126422,0.679317931793179,0.0443711037770444,0.0352035203520352,0.0650898423175651,0.050971763843051,0.125045837917125
249773.411807,2596866.126422,0.859021859948129,0.0268618006669137,0.0161170804001482,0.0114857354575769,0.0163023341978511,0.0702111893293813
237273.411807,2596366.126422,0.854523950325251,0.0378474275576582,0,0,0,0.10762862211709
237773.411807,2596366.126422,0.802716094696275,0.052303174894476,0,0,0.00201871903101487,0.142962011378235
238273.411807,2596366.126422,0.504492939666239,0.0506143407298735,0,0,0,0.444892719603888
238773.411807,2596366.126422,0.673996701484332,0.00403151914971596,0,0.000183250870441635,0.00164925783397471,0.320139270661536
239273.411807,2596366.126422,0.835015599192512,0,0,0,0,0.164984400807488
239773.411807,2596366.126422,0.730423620025674,0.00256739409499358,0,0.000366770584999083,0.00293416467999266,0.263708050614341
240273.411807,2596366.126422,0.500274876305662,0.011544804837823,0,0.00293201392706615,0.0089792926516401,0.476269012277808
240773.411807,2596366.126422,0.770049550376216,0,0,0,0,0.229950449623784
241273.411807,2596366.126422,0.406015037593985,0,0,0,0.000183385292499542,0.593801577113515
241773.411807,2596366.126422,0.619387942092725,0,0,0,0,0.380612057907275
242273.411807,2596366.126422,0.695356946228666,0.000183519911910442,0,0,0,0.304459533859424
242773.411807,2596366.126422,0.593984962406015,0.0253071703649367,0.00165046763249587,0.000916926462497708,0.0196222262974509,0.358518246836604
243273.411807,2596366.126422,0.774234927615906,0.0414146967198094,0,0,0.00293201392706615,0.181418361737218
243773.411807,2596366.126422,0.683428151954487,0,0,0,0,0.316571848045513
244273.411807,2596366.126422,0.747478452228131,0.0957271226847607,0.0315422703099211,0.00458463231248854,0.0150375939849624,0.105629928479736
244773.411807,2596366.126422,0.317390507604911,0.476818764889133,0.111966281839839,0.00568077698369067,0.0100787978742899,0.0780648708081363
245273.411807,2596366.126422,0.0462470178014315,0.334923839236557,0.374013580473481,0.0440447788585061,0.0625802899614608,0.138190493668563
245773.411807,2596366.126422,0.00330093526499175,0.534934898221163,0.118650284247203,0.206125068769485,0.0438290849073904,0.0931597285897671
246273.411807,2596366.126422,0.0463624702217336,0.346344145134689,0.105185999633498,0.0267546270844787,0.0839288986622686,0.391423859263332
246773.411807,2596366.126422,0.260781794824739,0.240961644338411,0.0234905487245366,0.0262433474031932,0.0893741971003854,0.359148467608736
247273.411807,2596366.126422,0.930496974142674,0.00146708233999633,0,0.00165046763249587,0.00458463231248854,0.0618008435723455
247773.411807,2596366.126422,0.821147150448965,0.00256551218618288,0,0.00183250870441635,0.0624885468205974,0.111966281839839
248273.411807,2596366.126422,0.197283905303725,0,0,0.000734079647641769,0.00330335841438796,0.798678656634245
248773.411807,2596366.126422,0.552906656886118,0.00348432055749129,0,0,0,0.443609022556391
249273.411807,2596366.126422,0.848818031885651,0.00842954004031519,0,0,0,0.142752428074033
249773.411807,2596366.126422,0.7270365559473,0.0356281313787345,0.033772499536092,0.039896084616812,0.0430506587493041,0.120616069771757
237273.411807,2595866.126422,0.503841607565012,0.137706855791962,0,0,0,0.358451536643026
237773.411807,2595866.126422,0.515963302752294,0.0185321100917431,0,0,0,0.465504587155963
238273.411807,2595866.126422,0.617317923316823,0.000183452577508714,0,0.001284168042561,0.00458631443771785,0.37662814162539
238773.411807,2595866.126422,0.342124542124542,0.00494505494505494,0,0.00164835164835165,0.00476190476190476,0.646520146520147
239273.411807,2595866.126422,0.630091743119266,0.00036697247706422,0,0.00018348623853211,0.00458715596330275,0.364770642201835
239773.411807,2595866.126422,0.942212438084755,0,0,0,0.000183452577508714,0.0576041093377362
240273.411807,2595866.126422,0.448351648351648,0.00622710622710623,0,0.00201465201465201,0.0173992673992674,0.526007326007326
240773.411807,2595866.126422,0.741467889908257,0,0,0,0,0.258532110091743
241273.411807,2595866.126422,0.733993762612365,0.00183452577508714,0,0.000733810310034856,0.0091726288754357,0.254265272427078
241773.411807,2595866.126422,0.811721611721612,0.00238095238095238,0,0.000183150183150183,0.000549450549450549,0.185164835164835
242273.411807,2595866.126422,0.788073394495413,0.00146788990825688,0,0,0,0.21045871559633
242773.411807,2595866.126422,0.292606861126399,0.0130251330031187,0.00715465052283985,0.002568336085122,0.0310034855989727,0.653641533663548
243273.411807,2595866.126422,0.796336996336996,0,0,0.000549450549450549,0.00146520146520147,0.201648351648352
243773.411807,2595866.126422,0.808256880733945,0.00678899082568807,0.00018348623853211,0,0.00146788990825688,0.183302752293578
244273.411807,2595866.126422,0.562832507796735,0.000366905155017428,0,0.000183452577508714,0.00091726288754357,0.435699871583196
244773.411807,2595866.126422,0.652930402930403,0.0860805860805861,0.0102564102564103,0.00293040293040293,0.00695970695970696,0.240842490842491
245273.411807,2595866.126422,0.337798165137615,0.14697247706422,0.0148623853211009,0.0144954128440367,0.0500917431192661,0.435779816513761
245773.411807,2595866.126422,0.00311869381764814,0.26967528893781,0.0843881856540084,0.0508163639699138,0.191524490919097,0.400476976701523
246273.411807,2595866.126422,0.778754578754579,0.00293040293040293,0,0.000549450549450549,0.00421245421245421,0.213553113553114
246773.411807,2595866.126422,0.711743119266055,0.00073394495412844,0,0.00348623853211009,0.00678899082568807,0.277247706422018
247273.411807,2595866.126422,0.681526325444872,0.00532012474775271,0,0.0122913226930838,0.0508163639699138,0.250045863144377
247773.411807,2595866.126422,0.262454212454212,0.0113553113553114,0,0.00164835164835165,0.0256410256410256,0.698901098901099
248273.411807,2595866.126422,0.122201834862385,0.00165137614678899,0,0.00036697247706422,0.0209174311926606,0.854862385321101
248773.411807,2595866.126422,0.725371491469455,0,0,0,0,0.274628508530545
249273.411807,2595866.126422,0.982417582417582,0.0021978021978022,0,0,0,0.0153846153846154
249773.411807,2595866.126422,0.83821892393321,0.0352504638218924,0.000927643784786642,0.00111317254174397,0.0153988868274583,0.109090909090909
237273.411807,2595366.126422,0.572568725982855,0.0348802837718002,0,0,0.000295595625184747,0.39225539462016
237773.411807,2595366.126422,0.571245421245421,0.0318681318681319,0,0,0.00183150183150183,0.395054945054945
238273.411807,2595366.126422,0.383516483516484,0.0293040293040293,0,0.0135531135531136,0.0538461538461538,0.51978021978022
238773.411807,2595366.126422,0.702970297029703,0.00366703337000367,0.000733406674000733,0.0163182984965163,0.0161349468280161,0.26017601760176
239273.411807,2595366.126422,0.580952380952381,0.0120879120879121,0,0.0245421245421245,0.0366300366300366,0.345787545787546
239773.411807,2595366.126422,0.846703296703297,0.00934065934065934,0,0.0536630036630037,0.0192307692307692,0.0710622710622711
240273.411807,2595366.126422,0.887055372203887,0,0,0,0,0.112944627796113
240773.411807,2595366.126422,0.805677655677656,0,0,0,0.0021978021978022,0.192124542124542
241273.411807,2595366.126422,0.688095238095238,0.0214285714285714,0,0.0608058608058608,0.0478021978021978,0.181868131868132
241773.411807,2595366.126422,0.866336633663366,0.0152181884855152,0.00696736340300697,0.00128346167950128,0.00366703337000367,0.106527319398607
242273.411807,2595366.126422,0.849450549450549,0.00879120879120879,0.0010989010989011,0.0043956043956044,0.00750915750915751,0.128754578754579
242773.411807,2595366.126422,0.578388278388278,0.00476190476190476,0,0.000366300366300366,0.00201465201465201,0.414468864468864
243273.411807,2595366.126422,0.687568756875688,0.00788412174550788,0,0,0.0011001100110011,0.303447011367803
243773.411807,2595366.126422,0.862087912087912,0.0419413919413919,0,0,0.00934065934065934,0.0866300366300366
244273.411807,2595366.126422,0.808608058608059,0.110989010989011,0.0108058608058608,0,0,0.0695970695970696
244773.411807,2595366.126422,0.634763476347635,0.111111111111111,0.0535386872020535,0.0209020902090209,0.0276861019435277,0.151998533186652
245273.411807,2595366.126422,0.120512820512821,0.152380952380952,0.218315018315018,0.0362637362637363,0.0946886446886447,0.377838827838828
245773.411807,2595366.126422,0.416300366300366,0.0157509157509158,0,0.0172161172161172,0.0554945054945055,0.495238095238095
246273.411807,2595366.126422,0.677484415108177,0.000183351668500183,0,0.0022002200220022,0.00825082508250825,0.311881188118812
246773.411807,2595366.126422,0.921062271062271,0.00476190476190476,0,0,0,0.0741758241758242
247273.411807,2595366.126422,0.696520146520146,0.00604395604395604,0.0021978021978022,0.0021978021978022,0.0113553113553114,0.281684981684982
247773.411807,2595366.126422,0.908874220755409,0.00238357169050238,0.000183351668500183,0.000183351668500183,0.000733406674000733,0.0876420975430876
248273.411807,2595366.126422,0.790842490842491,0.000183150183150183,0,0,0,0.208974358974359
248773.411807,2595366.126422,0.953296703296703,0,0,0,0,0.0467032967032967
249273.411807,2595366.126422,0.958745874587459,0,0,0,0,0.0412541254125413
249773.411807,2595366.126422,0.977399036680252,0,0,0,0,0.0226009633197481
237273.411807,2594866.126422,0.758722649319929,0,0,0,0,0.241277350680071
237773.411807,2594866.126422,0.708019820150486,0,0,0.000183519911910442,0,0.291796659937603
238273.411807,2594866.126422,0.825600586832936,0.000183385292499542,0,0.00275077938749312,0.00898587933247754,0.162479369154594
238773.411807,2594866.126422,0.846802272310794,0.00183250870441635,0,0.000183250870441635,0.00311526479750779,0.148066703316841
239273.411807,2594866.126422,0.867498623600661,0.00238575885483575,0.000550559735731327,0.00146815929528354,0.0113782345384474,0.116718663975041
239773.411807,2594866.126422,0.70786722904823,0.0254905556574363,0.000550155877498625,0.0313588850174216,0.113332110764717,0.121401063634696
240273.411807,2594866.126422,0.912222833058457,0,0,0,0.000183250870441635,0.0875939160711013
240773.411807,2594866.126422,0.734997247201321,0.0568911726922371,0.00935951550743256,0.05395485410167,0.0721233253808038,0.0726738851165352
241273.411807,2594866.126422,0.818998716302953,0.105446543187236,0.0141206675224647,0.0282413350449294,0.00788556757748029,0.0253071703649367
241773.411807,2594866.126422,0.82957669048928,0.111966281839839,0.0434304562946674,0,0.00201575957485798,0.0130108118013561
242273.411807,2594866.126422,0.836300238575886,0.0853367590383557,0.0047715177096715,0.00183519911910442,0.00715727656450725,0.0645990089924757
242773.411807,2594866.126422,0.670640014670823,0.173665871997066,0.0251237850724372,0,0.00238400880249404,0.12818631945718
243273.411807,2594866.126422,0.658237126626351,0.198643943558732,0,0.000183250870441635,0.00274876305662452,0.14018691588785
243773.411807,2594866.126422,0.814461369058543,0.0798311616810424,0.0012846393833731,0,0.000550559735731327,0.10387227014131
244273.411807,2594866.126422,0.470016504676325,0.0075187969924812,0,0,0.000733541169998166,0.521731157161196
244773.411807,2594866.126422,0.244456661169141,0.00696353307678211,0.000183250870441635,0.0916254352208173,0.244090159428257,0.412680960234561
245273.411807,2594866.126422,0.00532207744540283,0.0135804734813727,0.00734079647641769,0.102037071022206,0.224444852266471,0.64727472930813
245773.411807,2594866.126422,0.53218411883367,0.00165046763249587,0,0.0315422703099211,0.097194205024757,0.337428938199156
246273.411807,2594866.126422,0.838006230529595,0.000366501740883269,0,0.000183250870441635,0,0.16144401685908
246773.411807,2594866.126422,0.907873004220958,0,0,0,0,0.092126995779042
247273.411807,2594866.126422,0.869796442325325,0.000366770584999083,0,0,0,0.129836787089675
247773.411807,2594866.126422,0.927066153564229,0,0,0,0,0.0729338464357706
248273.411807,2594866.126422,0.928243714443017,0.00679023674068636,0,0,0,0.0649660488162966
248773.411807,2594866.126422,0.949935815147625,0.010819732257473,0,0,0,0.0392444525949019
249273.411807,2594866.126422,0.950888766721642,0.0186915887850467,0,0,0.000183250870441635,0.0302363936228697
249773.411807,2594866.126422,0.943774355167935,0.00259788457969939,0.000185563184264242,0.000371126368528484,0.00092781592132121,0.052143254778252
237273.411807,2594366.126422,0.824468085106383,0,0,0,0,0.175531914893617
237773.411807,2594366.126422,0.548807339449541,0.00293577981651376,0,0.00036697247706422,0.00715596330275229,0.440733944954128
238273.411807,2594366.126422,0.820399926618969,0.00587048248027885,0,0,0.00201797835259585,0.171711612548156
238773.411807,2594366.126422,0.823992673992674,0,0,0,0,0.176007326007326
239273.411807,2594366.126422,0.649724770642202,0.0194495412844037,0.00660550458715596,0.06,0.0719266055045872,0.192293577981651
239773.411807,2594366.126422,0.537699504678041,0.0458631443771785,0.0783342505962209,0.0357732526141992,0.0880572372041827,0.214272610530178
240273.411807,2594366.126422,0.75989010989011,0.11043956043956,0.0152014652014652,0.00347985347985348,0.00769230769230769,0.103296703296703
240773.411807,2594366.126422,0.925321100917431,0.0546788990825688,0,0,0.00036697247706422,0.0196330275229358
241273.411807,2594366.126422,0.945331131902403,0.0436617134470739,0,0,0,0.0110071546505228
241773.411807,2594366.126422,0.937179487179487,0.0549450549450549,0,0,0.000366300366300366,0.00750915750915751
242273.411807,2594366.126422,0.819082568807339,0.117798165137615,0.00036697247706422,0,0,0.0627522935779816
242773.411807,2594366.126422,0.807925151348376,0.133553476426344,0.00091726288754357,0,0.001284168042561,0.0563199412951752
243273.411807,2594366.126422,0.708058608058608,0.200549450549451,0.0157509157509158,0.0021978021978022,0.00311355311355311,0.0703296703296703
243773.411807,2594366.126422,0.757614678899083,0.0823853211009174,0.00036697247706422,0,0.00018348623853211,0.159449541284404
244273.411807,2594366.126422,0.745000917262888,0.0957622454595487,0.000183452577508714,0,0.00238488350761328,0.156668501192442
244773.411807,2594366.126422,0.575274725274725,0.2503663003663,0.0214285714285714,0.00366300366300366,0.0157509157509158,0.133516483516484
245273.411807,2594366.126422,0.147522935779817,0.176697247706422,0.0770642201834862,0.0211009174311927,0.0946788990825688,0.482935779816514
245773.411807,2594366.126422,0.784443221427261,0.0108237020730141,0.000550357732526142,0.00275178866263071,0.00476976701522656,0.196661163089341
246273.411807,2594366.126422,0.564835164835165,0.288827838827839,0.00531135531135531,0.0010989010989011,0.0117216117216117,0.128205128205128
246773.411807,2594366.126422,0.761467889908257,0.153211009174312,0.013394495412844,0.00018348623853211,0.00055045871559633,0.0711926605504587
247273.411807,2594366.126422,0.899284534947716,0.0693450742982939,0,0,0.000733810310034856,0.0306365804439552
247773.411807,2594366.126422,0.954029304029304,0.0285714285714286,0,0,0,0.0173992673992674
248273.411807,2594366.126422,0.904587155963303,0.0374311926605505,0,0,0,0.0579816513761468
248773.411807,2594366.126422,0.929554210236654,0.0157769216657494,0,0,0,0.0546688680975968
249273.411807,2594366.126422,0.853479853479853,0,0,0,0,0.146520146520147
249773.411807,2594366.126422,0.818181818181818,0.0309833024118738,0.0213358070500928,0.0137291280148423,0.0163265306122449,0.099443413729128
237273.411807,2593866.126422,0.867277564292048,0.00147797812592374,0,0,0,0.131244457582028
237773.411807,2593866.126422,0.396336996336996,0.0157509157509158,0,0.0250915750915751,0.043956043956044,0.518864468864469
238273.411807,2593866.126422,0.826373626373626,0.00256410256410256,0.000183150183150183,0.0124542124542125,0.0128205128205128,0.145604395604396
238773.411807,2593866.126422,0.74972497249725,0.00641730839750642,0.00183351668500183,0.024019068573524,0.0375870920425376,0.18041804180418
239273.411807,2593866.126422,0.79981684981685,0.0247252747252747,0.0119047619047619,0.0296703296703297,0.0399267399267399,0.093956043956044
239773.411807,2593866.126422,0.86978021978022,0.0142857142857143,0,0.00238095238095238,0.0144688644688645,0.0990842490842491
240273.411807,2593866.126422,0.762926292629263,0.0995599559955996,0.0320865419875321,0.00458379171250458,0.0152181884855152,0.0856252291895856
240773.411807,2593866.126422,0.779304029304029,0.0728937728937729,0.00164835164835165,0.00293040293040293,0.00970695970695971,0.133516483516484
241273.411807,2593866.126422,0.912087912087912,0.00842490842490842,0,0.000183150183150183,0.00347985347985348,0.0758241758241758
241773.411807,2593866.126422,0.873670700403374,0.0181518151815182,0,0,0,0.108177484415108
242273.411807,2593866.126422,0.633516483516483,0.143956043956044,0.000732600732600733,0.00146520146520147,0.0146520146520147,0.205677655677656
242773.411807,2593866.126422,0.801465201465202,0.156410256410256,0.000732600732600733,0,0.000732600732600733,0.0406593406593407
243273.411807,2593866.126422,0.39035570223689,0.288962229556289,0.121928859552622,0.0586725339200587,0.0165016501650165,0.123579024569124
243773.411807,2593866.126422,0.605311355311355,0.264652014652015,0.0115384615384615,0.00201465201465201,0.00677655677655678,0.10970695970696
244273.411807,2593866.126422,0.593223443223443,0.27014652014652,0.00934065934065934,0.000549450549450549,0.00915750915750916,0.117582417582418
244773.411807,2593866.126422,0.0669233590025669,0.272277227722772,0.0572057205720572,0.096993032636597,0.184451778511184,0.322148881554822
245273.411807,2593866.126422,0.0472527472527473,0.106593406593407,0.105128205128205,0.143040293040293,0.291391941391941,0.306593406593407
245773.411807,2593866.126422,0.0113553113553114,0.388461538461538,0.13992673992674,0.155860805860806,0.151831501831502,0.152564102564103
246273.411807,2593866.126422,0.185185185185185,0.186285295196186,0.0793912724605794,0.057022368903557,0.137147048038137,0.354968830216355
246773.411807,2593866.126422,0.501648351648352,0.154029304029304,0.0157509157509158,0.0221611721611722,0.0774725274725275,0.228937728937729
247273.411807,2593866.126422,0.61996336996337,0.00604395604395604,0,0.000183150183150183,0.00274725274725275,0.371062271062271
247773.411807,2593866.126422,0.296846351301797,0.00495049504950495,0,0,0.00238357169050238,0.695819581958196
248273.411807,2593866.126422,0.731135531135531,0.000183150183150183,0,0,0,0.268681318681319
248773.411807,2593866.126422,0.98021978021978,0,0,0,0,0.0197802197802198
249273.411807,2593866.126422,0.993949394939494,0.000916758342500917,0,0,0,0.00513384671800513
249773.411807,2593866.126422,0.875694701741386,0.0137087810300111,0.00741015190811412,0.00351982215635421,0.00963319748054835,0.0900333456835865
237273.411807,2593366.126422,0.822294500295683,0.00266114725014784,0,0.00295683027794205,0.00975753991720875,0.162329982259018
237773.411807,2593366.126422,0.826390163332722,0.00330335841438796,0,0.0102771150669848,0.0168838318957607,0.143145531290145
238273.411807,2593366.126422,0.751512928663121,0.00641848523748395,0.000183385292499542,0.0610673024023473,0.0408949202273978,0.13992297817715
238773.411807,2593366.126422,0.713762140370167,0.0425142019424592,0.026571376214037,0.0371999266996518,0.0386659336631849,0.1412864211105
239273.411807,2593366.126422,0.801982015048633,0.0657001284639383,0.00183519911910442,0.00201871903101487,0.0150486327766563,0.113415305560653
239773.411807,2593366.126422,0.905006418485237,0.0128369704749679,0,0.00275077938749312,0.0124701998899688,0.0669356317623327
240273.411807,2593366.126422,0.843503756642844,0.0406816932380429,0.000733003481766538,0,0.00549752611324904,0.109584020524097
240773.411807,2593366.126422,0.941273628188658,0.0409249403560286,0,0,0.000183519911910442,0.0176179115434025
241273.411807,2593366.126422,0.926462497707684,0.0641848523748395,0,0,0,0.00935264991747662
241773.411807,2593366.126422,0.851017042330951,0.0549752611324904,0,0,0.00128275609309144,0.0927249404434671
242273.411807,2593366.126422,0.826757203156542,0.0278950266103872,0,0,0.000734079647641769,0.144613690585429
242773.411807,2593366.126422,0.695580414450761,0.0959105079772602,0.00165046763249587,0,0.0124701998899688,0.194388410049514
243273.411807,2593366.126422,0.27359354956936,0.241524647242074,0.3318673263698,0.0144768187648891,0.0371999266996518,0.101337731354224
243773.411807,2593366.126422,0.157093044595339,0.320609286107543,0.0671682877592219,0.0335841438796109,0.0308313452009543,0.390713892457332
244273.411807,2593366.126422,0.106730240234733,0.0623509994498441,0.00293416467999266,0.0350265908674124,0.137538969374656,0.655419035393361
244773.411807,2593366.126422,0.476085761407367,0.00146600696353308,0,0.000549752611324904,0.0104452996151732,0.511453179402602
245273.411807,2593366.126422,0.571113965865296,0.0034868783262984,0,0.0144980730409249,0.051018535511103,0.359882547256377
245773.411807,2593366.126422,0.033192737942417,0.0319090408949202,0.00201723821749496,0.0902255639097744,0.268842838804328,0.573812580231066
246273.411807,2593366.126422,0.611508154663735,0.00458127176104087,0,0.00146600696353308,0.0100787978742899,0.372365768737402
246773.411807,2593366.126422,0.801798495136722,0.00679023674068636,0,0,0.000367039823820885,0.19104422829877
247273.411807,2593366.126422,0.905006418485237,0.0500641848523748,0,0,0,0.0449293966623877
247773.411807,2593366.126422,0.79714128642111,0.0119113065787062,0,0,0,0.190947407000183
248273.411807,2593366.126422,0.82987704165902,0.0154156726004772,0,0,0,0.154707285740503
248773.411807,2593366.126422,0.939666238767651,0.0124701998899688,0,0,0.00146708233999633,0.046396479002384
249273.411807,2593366.126422,0.991936961700568,0,0,0,0,0.00806303829943192
249773.411807,2593366.126422,0.912599740211542,0.0161439970309891,0.00519576915939878,0.00612358508071999,0.00964928558174058,0.0502876229356096
237273.411807,2592866.126422,0.895981087470449,0,0,0,0,0.104018912529551
237773.411807,2592866.126422,0.492293577981651,0.0154128440366972,0,0.144036697247706,0.0508256880733945,0.29743119266055
238273.411807,2592866.126422,0.729040543019629,0.0132085855806274,0.00385250412768299,0.0390753990093561,0.0425609979820216,0.172261970280682
238773.411807,2592866.126422,0.762087912087912,0.0272893772893773,0.0225274725274725,0.0311355311355311,0.0232600732600733,0.133699633699634
