"x","y","forest","agri","water","built","other","grass"
174773.411807,2502866.126422,0.594141211817727,0.00450676014021032,0.0212819228843265,0.282674011016525,0.0500751126690035,0.0473209814722083
175273.411807,2502866.126422,0.164582291145573,0.0107553776888444,0,0.620310155077539,0.132066033016508,0.0722861430715358
175773.411807,2502866.126422,0.172413793103448,0.0209895052473763,0,0.511494252873563,0.100699650174913,0.1944027986007
176273.411807,2502866.126422,0.0395593390085128,0.00926389584376565,0.00475713570355533,0.85578367551327,0.0608412618928393,0.0297946920380571
176773.411807,2502866.126422,0.165832916458229,0.0225112556278139,0.00450225112556278,0.605552776388194,0.0932966483241621,0.108304152076038
177273.411807,2502866.126422,0.117191404297851,0.103948025987006,0.00499750124937531,0.658420789605197,0.0664667666166917,0.0489755122438781
177773.411807,2502866.126422,0.165998998497747,0.0300450676014021,0.0100150225338007,0.613169754631948,0.0558337506259389,0.124937406109164
178273.411807,2502866.126422,0.0920460230115058,0.0262631315657829,0,0.719109554777389,0.0522761380690345,0.110305152576288
178773.411807,2502866.126422,0.0367316341829085,0.0154922538730635,0.00174912543728136,0.908295852073963,0.0324837581209395,0.00524737631184408
179273.411807,2502866.126422,0.167501251877817,0.0618427641462193,0.00826239359038558,0.514772158237356,0.135202804206309,0.112418627941913
179773.411807,2502866.126422,0.088544272136068,0.0685342671335668,0.00150075037518759,0.702101050525263,0.0472736368184092,0.0920460230115058
180273.411807,2502866.126422,0.14167916041979,0.0909545227386307,0,0.5,0.131684157921039,0.13568215892054
180773.411807,2502866.126422,0.190285428142213,0.0823735603405108,0.000751126690035053,0.469704556835253,0.115423134702053,0.141462193289935
181273.411807,2502866.126422,0.0365182591295648,0.0275137568784392,0,0.837168584292146,0.0710355177588794,0.0277638819409705
181773.411807,2502866.126422,0.255622188905547,0.0824587706146927,0,0.327086456771614,0.102948525737131,0.231884057971014
182273.411807,2502866.126422,0.14321482223335,0.0618427641462193,0,0.393340010015023,0.111166750125188,0.29043565348022
182773.411807,2502866.126422,0.0230115057528764,0.151325662831416,0,0.308404202101051,0.111805902951476,0.405452726363182
183273.411807,2502866.126422,0.0892053973013493,0.0612193903048476,0,0.605697151424288,0.125687156421789,0.118190904547726
183773.411807,2502866.126422,0.113920881321983,0.0250375563345018,0,0.594641962944417,0.147471206810215,0.118928392588883
184273.411807,2502866.126422,0.0220110055027514,0.00600300150075038,0,0.918709354677339,0.0427713856928464,0.0105052526263132
184773.411807,2502866.126422,0.0697151424287856,0.0344827586206897,0,0.742128935532234,0.071464267866067,0.0822088955522239
185273.411807,2502866.126422,0.0445668502754131,0.0420630946419629,0.00150225338007011,0.800701051577366,0.0796194291437156,0.0315473209814722
173773.411807,2502366.126422,0,0.000732600732600733,0.981684981684982,0.0175824175824176,0,0
174273.411807,2502366.126422,0.00055005500550055,0,0.949394939493949,0.0474880821415475,0.00238357169050238,0.000183351668500183
174773.411807,2502366.126422,0.395054945054945,0.00897435897435897,0.0208791208791209,0.406776556776557,0.0888278388278388,0.0794871794871795
175273.411807,2502366.126422,0.0263736263736264,0.0426739926739927,0.143223443223443,0.727655677655678,0.0507326007326007,0.00934065934065934
175773.411807,2502366.126422,0.0386872020535387,0.0291529152915292,0.0161349468280161,0.657132379904657,0.10982764943161,0.149064906490649
176273.411807,2502366.126422,0.052014652014652,0.0437728937728938,0.0710622710622711,0.714835164835165,0.0714285714285714,0.0468864468864469
176773.411807,2502366.126422,0.12032967032967,0.0228937728937729,0.00897435897435897,0.612820512820513,0.126739926739927,0.108241758241758
177273.411807,2502366.126422,0.0691235790245691,0.0632563256325633,0.0265859919325266,0.773560689402274,0.0348368170150348,0.0326365969930326
177773.411807,2502366.126422,0.0122710622710623,0.019047619047619,0.0580586080586081,0.899267399267399,0.0102564102564103,0.0010989010989011
178273.411807,2502366.126422,0.0346153846153846,0.0184981684981685,0.00311355311355311,0.912820512820513,0.0287545787545788,0.0021978021978022
178773.411807,2502366.126422,0.0414374770810414,0.0297029702970297,0.00238357169050238,0.813898056472314,0.0718738540520719,0.0407040704070407
179273.411807,2502366.126422,0.0831501831501831,0.0952380952380952,0.00146520146520147,0.724175824175824,0.0745421245421245,0.0214285714285714
179773.411807,2502366.126422,0.0289377289377289,0.0203296703296703,0.000366300366300366,0.891025641025641,0.0344322344322344,0.0249084249084249
180273.411807,2502366.126422,0.0524385771910524,0.035020168683535,0.0011001100110011,0.829116244957829,0.0564723138980565,0.0258525852585259
180773.411807,2502366.126422,0.0368131868131868,0.0124542124542125,0,0.881501831501831,0.0395604395604396,0.0296703296703297
181273.411807,2502366.126422,0.0437728937728938,0.0221611721611722,0.00128205128205128,0.866849816849817,0.0287545787545788,0.0371794871794872
181773.411807,2502366.126422,0.16024935826916,0.0247524752475248,0.000733406674000733,0.556472313898057,0.0456545654565457,0.212137880454712
182273.411807,2502366.126422,0.23040293040293,0.0357142857142857,0.0543956043956044,0.0338827838827839,0.0476190476190476,0.597985347985348
182773.411807,2502366.126422,0.188644688644689,0.0435897435897436,0,0.284432234432234,0.227655677655678,0.255677655677656
183273.411807,2502366.126422,0.151081774844151,0.0579391272460579,0,0.535753575357536,0.182068206820682,0.0731573157315732
183773.411807,2502366.126422,0.058974358974359,0.0236263736263736,0.000183150183150183,0.805677655677656,0.0706959706959707,0.0408424908424908
184273.411807,2502366.126422,0.112637362637363,0.0847985347985348,0,0.65989010989011,0.0578754578754579,0.0847985347985348
184773.411807,2502366.126422,0.212871287128713,0.0363036303630363,0,0.342867620095343,0.18041804180418,0.227539420608728
185273.411807,2502366.126422,0.26978021978022,0.01996336996337,0,0.192124542124542,0.18040293040293,0.337728937728938
174273.411807,2501866.126422,0.167491295583654,0.0254718709913872,0.367967747846802,0.321238775884185,0.0183250870441635,0.0995052226498076
174773.411807,2501866.126422,0.0155991925123876,0.0146815929528354,0,0.933198752064599,0.0234905487245366,0.0130299137456414
175273.411807,2501866.126422,0,0,0.554557124518614,0.445442875481386,0,0
175773.411807,2501866.126422,0,0.00348176653839106,0.154113982041415,0.842404251420194,0,0
176273.411807,2501866.126422,0.0155991925123876,0.0155991925123876,0.126261699394384,0.778124426500275,0.0570746926041475,0.00734079647641769
176773.411807,2501866.126422,0.0115532734274711,0.00843572345497891,0.230515312671924,0.704749679075738,0.0447460113698881,0
177273.411807,2501866.126422,0.0318856514568444,0.0296866410115448,0.190764156129742,0.703866593366319,0.0293201392706615,0.0144768187648891
177773.411807,2501866.126422,0.0735914846760874,0.0407414204441182,0.0113782345384474,0.782528904386126,0.0543218939254909,0.0374380620297302
178273.411807,2501866.126422,0.075187969924812,0.0618008435723455,0.00421786172748946,0.782505043095544,0.050797726022373,0.0254905556574363
178773.411807,2501866.126422,0.0280373831775701,0.0120945574491479,0.00109950522264981,0.927066153564229,0.0177753344328386,0.0139270661535642
179273.411807,2501866.126422,0.0638649293448339,0.0275279867865663,0.000550559735731327,0.764910992842723,0.0754266837951918,0.0677188474949532
179773.411807,2501866.126422,0.0735375022923162,0.0361269026224097,0.00311754997249221,0.798276178250504,0.072803961122318,0.0161379057399597
180273.411807,2501866.126422,0.0720175920835624,0.0397654388858347,0,0.743815283122595,0.0846619021440352,0.0597397837639729
180773.411807,2501866.126422,0.103138190493669,0.0352358230868049,0,0.665993760322995,0.0965314736648926,0.0991007524316388
181273.411807,2501866.126422,0.117549972492206,0.0416284613973959,0.000916926462497708,0.591600953603521,0.08399046396479,0.164313222079589
181773.411807,2501866.126422,0.0505772402418911,0.0621220450797141,0.000916254352208173,0.65585486531061,0.148982957669049,0.0815466373465274
182273.411807,2501866.126422,0.266654432005873,0.0231235089007157,0,0.126261699394384,0.171407597724353,0.412552761974674
182773.411807,2501866.126422,0.0555657436273611,0.0449293966623877,0.00348432055749129,0.717403264258206,0.139372822299652,0.0392444525949019
183273.411807,2501866.126422,0.20743998533993,0.062671797691039,0.00293201392706615,0.440901594282573,0.188015393073117,0.0980392156862745
183773.411807,2501866.126422,0.143329051202055,0.0893741971003854,0.00275279867865663,0.457698660304643,0.165351440631308,0.141493852082951
184273.411807,2501866.126422,0.181184668989547,0.0445626260773886,0,0.358151476251605,0.143223913442142,0.272877315239318
184773.411807,2501866.126422,0.305662451896647,0.0357339197361187,0,0.0522264980758659,0.164376030786146,0.442001099505223
185273.411807,2501866.126422,0.359515507432556,0.025325747843641,0.121306661772802,0.036520462470178,0.0754266837951918,0.38190493668563
174273.411807,2501366.126422,0.0261904761904762,0.0146520146520147,0.80952380952381,0.0360805860805861,0.0263736263736264,0.0871794871794872
174773.411807,2501366.126422,0.0348623853211009,0.0258715596330275,0.183119266055046,0.623302752293578,0.0943119266055046,0.0385321100917431
175273.411807,2501366.126422,0.0124747752705926,0.00697119794533113,0.1284168042561,0.811227297743533,0.0405430196294258,0.000366905155017428
175773.411807,2501366.126422,0.00201465201465201,0.00164835164835165,0.0912087912087912,0.897619047619048,0.00677655677655678,0.000732600732600733
176273.411807,2501366.126422,0,0,0.0192660550458716,0.980733944954128,0,0
176773.411807,2501366.126422,0.000733810310034856,0.00110071546505228,0.00953953403045313,0.98862594019446,0,0
177273.411807,2501366.126422,0.00714285714285714,0.0432234432234432,0.0100732600732601,0.894139194139194,0.0236263736263736,0.0217948717948718
177773.411807,2501366.126422,0.0594495412844037,0.143302752293578,0.0447706422018349,0.468440366972477,0.109908256880734,0.174128440366972
178273.411807,2501366.126422,0.104384516602458,0.139607411484131,0.0159603742432581,0.581177765547606,0.0554026784076316,0.103467253714915
178773.411807,2501366.126422,0.0391941391941392,0.0507326007326007,0.00384615384615385,0.835897435897436,0.0538461538461538,0.0164835164835165
179273.411807,2501366.126422,0.0886238532110092,0.0368807339449541,0.00073394495412844,0.792110091743119,0.0554128440366972,0.0262385321100917
179773.411807,2501366.126422,0.0610897083104018,0.0636580443955238,0.000733810310034856,0.729040543019629,0.0906255732893047,0.0548523206751055
180273.411807,2501366.126422,0.113553113553114,0.0467032967032967,0,0.581868131868132,0.126373626373626,0.131501831501832
180773.411807,2501366.126422,0.0155963302752294,0.0161467889908257,0,0.88,0.0588990825688073,0.0293577981651376
181273.411807,2501366.126422,0.0590717299578059,0.0438451660245826,0.000183452577508714,0.792331682260136,0.0616400660429279,0.0429279031370391
181773.411807,2501366.126422,0.0263736263736264,0.0221611721611722,0.000366300366300366,0.888461538461538,0.0487179487179487,0.0139194139194139
182273.411807,2501366.126422,0.0434862385321101,0.0379816513761468,0.00073394495412844,0.844220183486239,0.0469724770642202,0.026605504587156
182773.411807,2501366.126422,0.0398092093193909,0.0240322876536415,0.00825536598789213,0.889378095762245,0.0286186020913594,0.00990643918547056
183273.411807,2501366.126422,0.137362637362637,0.186080586080586,0.00128205128205128,0.440659340659341,0.140842490842491,0.0937728937728938
183773.411807,2501366.126422,0.269908256880734,0.0418348623853211,0,0.168256880733945,0.0917431192660551,0.428256880733945
184273.411807,2501366.126422,0.0889745000917263,0.0170610897083104,0,0.547239038708494,0.13410383415887,0.2126215373326
184773.411807,2501366.126422,0.250549450549451,0.0164835164835165,0,0.154395604395604,0.219230769230769,0.359340659340659
185273.411807,2501366.126422,0.392660550458716,0.0124770642201835,0.00788990825688073,0.0700917431192661,0.119266055045872,0.397614678899083
175273.411807,2500866.126422,0.0860805860805861,0.0238095238095238,0.0214285714285714,0.716483516483516,0.0714285714285714,0.0807692307692308
175773.411807,2500866.126422,0.0287862119545288,0.0223689035570224,0.0977264393105977,0.718738540520719,0.0724239090575724,0.05995599559956
176273.411807,2500866.126422,0.0010989010989011,0.000732600732600733,0.223260073260073,0.759340659340659,0.0155677655677656,0
176773.411807,2500866.126422,0.043040293040293,0.0510989010989011,0.000915750915750916,0.80989010989011,0.0613553113553114,0.0336996336996337
177273.411807,2500866.126422,0.00513384671800513,0.00733406674000733,0.0355702236890356,0.937293729372937,0.0111844517785112,0.00348368170150348
177773.411807,2500866.126422,0.0423076923076923,0.0549450549450549,0.0122710622710623,0.697252747252747,0.0690476190476191,0.124175824175824
178273.411807,2500866.126422,0.089010989010989,0.11025641025641,0.00494505494505494,0.505311355311355,0.0858974358974359,0.204578754578755
178773.411807,2500866.126422,0.161166116611661,0.0724239090575724,0.00788412174550788,0.484598459845985,0.0878254492115878,0.186101943527686
179273.411807,2500866.126422,0.201282051282051,0.0842490842490843,0.00421245421245421,0.483516483516484,0.0622710622710623,0.164468864468864
179773.411807,2500866.126422,0.106959706959707,0.0816849816849817,0.000366300366300366,0.298717948717949,0.213186813186813,0.299084249084249
180273.411807,2500866.126422,0.0573890722405574,0.0298863219655299,0,0.737990465713238,0.122478914558122,0.0522552255225523
180773.411807,2500866.126422,0.00622710622710623,0.00934065934065934,0.000549450549450549,0.935347985347985,0.0443223443223443,0.00421245421245421
181273.411807,2500866.126422,0.0115384615384615,0.00567765567765568,0.0032967032967033,0.967032967032967,0.00824175824175824,0.00421245421245421
181773.411807,2500866.126422,0.114778144481115,0.0364869820315365,0.000183351668500183,0.660799413274661,0.0883755042170884,0.0993766043270994
182273.411807,2500866.126422,0.0265567765567766,0.0377289377289377,0,0.82051282051282,0.0633699633699634,0.0518315018315018
182773.411807,2500866.126422,0.0738095238095238,0.0472527472527473,0.000549450549450549,0.658791208791209,0.125091575091575,0.0945054945054945
183273.411807,2500866.126422,0.104510451045105,0.059039237257059,0,0.283094976164283,0.143014301430143,0.41034103410341
183773.411807,2500866.126422,0.18974358974359,0.036996336996337,0.000366300366300366,0.205860805860806,0.19047619047619,0.376556776556777
184273.411807,2500866.126422,0.162271062271062,0.0173992673992674,0,0.395054945054945,0.127472527472527,0.297802197802198
184773.411807,2500866.126422,0.262376237623762,0.0100843417675101,0,0.0828749541620829,0.114961496149615,0.52970297029703
185273.411807,2500866.126422,0.577289377289377,0,0,0,0,0.422710622710623
175273.411807,2500366.126422,0.0911424903722722,0.0359435173299101,0.0106363469649734,0.69209609389327,0.070786722904823,0.0993948285347515
175773.411807,2500366.126422,0.0760491112332784,0.0247388675096207,0.00238226131574125,0.66483415796225,0.121495327102804,0.110500274876306
176273.411807,2500366.126422,0.0110111947146265,0.017434391631492,0.284639383373096,0.598274912828042,0.0168838318957607,0.0717562855569829
176773.411807,2500366.126422,0.030808729139923,0.022006235099945,0.0390610673024023,0.868329359985329,0.0269576379974326,0.0128369704749679
177273.411807,2500366.126422,0.0397654388858347,0.0432472054242258,0.0780648708081363,0.776433938061206,0.0410481949789262,0.0214403518416712
177773.411807,2500366.126422,0.0100935951550743,0.0255092677555515,0.18260231235089,0.751514039273261,0.0185355111029547,0.0117452743622683
178273.411807,2500366.126422,0.119383825417202,0.057216211259857,0.000916926462497708,0.557858059783605,0.160462130937099,0.10416284613974
178773.411807,2500366.126422,0.0804471321238776,0.0894264247755177,0.0417811984606927,0.460326186549386,0.142019424592267,0.185999633498259
179273.411807,2500366.126422,0.103505230317489,0.0864378785098183,0.00311983850247752,0.209212699577904,0.22389429253074,0.373830060561571
179773.411807,2500366.126422,0.204657986429488,0.0121034293049697,0,0.180634513112048,0.310654685494223,0.29194938565927
180273.411807,2500366.126422,0.101887483965549,0.0414146967198094,0,0.5268462525197,0.197910940076965,0.131940626717977
180773.411807,2500366.126422,0.0868049183336392,0.0438612589465957,0,0.749862360066067,0.0701046063497889,0.049366856303909
181273.411807,2500366.126422,0.0177883733724555,0.00605171465248487,0,0.951036126902622,0.0185219145424537,0.0066018705299835
181773.411807,2500366.126422,0.0175920835623969,0.0225398570643211,0,0.931464174454829,0.0212571009712296,0.00714678394722375
182273.411807,2500366.126422,0.0563406129565058,0.0486327766562672,0,0.783446503945678,0.0682694072306845,0.0433106992108644
182773.411807,2500366.126422,0.194755180634513,0.0408949202273978,0,0.166330460297084,0.161562442692096,0.436456996148909
183273.411807,2500366.126422,0.104819497892615,0.0547920102620487,0.000183250870441635,0.512002932013927,0.130841121495327,0.19736118746564
183773.411807,2500366.126422,0.343916314920169,0.0512020554230134,0.0585428518994311,0.110295467058176,0.0868049183336392,0.349238392365572
184273.411807,2500366.126422,0.139372822299652,0.0117366587199707,0.000733541169998166,0.177333577847057,0.195121951219512,0.475701448743811
184773.411807,2500366.126422,0.31280923584387,0.00733003481766538,0,0.0412314458493678,0.10317024005864,0.535459043430456
185273.411807,2500366.126422,0.397871169021839,0.000917599559552211,0.00201871903101487,0,0.0047715177096715,0.594420994677923
175773.411807,2499866.126422,0.115201465201465,0.0234432234432234,0,0.663003663003663,0.103296703296703,0.0950549450549451
176273.411807,2499866.126422,0.011743119266055,0.00844036697247706,0.287522935779817,0.658348623853211,0.0242201834862385,0.00972477064220183
176773.411807,2499866.126422,0.00458631443771785,0.0146762062006971,0.385984223078334,0.591634562465603,0.00293524124013942,0.000183452577508714
177273.411807,2499866.126422,0.0186813186813187,0.0358974358974359,0.0010989010989011,0.891575091575092,0.0494505494505494,0.0032967032967033
177773.411807,2499866.126422,0.00678899082568807,0.0144954128440367,0.239816513761468,0.72697247706422,0.0102752293577982,0.00165137614678899
178273.411807,2499866.126422,0.0152265639332233,0.0414602825169694,0.0253164556962025,0.855072463768116,0.0330214639515685,0.0299027701339204
178773.411807,2499866.126422,0.0245421245421245,0.0551282051282051,0.00201465201465201,0.364102564102564,0.173443223443223,0.380769230769231
179273.411807,2499866.126422,0.0423853211009174,0.0262385321100917,0,0.106238532110092,0.118715596330275,0.706422018348624
179773.411807,2499866.126422,0.0845716382315172,0.0442120711796001,0.00440286186020914,0.444505595303614,0.225096312603192,0.197211520821868
180273.411807,2499866.126422,0.0351648351648352,0.0307692307692308,0.0010989010989011,0.797252747252747,0.0796703296703297,0.056043956043956
180773.411807,2499866.126422,0.0667889908256881,0.0288073394495413,0.00165137614678899,0.768440366972477,0.0722935779816514,0.0620183486238532
181273.411807,2499866.126422,0.0187121629058888,0.0111906072280316,0.000550357732526142,0.930471473124197,0.0355898000366905,0.00348559897266557
181773.411807,2499866.126422,0.0518315018315018,0.0245421245421245,0,0.848168498168498,0.05,0.0254578754578755
182273.411807,2499866.126422,0.0746788990825688,0.0438532110091743,0.00623853211009174,0.732110091743119,0.0658715596330275,0.0772477064220184
182773.411807,2499866.126422,0.0420106402494955,0.024399192808659,0,0.604476242891213,0.116859291873051,0.212254632177582
183273.411807,2499866.126422,0.126190476190476,0.0505494505494506,0,0.269047619047619,0.198901098901099,0.355311355311355
183773.411807,2499866.126422,0.197247706422018,0.031743119266055,0.00844036697247706,0.112660550458716,0.103853211009174,0.54605504587156
184273.411807,2499866.126422,0.124747752705926,0.0157769216657494,0,0.529444138690149,0.198679141441937,0.131352045496239
184773.411807,2499866.126422,0.178571428571429,0.0131868131868132,0.0021978021978022,0.156410256410256,0.205860805860806,0.443772893772894
185273.411807,2499866.126422,0.273394495412844,0.011743119266055,0.0236697247706422,0.0177981651376147,0.0932110091743119,0.580183486238532
176273.411807,2499366.126422,0.0591575091575092,0.10018315018315,0.0172161172161172,0.355311355311355,0.148717948717949,0.319413919413919
176773.411807,2499366.126422,0.00531135531135531,0.00842490842490842,0.194322344322344,0.764102564102564,0.0195970695970696,0.00824175824175824
177273.411807,2499366.126422,0.00935093509350935,0.0135680234690136,0.127612761276128,0.806197286395306,0.0423542354235424,0.000916758342500917
177773.411807,2499366.126422,0.0227106227106227,0.0373626373626374,0.0216117216117216,0.841758241758242,0.036996336996337,0.0395604395604396
178273.411807,2499366.126422,0.0304029304029304,0.112271062271062,0.0575091575091575,0.379487179487179,0.0915750915750916,0.328754578754579
178773.411807,2499366.126422,0.0968096809680968,0.0579391272460579,0,0.564723138980565,0.156398973230656,0.124129079574624
179273.411807,2499366.126422,0.0221611721611722,0.0217948717948718,0,0.805311355311355,0.0633699633699634,0.0873626373626374
179773.411807,2499366.126422,0.0730769230769231,0.0472527472527473,0.0402930402930403,0.579304029304029,0.120695970695971,0.139377289377289
180273.411807,2499366.126422,0.048954895489549,0.0834250091675834,0.0198019801980198,0.207920792079208,0.118445177851118,0.521452145214521
180773.411807,2499366.126422,0.0111721611721612,0.0238095238095238,0.000183150183150183,0.902564102564103,0.0278388278388278,0.0344322344322344
181273.411807,2499366.126422,0.0161172161172161,0.010989010989011,0,0.875091575091575,0.0362637362637363,0.0615384615384615
181773.411807,2499366.126422,0.0848918225155849,0.0196186285295196,0,0.740557389072241,0.0768243491015768,0.0781078107810781
182273.411807,2499366.126422,0.0194139194139194,0.0712454212454212,0,0.571978021978022,0.0888278388278388,0.248534798534799
182773.411807,2499366.126422,0.0282051282051282,0.128571428571429,0,0.403296703296703,0.0983516483516483,0.341575091575092
183273.411807,2499366.126422,0.0533553355335534,0.0346534653465347,0,0.208287495416208,0.0971763843050972,0.606527319398606
183773.411807,2499366.126422,0.0441391941391941,0.0322344322344322,0.00347985347985348,0.315384615384615,0.110989010989011,0.493772893772894
184273.411807,2499366.126422,0.0326007326007326,0.0135531135531136,0.000183150183150183,0.765018315018315,0.0750915750915751,0.113553113553114
184773.411807,2499366.126422,0.217821782178218,0.022002200220022,0,0.235423542354235,0.12046204620462,0.404290429042904
185273.411807,2499366.126422,0.234249084249084,0.00531135531135531,0,0.0283882783882784,0.0972527472527473,0.634798534798535
176773.411807,2498866.126422,0.0968274344397579,0.0513478818998716,0.122134604804695,0.455162295983862,0.117366587199707,0.157161195672107
177273.411807,2498866.126422,0,0,0.535275792560015,0.464724207439985,0,0
177773.411807,2498866.126422,0.0132134336575518,0.025325747843641,0.0104606349788952,0.837951917783079,0.055606533308864,0.0574417324279684
178273.411807,2498866.126422,0.0154043645699615,0.0324591967724189,0.00403447643498991,0.861910874747845,0.0773885934348065,0.00880249403997799
178773.411807,2498866.126422,0.0469122228330585,0.0415979475902511,0.0302363936228697,0.778266446765622,0.0797141286421111,0.0232728605460876
179273.411807,2498866.126422,0.138741053404294,0.0623967700495504,0.026977427050835,0.490732244448523,0.0712057258212516,0.209946779225546
179773.411807,2498866.126422,0.110581331377224,0.0586832935998533,0.000183385292499542,0.60792224463598,0.138455895837154,0.0841738492572896
180273.411807,2498866.126422,0.0657870624885468,0.0635880520432472,0.0406816932380429,0.556349642660803,0.160894264247755,0.112699285321605
180773.411807,2498866.126422,0.0346852633510736,0.02073775004588,0.00110111947146265,0.868049183336392,0.0506514956872821,0.0247751881079097
181273.411807,2498866.126422,0.0740876581698148,0.0509811113148725,0.00256739409499358,0.700531817348249,0.068402714102329,0.103429304969741
181773.411807,2498866.126422,0.0461792193512919,0.0432472054242258,0,0.603078614623419,0.0967564595931831,0.21073850100788
182273.411807,2498866.126422,0.0326665443200587,0.117085703798862,0,0.328867682143513,0.144063130849697,0.377316938887869
182773.411807,2498866.126422,0.0137538969374656,0.187603154227031,0,0.296900788556758,0.16394645149459,0.337795708784155
183273.411807,2498866.126422,0.107934762690123,0.0346344145134689,0.00971229613340663,0.285504856148067,0.100421477002016,0.461792193512919
183773.411807,2498866.126422,0.0587263718113415,0.0682694072306845,0,0.425766195632226,0.110295467058176,0.336942558267572
184273.411807,2498866.126422,0.0390610673024023,0.0392444525949019,0.000183385292499542,0.618375206308454,0.0988446726572529,0.204291215844489
184773.411807,2498866.126422,0.0892431739050761,0.0557082646142569,0,0.512735935495694,0.125710097122961,0.216602528862012
185273.411807,2498866.126422,0.300789135621215,0.0130299137456414,0,0.247017801431455,0.110111947146265,0.329051202055423
176773.411807,2498366.126422,0.0387084938543387,0.0344890845716382,0,0.702990277013392,0.174830306365804,0.0489818381948266
177273.411807,2498366.126422,0.0119047619047619,0.0117216117216117,0.265018315018315,0.69010989010989,0.0128205128205128,0.00842490842490842
177773.411807,2498366.126422,0,0,0.148440366972477,0.851559633027523,0,0
178273.411807,2498366.126422,0.0365070629242341,0.0665932856356632,0.00752155567785727,0.682810493487434,0.165841130067877,0.0407264722069345
178773.411807,2498366.126422,0.0888278388278388,0.0648351648351648,0.000366300366300366,0.475091575091575,0.254761904761905,0.116117216117216
179273.411807,2498366.126422,0.0376146788990826,0.0192660550458716,0.00036697247706422,0.858715596330275,0.0469724770642202,0.0370642201834862
179773.411807,2498366.126422,0.067327095945698,0.0284351495138507,0.000366905155017428,0.809392771968446,0.0603558980003669,0.0341221794166208
180273.411807,2498366.126422,0.0664835164835165,0.0210622710622711,0,0.723443223443223,0.0990842490842491,0.0899267399267399
180773.411807,2498366.126422,0.0858715596330275,0.078348623853211,0.0348623853211009,0.50954128440367,0.144220183486239,0.147155963302752
181273.411807,2498366.126422,0.0823702073014126,0.0709961474958723,0,0.48926802421574,0.200513667217024,0.15685195376995
181773.411807,2498366.126422,0.0615384615384615,0.0906593406593407,0.000183150183150183,0.426923076923077,0.14010989010989,0.280586080586081
182273.411807,2498366.126422,0.0440366972477064,0.158348623853211,0.00110091743119266,0.374311926605505,0.133577981651376,0.288623853211009
182773.411807,2498366.126422,0.0636580443955238,0.0587048248027885,0.0121078701155751,0.55347642634379,0.118877270225647,0.193175564116676
183273.411807,2498366.126422,0.0952380952380952,0.0324175824175824,0.00970695970695971,0.670695970695971,0.10952380952381,0.0824175824175824
183773.411807,2498366.126422,0.0328440366972477,0.0310091743119266,0.00055045871559633,0.77394495412844,0.0711926605504587,0.0904587155963303
184273.411807,2498366.126422,0.0366905155017428,0.0513667217024399,0,0.818381948266373,0.0491652907723353,0.0443955237571088
184773.411807,2498366.126422,0.0705128205128205,0.103846153846154,0.0021978021978022,0.36996336996337,0.132600732600733,0.320879120879121
185273.411807,2498366.126422,0.227339449541284,0.0177981651376147,0,0.185688073394495,0.136146788990826,0.43302752293578
177273.411807,2497866.126422,0.0645397873120645,0.030986431976531,0.00165016501650165,0.724422442244224,0.0715071507150715,0.106894022735607
177773.411807,2497866.126422,0.00238095238095238,0.0021978021978022,0.123992673992674,0.866300366300366,0.00512820512820513,0
178273.411807,2497866.126422,0.0188644688644689,0.0322344322344322,0.13003663003663,0.761721611721612,0.0408424908424908,0.0163003663003663
178773.411807,2497866.126422,0.0183351668500183,0.0396039603960396,0.00806747341400807,0.892372570590392,0.037953795379538,0.00366703337000367
179273.411807,2497866.126422,0.00915750915750916,0.0688644688644689,0.000915750915750916,0.818131868131868,0.0703296703296703,0.0326007326007326
179773.411807,2497866.126422,0.0661172161172161,0.0426739926739927,0,0.782783882783883,0.0653846153846154,0.043040293040293
180273.411807,2497866.126422,0.0383204987165383,0.0137513751375138,0.000733406674000733,0.877887788778878,0.0471213788045471,0.0221855518885222
180773.411807,2497866.126422,0.0659340659340659,0.0553113553113553,0.00805860805860806,0.721794871794872,0.0752747252747253,0.0736263736263736
181273.411807,2497866.126422,0.0282051282051282,0.0620879120879121,0,0.534798534798535,0.197985347985348,0.176923076923077
181773.411807,2497866.126422,0.0117345067840117,0.0782911624495783,0,0.220755408874221,0.0462046204620462,0.643014301430143
182273.411807,2497866.126422,0.0426739926739927,0.0380952380952381,0,0.19010989010989,0.126739926739927,0.602380952380952
182773.411807,2497866.126422,0.0976190476190476,0.163369963369963,0,0.104395604395604,0.130769230769231,0.503846153846154
183273.411807,2497866.126422,0.0885588558855886,0.235790245691236,0,0.00366703337000367,0.0359369270260359,0.636046938027136
183773.411807,2497866.126422,0.0476190476190476,0.18003663003663,0.00146520146520147,0.268681318681319,0.0510989010989011,0.451098901098901
184273.411807,2497866.126422,0.0624542124542125,0.231135531135531,0.00347985347985348,0.156593406593407,0.103479853479853,0.442857142857143
184773.411807,2497866.126422,0.050971763843051,0.397139713971397,0,0.252108544187752,0.0583058305830583,0.241474147414741
185273.411807,2497866.126422,0.0695970695970696,0.139194139194139,0,0.493956043956044,0.117216117216117,0.18003663003663
177773.411807,2497366.126422,0.0376215819416407,0.0260598274912828,0.0934116351624151,0.786015782712424,0.0196366305744173,0.0372545421178198
178273.411807,2497366.126422,0.00146708233999633,0.004401247019989,0.116816431322208,0.876948468732808,0,0.000366770584999083
178773.411807,2497366.126422,0.00238226131574125,0.00201575957485798,0.0183250870441635,0.976177386842587,0.00109950522264981,0
179273.411807,2497366.126422,0.0291796659937603,0.0233070288126262,0.000183519911910442,0.84235639566893,0.0620297302257295,0.0429436593870435
179773.411807,2497366.126422,0.0346598202824134,0.0317256556024207,0.000550155877498625,0.853658536585366,0.0581331377223547,0.0212726939299468
180273.411807,2497366.126422,0.021073850100788,0.0287703866593366,0.00109950522264981,0.910940076965366,0.0267546270844787,0.0113615539673813
180773.411807,2497366.126422,0.00220223894292531,0.00844191594788034,0.0119287942741787,0.967700495503762,0.00972655533125344,0
181273.411807,2497366.126422,0.0720704199523198,0.0768384375573079,0.00623509994498441,0.549422336328626,0.134971575279663,0.160462130937099
181773.411807,2497366.126422,0.00164925783397471,0.0481949789261499,0,0.639362286970863,0.0703683342495877,0.240425142019425
182273.411807,2497366.126422,0,0.0220223894292531,0,0.738851165351441,0.0306478252890439,0.208478619930262
182773.411807,2497366.126422,0,0.0135705116449661,0,0.701265358518247,0.0240234733174399,0.261140656519347
183273.411807,2497366.126422,0.00549752611324904,0.0458127176104087,0,0.46747297049661,0.061205790727506,0.420010995052226
183773.411807,2497366.126422,0.0034868783262984,0.0326665443200587,0,0.311616810423931,0.0671682877592219,0.58506147917049
184273.411807,2497366.126422,0.00513478818998716,0.0359435173299101,0,0.29194938565927,0.066018705299835,0.600953603520998
184773.411807,2497366.126422,0.00366501740883269,0.0214403518416712,0,0.259299981674913,0.0520432472054242,0.663551401869159
185273.411807,2497366.126422,0.0541383740135805,0.0972655533125344,0,0.427784914663241,0.0912093962194898,0.329601761791154
178273.411807,2496866.126422,0.0566868464501926,0.0396257567418822,0.002568336085122,0.792515134837644,0.0513667217024399,0.0572372041827188
178773.411807,2496866.126422,0,0,0.161538461538462,0.838461538461538,0,0
179273.411807,2496866.126422,0.015045871559633,0.0155963302752294,0.115412844036697,0.82605504587156,0.0222018348623853,0.00568807339449541
179773.411807,2496866.126422,0.0654925701706109,0.0339387268391121,0.0897083104017612,0.714914694551458,0.0511832691249312,0.0447624289121262
180273.411807,2496866.126422,0.0144688644688645,0.0333333333333333,0.000183150183150183,0.898717948717949,0.0360805860805861,0.0172161172161172
180773.411807,2496866.126422,0.0159633027522936,0.0152293577981651,0.011743119266055,0.928807339449541,0.0277064220183486,0.00055045871559633
181273.411807,2496866.126422,0.0315538433314988,0.016694184553293,0.000183452577508714,0.880939277196845,0.0460465969546872,0.0245826453861677
181773.411807,2496866.126422,0.0679487179487179,0.0626373626373626,0.000366300366300366,0.558608058608059,0.198717948717949,0.111721611721612
182273.411807,2496866.126422,0.0455045871559633,0.0365137614678899,0.00440366972477064,0.688623853211009,0.165871559633028,0.0590825688073394
182773.411807,2496866.126422,0.103467253714915,0.066042927903137,0,0.665932856356632,0.0871399743166392,0.0774169877086773
183273.411807,2496866.126422,0.0443223443223443,0.0371794871794872,0,0.803479853479854,0.0432234432234432,0.0717948717948718
183773.411807,2496866.126422,0.023302752293578,0.0348623853211009,0,0.823669724770642,0.0642201834862385,0.0539449541284404
184273.411807,2496866.126422,0.060906255732893,0.0161438268207668,0,0.809209319390937,0.0691616217207852,0.0445789763346175
184773.411807,2496866.126422,0.0364468864468864,0.0166666666666667,0,0.572344322344322,0.0620879120879121,0.312454212454212
185273.411807,2496866.126422,0.0196330275229358,0.0326605504587156,0,0.330091743119266,0.0634862385321101,0.554128440366973
178273.411807,2496366.126422,0.0492673992673993,0.0155677655677656,0.0159340659340659,0.866117216117216,0.0340659340659341,0.019047619047619
178773.411807,2496366.126422,0.00806747341400807,0.00348368170150348,0.109094242757609,0.876420975430876,0.00275027502750275,0.000183351668500183
179273.411807,2496366.126422,0.00366300366300366,0.0043956043956044,0.1003663003663,0.887545787545788,0.00402930402930403,0
179773.411807,2496366.126422,0.0421245421245421,0.0496336996336996,0.0104395604395604,0.760805860805861,0.0897435897435897,0.0472527472527473
180273.411807,2496366.126422,0.0506050605060506,0.030986431976531,0.022002200220022,0.770810414374771,0.118261826182618,0.00733406674000733
180773.411807,2496366.126422,0.0241758241758242,0.0397435897435897,0.0173992673992674,0.841391941391941,0.0600732600732601,0.0172161172161172
181273.411807,2496366.126422,0.0236263736263736,0.0285714285714286,0,0.857509157509157,0.08003663003663,0.0102564102564103
181773.411807,2496366.126422,0.0925925925925926,0.0542720938760543,0,0.5997433076641,0.127062706270627,0.126329299596626
182273.411807,2496366.126422,0.0831501831501831,0.034981684981685,0.000732600732600733,0.649267399267399,0.128571428571429,0.103296703296703
182773.411807,2496366.126422,0.0738095238095238,0.0285714285714286,0.00146520146520147,0.75018315018315,0.0945054945054945,0.0514652014652015
183273.411807,2496366.126422,0.0141180784745141,0.0166850018335167,0.000366703337000367,0.925009167583425,0.0298863219655299,0.0139347268060139
183773.411807,2496366.126422,0.128937728937729,0.124725274725275,0.000183150183150183,0.543772893772894,0.0648351648351648,0.137545787545788
184273.411807,2496366.126422,0.0965201465201465,0.0510989010989011,0,0.635714285714286,0.0946886446886447,0.121978021978022
184773.411807,2496366.126422,0.0727906123945728,0.0687568756875688,0,0.616061606160616,0.14044737807114,0.101943527686102
185273.411807,2496366.126422,0.159340659340659,0.0505494505494506,0,0.341208791208791,0.138644688644689,0.31025641025641
178773.411807,2495866.126422,0.0711013377313542,0.0711013377313542,0.00183250870441635,0.694337548103353,0.0765988638446033,0.0850284038849184
179273.411807,2495866.126422,0.0155991925123876,0.0119287942741787,0.0102771150669848,0.957606900348688,0.00256927876674619,0.00201871903101487
179773.411807,2495866.126422,0.004401247019989,0.0297084173849257,0.113515496057216,0.846139739592885,0.00623509994498441,0
180273.411807,2495866.126422,0.0126443100604728,0.0205240974894631,0.00659703133589885,0.892065237309877,0.0674363203225215,0.000733003481766538
180773.411807,2495866.126422,0.0222059093411635,0.034868783262984,0.0383556615892824,0.783630023857589,0.0662506881996697,0.0546889337493118
181273.411807,2495866.126422,0.0344764349899138,0.033192737942417,0.00898587933247754,0.845589583715386,0.0636346964973409,0.0141206675224647
181773.411807,2495866.126422,0.109767271394539,0.0437969580355507,0,0.589151548469855,0.115264797507788,0.142019424592267
182273.411807,2495866.126422,0.0818498807120573,0.0453294182418792,0.000183519911910442,0.723251972839053,0.0979996329601762,0.0513855753349238
182773.411807,2495866.126422,0.0410783055198973,0.0377773702549056,0.00770218228498074,0.826700898587933,0.077205208142307,0.00953603520997616
183273.411807,2495866.126422,0.0745831042697453,0.0793476269012278,0.00329851566794942,0.831042697452813,0.00623052959501558,0.00549752611324904
183773.411807,2495866.126422,0.0565241328684162,0.0653330886401175,0,0.754266837951918,0.0833180400073408,0.0405579005322077
184273.411807,2495866.126422,0.0511644966073721,0.0333761232349166,0.00623509994498441,0.753896937465615,0.145607922244636,0.0097194205024757
184773.411807,2495866.126422,0.0142935678944475,0.0276708814366868,0.00403151914971596,0.844969763606377,0.0991387209089243,0.00989554700384827
185273.411807,2495866.126422,0.0957973940172509,0.0504679757753716,0,0.318223527252707,0.14112681225913,0.39438429069554
179273.411807,2495366.126422,0.0293577981651376,0.0330275229357798,0.0222018348623853,0.893394495412844,0.011743119266055,0.0102752293577982
179773.411807,2495366.126422,0.000183452577508714,0.002568336085122,0.0273344340487984,0.965144010273344,0.00348559897266557,0.001284168042561
180273.411807,2495366.126422,0.0152014652014652,0.00384615384615385,0.102197802197802,0.875091575091575,0.00366300366300366,0
180773.411807,2495366.126422,0,0,0.0928440366972477,0.907155963302752,0,0
181273.411807,2495366.126422,0.0146762062006971,0.017978352595854,0.0748486516235553,0.891029168959824,0.00146762062006971,0
181773.411807,2495366.126422,0.0153846153846154,0.0152014652014652,0.00641025641025641,0.916666666666667,0.0347985347985348,0.0115384615384615
182273.411807,2495366.126422,0.0284403669724771,0.0532110091743119,0.00220183486238532,0.815229357798165,0.0785321100917431,0.0223853211009174
182773.411807,2495366.126422,0.0482480278847918,0.0429279031370391,0.000366905155017428,0.829205650339387,0.0544854155200881,0.0247660979636764
183273.411807,2495366.126422,0.124175824175824,0.184615384615385,0.0157509157509158,0.635531135531135,0.00128205128205128,0.0386446886446886
183773.411807,2495366.126422,0.298348623853211,0.126788990825688,0.00128440366972477,0.548073394495413,0.0111926605504587,0.0143119266055046
184273.411807,2495366.126422,0.282333516785911,0.0372408732342689,0.000183452577508714,0.317006053935058,0.274445055953036,0.0887910475142176
184773.411807,2495366.126422,0.0926739926739927,0.109340659340659,0.00622710622710623,0.624542124542125,0.117765567765568,0.0494505494505494
185273.411807,2495366.126422,0.0456880733944954,0.0906422018348624,0.00477064220183486,0.657798165137615,0.119633027522936,0.0814678899082569
179773.411807,2494866.126422,0.0111721611721612,0.0115384615384615,0.165567765567766,0.729120879120879,0.0327838827838828,0.0498168498168498
180273.411807,2494866.126422,0,0.000183351668500183,0.137880454712138,0.861936193619362,0,0
