"x","y","forest","agri","water","built","other","grass"
326273.411807,2724366.126422,0.368015892724112,0.114228954556742,0.0181276384405264,0.0312888005959772,0.0466848770797119,0.42165383660293
326773.411807,2724366.126422,0.70623292773777,0.00471815247082195,0.0196175813260492,0.00322820958529923,0.00521480009932953,0.26098832878073
327273.411807,2724366.126422,0.700695479384004,0.0750124192747144,0.0201192250372578,0.027819175360159,0.0280675608544461,0.148286140089419
327773.411807,2724366.126422,0.579836106282593,0.0216041718400795,0.0280605910106779,0.0394834864663521,0.0402284579091135,0.290787186491185
328273.411807,2724366.126422,0.855227216290042,0.0201142289545567,0.0191209336975416,0,0.000248323814253787,0.105289297243606
328773.411807,2724366.126422,0.233482364629906,0.282165921510184,0.0193740685543964,0.014903129657228,0.00894187779433681,0.441132637853949
329273.411807,2724366.126422,0.546064067544077,0.0727588775763596,0.0295505338962006,0.038490191209337,0.0278122671964241,0.285324062577601
329773.411807,2724366.126422,0.227961261484976,0.125155202383909,0.161907126893469,0.147752669481003,0.0742488204618823,0.26297491929476
330273.411807,2724366.126422,0.361649279682067,0.0784898161947342,0.0330352707401888,0.0511674118231495,0.0678092399403875,0.407848981619473
330773.411807,2724366.126422,0.0715172585050906,0.280109262478272,0.112987335485473,0.220014899428855,0.0881549540600944,0.227216290042215
331273.411807,2724366.126422,0.0623292773777005,0.178544822448473,0.18624286069034,0.310901415445741,0.103054382915322,0.158927241122424
331773.411807,2724366.126422,0.0692995529061103,0.147044212617983,0.0412319920516642,0.550670640834575,0.0663189269746647,0.125434674615002
332273.411807,2724366.126422,0.0578594487211324,0.0680407251055376,0.161907126893469,0.629252545319096,0.0397318102806059,0.0432083436801589
332773.411807,2724366.126422,0.0377452197665756,0.0918798112739012,0.137819716910852,0.621554507077229,0.0397318102806059,0.0712689346908369
333273.411807,2724366.126422,0.108792846497765,0.319175360158967,0.0558867362146051,0.249627421758569,0.0263288623944362,0.240188772975658
333773.411807,2724366.126422,0.219766575614601,0.315122920288056,0.0265706481251552,0.0516513533647877,0.0658058107772535,0.321082691830147
334273.411807,2724366.126422,0.107027563943382,0.180779736776757,0.0437049913086665,0.302706729575366,0.0620809535634467,0.303700024832381
334773.411807,2724366.126422,0.0844510680576254,0.18802781917536,0.050173869846001,0.42548435171386,0.104073522106309,0.147789369100845
335273.411807,2724366.126422,0.0203625527688105,0.195927489446238,0.486714675937422,0.169356841321083,0.0630742488204619,0.0645641917059846
335773.411807,2724366.126422,0.0357586292525453,0.13707474546809,0.385398559721877,0.201887260988329,0.0600943630494164,0.179786441519742
336273.411807,2724366.126422,0.300049677098857,0.094883258817685,0.15772478887233,0.125186289120715,0.0675608544461004,0.254595131644312
326273.411807,2723866.126422,0.338961277298587,0.02073775004588,0.00110111947146265,0.0209212699577904,0.0416590200036704,0.57661956322261
326773.411807,2723866.126422,0.833486154410416,0.000916926462497708,0,0,0.000183385292499542,0.165413533834586
327273.411807,2723866.126422,0.796591533809786,0.0102620487447315,0.000183250870441635,0.00183250870441635,0.00696353307678211,0.184167124793843
327773.411807,2723866.126422,0.661222242613324,0.009543035419343,0,0.00165167920719398,0.0102771150669848,0.317305927693155
328273.411807,2723866.126422,0.90408949202274,0.000183385292499542,0,0,0,0.0957271226847607
328773.411807,2723866.126422,0.566061938794209,0.0119113065787062,0,0.0139270661535642,0.0159428257284222,0.392156862745098
329273.411807,2723866.126422,0.883464855936869,0,0,0,0.000183519911910442,0.11635162415122
329773.411807,2723866.126422,0.690262240968274,0.0201723821749496,0,0.00366770584999083,0.00623509994498441,0.279662571061801
330273.411807,2723866.126422,0.529961517317207,0.0555250137438153,0.00274876305662452,0.0313358988455195,0.0339014110317024,0.346527396005131
330773.411807,2723866.126422,0.510919434758671,0.113231785648743,0.000367039823820885,0.0928610754266838,0.0361534226463571,0.246467241695724
331273.411807,2723866.126422,0.529616724738676,0.0632679259123418,0.0240234733174399,0.030808729139923,0.0403447643498991,0.31193838254172
331773.411807,2723866.126422,0.248121678577973,0.142019424592267,0.0212571009712296,0.373831775700935,0.061205790727506,0.15356422943009
332273.411807,2723866.126422,0.20352358230868,0.271609469627455,0.0284455863461186,0.077995962561938,0.0324830244081483,0.38594237474766
332773.411807,2723866.126422,0.100495140289749,0.246469833119384,0.0629011553273428,0.22794791857693,0.0467632495873831,0.315422703099211
333273.411807,2723866.126422,0.129924867143119,0.244823162910024,0.0120945574491479,0.252336448598131,0.0415979475902511,0.319223016309327
333773.411807,2723866.126422,0.0735914846760874,0.262616993943843,0.0379886217654616,0.308496971921453,0.0899247568361167,0.227381170857038
334273.411807,2723866.126422,0.107097010819732,0.237117183201907,0.0517146524848707,0.373005684944067,0.0792224463598019,0.15184302218962
334773.411807,2723866.126422,0.0929081913139087,0.167674546454096,0.0201575957485798,0.422943008979293,0.111233278358072,0.185083379146051
335273.411807,2723866.126422,0.0697375665259681,0.205542301339695,0.108643787850982,0.29895393650211,0.0824004404477886,0.234721967333456
335773.411807,2723866.126422,0.046396479002384,0.187786539519531,0.24390243902439,0.187236383642032,0.0874747845222813,0.247203374289382
336273.411807,2723866.126422,0.246472420743999,0.113798790544255,0.172988821696903,0.0542422576507238,0.0295033901411032,0.382994319223016
336773.411807,2723866.126422,0.186272710589099,0.022389429253074,0.465590016516792,0.14112681225913,0.000734079647641769,0.183886951734263
326273.411807,2723366.126422,0.731192660550459,0.00256880733944954,0,0.00256880733944954,0.00477064220183486,0.258899082568807
326773.411807,2723366.126422,0.821500642084021,0.00935608145294441,0,0.001284168042561,0.00275178866263071,0.165107319757843
327273.411807,2723366.126422,0.78021978021978,0.00457875457875458,0,0.000183150183150183,0,0.215018315018315
327773.411807,2723366.126422,0.837798165137615,0.0115596330275229,0,0.00036697247706422,0.00146788990825688,0.148807339449541
328273.411807,2723366.126422,0.869565217391304,0.000366905155017428,0,0.000183452577508714,0.000366905155017428,0.129517519721152
328773.411807,2723366.126422,0.473809523809524,0.0315018315018315,0,0.0393772893772894,0.00952380952380952,0.445787545787546
329273.411807,2723366.126422,0.832293577981651,0.00073394495412844,0,0,0,0.16697247706422
329773.411807,2723366.126422,0.888827738029719,0.000183452577508714,0,0.00110071546505228,0.001284168042561,0.108603925885159
330273.411807,2723366.126422,0.621428571428571,0.0186813186813187,0.00238095238095238,0.0291208791208791,0.0353479853479853,0.293040293040293
330773.411807,2723366.126422,0.830275229357798,0.0121100917431193,0.00275229357798165,0.00899082568807339,0.0205504587155963,0.125321100917431
331273.411807,2723366.126422,0.795083470922766,0.0106402494955054,0,0.000733810310034856,0.00532012474775271,0.188222344523941
331773.411807,2723366.126422,0.613553113553114,0.0256410256410256,0.0032967032967033,0.045970695970696,0.0212454212454212,0.29029304029304
332273.411807,2723366.126422,0.232660550458716,0.127522935779817,0.0609174311926605,0.222752293577982,0.0873394495412844,0.268807339449541
332773.411807,2723366.126422,0.412951751972115,0.129517519721152,0.0583379196477711,0.157402311502477,0.0667767382131719,0.175013758943313
333273.411807,2723366.126422,0.211538461538462,0.128021978021978,0.0844322344322344,0.315384615384615,0.095970695970696,0.164652014652015
333773.411807,2723366.126422,0.061651376146789,0.193394495412844,0.0623853211009174,0.462018348623853,0.10256880733945,0.117981651376147
334273.411807,2723366.126422,0.0223812144560631,0.20546688680976,0.112272977435333,0.432764630343056,0.0963126031920749,0.130801687763713
334773.411807,2723366.126422,0.0679487179487179,0.242307692307692,0.0413919413919414,0.413186813186813,0.108058608058608,0.127106227106227
335273.411807,2723366.126422,0.013394495412844,0.398348623853211,0.0605504587155963,0.188256880733945,0.068256880733945,0.271192660550459
335773.411807,2723366.126422,0.0649422124380847,0.213355347642634,0.138873601174097,0.238304898183819,0.0928270042194093,0.251696936341956
336273.411807,2723366.126422,0.223992673992674,0.134065934065934,0.0241758241758242,0.11025641025641,0.0860805860805861,0.421428571428571
336773.411807,2723366.126422,0.385871559633028,0.0754128440366972,0.0730275229357798,0.0688073394495413,0.0310091743119266,0.365871559633028
326273.411807,2722866.126422,0.678937728937729,0.00164835164835165,0,0,0,0.319413919413919
326773.411807,2722866.126422,0.889194139194139,0.0032967032967033,0,0.000183150183150183,0.00146520146520147,0.105860805860806
327273.411807,2722866.126422,0.88045471213788,0,0,0,0,0.11954528786212
327773.411807,2722866.126422,0.834981684981685,0.0263736263736264,0.000183150183150183,0.00512820512820513,0.010989010989011,0.122344322344322
328273.411807,2722866.126422,0.865934065934066,0.0146520146520147,0,0.000549450549450549,0.0010989010989011,0.117765567765568
328773.411807,2722866.126422,0.911807847451412,0.00183351668500183,0,0.000183351668500183,0.000366703337000367,0.0858085808580858
329273.411807,2722866.126422,0.858608058608059,0.00311355311355311,0,0,0.000915750915750916,0.137362637362637
329773.411807,2722866.126422,0.935897435897436,0.0010989010989011,0,0.000549450549450549,0.000366300366300366,0.0620879120879121
330273.411807,2722866.126422,0.737257059039237,0.000916758342500917,0,0.0033003300330033,0.00403373670700403,0.254492115878254
330773.411807,2722866.126422,0.748717948717949,0.0225274725274725,0.000549450549450549,0.0032967032967033,0.00805860805860806,0.216849816849817
331273.411807,2722866.126422,0.888461538461538,0.00146520146520147,0,0,0.000366300366300366,0.10970695970696
331773.411807,2722866.126422,0.735056839017235,0.0128346167950128,0,0,0.00055005500550055,0.251558489182252
332273.411807,2722866.126422,0.40989010989011,0.0873626373626374,0.0021978021978022,0.0683150183150183,0.0813186813186813,0.350915750915751
332773.411807,2722866.126422,0.618315018315018,0.0216117216117216,0.0285714285714286,0.0457875457875458,0.0227106227106227,0.263003663003663
333273.411807,2722866.126422,0.823799046571324,0.00861752841950862,0.0011001100110011,0.0161349468280161,0.0137513751375138,0.136596993032637
333773.411807,2722866.126422,0.441941391941392,0.0840659340659341,0.115201465201465,0.217216117216117,0.0448717948717949,0.0967032967032967
334273.411807,2722866.126422,0.621978021978022,0.0994505494505494,0.00787545787545788,0.107142857142857,0.0164835164835165,0.147069597069597
334773.411807,2722866.126422,0.134763476347635,0.167583425009168,0.0568390172350568,0.3005133846718,0.0663733039970664,0.273927392739274
335273.411807,2722866.126422,0.30018315018315,0.0336996336996337,0.205860805860806,0.29981684981685,0.0353479853479853,0.125091575091575
335773.411807,2722866.126422,0.433882783882784,0.126739926739927,0.0010989010989011,0.0278388278388278,0.0690476190476191,0.341391941391941
336273.411807,2722866.126422,0.222405573890722,0.221305463879721,0.0242024202420242,0.119178584525119,0.0957095709570957,0.317198386505317
336773.411807,2722866.126422,0.193040293040293,0.198351648351648,0.0153846153846154,0.191025641025641,0.097985347985348,0.304212454212454
337273.411807,2722866.126422,0.292857142857143,0.0847985347985348,0.0831501831501831,0.0615384615384615,0.0514652014652015,0.426190476190476
326273.411807,2722366.126422,0.819599926592035,0.00789135621214902,0,0.000550559735731327,0.00220223894292531,0.169755918517159
326773.411807,2722366.126422,0.878048780487805,0.0121034293049697,0,0.00458463231248854,0.00898587933247754,0.0962772785622593
327273.411807,2722366.126422,0.820780648708081,0.000916254352208173,0,0.000366501740883269,0.000733003481766538,0.177203591717061
327773.411807,2722366.126422,0.813543769498991,0.00256927876674619,0,0.00165167920719398,0.0047715177096715,0.177463754817398
328273.411807,2722366.126422,0.795158628278012,0.0216394645149459,0,0.00183385292499542,0.00293416467999266,0.178433889602054
328773.411807,2722366.126422,0.901227780831959,0.00769653655854865,0,0.000549752611324904,0.00219901044529962,0.0883269195528679
329273.411807,2722366.126422,0.729858689667829,0.000550559735731327,0,0,0.000183519911910442,0.269407230684529
329773.411807,2722366.126422,0.737392261140656,0.000550155877498625,0,0,0,0.262057582981845
330273.411807,2722366.126422,0.805204324720542,0,0,0,0,0.194795675279458
330773.411807,2722366.126422,0.853184070471646,0.0192695907505964,0,0.00201871903101487,0.0047715177096715,0.120756102037071
331273.411807,2722366.126422,0.849624060150376,0,0,0,0,0.150375939849624
331773.411807,2722366.126422,0.809968847352025,0.000549752611324904,0,0,0.000183250870441635,0.189298149166209
332273.411807,2722366.126422,0.50229399889888,0.119104422829877,0.0209212699577904,0.044411818682327,0.026977427050835,0.28629106258029
332773.411807,2722366.126422,0.432422519713919,0.0867412433522831,0.0368604437924078,0.0467632495873831,0.0328259673574179,0.364386576196589
333273.411807,2722366.126422,0.475719259666483,0.117280557082646,0.00586402785413231,0.120212571009712,0.0544255085211655,0.22649807586586
333773.411807,2722366.126422,0.60157827124243,0.05395485410167,0.0330335841438796,0.110111947146265,0.0660671682877592,0.135254175077996
334273.411807,2722366.126422,0.432422519713919,0.124701998899688,0.0342930496974143,0.147441775169631,0.0966440491472584,0.164496607372089
334773.411807,2722366.126422,0.376580538757559,0.173355323437786,0.009529045262965,0.188381894814,0.0831958951805021,0.168957302547187
335273.411807,2722366.126422,0.833363919985318,0.00146815929528354,0.0458799779776106,0.00201871903101487,0.00513855753349238,0.11213066617728
335773.411807,2722366.126422,0.731523931780671,0,0,0.000183385292499542,0.00110031175499725,0.267192371171832
336273.411807,2722366.126422,0.706432105552501,0.000549752611324904,0,0.000549752611324904,0.000733003481766538,0.291735385743082
336773.411807,2722366.126422,0.672783997063681,0.00623967700495504,0,0.00201871903101487,0.00605615709304459,0.312901449807304
337273.411807,2722366.126422,0.328259673574179,0.0258573262424354,0.0473134054648817,0.163212910324592,0.0280579497524299,0.407298734641482
337773.411807,2722366.126422,0.15466373465274,0.0337181601612608,0.00989554700384827,0.394355873190398,0.0335349092908191,0.373831775700935
338273.411807,2722366.126422,0.240044044778859,0.00917599559552211,0.00183519911910442,0.0513855753349238,0.0234905487245366,0.674068636447055
326273.411807,2721866.126422,0.844403669724771,0.0431192660550459,0,0.00825688073394495,0.0234862385321101,0.0807339449541284
326773.411807,2721866.126422,0.762795817281233,0.001284168042561,0,0.00110071546505228,0.00201797835259585,0.232801320858558
327273.411807,2721866.126422,0.878754578754579,0,0,0.000366300366300366,0.000183150183150183,0.120695970695971
327773.411807,2721866.126422,0.953761467889908,0.00477064220183486,0,0,0,0.0414678899082569
328273.411807,2721866.126422,0.807741698770868,0,0,0.00165107319757843,0.00293524124013942,0.187671986791414
328773.411807,2721866.126422,0.771611721611722,0,0,0,0,0.228388278388278
329273.411807,2721866.126422,0.904770642201835,0.00036697247706422,0,0,0.00055045871559633,0.0943119266055046
329773.411807,2721866.126422,0.906439185470556,0.000733810310034856,0,0.000733810310034856,0.000733810310034856,0.0913593835993396
330273.411807,2721866.126422,0.908241758241758,0.00256410256410256,0,0,0.00238095238095238,0.0868131868131868
330773.411807,2721866.126422,0.880183486238532,0.00568807339449541,0,0,0.000917431192660551,0.113211009174312
331273.411807,2721866.126422,0.918363603008622,0,0,0,0,0.0816363969913777
331773.411807,2721866.126422,0.878021978021978,0.00641025641025641,0.000183150183150183,0.00347985347985348,0.000732600732600733,0.111172161172161
332273.411807,2721866.126422,0.658348623853211,0.0462385321100917,0.0310091743119266,0.046605504587156,0.015045871559633,0.202752293577982
332773.411807,2721866.126422,0.868647954503761,0.00220143093010457,0,0,0.000366905155017428,0.128783709411117
333273.411807,2721866.126422,0.903846153846154,0.00238095238095238,0,0.000183150183150183,0.0010989010989011,0.0924908424908425
333773.411807,2721866.126422,0.93394495412844,0,0,0.00055045871559633,0.00146788990825688,0.0640366972477064
334273.411807,2721866.126422,0.654375343973583,0.0370574206567602,0,0.011557512383049,0.0332049165290772,0.263804806457531
334773.411807,2721866.126422,0.405494505494505,0.160805860805861,0.000549450549450549,0.11043956043956,0.0840659340659341,0.238644688644689
335273.411807,2721866.126422,0.85045871559633,0.00605504587155963,0,0.00018348623853211,0.00220183486238532,0.141100917431193
335773.411807,2721866.126422,0.802788479178132,0.0278847917813245,0.000183452577508714,0.0368739680792515,0.0207301412584847,0.111539167125298
336273.411807,2721866.126422,0.785714285714286,0.0256410256410256,0,0.00476190476190476,0.00714285714285714,0.176739926739927
336773.411807,2721866.126422,0.386422018348624,0.0686238532110092,0.141834862385321,0.149357798165138,0.035045871559633,0.218715596330275
326273.411807,2721366.126422,0.841208791208791,0.0227106227106227,0,0.0104395604395604,0.015018315018315,0.110622710622711
326773.411807,2721366.126422,0.883516483516483,0.00164835164835165,0,0.00311355311355311,0.00421245421245421,0.107509157509158
327273.411807,2721366.126422,0.82966629996333,0.00311697836450312,0,0.00055005500550055,0.00055005500550055,0.166116611661166
327773.411807,2721366.126422,0.830769230769231,0.0340659340659341,0,0.000366300366300366,0.00201465201465201,0.132783882783883
328273.411807,2721366.126422,0.934065934065934,0.00274725274725275,0,0,0,0.0631868131868132
328773.411807,2721366.126422,0.923909057572424,0.00293362669600293,0,0,0,0.0731573157315732
329273.411807,2721366.126422,0.949450549450549,0,0,0,0,0.0505494505494506
329773.411807,2721366.126422,0.948534798534798,0.00567765567765568,0,0,0,0.0457875457875458
330273.411807,2721366.126422,0.95966263292996,0.0022002200220022,0,0,0.000183351668500183,0.037953795379538
330773.411807,2721366.126422,0.907509157509158,0.0139194139194139,0.00366300366300366,0.00476190476190476,0.00915750915750916,0.060989010989011
331273.411807,2721366.126422,0.898901098901099,0.0043956043956044,0.00476190476190476,0.00732600732600733,0.00384615384615385,0.0807692307692308
331773.411807,2721366.126422,0.614411441144114,0.0676567656765677,0.0328199486615328,0.0381371470480381,0.0324532453245325,0.214521452145215
332273.411807,2721366.126422,0.627106227106227,0.0287545787545788,0.00146520146520147,0.0351648351648352,0.0287545787545788,0.278754578754579
332773.411807,2721366.126422,0.873443223443223,0.00695970695970696,0,0.00164835164835165,0.00860805860805861,0.109340659340659
333273.411807,2721366.126422,0.923359002566923,0.00183351668500183,0,0.00055005500550055,0.00128346167950128,0.072973964063073
333773.411807,2721366.126422,0.938644688644689,0.000366300366300366,0,0,0.000915750915750916,0.0600732600732601
334273.411807,2721366.126422,0.446886446886447,0.0393772893772894,0.0177655677655678,0.221794871794872,0.0846153846153846,0.18956043956044
334773.411807,2721366.126422,0.233223322332233,0.0685735240190686,0.0548221488815548,0.424825815914925,0.0924092409240924,0.126145947928126
335273.411807,2721366.126422,0.484432234432234,0.0615384615384615,0.0225274725274725,0.184249084249084,0.105128205128205,0.142124542124542
335773.411807,2721366.126422,0.237912087912088,0.0772893772893773,0.0316849816849817,0.433699633699634,0.114102564102564,0.105311355311355
336273.411807,2721366.126422,0.142647598093143,0.0832416574990832,0.0891089108910891,0.495782911624496,0.0748074807480748,0.114411441144114
336773.411807,2721366.126422,0.0518315018315018,0.0796703296703297,0.195238095238095,0.54047619047619,0.0681318681318681,0.0646520146520147
337773.411807,2721366.126422,0,0.00256692335900257,0,0.997433076640997,0,0
326273.411807,2720866.126422,0.806386492934483,0.0594604514589833,0,0.00330335841438796,0.0161497522481189,0.114699944944026
326773.411807,2720866.126422,0.898771318540253,0.0212726939299468,0,0.000733541169998166,0.0022006235099945,0.0770218228498075
327273.411807,2720866.126422,0.902327286054609,0.0148433205057724,0.00128275609309144,0.00293201392706615,0.00971229613340663,0.0689023272860546
327773.411807,2720866.126422,0.962011378234538,0.00367039823820885,0,0.000367039823820885,0.000183519911910442,0.0337676637915214
328273.411807,2720866.126422,0.930863744727673,0.00128369704749679,0,0,0,0.0678525582248304
328773.411807,2720866.126422,0.960417811984607,0.000549752611324904,0,0.00549752611324904,0.00604727872457394,0.0274876305662452
329273.411807,2720866.126422,0.809689851348871,0.0379886217654616,0.00403743806202973,0.0034868783262984,0.00789135621214902,0.13690585428519
329773.411807,2720866.126422,0.847240051347882,0.0601503759398496,0,0.00128369704749679,0.00623509994498441,0.0850907757197873
330273.411807,2720866.126422,0.82059739783764,0.0452629649990837,0.00623052959501558,0.0126443100604728,0.0183250870441635,0.0969397104636247
330773.411807,2720866.126422,0.824371444301707,0.0411084602679391,0.0185355111029547,0.0137639933932832,0.0196366305744173,0.082583960359699
331273.411807,2720866.126422,0.794975242985513,0.0544654318723638,0.0258573262424354,0.0240234733174399,0.0267742527049331,0.0739042728773152
331773.411807,2720866.126422,0.951621770203408,0,0,0,0.00128275609309144,0.0470954737035001
332273.411807,2720866.126422,0.635529454945862,0.0172508717195816,0.00880895577170123,0.0328500642319692,0.0229399889888053,0.282620664342081
332773.411807,2720866.126422,0.901338712635247,0.000550155877498625,0,0,0,0.0981111314872547
333273.411807,2720866.126422,0.86439435587319,0.000916254352208173,0,0.00403151914971596,0.00769653655854865,0.122961334066337
333773.411807,2720866.126422,0.917783079464122,0,0,0,0,0.0822169205358781
334273.411807,2720866.126422,0.759398496240602,0.0122868145974693,0.000366770584999083,0.0306253438474234,0.0198056115899505,0.177516963139556
334773.411807,2720866.126422,0.348176653839106,0.0384826827927433,0.0131940626717977,0.210555250137438,0.0806303829943192,0.308960967564596
335273.411807,2720866.126422,0.230868049183336,0.076344283354744,0.0185355111029547,0.224811892090292,0.0917599559552211,0.357680308313452
335773.411807,2720866.126422,0.454245369521364,0.0557491289198606,0.0326425820649184,0.17183201907207,0.048413717219879,0.237117183201907
336273.411807,2720866.126422,0.14018691588785,0.104819497892615,0.0291368884002199,0.40809968847352,0.129741616272677,0.188015393073117
336773.411807,2720866.126422,0.500091759955955,0.0945127546338778,0.00660671682877592,0.0655166085520279,0.0526702147182969,0.280601945311066
337273.411807,2720866.126422,0.00953603520997616,0.230515312671924,0.0896754080322758,0.513112048413717,0.0280579497524299,0.129103245919677
326273.411807,2720366.126422,0.884770642201835,0.0201834862385321,0,0.0018348623853211,0.0240366972477064,0.0691743119266055
326773.411807,2720366.126422,0.907539900935608,0.00825536598789213,0,0.000183452577508714,0.00091726288754357,0.0831040176114474
327273.411807,2720366.126422,0.929304029304029,0.0173992673992674,0,0.00201465201465201,0.00805860805860806,0.0432234432234432
327773.411807,2720366.126422,0.956697247706422,0,0,0,0,0.043302752293578
328273.411807,2720366.126422,0.789029535864979,0.0442120711796001,0.00440286186020914,0.00770500825536599,0.0133920381581361,0.14125848468171
328773.411807,2720366.126422,0.784065934065934,0.0622710622710623,0.00256410256410256,0.00531135531135531,0.0177655677655678,0.128021978021978
329273.411807,2720366.126422,0.810091743119266,0.0326605504587156,0.0111926605504587,0.0100917431192661,0.0236697247706422,0.112293577981651
329773.411807,2720366.126422,0.924050632911392,0.0242157402311502,0.00146762062006971,0.00220143093010457,0.0078884608328747,0.0401761144744084
330273.411807,2720366.126422,0.92967032967033,0.00274725274725275,0,0.000183150183150183,0.000183150183150183,0.0672161172161172
330773.411807,2720366.126422,0.969724770642202,0,0,0.0036697247706422,0.00587155963302752,0.0207339449541284
331273.411807,2720366.126422,0.801871216290589,0.00165107319757843,0,0.0126582278481013,0.0146762062006971,0.169143276463034
331773.411807,2720366.126422,0.730952380952381,0.0221611721611722,0.00164835164835165,0.0249084249084249,0.0304029304029304,0.18992673992674
332273.411807,2720366.126422,0.929724770642202,0.00477064220183486,0,0.00036697247706422,0.00385321100917431,0.0612844036697248
332773.411807,2720366.126422,0.938910291689598,0.0108237020730141,0,0.00311869381764814,0.00587048248027885,0.0412768299394606
333273.411807,2720366.126422,0.943956043956044,0,0,0,0.000183150183150183,0.0558608058608059
333773.411807,2720366.126422,0.923853211009174,0,0,0,0.00018348623853211,0.0759633027522936
334273.411807,2720366.126422,0.781874885342139,0.0209135938359934,0,0.000550357732526142,0.002568336085122,0.194092827004219
334773.411807,2720366.126422,0.824175824175824,0.000549450549450549,0,0.000183150183150183,0.000549450549450549,0.174542124542125
335273.411807,2720366.126422,0.764403669724771,0.0122935779816514,0,0.00422018348623853,0.015045871559633,0.204036697247706
335773.411807,2720366.126422,0.240139423958907,0.063474591818015,0.0337552742616034,0.507062924234085,0.0618235186204366,0.0937442671069529
336273.411807,2720366.126422,0.232051282051282,0.102014652014652,0.121245421245421,0.355494505494506,0.047985347985348,0.141208791208791
336773.411807,2720366.126422,0.728990825688073,0.0144954128440367,0.00678899082568807,0.0223853211009174,0.0179816513761468,0.209357798165138
337273.411807,2720366.126422,0.417354613832324,0.0766831773986425,0.0284351495138507,0.127316088791048,0.08273711245643,0.267473858007705
326273.411807,2719866.126422,0.963553113553114,0.000366300366300366,0,0,0,0.0360805860805861
326773.411807,2719866.126422,0.942307692307692,0,0,0,0,0.0576923076923077
327273.411807,2719866.126422,0.981481481481482,0.00238357169050238,0,0.000183351668500183,0.00055005500550055,0.0154015401540154
327773.411807,2719866.126422,0.943589743589744,0.013003663003663,0,0.000732600732600733,0.00201465201465201,0.0406593406593407
328273.411807,2719866.126422,0.92948717948718,0.0124542124542125,0,0.0032967032967033,0.0100732600732601,0.0446886446886447
328773.411807,2719866.126422,0.945727906123946,0.0102676934360103,0,0.000183351668500183,0.00055005500550055,0.0432709937660433
329273.411807,2719866.126422,0.944688644688645,0.00586080586080586,0,0.00531135531135531,0.0155677655677656,0.0285714285714286
329773.411807,2719866.126422,0.940659340659341,0.00695970695970696,0,0.0122710622710623,0.0153846153846154,0.0247252747252747
330273.411807,2719866.126422,0.932709937660433,0.0121012101210121,0,0.00421708837550422,0.00641730839750642,0.0445544554455446
330773.411807,2719866.126422,0.923443223443223,0.010989010989011,0,0.00402930402930403,0.00695970695970696,0.0545787545787546
331273.411807,2719866.126422,0.786996336996337,0.00769230769230769,0.00146520146520147,0.0155677655677656,0.0245421245421245,0.163736263736264
331773.411807,2719866.126422,0.929042904290429,0.000916758342500917,0,0,0.000733406674000733,0.0693069306930693
332273.411807,2719866.126422,0.945787545787546,0.00183150183150183,0,0.0010989010989011,0.00347985347985348,0.0478021978021978
332773.411807,2719866.126422,0.905494505494505,0.000549450549450549,0,0.000549450549450549,0.00146520146520147,0.0919413919413919
333273.411807,2719866.126422,0.863586358635864,0.00165016501650165,0,0,0.00256692335900257,0.132196552988632
333773.411807,2719866.126422,0.876923076923077,0.0010989010989011,0,0.00128205128205128,0.00238095238095238,0.118315018315018
334273.411807,2719866.126422,0.61996336996337,0.00201465201465201,0,0,0.00164835164835165,0.376373626373626
334773.411807,2719866.126422,0.783278327832783,0.00476714338100477,0,0,0.000366703337000367,0.211587825449212
335273.411807,2719866.126422,0.864285714285714,0.000366300366300366,0,0.00201465201465201,0.00366300366300366,0.12967032967033
335773.411807,2719866.126422,0.263003663003663,0.106227106227106,0.013003663003663,0.377838827838828,0.0681318681318681,0.171794871794872
336273.411807,2719866.126422,0.605243857719105,0.022002200220022,0.0377704437110378,0.146131279794646,0.0245691235790246,0.164283094976164
336773.411807,2719866.126422,0.86043956043956,0.0104395604395604,0,0.00402930402930403,0.0142857142857143,0.110805860805861
337273.411807,2719866.126422,0.655128205128205,0.0236263736263736,0.00677655677655678,0.0626373626373626,0.0302197802197802,0.221611721611722
337773.411807,2719866.126422,0.0271360469380271,0.00843417675100843,0.171433810047671,0.768243491015768,0.0236523652365237,0.0011001100110011
338273.411807,2719866.126422,0.127106227106227,0.0681318681318681,0.206410256410256,0.427106227106227,0.0336996336996337,0.137545787545788
326273.411807,2719366.126422,0.964213617177464,0.00110111947146265,0,0.00311983850247752,0.00513855753349238,0.0264268673151037
326773.411807,2719366.126422,0.981111314872547,0.00183385292499542,0,0,0,0.0170548322024574
327273.411807,2719366.126422,0.963533076782115,0.0053142752428074,0,0,0.000183250870441635,0.0309693971046362
327773.411807,2719366.126422,0.935400991007524,0.0104606349788952,0,0.000367039823820885,0.000550559735731327,0.0532207744540283
328273.411807,2719366.126422,0.951402897487622,0.00476801760498808,0,0,0.000366770584999083,0.0434623143223913
328773.411807,2719366.126422,0.95400403151915,0.0113615539673813,0,0.00256551218618288,0.0109950522264981,0.021073850100788
329273.411807,2719366.126422,0.923472196733346,0.0291796659937603,0,0.00201871903101487,0.00789135621214902,0.0374380620297302
329773.411807,2719366.126422,0.933064368237667,0.0113698881349716,0.000183385292499542,0.0066018705299835,0.00861910874747845,0.0401613790573996
330273.411807,2719366.126422,0.914421843503757,0.034084661902144,0,0.0100787978742899,0.0201575957485798,0.0212571009712296
330773.411807,2719366.126422,0.95834097999633,0.00256927876674619,0,0.00513855753349238,0.00752431638832813,0.0264268673151037
331273.411807,2719366.126422,0.787639831285531,0.0159545204474601,0.004401247019989,0.0159545204474601,0.028791490922428,0.147258389877132
331773.411807,2719366.126422,0.881070185083379,0.0177753344328386,0,0.00311526479750779,0.0128275609309144,0.0852116547553601
332273.411807,2719366.126422,0.87538997981281,0.00587263718113415,0,0.00513855753349238,0.0126628739218205,0.100935951550743
332773.411807,2719366.126422,0.849624060150376,0.00110031175499725,0,0,0.000733541169998166,0.148542086924629
333273.411807,2719366.126422,0.831958951805021,0.0137438152831226,0,0.000366501740883269,0.00201575957485798,0.151914971596115
333773.411807,2719366.126422,0.908423563956689,0.00183519911910442,0,0,0,0.0897412369242063
334273.411807,2719366.126422,0.896387309737759,0,0,0,0,0.103612690262241
334773.411807,2719366.126422,0.840388491845336,0.00128275609309144,0,0.00842954004031519,0.00678028220634048,0.143118929814917
335273.411807,2719366.126422,0.841255276197467,0,0,0,0,0.158744723802533
335773.411807,2719366.126422,0.399779937649001,0.0744544287548139,0.0179717586649551,0.235650100861911,0.046396479002384,0.225747295066936
336273.411807,2719366.126422,0.216785779732454,0.111783030969397,0.0643210555250137,0.241707898112516,0.135422393256368,0.229979842404251
336773.411807,2719366.126422,0.728757570196366,0.0486327766562672,0.00110111947146265,0.000917599559552211,0.0100935951550743,0.210497338961277
337273.411807,2719366.126422,0.758664955070603,0.0194388410049514,0.00330093526499175,0.0408949202273978,0.0280579497524299,0.149642398679626
337773.411807,2719366.126422,0.571925966648342,0.0276708814366868,0.0447132123877588,0.203225215319773,0.0502107385010079,0.102253985706432
338273.411807,2719366.126422,0.0811158010644155,0.0361534226463571,0.325013763993393,0.394751330519361,0.057258212516058,0.105707469260415
326273.411807,2718866.126422,0.914311926605505,0.00330275229357798,0,0.0148623853211009,0.00660550458715596,0.0609174311926605
326773.411807,2718866.126422,0.960924600990644,0.00752155567785727,0,0.00110071546505228,0.00275178866263071,0.0277013392038158
327273.411807,2718866.126422,0.936813186813187,0.0117216117216117,0,0.00201465201465201,0.00769230769230769,0.0417582417582418
327773.411807,2718866.126422,0.885137614678899,0.0423853211009174,0.00128440366972477,0.0073394495412844,0.0139449541284404,0.0499082568807339
328273.411807,2718866.126422,0.936158503026968,0.0146762062006971,0,0.00275178866263071,0.0091726288754357,0.0372408732342689
328773.411807,2718866.126422,0.827106227106227,0.0216117216117216,0.00128205128205128,0.0327838827838828,0.105677655677656,0.0115384615384615
329273.411807,2718866.126422,0.918715596330275,0.0332110091743119,0,0.00990825688073394,0.0203669724770642,0.0177981651376147
329773.411807,2718866.126422,0.937075765914511,0.00587048248027885,0,0.0110071546505228,0.017978352595854,0.0280682443588332
330273.411807,2718866.126422,0.92948717948718,0.0203296703296703,0,0.00659340659340659,0.0102564102564103,0.0333333333333333
330773.411807,2718866.126422,0.967155963302752,0.00146788990825688,0,0.00146788990825688,0.0036697247706422,0.0262385321100917
331273.411807,2718866.126422,0.742249128600257,0.0177949000183453,0.000366905155017428,0.024399192808659,0.0271509814712897,0.188038891946432
331773.411807,2718866.126422,0.919047619047619,0.00824175824175824,0,0.000183150183150183,0.00238095238095238,0.0701465201465201
332273.411807,2718866.126422,0.916146788990826,0.0104587155963303,0,0.00605504587155963,0.0176146788990826,0.0497247706422018
332773.411807,2718866.126422,0.889194643184737,0.0194459732159237,0.000550357732526142,0.00843881856540084,0.0236653824986241,0.0587048248027885
333273.411807,2718866.126422,0.926739926739927,0.00512820512820513,0,0.00677655677655678,0.0117216117216117,0.0496336996336996
333773.411807,2718866.126422,0.849724770642202,0.00678899082568807,0,0.00055045871559633,0.00440366972477064,0.138532110091743
334273.411807,2718866.126422,0.466336452027151,0.0258668134287287,0.00091726288754357,0.0139423958906623,0.0242157402311502,0.468721335534764
334773.411807,2718866.126422,0.462087912087912,0.0521978021978022,0,0.0283882783882784,0.0269230769230769,0.43040293040293
335273.411807,2718866.126422,0.397064220183486,0.0603669724770642,0.00330275229357798,0.0308256880733945,0.0438532110091743,0.464587155963303
335773.411807,2718866.126422,0.323610346725371,0.0693450742982939,0.00990643918547056,0.0816363969913777,0.0601724454228582,0.455329297376628
336273.411807,2718866.126422,0.54047619047619,0.0906593406593407,0.0175824175824176,0.0571428571428571,0.0807692307692308,0.213369963369963
336773.411807,2718866.126422,0.77908256880734,0.0528440366972477,0.0119266055045872,0.0245871559633028,0.0414678899082569,0.0900917431192661
337273.411807,2718866.126422,0.732342689414786,0.00752155567785727,0,0.00275178866263071,0.00532012474775271,0.252063841496973
337773.411807,2718866.126422,0.785347985347985,0.023992673992674,0.00366300366300366,0.0234432234432234,0.032051282051282,0.131501831501832
326273.411807,2718366.126422,0.962087912087912,0.0100732600732601,0,0.00201465201465201,0.00476190476190476,0.0210622710622711
326773.411807,2718366.126422,0.933516483516484,0.0276556776556777,0,0.000366300366300366,0.00384615384615385,0.0346153846153846
327273.411807,2718366.126422,0.881371470480381,0.0196186285295196,0.00366703337000367,0.00898423175650898,0.0137513751375138,0.0726072607260726
327773.411807,2718366.126422,0.977655677655678,0.00494505494505494,0.000366300366300366,0.00274725274725275,0.0102564102564103,0.00402930402930403
328273.411807,2718366.126422,0.966849816849817,0.0212454212454212,0.000732600732600733,0.00146520146520147,0.0032967032967033,0.00641025641025641
328773.411807,2718366.126422,0.845434543454345,0.0414374770810414,0,0.01998533186652,0.0647231389805647,0.0284195086175284
329273.411807,2718366.126422,0.887362637362637,0.0456043956043956,0.0021978021978022,0.00164835164835165,0.0175824175824176,0.0456043956043956
329773.411807,2718366.126422,0.898717948717949,0.0492673992673993,0,0.000183150183150183,0.00201465201465201,0.0498168498168498
330273.411807,2718366.126422,0.959112577924459,0.0044004400440044,0,0.00055005500550055,0.00366703337000367,0.0322698936560323
330773.411807,2718366.126422,0.929120879120879,0.00677655677655678,0,0.00604395604395604,0.0137362637362637,0.0443223443223443
331273.411807,2718366.126422,0.843223443223443,0.0265567765567766,0.000366300366300366,0.00714285714285714,0.0188644688644689,0.103846153846154
331773.411807,2718366.126422,0.946094609460946,0.0176017601760176,0,0.00366703337000367,0.0139347268060139,0.0187018701870187
332273.411807,2718366.126422,0.917765567765568,0.0159340659340659,0,0.00164835164835165,0.0032967032967033,0.0613553113553114
332773.411807,2718366.126422,0.905494505494505,0.000183150183150183,0,0.000732600732600733,0.00879120879120879,0.0847985347985348
333273.411807,2718366.126422,0.982398239823982,0,0,0.000183351668500183,0.000366703337000367,0.0170517051705171
333773.411807,2718366.126422,0.881318681318681,0.000915750915750916,0,0.000183150183150183,0.000366300366300366,0.117216117216117
334273.411807,2718366.126422,0.61978021978022,0.0142857142857143,0,0.00164835164835165,0.00989010989010989,0.354395604395604
334773.411807,2718366.126422,0.695086175284195,0.0144847818115145,0,0.000733406674000733,0.00238357169050238,0.287312064539787
335273.411807,2718366.126422,0.926007326007326,0.000915750915750916,0,0.000183150183150183,0.000183150183150183,0.0727106227106227
335773.411807,2718366.126422,0.476190476190476,0.0787545787545788,0.0155677655677656,0.0906593406593407,0.0362637362637363,0.302564102564103
336273.411807,2718366.126422,0.835350201686835,0.0410707737440411,0,0.000733406674000733,0.00825082508250825,0.114594792812615
336773.411807,2718366.126422,0.841941391941392,0.0155677655677656,0.00183150183150183,0.0010989010989011,0.00695970695970696,0.132600732600733
337273.411807,2718366.126422,0.771978021978022,0.030952380952381,0.000183150183150183,0,0.000366300366300366,0.196520146520147
337773.411807,2718366.126422,0.763476347634763,0.0214521452145215,0.000183351668500183,0.0033003300330033,0.00806747341400807,0.203520352035204
326273.411807,2717866.126422,0.926224995412002,0.0467975775371628,0,0,0.00495503762158194,0.0220223894292531
326773.411807,2717866.126422,0.93984962406015,0.0251237850724372,0.000733541169998166,0.00146708233999633,0.00843572345497891,0.024390243902439
327273.411807,2717866.126422,0.874656404617922,0.0148433205057724,0.00164925783397471,0.0089792926516401,0.0131940626717977,0.0866776617188932
327773.411807,2717866.126422,0.977427050835016,0.00110111947146265,0,0,0.000183519911910442,0.0212883097816113
328273.411807,2717866.126422,0.932514212360169,0.0282413350449294,0,0.00385109114249037,0.0168714469099578,0.0185219145424537
328773.411807,2717866.126422,0.895180502107385,0.0307861462341946,0.00201575957485798,0.00329851566794942,0.0183250870441635,0.0503939893714495
329273.411807,2717866.126422,0.811158010644155,0.0229399889888053,0,0.0119287942741787,0.0271609469627455,0.126812259130116
329773.411807,2717866.126422,0.901155327342747,0.0566660553823583,0,0,0.00495140289748762,0.0372272143774069
330273.411807,2717866.126422,0.972695620304196,0.000549752611324904,0,0.00146600696353308,0.000549752611324904,0.0247388675096207
330773.411807,2717866.126422,0.829142962011378,0.0383556615892824,0.00293631859056708,0.00935951550743256,0.0102771150669848,0.109928427234355
