"x","y","forest","agri","water","built","other","grass"
275773.411807,2654866.126422,0.887660414610069,0.0276406712734452,0.0244817374136229,0.00414610069101678,0.00730503455083909,0.0487660414610069
276273.411807,2654866.126422,0.814632222441333,0.0165647801222639,0.0323407611910866,0.0177479787024256,0.0203115756261092,0.0984026819167817
276773.411807,2654866.126422,0.293873517786561,0.226679841897233,0.0409090909090909,0.0326086956521739,0.0452569169960474,0.360671936758893
277273.411807,2654866.126422,0.460217176702863,0.0337611056268509,0,0,0,0.506021717670286
277773.411807,2654866.126422,0.908104910274108,0.00177479787024256,0,0,0,0.0901202918556498
278273.411807,2654866.126422,0.88300395256917,0.00612648221343874,0,0,0,0.110869565217391
278773.411807,2654866.126422,0.976110562685094,0,0,0,0,0.0238894373149062
279273.411807,2654866.126422,0.965884440938671,0,0,0,0,0.0341155590613291
279773.411807,2654866.126422,0.94703557312253,0.00276679841897233,0,0,0,0.050197628458498
280273.411807,2654866.126422,0.971174728529121,0.000987166831194472,0,0,0,0.0278381046396841
280773.411807,2654866.126422,0.928613685663577,0.0128179846184185,0.0011831985801617,0.00394399526720568,0.0037467955038454,0.0496943403667916
281273.411807,2654866.126422,0.654347826086957,0.124901185770751,0.0446640316205534,0.0573122529644269,0.0211462450592885,0.0976284584980237
281773.411807,2654866.126422,0.978874629812438,0.00197433366238894,0,0,0,0.0191510365251728
282273.411807,2654866.126422,0.775981068822717,0.0745415105501873,0.0475251429698284,0.0209031749161901,0.015973180832183,0.0650759219088937
282773.411807,2654866.126422,0.865810276679842,0.0300395256916996,0.0183794466403162,0.0237154150197628,0.0270750988142292,0.0349802371541502
283273.411807,2654866.126422,0.970384995064166,0.00157946692991115,0.000394866732477789,0.00967423494570582,0.0102665350444225,0.00769990128331688
283773.411807,2654866.126422,0.973575231709722,0.000788799053441136,0,0.00670479195424965,0.00552159337408795,0.0134095839084993
284273.411807,2654866.126422,0.944466403162055,0.00118577075098814,0.000197628458498024,0.00948616600790514,0.00612648221343874,0.0385375494071146
284773.411807,2654866.126422,0.789733464955578,0.0349457058242843,0.0258637709772952,0.0359328726554788,0.0252714708785785,0.0882527147087858
285273.411807,2654866.126422,0.975941628870045,0.000788799053441136,0,0.00157759810688227,0.00315519621376454,0.0185367777558667
285773.411807,2654866.126422,0.987944664031621,0,0,0.00158102766798419,0.000988142292490119,0.00948616600790514
286273.411807,2654866.126422,0.959131293188549,0.00276406712734452,0.000592300098716683,0.0106614017769003,0.00829220138203356,0.0185587364264561
286773.411807,2654866.126422,0.942812068625518,0.00276079668704398,0.00138039834352199,0.0100571879313745,0.0120291855649773,0.0309603628475646
287273.411807,2654866.126422,0.995849802371542,0,0,0,0,0.0041501976284585
287773.411807,2654866.126422,0.992694965449161,0,0,0,0,0.00730503455083909
275773.411807,2654366.126422,0.672353696569437,0.0311869381764814,0.133736929003853,0.0390753990093561,0.0519170794349661,0.0717299578059072
276273.411807,2654366.126422,0.727838827838828,0.026007326007326,0.0230769230769231,0.0611721611721612,0.0498168498168498,0.112087912087912
276773.411807,2654366.126422,0.78,0.0155963302752294,0.00110091743119266,0.00660550458715596,0.00642201834862385,0.190275229357798
277273.411807,2654366.126422,0.863694734911026,0.000366905155017428,0,0,0,0.135938359933957
277773.411807,2654366.126422,0.977106227106227,0,0,0,0,0.0228937728937729
278273.411807,2654366.126422,0.952477064220184,0.00110091743119266,0.00036697247706422,0.00807339449541284,0.00532110091743119,0.0326605504587156
278773.411807,2654366.126422,0.956888644285452,0.00110071546505228,0.000366905155017428,0.00403595670519171,0.00348559897266557,0.0341221794166208
279273.411807,2654366.126422,0.928388278388278,0.00512820512820513,0.00146520146520147,0.00860805860805861,0.0122710622710623,0.0441391941391941
279773.411807,2654366.126422,0.934311926605505,0.00752293577981651,0.00055045871559633,0.0113761467889908,0.00990825688073394,0.0363302752293578
280273.411807,2654366.126422,0.9157952669235,0.00587048248027885,0.00348559897266557,0.0247660979636764,0.028251696936342,0.021830856723537
280773.411807,2654366.126422,0.878205128205128,0.0115384615384615,0.00641025641025641,0.0324175824175824,0.0435897435897436,0.0278388278388278
281273.411807,2654366.126422,0.934678899082569,0.0154128440366972,0.00825688073394495,0.0111926605504587,0.00293577981651376,0.0275229357798165
281773.411807,2654366.126422,0.915978719501009,0.00440286186020914,0.00146762062006971,0.0355898000366905,0.0315538433314988,0.0110071546505228
282273.411807,2654366.126422,0.875274725274725,0.0139194139194139,0.015018315018315,0.0285714285714286,0.0326007326007326,0.0346153846153846
282773.411807,2654366.126422,0.905137614678899,0.00844036697247706,0.00330275229357798,0.0322935779816514,0.0365137614678899,0.0143119266055046
283273.411807,2654366.126422,0.94294624839479,0.00330214639515685,0.00183452577508714,0.0137589433131535,0.0150431113557145,0.023115024766098
283773.411807,2654366.126422,0.990842490842491,0,0,0,0,0.00915750915750916
284273.411807,2654366.126422,0.992844036697248,0,0,0,0,0.00715596330275229
284773.411807,2654366.126422,0.850302696752889,0.0297193175564117,0.00568702990277013,0.0144927536231884,0.00953953403045313,0.0902586681342873
285273.411807,2654366.126422,0.956043956043956,0.00952380952380952,0,0.00604395604395604,0.00494505494505494,0.0234432234432234
285773.411807,2654366.126422,0.844587155963303,0.0211009174311927,0.0141284403669725,0.0154128440366972,0.0152293577981651,0.0895412844036697
286273.411807,2654366.126422,0.97578425976885,0.00330214639515685,0,0.00330214639515685,0.00348559897266557,0.014125848468171
286773.411807,2654366.126422,0.968315018315018,0.0010989010989011,0,0.000549450549450549,0.000732600732600733,0.0293040293040293
287273.411807,2654366.126422,0.963302752293578,0.00073394495412844,0,0.00330275229357798,0.0018348623853211,0.0308256880733945
287773.411807,2654366.126422,0.96147495872317,0.00165107319757843,0,0,0.000366905155017428,0.0365070629242341
275773.411807,2653866.126422,0.852380952380952,0.00549450549450549,0.00183150183150183,0.00274725274725275,0.0032967032967033,0.134249084249084
276273.411807,2653866.126422,0.588742207554089,0.03997066373304,0,0.0253025302530253,0.0181518151815182,0.327832783278328
276773.411807,2653866.126422,0.516849816849817,0.039010989010989,0,0.000183150183150183,0.000366300366300366,0.443589743589744
277273.411807,2653866.126422,0.664468864468864,0,0,0,0,0.335531135531136
277773.411807,2653866.126422,0.878437843784378,0,0,0,0,0.121562156215622
278273.411807,2653866.126422,0.946336996336996,0.00293040293040293,0,0.015018315018315,0.0173992673992674,0.0183150183150183
278773.411807,2653866.126422,0.902930402930403,0.00146520146520147,0.0124542124542125,0.0205128205128205,0.0245421245421245,0.0380952380952381
279273.411807,2653866.126422,0.941510817748441,0.00201686835350202,0,0.00055005500550055,0.000366703337000367,0.0555555555555556
279773.411807,2653866.126422,0.894871794871795,0.0227106227106227,0,0.00512820512820513,0.00476190476190476,0.0725274725274725
280273.411807,2653866.126422,0.883150183150183,0.0159340659340659,0.00677655677655678,0.0205128205128205,0.0311355311355311,0.0424908424908425
280773.411807,2653866.126422,0.832966629996333,0.037037037037037,0.00293362669600293,0.0185185185185185,0.0183351668500183,0.0902090209020902
281273.411807,2653866.126422,0.887362637362637,0.0564102564102564,0.010989010989011,0.00293040293040293,0.00567765567765568,0.0366300366300366
281773.411807,2653866.126422,0.946886446886447,0.015018315018315,0.00622710622710623,0.0102564102564103,0.00769230769230769,0.0139194139194139
282273.411807,2653866.126422,0.856802346901357,0.0205353868720205,0.00788412174550788,0.0322698936560323,0.0284195086175284,0.0540887422075541
282773.411807,2653866.126422,0.927289377289377,0.00238095238095238,0.00274725274725275,0.0258241758241758,0.0195970695970696,0.0221611721611722
283273.411807,2653866.126422,0.975641025641026,0,0,0,0,0.0243589743589744
283773.411807,2653866.126422,0.957095709570957,0.00238357169050238,0,0,0,0.0405207187385405
284273.411807,2653866.126422,0.886446886446886,0.00677655677655678,0.00641025641025641,0.0263736263736264,0.0261904761904762,0.0478021978021978
284773.411807,2653866.126422,0.66978021978022,0.0351648351648352,0.16959706959707,0.0366300366300366,0.0406593406593407,0.0481684981684982
285273.411807,2653866.126422,0.704253758709204,0.00751741840850752,0.121195452878621,0.0694902823615695,0.0870920425375871,0.0104510451045105
285773.411807,2653866.126422,0.947985347985348,0.00567765567765568,0,0.000549450549450549,0.000732600732600733,0.0450549450549451
286273.411807,2653866.126422,0.995054945054945,0.000549450549450549,0,0.000549450549450549,0,0.00384615384615385
286773.411807,2653866.126422,0.994132746607994,0,0,0.000733406674000733,0.000733406674000733,0.0044004400440044
287273.411807,2653866.126422,0.994505494505495,0,0,0,0,0.00549450549450549
287773.411807,2653866.126422,0.996886446886447,0,0,0,0,0.00311355311355311
275773.411807,2653366.126422,0.933247753530167,0.00256739409499358,0,0.000550155877498625,0.000183385292499542,0.0634513112048414
276273.411807,2653366.126422,0.856148066703317,0.00879604178119846,0.000366501740883269,0.0113615539673813,0.0126443100604728,0.110683525746747
276773.411807,2653366.126422,0.102771150669848,0.115250504679758,0,0.0126628739218205,0.00844191594788034,0.760873554780694
277273.411807,2653366.126422,0.262607738859343,0.0221896203924445,0,0,0,0.715202640748212
277773.411807,2653366.126422,0.83855598314092,0.00934579439252336,0.0183250870441635,0.0252886201209456,0.0276708814366868,0.0808136338647609
278273.411807,2653366.126422,0.824738484125528,0.009543035419343,0.028629106258029,0.0315654248485961,0.0356028629106258,0.0699210864378785
278773.411807,2653366.126422,0.815697781037961,0.00146708233999633,0.00275077938749312,0.00953603520997616,0.0097194205024757,0.160828901522098
279273.411807,2653366.126422,0.943192230163093,0.00787978742899029,0.00348176653839106,0.0133773135422393,0.0130108118013561,0.01905809052593
279773.411807,2653366.126422,0.845292714259497,0.0150486327766563,0.012846393833731,0.0440447788585061,0.0411084602679391,0.0416590200036704
280273.411807,2653366.126422,0.926279112415184,0.00513478818998716,0.00146708233999633,0.0119200440124702,0.0172382174949569,0.0379607555474051
280773.411807,2653366.126422,0.927432655305113,0.0106285504856148,0.000549752611324904,0.0102620487447315,0.00678028220634048,0.0443467106468756
281273.411807,2653366.126422,0.723986052486695,0.121306661772802,0.0697375665259681,0.0361534226463571,0.0126628739218205,0.0361534226463571
281773.411807,2653366.126422,0.938565927012654,0.0135705116449661,0.000916926462497708,0.00861910874747845,0.0104529616724739,0.0278745644599303
282273.411807,2653366.126422,0.906725306945208,0.0053142752428074,0.00201575957485798,0.0287703866593366,0.0322521531977277,0.0249221183800623
282773.411807,2653366.126422,0.890989172325197,0.0214718296935217,0.0106441548908057,0.0163332721600294,0.0159662323362085,0.0445953385942375
283273.411807,2653366.126422,0.927196038877682,0.00348432055749129,0,0.00696864111498258,0.00403447643498991,0.0583165230148542
283773.411807,2653366.126422,0.869158878504673,0.0126443100604728,0.000549752611324904,0.0278541323071285,0.0278541323071285,0.0619387942092725
284273.411807,2653366.126422,0.918700679023674,0.00110111947146265,0.000917599559552211,0.0407414204441182,0.025325747843641,0.0132134336575518
284773.411807,2653366.126422,0.955070603337612,0.0066018705299835,0.000183385292499542,0.00715202640748212,0.00825233816247937,0.0227397762699432
285273.411807,2653366.126422,0.915154846985523,0.00568077698369067,0.0262048744731537,0.0155763239875389,0.0219901044529962,0.0153930731170973
285773.411807,2653366.126422,0.919251238759405,0.0165167920719398,0,0.00256927876674619,0.00165167920719398,0.0600110111947146
286273.411807,2653366.126422,0.965156794425087,0.00348432055749129,0,0.00385109114249037,0.00421786172748946,0.0232899321474418
286773.411807,2653366.126422,0.951072017592084,0.00109950522264981,0,0,0,0.0478284771852666
287273.411807,2653366.126422,0.976876491099284,0.000734079647641769,0,0.000734079647641769,0,0.0216553496054322
287773.411807,2653366.126422,0.807445442875481,0.0245736291949386,0.0346598202824134,0.0383275261324042,0.0251237850724372,0.0698697964423253
275773.411807,2652866.126422,0.934874334984407,0.00330214639515685,0.00110071546505228,0.014125848468171,0.016694184553293,0.0299027701339204
276273.411807,2652866.126422,0.82967032967033,0.0153846153846154,0.00457875457875458,0.0163003663003663,0.0153846153846154,0.118681318681319
276773.411807,2652866.126422,0.242935779816514,0.0998165137614679,0.00036697247706422,0.00477064220183486,0.00752293577981651,0.644587155963303
277273.411807,2652866.126422,0.751054852320675,0.00568702990277013,0,0.00293524124013942,0.001284168042561,0.239038708493854
277773.411807,2652866.126422,0.523626373626374,0.0690476190476191,0.167399267399267,0.0600732600732601,0.0798534798534798,0.1
278273.411807,2652866.126422,0.551559633027523,0.0322935779816514,0.0440366972477064,0.0355963302752294,0.0365137614678899,0.3
278773.411807,2652866.126422,0.842597688497523,0,0,0,0,0.157402311502477
279273.411807,2652866.126422,0.984432234432234,0,0,0.000549450549450549,0.0010989010989011,0.0139194139194139
279773.411807,2652866.126422,0.869724770642202,0.00110091743119266,0.00972477064220183,0.0471559633027523,0.0521100917431193,0.0201834862385321
280273.411807,2652866.126422,0.909557879288204,0.00990643918547056,0.00091726288754357,0.0196294257934324,0.0161438268207668,0.0438451660245826
280773.411807,2652866.126422,0.951648351648352,0.00824175824175824,0,0.000732600732600733,0.000549450549450549,0.0388278388278388
281273.411807,2652866.126422,0.840917431192661,0.0735779816513761,0.0110091743119266,0.011743119266055,0.0203669724770642,0.0423853211009174
281773.411807,2652866.126422,0.952302329847734,0.00421940928270042,0.000183452577508714,0.00862227114290956,0.00642084021280499,0.028251696936342
282273.411807,2652866.126422,0.917948717948718,0.00659340659340659,0.000366300366300366,0.0203296703296703,0.0126373626373626,0.0421245421245421
282773.411807,2652866.126422,0.844220183486239,0.0139449541284404,0.0055045871559633,0.0174311926605505,0.0190825688073394,0.0998165137614679
283273.411807,2652866.126422,0.782792148229683,0.0996147495872317,0.00495321959273528,0.0394423041643735,0.0168776371308017,0.0563199412951752
283773.411807,2652866.126422,0.947802197802198,0.00512820512820513,0.000183150183150183,0.00512820512820513,0.00531135531135531,0.0364468864468864
284273.411807,2652866.126422,0.996330275229358,0.00055045871559633,0,0.00018348623853211,0.00036697247706422,0.00256880733944954
284773.411807,2652866.126422,0.767749036873968,0.0528343423225096,0.0535681526325445,0.0361401577692167,0.0436617134470739,0.0460465969546872
285273.411807,2652866.126422,0.76043956043956,0.0408424908424908,0.0642857142857143,0.0445054945054945,0.0501831501831502,0.0397435897435897
285773.411807,2652866.126422,0.925688073394495,0.0108256880733945,0.00348623853211009,0.0110091743119266,0.0188990825688073,0.0300917431192661
286273.411807,2652866.126422,0.911025499908274,0.00733810310034856,0,0.00697119794533113,0.00733810310034856,0.067327095945698
286773.411807,2652866.126422,0.903663003663004,0.00879120879120879,0.000183150183150183,0.00641025641025641,0.00677655677655678,0.0741758241758242
287273.411807,2652866.126422,0.838348623853211,0.0229357798165138,0.0148623853211009,0.0229357798165138,0.011743119266055,0.0891743119266055
287773.411807,2652866.126422,0.97009722986608,0.00165107319757843,0,0.0066042927903137,0.00770500825536599,0.0139423958906623
275773.411807,2652366.126422,0.937545787545788,0.0021978021978022,0,0.0010989010989011,0.000366300366300366,0.0587912087912088
276273.411807,2652366.126422,0.697103043637697,0.0304363769710304,0.121562156215622,0.0157682434910158,0.0286028602860286,0.106527319398607
276773.411807,2652366.126422,0.306959706959707,0.0628205128205128,0.000915750915750916,0.0353479853479853,0.0216117216117216,0.572344322344322
277273.411807,2652366.126422,0.431684981684982,0.0611721611721612,0.00915750915750916,0.0305860805860806,0.0258241758241758,0.441575091575092
277773.411807,2652366.126422,0.24037403740374,0.238173817381738,0.0430876420975431,0.105427209387605,0.0947928126145948,0.278144481114778
278273.411807,2652366.126422,0.850732600732601,0.00238095238095238,0.000549450549450549,0.00512820512820513,0.00293040293040293,0.138278388278388
278773.411807,2652366.126422,0.876739926739927,0.000183150183150183,0,0.00164835164835165,0.000549450549450549,0.120879120879121
279273.411807,2652366.126422,0.778327832783278,0.0141180784745141,0.0258525852585259,0.0720572057205721,0.0711404473780711,0.0385038503850385
279773.411807,2652366.126422,0.885347985347985,0.00183150183150183,0.00586080586080586,0.0216117216117216,0.0210622710622711,0.0642857142857143
280273.411807,2652366.126422,0.931684981684982,0.0194139194139194,0.000183150183150183,0.00586080586080586,0.00549450549450549,0.0373626373626374
280773.411807,2652366.126422,0.894756142280895,0.0188852218555189,0.00568390172350568,0.0196186285295196,0.0256692335900257,0.0353868720205354
281273.411807,2652366.126422,0.823992673992674,0.0619047619047619,0.0313186813186813,0.0232600732600733,0.0267399267399267,0.0327838827838828
281773.411807,2652366.126422,0.928937728937729,0.00860805860805861,0.000549450549450549,0.0124542124542125,0.0119047619047619,0.0375457875457875
282273.411807,2652366.126422,0.906674000733407,0.00531719838650532,0.00806747341400807,0.0320865419875321,0.0304363769710304,0.0174184085075174
282773.411807,2652366.126422,0.916666666666667,0.0135531135531136,0.000732600732600733,0.00970695970695971,0.00787545787545788,0.0514652014652015
283273.411807,2652366.126422,0.695238095238095,0.043040293040293,0.0664835164835165,0.0619047619047619,0.0813186813186813,0.052014652014652
283773.411807,2652366.126422,0.913274660799413,0.0099009900990099,0.000366703337000367,0.0144847818115145,0.00953428676200953,0.0524385771910524
284273.411807,2652366.126422,0.842307692307692,0.0272893772893773,0.00659340659340659,0.0474358974358974,0.0441391941391941,0.0322344322344322
284773.411807,2652366.126422,0.750732600732601,0.0276556776556777,0.0293040293040293,0.0761904761904762,0.0673992673992674,0.0487179487179487
285273.411807,2652366.126422,0.534653465346535,0.0588558855885589,0.26035936927026,0.0434543454345435,0.0540887422075541,0.0485881921525486
285773.411807,2652366.126422,0.93003663003663,0.000549450549450549,0.00421245421245421,0.0161172161172161,0.013003663003663,0.0360805860805861
286273.411807,2652366.126422,0.394505494505494,0.142307692307692,0.0641025641025641,0.280952380952381,0.0217948717948718,0.0963369963369963
286773.411807,2652366.126422,0.425742574257426,0.144664466446645,0.026952695269527,0.116611661166117,0.0513384671800513,0.234690135680235
287273.411807,2652366.126422,0.694139194139194,0.0584249084249084,0.047985347985348,0.0195970695970696,0.0232600732600733,0.156593406593407
287773.411807,2652366.126422,0.93974358974359,0.00293040293040293,0,0.00238095238095238,0.00238095238095238,0.0525641025641026
275773.411807,2651866.126422,0.912891986062718,0.0172382174949569,0,0.00458463231248854,0.00403447643498991,0.0612506876948469
276273.411807,2651866.126422,0.757742349276159,0.0153930731170973,0.00329851566794942,0.0089792926516401,0.00989554700384827,0.204691222283306
276773.411807,2651866.126422,0.819966966415856,0.0205542301339695,0,0,0,0.159478803450174
277273.411807,2651866.126422,0.798459563543004,0.0377773702549056,0.00128369704749679,0.0053181734824867,0.00770218228498074,0.149459013387126
277773.411807,2651866.126422,0.515118196811435,0.17262231995602,0.015026571376214,0.0243723657687374,0.0315191497159611,0.241341396371633
278273.411807,2651866.126422,0.821068085887319,0.012846393833731,0.0117452743622683,0.0144980730409249,0.0124793540099101,0.127362818865847
278773.411807,2651866.126422,0.774986246103063,0.0374105996699065,0.0289748762149276,0.0333761232349166,0.0394278378874014,0.0858243168897854
279273.411807,2651866.126422,0.715594649074583,0.0216236027121129,0.0122778083195895,0.0346344145134689,0.0276708814366868,0.188198643943559
279773.411807,2651866.126422,0.922187557349972,0.000550559735731327,0.000550559735731327,0.0106441548908057,0.00807487612405946,0.0579922921636998
280273.411807,2651866.126422,0.879149092242802,0.00586832935998533,0,0.00715202640748212,0.00605171465248487,0.101778837337246
280773.411807,2651866.126422,0.928532160527763,0.00293201392706615,0.00164925783397471,0.00989554700384827,0.00696353307678211,0.0500274876305662
281273.411807,2651866.126422,0.944209946779226,0.000367039823820885,0,0.00715727656450725,0.00495503762158194,0.0433106992108644
281773.411807,2651866.126422,0.936915459380158,0.00293416467999266,0.000366770584999083,0.0177883733724555,0.00916926462497708,0.0328259673574179
282273.411807,2651866.126422,0.894264247755177,0.009529045262965,0.0168590800806304,0.0243723657687374,0.0256551218618288,0.0293201392706615
282773.411807,2651866.126422,0.775555147733529,0.0378051018535511,0.0363369425582676,0.0436777390346853,0.055606533308864,0.051018535511103
283273.411807,2651866.126422,0.765633596185586,0.0163212910324592,0.0517146524848707,0.0392444525949019,0.0465798642948836,0.0805061434072987
283773.411807,2651866.126422,0.888766721641928,0.0137438152831226,0.00128275609309144,0.0164925783397471,0.0188748396554884,0.0608392889866227
284273.411807,2651866.126422,0.814277849146632,0.000367039823820885,0,0.0163332721600294,0.0132134336575518,0.155808405211966
284773.411807,2651866.126422,0.885384192187787,0.00128369704749679,0,0,0,0.113332110764717
285273.411807,2651866.126422,0.860546087593916,0.000366501740883269,0,0,0,0.139087410665201
285773.411807,2651866.126422,0.966232336208479,0,0,0,0,0.0337676637915214
286273.411807,2651866.126422,0.859526865945351,0.0269576379974326,0.00403447643498991,0.00770218228498074,0.00715202640748212,0.0946268109297634
286773.411807,2651866.126422,0.742532527029503,0.0353674179952355,0.0309693971046362,0.0263881253435954,0.0390324354040682,0.125710097122961
287273.411807,2651866.126422,0.816296568177647,0.0172508717195816,0.02073775004588,0.0119287942741787,0.0176179115434025,0.11616810423931
287773.411807,2651866.126422,0.857326242435357,0.0333761232349166,0.00238400880249404,0.0247570144874381,0.0260407115349349,0.0561158995048597
275773.411807,2651366.126422,0.958172812328013,0.00568702990277013,0,0.00275178866263071,0.00403595670519171,0.0293524124013942
276273.411807,2651366.126422,0.691391941391941,0.0415750915750916,0,0.00183150183150183,0.00183150183150183,0.263369963369963
276773.411807,2651366.126422,0.718165137614679,0.00917431192660551,0,0.00036697247706422,0.00128440366972477,0.271009174311927
277273.411807,2651366.126422,0.843698403962576,0.0467804072647221,0.00201797835259585,0.00715465052283985,0.0150431113557145,0.085305448541552
277773.411807,2651366.126422,0.605494505494505,0.107875457875458,0.0142857142857143,0.0250915750915751,0.0353479853479853,0.211904761904762
278273.411807,2651366.126422,0.282385321100917,0.214311926605505,0.0555963302752294,0.0851376146788991,0.073394495412844,0.289174311926606
278773.411807,2651366.126422,0.694551458447991,0.0326545587965511,0.016694184553293,0.0480645753072831,0.0480645753072831,0.159970647587599
279273.411807,2651366.126422,0.81996336996337,0.00604395604395604,0.00531135531135531,0.0159340659340659,0.00879120879120879,0.143956043956044
279773.411807,2651366.126422,0.885688073394495,0.0139449541284404,0.00440366972477064,0.0174311926605505,0.0143119266055046,0.0642201834862385
280273.411807,2651366.126422,0.903687396807925,0.00403595670519171,0.00220143093010457,0.00825536598789213,0.0100898917629793,0.0717299578059072
280773.411807,2651366.126422,0.941758241758242,0.000732600732600733,0.00164835164835165,0.00824175824175824,0.00659340659340659,0.041025641025641
281273.411807,2651366.126422,0.933761467889908,0.00403669724770642,0.00238532110091743,0.013394495412844,0.0126605504587156,0.0337614678899083
281773.411807,2651366.126422,0.866629976151165,0.0144927536231884,0.0212804989910108,0.0247660979636764,0.0251330031186938,0.0476976701522656
282273.411807,2651366.126422,0.75970695970696,0.0254578754578755,0.0258241758241758,0.023992673992674,0.0344322344322344,0.130586080586081
282773.411807,2651366.126422,0.826238532110092,0.00385321100917431,0.00458715596330275,0.0113761467889908,0.0122935779816514,0.141651376146789
283273.411807,2651366.126422,0.7389469822051,0.00091726288754357,0.000550357732526142,0.00275178866263071,0.00201797835259585,0.254815630159604
283773.411807,2651366.126422,0.814285714285714,0.00293040293040293,0.00146520146520147,0.00622710622710623,0.00915750915750916,0.165934065934066
284273.411807,2651366.126422,0.923302752293578,0.00055045871559633,0,0.00073394495412844,0.00018348623853211,0.0752293577981651
284773.411807,2651366.126422,0.874151531829022,0.00238488350761328,0,0.00605393505778756,0.00311869381764814,0.114290955787929
285273.411807,2651366.126422,0.923626373626374,0.00146520146520147,0,0.00293040293040293,0.00311355311355311,0.0688644688644689
285773.411807,2651366.126422,0.928073394495413,0.00568807339449541,0,0.00513761467889908,0.00311926605504587,0.0579816513761468
286273.411807,2651366.126422,0.981654742249129,0,0,0,0,0.0183452577508714
286773.411807,2651366.126422,0.93003663003663,0.00659340659340659,0.000366300366300366,0.00641025641025641,0.00476190476190476,0.0518315018315018
287273.411807,2651366.126422,0.875779816513761,0.0110091743119266,0.00165137614678899,0.0264220183486239,0.0245871559633028,0.0605504587155963
287773.411807,2651366.126422,0.863511282333517,0.0288020546688681,0.000550357732526142,0.0234819299211154,0.0280682443588332,0.0555861309851403
275773.411807,2650866.126422,0.952014652014652,0.0142857142857143,0,0.000366300366300366,0.000549450549450549,0.0327838827838828
276273.411807,2650866.126422,0.811697836450312,0.0498716538320499,0.00916758342500917,0.0223689035570224,0.0121012101210121,0.0947928126145948
276773.411807,2650866.126422,0.83021978021978,0.0166666666666667,0,0.000732600732600733,0.0010989010989011,0.151282051282051
277273.411807,2650866.126422,0.920695970695971,0.0186813186813187,0,0.00421245421245421,0.00402930402930403,0.0523809523809524
277773.411807,2650866.126422,0.58984231756509,0.249174917491749,0.00055005500550055,0.00201686835350202,0.00348368170150348,0.154932159882655
278273.411807,2650866.126422,0.488644688644689,0.153663003663004,0,0.000732600732600733,0,0.356959706959707
278773.411807,2650866.126422,0.522527472527473,0.0021978021978022,0,0.0611721611721612,0.0141025641025641,0.4
279273.411807,2650866.126422,0.293912724605794,0.0777411074440777,0,0.0273193986065273,0.00678401173450678,0.594242757609094
279773.411807,2650866.126422,0.86978021978022,0.00146520146520147,0,0.00457875457875458,0.00274725274725275,0.121428571428571
280273.411807,2650866.126422,0.875824175824176,0.0148351648351648,0.0032967032967033,0.0179487179487179,0.0181318681318681,0.06996336996337
280773.411807,2650866.126422,0.842684268426843,0.015951595159516,0.00201686835350202,0.015034836817015,0.0117345067840117,0.112577924459113
281273.411807,2650866.126422,0.829120879120879,0.0238095238095238,0.00787545787545788,0.0212454212454212,0.0212454212454212,0.0967032967032967
281773.411807,2650866.126422,0.477106227106227,0.0567765567765568,0.00238095238095238,0.0177655677655678,0.0131868131868132,0.432783882783883
282273.411807,2650866.126422,0.925559222588926,0.000366703337000367,0,0,0,0.0740740740740741
282773.411807,2650866.126422,0.732783882783883,0.00677655677655678,0,0,0,0.26043956043956
283273.411807,2650866.126422,0.586446886446886,0.00256410256410256,0,0,0,0.410989010989011
283773.411807,2650866.126422,0.92005867253392,0,0,0.000183351668500183,0.000183351668500183,0.0795746241290796
284273.411807,2650866.126422,0.947252747252747,0.00402930402930403,0.000183150183150183,0.00989010989010989,0.00732600732600733,0.0313186813186813
284773.411807,2650866.126422,0.913003663003663,0.0100732600732601,0.00256410256410256,0.0184981684981685,0.0157509157509158,0.0401098901098901
285273.411807,2650866.126422,0.828932893289329,0.0198019801980198,0.00843417675100843,0.0539053905390539,0.0608727539420609,0.0280528052805281
285773.411807,2650866.126422,0.981135531135531,0,0,0,0,0.0188644688644689
286273.411807,2650866.126422,0.926923076923077,0.0104395604395604,0.00238095238095238,0.0175824175824176,0.0137362637362637,0.0289377289377289
286773.411807,2650866.126422,0.938393839383938,0.0115511551155116,0.00201686835350202,0.00696736340300697,0.00586725339200587,0.0352035203520352
287273.411807,2650866.126422,0.992673992673993,0.000549450549450549,0,0,0.000183150183150183,0.00659340659340659
287773.411807,2650866.126422,0.981501831501831,0.000183150183150183,0,0.000549450549450549,0.000183150183150183,0.0175824175824176
275773.411807,2650366.126422,0.756647716853108,0.0300751879699248,0.0128369704749679,0.126352466532184,0.00990280579497524,0.0641848523748395
276273.411807,2650366.126422,0.769836906725307,0.0601062855048561,0.0146600696353308,0.0692688290269379,0.0166758292101887,0.0694520798973795
276773.411807,2650366.126422,0.797944576986603,0.0519361350706552,0.0200036703982382,0.0117452743622683,0.0304643053771334,0.0879060378051019
277273.411807,2650366.126422,0.956354300385109,0.00495140289748762,0.000183385292499542,0.00605171465248487,0.00605171465248487,0.026407482119934
277773.411807,2650366.126422,0.702034084661902,0.205057724024189,0.00916254352208173,0.00806303829943192,0.0137438152831226,0.0619387942092725
278273.411807,2650366.126422,0.629289777940907,0.0234905487245366,0.00311983850247752,0.0264268673151037,0.0205542301339695,0.297118737383006
278773.411807,2650366.126422,0.643498991380891,0.015587749862461,0,0.00990280579497524,0.00385109114249037,0.327159361819182
279273.411807,2650366.126422,0.810152098222467,0.0216236027121129,0,0.00128275609309144,0,0.166941542972329
279773.411807,2650366.126422,0.880712057258213,0.0130299137456414,0,0.00165167920719398,0.00238575885483575,0.102220590934116
280273.411807,2650366.126422,0.804511278195489,0.0662020905923345,0.00421786172748946,0.0133871263524665,0.0146708233999633,0.0970108197322575
280773.411807,2650366.126422,0.902144035184167,0.00329851566794942,0.000549752611324904,0.00568077698369067,0.00293201392706615,0.0853949056258017
281273.411807,2650366.126422,0.794090658836484,0.00679023674068636,0,0.00220223894292531,0.000917599559552211,0.195999265920352
281773.411807,2650366.126422,0.254905556574363,0.242802127269393,0,0,0,0.502292316156244
282273.411807,2650366.126422,0.812351108667766,0.0289536375297783,0,0.00439802089059923,0.00329851566794942,0.150998717243907
282773.411807,2650366.126422,0.863828225362452,0.00110111947146265,0,0.000367039823820885,0.000367039823820885,0.134336575518444
283273.411807,2650366.126422,0.838620942600403,0.00953603520997616,0.004401247019989,0.0066018705299835,0.00733541169998166,0.133504492939666
283773.411807,2650366.126422,0.913872090892432,0.00769653655854865,0.000916254352208173,0.0104452996151732,0.00733003481766538,0.0597397837639729
284273.411807,2650366.126422,0.834281519544871,0.0326665443200587,0.000550559735731327,0.0130299137456414,0.0122958340979996,0.107175628555698
284773.411807,2650366.126422,0.717036493673207,0.0298918026774253,0.0403447643498991,0.0898587933247754,0.0856409315972859,0.0372272143774069
285273.411807,2650366.126422,0.909840571742716,0.00916254352208173,0.0203408466190214,0.0153930731170973,0.0155763239875389,0.0296866410115448
285773.411807,2650366.126422,0.897962928977794,0.0211047898697009,0.000367039823820885,0.00752431638832813,0.0082583960359699,0.0647825289043861
286273.411807,2650366.126422,0.870163212910325,0.0124701998899688,0.0157711351549606,0.0364936732074088,0.0282413350449294,0.0368604437924078
286773.411807,2650366.126422,0.856881070185083,0.0238226131574125,0.00549752611324904,0.0359171706065604,0.0296866410115448,0.0481949789261499
287273.411807,2650366.126422,0.916498440080749,0.0143145531290145,0.00917599559552211,0.0133969535694623,0.0121123141860892,0.0345017434391632
287773.411807,2650366.126422,0.889968824500275,0.0242068586099395,0.00238400880249404,0.0251237850724372,0.0231065468549422,0.035209976159912
275773.411807,2649866.126422,0.695468721335535,0.0876903320491653,0.129700972298661,0.0280682443588332,0.0361401577692167,0.0229315721885892
276273.411807,2649866.126422,0.769230769230769,0.036996336996337,0.0675824175824176,0.0426739926739927,0.0578754578754579,0.0256410256410256
276773.411807,2649866.126422,0.757981651376147,0.02,0.0853211009174312,0.0594495412844037,0.0689908256880734,0.00825688073394495
277273.411807,2649866.126422,0.495872317006054,0.0568702990277013,0.328196661163089,0.0306365804439552,0.0464135021097046,0.0420106402494955
277773.411807,2649866.126422,0.36007326007326,0.177655677655678,0.336813186813187,0.0397435897435897,0.0393772893772894,0.0463369963369963
278273.411807,2649866.126422,0.300366972477064,0.0148623853211009,0,0.16348623853211,0.0194495412844037,0.501834862385321
278773.411807,2649866.126422,0.632727939827555,0.0825536598789213,0.00091726288754357,0.0104567969179967,0.00678774536782242,0.266556595120161
279273.411807,2649866.126422,0.627106227106227,0.222527472527473,0,0.00494505494505494,0.00476190476190476,0.140659340659341
279773.411807,2649866.126422,0.862201834862385,0.013394495412844,0.00146788990825688,0.00715596330275229,0.00807339449541284,0.107706422018349
280273.411807,2649866.126422,0.855439368923133,0.0159603742432581,0,0.00366905155017428,0.00183452577508714,0.123096679508347
280773.411807,2649866.126422,0.813186813186813,0.0272893772893773,0,0.000732600732600733,0.00128205128205128,0.157509157509158
281273.411807,2649866.126422,0.864036697247706,0.00825688073394495,0,0.00220183486238532,0.00165137614678899,0.123853211009174
281773.411807,2649866.126422,0.880755824619336,0.0132085855806274,0,0.000183452577508714,0,0.105852137222528
282273.411807,2649866.126422,0.955311355311355,0,0,0.000366300366300366,0.000183150183150183,0.0441391941391941
282773.411807,2649866.126422,0.892110091743119,0.00513761467889908,0.00403669724770642,0.0111926605504587,0.00752293577981651,0.08
283273.411807,2649866.126422,0.797101449275362,0.001284168042561,0.00146762062006971,0.0425609979820216,0.0234819299211154,0.13410383415887
283773.411807,2649866.126422,0.935897435897436,0.00238095238095238,0,0.00549450549450549,0.0021978021978022,0.054029304029304
284273.411807,2649866.126422,0.807522935779816,0.00422018348623853,0,0.00110091743119266,0.00055045871559633,0.186605504587156
284773.411807,2649866.126422,0.867180333883691,0.00513667217024399,0,0.00165107319757843,0.00146762062006971,0.124564300128417
285273.411807,2649866.126422,0.894505494505495,0.00494505494505494,0,0.00604395604395604,0.00567765567765568,0.0888278388278388
285773.411807,2649866.126422,0.904220183486239,0.00623853211009174,0.00036697247706422,0.0143119266055046,0.0106422018348624,0.0642201834862385
286273.411807,2649866.126422,0.973032471106219,0.00458631443771785,0,0.000733810310034856,0.00311869381764814,0.0185287103283801
286773.411807,2649866.126422,0.972893772893773,0.00146520146520147,0,0.00402930402930403,0.0032967032967033,0.0183150183150183
287273.411807,2649866.126422,0.951192660550459,0.011743119266055,0,0.00073394495412844,0.00165137614678899,0.0346788990825688
287773.411807,2649866.126422,0.969730324711062,0.000366905155017428,0,0.00990643918547056,0.010273344340488,0.00972298660796184
275773.411807,2649366.126422,0.922161172161172,0.0142857142857143,0,0.00347985347985348,0.00384615384615385,0.0562271062271062
276273.411807,2649366.126422,0.864136413641364,0.0595892922625596,0.0033003300330033,0.0148514851485149,0.0066006600660066,0.0515218188485515
276773.411807,2649366.126422,0.464835164835165,0.183333333333333,0.0868131868131868,0.0261904761904762,0.0347985347985348,0.204029304029304
277273.411807,2649366.126422,0.274175824175824,0.165018315018315,0.317582417582418,0.0144688644688645,0.0232600732600733,0.205494505494505
277773.411807,2649366.126422,0.0286028602860286,0.466263292995966,0.0385038503850385,0.0194352768610194,0.0135680234690136,0.433626696002934
278273.411807,2649366.126422,0.00952380952380952,0.505677655677656,0,0.0648351648351648,0.030952380952381,0.389010989010989
278773.411807,2649366.126422,0.224358974358974,0.308791208791209,0,0.0749084249084249,0.0333333333333333,0.358608058608059
279273.411807,2649366.126422,0.676567656765677,0.147781444811148,0.00201686835350202,0.0066006600660066,0.00843417675100843,0.158599193252659
279773.411807,2649366.126422,0.838827838827839,0.0172161172161172,0.00256410256410256,0.0238095238095238,0.0194139194139194,0.0981684981684982
280273.411807,2649366.126422,0.908608058608059,0.00714285714285714,0.000915750915750916,0.00824175824175824,0.00769230769230769,0.0673992673992674
280773.411807,2649366.126422,0.832966629996333,0.0227356068940227,0.0055005500550055,0.0304363769710304,0.0295196186285295,0.0788412174550788
281273.411807,2649366.126422,0.854395604395604,0.0179487179487179,0.0159340659340659,0.0195970695970696,0.0256410256410256,0.0664835164835165
281773.411807,2649366.126422,0.670879120879121,0.0467032967032967,0.0919413919413919,0.0510989010989011,0.0516483516483516,0.0877289377289377
282273.411807,2649366.126422,0.850751741840851,0.00733406674000733,0.0122845617895123,0.0392372570590392,0.0368536853685369,0.0535386872020535
282773.411807,2649366.126422,0.847802197802198,0.0131868131868132,0.00421245421245421,0.0238095238095238,0.0227106227106227,0.0882783882783883
283273.411807,2649366.126422,0.605494505494505,0.00494505494505494,0.00146520146520147,0.0133699633699634,0.00805860805860806,0.366666666666667
283773.411807,2649366.126422,0.772827282728273,0.00568390172350568,0,0.00201686835350202,0.00403373670700403,0.215438210487715
284273.411807,2649366.126422,0.748168498168498,0.00402930402930403,0,0.00256410256410256,0.0021978021978022,0.243040293040293
284773.411807,2649366.126422,0.56996336996337,0.00970695970695971,0.000183150183150183,0.00641025641025641,0.00531135531135531,0.408424908424908
285273.411807,2649366.126422,0.769160249358269,0.00183351668500183,0,0.00256692335900257,0.00146681334800147,0.224972497249725
285773.411807,2649366.126422,0.921062271062271,0.000732600732600733,0,0.000915750915750916,0.000183150183150183,0.0771062271062271
286273.411807,2649366.126422,0.971794871794872,0.00604395604395604,0,0.0010989010989011,0.00128205128205128,0.0197802197802198
286773.411807,2649366.126422,0.896773010634397,0.00421708837550422,0,0.00055005500550055,0.000366703337000367,0.0980931426475981
287273.411807,2649366.126422,0.923076923076923,0.0272893772893773,0.0032967032967033,0.00421245421245421,0.00659340659340659,0.0355311355311355
287773.411807,2649366.126422,0.978754578754579,0.00366300366300366,0,0.00201465201465201,0.00146520146520147,0.0141025641025641
275773.411807,2648866.126422,0.856959471850358,0.0506143407298735,0.0022006235099945,0.00348432055749129,0.011186502842472,0.0755547405098111
276273.411807,2648866.126422,0.844603261865494,0.0731170973062122,0.00109950522264981,0.000366501740883269,0.00109950522264981,0.0797141286421111
276773.411807,2648866.126422,0.733712607817948,0.0337676637915214,0.00220223894292531,0.00862543585979079,0.0152321526885667,0.206459900899248
277273.411807,2648866.126422,0.350449293966624,0.234549789106914,0.0636346964973409,0.0154043645699615,0.0223730056849441,0.313588850174216
