"x","y","forest","agri","water","built","other","grass"
173273.411807,2530366.126422,0.0795287187039764,0.0592783505154639,0,0.432253313696613,0.213181148748159,0.215758468335788
173773.411807,2530366.126422,0.0931597285897671,0.0509811113148725,0,0.561709150926096,0.144690995782138,0.149459013387126
174273.411807,2530366.126422,0.161810518599963,0.0568077698369067,0,0.253985706432106,0.154297232911856,0.373098772219168
174773.411807,2530366.126422,0.0695540466140576,0.0754266837951918,0,0.44833914479721,0.184253991558084,0.222426133235456
175273.411807,2530366.126422,0.01998899688245,0.0221896203924445,0,0.751512928663121,0.150375939849624,0.0559325142123602
175773.411807,2530366.126422,0.0454462158695254,0.261132490379329,0,0.136338647608576,0.210188748396555,0.346893897746014
176273.411807,2530366.126422,0.0750596439713709,0.196916865479905,0,0.172692237107726,0.142962011378235,0.412369242062764
176773.411807,2530366.126422,0.0394278378874014,0.229231615624427,0.0163212910324592,0.0166880616174583,0.10801393728223,0.590317256556024
177273.411807,2530366.126422,0.0459959684808503,0.148616455928166,0,0.290819131390874,0.273043796958036,0.241524647242074
177773.411807,2530366.126422,0.0356028629106258,0.172325197283905,0,0.0137639933932832,0.100752431638833,0.677555514773353
178273.411807,2530366.126422,0.0429121584448927,0.314322391344214,0,0.0739042728773152,0.153310104529617,0.415551072803961
178773.411807,2530366.126422,0.145317940260216,0.0806303829943192,0.00879604178119846,0.0804471321238776,0.126259849734286,0.558548653106102
179273.411807,2530366.126422,0.0321159845843274,0.130666177280235,0.0229399889888053,0.0737750045879978,0.121123141860892,0.619379702697743
179773.411807,2530366.126422,0.0768384375573079,0.0418118466898955,0,0.218962039244453,0.338896020539153,0.323491655969191
180273.411807,2530366.126422,0.0489279824079164,0.0659703133589885,0,0.0339014110317024,0.136705149349459,0.714495143851933
180773.411807,2530366.126422,0.0587263718113415,0.0176179115434025,0,0.0801982015048633,0.219673334556799,0.623784180583593
181273.411807,2530366.126422,0.0713368787823217,0.00880249403997799,0,0.010819732257473,0.0425453878598936,0.866495507060334
181773.411807,2530366.126422,0.152831225948323,0.00714678394722375,0,0.0329851566794942,0.12552684625252,0.681509987172439
182273.411807,2530366.126422,0.2864745824922,0.00568911726922371,0,0.00844191594788034,0.0462470178014315,0.653147366489264
182773.411807,2530366.126422,0.134054648817165,0.0183385292499542,0,0.00861910874747845,0.0282413350449294,0.810746378140473
183273.411807,2530366.126422,0.337181601612608,0.0122778083195895,0.000549752611324904,0.0406816932380429,0.142019424592267,0.467289719626168
183773.411807,2530366.126422,0.616259864195265,0.000183519911910442,0,0.0203707102220591,0.127179298953937,0.236006606716829
184273.411807,2530366.126422,0.571245186136072,0.00513478818998716,0,0.0280579497524299,0.182284980744544,0.213277095176967
184773.411807,2530366.126422,0.435404068169324,0.0280373831775701,0,0.00274876305662452,0.0269378779549203,0.506871907641561
185273.411807,2530366.126422,0.612222426133235,0.0110111947146265,0,0.00532207744540283,0.0124793540099101,0.358964947696825
185773.411807,2530366.126422,0.446471291866029,0.0358851674641148,0,0.0062799043062201,0.0409688995215311,0.470394736842105
173273.411807,2529866.126422,0.12166390576109,0.101233204491073,0,0.0979201177986379,0.138965580710473,0.540217191238726
173773.411807,2529866.126422,0.124564300128417,0.023115024766098,0,0.356815263254449,0.120711796000734,0.374793615850303
174273.411807,2529866.126422,0.106410256410256,0.0397435897435897,0.000915750915750916,0.0298534798534799,0.0556776556776557,0.767399267399267
174773.411807,2529866.126422,0.0506422018348624,0.0181651376146789,0,0.687706422018349,0.148256880733945,0.0952293577981651
175273.411807,2529866.126422,0.121445606310769,0.0860392588515869,0,0.349293707576591,0.235736562098697,0.207484865162356
175773.411807,2529866.126422,0.052014652014652,0.242307692307692,0,0.0523809523809524,0.150915750915751,0.502380952380952
176273.411807,2529866.126422,0.0614678899082569,0.137798165137615,0,0.154678899082569,0.131926605504587,0.514128440366972
176773.411807,2529866.126422,0.0469638598422308,0.0742982938910292,0,0.229315721885892,0.170243991928087,0.479178132452761
177273.411807,2529866.126422,0.0564102564102564,0.0565934065934066,0,0.302380952380952,0.231868131868132,0.352747252747253
177773.411807,2529866.126422,0.0209174311926606,0.249174311926605,0,0.0143119266055046,0.0805504587155963,0.635045871559633
178273.411807,2529866.126422,0.0469638598422308,0.306182351862044,0,0.0513667217024399,0.163823151715282,0.431663914878004
178773.411807,2529866.126422,0.0554945054945055,0.127289377289377,0.0745421245421245,0.201465201465201,0.184249084249084,0.356959706959707
179273.411807,2529866.126422,0.0321100917431193,0.25743119266055,0.0256880733944954,0.0515596330275229,0.171743119266055,0.461467889908257
179773.411807,2529866.126422,0.0388919464318474,0.140891579526692,0.00495321959273528,0.0764997248211337,0.177215189873418,0.561548339754174
180273.411807,2529866.126422,0.0261904761904762,0.0902930402930403,0.0144688644688645,0.114285714285714,0.205860805860806,0.548901098901099
180773.411807,2529866.126422,0.0436697247706422,0.061651376146789,0,0.0787155963302752,0.159082568807339,0.656880733944954
181273.411807,2529866.126422,0.0970464135021097,0.0227481196110805,0.000366905155017428,0.098147128967162,0.12548156301596,0.65620986974867
181773.411807,2529866.126422,0.209340659340659,0.0111721611721612,0,0.0338827838827839,0.0917582417582418,0.653846153846154
182273.411807,2529866.126422,0.177798165137615,0.00697247706422018,0,0.00880733944954129,0.0355963302752294,0.770825688073394
182773.411807,2529866.126422,0.625573289304715,0,0,0.00201797835259585,0.0124747752705926,0.359933957072097
183273.411807,2529866.126422,0.701465201465201,0,0,0,0.000183150183150183,0.298351648351648
183773.411807,2529866.126422,0.758715596330275,0,0,0.00055045871559633,0.00073394495412844,0.24
184273.411807,2529866.126422,0.815263254448725,0.000733810310034856,0,0.01284168042561,0.0236653824986241,0.147495872317006
184773.411807,2529866.126422,0.238461538461538,0.0245421245421245,0,0.00659340659340659,0.121611721611722,0.608791208791209
185273.411807,2529866.126422,0.227522935779817,0.0229357798165138,0.00018348623853211,0.00348623853211009,0.0510091743119266,0.694862385321101
185773.411807,2529866.126422,0.236983842010772,0.00209455415918612,0,0.00119688809096349,0.00628366247755835,0.75344105326152
173273.411807,2529366.126422,0.0845277471517824,0.0968393972804116,0,0.0859977949283352,0.17805953693495,0.55457552370452
173773.411807,2529366.126422,0.0454212454212454,0.0393772893772894,0,0.563553113553114,0.161538461538462,0.19010989010989
174273.411807,2529366.126422,0.0601393472680601,0.022002200220022,0,0.535936927026036,0.115328199486615,0.266593325999267
174773.411807,2529366.126422,0.0948717948717949,0.0443223443223443,0,0.50018315018315,0.175091575091575,0.185531135531136
175273.411807,2529366.126422,0.0534798534798535,0.129304029304029,0,0.106593406593407,0.162820512820513,0.547802197802198
175773.411807,2529366.126422,0.0452878621195453,0.255042170883755,0.0088008800880088,0.0597726439310598,0.0689402273560689,0.562156215621562
176273.411807,2529366.126422,0.0518315018315018,0.155860805860806,0.0184981684981685,0.0413919413919414,0.136630036630037,0.595787545787546
176773.411807,2529366.126422,0.0756410256410256,0.0501831501831502,0,0.125641025641026,0.147069597069597,0.601465201465201
177273.411807,2529366.126422,0.0691235790245691,0.0502383571690502,0,0.12046204620462,0.127612761276128,0.632563256325633
177773.411807,2529366.126422,0.0291208791208791,0.165201465201465,0.000366300366300366,0.10970695970696,0.243406593406593,0.452197802197802
178273.411807,2529366.126422,0.0184981684981685,0.356959706959707,0.0247252747252747,0.0681318681318681,0.192857142857143,0.338827838827839
178773.411807,2529366.126422,0.0566556655665567,0.237807114044738,0.0718738540520719,0.0702236890355702,0.171983865053172,0.391455812247891
179273.411807,2529366.126422,0.0152014652014652,0.0957875457875458,0.127106227106227,0.280586080586081,0.26959706959707,0.211721611721612
179773.411807,2529366.126422,0.0538461538461538,0.167948717948718,0.107509157509158,0.241208791208791,0.272710622710623,0.156776556776557
180273.411807,2529366.126422,0.0403373670700403,0.0715071507150715,0,0.0278694536120279,0.118445177851118,0.741840850751742
180773.411807,2529366.126422,0.0404761904761905,0.125274725274725,0,0.0648351648351648,0.203113553113553,0.566300366300366
181273.411807,2529366.126422,0.198901098901099,0.0358974358974359,0.000549450549450549,0.0573260073260073,0.208058608058608,0.499267399267399
181773.411807,2529366.126422,0.13036303630363,0.0617895122845618,0,0.0704070407040704,0.209020902090209,0.528419508617528
182273.411807,2529366.126422,0.426007326007326,0.0796703296703297,0,0.00347985347985348,0.0553113553113553,0.435531135531136
182773.411807,2529366.126422,0.686080586080586,0.000183150183150183,0,0.00128205128205128,0.00293040293040293,0.30952380952381
183273.411807,2529366.126422,0.656215621562156,0,0,0.000366703337000367,0.000366703337000367,0.343050971763843
183773.411807,2529366.126422,0.541391941391941,0.0117216117216117,0,0,0,0.446886446886447
184273.411807,2529366.126422,0.627106227106227,0.00128205128205128,0,0.0131868131868132,0.065018315018315,0.293406593406593
184773.411807,2529366.126422,0.39035570223689,0.0306197286395306,0,0.0022002200220022,0.0287862119545288,0.548038137147048
185273.411807,2529366.126422,0.293406593406593,0.032967032967033,0,0.0256410256410256,0.142124542124542,0.505860805860806
185773.411807,2529366.126422,0.545264415894831,0,0,0.00985957573946818,0.040035853002689,0.404840155363012
173273.411807,2528866.126422,0.0346097201767305,0.0695876288659794,0,0.552650957290133,0.166973490427099,0.176178203240059
173773.411807,2528866.126422,0.0469466348798826,0.0128369704749679,0,0.774436090225564,0.13185402530717,0.0339262791124152
174273.411807,2528866.126422,0.0276708814366868,0.0102620487447315,0,0.828660436137072,0.101520982224666,0.0318856514568444
174773.411807,2528866.126422,0.0647825289043861,0.0805652413286842,0.000550559735731327,0.416223160212883,0.189209029179666,0.248669480638649
175273.411807,2528866.126422,0.0386942967174033,0.213460480469466,0.0053181734824867,0.0273244085824317,0.119200440124702,0.59600220062351
175773.411807,2528866.126422,0.0513102437236577,0.501191130657871,0.00494777350192413,0.0186915887850467,0.0712845886017959,0.352574674729705
176273.411807,2528866.126422,0.080932281152505,0.331620480822169,0.0291796659937603,0.158561203890622,0.110295467058176,0.289410901082767
176773.411807,2528866.126422,0.253805244819366,0.0495140289748762,0.00696864111498258,0.046396479002384,0.0702365670273244,0.573079039061067
177273.411807,2528866.126422,0.0188748396554884,0.204324720542423,0,0.0498442367601246,0.113432288803372,0.613523914238593
177773.411807,2528866.126422,0.0227564690768948,0.326298403376766,0.00660671682877592,0.0807487612405946,0.137639933932832,0.425949715544137
178273.411807,2528866.126422,0.0388776820099028,0.319090408949202,0,0.0520814230698698,0.0938932697597653,0.49605721621126
178773.411807,2528866.126422,0.0355506688656771,0.188748396554884,0.117647058823529,0.223016309327469,0.140919919369617,0.294117647058824
179273.411807,2528866.126422,0.02073775004588,0.193980546889337,0.150119287942742,0.260047715177097,0.183336391998532,0.191778307946412
179773.411807,2528866.126422,0.0293416467999266,0.267742527049331,0.00641848523748395,0.143040528149642,0.210159545204475,0.343297267559142
180273.411807,2528866.126422,0.0260216236027121,0.0797141286421111,0.0168590800806304,0.133773135422393,0.313542239325637,0.430089792926516
180773.411807,2528866.126422,0.0869884382455496,0.0708386859974307,0,0.0721233253808038,0.19086070838686,0.579188841989356
181273.411807,2528866.126422,0.296900788556758,0.00806895286997983,0,0.04401247019989,0.14817531633963,0.502842472033743
181773.411807,2528866.126422,0.182151365218985,0.0921751878321422,0,0.0989554700384827,0.278907824812168,0.347810152098222
182273.411807,2528866.126422,0.612589465957056,0.00293631859056708,0,0.0119287942741787,0.0420260598274913,0.330519361350707
182773.411807,2528866.126422,0.573445809646066,0,0,0.0100861910874748,0.048413717219879,0.36805428204658
183273.411807,2528866.126422,0.695437053326003,0,0,0,0.00128275609309144,0.303280190580905
183773.411807,2528866.126422,0.819232886768214,0,0,0,0,0.180767113231786
184273.411807,2528866.126422,0.512378507243719,0.0181551439574546,0.000916926462497708,0.00550155877498625,0.0610673024023473,0.401980561158995
184773.411807,2528866.126422,0.553051126992853,0.000549752611324904,0,0.00311526479750779,0.015026571376214,0.4282572842221
185273.411807,2528866.126422,0.561937970269774,0.0198201504863278,0.000734079647641769,0.0161497522481189,0.0567076527803267,0.344650394567811
185773.411807,2528866.126422,0.289473684210526,0.0062799043062201,0,0.214114832535885,0.200956937799043,0.289174641148325
173273.411807,2528366.126422,0.185532854776367,0.0513528437327443,0,0.273329652125897,0.208724461623412,0.281060187741579
173773.411807,2528366.126422,0.137039075399009,0.0664098330581545,0,0.371124564300128,0.146578609429462,0.278847917813245
174273.411807,2528366.126422,0.0507326007326007,0.0478021978021978,0,0.756227106227106,0.0994505494505494,0.0457875457875458
174773.411807,2528366.126422,0.0451376146788991,0.0188990825688073,0,0.689357798165138,0.142018348623853,0.104587155963303
175273.411807,2528366.126422,0.0396257567418822,0.145294441386901,0.00110071546505228,0.224362502293157,0.164923867180334,0.424692716932673
175773.411807,2528366.126422,0.0357142857142857,0.291758241758242,0,0.0565934065934066,0.08003663003663,0.535897435897436
176273.411807,2528366.126422,0.122201834862385,0.134862385321101,0.187522935779817,0.0906422018348624,0.105871559633028,0.358899082568807
176773.411807,2528366.126422,0.0489818381948266,0.107686662997615,0.063474591818015,0.110438451660246,0.245826453861677,0.423592001467621
177273.411807,2528366.126422,0.021978021978022,0.271428571428571,0.0586080586080586,0.0586080586080586,0.052014652014652,0.537362637362637
177773.411807,2528366.126422,0.0176146788990826,0.17045871559633,0.185137614678899,0.151009174311927,0.134311926605505,0.341467889908257
178273.411807,2528366.126422,0.0221977618785544,0.260686112639883,0.17409649605577,0.112823335167859,0.123096679508347,0.307099614749587
178773.411807,2528366.126422,0.0293040293040293,0.294688644688645,0.0576923076923077,0.161904761904762,0.139194139194139,0.317216117216117
179273.411807,2528366.126422,0.164954128440367,0.111926605504587,0.0943119266055046,0.138165137614679,0.139633027522936,0.351009174311927
179773.411807,2528366.126422,0.541552008805724,0.0394423041643735,0,0.000733810310034856,0.011557512383049,0.406714364336819
180273.411807,2528366.126422,0.266300366300366,0.131318681318681,0.000183150183150183,0.0159340659340659,0.0388278388278388,0.547435897435897
180773.411807,2528366.126422,0.0326605504587156,0.524403669724771,0,0.0106422018348624,0.109908256880734,0.322385321100917
181273.411807,2528366.126422,0.0977802238121446,0.343056319941295,0,0.0302696752889378,0.15831957439002,0.370574206567602
181773.411807,2528366.126422,0.11978021978022,0.0989010989010989,0,0.198534798534799,0.427289377289377,0.155494505494505
182273.411807,2528366.126422,0.645504587155963,0.00055045871559633,0,0.026605504587156,0.107155963302752,0.220183486238532
182773.411807,2528366.126422,0.578059071729958,0,0,0.011557512383049,0.0550357732526142,0.355347642634379
183273.411807,2528366.126422,0.678937728937729,0,0,0,0.000915750915750916,0.32014652014652
183773.411807,2528366.126422,0.71743119266055,0,0,0,0.00036697247706422,0.282201834862385
184273.411807,2528366.126422,0.543936892313337,0.0135754907356448,0.00091726288754357,0.0104567969179967,0.0432948082920565,0.387818748853421
184773.411807,2528366.126422,0.4496336996337,0.0010989010989011,0,0.000183150183150183,0.00201465201465201,0.547069597069597
185273.411807,2528366.126422,0.575963302752294,0.013394495412844,0,0.00036697247706422,0.00275229357798165,0.407522935779817
185773.411807,2528366.126422,0.604727707959306,0.00658288450029922,0,0.0218432076600838,0.00628366247755835,0.360562537402753
173273.411807,2527866.126422,0.0514516721793458,0.129180448364572,0,0.135244395442852,0.176405733186329,0.507717750826902
173773.411807,2527866.126422,0.0937728937728938,0.15952380952381,0.036996336996337,0.0562271062271062,0.076007326007326,0.577472527472527
174273.411807,2527866.126422,0.055005500550055,0.0808580858085809,0.00238357169050238,0.410524385771911,0.17015034836817,0.281078107810781
174773.411807,2527866.126422,0.0884615384615385,0.0710622710622711,0,0.325274725274725,0.198168498168498,0.317032967032967
175273.411807,2527866.126422,0.0749084249084249,0.080952380952381,0,0.441391941391941,0.100549450549451,0.302197802197802
175773.411807,2527866.126422,0.112211221122112,0.0786578657865787,0,0.248441510817748,0.222222222222222,0.338467180051338
176273.411807,2527866.126422,0.136446886446886,0.238644688644689,0,0.0227106227106227,0.0902930402930403,0.511904761904762
176773.411807,2527866.126422,0.0833333333333333,0.145054945054945,0.216483516483516,0.0950549450549451,0.137545787545788,0.322527472527473
177273.411807,2527866.126422,0.0267693436010268,0.127612761276128,0.204987165383205,0.162632929959663,0.0962596259625963,0.381738173817382
177773.411807,2527866.126422,0.0183150183150183,0.313186813186813,0.250549450549451,0.11043956043956,0.0564102564102564,0.251098901098901
178273.411807,2527866.126422,0.0485347985347985,0.169230769230769,0.152564102564103,0.0641025641025641,0.0853479853479854,0.48021978021978
178773.411807,2527866.126422,0.0438210487715438,0.354418775210854,0.155665566556656,0.0540887422075541,0.0935093509350935,0.298496516318298
179273.411807,2527866.126422,0.41996336996337,0.0331501831501832,0,0.0137362637362637,0.0311355311355311,0.502014652014652
179773.411807,2527866.126422,0.140842490842491,0.251098901098901,0,0.00366300366300366,0.0192307692307692,0.585164835164835
180273.411807,2527866.126422,0.276861019435277,0.107077374404107,0.0111844517785112,0.0595892922625596,0.0652731939860653,0.48001466813348
180773.411807,2527866.126422,0.0597069597069597,0.164652014652015,0,0.123076923076923,0.264468864468864,0.388095238095238
181273.411807,2527866.126422,0.386446886446886,0.0126373626373626,0.000183150183150183,0.00421245421245421,0.00732600732600733,0.589194139194139
181773.411807,2527866.126422,0.532269893656032,0.0146681334800147,0,0.00678401173450678,0.0315364869820315,0.414741474147415
182273.411807,2527866.126422,0.611538461538462,0.00164835164835165,0,0.0141025641025641,0.0824175824175824,0.29029304029304
182773.411807,2527866.126422,0.608424908424908,0,0,0.00311355311355311,0.00952380952380952,0.378937728937729
183273.411807,2527866.126422,0.715438210487715,0,0,0,0.00055005500550055,0.284011734506784
183773.411807,2527866.126422,0.77985347985348,0,0,0,0,0.22014652014652
184273.411807,2527866.126422,0.542673992673993,0.000183150183150183,0,0.00732600732600733,0.0223443223443223,0.427472527472527
184773.411807,2527866.126422,0.565639897323066,0.0011001100110011,0,0.00165016501650165,0.00623395672900623,0.425375870920425
185273.411807,2527866.126422,0.365384615384615,0.00293040293040293,0.000732600732600733,0.00311355311355311,0.00457875457875458,0.623260073260073
185773.411807,2527866.126422,0.522856289214222,0.0125485509411413,0,0.00567672542575441,0.0182252763668957,0.440693158051987
173273.411807,2527366.126422,0.114690721649485,0.0695876288659794,0,0.0399484536082474,0.0839469808541973,0.691826215022091
173773.411807,2527366.126422,0.0159545204474601,0.135154960572162,0,0.0372272143774069,0.0473134054648817,0.764349899138089
174273.411807,2527366.126422,0.0555250137438153,0.104819497892615,0.0144768187648891,0.251969946857248,0.0806303829943192,0.492578339747114
174773.411807,2527366.126422,0.0372545421178198,0.136355294549459,0.169205358781428,0.23655716645256,0.0943292347219673,0.326298403376766
175273.411807,2527366.126422,0.0858243168897854,0.222996515679443,0.0647350082523382,0.194571795342014,0.156244269209609,0.275628094626811
175773.411807,2527366.126422,0.101704233095107,0.14238592633315,0,0.278174821330401,0.150082462891699,0.327652556349643
176273.411807,2527366.126422,0.103138190493669,0.144980730409249,0,0.218205175261516,0.0886401174527436,0.445035786382823
176773.411807,2527366.126422,0.0841738492572896,0.115716119567211,0.220429121584449,0.143223913442142,0.137355584082157,0.299101412066752
177273.411807,2527366.126422,0.0359171706065604,0.133956386292835,0.334249587685542,0.156129741616273,0.0679860729338464,0.271761040864944
177773.411807,2527366.126422,0.110662506881997,0.144430170673518,0.141493852082951,0.175261515874472,0.109928427234355,0.318223527252707
178273.411807,2527366.126422,0.0649183935448377,0.26810929763433,0.0280579497524299,0.0784889051898038,0.0297084173849257,0.530717036493673
178773.411807,2527366.126422,0.062671797691039,0.399670148433205,0,0.0344511636430273,0.137254901960784,0.365951988271944
179273.411807,2527366.126422,0.179849513672233,0.266837951917783,0,0.0357863828225362,0.13286841622316,0.384657735364287
179773.411807,2527366.126422,0.0344764349899138,0.476801760498808,0,0.00770218228498074,0.0636346964973409,0.417384925728957
180273.411807,2527366.126422,0.0767821147150449,0.120212571009712,0,0.105552501374382,0.164009529045263,0.533443283855598
180773.411807,2527366.126422,0.0724903652046247,0.119471462653698,0,0.0967149935768031,0.167553679574234,0.543769498990641
181273.411807,2527366.126422,0.21181001283697,0.0097194205024757,0,0.0379607555474051,0.114432422519714,0.626077388593435
181773.411807,2527366.126422,0.575224482316291,0,0,0.000733003481766538,0.00164925783397471,0.422393256367968
182273.411807,2527366.126422,0.433290512020554,0.000367039823820885,0,0.00495503762158194,0.0478986970086254,0.513488713525417
182773.411807,2527366.126422,0.625160462130937,0.000366770584999083,0,0.0126535851824684,0.0698697964423253,0.29194938565927
183273.411807,2527366.126422,0.813633864760858,0,0,0.00164925783397471,0.00183250870441635,0.182884368700751
183773.411807,2527366.126422,0.768397871169022,0,0,0.00385391815011929,0.00550559735731327,0.222242613323546
184273.411807,2527366.126422,0.738309187603154,0.0100861910874748,0,0,0,0.251604621309371
184773.411807,2527366.126422,0.512186182884369,0.00714678394722375,0.00128275609309144,0.00201575957485798,0.0273043796958036,0.450064137804655
185273.411807,2527366.126422,0.740686364470545,0.00275279867865663,0.00752431638832813,0.00220223894292531,0.00311983850247752,0.243714443017067
185773.411807,2527366.126422,0.434210526315789,0.0248205741626794,0.0526315789473684,0.0104665071770335,0.0436602870813397,0.434210526315789
173273.411807,2526866.126422,0.125345113197129,0.137493097736057,0,0.0485919381557151,0.0815387447082643,0.607031106202835
173773.411807,2526866.126422,0.195010089891763,0.0203632361034673,0,0.384149697303247,0.157585764079985,0.242891212621537
174273.411807,2526866.126422,0.143589743589744,0.0622710622710623,0,0.244688644688645,0.144505494505494,0.404945054945055
174773.411807,2526866.126422,0.186788990825688,0.128440366972477,0.00422018348623853,0.240917431192661,0.202752293577982,0.236880733944954
175273.411807,2526866.126422,0.0431113557145478,0.384333149880756,0.0810860392588516,0.117226197028068,0.104384516602458,0.269858741515318
175773.411807,2526866.126422,0.0941391941391941,0.221245421245421,0.0256410256410256,0.173809523809524,0.143772893772894,0.341391941391941
176273.411807,2526866.126422,0.075045871559633,0.0831192660550459,0.011743119266055,0.490091743119266,0.14256880733945,0.19743119266055
176773.411807,2526866.126422,0.274078150798019,0.0585213722252798,0.0599889928453495,0.0856723536965694,0.063474591818015,0.458264538616768
177273.411807,2526866.126422,0.0283882783882784,0.215934065934066,0.317582417582418,0.0470695970695971,0.0783882783882784,0.312637362637363
177773.411807,2526866.126422,0.0429357798165138,0.0794495412844037,0.489357798165138,0.144403669724771,0.114862385321101,0.128990825688073
178273.411807,2526866.126422,0.0242157402311502,0.137039075399009,0.277196844615667,0.143826820766832,0.160154100165107,0.257567418822234
178773.411807,2526866.126422,0.0816849816849817,0.378754578754579,0.0514652014652015,0.084981684981685,0.141025641025641,0.262087912087912
179273.411807,2526866.126422,0.0277064220183486,0.640550458715596,0.00073394495412844,0.0238532110091743,0.086605504587156,0.220550458715596
179773.411807,2526866.126422,0.0623738763529628,0.295175197211521,0,0.0467804072647221,0.121629058888277,0.474041460282517
180273.411807,2526866.126422,0.126923076923077,0.0375457875457875,0,0.105860805860806,0.183882783882784,0.545787545787546
180773.411807,2526866.126422,0.137614678899083,0.018348623853211,0,0.04,0.0880733944954128,0.715963302752294
181273.411807,2526866.126422,0.202348192992112,0.00330214639515685,0,0.0671436433681893,0.117409649605577,0.609796367638965
181773.411807,2526866.126422,0.262454212454212,0.00659340659340659,0,0.0714285714285714,0.126739926739927,0.532783882783883
182273.411807,2526866.126422,0.60605504587156,0,0,0.00146788990825688,0.00165137614678899,0.390825688073395
182773.411807,2526866.126422,0.717849935791598,0,0,0.00366905155017428,0.00935608145294441,0.269124931205283
183273.411807,2526866.126422,0.864652014652015,0,0,0,0,0.135347985347985
183773.411807,2526866.126422,0.561284403669725,0.00715596330275229,0,0.00660550458715596,0.0411009174311927,0.383853211009174
184273.411807,2526866.126422,0.384516602458265,0.00146762062006971,0,0.0196294257934324,0.0926435516419006,0.501742799486333
184773.411807,2526866.126422,0.511904761904762,0.0606227106227106,0.00293040293040293,0.0210622710622711,0.0386446886446886,0.364835164835165
185273.411807,2526866.126422,0.722201834862385,0.00825688073394495,0.00018348623853211,0.00146788990825688,0.00844036697247706,0.259449541284404
185773.411807,2526866.126422,0.524236983842011,0.0517654099341712,0.0116696588868941,0.0104727707959306,0.0397965290245362,0.362058647516457
173273.411807,2526366.126422,0.0429988974641676,0.0233370084527747,0,0.620911429621463,0.112826166850423,0.199926497611172
173773.411807,2526366.126422,0.0776556776556777,0.0717948717948718,0.0183150183150183,0.273260073260073,0.222527472527473,0.336446886446886
174273.411807,2526366.126422,0.135863586358636,0.0216354968830216,0,0.214338100476714,0.169050238357169,0.459112577924459
174773.411807,2526366.126422,0.0532967032967033,0.148717948717949,0.0282051282051282,0.266666666666667,0.117399267399267,0.385714285714286
175273.411807,2526366.126422,0.0216117216117216,0.127838827838828,0.242490842490842,0.274725274725275,0.0807692307692308,0.252564102564103
175773.411807,2526366.126422,0.0720572057205721,0.0766409974330766,0.171617161716172,0.284011734506784,0.183168316831683,0.212504583791712
176273.411807,2526366.126422,0.0642857142857143,0.0778388278388278,0.0294871794871795,0.402564102564103,0.192673992673993,0.233150183150183
176773.411807,2526366.126422,0.102380952380952,0.0305860805860806,0.00604395604395604,0.461355311355311,0.126923076923077,0.272710622710623
177273.411807,2526366.126422,0.0298863219655299,0.138613861386139,0.171250458379171,0.111111111111111,0.0526219288595526,0.496516318298497
177773.411807,2526366.126422,0.0203296703296703,0.0857142857142857,0.195238095238095,0.568315018315018,0.0512820512820513,0.0791208791208791
178273.411807,2526366.126422,0.08003663003663,0.151465201465201,0.0542124542124542,0.263553113553114,0.0805860805860806,0.37014652014652
178773.411807,2526366.126422,0.0682068206820682,0.240557389072241,0.128896222955629,0.0768243491015768,0.117528419508618,0.367986798679868
179273.411807,2526366.126422,0.0659340659340659,0.495604395604396,0,0.0338827838827839,0.0901098901098901,0.314468864468864
179773.411807,2526366.126422,0.142857142857143,0.137545787545788,0.0104395604395604,0.0463369963369963,0.13040293040293,0.532417582417582
180273.411807,2526366.126422,0.059039237257059,0.0520718738540521,0.0198019801980198,0.157682434910158,0.196186285295196,0.515218188485515
180773.411807,2526366.126422,0.349084249084249,0.143223443223443,0,0.000732600732600733,0.0032967032967033,0.503663003663004
181273.411807,2526366.126422,0.205311355311355,0.0287545787545788,0,0.0772893772893773,0.108974358974359,0.57967032967033
181773.411807,2526366.126422,0.162449578291162,0.0198019801980198,0,0.150715071507151,0.250825082508251,0.416208287495416
182273.411807,2526366.126422,0.463736263736264,0.00421245421245421,0,0.00915750915750916,0.0335164835164835,0.489377289377289
182773.411807,2526366.126422,0.597985347985348,0,0,0.0021978021978022,0.00641025641025641,0.393406593406593
183273.411807,2526366.126422,0.721672167216722,0,0,0.000183351668500183,0.00495049504950495,0.273193986065273
183773.411807,2526366.126422,0.507142857142857,0.00641025641025641,0.00238095238095238,0.00164835164835165,0.0137362637362637,0.468681318681319
184273.411807,2526366.126422,0.343040293040293,0.0177655677655678,0,0.0137362637362637,0.0567765567765568,0.568681318681319
184773.411807,2526366.126422,0.457462412907957,0.000366703337000367,0,0.0122845617895123,0.0656398973230656,0.464246424642464
185273.411807,2526366.126422,0.544505494505494,0.000915750915750916,0.000366300366300366,0.0267399267399267,0.0864468864468864,0.341025641025641
185773.411807,2526366.126422,0.69226172691963,0.00926202569465193,0,0.00388407529130565,0.0206154765461607,0.273976695548252
173273.411807,2525866.126422,0.0438144329896907,0.237481590574374,0.00165684830633284,0.147275405007364,0.166053019145803,0.403718703976436
173773.411807,2525866.126422,0.101412066752246,0.0812396845772969,0,0.342196955804144,0.220795892169448,0.254355400696864
174273.411807,2525866.126422,0.078248121678578,0.0131940626717977,0,0.278724573941726,0.21861828843687,0.411214953271028
174773.411807,2525866.126422,0.0728574050284456,0.0152321526885667,0,0.114516425032116,0.110478986970086,0.686915030280785
175273.411807,2525866.126422,0.0709701081973226,0.0667522464698331,0.0102695763799743,0.156794425087108,0.165963689712085,0.529249954153677
175773.411807,2525866.126422,0.0657870624885468,0.11544804837823,0.27799157045996,0.175737584753528,0.141652922851384,0.223382811068353
176273.411807,2525866.126422,0.0719398054688934,0.0567076527803267,0.0278950266103872,0.296568177647275,0.209763259313636,0.337126078179482
176773.411807,2525866.126422,0.0526315789473684,0.0746378140473134,0.0687694846873281,0.355767467449111,0.178250504309554,0.269943150559325
177273.411807,2525866.126422,0.0390324354040682,0.114715044896463,0.309327469305479,0.236943375481034,0.0914421843503757,0.20853949056258
177773.411807,2525866.126422,0.0431271792989539,0.123508900715728,0.251605799229216,0.27803266654432,0.0778124426500275,0.225913011561754
178273.411807,2525866.126422,0.00513478818998716,0.0339262791124152,0.0282413350449294,0.799193104713002,0.048413717219879,0.0850907757197873
178773.411807,2525866.126422,0.0536925050393989,0.324720542422577,0,0.0428807036833425,0.0569910207073484,0.521715228147334
179273.411807,2525866.126422,0.0653330886401175,0.213617177463755,0,0.141860891906772,0.194714626536979,0.384474215452377
179773.411807,2525866.126422,0.0562992847973593,0.212360168714469,0.0401613790573996,0.0847240051347882,0.153126719237117,0.453328443058867
180273.411807,2525866.126422,0.0718343412131208,0.155213487264065,0.0467289719626168,0.0373831775700935,0.023089609675646,0.665750412314459
180773.411807,2525866.126422,0.337676637915214,0.0262433474031932,0,0.0222059093411635,0.0258763075793724,0.587997797761057
181273.411807,2525866.126422,0.0612506876948469,0.0942600403447643,0,0.278378874014304,0.178800660187053,0.387309737759032
181773.411807,2525866.126422,0.234744365035734,0.00274876305662452,0,0.0828293934396188,0.148249954187282,0.53142752428074
182273.411807,2525866.126422,0.318957606900349,0.000734079647641769,0,0.0227564690768948,0.0710222059093412,0.586529638465774
182773.411807,2525866.126422,0.560425453878599,0.0022006235099945,0,0.00550155877498625,0.0205391527599487,0.411333211076472
183273.411807,2525866.126422,0.454095656954371,0.00109950522264981,0.000183250870441635,0.00604727872457394,0.0388491845336265,0.499725123694338
183773.411807,2525866.126422,0.303358414387961,0.111580106441549,0.144613690585429,0.00165167920719398,0.00770783630023858,0.431088273077629
184273.411807,2525866.126422,0.373555840821566,0.145424536952136,0.0214560792224464,0.0229231615624427,0.0286081056299285,0.40803227581148
184773.411807,2525866.126422,0.55488363569727,0.00311526479750779,0,0.0104452996151732,0.0555250137438153,0.376030786146234
185273.411807,2525866.126422,0.266654432005873,0.00568911726922371,0.000183519911910442,0.0159662323362085,0.071389245733162,0.640117452743623
185773.411807,2525866.126422,0.469497607655502,0.0322966507177034,0.027811004784689,0.00747607655502392,0.0257177033492823,0.437200956937799
173273.411807,2525366.126422,0.124240750966317,0.151665746364808,0,0.222528989508559,0.159580342352292,0.341984170808025
173773.411807,2525366.126422,0.224729407448175,0.0957622454595487,0,0.218492019812878,0.172078517703174,0.288937809576225
174273.411807,2525366.126422,0.120512820512821,0.021978021978022,0.0021978021978022,0.134981684981685,0.0976190476190476,0.622710622710623
174773.411807,2525366.126422,0.132110091743119,0.0190825688073394,0,0.458715596330275,0.119633027522936,0.27045871559633
175273.411807,2525366.126422,0.0651256650155935,0.0748486516235553,0,0.346175013758943,0.182902219776188,0.33094844982572
175773.411807,2525366.126422,0.126739926739927,0.056043956043956,0,0.118864468864469,0.116849816849817,0.581501831501832
176273.411807,2525366.126422,0.0631192660550459,0.135412844036697,0.00862385321100917,0.143853211009174,0.0992660550458716,0.549724770642202
176773.411807,2525366.126422,0.0350394423041644,0.467620620069712,0.0163272793982755,0.115942028985507,0.119060722803155,0.246009906439185
177273.411807,2525366.126422,0.0474358974358974,0.236630036630037,0.133150183150183,0.26978021978022,0.110805860805861,0.202197802197802
177773.411807,2525366.126422,0.0434862385321101,0.164403669724771,0.135229357798165,0.271192660550459,0.108990825688073,0.276697247706422
178273.411807,2525366.126422,0.0148596587782058,0.0603558980003669,0.090442120711796,0.737112456430013,0.0469638598422308,0.0502660062373876
178773.411807,2525366.126422,0.0408424908424908,0.0503663003663004,0.105494505494505,0.390842490842491,0.122161172161172,0.29029304029304
179273.411807,2525366.126422,0.0655045871559633,0.0341284403669725,0,0.354311926605505,0.244770642201835,0.301284403669725
179773.411807,2525366.126422,0.208769033204917,0.0498991010823702,0,0.131718950651257,0.167675655842965,0.441937259218492
180273.411807,2525366.126422,0.393223443223443,0.0774725274725275,0,0.12985347985348,0.0932234432234432,0.306227106227106
180773.411807,2525366.126422,0.235045871559633,0.00532110091743119,0,0.11394495412844,0.0306422018348624,0.615045871559633
181273.411807,2525366.126422,0.173913043478261,0.0416437350944781,0.00183452577508714,0.226380480645753,0.327462850853054,0.228765364153366
181773.411807,2525366.126422,0.313736263736264,0.0472527472527473,0,0.0815018315018315,0.205128205128205,0.352380952380952
182273.411807,2525366.126422,0.378165137614679,0.00311926605504587,0,0.0462385321100917,0.171926605504587,0.400550458715596
182773.411807,2525366.126422,0.348376444689048,0.000550357732526142,0,0.0177949000183453,0.0636580443955238,0.569620253164557
183273.411807,2525366.126422,0.310805860805861,0.101098901098901,0.251831501831502,0.0124542124542125,0.028021978021978,0.295787545787546
183773.411807,2525366.126422,0.407522935779817,0.106422018348624,0.0640366972477064,0.00422018348623853,0.00844036697247706,0.409357798165138
184273.411807,2525366.126422,0.454778939644102,0.195743900201798,0.0359567051917079,0.000183452577508714,0.00311869381764814,0.310218308567235
184773.411807,2525366.126422,0.447252747252747,0.153846153846154,0.000183150183150183,0.000549450549450549,0.00128205128205128,0.396886446886447
185273.411807,2525366.126422,0.334678899082569,0.0423853211009174,0.0018348623853211,0.0137614678899083,0.0506422018348624,0.556697247706422
185773.411807,2525366.126422,0.397965290245362,0.00119688809096349,0,0.00448833034111311,0.0152603231597846,0.581089168162777
173273.411807,2524866.126422,0.162991547225285,0.0441014332965821,0.0350973906651966,0.0795663359059169,0.115950018375597,0.562293274531422
173773.411807,2524866.126422,0.118681318681319,0.0424908424908425,0,0.262820512820513,0.143589743589744,0.432417582417582
174273.411807,2524866.126422,0.134396773010634,0.0484048404840484,0.0282361569490282,0.0449211587825449,0.0544554455445545,0.68958562522919
174773.411807,2524866.126422,0.115567765567766,0.0375457875457875,0,0.42032967032967,0.136446886446886,0.29010989010989
175273.411807,2524866.126422,0.107142857142857,0.0283882783882784,0,0.373443223443223,0.182967032967033,0.308058608058608
175773.411807,2524866.126422,0.112944627796113,0.0126512651265127,0,0.127246057939127,0.0823248991565823,0.664833149981665
176273.411807,2524866.126422,0.0897435897435897,0.141208791208791,0.0527472527472527,0.142490842490842,0.0978021978021978,0.476007326007326
176773.411807,2524866.126422,0.0637362637362637,0.127106227106227,0.0333333333333333,0.213553113553114,0.128021978021978,0.434249084249084
177273.411807,2524866.126422,0.0348368170150348,0.115694902823616,0.0434543454345435,0.161349468280161,0.125595892922626,0.519068573524019
177773.411807,2524866.126422,0.0483516483516484,0.414652014652015,0.01996336996337,0.0985347985347985,0.0675824175824176,0.350915750915751
178273.411807,2524866.126422,0.045970695970696,0.116849816849817,0,0.369230769230769,0.216300366300366,0.251648351648352
178773.411807,2524866.126422,0.0287862119545288,0.101576824349102,0,0.546571323799047,0.146131279794646,0.176934360102677
179273.411807,2524866.126422,0.0463369963369963,0.156593406593407,0,0.393406593406593,0.207142857142857,0.196520146520147
179773.411807,2524866.126422,0.0287545787545788,0.103846153846154,0,0.397802197802198,0.172710622710623,0.296886446886447
180273.411807,2524866.126422,0.0498716538320499,0.00825082508250825,0,0.27044371103777,0.172167216721672,0.499266593325999
180773.411807,2524866.126422,0.142490842490842,0.00805860805860806,0,0.130952380952381,0.203113553113553,0.515384615384615
181273.411807,2524866.126422,0.386263736263736,0.0126373626373626,0,0.123443223443223,0.127838827838828,0.34981684981685
181773.411807,2524866.126422,0.527869453612028,0,0,0.00201686835350202,0.00531719838650532,0.464796479647965
182273.411807,2524866.126422,0.577106227106227,0,0,0.00293040293040293,0.0146520146520147,0.405311355311355
182773.411807,2524866.126422,0.408791208791209,0.0283882783882784,0.144505494505494,0.0113553113553114,0.00622710622710623,0.400732600732601
183273.411807,2524866.126422,0.323432343234323,0.0223689035570224,0.446277961129446,0.011001100110011,0.00806747341400807,0.188852218555189
183773.411807,2524866.126422,0.441758241758242,0,0,0.00256410256410256,0.0021978021978022,0.553479853479854
184273.411807,2524866.126422,0.402197802197802,0.00659340659340659,0.000183150183150183,0.00384615384615385,0.00586080586080586,0.581318681318681
184773.411807,2524866.126422,0.403740374037404,0.0614228089475614,0,0.0044004400440044,0.0102676934360103,0.52016868353502
185273.411807,2524866.126422,0.387179487179487,0.0355311355311355,0.028021978021978,0.0117216117216117,0.0261904761904762,0.511355311355311
185773.411807,2524866.126422,0.480729011054676,0.0218105766357932,0.0230056767254258,0.00866447564983567,0.0271885270391395,0.43860173289513
