"x","y","forest","agri","water","built","other","grass"
212273.411807,2668866.126422,0.0560247747747748,0.318693693693694,0,0.17088963963964,0.108108108108108,0.346283783783784
212773.411807,2668866.126422,0.0523648648648649,0.182150900900901,0,0.228322072072072,0.217060810810811,0.320101351351351
213273.411807,2668866.126422,0.0236553083638412,0.0985637848493382,0,0.0171782596451704,0.071529146719234,0.789073500422416
213773.411807,2668866.126422,0.00422297297297297,0.353885135135135,0,0.197635135135135,0.115990990990991,0.328265765765766
214273.411807,2668866.126422,0.017454954954955,0.454391891891892,0.0149211711711712,0.264076576576577,0.101632882882883,0.147522522522523
214773.411807,2668866.126422,0.0287243030132357,0.341875528020276,0.000563221627710504,0.328076598141369,0.131512250070403,0.169248099127006
215273.411807,2668866.126422,0.0625,0.101632882882883,0.0140765765765766,0.664132882882883,0.0864301801801802,0.0712274774774775
215773.411807,2668866.126422,0.0484234234234234,0.0357545045045045,0.00788288288288288,0.753941441441441,0.0695382882882883,0.0844594594594595
216273.411807,2668866.126422,0.0991270064770487,0.0453393410306956,0.000563221627710504,0.681779780343565,0.121092649957758,0.0520980005632216
216773.411807,2668866.126422,0.38597972972973,0.0323761261261261,0.00337837837837838,0.286036036036036,0.0771396396396396,0.21509009009009
217273.411807,2668866.126422,0.326858108108108,0.0413851351351351,0.000844594594594595,0.32347972972973,0.169481981981982,0.13795045045045
217773.411807,2668866.126422,0.108138552520417,0.0321036327794987,0.00253449732469727,0.566319346662912,0.118839763446916,0.172064207265559
218273.411807,2668866.126422,0.16920045045045,0.013231981981982,0.000844594594594595,0.493806306306306,0.0929054054054054,0.230011261261261
218773.411807,2668866.126422,0.0610923423423423,0.0135135135135135,0.00225225225225225,0.731137387387387,0.105292792792793,0.0867117117117117
219273.411807,2668866.126422,0.2787947057167,0.0197127569698676,0,0.426640382990707,0.0664601520698395,0.208392002252887
219773.411807,2668866.126422,0.0478603603603604,0.0650337837837838,0.00563063063063063,0.311655405405405,0.143018018018018,0.426801801801802
220273.411807,2668866.126422,0.0205518018018018,0.00816441441441441,0.00168918918918919,0.875844594594595,0.0633445945945946,0.0304054054054054
220773.411807,2668866.126422,0.030132357082512,0.0109828217403548,0,0.822585187271191,0.0644888763728527,0.0718107575330893
221273.411807,2668866.126422,0.0411036036036036,0.0194256756756757,0.00168918918918919,0.797578828828829,0.10106981981982,0.0391328828828829
221773.411807,2668866.126422,0.0689752252252252,0.0256193693693694,0,0.70045045045045,0.123592342342342,0.0813626126126126
222273.411807,2668866.126422,0.0236553083638412,0.0154885947620389,0.000281610813855252,0.784286116586877,0.0774429738101943,0.0988453956631935
222773.411807,2668866.126422,0.114864864864865,0.105855855855856,0,0.213682432432432,0.118524774774775,0.447072072072072
223273.411807,2668866.126422,0.290540540540541,0.0197072072072072,0,0.128941441441441,0.0678490990990991,0.492961711711712
223773.411807,2668866.126422,0.398479301605182,0.0064770487186708,0,0.0197127569698676,0.0439312869614193,0.531399605744861
224273.411807,2668866.126422,0.528434684684685,0.00675675675675676,0,0.0670045045045045,0.0532094594594595,0.344594594594595
212273.411807,2668366.126422,0.0702881262616994,0.103321710405579,0.00183519911910442,0.518994310882731,0.160212883097816,0.14534777023307
212773.411807,2668366.126422,0.0535485054098661,0.154777186869613,0,0.448377040161379,0.11589950485971,0.227397762699432
213273.411807,2668366.126422,0.00494777350192413,0.238592633315008,0,0.157778999450247,0.199743448781382,0.398937144951439
213773.411807,2668366.126422,0.00697375665259681,0.383923655716645,0.00697375665259681,0.131767296751698,0.17416039640301,0.296201137823454
214273.411807,2668366.126422,0.0179717586649551,0.119383825417202,0.0106363469649734,0.497524298551256,0.118650284247203,0.23583348615441
214773.411807,2668366.126422,0.0705515851200293,0.047645226314825,0.00751328568810702,0.632582004764523,0.142569177203592,0.0991387209089243
215273.411807,2668366.126422,0.0939621948981464,0.055606533308864,0.0144980730409249,0.542301339695357,0.164250321159846,0.129381537896862
215773.411807,2668366.126422,0.0953603520997616,0.0500641848523748,0.00788556757748029,0.688428388043279,0.103245919677242,0.0550155877498625
216273.411807,2668366.126422,0.206340480117281,0.0403151914971596,0.00733003481766538,0.372365768737402,0.0949239508887667,0.278724573941726
216773.411807,2668366.126422,0.258946595705634,0.0581758120756102,0.0155991925123876,0.259864195265186,0.132501376399339,0.274912828041843
217273.411807,2668366.126422,0.222262974509444,0.0451127819548872,0.00733541169998166,0.34403080872914,0.194205024757014,0.187052998349532
217773.411807,2668366.126422,0.0842954004031519,0.0454462158695254,0.00513102437236577,0.590617555433388,0.140736668499175,0.133773135422393
218273.411807,2668366.126422,0.0886401174527436,0.0434942191227748,0.00201871903101487,0.531657184804551,0.10790970820334,0.226280051385575
218773.411807,2668366.126422,0.0885750962772786,0.0278745644599303,0.00146708233999633,0.687511461580781,0.0863744727672841,0.10819732257473
219273.411807,2668366.126422,0.198643943558732,0.257650723840938,0,0.0930914421843504,0.093274693054792,0.357339197361187
219773.411807,2668366.126422,0.100568911726922,0.125894659570563,0.0214718296935217,0.112864745824922,0.0835015599192512,0.555698293264819
220273.411807,2668366.126422,0.12818631945718,0.0289748762149276,0.00183385292499542,0.539702915826151,0.0880249403997799,0.213277095176967
220773.411807,2668366.126422,0.155030236393623,0.0562580172255818,0,0.282939343961884,0.104452996151732,0.40131940626718
221273.411807,2668366.126422,0.147366489264085,0.0315654248485961,0.000183519911910442,0.646540649660488,0.0811158010644155,0.0932281152505047
221773.411807,2668366.126422,0.0370438290849074,0.011186502842472,0.000183385292499542,0.777370254905557,0.0649183935448377,0.109297634329727
222273.411807,2668366.126422,0.0555250137438153,0.0967564595931831,0.00183250870441635,0.270661535642294,0.0828293934396188,0.492395088876672
222773.411807,2668366.126422,0.238392365571665,0.0214718296935217,0,0.26555331253441,0.122591301156175,0.351991191044228
223273.411807,2668366.126422,0.184852374839538,0.00678525582248304,0,0.220429121584449,0.0786722904823033,0.509260957271227
223773.411807,2668366.126422,0.34304562946674,0.00659703133589885,0,0.00128275609309144,0.00824628916987356,0.640828293934396
224273.411807,2668366.126422,0.557533492383924,0,0,0,0.00110111947146265,0.441365388144614
212273.411807,2667866.126422,0.0739449541284404,0.0721100917431193,0.00018348623853211,0.619082568807339,0.110642201834862,0.124036697247706
212773.411807,2667866.126422,0.0618235186204366,0.354430379746835,0,0.277013392038158,0.096862960924601,0.209869748669969
213273.411807,2667866.126422,0.0600732600732601,0.169413919413919,0,0.413553113553114,0.137728937728938,0.219230769230769
213773.411807,2667866.126422,0.0844036697247706,0.342385321100917,0,0.205321100917431,0.0737614678899083,0.294128440366972
214273.411807,2667866.126422,0.111722619702807,0.0502660062373876,0.002568336085122,0.390020179783526,0.125848468170978,0.31957439002018
214773.411807,2667866.126422,0.0653846153846154,0.0529304029304029,0.0108058608058608,0.72985347985348,0.0815018315018315,0.0595238095238095
215273.411807,2667866.126422,0.0711926605504587,0.0359633027522936,0.0229357798165138,0.735412844036697,0.0673394495412844,0.0671559633027523
215773.411807,2667866.126422,0.188038891946432,0.0779673454412034,0.00421940928270042,0.469822050999817,0.12126215373326,0.138690148596588
216273.411807,2667866.126422,0.0567765567765568,0.0335164835164835,0.0331501831501832,0.726373626373626,0.0752747252747253,0.0749084249084249
216773.411807,2667866.126422,0.0726605504587156,0.038348623853211,0.00862385321100917,0.562201834862385,0.134311926605505,0.183853211009174
217273.411807,2667866.126422,0.071179600073381,0.0500825536598789,0.0135754907356448,0.597321592368373,0.118143459915612,0.149697303247111
217773.411807,2667866.126422,0.0476190476190476,0.0344322344322344,0.00402930402930403,0.711538461538462,0.1003663003663,0.102014652014652
218273.411807,2667866.126422,0.046605504587156,0.0137614678899083,0.00807339449541284,0.774311926605505,0.111192660550459,0.0460550458715596
218773.411807,2667866.126422,0.0996147495872317,0.118143459915612,0,0.394239589066226,0.10420106402495,0.283801137405981
219273.411807,2667866.126422,0.215750915750916,0.261904761904762,0.00183150183150183,0.0743589743589744,0.0505494505494506,0.395604395604396
219773.411807,2667866.126422,0.0532110091743119,0.0442201834862385,0.00862385321100917,0.297247706422018,0.0998165137614679,0.496880733944954
220273.411807,2667866.126422,0.137589433131535,0.0148596587782058,0.00183452577508714,0.600440286186021,0.0834709227664649,0.161805173362686
220773.411807,2667866.126422,0.154212454212454,0.0311355311355311,0,0.541758241758242,0.0826007326007326,0.19029304029304
221273.411807,2667866.126422,0.0330275229357798,0.145321100917431,0,0.658348623853211,0.106605504587156,0.056697247706422
221773.411807,2667866.126422,0.154467070262337,0.0680609062557329,0,0.334617501375894,0.0882406897816914,0.354613832324344
222273.411807,2667866.126422,0.0663003663003663,0.126556776556777,0.000549450549450549,0.26959706959707,0.135897435897436,0.401098901098901
222773.411807,2667866.126422,0.265871559633027,0.0418348623853211,0,0.236146788990826,0.157798165137615,0.298348623853211
223273.411807,2667866.126422,0.307466519904605,0.0144927536231884,0,0.0950284351495139,0.0420106402494955,0.541001651073198
223773.411807,2667866.126422,0.517032967032967,0.0113553113553114,0,0.0124542124542125,0.0201465201465201,0.439010989010989
224273.411807,2667866.126422,0.467889908256881,0.00697247706422018,0,0.00018348623853211,0.00146788990825688,0.52348623853211
212273.411807,2667366.126422,0.0787545787545788,0.125274725274725,0.00384615384615385,0.456043956043956,0.13021978021978,0.205860805860806
212773.411807,2667366.126422,0.0489010989010989,0.114285714285714,0.0010989010989011,0.506410256410256,0.136630036630037,0.192673992673993
213273.411807,2667366.126422,0.0432709937660433,0.0225522552255226,0.00293362669600293,0.697286395306197,0.124312431243124,0.10964429776311
213773.411807,2667366.126422,0.0642857142857143,0.0703296703296703,0.00586080586080586,0.624358974358974,0.113736263736264,0.121428571428571
214273.411807,2667366.126422,0.0287545787545788,0.0880952380952381,0.0203296703296703,0.676007326007326,0.113919413919414,0.0728937728937729
214773.411807,2667366.126422,0.0319031903190319,0.0306197286395306,0.00385038503850385,0.789512284561789,0.0874587458745875,0.0566556655665567
215273.411807,2667366.126422,0.0765567765567766,0.063003663003663,0.00787545787545788,0.649267399267399,0.123992673992674,0.0793040293040293
215773.411807,2667366.126422,0.0877289377289377,0.162271062271062,0.00293040293040293,0.503296703296703,0.0904761904761905,0.153296703296703
216273.411807,2667366.126422,0.103410341034103,0.0702236890355702,0.00348368170150348,0.492299229922992,0.133663366336634,0.196919691969197
216773.411807,2667366.126422,0.0661172161172161,0.0391941391941392,0.00512820512820513,0.436630036630037,0.165934065934066,0.286996336996337
217273.411807,2667366.126422,0.0668498168498168,0.0265567765567766,0.0021978021978022,0.752564102564103,0.116300366300366,0.0355311355311355
217773.411807,2667366.126422,0.00953428676200953,0.00751741840850752,0.00183351668500183,0.943711037770444,0.0302530253025303,0.00715071507150715
218273.411807,2667366.126422,0.0498168498168498,0.0498168498168498,0.00164835164835165,0.795604395604396,0.0714285714285714,0.0316849816849817
218773.411807,2667366.126422,0.0368131868131868,0.0243589743589744,0,0.762637362637363,0.106410256410256,0.0697802197802198
219273.411807,2667366.126422,0.0319031903190319,0.0546387972130546,0.0135680234690136,0.393656032269894,0.115328199486615,0.390905757242391
219773.411807,2667366.126422,0.0564102564102564,0.0192307692307692,0.00549450549450549,0.754212454212454,0.0600732600732601,0.104578754578755
220273.411807,2667366.126422,0.0104395604395604,0.00842490842490842,0.000183150183150183,0.913553113553114,0.0445054945054945,0.0228937728937729
220773.411807,2667366.126422,0.134213421342134,0.0966263292995966,0,0.178217821782178,0.0707737440410708,0.52016868353502
221273.411807,2667366.126422,0.109340659340659,0.168681318681319,0.0115384615384615,0.163736263736264,0.0673992673992674,0.479304029304029
221773.411807,2667366.126422,0.0826007326007326,0.136263736263736,0.000732600732600733,0.139010989010989,0.120695970695971,0.520695970695971
222273.411807,2667366.126422,0.132929959662633,0.0595892922625596,0.00055005500550055,0.536853685368537,0.117711771177118,0.152365236523652
222773.411807,2667366.126422,0.0785714285714286,0.01996336996337,0,0.615201465201465,0.185164835164835,0.101098901098901
223273.411807,2667366.126422,0.378205128205128,0.00842490842490842,0,0.058974358974359,0.0653846153846154,0.489010989010989
223773.411807,2667366.126422,0.642097543087642,0.000183351668500183,0,0,0,0.357719105243858
224273.411807,2667366.126422,0.657875457875458,0.0181318681318681,0,0,0,0.323992673992674
212273.411807,2666866.126422,0.082583960359699,0.0862543585979079,0.0130299137456414,0.306661772802349,0.11194714626537,0.399522848229033
212773.411807,2666866.126422,0.0502475701448744,0.0506143407298735,0.00165046763249587,0.686594535118283,0.139739592884651,0.0711534934898221
213273.411807,2666866.126422,0.0775151181968114,0.0382994319223016,0,0.688107018508338,0.119479567527946,0.0765988638446033
213773.411807,2666866.126422,0.0866213984217288,0.123875940539549,0.00495503762158194,0.431088273077629,0.184437511469994,0.169021838869517
214273.411807,2666866.126422,0.0775719787273061,0.332660920594168,0,0.34017971758665,0.110764716669723,0.138822666422153
214773.411807,2666866.126422,0.141469671980942,0.374931280923584,0,0.128458860179586,0.106652006597031,0.248488180318857
215273.411807,2666866.126422,0.114883464855937,0.247017801431455,0.000550559735731327,0.158744723802533,0.17012295834098,0.308680491833364
215773.411807,2666866.126422,0.148725472217128,0.108564093159729,0.000550155877498625,0.301302035576747,0.102879149092243,0.337979094076655
216273.411807,2666866.126422,0.043613707165109,0.0492944841487997,0.000366501740883269,0.673263698002565,0.0969397104636247,0.136521898479018
216773.411807,2666866.126422,0.0640484492567444,0.0519361350706552,0.000183519911910442,0.428335474398972,0.0785465222976693,0.376949899064048
217273.411807,2666866.126422,0.075187969924812,0.026407482119934,0.000550155877498625,0.696313955620759,0.127269392994682,0.0742710434623143
217773.411807,2666866.126422,0.017042330951072,0.0146600696353308,0.00293201392706615,0.893164742532527,0.0652373098772219,0.00696353307678211
218273.411807,2666866.126422,0.0449623784180584,0.02073775004588,0.00183519911910442,0.802716094696275,0.0787300422095797,0.051018535511103
218773.411807,2666866.126422,0.0337428938199156,0.0218228498074454,0.00201723821749496,0.681643132220796,0.0845406198422887,0.176233266092059
219273.411807,2666866.126422,0.0577240241891149,0.0485614806670332,0.00164925783397471,0.48653106102254,0.123694337548103,0.281839838739234
219773.411807,2666866.126422,0.00605615709304459,0.00422095797394017,0,0.955037621581942,0.0345017434391632,0.000183519911910442
220273.411807,2666866.126422,0.0205391527599487,0.0324591967724189,0,0.653951953053365,0.0658353200073354,0.227214377406932
220773.411807,2666866.126422,0.0470954737035001,0.0786146234194612,0.00366501740883269,0.328202308960968,0.0780648708081363,0.464357705699102
221273.411807,2666866.126422,0.120939621948981,0.0273444668746559,0.00165167920719398,0.575151403927326,0.0928610754266838,0.182051752615159
221773.411807,2666866.126422,0.053181734824867,0.0330093526499175,0,0.594351732991014,0.113148725472217,0.206308454061984
222273.411807,2666866.126422,0.0491112332783581,0.023089609675646,0,0.597031335898845,0.164009529045263,0.166758292101887
222773.411807,2666866.126422,0.136171774637548,0.0159662323362085,0,0.513855753349238,0.126078179482474,0.207928060194531
223273.411807,2666866.126422,0.360902255639098,0.00733541169998166,0,0.117733357784706,0.0432789290298918,0.470750045846323
223773.411807,2666866.126422,0.530877771669415,0,0,0,0,0.469122228330585
224273.411807,2666866.126422,0.535878142778491,0.000183519911910442,0,0,0.00183519911910442,0.462103138190494
212273.411807,2666366.126422,0.0546788990825688,0.0746788990825688,0.00954128440366972,0.454495412844037,0.154862385321101,0.251743119266055
212773.411807,2666366.126422,0.0623738763529628,0.144927536231884,0.000183452577508714,0.328747018895615,0.120344890845716,0.343423225096313
213273.411807,2666366.126422,0.0723443223443224,0.275091575091575,0,0.360989010989011,0.107509157509158,0.184065934065934
213773.411807,2666366.126422,0.130275229357798,0.343302752293578,0.0018348623853211,0.0902752293577982,0.0574311926605505,0.376880733944954
214273.411807,2666366.126422,0.230966795083471,0.241973949733994,0,0.0744817464685379,0.10126582278481,0.351311685929187
214773.411807,2666366.126422,0.113003663003663,0.57985347985348,0.0010989010989011,0.0620879120879121,0.0490842490842491,0.194871794871795
215273.411807,2666366.126422,0.048256880733945,0.24954128440367,0,0.0647706422018349,0.0710091743119266,0.566422018348624
215773.411807,2666366.126422,0.0476976701522656,0.228581911575858,0,0.133736929003853,0.0961291506145661,0.493854338653458
216273.411807,2666366.126422,0.0659340659340659,0.226373626373626,0,0.215567765567766,0.108791208791209,0.383333333333333
216773.411807,2666366.126422,0.0484403669724771,0.217064220183486,0,0.516146788990826,0.0952293577981651,0.123119266055046
217273.411807,2666366.126422,0.0583379196477711,0.0277013392038158,0.00385250412768299,0.722803155384333,0.128783709411117,0.0585213722252798
217773.411807,2666366.126422,0.0613553113553114,0.0313186813186813,0.00274725274725275,0.722344322344322,0.114652014652015,0.0675824175824176
218273.411807,2666366.126422,0.04,0.0319266055045872,0.0036697247706422,0.795779816513762,0.0902752293577982,0.038348623853211
218773.411807,2666366.126422,0.0399926618968997,0.0544854155200881,0.00275178866263071,0.443037974683544,0.0667767382131719,0.392955421023665
219273.411807,2666366.126422,0.032967032967033,0.0598901098901099,0.00512820512820513,0.598534798534799,0.143223443223443,0.16025641025641
219773.411807,2666366.126422,0.0471559633027523,0.0385321100917431,0,0.32605504587156,0.0504587155963303,0.537798165137615
220273.411807,2666366.126422,0.0768666299761512,0.133003118693818,0.00183452577508714,0.193909374426711,0.0421940928270042,0.552192258301229
220773.411807,2666366.126422,0.058974358974359,0.0446886446886447,0.00347985347985348,0.585531135531136,0.152014652014652,0.155311355311355
221273.411807,2666366.126422,0.0352293577981651,0.0190825688073394,0.00256880733944954,0.783669724770642,0.108623853211009,0.0508256880733945
221773.411807,2666366.126422,0.114474408365438,0.0152265639332233,0.000366905155017428,0.488350761328197,0.064758759860576,0.316822601357549
222273.411807,2666366.126422,0.1496336996337,0.00897435897435897,0.000183150183150183,0.226923076923077,0.114652014652015,0.4996336996337
222773.411807,2666366.126422,0.426605504587156,0.0132110091743119,0,0.188256880733945,0.0884403669724771,0.28348623853211
223273.411807,2666366.126422,0.509814712896716,0.000183452577508714,0,0.00091726288754357,0.00183452577508714,0.487250045863144
223773.411807,2666366.126422,0.562454212454212,0.00146520146520147,0,0,0,0.436080586080586
224273.411807,2666366.126422,0.667522935779816,0.00256880733944954,0,0,0,0.329908256880734
212273.411807,2665866.126422,0.121428571428571,0.0474358974358974,0,0.298534798534799,0.213553113553114,0.319047619047619
212773.411807,2665866.126422,0.0641025641025641,0.15952380952381,0,0.476923076923077,0.100915750915751,0.198534798534799
213273.411807,2665866.126422,0.0592225889255592,0.208837550421709,0,0.522185551888522,0.102676934360103,0.107077374404107
213773.411807,2665866.126422,0.101098901098901,0.154395604395604,0.0032967032967033,0.388278388278388,0.084981684981685,0.267948717948718
214273.411807,2665866.126422,0.11978021978022,0.256959706959707,0.00128205128205128,0.334432234432234,0.112820512820513,0.174725274725275
214773.411807,2665866.126422,0.0518885221855519,0.629079574624129,0,0.0905757242390906,0.0610561056105611,0.167400073340667
215273.411807,2665866.126422,0.0443223443223443,0.49029304029304,0,0.213736263736264,0.0908424908424908,0.160805860805861
215773.411807,2665866.126422,0.0734432234432234,0.219047619047619,0.000366300366300366,0.378021978021978,0.112637362637363,0.216483516483516
216273.411807,2665866.126422,0.0685735240190686,0.326182618261826,0,0.309314264759809,0.125595892922626,0.17033370003667
216773.411807,2665866.126422,0.0934065934065934,0.336813186813187,0,0.297069597069597,0.0923076923076923,0.18040293040293
217273.411807,2665866.126422,0.0452380952380952,0.0364468864468864,0,0.776739926739927,0.104578754578755,0.036996336996337
217773.411807,2665866.126422,0.0731573157315732,0.0418041804180418,0.000733406674000733,0.685735240190686,0.12046204620462,0.0781078107810781
218273.411807,2665866.126422,0.0446886446886447,0.0274725274725275,0.0021978021978022,0.731501831501831,0.106227106227106,0.0879120879120879
218773.411807,2665866.126422,0.0342490842490843,0.106959706959707,0.00311355311355311,0.117032967032967,0.0586080586080586,0.68003663003663
219273.411807,2665866.126422,0.0616061606160616,0.0672900623395673,0.0022002200220022,0.434176751008434,0.107810781078108,0.326916024935827
219773.411807,2665866.126422,0.0194139194139194,0.0221611721611722,0,0.820879120879121,0.102380952380952,0.0351648351648352
220273.411807,2665866.126422,0.0474358974358974,0.126923076923077,0.00824175824175824,0.590659340659341,0.0844322344322344,0.142307692307692
220773.411807,2665866.126422,0.0856252291895856,0.0682068206820682,0,0.532819948661533,0.128529519618629,0.184818481848185
221273.411807,2665866.126422,0.0763736263736264,0.0254578754578755,0.00128205128205128,0.647619047619048,0.16043956043956,0.0888278388278388
221773.411807,2665866.126422,0.25,0.0228937728937729,0.000549450549450549,0.343223443223443,0.0652014652014652,0.318131868131868
222273.411807,2665866.126422,0.141364136413641,0.0203520352035204,0,0.326916024935827,0.118811881188119,0.392555922258893
222773.411807,2665866.126422,0.365018315018315,0.0183150183150183,0,0.0987179487179487,0.209340659340659,0.308608058608059
223273.411807,2665866.126422,0.515934065934066,0.0155677655677656,0.000183150183150183,0.0221611721611722,0.0637362637362637,0.382417582417582
223773.411807,2665866.126422,0.579207920792079,0.00055005500550055,0,0,0,0.42024202420242
224273.411807,2665866.126422,0.493406593406593,0.000549450549450549,0,0.00201465201465201,0.0113553113553114,0.492673992673993
212273.411807,2665366.126422,0.0262433474031932,0.0578087722517893,0.0489998164800881,0.141677371994861,0.164617360983667,0.560653330886401
212773.411807,2665366.126422,0.0187052998349532,0.0773885934348065,0.0568494406748579,0.0465798642948836,0.119567210709701,0.680909591050798
213273.411807,2665366.126422,0.0269378779549203,0.0806303829943192,0.0448964632582005,0.173538574308228,0.103903243540407,0.570093457943925
213773.411807,2665366.126422,0.0543218939254909,0.141310332171041,0.093778674986236,0.246283721783814,0.113231785648743,0.351073591484676
214273.411807,2665366.126422,0.0540986612873648,0.143407298734641,0.0152209792774619,0.304236200256739,0.188886851274528,0.294150009169265
214773.411807,2665366.126422,0.0648708081363387,0.209822246655672,0.000549752611324904,0.417628733736485,0.110133773135422,0.196994685724757
215273.411807,2665366.126422,0.0396403009726555,0.493301523215269,0,0.271976509451275,0.0607450908423564,0.134336575518444
215773.411807,2665366.126422,0.0429121584448927,0.372638914359068,0,0.320740876581698,0.0981111314872547,0.165596919127086
216273.411807,2665366.126422,0.097306212204508,0.389224848818032,0.000183250870441635,0.195345427890782,0.064687557265897,0.253252702950339
216773.411807,2665366.126422,0.0789135621214902,0.388144613690585,0,0.0607450908423564,0.0579922921636998,0.414204441181868
217273.411807,2665366.126422,0.154777186869613,0.0817898404547955,0,0.252704933064368,0.136988813497158,0.373739226114066
217773.411807,2665366.126422,0.0232728605460876,0.123144584936778,0.000366501740883269,0.705699102070735,0.0661535642294301,0.0813633864760858
218273.411807,2665366.126422,0.0295467058175812,0.0521196549825656,0.00917599559552211,0.444301706735181,0.0686364470545054,0.396219489814645
218773.411807,2665366.126422,0.0339262791124152,0.08399046396479,0.00770218228498074,0.76801760498808,0.0537318907023657,0.0526315789473684
219273.411807,2665366.126422,0.0353674179952355,0.026571376214037,0,0.767088143668682,0.0866776617188932,0.0842954004031519
219773.411807,2665366.126422,0.0368875022939989,0.0238575885483575,0,0.753532758304276,0.107359148467609,0.0783630023857589
220273.411807,2665366.126422,0.0828901522097928,0.220795892169448,0,0.270860077021823,0.0823399963322941,0.343113882266642
220773.411807,2665366.126422,0.126809602345611,0.0921751878321422,0.00109950522264981,0.251969946857248,0.148433205057724,0.379512552684625
221273.411807,2665366.126422,0.0978161130482657,0.0339511837034318,0,0.596439713708937,0.111213066617728,0.160579922921637
221773.411807,2665366.126422,0.179350816064552,0.0601503759398496,0.000183385292499542,0.39189437007152,0.141023289932147,0.227397762699432
222273.411807,2665366.126422,0.196261682242991,0.0547920102620487,0.000183250870441635,0.203408466190214,0.153197727689207,0.392156862745098
222773.411807,2665366.126422,0.262984033767664,0.0152321526885667,0,0.141860891906772,0.156175445035786,0.423747476601211
223273.411807,2665366.126422,0.579497524298551,0.00146708233999633,0,0.00110031175499725,0.00880249403997799,0.409132587566477
223773.411807,2665366.126422,0.587319039765439,0.000549752611324904,0,0.000549752611324904,0.00146600696353308,0.410115448048378
224273.411807,2665366.126422,0.489998164800881,0,0,0.000550559735731327,0.0047715177096715,0.504679757753716
212273.411807,2664866.126422,0.0264220183486239,0.736880733944954,0,0.0121100917431193,0.0491743119266055,0.175412844036697
212773.411807,2664866.126422,0.0590717299578059,0.702806824435883,0,0.0509998165474225,0.0306365804439552,0.156485048614933
213273.411807,2664866.126422,0.0564102564102564,0.658791208791209,0,0.01996336996337,0.0278388278388278,0.236996336996337
213773.411807,2664866.126422,0.0862385321100917,0.401651376146789,0,0.135596330275229,0.0979816513761468,0.278532110091743
214273.411807,2664866.126422,0.02568336085122,0.200513667217024,0.0377912309667951,0.176664832140892,0.156668501192442,0.402678407631627
214773.411807,2664866.126422,0.0283882783882784,0.0833333333333333,0.0619047619047619,0.116849816849817,0.093956043956044,0.615567765567766
215273.411807,2664866.126422,0.0565137614678899,0.410275229357798,0.00165137614678899,0.170091743119266,0.0856880733944954,0.275779816513761
215773.411807,2664866.126422,0.0511832691249312,0.5263254448725,0.000183452577508714,0.186571271326362,0.106769400110072,0.128967161988626
216273.411807,2664866.126422,0.0340659340659341,0.61978021978022,0,0.0456043956043956,0.0725274725274725,0.228021978021978
216773.411807,2664866.126422,0.0704587155963303,0.435596330275229,0,0.193394495412844,0.103119266055046,0.19743119266055
217273.411807,2664866.126422,0.0475142175747569,0.400476976701523,0,0.148963492937076,0.185837461016327,0.217207851770317
217773.411807,2664866.126422,0.0602564102564103,0.197435897435897,0.0604395604395604,0.123992673992674,0.124725274725275,0.433150183150183
218273.411807,2664866.126422,0.0721100917431193,0.125688073394495,0.00311926605504587,0.375596330275229,0.13045871559633,0.29302752293578
218773.411807,2664866.126422,0.0682443588332416,0.0302696752889378,0.00091726288754357,0.677490368739681,0.113740598055403,0.109337736195194
219273.411807,2664866.126422,0.0516483516483516,0.0326007326007326,0.000183150183150183,0.777472527472527,0.104395604395604,0.0336996336996337
219773.411807,2664866.126422,0.0359633027522936,0.018348623853211,0,0.782201834862385,0.105688073394495,0.0577981651376147
220273.411807,2664866.126422,0.0313703907539901,0.0665932856356632,0,0.622638048064575,0.0992478444322143,0.180150431113557
220773.411807,2664866.126422,0.0712454212454212,0.13956043956044,0.000366300366300366,0.475091575091575,0.111538461538462,0.202197802197802
221273.411807,2664866.126422,0.111192660550459,0.0755963302752294,0,0.20697247706422,0.0910091743119266,0.515229357798165
221773.411807,2664866.126422,0.247294074481746,0.0478811227297744,0,0.0566868464501926,0.0253164556962025,0.622821500642084
222273.411807,2664866.126422,0.192307692307692,0.0282051282051282,0.000183150183150183,0.14029304029304,0.14010989010989,0.498901098901099
222773.411807,2664866.126422,0.142935779816514,0.0172477064220183,0,0.288990825688073,0.269908256880734,0.280917431192661
223273.411807,2664866.126422,0.363969913777289,0.00752155567785727,0,0.0713630526508897,0.159970647587599,0.397174830306366
223773.411807,2664866.126422,0.524908424908425,0.0021978021978022,0,0.0010989010989011,0.00274725274725275,0.469047619047619
224273.411807,2664866.126422,0.399633027522936,0.000917431192660551,0,0.00018348623853211,0.0018348623853211,0.59743119266055
212273.411807,2664366.126422,0.0743589743589744,0.598534798534799,0,0.0917582417582418,0.0782051282051282,0.157142857142857
212773.411807,2664366.126422,0.0617216117216117,0.608974358974359,0,0.153663003663004,0.0672161172161172,0.108424908424908
213273.411807,2664366.126422,0.0812247891455812,0.299413274660799,0.000183351668500183,0.375504217088376,0.151265126512651,0.0924092409240924
213773.411807,2664366.126422,0.043956043956044,0.237179487179487,0,0.501282051282051,0.136080586080586,0.0815018315018315
214273.411807,2664366.126422,0.032967032967033,0.386080586080586,0,0.40018315018315,0.0994505494505494,0.0813186813186813
214773.411807,2664366.126422,0.0287862119545288,0.479097909790979,0,0.172717271727173,0.14044737807114,0.178951228456179
215273.411807,2664366.126422,0.0181318681318681,0.0794871794871795,0.0620879120879121,0.0371794871794872,0.130586080586081,0.672527472527473
215773.411807,2664366.126422,0.0703296703296703,0.153296703296703,0,0.1996336996337,0.143772893772894,0.432967032967033
216273.411807,2664366.126422,0.055005500550055,0.154565456545655,0.0154015401540154,0.159332599926659,0.226439310597726,0.389255592225889
216773.411807,2664366.126422,0.0642857142857143,0.15970695970696,0.0100732600732601,0.102930402930403,0.165567765567766,0.497435897435897
217273.411807,2664366.126422,0.0465201465201465,0.0981684981684982,0.0344322344322344,0.296703296703297,0.0822344322344322,0.441941391941392
217773.411807,2664366.126422,0.079024569123579,0.306930693069307,0.00403373670700403,0.336633663366337,0.0848918225155849,0.188485515218188
218273.411807,2664366.126422,0.0690476190476191,0.197252747252747,0.00128205128205128,0.297619047619048,0.117582417582418,0.317216117216117
218773.411807,2664366.126422,0.139010989010989,0.0538461538461538,0,0.332417582417582,0.145787545787546,0.328937728937729
219273.411807,2664366.126422,0.0463879721305464,0.0610561056105611,0.00146681334800147,0.717821782178218,0.103226989365603,0.07004033736707
219773.411807,2664366.126422,0.054029304029304,0.0463369963369963,0.000183150183150183,0.581318681318681,0.133516483516484,0.184615384615385
220273.411807,2664366.126422,0.0357142857142857,0.0346153846153846,0,0.688827838827839,0.107875457875458,0.132967032967033
220773.411807,2664366.126422,0.077007700770077,0.00916758342500917,0,0.531536486982031,0.0638063806380638,0.318481848184819
221273.411807,2664366.126422,0.173992673992674,0.0556776556776557,0,0.217032967032967,0.142857142857143,0.41043956043956
221773.411807,2664366.126422,0.271062271062271,0.0406593406593407,0,0.0734432234432234,0.142490842490842,0.472344322344322
222273.411807,2664366.126422,0.543087642097543,0.00953428676200953,0,0.0144847818115145,0.0236523652365237,0.409240924092409
222773.411807,2664366.126422,0.563369963369963,0.0141025641025641,0,0.00146520146520147,0.0122710622710623,0.408791208791209
223273.411807,2664366.126422,0.373076923076923,0.0175824175824176,0,0.045970695970696,0.115567765567766,0.447802197802198
223773.411807,2664366.126422,0.598643197653099,0.00311697836450312,0,0.00275027502750275,0.0254858819215255,0.37000366703337
224273.411807,2664366.126422,0.54029304029304,0.00531135531135531,0,0.0021978021978022,0.0155677655677656,0.436630036630037
212273.411807,2663866.126422,0.0851532391264452,0.391080932281152,0,0.271609469627455,0.135988254725638,0.11616810423931
212773.411807,2663866.126422,0.0878415551072804,0.358518246836604,0,0.118650284247203,0.121951219512195,0.313038694296717
213273.411807,2663866.126422,0.0502107385010079,0.551951621770203,0,0.186366135239142,0.115814550119113,0.0956569543705333
213773.411807,2663866.126422,0.0546889337493118,0.330886401174527,0.000367039823820885,0.403560286291063,0.0924940356028629,0.118003303358414
214273.411807,2663866.126422,0.0460297084173849,0.508527416101229,0,0.248670456629378,0.08399046396479,0.112781954887218
214773.411807,2663866.126422,0.0262048744731537,0.914238592633315,0,0.00586402785413231,0.0163093274693055,0.0373831775700935
215273.411807,2663866.126422,0.0935951550743256,0.313635529454946,0,0.208662139842173,0.156726004771518,0.227381170857038
215773.411807,2663866.126422,0.0416284613973959,0.41188336695397,0.0254905556574363,0.118466898954704,0.0783055198973042,0.324225197139189
216273.411807,2663866.126422,0.0406816932380429,0.373098772219168,0.000733003481766538,0.0441634597764339,0.0864944108484515,0.454828660436137
216773.411807,2663866.126422,0.0737750045879978,0.239677004955038,0.009543035419343,0.120939621948981,0.058909891723252,0.497155441365388
217273.411807,2663866.126422,0.0359435173299101,0.12415184302219,0,0.598936365303503,0.0907757197872731,0.150192554557125
217773.411807,2663866.126422,0.0731170973062122,0.194978926149899,0.00164925783397471,0.283855598314092,0.0786146234194612,0.367784496976361
218273.411807,2663866.126422,0.0836850798311617,0.14534777023307,0.000917599559552211,0.420994677922555,0.106074509084236,0.242980363369426
218773.411807,2663866.126422,0.0845406198422887,0.0665688611773336,0,0.541353383458647,0.134604804694663,0.172932330827068
219273.411807,2663866.126422,0.0533260032985157,0.0579072750595565,0.000366501740883269,0.530877771669415,0.105002748763057,0.252519699468573
219773.411807,2663866.126422,0.0873554780693705,0.090475316571848,0,0.190493668563039,0.138557533492384,0.493118003303358
220273.411807,2663866.126422,0.105996699064735,0.11608289015221,0.00110031175499725,0.314505776636714,0.099211443242252,0.363102879149092
220773.411807,2663866.126422,0.09529045262965,0.0448964632582005,0,0.342129375114532,0.167857797324537,0.34982591167308
221273.411807,2663866.126422,0.179298953936502,0.108093228115251,0,0.170673518076711,0.17434391631492,0.367590383556616
221773.411807,2663866.126422,0.35191637630662,0.0298918026774253,0,0.0412616908123968,0.108380707867229,0.468549422336329
222273.411807,2663866.126422,0.488730071467839,0.024555616639179,0.00256551218618288,0.0437969580355507,0.0434304562946674,0.396921385376581
222773.411807,2663866.126422,0.523215268856671,0,0,0.000183519911910442,0.00440447788585061,0.472196733345568
223273.411807,2663866.126422,0.599669906473501,0.000916926462497708,0,0,0,0.399413167064001
223773.411807,2663866.126422,0.604727872457394,0.000183250870441635,0,0,0.000366501740883269,0.394722374931281
224273.411807,2663866.126422,0.43989722884933,0.00146815929528354,0,0,0.00110111947146265,0.557533492383924
212273.411807,2663366.126422,0.0607339449541284,0.610825688073395,0,0.0541284403669725,0.134862385321101,0.139449541284404
212773.411807,2663366.126422,0.110988809392772,0.57494037791231,0,0.0812694918363603,0.124013942395891,0.108787378462667
213273.411807,2663366.126422,0.0734432234432234,0.5496336996337,0,0.154945054945055,0.0697802197802198,0.152197802197802
213773.411807,2663366.126422,0.0590825688073394,0.179082568807339,0,0.500550458715596,0.124403669724771,0.136880733944954
214273.411807,2663366.126422,0.0335718216840947,0.395340304531279,0.000733810310034856,0.428178315905338,0.108237020730141,0.0339387268391121
214773.411807,2663366.126422,0.0445054945054945,0.762087912087912,0,0.0186813186813187,0.032967032967033,0.141758241758242
215273.411807,2663366.126422,0.028256880733945,0.772477064220183,0,0.0222018348623853,0.0554128440366972,0.121651376146789
215773.411807,2663366.126422,0.0462300495321959,0.480462300495322,0.00220143093010457,0.196110805356815,0.0869565217391304,0.188038891946432
216273.411807,2663366.126422,0.0659340659340659,0.66959706959707,0,0.0163003663003663,0.0598901098901099,0.188278388278388
216773.411807,2663366.126422,0.0370642201834862,0.594128440366972,0,0.149908256880734,0.0577981651376147,0.161100917431193
217273.411807,2663366.126422,0.0286186020913594,0.132452760961291,0.00587048248027885,0.214822968262704,0.063474591818015,0.554760594386351
217773.411807,2663366.126422,0.0536630036630037,0.0921245421245421,0.00512820512820513,0.609157509157509,0.123076923076923,0.116849816849817
218273.411807,2663366.126422,0.0543119266055046,0.401100917431193,0,0.23651376146789,0.0741284403669725,0.23394495412844
218773.411807,2663366.126422,0.0931939093744267,0.182168409466153,0,0.161071363052651,0.157585764079985,0.405980554026784
219273.411807,2663366.126422,0.115934065934066,0.0368131868131868,0.000549450549450549,0.252197802197802,0.107875457875458,0.486630036630037
219773.411807,2663366.126422,0.159633027522936,0.0157798165137615,0.00128440366972477,0.464587155963303,0.168807339449541,0.189908256880734
220273.411807,2663366.126422,0.12548156301596,0.093010456796918,0.00843881856540084,0.354797284901853,0.1326362135388,0.285635663181068
220773.411807,2663366.126422,0.0934065934065934,0.0787545787545788,0,0.384615384615385,0.115201465201465,0.328021978021978
221273.411807,2663366.126422,0.14697247706422,0.0372477064220183,0,0.385137614678899,0.125871559633028,0.304770642201835
221773.411807,2663366.126422,0.46505228398459,0.0104567969179967,0,0.0365070629242341,0.0374243258117777,0.450559530361402
222273.411807,2663366.126422,0.26043956043956,0.0327838827838828,0,0.0315018315018315,0.102014652014652,0.573260073260073
222773.411807,2663366.126422,0.476146788990826,0.0036697247706422,0,0.00055045871559633,0.00660550458715596,0.51302752293578
223273.411807,2663366.126422,0.636396991377729,0.000366905155017428,0,0,0,0.363236103467254
223773.411807,2663366.126422,0.468498168498168,0,0,0,0.000915750915750916,0.530586080586081
224273.411807,2663366.126422,0.657064220183486,0,0,0,0,0.342935779816514
212273.411807,2662866.126422,0.0102564102564103,0.399084249084249,0.0551282051282051,0.130769230769231,0.0945054945054945,0.31025641025641
212773.411807,2662866.126422,0.0657509157509158,0.663553113553114,0.000183150183150183,0.0972527472527473,0.0813186813186813,0.0919413919413919
213273.411807,2662866.126422,0.0773744041070774,0.387055372203887,0.00256692335900257,0.277044371103777,0.125229189585625,0.130729739640631
213773.411807,2662866.126422,0.0833333333333333,0.165750915750916,0.000366300366300366,0.282417582417582,0.173076923076923,0.295054945054945
214273.411807,2662866.126422,0.0683150183150183,0.366117216117216,0,0.164468864468864,0.138095238095238,0.263003663003663
214773.411807,2662866.126422,0.0449211587825449,0.605427209387605,0,0.108544187752109,0.0861752841950862,0.154932159882655
