"x","y","forest","agri","water","built","other","grass"
161773.411807,2544366.126422,0.0672871824704285,0.0141555167733178,0.62303664921466,0.194299011052938,0.0226876090750436,0.0785340314136126
162273.411807,2544366.126422,0.169254658385093,0.0176630434782609,0.224961180124224,0.119371118012422,0.0685170807453416,0.400232919254658
162773.411807,2544366.126422,0.0797129557796742,0.0475174553917766,0.0246314972847168,0.24844840961986,0.178238944918542,0.421450737005431
163273.411807,2544366.126422,0.0298623230560403,0.0541012216404887,0.175683536940081,0.213302307543145,0.13884041109172,0.388210199728524
163773.411807,2544366.126422,0.0842391304347826,0.0254270186335404,0.0731754658385093,0.364906832298137,0.206715838509317,0.245535714285714
164273.411807,2544366.126422,0.0314197051978278,0.0118308766485648,0.200155159038014,0.569239720713732,0.155352986811482,0.0320015515903801
164773.411807,2544366.126422,0.0513864649990304,0.0180337405468296,0.0195850300562342,0.73725033934458,0.14368819080861,0.0300562342447159
165273.411807,2544366.126422,0.0524068322981366,0.0434782608695652,0.0566770186335404,0.68264751552795,0.123641304347826,0.0411490683229814
165773.411807,2544366.126422,0.0659425911559348,0.119084561675718,0.0830100853374709,0.573894491854151,0.0857253685027153,0.0723429014740109
166273.411807,2544366.126422,0.124490983129727,0.0335466356408765,0.0570098894706225,0.596276905177429,0.129726585223967,0.0589490013573783
166773.411807,2544366.126422,0.0545419254658385,0.0370729813664596,0.0211568322981366,0.743400621118012,0.102484472049689,0.0413431677018634
167273.411807,2544366.126422,0.0345228859581071,0.0052366175329713,0.00446082234290147,0.839798293250582,0.0950349107835531,0.0209464701318852
167773.411807,2544366.126422,0.0182276517355051,0.00349040139616056,0,0.898778359511344,0.0732984293193717,0.00620515803761877
168273.411807,2544366.126422,0.0580357142857143,0.00582298136645963,0.00679347826086957,0.784549689440994,0.112189440993789,0.0326086956521739
168773.411807,2544366.126422,0.120636152055857,0.0221101629169899,0.0147401086113266,0.727695888285493,0.0832040341349884,0.0316136539953452
169273.411807,2544366.126422,0.0775644754702346,0.0397517936784952,0.0106651153771573,0.675780492534419,0.141555167733178,0.0546829552065154
169773.411807,2544366.126422,0.40916149068323,0.0302795031055901,0.0104813664596273,0.174495341614907,0.205745341614907,0.169836956521739
170273.411807,2544366.126422,0.232544608223429,0.0564391000775795,0.00872769588828549,0.224010861132661,0.24088440651668,0.237393328161365
170773.411807,2544366.126422,0.141942990110529,0.0304440566220671,0.00484777971688966,0.700407213496219,0.0769827419042079,0.0453752181500873
171273.411807,2544366.126422,0.0549301242236025,0.0388198757763975,0.00970496894409938,0.778532608695652,0.0854037267080745,0.0326086956521739
171773.411807,2544366.126422,0.180372381691234,0.0469356089992242,0.00193948797517455,0.578161365399535,0.121024049650892,0.071567106283941
172273.411807,2544366.126422,0.122939693620322,0.0318014349427962,0.000969555943377933,0.518130696141167,0.226876090750436,0.0992825286019003
172773.411807,2544366.126422,0.114906832298137,0.0438664596273292,0.00252329192546584,0.457686335403727,0.243012422360248,0.138004658385093
162273.411807,2543866.126422,0.0874106652006597,0.0201575957485798,0.0853949056258017,0.112332783580722,0.0859446582371266,0.60875939160711
162773.411807,2543866.126422,0.057258212516058,0.0816663608001468,0.0614791704899982,0.273077628922738,0.187190310148651,0.339328317122408
163273.411807,2543866.126422,0.0253071703649367,0.028791490922428,0.370254905556574,0.379607555474051,0.0955437373922611,0.100495140289749
163773.411807,2543866.126422,0.103719992669965,0.0342679127725857,0.202675462708448,0.330401319406267,0.113432288803372,0.215503023639362
164273.411807,2543866.126422,0.126628739218205,0.0445953385942375,0.0104606349788952,0.475500091759956,0.175995595522114,0.166819599926592
164773.411807,2543866.126422,0.149459013387126,0.0423620025673941,0.00146708233999633,0.396295617091509,0.121951219512195,0.288465065101779
165273.411807,2543866.126422,0.0544255085211655,0.0262048744731537,0.00256551218618288,0.754077331867326,0.10207073483599,0.0606560381161811
165773.411807,2543866.126422,0.0587263718113415,0.0141310332171041,0.00183519911910442,0.690768948430905,0.148651128647458,0.085887318774087
166273.411807,2543866.126422,0.0850907757197873,0.0253071703649367,0.000550155877498625,0.534201357051164,0.199339812947002,0.155510728039611
166773.411807,2543866.126422,0.0623052959501558,0.0355506688656771,0,0.556716144401686,0.155030236393623,0.190397654388858
167273.411807,2543866.126422,0.0231235089007157,0.0189025509267756,0.110478986970086,0.737199486144247,0.0787300422095797,0.0315654248485961
167773.411807,2543866.126422,0.0168714469099578,0.00935264991747662,0.000183385292499542,0.91600953603521,0.0562992847973593,0.00128369704749679
168273.411807,2543866.126422,0.0241891148982958,0.0117280557082646,0,0.87887117463808,0.0753161077515118,0.00989554700384827
168773.411807,2543866.126422,0.0442282987704166,0.0205542301339695,0.00238575885483575,0.845843273995229,0.0741420444118187,0.012846393833731
169273.411807,2543866.126422,0.0695030258573262,0.0150375939849624,0,0.723271593618192,0.156794425087108,0.0353933614524115
169773.411807,2543866.126422,0.167308044713212,0.0203408466190214,0.000549752611324904,0.503206890232729,0.214770020157596,0.0938244456661169
170273.411807,2543866.126422,0.293448339144797,0.0203707102220591,0.00201871903101487,0.362818865846944,0.216737015966232,0.104606349788952
170773.411807,2543866.126422,0.0355767467449111,0.0154043645699615,0.00238400880249404,0.762149275628095,0.121767834219696,0.0627177700348432
171273.411807,2543866.126422,0.0252886201209456,0.0357339197361187,0.00256551218618288,0.726956203041964,0.0965732087227414,0.112882536192047
171773.411807,2543866.126422,0.148100568911727,0.123508900715728,0,0.17030647825289,0.279133786015783,0.278950266103872
172273.411807,2543866.126422,0.197689345314506,0.0357601320374106,0,0.192921327709518,0.182835136622043,0.390794058316523
172773.411807,2543866.126422,0.195162177020341,0.0382994319223016,0,0.282939343961884,0.205607476635514,0.27799157045996
162773.411807,2543366.126422,0.0574311926605505,0.0137614678899083,0.287155963302752,0.405321100917431,0.066605504587156,0.169724770642202
163273.411807,2543366.126422,0.00605393505778756,0.0264171711612548,0.413135204549624,0.500642084021281,0.02568336085122,0.0280682443588332
163773.411807,2543366.126422,0.415384615384615,0.0146520146520147,0,0.18003663003663,0.115201465201465,0.274725274725275
164273.411807,2543366.126422,0.116330275229358,0.0431192660550459,0.00073394495412844,0.396697247706422,0.194128440366972,0.248990825688073
164773.411807,2543366.126422,0.072463768115942,0.0612731608879105,0.0126582278481013,0.651807007888461,0.103650706292423,0.098147128967162
165273.411807,2543366.126422,0.0917582417582418,0.0483516483516484,0.00604395604395604,0.643040293040293,0.113003663003663,0.0978021978021978
165773.411807,2543366.126422,0.0614678899082569,0.0445871559633028,0.011743119266055,0.696330275229358,0.112844036697248,0.0730275229357798
166273.411807,2543366.126422,0.0957622454595487,0.0078884608328747,0.000183452577508714,0.576591451109888,0.154467070262337,0.165107319757843
166773.411807,2543366.126422,0.104029304029304,0.0179487179487179,0.0380952380952381,0.617216117216117,0.119047619047619,0.103663003663004
167273.411807,2543366.126422,0.0447706422018349,0.00807339449541284,0.00330275229357798,0.873577981651376,0.0515596330275229,0.0187155963302752
167773.411807,2543366.126422,0.0519170794349661,0.0220143093010457,0.000550357732526142,0.806457530728307,0.0851219959640433,0.0339387268391121
168273.411807,2543366.126422,0.136263736263736,0.0135531135531136,0.000183150183150183,0.598901098901099,0.183333333333333,0.0677655677655678
168773.411807,2543366.126422,0.0640366972477064,0.00715596330275229,0,0.817981651376147,0.0977981651376147,0.0130275229357798
169273.411807,2543366.126422,0.0966795083470923,0.0078884608328747,0.00091726288754357,0.725371491469455,0.138506696019079,0.0306365804439552
169773.411807,2543366.126422,0.0826007326007326,0.013003663003663,0.000183150183150183,0.650915750915751,0.198534798534799,0.0547619047619048
170273.411807,2543366.126422,0.0862385321100917,0.0245871559633028,0.00201834862385321,0.635412844036697,0.168256880733945,0.0834862385321101
170773.411807,2543366.126422,0.0220143093010457,0.00476976701522656,0.00091726288754357,0.908090258668134,0.0590717299578059,0.00513667217024399
171273.411807,2543366.126422,0.0302197802197802,0.0316849816849817,0.00201465201465201,0.715567765567766,0.152197802197802,0.0683150183150183
171773.411807,2543366.126422,0.0159633027522936,0.0565137614678899,0,0.757064220183486,0.0924770642201835,0.0779816513761468
172273.411807,2543366.126422,0.141992294991745,0.0278847917813245,0,0.441019996330948,0.155200880572372,0.23390203632361
172773.411807,2543366.126422,0.150915750915751,0.0373626373626374,0,0.502197802197802,0.17985347985348,0.12967032967033
163273.411807,2542866.126422,0.397802197802198,0.0324175824175824,0.0602564102564103,0.05,0.0401098901098901,0.419413919413919
163773.411807,2542866.126422,0.170700403373671,0.077007700770077,0.281261459479281,0.125779244591126,0.0592225889255592,0.286028602860286
164273.411807,2542866.126422,0.287728937728938,0.015018315018315,0.0305860805860806,0.201282051282051,0.125641025641026,0.33974358974359
164773.411807,2542866.126422,0.0994505494505494,0.0426739926739927,0.0043956043956044,0.371245421245421,0.156043956043956,0.326190476190476
165273.411807,2542866.126422,0.113861386138614,0.0374037403740374,0.0216354968830216,0.445544554455446,0.171617161716172,0.20993766043271
165773.411807,2542866.126422,0.115934065934066,0.0263736263736264,0.00201465201465201,0.390659340659341,0.211904761904762,0.253113553113553
166273.411807,2542866.126422,0.097985347985348,0.0304029304029304,0.0318681318681319,0.426373626373626,0.186813186813187,0.226556776556777
166773.411807,2542866.126422,0.0418041804180418,0.00641730839750642,0.0126512651265127,0.884671800513385,0.0377704437110378,0.0166850018335167
167273.411807,2542866.126422,0.225824175824176,0.00659340659340659,0.00512820512820513,0.591208791208791,0.0677655677655678,0.103479853479853
167773.411807,2542866.126422,0.0322344322344322,0.0135531135531136,0.00384615384615385,0.824725274725275,0.100549450549451,0.0250915750915751
168273.411807,2542866.126422,0.184268426842684,0.00641730839750642,0,0.515034836817015,0.182801613494683,0.111477814448111
168773.411807,2542866.126422,0.248351648351648,0.0258241758241758,0.000366300366300366,0.298168498168498,0.311172161172161,0.116117216117216
169273.411807,2542866.126422,0.0254578754578755,0.0104395604395604,0,0.853296703296703,0.0824175824175824,0.0283882783882784
169773.411807,2542866.126422,0.0876420975430876,0.0210854418775211,0.000366703337000367,0.757975797579758,0.0991932526585992,0.0337367070040337
170273.411807,2542866.126422,0.0668498168498168,0.0293040293040293,0.000366300366300366,0.771611721611722,0.0882783882783883,0.0435897435897436
170773.411807,2542866.126422,0.0161172161172161,0.00586080586080586,0,0.934065934065934,0.0399267399267399,0.00402930402930403
171273.411807,2542866.126422,0.0335533553355336,0.0190685735240191,0,0.852768610194353,0.0744407774110744,0.0201686835350202
171773.411807,2542866.126422,0.0232600732600733,0.0133699633699634,0,0.857692307692308,0.0862637362637363,0.0194139194139194
172273.411807,2542866.126422,0.0663003663003663,0.045970695970696,0,0.65970695970696,0.173443223443223,0.0545787545787546
172773.411807,2542866.126422,0.171250458379171,0.0672900623395673,0.000916758342500917,0.502750275027503,0.121378804547121,0.136413641364136
163773.411807,2542366.126422,0.467656221367051,0.015026571376214,0.102437236576874,0.0535092541689573,0.0885101704233095,0.272860546087594
164273.411807,2542366.126422,0.262433474031932,0.00789135621214902,0.615709304459534,0.0168838318957607,0.0047715177096715,0.0923105156909525
164773.411807,2542366.126422,0.258389877131854,0.13203741059967,0.0414450761048964,0.17183201907207,0.0733541169998166,0.322941500091693
165273.411807,2542366.126422,0.138537658053876,0.0434304562946674,0.175371083012644,0.317024005864028,0.0929081913139087,0.232728605460876
165773.411807,2542366.126422,0.183336391998532,0.0255092677555515,0.0640484492567444,0.478986970086254,0.113965865296385,0.134153055606533
166273.411807,2542366.126422,0.0555657436273611,0.0298918026774253,0.010819732257473,0.764533284430589,0.120667522464698,0.0185219145424537
166773.411807,2542366.126422,0.0362836723474437,0.00696353307678211,0,0.881436686824262,0.062671797691039,0.0126443100604728
167273.411807,2542366.126422,0.0222059093411635,0.00275279867865663,0,0.931363552945495,0.0389062213250138,0.0047715177096715
167773.411807,2542366.126422,0.0828901522097928,0.00825233816247937,0.00146708233999633,0.731523931780671,0.129286631212177,0.0465798642948836
168273.411807,2542366.126422,0.17372182517867,0.042147700201576,0,0.344694887300715,0.199193696170057,0.240241891148983
168773.411807,2542366.126422,0.125160579922922,0.0357863828225362,0.00165167920719398,0.604514589832997,0.129014498073041,0.10387227014131
169273.411807,2542366.126422,0.13203741059967,0.0392444525949019,0.00256739409499358,0.637997432605905,0.134238034109664,0.0539152759948652
169773.411807,2542366.126422,0.0844786512735936,0.0254718709913872,0,0.657870624885468,0.177936595198827,0.0542422576507238
170273.411807,2542366.126422,0.0934116351624151,0.0440447788585061,0.00110111947146265,0.70141310332171,0.114883464855937,0.0451458983299688
170773.411807,2542366.126422,0.0256739409499358,0.015587749862461,0.00421786172748946,0.875114615807812,0.0718870346598203,0.0075187969924812
171273.411807,2542366.126422,0.0698185816382628,0.0322521531977277,0,0.827560930914422,0.0485614806670332,0.0218068535825545
171773.411807,2542366.126422,0.0645990089924757,0.0170673518076711,0,0.774454028262066,0.097082033400624,0.0467975775371628
172273.411807,2542366.126422,0.107280396112232,0.052814964239868,0,0.465431872363836,0.215477718686961,0.158995048597103
172773.411807,2542366.126422,0.173905076049111,0.0962067069818582,0.000183250870441635,0.493128092358439,0.138904159794759,0.0976727139453912
163773.411807,2541866.126422,0.436813186813187,0.019047619047619,0.00311355311355311,0.0611721611721612,0.123809523809524,0.356043956043956
164273.411807,2541866.126422,0.263302752293578,0.0515596330275229,0.412293577981651,0.0467889908256881,0.0675229357798165,0.158532110091743
164773.411807,2541866.126422,0,0,0.994679875252247,0.00532012474775271,0,0
165273.411807,2541866.126422,0.0021978021978022,0.00128205128205128,0.756227106227106,0.234249084249084,0.00567765567765568,0.000366300366300366
165773.411807,2541866.126422,0.0073394495412844,0.00513761467889908,0.00055045871559633,0.881467889908257,0.100366972477064,0.00513761467889908
166273.411807,2541866.126422,0.116675839295542,0.00770500825536599,0,0.646303430563199,0.13410383415887,0.0952118877270226
166773.411807,2541866.126422,0.0406593406593407,0.0043956043956044,0,0.846520146520147,0.0873626373626374,0.0210622710622711
167273.411807,2541866.126422,0.0236697247706422,0.00678899082568807,0,0.893577981651376,0.0680733944954128,0.00788990825688073
167773.411807,2541866.126422,0.0669601907906806,0.0487983856173179,0,0.592184920198129,0.146211704274445,0.145844799119428
168273.411807,2541866.126422,0.394505494505494,0.015018315018315,0,0.229304029304029,0.158608058608059,0.202564102564103
168773.411807,2541866.126422,0.313394495412844,0.0222018348623853,0.00128440366972477,0.12256880733945,0.130825688073395,0.409724770642202
169273.411807,2541866.126422,0.14401027334434,0.0348559897266557,0,0.552926068611264,0.171344707393139,0.096862960924601
169773.411807,2541866.126422,0.0769230769230769,0.047985347985348,0.000183150183150183,0.516849816849817,0.246153846153846,0.111904761904762
170273.411807,2541866.126422,0.0605504587155963,0.011743119266055,0.00146788990825688,0.822201834862385,0.0757798165137615,0.028256880733945
170773.411807,2541866.126422,0.0326545587965511,0.017978352595854,0,0.87305081636397,0.0574206567602275,0.0188956154833975
171273.411807,2541866.126422,0.105311355311355,0.0525641025641026,0,0.698168498168498,0.0868131868131868,0.0571428571428571
171773.411807,2541866.126422,0.0908256880733945,0.105321100917431,0,0.584220183486238,0.0965137614678899,0.123119266055046
172273.411807,2541866.126422,0.288570904421207,0.173546138323243,0,0.30673270959457,0.0959456980370574,0.135204549623922
172773.411807,2541866.126422,0.0679487179487179,0.0884615384615385,0.000549450549450549,0.601465201465201,0.148351648351648,0.0932234432234432
163273.411807,2541366.126422,0,0.00604395604395604,0.778388278388278,0.121245421245421,0.0234432234432234,0.0708791208791209
163773.411807,2541366.126422,0.0473047304730473,0.00385038503850385,0.26017601760176,0.015034836817015,0.0185185185185185,0.655115511551155
164273.411807,2541366.126422,0.0743589743589744,0.0373626373626374,0.428754578754579,0.168498168498169,0.0564102564102564,0.234615384615385
164773.411807,2541366.126422,0,0,0.896336996336996,0.103296703296703,0.000366300366300366,0
165273.411807,2541366.126422,0.0113678034470114,0.00916758342500917,0.346901356802347,0.544371103777044,0.0718738540520719,0.0163182984965163
165773.411807,2541366.126422,0.0111721611721612,0.00457875457875458,0.00146520146520147,0.844139194139194,0.129304029304029,0.00934065934065934
166273.411807,2541366.126422,0.0362637362637363,0.0126373626373626,0.000366300366300366,0.707509157509158,0.152564102564103,0.0906593406593407
166773.411807,2541366.126422,0.0410707737440411,0.0077007700770077,0,0.788778877887789,0.136780344701137,0.0256692335900257
167273.411807,2541366.126422,0.0146520146520147,0.0119047619047619,0,0.850732600732601,0.0932234432234432,0.0294871794871795
167773.411807,2541366.126422,0.122344322344322,0.00549450549450549,0,0.0738095238095238,0.0782051282051282,0.72014652014652
168273.411807,2541366.126422,0.416391639163916,0.00733406674000733,0,0.0652731939860653,0.0737073707370737,0.437293729372937
168773.411807,2541366.126422,0.134798534798535,0.0228937728937729,0,0.44981684981685,0.173076923076923,0.219413919413919
169273.411807,2541366.126422,0.0173992673992674,0.0021978021978022,0,0.894322344322344,0.0816849816849817,0.0043956043956044
169773.411807,2541366.126422,0.0517051705170517,0.0803080308030803,0,0.46002933626696,0.114594792812615,0.293362669600293
170273.411807,2541366.126422,0.249450549450549,0.107875457875458,0.00164835164835165,0.203479853479853,0.156593406593407,0.280952380952381
170773.411807,2541366.126422,0.0206959706959707,0.0135531135531136,0,0.893040293040293,0.0611721611721612,0.0115384615384615
171273.411807,2541366.126422,0.0236523652365237,0.0238357169050238,0,0.891639163916392,0.0368536853685369,0.024019068573524
171773.411807,2541366.126422,0.0981684981684982,0.104761904761905,0.00128205128205128,0.620512820512821,0.063003663003663,0.112271062271062
172273.411807,2541366.126422,0.232234432234432,0.133150183150183,0,0.33021978021978,0.124725274725275,0.17967032967033
172773.411807,2541366.126422,0.081958195819582,0.0298863219655299,0,0.570590392372571,0.195269526952695,0.122295562889622
162773.411807,2540866.126422,0,0,0.945311066250688,0.0546889337493118,0,0
163273.411807,2540866.126422,0,0,0.972492206125069,0.026407482119934,0.00110031175499725,0
163773.411807,2540866.126422,0,0,1,0,0,0
164273.411807,2540866.126422,0.0469810974490732,0.0102771150669848,0.387043494219123,0.263718113415306,0.0658836483758488,0.226096531473665
164773.411807,2540866.126422,0.0260407115349349,0.0102695763799743,0.258940033009353,0.205574912891986,0.0458463231248854,0.453328443058867
165273.411807,2540866.126422,0.0269378779549203,0.0122778083195895,0.0157595748579806,0.770020157595749,0.100421477002016,0.0745831042697453
165773.411807,2540866.126422,0.0295467058175812,0.0201871903101487,0.000550559735731327,0.805468893374931,0.104422829877042,0.039823820884566
166273.411807,2540866.126422,0.102328993214744,0.0383275261324042,0.000916926462497708,0.590867412433523,0.182101595452045,0.0854575463047864
166773.411807,2540866.126422,0.0749496060106286,0.0329851566794942,0,0.568627450980392,0.194612424409016,0.128825361920469
167273.411807,2540866.126422,0.0271609469627455,0.0119287942741787,0,0.841438796109378,0.0831345200954303,0.0363369425582676
167773.411807,2540866.126422,0.161195672107097,0.0317256556024207,0,0.166330460297084,0.109114249037227,0.531633962956171
168273.411807,2540866.126422,0.120762323621037,0.0850284038849184,0,0.0681693238042881,0.108301264431006,0.61773868425875
168773.411807,2540866.126422,0.0737750045879978,0.00917599559552211,0,0.197834465039457,0.156726004771518,0.562488530005506
169273.411807,2540866.126422,0.0452961672473868,0.00586832935998533,0,0.783055198973042,0.0685860993948285,0.097194205024757
169773.411807,2540866.126422,0.0434304562946674,0.0197910940076965,0,0.213670514934946,0.136888400219901,0.586219534542789
170273.411807,2540866.126422,0.430904753165718,0.0409249403560286,0.000367039823820885,0.0297302257294917,0.0956138741053404,0.4024591668196
170773.411807,2540866.126422,0.0544654318723638,0.0260407115349349,0.000916926462497708,0.65982028241335,0.0959105079772602,0.162846139739593
171273.411807,2540866.126422,0.0131940626717977,0.0379329301814184,0,0.889316474253253,0.0507604911123328,0.00879604178119846
171773.411807,2540866.126422,0.192145347770233,0.151770967149936,0,0.442099467792255,0.0726738851165352,0.141310332171041
172273.411807,2540866.126422,0.483587016321291,0.0454795525398863,0,0.0397946084724005,0.033192737942417,0.397946084724005
172773.411807,2540866.126422,0.0674363203225215,0.205057724024189,0.0410481949789262,0.0225398570643211,0.0447132123877588,0.619204691222283
162773.411807,2540366.126422,0,0,0.968807339449541,0.0297247706422018,0.00146788990825688,0
163273.411807,2540366.126422,0,0,0.954503760777839,0.0454962392221611,0,0
164773.411807,2540366.126422,0.114841313520455,0.0157769216657494,0,0.183819482663731,0.174646853788296,0.510915428361769
165273.411807,2540366.126422,0.0133699633699634,0.21025641025641,0.0428571428571429,0.213553113553114,0.107142857142857,0.412820512820513
165773.411807,2540366.126422,0.0554128440366972,0.120366972477064,0.157981651376147,0.375963302752294,0.0787155963302752,0.211559633027523
166273.411807,2540366.126422,0.0566868464501926,0.0370574206567602,0.0649422124380847,0.519170794349661,0.136672170243992,0.18547055586131
166773.411807,2540366.126422,0.056043956043956,0.013003663003663,0.0104395604395604,0.745421245421245,0.125824175824176,0.0492673992673993
167273.411807,2540366.126422,0.015045871559633,0.00495412844036697,0.0275229357798165,0.843669724770642,0.0827522935779817,0.0260550458715596
167773.411807,2540366.126422,0.255732893047147,0.0130251330031187,0,0.0770500825536599,0.158869932122546,0.495321959273528
168273.411807,2540366.126422,0.0913919413919414,0.0179487179487179,0,0.126923076923077,0.0840659340659341,0.67967032967033
168773.411807,2540366.126422,0.00165137614678899,0.0776146788990826,0,0.167155963302752,0.106788990825688,0.646788990825688
169273.411807,2540366.126422,0.15410016510732,0.0521005320124748,0,0.0491652907723353,0.0500825536598789,0.694551458447991
169773.411807,2540366.126422,0.093040293040293,0.0142857142857143,0,0.26043956043956,0.169413919413919,0.462820512820513
170273.411807,2540366.126422,0.214495412844037,0.0155963302752294,0.00844036697247706,0.238348623853211,0.282935779816514,0.240183486238532
170773.411807,2540366.126422,0.0847550908090259,0.0476976701522656,0.001284168042561,0.33810310034856,0.120344890845716,0.407815079801871
171273.411807,2540366.126422,0.0384615384615385,0.0120879120879121,0,0.821611721611722,0.0717948717948718,0.056043956043956
171773.411807,2540366.126422,0.18605504587156,0.0684403669724771,0,0.255229357798165,0.168440366972477,0.321834862385321
172273.411807,2540366.126422,0.0974133186571271,0.0300862227114291,0,0.233535131168593,0.158136121812511,0.480829205650339
172773.411807,2540366.126422,0.0692307692307692,0.0813186813186813,0.182783882783883,0.060989010989011,0.106959706959707,0.498717948717949
164773.411807,2539866.126422,0.0252747252747253,0.0146520146520147,0,0.166849816849817,0.146336996336996,0.646886446886447
165273.411807,2539866.126422,0.0242024202420242,0.114778144481115,0.0999266593325999,0.28951228456179,0.176934360102677,0.294646131279795
165773.411807,2539866.126422,0.0327838827838828,0.134798534798535,0.338827838827839,0.258608058608059,0.0683150183150183,0.166666666666667
166273.411807,2539866.126422,0.0448717948717949,0.0769230769230769,0.265384615384615,0.205128205128205,0.0793040293040293,0.328388278388278
166773.411807,2539866.126422,0.157682434910158,0.046021268793546,0.0249358269160249,0.347451411807847,0.0982764943160983,0.325632563256326
167273.411807,2539866.126422,0.0782051282051282,0.039010989010989,0,0.484432234432234,0.19047619047619,0.207875457875458
167773.411807,2539866.126422,0.135897435897436,0.0249084249084249,0,0.0492673992673993,0.109157509157509,0.680769230769231
168273.411807,2539866.126422,0.0702236890355702,0.0394206087275394,0,0.100660066006601,0.0665566556655666,0.723138980564723
168773.411807,2539866.126422,0.00402930402930403,0.151831501831502,0,0.0862637362637363,0.0476190476190476,0.71025641025641
169273.411807,2539866.126422,0.188644688644689,0.0100732600732601,0,0.217216117216117,0.194139194139194,0.38992673992674
169773.411807,2539866.126422,0.092959295929593,0.00586725339200587,0,0.313898056472314,0.157682434910158,0.42959295929593
170273.411807,2539866.126422,0.166483516483516,0.0822344322344322,0.00256410256410256,0.178754578754579,0.196703296703297,0.373260073260073
170773.411807,2539866.126422,0.0639194139194139,0.0148351648351648,0,0.576373626373626,0.16007326007326,0.184798534798535
171273.411807,2539866.126422,0.0704070407040704,0.128162816281628,0,0.269160249358269,0.114961496149615,0.417308397506417
171773.411807,2539866.126422,0.314835164835165,0.0507326007326007,0,0.078021978021978,0.113369963369963,0.443040293040293
172273.411807,2539866.126422,0.14047619047619,0.0263736263736264,0,0.200915750915751,0.147252747252747,0.484981684981685
172773.411807,2539866.126422,0.0927759442610928,0.0975430876420975,0.00403373670700403,0.13989732306564,0.151448478181151,0.514301430143014
165273.411807,2539366.126422,0.0322521531977277,0.114898295766905,0.145501191130658,0.142569177203592,0.115631299248671,0.449147883452446
165773.411807,2539366.126422,0.0238575885483575,0.171958157460084,0.378234538447422,0.145898329968802,0.0669847678473114,0.213066617728023
166273.411807,2539366.126422,0.102695763799743,0.114615807812213,0.356317623326609,0.102879149092243,0.052814964239868,0.270676691729323
166773.411807,2539366.126422,0.24775517683709,0.013560564412681,0,0.0342679127725857,0.0558915154846986,0.648524830492945
167273.411807,2539366.126422,0.21159845843274,0.0418425399155808,0.000183519911910442,0.0691870067902367,0.158561203890622,0.51862727105891
167773.411807,2539366.126422,0.121767834219696,0.0473134054648817,0,0.0416284613973959,0.132954337062168,0.656335961855859
168273.411807,2539366.126422,0.0623052959501558,0.072200842954004,0,0.0936411947956753,0.09529045262965,0.676562213670515
168773.411807,2539366.126422,0.000550559735731327,0.202973022572949,0,0.266287392182052,0.171774637548174,0.358414387961094
169273.411807,2539366.126422,0.222629745094443,0.00366770584999083,0,0.347698514579131,0.143774069319641,0.282229965156794
169773.411807,2539366.126422,0.176837089976177,0.00568077698369067,0,0.487080813633865,0.159428257284222,0.170973062122045
170273.411807,2539366.126422,0.407781244265003,0.0034868783262984,0,0.11213066617728,0.109194347586713,0.367406863644705
170773.411807,2539366.126422,0.40418118466899,0.00696864111498258,0.000733541169998166,0.120300751879699,0.0942600403447643,0.373555840821566
171273.411807,2539366.126422,0.541872823895914,0.0318856514568444,0,0.0974894630749496,0.124610591900312,0.204141469671981
171773.411807,2539366.126422,0.497706001101119,0.0256927876674619,0,0.00880895577170123,0.0394567810607451,0.428335474398972
172273.411807,2539366.126422,0.100861910874748,0.105263157894737,0.00366770584999083,0.172382174949569,0.137905739959655,0.4799193104713
172773.411807,2539366.126422,0.0683525746747297,0.0388491845336265,0,0.229979842404251,0.168041048194979,0.494777350192413
165273.411807,2538866.126422,0.0254578754578755,0.0886446886446886,0.0503663003663004,0.10989010989011,0.0974358974358974,0.628205128205128
165773.411807,2538866.126422,0.00440366972477064,0.16605504587156,0.140733944954128,0.205688073394495,0.0906422018348624,0.392477064220183
166273.411807,2538866.126422,0.0385250412768299,0.0893414052467437,0.155934690882407,0.22821500642084,0.0623738763529628,0.425609979820216
166773.411807,2538866.126422,0.216849816849817,0.043956043956044,0,0.0377289377289377,0.157142857142857,0.544322344322344
167273.411807,2538866.126422,0.238165137614679,0.0398165137614679,0,0.0385321100917431,0.0939449541284404,0.58954128440367
167773.411807,2538866.126422,0.175747569253348,0.0484314804623005,0,0.0267840763162722,0.167859108420473,0.581177765547606
168273.411807,2538866.126422,0.0683150183150183,0.00897435897435897,0,0.0514652014652015,0.116300366300366,0.754945054945055
168773.411807,2538866.126422,0,0.111559633027523,0,0.189908256880734,0.0992660550458716,0.599266055045872
169273.411807,2538866.126422,0.0709961474958723,0.00348559897266557,0,0.542836176848285,0.126582278481013,0.256099798202165
169773.411807,2538866.126422,0.0413919413919414,0.00842490842490842,0,0.600915750915751,0.217765567765568,0.131501831501832
170273.411807,2538866.126422,0.297064220183486,0.0900917431192661,0,0.0291743119266055,0.0456880733944954,0.537981651376147
170773.411807,2538866.126422,0.611263988259035,0.0777838928636947,0,0.000733810310034856,0.00715465052283985,0.303063658044396
171273.411807,2538866.126422,0.586263736263736,0.00915750915750916,0,0.00531135531135531,0.0291208791208791,0.37014652014652
171773.411807,2538866.126422,0.295596330275229,0.0119266055045872,0,0,0.00055045871559633,0.691926605504587
172273.411807,2538866.126422,0.0456796917996698,0.084021280498991,0.00330214639515685,0.0176114474408365,0.0317372959090075,0.817648137956338
172773.411807,2538866.126422,0.0765567765567766,0.0311355311355311,0,0.120512820512821,0.105860805860806,0.665934065934066
165273.411807,2538366.126422,0.00476714338100477,0.011001100110011,0.138797213054639,0.252108544187752,0.0784745141180785,0.514851485148515
165773.411807,2538366.126422,0.0164835164835165,0.0673992673992674,0.0393772893772894,0.502014652014652,0.0838827838827839,0.290842490842491
166273.411807,2538366.126422,0.165201465201465,0.0598901098901099,0.0443223443223443,0.0787545787545788,0.149450549450549,0.502380952380952
166773.411807,2538366.126422,0.243124312431243,0.0165016501650165,0,0.0405207187385405,0.110744407774111,0.589108910891089
167273.411807,2538366.126422,0.186263736263736,0.0450549450549451,0,0.0617216117216117,0.147985347985348,0.558974358974359
167773.411807,2538366.126422,0.289377289377289,0.0249084249084249,0,0.0166666666666667,0.101282051282051,0.567765567765568
168273.411807,2538366.126422,0.0227356068940227,0.0124679134580125,0,0.0341034103410341,0.141180784745141,0.789512284561789
168773.411807,2538366.126422,0,0.183150183150183,0,0.158974358974359,0.0860805860805861,0.571794871794872
169273.411807,2538366.126422,0.135164835164835,0.0179487179487179,0,0.0714285714285714,0.153663003663004,0.621794871794872
169773.411807,2538366.126422,0.203703703703704,0.0276861019435277,0,0.0588558855885589,0.200770077007701,0.508984231756509
170273.411807,2538366.126422,0.247435897435897,0.0291208791208791,0,0.186813186813187,0.138644688644689,0.397985347985348
170773.411807,2538366.126422,0.242857142857143,0,0,0.00604395604395604,0.0247252747252747,0.726373626373626
171273.411807,2538366.126422,0.547854785478548,0.0115511551155116,0,0.0144847818115145,0.0693069306930693,0.356802346901357
171773.411807,2538366.126422,0.521611721611722,0.000366300366300366,0,0,0.00256410256410256,0.475457875457875
172273.411807,2538366.126422,0.0249084249084249,0.0617216117216117,0.00659340659340659,0.0494505494505494,0.0457875457875458,0.811538461538462
172773.411807,2538366.126422,0.368353502016868,0.0573890722405574,0,0.0718738540520719,0.0603226989365603,0.442060872753942
165773.411807,2537866.126422,0.0155991925123876,0.0458799779776106,0.0155991925123876,0.585428518994311,0.14534777023307,0.192145347770233
166273.411807,2537866.126422,0.138822666422153,0.0753713552173116,0,0.188336695397029,0.15587749862461,0.441591784338896
166773.411807,2537866.126422,0.221183800623053,0.0579072750595565,0,0.0863111599780099,0.190397654388858,0.444200109950522
167273.411807,2537866.126422,0.233620847861993,0.0339511837034318,0,0.106992108643788,0.184988071205726,0.440447788585062
167773.411807,2537866.126422,0.115165963689712,0.0401613790573996,0,0.0916926462497708,0.200623509994498,0.552356501008619
168273.411807,2537866.126422,0.0412314458493678,0.00806303829943192,0,0.0196078431372549,0.173538574308228,0.757559098405717
168773.411807,2537866.126422,0,0.123141860891907,0,0.0284455863461186,0.120756102037071,0.727656450724904
169273.411807,2537866.126422,0.126352466532184,0.0231065468549422,0,0.0137538969374656,0.0894920227397763,0.747295066935632
169773.411807,2537866.126422,0.148249954187282,0.0639545537841305,0,0.00696353307678211,0.101520982224666,0.679310976727139
170273.411807,2537866.126422,0.0590934116351624,0.175077995962562,0,0.107175628555698,0.256377316938888,0.402275646907689
170773.411807,2537866.126422,0.262607738859343,0.142306986979644,0,0.0872913992297818,0.157894736842105,0.349899138089125
171273.411807,2537866.126422,0.309327469305479,0.0168590800806304,0.00659703133589885,0.177936595198827,0.223199560197911,0.266080263881253
171773.411807,2537866.126422,0.236924206276381,0.0442282987704166,0.0126628739218205,0.149018168471279,0.0943292347219673,0.462837217838135
172273.411807,2537866.126422,0.114432422519714,0.0418118466898955,0.00238400880249404,0.203374289381992,0.191087474784522,0.446909957821383
172773.411807,2537866.126422,0.07623236210372,0.03811618105186,0.00128275609309144,0.282023089609676,0.185083379146051,0.417262231995602
165773.411807,2537366.126422,0.046605504587156,0.0943119266055046,0,0.289357798165138,0.138348623853211,0.431376146788991
166273.411807,2537366.126422,0.0873234268941479,0.0515501742799486,0.00165107319757843,0.27242707760044,0.151715281599706,0.435332966428178
166773.411807,2537366.126422,0.114468864468864,0.0326007326007326,0,0.221245421245421,0.185897435897436,0.445787545787546
167273.411807,2537366.126422,0.130642201834862,0.093394495412844,0,0.0814678899082569,0.137614678899083,0.556880733944954
167773.411807,2537366.126422,0.08273711245643,0.111906072280316,0,0.00972298660796184,0.153182902219776,0.642450926435516
168273.411807,2537366.126422,0.0382783882783883,0.0657509157509158,0,0.0675824175824176,0.0924908424908425,0.735897435897436
168773.411807,2537366.126422,0.00477064220183486,0.00495412844036697,0,0.202201834862385,0.125321100917431,0.662752293577982
169273.411807,2537366.126422,0.200513667217024,0.062190423775454,0,0.0539350577875619,0.0616400660429279,0.621720785177032
169773.411807,2537366.126422,0.242307692307692,0.00402930402930403,0,0.0119047619047619,0.0296703296703297,0.712087912087912
170273.411807,2537366.126422,0.19394495412844,0.0275229357798165,0.0827522935779817,0.138348623853211,0.144954128440367,0.412477064220183
170773.411807,2537366.126422,0.206200697119795,0.0273344340487984,0.0091726288754357,0.204182718767199,0.246193359016694,0.306916162172079
171273.411807,2537366.126422,0.383699633699634,0.0161172161172161,0.00750915750915751,0.121794871794872,0.0976190476190476,0.373260073260073
171773.411807,2537366.126422,0.217798165137615,0.0680733944954128,0,0.111743119266055,0.137981651376147,0.464403669724771
172273.411807,2537366.126422,0.0753990093560815,0.0482480278847918,0.00091726288754357,0.167859108420473,0.16125481563016,0.54632177582095
172773.411807,2537366.126422,0.056043956043956,0.071978021978022,0,0.531135531135531,0.14047619047619,0.2003663003663
165773.411807,2536866.126422,0.0304029304029304,0.0172161172161172,0,0.568315018315018,0.186813186813187,0.197252747252747
166273.411807,2536866.126422,0.0510989010989011,0.0375457875457875,0.00457875457875458,0.213003663003663,0.196520146520147,0.497252747252747
166773.411807,2536866.126422,0.111844517785112,0.0755408874220755,0.0152181884855152,0.081041437477081,0.185368536853685,0.530986431976531
167273.411807,2536866.126422,0.160805860805861,0.185897435897436,0,0.0587912087912088,0.0562271062271062,0.538278388278388
167773.411807,2536866.126422,0.0725274725274725,0.132417582417582,0.00549450549450549,0.0600732600732601,0.0666666666666667,0.662820512820513
168273.411807,2536866.126422,0.0610561056105611,0.152915291529153,0.00733406674000733,0.0256692335900257,0.0731573157315732,0.67986798679868
168773.411807,2536866.126422,0.0316849816849817,0.174175824175824,0.0551282051282051,0.015018315018315,0.0364468864468864,0.687545787545788
169273.411807,2536866.126422,0.114102564102564,0.118315018315018,0.0644688644688645,0.208241758241758,0.0884615384615385,0.406410256410256
169773.411807,2536866.126422,0.317015034836817,0.0616061606160616,0.0506050605060506,0.0225522552255226,0.0975430876420975,0.450678401173451
170273.411807,2536866.126422,0.332234432234432,0.00952380952380952,0.00256410256410256,0.10018315018315,0.142124542124542,0.413369963369963
170773.411807,2536866.126422,0.298717948717949,0.0192307692307692,0.0315018315018315,0.173076923076923,0.0998168498168498,0.377655677655678
171273.411807,2536866.126422,0.0647231389805647,0.107627429409608,0.159332599926659,0.223138980564723,0.173267326732673,0.271910524385772
171773.411807,2536866.126422,0.0326007326007326,0.114285714285714,0.168131868131868,0.203663003663004,0.160989010989011,0.32032967032967
172273.411807,2536866.126422,0.0950549450549451,0.0582417582417582,0.000915750915750916,0.00934065934065934,0.0148351648351648,0.821611721611722
172773.411807,2536866.126422,0.0176017601760176,0.0165016501650165,0,0.795379537953795,0.0416208287495416,0.128896222955629
165773.411807,2536366.126422,0.0697375665259681,0.0456964580657001,0.051018535511103,0.407230684529271,0.172508717195816,0.253808038172142
166273.411807,2536366.126422,0.00678525582248304,0.004401247019989,0,0.859343480652852,0.116633046029708,0.0128369704749679
166773.411807,2536366.126422,0.0809968847352025,0.0584570276708814,0.00274876305662452,0.305112699285322,0.199010445299615,0.353674179952355
167273.411807,2536366.126422,0.145898329968802,0.0649660488162966,0.0456964580657001,0.255643237291246,0.144797210497339,0.342998715360617
167773.411807,2536366.126422,0.0583165230148542,0.132220795892169,0.131120484137172,0.273060700531817,0.119017054832202,0.286264441591784
168273.411807,2536366.126422,0.0366501740883269,0.13450613890416,0.0764156129741616,0.183434121312076,0.107201759208356,0.461792193512919
168773.411807,2536366.126422,0.0717562855569829,0.15764360433107,0.0251422279317306,0.182785832262801,0.148651128647458,0.414020921269958
169273.411807,2536366.126422,0.0106363469649734,0.0322758114799193,0.221896203924445,0.589950485971025,0.101045296167247,0.0441958554923895
169773.411807,2536366.126422,0.119662818398387,0.0648708081363387,0.10207073483599,0.276525563496427,0.154113982041415,0.282756093091442
170273.411807,2536366.126422,0.0829510001835199,0.0649660488162966,0.0176179115434025,0.330702881262617,0.19067718847495,0.313084969719215
170773.411807,2536366.126422,0.122134604804695,0.0144874381074638,0.0119200440124702,0.498624610306253,0.168347698514579,0.184485604254539
