"x","y","forest","agri","water","built","other","grass"
162273.411807,2585866.126422,0,0.0276532137518685,0.65695067264574,0.296711509715994,0.00317638266068759,0.01550822122571
162773.411807,2585866.126422,0,0,0.988019468363909,0.0119805316360914,0,0
163273.411807,2585866.126422,0,0.0048643592142189,0.843966323666978,0.130589335827877,0.0185219831618335,0.00205799812909261
163773.411807,2585866.126422,0.00130792227204783,0.0134529147982063,0.605941704035874,0.348467862481315,0.0222346786248132,0.0085949177877429
164273.411807,2585866.126422,0,0.0108573567952078,0.320104829651816,0.643017596405841,0.015537251965556,0.0104829651815799
164773.411807,2585866.126422,0.000935453695042095,0.0441534144059869,0.507951356407858,0.394013096351731,0.0297474275023386,0.023199251637044
165273.411807,2585866.126422,0.0190582959641256,0.138826606875934,0.361173393124066,0.305493273542601,0.0816517189835576,0.093796711509716
165773.411807,2585866.126422,0.0408086858854362,0.167727442905279,0.134593785099214,0.316548109322351,0.126357169599401,0.213964807188319
166273.411807,2585866.126422,0.0585594013096352,0.137885874649205,0.0800748362956034,0.0989710009354537,0.140318054256314,0.484190832553789
166773.411807,2585866.126422,0.0519431988041854,0.0448430493273543,0.00840807174887892,0.448991031390135,0.214312406576981,0.231502242152466
167273.411807,2585866.126422,0.0428678397603894,0.0885436166229876,0.0295769374766005,0.178397603893673,0.143766379633096,0.516847622613253
167773.411807,2585866.126422,0.0323666978484565,0.146492048643592,0.146492048643592,0.113189897100094,0.120860617399439,0.440598690364827
168273.411807,2585866.126422,0.015321375186846,0.125186846038864,0.363976083707025,0.194880418535127,0.15881913303438,0.141816143497758
168773.411807,2585866.126422,0.0213403219767877,0.182328715836765,0.290527892175215,0.118494945713216,0.204417821040809,0.182890303257207
169273.411807,2585866.126422,0.00523854069223573,0.0456501403180543,0.261927034611787,0.474087932647334,0.122170252572498,0.0909260991580917
169773.411807,2585866.126422,0.00822122571001495,0.210575485799701,0.0302690582959641,0.0112107623318386,0.0642750373692078,0.675448430493274
170273.411807,2585866.126422,0.0140396855110446,0.375514788468738,0.0134780980906028,0.111568700861101,0.123736428304006,0.361662298764508
170773.411807,2585866.126422,0.0271281571562208,0.34555659494855,0.0114125350795136,0.092422825070159,0.144808231992516,0.37867165575304
171273.411807,2585866.126422,0.0480194319880419,0.144992526158445,0,0.00952914798206278,0.039237668161435,0.758221225710015
171773.411807,2585866.126422,0.0700112317484088,0.0353800074878323,0,0.000561587420441782,0.0166604268064395,0.877386746536878
172273.411807,2585866.126422,0.0271281571562208,0.231618334892423,0,0.00542563143124415,0.0336763330215154,0.702151543498597
172773.411807,2585866.126422,0.102391629297459,0.0874439461883408,0,0.000186846038863976,0.00635276532137519,0.803624813153961
161773.411807,2585366.126422,0.0687947165657677,0.101999633094845,0.295725554944047,0.0464135021097046,0.00862227114290956,0.478444322142726
162273.411807,2585366.126422,0,0,0.862820512820513,0.137179487179487,0,0
162773.411807,2585366.126422,0,0,0.935779816513762,0.0642201834862385,0,0
163273.411807,2585366.126422,0,0,0.995413685562282,0.00458631443771785,0,0
163773.411807,2585366.126422,0,0.00274725274725275,0.795238095238095,0.169413919413919,0.0326007326007326,0
164273.411807,2585366.126422,0,0.00128440366972477,0.991559633027523,0.00477064220183486,0.00238532110091743,0
164773.411807,2585366.126422,0.00495321959273528,0.0223812144560631,0.836176848284718,0.0944780774169877,0.0275178866263071,0.0144927536231884
165273.411807,2585366.126422,0,0.0818681318681319,0.644139194139194,0.257326007326007,0.0152014652014652,0.00146520146520147
165773.411807,2585366.126422,0.0240366972477064,0.113761467889908,0.458532110091743,0.185504587155963,0.0796330275229358,0.138532110091743
166273.411807,2585366.126422,0.0948449825720051,0.151348376444689,0.200146762062007,0.0709961474958723,0.0787011557512383,0.403962575674188
166773.411807,2585366.126422,0.0217948717948718,0.158608058608059,0.0256410256410256,0.128388278388278,0.205677655677656,0.45989010989011
167273.411807,2585366.126422,0.0392660550458716,0.271009174311927,0.138165137614679,0.199633027522936,0.133577981651376,0.218348623853211
167773.411807,2585366.126422,0.0300862227114291,0.110621904237755,0.195560447624289,0.218675472390387,0.219042377545405,0.226013575490736
168273.411807,2585366.126422,0.0375457875457875,0.152930402930403,0.23956043956044,0.0919413919413919,0.185531135531136,0.292490842490843
168773.411807,2585366.126422,0.0258715596330275,0.130091743119266,0.122385321100917,0.17045871559633,0.165688073394495,0.385504587155963
169273.411807,2585366.126422,0.0273344340487984,0.118693817648138,0.162722436250229,0.155567785727389,0.194276279581728,0.341405246743717
169773.411807,2585366.126422,0.0591575091575092,0.163919413919414,0.0412087912087912,0.0327838827838828,0.106593406593407,0.596336996336996
170273.411807,2585366.126422,0.0286238532110092,0.201834862385321,0.0434862385321101,0.0506422018348624,0.168807339449541,0.506605504587156
170773.411807,2585366.126422,0.0678774536782242,0.314988075582462,0,0.0588882773802972,0.111722619702807,0.44652357365621
171273.411807,2585366.126422,0.0212454212454212,0.24010989010989,0.000915750915750916,0.0164835164835165,0.0498168498168498,0.671428571428571
171773.411807,2585366.126422,0.018348623853211,0.240366972477064,0,0,0.0121100917431193,0.729174311926606
172273.411807,2585366.126422,0.0216474041460283,0.546505228398459,0,0,0.0170610897083104,0.414786277747202
172773.411807,2585366.126422,0.0963369963369963,0.316117216117216,0,0.00293040293040293,0.0163003663003663,0.568315018315018
161273.411807,2584866.126422,0.196703296703297,0.0923076923076923,0.222893772893773,0.0906593406593407,0.00915750915750916,0.388278388278388
161773.411807,2584866.126422,0.0155677655677656,0.032967032967033,0.762271062271062,0.0688644688644689,0.00457875457875458,0.115750915750916
162273.411807,2584866.126422,0.00458379171250458,0.0848918225155849,0.745507884121746,0.141730839750642,0.0157682434910158,0.00751741840850752
162773.411807,2584866.126422,0,0.00934065934065934,0.953663003663004,0.0364468864468864,0,0.000549450549450549
163273.411807,2584866.126422,0,0,0.580769230769231,0.419230769230769,0,0
163773.411807,2584866.126422,0.00128346167950128,0.0157682434910158,0.716905023835717,0.236340300696736,0.0278694536120279,0.00183351668500183
164273.411807,2584866.126422,0,0.00549450549450549,0.977289377289377,0.0139194139194139,0.0032967032967033,0
164773.411807,2584866.126422,0.0183150183150183,0.0212454212454212,0.802747252747253,0.0943223443223443,0.0254578754578755,0.0379120879120879
165273.411807,2584866.126422,0,0.00715071507150715,0.822148881554822,0.158782544921159,0.0106343967730106,0.00128346167950128
165773.411807,2584866.126422,0.0815018315018315,0.0661172161172161,0.695970695970696,0.0496336996336996,0.0373626373626374,0.0694139194139194
166273.411807,2584866.126422,0.0912087912087912,0.0838827838827839,0.206227106227106,0.237728937728938,0.12967032967033,0.251282051282051
166773.411807,2584866.126422,0.0066006600660066,0.14044737807114,0.116795012834617,0.103593692702604,0.187935460212688,0.444627796112945
167273.411807,2584866.126422,0.0126373626373626,0.15,0.351465201465201,0.157692307692308,0.136996336996337,0.191208791208791
167773.411807,2584866.126422,0.013003663003663,0.146336996336996,0.414102564102564,0.134249084249084,0.158424908424908,0.133882783882784
168273.411807,2584866.126422,0.0247524752475248,0.166483314998166,0.273560689402274,0.157315731573157,0.152915291529153,0.224972497249725
168773.411807,2584866.126422,0.0822344322344322,0.112454212454212,0.0435897435897436,0.253846153846154,0.201282051282051,0.306593406593407
169273.411807,2584866.126422,0.0743589743589744,0.0972527472527473,0.0461538461538462,0.146153846153846,0.253479853479853,0.382600732600733
169773.411807,2584866.126422,0.0223689035570224,0.373670700403374,0.0287862119545288,0.0463879721305464,0.0452878621195453,0.483498349834984
170273.411807,2584866.126422,0.0139194139194139,0.354212454212454,0.00494505494505494,0.0258241758241758,0.0470695970695971,0.554029304029304
170773.411807,2584866.126422,0.0128205128205128,0.284249084249084,0,0.0399267399267399,0.0344322344322344,0.628571428571429
171273.411807,2584866.126422,0.0275027502750275,0.226439310597726,0,0.000183351668500183,0.0198019801980198,0.726072607260726
171773.411807,2584866.126422,0.01996336996337,0.0452380952380952,0,0,0.0104395604395604,0.924358974358974
172273.411807,2584866.126422,0.030952380952381,0.2996336996337,0,0.00201465201465201,0.023992673992674,0.643406593406593
172773.411807,2584866.126422,0.122478914558122,0.121012101210121,0,0.00751741840850752,0.0386872020535387,0.71030436376971
160773.411807,2584366.126422,0.00166666666666667,0.0240740740740741,0.731111111111111,0.214444444444444,0.017037037037037,0.0116666666666667
161273.411807,2584366.126422,0.00623967700495504,0.0543218939254909,0.638465773536429,0.259313635529455,0.0170673518076711,0.0245916681959993
161773.411807,2584366.126422,0.174582798459564,0.0577663671373556,0.493123051531267,0.187236383642032,0.00990280579497524,0.0773885934348065
162273.411807,2584366.126422,0.0100787978742899,0.0601062855048561,0.877588418544988,0.0309693971046362,0.00329851566794942,0.0179585853032802
162773.411807,2584366.126422,0,0.00330335841438796,0.939988988805285,0.0532207744540283,0.0034868783262984,0
163273.411807,2584366.126422,0.000550155877498625,0.00586832935998533,0.78818998716303,0.200440124701999,0.00385109114249037,0.00110031175499725
163773.411807,2584366.126422,0.0130108118013561,0.0177753344328386,0.830126443100605,0.116364302730438,0.0227231079347627,0
164273.411807,2584366.126422,0,0,0.94604514589833,0.05395485410167,0,0
164773.411807,2584366.126422,0.00513478818998716,0.0372272143774069,0.849990830735375,0.0709701081973226,0.0165046763249587,0.0201723821749496
165273.411807,2584366.126422,0.000733003481766538,0.0370166758292102,0.700384826827927,0.231262598497343,0.0256551218618288,0.00494777350192413
165773.411807,2584366.126422,0.00807487612405946,0.0185355111029547,0.874839420077078,0.0502844558634612,0.00623967700495504,0.0420260598274913
166273.411807,2584366.126422,0.0735375022923162,0.0993948285347515,0.324958738309188,0.129653401797176,0.157527966257106,0.214927562809463
166773.411807,2584366.126422,0.00494777350192413,0.291368884002199,0.30382994319223,0.21751878321422,0.0907091808686091,0.0916254352208173
167273.411807,2584366.126422,0.0185355111029547,0.216186456230501,0.257478436410351,0.18682327032483,0.104606349788952,0.216369976142411
167773.411807,2584366.126422,0.0366770584999083,0.203190904089492,0.20795892169448,0.222629745094443,0.111131487254722,0.218411883366954
168273.411807,2584366.126422,0.0232728605460876,0.25783397471138,0.223749312809236,0.176287337364852,0.120762323621037,0.198094190947407
168773.411807,2584366.126422,0.00972655533125344,0.117452743622683,0.28610754266838,0.299871536061663,0.140209212699578,0.146632409616443
169273.411807,2584366.126422,0.00550155877498625,0.28388043278929,0.133504492939666,0.168714469099578,0.134238034109664,0.274161012286815
169773.411807,2584366.126422,0.0789811251603445,0.239508887667216,0.0142935678944475,0.00384826827927433,0.0395821880153931,0.623785962983324
170273.411807,2584366.126422,0.0456964580657001,0.138924573316205,0,0.449440264268673,0.16993943842907,0.195999265920352
170773.411807,2584366.126422,0.0346598202824134,0.243352283146892,0,0.0509811113148725,0.0474967907573813,0.623509994498441
171273.411807,2584366.126422,0.0348176653839106,0.292834890965732,0,0.0318856514568444,0.0232728605460876,0.617188931647425
171773.411807,2584366.126422,0.0258763075793724,0.235089007157277,0,0.00293631859056708,0.0451458983299688,0.690952468342815
172273.411807,2584366.126422,0.0885750962772786,0.185952686594535,0,0.0146708233999633,0.0915092609572712,0.619292132770952
172773.411807,2584366.126422,0.0320689023272861,0.323071284588602,0,0.0663368150998717,0.0852116547553601,0.49331134322888
160773.411807,2583866.126422,0.000185082361650935,0.111974828798815,0.691282620766241,0.162502313529521,0.025541365907829,0.00851378863594299
161273.411807,2583866.126422,0.0891743119266055,0.0743119266055046,0.46256880733945,0.334311926605505,0.0115596330275229,0.0280733944954128
161773.411807,2583866.126422,0.32104201064025,0.0816363969913777,0.435699871583196,0.0612731608879105,0.00220143093010457,0.098147128967162
162273.411807,2583866.126422,0.00238095238095238,0.056959706959707,0.843040293040293,0.0813186813186813,0.00695970695970696,0.00934065934065934
162773.411807,2583866.126422,0,0.084954128440367,0.71743119266055,0.177614678899083,0.00935779816513761,0.0106422018348624
163273.411807,2583866.126422,0,0.00752155567785727,0.823885525591635,0.163823151715282,0.00421940928270042,0.000550357732526142
163773.411807,2583866.126422,0.00695970695970696,0.0184981684981685,0.796886446886447,0.152747252747253,0.0247252747252747,0.000183150183150183
164273.411807,2583866.126422,0,0.00018348623853211,0.975596330275229,0.0238532110091743,0.00036697247706422,0
164773.411807,2583866.126422,0,0.0291689598238855,0.924784443221427,0.0350394423041644,0.0078884608328747,0.00311869381764814
165273.411807,2583866.126422,0,0.0113553113553114,0.945054945054945,0.0382783882783883,0.0032967032967033,0.00201465201465201
165773.411807,2583866.126422,0,0.00055045871559633,0.935412844036697,0.0640366972477064,0,0
166273.411807,2583866.126422,0.00880572372041827,0.230416437350945,0.463401210787012,0.135754907356448,0.0629242340854889,0.0986974866996881
166773.411807,2583866.126422,0.000732600732600733,0.183516483516484,0.421428571428571,0.238278388278388,0.060989010989011,0.0950549450549451
167273.411807,2583866.126422,0.00697247706422018,0.308256880733945,0.237247706422018,0.13302752293578,0.116146788990826,0.198348623853211
167773.411807,2583866.126422,0.00476976701522656,0.208402128049899,0.363052650889745,0.127132636213539,0.108053568152633,0.188589249678958
168273.411807,2583866.126422,0.0119047619047619,0.198351648351648,0.178937728937729,0.348901098901099,0.0965201465201465,0.165384615384615
168773.411807,2583866.126422,0.02,0.224403669724771,0.147522935779817,0.200733944954128,0.181100917431193,0.226238532110092
169273.411807,2583866.126422,0.0183452577508714,0.182168409466153,0.172995780590717,0.193909374426711,0.190607228031554,0.241973949733994
169773.411807,2583866.126422,0.0307692307692308,0.376190476190476,0.00805860805860806,0.126556776556777,0.138095238095238,0.32032967032967
170273.411807,2583866.126422,0.0436697247706422,0.321284403669725,0.00275229357798165,0.00862385321100917,0.0638532110091743,0.559816513761468
170773.411807,2583866.126422,0.0693450742982939,0.258851586864795,0,0.000366905155017428,0.0278847917813245,0.643551641900569
171273.411807,2583866.126422,0.0258241758241758,0.419230769230769,0,0.0186813186813187,0.0542124542124542,0.482051282051282
171773.411807,2583866.126422,0.0223853211009174,0.392844036697248,0,0.0620183486238532,0.031743119266055,0.491009174311927
172273.411807,2583866.126422,0.0132085855806274,0.190056870299028,0,0.0662263804806457,0.0836543753439736,0.646853788295726
172773.411807,2583866.126422,0.0195970695970696,0.289010989010989,0,0.00311355311355311,0.0536630036630037,0.634615384615385
160773.411807,2583366.126422,0,0.101927353595256,0.668272794662713,0.209229058561898,0.00982209043736101,0.0107487027427724
161273.411807,2583366.126422,0.41007326007326,0.0613553113553114,0.252747252747253,0.00512820512820513,0.000915750915750916,0.26978021978022
161773.411807,2583366.126422,0.0126373626373626,0.185714285714286,0.663369963369963,0.021978021978022,0.0194139194139194,0.0968864468864469
162273.411807,2583366.126422,0,0.0337367070040337,0.898973230656399,0.0603226989365603,0.0044004400440044,0.00256692335900257
162773.411807,2583366.126422,0.00421245421245421,0.13021978021978,0.696520146520146,0.060989010989011,0.0139194139194139,0.0941391941391941
163273.411807,2583366.126422,0.00146520146520147,0.0824175824175824,0.748351648351648,0.128937728937729,0.0179487179487179,0.0208791208791209
163773.411807,2583366.126422,0.00385038503850385,0.0227356068940227,0.826182618261826,0.117895122845618,0.0236523652365237,0.00568390172350568
164273.411807,2583366.126422,0,0.00531135531135531,0.912454212454212,0.0774725274725275,0.00311355311355311,0.00164835164835165
164773.411807,2583366.126422,0,0.0148351648351648,0.941758241758242,0.0336996336996337,0.00934065934065934,0.000366300366300366
165273.411807,2583366.126422,0,0.0022002200220022,0.984048404840484,0.0121012101210121,0.00165016501650165,0
165773.411807,2583366.126422,0,0.00970695970695971,0.96043956043956,0.0272893772893773,0.0010989010989011,0.00146520146520147
166273.411807,2583366.126422,0.0472527472527473,0.166849816849817,0.457875457875458,0.163919413919414,0.0298534798534799,0.134249084249084
166773.411807,2583366.126422,0,0.0438210487715438,0.791712504583792,0.120828749541621,0.0295196186285295,0.0141180784745141
167273.411807,2583366.126422,0.000366300366300366,0.205311355311355,0.424908424908425,0.266666666666667,0.0725274725274725,0.0302197802197802
167773.411807,2583366.126422,0.00164835164835165,0.174175824175824,0.384981684981685,0.264468864468864,0.0860805860805861,0.0886446886446886
168273.411807,2583366.126422,0.000733406674000733,0.152548588192153,0.335350201686835,0.325449211587825,0.12009534286762,0.0658232489915658
168773.411807,2583366.126422,0.00604395604395604,0.175824175824176,0.203479853479853,0.34010989010989,0.134065934065934,0.14047619047619
169273.411807,2583366.126422,0.0113553113553114,0.120695970695971,0.331868131868132,0.263369963369963,0.166483516483516,0.106227106227106
169773.411807,2583366.126422,0.00825082508250825,0.495232856618995,0.0779244591125779,0.0403373670700403,0.0936927026035937,0.284561789512285
170273.411807,2583366.126422,0.0395604395604396,0.556043956043956,0.000732600732600733,0.00347985347985348,0.0481684981684982,0.352014652014652
170773.411807,2583366.126422,0.0415750915750916,0.357326007326007,0.0122710622710623,0.028021978021978,0.0935897435897436,0.467216117216117
171273.411807,2583366.126422,0.0535386872020535,0.280528052805281,0.0663733039970664,0.07004033736707,0.0885588558855886,0.440960762742941
171773.411807,2583366.126422,0.105677655677656,0.138644688644689,0,0.0461538461538462,0.05,0.65952380952381
172273.411807,2583366.126422,0.0382783882783883,0.128937728937729,0,0.00164835164835165,0.0144688644688645,0.816666666666667
172773.411807,2583366.126422,0.0185185185185185,0.325449211587825,0,0.00146681334800147,0.0346534653465347,0.61991199119912
160773.411807,2582866.126422,0.126296296296296,0.0981481481481482,0.625185185185185,0.0725925925925926,0.015,0.0627777777777778
161273.411807,2582866.126422,0.244265002752799,0.080932281152505,0.360066067168288,0.0133969535694623,0.00679023674068636,0.29454945861626
161773.411807,2582866.126422,0.0066018705299835,0.173482486704566,0.6398312855309,0.0231065468549422,0.0203557674674491,0.136622042912158
162273.411807,2582866.126422,0.00238226131574125,0.0960234561114165,0.812717610408649,0.0753161077515118,0.0053142752428074,0.00824628916987356
162773.411807,2582866.126422,0.00660671682877592,0.148100568911727,0.705817581207561,0.046063497889521,0.0183519911910442,0.0750596439713709
163273.411807,2582866.126422,0,0.0454795525398863,0.836970474967908,0.0997615991197506,0.010819732257473,0.00696864111498258
163773.411807,2582866.126422,0.000916254352208173,0.0601062855048561,0.745281290086128,0.130291368884002,0.053142752428074,0.0102620487447315
164273.411807,2582866.126422,0.0012846393833731,0.0442282987704166,0.798128096898513,0.129748577720683,0.0234905487245366,0.00311983850247752
164773.411807,2582866.126422,0,0.00165046763249587,0.849807445442875,0.140839904639648,0.00770218228498074,0
165273.411807,2582866.126422,0,0.0267546270844787,0.936778449697636,0.0339014110317024,0.00201575957485798,0.000549752611324904
165773.411807,2582866.126422,0.00330335841438796,0.11635162415122,0.712424298036337,0.0785465222976693,0.0260598274912828,0.0633143696091026
166273.411807,2582866.126422,0.00880249403997799,0.0863744727672841,0.494773519163763,0.334861544104163,0.0232899321474418,0.0518980377773703
166773.411807,2582866.126422,0,0.0159428257284222,0.792743265530511,0.178852849551035,0.00824628916987356,0.0042147700201576
167273.411807,2582866.126422,0.00440447788585061,0.201871903101487,0.428518994310883,0.130115617544504,0.0712057258212516,0.163883281336025
167773.411807,2582866.126422,0.0234733174399413,0.251788006601871,0.332844305886668,0.0762882816798093,0.075187969924812,0.240418118466899
168273.411807,2582866.126422,0.00256551218618288,0.175554333883086,0.397287887117464,0.257100971229613,0.124244090159428,0.0432472054242258
168773.411807,2582866.126422,0.0368875022939989,0.12461002018719,0.198752064599009,0.287208662139842,0.191411268122591,0.161130482657368
169273.411807,2582866.126422,0.0242068586099395,0.231432239134421,0.0594168347698515,0.175499724922061,0.131670640014671,0.377773702549056
169773.411807,2582866.126422,0.0124610591900312,0.63789628000733,0.00128275609309144,0.0296866410115448,0.0487447315374748,0.269928532160528
170273.411807,2582866.126422,0.0392732611488346,0.580289961460818,0,0.0106441548908057,0.0427601394751331,0.327032483024408
170773.411807,2582866.126422,0.0478635613423803,0.233266092059417,0.000916926462497708,0.221162662754447,0.244452594901889,0.252338162479369
171273.411807,2582866.126422,0.015026571376214,0.585486531061023,0.0472787245739417,0.0175920835623969,0.0393989371449514,0.295217152281473
171773.411807,2582866.126422,0.0178014314553129,0.607083868599743,0,0.0047715177096715,0.0194531106625069,0.350890071572766
172273.411807,2582866.126422,0.0317256556024207,0.377223546671557,0,0.0403447643498991,0.0893086374472767,0.461397395928846
172773.411807,2582866.126422,0.0619387942092725,0.345611141652923,0,0.00329851566794942,0.0853949056258017,0.503756642844054
160773.411807,2582366.126422,0.151027207107163,0.0951323338885804,0.474181010549695,0.0668147325559874,0.0296131778641495,0.183231538034425
161273.411807,2582366.126422,0.104954128440367,0.123119266055046,0.585504587155963,0.0251376146788991,0.0291743119266055,0.132110091743119
161773.411807,2582366.126422,0.0425609979820216,0.142175747569253,0.602825169693634,0.0159603742432581,0.0291689598238855,0.167308750687947
162273.411807,2582366.126422,0.0250915750915751,0.145604395604396,0.716849816849817,0.0639194139194139,0.0282051282051282,0.0203296703296703
162773.411807,2582366.126422,0.00697247706422018,0.187889908256881,0.581651376146789,0.066605504587156,0.0541284403669725,0.102752293577982
163273.411807,2582366.126422,0,0.076316272243625,0.618968996514401,0.291506145661347,0.00807191341038342,0.00513667217024399
163773.411807,2582366.126422,0.0115384615384615,0.102014652014652,0.717948717948718,0.104212454212454,0.0509157509157509,0.0133699633699634
164273.411807,2582366.126422,0,0.0209174311926606,0.921467889908257,0.0510091743119266,0.00642201834862385,0.00018348623853211
164773.411807,2582366.126422,0,0.0605393505778756,0.739680792515135,0.182351862043662,0.010273344340488,0.00715465052283985
165273.411807,2582366.126422,0.03003663003663,0.0957875457875458,0.247985347985348,0.473809523809524,0.0877289377289377,0.0646520146520147
165773.411807,2582366.126422,0.00605504587155963,0.056697247706422,0.561284403669725,0.308073394495413,0.0365137614678899,0.0313761467889908
166273.411807,2582366.126422,0,0.0176114474408365,0.888827738029719,0.0779673454412034,0.00275178866263071,0.01284168042561
166773.411807,2582366.126422,0,0.0159340659340659,0.718131868131868,0.235531135531136,0.0252747252747253,0.00512820512820513
167273.411807,2582366.126422,0.0300917431192661,0.158165137614679,0.144587155963303,0.445871559633028,0.10697247706422,0.114311926605505
167773.411807,2582366.126422,0.0566868464501926,0.10988809392772,0.218492019812878,0.294624839478995,0.16969363419556,0.150614566134654
168273.411807,2582366.126422,0.00750915750915751,0.22032967032967,0.315567765567766,0.169413919413919,0.108241758241758,0.178937728937729
168773.411807,2582366.126422,0.031743119266055,0.228807339449541,0.110091743119266,0.0473394495412844,0.111192660550459,0.470825688073394
169273.411807,2582366.126422,0.0168776371308017,0.716932672904054,0,0.0216474041460283,0.0277013392038158,0.2168409466153
169773.411807,2582366.126422,0.00732600732600733,0.808424908424908,0.00384615384615385,0.00604395604395604,0.0141025641025641,0.16025641025641
170273.411807,2582366.126422,0.0148623853211009,0.799633027522936,0.0352293577981651,0.00495412844036697,0.0394495412844037,0.105871559633028
170773.411807,2582366.126422,0.0245826453861677,0.578976334617501,0.000733810310034856,0.0629242340854889,0.104017611447441,0.228765364153366
171273.411807,2582366.126422,0.0254578754578755,0.701831501831502,0,0.0108058608058608,0.0472527472527473,0.214652014652015
171773.411807,2582366.126422,0.0253211009174312,0.723302752293578,0,0.0104587155963303,0.0234862385321101,0.21743119266055
172273.411807,2582366.126422,0.0876903320491653,0.528893780957622,0,0.0618235186204366,0.0697119794533113,0.251880388919464
172773.411807,2582366.126422,0.0652014652014652,0.367948717948718,0,0.0919413919413919,0.107692307692308,0.367216117216117
160773.411807,2581866.126422,0.00778354336545589,0.0507783543365456,0.792624166048925,0.0858042994810971,0.02353595255745,0.0394736842105263
161273.411807,2581866.126422,0.0860805860805861,0.166483516483516,0.552564102564103,0.0456043956043956,0.0274725274725275,0.121794871794872
161773.411807,2581866.126422,0.0774725274725275,0.159157509157509,0.192857142857143,0.21025641025641,0.146153846153846,0.214102564102564
162273.411807,2581866.126422,0.0392372570590392,0.153281994866153,0.339200586725339,0.238173817381738,0.0993766043270994,0.130729739640631
162773.411807,2581866.126422,0.0032967032967033,0.196703296703297,0.598534798534799,0.0873626373626374,0.0327838827838828,0.0813186813186813
163273.411807,2581866.126422,0.00476190476190476,0.139010989010989,0.622527472527473,0.166849816849817,0.0452380952380952,0.0216117216117216
163773.411807,2581866.126422,0.0238357169050238,0.238357169050238,0.467363403006967,0.108360836083608,0.0735240190685735,0.0885588558855886
164273.411807,2581866.126422,0.0282051282051282,0.120512820512821,0.708241758241758,0.0875457875457875,0.0276556776556777,0.0278388278388278
164773.411807,2581866.126422,0.0139194139194139,0.100732600732601,0.70989010989011,0.117032967032967,0.0285714285714286,0.0298534798534799
165273.411807,2581866.126422,0.00788412174550788,0.0568390172350568,0.714338100476714,0.176751008434177,0.0225522552255226,0.0216354968830216
165773.411807,2581866.126422,0.000183150183150183,0.106227106227106,0.456227106227106,0.394139194139194,0.01996336996337,0.0232600732600733
166273.411807,2581866.126422,0.0010989010989011,0.0179487179487179,0.828205128205128,0.139010989010989,0.00824175824175824,0.00549450549450549
166773.411807,2581866.126422,0.0022002200220022,0.158415841584158,0.186651998533187,0.500366703337,0.0605060506050605,0.0918591859185919
167273.411807,2581866.126422,0.00641025641025641,0.117399267399267,0.377472527472527,0.383516483516484,0.0681318681318681,0.0470695970695971
167773.411807,2581866.126422,0.0518315018315018,0.0906593406593407,0.0945054945054945,0.456959706959707,0.214102564102564,0.0919413919413919
168273.411807,2581866.126422,0.00971763843050972,0.0830583058305831,0.15016501650165,0.283461679501283,0.118445177851118,0.355152181884855
168773.411807,2581866.126422,0.0177655677655678,0.117216117216117,0.139010989010989,0.215567765567766,0.133150183150183,0.377289377289377
169273.411807,2581866.126422,0.0128205128205128,0.19981684981685,0.171794871794872,0.120879120879121,0.126739926739927,0.367948717948718
169773.411807,2581866.126422,0.0143014301430143,0.358085808580858,0.0766409974330766,0.0676567656765677,0.0614228089475614,0.421892189218922
170273.411807,2581866.126422,0,0.816117216117216,0,0,0.00366300366300366,0.18021978021978
170773.411807,2581866.126422,0.026007326007326,0.665567765567766,0,0,0.00641025641025641,0.302014652014652
171273.411807,2581866.126422,0.0143014301430143,0.641547488082142,0,0.00055005500550055,0.0357535753575358,0.307847451411808
171773.411807,2581866.126422,0.0282051282051282,0.749267399267399,0,0.00586080586080586,0.0551282051282051,0.161538461538462
172273.411807,2581866.126422,0.0305860805860806,0.414102564102564,0,0.123992673992674,0.131135531135531,0.30018315018315
172773.411807,2581866.126422,0.0520718738540521,0.0575724239090576,0,0.497066373303997,0.227172717271727,0.166116611661166
160773.411807,2581366.126422,0.00962962962962963,0.146111111111111,0.691851851851852,0.0366666666666667,0.0159259259259259,0.0998148148148148
161273.411807,2581366.126422,0.0100935951550743,0.158744723802533,0.730592769315471,0.0356028629106258,0.0113782345384474,0.0535878142778491
161773.411807,2581366.126422,0.114065651934715,0.0775719787273061,0.251421236016871,0.0454795525398863,0.0652851641298368,0.446176416651385
162273.411807,2581366.126422,0.0161260765988638,0.197544438336082,0.309327469305479,0.129375114531794,0.0661535642294301,0.281473336998351
162773.411807,2581366.126422,0.00789135621214902,0.14956872820701,0.640668012479354,0.0445953385942375,0.079647641769132,0.0776289227381171
163273.411807,2581366.126422,0.00550155877498625,0.166513845589584,0.684577296900789,0.0669356317623327,0.0161379057399597,0.0603337612323492
163773.411807,2581366.126422,0.0485614806670332,0.247388675096207,0.424225765072384,0.0918086860912589,0.0659703133589885,0.122045079714129
164273.411807,2581366.126422,0.10387227014131,0.174894476050652,0.183886951734263,0.217287575701964,0.13268489631125,0.187373830060562
164773.411807,2581366.126422,0.00898587933247754,0.205758298184486,0.535668439391161,0.158078122134605,0.011186502842472,0.0803227581147992
165273.411807,2581366.126422,0,0.0885101704233095,0.671064687557266,0.223749312809236,0.011544804837823,0.00513102437236577
165773.411807,2581366.126422,0.00275279867865663,0.0658836483758488,0.668746559001652,0.225362451826023,0.022389429253074,0.0148651128647458
166273.411807,2581366.126422,0.0053181734824867,0.101228681459747,0.702549055565744,0.110397946084724,0.0344764349899138,0.0460297084173849
166773.411807,2581366.126422,0.000916254352208173,0.135972145867693,0.55488363569727,0.146783947223749,0.0775151181968114,0.0839288986622686
167273.411807,2581366.126422,0.00110111947146265,0.147917048999816,0.432739952284823,0.305193613507066,0.0721233253808038,0.0409249403560286
167773.411807,2581366.126422,0.0102695763799743,0.125252154777187,0.490005501558775,0.158261507427104,0.135338345864662,0.0808729139922978
168273.411807,2581366.126422,0.000916254352208173,0.139637163276526,0.336265347260399,0.387209089243174,0.112516034451164,0.0234561114165292
168773.411807,2581366.126422,0.00146815929528354,0.105156909524683,0.458616259864195,0.314553129014498,0.0917599559552211,0.0284455863461186
169273.411807,2581366.126422,0.000366770584999083,0.11589950485971,0.478268842838804,0.229415000916926,0.135705116449661,0.0403447643498991
169773.411807,2581366.126422,0.00714678394722375,0.102253985706432,0.485981308411215,0.166575041231446,0.160161260765989,0.0778816199376947
170273.411807,2581366.126422,0.0669847678473114,0.264635712974858,0.0440447788585061,0.0647825289043861,0.169021838869517,0.390530372545421
170773.411807,2581366.126422,0.0181551439574546,0.830001833852925,0,0.00898587933247754,0.0295250320924262,0.113332110764717
171273.411807,2581366.126422,0.0355506688656771,0.505222649807587,0,0.133223382811068,0.148982957669049,0.177020340846619
171773.411807,2581366.126422,0.0411084602679391,0.468342815195449,0.0322995044962378,0.0853367590383557,0.168654799045696,0.204257661956322
172273.411807,2581366.126422,0.0583165230148542,0.514762516046213,0,0.0960938932697598,0.11204841371722,0.218778653951953
172773.411807,2581366.126422,0.0604727872457394,0.470221733553234,0,0.185449880886934,0.14238592633315,0.141469671980942
160773.411807,2580866.126422,0.00980936516749954,0.162687395891172,0.680732926152138,0.0446048491578753,0.0242457893762724,0.0779196742550435
161273.411807,2580866.126422,0.011743119266055,0.15394495412844,0.607339449541284,0.00422018348623853,0.0319266055045872,0.190825688073395
161773.411807,2580866.126422,0.0271509814712897,0.177031737295909,0.507246376811594,0.0480645753072831,0.0372408732342689,0.203265455879655
162273.411807,2580866.126422,0.0384615384615385,0.186630036630037,0.31996336996337,0.0824175824175824,0.128754578754579,0.243772893772894
162773.411807,2580866.126422,0.00293577981651376,0.191926605504587,0.56954128440367,0.0954128440366973,0.0462385321100917,0.0939449541284404
163273.411807,2580866.126422,0.001284168042561,0.244909190974133,0.554210236653825,0.093010456796918,0.0394423041643735,0.0671436433681893
163773.411807,2580866.126422,0.0716117216117216,0.238827838827839,0.191025641025641,0.223260073260073,0.0686813186813187,0.206593406593407
164273.411807,2580866.126422,0.0321100917431193,0.0788990825688073,0.0761467889908257,0.515779816513761,0.113577981651376,0.18348623853211
164773.411807,2580866.126422,0.000366905155017428,0.201797835259585,0.462483947899468,0.263254448725005,0.0355898000366905,0.0365070629242341
165273.411807,2580866.126422,0.00604395604395604,0.0794871794871795,0.747985347985348,0.0470695970695971,0.0153846153846154,0.104029304029304
165773.411807,2580866.126422,0,0.0473394495412844,0.804036697247706,0.118532110091743,0.00935779816513761,0.0207339449541284
166273.411807,2580866.126422,0,0.0486149330398092,0.83452577508714,0.0926435516419006,0.0190790680609063,0.00513667217024399
166773.411807,2580866.126422,0,0.0357142857142857,0.669047619047619,0.232051282051282,0.0282051282051282,0.034981684981685
167273.411807,2580866.126422,0.0036697247706422,0.19394495412844,0.0559633027522936,0.593211009174312,0.104403669724771,0.0488073394495413
167773.411807,2580866.126422,0.00330214639515685,0.159236837277564,0.446890478811227,0.20546688680976,0.138139790864062,0.0469638598422308
168273.411807,2580866.126422,0.00238095238095238,0.0891941391941392,0.591391941391941,0.236263736263736,0.0705128205128205,0.0102564102564103
168773.411807,2580866.126422,0.0018348623853211,0.0655045871559633,0.568073394495413,0.278348623853211,0.0706422018348624,0.0155963302752294
169273.411807,2580866.126422,0.0132085855806274,0.132452760961291,0.426160337552743,0.121078701155751,0.212071179600073,0.0950284351495139
169773.411807,2580866.126422,0.00347985347985348,0.328754578754579,0.145421245421245,0.132051282051282,0.0983516483516483,0.291941391941392
170273.411807,2580866.126422,0.0425688073394495,0.771926605504587,0,0.00146788990825688,0.0172477064220183,0.166788990825688
170773.411807,2580866.126422,0.01284168042561,0.635663181067694,0,0.0731975784259769,0.118877270225647,0.159420289855072
171273.411807,2580866.126422,0.0547619047619048,0.456410256410256,0,0.095970695970696,0.125091575091575,0.267765567765568
171773.411807,2580866.126422,0.0710091743119266,0.518165137614679,0,0.00770642201834862,0.0871559633027523,0.315963302752294
172273.411807,2580866.126422,0.00807191341038342,0.497339937626124,0,0.01284168042561,0.10420106402495,0.377545404512933
172773.411807,2580866.126422,0.00879120879120879,0.398534798534799,0,0.0115384615384615,0.0721611721611722,0.508974358974359
160773.411807,2580366.126422,0,0.0140845070422535,0.947368421052632,0.0303928836174944,0.0033358042994811,0.00481838398813936
161273.411807,2580366.126422,0.0010989010989011,0.113736263736264,0.750732600732601,0.0666666666666667,0.0126373626373626,0.0551282051282051
161773.411807,2580366.126422,0.00347985347985348,0.13974358974359,0.57985347985348,0.0851648351648352,0.0181318681318681,0.173626373626374
162273.411807,2580366.126422,0.00366703337000367,0.0779244591125779,0.561972863953062,0.15969930326366,0.0671067106710671,0.12962962962963
162773.411807,2580366.126422,0.0225274725274725,0.178571428571429,0.283516483516484,0.158791208791209,0.0956043956043956,0.260989010989011
163273.411807,2580366.126422,0.03003663003663,0.218681318681319,0.428205128205128,0.0283882783882784,0.043956043956044,0.250732600732601
163773.411807,2580366.126422,0.0414374770810414,0.203703703703704,0.365236523652365,0.116978364503117,0.0610561056105611,0.211587825449212
164273.411807,2580366.126422,0.0551282051282051,0.186263736263736,0.109157509157509,0.244871794871795,0.0970695970695971,0.307509157509158
164773.411807,2580366.126422,0.0454212454212454,0.095970695970696,0.286630036630037,0.32014652014652,0.0804029304029304,0.171428571428571
165273.411807,2580366.126422,0.00586725339200587,0.0737073707370737,0.737257059039237,0.01998533186652,0.0088008800880088,0.154382104877154
165773.411807,2580366.126422,0,0.0230769230769231,0.932600732600733,0.0401098901098901,0.00347985347985348,0.000732600732600733
166273.411807,2580366.126422,0.000915750915750916,0.105311355311355,0.68021978021978,0.183882783882784,0.0155677655677656,0.0141025641025641
166773.411807,2580366.126422,0.000916758342500917,0.0823248991565823,0.207554088742208,0.617161716171617,0.070957095709571,0.0210854418775211
167273.411807,2580366.126422,0.00384615384615385,0.165384615384615,0.215201465201465,0.501098901098901,0.0807692307692308,0.0336996336996337
167773.411807,2580366.126422,0.00274725274725275,0.109157509157509,0.470879120879121,0.312087912087912,0.0767399267399267,0.0283882783882784
168273.411807,2580366.126422,0.0128346167950128,0.122295562889622,0.462596259625963,0.214154748808214,0.101760176017602,0.0863586358635864
168773.411807,2580366.126422,0.00897435897435897,0.0906593406593407,0.437912087912088,0.268498168498168,0.113369963369963,0.0805860805860806
169273.411807,2580366.126422,0.00293040293040293,0.148901098901099,0.373443223443223,0.151282051282051,0.176007326007326,0.147435897435897
169773.411807,2580366.126422,0.0135680234690136,0.243857719105244,0.213421342134213,0.0434543454345435,0.17033370003667,0.315364869820315
170273.411807,2580366.126422,0.0399267399267399,0.695604395604396,0.000366300366300366,0.0183150183150183,0.036996336996337,0.208791208791209
170773.411807,2580366.126422,0.00824175824175824,0.785714285714286,0,0.00714285714285714,0.0217948717948718,0.177106227106227
171273.411807,2580366.126422,0.0632563256325633,0.478914558122479,0.128162816281628,0.0236523652365237,0.101393472680601,0.204620462046205
171773.411807,2580366.126422,0.00293040293040293,0.624542124542125,0.141208791208791,0.0128205128205128,0.0664835164835165,0.152014652014652
172273.411807,2580366.126422,0.0135531135531136,0.533333333333333,0.104578754578755,0.0289377289377289,0.0673992673992674,0.252197802197802
172773.411807,2580366.126422,0.0511551155115512,0.483314998166483,0.0412541254125413,0.0335533553355336,0.0630729739640631,0.327649431609828
160773.411807,2579866.126422,0.0288888888888889,0.154814814814815,0.577407407407407,0.0509259259259259,0.0401851851851852,0.147777777777778
161273.411807,2579866.126422,0.0154156726004772,0.187373830060562,0.455863461185539,0.0633143696091026,0.0431271792989539,0.234905487245366
161773.411807,2579866.126422,0.00495140289748762,0.191087474784522,0.427471116816431,0.210159545204475,0.0630845406198423,0.103245919677242
162273.411807,2579866.126422,0.0102620487447315,0.139637163276526,0.49660985889683,0.124977093641195,0.0663368150998717,0.162177020340847
162773.411807,2579866.126422,0,0.0644154890805652,0.779042026059828,0.0787300422095797,0.0368875022939989,0.0409249403560286
163273.411807,2579866.126422,0.0364936732074088,0.156427654502109,0.426920960938933,0.121217678342197,0.0955437373922611,0.163396295617092
