"x","y","forest","agri","water","built","other","grass"
244773.411807,2751866.126422,0.413936557462299,0.0751430057202288,0.103224128965159,0.22516900676027,0.0093603744149766,0.173166926677067
245273.411807,2751866.126422,0.253778009379885,0.181344450234497,0.00260552371026576,0.121938509640438,0.0779051589369463,0.362428348097968
245773.411807,2751866.126422,0.2756376887038,0.189224362311296,0,0.0799062988027069,0.136127017178553,0.319104633003644
246273.411807,2751866.126422,0.700208008320333,0.0202808112324493,0,0.00832033281331253,0.0387415496619865,0.232449297971919
246773.411807,2751866.126422,0.783480979676915,0.000521104742053153,0,0,0.00260552371026576,0.213392391870766
247273.411807,2751866.126422,0.744403956272775,0.0062467464862051,0,0.0286309213951067,0.0572618427902134,0.1634565330557
247773.411807,2751866.126422,0.644565782631305,0.00676027041081643,0,0.0187207488299532,0.031201248049922,0.298751950078003
248273.411807,2751866.126422,0.659718603439291,0.0166753517457009,0,0.0450755601875977,0.0943199583116206,0.184210526315789
248773.411807,2751866.126422,0.237376366475794,0.086153045288912,0,0.271993753253514,0.084070796460177,0.320406038521603
249273.411807,2751866.126422,0.179407176287051,0.0527821112844514,0.00286011440457618,0.335933437337493,0.0574622984919397,0.371554862194488
249773.411807,2751866.126422,0.0397035468501853,0.0624669137109582,0.00105876124933827,0.75145579671784,0.0659078877713076,0.0794070937003706
244273.411807,2751366.126422,0.0712454212454212,0.0183150183150183,0.448351648351648,0.407875457875458,0.00457875457875458,0.0496336996336996
244773.411807,2751366.126422,0.40997433076641,0.137880454712138,0.149431609827649,0.0352035203520352,0.0245691235790246,0.242940960762743
245273.411807,2751366.126422,0.0924908424908425,0.595970695970696,0,0.133516483516484,0.0496336996336996,0.128388278388278
245773.411807,2751366.126422,0.0456043956043956,0.780952380952381,0,0.0327838827838828,0.028021978021978,0.112637362637363
246273.411807,2751366.126422,0.0581224789145581,0.767693436010268,0,0.0172350568390172,0.0410707737440411,0.115878254492116
246773.411807,2751366.126422,0.245970695970696,0.342673992673993,0,0.0155677655677656,0.0783882783882784,0.317399267399267
247273.411807,2751366.126422,0.675641025641026,0.0177655677655678,0,0,0.00146520146520147,0.305128205128205
247773.411807,2751366.126422,0.61037770443711,0.0146681334800147,0.00128346167950128,0.0315364869820315,0.0627062706270627,0.279427942794279
248273.411807,2751366.126422,0.526190476190476,0.0192307692307692,0,0.184798534798535,0.118864468864469,0.150915750915751
248773.411807,2751366.126422,0.286996336996337,0.0554945054945055,0.00146520146520147,0.235164835164835,0.125091575091575,0.295787545787546
249273.411807,2751366.126422,0.0366703337000367,0.068023469013568,0.000183351668500183,0.735056839017235,0.0672900623395673,0.0927759442610928
249773.411807,2751366.126422,0.0637273064097814,0.06428306780289,0.000741015190811412,0.809188588366062,0.0372360133382734,0.0248240088921823
243773.411807,2750866.126422,0,0.0260598274912828,0.721049733896128,0.24885300055056,0.00403743806202973,0
244273.411807,2750866.126422,0.319090408949202,0.159178433889602,0.263157894736842,0.102328993214744,0.00806895286997983,0.14817531633963
244773.411807,2750866.126422,0.231995601979109,0.306578706248855,0.0743998533993036,0.0863111599780099,0.0747663551401869,0.225948323254535
245273.411807,2750866.126422,0.117452743622683,0.596439713708937,0,0.119471462653698,0.0218388695173426,0.144797210497339
245773.411807,2750866.126422,0.0599669906473501,0.671740326425821,0,0.0447460113698881,0.0295250320924262,0.194021639464515
246273.411807,2750866.126422,0.107201759208356,0.65017408832692,0,0.0166758292101887,0.0295033901411032,0.196444933113432
246773.411807,2750866.126422,0.124793540099101,0.491833363919985,0,0.0528537346302074,0.0963479537529822,0.234171407597724
247273.411807,2750866.126422,0.141940216394645,0.365670273244086,0,0.00275077938749312,0.0209059233449477,0.468732807628828
247773.411807,2750866.126422,0.48653106102254,0.05717427157779,0,0.0108118013560564,0.0522264980758659,0.393256367967748
248273.411807,2750866.126422,0.407414204441182,0.0486327766562672,0.00146815929528354,0.29032850064232,0.084235639566893,0.167920719398055
248773.411807,2750866.126422,0.280762882816798,0.0651017788373372,0.0188886851274528,0.361819182101595,0.0964606638547588,0.176966807262058
249273.411807,2750866.126422,0.163459776433938,0.10317024005864,0,0.452079897379513,0.0852116547553601,0.196078431372549
249773.411807,2750866.126422,0.122657264798664,0.136945629987011,0.0293189831137502,0.424383002412321,0.119502690666172,0.167192429022082
243273.411807,2750366.126422,0,0.00805860805860806,0.764468864468864,0.227106227106227,0,0.000366300366300366
243773.411807,2750366.126422,0.191926605504587,0.21302752293578,0.189174311926605,0.142935779816514,0.0135779816513761,0.249357798165138
244273.411807,2750366.126422,0.14841313520455,0.204733076499725,0.394973399376261,0.0456796917996698,0.0434782608695652,0.162722436250229
244773.411807,2750366.126422,0.153113553113553,0.338278388278388,0.0871794871794872,0.165750915750916,0.0917582417582418,0.163919413919414
245273.411807,2750366.126422,0.125871559633028,0.394128440366972,0.0348623853211009,0.121651376146789,0.0910091743119266,0.232477064220183
245773.411807,2750366.126422,0.0884241423592002,0.518436984039626,0,0.148596587782058,0.0667767382131719,0.177765547605944
246273.411807,2750366.126422,0.115384615384615,0.415934065934066,0.000183150183150183,0.25989010989011,0.0912087912087912,0.117399267399267
246773.411807,2750366.126422,0.118899082568807,0.525504587155963,0,0.0201834862385321,0.0256880733944954,0.309724770642202
247273.411807,2750366.126422,0.0915428361768483,0.632177582095028,0,0.064758759860576,0.0851219959640433,0.126398825903504
247773.411807,2750366.126422,0.103479853479853,0.603663003663004,0,0.0470695970695971,0.0613553113553114,0.184432234432234
248273.411807,2750366.126422,0.313394495412844,0.399266055045872,0,0.0139449541284404,0.0546788990825688,0.218715596330275
248773.411807,2750366.126422,0.24674371674922,0.0262337185837461,0,0.113190240322877,0.186754723903871,0.427077600440286
249273.411807,2750366.126422,0.410989010989011,0.063003663003663,0,0.0423076923076923,0.126190476190476,0.357509157509158
249773.411807,2750366.126422,0.428756957328386,0.0699443413729128,0.102411873840445,0.00204081632653061,0.0192949907235622,0.377551020408163
243273.411807,2749866.126422,0,0.0165016501650165,0.247708104143748,0.725522552255226,0.00275027502750275,0.00751741840850752
243773.411807,2749866.126422,0.00952380952380952,0.0730769230769231,0.405311355311355,0.477838827838828,0.0139194139194139,0.0203296703296703
244273.411807,2749866.126422,0.104029304029304,0.0847985347985348,0.225091575091575,0.21996336996337,0.0822344322344322,0.283882783882784
244773.411807,2749866.126422,0.156032269893656,0.24019068573524,0.0540887422075541,0.106343967730106,0.0753575357535754,0.367986798679868
245273.411807,2749866.126422,0.0534798534798535,0.347802197802198,0.0946886446886447,0.15,0.0278388278388278,0.326190476190476
245773.411807,2749866.126422,0.0536630036630037,0.417216117216117,0.0278388278388278,0.0346153846153846,0.0514652014652015,0.415201465201465
246273.411807,2749866.126422,0.0878254492115878,0.154382104877154,0.0705903923725706,0.319031903190319,0.0704070407040704,0.297763109644298
246773.411807,2749866.126422,0.0531135531135531,0.283882783882784,0.103479853479853,0.0282051282051282,0.0241758241758242,0.507142857142857
247273.411807,2749866.126422,0.0478021978021978,0.303846153846154,0.0717948717948718,0.0137362637362637,0.0100732600732601,0.552747252747253
247773.411807,2749866.126422,0.085991932526586,0.314998166483315,0.0405207187385405,0.013017968463513,0.0339200586725339,0.511551155115512
248273.411807,2749866.126422,0.100549450549451,0.30018315018315,0.0388278388278388,0.00586080586080586,0.0043956043956044,0.55018315018315
248773.411807,2749866.126422,0.185897435897436,0.128205128205128,0.0247252747252747,0.0521978021978022,0.0772893772893773,0.531684981684982
249273.411807,2749866.126422,0.147598093142648,0.352768610194353,0.0278694536120279,0.0799413274660799,0.11954528786212,0.272277227722772
249773.411807,2749866.126422,0.137458317895517,0.529270100037051,0,0.0628010374212671,0.0822526861800667,0.188217858466099
241273.411807,2749366.126422,0,0.004401247019989,0.577113515496057,0.418485237483954,0,0
242273.411807,2749366.126422,0.00770783630023858,0.209212699577904,0.275279867865663,0.491282804184254,0.0034868783262984,0.0130299137456414
243773.411807,2749366.126422,0.0629473297852817,0.0939621948981464,0.370343182235273,0.277115066984768,0.0240411084602679,0.171591117636264
244273.411807,2749366.126422,0.126535851824684,0.299284797359252,0.0150375939849624,0.099211443242252,0.0887584815697781,0.371171832019072
244773.411807,2749366.126422,0.187465640461792,0.291002382261316,0,0.0945574491478835,0.14018691588785,0.286787612241158
245273.411807,2749366.126422,0.0956138741053404,0.466324096164434,0,0.0293631859056708,0.0535878142778491,0.355111029546706
245773.411807,2749366.126422,0.148908857509628,0.113332110764717,0.121584448927196,0.126902622409683,0.0838070786722905,0.405464881716486
246273.411807,2749366.126422,0.0874106652006597,0.375114531794026,0.121861828843687,0.00494777350192413,0.0128275609309144,0.397837639728789
246773.411807,2749366.126422,0.0653330886401175,0.737566525968067,0,0.00734079647641769,0.0104606349788952,0.179298953936502
247273.411807,2749366.126422,0.116633046029708,0.566660553823583,0,0.0253071703649367,0.0566660553823583,0.234733174399413
247773.411807,2749366.126422,0.155396738134506,0.544621586952538,0,0.00879604178119846,0.0293201392706615,0.261865493861096
248273.411807,2749366.126422,0.127362818865847,0.424848596072674,0,0.0625802899614608,0.0761607634428336,0.309047531657185
248773.411807,2749366.126422,0.0702365670273244,0.633596185585916,0,0.0685860993948285,0.0370438290849074,0.190537318907024
249273.411807,2749366.126422,0.126809602345611,0.396921385376581,0.00769653655854865,0.0965732087227414,0.113065787062489,0.25893347993403
249773.411807,2749366.126422,0.069771757283355,0.355910187418816,0.0300612358508072,0.116719242902208,0.0712562627574689,0.356281313787345
242773.411807,2748866.126422,0.164740414602825,0.0864061640066043,0.0489818381948266,0.469088240689782,0.0709961474958723,0.15978719501009
243773.411807,2748866.126422,0.0673394495412844,0.0743119266055046,0.25651376146789,0.421467889908257,0.0188990825688073,0.161467889908257
244273.411807,2748866.126422,0.0898917629792699,0.136855622821501,0.06989543203082,0.299394606494221,0.0557695835626491,0.348192992111539
244773.411807,2748866.126422,0.1,0.448168498168498,0.021978021978022,0.0549450549450549,0.0727106227106227,0.302197802197802
245273.411807,2748866.126422,0.0834862385321101,0.446605504587156,0,0.0387155963302752,0.0458715596330275,0.385321100917431
245773.411807,2748866.126422,0.075032104201064,0.482663731425427,0,0.0475142175747569,0.0759493670886076,0.318840579710145
246273.411807,2748866.126422,0.097985347985348,0.54047619047619,0,0.0164835164835165,0.0217948717948718,0.323260073260073
246773.411807,2748866.126422,0.165688073394495,0.511376146788991,0,0.0205504587155963,0.026605504587156,0.275779816513761
247273.411807,2748866.126422,0.12272977435333,0.586681342872867,0,0.0332049165290772,0.030820033021464,0.226563933223262
247773.411807,2748866.126422,0.126923076923077,0.529487179487179,0,0.0324175824175824,0.0619047619047619,0.249267399267399
248273.411807,2748866.126422,0.135596330275229,0.415596330275229,0,0.0662385321100917,0.119633027522936,0.262935779816514
248773.411807,2748866.126422,0.0924600990643919,0.454045129334067,0,0.0820033021463952,0.0941111722619703,0.277380297193176
249273.411807,2748866.126422,0.151282051282051,0.534065934065934,0.00750915750915751,0.0494505494505494,0.0353479853479853,0.222344322344322
249773.411807,2748866.126422,0.143970315398887,0.407050092764378,0,0.110204081632653,0.0871985157699443,0.251576994434137
242273.411807,2748366.126422,0.466483516483516,0.0721611721611722,0,0.102380952380952,0.0468864468864469,0.312087912087912
242773.411807,2748366.126422,0.107692307692308,0.133882783882784,0.00512820512820513,0.504029304029304,0.112454212454212,0.136813186813187
243273.411807,2748366.126422,0.0628896222955629,0.207370737073707,0.0011001100110011,0.51961862852952,0.0713237990465713,0.137697103043638
243773.411807,2748366.126422,0.100732600732601,0.213736263736264,0.251831501831502,0.230586080586081,0.0252747252747253,0.177838827838828
244273.411807,2748366.126422,0.0802197802197802,0.0950549450549451,0.300732600732601,0.282051282051282,0.0642857142857143,0.177655677655678
244773.411807,2748366.126422,0.0971763843050972,0.291345801246791,0.00238357169050238,0.203337000366703,0.0841584158415842,0.321598826549322
245273.411807,2748366.126422,0.165567765567766,0.373809523809524,0,0.119230769230769,0.114835164835165,0.226556776556777
245773.411807,2748366.126422,0.117216117216117,0.473260073260073,0.000183150183150183,0.133150183150183,0.0763736263736264,0.19981684981685
246273.411807,2748366.126422,0.124129079574624,0.323065639897323,0,0.205170517051705,0.0962596259625963,0.251375137513751
246773.411807,2748366.126422,0.130586080586081,0.374725274725275,0,0.186996336996337,0.100732600732601,0.206959706959707
247273.411807,2748366.126422,0.0831501831501831,0.58956043956044,0,0.109157509157509,0.0509157509157509,0.167216117216117
247773.411807,2748366.126422,0.126879354602127,0.379354602126879,0,0.114594792812615,0.0583058305830583,0.320865419875321
248273.411807,2748366.126422,0.0965201465201465,0.567032967032967,0,0.10018315018315,0.0595238095238095,0.176739926739927
248773.411807,2748366.126422,0.104029304029304,0.355677655677656,0,0.163736263736264,0.147802197802198,0.228754578754579
249273.411807,2748366.126422,0.15034836817015,0.167400073340667,0.00275027502750275,0.209387605427209,0.155298863219655,0.314814814814815
249773.411807,2748366.126422,0.119118191922934,0.0685439051500556,0.000370507595405706,0.594294183030752,0.120044460911449,0.0976287513894035
241773.411807,2747866.126422,0.197727689206524,0.0392156862745098,0.162360271211288,0.234744365035734,0.0240058640278541,0.34194612424409
242273.411807,2747866.126422,0.163883281336025,0.529638465773536,0,0.00220223894292531,0.015782712424298,0.288493301523215
242773.411807,2747866.126422,0.100495140289749,0.437007152026407,0,0.27196038877682,0.0641848523748395,0.126352466532184
243273.411807,2747866.126422,0.0758658603628367,0.16034451163643,0,0.492028587135789,0.0776983690672531,0.194062671797691
243773.411807,2747866.126422,0.155257845476234,0.243897962928978,0,0.291429620113782,0.113048265736832,0.196366305744173
244273.411807,2747866.126422,0.145241151659637,0.268659453511828,0.0137538969374656,0.288831835686778,0.0856409315972859,0.197872730607005
244773.411807,2747866.126422,0.0940076965365585,0.190764156129742,0.327469305479201,0.126443100604728,0.00183250870441635,0.259483232545355
245273.411807,2747866.126422,0.0141310332171041,0.19086070838686,0.267755551477335,0.133786015782712,0.0167003119838502,0.376766379152138
245773.411807,2747866.126422,0.0509811113148725,0.47203374289382,0.0066018705299835,0.110581331377224,0.0133871263524665,0.346414817531634
246273.411807,2747866.126422,0.0335349092908191,0.747297049660986,0.00861279091075683,0.0042147700201576,0.00659703133589885,0.199743448781382
246773.411807,2747866.126422,0.0880895577170123,0.572215085336759,0,0.0256927876674619,0.0201871903101487,0.293815378968618
247273.411807,2747866.126422,0.075187969924812,0.605354850540987,0.00146708233999633,0.0605171465248487,0.0588666788923528,0.198606271777003
247773.411807,2747866.126422,0.0864944108484515,0.586586036283672,0.013560564412681,0.0227231079347627,0.0320689023272861,0.258566978193146
248273.411807,2747866.126422,0.100568911726922,0.543769498990641,0,0.138557533492384,0.07469260414755,0.142411451642503
248773.411807,2747866.126422,0.100495140289749,0.436640381441408,0,0.0982945167797543,0.0940766550522648,0.270493306436824
249273.411807,2747866.126422,0.120212571009712,0.547370350009163,0,0.0203408466190214,0.051126992853216,0.260949239508888
249773.411807,2747866.126422,0.0818333642605307,0.109482278715903,0.00630914826498423,0.514752273149007,0.113379105585452,0.174243830024123
241773.411807,2747366.126422,0.214102564102564,0.378754578754579,0.000549450549450549,0.133150183150183,0.0419413919413919,0.231501831501832
242273.411807,2747366.126422,0.0530275229357798,0.688990825688073,0,0.00293577981651376,0.0111926605504587,0.243853211009174
242773.411807,2747366.126422,0.100898917629793,0.217574756925335,0,0.353329664281783,0.117960007338103,0.210236653824986
243273.411807,2747366.126422,0.118315018315018,0.269413919413919,0,0.0155677655677656,0.0377289377289377,0.558974358974359
243773.411807,2747366.126422,0.12,0.326788990825688,0,0.0122935779816514,0.0629357798165138,0.477981651376147
244273.411807,2747366.126422,0.162172078517703,0.21830856723537,0,0.165657677490369,0.0719134103834159,0.381948266373143
244773.411807,2747366.126422,0.128205128205128,0.257326007326007,0,0.197619047619048,0.133516483516484,0.283333333333333
245273.411807,2747366.126422,0.051743119266055,0.406238532110092,0.117064220183486,0.126238532110092,0.0504587155963303,0.248256880733945
245773.411807,2747366.126422,0.00421940928270042,0.172995780590717,0.181251146578609,0.00366905155017428,0.00623738763529628,0.631627224362502
246273.411807,2747366.126422,0.0247252747252747,0.529304029304029,0,0.010989010989011,0.00293040293040293,0.432051282051282
246773.411807,2747366.126422,0.100183486238532,0.714311926605505,0,0.00917431192660551,0.0211009174311927,0.155229357798165
247273.411807,2747366.126422,0.106219042377545,0.560080719134104,0.00366905155017428,0.0625573289304715,0.0579710144927536,0.209502843514951
247773.411807,2747366.126422,0.067032967032967,0.575457875457875,0.0032967032967033,0.0126373626373626,0.0221611721611722,0.319413919413919
248273.411807,2747366.126422,0.137981651376147,0.514678899082569,0,0.141834862385321,0.0899082568807339,0.115596330275229
248773.411807,2747366.126422,0.0838378279214823,0.529994496422675,0,0.0931939093744267,0.0810860392588516,0.211887727022565
249273.411807,2747366.126422,0.0913919413919414,0.382234432234432,0.00659340659340659,0.133699633699634,0.0963369963369963,0.28974358974359
249773.411807,2747366.126422,0.0705009276437848,0.257328385899814,0.0196660482374768,0.261410018552876,0.100371057513915,0.290723562152134
241273.411807,2746866.126422,0.18956043956044,0.389194139194139,0.00659340659340659,0.214468864468864,0.0496336996336996,0.150549450549451
241773.411807,2746866.126422,0.130546387972131,0.51998533186652,0.0100843417675101,0.0177851118445178,0.0201686835350202,0.301430143014301
242273.411807,2746866.126422,0.0721611721611722,0.581135531135531,0,0.00989010989010989,0.0223443223443223,0.314468864468864
242773.411807,2746866.126422,0.110989010989011,0.358241758241758,0,0.171062271062271,0.123260073260073,0.236446886446886
243273.411807,2746866.126422,0.139163916391639,0.0234690135680235,0,0.000366703337000367,0.00971763843050972,0.827282728272827
243773.411807,2746866.126422,0.118498168498168,0.019047619047619,0,0.101282051282051,0.12014652014652,0.641025641025641
244273.411807,2746866.126422,0.130769230769231,0.0296703296703297,0,0.0423076923076923,0.0443223443223443,0.752930402930403
244773.411807,2746866.126422,0.0456545654565457,0.404840484048405,0,0.138430509717638,0.044004400440044,0.367070040337367
245273.411807,2746866.126422,0.0197802197802198,0.166849816849817,0,0.261172161172161,0.107326007326007,0.444871794871795
245773.411807,2746866.126422,0.116849816849817,0.368131868131868,0.0152014652014652,0.143589743589744,0.107509157509158,0.248717948717949
246273.411807,2746866.126422,0.147781444811148,0.263109644297763,0.0495049504950495,0.108177484415108,0.0685735240190686,0.362852951961863
246773.411807,2746866.126422,0.0391941391941392,0.205860805860806,0.117582417582418,0.0249084249084249,0.0146520146520147,0.597802197802198
247273.411807,2746866.126422,0.0584249084249084,0.534065934065934,0.0631868131868132,0.00677655677655678,0.00128205128205128,0.336263736263736
247773.411807,2746866.126422,0.0672900623395673,0.753575357535754,0,0.00788412174550788,0.0117345067840117,0.15951595159516
248273.411807,2746866.126422,0.0783882783882784,0.535531135531136,0,0.0324175824175824,0.0734432234432234,0.28021978021978
248773.411807,2746866.126422,0.0527472527472527,0.663736263736264,0.0216117216117216,0.032051282051282,0.0652014652014652,0.164652014652015
249273.411807,2746866.126422,0.0894756142280895,0.625045837917125,0.0011001100110011,0.030986431976531,0.0423542354235424,0.211037770443711
249773.411807,2746866.126422,0.0720637273064098,0.272508336420897,0.000926268988514265,0.454242311967395,0.0659503519822156,0.134309003334568
241273.411807,2746366.126422,0.0889418668622776,0.554190353933614,0,0.070419952319824,0.0550155877498625,0.231432239134421
241773.411807,2746366.126422,0.144401685908008,0.519149715961151,0.00219901044529962,0.0469122228330585,0.0139270661535642,0.273410298698919
242273.411807,2746366.126422,0.134153055606533,0.460267939071389,0,0.00789135621214902,0.0484492567443568,0.349238392365572
242773.411807,2746366.126422,0.103796075554741,0.436456996148909,0,0.152393178067119,0.0973775903172566,0.209976159911975
243273.411807,2746366.126422,0.299248671431189,0.0652373098772219,0,0.0445299615173172,0.0795308777716694,0.511453179402602
243773.411807,2746366.126422,0.0211047898697009,0.0750596439713709,0,0.104606349788952,0.565608368507983,0.233620847861993
244273.411807,2746366.126422,0.00990280579497524,0.520447460113699,0,0.130020172382175,0.046396479002384,0.293233082706767
244773.411807,2746366.126422,0.0153930731170973,0.133956386292835,0,0.225032068902327,0.0564412680960235,0.569177203591717
245273.411807,2746366.126422,0.0884565975408332,0.263167553679574,0,0.233804367773903,0.0932281152505047,0.321343365755184
245773.411807,2746366.126422,0.116449660737209,0.304969741426738,0,0.273427471116816,0.112781954887218,0.192371171832019
246273.411807,2746366.126422,0.175371083012644,0.142752428074033,0,0.0916254352208173,0.152281473336998,0.437969580355507
246773.411807,2746366.126422,0.0945127546338778,0.117452743622683,0.00238575885483575,0.443200587263718,0.102037071022206,0.240411084602679
247273.411807,2746366.126422,0.114799193104713,0.0893086374472767,0.0317256556024207,0.58811663304603,0.0467632495873831,0.129286631212177
247773.411807,2746366.126422,0.101337731354224,0.204324720542423,0.0386659336631849,0.373648524830493,0.0386659336631849,0.243357155946491
248273.411807,2746366.126422,0.0928610754266838,0.270324830244081,0.0530372545421178,0.0849697192145348,0.0322995044962378,0.466507616076344
248773.411807,2746366.126422,0.0454795525398863,0.364203190904089,0.0981111314872547,0.0342930496974143,0.000366770584999083,0.457546304786356
249273.411807,2746366.126422,0.0357339197361187,0.252702950339014,0.0344511636430273,0.0395821880153931,0.0104452996151732,0.627084478651274
249773.411807,2746366.126422,0.1224717016144,0.109296715531639,0.0265355353497866,0.316756355539061,0.0966784190016701,0.328261272963444
240773.411807,2745866.126422,0.0781651376146789,0.460550458715596,0.0113761467889908,0.272844036697248,0.0387155963302752,0.138348623853211
241273.411807,2745866.126422,0.08273711245643,0.583012291322693,0,0.0579710144927536,0.0581544670702623,0.218125114657861
241773.411807,2745866.126422,0.0926739926739927,0.487912087912088,0.0183150183150183,0.0934065934065934,0.0435897435897436,0.264102564102564
242273.411807,2745866.126422,0.0807339449541284,0.352110091743119,0.00256880733944954,0.116697247706422,0.121284403669725,0.326605504587156
242773.411807,2745866.126422,0.09557879288204,0.475875986057604,0,0.145844799119428,0.117593102183086,0.165107319757843
243273.411807,2745866.126422,0.127655677655678,0.0717948717948718,0,0.164652014652015,0.176190476190476,0.45970695970696
243773.411807,2745866.126422,0.0176146788990826,0.0625688073394495,0,0.226605504587156,0.0910091743119266,0.602201834862385
244273.411807,2745866.126422,0.015410016510732,0.109521188772702,0,0.288754356998716,0.0497156485048615,0.536598789212988
244773.411807,2745866.126422,0.0357142857142857,0.0534798534798535,0,0.517765567765568,0.134981684981685,0.258058608058608
245273.411807,2745866.126422,0.214128440366972,0.147889908256881,0.00036697247706422,0.140733944954128,0.148073394495413,0.348807339449541
245773.411807,2745866.126422,0.126398825903504,0.1326362135388,0.000366905155017428,0.319390937442671,0.126215373325995,0.294991744634012
246273.411807,2745866.126422,0.143956043956044,0.136080586080586,0.00531135531135531,0.477472527472527,0.152197802197802,0.084981684981685
246773.411807,2745866.126422,0.133211009174312,0.0774311926605505,0.00440366972477064,0.554128440366973,0.0680733944954128,0.162752293577982
247273.411807,2745866.126422,0.0946615299944964,0.0504494588148963,0.00550357732526142,0.749587231700605,0.0695285268758026,0.0302696752889378
247773.411807,2745866.126422,0.0624542124542125,0.0989010989010989,0.00293040293040293,0.665201465201465,0.0606227106227106,0.10989010989011
248273.411807,2745866.126422,0.0840366972477064,0.435779816513761,0,0.141284403669725,0.0708256880733945,0.268073394495413
248773.411807,2745866.126422,0.141075032104201,0.194276279581728,0,0.077600440286186,0.123280132085856,0.463768115942029
249273.411807,2745866.126422,0.15,0.108058608058608,0,0.216666666666667,0.141208791208791,0.384065934065934
249773.411807,2745866.126422,0.112801484230056,0.149165120593692,0.0504638218923933,0.271428571428571,0.0853432282003711,0.330797773654917
240273.411807,2745366.126422,0,0,0,1,0,0
240773.411807,2745366.126422,0.133699633699634,0.304395604395604,0.0243589743589744,0.0945054945054945,0.0481684981684982,0.394871794871795
241273.411807,2745366.126422,0.06996336996337,0.655677655677656,0,0.00989010989010989,0.028021978021978,0.236446886446886
241773.411807,2745366.126422,0.0993766043270994,0.419141914191419,0.0161349468280161,0.136413641364136,0.092042537587092,0.236890355702237
242273.411807,2745366.126422,0.0831501831501831,0.35,0,0.263919413919414,0.108974358974359,0.193956043956044
242773.411807,2745366.126422,0.101282051282051,0.248717948717949,0,0.210622710622711,0.152930402930403,0.286446886446886
243273.411807,2745366.126422,0.00421708837550422,0.0958929226255959,0,0.0916758342500917,0.0214521452145215,0.786762009534287
243773.411807,2745366.126422,0.0179487179487179,0.106410256410256,0,0.216483516483516,0.0789377289377289,0.58021978021978
244273.411807,2745366.126422,0.141208791208791,0.0532967032967033,0,0.0573260073260073,0.0970695970695971,0.651098901098901
244773.411807,2745366.126422,0.228089475614228,0.0478547854785479,0,0.0352035203520352,0.104693802713605,0.584158415841584
245273.411807,2745366.126422,0.184432234432234,0.058974358974359,0,0.107692307692308,0.150915750915751,0.497985347985348
245773.411807,2745366.126422,0.0844322344322344,0.0388278388278388,0.00183150183150183,0.734615384615385,0.0617216117216117,0.0785714285714286
246273.411807,2745366.126422,0.066006600660066,0.0647231389805647,0.0144847818115145,0.757425742574257,0.0737073707370737,0.0236523652365237
246773.411807,2745366.126422,0.0985347985347985,0.0593406593406593,0.000732600732600733,0.717032967032967,0.0908424908424908,0.0335164835164835
247273.411807,2745366.126422,0.063003663003663,0.0357142857142857,0.00457875457875458,0.81007326007326,0.0635531135531135,0.0230769230769231
247773.411807,2745366.126422,0.0775577557755776,0.0436376971030436,0.0133846718005134,0.793546021268794,0.0601393472680601,0.0117345067840117
248273.411807,2745366.126422,0.105311355311355,0.153479853479853,0.0021978021978022,0.428021978021978,0.107692307692308,0.203296703296703
248773.411807,2745366.126422,0.106043956043956,0.241941391941392,0.000183150183150183,0.29981684981685,0.133150183150183,0.218864468864469
249273.411807,2745366.126422,0.0707737440410708,0.0914924825815915,0.000733406674000733,0.500733406674001,0.14008067473414,0.196186285295196
249773.411807,2745366.126422,0.0891070766950722,0.1363467951093,0,0.0757688032604668,0.0672471285661356,0.631530196369026
240273.411807,2744866.126422,0,0,0,1,0,0
240773.411807,2744866.126422,0.134520095430354,0.0812993209763259,0.289410901082767,0.271609469627455,0.0194531106625069,0.203707102220591
241273.411807,2744866.126422,0.22813130386943,0.0665688611773336,0.125435540069686,0.0423620025673941,0.0573995965523565,0.4801026957638
241773.411807,2744866.126422,0.133589884551952,0.24995418728239,0.042147700201576,0.182517866959868,0.107018508337915,0.2847718526663
242273.411807,2744866.126422,0.0411084602679391,0.412919801798495,0,0.150853367590384,0.0726738851165352,0.322444485226647
242773.411807,2744866.126422,0.00495140289748762,0.0401613790573996,0,0.133871263524665,0.161012286814597,0.66000366770585
243273.411807,2744866.126422,0.0148433205057724,0.0822796408282939,0,0.172439069085578,0.0674363203225215,0.663001649257834
243773.411807,2744866.126422,0.0623967700495504,0.440814828408882,0,0.0192695907505964,0.0354193429987154,0.442099467792255
244273.411807,2744866.126422,0.17183201907207,0.195672107097011,0,0.0416284613973959,0.0885750962772786,0.502292316156244
244773.411807,2744866.126422,0.0905259299981675,0.33296683159245,0,0.0267546270844787,0.0557082646142569,0.494044346710647
245273.411807,2744866.126422,0.0671682877592219,0.320425766195632,0.00110111947146265,0.405028445586346,0.0906588364837585,0.115617544503579
245773.411807,2744866.126422,0.0425453878598936,0.0322758114799193,0.00715202640748212,0.855675774802861,0.0473134054648817,0.0150375939849624
246273.411807,2744866.126422,0.0309693971046362,0.021073850100788,0.0053142752428074,0.924683892248488,0.0163093274693055,0.00164925783397471
246773.411807,2744866.126422,0.19911910442283,0.0974490732244448,0.00256927876674619,0.549458616259864,0.087538997981281,0.0638649293448339
247273.411807,2744866.126422,0.12415184302219,0.04401247019989,0.00898587933247754,0.725838987713185,0.0634513112048414,0.0335595085274161
247773.411807,2744866.126422,0.105185999633498,0.0315191497159611,0.00641378046545721,0.758108851017042,0.0582737768004398,0.0404984423676012
248273.411807,2744866.126422,0.135070655166086,0.0849697192145348,0.0266103872270141,0.582308680491833,0.0972655533125344,0.0737750045879978
248773.411807,2744866.126422,0.138272510544654,0.0878415551072804,0.00110031175499725,0.476985145791308,0.10012836970475,0.195672107097011
249273.411807,2744866.126422,0.106835257467473,0.278724573941726,0.000183250870441635,0.0339014110317024,0.0718343412131208,0.508521165475536
249773.411807,2744866.126422,0.123585080719985,0.20077936537391,0,0.0905548339209501,0.163666728521061,0.421413991464094
240273.411807,2744366.126422,0,0,0.0131868131868132,0.986813186813187,0,0
240773.411807,2744366.126422,0,0.0196330275229358,0.682752293577982,0.277981651376147,0.00385321100917431,0.0157798165137615
241273.411807,2744366.126422,0.0561364887176665,0.0876903320491653,0.0328380113740598,0.0557695835626491,0.0484314804623005,0.719134103834159
241773.411807,2744366.126422,0.131868131868132,0.0434065934065934,0.0738095238095238,0.453296703296703,0.100732600732601,0.196886446886447
242273.411807,2744366.126422,0.0647706422018349,0.141100917431193,0,0.285137614678899,0.0979816513761468,0.411009174311927
242773.411807,2744366.126422,0.0346725371491469,0.0858558062740782,0,0.347092276646487,0.112089524857824,0.420289855072464
243273.411807,2744366.126422,0.14010989010989,0.0956043956043956,0.000915750915750916,0.404029304029304,0.126556776556777,0.232783882783883
243773.411807,2744366.126422,0.0864220183486239,0.285871559633028,0.00018348623853211,0.22256880733945,0.147706422018349,0.257247706422018
244273.411807,2744366.126422,0.158136121812511,0.168959823885526,0,0.137222527976518,0.169326729040543,0.366354797284902
244773.411807,2744366.126422,0.138827838827839,0.106776556776557,0,0.287362637362637,0.117765567765568,0.349267399267399
245273.411807,2744366.126422,0.0875229357798165,0.259816513761468,0.00330275229357798,0.42605504587156,0.0930275229357798,0.130275229357798
245773.411807,2744366.126422,0.0869565217391304,0.0421940928270042,0.00091726288754357,0.694001100715465,0.103100348559897,0.0728306732709595
246273.411807,2744366.126422,0.0666666666666667,0.0241758241758242,0.00494505494505494,0.833150183150183,0.0457875457875458,0.0252747252747253
246773.411807,2744366.126422,0.118715596330275,0.0699082568807339,0.000917431192660551,0.740917431192661,0.0526605504587156,0.0168807339449541
247273.411807,2744366.126422,0.220143093010457,0.0592551825353146,0.0199963309484498,0.553292973766281,0.0709961474958723,0.076316272243625
247773.411807,2744366.126422,0.0745421245421245,0.0470695970695971,0.0287545787545788,0.762820512820513,0.0591575091575092,0.0276556776556777
248273.411807,2744366.126422,0.0458715596330275,0.0655045871559633,0.00385321100917431,0.796880733944954,0.0568807339449541,0.0310091743119266
248773.411807,2744366.126422,0.09557879288204,0.113924050632911,0.00642084021280499,0.422858191157586,0.0809025866813429,0.280315538433315
249273.411807,2744366.126422,0.118315018315018,0.113553113553114,0.0100732600732601,0.338827838827839,0.132417582417582,0.286813186813187
249773.411807,2744366.126422,0.105751391465677,0.165491651205937,0.000927643784786642,0.230241187384045,0.179035250463822,0.318552875695733
240273.411807,2743866.126422,0,0,0.0544554455445545,0.945544554455445,0,0
240773.411807,2743866.126422,0,0.00201465201465201,0.42014652014652,0.554945054945055,0.00402930402930403,0.0188644688644689
241273.411807,2743866.126422,0.00732600732600733,0.111538461538462,0.166666666666667,0.276556776556777,0.032051282051282,0.405860805860806
241773.411807,2743866.126422,0.103593692702604,0.181884855152182,0.026035936927026,0.132379904657132,0.0977264393105977,0.458379171250458
242273.411807,2743866.126422,0.0496336996336996,0.293406593406593,0.0283882783882784,0.0666666666666667,0.104395604395604,0.457509157509157
242773.411807,2743866.126422,0.095970695970696,0.22967032967033,0.0166666666666667,0.130952380952381,0.0705128205128205,0.456227106227106
243273.411807,2743866.126422,0.14979831316465,0.181518151815182,0,0.198753208654199,0.126879354602127,0.343050971763843
243773.411807,2743866.126422,0.0836996336996337,0.135164835164835,0.00238095238095238,0.13003663003663,0.0836996336996337,0.565018315018315
244273.411807,2743866.126422,0.0776556776556777,0.0835164835164835,0.0010989010989011,0.0992673992673993,0.115567765567766,0.622893772893773
244773.411807,2743866.126422,0.074990832416575,0.108360836083608,0.000916758342500917,0.532269893656032,0.129262926292629,0.154198753208654
245273.411807,2743866.126422,0.117948717948718,0.146153846153846,0.0108058608058608,0.454578754578755,0.0805860805860806,0.18992673992674
245773.411807,2743866.126422,0.0985347985347985,0.0463369963369963,0.00146520146520147,0.723443223443223,0.0785714285714286,0.0516483516483516
246273.411807,2743866.126422,0.0628896222955629,0.0119178584525119,0.000366703337000367,0.896222955628896,0.0251191785845251,0.00348368170150348
246773.411807,2743866.126422,0.0683150183150183,0.0238095238095238,0.000183150183150183,0.865750915750916,0.0315018315018315,0.0104395604395604
247273.411807,2743866.126422,0.0697802197802198,0.0344322344322344,0.0120879120879121,0.808424908424908,0.0604395604395604,0.0148351648351648
247773.411807,2743866.126422,0.307114044737807,0.0377704437110378,0.0185185185185185,0.514668133480015,0.0513384671800513,0.0705903923725706
248273.411807,2743866.126422,0.143040293040293,0.105494505494505,0.0117216117216117,0.512087912087912,0.0772893772893773,0.1503663003663
248773.411807,2743866.126422,0.136080586080586,0.0681318681318681,0.0223443223443223,0.625457875457875,0.0664835164835165,0.0815018315018315
249273.411807,2743866.126422,0.1004767143381,0.0786578657865787,0.059039237257059,0.582324899156582,0.0742574257425743,0.105243857719105
249773.411807,2743866.126422,0.210263060392738,0.0804001482030382,0.0187106335679881,0.43052982586143,0.145794738792145,0.11430159318266
239773.411807,2743366.126422,0,0,0,1,0,0
240273.411807,2743366.126422,0,0,0.365035733919736,0.634964266080264,0,0
240773.411807,2743366.126422,0,0.132317856487429,0.760139475133052,0.107542668379519,0,0
241273.411807,2743366.126422,0.0190720704199523,0.125985695947185,0.244452594901889,0.290482303319274,0.0247570144874381,0.295250320924262
241773.411807,2743366.126422,0.0665200659703134,0.298332417078981,0.00696353307678211,0.0874106652006597,0.0542422576507238,0.48653106102254
242273.411807,2743366.126422,0.109377867498624,0.1950816663608,0.00605615709304459,0.160212883097816,0.110846026793907,0.418425399155808
242773.411807,2743366.126422,0.106180084357235,0.533284430588667,0,0.0926095727122685,0.059600220062351,0.208325692279479
243273.411807,2743366.126422,0.0886934212937511,0.0883269195528679,0,0.400952904526297,0.140003665017409,0.282023089609676
243773.411807,2743366.126422,0.118370343182235,0.0812993209763259,0.00165167920719398,0.369976142411452,0.0957973940172509,0.332905120205542
244273.411807,2743366.126422,0.119750596002201,0.0797726022373006,0.00403447643498991,0.596552356501009,0.108564093159729,0.0913258756647717
244773.411807,2743366.126422,0.161260765988638,0.0723840938244457,0.00146600696353308,0.455378413047462,0.140553417628734,0.168957302547187
245273.411807,2743366.126422,0.109561387410534,0.0724903652046247,0.00587263718113415,0.715727656450725,0.0653330886401175,0.0310148651128647
245773.411807,2743366.126422,0.117366587199707,0.0981111314872547,0.0121034293049697,0.489088575096277,0.0938932697597653,0.189437007152026
246273.411807,2743366.126422,0.0597397837639729,0.0335349092908191,0.0207073483599047,0.814000366501741,0.0533260032985157,0.0186915887850467
246773.411807,2743366.126422,0.0671682877592219,0.0267939071389246,0.000734079647641769,0.847678473114333,0.0405579005322077,0.0170673518076711
247273.411807,2743366.126422,0.102879149092243,0.0372272143774069,0.000916926462497708,0.711168164313222,0.0770218228498075,0.070786722904823
247773.411807,2743366.126422,0.112882536192047,0.0324354040681693,0.00879604178119846,0.727322704782848,0.072200842954004,0.0463624702217336
248273.411807,2743366.126422,0.28225362451826,0.0491833363919985,0.00275279867865663,0.294916498440081,0.178748394200771,0.192145347770233
248773.411807,2743366.126422,0.411149825783972,0.0740876581698148,0.000733541169998166,0.17219878965707,0.179350816064552,0.162479369154594
249273.411807,2743366.126422,0.3811618105186,0.0852116547553601,0.0141103170240059,0.267729521715228,0.115814550119113,0.135972145867693
249773.411807,2743366.126422,0.272777880868436,0.0684728149935053,0.0207830766375951,0.47114492484691,0.0925960289478567,0.0742252737056968
239273.411807,2742866.126422,0,0,0.383119266055046,0.616880733944954,0,0
239773.411807,2742866.126422,0,0,0.19115758576408,0.80884241423592,0,0
240273.411807,2742866.126422,0,0,0.827289377289377,0.172710622710623,0,0
240773.411807,2742866.126422,0,0.0651376146788991,0.909724770642202,0.0251376146788991,0,0
241273.411807,2742866.126422,0.0500825536598789,0.129334067143643,0.392955421023665,0.33663547972849,0.0122913226930838,0.0787011557512383
241773.411807,2742866.126422,0.0600732600732601,0.285897435897436,0.0593406593406593,0.161538461538462,0.0862637362637363,0.346886446886447
242273.411807,2742866.126422,0.0847706422018349,0.0425688073394495,0,0.678348623853211,0.133394495412844,0.0609174311926605
242773.411807,2742866.126422,0.146395156851954,0.0480645753072831,0,0.297193175564117,0.143276463034306,0.365070629242341
243273.411807,2742866.126422,0.0465201465201465,0.0252747252747253,0.000732600732600733,0.839010989010989,0.0714285714285714,0.017032967032967
