"x","y","forest","agri","water","built","other","grass"
224773.411807,2682366.126422,0.529124236252546,0.0126272912423625,0,0.00183299389002037,0.0136456211812627,0.442769857433809
225273.411807,2682366.126422,0.481114778144481,0.00165016501650165,0,0.00165016501650165,0.0133846718005134,0.502200220022002
225773.411807,2682366.126422,0.746520146520147,0.00769230769230769,0,0.000366300366300366,0.00164835164835165,0.243772893772894
226273.411807,2682366.126422,0.772710622710623,0.00897435897435897,0,0.00183150183150183,0.00549450549450549,0.210989010989011
226773.411807,2682366.126422,0.503116978364503,0.00366703337000367,0,0.000733406674000733,0.00678401173450678,0.485698569856986
227273.411807,2682366.126422,0.448534798534799,0.0197802197802198,0,0.000732600732600733,0.00769230769230769,0.523260073260073
227773.411807,2682366.126422,0.282234432234432,0.0432234432234432,0,0.093040293040293,0.0401098901098901,0.541391941391941
228273.411807,2682366.126422,0.247341400806747,0.088008800880088,0,0.0584891822515585,0.07004033736707,0.536120278694536
228773.411807,2682366.126422,0.275641025641026,0.00586080586080586,0,0.0131868131868132,0.0186813186813187,0.686630036630037
229273.411807,2682366.126422,0.25,0.0401098901098901,0,0.000366300366300366,0.0155677655677656,0.693956043956044
229773.411807,2682366.126422,0.391089108910891,0.024019068573524,0.00146681334800147,0.00751741840850752,0.0194352768610194,0.556472313898057
230273.411807,2682366.126422,0.287179487179487,0.0296703296703297,0,0.032967032967033,0.0371794871794872,0.613003663003663
230773.411807,2682366.126422,0.115934065934066,0.0351648351648352,0.00750915750915751,0.292124542124542,0.0736263736263736,0.475641025641026
231273.411807,2682366.126422,0.376420975430876,0.022002200220022,0,0.0185185185185185,0.0223689035570224,0.560689402273561
231773.411807,2682366.126422,0.123992673992674,0.0408424908424908,0.00146520146520147,0.01996336996337,0.0322344322344322,0.781501831501832
232273.411807,2682366.126422,0.00402930402930403,0.225457875457875,0.0717948717948718,0.324725274725275,0.0324175824175824,0.341575091575092
232773.411807,2682366.126422,0.132929959662633,0.0573890722405574,0.00256692335900257,0.436010267693436,0.0885588558855886,0.282544921158783
233273.411807,2682366.126422,0.230769230769231,0.117948717948718,0,0.114468864468864,0.0758241758241758,0.460989010989011
233773.411807,2682366.126422,0.10018315018315,0.0701465201465201,0.00384615384615385,0.164835164835165,0.102930402930403,0.558058608058608
234273.411807,2682366.126422,0.160616061606161,0.048954895489549,0.00183351668500183,0.107260726072607,0.0740740740740741,0.607260726072607
234773.411807,2682366.126422,0.257875457875458,0.0906593406593407,0,0,0.00311355311355311,0.648351648351648
235273.411807,2682366.126422,0.269413919413919,0.00879120879120879,0,0.0010989010989011,0.00256410256410256,0.718131868131868
235773.411807,2682366.126422,0.584341767510084,0.0381371470480381,0,0,0.000183351668500183,0.377337733773377
236273.411807,2682366.126422,0.536813186813187,0.0468864468864469,0,0.000732600732600733,0.00311355311355311,0.412454212454212
236773.411807,2682366.126422,0.361904761904762,0.021978021978022,0,0.000915750915750916,0.00164835164835165,0.613553113553114
237273.411807,2682366.126422,0.364213197969543,0.105647208121827,0,0.000317258883248731,0.00253807106598985,0.527284263959391
224773.411807,2681866.126422,0.396491943707934,0.000203956761166633,0,0,0.00244748113399959,0.6008566183969
225273.411807,2681866.126422,0.620120945574491,0.0089792926516401,0,0.000366501740883269,0.00219901044529962,0.368334249587686
225773.411807,2681866.126422,0.478436410350523,0.0139475133051936,0,0.00201871903101487,0.0332171040557901,0.472380253257478
226273.411807,2681866.126422,0.541353383458647,0.0421786172748946,0,0.00128369704749679,0.0066018705299835,0.408582431688979
226773.411807,2681866.126422,0.715961150815466,0.0128275609309144,0,0,0,0.271211288253619
227273.411807,2681866.126422,0.585428518994311,0.0117452743622683,0,0,0.00201871903101487,0.400807487612406
227773.411807,2681866.126422,0.0403447643498991,0.0812396845772969,0,0.0623509994498441,0.0412616908123968,0.774802860810563
228273.411807,2681866.126422,0.112882536192047,0.0417811984606927,0.023089609675646,0.203958218801539,0.195162177020341,0.423126259849734
228773.411807,2681866.126422,0.423013396953569,0.0172508717195816,0.00385391815011929,0.00715727656450725,0.0141310332171041,0.534593503395118
229273.411807,2681866.126422,0.326792591234183,0.0496974142673758,0.00311754997249221,0.00348432055749129,0.0104529616724739,0.606455162295984
229773.411807,2681866.126422,0.390324354040682,0.023089609675646,0,0.00916254352208173,0.0109950522264981,0.566428440535093
230273.411807,2681866.126422,0.171774637548174,0.0618462103138191,0.00165167920719398,0.159111763626353,0.0581758120756102,0.547439897228849
230773.411807,2681866.126422,0.126902622409683,0.090408949202274,0.0022006235099945,0.213093709884467,0.105813313772235,0.461580781221346
231273.411807,2681866.126422,0.0778816199376947,0.0469122228330585,0.00256551218618288,0.0199743448781382,0.034084661902144,0.818581638262782
231773.411807,2681866.126422,0.210864378785098,0.0434942191227748,0.00440447788585061,0.00330335841438796,0.0113782345384474,0.726555331253441
232273.411807,2681866.126422,0.00385109114249037,0.223179900971942,0.0762882816798093,0.317073170731707,0.0390610673024023,0.340546488171649
232773.411807,2681866.126422,0.104636247022173,0.0454462158695254,0.000183250870441635,0.191863661352391,0.0577240241891149,0.600146600696353
233273.411807,2681866.126422,0.260781794824739,0.0899247568361167,0.0113782345384474,0.0978161130482657,0.0778124426500275,0.462286658102404
233773.411807,2681866.126422,0.410416284613974,0.10801393728223,0,0.0218228498074454,0.0177883733724555,0.441958554923895
234273.411807,2681866.126422,0.243173905076049,0.0938244456661169,0.000183250870441635,0.0698185816382628,0.0575407733186733,0.535459043430456
234773.411807,2681866.126422,0.0996513121673702,0.039823820884566,0,0.031932464672417,0.0412919801798495,0.787300422095797
235273.411807,2681866.126422,0.312305153126719,0.0333761232349166,0,0.000183385292499542,0.00165046763249587,0.652484870713369
235773.411807,2681866.126422,0.362470221733553,0.0793476269012278,0,0.000916254352208173,0.0047645226314825,0.552501374381528
236273.411807,2681866.126422,0.240961644338411,0.04147550009176,0,0.00293631859056708,0.0132134336575518,0.70141310332171
236773.411807,2681866.126422,0.279112415184302,0.0418118466898955,0,0.017604988079956,0.0304419585549239,0.631028791490922
237273.411807,2681866.126422,0.431154822335025,0.0225253807106599,0,0.00285532994923858,0.0101522842639594,0.533312182741117
224773.411807,2681366.126422,0.529879665510912,0.00713848664083214,0,0.000815827044666531,0.00815827044666531,0.454007750356924
225273.411807,2681366.126422,0.508608058608059,0.0228937728937729,0,0.00311355311355311,0.0153846153846154,0.45
225773.411807,2681366.126422,0.716146788990826,0.0113761467889908,0,0,0,0.272477064220183
226273.411807,2681366.126422,0.528526875802605,0.00953953403045313,0,0.000366905155017428,0.00440286186020914,0.457163823151715
226773.411807,2681366.126422,0.48021978021978,0.0188644688644689,0,0.00366300366300366,0.0128205128205128,0.484432234432234
227273.411807,2681366.126422,0.328073394495413,0.00788990825688073,0,0.00146788990825688,0.00513761467889908,0.657431192660551
227773.411807,2681366.126422,0.361951935424693,0.0288020546688681,0,0.00165107319757843,0.00165107319757843,0.605943863511282
228273.411807,2681366.126422,0.112454212454212,0.0413919413919414,0.000183150183150183,0.0489010989010989,0.0655677655677656,0.731501831501831
228773.411807,2681366.126422,0.503669724770642,0.0214678899082569,0,0.0106422018348624,0.0499082568807339,0.414311926605505
229273.411807,2681366.126422,0.367272060172445,0.0293524124013942,0.0341221794166208,0.00146762062006971,0.029535864978903,0.538249862410567
229773.411807,2681366.126422,0.252747252747253,0.034981684981685,0.000183150183150183,0.071978021978022,0.0327838827838828,0.607326007326007
230273.411807,2681366.126422,0.136330275229358,0.0620183486238532,0.00110091743119266,0.101100917431193,0.0893577981651376,0.610091743119266
230773.411807,2681366.126422,0.200513667217024,0.0539350577875619,0,0.0849385433865346,0.106219042377545,0.554393689231334
231273.411807,2681366.126422,0.236080586080586,0.0347985347985348,0,0.0406593406593407,0.0461538461538462,0.642307692307692
231773.411807,2681366.126422,0.13651376146789,0.183119266055046,0.0700917431192661,0.0541284403669725,0.00477064220183486,0.551376146788991
232273.411807,2681366.126422,0.000550357732526142,0.227664648688314,0,0.10842047330765,0.156668501192442,0.506696019079068
232773.411807,2681366.126422,0.0754578754578755,0.0368131868131868,0.00183150183150183,0.0254578754578755,0.0271062271062271,0.833333333333333
233273.411807,2681366.126422,0.126238532110092,0.0548623853211009,0.00036697247706422,0.209724770642202,0.123853211009174,0.484954128440367
233773.411807,2681366.126422,0.316822601357549,0.0632911392405063,0,0.001284168042561,0.00476976701522656,0.613832324344157
234273.411807,2681366.126422,0.442673992673993,0.0776556776556777,0,0.00146520146520147,0.00183150183150183,0.476373626373626
234773.411807,2681366.126422,0.163669724770642,0.046605504587156,0.00073394495412844,0.117798165137615,0.104587155963303,0.566605504587156
235273.411807,2681366.126422,0.232617868281049,0.0348559897266557,0.00201797835259585,0.0346725371491469,0.0517336268574573,0.644101999633095
235773.411807,2681366.126422,0.167216117216117,0.0424908424908425,0.000732600732600733,0.0155677655677656,0.0366300366300366,0.737362637362637
236273.411807,2681366.126422,0.506238532110092,0.0864220183486239,0,0.00165137614678899,0.0132110091743119,0.392477064220183
236773.411807,2681366.126422,0.629609246009906,0.060906255732893,0,0.000183452577508714,0.000183452577508714,0.309117593102183
237273.411807,2681366.126422,0.569118579581484,0.0719720989220038,0,0.00126823081800888,0.0015852885225111,0.356055802155992
224773.411807,2680866.126422,0.480448065173116,0.0136456211812627,0,0.00529531568228106,0.0185336048879837,0.482077393075356
225273.411807,2680866.126422,0.298313164649798,0.00128346167950128,0,0.00421708837550422,0.0181518151815182,0.678034470113678
225773.411807,2680866.126422,0.485164835164835,0.00750915750915751,0,0.00183150183150183,0.00970695970695971,0.495787545787546
226273.411807,2680866.126422,0.521428571428571,0.0227106227106227,0,0.000366300366300366,0.000732600732600733,0.454761904761905
226773.411807,2680866.126422,0.631829849651632,0.0843417675100843,0,0,0,0.283828382838284
227273.411807,2680866.126422,0.512087912087912,0.0203296703296703,0,0.000366300366300366,0.00238095238095238,0.464835164835165
227773.411807,2680866.126422,0.603846153846154,0.0335164835164835,0,0,0,0.362637362637363
228273.411807,2680866.126422,0.0867253392005867,0.0207187385405207,0.000183351668500183,0.0322698936560323,0.0242024202420242,0.835900256692336
228773.411807,2680866.126422,0.412271062271062,0.00934065934065934,0,0.000549450549450549,0.0119047619047619,0.565934065934066
229273.411807,2680866.126422,0.178205128205128,0.03003663003663,0,0.0269230769230769,0.0318681318681319,0.732967032967033
229773.411807,2680866.126422,0.142830949761643,0.0999266593325999,0.0410707737440411,0.178034470113678,0.0960762742940961,0.442060872753942
230273.411807,2680866.126422,0.157509157509158,0.0393772893772894,0.00238095238095238,0.0628205128205128,0.058974358974359,0.678937728937729
230773.411807,2680866.126422,0.156593406593407,0.0798534798534798,0.000183150183150183,0.0793040293040293,0.149450549450549,0.534615384615385
231273.411807,2680866.126422,0.278877887788779,0.0487715438210488,0,0.0892922625595893,0.0601393472680601,0.522918958562523
231773.411807,2680866.126422,0.180769230769231,0.0604395604395604,0.0743589743589744,0.076007326007326,0.0252747252747253,0.583150183150183
232273.411807,2680866.126422,0.00952380952380952,0.322161172161172,0.000366300366300366,0.00256410256410256,0.0291208791208791,0.636263736263736
232773.411807,2680866.126422,0.0933259992665933,0.0623395672900623,0,0.0163182984965163,0.0297029702970297,0.798313164649798
233273.411807,2680866.126422,0.0974358974358974,0.0419413919413919,0.000549450549450549,0.1996336996337,0.101098901098901,0.559340659340659
233773.411807,2680866.126422,0.342124542124542,0.0954212454212454,0,0.000915750915750916,0.00238095238095238,0.559157509157509
234273.411807,2680866.126422,0.303263659699303,0.0652731939860653,0,0.000366703337000367,0.00128346167950128,0.62981298129813
234773.411807,2680866.126422,0.428937728937729,0.0282051282051282,0,0.00128205128205128,0.00347985347985348,0.538095238095238
235273.411807,2680866.126422,0.276556776556777,0.0518315018315018,0,0.00238095238095238,0.00934065934065934,0.65989010989011
235773.411807,2680866.126422,0.586358635863586,0.0621562156215622,0,0.000183351668500183,0.00421708837550422,0.347084708470847
236273.411807,2680866.126422,0.57032967032967,0.0981684981684982,0,0,0.000915750915750916,0.330586080586081
236773.411807,2680866.126422,0.505128205128205,0.142857142857143,0,0,0.0010989010989011,0.350915750915751
237273.411807,2680866.126422,0.421637055837563,0.13991116751269,0,0,0,0.438451776649746
224773.411807,2680366.126422,0.456251274729757,0.0114215786253314,0,0.0201917193554966,0.0414032225168264,0.470732204772588
225273.411807,2680366.126422,0.357705699102071,0.0221733553234378,0,0.0053142752428074,0.0120945574491479,0.602712112882536
225773.411807,2680366.126422,0.540466140576253,0.00752431638832813,0,0.00256927876674619,0.00532207744540283,0.44411818682327
226273.411807,2680366.126422,0.41995231982395,0.0240234733174399,0,0.00128369704749679,0.00311754997249221,0.551622959838621
226773.411807,2680366.126422,0.49441084845153,0.0221733553234378,0,0.00146600696353308,0.00568077698369067,0.476269012277808
227273.411807,2680366.126422,0.37327950082584,0.0778124426500275,0,0.0469810974490732,0.019086070838686,0.482840888236374
227773.411807,2680366.126422,0.494956904456263,0.0489638730973776,0,0.0434623143223913,0.00953603520997616,0.403080872913992
228273.411807,2680366.126422,0.225032068902327,0.0126443100604728,0,0.00769653655854865,0.0155763239875389,0.739050760491112
228773.411807,2680366.126422,0.355111029546706,0.026977427050835,0,0.0168838318957607,0.0622132501376399,0.538814461369059
229273.411807,2680366.126422,0.171098477902072,0.0482303319273794,0.00623509994498441,0.0812396845772969,0.0592334494773519,0.633962956170915
229773.411807,2680366.126422,0.159061755543339,0.0771486164559282,0.00989554700384827,0.221183800623053,0.116181051859996,0.416529228513835
230273.411807,2680366.126422,0.353642870251422,0.0411084602679391,0.000183519911910442,0.0655166085520279,0.0880895577170123,0.451458983299688
230773.411807,2680366.126422,0.206675224646983,0.0561158995048597,0.00421786172748946,0.106546854942234,0.0452961672473868,0.581147991931047
231273.411807,2680366.126422,0.062671797691039,0.0958402052409749,0,0.357705699102071,0.0778816199376947,0.405900678028221
231773.411807,2680366.126422,0.155441365388145,0.026977427050835,0.00880895577170123,0.0185355111029547,0.0154156726004772,0.774821068085887
232273.411807,2680366.126422,0.00293416467999266,0.335778470566661,0.0740876581698148,0.273977626994315,0.0121034293049697,0.301118650284247
232773.411807,2680366.126422,0.0866776617188932,0.0483782297965915,0,0.00183250870441635,0.00751328568810702,0.855598314091992
233273.411807,2680366.126422,0.0800146815929528,0.0451458983299688,0.000183519911910442,0.0752431638832813,0.0814828408882364,0.71792989539365
233773.411807,2680366.126422,0.328626444159178,0.0478635613423803,0,0.00568494406748579,0.024390243902439,0.593434806528516
234273.411807,2680366.126422,0.275059556532894,0.066703316840755,0,0,0.000549752611324904,0.657687374015027
234773.411807,2680366.126422,0.453844742154524,0.0356028629106258,0,0.000367039823820885,0.00293631859056708,0.507249036520462
235273.411807,2680366.126422,0.744360902255639,0.0115532734274711,0,0.000366770584999083,0.00128369704749679,0.242435356684394
235773.411807,2680366.126422,0.63569726956203,0.00439802089059923,0,0.00146600696353308,0.0053142752428074,0.35312442734103
236273.411807,2680366.126422,0.498623600660672,0.0133969535694623,0,0.000734079647641769,0.00220223894292531,0.485043127179299
236773.411807,2680366.126422,0.244819365486888,0.138639281129653,0,0,0.00146708233999633,0.615074271043462
237273.411807,2680366.126422,0.504124365482233,0.00348984771573604,0,0.000317258883248731,0.000634517766497462,0.491434010152284
224773.411807,2679866.126422,0.654293289822558,0.0232510707729961,0,0,0.00101978380583316,0.321435855598613
225273.411807,2679866.126422,0.465934065934066,0.0192307692307692,0,0.00659340659340659,0.028021978021978,0.48021978021978
225773.411807,2679866.126422,0.497981651376147,0.0339449541284404,0,0.00073394495412844,0.00220183486238532,0.465137614678899
226273.411807,2679866.126422,0.626857457347276,0.0368739680792515,0,0.00091726288754357,0.00293524124013942,0.33241607044579
226773.411807,2679866.126422,0.482234432234432,0.0672161172161172,0.00842490842490842,0.102014652014652,0.0212454212454212,0.318864468864469
227273.411807,2679866.126422,0.133761467889908,0.105688073394495,0.0111926605504587,0.238715596330275,0.0807339449541284,0.429908256880734
227773.411807,2679866.126422,0.190790680609063,0.028251696936342,0.0220143093010457,0.359383599339571,0.0462300495321959,0.353329664281783
228273.411807,2679866.126422,0.375641025641026,0.017032967032967,0,0.0419413919413919,0.0166666666666667,0.548717948717949
228773.411807,2679866.126422,0.145504587155963,0.0581651376146789,0.000917431192660551,0.0352293577981651,0.0277064220183486,0.732477064220183
229273.411807,2679866.126422,0.081452944413869,0.0387084938543387,0.00495321959273528,0.0972298660796184,0.0812694918363603,0.696385984223078
229773.411807,2679866.126422,0.115018315018315,0.101648351648352,0.0217948717948718,0.12985347985348,0.13003663003663,0.501648351648352
230273.411807,2679866.126422,0.158348623853211,0.0543119266055046,0.00036697247706422,0.140366972477064,0.0787155963302752,0.567889908256881
230773.411807,2679866.126422,0.10842047330765,0.107870115575124,0.00146762062006971,0.0851219959640433,0.094294624839479,0.602825169693634
231273.411807,2679866.126422,0.29981684981685,0.0368131868131868,0,0.0838827838827839,0.116849816849817,0.462637362637363
231773.411807,2679866.126422,0.192477064220183,0.0488073394495413,0.000917431192660551,0.0332110091743119,0.0348623853211009,0.689724770642202
232273.411807,2679866.126422,0.00458631443771785,0.300128416804256,0.0691616217207852,0.257383966244726,0.0988809392771968,0.269858741515318
232773.411807,2679866.126422,0.041025641025641,0.060989010989011,0,0.0289377289377289,0.0043956043956044,0.864652014652015
233273.411807,2679866.126422,0.0965137614678899,0.104220183486239,0.00036697247706422,0.0695412844036697,0.0596330275229358,0.669724770642202
233773.411807,2679866.126422,0.125848468170978,0.0616400660429279,0.000366905155017428,0.081452944413869,0.0961291506145661,0.634562465602642
234273.411807,2679866.126422,0.413186813186813,0.0619047619047619,0,0.0010989010989011,0.00128205128205128,0.522527472527473
234773.411807,2679866.126422,0.484587155963303,0.0262385321100917,0,0,0.00073394495412844,0.488440366972477
235273.411807,2679866.126422,0.685929187305082,0.0113740598055403,0,0,0.000183452577508714,0.302513300311869
235773.411807,2679866.126422,0.388095238095238,0.0340659340659341,0,0,0.00238095238095238,0.575457875457875
236273.411807,2679866.126422,0.445688073394495,0.0477064220183486,0,0,0.000917431192660551,0.505688073394495
236773.411807,2679866.126422,0.323059988992845,0.107503210420106,0,0.000733810310034856,0.001284168042561,0.567418822234452
237273.411807,2679866.126422,0.437539632213063,0.0421686746987952,0,0.000634115409004439,0.00190234622701332,0.517755231452124
224773.411807,2679366.126422,0.345417515274949,0.0325865580448065,0,0.000203665987780041,0.00264765784114053,0.619144602851324
225273.411807,2679366.126422,0.611661166116612,0.0044004400440044,0,0,0,0.383938393839384
225773.411807,2679366.126422,0.527106227106227,0.00567765567765568,0,0.000183150183150183,0.000366300366300366,0.466666666666667
226273.411807,2679366.126422,0.613186813186813,0.00787545787545788,0,0.000366300366300366,0.0010989010989011,0.377472527472527
226773.411807,2679366.126422,0.281994866153282,0.05995599559956,0.00128346167950128,0.113861386138614,0.0779244591125779,0.464979831316465
227273.411807,2679366.126422,0.0901098901098901,0.0783882783882784,0.00201465201465201,0.267216117216117,0.0917582417582418,0.470512820512821
227773.411807,2679366.126422,0.0602564102564103,0.0542124542124542,0.00970695970695971,0.365384615384615,0.127655677655678,0.382783882783883
228273.411807,2679366.126422,0.330583058305831,0.0077007700770077,0,0.00275027502750275,0.0311697836450312,0.627796112944628
228773.411807,2679366.126422,0.120512820512821,0.0761904761904762,0.00402930402930403,0.134249084249084,0.091025641025641,0.573992673992674
229273.411807,2679366.126422,0.0926739926739927,0.052014652014652,0.00586080586080586,0.391025641025641,0.128021978021978,0.33040293040293
229773.411807,2679366.126422,0.111844517785112,0.0341034103410341,0.00696736340300697,0.026035936927026,0.0333700036670334,0.787678767876788
230273.411807,2679366.126422,0.0679487179487179,0.101282051282051,0,0.0915750915750916,0.0712454212454212,0.667948717948718
230773.411807,2679366.126422,0.256410256410256,0.0642857142857143,0,0.0738095238095238,0.0972527472527473,0.508241758241758
231273.411807,2679366.126422,0.133480014668133,0.0632563256325633,0.0137513751375138,0.273377337733773,0.0826916024935827,0.433443344334433
231773.411807,2679366.126422,0.151098901098901,0.168864468864469,0.0221611721611722,0.137179487179487,0.0545787545787546,0.466117216117216
232273.411807,2679366.126422,0.0487179487179487,0.261721611721612,0.10989010989011,0.147069597069597,0.0346153846153846,0.397985347985348
232773.411807,2679366.126422,0.0216354968830216,0.264943160982765,0.013017968463513,0.0342867620095343,0.0359369270260359,0.63017968463513
233273.411807,2679366.126422,0.126739926739927,0.0402930402930403,0.000183150183150183,0.0968864468864469,0.106410256410256,0.629487179487179
233773.411807,2679366.126422,0.133150183150183,0.0558608058608059,0.000549450549450549,0.251282051282051,0.20970695970696,0.349450549450549
234273.411807,2679366.126422,0.526035936927026,0.0381371470480381,0,0.00293362669600293,0.00641730839750642,0.426475980931426
234773.411807,2679366.126422,0.730586080586081,0.021978021978022,0,0,0.000183150183150183,0.247252747252747
235273.411807,2679366.126422,0.617948717948718,0.0108058608058608,0,0,0,0.371245421245421
235773.411807,2679366.126422,0.46039603960396,0.066006600660066,0,0.00183351668500183,0.00183351668500183,0.46993032636597
236273.411807,2679366.126422,0.428021978021978,0.0148351648351648,0,0,0,0.557142857142857
236773.411807,2679366.126422,0.526556776556777,0.0362637362637363,0,0.000183150183150183,0.00146520146520147,0.435531135531136
237273.411807,2679366.126422,0.240482233502538,0.0301395939086294,0,0,0.00285532994923858,0.726522842639594
224773.411807,2678866.126422,0.518866000407914,0.00611870283499898,0,0.00142769732816643,0.00550683255149908,0.468080766877422
225273.411807,2678866.126422,0.604361370716511,0.00109950522264981,0,0.000366501740883269,0.00403151914971596,0.39014110317024
225773.411807,2678866.126422,0.599926592035236,0.0115617544503579,0,0,0,0.388511653514406
226273.411807,2678866.126422,0.682560058683294,0.00641848523748395,0,0.000183385292499542,0.00165046763249587,0.309187603154227
226773.411807,2678866.126422,0.247938427707532,0.0276708814366868,0.00842954004031519,0.23877588418545,0.0743998533993036,0.402785413230713
227273.411807,2678866.126422,0.0576252523398789,0.0708386859974307,0.00660671682877592,0.41915947880345,0.132134336575518,0.313635529454946
227773.411807,2678866.126422,0.0814230698697964,0.0926095727122685,0.00770218228498074,0.238400880249404,0.134054648817165,0.445809646066385
228273.411807,2678866.126422,0.442917353857431,0.0157595748579806,0,0.0791643760307861,0.0412314458493678,0.420927249404435
228773.411807,2678866.126422,0.0519361350706552,0.0831345200954303,0.00513855753349238,0.180400073407965,0.0992842723435493,0.580106441548908
229273.411807,2678866.126422,0.0485971025123785,0.0988446726572529,0.0341096644049147,0.279479185769301,0.0781221346048047,0.460847240051348
229773.411807,2678866.126422,0.0727505955653289,0.113065787062489,0.0177753344328386,0.100971229613341,0.0320689023272861,0.663368150998717
230273.411807,2678866.126422,0.082583960359699,0.0565241328684162,0.0181684712791338,0.111763626353459,0.057258212516058,0.673701596623234
230773.411807,2678866.126422,0.0520814230698698,0.0742710434623143,0.0022006235099945,0.0269576379974326,0.0240234733174399,0.820465798642949
231273.411807,2678866.126422,0.206340480117281,0.0703683342495877,0.0113615539673813,0.0623052959501558,0.0273043796958036,0.622319956019791
231773.411807,2678866.126422,0.164617360983667,0.0423930996513122,0.00844191594788034,0.0693705267021472,0.0534042943659387,0.661772802349055
232273.411807,2678866.126422,0.128736475334678,0.237117183201907,0.10801393728223,0.123601687144691,0.0284247203374289,0.374105996699065
232773.411807,2678866.126422,0.00183250870441635,0.217702034084662,0.000366501740883269,0.142019424592267,0.0333516584203775,0.604727872457394
233273.411807,2678866.126422,0.0622132501376399,0.0311983850247752,0,0.000367039823820885,0.00367039823820885,0.902550926775555
233773.411807,2678866.126422,0.0893086374472767,0.0592334494773519,0.000916926462497708,0.0562992847973593,0.0825233816247937,0.711718320190721
234273.411807,2678866.126422,0.548103353490929,0.113798790544255,0,0.000733003481766538,0.0047645226314825,0.332600329851567
234773.411807,2678866.126422,0.7469260414755,0.0137639933932832,0,0,0.000917599559552211,0.238392365571665
235273.411807,2678866.126422,0.720887584815698,0.0174216027874564,0,0,0,0.261690812396846
235773.411807,2678866.126422,0.450980392156863,0.0586402785413231,0,0,0.000366501740883269,0.490012827560931
236273.411807,2678866.126422,0.43549275096348,0.0666177280234905,0,0,0.00110111947146265,0.496788401541567
236773.411807,2678866.126422,0.422152943333945,0.105263157894737,0,0,0.000550155877498625,0.47203374289382
237273.411807,2678866.126422,0.312817258883249,0.180203045685279,0,0.000951776649746193,0.000634517766497462,0.505393401015228
224773.411807,2678366.126422,0.443605955537426,0.0175402814603304,0,0.00305935141749949,0.0116255353864981,0.524168876198246
225273.411807,2678366.126422,0.55989010989011,0.0124542124542125,0,0.000549450549450549,0.00457875457875458,0.422527472527473
225773.411807,2678366.126422,0.605504587155963,0.00440366972477064,0,0.00055045871559633,0.00862385321100917,0.380917431192661
226273.411807,2678366.126422,0.509814712896716,0.0478811227297744,0,0,0,0.442304164373509
226773.411807,2678366.126422,0.57032967032967,0.000183150183150183,0,0.00311355311355311,0.00512820512820513,0.421245421245421
227273.411807,2678366.126422,0.460917431192661,0.0146788990825688,0,0.0277064220183486,0.0319266055045872,0.464770642201835
227773.411807,2678366.126422,0.541918913960741,0.0183452577508714,0.00275178866263071,0.06989543203082,0.0465969546872134,0.320491652907723
228273.411807,2678366.126422,0.203113553113553,0.0692307692307692,0.00164835164835165,0.0730769230769231,0.060989010989011,0.591941391941392
228773.411807,2678366.126422,0.0763302752293578,0.108990825688073,0.0361467889908257,0.37302752293578,0.12,0.285504587155963
229273.411807,2678366.126422,0.0669601907906806,0.112089524857824,0.0416437350944781,0.251880388919464,0.0983305815446707,0.429095578792882
229773.411807,2678366.126422,0.0432234432234432,0.151282051282051,0.0184981684981685,0.135714285714286,0.0659340659340659,0.585347985347985
230273.411807,2678366.126422,0.158715596330275,0.109174311926606,0.00788990825688073,0.048256880733945,0.0611009174311927,0.614862385321101
230773.411807,2678366.126422,0.209319390937443,0.0952118877270226,0.00165107319757843,0.0286186020913594,0.0632911392405063,0.601907906806091
231273.411807,2678366.126422,0.178571428571429,0.0783882783882784,0.0144688644688645,0.0512820512820513,0.0402930402930403,0.636996336996337
231773.411807,2678366.126422,0.0603669724770642,0.0702752293577982,0.000917431192660551,0.015045871559633,0.0291743119266055,0.824220183486238
232273.411807,2678366.126422,0.260869565217391,0.0357732526141992,0.00146762062006971,0.0350394423041644,0.0530177949000183,0.613832324344157
232773.411807,2678366.126422,0.0106227106227106,0.173076923076923,0.0580586080586081,0.167765567765568,0.0203296703296703,0.57014652014652
233273.411807,2678366.126422,0.0363302752293578,0.0388990825688073,0.023302752293578,0.0442201834862385,0.0477064220183486,0.80954128440367
233773.411807,2678366.126422,0.0974133186571271,0.0887910475142176,0.00091726288754357,0.0394423041643735,0.0427444505595304,0.730691616217208
234273.411807,2678366.126422,0.562087912087912,0.0697802197802198,0.000915750915750916,0.0181318681318681,0.0465201465201465,0.302564102564103
234773.411807,2678366.126422,0.619816513761468,0.0612844036697248,0,0,0.00128440366972477,0.317614678899083
235273.411807,2678366.126422,0.543203082003302,0.0731975784259769,0,0,0,0.383599339570721
235773.411807,2678366.126422,0.472161172161172,0.0518315018315018,0,0,0.000732600732600733,0.475274725274725
236273.411807,2678366.126422,0.511743119266055,0.127889908256881,0,0,0.00165137614678899,0.358715596330275
236773.411807,2678366.126422,0.439552375710879,0.0761328196661163,0,0.000366905155017428,0.00238488350761328,0.481563015960374
237273.411807,2678366.126422,0.586239695624604,0.0897273303741281,0,0,0,0.324032974001268
224773.411807,2677866.126422,0.611812627291242,0.00224032586558045,0,0.000814663951120163,0.00855397148676171,0.376578411405295
225273.411807,2677866.126422,0.413824715804914,0.00146681334800147,0,0.00165016501650165,0.0126512651265127,0.57040704070407
225773.411807,2677866.126422,0.634249084249084,0.0181318681318681,0,0.000915750915750916,0.0104395604395604,0.336263736263736
226273.411807,2677866.126422,0.431135531135531,0.00714285714285714,0,0.000366300366300366,0.00201465201465201,0.559340659340659
226773.411807,2677866.126422,0.51961862852952,0.0100843417675101,0,0.0088008800880088,0.0777411074440777,0.383755042170884
227273.411807,2677866.126422,0.604395604395604,0.000549450549450549,0,0,0,0.395054945054945
227773.411807,2677866.126422,0.623443223443223,0.0032967032967033,0,0,0.00311355311355311,0.37014652014652
228273.411807,2677866.126422,0.506233956729006,0.0251191785845251,0,0.0168683535020169,0.0463879721305464,0.405390539053905
228773.411807,2677866.126422,0.261721611721612,0.0554945054945055,0.00164835164835165,0.149267399267399,0.138827838827839,0.393040293040293
229273.411807,2677866.126422,0.146520146520147,0.086996336996337,0.021978021978022,0.247435897435897,0.114102564102564,0.382967032967033
229773.411807,2677866.126422,0.121012101210121,0.0795746241290796,0.0280528052805281,0.108910891089109,0.0744407774110744,0.588008800880088
230273.411807,2677866.126422,0.181684981684982,0.0827838827838828,0.0168498168498168,0.178021978021978,0.0851648351648352,0.455494505494505
230773.411807,2677866.126422,0.209340659340659,0.116117216117216,0.000732600732600733,0.0582417582417582,0.0646520146520147,0.550915750915751
231273.411807,2677866.126422,0.16978364503117,0.0986431976530986,0.00861752841950862,0.0724239090575724,0.101210121012101,0.549321598826549
231773.411807,2677866.126422,0.21025641025641,0.0595238095238095,0.000366300366300366,0.143772893772894,0.0945054945054945,0.491575091575092
232273.411807,2677866.126422,0.20018315018315,0.00714285714285714,0,0.0177655677655678,0.0241758241758242,0.750732600732601
232773.411807,2677866.126422,0.00513384671800513,0.0216354968830216,0,0,0.0104510451045105,0.962779611294463
233273.411807,2677866.126422,0.0221611721611722,0.257142857142857,0.0745421245421245,0.261721611721612,0.0611721611721612,0.323260073260073
233773.411807,2677866.126422,0.125824175824176,0.0545787545787546,0,0.0796703296703297,0.0664835164835165,0.673443223443223
234273.411807,2677866.126422,0.705170517051705,0.0152181884855152,0,0.00128346167950128,0.0011001100110011,0.277227722772277
234773.411807,2677866.126422,0.393956043956044,0.138827838827839,0,0,0,0.467216117216117
235273.411807,2677866.126422,0.463003663003663,0.0360805860805861,0,0,0.000183150183150183,0.500732600732601
235773.411807,2677866.126422,0.638980564723139,0.12009534286762,0,0,0,0.240924092409241
236273.411807,2677866.126422,0.514468864468864,0.0937728937728938,0,0.000183150183150183,0.00201465201465201,0.38956043956044
236773.411807,2677866.126422,0.39047619047619,0.110805860805861,0,0,0.00146520146520147,0.497252747252747
237273.411807,2677866.126422,0.876903553299492,0.0241116751269036,0,0,0,0.0989847715736041
224773.411807,2677366.126422,0.613705894350398,0.00448704874566592,0.000203956761166633,0.00407913522333265,0.033856822353661,0.343667142565776
225273.411807,2677366.126422,0.41249770936412,0.0141103170240059,0,0.00824628916987356,0.0736668499175371,0.491478834524464
225773.411807,2677366.126422,0.600293631859057,0.0108276748027161,0,0.0012846393833731,0.0337676637915214,0.353826390163333
226273.411807,2677366.126422,0.562442692096094,0.0249403997799376,0,0,0.00348432055749129,0.409132587566477
226773.411807,2677366.126422,0.507055158512003,0.00787978742899029,0,0.00403151914971596,0.0661535642294301,0.414879970679861
227273.411807,2677366.126422,0.51018535511103,0.00367039823820885,0,0.000734079647641769,0.00991007524316388,0.475500091759956
227773.411807,2677366.126422,0.619292132770952,0.0172382174949569,0,0.0223730056849441,0.0592334494773519,0.281863194571795
228273.411807,2677366.126422,0.48543155579989,0.00659703133589885,0,0.000733003481766538,0.009529045262965,0.49770936411948
228773.411807,2677366.126422,0.509084235639567,0.0106441548908057,0,0.00550559735731327,0.052303174894476,0.422462837217838
229273.411807,2677366.126422,0.456629378323858,0.0282413350449294,0.00183385292499542,0.0104529616724739,0.0225563909774436,0.480286081056299
229773.411807,2677366.126422,0.140553417628734,0.101887483965549,0.03811618105186,0.237493128092358,0.10317024005864,0.378779549202859
230273.411807,2677366.126422,0.0996513121673702,0.0948797944576987,0.00550559735731327,0.0812993209763259,0.103505230317489,0.615158744723802
230773.411807,2677366.126422,0.0592334494773519,0.517696680726206,0,0.00623509994498441,0.070786722904823,0.346048046946635
231273.411807,2677366.126422,0.0582737768004398,0.213304013194063,0.0364669232178853,0.0371999266996518,0.0320689023272861,0.622686457760674
231773.411807,2677366.126422,0.150302807854652,0.0497338961277299,0,0.0245916681959993,0.0640484492567444,0.711323178564874
232273.411807,2677366.126422,0.337428938199156,0.0214560792224464,0.00146708233999633,0.00165046763249587,0.0154043645699615,0.622593068035943
232773.411807,2677366.126422,0.00513102437236577,0.0342679127725857,0,0,0.0203408466190214,0.940260216236027
233273.411807,2677366.126422,0.00165167920719398,0.345384474215452,0.0220223894292531,0.270691870067902,0.0367039823820885,0.32354560469811
233773.411807,2677366.126422,0.0942600403447643,0.0504309554373739,0.00183385292499542,0.250137538969375,0.133687878232166,0.469649734091326
234273.411807,2677366.126422,0.269195528678761,0.0256551218618288,0,0.00274876305662452,0.0100787978742899,0.692321788528495
234773.411807,2677366.126422,0.414571481005689,0.0726738851165352,0,0,0.000917599559552211,0.511837034318224
235273.411807,2677366.126422,0.166147075004585,0.0905923344947735,0,0.000183385292499542,0.00275077938749312,0.740326425820649
235773.411807,2677366.126422,0.528495510353674,0.10536925050394,0,0.000183250870441635,0.00311526479750779,0.362836723474437
236273.411807,2677366.126422,0.43989722884933,0.0504679757753716,0,0,0.000183519911910442,0.509451275463388
236773.411807,2677366.126422,0.520814230698698,0.0474967907573813,0,0,0,0.431688978543921
237273.411807,2677366.126422,0.722715736040609,0.0193527918781726,0,0,0.00158629441624365,0.256345177664975
224773.411807,2676866.126422,0.521925351825413,0.0116255353864981,0,0.00244748113399959,0.0324291250254946,0.431572506628595
225273.411807,2676866.126422,0.513003663003663,0.0192307692307692,0,0,0.000366300366300366,0.467399267399267
225773.411807,2676866.126422,0.535229357798165,0.0269724770642202,0,0.0036697247706422,0.0297247706422018,0.404403669724771
226273.411807,2676866.126422,0.245276096129151,0.0172445422858191,0,0.00770500825536599,0.0733810310034856,0.656393322326179
226773.411807,2676866.126422,0.275824175824176,0.0137362637362637,0.000183150183150183,0.00860805860805861,0.103113553113553,0.598534798534799
227273.411807,2676866.126422,0.231926605504587,0.0603669724770642,0,0.0278899082568807,0.112660550458716,0.567155963302752
227773.411807,2676866.126422,0.457163823151715,0.016694184553293,0,0.002568336085122,0.0240322876536415,0.499541368556228
228273.411807,2676866.126422,0.463003663003663,0.00494505494505494,0,0.00402930402930403,0.0177655677655678,0.51025641025641
228773.411807,2676866.126422,0.473761467889908,0.00844036697247706,0,0,0.00238532110091743,0.515412844036697
229273.411807,2676866.126422,0.634929370757659,0.0963126031920749,0,0,0.000183452577508714,0.268574573472757
229773.411807,2676866.126422,0.44010989010989,0.0741758241758242,0.056959706959707,0.102564102564103,0.0571428571428571,0.269047619047619
230273.411807,2676866.126422,0.142018348623853,0.0660550458715596,0.0102752293577982,0.162018348623853,0.117798165137615,0.501834862385321
230773.411807,2676866.126422,0.0719134103834159,0.201430930104568,0.0333883691065859,0.196294257934324,0.0618235186204366,0.43514951385067
231273.411807,2676866.126422,0.0677655677655678,0.208241758241758,0.00604395604395604,0.0655677655677656,0.060989010989011,0.591391941391941
231773.411807,2676866.126422,0.143853211009174,0.0579816513761468,0.00862385321100917,0.0825688073394495,0.0552293577981651,0.651743119266055
232273.411807,2676866.126422,0.430563199412952,0.0293524124013942,0,0.00091726288754357,0.0196294257934324,0.519537699504678
232773.411807,2676866.126422,0.0992673992673993,0.107326007326007,0.0415750915750916,0.026007326007326,0.00457875457875458,0.721245421245421
233273.411807,2676866.126422,0.0212844036697248,0.15651376146789,0.0192660550458716,0.114311926605505,0.0467889908256881,0.641834862385321
233773.411807,2676866.126422,0.0966795083470923,0.0100898917629793,0,0.0091726288754357,0.0264171711612548,0.857640799853238
234273.411807,2676866.126422,0.225274725274725,0.0835164835164835,0,0.000366300366300366,0.00476190476190476,0.686080586080586
234773.411807,2676866.126422,0.308807339449541,0.088256880733945,0,0,0.000917431192660551,0.602018348623853
235273.411807,2676866.126422,0.21537332599523,0.0700788846083287,0,0.00293524124013942,0.00990643918547056,0.701706108970831
235773.411807,2676866.126422,0.658791208791209,0.0210622710622711,0,0,0.000915750915750916,0.319230769230769
236273.411807,2676866.126422,0.615779816513761,0.0245871559633028,0,0,0.00055045871559633,0.359082568807339
236773.411807,2676866.126422,0.602825169693634,0.0264171711612548,0,0,0.00165107319757843,0.369106585947533
237273.411807,2676866.126422,0.355104629042486,0.0104629042485732,0,0,0,0.634432466708941
224773.411807,2676366.126422,0.484521384928717,0.000814663951120163,0,0.000814663951120163,0.00712830957230143,0.506720977596741
225273.411807,2676366.126422,0.534653465346535,0.00183351668500183,0,0.00146681334800147,0.0132013201320132,0.448844884488449
225773.411807,2676366.126422,0.555311355311355,0.000366300366300366,0,0.00164835164835165,0.00805860805860806,0.434615384615385
