"x","y","forest","agri","water","built","other","grass"
173273.411807,2571866.126422,0.0487329434697856,0.679012345679012,0,0.0500324886289799,0.0269655620532814,0.195256660168941
173773.411807,2571866.126422,0.0862227114290956,0.301229132269308,0.00697119794533113,0.0787011557512383,0.0570537516052101,0.469822050999817
174273.411807,2571866.126422,0.0282051282051282,0.364102564102564,0,0.0142857142857143,0.0483516483516484,0.545054945054945
174773.411807,2571866.126422,0.0510091743119266,0.172844036697248,0,0.106422018348624,0.282201834862385,0.387522935779817
175273.411807,2571866.126422,0.0486149330398092,0.296459365254082,0,0.0821867547239039,0.206384149697303,0.366354797284902
175773.411807,2571866.126422,0.0487179487179487,0.405860805860806,0,0.0278388278388278,0.106227106227106,0.411355311355311
176273.411807,2571866.126422,0.0300917431192661,0.346238532110092,0.0111926605504587,0.0295412844036697,0.128073394495413,0.454862385321101
176773.411807,2571866.126422,0.0513667217024399,0.405246743716749,0.0119244175380664,0.0176114474408365,0.168042560997982,0.345808108603926
177273.411807,2571866.126422,0.0368131868131868,0.291025641025641,0.0261904761904762,0.0443223443223443,0.253846153846154,0.347802197802198
177773.411807,2571866.126422,0.0372477064220183,0.34,0.0262385321100917,0.0609174311926605,0.146422018348624,0.389174311926606
178273.411807,2571866.126422,0.0983305815446707,0.186754723903871,0.0159603742432581,0.0174279948633278,0.132819666116309,0.548706659328564
178773.411807,2571866.126422,0.0655677655677656,0.341391941391941,0.045970695970696,0.03003663003663,0.0562271062271062,0.460805860805861
179273.411807,2571866.126422,0.0660550458715596,0.435412844036697,0.0209174311926606,0.0310091743119266,0.0904587155963303,0.356146788990826
179773.411807,2571866.126422,0.1726288754357,0.110805356815263,0.0214639515685195,0.0964960557695836,0.250596220876903,0.34800953953403
180273.411807,2571866.126422,0.0371794871794872,0.456410256410256,0.00347985347985348,0.0247252747252747,0.128021978021978,0.35018315018315
180773.411807,2571866.126422,0.00165137614678899,0.484770642201835,0,0.00055045871559633,0.00311926605504587,0.509908256880734
181273.411807,2571866.126422,0.0165107319757843,0.345808108603926,0.0122913226930838,0.000366905155017428,0.0818198495688864,0.543203082003302
181773.411807,2571866.126422,0.00293040293040293,0.428937728937729,0,0,0.00146520146520147,0.566666666666667
182273.411807,2571866.126422,0.0935779816513762,0.131376146788991,0,0.00036697247706422,0.125137614678899,0.64954128440367
182773.411807,2571866.126422,0.0449458814896349,0.461199779856907,0.000366905155017428,0.00238488350761328,0.0236653824986241,0.467437167492203
183273.411807,2571866.126422,0.00366300366300366,0.671245421245421,0,0,0.000732600732600733,0.324358974358974
183773.411807,2571866.126422,0.114862385321101,0.284220183486239,0.0119266055045872,0.0157798165137615,0.131009174311927,0.442201834862385
184273.411807,2571866.126422,0.432030820033021,0.0790680609062557,0,0.000183452577508714,0.00697119794533113,0.481746468537883
184773.411807,2571866.126422,0.340659340659341,0.104578754578755,0,0.00146520146520147,0.0355311355311355,0.517765567765568
185273.411807,2571866.126422,0.12256880733945,0.20256880733945,0.00238532110091743,0.00917431192660551,0.0754128440366972,0.587889908256881
185773.411807,2571866.126422,0.386312640239342,0.0441286462228871,0.00056095736724009,0.00673148840688108,0.0768511593118923,0.485415108451758
173273.411807,2571366.126422,0.0654356980887593,0.240038872691934,0.0103660511823777,0.0887593132491092,0.0447035957240039,0.550696469063816
173773.411807,2571366.126422,0.0554945054945055,0.483516483516484,0.0227106227106227,0.00531135531135531,0.0774725274725275,0.355494505494506
174273.411807,2571366.126422,0.124862486248625,0.293912724605794,0,0.0638063806380638,0.120828749541621,0.396589658965897
174773.411807,2571366.126422,0.0639194139194139,0.237912087912088,0,0.134432234432234,0.171611721611722,0.392124542124542
175273.411807,2571366.126422,0.05,0.214835164835165,0,0.114285714285714,0.178571428571429,0.442307692307692
175773.411807,2571366.126422,0.113861386138614,0.192885955262193,0,0.0748074807480748,0.135496883021635,0.482948294829483
176273.411807,2571366.126422,0.124908424908425,0.295604395604396,0,0.0236263736263736,0.121611721611722,0.434249084249084
176773.411807,2571366.126422,0.0518315018315018,0.302930402930403,0.00842490842490842,0.00512820512820513,0.0985347985347985,0.533150183150183
177273.411807,2571366.126422,0.0531719838650532,0.236523652365237,0.00183351668500183,0.011001100110011,0.150715071507151,0.546754675467547
177773.411807,2571366.126422,0.0723443223443224,0.274908424908425,0.0212454212454212,0.0278388278388278,0.12967032967033,0.473992673992674
178273.411807,2571366.126422,0.0305860805860806,0.417032967032967,0.0155677655677656,0.00421245421245421,0.127655677655678,0.404945054945055
178773.411807,2571366.126422,0.0656398973230656,0.410891089108911,0.0374037403740374,0.0157682434910158,0.0883755042170884,0.381921525485882
179273.411807,2571366.126422,0.0595238095238095,0.40018315018315,0.0452380952380952,0.034981684981685,0.0811355311355311,0.378937728937729
179773.411807,2571366.126422,0.146520146520147,0.338644688644689,0,0.0401098901098901,0.163369963369963,0.311355311355311
180273.411807,2571366.126422,0.110561056105611,0.242024202420242,0,0.0869086908690869,0.212504583791712,0.348001466813348
180773.411807,2571366.126422,0.0606227106227106,0.440842490842491,0.00879120879120879,0.0476190476190476,0.121978021978022,0.32014652014652
181273.411807,2571366.126422,0.0377289377289377,0.474908424908425,0.00604395604395604,0.00714285714285714,0.0644688644688645,0.40970695970696
181773.411807,2571366.126422,0.0300696736340301,0.583975064173084,0,0,0.0100843417675101,0.375870920425376
182273.411807,2571366.126422,0.0798534798534798,0.572710622710623,0.0131868131868132,0.000366300366300366,0.0184981684981685,0.315384615384615
182773.411807,2571366.126422,0.013003663003663,0.671062271062271,0,0,0.00457875457875458,0.311355311355311
183273.411807,2571366.126422,0.0381371470480381,0.559405940594059,0.000366703337000367,0.00806747341400807,0.0403373670700403,0.353685368536854
183773.411807,2571366.126422,0.105311355311355,0.222527472527473,0.0928571428571429,0.0124542124542125,0.13040293040293,0.436446886446886
184273.411807,2571366.126422,0.028021978021978,0.475091575091575,0.000549450549450549,0.000732600732600733,0.028021978021978,0.467582417582418
184773.411807,2571366.126422,0.0863586358635864,0.274110744407774,0.0111844517785112,0.0174184085075174,0.102493582691602,0.508434176751008
185273.411807,2571366.126422,0.319413919413919,0.0465201465201465,0.0313186813186813,0.017032967032967,0.0791208791208791,0.506593406593407
185773.411807,2571366.126422,0.309185959671397,0.0395817774458551,0,0.000933532486930545,0.0201643017176998,0.630134428678118
173273.411807,2570866.126422,0.0227272727272727,0.673051948051948,0,0,0,0.304220779220779
173773.411807,2570866.126422,0.0456629378323858,0.366770584999083,0,0.0473134054648817,0.115349348982212,0.424903722721438
174273.411807,2570866.126422,0.0731170973062122,0.0758658603628367,0,0.43943558731904,0.230529595015576,0.181051859996335
174773.411807,2570866.126422,0.0405579005322077,0.0519361350706552,0,0.536979262249954,0.225178931914113,0.14534777023307
175273.411807,2570866.126422,0.0937098844672657,0.0801393728222996,0,0.229415000916926,0.255272327159362,0.341463414634146
175773.411807,2570866.126422,0.0637713029136888,0.227414330218069,0.011544804837823,0.047645226314825,0.125710097122961,0.523914238592633
176273.411807,2570866.126422,0.0376215819416407,0.311433290512021,0,0.00238575885483575,0.0545054138374014,0.594053954854102
176773.411807,2570866.126422,0.0177883733724555,0.469833119383825,0,0,0.0485971025123785,0.463781404731341
177273.411807,2570866.126422,0.0469122228330585,0.20963899578523,0.000183250870441635,0.00146600696353308,0.0229063588052043,0.718893164742533
177773.411807,2570866.126422,0.0583593319875206,0.436593870434942,0.000183519911910442,0.00403743806202973,0.0200036703982382,0.480822169205359
178273.411807,2570866.126422,0.0814230698697964,0.289565376856776,0.0564826700898588,0.015587749862461,0.0715202640748212,0.485420869246286
178773.411807,2570866.126422,0.135972145867693,0.202308960967565,0.0280373831775701,0.0289536375297783,0.112332783580722,0.492395088876672
179273.411807,2570866.126422,0.0974490732244448,0.202605982749128,0.0293631859056708,0.12883097816113,0.206643420811158,0.335107359148468
179773.411807,2570866.126422,0.0553823583348615,0.234366403814414,0.0418118466898955,0.0603337612323492,0.147625160462131,0.460480469466349
180273.411807,2570866.126422,0.0434304562946674,0.371632765255635,0.0302363936228697,0.0287703866593366,0.0916254352208173,0.434304562946674
180773.411807,2570866.126422,0.0488162965681776,0.311800330335841,0.00679023674068636,0.0739585244999082,0.249220040374381,0.309414571481006
181273.411807,2570866.126422,0.0498807995598753,0.269759765266826,0,0.0245736291949386,0.22409682743444,0.431688978543921
181773.411807,2570866.126422,0.0568077698369067,0.689206523730988,0,0.000549752611324904,0.0201575957485798,0.233278358072201
182273.411807,2570866.126422,0.00972655533125344,0.642870251422279,0,0.0012846393833731,0.0196366305744173,0.326481923288677
182773.411807,2570866.126422,0.0100861910874748,0.590500641848524,0,0.00275077938749312,0.0295250320924262,0.367137355584082
183273.411807,2570866.126422,0.0267546270844787,0.525380245556166,0.00256551218618288,0,0.0448964632582005,0.400403151914972
183773.411807,2570866.126422,0.0712057258212516,0.399155808405212,0.0356028629106258,0.00697375665259681,0.0945127546338778,0.392549091576436
184273.411807,2570866.126422,0.0702365670273244,0.254538785989364,0.0133871263524665,0.004401247019989,0.0632679259123418,0.594168347698515
184773.411807,2570866.126422,0.110683525746747,0.188015393073117,0.00128275609309144,0.00384826827927433,0.165292285138354,0.530877771669415
185273.411807,2570866.126422,0.177096714993577,0.173242796843458,0.0334006239677005,0.00862543585979079,0.0759772435309231,0.531657184804551
185773.411807,2570866.126422,0.312207889325108,0.0515984296130118,0.00523462329407366,0.0302860347728547,0.231071228266966,0.369601794727987
173273.411807,2570366.126422,0.0357374918778428,0.203053931124107,0,0.131254061078622,0.137426900584795,0.492527615334633
173773.411807,2570366.126422,0.0366905155017428,0.149697303247111,0,0.335901669418455,0.235920014676206,0.241790497156485
174273.411807,2570366.126422,0.0393772893772894,0.0212454212454212,0.0126373626373626,0.630952380952381,0.235347985347985,0.0604395604395604
174773.411807,2570366.126422,0.0544954128440367,0.0442201834862385,0,0.587155963302752,0.241284403669725,0.0728440366972477
175273.411807,2570366.126422,0.0946615299944964,0.107686662997615,0,0.151715281599706,0.243258117776555,0.402678407631627
175773.411807,2570366.126422,0.0485347985347985,0.33021978021978,0,0.017032967032967,0.0730769230769231,0.531135531135531
176273.411807,2570366.126422,0.0486238532110092,0.306605504587156,0,0.0179816513761468,0.0787155963302752,0.548073394495413
176773.411807,2570366.126422,0.0554026784076316,0.27958172812328,0,0.0091726288754357,0.20968629609246,0.446156668501192
177273.411807,2570366.126422,0.0195970695970696,0.400732600732601,0.00824175824175824,0.00586080586080586,0.0853479853479854,0.48021978021978
177773.411807,2570366.126422,0.0222018348623853,0.563853211009174,0.0506422018348624,0.0211009174311927,0.0548623853211009,0.287339449541284
178273.411807,2570366.126422,0.0412768299394606,0.326545587965511,0.160521005320125,0.09557879288204,0.162172078517703,0.213905705375161
178773.411807,2570366.126422,0.0358974358974359,0.242490842490842,0.0868131868131868,0.0948717948717949,0.203479853479853,0.336446886446886
179273.411807,2570366.126422,0.0203669724770642,0.488807339449541,0.00256880733944954,0.081651376146789,0.111743119266055,0.294862385321101
179773.411807,2570366.126422,0.128233351678591,0.374610163272794,0,0.0332049165290772,0.143459915611814,0.320491652907723
180273.411807,2570366.126422,0.121794871794872,0.0961538461538462,0.00183150183150183,0.115934065934066,0.216117216117216,0.448168498168498
180773.411807,2570366.126422,0.0245871559633028,0.680550458715596,0,0.00146788990825688,0.0772477064220184,0.216146788990826
181273.411807,2570366.126422,0.0678774536782242,0.564116675839296,0,0.00201797835259585,0.093010456796918,0.272977435332966
181773.411807,2570366.126422,0.0494505494505494,0.277289377289377,0.000183150183150183,0.00989010989010989,0.173809523809524,0.489377289377289
182273.411807,2570366.126422,0.0941284403669725,0.310642201834862,0,0.0242201834862385,0.19651376146789,0.374495412844037
182773.411807,2570366.126422,0.0425609979820216,0.191524490919097,0,0.0900752155567786,0.315721885892497,0.360117409649606
183273.411807,2570366.126422,0.043040293040293,0.170695970695971,0,0.20970695970696,0.326923076923077,0.2496336996337
183773.411807,2570366.126422,0.0572477064220183,0.139816513761468,0,0.246422018348624,0.245688073394495,0.310825688073395
184273.411807,2570366.126422,0.0638414969730325,0.175747569253348,0.00293524124013942,0.0370574206567602,0.224545954870666,0.495872317006054
184773.411807,2570366.126422,0.392673992673993,0.0311355311355311,0.000549450549450549,0.00604395604395604,0.0932234432234432,0.476373626373626
185273.411807,2570366.126422,0.172477064220183,0.128807339449541,0.00532110091743119,0.0273394495412844,0.0911926605504587,0.574862385321101
185773.411807,2570366.126422,0.704936424831713,0.0104712041884817,0.00130890052356021,0.00299177262528048,0.0162677636499626,0.264023934181002
173273.411807,2569866.126422,0.0602526724975705,0.406867508908325,0,0.0589569160997732,0.192419825072886,0.281503077421445
173773.411807,2569866.126422,0.0426739926739927,0.52985347985348,0,0.0443223443223443,0.104578754578755,0.278571428571429
174273.411807,2569866.126422,0.0715071507150715,0.0909424275760909,0,0.356068940227356,0.288595526219289,0.192885955262193
174773.411807,2569866.126422,0.0545787545787546,0.204395604395604,0,0.314835164835165,0.197985347985348,0.228205128205128
175273.411807,2569866.126422,0.0316849816849817,0.207509157509158,0.015018315018315,0.0351648351648352,0.153296703296703,0.557326007326007
175773.411807,2569866.126422,0.0518885221855519,0.373303997066373,0.0443711037770444,0.0408874220755409,0.0841584158415842,0.405390539053905
176273.411807,2569866.126422,0.0194139194139194,0.368131868131868,0.000183150183150183,0.0108058608058608,0.026007326007326,0.575457875457875
176773.411807,2569866.126422,0.0606227106227106,0.301098901098901,0,0.0133699633699634,0.135714285714286,0.489194139194139
177273.411807,2569866.126422,0.033003300330033,0.472680601393473,0.00238357169050238,0.0375870920425376,0.0863586358635864,0.367986798679868
177773.411807,2569866.126422,0.0355311355311355,0.378571428571429,0.0315018315018315,0.0282051282051282,0.0624542124542125,0.463736263736264
178273.411807,2569866.126422,0.0333333333333333,0.325091575091575,0.0954212454212454,0.0961538461538462,0.168131868131868,0.281868131868132
178773.411807,2569866.126422,0.0467546754675468,0.240557389072241,0.0408874220755409,0.17015034836817,0.225155848918225,0.276494316098277
179273.411807,2569866.126422,0.0360805860805861,0.423626373626374,0.0021978021978022,0.0948717948717949,0.187728937728938,0.255494505494505
179773.411807,2569866.126422,0.137545787545788,0.263369963369963,0.0122710622710623,0.0622710622710623,0.0985347985347985,0.426007326007326
180273.411807,2569866.126422,0.0744407774110744,0.113494682801613,0.00476714338100477,0.081958195819582,0.13017968463513,0.595159515951595
180773.411807,2569866.126422,0.0575091575091575,0.481868131868132,0.00476190476190476,0.00128205128205128,0.0373626373626374,0.417216117216117
181273.411807,2569866.126422,0.0137362637362637,0.441208791208791,0.00293040293040293,0.0344322344322344,0.041025641025641,0.466666666666667
181773.411807,2569866.126422,0.0265859919325266,0.524935826916025,0.0172350568390172,0.0117345067840117,0.0271360469380271,0.392372570590392
182273.411807,2569866.126422,0.0289377289377289,0.507692307692308,0.0225274725274725,0.0120879120879121,0.0862637362637363,0.342490842490842
182773.411807,2569866.126422,0.0426739926739927,0.193589743589744,0,0.1496336996337,0.31996336996337,0.294139194139194
183273.411807,2569866.126422,0.0542720938760543,0.0344701136780345,0,0.468280161349468,0.301980198019802,0.140997433076641
183773.411807,2569866.126422,0.028021978021978,0.0184981684981685,0,0.690842490842491,0.226373626373626,0.0362637362637363
184273.411807,2569866.126422,0.0534798534798535,0.160989010989011,0.000183150183150183,0.167399267399267,0.273809523809524,0.344139194139194
184773.411807,2569866.126422,0.109094242757609,0.202420242024202,0.0262192885955262,0.0328199486615328,0.201686835350202,0.427759442610928
185273.411807,2569866.126422,0.486630036630037,0.0245421245421245,0.00366300366300366,0.0192307692307692,0.0633699633699634,0.402564102564103
185773.411807,2569866.126422,0.612397311426438,0.0347274085138163,0.00373412994772218,0.0235250186706497,0.0944734876773712,0.231142643764003
173273.411807,2569366.126422,0.012012987012987,0.62987012987013,0,0.00649350649350649,0.0587662337662338,0.292857142857143
173773.411807,2569366.126422,0.0214560792224464,0.826700898587933,0,0.000733541169998166,0.0097194205024757,0.141390060517147
174273.411807,2569366.126422,0.0229063588052043,0.450247388675096,0,0.00439802089059923,0.0736668499175371,0.448781381711563
174773.411807,2569366.126422,0.0761607634428336,0.151220407414204,0.00770783630023858,0.0776289227381171,0.138190493668563,0.549091576436043
175273.411807,2569366.126422,0.0761048963873097,0.22006235099945,0.0346598202824134,0.0445626260773886,0.145974692829635,0.478635613423803
175773.411807,2569366.126422,0.0397654388858347,0.479201026204874,0.120029320139271,0.07623236210372,0.0775151181968114,0.207256734469489
176273.411807,2569366.126422,0.0411084602679391,0.542851899431088,0,0.0442282987704166,0.0807487612405946,0.291062580289961
176773.411807,2569366.126422,0.0333761232349166,0.476801760498808,0.00385109114249037,0.0203557674674491,0.204657986429488,0.260957271226848
177273.411807,2569366.126422,0.0447132123877588,0.529595015576324,0.0219901044529962,0.00439802089059923,0.0533260032985157,0.345977643393806
177773.411807,2569366.126422,0.0359699027344467,0.264268673151037,0.102771150669848,0.0392732611488346,0.13690585428519,0.420811158010644
178273.411807,2569366.126422,0.0673024023473317,0.237483953786906,0.0377773702549056,0.01998899688245,0.150375939849624,0.487071336878782
178773.411807,2569366.126422,0.0241891148982958,0.134139637163277,0.214586769287154,0.118196811434854,0.132123877588419,0.376763789628001
179273.411807,2569366.126422,0.0831345200954303,0.0574417324279684,0.0227564690768948,0.293081299320976,0.184070471646174,0.359515507432556
179773.411807,2569366.126422,0.0355767467449111,0.319273794241702,0.000366770584999083,0.135338345864662,0.123785072437191,0.385659270126536
180273.411807,2569366.126422,0.115814550119113,0.241524647242074,0.0102620487447315,0.0546087593916071,0.182151365218985,0.395638629283489
180773.411807,2569366.126422,0.0357863828225362,0.698293264819233,0.00642319691686548,0.000734079647641769,0.0194531106625069,0.239309965131217
181273.411807,2569366.126422,0.068402714102329,0.544837704016138,0.0553823583348615,0.0102695763799743,0.0232899321474418,0.297817715019255
181773.411807,2569366.126422,0.0313358988455195,0.315191497159612,0.216785779732454,0.0459959684808503,0.0390324354040682,0.351658420377497
182273.411807,2569366.126422,0.0844191594788034,0.148467608735548,0.125711139658653,0.0486327766562672,0.175077995962562,0.417691319508167
182773.411807,2569366.126422,0.10801393728223,0.102695763799743,0.0143040528149642,0.196589033559509,0.29983495323675,0.278562259306804
183273.411807,2569366.126422,0.0676195711929632,0.0203408466190214,0,0.41817848634781,0.369067253069452,0.124793842770753
183773.411807,2569366.126422,0.0598274912828042,0.0902917966599376,0,0.309231051569095,0.32776656267205,0.212883097816113
184273.411807,2569366.126422,0.0267742527049331,0.534384742343664,0,0.0126535851824684,0.101595452044746,0.324591967724189
184773.411807,2569366.126422,0.179585853032802,0.200476452263148,0,0.024555616639179,0.132123877588419,0.463258200476452
185273.411807,2569366.126422,0.715911176362635,0.0106441548908057,0,0.00991007524316388,0.0337676637915214,0.229766929711874
185773.411807,2569366.126422,0.782015329968218,0.0196298373527762,0.0446812488315573,0.0310338381005795,0.0128996074032529,0.109740138343616
173273.411807,2568866.126422,0.0107212475633528,0.534762833008447,0,0,0.00292397660818713,0.451591942820013
173773.411807,2568866.126422,0.0370574206567602,0.546138323243442,0.0108237020730141,0.00587048248027885,0.0286186020913594,0.371491469455146
174273.411807,2568866.126422,0.0135531135531136,0.43040293040293,0.0379120879120879,0.00421245421245421,0.013003663003663,0.500915750915751
174773.411807,2568866.126422,0.0535779816513761,0.420550458715596,0.0161467889908257,0.0530275229357798,0.164587155963303,0.292110091743119
175273.411807,2568866.126422,0.0379746835443038,0.438084755090809,0.011557512383049,0.0247660979636764,0.191341038341589,0.296275912676573
175773.411807,2568866.126422,0.0593406593406593,0.647252747252747,0.000183150183150183,0.00787545787545788,0.0412087912087912,0.244139194139194
176273.411807,2568866.126422,0.0557798165137615,0.485321100917431,0,0.0242201834862385,0.158165137614679,0.27651376146789
176773.411807,2568866.126422,0.0355898000366905,0.609429462483948,0.001284168042561,0.0108237020730141,0.14547789396441,0.197394973399376
177273.411807,2568866.126422,0.0478021978021978,0.465384615384615,0.00805860805860806,0.00659340659340659,0.0992673992673993,0.372893772893773
177773.411807,2568866.126422,0.0680733944954128,0.247339449541284,0.0165137614678899,0.0743119266055046,0.12954128440367,0.464220183486239
178273.411807,2568866.126422,0.0755824619335902,0.29389102916896,0.0522839845899835,0.0730141258484682,0.130251330031187,0.374977068427811
178773.411807,2568866.126422,0.167399267399267,0.0703296703296703,0.00934065934065934,0.236080586080586,0.0957875457875458,0.421062271062271
179273.411807,2568866.126422,0.0873394495412844,0.253761467889908,0,0.0122935779816514,0.115412844036697,0.531192660550459
179773.411807,2568866.126422,0.0845716382315172,0.56925334800954,0.023115024766098,0.016694184553293,0.0124747752705926,0.29389102916896
180273.411807,2568866.126422,0.0368131868131868,0.561355311355311,0.0133699633699634,0.0228937728937729,0.0448717948717949,0.320695970695971
180773.411807,2568866.126422,0.14697247706422,0.22954128440367,0.0179816513761468,0.10697247706422,0.167889908256881,0.330642201834862
181273.411807,2568866.126422,0.0851219959640433,0.104017611447441,0.00990643918547056,0.127499541368556,0.291322693083838,0.382131718950651
181773.411807,2568866.126422,0.043040293040293,0.507875457875458,0.00549450549450549,0.0126373626373626,0.0956043956043956,0.335347985347985
182273.411807,2568866.126422,0.0796330275229358,0.228440366972477,0.0539449541284404,0.0979816513761468,0.135229357798165,0.404770642201835
182773.411807,2568866.126422,0.0873234268941479,0.125298110438452,0.0440286186020914,0.104751421757476,0.232617868281049,0.405980554026784
183273.411807,2568866.126422,0.0717948717948718,0.135531135531136,0,0.15,0.265018315018315,0.377655677655678
183773.411807,2568866.126422,0.056697247706422,0.370825688073394,0.0111926605504587,0.0247706422018349,0.127339449541284,0.409174311926606
184273.411807,2568866.126422,0.127866446523574,0.247294074481746,0.00091726288754357,0.0410933773619519,0.138139790864062,0.444689047881123
184773.411807,2568866.126422,0.15970695970696,0.26978021978022,0,0.000366300366300366,0.00531135531135531,0.564835164835165
185273.411807,2568866.126422,0.868990825688073,0.00110091743119266,0.0100917431192661,0.0111926605504587,0.0368807339449541,0.071743119266055
185773.411807,2568866.126422,0.684181002243829,0.0306656694091249,0.192782348541511,0.00037397157816006,0.00710545998504114,0.0848915482423336
173273.411807,2568366.126422,0.0249433106575964,0.245869776482021,0.209912536443149,0.0767735665694849,0.0855199222546161,0.356980887593133
173773.411807,2568366.126422,0.0380952380952381,0.537912087912088,0.0307692307692308,0.0184981684981685,0.0791208791208791,0.295604395604396
174273.411807,2568366.126422,0.0148514851485149,0.594792812614595,0.0278694536120279,0.00898423175650898,0.0722405573890722,0.281261459479281
174773.411807,2568366.126422,0.0523809523809524,0.542490842490842,0.000549450549450549,0.00183150183150183,0.0644688644688645,0.338278388278388
175273.411807,2568366.126422,0.0758241758241758,0.467948717948718,0,0.0434065934065934,0.213186813186813,0.1996336996337
175773.411807,2568366.126422,0.0931426475980931,0.085991932526586,0.000183351668500183,0.213054638797213,0.452511917858453,0.155115511551155
176273.411807,2568366.126422,0.109340659340659,0.0805860805860806,0,0.0752747252747253,0.508974358974359,0.225824175824176
176773.411807,2568366.126422,0.0853479853479854,0.344505494505495,0,0.00897435897435897,0.141575091575092,0.41959706959707
177273.411807,2568366.126422,0.0759075907590759,0.333516685001834,0.00623395672900623,0.000366703337000367,0.0304363769710304,0.553538687202054
177773.411807,2568366.126422,0.0663003663003663,0.219413919413919,0.0543956043956044,0.0476190476190476,0.197069597069597,0.415201465201465
178273.411807,2568366.126422,0.13021978021978,0.230586080586081,0.0490842490842491,0.0586080586080586,0.0754578754578755,0.456043956043956
178773.411807,2568366.126422,0.0539053905390539,0.4002566923359,0,0.11972863953062,0.0702236890355702,0.355885588558856
179273.411807,2568366.126422,0.0186813186813187,0.42014652014652,0,0.0435897435897436,0.0730769230769231,0.444505494505494
179773.411807,2568366.126422,0.0580586080586081,0.356959706959707,0.0247252747252747,0.0228937728937729,0.0970695970695971,0.44029304029304
180273.411807,2568366.126422,0.0616061606160616,0.218738540520719,0.0524385771910524,0.118078474514118,0.116061606160616,0.433076640997433
180773.411807,2568366.126422,0.181135531135531,0.0254578754578755,0,0.338644688644689,0.213369963369963,0.241391941391941
181273.411807,2568366.126422,0.0935897435897436,0.0600732600732601,0,0.255677655677656,0.316666666666667,0.273992673992674
181773.411807,2568366.126422,0.0201686835350202,0.564173083975064,0,0.0218188485515218,0.114228089475614,0.27961129446278
182273.411807,2568366.126422,0.0256410256410256,0.568864468864469,0,0,0.0032967032967033,0.402197802197802
182773.411807,2568366.126422,0.021978021978022,0.697985347985348,0.00293040293040293,0.00201465201465201,0.0217948717948718,0.253296703296703
183273.411807,2568366.126422,0.0704070407040704,0.314998166483315,0.0337367070040337,0.0361202786945361,0.128162816281628,0.416574990832417
183773.411807,2568366.126422,0.0377289377289377,0.38956043956044,0.0294871794871795,0.0494505494505494,0.0813186813186813,0.412454212454212
184273.411807,2568366.126422,0.113736263736264,0.205128205128205,0.00421245421245421,0.0858974358974359,0.160989010989011,0.43003663003663
184773.411807,2568366.126422,0.40979097909791,0.118261826182618,0,0.0161349468280161,0.147964796479648,0.307847451411808
185273.411807,2568366.126422,0.863736263736264,0.000549450549450549,0,0.00677655677655678,0.0344322344322344,0.0945054945054945
185773.411807,2568366.126422,0.561239731142644,0.0330470500373413,0.32916355489171,0,0.00522778192681105,0.0713218820014937
173273.411807,2567866.126422,0.0665584415584416,0.340584415584416,0.0181818181818182,0.0344155844155844,0.086038961038961,0.454220779220779
173773.411807,2567866.126422,0.0491472583898771,0.618558591600954,0.00586832935998533,0.000550155877498625,0.0350265908674124,0.290849073904273
174273.411807,2567866.126422,0.0309693971046362,0.674729704966099,0,0,0.0359171706065604,0.258383727322705
174773.411807,2567866.126422,0.0559735731326849,0.396035969902734,0,0.0335841438796109,0.26573683244632,0.248669480638649
175273.411807,2567866.126422,0.115165963689712,0.381991564276545,0.00330093526499175,0.0148542086924629,0.172748945534568,0.31193838254172
175773.411807,2567866.126422,0.113798790544255,0.224665567161444,0,0.0472787245739417,0.264064504306395,0.350192413413964
176273.411807,2567866.126422,0.0721233253808038,0.398054688933749,0,0.0122958340979996,0.172692237107726,0.344833914479721
176773.411807,2567866.126422,0.0513478818998716,0.504309554373739,0,0.000550155877498625,0.0542820465798643,0.389510361269026
177273.411807,2567866.126422,0.0518599963349826,0.307311709730621,0.127359354956936,0.0247388675096207,0.0243723657687374,0.464357705699102
177773.411807,2567866.126422,0.038172141677372,0.380253257478436,0.145531290144981,0.0508350155991925,0.0291796659937603,0.356028629106258
178273.411807,2567866.126422,0.111498257839721,0.260407115349349,0.0363102879149092,0.0254905556574363,0.0638180817898405,0.502475701448744
178773.411807,2567866.126422,0.196628183983874,0.0714678394722375,0,0.0701850833791461,0.170056807769837,0.491662085394906
179273.411807,2567866.126422,0.143696091025876,0.173242796843458,0.00991007524316388,0.0844191594788034,0.144980730409249,0.443751146999449
179773.411807,2567866.126422,0.0414450761048964,0.399046396479002,0.0128369704749679,0.0133871263524665,0.0720704199523198,0.461214010636347
180273.411807,2567866.126422,0.0901594282572842,0.2354773685175,0.00164925783397471,0.270111783030969,0.130474619754444,0.272127542605827
180773.411807,2567866.126422,0.0693705267021472,0.0385391815011929,0.000183519911910442,0.464488897045329,0.221141493852083,0.206276380987337
181273.411807,2567866.126422,0.0539152759948652,0.0238400880249404,0.000366770584999083,0.465248487071337,0.222446359801944,0.234183018521915
181773.411807,2567866.126422,0.0221733553234378,0.426791277258567,0.00348176653839106,0.0221733553234378,0.0696353307678211,0.455744914788345
182273.411807,2567866.126422,0.0159662323362085,0.678840154156726,0,0.00385391815011929,0.063497889521013,0.237841805835933
182773.411807,2567866.126422,0.037593984962406,0.322024573629195,0,0.00348432055749129,0.0632679259123418,0.573629194938566
183273.411807,2567866.126422,0.176287337364852,0.153747480300531,0.0410481949789262,0.0595565328935312,0.186182884368701,0.383177570093458
183773.411807,2567866.126422,0.0645990089924757,0.209763259313636,0.00605615709304459,0.089190677188475,0.194347586713158,0.436043310699211
184273.411807,2567866.126422,0.0887584815697781,0.166697230882083,0.0117366587199707,0.0374105996699065,0.17990097194205,0.515496057216211
184773.411807,2567866.126422,0.134322888033718,0.0410481949789262,0.00824628916987356,0.0529595015576324,0.224115814550119,0.539307311709731
185273.411807,2567866.126422,0.56028629106258,0.0150486327766563,0.0113782345384474,0.0526702147182969,0.120572582125161,0.240044044778859
185773.411807,2567866.126422,0.492615442138717,0.0409422321929333,0.329968218358572,0.0467377079828005,0.00542157412600486,0.0843148252009721
173273.411807,2567366.126422,0.0162443144899285,0.508447043534763,0.00779727095516569,0,0.00292397660818713,0.464587394411956
173773.411807,2567366.126422,0.0884241423592002,0.40377912309668,0,0.00843881856540084,0.102183085672354,0.397174830306366
174273.411807,2567366.126422,0.0549450549450549,0.376556776556777,0,0.00714285714285714,0.116666666666667,0.444688644688645
174773.411807,2567366.126422,0.0719266055045872,0.267339449541284,0,0.0267889908256881,0.277981651376147,0.355963302752294
175273.411807,2567366.126422,0.0500825536598789,0.526692350027518,0,0.00146762062006971,0.0753990093560815,0.346358466336452
175773.411807,2567366.126422,0.0247252747252747,0.78974358974359,0,0.00128205128205128,0.0128205128205128,0.171428571428571
176273.411807,2567366.126422,0.0706422018348624,0.823853211009174,0,0.00146788990825688,0.0227522935779817,0.0812844036697248
176773.411807,2567366.126422,0.0172445422858191,0.787011557512383,0,0.001284168042561,0.0258668134287287,0.168592918730508
177273.411807,2567366.126422,0.0895604395604396,0.327106227106227,0.000183150183150183,0.00274725274725275,0.0604395604395604,0.51996336996337
177773.411807,2567366.126422,0.126238532110092,0.392477064220183,0.00422018348623853,0.00568807339449541,0.0988990825688073,0.372477064220184
178273.411807,2567366.126422,0.0656760227481196,0.359567051917079,0.148780040359567,0.0803522289488167,0.0497156485048615,0.295909007521556
178773.411807,2567366.126422,0.109157509157509,0.326923076923077,0.0851648351648352,0.080952380952381,0.105494505494505,0.292307692307692
179273.411807,2567366.126422,0.127155963302752,0.182752293577982,0,0.0640366972477064,0.0554128440366972,0.570642201834862
179773.411807,2567366.126422,0.0221977618785544,0.463217758209503,0,0.0335718216840947,0.0708126949183636,0.410199963309484
180273.411807,2567366.126422,0.054029304029304,0.241941391941392,0,0.320512820512821,0.168498168498169,0.215018315018315
180773.411807,2567366.126422,0.0258715596330275,0.00697247706422018,0,0.718532110091743,0.222018348623853,0.026605504587156
181273.411807,2567366.126422,0.014125848468171,0.00476976701522656,0,0.662997615116492,0.266923500275179,0.0511832691249312
181773.411807,2567366.126422,0.0935897435897436,0.395421245421245,0,0.0355311355311355,0.0727106227106227,0.402747252747253
182273.411807,2567366.126422,0.185688073394495,0.252844036697248,0.0144954128440367,0.00623853211009174,0.035045871559633,0.505688073394495
182773.411807,2567366.126422,0.0977802238121446,0.203265455879655,0,0.0066042927903137,0.0454962392221611,0.646853788295726
183273.411807,2567366.126422,0.0723443223443224,0.201465201465201,0,0.0163003663003663,0.234798534798535,0.475091575091575
183773.411807,2567366.126422,0.0576146788990826,0.273394495412844,0.0177981651376147,0.0159633027522936,0.043302752293578,0.591926605504587
184273.411807,2567366.126422,0.030820033021464,0.209869748669969,0.0223812144560631,0.0447624289121262,0.0370574206567602,0.655109154283618
184773.411807,2567366.126422,0.182783882783883,0.0706959706959707,0.0305860805860806,0.106959706959707,0.186263736263736,0.422710622710623
185273.411807,2567366.126422,0.299082568807339,0.0455045871559633,0.0715596330275229,0.0838532110091743,0.108256880733945,0.391743119266055
185773.411807,2567366.126422,0.179132385938669,0.0173896783844428,0.68885564697083,0.050299177262528,0.0130890052356021,0.0512341062079282
173273.411807,2566866.126422,0.0440557175251053,0.209588597343699,0,0.000647878198898607,0.0391966310333657,0.706511175898931
173773.411807,2566866.126422,0.146336996336996,0.165567765567766,0,0.00512820512820513,0.0558608058608059,0.627106227106227
174273.411807,2566866.126422,0.163916391639164,0.114961496149615,0,0.00898423175650898,0.132746607994133,0.579391272460579
174773.411807,2566866.126422,0.137912087912088,0.209157509157509,0,0.000915750915750916,0.091025641025641,0.560989010989011
175273.411807,2566866.126422,0.118681318681319,0.431135531135531,0,0.00457875457875458,0.0862637362637363,0.359340659340659
175773.411807,2566866.126422,0.0374037403740374,0.797396406307297,0,0,0.0135680234690136,0.151631829849652
176273.411807,2566866.126422,0.0591575091575092,0.633333333333333,0,0,0.0108058608058608,0.296703296703297
176773.411807,2566866.126422,0.0529304029304029,0.66978021978022,0,0.00146520146520147,0.0512820512820513,0.224542124542125
177273.411807,2566866.126422,0.0716905023835717,0.506600660066007,0,0.0033003300330033,0.0781078107810781,0.34030069673634
177773.411807,2566866.126422,0.0701465201465201,0.533882783882784,0.0794871794871795,0.000366300366300366,0.00457875457875458,0.311538461538462
178273.411807,2566866.126422,0.0507326007326007,0.395970695970696,0.137362637362637,0.0032967032967033,0.0521978021978022,0.36043956043956
178773.411807,2566866.126422,0.0476714338100477,0.51998533186652,0,0.00366703337000367,0.0434543454345435,0.385221855518885
179273.411807,2566866.126422,0.0336996336996337,0.543589743589744,0.00457875457875458,0.000549450549450549,0.00970695970695971,0.407875457875458
179773.411807,2566866.126422,0.0877289377289377,0.15970695970696,0.0181318681318681,0.234798534798535,0.172893772893773,0.326739926739927
180273.411807,2566866.126422,0.275210854418775,0.0229189585625229,0.00238357169050238,0.112027869453612,0.177484415108177,0.40997433076641
180773.411807,2566866.126422,0.0637362637362637,0.00897435897435897,0,0.633333333333333,0.143956043956044,0.15
181273.411807,2566866.126422,0.111538461538462,0.164835164835165,0,0.412271062271062,0.177655677655678,0.133699633699634
181773.411807,2566866.126422,0.103960396039604,0.395672900623396,0.022002200220022,0.0229189585625229,0.0436376971030436,0.411807847451412
182273.411807,2566866.126422,0.156043956043956,0.205677655677656,0.0172161172161172,0.00476190476190476,0.00384615384615385,0.612454212454212
182773.411807,2566866.126422,0.474725274725275,0.03003663003663,0.0137362637362637,0.019047619047619,0.0351648351648352,0.427289377289377
183273.411807,2566866.126422,0.0434543454345435,0.232489915658232,0,0.0152181884855152,0.0891089108910891,0.61972863953062
183773.411807,2566866.126422,0.0252747252747253,0.389010989010989,0,0,0.0137362637362637,0.571978021978022
184273.411807,2566866.126422,0.0223443223443223,0.41959706959707,0,0.000549450549450549,0.0285714285714286,0.528937728937729
184773.411807,2566866.126422,0.194536120278695,0.199303263659699,0.0682068206820682,0.00495049504950495,0.0429042904290429,0.49009900990099
185273.411807,2566866.126422,0.224542124542125,0.0507326007326007,0.210622710622711,0.00366300366300366,0.0142857142857143,0.496153846153846
185773.411807,2566866.126422,0,0,0.951456310679612,0.0485436893203883,0,0
173273.411807,2566366.126422,0.102272727272727,0.115584415584416,0,0.0207792207792208,0.185064935064935,0.576298701298701
173773.411807,2566366.126422,0.188520080689529,0.0214560792224464,0,0.00550155877498625,0.0592334494773519,0.725288831835687
174273.411807,2566366.126422,0.232728605460876,0.0452629649990837,0,0.00494777350192413,0.0954737035000916,0.621586952538025
174773.411807,2566366.126422,0.255643237291246,0.154156726004772,0,0.00568911726922371,0.138374013580473,0.446136905854285
175273.411807,2566366.126422,0.187603154227031,0.343480652851641,0,0.0022006235099945,0.0845406198422887,0.382174949569045
175773.411807,2566366.126422,0.137804654572109,0.441817848634781,0,0.00238226131574125,0.0368334249587686,0.3811618105186
176273.411807,2566366.126422,0.0660671682877592,0.422279317305928,0,0.000367039823820885,0.0357863828225362,0.475500091759956
176773.411807,2566366.126422,0.0392444525949019,0.550706033376123,0,0.000733541169998166,0.0643682376673391,0.344947735191638
177273.411807,2566366.126422,0.0899761773868426,0.370166758292102,0,0.00623052959501558,0.0637713029136888,0.469855231812351
177773.411807,2566366.126422,0.076344283354744,0.394934850431272,0.142962011378235,0.0047715177096715,0.0759772435309231,0.305010093595155
178273.411807,2566366.126422,0.105813313772235,0.343113882266642,0.0676691729323308,0.00275077938749312,0.108380707867229,0.372272143774069
178773.411807,2566366.126422,0.159061755543339,0.215136521898479,0.0650540590067803,0.00934579439252336,0.0681693238042881,0.48323254535459
179273.411807,2566366.126422,0.122774821068086,0.397137089374197,0.00146815929528354,0.02073775004588,0.0600110111947146,0.397871169021839
179773.411807,2566366.126422,0.134421419402164,0.0693196405648267,0.0130203557674674,0.212543554006969,0.188703465982028,0.381991564276545
180273.411807,2566366.126422,0.0696353307678211,0.0298698918819864,0,0.364669232178853,0.302363936228697,0.233461608942642
180773.411807,2566366.126422,0.219122774821068,0.030280785465223,0.0570746926041475,0.222242613323546,0.146081849880712,0.325197283905304
