"x","y","forest","agri","water","built","other","grass"
162273.411807,2613366.126422,0.00256692335900257,0.0451045104510451,0.555188852218555,0.280528052805281,0.037037037037037,0.0795746241290796
162773.411807,2613366.126422,0.000549450549450549,0.173076923076923,0.347619047619048,0.22967032967033,0.126556776556777,0.122527472527473
163273.411807,2613366.126422,0,0.156776556776557,0.516849816849817,0.0333333333333333,0.0921245421245421,0.200915750915751
163773.411807,2613366.126422,0.0033003300330033,0.18976897689769,0.0878254492115878,0.033003300330033,0.116795012834617,0.569306930693069
164273.411807,2613366.126422,0.0983516483516483,0.131318681318681,0.0212454212454212,0.185164835164835,0.179304029304029,0.384615384615385
164773.411807,2613366.126422,0.110989010989011,0.121428571428571,0.0142857142857143,0.271428571428571,0.145787545787546,0.336080586080586
165273.411807,2613366.126422,0.1002933626696,0.235973597359736,0.000733406674000733,0.0361202786945361,0.0792079207920792,0.547671433810048
165773.411807,2613366.126422,0.043040293040293,0.289194139194139,0.0263736263736264,0.0620879120879121,0.0935897435897436,0.485714285714286
166273.411807,2613366.126422,0.0432234432234432,0.339010989010989,0.00952380952380952,0.125457875457875,0.12967032967033,0.353113553113553
166773.411807,2613366.126422,0.0603226989365603,0.319215254858819,0.0344701136780345,0.0924092409240924,0.121562156215622,0.372020535386872
167273.411807,2613366.126422,0.0666666666666667,0.344505494505495,0.00586080586080586,0.0673992673992674,0.104578754578755,0.410989010989011
167773.411807,2613366.126422,0.0857142857142857,0.334065934065934,0.0195970695970696,0.0642857142857143,0.113919413919414,0.382417582417582
168273.411807,2613366.126422,0.0759075907590759,0.301796846351302,0.0077007700770077,0.0707737440410708,0.105427209387605,0.438393839383938
168773.411807,2613366.126422,0.0241758241758242,0.545604395604396,0.013003663003663,0.0305860805860806,0.0538461538461538,0.332783882783883
169273.411807,2613366.126422,0.0289377289377289,0.408058608058608,0.00164835164835165,0.0723443223443224,0.0831501831501831,0.405860805860806
169773.411807,2613366.126422,0.017968463513018,0.366519985331867,0,0.235973597359736,0.0491382471580491,0.33039970663733
170273.411807,2613366.126422,0.023992673992674,0.392124542124542,0,0.000366300366300366,0.00567765567765568,0.577838827838828
170773.411807,2613366.126422,0.0100732600732601,0.501648351648352,0,0.0163003663003663,0.0371794871794872,0.434798534798535
171273.411807,2613366.126422,0.127062706270627,0.362852951961863,0.00311697836450312,0.118628529519619,0.118445177851118,0.26989365603227
171773.411807,2613366.126422,0.0243589743589744,0.60952380952381,0,0.0173992673992674,0.045970695970696,0.302747252747253
172273.411807,2613366.126422,0.0315018315018315,0.487179487179487,0.000183150183150183,0.0336996336996337,0.0646520146520147,0.382783882783883
172773.411807,2613366.126422,0.0621562156215622,0.473047304730473,0,0.0291529152915292,0.0850751741840851,0.350568390172351
173273.411807,2613366.126422,0.239779005524862,0.312044198895028,0.00176795580110497,0.0324861878453039,0.172596685082873,0.241325966850829
162273.411807,2612866.126422,0.00971229613340663,0.129191863661352,0.311526479750779,0.234377863294851,0.0725673446948873,0.242624152464724
162773.411807,2612866.126422,0.00183519911910442,0.0506514956872821,0.470912093962195,0.238942925307396,0.0812993209763259,0.156358964947697
163273.411807,2612866.126422,0,0.044379240784889,0.71190170548322,0.041995231982395,0.0680359435173299,0.133687878232166
163773.411807,2612866.126422,0.013560564412681,0.225032068902327,0.0769653655854865,0.083745647791827,0.117830309693971,0.482866043613707
164273.411807,2612866.126422,0.0877225178931914,0.068452927142595,0.0480822169205359,0.344650394567811,0.167003119838502,0.284088823637365
164773.411807,2612866.126422,0.0674857876398313,0.0416284613973959,0.0517146524848707,0.553273427471117,0.159178433889602,0.126719237117183
165273.411807,2612866.126422,0.0415979475902511,0.176470588235294,0.0694520798973795,0.150082462891699,0.186366135239142,0.376030786146234
165773.411807,2612866.126422,0.0255092677555515,0.231602128830978,0.0578087722517893,0.0721233253808038,0.169755918517159,0.443200587263718
166273.411807,2612866.126422,0.0643682376673391,0.230698697964423,0.0559325142123602,0.165780304419586,0.157894736842105,0.325325508894187
166773.411807,2612866.126422,0.043613707165109,0.427524280740333,0.0047645226314825,0.0637713029136888,0.0764156129741616,0.383910573575224
167273.411807,2612866.126422,0.0590934116351624,0.265186272710589,0.00862543585979079,0.0530372545421178,0.131400256927877,0.482657368324463
167773.411807,2612866.126422,0.0773885934348065,0.234366403814414,0.0258573262424354,0.137538969374656,0.17183201907207,0.353016688061617
168273.411807,2612866.126422,0.0452629649990837,0.355689939527213,0.000549752611324904,0.0560747663551402,0.101704233095107,0.440718343412131
168773.411807,2612866.126422,0.030280785465223,0.410350523031749,0,0.0431271792989539,0.0963479537529822,0.419893558451092
169273.411807,2612866.126422,0.0720704199523198,0.277828718136805,0.0165046763249587,0.131120484137172,0.19218778653952,0.310287914909224
169773.411807,2612866.126422,0.0183250870441635,0.355323437786329,0.0207073483599047,0.0331684075499359,0.0868609125893348,0.485614806670332
170273.411807,2612866.126422,0.0383556615892824,0.382271976509451,0.000550559735731327,0.0798311616810424,0.0629473297852817,0.436043310699211
170773.411807,2612866.126422,0.0324591967724189,0.508527416101229,0.000366770584999083,0.0253071703649367,0.0803227581147992,0.353016688061617
171273.411807,2612866.126422,0.0621220450797141,0.501191130657871,0.000183250870441635,0.0155763239875389,0.0690855781564962,0.351841671247938
171773.411807,2612866.126422,0.0214718296935217,0.438979629289778,0.000734079647641769,0.0596439713708937,0.133051936135071,0.346118553863094
172273.411807,2612866.126422,0.105446543187236,0.213277095176967,0.00275077938749312,0.0647350082523382,0.184668989547038,0.429121584448927
172773.411807,2612866.126422,0.115081546637347,0.546270844786513,0.0120945574491479,0.013560564412681,0.0674363203225215,0.24555616639179
173273.411807,2612866.126422,0.128318584070796,0.346238938053097,0.00420353982300885,0.00486725663716814,0.0314159292035398,0.484955752212389
162773.411807,2612366.126422,0,0.0148623853211009,0.801651376146789,0.0574311926605505,0.0585321100917431,0.0675229357798165
163273.411807,2612366.126422,0,0.00862227114290956,0.881122729774353,0.0297193175564117,0.0544854155200881,0.0260502660062374
163773.411807,2612366.126422,0.000183150183150183,0.225274725274725,0.266300366300366,0.0573260073260073,0.139377289377289,0.311538461538462
164273.411807,2612366.126422,0.063302752293578,0.108807339449541,0.0240366972477064,0.19302752293578,0.207706422018349,0.403119266055046
164773.411807,2612366.126422,0.0431113557145478,0.107319757842598,0.0678774536782242,0.10842047330765,0.0717299578059072,0.601541001651073
165273.411807,2612366.126422,0.0664835164835165,0.0970695970695971,0.0681318681318681,0.0619047619047619,0.0857142857142857,0.620695970695971
165773.411807,2612366.126422,0.0346788990825688,0.256697247706422,0.197981651376147,0.100733944954128,0.136880733944954,0.27302752293578
166273.411807,2612366.126422,0.0324711062190424,0.368556228215006,0.0177949000183453,0.0812694918363603,0.11557512383049,0.384333149880756
166773.411807,2612366.126422,0.0326007326007326,0.436080586080586,0.0256410256410256,0.0254578754578755,0.0771062271062271,0.403113553113553
167273.411807,2612366.126422,0.0203669724770642,0.268256880733945,0.0154128440366972,0.0838532110091743,0.153761467889908,0.458348623853211
167773.411807,2612366.126422,0.0223812144560631,0.354797284901853,0.0465969546872134,0.0588882773802972,0.100348559897267,0.416987708677307
168273.411807,2612366.126422,0.0721611721611722,0.307509157509158,0.00238095238095238,0.0232600732600733,0.0723443223443224,0.522344322344322
168773.411807,2612366.126422,0.021651376146789,0.510275229357798,0,0.00990825688073394,0.0651376146788991,0.39302752293578
169273.411807,2612366.126422,0.0117409649605577,0.555310952118877,0.0124747752705926,0.0168776371308017,0.0741148413135205,0.32948082920565
169773.411807,2612366.126422,0.0395604395604396,0.461721611721612,0.00677655677655678,0.0445054945054945,0.0633699633699634,0.384065934065934
170273.411807,2612366.126422,0.071743119266055,0.296330275229358,0.00422018348623853,0.14256880733945,0.157247706422018,0.327889908256881
170773.411807,2612366.126422,0.0429279031370391,0.513850669601908,0,0.0310034855989727,0.0919097413318657,0.320308200330215
171273.411807,2612366.126422,0.0587912087912088,0.473626373626374,0.00879120879120879,0.076007326007326,0.080952380952381,0.301831501831502
171773.411807,2612366.126422,0.0803669724770642,0.35302752293578,0.00055045871559633,0.0462385321100917,0.0629357798165138,0.456880733944954
172273.411807,2612366.126422,0.101816180517336,0.34800953953403,0.0201797835259585,0.0618235186204366,0.150981471289672,0.317189506512566
172773.411807,2612366.126422,0.0602564102564103,0.617765567765568,0,0.00695970695970696,0.0461538461538462,0.268864468864469
173273.411807,2612366.126422,0.0148197301481973,0.652289316522893,0,0.0046449900464499,0.0269851802698518,0.301260783012608
162773.411807,2611866.126422,0,0.0177655677655678,0.877289377289377,0.0358974358974359,0.0606227106227106,0.00842490842490842
163273.411807,2611866.126422,0,0.0179487179487179,0.929120879120879,0.0152014652014652,0.0271062271062271,0.0106227106227106
163773.411807,2611866.126422,0,0.0577557755775578,0.750641730839751,0.0484048404840484,0.088008800880088,0.0551888522185552
164273.411807,2611866.126422,0.00970695970695971,0.0793040293040293,0.57032967032967,0.165018315018315,0.118864468864469,0.0567765567765568
164773.411807,2611866.126422,0.00586080586080586,0.0831501831501831,0.344505494505495,0.0721611721611722,0.145421245421245,0.348901098901099
165273.411807,2611866.126422,0.0287862119545288,0.0841584158415842,0.532636596993033,0.0984598459845985,0.113678034470114,0.142280894756142
165773.411807,2611866.126422,0.0141025641025641,0.146886446886447,0.375274725274725,0.144688644688645,0.0996336996336996,0.219413919413919
166273.411807,2611866.126422,0.0521978021978022,0.284981684981685,0.0010989010989011,0.010989010989011,0.0661172161172161,0.584615384615385
166773.411807,2611866.126422,0.0346534653465347,0.35020168683535,0.0533553355335534,0.0643564356435644,0.126696002933627,0.370737073707371
167273.411807,2611866.126422,0.0851648351648352,0.229120879120879,0.0375457875457875,0.107142857142857,0.170512820512821,0.370512820512821
167773.411807,2611866.126422,0.0122710622710623,0.316117216117216,0.0935897435897436,0.0510989010989011,0.134249084249084,0.392673992673993
168273.411807,2611866.126422,0.0504217088375504,0.315914924825816,0.144114411441144,0.0102676934360103,0.0485881921525486,0.430693069306931
168773.411807,2611866.126422,0.0351648351648352,0.522893772893773,0.00146520146520147,0.0166666666666667,0.0505494505494506,0.373260073260073
169273.411807,2611866.126422,0.00769230769230769,0.426007326007326,0.0241758241758242,0.0142857142857143,0.0509157509157509,0.476923076923077
169773.411807,2611866.126422,0.00605060506050605,0.37037037037037,0,0.00531719838650532,0.0304363769710304,0.587825449211588
170273.411807,2611866.126422,0.0666666666666667,0.331135531135531,0.00989010989010989,0.100732600732601,0.192124542124542,0.299450549450549
170773.411807,2611866.126422,0.00586080586080586,0.686996336996337,0,0.00366300366300366,0.0152014652014652,0.288278388278388
171273.411807,2611866.126422,0.081958195819582,0.387972130546388,0.0447378071140447,0.0188852218555189,0.0506050605060506,0.415841584158416
171773.411807,2611866.126422,0.0978021978021978,0.556410256410256,0.0230769230769231,0.0010989010989011,0.0331501831501832,0.288461538461538
172273.411807,2611866.126422,0.118315018315018,0.328571428571429,0.00842490842490842,0.133516483516484,0.201648351648352,0.20952380952381
172773.411807,2611866.126422,0.0962596259625963,0.624312431243124,0.000366703337000367,0.0148514851485149,0.0412541254125413,0.222955628896223
173273.411807,2611866.126422,0.0092817679558011,0.724419889502762,0,0.00132596685082873,0.0101657458563536,0.254806629834254
162773.411807,2611366.126422,0,0.0179849513672233,0.841255276197467,0.105707469260415,0.0297302257294917,0.00532207744540283
163273.411807,2611366.126422,0,0.0183385292499542,0.911424903722721,0.0377773702549056,0.0286081056299285,0.00385109114249037
163773.411807,2611366.126422,0.000916254352208173,0.0152098222466557,0.875206157229247,0.0608392889866227,0.0410481949789262,0.00678028220634048
164273.411807,2611366.126422,0.009543035419343,0.0776289227381171,0.70545054138374,0.0545054138374014,0.1036887502294,0.0491833363919985
164773.411807,2611366.126422,0,0.100311754997249,0.3598019438841,0.0405281496423987,0.178800660187053,0.320557491289199
165273.411807,2611366.126422,0.0128275609309144,0.146234194612424,0.453912406083929,0.0709180868609126,0.133040131940627,0.183067619571193
165773.411807,2611366.126422,0.0216553496054322,0.134153055606533,0.0423930996513122,0.0433106992108644,0.0611121306661773,0.697375665259681
166273.411807,2611366.126422,0.0256739409499358,0.264991747661838,0.00806895286997983,0.0944434256372639,0.097194205024757,0.509627727856226
166773.411807,2611366.126422,0.0243723657687374,0.249770936411948,0.0432472054242258,0.0461792193512919,0.102253985706432,0.534176287337365
167273.411807,2611366.126422,0.0561570930445953,0.296017617911543,0.0976325931363553,0.058909891723252,0.111396586529638,0.379886217654615
167773.411807,2611366.126422,0.0198056115899505,0.174032642582065,0.161012286814597,0.088391710984779,0.116449660737209,0.440308087291399
168273.411807,2611366.126422,0.187832142202675,0.264797507788162,0.0177753344328386,0.0252886201209456,0.0645043063954554,0.439802089059923
168773.411807,2611366.126422,0.149752248118921,0.151954487061846,0.0233070288126262,0.0137639933932832,0.0368875022939989,0.624334740319325
169273.411807,2611366.126422,0.0495140289748762,0.0935264991747662,0.011186502842472,0.102512378507244,0.181551439574546,0.561709150926096
169773.411807,2611366.126422,0.0740333516584204,0.461608942642478,0,0.00183250870441635,0.0131940626717977,0.449331134322888
170273.411807,2611366.126422,0.0196366305744173,0.503211598458433,0.0212883097816113,0.00972655533125344,0.0383556615892824,0.407781244265003
170773.411807,2611366.126422,0.0104529616724739,0.534201357051164,0.0649183935448377,0.00990280579497524,0.0729873464148175,0.307537135521731
171273.411807,2611366.126422,0.00769653655854865,0.684075499358622,0.0645043063954554,0.0128275609309144,0.0485614806670332,0.182334616089426
171773.411807,2611366.126422,0.0728574050284456,0.517709671499358,0.00165167920719398,0.0675353275830428,0.131767296751698,0.208478619930262
172273.411807,2611366.126422,0.0907757197872731,0.230882083256923,0.00586832935998533,0.1600953603521,0.221896203924445,0.290482303319274
172773.411807,2611366.126422,0.146783947223749,0.295217152281473,0.00513102437236577,0.0553417628733736,0.160527762506872,0.336998350742166
173273.411807,2611366.126422,0.0207964601769912,0.776106194690266,0,0.00265486725663717,0.015929203539823,0.184513274336283
162773.411807,2610866.126422,0,0.000917431192660551,0.814862385321101,0.177247706422018,0.00678899082568807,0.00018348623853211
163273.411807,2610866.126422,0.000733810310034856,0.00385250412768299,0.880022014309301,0.0972298660796184,0.0091726288754357,0.00898917629792699
163773.411807,2610866.126422,0,0.0243589743589744,0.82967032967033,0.0318681318681319,0.0512820512820513,0.0628205128205128
164273.411807,2610866.126422,0.00715596330275229,0.0693577981651376,0.530091743119266,0.0899082568807339,0.15045871559633,0.15302752293578
164773.411807,2610866.126422,0.0469638598422308,0.103100348559897,0.22821500642084,0.0858558062740782,0.136855622821501,0.399009356081453
165273.411807,2610866.126422,0.00641025641025641,0.205494505494505,0.341758241758242,0.0412087912087912,0.153479853479853,0.251648351648352
165773.411807,2610866.126422,0.036697247706422,0.177247706422018,0.0990825688073395,0.0339449541284404,0.122385321100917,0.530642201834862
166273.411807,2610866.126422,0.0399926618968997,0.27811410750321,0.0163272793982755,0.150247660979637,0.131352045496239,0.383966244725738
166773.411807,2610866.126422,0.0104395604395604,0.235897435897436,0.0010989010989011,0.0142857142857143,0.0225274725274725,0.715750915750916
167273.411807,2610866.126422,0.117247706422018,0.0741284403669725,0.0280733944954128,0.12256880733945,0.155779816513761,0.502201834862385
167773.411807,2610866.126422,0.0275178866263071,0.159970647587599,0.199229499174463,0.157402311502477,0.186571271326362,0.269308383782792
168273.411807,2610866.126422,0.065018315018315,0.437728937728938,0.00934065934065934,0.0510989010989011,0.0606227106227106,0.376190476190476
168773.411807,2610866.126422,0.283302752293578,0.132844036697248,0.00055045871559633,0.00440366972477064,0.0240366972477064,0.554862385321101
169273.411807,2610866.126422,0.0319207484865162,0.293707576591451,0.000550357732526142,0.0137589433131535,0.0495321959273528,0.610530177949
169773.411807,2610866.126422,0.0201465201465201,0.443406593406593,0,0.000183150183150183,0.00384615384615385,0.532417582417582
170273.411807,2610866.126422,0.0585321100917431,0.40256880733945,0.0913761467889908,0.00954128440366972,0.0519266055045872,0.38605504587156
170773.411807,2610866.126422,0.0434782608695652,0.765547605943864,0,0.00165107319757843,0.0170610897083104,0.172261970280682
171273.411807,2610866.126422,0.017032967032967,0.728937728937729,0,0.00384615384615385,0.0613553113553114,0.188827838827839
171773.411807,2610866.126422,0.0546788990825688,0.646238532110092,0,0.00715596330275229,0.0190825688073394,0.272844036697248
172273.411807,2610866.126422,0.0651256650155935,0.513850669601908,0.00825536598789213,0.0236653824986241,0.0537516052100532,0.335351311685929
172773.411807,2610866.126422,0.0963369963369963,0.38003663003663,0.0835164835164835,0.0128205128205128,0.0542124542124542,0.373076923076923
173273.411807,2610866.126422,0.0329573103295731,0.663348816633488,0.0030966600309666,0.0389294403892944,0.0466710904667109,0.214996682149967
162773.411807,2610366.126422,0.00146520146520147,0.0155677655677656,0.796703296703297,0.155494505494505,0.0250915750915751,0.00567765567765568
163273.411807,2610366.126422,0,0.0131868131868132,0.853296703296703,0.11996336996337,0.0135531135531136,0
163773.411807,2610366.126422,0,0.0498716538320499,0.725155848918225,0.096993032636597,0.083975064173084,0.044004400440044
164273.411807,2610366.126422,0.00164835164835165,0.0263736263736264,0.803479853479854,0.0514652014652015,0.0586080586080586,0.0584249084249084
164773.411807,2610366.126422,0.0461538461538462,0.0774725274725275,0.0998168498168498,0.120695970695971,0.11996336996337,0.535897435897436
165273.411807,2610366.126422,0.00678401173450678,0.123028969563623,0.194169416941694,0.198203153648698,0.190869086908691,0.286945361202787
165773.411807,2610366.126422,0.00476190476190476,0.290659340659341,0.196336996336996,0.196886446886447,0.110622710622711,0.200732600732601
166273.411807,2610366.126422,0.0346153846153846,0.10952380952381,0.0100732600732601,0.0851648351648352,0.108608058608059,0.652014652014652
166773.411807,2610366.126422,0.0276861019435277,0.211771177117712,0.0128346167950128,0.0135680234690136,0.0383204987165383,0.695819581958196
167273.411807,2610366.126422,0.0355311355311355,0.12014652014652,0.219413919413919,0.0915750915750916,0.118864468864469,0.414468864468864
167773.411807,2610366.126422,0.0203296703296703,0.171611721611722,0.114652014652015,0.113003663003663,0.13040293040293,0.45
168273.411807,2610366.126422,0.0161349468280161,0.399339933993399,0.102493582691602,0.0364869820315365,0.0548221488815548,0.390722405573891
168773.411807,2610366.126422,0.249450549450549,0.0771062271062271,0.00805860805860806,0.0115384615384615,0.0175824175824176,0.636263736263736
169273.411807,2610366.126422,0.0331501831501832,0.206410256410256,0,0.000915750915750916,0.0141025641025641,0.745421245421245
169773.411807,2610366.126422,0.0295196186285295,0.476897689768977,0,0,0.0011001100110011,0.492482581591492
170273.411807,2610366.126422,0.0249084249084249,0.587545787545788,0.0551282051282051,0.0021978021978022,0.0210622710622711,0.309157509157509
170773.411807,2610366.126422,0.063003663003663,0.667032967032967,0.00347985347985348,0.0278388278388278,0.0831501831501831,0.155494505494505
171273.411807,2610366.126422,0.0438210487715438,0.715621562156216,0.00055005500550055,0.024019068573524,0.0506050605060506,0.165383204987165
171773.411807,2610366.126422,0.0776556776556777,0.618315018315018,0,0.00311355311355311,0.0249084249084249,0.276007326007326
172273.411807,2610366.126422,0.0344322344322344,0.53003663003663,0.0754578754578755,0.0217948717948718,0.0435897435897436,0.294688644688645
172773.411807,2610366.126422,0.026035936927026,0.581774844151082,0.0775577557755776,0.0154015401540154,0.0581224789145581,0.241107444077741
173273.411807,2610366.126422,0.0426519337016575,0.76707182320442,0,0.025414364640884,0.0265193370165746,0.138342541436464
162773.411807,2609866.126422,0,0.0135804734813727,0.834648559368692,0.120022022389429,0.026977427050835,0.0047715177096715
163273.411807,2609866.126422,0.000550155877498625,0.0306253438474234,0.85219145424537,0.0621676141573446,0.0317256556024207,0.0227397762699432
163773.411807,2609866.126422,0.00146600696353308,0.0771486164559282,0.651823346160894,0.15466373465274,0.0828293934396188,0.0320689023272861
164273.411807,2609866.126422,0.00587263718113415,0.0367039823820885,0.697926224995412,0.034868783262984,0.0502844558634612,0.17434391631492
164773.411807,2609866.126422,0.00916926462497708,0.1599119750596,0.574362736108564,0.0302585732624244,0.0832569227947919,0.143040528149642
165273.411807,2609866.126422,0.0131940626717977,0.198827194429174,0.260032985156679,0.113982041414697,0.127542605827378,0.286421110500275
165773.411807,2609866.126422,0.025325747843641,0.21141493852083,0.100018351991191,0.0748761240594605,0.13268489631125,0.455679941273628
166273.411807,2609866.126422,0.0834403080872914,0.127269392994682,0.00458463231248854,0.106730240234733,0.13992297817715,0.538052448193655
166773.411807,2609866.126422,0.0619387942092725,0.15924500641378,0.0260216236027121,0.0203408466190214,0.0806303829943192,0.651823346160894
167273.411807,2609866.126422,0.0335841438796109,0.279684345751514,0.0519361350706552,0.0400073407964764,0.130299137456414,0.464488897045329
167773.411807,2609866.126422,0.0205391527599487,0.145974692829635,0.0392444525949019,0.0254905556574363,0.101778837337246,0.666972308820833
168273.411807,2609866.126422,0.0201575957485798,0.18160161260766,0.0414146967198094,0.0179585853032802,0.0797141286421111,0.65915338097856
168773.411807,2609866.126422,0.00403743806202973,0.128096898513489,0.0266103872270141,0.011194714626537,0.0392732611488346,0.790787300422096
169273.411807,2609866.126422,0.0394278378874014,0.10819732257473,0.00128369704749679,0.00513478818998716,0.0269576379974326,0.818998716302953
169773.411807,2609866.126422,0.105919003115265,0.351291918636614,0.0960234561114165,0.00348176653839106,0.0448964632582005,0.398387392340114
170273.411807,2609866.126422,0.0161497522481189,0.760873554780694,0,0,0.00220223894292531,0.220774454028262
170773.411807,2609866.126422,0.0106363469649734,0.666238767650834,0.00568494406748579,0.00495140289748762,0.0333761232349166,0.279112415184302
171273.411807,2609866.126422,0.0201575957485798,0.740516767454645,0,0.0042147700201576,0.0269378779549203,0.208172988821697
171773.411807,2609866.126422,0.0418425399155808,0.516241512204074,0.0102771150669848,0.0214718296935217,0.135437694989906,0.274729308129932
172273.411807,2609866.126422,0.0467632495873831,0.667155694113332,0.00146708233999633,0.0196222262974509,0.0647350082523382,0.200256739409499
172773.411807,2609866.126422,0.0415979475902511,0.749496060106286,0,0.00842954004031519,0.0174088326919553,0.183067619571193
173273.411807,2609866.126422,0.0192477876106195,0.797566371681416,0,0.00132743362831858,0.015929203539823,0.165929203539823
162773.411807,2609366.126422,0.00018348623853211,0.0304587155963303,0.722018348623853,0.18605504587156,0.0365137614678899,0.0247706422018349
163273.411807,2609366.126422,0.000550357732526142,0.0333883691065859,0.781141075032104,0.0913593835993396,0.0662263804806457,0.0273344340487984
163773.411807,2609366.126422,0,0.12967032967033,0.696886446886447,0.0412087912087912,0.0838827838827839,0.0483516483516484
164273.411807,2609366.126422,0.00165137614678899,0.101100917431193,0.656697247706422,0.0425688073394495,0.0988990825688073,0.0990825688073395
164773.411807,2609366.126422,0.00587048248027885,0.0757659145110989,0.573289304714731,0.112089524857824,0.131718950651257,0.10126582278481
165273.411807,2609366.126422,0.00476190476190476,0.089010989010989,0.601282051282051,0.0474358974358974,0.117948717948718,0.13956043956044
165773.411807,2609366.126422,0.0211009174311927,0.262935779816514,0,0.00972477064220183,0.0335779816513761,0.672660550458716
166273.411807,2609366.126422,0.0953953403045313,0.0643918547055586,0.0185287103283801,0.196661163089341,0.144560631076867,0.480462300495322
166773.411807,2609366.126422,0.0752747252747253,0.0591575091575092,0.0298534798534799,0.408608058608059,0.246520146520147,0.180586080586081
167273.411807,2609366.126422,0.0645871559633028,0.287522935779817,0.0255045871559633,0.0559633027522936,0.106788990825688,0.459633027522936
167773.411807,2609366.126422,0.0181618051733627,0.222344523940561,0.00091726288754357,0.0148596587782058,0.0471473124197395,0.696569436800587
168273.411807,2609366.126422,0.0549450549450549,0.186813186813187,0.0197802197802198,0.126923076923077,0.156593406593407,0.454945054945055
168773.411807,2609366.126422,0.0552293577981651,0.14,0.0289908256880734,0.0198165137614679,0.0293577981651376,0.726605504587156
169273.411807,2609366.126422,0.115391671252981,0.0467804072647221,0,0.0133920381581361,0.0310034855989727,0.793432397725188
169773.411807,2609366.126422,0.0247252747252747,0.156959706959707,0.0785714285714286,0.0485347985347985,0.0776556776556777,0.613553113553114
170273.411807,2609366.126422,0.0473394495412844,0.602201834862385,0.00018348623853211,0.00128440366972477,0.041651376146789,0.307339449541284
170773.411807,2609366.126422,0.023115024766098,0.554026784076316,0,0.00385250412768299,0.0291689598238855,0.389836727206017
171273.411807,2609366.126422,0.0490842490842491,0.484249084249084,0.01996336996337,0.0663003663003663,0.169230769230769,0.211172161172161
171773.411807,2609366.126422,0.0519266055045872,0.485321100917431,0.00642201834862385,0.102752293577982,0.175229357798165,0.178348623853211
172273.411807,2609366.126422,0.0533847000550358,0.378279214822968,0.0335718216840947,0.236653824986241,0.0860392588515869,0.212071179600073
172773.411807,2609366.126422,0.0404761904761905,0.778021978021978,0.000915750915750916,0.0100732600732601,0.0492673992673993,0.121245421245421
173273.411807,2609366.126422,0.004423800044238,0.655164786551648,0.0015483300154833,0.0101747401017474,0.0920150409201504,0.236673302366733
162773.411807,2608866.126422,0,0.0250915750915751,0.743772893772894,0.181318681318681,0.0336996336996337,0.0161172161172161
163273.411807,2608866.126422,0.000366300366300366,0.0267399267399267,0.846520146520147,0.0586080586080586,0.0582417582417582,0.00952380952380952
163773.411807,2608866.126422,0.000366703337000367,0.145581224789146,0.577741107444078,0.0858085808580858,0.114411441144114,0.0760909424275761
164273.411807,2608866.126422,0.00586080586080586,0.157142857142857,0.532234432234432,0.0335164835164835,0.093956043956044,0.177289377289377
164773.411807,2608866.126422,0.00421245421245421,0.136080586080586,0.603113553113553,0.0736263736263736,0.125457875457875,0.0575091575091575
165273.411807,2608866.126422,0.017968463513018,0.109094242757609,0.392189218921892,0.200953428676201,0.159332599926659,0.12046204620462
165773.411807,2608866.126422,0.00622710622710623,0.201831501831502,0.0851648351648352,0.0782051282051282,0.128754578754579,0.49981684981685
166273.411807,2608866.126422,0.0166666666666667,0.136080586080586,0.08003663003663,0.120695970695971,0.104761904761905,0.541758241758242
166773.411807,2608866.126422,0.0326365969930326,0.213421342134213,0.0319031903190319,0.0979097909790979,0.111294462779611,0.512834616795013
167273.411807,2608866.126422,0.0261904761904762,0.196153846153846,0.0470695970695971,0.0443223443223443,0.0626373626373626,0.623626373626374
167773.411807,2608866.126422,0.0183150183150183,0.26996336996337,0.0256410256410256,0.0302197802197802,0.0708791208791209,0.584981684981685
168273.411807,2608866.126422,0.00935093509350935,0.33956729006234,0.0779244591125779,0.0139347268060139,0.0487715438210488,0.51045104510451
168773.411807,2608866.126422,0.0102564102564103,0.192124542124542,0.0879120879120879,0.0353479853479853,0.0639194139194139,0.61043956043956
169273.411807,2608866.126422,0.0324175824175824,0.173626373626374,0.0604395604395604,0.0919413919413919,0.108608058608059,0.532967032967033
169773.411807,2608866.126422,0.0731573157315732,0.224789145581225,0.105060506050605,0.0291529152915292,0.0944261092775944,0.473414008067473
170273.411807,2608866.126422,0.0245421245421245,0.526739926739927,0.00293040293040293,0.00366300366300366,0.0342490842490843,0.407875457875458
170773.411807,2608866.126422,0.0571428571428571,0.680952380952381,0.00146520146520147,0.00970695970695971,0.01996336996337,0.230769230769231
171273.411807,2608866.126422,0.022002200220022,0.588192152548588,0.0374037403740374,0.037953795379538,0.0694902823615695,0.244957829116245
171773.411807,2608866.126422,0.0615384615384615,0.478754578754579,0.000915750915750916,0.0681318681318681,0.117948717948718,0.272710622710623
172273.411807,2608866.126422,0.0338827838827839,0.594322344322344,0,0.0139194139194139,0.0688644688644689,0.289010989010989
172773.411807,2608866.126422,0.0342867620095343,0.719105243857719,0.000183351668500183,0.00348368170150348,0.0291529152915292,0.213788045471214
173273.411807,2608866.126422,0.0497237569060773,0.595359116022099,0.00110497237569061,0.102541436464088,0.10121546961326,0.150055248618785
161273.411807,2608366.126422,0,0,1,0,0,0
162773.411807,2608366.126422,0.00440447788585061,0.0322995044962378,0.748394200770784,0.137272894109011,0.0594604514589833,0.0181684712791338
163273.411807,2608366.126422,0.00916926462497708,0.0432789290298918,0.433522831468916,0.386392811296534,0.0869246286447827,0.0407115349348982
163773.411807,2608366.126422,0.00146600696353308,0.153197727689207,0.47645226314825,0.0916254352208173,0.0853949056258017,0.191863661352391
164273.411807,2608366.126422,0.00293631859056708,0.118186823270325,0.653330886401175,0.0445953385942375,0.0750596439713709,0.105890989172325
164773.411807,2608366.126422,0,0.171465248487071,0.678892352833303,0.0498807995598753,0.0533651201173666,0.046396479002384
165273.411807,2608366.126422,0.00201575957485798,0.112882536192047,0.286054608759392,0.104086494410848,0.189298149166209,0.305662451896647
165773.411807,2608366.126422,0.0167003119838502,0.0739585244999082,0.0422095797394017,0.0532207744540283,0.0574417324279684,0.756469076894843
166273.411807,2608366.126422,0.0276911791674308,0.119567210709701,0.0720704199523198,0.0405281496423987,0.102695763799743,0.637447276728406
166773.411807,2608366.126422,0.021073850100788,0.175920835623969,0.0736668499175371,0.0467289719626168,0.12332783580722,0.559281656587869
167273.411807,2608366.126422,0.0671682877592219,0.202605982749128,0.0772618829142962,0.135804734813727,0.139475133051936,0.37768397871169
167773.411807,2608366.126422,0.0267742527049331,0.0990280579497524,0.111681643132221,0.133504492939666,0.137722354667156,0.491289198606272
168273.411807,2608366.126422,0.0218068535825545,0.231629100238226,0.229430089792927,0.0694520798973795,0.113615539673813,0.3340663368151
168773.411807,2608366.126422,0.0321159845843274,0.501559919251239,0.000917599559552211,0.0126628739218205,0.0328500642319692,0.419893558451092
169273.411807,2608366.126422,0.0315422703099211,0.326975976526683,0.0438290849073904,0.0137538969374656,0.0429121584448927,0.540986612873648
169773.411807,2608366.126422,0.011544804837823,0.551401869158878,0.0324354040681693,0.011544804837823,0.0342679127725857,0.358805204324721
170273.411807,2608366.126422,0.0126628739218205,0.308129932097633,0.0367039823820885,0.0159662323362085,0.0423930996513122,0.584143879610938
170773.411807,2608366.126422,0.0533651201173666,0.223546671556941,0.120484137172199,0.0386942967174033,0.081606455162296,0.482303319273794
171273.411807,2608366.126422,0.0546087593916071,0.509987172439069,0.0053142752428074,0.0291368884002199,0.0643210555250137,0.336631849001283
171773.411807,2608366.126422,0.039823820884566,0.608001468159295,0,0.0122958340979996,0.0660671682877592,0.27381170857038
172273.411807,2608366.126422,0.0876581698147808,0.506693563176233,0.000916926462497708,0.0198056115899505,0.0740876581698148,0.310838070786723
172773.411807,2608366.126422,0.0595565328935312,0.505955653289353,0.00439802089059923,0.0749496060106286,0.11324903793293,0.241891148982958
173273.411807,2608366.126422,0.0922566371681416,0.554424778761062,0.00154867256637168,0.0550884955752212,0.0933628318584071,0.203318584070796
161273.411807,2607866.126422,0,0,0.769724770642202,0.230275229357798,0,0
162773.411807,2607866.126422,0,0.0174311926605505,0.777798165137615,0.140733944954128,0.046605504587156,0.0174311926605505
163273.411807,2607866.126422,0,0.0390753990093561,0.493303980920932,0.395340304531279,0.0473307649972482,0.0249495505411851
163773.411807,2607866.126422,0.0102564102564103,0.0661172161172161,0.243589743589744,0.246703296703297,0.0847985347985348,0.348534798534799
164273.411807,2607866.126422,0.00110091743119266,0.106788990825688,0.634678899082569,0.0988990825688073,0.0867889908256881,0.071743119266055
164773.411807,2607866.126422,0.00385250412768299,0.161988625940194,0.512383048981838,0.0511832691249312,0.126765731058521,0.143826820766832
165273.411807,2607866.126422,0.00695970695970696,0.124725274725275,0.0694139194139194,0.0217948717948718,0.10989010989011,0.667216117216117
165773.411807,2607866.126422,0.0291743119266055,0.0594495412844037,0.0335779816513761,0.248990825688073,0.169174311926606,0.459633027522936
166273.411807,2607866.126422,0.0405430196294258,0.100898917629793,0.149146945514584,0.258668134287287,0.138690148596588,0.312052834342323
166773.411807,2607866.126422,0.015018315018315,0.215018315018315,0.288827838827839,0.0487179487179487,0.122344322344322,0.31007326007326
167273.411807,2607866.126422,0.028256880733945,0.16348623853211,0.228256880733945,0.0352293577981651,0.10954128440367,0.435229357798165
167773.411807,2607866.126422,0.0407264722069345,0.315905338470006,0.144927536231884,0.0959456980370574,0.150798018712163,0.251696936341956
168273.411807,2607866.126422,0.0146520146520147,0.683516483516484,0,0.00256410256410256,0.0208791208791209,0.278388278388278
168773.411807,2607866.126422,0.0253211009174312,0.646238532110092,0,0.000917431192660551,0.0190825688073394,0.308440366972477
169273.411807,2607866.126422,0.0449458814896349,0.364703724087323,0.0221977618785544,0.0319207484865162,0.0662263804806457,0.470005503577325
169773.411807,2607866.126422,0.0311355311355311,0.554395604395604,0.000549450549450549,0.03003663003663,0.0624542124542125,0.321428571428571
170273.411807,2607866.126422,0.0205504587155963,0.547522935779816,0.0104587155963303,0.0172477064220183,0.0588990825688073,0.345321100917431
170773.411807,2607866.126422,0.0229315721885892,0.378279214822968,0.00825536598789213,0.112456430012842,0.119977985690699,0.35809943129701
171273.411807,2607866.126422,0.0807692307692308,0.469230769230769,0.0135531135531136,0.0223443223443223,0.0600732600732601,0.354029304029304
171773.411807,2607866.126422,0.0574311926605505,0.485871559633028,0.00348623853211009,0.0928440366972477,0.108623853211009,0.251743119266055
172273.411807,2607866.126422,0.0997982021647404,0.166024582645386,0.0302696752889378,0.227114290955788,0.107319757842598,0.36947349110255
172773.411807,2607866.126422,0.0681318681318681,0.0412087912087912,0.0485347985347985,0.496520146520147,0.243589743589744,0.102014652014652
173273.411807,2607866.126422,0.159699181596992,0.104401681044017,0.0285335102853351,0.234903782349038,0.230922362309224,0.241539482415395
162773.411807,2607366.126422,0,0.041025641025641,0.780586080586081,0.11043956043956,0.0527472527472527,0.0152014652014652
163273.411807,2607366.126422,0,0.0756410256410256,0.797802197802198,0.0412087912087912,0.0465201465201465,0.0388278388278388
163773.411807,2607366.126422,0.00165016501650165,0.114961496149615,0.437293729372937,0.191602493582692,0.121195452878621,0.133296662999633
164273.411807,2607366.126422,0.00457875457875458,0.202930402930403,0.502564102564103,0.0402930402930403,0.127289377289377,0.122344322344322
164773.411807,2607366.126422,0,0.0586080586080586,0.502930402930403,0.0135531135531136,0.114285714285714,0.310622710622711
165273.411807,2607366.126422,0.00421708837550422,0.103777044371104,0.00788412174550788,0.00531719838650532,0.0287862119545288,0.85001833516685
165773.411807,2607366.126422,0.0148351648351648,0.0771062271062271,0.36978021978022,0.0816849816849817,0.146886446886447,0.30970695970696
166273.411807,2607366.126422,0.0032967032967033,0.0763736263736264,0.325091575091575,0.262454212454212,0.117032967032967,0.215750915750916
166773.411807,2607366.126422,0.00733406674000733,0.244224422442244,0.0429042904290429,0.024019068573524,0.0278694536120279,0.653648698203154
167273.411807,2607366.126422,0.0428571428571429,0.278754578754579,0.0173992673992674,0.0534798534798535,0.0782051282051282,0.529304029304029
167773.411807,2607366.126422,0.0375457875457875,0.477106227106227,0.0021978021978022,0.0880952380952381,0.105128205128205,0.28992673992674
168273.411807,2607366.126422,0.0368536853685369,0.649064906490649,0,0.000916758342500917,0.00806747341400807,0.305097176384305
168773.411807,2607366.126422,0.0379120879120879,0.419413919413919,0.000366300366300366,0.0360805860805861,0.0642857142857143,0.441941391941392
169273.411807,2607366.126422,0.0536630036630037,0.253846153846154,0.0212454212454212,0.208608058608059,0.247435897435897,0.215201465201465
169773.411807,2607366.126422,0.0126512651265127,0.556288962229556,0.0099009900990099,0.0177851118445178,0.0311697836450312,0.372203887055372
170273.411807,2607366.126422,0.0205128205128205,0.559157509157509,0,0.00402930402930403,0.0201465201465201,0.396153846153846
170773.411807,2607366.126422,0.0505494505494506,0.428021978021978,0.00879120879120879,0.0602564102564103,0.125824175824176,0.326556776556777
171273.411807,2607366.126422,0.0368536853685369,0.541804180418042,0.00146681334800147,0.0803080308030803,0.0713237990465713,0.268243491015768
171773.411807,2607366.126422,0.0424908424908425,0.496336996336996,0.00274725274725275,0.0415750915750916,0.0961538461538462,0.320695970695971
172273.411807,2607366.126422,0.0421245421245421,0.487362637362637,0.0225274725274725,0.127472527472527,0.142490842490842,0.178021978021978
172773.411807,2607366.126422,0.0535386872020535,0.526035936927026,0.00311697836450312,0.0836083608360836,0.114594792812615,0.219105243857719
173273.411807,2607366.126422,0.010828729281768,0.667845303867403,0.00375690607734807,0.0718232044198895,0.106298342541436,0.139447513812155
160773.411807,2606866.126422,0,0,1,0,0,0
161273.411807,2606866.126422,0,0,0.985685446870985,0.0143145531290145,0,0
162773.411807,2606866.126422,0.000550559735731327,0.0431271792989539,0.661038722701413,0.178197834465039,0.0710222059093412,0.046063497889521
163273.411807,2606866.126422,0,0.0590500641848524,0.754263708050614,0.0564826700898588,0.0330093526499175,0.097194205024757
