"x","y","forest","agri","water","built","other","grass"
186273.411807,2599366.126422,0.0680640602920396,0.0329722091380122,0,0.674752708431465,0.158266603862459,0.0659444182760245
186773.411807,2599366.126422,0.0657001284639383,0.0401908607083869,0,0.53110662506882,0.272710589098917,0.0902917966599376
187273.411807,2599366.126422,0.0902255639097744,0.0962772785622593,0.0113698881349716,0.312488538419219,0.316339629561709,0.173299101412067
187773.411807,2599366.126422,0.0996884735202492,0.238042880703683,0,0.0410481949789262,0.120395821880154,0.500824628916987
188273.411807,2599366.126422,0.0972655533125344,0.315654248485961,0,0.0820334006239677,0.202055423013397,0.30299137456414
188773.411807,2599366.126422,0.0388776820099028,0.613607188703466,0,0.0315422703099211,0.0135705116449661,0.302402347331744
189273.411807,2599366.126422,0.189847901777533,0.145501191130658,0.00293201392706615,0.00403151914971596,0.0089792926516401,0.648708081363386
189773.411807,2599366.126422,0.113965865296385,0.439530189025509,0,0.0554230133969536,0.0822169205358781,0.308864011745274
190273.411807,2599366.126422,0.0152209792774619,0.807078672290482,0,0.00293416467999266,0.00476801760498808,0.169998166147075
190773.411807,2599366.126422,0.0370166758292102,0.732453729155213,0,0.0322521531977277,0.0555250137438153,0.142752428074033
191273.411807,2599366.126422,0.100752431638833,0.267388511653514,0.000550559735731327,0.187740869884382,0.229216369976142,0.214351257111397
191773.411807,2599366.126422,0.101595452044746,0.252338162479369,0.00311754997249221,0.168531083807079,0.197872730607005,0.276545021089309
192273.411807,2599366.126422,0.0859446582371266,0.497159611508155,0,0.0448964632582005,0.042147700201576,0.329851566794942
192773.411807,2599366.126422,0.118920902917967,0.280968985134887,0,0.112314186089191,0.141493852082951,0.346302073775005
193273.411807,2599366.126422,0.268842838804328,0.153676875114616,0,0.17990097194205,0.148908857509628,0.248670456629378
193773.411807,2599366.126422,0.146967198094191,0.0212571009712296,0.00274876305662452,0.29595015576324,0.177203591717061,0.355873190397654
194273.411807,2599366.126422,0.0455129381537897,0.0141310332171041,0.000917599559552211,0.775555147733529,0.135621214901817,0.0282620664342081
194773.411807,2599366.126422,0.166330460297084,0.0748211993398129,0,0.100678525582248,0.0882083256922795,0.569961489088575
195273.411807,2599366.126422,0.100054975261132,0.0568077698369067,0,0.0784313725490196,0.072200842954004,0.692505039398937
195773.411807,2599366.126422,0.320976325931364,0.0163332721600294,0,0.173059276931547,0.155257845476234,0.334373279500826
196273.411807,2599366.126422,0.353750229231616,0.0229231615624427,0,0.0133871263524665,0.0599669906473501,0.549972492206125
196773.411807,2599366.126422,0.409015942825728,0.00329851566794942,0,0.0502107385010079,0.0989554700384827,0.438519332966832
197273.411807,2599366.126422,0.417874839420077,0.181134153055607,0,0.0330335841438796,0.0989172325197284,0.269040190860708
197773.411807,2599366.126422,0.268476068219329,0.0119200440124702,0,0.0165046763249587,0.079589216944801,0.623509994498441
198273.411807,2599366.126422,0.192230163093275,0.0439802089059923,0,0.0382994319223016,0.157045995968481,0.568444200109951
198773.411807,2599366.126422,0.412839844642449,0.0116518163125428,0,0.0507196710075394,0.180717386337674,0.344071281699794
186273.411807,2598866.126422,0.0101224105461394,0.615348399246704,0,0.151365348399247,0.0273069679849341,0.195856873822976
186773.411807,2598866.126422,0.0488073394495413,0.483853211009174,0,0.131926605504587,0.111192660550459,0.224220183486239
187273.411807,2598866.126422,0.0809025866813429,0.426894147862777,0,0.0889745000917263,0.124013942395891,0.279214822968263
187773.411807,2598866.126422,0.0712454212454212,0.395787545787546,0,0.00347985347985348,0.0912087912087912,0.438278388278388
188273.411807,2598866.126422,0.130825688073395,0.0864220183486239,0,0.302201834862385,0.245871559633028,0.234678899082569
188773.411807,2598866.126422,0.0726472206934507,0.303614015776922,0,0.1284168042561,0.119427627958173,0.375894331315355
189273.411807,2598866.126422,0.11996336996337,0.392857142857143,0.00146520146520147,0.0705128205128205,0.191941391941392,0.223260073260073
189773.411807,2598866.126422,0.0930275229357798,0.368990825688073,0,0.0878899082568807,0.188073394495413,0.262018348623853
190273.411807,2598866.126422,0.080168776371308,0.299761511649239,0,0.0886075949367089,0.190607228031554,0.340854889011191
190773.411807,2598866.126422,0.0935897435897436,0.305311355311355,0,0.0864468864468864,0.195421245421245,0.319230769230769
191273.411807,2598866.126422,0.149724770642202,0.16605504587156,0.00036697247706422,0.119266055045872,0.139449541284404,0.425137614678899
191773.411807,2598866.126422,0.139974316639149,0.0242157402311502,0.002568336085122,0.521922583012291,0.221243808475509,0.0900752155567786
192273.411807,2598866.126422,0.141758241758242,0.0175824175824176,0.00201465201465201,0.644688644688645,0.151465201465201,0.0424908424908425
192773.411807,2598866.126422,0.0577981651376147,0.0196330275229358,0.00146788990825688,0.673394495412844,0.171559633027523,0.0761467889908257
193273.411807,2598866.126422,0.188405797101449,0.0722803155384333,0.00476976701522656,0.364336818932306,0.159053384700055,0.21115391671253
193773.411807,2598866.126422,0.278754578754579,0.0591575091575092,0.00641025641025641,0.221978021978022,0.116300366300366,0.317399267399267
194273.411807,2598866.126422,0.11651376146789,0.0264220183486239,0,0.478165137614679,0.268256880733945,0.110642201834862
194773.411807,2598866.126422,0.177582095028435,0.0216474041460283,0,0.310401761144744,0.241423592001468,0.248945147679325
195273.411807,2598866.126422,0.304761904761905,0.0241758241758242,0,0.24981684981685,0.116666666666667,0.304578754578755
195773.411807,2598866.126422,0.148623853211009,0.0236697247706422,0.00036697247706422,0.505688073394495,0.248623853211009,0.0730275229357798
196273.411807,2598866.126422,0.363969913777289,0.0332049165290772,0,0.0919097413318657,0.190607228031554,0.320308200330215
196773.411807,2598866.126422,0.134249084249084,0.0212454212454212,0.000732600732600733,0.376923076923077,0.286996336996337,0.17985347985348
197273.411807,2598866.126422,0.288256880733945,0.0130275229357798,0,0.0552293577981651,0.141834862385321,0.501651376146789
197773.411807,2598866.126422,0.487800403595671,0.00440286186020914,0,0.0280682443588332,0.10988809392772,0.369840396257567
198273.411807,2598866.126422,0.44010989010989,0.0144688644688645,0,0.039010989010989,0.14981684981685,0.356593406593407
198773.411807,2598866.126422,0.650376798355789,0.000228362639872117,0,0.0114181319936058,0.0388216487782599,0.299155058232473
186273.411807,2598366.126422,0.0433246997880857,0.430892394631505,0,0.000235460324935248,0.00235460324935248,0.523192842006122
186773.411807,2598366.126422,0.0441391941391941,0.481684981684982,0.00604395604395604,0.0250915750915751,0.0858974358974359,0.357142857142857
187273.411807,2598366.126422,0.0952380952380952,0.193589743589744,0.000183150183150183,0.212454212454212,0.251282051282051,0.247252747252747
187773.411807,2598366.126422,0.0691235790245691,0.341034103410341,0,0.00971763843050972,0.0821415474880821,0.497983131646498
188273.411807,2598366.126422,0.0346153846153846,0.52032967032967,0,0.0249084249084249,0.0492673992673993,0.370879120879121
188773.411807,2598366.126422,0.0494505494505494,0.521428571428571,0,0.0554945054945055,0.0626373626373626,0.310989010989011
189273.411807,2598366.126422,0.0361202786945361,0.557022368903557,0,0.0304363769710304,0.0311697836450312,0.345251191785845
189773.411807,2598366.126422,0.0826007326007326,0.373809523809524,0,0.0505494505494506,0.133150183150183,0.35989010989011
190273.411807,2598366.126422,0.188827838827839,0.155128205128205,0,0.109157509157509,0.309340659340659,0.237545787545788
190773.411807,2598366.126422,0.211771177117712,0.166850018335167,0.00275027502750275,0.0551888522185552,0.185185185185185,0.378254492115878
191273.411807,2598366.126422,0.231684981684982,0.0858974358974359,0.000549450549450549,0.217582417582418,0.166849816849817,0.297435897435897
191773.411807,2598366.126422,0.0597069597069597,0.0247252747252747,0.0102564102564103,0.71025641025641,0.156593406593407,0.0384615384615385
192273.411807,2598366.126422,0.0940594059405941,0.0251191785845251,0.000366703337000367,0.658415841584158,0.142464246424642,0.0795746241290796
192773.411807,2598366.126422,0.14047619047619,0.0282051282051282,0.000366300366300366,0.5496336996337,0.179304029304029,0.102014652014652
193273.411807,2598366.126422,0.0635531135531135,0.0175824175824176,0.000732600732600733,0.751465201465201,0.14047619047619,0.0261904761904762
193773.411807,2598366.126422,0.218188485515218,0.0443711037770444,0,0.258892555922259,0.161349468280161,0.317198386505317
194273.411807,2598366.126422,0.204212454212454,0.0307692307692308,0.00128205128205128,0.356410256410256,0.254578754578755,0.152747252747253
194773.411807,2598366.126422,0.171611721611722,0.0201465201465201,0.000549450549450549,0.342124542124542,0.268131868131868,0.197435897435897
195273.411807,2598366.126422,0.224605793912725,0.0170517051705171,0.000366703337000367,0.314998166483315,0.253392005867253,0.18958562522919
195773.411807,2598366.126422,0.241208791208791,0.0227106227106227,0.000549450549450549,0.393040293040293,0.217948717948718,0.124542124542125
196273.411807,2598366.126422,0.654578754578755,0.0124542124542125,0,0.00476190476190476,0.0518315018315018,0.276373626373626
196773.411807,2598366.126422,0.504583791712505,0.0170517051705171,0,0.0293362669600293,0.141180784745141,0.307847451411808
197273.411807,2598366.126422,0.47948717948718,0.0214285714285714,0,0.0271062271062271,0.0897435897435897,0.382234432234432
197773.411807,2598366.126422,0.347985347985348,0.00641025641025641,0,0.0159340659340659,0.0666666666666667,0.563003663003663
198273.411807,2598366.126422,0.436927026035937,0.0172350568390172,0,0.0218188485515218,0.101210121012101,0.422808947561423
198773.411807,2598366.126422,0.638831850330824,0.0027378507871321,0,0.000684462696783025,0.0130047912388775,0.344741044946384
186273.411807,2597866.126422,0.0282618935468676,0.0680640602920396,0,0.00211964201601507,0.11822892133773,0.783325482807348
186773.411807,2597866.126422,0.00311983850247752,0.315654248485961,0,0.00183519911910442,0.0928610754266838,0.586529638465774
187273.411807,2597866.126422,0.0698697964423253,0.124885384192188,0,0.01998899688245,0.0374105996699065,0.74784522281313
187773.411807,2597866.126422,0.115631299248671,0.176837089976177,0.000366501740883269,0.00494777350192413,0.0441634597764339,0.65805387575591
188273.411807,2597866.126422,0.0102771150669848,0.733712607817948,0,0,0.0034868783262984,0.252523398788769
188773.411807,2597866.126422,0.0386942967174033,0.640748211993398,0,0,0.00605171465248487,0.314505776636714
189273.411807,2597866.126422,0.0518599963349826,0.425691772035917,0,0.0540590067802822,0.138171156312992,0.330218068535826
189773.411807,2597866.126422,0.0901082767480272,0.204991741603964,0,0.0680858873187741,0.370893741971004,0.265920352358231
190273.411807,2597866.126422,0.0636346964973409,0.284613973959288,0,0.0491472583898771,0.168347698514579,0.434256372638914
190773.411807,2597866.126422,0.226681326736302,0.117463807953088,0.000366501740883269,0.103903243540407,0.161077515118197,0.390507604911123
191273.411807,2597866.126422,0.0972655533125344,0.0425766195632226,0.0012846393833731,0.550559735731327,0.196916865479905,0.111396586529638
191773.411807,2597866.126422,0.0654685494223363,0.0293416467999266,0.00385109114249037,0.652484870713369,0.168897854392078,0.0799559875298001
192273.411807,2597866.126422,0.030602895363753,0.0152098222466557,0.00366501740883269,0.833241707898112,0.100421477002016,0.0168590800806304
192773.411807,2597866.126422,0.0833180400073408,0.0356028629106258,0.000367039823820885,0.627271058909892,0.152505046797578,0.100935951550743
193273.411807,2597866.126422,0.0333761232349166,0.0124701998899688,0.000183385292499542,0.791124151843022,0.125985695947185,0.0368604437924078
193773.411807,2597866.126422,0.0536925050393989,0.0126443100604728,0,0.766171889316474,0.118013560564413,0.0494777350192413
194273.411807,2597866.126422,0.0664342081115801,0.028629106258029,0.000183519911910442,0.679757753716278,0.158377683978712,0.0666177280234905
194773.411807,2597866.126422,0.0757381258023107,0.0135705116449661,0.000916926462497708,0.725655602420686,0.154410416284614,0.0297084173849257
195273.411807,2597866.126422,0.312992486714312,0.015026571376214,0.000366501740883269,0.283855598314092,0.242074399853399,0.1456844420011
195773.411807,2597866.126422,0.743806202973023,0.0137639933932832,0,0.0012846393833731,0.0317489447605065,0.209396219489815
196273.411807,2597866.126422,0.220245736291949,0.039611223179901,0,0.0075187969924812,0.0909591050797726,0.641665138455896
196773.411807,2597866.126422,0.355140186915888,0.0113615539673813,0.00549752611324904,0.101887483965549,0.234561114165292,0.291552134872641
197273.411807,2597866.126422,0.206276380987337,0.0214718296935217,0.000734079647641769,0.231051569095247,0.27803266654432,0.262433474031932
197773.411807,2597866.126422,0.278562259306804,0.0234733174399413,0,0.146524848707134,0.379790940766551,0.171648633779571
198273.411807,2597866.126422,0.519149715961151,0.00403151914971596,0,0.00733003481766538,0.0685358255451713,0.400952904526297
198773.411807,2597866.126422,0.406214302033356,0.0180488919351154,0,0.0696824308887366,0.205620287868403,0.300434087274389
186273.411807,2597366.126422,0.0550847457627119,0.251883239171375,0,0.00329566854990584,0.0440207156308851,0.645715630885122
186773.411807,2597366.126422,0.0746788990825688,0.284770642201835,0,0.00018348623853211,0.026605504587156,0.613761467889908
187273.411807,2597366.126422,0.0119244175380664,0.555310952118877,0,0.000183452577508714,0.00476976701522656,0.427811410750321
187773.411807,2597366.126422,0.0249084249084249,0.115567765567766,0,0.000915750915750916,0.22967032967033,0.628937728937729
188273.411807,2597366.126422,0.130091743119266,0.182201834862385,0.00348623853211009,0.00477064220183486,0.114862385321101,0.564587155963303
188773.411807,2597366.126422,0.0528343423225096,0.500091726288754,0.00495321959273528,0.00165107319757843,0.0260502660062374,0.414419372592185
189273.411807,2597366.126422,0.0591575091575092,0.484065934065934,0,0.00805860805860806,0.0617216117216117,0.386996336996337
189773.411807,2597366.126422,0.0174311926605505,0.60697247706422,0,0.00954128440366972,0.015045871559633,0.351009174311927
190273.411807,2597366.126422,0.0544854155200881,0.30379746835443,0,0.019262520638415,0.071179600073381,0.551274995413686
190773.411807,2597366.126422,0.305311355311355,0.157142857142857,0.00128205128205128,0.0554945054945055,0.111538461538462,0.369230769230769
191273.411807,2597366.126422,0.148807339449541,0.0414678899082569,0.00073394495412844,0.288807339449541,0.208256880733945,0.311926605504587
191773.411807,2597366.126422,0.0733810310034856,0.0310034855989727,0.00972298660796184,0.586130985140341,0.197211520821868,0.102549990827371
192273.411807,2597366.126422,0.0639194139194139,0.0230769230769231,0.000732600732600733,0.697435897435897,0.137179487179487,0.0776556776556777
192773.411807,2597366.126422,0.0339449541284404,0.0132110091743119,0.00293577981651376,0.779816513761468,0.139266055045872,0.0308256880733945
193273.411807,2597366.126422,0.0332049165290772,0.0108237020730141,0.00293524124013942,0.866629976151165,0.0715465052283985,0.0148596587782058
193773.411807,2597366.126422,0.0267399267399267,0.00842490842490842,0.000732600732600733,0.885164835164835,0.0785714285714286,0.000366300366300366
194273.411807,2597366.126422,0.0422018348623853,0.0113761467889908,0,0.834311926605505,0.0981651376146789,0.0139449541284404
194773.411807,2597366.126422,0.0568702990277013,0.0221977618785544,0,0.724270776004403,0.127316088791048,0.0693450742982939
195273.411807,2597366.126422,0.24047619047619,0.0258241758241758,0.00128205128205128,0.304395604395604,0.258974358974359,0.169047619047619
195773.411807,2597366.126422,0.234495412844037,0.0176146788990826,0.000917431192660551,0.380917431192661,0.274495412844037,0.0915596330275229
196273.411807,2597366.126422,0.466336452027151,0.0146762062006971,0.000550357732526142,0.201797835259585,0.192258301229132,0.124380847550908
196773.411807,2597366.126422,0.407509157509158,0.0558608058608059,0.131868131868132,0.0862637362637363,0.101282051282051,0.217216117216117
197273.411807,2597366.126422,0.566238532110092,0.0177981651376147,0.0862385321100917,0.0499082568807339,0.0908256880733945,0.188990825688073
197773.411807,2597366.126422,0.653641533663548,0.064758759860576,0.168959823885526,0.00183452577508714,0.00495321959273528,0.105852137222528
198273.411807,2597366.126422,0.885714285714286,0.000366300366300366,0,0,0.00146520146520147,0.112454212454212
198773.411807,2597366.126422,0.821192052980132,0.000456725279744234,0,0.000228362639872117,0.00616579127654716,0.171957067823704
186273.411807,2596866.126422,0.106663527195668,0.186013656698846,0,0.0162467624205321,0.13727336943725,0.553802684247704
186773.411807,2596866.126422,0.0635531135531135,0.374725274725275,0,0.000915750915750916,0.0271062271062271,0.533699633699634
187273.411807,2596866.126422,0.19047619047619,0.25,0,0.0010989010989011,0.0302197802197802,0.528205128205128
187773.411807,2596866.126422,0.00843417675100843,0.0500550055005501,0,0.0397873120645398,0.16043270993766,0.741290795746241
188273.411807,2596866.126422,0.121428571428571,0.00915750915750916,0,0.056959706959707,0.147619047619048,0.664835164835165
188773.411807,2596866.126422,0.133516483516484,0.0236263736263736,0,0.0161172161172161,0.0935897435897436,0.733150183150183
189273.411807,2596866.126422,0.07004033736707,0.388705537220389,0,0.0705903923725706,0.137147048038137,0.333516685001834
189773.411807,2596866.126422,0.0672161172161172,0.368681318681319,0,0.124725274725275,0.107875457875458,0.331501831501831
190273.411807,2596866.126422,0.0783882783882784,0.221978021978022,0,0.270695970695971,0.213553113553114,0.215384615384615
190773.411807,2596866.126422,0.164283094976164,0.0654565456545655,0.0011001100110011,0.302346901356802,0.177117711771177,0.28969563623029
191273.411807,2596866.126422,0.0626373626373626,0.0283882783882784,0.00641025641025641,0.633516483516483,0.181318681318681,0.0877289377289377
191773.411807,2596866.126422,0.0716117216117216,0.0311355311355311,0,0.590842490842491,0.196153846153846,0.11025641025641
192273.411807,2596866.126422,0.0762742940960763,0.0132013201320132,0.000733406674000733,0.645214521452145,0.180968096809681,0.0836083608360836
192773.411807,2596866.126422,0.0421245421245421,0.0172161172161172,0,0.789194139194139,0.128571428571429,0.0228937728937729
193273.411807,2596866.126422,0.0406593406593407,0.017032967032967,0.000915750915750916,0.808424908424908,0.114285714285714,0.0186813186813187
193773.411807,2596866.126422,0.123028969563623,0.0286028602860286,0.000366703337000367,0.54950495049505,0.171983865053172,0.126512651265127
194273.411807,2596866.126422,0.0924908424908425,0.0331501831501832,0,0.575641025641026,0.191941391941392,0.106776556776557
194773.411807,2596866.126422,0.0661172161172161,0.0117216117216117,0,0.703479853479854,0.186996336996337,0.0316849816849817
195273.411807,2596866.126422,0.215438210487715,0.0157682434910158,0,0.42959295929593,0.205170517051705,0.134030069673634
195773.411807,2596866.126422,0.429487179487179,0.0496336996336996,0.00293040293040293,0.0771062271062271,0.138461538461538,0.302380952380952
196273.411807,2596866.126422,0.414835164835165,0.0194139194139194,0,0.0871794871794872,0.116117216117216,0.362454212454212
196773.411807,2596866.126422,0.213971397139714,0.104510451045105,0.543087642097543,0.0346534653465347,0.0011001100110011,0.102676934360103
197273.411807,2596866.126422,0.516483516483517,0.0558608058608059,0.272710622710623,0.00512820512820513,0.0298534798534799,0.11996336996337
197773.411807,2596866.126422,0.661355311355311,0.00824175824175824,0.00659340659340659,0.0232600732600733,0.0901098901098901,0.21043956043956
198273.411807,2596866.126422,0.960946094609461,0,0,0,0,0.0390539053905391
198773.411807,2596866.126422,0.873146246862879,0,0,0.000228154232261008,0.000228154232261008,0.126397444672599
186273.411807,2596366.126422,0.0263777673104098,0.138954309938766,0,0.0141309467734338,0.0897315120113048,0.730805463966086
186773.411807,2596366.126422,0.133051936135071,0.281703064782529,0.00110111947146265,0.00715727656450725,0.0117452743622683,0.565241328684162
187273.411807,2596366.126422,0.292682926829268,0.00513478818998716,0,0.000366770584999083,0.0247570144874381,0.677058499908307
187773.411807,2596366.126422,0.0216236027121129,0.00879604178119846,0,0.153014476818765,0.122594832325454,0.69397104636247
188273.411807,2596366.126422,0.261882914296201,0.0159662323362085,0,0.0389062213250138,0.0745090842356396,0.608735547806937
188773.411807,2596366.126422,0.0951769668072621,0.127636163579681,0,0.0414450761048964,0.0944434256372639,0.641298367870897
189273.411807,2596366.126422,0.0621220450797141,0.293201392706615,0,0.196628183983874,0.180685358255452,0.267363019974345
189773.411807,2596366.126422,0.0768948430904753,0.151770967149936,0,0.206826940723068,0.165167920719398,0.399339328317122
190273.411807,2596366.126422,0.140289748762149,0.0489638730973776,0,0.324225197139189,0.175132954337062,0.311388226664222
190773.411807,2596366.126422,0.147333699835074,0.0502107385010079,0,0.298515667949423,0.132673630199743,0.371266263514752
191273.411807,2596366.126422,0.181501192879427,0.0438612589465957,0,0.299504496237842,0.218755734997247,0.256377316938888
191773.411807,2596366.126422,0.196589033559509,0.0271410232899321,0.000916926462497708,0.526315789473684,0.128919860627178,0.1201173665872
192273.411807,2596366.126422,0.0714678394722375,0.0168590800806304,0.000733003481766538,0.757925600146601,0.102253985706432,0.0507604911123328
192773.411807,2596366.126422,0.0357863828225362,0.0196366305744173,0.00201871903101487,0.814461369058543,0.108827307762892,0.0192695907505964
193273.411807,2596366.126422,0.139006051714652,0.0407115349348982,0.00421786172748946,0.570328259673574,0.187419768934531,0.0583165230148542
193773.411807,2596366.126422,0.135972145867693,0.0120945574491479,0.00146600696353308,0.572475719259666,0.185449880886934,0.0925416895730255
194273.411807,2596366.126422,0.113965865296385,0.0262433474031932,0.000367039823820885,0.620847861993026,0.155624885300055,0.0829510001835199
194773.411807,2596366.126422,0.114249037227214,0.0205391527599487,0,0.609389326975976,0.197139189437007,0.0586832935998533
195273.411807,2596366.126422,0.109034267912773,0.024555616639179,0.00274876305662452,0.477185266630016,0.257467472970497,0.129008612790911
195773.411807,2596366.126422,0.281703064782529,0.0163332721600294,0.000917599559552211,0.349972472013213,0.155808405211966,0.195265186272711
196273.411807,2596366.126422,0.732807628828168,0.00641848523748395,0.0022006235099945,0.00568494406748579,0.0590500641848524,0.193838254172015
196773.411807,2596366.126422,0.0137438152831226,0.0423309510720176,0.850100787978743,0.0199743448781382,0.0128275609309144,0.0610225398570643
197273.411807,2596366.126422,0.454578821802166,0.0345017434391632,0.0666177280234905,0.0691870067902367,0.1950816663608,0.180033033584144
197773.411807,2596366.126422,0.837520630845406,0.00201723821749496,0,0.00311754997249221,0.0324591967724189,0.124885384192188
198273.411807,2596366.126422,0.892248488180319,0.0287703866593366,0,0.000366501740883269,0.0053142752428074,0.0733003481766538
198773.411807,2596366.126422,0.649074708704592,0.00913867946081791,0,0.0047978067169294,0.0509481379940599,0.286040667123601
186273.411807,2595866.126422,0.112758945386064,0.0972222222222222,0,0.01530131826742,0.099105461393597,0.675612052730697
186773.411807,2595866.126422,0.30697247706422,0.0820183486238532,0,0.00238532110091743,0.0172477064220183,0.591376146788991
187273.411807,2595866.126422,0.90295358649789,0.000183452577508714,0,0,0.000550357732526142,0.0963126031920749
187773.411807,2595866.126422,0.0293040293040293,0.0163003663003663,0,0.0578754578754579,0.125641025641026,0.770879120879121
188273.411807,2595866.126422,0.0715596330275229,0.0214678899082569,0,0.0836697247706422,0.164587155963303,0.658715596330275
188773.411807,2595866.126422,0.0183452577508714,0.528159970647588,0,0.000183452577508714,0.0427444505595304,0.410566868464502
189273.411807,2595866.126422,0.010989010989011,0.654212454212454,0,0,0.00659340659340659,0.328205128205128
189773.411807,2595866.126422,0.0422018348623853,0.489174311926605,0,0.06,0.101100917431193,0.307522935779816
190273.411807,2595866.126422,0.06989543203082,0.0678774536782242,0.000183452577508714,0.27958172812328,0.202164740414603,0.380297193175564
190773.411807,2595866.126422,0.0763736263736264,0.108058608058608,0,0.417399267399267,0.193223443223443,0.204945054945055
191273.411807,2595866.126422,0.179816513761468,0.111009174311927,0,0.262385321100917,0.179449541284404,0.267339449541284
191773.411807,2595866.126422,0.0935608145294441,0.0425609979820216,0.000183452577508714,0.476793248945148,0.171528159970648,0.21537332599523
192273.411807,2595866.126422,0.0478021978021978,0.00842490842490842,0.000915750915750916,0.816666666666667,0.103663003663004,0.0225274725274725
192773.411807,2595866.126422,0.201834862385321,0.0152293577981651,0,0.351559633027523,0.240917431192661,0.19045871559633
193273.411807,2595866.126422,0.20968629609246,0.0122913226930838,0,0.418455329297377,0.190056870299028,0.169510181618052
193773.411807,2595866.126422,0.095970695970696,0.0173992673992674,0.000366300366300366,0.597252747252747,0.188278388278388,0.100732600732601
194273.411807,2595866.126422,0.12,0.0295412844036697,0.00073394495412844,0.588623853211009,0.169174311926606,0.0919266055045872
194773.411807,2595866.126422,0.127316088791048,0.0449458814896349,0.000183452577508714,0.57347275729224,0.169510181618052,0.0845716382315172
195273.411807,2595866.126422,0.13956043956044,0.0417582417582418,0,0.437728937728938,0.267765567765568,0.113186813186813
195773.411807,2595866.126422,0.359633027522936,0.0697247706422018,0,0.252110091743119,0.148256880733945,0.170275229357798
196273.411807,2595866.126422,0.446340121078701,0.0214639515685195,0,0.00972298660796184,0.0530177949000183,0.469455145844799
196773.411807,2595866.126422,0.341025641025641,0.0397435897435897,0.0774725274725275,0.0236263736263736,0.136996336996337,0.381135531135531
197273.411807,2595866.126422,0.42605504587156,0.0196330275229358,0,0.0645871559633028,0.222385321100917,0.267339449541284
197773.411807,2595866.126422,0.631260319207485,0.0126582278481013,0,0.00293524124013942,0.0352228948816731,0.317923316822601
198273.411807,2595866.126422,0.840842490842491,0.0862637362637363,0,0,0.00421245421245421,0.0686813186813187
198773.411807,2595866.126422,0.685544644896095,0.011646494633478,0,0.00479561543731446,0.0865494405115323,0.21146380452158
186273.411807,2595366.126422,0.0346126677654815,0.42665410878267,0,0.00494466682364022,0.0560395573345891,0.477748999293619
186773.411807,2595366.126422,0.0402930402930403,0.28040293040293,0,0,0.0545787545787546,0.624725274725275
187273.411807,2595366.126422,0.778754578754579,0.00274725274725275,0,0,0.00531135531135531,0.213186813186813
187773.411807,2595366.126422,0.0242024202420242,0.0456545654565457,0,0.0251191785845251,0.112211221122112,0.792812614594793
188273.411807,2595366.126422,0.0152014652014652,0.0296703296703297,0,0.0472527472527473,0.167399267399267,0.740476190476191
188773.411807,2595366.126422,0.118864468864469,0.332967032967033,0,0.0507326007326007,0.16007326007326,0.337362637362637
189273.411807,2595366.126422,0.0229189585625229,0.418408507517418,0,0.00348368170150348,0.0564723138980565,0.498716538320499
189773.411807,2595366.126422,0.0408424908424908,0.336446886446886,0,0.00183150183150183,0.0232600732600733,0.597619047619048
190273.411807,2595366.126422,0.0807692307692308,0.174908424908425,0.00274725274725275,0.110805860805861,0.184065934065934,0.446703296703297
190773.411807,2595366.126422,0.0597726439310598,0.0726072607260726,0,0.325815914924826,0.183535020168684,0.358269160249358
191273.411807,2595366.126422,0.0758241758241758,0.163369963369963,0,0.111538461538462,0.143223443223443,0.506043956043956
191773.411807,2595366.126422,0.0976190476190476,0.155494505494505,0,0.2496336996337,0.130952380952381,0.366300366300366
192273.411807,2595366.126422,0.230839750641731,0.0669233590025669,0,0.24019068573524,0.143381004767143,0.318665199853319
192773.411807,2595366.126422,0.277472527472527,0.0175824175824176,0,0.326373626373626,0.158424908424908,0.22014652014652
193273.411807,2595366.126422,0.122527472527473,0.0851648351648352,0.000183150183150183,0.500732600732601,0.171428571428571,0.11996336996337
193773.411807,2595366.126422,0.0434543454345435,0.201503483681702,0,0.432709937660433,0.0738907224055739,0.248441510817748
194273.411807,2595366.126422,0.17032967032967,0.0580586080586081,0.000732600732600733,0.274908424908425,0.21043956043956,0.285531135531136
194773.411807,2595366.126422,0.12985347985348,0.0490842490842491,0,0.26978021978022,0.118315018315018,0.432967032967033
195273.411807,2595366.126422,0.222038870553722,0.115328199486615,0,0.048954895489549,0.074990832416575,0.538687202053539
195773.411807,2595366.126422,0.230769230769231,0.0338827838827839,0.00970695970695971,0.251098901098901,0.176923076923077,0.297619047619048
196273.411807,2595366.126422,0.26007326007326,0.0298534798534799,0.000183150183150183,0.120695970695971,0.148168498168498,0.441025641025641
196773.411807,2595366.126422,0.316648331499817,0.0326365969930326,0.000733406674000733,0.0396039603960396,0.0834250091675834,0.526952695269527
197273.411807,2595366.126422,0.239194139194139,0.0580586080586081,0.00146520146520147,0.0467032967032967,0.120512820512821,0.534065934065934
197773.411807,2595366.126422,0.353846153846154,0.056959706959707,0,0.021978021978022,0.133516483516484,0.433699633699634
198273.411807,2595366.126422,0.429226255958929,0.221488815548222,0,0.00513384671800513,0.0856252291895856,0.258525852585259
198773.411807,2595366.126422,0.678074378279717,0.0428929956650696,0,0.000684462696783025,0.00524754734200319,0.273100616016427
186273.411807,2594866.126422,0.00942063118228921,0.367404616109279,0,0.00023551577955723,0.00565237870937353,0.617286858219501
186773.411807,2594866.126422,0.0768948430904753,0.0187190310148651,0,0.00110111947146265,0.028629106258029,0.874655900165168
187273.411807,2594866.126422,0.659636897120851,0.00146708233999633,0,0,0.004401247019989,0.334494773519164
187773.411807,2594866.126422,0.0423309510720176,0.0262048744731537,0,0.0798973795125527,0.0962067069818582,0.755360087960418
188273.411807,2594866.126422,0,0.079647641769132,0,0.0631308496971921,0.178197834465039,0.679023674068636
188773.411807,2594866.126422,0.152209792774619,0.01998899688245,0,0.335228314689162,0.286447826884284,0.206125068769485
189273.411807,2594866.126422,0.207073483599047,0.112516034451164,0.000733003481766538,0.111416529228514,0.211654755360088,0.356606193879421
189773.411807,2594866.126422,0.115066984767847,0.159478803450174,0.000367039823820885,0.0541383740135805,0.22829877041659,0.442650027527987
190273.411807,2594866.126422,0.0823399963322941,0.249220612506877,0.000366770584999083,0.10819732257473,0.197139189437007,0.362736108564093
190773.411807,2594866.126422,0.12222833058457,0.0875939160711013,0,0.195345427890782,0.210555250137438,0.384277075316108
191273.411807,2594866.126422,0.0877225178931914,0.227564690768948,0,0.0721233253808038,0.09543035419343,0.517159111763626
191773.411807,2594866.126422,0.0871080139372822,0.185219145424537,0,0.131670640014671,0.124518613607189,0.471483587016321
192273.411807,2594866.126422,0.12662635147517,0.0910756826094924,0,0.260032985156679,0.149715961150815,0.372549019607843
192773.411807,2594866.126422,0.104606349788952,0.0288126261699394,0,0.552761974674252,0.21178197834465,0.102037071022206
193273.411807,2594866.126422,0.0363102879149092,0.127636163579681,0.0022006235099945,0.409315972858977,0.132587566477169,0.29194938565927
193773.411807,2594866.126422,0.251603445116364,0.062671797691039,0,0.0212571009712296,0.0447132123877588,0.619754443833608
194273.411807,2594866.126422,0.240227564690769,0.115434024591668,0.00201871903101487,0.17030647825289,0.144430170673518,0.327583042760139
194773.411807,2594866.126422,0.0630845406198423,0.0401613790573996,0.00458463231248854,0.688245002750779,0.094810196222263,0.109114249037227
195273.411807,2594866.126422,0.104636247022173,0.0450797141286421,0.000183250870441635,0.601062855048561,0.173172072567345,0.0758658603628367
195773.411807,2594866.126422,0.168287759221876,0.100752431638833,0,0.151403927326115,0.0851532391264452,0.494402642686732
196273.411807,2594866.126422,0.178067119017055,0.111314872547222,0,0.122684760682193,0.203557674674491,0.384375573079039
196773.411807,2594866.126422,0.15026571376214,0.0414146967198094,0,0.0674363203225215,0.109034267912773,0.631849001282756
197273.411807,2594866.126422,0.209212699577904,0.0726738851165352,0.000550559735731327,0.0787300422095797,0.0723068452927143,0.566525968067535
197773.411807,2594866.126422,0.34384742343664,0.0711534934898221,0.00238400880249404,0.102512378507244,0.0922428021272694,0.38785989363653
198273.411807,2594866.126422,0.325270295033901,0.0577240241891149,0,0.00623052959501558,0.0408649441084845,0.569910207073484
198773.411807,2594866.126422,0.598811971670094,0.00456933973040896,0,0.00731094356865433,0.0169065570025131,0.37240118802833
186273.411807,2594366.126422,0.0101224105461394,0.0743879472693032,0,0.000941619585687382,0.051789077212806,0.862758945386064
186773.411807,2594366.126422,0.22348623853211,0.0638532110091743,0,0.00073394495412844,0.0286238532110092,0.683302752293578
187273.411807,2594366.126422,0.359750504494588,0.0909924784443221,0,0.00146762062006971,0.0310034855989727,0.516785910842047
187773.411807,2594366.126422,0.0177655677655678,0.0315018315018315,0,0.138644688644689,0.253846153846154,0.558241758241758
188273.411807,2594366.126422,0.0209174311926606,0.0223853211009174,0,0.0779816513761468,0.11394495412844,0.764770642201835
188773.411807,2594366.126422,0.0986974866996881,0.111172261970281,0,0.131902403228765,0.172261970280682,0.485965877820583
189273.411807,2594366.126422,0.0838827838827839,0.283516483516484,0,0.0804029304029304,0.134432234432234,0.417765567765568
189773.411807,2594366.126422,0.0823853211009174,0.234862385321101,0,0.0607339449541284,0.187522935779817,0.434495412844037
190273.411807,2594366.126422,0.128600256833609,0.233718583746102,0,0.126582278481013,0.195560447624289,0.315538433314988
190773.411807,2594366.126422,0.0628205128205128,0.281318681318681,0,0.00421245421245421,0.0194139194139194,0.632234432234432
191273.411807,2594366.126422,0.044954128440367,0.40697247706422,0,0.0462385321100917,0.0644036697247706,0.43743119266055
191773.411807,2594366.126422,0.146762062006971,0.118143459915612,0.00091726288754357,0.270042194092827,0.138873601174097,0.32526141992295
192273.411807,2594366.126422,0.0241758241758242,0.27032967032967,0,0.215934065934066,0.152014652014652,0.337545787545788
192773.411807,2594366.126422,0.0585321100917431,0.306238532110092,0,0.0739449541284404,0.130825688073395,0.43045871559633
193273.411807,2594366.126422,0.0091726288754357,0.233168226013575,0,0.0410933773619519,0.102549990827371,0.614015776921666
193773.411807,2594366.126422,0.182417582417582,0.142490842490842,0,0.0194139194139194,0.0608058608058608,0.594871794871795
194273.411807,2594366.126422,0.215596330275229,0.0535779816513761,0,0.335779816513761,0.128990825688073,0.26605504587156
194773.411807,2594366.126422,0.0599889928453495,0.0130251330031187,0,0.738396624472574,0.155751238304898,0.0328380113740598
195273.411807,2594366.126422,0.119047619047619,0.141941391941392,0,0.421978021978022,0.19981684981685,0.117216117216117
195773.411807,2594366.126422,0.17651376146789,0.0506422018348624,0,0.332477064220183,0.218532110091743,0.221834862385321
196273.411807,2594366.126422,0.215189873417722,0.0487983856173179,0,0.145110988809393,0.142726105301779,0.448174646853788
196773.411807,2594366.126422,0.149084249084249,0.0181318681318681,0,0.322161172161172,0.219413919413919,0.291208791208791
197273.411807,2594366.126422,0.220366972477064,0.0372477064220183,0,0.141100917431193,0.148990825688073,0.452293577981651
197773.411807,2594366.126422,0.19977985690699,0.0627407815079802,0.00311869381764814,0.098147128967162,0.16125481563016,0.474958723170061
198273.411807,2594366.126422,0.303113553113553,0.0454212454212454,0.000549450549450549,0.0906593406593407,0.0868131868131868,0.473443223443223
198773.411807,2594366.126422,0.476592829413108,0.0246631651061886,0.023521351906828,0.102763187942453,0.0301438684631194,0.342315597168303
186273.411807,2593866.126422,0.0579232399340711,0.0970096538733223,0,0.00164822227454674,0.0289616199670356,0.814457263951024
186773.411807,2593866.126422,0.0119047619047619,0.177472527472527,0,0.00146520146520147,0.0223443223443223,0.786813186813187
187273.411807,2593866.126422,0.0144688644688645,0.167582417582418,0,0,0.0164835164835165,0.801465201465202
187773.411807,2593866.126422,0.00788412174550788,0.267693436010268,0,0.0011001100110011,0.0577557755775578,0.665566556655666
188273.411807,2593866.126422,0.157692307692308,0.139010989010989,0,0.00787545787545788,0.0725274725274725,0.622893772893773
188773.411807,2593866.126422,0.0796703296703297,0.401831501831502,0,0.000366300366300366,0.0313186813186813,0.486813186813187
189273.411807,2593866.126422,0.0298863219655299,0.256508984231756,0.0022002200220022,0.00953428676200953,0.0271360469380271,0.674734140080675
189773.411807,2593866.126422,0.0492673992673993,0.294505494505495,0,0.0613553113553114,0.188827838827839,0.406043956043956
190273.411807,2593866.126422,0.134249084249084,0.222710622710623,0,0.0496336996336996,0.142490842490842,0.450915750915751
190773.411807,2593866.126422,0.0496883021635497,0.272643931059773,0,0.0476714338100477,0.108360836083608,0.521635496883022
191273.411807,2593866.126422,0.0756410256410256,0.225457875457875,0,0.27967032967033,0.171978021978022,0.247252747252747
191773.411807,2593866.126422,0.0906593406593407,0.0619047619047619,0,0.481135531135531,0.223626373626374,0.142673992673993
192273.411807,2593866.126422,0.0755408874220755,0.0410707737440411,0,0.552071873854052,0.15951595159516,0.171800513384672
192773.411807,2593866.126422,0.00732600732600733,0.175641025641026,0,0.0274725274725275,0.116117216117216,0.673443223443223
193273.411807,2593866.126422,0.00549450549450549,0.0747252747252747,0,0.0102564102564103,0.120695970695971,0.788827838827839
193773.411807,2593866.126422,0.297396406307297,0.0916758342500917,0,0.0124679134580125,0.0537220388705537,0.544737807114045
194273.411807,2593866.126422,0.245238095238095,0.0831501831501831,0,0.213369963369963,0.121428571428571,0.336813186813187
194773.411807,2593866.126422,0.0716117216117216,0.056043956043956,0.000549450549450549,0.334615384615385,0.199267399267399,0.337912087912088
195273.411807,2593866.126422,0.145031169783645,0.177117711771177,0,0.00641730839750642,0.0500550055005501,0.621378804547121
195773.411807,2593866.126422,0.23040293040293,0.0291208791208791,0.00989010989010989,0.0617216117216117,0.16996336996337,0.498901098901099
196273.411807,2593866.126422,0.17967032967033,0.11043956043956,0.0258241758241758,0.0148351648351648,0.123992673992674,0.545238095238095
196773.411807,2593866.126422,0.179134580124679,0.103593692702604,0,0.121378804547121,0.154932159882655,0.440960762742941
197273.411807,2593866.126422,0.197069597069597,0.032051282051282,0,0.0646520146520147,0.231868131868132,0.474358974358974
197773.411807,2593866.126422,0.288278388278388,0.0928571428571429,0,0.0628205128205128,0.130586080586081,0.425457875457875
198273.411807,2593866.126422,0.235423542354235,0.0267693436010268,0,0.140630729739641,0.185735240190686,0.411441144114411
