"x","y","forest","agri","water","built","other","grass"
186773.411807,2627366.126422,0.0700651769087523,0.373603351955307,0.0037243947858473,0.0283985102420857,0.159217877094972,0.364990689013035
187273.411807,2627366.126422,0.0113953488372093,0.612558139534884,0,0.0027906976744186,0.0337209302325581,0.33953488372093
187773.411807,2627366.126422,0.0336895910780669,0.508364312267658,0,0.0120817843866171,0.0799256505576208,0.365938661710037
188273.411807,2627366.126422,0.106378026070764,0.342411545623836,0.00162942271880819,0.0500465549348231,0.220204841713222,0.279329608938547
188773.411807,2627366.126422,0.0311627906976744,0.477674418604651,0,0.0134883720930233,0.0734883720930233,0.404186046511628
189273.411807,2627366.126422,0.0527416356877323,0.638940520446097,0,0.00441449814126394,0.046003717472119,0.257899628252788
189773.411807,2627366.126422,0.0700651769087523,0.643156424581006,0,0.032122905027933,0.0872905027932961,0.167364990689013
190273.411807,2627366.126422,0.10046511627907,0.451860465116279,0.00162790697674419,0.0958139534883721,0.175116279069767,0.175116279069767
190773.411807,2627366.126422,0.124302973977695,0.527184014869889,0.00627323420074349,0.029042750929368,0.0734200743494424,0.239776951672862
191273.411807,2627366.126422,0.0616852886405959,0.692039106145251,0.00116387337057728,0.0574953445065177,0.0651769087523277,0.12243947858473
191773.411807,2627366.126422,0.0618604651162791,0.727906976744186,0,0.00767441860465116,0.0162790697674419,0.186279069767442
192273.411807,2627366.126422,0.0701672862453532,0.687267657992565,0.000232342007434944,0.0218401486988848,0.0213754646840149,0.199117100371747
192773.411807,2627366.126422,0.130353817504655,0.56610800744879,0,0.0311918063314711,0.102188081936685,0.170158286778399
193273.411807,2627366.126422,0.057906976744186,0.76046511627907,0.000232558139534884,0.0458139534883721,0.0311627906976744,0.104418604651163
193773.411807,2627366.126422,0.0151022304832714,0.685873605947955,0,0.0120817843866171,0.0202137546468401,0.266728624535316
194273.411807,2627366.126422,0.10963687150838,0.42877094972067,0,0.0879888268156425,0.161312849162011,0.212290502793296
194773.411807,2627366.126422,0.0546511627906977,0.448139534883721,0.000232558139534884,0.0476744186046512,0.0883720930232558,0.36093023255814
195273.411807,2627366.126422,0.0529739776951673,0.62639405204461,0,0.0137081784386617,0.0738847583643123,0.233039033457249
195773.411807,2627366.126422,0.0647113594040968,0.558659217877095,0,0.00349162011173184,0.0723929236499069,0.300744878957169
196273.411807,2627366.126422,0.0995348837209302,0.378604651162791,0.000930232558139535,0.062093023255814,0.126511627906977,0.332325581395349
196773.411807,2627366.126422,0.0662174721189591,0.315752788104089,0.0146375464684015,0.294842007434944,0.176347583643123,0.132202602230483
197273.411807,2627366.126422,0.12243947858473,0.36987895716946,0.000931098696461825,0.074487895716946,0.138035381750466,0.294227188081937
197773.411807,2627366.126422,0.0725581395348837,0.466046511627907,0,0.0355813953488372,0.072093023255814,0.353720930232558
198273.411807,2627366.126422,0.308317843866171,0.091542750929368,0.00139405204460967,0.0922397769516729,0.138011152416357,0.368494423791822
198773.411807,2627366.126422,0.0705712914066251,0.0355256841094575,0.0057609217474796,0.548487758041287,0.287806048967835,0.0518482957273164
186773.411807,2626866.126422,0.0489010989010989,0.576923076923077,0.000732600732600733,0.015018315018315,0.0404761904761905,0.317948717948718
187273.411807,2626866.126422,0.120695970695971,0.462637362637363,0,0.0043956043956044,0.0437728937728938,0.368498168498169
187773.411807,2626866.126422,0.142280894756142,0.420975430876421,0,0.00495049504950495,0.0429042904290429,0.388888888888889
188273.411807,2626866.126422,0.0428571428571429,0.736813186813187,0.000366300366300366,0.000549450549450549,0.0111721611721612,0.208241758241758
188773.411807,2626866.126422,0.0822344322344322,0.426923076923077,0,0.000183150183150183,0.0304029304029304,0.46025641025641
189273.411807,2626866.126422,0.0740740740740741,0.6001100110011,0.000183351668500183,0.00183351668500183,0.0326365969930326,0.291162449578291
189773.411807,2626866.126422,0.160989010989011,0.495970695970696,0,0.000732600732600733,0.021978021978022,0.32032967032967
190273.411807,2626866.126422,0.104029304029304,0.415018315018315,0.00824175824175824,0.00860805860805861,0.0311355311355311,0.432967032967033
190773.411807,2626866.126422,0.138797213054639,0.402456912357902,0.0033003300330033,0.0473047304730473,0.0392372570590392,0.368903557022369
191273.411807,2626866.126422,0.134249084249084,0.24010989010989,0.0100732600732601,0.179120879120879,0.201648351648352,0.234798534798535
191773.411807,2626866.126422,0.05,0.523443223443223,0,0.0205128205128205,0.0216117216117216,0.384432234432234
192273.411807,2626866.126422,0.101026769343601,0.494132746607994,0,0.0044004400440044,0.0432709937660433,0.357169050238357
192773.411807,2626866.126422,0.0514652014652015,0.648168498168498,0,0.00238095238095238,0.0157509157509158,0.282234432234432
193273.411807,2626866.126422,0.0197802197802198,0.777106227106227,0,0.000183150183150183,0.00164835164835165,0.201282051282051
193773.411807,2626866.126422,0.0423542354235424,0.731023102310231,0,0.00275027502750275,0.0196186285295196,0.204253758709204
194273.411807,2626866.126422,0.0562271062271062,0.532783882783883,0,0.01996336996337,0.0963369963369963,0.294688644688645
194773.411807,2626866.126422,0.0346153846153846,0.527289377289377,0,0.00695970695970696,0.0783882783882784,0.352747252747253
195273.411807,2626866.126422,0.00293362669600293,0.628529519618629,0,0.00165016501650165,0.0595892922625596,0.307297396406307
195773.411807,2626866.126422,0.0445054945054945,0.609340659340659,0,0.00274725274725275,0.0639194139194139,0.279487179487179
196273.411807,2626866.126422,0.0157509157509158,0.514468864468864,0,0.000732600732600733,0.0375457875457875,0.431501831501832
196773.411807,2626866.126422,0.0617895122845618,0.485331866519985,0,0.0627062706270627,0.121562156215622,0.268610194352769
197273.411807,2626866.126422,0.0547619047619048,0.562454212454212,0,0.0311355311355311,0.0554945054945055,0.296153846153846
197773.411807,2626866.126422,0.054029304029304,0.558424908424908,0,0.0494505494505494,0.0443223443223443,0.293772893772894
198273.411807,2626866.126422,0.099009900990099,0.390905757242391,0,0.0405207187385405,0.0784745141180785,0.391089108910891
198773.411807,2626866.126422,0.0831612539891121,0.406607846818096,0,0.114886427632814,0.0963018584569176,0.29904261310306
186773.411807,2626366.126422,0.026977427050835,0.616810423930996,0.000734079647641769,0.0216553496054322,0.0339511837034318,0.299871536061663
187273.411807,2626366.126422,0.0214560792224464,0.675591417568311,0,0.0196222262974509,0.0269576379974326,0.256372638914359
187773.411807,2626366.126422,0.0166758292101887,0.616455928165659,0,0.0223566061938794,0.061205790727506,0.283305845702767
188273.411807,2626366.126422,0.0928610754266838,0.641769131950817,0.00201871903101487,0.00256927876674619,0.0291796659937603,0.231602128830978
188773.411807,2626366.126422,0.225930680359435,0.186686227764533,0.00238400880249404,0.0882083256922795,0.08399046396479,0.412800293416468
189273.411807,2626366.126422,0.193696170056808,0.303463441451347,0,0.0866776617188932,0.0989554700384827,0.317207256734469
189773.411807,2626366.126422,0.139658652963847,0.311433290512021,0,0.000367039823820885,0.00991007524316388,0.538630941457148
190273.411807,2626366.126422,0.146891619292133,0.162112598569595,0,0.00201723821749496,0.050797726022373,0.638180817898405
190773.411807,2626366.126422,0.171156312992487,0.168407549935862,0.00238226131574125,0.0417811984606927,0.0417811984606927,0.574491478834524
191273.411807,2626366.126422,0.0774454028262066,0.424114516425032,0.000183519911910442,0.0508350155991925,0.0811158010644155,0.366305744173243
191773.411807,2626366.126422,0.0535485054098661,0.607188703465982,0,0.000183385292499542,0.0121034293049697,0.326975976526683
192273.411807,2626366.126422,0.0212571009712296,0.714678394722375,0,0.00293201392706615,0.011544804837823,0.249587685541506
192773.411807,2626366.126422,0.00220223894292531,0.741603964030097,0,0,0.000734079647641769,0.255459717379336
193273.411807,2626366.126422,0.0383275261324042,0.648450394278379,0,0,0.024390243902439,0.288831835686778
193773.411807,2626366.126422,0.0223566061938794,0.671797691039032,0,0.000733003481766538,0.0344511636430273,0.270661535642294
194273.411807,2626366.126422,0.0280785465222977,0.675536795742338,0,0.0082583960359699,0.0352358230868049,0.252890438612589
194773.411807,2626366.126422,0.0526315789473684,0.661837520630845,0,0.0284247203374289,0.0511644966073721,0.205941683476985
195273.411807,2626366.126422,0.0241891148982958,0.533076782114715,0,0.049660985889683,0.0831958951805021,0.309877221916804
195773.411807,2626366.126422,0.0405579005322077,0.539181501192879,0,0.0322995044962378,0.0642319691686548,0.32372912461002
196273.411807,2626366.126422,0.0808729139922978,0.487621492756281,0,0.00935264991747662,0.0755547405098111,0.346598202824134
196773.411807,2626366.126422,0.0382994319223016,0.51346893897746,0,0.00586402785413231,0.0639545537841305,0.378413047461975
197273.411807,2626366.126422,0.0163332721600294,0.584510919434759,0.000367039823820885,0.0133969535694623,0.0300972655533125,0.355294549458616
197773.411807,2626366.126422,0.0629011553273428,0.516779754263708,0,0.0137538969374656,0.0570328259673574,0.349532367504126
198273.411807,2626366.126422,0.205057724024189,0.330951072017592,0,0.0197910940076965,0.0949239508887667,0.349276159061756
198773.411807,2626366.126422,0.0881744688851288,0.488625681519083,0,0.00169204737732657,0.0278247790938146,0.393683023124647
186773.411807,2625866.126422,0.031743119266055,0.530275229357798,0.00073394495412844,0.0262385321100917,0.0990825688073395,0.311926605504587
187273.411807,2625866.126422,0.0326545587965511,0.569987158319574,0,0.00458631443771785,0.0315538433314988,0.361218125114658
187773.411807,2625866.126422,0.0214285714285714,0.626923076923077,0,0.00989010989010989,0.0100732600732601,0.331684981684982
188273.411807,2625866.126422,0.156330275229358,0.312293577981651,0.00146788990825688,0.041651376146789,0.128990825688073,0.359266055045872
188773.411807,2625866.126422,0.199046046596955,0.116308934140525,0.00366905155017428,0.299761511649239,0.0845716382315172,0.296642817831591
189273.411807,2625866.126422,0.119047619047619,0.201648351648352,0.000366300366300366,0.161355311355311,0.0877289377289377,0.42985347985348
189773.411807,2625866.126422,0.0675229357798165,0.109357798165138,0,0.00036697247706422,0.0188990825688073,0.803853211009174
190273.411807,2625866.126422,0.175564116675839,0.163456246560264,0.00220143093010457,0.111539167125298,0.0275178866263071,0.519721152082187
190773.411807,2625866.126422,0.172710622710623,0.171062271062271,0.000915750915750916,0.117399267399267,0.124358974358974,0.413553113553114
191273.411807,2625866.126422,0.291559633027523,0.0484403669724771,0,0,0.0244036697247706,0.635596330275229
191773.411807,2625866.126422,0.120528343423225,0.354980737479362,0,0.028251696936342,0.0445789763346175,0.451660245826454
192273.411807,2625866.126422,0.16996336996337,0.456227106227106,0,0.00769230769230769,0.00952380952380952,0.356593406593407
192773.411807,2625866.126422,0.114128440366972,0.608440366972477,0,0.00146788990825688,0.0121100917431193,0.263853211009174
193273.411807,2625866.126422,0.0931939093744267,0.514034122179417,0,0.0121078701155751,0.0438451660245826,0.336818932305999
193773.411807,2625866.126422,0.0478021978021978,0.671978021978022,0,0,0.00622710622710623,0.273992673992674
194273.411807,2625866.126422,0.0667889908256881,0.554128440366973,0,0.0115596330275229,0.048256880733945,0.319266055045872
194773.411807,2625866.126422,0.00807191341038342,0.569620253164557,0,0.023115024766098,0.0398092093193909,0.359383599339571
195273.411807,2625866.126422,0.00695970695970696,0.386080586080586,0,0.0313186813186813,0.0765567765567766,0.499084249084249
195773.411807,2625866.126422,0.00825688073394495,0.457064220183486,0.00055045871559633,0.043302752293578,0.0715596330275229,0.419266055045872
196273.411807,2625866.126422,0.0091726288754357,0.426710695285269,0,0.0277013392038158,0.0664098330581545,0.470005503577325
196773.411807,2625866.126422,0.0108058608058608,0.6,0,0.00549450549450549,0.0463369963369963,0.337362637362637
197273.411807,2625866.126422,0.053394495412844,0.609357798165138,0,0,0.033394495412844,0.303853211009174
197773.411807,2625866.126422,0.0253164556962025,0.461383232434416,0,0.0121078701155751,0.0583379196477711,0.442854522106036
198273.411807,2625866.126422,0.152197802197802,0.301831501831502,0.00549450549450549,0.0210622710622711,0.141758241758242,0.377655677655678
198773.411807,2625866.126422,0.0669172932330827,0.506390977443609,0,0.0180451127819549,0.0763157894736842,0.332330827067669
186773.411807,2625366.126422,0.0434065934065934,0.565934065934066,0,0.0021978021978022,0.0181318681318681,0.37032967032967
187273.411807,2625366.126422,0.0641025641025641,0.316300366300366,0.0124542124542125,0.0489010989010989,0.150915750915751,0.407326007326007
187773.411807,2625366.126422,0.0251191785845251,0.56032269893656,0.000183351668500183,0.00293362669600293,0.0542720938760543,0.357169050238357
188273.411807,2625366.126422,0.0831501831501831,0.28040293040293,0.000915750915750916,0.0708791208791209,0.147802197802198,0.416849816849817
188773.411807,2625366.126422,0.217582417582418,0.28040293040293,0.000732600732600733,0.0582417582417582,0.121978021978022,0.321062271062271
189273.411807,2625366.126422,0.0201686835350202,0.41015768243491,0,0.00238357169050238,0.0276861019435277,0.53960396039604
189773.411807,2625366.126422,0.154578754578755,0.256410256410256,0.0285714285714286,0.00402930402930403,0.0481684981684982,0.508241758241758
190273.411807,2625366.126422,0.136080586080586,0.202747252747253,0,0.0461538461538462,0.0357142857142857,0.579304029304029
190773.411807,2625366.126422,0.22038870553722,0.309314264759809,0,0.0022002200220022,0.0214521452145215,0.446644664466447
191273.411807,2625366.126422,0.487912087912088,0.101282051282051,0,0,0.00384615384615385,0.406959706959707
191773.411807,2625366.126422,0.301282051282051,0.216666666666667,0,0.0181318681318681,0.0379120879120879,0.426007326007326
192273.411807,2625366.126422,0.0630729739640631,0.473230656398973,0,0.0174184085075174,0.0390539053905391,0.407224055738907
192773.411807,2625366.126422,0.103663003663004,0.506410256410256,0,0.00787545787545788,0.0168498168498168,0.365201465201465
193273.411807,2625366.126422,0.0485347985347985,0.672893772893773,0,0.0210622710622711,0.0294871794871795,0.228021978021978
193773.411807,2625366.126422,0.041987532086542,0.677667766776678,0,0.0190685735240191,0.017968463513018,0.243307664099743
194273.411807,2625366.126422,0.0249084249084249,0.612637362637363,0,0.00238095238095238,0.0412087912087912,0.318864468864469
194773.411807,2625366.126422,0.104212454212454,0.354578754578755,0.00128205128205128,0.0622710622710623,0.093956043956044,0.383699633699634
195273.411807,2625366.126422,0.0632563256325633,0.338467180051338,0.000183351668500183,0.122662266226623,0.123762376237624,0.351668500183352
195773.411807,2625366.126422,0.0487179487179487,0.272710622710623,0,0.0972527472527473,0.21959706959707,0.361721611721612
196273.411807,2625366.126422,0.0184981684981685,0.36043956043956,0.00604395604395604,0.0824175824175824,0.109340659340659,0.423260073260073
196773.411807,2625366.126422,0.0361202786945361,0.498899889988999,0,0.0146681334800147,0.0458379171250458,0.404473780711404
197273.411807,2625366.126422,0.0862637362637363,0.50018315018315,0,0.00183150183150183,0.00989010989010989,0.401831501831502
197773.411807,2625366.126422,0.0974358974358974,0.263736263736264,0.0117216117216117,0.145054945054945,0.168131868131868,0.313919413919414
198273.411807,2625366.126422,0.0313531353135314,0.443160982764943,0.00916758342500917,0.120828749541621,0.0865419875320865,0.308947561422809
198773.411807,2625366.126422,0.115261873474751,0.4700581941055,0,0.0135160503097428,0.0608222263938427,0.340341655716163
186773.411807,2624866.126422,0.191594788034502,0.314736648926409,0,0,0,0.49366856303909
187273.411807,2624866.126422,0.0627177700348432,0.464514945901339,0,0.0066018705299835,0.0231065468549422,0.443058866678892
187773.411807,2624866.126422,0.047645226314825,0.560747663551402,0,0.0185083379146051,0.0324354040681693,0.340663368150999
188273.411807,2624866.126422,0.0840521196549826,0.579188841989356,0,0.000917599559552211,0.0168838318957607,0.318957606900349
188773.411807,2624866.126422,0.110397946084724,0.103796075554741,0,0.000550155877498625,0.00403447643498991,0.781221346048047
189273.411807,2624866.126422,0.0663368150998717,0.506322155030236,0.000733003481766538,0.0124610591900312,0.0432472054242258,0.370899761773868
189773.411807,2624866.126422,0.107359148467609,0.193980546889337,0.000917599559552211,0.136355294549459,0.0623967700495504,0.498990640484493
190273.411807,2624866.126422,0.097194205024757,0.227764533284431,0,0.00146708233999633,0.0121034293049697,0.661470750045846
190773.411807,2624866.126422,0.0238226131574125,0.427341029869892,0,0.00971229613340663,0.0089792926516401,0.530144768187649
191273.411807,2624866.126422,0.501559919251239,0.0528537346302074,0,0.000917599559552211,0.0288126261699394,0.415856120389062
191773.411807,2624866.126422,0.64790023840088,0.289381991564277,0,0,0,0.0627177700348432
192273.411807,2624866.126422,0.427707531610775,0.243906908557816,0,0.00934579439252336,0.0441634597764339,0.274876305662452
192773.411807,2624866.126422,0.097082033400624,0.391998531840705,0,0.0673518076711323,0.112681225913012,0.330886401174527
193273.411807,2624866.126422,0.0940766550522648,0.454612140106363,0.00146708233999633,0.0533651201173666,0.0724371905373189,0.32404181184669
193773.411807,2624866.126422,0.0524097489463075,0.478834524463991,0,0.0263881253435954,0.16254352208173,0.279824079164376
194273.411807,2624866.126422,0.101486511286475,0.532391264452193,0,0.0429436593870435,0.0991007524316388,0.22407781244265
194773.411807,2624866.126422,0.0836236933797909,0.35613423803411,0.00128369704749679,0.176966807262058,0.121217678342197,0.260773885934348
195273.411807,2624866.126422,0.119113065787062,0.196994685724757,0.00311526479750779,0.196078431372549,0.176287337364852,0.308411214953271
195773.411807,2624866.126422,0.0853367590383557,0.158377683978712,0.00605615709304459,0.251605799229216,0.187373830060562,0.31124977060011
196273.411807,2624866.126422,0.0614340729873464,0.312488538419219,0.0117366587199707,0.112415184302219,0.172382174949569,0.329543370621676
196773.411807,2624866.126422,0.0899761773868426,0.382811068352575,0.000183250870441635,0.107934762690123,0.190947407000183,0.228147333699835
197273.411807,2624866.126422,0.110846026793907,0.262433474031932,0.00238575885483575,0.198385024775188,0.0623967700495504,0.363552945494586
197773.411807,2624866.126422,0.143407298734641,0.149275628094627,0.00110031175499725,0.258573262424354,0.18008435723455,0.267559141756831
198273.411807,2624866.126422,0.0947407000183251,0.451163643027304,0.000183250870441635,0.0690855781564962,0.137621403701668,0.247205424225765
198773.411807,2624866.126422,0.0706899793194209,0.350629817634894,0.00639217898101147,0.0693739424703892,0.047941342357586,0.454972739236699
186773.411807,2624366.126422,0.0788990825688073,0.300366972477064,0,0,0.00036697247706422,0.620366972477064
187273.411807,2624366.126422,0.0133920381581361,0.565033938726839,0.000366905155017428,0.000366905155017428,0.0229315721885892,0.397908640616401
187773.411807,2624366.126422,0.00549450549450549,0.728388278388278,0,0.0010989010989011,0.00677655677655678,0.258241758241758
188273.411807,2624366.126422,0.0390825688073395,0.582752293577982,0,0.0128440366972477,0.0511926605504587,0.314128440366972
188773.411807,2624366.126422,0.064758759860576,0.420656760227481,0,0.00091726288754357,0.0100898917629793,0.50357732526142
189273.411807,2624366.126422,0.0408424908424908,0.719230769230769,0,0.00347985347985348,0.0043956043956044,0.232051282051282
189773.411807,2624366.126422,0.0647706422018349,0.564220183486238,0,0.00110091743119266,0.0137614678899083,0.356146788990826
190273.411807,2624366.126422,0.0482480278847918,0.509998165474225,0,0.0223812144560631,0.0487983856173179,0.370574206567602
190773.411807,2624366.126422,0.13021978021978,0.139194139194139,0.00238095238095238,0.23974358974359,0.295604395604396,0.192857142857143
191273.411807,2624366.126422,0.162201834862385,0.345504587155963,0.00073394495412844,0.0770642201834862,0.0959633027522936,0.318532110091743
191773.411807,2624366.126422,0.526141992294992,0.179600073381031,0,0,0.001284168042561,0.292973766281416
192273.411807,2624366.126422,0.339010989010989,0.181318681318681,0.000366300366300366,0.0655677655677656,0.175641025641026,0.238095238095238
192773.411807,2624366.126422,0.106238532110092,0.196880733944954,0.00073394495412844,0.271743119266055,0.263669724770642,0.160733944954128
193273.411807,2624366.126422,0.101999633094845,0.193909374426711,0.00605393505778756,0.335534764263438,0.183452577508714,0.179049715648505
193773.411807,2624366.126422,0.10952380952381,0.223076923076923,0.00641025641025641,0.241391941391941,0.23003663003663,0.18956043956044
194273.411807,2624366.126422,0.0524770642201835,0.379449541284404,0.00110091743119266,0.0495412844036697,0.112844036697248,0.404587155963303
194773.411807,2624366.126422,0.0612731608879105,0.473491102549991,0,0.0665932856356632,0.12694918363603,0.271693267290405
195273.411807,2624366.126422,0.0494505494505494,0.505311355311355,0.000549450549450549,0.0879120879120879,0.0723443223443224,0.284432234432234
195773.411807,2624366.126422,0.0420183486238532,0.491192660550459,0.00018348623853211,0.00715596330275229,0.0291743119266055,0.430275229357798
196273.411807,2624366.126422,0.067327095945698,0.462667400476977,0.000366905155017428,0.0157769216657494,0.0598055402678408,0.394056136488718
196773.411807,2624366.126422,0.0888278388278388,0.472527472527473,0,0.00695970695970696,0.0882783882783883,0.343406593406593
197273.411807,2624366.126422,0.175412844036697,0.308440366972477,0,0.0304587155963303,0.109724770642202,0.375963302752294
197773.411807,2624366.126422,0.131902403228765,0.210053201247478,0.00440286186020914,0.246009906439185,0.16125481563016,0.246376811594203
198273.411807,2624366.126422,0.0342490842490843,0.693772893772894,0,0.0313186813186813,0.039010989010989,0.201648351648352
198773.411807,2624366.126422,0.111842105263158,0.32312030075188,0.00112781954887218,0.0390977443609023,0.068984962406015,0.455827067669173
186773.411807,2623866.126422,0.0474358974358974,0.331868131868132,0,0.00146520146520147,0.0141025641025641,0.605128205128205
187273.411807,2623866.126422,0.043956043956044,0.765201465201465,0.00293040293040293,0.0287545787545788,0.0205128205128205,0.138644688644689
187773.411807,2623866.126422,0.01998533186652,0.751191785845251,0,0.0119178584525119,0.0088008800880088,0.208104143747708
188273.411807,2623866.126422,0.0915750915750916,0.673809523809524,0,0.0227106227106227,0.0192307692307692,0.192673992673993
188773.411807,2623866.126422,0.0706959706959707,0.637728937728938,0,0,0.00384615384615385,0.287728937728938
189273.411807,2623866.126422,0.0207187385405207,0.71012101210121,0,0,0.0011001100110011,0.268060139347268
189773.411807,2623866.126422,0.126923076923077,0.458058608058608,0,0.00421245421245421,0.0155677655677656,0.395238095238095
190273.411807,2623866.126422,0.155677655677656,0.44047619047619,0,0.0210622710622711,0.0476190476190476,0.335164835164835
190773.411807,2623866.126422,0.151815181518152,0.267326732673267,0.000733406674000733,0.107444077741107,0.223505683901724,0.249174917491749
191273.411807,2623866.126422,0.117399267399267,0.26959706959707,0,0.154212454212454,0.207692307692308,0.251098901098901
191773.411807,2623866.126422,0.0912087912087912,0.401648351648352,0.0135531135531136,0.043956043956044,0.0736263736263736,0.376007326007326
192273.411807,2623866.126422,0.128346167950128,0.282544921158783,0.000916758342500917,0.0845251191785845,0.149431609827649,0.354235423542354
192773.411807,2623866.126422,0.0879120879120879,0.179487179487179,0.00421245421245421,0.370879120879121,0.148717948717949,0.208791208791209
193273.411807,2623866.126422,0.0805860805860806,0.294688644688645,0,0.256043956043956,0.12985347985348,0.238827838827839
193773.411807,2623866.126422,0.0971763843050972,0.386321965529886,0.000733406674000733,0.123395672900623,0.222405573890722,0.16996699669967
194273.411807,2623866.126422,0.0582417582417582,0.48003663003663,0,0.0298534798534799,0.102197802197802,0.32967032967033
194773.411807,2623866.126422,0.0375457875457875,0.526007326007326,0,0.0261904761904762,0.0470695970695971,0.363186813186813
195273.411807,2623866.126422,0.123579024569124,0.314264759809314,0.000183351668500183,0.133663366336634,0.238540520718739,0.18976897689769
195773.411807,2623866.126422,0.06996336996337,0.511904761904762,0,0.00879120879120879,0.0415750915750916,0.367765567765568
196273.411807,2623866.126422,0.121062271062271,0.325641025641026,0.00164835164835165,0.117216117216117,0.2003663003663,0.234065934065934
196773.411807,2623866.126422,0.0627062706270627,0.504400440044004,0,0.0033003300330033,0.037953795379538,0.391639163916392
197273.411807,2623866.126422,0.0963369963369963,0.476373626373626,0,0.0247252747252747,0.136630036630037,0.265934065934066
197773.411807,2623866.126422,0.0604395604395604,0.502747252747253,0,0.0598901098901099,0.115384615384615,0.261538461538462
198273.411807,2623866.126422,0.077007700770077,0.452511917858453,0.000183351668500183,0.0172350568390172,0.0902090209020902,0.362852951961863
198773.411807,2623866.126422,0.057443213816407,0.389900506851887,0.049371128214755,0.181152618734748,0.0570677679744697,0.265064764407734
186773.411807,2623366.126422,0.00532207744540283,0.781427784914663,0,0.00568911726922371,0.00862543585979079,0.198935584510919
187273.411807,2623366.126422,0.0110031175499725,0.820832569227948,0,0.00128369704749679,0.0137538969374656,0.153126719237117
187773.411807,2623366.126422,0.0282206340480117,0.766171889316474,0,0.0126443100604728,0.00916254352208173,0.183800623052959
188273.411807,2623366.126422,0.0324830244081483,0.733896127729859,0,0,0.00587263718113415,0.227748210680859
188773.411807,2623366.126422,0.0797726022373006,0.538602604071153,0,0.00110031175499725,0.0139372822299652,0.366587199706584
189273.411807,2623366.126422,0.166941542972329,0.249221183800623,0,0.0236393622869709,0.215869525380246,0.344328385559831
189773.411807,2623366.126422,0.103505230317489,0.49807304092494,0,0.0119287942741787,0.0502844558634612,0.33620847861993
190273.411807,2623366.126422,0.111681643132221,0.547771868696131,0,0.0053181734824867,0.0397946084724005,0.295433706216761
190773.411807,2623366.126422,0.126809602345611,0.482133040131941,0,0.0432472054242258,0.0339014110317024,0.31390874106652
191273.411807,2623366.126422,0.317672967516976,0.298036336942558,0,0,0.00275279867865663,0.38153789686181
191773.411807,2623366.126422,0.0929763432972676,0.200990280579498,0.00550155877498625,0.330093526499175,0.0781221346048047,0.292316156244269
192273.411807,2623366.126422,0.168590800806304,0.0357339197361187,0.0194245922668133,0.433938061205791,0.204141469671981,0.138171156312992
192773.411807,2623366.126422,0.119654982565608,0.0277115066984768,0.0185355111029547,0.615342264635713,0.154340245916682,0.0644154890805652
193273.411807,2623366.126422,0.0973775903172566,0.197139189437007,0.000916926462497708,0.286814597469283,0.156977810379608,0.260773885934348
193773.411807,2623366.126422,0.0527762506871908,0.338830859446582,0.00146600696353308,0.17152281473337,0.131024372365769,0.304379695803555
194273.411807,2623366.126422,0.0675353275830428,0.555331253440998,0.00550559735731327,0.0462470178014315,0.0526702147182969,0.272710589098917
194773.411807,2623366.126422,0.113698881349716,0.343113882266642,0.00183385292499542,0.122501375389694,0.138639281129653,0.280212726939299
195273.411807,2623366.126422,0.0586402785413231,0.451346893897746,0.00274876305662452,0.053142752428074,0.0929081913139087,0.341213120762324
195773.411807,2623366.126422,0.0148651128647458,0.693338227197651,0,0.000183519911910442,0.00183519911910442,0.289777940906588
196273.411807,2623366.126422,0.0282413350449294,0.485237483953787,0.000183385292499542,0.0297084173849257,0.0297084173849257,0.426920960938933
196773.411807,2623366.126422,0.0142935678944475,0.623419461242441,0,0.000549752611324904,0.00623052959501558,0.355506688656771
197273.411807,2623366.126422,0.142778491466324,0.360249587080198,0.000734079647641769,0.0247751881079097,0.120022022389429,0.351440631308497
197773.411807,2623366.126422,0.0584999083073537,0.62809462681093,0,0.0209059233449477,0.0399779937649001,0.252521547771869
198273.411807,2623366.126422,0.042147700201576,0.542972329118563,0,0.00678028220634048,0.0183250870441635,0.389774601429357
198773.411807,2623366.126422,0.0983267531490882,0.655950366610265,0,0.0048881368678323,0.0206805790562136,0.220154164316601
186773.411807,2622866.126422,0.0244036697247706,0.664403669724771,0,0.0311926605504587,0.0557798165137615,0.224220183486239
187273.411807,2622866.126422,0.0741148413135205,0.533847000550358,0.000733810310034856,0.10842047330765,0.143459915611814,0.139423958906623
187773.411807,2622866.126422,0.056043956043956,0.582783882783883,0,0.0221611721611722,0.0924908424908425,0.246520146520147
188273.411807,2622866.126422,0.0108256880733945,0.701284403669725,0.00036697247706422,0.00678899082568807,0.0381651376146789,0.24256880733945
188773.411807,2622866.126422,0.0887910475142176,0.323610346725371,0.00201797835259585,0.106585947532563,0.24967895798936,0.229315721885892
189273.411807,2622866.126422,0.152564102564103,0.503663003663004,0,0.0254578754578755,0.104578754578755,0.213736263736264
189773.411807,2622866.126422,0.151009174311927,0.546605504587156,0,0,0.0144954128440367,0.287889908256881
190273.411807,2622866.126422,0.019262520638415,0.651623555310952,0,0,0.00238488350761328,0.32672904054302
190773.411807,2622866.126422,0.052014652014652,0.544871794871795,0.0360805860805861,0.0844322344322344,0.0708791208791209,0.211721611721612
191273.411807,2622866.126422,0.11302752293578,0.316330275229358,0.0152293577981651,0.233577981651376,0.0867889908256881,0.235045871559633
191773.411807,2622866.126422,0.0596220876903321,0.0267840763162722,0.0122913226930838,0.762428912126215,0.112089524857824,0.0267840763162722
192273.411807,2622866.126422,0.0776556776556777,0.0212454212454212,0.0108058608058608,0.756593406593407,0.115201465201465,0.0184981684981685
192773.411807,2622866.126422,0.216330275229358,0.0310091743119266,0.0135779816513761,0.575779816513761,0.0957798165137615,0.0675229357798165
193273.411807,2622866.126422,0.181251146578609,0.162538983672721,0.00366905155017428,0.308383782792148,0.150614566134654,0.193542469271693
193773.411807,2622866.126422,0.11959706959707,0.117582417582418,0.00934065934065934,0.439194139194139,0.164468864468864,0.14981684981685
194273.411807,2622866.126422,0.0708256880733945,0.408807339449541,0.00036697247706422,0.137614678899083,0.0952293577981651,0.287155963302752
194773.411807,2622866.126422,0.0761328196661163,0.456063107686663,0,0.09557879288204,0.0902586681342873,0.281966611630893
195273.411807,2622866.126422,0.0564102564102564,0.647619047619048,0,0.0108058608058608,0.0304029304029304,0.254761904761905
195773.411807,2622866.126422,0.00844036697247706,0.520550458715596,0,0.00073394495412844,0.00935779816513761,0.460917431192661
196273.411807,2622866.126422,0.0181618051733627,0.714914694551458,0,0.00293524124013942,0.00091726288754357,0.263070996147496
196773.411807,2622866.126422,0.0305860805860806,0.611904761904762,0.0010989010989011,0.071978021978022,0.113186813186813,0.171245421245421
197273.411807,2622866.126422,0.120366972477064,0.433577981651376,0.0055045871559633,0.0554128440366972,0.0638532110091743,0.321284403669725
197773.411807,2622866.126422,0.0937442671069529,0.427627958172812,0.000183452577508714,0.0254999082737112,0.112823335167859,0.340121078701156
198273.411807,2622866.126422,0.0580586080586081,0.681501831501832,0,0.00989010989010989,0.0316849816849817,0.218864468864469
198773.411807,2622866.126422,0.012593984962406,0.687593984962406,0,0.00037593984962406,0.00507518796992481,0.294360902255639
186773.411807,2622366.126422,0.0549450549450549,0.666849816849817,0,0.0456043956043956,0.0842490842490843,0.148351648351648
187273.411807,2622366.126422,0.0978021978021978,0.260989010989011,0.0032967032967033,0.25952380952381,0.234249084249084,0.144139194139194
187773.411807,2622366.126422,0.123762376237624,0.171800513384672,0.0011001100110011,0.203153648698203,0.332783278327833,0.167400073340667
188273.411807,2622366.126422,0.0686813186813187,0.420879120879121,0.000366300366300366,0.128571428571429,0.177655677655678,0.203846153846154
188773.411807,2622366.126422,0.0840659340659341,0.546336996336996,0.000366300366300366,0.0750915750915751,0.0426739926739927,0.251465201465201
189273.411807,2622366.126422,0.0595892922625596,0.536303630363036,0,0.0242024202420242,0.0251191785845251,0.354785478547855
189773.411807,2622366.126422,0.104578754578755,0.464468864468864,0,0.00732600732600733,0.0437728937728938,0.37985347985348
190273.411807,2622366.126422,0.114102564102564,0.526190476190476,0,0.0164835164835165,0.0461538461538462,0.297069597069597
190773.411807,2622366.126422,0.0962596259625963,0.157682434910158,0.0099009900990099,0.324899156582325,0.241107444077741,0.17015034836817
191273.411807,2622366.126422,0.118498168498168,0.0463369963369963,0.0117216117216117,0.56043956043956,0.155860805860806,0.107142857142857
191773.411807,2622366.126422,0.153846153846154,0.0298534798534799,0.00824175824175824,0.609340659340659,0.124358974358974,0.0743589743589744
192273.411807,2622366.126422,0.165933259992666,0.0185185185185185,0.0022002200220022,0.566740007334067,0.137513751375138,0.109094242757609
192773.411807,2622366.126422,0.252197802197802,0.166117216117216,0,0.124725274725275,0.188278388278388,0.268681318681319
193273.411807,2622366.126422,0.203296703296703,0.124908424908425,0.00128205128205128,0.0897435897435897,0.128205128205128,0.452564102564103
193773.411807,2622366.126422,0.114411441144114,0.133296662999633,0.00458379171250458,0.230656398973231,0.177117711771177,0.33993399339934
194273.411807,2622366.126422,0.164468864468864,0.251831501831502,0.000915750915750916,0.170879120879121,0.154212454212454,0.257692307692308
194773.411807,2622366.126422,0.116483516483516,0.243406593406593,0.00128205128205128,0.185714285714286,0.180586080586081,0.272527472527473
195273.411807,2622366.126422,0.0766409974330766,0.475980931426476,0,0.00568390172350568,0.0386872020535387,0.403006967363403
195773.411807,2622366.126422,0.0527472527472527,0.56007326007326,0,0.00274725274725275,0.00732600732600733,0.377106227106227
196273.411807,2622366.126422,0.160805860805861,0.456227106227106,0,0,0.00164835164835165,0.381318681318681
196773.411807,2622366.126422,0.121195452878621,0.500916758342501,0.000183351668500183,0,0.00055005500550055,0.377154382104877
197273.411807,2622366.126422,0.0602564102564103,0.660989010989011,0,0.0137362637362637,0.076007326007326,0.189010989010989
197773.411807,2622366.126422,0.0970695970695971,0.405677655677656,0,0.00677655677655678,0.0241758241758242,0.466300366300366
198273.411807,2622366.126422,0.0546387972130546,0.660799413274661,0,0.00843417675100843,0.0066006600660066,0.26952695269527
198773.411807,2622366.126422,0.00976159189036981,0.822601839684626,0,0,0.000563168762905951,0.167073399662099
186773.411807,2621866.126422,0.052303174894476,0.742154523765829,0,0.0165167920719398,0.0442282987704166,0.144797210497339
187273.411807,2621866.126422,0.0605171465248487,0.6000366770585,0.000183385292499542,0.0297084173849257,0.0641848523748395,0.245369521364387
187773.411807,2621866.126422,0.0582737768004398,0.612424409015943,0.000183250870441635,0.0346344145134689,0.0670698185816383,0.227414330218069
188273.411807,2621866.126422,0.104239309965131,0.56432372912461,0.00917599559552211,0.0201871903101487,0.109377867498624,0.192695907505964
188773.411807,2621866.126422,0.0350265908674124,0.66788923528333,0,0.00623509994498441,0.0425453878598936,0.248303686044379
189273.411807,2621866.126422,0.113982041414697,0.471870991387209,0.00164925783397471,0.0775151181968114,0.119662818398387,0.215319772768921
189773.411807,2621866.126422,0.0822169205358781,0.574784364103505,0.000183519911910442,0.0601945311066251,0.0673518076711323,0.215268856670949
190273.411807,2621866.126422,0.115532734274711,0.55602420685861,0,0.00256739409499358,0.0205391527599487,0.305336512011737
190773.411807,2621866.126422,0.040131940626718,0.530877771669415,0.000183250870441635,0.0289536375297783,0.0307861462341946,0.369067253069452
191273.411807,2621866.126422,0.109194347586713,0.148284088823637,0.011194714626537,0.501559919251239,0.122040741420444,0.10772618829143
191773.411807,2621866.126422,0.114249037227214,0.0394278378874014,0.0117366587199707,0.477351916376307,0.215661103979461,0.141573445809646
192273.411807,2621866.126422,0.143118929814917,0.254168957302547,0.0320689023272861,0.101154480483782,0.114165292285138,0.355323437786329
192773.411807,2621866.126422,0.0653330886401175,0.275830427601395,0.0229399889888053,0.0334006239677005,0.0469810974490732,0.555514773352909
193273.411807,2621866.126422,0.0764716669723088,0.188886851274528,0.0298918026774253,0.0110031175499725,0.0328259673574179,0.660920594168348
193773.411807,2621866.126422,0.115264797507788,0.329485065054059,0.0146600696353308,0.0133773135422393,0.0751328568810702,0.452079897379513
194273.411807,2621866.126422,0.117452743622683,0.220223894292531,0.0245916681959993,0.0434942191227748,0.126445219306295,0.467792255459717
194773.411807,2621866.126422,0.160462130937099,0.24408582431689,0.00165046763249587,0.0601503759398496,0.0783055198973042,0.455345681276362
195273.411807,2621866.126422,0.181418361737218,0.305845702767088,0.00329851566794942,0.021073850100788,0.0353674179952355,0.452996151731721
195773.411807,2621866.126422,0.12864745824922,0.288126261699394,0.00403743806202973,0.0167003119838502,0.00679023674068636,0.555698293264819
196273.411807,2621866.126422,0.189987163029525,0.391710984779021,0.00330093526499175,0.0291582615074271,0.0249403997799376,0.360902255639098
196773.411807,2621866.126422,0.135055891515485,0.575407733186733,0,0.00861279091075683,0.0317024005864028,0.249221183800623
197273.411807,2621866.126422,0.0653330886401175,0.492200403743806,0,0.0467975775371628,0.0422095797394017,0.353459350339512
197773.411807,2621866.126422,0.0504309554373739,0.777186869613057,0,0.00495140289748762,0.0179717586649551,0.149459013387126
198273.411807,2621866.126422,0.173905076049111,0.435770569910207,0,0.0989554700384827,0.166025288620121,0.125343595382078
198773.411807,2621866.126422,0.0201165632637714,0.887008836247415,0,0.000376010528294792,0.00131603684903177,0.0911825531114871
186773.411807,2621366.126422,0.0475229357798165,0.58605504587156,0,0.013394495412844,0.0398165137614679,0.313211009174312
187273.411807,2621366.126422,0.0537516052100532,0.709961474958723,0,0.0289855072463768,0.0570537516052101,0.150247660979637
187773.411807,2621366.126422,0.0727106227106227,0.596336996336996,0.000183150183150183,0.0139194139194139,0.0864468864468864,0.23040293040293
188273.411807,2621366.126422,0.0339449541284404,0.811376146788991,0,0.00825688073394495,0.0110091743119266,0.135412844036697
188773.411807,2621366.126422,0.0809025866813429,0.45936525408182,0,0.0132085855806274,0.0519170794349661,0.394606494221244
189273.411807,2621366.126422,0.0553113553113553,0.76043956043956,0,0.00494505494505494,0.0195970695970696,0.15970695970696
189773.411807,2621366.126422,0.0831192660550459,0.457247706422018,0.00146788990825688,0.0594495412844037,0.108440366972477,0.290275229357798
