"x","y","forest","agri","water","built","other","grass"
313273.411807,2779366.126422,0.759581881533101,0.00880249403997799,0,0.000733541169998166,0.0143040528149642,0.216578030441959
313773.411807,2779366.126422,0.900311526479751,0.00641378046545721,0,0,0,0.093274693054792
314273.411807,2779366.126422,0.916498440080749,0,0,0,0,0.0835015599192512
314773.411807,2779366.126422,0.830001833852925,0.00568494406748579,0,0.00128369704749679,0.00330093526499175,0.159728589767101
315273.411807,2779366.126422,0.864577606743632,0.00238226131574125,0,0,0,0.133040131940627
315773.411807,2779366.126422,0.917416039640301,0,0,0,0,0.082583960359699
316273.411807,2779366.126422,0.862644415917843,0.00550155877498625,0,0.000916926462497708,0.000366770584999083,0.130570328259674
316773.411807,2779366.126422,0.650357339197361,0.00678028220634048,0.00311526479750779,0.00238226131574125,0.0186915887850467,0.318673263698003
317273.411807,2779366.126422,0.780693705267021,0.00844191594788034,0,0.0012846393833731,0.00770783630023858,0.201871903101487
317773.411807,2779366.126422,0.953603520997616,0.00238400880249404,0,0,0,0.04401247019989
318273.411807,2779366.126422,0.778632948506505,0.00384826827927433,0,0.00934579439252336,0.0133773135422393,0.194795675279458
318773.411807,2779366.126422,0.730042209579739,0.0192695907505964,0,0.00458799779776106,0.00917599559552211,0.236924206276381
319273.411807,2779366.126422,0.934164679992665,0.000366770584999083,0,0,0,0.0654685494223363
319773.411807,2779366.126422,0.698918819864394,0,0,0,0,0.301081180135606
320273.411807,2779366.126422,0.389062213250138,0.0293631859056708,0,0.125344099834832,0.046063497889521,0.410167003119839
320773.411807,2779366.126422,0.782138272510545,0.0379607555474051,0,0.00715202640748212,0.00385109114249037,0.168897854392078
321273.411807,2779366.126422,0.620670698185816,0.0179585853032802,0.00109950522264981,0,0.000183250870441635,0.360087960417812
321773.411807,2779366.126422,0.566525968067535,0.0139475133051936,0,0.0332171040557901,0.0227564690768948,0.363552945494586
322273.411807,2779366.126422,0.230515312671924,0.100678525582248,0.00238400880249404,0.258756647716853,0.086007702182285,0.321657803044196
322773.411807,2779366.126422,0.181051859996335,0.0672530694520799,0.00824628916987356,0.545171339563863,0.0727505955653289,0.12552684625252
323273.411807,2779366.126422,0.714993576803083,0.0209212699577904,0.000550559735731327,0.0770783630023858,0.00770783630023858,0.178748394200771
323773.411807,2779366.126422,0.637080506143407,0.00623509994498441,0,0.0221896203924445,0.0258573262424354,0.308637447276728
324273.411807,2779366.126422,0.532893531244273,0.0395821880153931,0,0.0452629649990837,0.0439802089059923,0.338281106835257
324773.411807,2779366.126422,0.286658102404111,0.0275279867865663,0.000183519911910442,0.423930996513122,0.0935951550743256,0.168104239309965
325273.411807,2779366.126422,0.604254538785989,0.0405281496423987,0,0.0856409315972859,0.0693196405648267,0.200256739409499
313273.411807,2778866.126422,0.692166574940378,0.00568702990277013,0.000183452577508714,0.00238488350761328,0.0143093010456797,0.28526875802605
313773.411807,2778866.126422,0.828205128205128,0.00402930402930403,0.000915750915750916,0.00311355311355311,0.0142857142857143,0.149450549450549
314273.411807,2778866.126422,0.848256880733945,0.00293577981651376,0,0,0.00055045871559633,0.148256880733945
314773.411807,2778866.126422,0.867547239038708,0.00385250412768299,0,0.002568336085122,0.00733810310034856,0.118693817648138
315273.411807,2778866.126422,0.877289377289377,0,0,0.00274725274725275,0.0104395604395604,0.10952380952381
315773.411807,2778866.126422,0.844770642201835,0.00055045871559633,0,0.00238532110091743,0.00422018348623853,0.148073394495413
316273.411807,2778866.126422,0.805540267840763,0.0381581361218125,0,0.00293524124013942,0.00642084021280499,0.14694551458448
316773.411807,2778866.126422,0.736996336996337,0.00769230769230769,0,0.00256410256410256,0.015018315018315,0.237728937728938
317273.411807,2778866.126422,0.880917431192661,0.0073394495412844,0,0.00018348623853211,0.00128440366972477,0.110275229357798
317773.411807,2778866.126422,0.906072280315538,0.00678774536782242,0,0,0,0.0871399743166392
318273.411807,2778866.126422,0.844871794871795,0.000366300366300366,0,0,0.00256410256410256,0.152197802197802
318773.411807,2778866.126422,0.800733944954128,0.0073394495412844,0,0.00238532110091743,0.0111926605504587,0.178348623853211
319273.411807,2778866.126422,0.64483580994313,0.00385250412768299,0,0.0188956154833975,0.0341221794166208,0.298293891029169
319773.411807,2778866.126422,0.604578754578755,0.0448717948717949,0,0.058974358974359,0.0512820512820513,0.24029304029304
320273.411807,2778866.126422,0.521100917431193,0.0286238532110092,0,0.0493577981651376,0.0280733944954128,0.372844036697248
320773.411807,2778866.126422,0.624472573839662,0.0161438268207668,0,0.014125848468171,0.0139423958906623,0.331315354980737
321273.411807,2778866.126422,0.688095238095238,0.0142857142857143,0,0,0,0.297619047619048
321773.411807,2778866.126422,0.688073394495413,0.0104587155963303,0,0.0018348623853211,0.00623853211009174,0.293394495412844
322273.411807,2778866.126422,0.277747202348193,0.0267840763162722,0,0.198862594019446,0.0436617134470739,0.452944413869015
322773.411807,2778866.126422,0.493772893772894,0.00549450549450549,0,0.0117216117216117,0.0269230769230769,0.462087912087912
323273.411807,2778866.126422,0.327522935779817,0.0741284403669725,0.00220183486238532,0.166788990825688,0.0972477064220184,0.332110091743119
323773.411807,2778866.126422,0.648688314070813,0.0423775454045129,0,0.0339387268391121,0.0245826453861677,0.250412768299395
324273.411807,2778866.126422,0.736446886446886,0.0043956043956044,0,0,0,0.259157509157509
324773.411807,2778866.126422,0.541467889908257,0.0381651376146789,0,0.115045871559633,0.084954128440367,0.220366972477064
325273.411807,2778866.126422,0.69620253164557,0.0480645753072831,0,0.0693450742982939,0.0376077783892864,0.148780040359567
313273.411807,2778366.126422,0.795787545787546,0.00860805860805861,0.000183150183150183,0.00384615384615385,0.0159340659340659,0.175641025641026
313773.411807,2778366.126422,0.629446277961129,0.0106343967730106,0,0.0122845617895123,0.0311697836450312,0.316464979831316
314273.411807,2778366.126422,0.833699633699634,0.0043956043956044,0,0.00256410256410256,0.00677655677655678,0.152564102564103
314773.411807,2778366.126422,0.776190476190476,0.010989010989011,0,0.00164835164835165,0.0217948717948718,0.189377289377289
315273.411807,2778366.126422,0.694169416941694,0.0104510451045105,0,0.0238357169050238,0.0727906123945728,0.198753208654199
315773.411807,2778366.126422,0.790842490842491,0.00476190476190476,0,0.00164835164835165,0.00824175824175824,0.194505494505495
316273.411807,2778366.126422,0.873076923076923,0.0175824175824176,0,0,0,0.109340659340659
316773.411807,2778366.126422,0.785478547854785,0.0033003300330033,0,0.0066006600660066,0.0099009900990099,0.194719471947195
317273.411807,2778366.126422,0.888644688644689,0.0111721611721612,0,0,0.00164835164835165,0.0985347985347985
317773.411807,2778366.126422,0.860989010989011,0.00677655677655678,0,0,0,0.132234432234432
318273.411807,2778366.126422,0.884305097176384,0.00311697836450312,0,0.000183351668500183,0,0.112394572790612
318773.411807,2778366.126422,0.818498168498168,0.00201465201465201,0,0.0133699633699634,0.00805860805860806,0.158058608058608
319273.411807,2778366.126422,0.465750915750916,0.0421245421245421,0.00164835164835165,0.0954212454212454,0.0664835164835165,0.328571428571429
319773.411807,2778366.126422,0.378254492115878,0.0821415474880821,0,0.0914924825815915,0.0507884121745508,0.397323065639897
320273.411807,2778366.126422,0.73003663003663,0.0192307692307692,0,0.000549450549450549,0.00256410256410256,0.247619047619048
320773.411807,2778366.126422,0.819047619047619,0.00421245421245421,0,0,0,0.176739926739927
321273.411807,2778366.126422,0.749174917491749,0.0152181884855152,0,0.0011001100110011,0.00458379171250458,0.22992299229923
321773.411807,2778366.126422,0.60970695970696,0.021978021978022,0,0.0342490842490843,0.0258241758241758,0.308241758241758
322273.411807,2778366.126422,0.370695970695971,0.0108058608058608,0,0.00586080586080586,0.0111721611721612,0.601465201465201
322773.411807,2778366.126422,0.290979097909791,0.068023469013568,0,0.0843417675100843,0.0451045104510451,0.511551155115512
323273.411807,2778366.126422,0.399450549450549,0.0441391941391941,0.0163003663003663,0.137362637362637,0.0923076923076923,0.31043956043956
323773.411807,2778366.126422,0.410805860805861,0.0531135531135531,0.0483516483516484,0.0833333333333333,0.0734432234432234,0.330952380952381
324273.411807,2778366.126422,0.557572423909058,0.0403373670700403,0,0.171250458379171,0.0572057205720572,0.173634030069674
324773.411807,2778366.126422,0.293040293040293,0.0448717948717949,0,0.0895604395604396,0.10989010989011,0.462637362637363
325273.411807,2778366.126422,0.471794871794872,0.0706959706959707,0,0.0195970695970696,0.101831501831502,0.336080586080586
313273.411807,2777866.126422,0.636713735558408,0.00256739409499358,0,0.00696864111498258,0.0150375939849624,0.338712635246653
313773.411807,2777866.126422,0.871174638079531,0.00219901044529962,0,0.00293201392706615,0.00238226131574125,0.121312076232362
314273.411807,2777866.126422,0.865663424481556,0.00862543585979079,0,0,0.0012846393833731,0.12442650027528
314773.411807,2777866.126422,0.622959838620943,0.00678525582248304,0,0.0379607555474051,0.035209976159912,0.297084173849257
315273.411807,2777866.126422,0.801905809052593,0.0119113065787062,0,0.011544804837823,0.0174088326919553,0.157229246838922
315773.411807,2777866.126422,0.945311066250688,0.000367039823820885,0,0,0,0.0543218939254909
316273.411807,2777866.126422,0.885200806895287,0,0,0,0.000916926462497708,0.113882266642215
316773.411807,2777866.126422,0.919369617005681,0,0,0.00146600696353308,0.00146600696353308,0.0776983690672531
317273.411807,2777866.126422,0.779409065883648,0.0161497522481189,0,0.0159662323362085,0.030280785465223,0.158194164066801
317773.411807,2777866.126422,0.871630295250321,0.00201723821749496,0,0,0.000183385292499542,0.126169081239685
318273.411807,2777866.126422,0.812167857797325,0.0113615539673813,0,0.00164925783397471,0.00256551218618288,0.172255818215137
318773.411807,2777866.126422,0.628739218205175,0.0159662323362085,0,0.0484492567443568,0.0284455863461186,0.278399706368141
319273.411807,2777866.126422,0.553456812763616,0.0509811113148725,0,0.0361269026224097,0.0240234733174399,0.335411699981661
319773.411807,2777866.126422,0.36888400219901,0.0450797141286421,0.00128275609309144,0.0963899578522998,0.0754993586219534,0.412864211105003
320273.411807,2777866.126422,0.778307946412186,0.017434391631492,0,0,0,0.204257661956322
320773.411807,2777866.126422,0.723454978910691,0.0166880616174583,0.00201723821749496,0.0148542086924629,0.00568494406748579,0.237300568494407
321273.411807,2777866.126422,0.698552318123511,0.0317024005864028,0,0.00146600696353308,0.00256551218618288,0.26571376214037
321773.411807,2777866.126422,0.598458432739952,0.0356028629106258,0,0.00972655533125344,0.0306478252890439,0.325564323729125
322273.411807,2777866.126422,0.511094810196222,0.0194388410049514,0.00275077938749312,0.208875848156978,0.041995231982395,0.21584448927196
322773.411807,2777866.126422,0.514385193329668,0.0157595748579806,0.000366501740883269,0.0775151181968114,0.0317024005864028,0.360271211288254
323273.411807,2777866.126422,0.137639933932832,0.119838502477519,0.051018535511103,0.336575518443751,0.100935951550743,0.253991558084052
323773.411807,2777866.126422,0.207592151109481,0.0651017788373372,0.000733541169998166,0.319273794241702,0.121034293049697,0.286264441591784
324273.411807,2777866.126422,0.310793476269012,0.0527762506871908,0.0388491845336265,0.241158145501191,0.0943741982774418,0.262048744731537
324773.411807,2777866.126422,0.374931180033034,0.022389429253074,0.00256927876674619,0.0983666727839971,0.0343182235272527,0.467425215635897
325273.411807,2777866.126422,0.501192004401247,0.0269576379974326,0,0.010819732257473,0.0814230698697964,0.379607555474051
313273.411807,2777366.126422,0.701522656393322,0.00513667217024399,0,0.0133920381581361,0.0299027701339204,0.250045863144377
313773.411807,2777366.126422,0.734798534798535,0.00695970695970696,0,0.00567765567765568,0.00915750915750916,0.243406593406593
314273.411807,2777366.126422,0.936146788990826,0,0,0,0,0.0638532110091743
314773.411807,2777366.126422,0.602825169693634,0.0122913226930838,0,0.0332049165290772,0.02568336085122,0.325995230232985
315273.411807,2777366.126422,0.916483516483516,0.00989010989010989,0,0.00457875457875458,0.00586080586080586,0.0631868131868132
315773.411807,2777366.126422,0.92954128440367,0.00055045871559633,0,0,0,0.0699082568807339
316273.411807,2777366.126422,0.900018345257751,0.00183452577508714,0,0,0,0.098147128967162
316773.411807,2777366.126422,0.900915750915751,0.00238095238095238,0,0,0.00128205128205128,0.0954212454212454
317273.411807,2777366.126422,0.818899082568807,0.00697247706422018,0,0.00899082568807339,0.0143119266055046,0.150825688073394
317773.411807,2777366.126422,0.884057971014493,0.00201797835259585,0,0.00348559897266557,0.00697119794533113,0.103467253714915
318273.411807,2777366.126422,0.804212454212454,0.00879120879120879,0,0,0,0.186996336996337
318773.411807,2777366.126422,0.532110091743119,0.0561467889908257,0,0.0223853211009174,0.0456880733944954,0.343669724770642
319273.411807,2777366.126422,0.808658961658411,0.00293524124013942,0,0,0,0.188405797101449
319773.411807,2777366.126422,0.633150183150183,0.019047619047619,0,0.0628205128205128,0.0351648351648352,0.24981684981685
320273.411807,2777366.126422,0.531559633027523,0.0394495412844037,0.000917431192660551,0.0622018348623853,0.0559633027522936,0.309908256880734
320773.411807,2777366.126422,0.782058337919648,0.0148596587782058,0,0.00587048248027885,0.00898917629792699,0.188222344523941
321273.411807,2777366.126422,0.727106227106227,0.00347985347985348,0,0.000366300366300366,0.00183150183150183,0.267216117216117
321773.411807,2777366.126422,0.467706422018349,0.0319266055045872,0,0.16348623853211,0.0856880733944954,0.251192660550459
322273.411807,2777366.126422,0.315171528159971,0.0271509814712897,0.01284168042561,0.249862410566868,0.0748486516235553,0.320124747752706
322773.411807,2777366.126422,0.0864468864468864,0.0846153846153846,0.0326007326007326,0.37985347985348,0.118681318681319,0.297802197802198
323273.411807,2777366.126422,0.378165137614679,0.0629357798165138,0.0277064220183486,0.264954128440367,0.0644036697247706,0.201834862385321
323773.411807,2777366.126422,0.475142175747569,0.136305265088975,0.0506329113924051,0.002568336085122,0.00642084021280499,0.328930471473124
324273.411807,2777366.126422,0.204578754578755,0.0868131868131868,0.0470695970695971,0.317948717948718,0.0990842490842491,0.244505494505494
324773.411807,2777366.126422,0.342018348623853,0.0886238532110092,0.0392660550458716,0.251926605504587,0.0834862385321101,0.194678899082569
325273.411807,2777366.126422,0.42084021280499,0.0583379196477711,0.0258668134287287,0.143826820766832,0.0664098330581545,0.284718400293524
313273.411807,2776866.126422,0.803113553113553,0.00842490842490842,0,0.00238095238095238,0.0100732600732601,0.176007326007326
313773.411807,2776866.126422,0.630546387972131,0.00293362669600293,0,0.00751741840850752,0.0181518151815182,0.340850751741841
314273.411807,2776866.126422,0.717399267399267,0.0128205128205128,0,0.0456043956043956,0.071978021978022,0.152197802197802
314773.411807,2776866.126422,0.534798534798535,0.0159340659340659,0,0.0840659340659341,0.123809523809524,0.241391941391941
315273.411807,2776866.126422,0.883571690502384,0.00385038503850385,0,0,0,0.112577924459113
315773.411807,2776866.126422,0.883516483516483,0.000183150183150183,0,0,0.000366300366300366,0.115934065934066
316273.411807,2776866.126422,0.777289377289377,0.00586080586080586,0,0.00238095238095238,0.00750915750915751,0.206959706959707
316773.411807,2776866.126422,0.810964429776311,0.0152181884855152,0,0.000183351668500183,0.000733406674000733,0.172900623395673
317273.411807,2776866.126422,0.714835164835165,0.023992673992674,0,0.0318681318681319,0.0238095238095238,0.205494505494505
317773.411807,2776866.126422,0.653663003663004,0.0336996336996337,0,0.0391941391941392,0.0514652014652015,0.221978021978022
318273.411807,2776866.126422,0.725339200586725,0.0280528052805281,0,0.0113678034470114,0.0141180784745141,0.221122112211221
318773.411807,2776866.126422,0.750732600732601,0.00567765567765568,0,0.00805860805860806,0.00897435897435897,0.226556776556777
319273.411807,2776866.126422,0.802564102564103,0.0142857142857143,0,0,0,0.183150183150183
319773.411807,2776866.126422,0.513201320132013,0.00898423175650898,0,0,0,0.477814448111478
320273.411807,2776866.126422,0.510805860805861,0.0415750915750916,0,0.0181318681318681,0.0163003663003663,0.413186813186813
320773.411807,2776866.126422,0.294688644688645,0.0736263736263736,0.0205128205128205,0.147619047619048,0.0617216117216117,0.401831501831502
321273.411807,2776866.126422,0.230656398973231,0.0718738540520719,0.0540887422075541,0.116428309497616,0.0586725339200587,0.468280161349468
321773.411807,2776866.126422,0.0296703296703297,0.0813186813186813,0.0386446886446886,0.698168498168498,0.0772893772893773,0.0749084249084249
322273.411807,2776866.126422,0.00934065934065934,0.0415750915750916,0.0100732600732601,0.808791208791209,0.0858974358974359,0.0443223443223443
322773.411807,2776866.126422,0.295012834616795,0.0671067106710671,0.000916758342500917,0.422992299229923,0.0304363769710304,0.183535020168684
323273.411807,2776866.126422,0.829120879120879,0.00238095238095238,0,0,0,0.168498168498169
323773.411807,2776866.126422,0.635164835164835,0.0247252747252747,0.00457875457875458,0.0344322344322344,0.0382783882783883,0.262820512820513
324273.411807,2776866.126422,0.248441510817748,0.0575724239090576,0.000916758342500917,0.369086908690869,0.0817748441510818,0.242207554088742
324773.411807,2776866.126422,0.423260073260073,0.0238095238095238,0,0.106410256410256,0.0353479853479853,0.411172161172161
325273.411807,2776866.126422,0.211721611721612,0.0355311355311355,0.0201465201465201,0.426007326007326,0.0961538461538462,0.21043956043956
313273.411807,2776366.126422,0.876214927562809,0.00403447643498991,0,0,0,0.119750596002201
313773.411807,2776366.126422,0.78248121678578,0.0164925783397471,0,0.011544804837823,0.0139270661535642,0.175554333883086
314273.411807,2776366.126422,0.769498990640484,0.00201871903101487,0,0.00330335841438796,0.0117452743622683,0.213433657551844
314773.411807,2776366.126422,0.615441041628461,0.00935264991747662,0,0.00935264991747662,0.0240234733174399,0.341830185219145
315273.411807,2776366.126422,0.720908924317391,0.00971229613340663,0,0.0218068535825545,0.009529045262965,0.238042880703683
315773.411807,2776366.126422,0.567810607450908,0.0192695907505964,0.0436777390346853,0.00752431638832813,0.0502844558634612,0.311433290512021
316273.411807,2776366.126422,0.809829451677975,0.00880249403997799,0,0,0,0.181368054282047
316773.411807,2776366.126422,0.663184900128276,0.0219901044529962,0,0.0368334249587686,0.0214403518416712,0.256551218618288
317273.411807,2776366.126422,0.466874655900165,0.0416590200036704,0,0.11213066617728,0.0761607634428336,0.303174894476051
317773.411807,2776366.126422,0.827434439757931,0.00806895286997983,0,0.000550155877498625,0.00201723821749496,0.161929213277095
318273.411807,2776366.126422,0.747297049660986,0.0240058640278541,0,0,0,0.22869708631116
318773.411807,2776366.126422,0.593136355294549,0.0115617544503579,0,0.0284455863461186,0.0108276748027161,0.356028629106258
319273.411807,2776366.126422,0.586282780121034,0.0346598202824134,0,0.111681643132221,0.0346598202824134,0.232715936181918
319773.411807,2776366.126422,0.575774234927616,0.0573575224482316,0.00623052959501558,0.0509437419827744,0.0641378046545721,0.24555616639179
320273.411807,2776366.126422,0.337493118003303,0.0447788585061479,0.0478986970086254,0.146081849880712,0.0273444668746559,0.396403009726555
320773.411807,2776366.126422,0.218595268659454,0.0361269026224097,0.0212726939299468,0.398679625894003,0.0951769668072621,0.230148542086925
321273.411807,2776366.126422,0.0311526479750779,0.0414146967198094,0.0234561114165292,0.605277625068719,0.0925416895730255,0.206157229246839
321773.411807,2776366.126422,0.0345017434391632,0.0627638098733713,0.0352358230868049,0.695723986052487,0.0633143696091026,0.108460267939071
322273.411807,2776366.126422,0.163579680909591,0.0407115349348982,0,0.546854942233633,0.113515496057216,0.135338345864662
322773.411807,2776366.126422,0.493861095840205,0.0183250870441635,0,0.145317940260216,0.051676745464541,0.290819131390874
323273.411807,2776366.126422,0.771517709671499,0.000734079647641769,0,0,0,0.227748210680859
323773.411807,2776366.126422,0.655235650100862,0.0066018705299835,0,0.0385109114249037,0.0342930496974143,0.265358518246837
324273.411807,2776366.126422,0.218984790177753,0.0780648708081363,0.00274876305662452,0.339930364669232,0.087777166941543,0.272494044346711
324773.411807,2776366.126422,0.537529821985685,0.0187190310148651,0.00220223894292531,0.0478986970086254,0.0657001284639383,0.32795008258396
325273.411807,2776366.126422,0.597469282963506,0.0159545204474601,0,0.0891252521547772,0.0154043645699615,0.282046579864295
313273.411807,2775866.126422,0.741515318290222,0.030820033021464,0.000733810310034856,0,0.000183452577508714,0.226747385800771
313773.411807,2775866.126422,0.81978021978022,0.000732600732600733,0,0,0,0.179487179487179
314273.411807,2775866.126422,0.764036697247706,0.0669724770642202,0,0,0.00110091743119266,0.167889908256881
314773.411807,2775866.126422,0.622638048064575,0.0280682443588332,0,0.0187121629058888,0.0396257567418822,0.29095578792882
315273.411807,2775866.126422,0.225091575091575,0.0377289377289377,0,0.28974358974359,0.16025641025641,0.287179487179487
315773.411807,2775866.126422,0.60605504587156,0.0170642201834862,0,0.0422018348623853,0.0532110091743119,0.281467889908257
316273.411807,2775866.126422,0.779673454412035,0.000183452577508714,0,0,0,0.220143093010457
316773.411807,2775866.126422,0.702380952380952,0.0010989010989011,0,0.00750915750915751,0.00934065934065934,0.27967032967033
317273.411807,2775866.126422,0.25743119266055,0.0278899082568807,0,0.132660550458716,0.184587155963303,0.39743119266055
317773.411807,2775866.126422,0.699504678040726,0.0181618051733627,0,0,0.000550357732526142,0.281783159053385
318273.411807,2775866.126422,0.712087912087912,0.00347985347985348,0,0,0.00274725274725275,0.281684981684982
318773.411807,2775866.126422,0.657431192660551,0.0218348623853211,0.0319266055045872,0.00532110091743119,0.00201834862385321,0.281467889908257
319273.411807,2775866.126422,0.494221243808475,0.0392588515868648,0.0132085855806274,0.130801687763713,0.0739313887360117,0.248578242524307
319773.411807,2775866.126422,0.479120879120879,0.0613553113553114,0.000183150183150183,0.102930402930403,0.0628205128205128,0.293589743589744
320273.411807,2775866.126422,0.0763302752293578,0.0638532110091743,0.0493577981651376,0.328256880733945,0.0792660550458716,0.402935779816514
320773.411807,2775866.126422,0.218675472390387,0.0541185103650706,0.00311869381764814,0.421757475692533,0.165841130067877,0.136488717666483
321273.411807,2775866.126422,0.243772893772894,0.0851648351648352,0.0206959706959707,0.395054945054945,0.0608058608058608,0.194505494505495
321773.411807,2775866.126422,0.340733944954128,0.0381651376146789,0,0.0776146788990826,0.0300917431192661,0.513394495412844
322273.411807,2775866.126422,0.624472573839662,0.0066042927903137,0,0.00238488350761328,0.0066042927903137,0.359933957072097
322773.411807,2775866.126422,0.546336996336996,0.0104395604395604,0,0.0261904761904762,0.0318681318681319,0.385164835164835
323273.411807,2775866.126422,0.67743119266055,0.0209174311926606,0,0.00403669724770642,0.0247706422018349,0.272844036697248
323773.411807,2775866.126422,0.61199779856907,0.00495321959273528,0,0.00311869381764814,0.00587048248027885,0.374059805540268
324273.411807,2775866.126422,0.663186813186813,0.0203296703296703,0.0126373626373626,0.00586080586080586,0.010989010989011,0.286996336996337
324773.411807,2775866.126422,0.571192660550459,0.0100917431192661,0,0.0157798165137615,0.0260550458715596,0.376880733944954
325273.411807,2775866.126422,0.776738213171895,0.0124747752705926,0,0,0,0.210787011557512
313273.411807,2775366.126422,0.804578754578755,0.0263736263736264,0.00183150183150183,0.00476190476190476,0.0119047619047619,0.150549450549451
313773.411807,2775366.126422,0.789328932893289,0.00201686835350202,0,0,0.0011001100110011,0.207554088742208
314273.411807,2775366.126422,0.466849816849817,0.0271062271062271,0,0.0798534798534798,0.120879120879121,0.305311355311355
314773.411807,2775366.126422,0.580952380952381,0.0043956043956044,0.000183150183150183,0.106410256410256,0.0296703296703297,0.278388278388278
315273.411807,2775366.126422,0.363403006967363,0.0364869820315365,0,0.193986065273194,0.0715071507150715,0.334616795012835
315773.411807,2775366.126422,0.755677655677656,0.0195970695970696,0,0.0527472527472527,0.0232600732600733,0.148717948717949
316273.411807,2775366.126422,0.821794871794872,0.00732600732600733,0,0,0,0.170879120879121
316773.411807,2775366.126422,0.645581224789146,0.00843417675100843,0,0.00623395672900623,0.0177851118445178,0.321965529886322
317273.411807,2775366.126422,0.484981684981685,0.0404761904761905,0.0111721611721612,0.0749084249084249,0.0734432234432234,0.315018315018315
317773.411807,2775366.126422,0.324175824175824,0.0558608058608059,0.0141025641025641,0.101465201465201,0.0912087912087912,0.413186813186813
318273.411807,2775366.126422,0.103043637697103,0.0704070407040704,0.0935093509350935,0.308030803080308,0.100660066006601,0.324349101576824
318773.411807,2775366.126422,0.166666666666667,0.0767399267399267,0.0706959706959707,0.238827838827839,0.101831501831502,0.345238095238095
319273.411807,2775366.126422,0.0694139194139194,0.0794871794871795,0.0505494505494506,0.314468864468864,0.112820512820513,0.373260073260073
319773.411807,2775366.126422,0.0663733039970664,0.079024569123579,0.0606894022735607,0.4004400440044,0.112761276127613,0.280711404473781
320273.411807,2775366.126422,0.052014652014652,0.0542124542124542,0.00128205128205128,0.7496336996337,0.0934065934065934,0.0494505494505494
320773.411807,2775366.126422,0.0487179487179487,0.0657509157509158,0.0467032967032967,0.511355311355311,0.101098901098901,0.226373626373626
321273.411807,2775366.126422,0.393839383938394,0.0143014301430143,0,0.174917491749175,0.0568390172350568,0.36010267693436
321773.411807,2775366.126422,0.42967032967033,0.0250915750915751,0,0.0915750915750916,0.0452380952380952,0.408424908424908
322273.411807,2775366.126422,0.71025641025641,0.0208791208791209,0,0.000549450549450549,0.000366300366300366,0.267948717948718
322773.411807,2775366.126422,0.662082874954162,0.011001100110011,0,0,0.00201686835350202,0.324899156582325
323273.411807,2775366.126422,0.849267399267399,0.00421245421245421,0,0,0.000183150183150183,0.146336996336996
323773.411807,2775366.126422,0.86025641025641,0.00622710622710623,0,0,0,0.133516483516484
324273.411807,2775366.126422,0.579391272460579,0.0456545654565457,0.28034470113678,0,0.00183351668500183,0.0927759442610928
324773.411807,2775366.126422,0.822161172161172,0.0274725274725275,0,0,0,0.1503663003663
325273.411807,2775366.126422,0.487179487179487,0.0252747252747253,0,0.0338827838827839,0.0441391941391941,0.40952380952381
313273.411807,2774866.126422,0.47185035760132,0.0410783055198973,0.000916926462497708,0.135705116449661,0.150742710434623,0.199706583532001
313773.411807,2774866.126422,0.603628367234744,0.036100421477002,0,0.00366501740883269,0.0507604911123328,0.305845702767088
314273.411807,2774866.126422,0.416773719948614,0.10790970820334,0,0.1036887502294,0.147366489264085,0.22426133235456
314773.411807,2774866.126422,0.255455712451861,0.070419952319824,0,0.267008985879332,0.155510728039611,0.251604621309371
315273.411807,2774866.126422,0.233644859813084,0.0298698918819864,0.00403151914971596,0.200293201392707,0.0863111599780099,0.445849367784497
315773.411807,2774866.126422,0.724903652046247,0.0337676637915214,0,0.0108276748027161,0.0150486327766563,0.215452376582859
316273.411807,2774866.126422,0.751696313955621,0.00366770584999083,0.000183385292499542,0.000550155877498625,0.00916926462497708,0.234733174399413
316773.411807,2774866.126422,0.591350558915155,0.0218068535825545,0,0.0315191497159611,0.0368334249587686,0.318490012827561
317273.411807,2774866.126422,0.14534777023307,0.0614791704899982,0.0495503762158194,0.26555331253441,0.139291613140026,0.338777757386676
317773.411807,2774866.126422,0.0476801760498808,0.102879149092243,0.0597836053548505,0.491655969191271,0.0944434256372639,0.203557674674491
318273.411807,2774866.126422,0.638079530877772,0.0155763239875389,0,0.0991387209089243,0.0252886201209456,0.22191680410482
318773.411807,2774866.126422,0.342998715360617,0.0282620664342081,0.0201871903101487,0.165351440631308,0.0772618829142962,0.365938704349422
319273.411807,2774866.126422,0.0535485054098661,0.0335595085274161,0,0.686961305703283,0.127086007702182,0.0988446726572529
319773.411807,2774866.126422,0.0899761773868426,0.0802638812534359,0.049660985889683,0.335898845519516,0.0868609125893348,0.357339197361187
320273.411807,2774866.126422,0.0756102037071022,0.0818498807120573,0.0231235089007157,0.514956872820701,0.104239309965131,0.200220223894293
320773.411807,2774866.126422,0.238951036126903,0.0973775903172566,0.0496974142673758,0.142857142857143,0.0667522464698331,0.404364569961489
321273.411807,2774866.126422,0.589334799340297,0.0335349092908191,0,0.00971229613340663,0.0108118013560564,0.356606193879421
321773.411807,2774866.126422,0.608184988071206,0.00880895577170123,0,0.00550559735731327,0.0198201504863278,0.357680308313452
322273.411807,2774866.126422,0.826700898587933,0.0117366587199707,0,0,0,0.161562442692096
322773.411807,2774866.126422,0.864027854132307,0.00568077698369067,0,0,0,0.130291368884002
323273.411807,2774866.126422,0.88383189576069,0.000917599559552211,0,0,0,0.115250504679758
323773.411807,2774866.126422,0.897671006785256,0.00568494406748579,0,0,0,0.0966440491472584
324273.411807,2774866.126422,0.837639728788712,0.0042147700201576,0,0,0,0.158145501191131
324773.411807,2774866.126422,0.899798128096899,0.0100935951550743,0,0,0,0.0901082767480272
325273.411807,2774866.126422,0.690078855675775,0.0381441408399046,0,0.00770218228498074,0.010819732257473,0.253255088941867
313273.411807,2774366.126422,0.500091726288754,0.0313703907539901,0,0.103100348559897,0.0764997248211337,0.288937809576225
313773.411807,2774366.126422,0.399450549450549,0.0558608058608059,0.03003663003663,0.0608058608058608,0.130769230769231,0.323076923076923
314273.411807,2774366.126422,0.403853211009174,0.086605504587156,0.00165137614678899,0.139633027522936,0.12256880733945,0.245688073394495
314773.411807,2774366.126422,0.141808842414236,0.0781507980187122,0.081452944413869,0.221427261053018,0.174646853788296,0.302513300311869
315273.411807,2774366.126422,0.12985347985348,0.0663003663003663,0.093040293040293,0.220512820512821,0.101648351648352,0.388644688644689
315773.411807,2774366.126422,0.505321100917431,0.0422018348623853,0.00018348623853211,0.123853211009174,0.0570642201834862,0.271376146788991
316273.411807,2774366.126422,0.418638781874885,0.0216474041460283,0,0.0847550908090259,0.0379746835443038,0.436984039625757
316773.411807,2774366.126422,0.12985347985348,0.0923076923076923,0.11043956043956,0.158241758241758,0.0796703296703297,0.429487179487179
317273.411807,2774366.126422,0.249357798165138,0.0891743119266055,0.0577981651376147,0.346605504587156,0.0779816513761468,0.179082568807339
317773.411807,2774366.126422,0.323426894147863,0.0333883691065859,0,0.240689781691433,0.0752155567785727,0.327279398275546
318273.411807,2774366.126422,0.178571428571429,0.0668498168498168,0.00622710622710623,0.485347985347985,0.06996336996337,0.193040293040293
318773.411807,2774366.126422,0.135963302752294,0.0521100917431193,0.00110091743119266,0.540550458715596,0.125688073394495,0.144587155963303
319273.411807,2774366.126422,0.10273344340488,0.0460465969546872,0.00238488350761328,0.655109154283618,0.0931939093744267,0.100532012474775
319773.411807,2774366.126422,0.135897435897436,0.0481684981684982,0.000366300366300366,0.456776556776557,0.124358974358974,0.234432234432234
320273.411807,2774366.126422,0.279633027522936,0.0511926605504587,0,0.236330275229358,0.110091743119266,0.322752293577982
320773.411807,2774366.126422,0.640983305815447,0.0066042927903137,0,0.000733810310034856,0.00110071546505228,0.350577875619152
321273.411807,2774366.126422,0.682783882783883,0.0181318681318681,0,0.000915750915750916,0.00128205128205128,0.296886446886447
321773.411807,2774366.126422,0.817064220183486,0.0106422018348624,0,0,0,0.172293577981651
322273.411807,2774366.126422,0.73032471106219,0.0181618051733627,0,0.000733810310034856,0.00642084021280499,0.244358833241607
322773.411807,2774366.126422,0.847435897435897,0.00659340659340659,0,0,0,0.145970695970696
323273.411807,2774366.126422,0.905871559633028,0.00422018348623853,0,0,0,0.0899082568807339
323773.411807,2774366.126422,0.909924784443221,0.0157769216657494,0,0,0,0.0742982938910292
324273.411807,2774366.126422,0.827838827838828,0.00457875457875458,0,0,0,0.167582417582418
324773.411807,2774366.126422,0.92348623853211,0.00201834862385321,0,0,0,0.0744954128440367
325273.411807,2774366.126422,0.837094111172262,0,0,0,0,0.162905888827738
313273.411807,2773866.126422,0.426739926739927,0.0223443223443223,0.00128205128205128,0.173260073260073,0.0813186813186813,0.295054945054945
313773.411807,2773866.126422,0.115511551155116,0.0762742940960763,0.204070407040704,0.404840484048405,0.0803080308030803,0.118995232856619
314273.411807,2773866.126422,0.173076923076923,0.0584249084249084,0.000915750915750916,0.38956043956044,0.154761904761905,0.223260073260073
314773.411807,2773866.126422,0.0926739926739927,0.0844322344322344,0.0721611721611722,0.272710622710623,0.0970695970695971,0.380952380952381
315273.411807,2773866.126422,0.203887055372204,0.0467546754675468,0.0586725339200587,0.115694902823616,0.0491382471580491,0.525852585258526
315773.411807,2773866.126422,0.143772893772894,0.056959706959707,0.013003663003663,0.284798534798535,0.105860805860806,0.395604395604396
316273.411807,2773866.126422,0.204761904761905,0.0578754578754579,0.056043956043956,0.256593406593407,0.0697802197802198,0.354945054945055
316773.411807,2773866.126422,0.0601393472680601,0.070957095709571,0.00733406674000733,0.624129079574624,0.0698569856985699,0.167583425009168
317273.411807,2773866.126422,0.211721611721612,0.067032967032967,0.0135531135531136,0.492857142857143,0.0734432234432234,0.141391941391941
317773.411807,2773866.126422,0.338461538461538,0.0208791208791209,0.00201465201465201,0.29981684981685,0.0518315018315018,0.286996336996337
318273.411807,2773866.126422,0.0727906123945728,0.0218188485515218,0,0.691052438577191,0.0984598459845985,0.115878254492116
318773.411807,2773866.126422,0.121428571428571,0.0633699633699634,0.000915750915750916,0.468315018315018,0.111355311355311,0.234615384615385
319273.411807,2773866.126422,0.128571428571429,0.0635531135531135,0.00128205128205128,0.513736263736264,0.107326007326007,0.185531135531136
319773.411807,2773866.126422,0.503300330033003,0.0157682434910158,0.0022002200220022,0.172533920058673,0.0284195086175284,0.277777777777778
320273.411807,2773866.126422,0.491575091575092,0.0249084249084249,0,0.118864468864469,0.0663003663003663,0.298351648351648
320773.411807,2773866.126422,0.894505494505495,0.00531135531135531,0,0,0,0.10018315018315
321273.411807,2773866.126422,0.888705537220389,0.00476714338100477,0,0,0,0.106527319398607
321773.411807,2773866.126422,0.71959706959707,0.00750915750915751,0,0.0010989010989011,0.00128205128205128,0.27051282051282
322273.411807,2773866.126422,0.737545787545788,0.0203296703296703,0,0.000183150183150183,0.00201465201465201,0.23992673992674
322773.411807,2773866.126422,0.712504583791713,0.00825082508250825,0,0.00366703337000367,0.0121012101210121,0.263476347634763
323273.411807,2773866.126422,0.931684981684982,0.00842490842490842,0,0,0,0.0598901098901099
323773.411807,2773866.126422,0.956959706959707,0.000366300366300366,0,0,0,0.0426739926739927
324273.411807,2773866.126422,0.919141914191419,0.00861752841950862,0,0,0,0.0722405573890722
324773.411807,2773866.126422,0.908608058608059,0.00879120879120879,0,0,0,0.0826007326007326
325273.411807,2773866.126422,0.932600732600733,0,0,0,0,0.0673992673992674
313273.411807,2773366.126422,0.0583165230148542,0.0363102879149092,0.000183385292499542,0.775536401980561,0.0907757197872731,0.0388776820099028
313773.411807,2773366.126422,0.0208905992303463,0.0205240974894631,0.00623052959501558,0.876122411581455,0.0557082646142569,0.0205240974894631
314273.411807,2773366.126422,0.0370710222059093,0.0585428518994311,0.0989172325197284,0.538080381721417,0.0893741971003854,0.178014314553129
314773.411807,2773366.126422,0.123601687144691,0.0667522464698331,0.00458463231248854,0.565927012653585,0.124885384192188,0.114249037227214
315273.411807,2773366.126422,0.271394539124061,0.0183250870441635,0.024555616639179,0.0663368150998717,0.168041048194979,0.451346893897746
315773.411807,2773366.126422,0.0917599559552211,0.0985501926959075,0.0671682877592219,0.242796843457515,0.0657001284639383,0.434024591668196
316273.411807,2773366.126422,0.0801393728222996,0.0735375022923162,0.0278745644599303,0.629378323858427,0.0999449844122501,0.0891252521547772
316773.411807,2773366.126422,0.0606560381161811,0.05717427157779,0.00146600696353308,0.744914788345245,0.0908924317390508,0.0448964632582005
317273.411807,2773366.126422,0.305927693154707,0.0811158010644155,0.00165167920719398,0.206276380987337,0.0840521196549826,0.320976325931364
317773.411807,2773366.126422,0.184485604254539,0.0629011553273428,0.000733541169998166,0.307720520814231,0.101778837337246,0.342380341096644
318273.411807,2773366.126422,0.164559281656588,0.0663368150998717,0,0.345427890782481,0.0615722924683892,0.36210371999267
318773.411807,2773366.126422,0.209579739401725,0.0534042943659387,0,0.0299137456414021,0.0541383740135805,0.652963846577354
319273.411807,2773366.126422,0.50394278378874,0.0276911791674308,0,0.0313588850174216,0.0403447643498991,0.396662387676508
319773.411807,2773366.126422,0.486347810152098,0.0386659336631849,0,0.0282206340480117,0.0465457210921752,0.40021990104453
320273.411807,2773366.126422,0.743439163149202,0.0106441548908057,0,0.009543035419343,0.009543035419343,0.226830611121307
320773.411807,2773366.126422,0.925362185952687,0.00256739409499358,0,0,0,0.0720704199523198
321273.411807,2773366.126422,0.899212021257101,0.00641378046545721,0,0,0,0.0943741982774418
321773.411807,2773366.126422,0.795925857955588,0.00697375665259681,0,0,0.000550559735731327,0.196549825656084
322273.411807,2773366.126422,0.910691362552723,0.00770218228498074,0,0,0,0.081606455162296
322773.411807,2773366.126422,0.735019241341396,0.00879604178119846,0,0.000366501740883269,0.000549752611324904,0.255268462525197
323273.411807,2773366.126422,0.876307579372362,0.0121123141860892,0,0,0,0.111580106441549
323773.411807,2773366.126422,0.952503209242619,0.00110031175499725,0,0,0,0.046396479002384
324273.411807,2773366.126422,0.948323254535459,0.000549752611324904,0,0,0,0.051126992853216
324773.411807,2773366.126422,0.926592035235823,0.00146815929528354,0,0,0,0.0719398054688934
325273.411807,2773366.126422,0.958371538602604,0.00385109114249037,0,0,0,0.0377773702549056
313273.411807,2772866.126422,0.0388919464318474,0.0177949000183453,0,0.796734544120345,0.0722803155384333,0.0742982938910292
313773.411807,2772866.126422,0.0252747252747253,0.0315018315018315,0.0901098901098901,0.614285714285714,0.0815018315018315,0.157326007326007
