"x","y","forest","agri","water","built","other","grass"
273773.411807,2778366.126422,0.0558608058608059,0.138827838827839,0.073992673992674,0.146886446886447,0.0100732600732601,0.574358974358974
274273.411807,2778366.126422,0.0567765567765568,0.128754578754579,0.0115384615384615,0.2003663003663,0.110622710622711,0.491941391941392
274773.411807,2778366.126422,0.059039237257059,0.133663366336634,0.102493582691602,0.227356068940227,0.0484048404840484,0.429042904290429
271773.411807,2777866.126422,0.05717427157779,0.13450613890416,0.270661535642294,0.202858713578889,0.0179585853032802,0.316840754993586
272273.411807,2777866.126422,0.0218388695173426,0.298036336942558,0.103138190493669,0.164250321159846,0.0311983850247752,0.38153789686181
272773.411807,2777866.126422,0.0924261874197689,0.179534201357051,0,0.0843572345497891,0.0364936732074088,0.607188703465982
273273.411807,2777866.126422,0.0393989371449514,0.091258933479934,0,0.155763239875389,0.112516034451164,0.601062855048561
273773.411807,2777866.126422,0.0284455863461186,0.0611121306661773,0,0.0820334006239677,0.0679023674068636,0.760506514956873
274273.411807,2777866.126422,0.075187969924812,0.0562992847973593,0.0117366587199707,0.262424353566844,0.160645516229598,0.433706216761416
274773.411807,2777866.126422,0.042147700201576,0.171156312992487,0.0670698185816383,0.159428257284222,0.070734835990471,0.489463074949606
270773.411807,2777366.126422,0,0.165688073394495,0.364770642201835,0.20348623853211,0.0341284403669725,0.231926605504587
271273.411807,2777366.126422,0.0377912309667951,0.171711612548156,0.00311869381764814,0.110621904237755,0.0990643918547056,0.57769216657494
271773.411807,2777366.126422,0.0206959706959707,0.152380952380952,0,0.244688644688645,0.122893772893773,0.459340659340659
272273.411807,2777366.126422,0.0185321100917431,0.299266055045872,0.00110091743119266,0.0484403669724771,0.0295412844036697,0.603119266055046
272773.411807,2777366.126422,0.0339387268391121,0.268391120895249,0,0.0170610897083104,0.0449458814896349,0.635663181067694
273273.411807,2777366.126422,0.043040293040293,0.0351648351648352,0,0.0119047619047619,0.0397435897435897,0.87014652014652
273773.411807,2777366.126422,0.0455045871559633,0.0456880733944954,0,0.015045871559633,0.023302752293578,0.87045871559633
274273.411807,2777366.126422,0.0752155567785727,0.0370574206567602,0,0.190790680609063,0.130618235186204,0.5663181067694
274773.411807,2777366.126422,0.0710622710622711,0.1003663003663,0,0.226007326007326,0.143406593406593,0.459157509157509
270273.411807,2776866.126422,0.0273193986065273,0.336817015034837,0.0304363769710304,0.0449211587825449,0.0383204987165383,0.522185551888522
270773.411807,2776866.126422,0.017032967032967,0.176007326007326,0.0608058608058608,0.0655677655677656,0.0163003663003663,0.664285714285714
271273.411807,2776866.126422,0.0677655677655678,0.0981684981684982,0.013003663003663,0.0826007326007326,0.08003663003663,0.658424908424908
271773.411807,2776866.126422,0.241107444077741,0.0793912724605794,0.00275027502750275,0.0748074807480748,0.126879354602127,0.475064173083975
272273.411807,2776866.126422,0.0208791208791209,0.148901098901099,0.013003663003663,0.0393772893772894,0.0448717948717949,0.732967032967033
272773.411807,2776866.126422,0.14047619047619,0.219413919413919,0,0.0131868131868132,0.0536630036630037,0.573260073260073
273273.411807,2776866.126422,0.0595892922625596,0.0872753942060873,0.0121012101210121,0.0520718738540521,0.102860286028603,0.686101943527686
273773.411807,2776866.126422,0.150915750915751,0.0298534798534799,0,0.157692307692308,0.112454212454212,0.549084249084249
274273.411807,2776866.126422,0.0745421245421245,0.0565934065934066,0,0.431684981684982,0.0749084249084249,0.362271062271062
274773.411807,2776866.126422,0.0258525852585259,0.276310964429776,0,0.378987898789879,0.07004033736707,0.248808214154749
269273.411807,2776366.126422,0.109377867498624,0.135437694989906,0.307579372361901,0.271609469627455,0.0357863828225362,0.140209212699578
269773.411807,2776366.126422,0.208875848156978,0.154960572162113,0.046396479002384,0.126535851824684,0.0731707317073171,0.390060517146525
270273.411807,2776366.126422,0.0492944841487997,0.111599780098955,0.023089609675646,0.180135605644127,0.0804471321238776,0.555433388308594
270773.411807,2776366.126422,0.0622132501376399,0.0994677922554597,0.0337676637915214,0.195632226096531,0.0805652413286842,0.528353826390163
271273.411807,2776366.126422,0.0166880616174583,0.149459013387126,0.000550155877498625,0.240968274344398,0.153126719237117,0.439207775536402
271773.411807,2776366.126422,0.0284038849184534,0.134139637163277,0,0.190947407000183,0.149715961150815,0.496793109767271
272273.411807,2776366.126422,0.117819783446504,0.108460267939071,0,0.0335841438796109,0.0803817214167737,0.65975408331804
272773.411807,2776366.126422,0.0753713552173116,0.0573995965523565,0.14780854575463,0.0564826700898588,0.0902255639097744,0.572712268476068
273273.411807,2776366.126422,0.034084661902144,0.0478284771852666,0.390874106652007,0.0188748396554884,0.0289536375297783,0.479384277075316
273773.411807,2776366.126422,0.145898329968802,0.0701046063497889,0,0.291246100201872,0.0783630023857589,0.414387961093779
274273.411807,2776366.126422,0,0.125252154777187,0.000366770584999083,0.48817164863378,0.0223730056849441,0.36383642031909
274773.411807,2776366.126422,0.00238226131574125,0.318673263698003,0,0.261682242990654,0.0852116547553601,0.332050577240242
268273.411807,2775866.126422,0.0893414052467437,0.145294441386901,0.436066776738213,0.162905888827738,0.0111906072280316,0.155200880572372
268773.411807,2775866.126422,0.133516483516484,0.226923076923077,0.0747252747252747,0.0582417582417582,0.0576923076923077,0.448901098901099
269273.411807,2775866.126422,0.0878899082568807,0.337614678899083,0,0.109908256880734,0.0563302752293578,0.408256880733945
269773.411807,2775866.126422,0.0755824619335902,0.337185837461016,0.0201797835259585,0.0333883691065859,0.0377912309667951,0.495872317006054
270273.411807,2775866.126422,0.093040293040293,0.144688644688645,0,0.0811355311355311,0.0620879120879121,0.619047619047619
270773.411807,2775866.126422,0.0552293577981651,0.273394495412844,0.0245871559633028,0.191559633027523,0.0768807339449541,0.378348623853211
271273.411807,2775866.126422,0.0919097413318657,0.187305081636397,0,0.133186571271326,0.104934874334984,0.482663731425427
271773.411807,2775866.126422,0.123443223443223,0.115018315018315,0,0.0452380952380952,0.0694139194139194,0.646886446886447
272273.411807,2775866.126422,0.0574311926605505,0.217798165137615,0.192293577981651,0.0100917431192661,0.0339449541284404,0.488440366972477
272773.411807,2775866.126422,0.0403595670519171,0.0487983856173179,0.256099798202165,0.0465969546872134,0.0598055402678408,0.548339754173546
273273.411807,2775866.126422,0.0913919413919414,0.0695970695970696,0,0.198901098901099,0.107326007326007,0.532783882783883
273773.411807,2775866.126422,0.00403669724770642,0.295596330275229,0.00678899082568807,0.258348623853211,0.0192660550458716,0.415963302752294
274273.411807,2775866.126422,0.000183452577508714,0.201797835259585,0.0108237020730141,0.535314621170427,0.0979636763896533,0.153916712529811
274773.411807,2775866.126422,0.00604395604395604,0.0133699633699634,0,0.93003663003663,0.0388278388278388,0.0117216117216117
267773.411807,2775366.126422,0.174542124542125,0.145421245421245,0.132051282051282,0.173076923076923,0.0338827838827839,0.341025641025641
268273.411807,2775366.126422,0.282051282051282,0.237179487179487,0,0.0554945054945055,0.0342490842490843,0.391025641025641
268773.411807,2775366.126422,0.0535386872020535,0.258159149248258,0,0.216538320498717,0.0694902823615695,0.402273560689402
269273.411807,2775366.126422,0.0902930402930403,0.21007326007326,0.00714285714285714,0.145238095238095,0.14010989010989,0.407142857142857
269773.411807,2775366.126422,0.0967032967032967,0.274542124542125,0.0157509157509158,0.12985347985348,0.102197802197802,0.380952380952381
270273.411807,2775366.126422,0.0447378071140447,0.378987898789879,0,0.048954895489549,0.055005500550055,0.472313898056472
270773.411807,2775366.126422,0.0529304029304029,0.445787545787546,0,0.0897435897435897,0.0802197802197802,0.331318681318681
271273.411807,2775366.126422,0.0877289377289377,0.342124542124542,0,0.0485347985347985,0.108241758241758,0.413369963369963
271773.411807,2775366.126422,0.114961496149615,0.17015034836817,0,0.0135680234690136,0.0280528052805281,0.673267326732673
272273.411807,2775366.126422,0.0840659340659341,0.221428571428571,0.0205128205128205,0.0333333333333333,0.0717948717948718,0.568864468864469
272773.411807,2775366.126422,0.0470695970695971,0.20970695970696,0,0.101282051282051,0.112637362637363,0.529304029304029
273273.411807,2775366.126422,0,0.171617161716172,0.0022002200220022,0.346534653465347,0.0803080308030803,0.399339933993399
273773.411807,2775366.126422,0,0.148717948717949,0,0.577838827838828,0.0441391941391941,0.229304029304029
274273.411807,2775366.126422,0.0298534798534799,0.123809523809524,0.000183150183150183,0.708974358974359,0.0501831501831502,0.086996336996337
274773.411807,2775366.126422,0.107444077741107,0.0865419875320865,0.00165016501650165,0.563806380638064,0.0968096809680968,0.143747708104144
266273.411807,2774866.126422,0.0181684712791338,0.242246283721784,0.278766746191962,0.300605615709304,0.038172141677372,0.122040741420444
266773.411807,2774866.126422,0.219328809829452,0.193654868879516,0.0601503759398496,0.0755547405098111,0.0480469466348799,0.403264258206492
267273.411807,2774866.126422,0.1412864211105,0.126992853216053,0.0304196444933113,0.128458860179586,0.062671797691039,0.510170423309511
267773.411807,2774866.126422,0.0517526151587447,0.090475316571848,0.0671682877592219,0.289410901082767,0.0559735731326849,0.445219306294733
268273.411807,2774866.126422,0.0618008435723455,0.0946268109297634,0,0.17990097194205,0.0766550522648084,0.587016321291032
268773.411807,2774866.126422,0.107018508337915,0.134139637163277,0.142935678944475,0.221000549752611,0.0984057174271578,0.296499908374565
269273.411807,2774866.126422,0.104422829877042,0.107542668379519,0.0121123141860892,0.438612589465957,0.123875940539549,0.213433657551844
269773.411807,2774866.126422,0.0368604437924078,0.381991564276545,0.0121034293049697,0.203007518796992,0.0711534934898221,0.294883550339263
270273.411807,2774866.126422,0.0628550485614807,0.629833241707898,0,0.0300531427524281,0.0445299615173172,0.232728605460876
270773.411807,2774866.126422,0.0530372545421178,0.347953752982199,0.00275279867865663,0.0209212699577904,0.046063497889521,0.529271425949716
271273.411807,2774866.126422,0.0498807995598753,0.379424170181551,0.228864845039428,0.0324591967724189,0.0394278378874014,0.269943150559325
271773.411807,2774866.126422,0.127359354956936,0.112882536192047,0.0175920835623969,0.0855781564962434,0.0868609125893348,0.569726956203042
272273.411807,2774866.126422,0.084235639566893,0.202789502661039,0,0.0411084602679391,0.0647825289043861,0.607083868599743
272773.411807,2774866.126422,0,0.217311571611957,0.00385109114249037,0.253805244819366,0.0256739409499358,0.499358151476252
273273.411807,2774866.126422,0,0.153380978559648,0.000366501740883269,0.664650907091809,0.0489279824079164,0.132673630199743
273773.411807,2774866.126422,0.00679023674068636,0.0322995044962378,0.000183519911910442,0.90475316571848,0.0387227014131033,0.0172508717195816
274273.411807,2774866.126422,0.0144874381074638,0.0693196405648267,0,0.796992481203007,0.0372272143774069,0.0819732257472951
274773.411807,2774866.126422,0.000366501740883269,0.0588235294117647,0.000183250870441635,0.707165109034268,0.0262048744731537,0.207256734469489
263773.411807,2774366.126422,0,0.0752155567785727,0.566501559346909,0.325444872500459,0.00642084021280499,0.0264171711612548
264273.411807,2774366.126422,0,0.155860805860806,0.391208791208791,0.386263736263736,0.00659340659340659,0.0600732600732601
264773.411807,2774366.126422,0.00844036697247706,0.291559633027523,0.248073394495413,0.216146788990826,0.0306422018348624,0.205137614678899
265273.411807,2774366.126422,0.0432948082920565,0.235920014676206,0.075032104201064,0.23115024766098,0.08273711245643,0.331865712713264
265773.411807,2774366.126422,0.128205128205128,0.158974358974359,0,0.0761904761904762,0.0382783882783883,0.598351648351648
266273.411807,2774366.126422,0.0842201834862385,0.0891743119266055,0.00293577981651376,0.146238532110092,0.0555963302752294,0.621834862385321
266773.411807,2774366.126422,0.128783709411117,0.0566868464501926,0,0.0911759310218309,0.0632911392405063,0.660062373876353
267273.411807,2774366.126422,0.104212454212454,0.0926739926739927,0.00531135531135531,0.0728937728937729,0.106959706959707,0.617948717948718
267773.411807,2774366.126422,0.0363302752293578,0.0708256880733945,0.0170642201834862,0.622018348623853,0.111009174311927,0.142752293577982
268273.411807,2774366.126422,0.122913226930838,0.0552192258301229,0.001284168042561,0.370574206567602,0.0717299578059072,0.378279214822968
268773.411807,2774366.126422,0.0305860805860806,0.0393772893772894,0,0.813736263736264,0.0639194139194139,0.0523809523809524
269273.411807,2774366.126422,0.0825688073394495,0.0478899082568807,0.00018348623853211,0.708440366972477,0.0631192660550459,0.0977981651376147
269773.411807,2774366.126422,0.120711796000734,0.173362685745735,0.0313703907539901,0.160704457897633,0.10273344340488,0.411117226197028
270273.411807,2774366.126422,0.0373626373626374,0.382234432234432,0.216483516483516,0.0241758241758242,0.0166666666666667,0.323076923076923
270773.411807,2774366.126422,0.0588990825688073,0.223119266055046,0.00018348623853211,0.10605504587156,0.116880733944954,0.494862385321101
271273.411807,2774366.126422,0.121812511465786,0.250229315721886,0.00366905155017428,0.117409649605577,0.0845716382315172,0.42230783342506
271773.411807,2774366.126422,0.0375457875457875,0.237362637362637,0,0.0615384615384615,0.0366300366300366,0.626923076923077
272273.411807,2774366.126422,0,0.348623853211009,0.0236697247706422,0.250091743119266,0.105871559633028,0.271743119266055
272773.411807,2774366.126422,0,0.209502843514951,0,0.427261053017795,0.135388002201431,0.227848101265823
273273.411807,2774366.126422,0.0406593406593407,0.0294871794871795,0,0.781684981684982,0.127838827838828,0.0203296703296703
273773.411807,2774366.126422,0.0275229357798165,0.0548623853211009,0,0.818899082568807,0.0370642201834862,0.061651376146789
274273.411807,2774366.126422,0.000183452577508714,0.0654925701706109,0,0.763529627591268,0.0223812144560631,0.14841313520455
274773.411807,2774366.126422,0.0141025641025641,0.128571428571429,0,0.227106227106227,0.0523809523809524,0.577838827838828
262773.411807,2773866.126422,0.00321027287319422,0.348314606741573,0.215489566613162,0.177969502407705,0.00642054574638844,0.248595505617978
263273.411807,2773866.126422,0.017032967032967,0.45018315018315,0.00457875457875458,0.214835164835165,0.039010989010989,0.274358974358974
263773.411807,2773866.126422,0.0593406593406593,0.314102564102564,0.00989010989010989,0.0778388278388278,0.0575091575091575,0.481318681318681
264273.411807,2773866.126422,0.0315364869820315,0.288412174550788,0.000916758342500917,0.187568756875688,0.041987532086542,0.44957829116245
264773.411807,2773866.126422,0.0467032967032967,0.205494505494505,0,0.23040293040293,0.0666666666666667,0.450732600732601
265273.411807,2773866.126422,0.132783882783883,0.071978021978022,0.0274725274725275,0.0212454212454212,0.0362637362637363,0.71025641025641
265773.411807,2773866.126422,0.184085075174184,0.0487715438210488,0,0.0121012101210121,0.0267693436010268,0.728272827282728
266273.411807,2773866.126422,0.167216117216117,0.0357142857142857,0,0.0366300366300366,0.039010989010989,0.721428571428571
266773.411807,2773866.126422,0.0646520146520147,0.0793040293040293,0,0.0159340659340659,0.0252747252747253,0.814835164835165
267273.411807,2773866.126422,0.0638063806380638,0.151081774844151,0.000366703337000367,0.0623395672900623,0.0650898423175651,0.657315731573157
267773.411807,2773866.126422,0.032967032967033,0.0406593406593407,0.000732600732600733,0.769413919413919,0.0948717948717949,0.0613553113553114
268273.411807,2773866.126422,0.0470695970695971,0.31007326007326,0.000549450549450549,0.328571428571429,0.0725274725274725,0.241208791208791
268773.411807,2773866.126422,0.108910891089109,0.222405573890722,0.00311697836450312,0.0858085808580858,0.0317198386505317,0.548038137147048
269273.411807,2773866.126422,0.0406593406593407,0.0523809523809524,0.0668498168498168,0.65952380952381,0.0992673992673993,0.0813186813186813
269773.411807,2773866.126422,0.218131868131868,0.0567765567765568,0.144688644688645,0.330952380952381,0.147435897435897,0.102014652014652
270273.411807,2773866.126422,0.103777044371104,0.123212321232123,0.0231023102310231,0.0669233590025669,0.0685735240190686,0.614411441144114
270773.411807,2773866.126422,0.0507326007326007,0.133882783882784,0,0.172527472527473,0.11043956043956,0.532417582417582
271273.411807,2773866.126422,0.00824175824175824,0.37967032967033,0.0100732600732601,0.0945054945054945,0.0478021978021978,0.45970695970696
271773.411807,2773866.126422,0,0.371287128712871,0,0.284378437843784,0.0423542354235424,0.301980198019802
272273.411807,2773866.126422,0.00183150183150183,0.226923076923077,0,0.550732600732601,0.0826007326007326,0.137912087912088
272773.411807,2773866.126422,0.103479853479853,0.241025641025641,0,0.297435897435897,0.108241758241758,0.24981684981685
273273.411807,2773866.126422,0.01998533186652,0.105977264393106,0,0.567656765676568,0.0524385771910524,0.253942060872754
273773.411807,2773866.126422,0,0.0644688644688645,0,0.737545787545788,0.0428571428571429,0.155128205128205
274273.411807,2773866.126422,0.0186813186813187,0.0826007326007326,0,0.18974358974359,0.0434065934065934,0.665567765567766
274773.411807,2773866.126422,0.117528419508618,0.242390905757242,0,0.0282361569490282,0.0553722038870554,0.556472313898057
262773.411807,2773366.126422,0.123595505617978,0.115569823434992,0.000401284109149278,0.547552166934189,0.0539727126805779,0.158908507223114
263273.411807,2773366.126422,0.0840521196549826,0.229216369976142,0.00789135621214902,0.185905670765278,0.122224261332355,0.370710222059093
263773.411807,2773366.126422,0.142857142857143,0.0838070786722905,0,0.202824133504493,0.048413717219879,0.522097927746195
264273.411807,2773366.126422,0.111050027487631,0.0295033901411032,0.013560564412681,0.495143851933297,0.0454462158695254,0.305295950155763
264773.411807,2773366.126422,0.449807304092494,0.019086070838686,0,0.0389062213250138,0.0245916681959993,0.467608735547807
265273.411807,2773366.126422,0.212726939299468,0.0441958554923895,0,0.00806895286997983,0.0498807995598753,0.685127452778287
265773.411807,2773366.126422,0.185083379146051,0.0192413413963716,0.00238226131574125,0.0320689023272861,0.0613890415979476,0.699835074216603
266273.411807,2773366.126422,0.0974490732244448,0.0471646173609837,0,0.0249587080198202,0.0401908607083869,0.790236740686365
266773.411807,2773366.126422,0.100678525582248,0.124885384192188,0.0498807995598753,0.0022006235099945,0.0300751879699248,0.692279479185769
267273.411807,2773366.126422,0.123877588418545,0.164192779915705,0.015026571376214,0.00641378046545721,0.0322521531977277,0.658237126626351
267773.411807,2773366.126422,0.0587263718113415,0.0677188474949532,0.000367039823820885,0.371260781794825,0.124793540099101,0.377133418975959
268273.411807,2773366.126422,0.0794058316523015,0.187786539519531,0.0075187969924812,0.350265908674124,0.119200440124702,0.25582248303686
268773.411807,2773366.126422,0.0542422576507238,0.452079897379513,0,0.135055891515485,0.0654205607476635,0.293201392706615
269273.411807,2773366.126422,0.126628739218205,0.144980730409249,0.0407414204441182,0.293264819232887,0.0846026793907139,0.309781611304827
269773.411807,2773366.126422,0.0871080139372822,0.0962772785622593,0.00916926462497708,0.361452411516596,0.100495140289749,0.345497891069136
270273.411807,2773366.126422,0.0875939160711013,0.0520432472054242,0.00238226131574125,0.466556716144402,0.113982041414697,0.277441817848635
270773.411807,2773366.126422,0.124059460451459,0.106992108643788,0.0119287942741787,0.142044411818682,0.109377867498624,0.505597357313268
271273.411807,2773366.126422,0,0.0997615991197506,0.00696864111498258,0.101778837337246,0.0491472583898771,0.742343664038144
271773.411807,2773366.126422,0.0218068535825545,0.223016309327469,0.00146600696353308,0.249770936411948,0.110133773135422,0.393806120579073
272273.411807,2773366.126422,0.100935951550743,0.150486327766563,0.00165167920719398,0.616810423930996,0.0741420444118187,0.0559735731326849
272773.411807,2773366.126422,0.0315422703099211,0.203007518796992,0,0.488905189803778,0.0724371905373189,0.20410783055199
273273.411807,2773366.126422,0,0.115814550119113,0.00623052959501558,0.445482866043614,0.0875939160711013,0.344878138171156
273773.411807,2773366.126422,0.0484492567443568,0.193062947329785,0.0475316571848046,0.118737383006056,0.0803817214167737,0.511837034318224
274273.411807,2773366.126422,0.0469466348798826,0.154043645699615,0.000366770584999083,0.0781221346048047,0.102145607922245,0.618375206308454
274773.411807,2773366.126422,0.0665200659703134,0.347993402968664,0,0.0199743448781382,0.0502107385010079,0.515301447681876
262773.411807,2772866.126422,0.13898916967509,0.10148415563578,0,0.500802246289611,0.120537505014039,0.138186923385479
263273.411807,2772866.126422,0.334128440366972,0.0792660550458716,0,0.124954128440367,0.0911926605504587,0.37045871559633
263773.411807,2772866.126422,0.366354797284902,0.0277013392038158,0.001284168042561,0.154283617684828,0.0442120711796001,0.406164006604293
264273.411807,2772866.126422,0.430952380952381,0.0346153846153846,0.000183150183150183,0.266849816849817,0.021978021978022,0.245421245421245
264773.411807,2772866.126422,0.385688073394495,0.0273394495412844,0,0.00954128440366972,0.0122935779816514,0.565137614678899
265273.411807,2772866.126422,0.273711245643001,0.0201797835259585,0.002568336085122,0.00183452577508714,0.017978352595854,0.683727756374977
265773.411807,2772866.126422,0.203296703296703,0.0283882783882784,0.0857142857142857,0.0358974358974359,0.0697802197802198,0.576923076923077
266273.411807,2772866.126422,0.106238532110092,0.0831192660550459,0.0344954128440367,0.033394495412844,0.0673394495412844,0.675412844036697
266773.411807,2772866.126422,0.153549807374794,0.0489818381948266,0,0.0254999082737112,0.0654925701706109,0.706475875986058
267273.411807,2772866.126422,0.124542124542125,0.0749084249084249,0,0.0402930402930403,0.0688644688644689,0.691391941391941
267773.411807,2772866.126422,0.11045871559633,0.152110091743119,0.00568807339449541,0.239082568807339,0.151376146788991,0.341284403669725
268273.411807,2772866.126422,0.0654925701706109,0.068611263988259,0,0.392221610713631,0.0915428361768483,0.382131718950651
268773.411807,2772866.126422,0.0635531135531135,0.0646520146520147,0.00238095238095238,0.487362637362637,0.0571428571428571,0.324908424908425
269273.411807,2772866.126422,0.0921100917431193,0.163119266055046,0.205871559633028,0.197247706422018,0.0706422018348624,0.271009174311927
269773.411807,2772866.126422,0.0423775454045129,0.0526508897450009,0.00440286186020914,0.761878554393689,0.076316272243625,0.0623738763529628
270273.411807,2772866.126422,0.0483516483516484,0.0509157509157509,0,0.619230769230769,0.0913919413919414,0.19010989010989
270773.411807,2772866.126422,0.0662385321100917,0.0965137614678899,0,0.240183486238532,0.138165137614679,0.458899082568807
271273.411807,2772866.126422,0.0858558062740782,0.098147128967162,0.00587048248027885,0.0277013392038158,0.0629242340854889,0.719501008989176
271773.411807,2772866.126422,0.0501831501831502,0.268498168498168,0.000549450549450549,0.0695970695970696,0.0584249084249084,0.552747252747253
272273.411807,2772866.126422,0.0168807339449541,0.0710091743119266,0.00623853211009174,0.75394495412844,0.0339449541284404,0.117981651376147
272773.411807,2772866.126422,0,0.0730141258484682,0.01284168042561,0.422674738580077,0.0434782608695652,0.44799119427628
273273.411807,2772866.126422,0.0525641025641026,0.217032967032967,0.0252747252747253,0.0474358974358974,0.0580586080586081,0.5996336996337
273773.411807,2772866.126422,0.135229357798165,0.376330275229358,0.00715596330275229,0.0321100917431193,0.0772477064220184,0.371926605504587
274273.411807,2772866.126422,0.215740231150248,0.0473307649972482,0,0.0332049165290772,0.0702623371858375,0.633461750137589
274773.411807,2772866.126422,0.185714285714286,0.0483516483516484,0,0.0188644688644689,0.0432234432234432,0.703846153846154
262773.411807,2772366.126422,0.0597913322632424,0.110152487961477,0,0.69422150882825,0.0842696629213483,0.0515650080256822
263273.411807,2772366.126422,0.254761904761905,0.0395604395604396,0,0.156959706959707,0.0505494505494506,0.498168498168498
263773.411807,2772366.126422,0.314468864468864,0.0360805860805861,0.00311355311355311,0.139194139194139,0.0644688644688645,0.442673992673993
264273.411807,2772366.126422,0.311881188118812,0.0353868720205354,0.00055005500550055,0.00715071507150715,0.0258525852585259,0.619178584525119
264773.411807,2772366.126422,0.198717948717949,0.0595238095238095,0,0.0445054945054945,0.023992673992674,0.673260073260073
265273.411807,2772366.126422,0.220512820512821,0.108241758241758,0,0.00714285714285714,0.0401098901098901,0.623992673992674
265773.411807,2772366.126422,0.195819581958196,0.0344701136780345,0.135863586358636,0.00568390172350568,0.0192519251925193,0.608910891089109
266273.411807,2772366.126422,0.191025641025641,0.0426739926739927,0.304578754578755,0.0241758241758242,0.0481684981684982,0.389377289377289
266773.411807,2772366.126422,0.199450549450549,0.0529304029304029,0.000549450549450549,0.0593406593406593,0.107875457875458,0.57985347985348
267273.411807,2772366.126422,0.0601393472680601,0.0374037403740374,0.134396773010634,0.0531719838650532,0.104693802713605,0.61019435276861
267773.411807,2772366.126422,0.0243589743589744,0.111172161172161,0.0223443223443223,0.357142857142857,0.16025641025641,0.324725274725275
268273.411807,2772366.126422,0.143772893772894,0.0866300366300366,0,0.297802197802198,0.141758241758242,0.33003663003663
268773.411807,2772366.126422,0.0830583058305831,0.242757609094243,0.00531719838650532,0.015034836817015,0.0333700036670334,0.62046204620462
269273.411807,2772366.126422,0.0655677655677656,0.333699633699634,0.146336996336996,0.0816849816849817,0.0380952380952381,0.334615384615385
269773.411807,2772366.126422,0.0619047619047619,0.112454212454212,0.0943223443223443,0.445421245421245,0.109157509157509,0.176739926739927
270273.411807,2772366.126422,0.146681334800147,0.0973597359735974,0.0011001100110011,0.294279427942794,0.152731939860653,0.307847451411808
270773.411807,2772366.126422,0.135164835164835,0.116117216117216,0,0.233150183150183,0.0835164835164835,0.432051282051282
271273.411807,2772366.126422,0.101831501831502,0.0791208791208791,0.019047619047619,0.386813186813187,0.128571428571429,0.284615384615385
271773.411807,2772366.126422,0.048038137147048,0.249358269160249,0.118445177851118,0.167583425009168,0.0955262192885955,0.321048771543821
272273.411807,2772366.126422,0.00549450549450549,0.150549450549451,0.000183150183150183,0.0556776556776557,0.0377289377289377,0.7503663003663
272773.411807,2772366.126422,0.073992673992674,0.0164835164835165,0,0.0661172161172161,0.0386446886446886,0.804761904761905
273273.411807,2772366.126422,0.199486615328199,0.112211221122112,0.00568390172350568,0.0925925925925926,0.131279794646131,0.458745874587459
273773.411807,2772366.126422,0.180952380952381,0.163736263736264,0,0.0595238095238095,0.0633699633699634,0.532417582417582
274273.411807,2772366.126422,0.0633699633699634,0.0355311355311355,0,0.135347985347985,0.0637362637362637,0.702014652014652
274773.411807,2772366.126422,0.0111844517785112,0.00916758342500917,0,0.101393472680601,0.0188852218555189,0.859369270260359
262773.411807,2771866.126422,0.0226725521669342,0.104133226324238,0.000802568218298555,0.806380417335473,0.0447431781701445,0.0212680577849117
263273.411807,2771866.126422,0.0831345200954303,0.0379886217654616,0.000367039823820885,0.507983116168104,0.0884565975408332,0.28207010460635
263773.411807,2771866.126422,0.383091876031542,0.0414450761048964,0.000183385292499542,0.141390060517147,0.0823399963322941,0.351549605721621
264273.411807,2771866.126422,0.295033901411032,0.0373831775700935,0,0.106285504856148,0.0963899578522998,0.464907458310427
264773.411807,2771866.126422,0.131583776839787,0.0869884382455496,0,0.0880895577170123,0.0978161130482657,0.595522114149385
265273.411807,2771866.126422,0.273610856409316,0.0313588850174216,0,0.0689528699798276,0.0718870346598203,0.554190353933614
265773.411807,2771866.126422,0.108118013560564,0.0727505955653289,0.000366501740883269,0.176104086494411,0.100054975261132,0.54260582737768
266273.411807,2771866.126422,0.14112681225913,0.0251422279317306,0.00568911726922371,0.295467058175812,0.147366489264085,0.385208295100018
266773.411807,2771866.126422,0.237667339079406,0.033192737942417,0,0.211259856959472,0.131487254722171,0.386392811296534
267273.411807,2771866.126422,0.0111783030969397,0.0494777350192413,0.0254718709913872,0.199743448781382,0.199743448781382,0.514385193329668
267773.411807,2771866.126422,0.0211047898697009,0.0761607634428336,0.00623967700495504,0.21985685446871,0.138741053404294,0.537896861809506
268273.411807,2771866.126422,0.086007702182285,0.167064001467082,0.000733541169998166,0.0847240051347882,0.0695030258573262,0.59196772418852
268773.411807,2771866.126422,0.0806303829943192,0.583837273227048,0.00219901044529962,0.0172255818215137,0.0518599963349826,0.264247755176837
269273.411807,2771866.126422,0.0583593319875206,0.511286474582492,0.00367039823820885,0.0361534226463571,0.0552394934850431,0.335290879060378
269773.411807,2771866.126422,0.113332110764717,0.281863194571795,0.00366770584999083,0.0861910874747845,0.101412066752246,0.413533834586466
270273.411807,2771866.126422,0.0765988638446033,0.279640828293934,0.000183250870441635,0.00641378046545721,0.0309693971046362,0.606193879420927
270773.411807,2771866.126422,0.1159845843274,0.199669664158561,0,0.128096898513489,0.0879060378051019,0.468342815195449
271273.411807,2771866.126422,0.166330460297084,0.0880249403997799,0.00293416467999266,0.0742710434623143,0.110214560792224,0.558224830368604
271773.411807,2771866.126422,0.0775151181968114,0.0956569543705333,0.0053142752428074,0.170789811251603,0.133223382811068,0.517500458127176
272273.411807,2771866.126422,0.0561570930445953,0.167553679574234,0.151036887502294,0.12846393833731,0.106992108643788,0.389796292897779
272773.411807,2771866.126422,0.0915092609572712,0.0696864111498258,0.000183385292499542,0.217494956904456,0.12800293416468,0.493123051531267
273273.411807,2771866.126422,0.132490379329302,0.197727689206524,0.000366501740883269,0.0188748396554884,0.0524097489463075,0.598130841121495
273773.411807,2771866.126422,0.140576252523399,0.0126628739218205,0,0.0695540466140576,0.0952468342815195,0.681959992659203
274273.411807,2771866.126422,0,0.0163212910324592,0,0.147441775169631,0.0297084173849257,0.806528516412984
274773.411807,2771866.126422,0.0249221183800623,0.0357339197361187,0,0.045629466739967,0.116181051859996,0.777533443283856
262773.411807,2771366.126422,0.0571600481347774,0.181307661452066,0,0.466506217408744,0.0415162454873646,0.253509827517048
263273.411807,2771366.126422,0.0924770642201835,0.0546788990825688,0,0.570091743119266,0.120366972477064,0.162385321100917
263773.411807,2771366.126422,0.240322876536415,0.0487983856173179,0,0.299211153916713,0.0607228031553843,0.35094478077417
264273.411807,2771366.126422,0.0954212454212454,0.0247252747252747,0,0.116849816849817,0.110805860805861,0.652197802197802
264773.411807,2771366.126422,0.0715596330275229,0.126788990825688,0.148990825688073,0.157981651376147,0.128807339449541,0.365871559633028
265273.411807,2771366.126422,0.171528159970648,0.0168776371308017,0.00110071546505228,0.090442120711796,0.0823702073014126,0.63768115942029
265773.411807,2771366.126422,0.171611721611722,0.0538461538461538,0.00659340659340659,0.0675824175824176,0.1003663003663,0.6
266273.411807,2771366.126422,0.215963302752294,0.0776146788990826,0,0.00495412844036697,0.033394495412844,0.668073394495413
266773.411807,2771366.126422,0.0876903320491653,0.163456246560264,0,0.0449458814896349,0.102366538249862,0.601541001651073
267273.411807,2771366.126422,0.0510989010989011,0.128021978021978,0.0961538461538462,0.0164835164835165,0.118131868131868,0.59010989010989
267773.411807,2771366.126422,0.061651376146789,0.0667889908256881,0,0.22954128440367,0.151926605504587,0.490091743119266
268273.411807,2771366.126422,0.111172261970281,0.258484681709778,0,0.13979086406164,0.0772335351311686,0.413318657127133
268773.411807,2771366.126422,0.0791208791208791,0.31959706959707,0.0117216117216117,0.0265567765567766,0.0344322344322344,0.528571428571429
269273.411807,2771366.126422,0.111009174311927,0.12954128440367,0.15651376146789,0.0579816513761468,0.0576146788990826,0.487339449541284
269773.411807,2771366.126422,0.0867730691616217,0.239405613648872,0.000366905155017428,0.0133920381581361,0.0838378279214823,0.576224545954871
270273.411807,2771366.126422,0.0906593406593407,0.442673992673993,0.161355311355311,0.028021978021978,0.0505494505494506,0.226739926739927
270773.411807,2771366.126422,0.113577981651376,0.560917431192661,0,0.0256880733944954,0.0541284403669725,0.245688073394495
271273.411807,2771366.126422,0.126765731058521,0.15410016510732,0,0.0999816547422491,0.0812694918363603,0.537882957255549
271773.411807,2771366.126422,0.0754578754578755,0.192673992673993,0.00201465201465201,0.0778388278388278,0.117216117216117,0.534798534798535
272273.411807,2771366.126422,0.0469724770642202,0.298715596330275,0.0146788990825688,0.0776146788990826,0.0844036697247706,0.477614678899083
272773.411807,2771366.126422,0.13979086406164,0.18968996514401,0,0.113740598055403,0.120344890845716,0.436433681893231
273273.411807,2771366.126422,0.122344322344322,0.0840659340659341,0.000549450549450549,0.0549450549450549,0.0684981684981685,0.66959706959707
273773.411807,2771366.126422,0.00220183486238532,0.023302752293578,0,0.148623853211009,0.0495412844036697,0.776330275229358
274273.411807,2771366.126422,0.014125848468171,0.0462300495321959,0,0.0370574206567602,0.0658594753256283,0.836727206017245
274773.411807,2771366.126422,0.0886446886446886,0.28992673992674,0,0.0111721611721612,0.0886446886446886,0.521611721611722
262773.411807,2770866.126422,0.197030497592295,0.0724317817014446,0,0.0112359550561798,0.0317014446227929,0.687600321027287
263273.411807,2770866.126422,0.11959706959707,0.0820512820512821,0.013003663003663,0.413003663003663,0.116300366300366,0.256043956043956
263773.411807,2770866.126422,0.0168498168498168,0.0730769230769231,0,0.126556776556777,0.150732600732601,0.632783882783883
264273.411807,2770866.126422,0.11037770443711,0.0722405573890722,0.000183351668500183,0.3998899889989,0.16960029336267,0.247708104143748
264773.411807,2770866.126422,0.12967032967033,0.181684981684982,0.195238095238095,0.00641025641025641,0.017032967032967,0.46996336996337
265273.411807,2770866.126422,0.0725274725274725,0.129304029304029,0.486996336996337,0.00402930402930403,0.0210622710622711,0.286080586080586
265773.411807,2770866.126422,0.220572057205721,0.0649064906490649,0.00183351668500183,0.0361202786945361,0.123762376237624,0.552805280528053
266273.411807,2770866.126422,0.147252747252747,0.145787545787546,0,0.00494505494505494,0.0188644688644689,0.683150183150183
266773.411807,2770866.126422,0.0545787545787546,0.133516483516484,0.00824175824175824,0.0437728937728938,0.1,0.65989010989011
267273.411807,2770866.126422,0.0946094609460946,0.0902090209020902,0,0.0401540154015402,0.085991932526586,0.689035570223689
267773.411807,2770866.126422,0.186446886446886,0.0648351648351648,0,0.16043956043956,0.0963369963369963,0.491941391941392
268273.411807,2770866.126422,0.12014652014652,0.106593406593407,0,0.0805860805860806,0.0626373626373626,0.63003663003663
268773.411807,2770866.126422,0.123945727906124,0.0993766043270994,0,0.153832049871654,0.132746607994133,0.49009900990099
269273.411807,2770866.126422,0.0732600732600733,0.104578754578755,0.0600732600732601,0.30989010989011,0.0776556776556777,0.374542124542125
269773.411807,2770866.126422,0.126007326007326,0.302930402930403,0,0.00128205128205128,0.0119047619047619,0.557875457875458
270273.411807,2770866.126422,0.122478914558122,0.510817748441511,0.000916758342500917,0.0390539053905391,0.0410707737440411,0.285661899523286
270773.411807,2770866.126422,0.067032967032967,0.524725274725275,0,0.017032967032967,0.0556776556776557,0.335531135531136
271273.411807,2770866.126422,0.111538461538462,0.315201465201465,0.000183150183150183,0.0710622710622711,0.0652014652014652,0.436813186813187
271773.411807,2770866.126422,0.0903923725705904,0.181334800146681,0.00623395672900623,0.0518885221855519,0.092042537587092,0.578107810781078
272273.411807,2770866.126422,0.0503663003663004,0.215384615384615,0.0010989010989011,0.121611721611722,0.0987179487179487,0.512820512820513
272773.411807,2770866.126422,0.0631868131868132,0.45970695970696,0,0.0498168498168498,0.0525641025641026,0.374725274725275
273273.411807,2770866.126422,0.0311697836450312,0.107260726072607,0.000366703337000367,0.176934360102677,0.0898423175650898,0.594426109277594
273773.411807,2770866.126422,0.0664835164835165,0.190842490842491,0.00659340659340659,0.0243589743589744,0.0840659340659341,0.627655677655678
274273.411807,2770866.126422,0.123992673992674,0.248717948717949,0.00494505494505494,0.000366300366300366,0.0591575091575092,0.562820512820513
274773.411807,2770866.126422,0.174734140080675,0.484598459845985,0,0.0066006600660066,0.0482214888155482,0.285845251191786
262773.411807,2770366.126422,0.245184590690209,0.0997191011235955,0.00321027287319422,0.0132423756019262,0.0457463884430177,0.592897271268058
263273.411807,2770366.126422,0.155441365388145,0.0838685997430721,0,0.00899247568361167,0.0611121306661773,0.690585428518994
263773.411807,2770366.126422,0.138455895837154,0.0720704199523198,0,0.306070053181735,0.174949569044563,0.308454061984229
264273.411807,2770366.126422,0.0831958951805021,0.0683525746747297,0,0.460509437419828,0.168774051676745,0.219168041048195
264773.411807,2770366.126422,0.138006973756653,0.110295467058176,0.411268122591301,0.009543035419343,0.0300972655533125,0.300789135621215
265273.411807,2770366.126422,0.181184668989547,0.0784889051898038,0.122684760682193,0.00256739409499358,0.01998899688245,0.595085274161012
265773.411807,2770366.126422,0.148616455928166,0.131757375847535,0,0.00842954004031519,0.0225398570643211,0.688656771119663
266273.411807,2770366.126422,0.205358781427785,0.187373830060562,0,0.00807487612405946,0.0512020554230134,0.547990456964581
266773.411807,2770366.126422,0.0711534934898221,0.155327342747112,0.164496607372089,0.221346048046947,0.0148542086924629,0.372822299651568
267273.411807,2770366.126422,0.123511086677662,0.178852849551035,0,0.00201575957485798,0.0166758292101887,0.678944474986256
267773.411807,2770366.126422,0.164066801247935,0.117452743622683,0,0.0135804734813727,0.0517526151587447,0.653147366489264
268273.411807,2770366.126422,0.145241151659637,0.156611039794608,0,0.0278745644599303,0.0489638730973776,0.621309370988447
268773.411807,2770366.126422,0.070734835990471,0.394355873190398,0,0.0234561114165292,0.0425142019424592,0.468938977460143
269273.411807,2770366.126422,0.055606533308864,0.255276197467425,0.184253991558084,0.0108276748027161,0.0273444668746559,0.466691135988255
269773.411807,2770366.126422,0.114615807812213,0.198973042362003,0,0.0245736291949386,0.0652851641298368,0.596552356501009
270273.411807,2770366.126422,0.0956569543705333,0.410665200659703,0.0921751878321422,0.0203408466190214,0.0802638812534359,0.300897929265164
