"x","y","forest","agri","water","built","other","grass"
173773.411807,2613366.126422,0.052014652014652,0.601465201465201,0.00494505494505494,0.00146520146520147,0.0194139194139194,0.320695970695971
174273.411807,2613366.126422,0.0627062706270627,0.61001100110011,0,0.0135680234690136,0.0628896222955629,0.250825082508251
174773.411807,2613366.126422,0.117582417582418,0.314285714285714,0.00750915750915751,0.0873626373626374,0.244322344322344,0.228937728937729
175273.411807,2613366.126422,0.0250915750915751,0.531318681318681,0,0.00512820512820513,0.0364468864468864,0.402014652014652
175773.411807,2613366.126422,0.0610561056105611,0.44022735606894,0,0.0243857719105244,0.0806747341400807,0.393656032269894
176273.411807,2613366.126422,0.0893772893772894,0.163186813186813,0.0241758241758242,0.228571428571429,0.25,0.244688644688645
176773.411807,2613366.126422,0.00347985347985348,0.0915750915750916,0,0.00238095238095238,0.01996336996337,0.882600732600733
177273.411807,2613366.126422,0.0363036303630363,0.442610927759443,0,0.000733406674000733,0.0066006600660066,0.513751375137514
177773.411807,2613366.126422,0.0327838827838828,0.696886446886447,0,0.000549450549450549,0.0153846153846154,0.254395604395604
178273.411807,2613366.126422,0.0756410256410256,0.674725274725275,0.00805860805860806,0.019047619047619,0.0141025641025641,0.208424908424908
178773.411807,2613366.126422,0.0812247891455812,0.592225889255592,0.0022002200220022,0.0297029702970297,0.0762742940960763,0.218371837183718
179273.411807,2613366.126422,0.0877289377289377,0.401831501831502,0.0032967032967033,0.111355311355311,0.25952380952381,0.136263736263736
179773.411807,2613366.126422,0.0212454212454212,0.724358974358974,0.00695970695970696,0.0450549450549451,0.0375457875457875,0.164835164835165
180273.411807,2613366.126422,0.0573890722405574,0.613861386138614,0.00476714338100477,0.0630729739640631,0.107994132746608,0.152915291529153
180773.411807,2613366.126422,0.123076923076923,0.275457875457875,0.0261904761904762,0.157509157509158,0.193589743589744,0.224175824175824
181273.411807,2613366.126422,0.143223443223443,0.485897435897436,0.0126373626373626,0.00659340659340659,0.0532967032967033,0.298351648351648
181773.411807,2613366.126422,0.0265859919325266,0.858269160249358,0,0.00055005500550055,0.0104510451045105,0.104143747708104
182273.411807,2613366.126422,0.0818681318681319,0.499450549450549,0,0.0221611721611722,0.0750915750915751,0.321428571428571
182773.411807,2613366.126422,0.0254578754578755,0.677838827838828,0.00787545787545788,0.00641025641025641,0.0192307692307692,0.263186813186813
183273.411807,2613366.126422,0.0113678034470114,0.7999633296663,0,0.00385038503850385,0.0207187385405207,0.164099743307664
183773.411807,2613366.126422,0.0549450549450549,0.596336996336996,0.00586080586080586,0.0531135531135531,0.102197802197802,0.187545787545788
184273.411807,2613366.126422,0.080952380952381,0.600732600732601,0.00476190476190476,0.0318681318681319,0.117399267399267,0.164285714285714
184773.411807,2613366.126422,0.05995599559956,0.343601026769344,0.0104510451045105,0.121012101210121,0.231939860652732,0.233039970663733
185273.411807,2613366.126422,0.0161172161172161,0.593772893772894,0,0.0043956043956044,0.0498168498168498,0.335897435897436
185773.411807,2613366.126422,0.00586080586080586,0.667582417582418,0,0.00750915750915751,0.0686813186813187,0.2503663003663
173773.411807,2612866.126422,0.124885384192188,0.40784889051898,0,0.0161379057399597,0.101045296167247,0.350082523381625
174273.411807,2612866.126422,0.0207073483599047,0.684808502840389,0,0.0042147700201576,0.0350009162543522,0.255268462525197
174773.411807,2612866.126422,0.0346852633510736,0.586529638465774,0,0.0143145531290145,0.0699210864378785,0.29454945861626
175273.411807,2612866.126422,0.0198056115899505,0.711351549605722,0,0.00293416467999266,0.0260407115349349,0.2398679625894
175773.411807,2612866.126422,0.117280557082646,0.262048744731537,0.00989554700384827,0.111783030969397,0.275059556532894,0.223932563679677
176273.411807,2612866.126422,0.0853367590383557,0.429436593870435,0.00789135621214902,0.060561570930446,0.0879060378051019,0.328867682143513
176773.411807,2612866.126422,0.0146708233999633,0.703465982028241,0,0.0110031175499725,0.0291582615074271,0.241701815514396
177273.411807,2612866.126422,0.00842954004031519,0.730071467839472,0.00164925783397471,0.0291368884002199,0.0273043796958036,0.203408466190214
177773.411807,2612866.126422,0.0445953385942375,0.645256010277115,0,0.0124793540099101,0.0300972655533125,0.267572031565425
178273.411807,2612866.126422,0.00623509994498441,0.759581881533101,0.00238400880249404,0.0183385292499542,0.0166880616174583,0.196772418852008
178773.411807,2612866.126422,0.0157595748579806,0.536375297782664,0,0.0130108118013561,0.0315191497159611,0.403335165842038
179273.411807,2612866.126422,0.0467975775371628,0.556982932648192,0.00183519911910442,0.0212883097816113,0.0570746926041475,0.316021288309782
179773.411807,2612866.126422,0.110397946084724,0.419402163946451,0.0143040528149642,0.0370438290849074,0.10012836970475,0.318723638364203
180273.411807,2612866.126422,0.116181051859996,0.585669781931464,0.00146600696353308,0.0263881253435954,0.0337181601612608,0.23657687374015
180773.411807,2612866.126422,0.0655166085520279,0.739768764910993,0,0.0113782345384474,0.0328500642319692,0.150486327766563
181273.411807,2612866.126422,0.0761048963873097,0.704566293783239,0.00495140289748762,0.0333761232349166,0.035209976159912,0.145791307537136
181773.411807,2612866.126422,0.0984057174271578,0.567711196628184,0.00733003481766538,0.0569910207073484,0.113982041414697,0.155579989004948
182273.411807,2612866.126422,0.253440998348321,0.259130115617545,0.00311983850247752,0.0901082767480272,0.114332905120206,0.279867865663424
182773.411807,2612866.126422,0.0926095727122685,0.470016504676325,0,0.0517146524848707,0.0755547405098111,0.310104529616725
183273.411807,2612866.126422,0.116914055341763,0.498075865860363,0.000183250870441635,0.0256551218618288,0.0815466373465274,0.277625068719076
183773.411807,2612866.126422,0.0902917966599376,0.465957056340613,0.00605615709304459,0.0932281152505047,0.158010644154891,0.186456230501009
184273.411807,2612866.126422,0.0473134054648817,0.759398496240602,0.0066018705299835,0.0291582615074271,0.0359435173299101,0.121584448927196
184773.411807,2612866.126422,0.0692688290269379,0.568077698369067,0.00329851566794942,0.0441634597764339,0.109584020524097,0.205607476635514
185273.411807,2612866.126422,0.0211047898697009,0.703064782528904,0,0.00238575885483575,0.0258763075793724,0.247568361167187
185773.411807,2612866.126422,0.0309921144324225,0.30386942967174,0.0126535851824684,0.0209059233449477,0.0764716669723088,0.555107280396112
173773.411807,2612366.126422,0.0487983856173179,0.569803705742066,0,0.00165107319757843,0.0225646670335718,0.357182168409466
174273.411807,2612366.126422,0.0512820512820513,0.702564102564103,0,0.00347985347985348,0.0327838827838828,0.20989010989011
174773.411807,2612366.126422,0.0730275229357798,0.572660550458716,0,0.0161467889908257,0.0761467889908257,0.262018348623853
175273.411807,2612366.126422,0.0190790680609063,0.71748303063658,0,0.00605393505778756,0.0245826453861677,0.232801320858558
175773.411807,2612366.126422,0.028021978021978,0.75989010989011,0,0.0137362637362637,0.03003663003663,0.168315018315018
176273.411807,2612366.126422,0.0460550458715596,0.548440366972477,0.00036697247706422,0.0143119266055046,0.0462385321100917,0.344587155963303
176773.411807,2612366.126422,0.0277013392038158,0.682810493487434,0,0.0132085855806274,0.0401761144744084,0.236103467253715
177273.411807,2612366.126422,0.0913919413919414,0.34047619047619,0.0010989010989011,0.0882783882783883,0.191575091575092,0.287179487179487
177773.411807,2612366.126422,0.0994495412844037,0.199266055045872,0.0110091743119266,0.168073394495413,0.285321100917431,0.236880733944954
178273.411807,2612366.126422,0.0537516052100532,0.485782425243075,0.000550357732526142,0.0524674371674922,0.134837644468905,0.272610530177949
178773.411807,2612366.126422,0.047985347985348,0.677106227106227,0,0.0283882783882784,0.0965201465201465,0.15
179273.411807,2612366.126422,0.0513761467889908,0.685504587155963,0.00201834862385321,0.0227522935779817,0.0201834862385321,0.218165137614679
179773.411807,2612366.126422,0.154283617684828,0.2652724270776,0.002568336085122,0.0271509814712897,0.017978352595854,0.532746285085305
180273.411807,2612366.126422,0.0399267399267399,0.737728937728938,0.000732600732600733,0.0446886446886447,0.0340659340659341,0.142857142857143
180773.411807,2612366.126422,0.015045871559633,0.838715596330275,0,0.00018348623853211,0.0100917431192661,0.135963302752294
181273.411807,2612366.126422,0.111539167125298,0.620986974866997,0.002568336085122,0.000550357732526142,0.0199963309484498,0.244358833241607
181773.411807,2612366.126422,0.0730769230769231,0.273992673992674,0.034981684981685,0.296886446886447,0.174725274725275,0.146336996336996
182273.411807,2612366.126422,0.129908256880734,0.70954128440367,0.00018348623853211,0.00587155963302752,0.0227522935779817,0.131743119266055
182773.411807,2612366.126422,0.0291689598238855,0.834892680242157,0,0.015410016510732,0.00366905155017428,0.116859291873051
183273.411807,2612366.126422,0.0364468864468864,0.681868131868132,0,0.0192307692307692,0.0293040293040293,0.233150183150183
183773.411807,2612366.126422,0.0174311926605505,0.698165137614679,0.00293577981651376,0.00513761467889908,0.0306422018348624,0.245688073394495
184273.411807,2612366.126422,0.00587048248027885,0.835443037974684,0,0.00110071546505228,0.0168776371308017,0.140708126949184
184773.411807,2612366.126422,0.00512820512820513,0.754945054945055,0,0.00622710622710623,0.0342490842490843,0.199450549450549
185273.411807,2612366.126422,0.00587155963302752,0.767339449541284,0,0.00128440366972477,0.0275229357798165,0.197981651376147
185773.411807,2612366.126422,0.0376077783892864,0.68611263988259,0.0454962392221611,0.00165107319757843,0.0220143093010457,0.207117960007338
173773.411807,2611866.126422,0.015018315018315,0.905311355311355,0,0.000732600732600733,0.00293040293040293,0.076007326007326
174273.411807,2611866.126422,0.0658232489915658,0.789328932893289,0,0.000366703337000367,0.026952695269527,0.117528419508618
174773.411807,2611866.126422,0.128937728937729,0.41959706959707,0,0.0148351648351648,0.0994505494505494,0.337179487179487
175273.411807,2611866.126422,0.102747252747253,0.369047619047619,0,0.043040293040293,0.15989010989011,0.325274725274725
175773.411807,2611866.126422,0.0408874220755409,0.665749908324166,0,0.0265859919325266,0.0451045104510451,0.221672167216722
176273.411807,2611866.126422,0.0293040293040293,0.678937728937729,0,0.0216117216117216,0.0324175824175824,0.237728937728938
176773.411807,2611866.126422,0.0142857142857143,0.700732600732601,0,0.00128205128205128,0.0254578754578755,0.258241758241758
177273.411807,2611866.126422,0.120828749541621,0.587642097543088,0,0.015951595159516,0.0236523652365237,0.251925192519252
177773.411807,2611866.126422,0.0153846153846154,0.654029304029304,0.00311355311355311,0.00201465201465201,0.0230769230769231,0.302380952380952
178273.411807,2611866.126422,0.0357142857142857,0.606776556776557,0,0.0245421245421245,0.0844322344322344,0.248534798534799
178773.411807,2611866.126422,0.0262192885955262,0.812614594792813,0,0.0022002200220022,0.0308030803080308,0.128162816281628
179273.411807,2611866.126422,0.0641025641025641,0.767765567765568,0,0.000915750915750916,0.00970695970695971,0.157509157509158
179773.411807,2611866.126422,0.108791208791209,0.68040293040293,0,0.0228937728937729,0.0426739926739927,0.145238095238095
180273.411807,2611866.126422,0,0.938943894389439,0,0,0.00476714338100477,0.0562889622295563
180773.411807,2611866.126422,0.0164835164835165,0.842124542124542,0,0,0.00421245421245421,0.137179487179487
181273.411807,2611866.126422,0.131684981684982,0.31043956043956,0.000183150183150183,0.0727106227106227,0.216117216117216,0.268864468864469
181773.411807,2611866.126422,0.0911257792445911,0.405940594059406,0.0066006600660066,0.275577557755776,0.110927759442611,0.10982764943161
182273.411807,2611866.126422,0.25970695970696,0.486813186813187,0.017032967032967,0.00622710622710623,0.0108058608058608,0.219413919413919
182773.411807,2611866.126422,0.0366300366300366,0.694322344322344,0.0021978021978022,0,0.00476190476190476,0.262087912087912
183273.411807,2611866.126422,0.0737073707370737,0.723872387238724,0.00751741840850752,0.0214521452145215,0.0280528052805281,0.145397873120645
183773.411807,2611866.126422,0.0989010989010989,0.63040293040293,0,0.00714285714285714,0.0705128205128205,0.193040293040293
184273.411807,2611866.126422,0.0357142857142857,0.669413919413919,0.0608058608058608,0.015018315018315,0.0386446886446886,0.18040293040293
184773.411807,2611866.126422,0.022002200220022,0.846534653465347,0,0,0.0258525852585259,0.105610561056106
185273.411807,2611866.126422,0.0346153846153846,0.713003663003663,0.0324175824175824,0.0152014652014652,0.0128205128205128,0.191941391941392
185773.411807,2611866.126422,0.0282051282051282,0.749267399267399,0.013003663003663,0.00311355311355311,0.0432234432234432,0.163186813186813
173773.411807,2611366.126422,0.0330093526499175,0.790023840088025,0.000550155877498625,0.00806895286997983,0.013203741059967,0.155143957454612
174273.411807,2611366.126422,0.068719076415613,0.712296133406634,0,0.00549752611324904,0.0274876305662452,0.185999633498259
174773.411807,2611366.126422,0.0163332721600294,0.884198935584511,0,0.00330335841438796,0.00367039823820885,0.0924940356028629
175273.411807,2611366.126422,0.0526315789473684,0.652851641298368,0,0.00953603520997616,0.0304419585549239,0.254538785989364
175773.411807,2611366.126422,0.0540590067802822,0.658420377496793,0.000183250870441635,0.00733003481766538,0.0469122228330585,0.233095107201759
176273.411807,2611366.126422,0.09543035419343,0.636814094329235,0.000183519911910442,0.025325747843641,0.0710222059093412,0.171224077812443
176773.411807,2611366.126422,0.0621676141573446,0.442875481386393,0,0.00348432055749129,0.0097194205024757,0.481753163396296
177273.411807,2611366.126422,0.0186915887850467,0.4282572842221,0,0.0047645226314825,0.0223566061938794,0.525929998167491
177773.411807,2611366.126422,0.0548724536612222,0.542484859607267,0,0.00183519911910442,0.0258763075793724,0.374931180033034
178273.411807,2611366.126422,0.0265908674124335,0.726205758298184,0,0.00275077938749312,0.0106363469649734,0.233816247936915
178773.411807,2611366.126422,0.0452629649990837,0.638812534359538,0,0.0254718709913872,0.0802638812534359,0.210188748396555
179273.411807,2611366.126422,0.0512020554230134,0.663240961644338,0.000550559735731327,0.038172141677372,0.0781794824738484,0.168654799045696
179773.411807,2611366.126422,0.120300751879699,0.538785989363653,0.000183385292499542,0.011186502842472,0.0500641848523748,0.279479185769301
180273.411807,2611366.126422,0.0469122228330585,0.685358255451713,0,0.00274876305662452,0.0148433205057724,0.250137438152831
180773.411807,2611366.126422,0.0405579005322077,0.79684345751514,0,0.00165167920719398,0.00311983850247752,0.15782712424298
181273.411807,2611366.126422,0.0166880616174583,0.883733724555291,0,0,0.000916926462497708,0.0986612873647534
181773.411807,2611366.126422,0.0458127176104087,0.812900861279091,0,0.00439802089059923,0.0152098222466557,0.121678577973245
182273.411807,2611366.126422,0.125894659570563,0.639566893007891,0,0.000183519911910442,0.00880895577170123,0.225545971737934
182773.411807,2611366.126422,0.0194388410049514,0.735191637630662,0,0.000366770584999083,0.0231065468549422,0.221896203924445
183273.411807,2611366.126422,0.0604727872457394,0.774784680227231,0,0.00329851566794942,0.017042330951072,0.144401685908008
183773.411807,2611366.126422,0.0249587080198202,0.75096347953753,0.0047715177096715,0.0231235089007157,0.0706551660855203,0.125527619746743
184273.411807,2611366.126422,0.0618008435723455,0.557124518613607,0.00550155877498625,0.0276911791674308,0.0601503759398496,0.287731523931781
184773.411807,2611366.126422,0.00696353307678211,0.861462341946124,0,0.000733003481766538,0.0252886201209456,0.105552501374382
185273.411807,2611366.126422,0.0121123141860892,0.753899798128097,0.0579922921636998,0.0113782345384474,0.0222059093411635,0.142411451642503
185773.411807,2611366.126422,0.130753713552173,0.130937098844673,0.0201723821749496,0.205208142306987,0.362002567394095,0.150926095727123
173773.411807,2610866.126422,0.0970464135021097,0.364887176664832,0.00862227114290956,0.120528343423225,0.267473858007705,0.141441937259218
174273.411807,2610866.126422,0.0772893772893773,0.476739926739927,0.00549450549450549,0.0787545787545788,0.180952380952381,0.180769230769231
174773.411807,2610866.126422,0.0363302752293578,0.659082568807339,0,0.0165137614678899,0.024954128440367,0.263119266055046
175273.411807,2610866.126422,0.0565033938726839,0.755274261603376,0,0.024399192808659,0.0407264722069345,0.123096679508347
175773.411807,2610866.126422,0.0758241758241758,0.674358974358974,0.00384615384615385,0.0470695970695971,0.0714285714285714,0.127472527472527
176273.411807,2610866.126422,0.155229357798165,0.218715596330275,0.0104587155963303,0.171743119266055,0.274678899082569,0.169174311926606
176773.411807,2610866.126422,0.119977985690699,0.504127682993946,0.00825536598789213,0.0271509814712897,0.0599889928453495,0.280498991010824
177273.411807,2610866.126422,0.0217948717948718,0.80989010989011,0,0.00567765567765568,0.0113553113553114,0.151282051282051
177773.411807,2610866.126422,0.00568807339449541,0.705688073394495,0,0.00018348623853211,0.00844036697247706,0.28
178273.411807,2610866.126422,0.0238488350761328,0.778756191524491,0,0.00183452577508714,0.0144927536231884,0.181067694001101
178773.411807,2610866.126422,0.0945054945054945,0.455860805860806,0.00402930402930403,0.114468864468864,0.168498168498169,0.162637362637363
179273.411807,2610866.126422,0.0502752293577982,0.72256880733945,0.00018348623853211,0.0420183486238532,0.0847706422018349,0.100183486238532
179773.411807,2610866.126422,0.0379746835443038,0.758576407998532,0.00091726288754357,0.00605393505778756,0.0300862227114291,0.166391487800404
180273.411807,2610866.126422,0.0567765567765568,0.722344322344322,0,0.00146520146520147,0.00677655677655678,0.212637362637363
180773.411807,2610866.126422,0.118348623853211,0.65394495412844,0,0.00330275229357798,0.0311926605504587,0.193211009174312
181273.411807,2610866.126422,0.0181618051733627,0.872317006053935,0,0.00330214639515685,0.00201797835259585,0.10420106402495
181773.411807,2610866.126422,0.0617216117216117,0.793223443223443,0,0.00970695970695971,0.0159340659340659,0.119413919413919
182273.411807,2610866.126422,0.0688073394495413,0.657064220183486,0,0.00036697247706422,0.0102752293577982,0.26348623853211
182773.411807,2610866.126422,0.0440286186020914,0.767015226563933,0,0.000550357732526142,0.0104567969179967,0.177949000183453
183273.411807,2610866.126422,0.0379120879120879,0.684432234432234,0,0.00402930402930403,0.0302197802197802,0.243406593406593
183773.411807,2610866.126422,0.0489908256880734,0.65394495412844,0.00256880733944954,0.0388990825688073,0.0961467889908257,0.159449541284404
184273.411807,2610866.126422,0.0552192258301229,0.529627591267657,0.00220143093010457,0.0700788846083287,0.145661346541919,0.197211520821868
184773.411807,2610866.126422,0.0366300366300366,0.398534798534799,0.0476190476190476,0.00146520146520147,0.0604395604395604,0.455311355311355
185273.411807,2610866.126422,0.018348623853211,0.546422018348624,0.0631192660550459,0.00752293577981651,0.0647706422018349,0.299816513761468
185773.411807,2610866.126422,0.0665932856356632,0.647037240873234,0.00165107319757843,0.0271509814712897,0.0568702990277013,0.200697119794533
173773.411807,2610366.126422,0.0826007326007326,0.556043956043956,0.00256410256410256,0.0391941391941392,0.116483516483516,0.203113553113553
174273.411807,2610366.126422,0.0278694536120279,0.762192885955262,0,0.00605060506050605,0.0161349468280161,0.187752108544188
174773.411807,2610366.126422,0.0336996336996337,0.871245421245421,0,0.00201465201465201,0.00732600732600733,0.0857142857142857
175273.411807,2610366.126422,0.0347985347985348,0.881684981684982,0,0,0.0010989010989011,0.0824175824175824
175773.411807,2610366.126422,0.0522552255225523,0.695086175284195,0,0.000366703337000367,0.0066006600660066,0.245691235790246
176273.411807,2610366.126422,0.0272893772893773,0.746886446886447,0,0.000915750915750916,0.0122710622710623,0.212637362637363
176773.411807,2610366.126422,0.0899267399267399,0.354212454212454,0.00128205128205128,0.091025641025641,0.188461538461538,0.275091575091575
177273.411807,2610366.126422,0.0258525852585259,0.753758709204254,0.000183351668500183,0.00861752841950862,0.00531719838650532,0.206270627062706
177773.411807,2610366.126422,0.101465201465201,0.594871794871795,0,0.00952380952380952,0.00860805860805861,0.285531135531136
178273.411807,2610366.126422,0.0402930402930403,0.734798534798535,0,0.000366300366300366,0.00897435897435897,0.215567765567766
178773.411807,2610366.126422,0.0755408874220755,0.635680234690136,0.0011001100110011,0.077007700770077,0.0623395672900623,0.148331499816648
179273.411807,2610366.126422,0.168864468864469,0.362820512820513,0.000732600732600733,0.0417582417582418,0.100915750915751,0.324908424908425
179773.411807,2610366.126422,0.0141025641025641,0.543956043956044,0,0.00879120879120879,0.0172161172161172,0.415934065934066
180273.411807,2610366.126422,0.0854418775210854,0.561422808947561,0.00201686835350202,0.0562889622295563,0.0441877521085442,0.250641730839751
180773.411807,2610366.126422,0.0635531135531135,0.612820512820513,0.00347985347985348,0.11043956043956,0.111355311355311,0.0983516483516483
181273.411807,2610366.126422,0.0611721611721612,0.695970695970696,0,0.00860805860805861,0.0168498168498168,0.217399267399267
181773.411807,2610366.126422,0.0975430876420975,0.392372570590392,0.0271360469380271,0.026952695269527,0.0504217088375504,0.405573890722406
182273.411807,2610366.126422,0.0448717948717949,0.666117216117216,0,0.00146520146520147,0.0543956043956044,0.233150183150183
182773.411807,2610366.126422,0.0315018315018315,0.802197802197802,0,0.00549450549450549,0.058974358974359,0.101831501831502
183273.411807,2610366.126422,0.00825082508250825,0.698386505317198,0,0.00055005500550055,0.0258525852585259,0.266960029336267
183773.411807,2610366.126422,0.0413919413919414,0.46025641025641,0.00274725274725275,0.00512820512820513,0.0492673992673993,0.441208791208791
184273.411807,2610366.126422,0.0868131868131868,0.442673992673993,0.0562271062271062,0.0201465201465201,0.043040293040293,0.351098901098901
184773.411807,2610366.126422,0.0456545654565457,0.576274294096076,0.055005500550055,0.00678401173450678,0.030986431976531,0.285295196186285
185273.411807,2610366.126422,0.0282051282051282,0.723076923076923,0,0.00586080586080586,0.0214285714285714,0.221428571428571
185773.411807,2610366.126422,0.0432234432234432,0.748168498168498,0,0.00293040293040293,0.0291208791208791,0.176556776556777
173773.411807,2609866.126422,0.0836236933797909,0.608472400513479,0.00330093526499175,0.0170548322024574,0.0979277461947552,0.189620392444526
174273.411807,2609866.126422,0.0267546270844787,0.802455561663918,0,0.000183250870441635,0.00568077698369067,0.164925783397471
174773.411807,2609866.126422,0.0330335841438796,0.83813543769499,0,0.000734079647641769,0.00458799779776106,0.123508900715728
175273.411807,2609866.126422,0.0249403997799376,0.70786722904823,0,0.00110031175499725,0.00476801760498808,0.261324041811847
175773.411807,2609866.126422,0.078248121678578,0.762690122778083,0,0,0.0102620487447315,0.148799706798607
176273.411807,2609866.126422,0.0644154890805652,0.719031014865113,0,0.0034868783262984,0.0106441548908057,0.202422462837218
176773.411807,2609866.126422,0.066018705299835,0.60388776820099,0,0.00550155877498625,0.017604988079956,0.306986979644233
177273.411807,2609866.126422,0.034084661902144,0.587502290635881,0,0.0236393622869709,0.051676745464541,0.303096939710464
177773.411807,2609866.126422,0.111213066617728,0.26959075059644,0.00440447788585061,0.143879610937787,0.248485960726739,0.222426133235456
178273.411807,2609866.126422,0.0500641848523748,0.543187236383642,0,0.00476801760498808,0.0137538969374656,0.388226664221529
178773.411807,2609866.126422,0.0971229613340663,0.474070001832509,0.000183250870441635,0.0716510903426791,0.0780648708081363,0.278907824812168
179273.411807,2609866.126422,0.265002752798679,0.14534777023307,0.00770783630023858,0.0985501926959075,0.151036887502294,0.332354560469811
179773.411807,2609866.126422,0.0190720704199523,0.424353566843939,0,0.00366770584999083,0.0405281496423987,0.512378507243719
180273.411807,2609866.126422,0.0126443100604728,0.845702767088144,0,0.0047645226314825,0.0139270661535642,0.122961334066337
180773.411807,2609866.126422,0.0462470178014315,0.635529454945862,0.00697375665259681,0.0442282987704166,0.127179298953937,0.139842172875757
181273.411807,2609866.126422,0.086007702182285,0.256372638914359,0.0229231615624427,0.0163212910324592,0.0106363469649734,0.607738859343481
181773.411807,2609866.126422,0.0848451530144768,0.553967381345061,0.000183250870441635,0.00219901044529962,0.0120945574491479,0.346710646875573
182273.411807,2609866.126422,0.0328500642319692,0.433474031932465,0.0212883097816113,0.0227564690768948,0.0256927876674619,0.463938337309598
182773.411807,2609866.126422,0.0368604437924078,0.415551072803961,0.0583165230148542,0.00366770584999083,0.0759215110948102,0.409682743443976
183273.411807,2609866.126422,0.0344511636430273,0.447132123877588,0.0362836723474437,0.00842954004031519,0.10756826094924,0.366135239142386
183773.411807,2609866.126422,0.0512020554230134,0.40649660488163,0.0178014314553129,0.0436777390346853,0.115617544503579,0.36520462470178
184273.411807,2609866.126422,0.0739042728773152,0.13185402530717,0.0251237850724372,0.270493306436824,0.302952503209243,0.195672107097011
184773.411807,2609866.126422,0.0359171706065604,0.576140736668499,0,0.00568077698369067,0.0546087593916071,0.327652556349643
185273.411807,2609866.126422,0.00440447788585061,0.781611304826574,0,0.000734079647641769,0.0113782345384474,0.201871903101487
185773.411807,2609866.126422,0.0198056115899505,0.712451861360719,0,0.000366770584999083,0.0122868145974693,0.255088941866862
173773.411807,2609366.126422,0.0555861309851403,0.793799302880206,0,0.00091726288754357,0.00550357732526142,0.144193725921849
174273.411807,2609366.126422,0.0282051282051282,0.851465201465201,0,0.00183150183150183,0.00677655677655678,0.111721611721612
174773.411807,2609366.126422,0.0532110091743119,0.711192660550459,0,0.0161467889908257,0.0201834862385321,0.199266055045872
175273.411807,2609366.126422,0.0783342505962209,0.570904421207118,0,0.0440286186020914,0.0214639515685195,0.28526875802605
175773.411807,2609366.126422,0.0818681318681319,0.705494505494506,0,0.00421245421245421,0.0238095238095238,0.184615384615385
176273.411807,2609366.126422,0.0946788990825688,0.657981651376147,0,0.00422018348623853,0.04,0.203119266055046
176773.411807,2609366.126422,0.0330214639515685,0.761878554393689,0,0.000733810310034856,0.01284168042561,0.191524490919097
177273.411807,2609366.126422,0.0426739926739927,0.495787545787546,0.000732600732600733,0.091025641025641,0.0725274725274725,0.297252747252747
177773.411807,2609366.126422,0.0805504587155963,0.251192660550459,0.00440366972477064,0.137981651376147,0.108073394495413,0.417798165137615
178273.411807,2609366.126422,0.0563199412951752,0.380113740598055,0.00311869381764814,0.0583379196477711,0.094294624839479,0.407815079801871
178773.411807,2609366.126422,0.122893772893773,0.144139194139194,0.0402930402930403,0.273260073260073,0.167032967032967,0.252380952380952
179273.411807,2609366.126422,0.0744954128440367,0.412660550458716,0.00403669724770642,0.137798165137615,0.0708256880733945,0.300183486238532
179773.411807,2609366.126422,0.0585213722252798,0.531645569620253,0,0.00715465052283985,0.026967528893781,0.375710878737846
180273.411807,2609366.126422,0.127289377289377,0.32014652014652,0.000549450549450549,0.0576923076923077,0.178388278388278,0.315934065934066
180773.411807,2609366.126422,0.0754128440366972,0.372660550458716,0.00495412844036697,0.127155963302752,0.241284403669725,0.178532110091743
181273.411807,2609366.126422,0.0258668134287287,0.593652540818199,0.0398092093193909,0.0161438268207668,0.0354063474591818,0.289121262153733
181773.411807,2609366.126422,0.0285714285714286,0.789194139194139,0,0.000183150183150183,0.028021978021978,0.154029304029304
182273.411807,2609366.126422,0.0194495412844037,0.67302752293578,0,0.00972477064220183,0.0425688073394495,0.255229357798165
182773.411807,2609366.126422,0.0214639515685195,0.61346541918914,0,0.00623738763529628,0.0368739680792515,0.321959273527793
183273.411807,2609366.126422,0.0141025641025641,0.575274725274725,0,0.00311355311355311,0.0227106227106227,0.384798534798535
183773.411807,2609366.126422,0.0110091743119266,0.577981651376147,0.00073394495412844,0.0132110091743119,0.0396330275229358,0.35743119266055
184273.411807,2609366.126422,0.0177949000183453,0.475875986057604,0.000733810310034856,0.028251696936342,0.0570537516052101,0.420289855072464
184773.411807,2609366.126422,0.0293040293040293,0.619047619047619,0,0.00402930402930403,0.0311355311355311,0.316483516483516
185273.411807,2609366.126422,0.0992660550458716,0.413761467889908,0.00055045871559633,0.024954128440367,0.156330275229358,0.305137614678899
185773.411807,2609366.126422,0.067327095945698,0.553843331498808,0,0.0254999082737112,0.0849385433865346,0.268391120895249
173773.411807,2608866.126422,0.0155677655677656,0.874908424908425,0,0,0.00311355311355311,0.106410256410256
174273.411807,2608866.126422,0.0452878621195453,0.827832783278328,0.00055005500550055,0.0196186285295196,0.0121012101210121,0.0946094609460946
174773.411807,2608866.126422,0.056959706959707,0.657692307692308,0,0.00384615384615385,0.0104395604395604,0.271062271062271
175273.411807,2608866.126422,0.0448717948717949,0.734065934065934,0.00128205128205128,0.0194139194139194,0.0326007326007326,0.167765567765568
175773.411807,2608866.126422,0.0896589658965897,0.568390172350568,0.00055005500550055,0.0458379171250458,0.0909424275760909,0.204620462046205
176273.411807,2608866.126422,0.095970695970696,0.602564102564103,0,0.0113553113553114,0.043956043956044,0.246153846153846
176773.411807,2608866.126422,0.05,0.541025641025641,0,0.0490842490842491,0.0747252747252747,0.285164835164835
177273.411807,2608866.126422,0.107810781078108,0.515218188485515,0.000733406674000733,0.0181518151815182,0.0632563256325633,0.294829482948295
177773.411807,2608866.126422,0.0785714285714286,0.158608058608059,0.0021978021978022,0.401648351648352,0.125274725274725,0.233699633699634
178273.411807,2608866.126422,0.125641025641026,0.141941391941392,0.0402930402930403,0.197252747252747,0.0893772893772894,0.405494505494505
178773.411807,2608866.126422,0.0968096809680968,0.0898423175650898,0.0161349468280161,0.460762742940961,0.121562156215622,0.214888155482215
179273.411807,2608866.126422,0.184249084249084,0.173626373626374,0.0230769230769231,0.153663003663004,0.141208791208791,0.324175824175824
179773.411807,2608866.126422,0.0952380952380952,0.186080586080586,0.0141025641025641,0.00421245421245421,0.0236263736263736,0.676739926739927
180273.411807,2608866.126422,0.0443711037770444,0.463879721305464,0.00055005500550055,0.00201686835350202,0.026035936927026,0.463146314631463
180773.411807,2608866.126422,0.0214285714285714,0.719230769230769,0,0.00732600732600733,0.0250915750915751,0.226923076923077
181273.411807,2608866.126422,0.0287545787545788,0.508974358974359,0.032051282051282,0.0175824175824176,0.0472527472527473,0.365384615384615
181773.411807,2608866.126422,0.0346534653465347,0.674734140080675,0,0.000183351668500183,0.0456545654565457,0.244774477447745
182273.411807,2608866.126422,0,0.917399267399267,0,0,0,0.0826007326007326
182773.411807,2608866.126422,0.0771062271062271,0.456043956043956,0.000549450549450549,0.0358974358974359,0.108058608058608,0.322344322344322
183273.411807,2608866.126422,0.00476714338100477,0.535753575357536,0,0.00385038503850385,0.0295196186285295,0.426109277594426
183773.411807,2608866.126422,0.00787545787545788,0.638827838827839,0.000183150183150183,0.00494505494505494,0.0137362637362637,0.334432234432234
184273.411807,2608866.126422,0,0.571978021978022,0,0.00402930402930403,0.0223443223443223,0.401648351648352
184773.411807,2608866.126422,0.0267693436010268,0.748258159149248,0,0.00531719838650532,0.0133846718005134,0.206270627062706
185273.411807,2608866.126422,0.0175824175824176,0.772161172161172,0,0,0.00201465201465201,0.208241758241758
185773.411807,2608866.126422,0.032967032967033,0.682234432234432,0,0.00457875457875458,0.00879120879120879,0.271428571428571
173773.411807,2608366.126422,0.0286081056299285,0.757197872730607,0,0.00128369704749679,0.0207225380524482,0.19218778653952
174273.411807,2608366.126422,0.0131940626717977,0.864211105002749,0,0.000549752611324904,0.015026571376214,0.107018508337915
174773.411807,2608366.126422,0.030280785465223,0.798862176546155,0,0.00183519911910442,0.0152321526885667,0.153789686180951
175273.411807,2608366.126422,0.0429121584448927,0.757014487438108,0.000183385292499542,0.00678525582248304,0.0121034293049697,0.181001283697047
175773.411807,2608366.126422,0.0670698185816383,0.391973611874656,0.0042147700201576,0.0331684075499359,0.163093274693055,0.340480117280557
176273.411807,2608366.126422,0.113415305560653,0.187190310148651,0.00146815929528354,0.0919434758671316,0.209396219489815,0.396586529638466
176773.411807,2608366.126422,0.0496974142673758,0.545387859893637,0,0.0148542086924629,0.0460297084173849,0.34403080872914
177273.411807,2608366.126422,0.135422393256368,0.130291368884002,0.0047645226314825,0.129558365402236,0.106652006597031,0.49331134322888
177773.411807,2608366.126422,0.073040924940356,0.0165167920719398,0.0451458983299688,0.711323178564874,0.109010827674803,0.0449623784180584
178273.411807,2608366.126422,0.041995231982395,0.0188886851274528,0.0319090408949202,0.758664955070603,0.0889418668622776,0.059600220062351
178773.411807,2608366.126422,0.181968114348543,0.0203408466190214,0.0164925783397471,0.47425325270295,0.177570093457944,0.129375114531794
179273.411807,2608366.126422,0.172141677371995,0.0519361350706552,0.0585428518994311,0.320976325931364,0.18241879243898,0.213984217287576
179773.411807,2608366.126422,0.117916743077205,0.281313038694297,0.0863744727672841,0.00880249403997799,0.0601503759398496,0.445442875481386
180273.411807,2608366.126422,0.0474619754443834,0.347810152098222,0.000549752611324904,0.03811618105186,0.139087410665201,0.426974528129009
180773.411807,2608366.126422,0.0559735731326849,0.429987153606166,0.0012846393833731,0.0436777390346853,0.170857037988622,0.298219856854469
181273.411807,2608366.126422,0.0280579497524299,0.613607188703466,0.041995231982395,0.004401247019989,0.0135705116449661,0.298367870896754
181773.411807,2608366.126422,0.0359171706065604,0.671064687557266,0.00109950522264981,0.00568077698369067,0.0375664284405351,0.248671431189298
182273.411807,2608366.126422,0.00238575885483575,0.716828775922188,0.000734079647641769,0.00183519911910442,0.00201871903101487,0.276197467425216
182773.411807,2608366.126422,0.0317256556024207,0.642582064918394,0.00275077938749312,0.000550155877498625,0.0198056115899505,0.302585732624244
183273.411807,2608366.126422,0.0287703866593366,0.524830492944842,0.00586402785413231,0.00256551218618288,0.0344511636430273,0.403518416712479
183773.411807,2608366.126422,0.0361534226463571,0.677922554597174,0,0.00440447788585061,0.0359699027344467,0.245549642136172
184273.411807,2608366.126422,0.0286081056299285,0.662020905923345,0,0.00165046763249587,0.039611223179901,0.26810929763433
184773.411807,2608366.126422,0.0208905992303463,0.765072384093824,0,0,0.000366501740883269,0.213670514934946
185273.411807,2608366.126422,0.0636814094329235,0.757203156542485,0,0.00238575885483575,0.0139475133051936,0.162782161864562
185773.411807,2608366.126422,0.0207225380524482,0.788740143040528,0,0,0.00256739409499358,0.18796992481203
173773.411807,2607866.126422,0.0511832691249312,0.470188956154834,0.000733810310034856,0.0691616217207852,0.130985140341222,0.277747202348193
174273.411807,2607866.126422,0.0769230769230769,0.483699633699634,0.00402930402930403,0.0992673992673993,0.19029304029304,0.145787545787546
174773.411807,2607866.126422,0.0319266055045872,0.704036697247706,0.00036697247706422,0.0218348623853211,0.0541284403669725,0.187706422018349
175273.411807,2607866.126422,0.0344890845716382,0.73747936158503,0,0.0238488350761328,0.0440286186020914,0.160154100165107
175773.411807,2607866.126422,0.00970695970695971,0.357142857142857,0.0525641025641026,0.0115384615384615,0.0457875457875458,0.523260073260073
176273.411807,2607866.126422,0.0528440366972477,0.472844036697248,0,0.00568807339449541,0.0445871559633028,0.424036697247706
176773.411807,2607866.126422,0.0304531278664465,0.45367822417905,0,0.024399192808659,0.170610897083104,0.320858558062741
177273.411807,2607866.126422,0.0417582417582418,0.508058608058608,0.0010989010989011,0.0598901098901099,0.0608058608058608,0.328388278388278
177773.411807,2607866.126422,0.0904587155963303,0.112293577981651,0.0269724770642202,0.371376146788991,0.14256880733945,0.256330275229358
178273.411807,2607866.126422,0.0632911392405063,0.0421940928270042,0.023115024766098,0.50779673454412,0.124013942395891,0.23958906622638
178773.411807,2607866.126422,0.0291208791208791,0.0223443223443223,0.0168498168498168,0.771978021978022,0.136996336996337,0.0227106227106227
179273.411807,2607866.126422,0.0612844036697248,0.406605504587156,0.0724770642201835,0.0915596330275229,0.0493577981651376,0.318715596330275
179773.411807,2607866.126422,0.0390753990093561,0.570904421207118,0,0,0.00330214639515685,0.386718033388369
180273.411807,2607866.126422,0.0397435897435897,0.242307692307692,0.0824175824175824,0.0120879120879121,0.0600732600732601,0.563369963369963
180773.411807,2607866.126422,0.0245871559633028,0.639449541284404,0.0572477064220183,0.00201834862385321,0.0110091743119266,0.265688073394495
181273.411807,2607866.126422,0.00642084021280499,0.655109154283618,0,0.000183452577508714,0.0480645753072831,0.290221977618786
181773.411807,2607866.126422,0.0725274725274725,0.551282051282051,0.032967032967033,0.00256410256410256,0.0139194139194139,0.326739926739927
182273.411807,2607866.126422,0.0836697247706422,0.379266055045872,0.00513761467889908,0.0144954128440367,0.0987155963302752,0.418715596330275
182773.411807,2607866.126422,0.0374243258117777,0.51495138506696,0.00220143093010457,0.0399926618968997,0.0832874701889562,0.322142726105302
183273.411807,2607866.126422,0.00586080586080586,0.608241758241758,0.0120879120879121,0.0234432234432234,0.0545787545787546,0.295787545787546
183773.411807,2607866.126422,0.0412844036697248,0.586422018348624,0.0036697247706422,0.0177981651376147,0.0394495412844037,0.311376146788991
184273.411807,2607866.126422,0.0598055402678408,0.718583746101633,0.000550357732526142,0,0.00220143093010457,0.218858924967896
184773.411807,2607866.126422,0.0153846153846154,0.896153846153846,0,0.0043956043956044,0.00274725274725275,0.0813186813186813
185273.411807,2607866.126422,0.0658715596330275,0.799449541284404,0,0.00513761467889908,0.013394495412844,0.116146788990826
185773.411807,2607866.126422,0.0148596587782058,0.678224179049716,0,0.00110071546505228,0.00642084021280499,0.299394606494221
173773.411807,2607366.126422,0.0476190476190476,0.720695970695971,0,0.00183150183150183,0.0133699633699634,0.216483516483516
174273.411807,2607366.126422,0.081041437477081,0.448844884488449,0.0133846718005134,0.0610561056105611,0.201870187018702,0.193802713604694
174773.411807,2607366.126422,0.0580586080586081,0.444871794871795,0.00677655677655678,0.0635531135531135,0.150915750915751,0.275824175824176
