"x","y","forest","agri","water","built","other","grass"
329273.411807,2787366.126422,0.0388278388278388,0.278754578754579,0.198534798534799,0.177106227106227,0.00897435897435897,0.297802197802198
327273.411807,2783866.126422,0.157778999450247,0.130108118013561,0.13450613890416,0.282939343961884,0.0339014110317024,0.260765988638446
325773.411807,2783366.126422,0,0.00758837682768832,0.180825467332963,0.810845826392745,0.000740329446603739,0
326273.411807,2783366.126422,0.00036697247706422,0.00422018348623853,0.00073394495412844,0.991743119266055,0.00275229357798165,0.00018348623853211
326773.411807,2783366.126422,0.00330214639515685,0.00275178866263071,0.0565033938726839,0.933223261786828,0.00403595670519171,0.000183452577508714
327273.411807,2783366.126422,0.302014652014652,0.0296703296703297,0.00549450549450549,0.448168498168498,0.0747252747252747,0.13992673992674
327773.411807,2783366.126422,0.167706422018349,0.084954128440367,0.116146788990826,0.322385321100917,0.0374311926605505,0.271376146788991
325773.411807,2782866.126422,0,0,0.0413269088213492,0.958673091178651,0,0
326273.411807,2782866.126422,0,0,0,1,0,0
326773.411807,2782866.126422,0.0032967032967033,0.00879120879120879,0.0476190476190476,0.932417582417582,0.00641025641025641,0.00146520146520147
327273.411807,2782866.126422,0.0555555555555556,0.0161349468280161,0.0737073707370737,0.810781078107811,0.0181518151815182,0.0256692335900257
327773.411807,2782866.126422,0.269413919413919,0.0558608058608059,0.0124542124542125,0.412820512820513,0.0657509157509158,0.183699633699634
325773.411807,2782366.126422,0,0,0.085,0.914814814814815,0.000185185185185185,0
326273.411807,2782366.126422,0,0,0.00330335841438796,0.996696641585612,0,0
326773.411807,2782366.126422,0.103429304969741,0.0392444525949019,0.0469466348798826,0.715752796625711,0.0275077938749312,0.0671190170548322
327273.411807,2782366.126422,0.44621586952538,0.0595565328935312,0.000366501740883269,0.130291368884002,0.045629466739967,0.317940260216236
327773.411807,2782366.126422,0.50633143696091,0.0541383740135805,0.000367039823820885,0.200220223894293,0.0611121306661773,0.177830794641219
328273.411807,2782366.126422,0.603704382908491,0.0540986612873648,0.00311754997249221,0.0713368787823217,0.028791490922428,0.238951036126903
328773.411807,2782366.126422,0.395455378413047,0.131940626717977,0.000916254352208173,0.11434854315558,0.0289536375297783,0.328385559831409
331273.411807,2782366.126422,0.0022006235099945,0.108930863744728,0.219145424536952,0.489822116266275,0.0359435173299101,0.14395745461214
325773.411807,2781866.126422,0.000740329446603739,0.000925411808254673,0.0351656487136776,0.9603923746067,0.00166574125485841,0.00111049416990561
326273.411807,2781866.126422,0.00165137614678899,0.00293577981651376,0.0455045871559633,0.947889908256881,0.00201834862385321,0
326773.411807,2781866.126422,0.127499541368556,0.0216474041460283,0.00972298660796184,0.724087323426894,0.0618235186204366,0.0552192258301229
327273.411807,2781866.126422,0.432967032967033,0.0357142857142857,0,0.292124542124542,0.0673992673992674,0.171794871794872
327773.411807,2781866.126422,0.578715596330275,0.0684403669724771,0,0.101467889908257,0.0555963302752294,0.195779816513761
328273.411807,2781866.126422,0.595670519170794,0.0333883691065859,0,0.010273344340488,0.0111906072280316,0.3494771601541
328773.411807,2781866.126422,0.570695970695971,0.0168498168498168,0,0.00164835164835165,0.00274725274725275,0.408058608058608
329273.411807,2781866.126422,0.416697247706422,0.0831192660550459,0.0264220183486239,0.13651376146789,0.0223853211009174,0.314862385321101
329773.411807,2781866.126422,0.032104201064025,0.0649422124380847,0.0363236103467254,0.75178866263071,0.0486149330398092,0.0662263804806457
330273.411807,2781866.126422,0.136263736263736,0.0565934065934066,0.0456043956043956,0.626373626373626,0.0578754578754579,0.0772893772893773
330773.411807,2781866.126422,0.549174311926605,0.0346788990825688,0.0163302752293578,0.147706422018349,0.0332110091743119,0.218899082568807
325773.411807,2781366.126422,0.136026686434396,0.0300222386953299,0.0856189770200148,0.699777613046701,0.0144551519644181,0.0340993328391401
326273.411807,2781366.126422,0.558791208791209,0.0804029304029304,0.00604395604395604,0.121978021978022,0.026007326007326,0.206776556776557
326773.411807,2781366.126422,0.552197802197802,0.0631868131868132,0.000366300366300366,0.249267399267399,0.0276556776556777,0.107326007326007
327273.411807,2781366.126422,0.701320132013201,0.0540887422075541,0,0.0496883021635497,0.0328199486615328,0.162082874954162
327773.411807,2781366.126422,0.566300366300366,0.0380952380952381,0.00347985347985348,0.0902930402930403,0.0197802197802198,0.282051282051282
328273.411807,2781366.126422,0.283882783882784,0.0652014652014652,0.000915750915750916,0.292124542124542,0.0727106227106227,0.285164835164835
328773.411807,2781366.126422,0.428492849284928,0.0390539053905391,0.000733406674000733,0.200953428676201,0.0308030803080308,0.2999633296663
329273.411807,2781366.126422,0.293223443223443,0.112820512820513,0.00347985347985348,0.136446886446886,0.0661172161172161,0.387912087912088
329773.411807,2781366.126422,0.178754578754579,0.067032967032967,0.000366300366300366,0.215567765567766,0.0285714285714286,0.50970695970696
330273.411807,2781366.126422,0.143197653098643,0.116611661166117,0.00256692335900257,0.466629996332967,0.0773744041070774,0.193619361936194
330773.411807,2781366.126422,0.229120879120879,0.0787545787545788,0.0642857142857143,0.307142857142857,0.0478021978021978,0.272893772893773
325773.411807,2780866.126422,0.393518518518519,0.0659259259259259,0.00555555555555556,0.282222222222222,0.106666666666667,0.146111111111111
326273.411807,2780866.126422,0.562855569829326,0.012846393833731,0,0.0339511837034318,0.0242246283721784,0.366122224261332
326773.411807,2780866.126422,0.415551072803961,0.0441958554923895,0.00110031175499725,0.226114065651935,0.0852741610122868,0.227764533284431
327273.411807,2780866.126422,0.388308594465824,0.0599230346344145,0.000366501740883269,0.291735385743082,0.0694520798973795,0.190214403518417
327773.411807,2780866.126422,0.320976325931364,0.0778124426500275,0.00110111947146265,0.126261699394384,0.0790970820334006,0.394751330519361
328273.411807,2780866.126422,0.33596185585916,0.0636346964973409,0.000183385292499542,0.206858609939483,0.0495140289748762,0.34384742343664
328773.411807,2780866.126422,0.258200476452263,0.0302363936228697,0.0053142752428074,0.369433754810335,0.0362836723474437,0.300531427524281
329273.411807,2780866.126422,0.19911910442283,0.0390897412369242,0.0130299137456414,0.587447238025326,0.0233070288126262,0.138006973756653
329773.411807,2780866.126422,0.202640748211993,0.0163212910324592,0,0.141756831102146,0.0148542086924629,0.624426920960939
330273.411807,2780866.126422,0.514018691588785,0.0544255085211655,0,0.0408649441084845,0.0368334249587686,0.353857430822796
330773.411807,2780866.126422,0.517342631675537,0.0596439713708937,0,0.00568911726922371,0.00623967700495504,0.411084602679391
331273.411807,2780866.126422,0.159728589767101,0.0410783055198973,0.257289565376857,0.227764533284431,0.0577663671373556,0.256372638914359
332773.411807,2780866.126422,0.0786722904823033,0.0599669906473501,0.223363286264442,0.505043095543737,0.0256739409499358,0.107280396112232
325773.411807,2780366.126422,0.126596335369239,0.0316490838423098,0.0185082361650935,0.734776975754211,0.0525633907088654,0.0359059781602813
326273.411807,2780366.126422,0.198899082568807,0.036697247706422,0.0212844036697248,0.561834862385321,0.0823853211009174,0.0988990825688073
326773.411807,2780366.126422,0.197945331131902,0.0533847000550358,0.0104567969179967,0.558980003669052,0.105852137222528,0.0733810310034856
327273.411807,2780366.126422,0.294139194139194,0.0527472527472527,0.00146520146520147,0.436263736263736,0.0935897435897436,0.121794871794872
327773.411807,2780366.126422,0.347339449541284,0.0475229357798165,0.00073394495412844,0.311376146788991,0.100366972477064,0.192660550458716
328273.411807,2780366.126422,0.30379746835443,0.0577875619152449,0.00091726288754357,0.216474041460283,0.0759493670886076,0.345074298293891
328773.411807,2780366.126422,0.376373626373626,0.0302197802197802,0.00238095238095238,0.208791208791209,0.0617216117216117,0.320512820512821
329273.411807,2780366.126422,0.692293577981651,0.013394495412844,0,0.0253211009174312,0.021651376146789,0.247339449541284
329773.411807,2780366.126422,0.756191524490919,0.00898917629792699,0,0.000366905155017428,0,0.234452394056136
330273.411807,2780366.126422,0.445421245421245,0.034981684981685,0,0.0820512820512821,0.0122710622710623,0.425274725274725
330773.411807,2780366.126422,0.62697247706422,0.0456880733944954,0,0.0300917431192661,0.0273394495412844,0.269908256880734
331273.411807,2780366.126422,0.532379379930288,0.0385250412768299,0,0.00385250412768299,0.0278847917813245,0.397358282883875
331773.411807,2780366.126422,0.421611721611722,0.0564102564102564,0.000549450549450549,0.0402930402930403,0.060989010989011,0.42014652014652
332273.411807,2780366.126422,0.425321100917431,0.0467889908256881,0.00018348623853211,0.184587155963303,0.0611009174311927,0.282018348623853
