"x","y","forest","agri","water","built","other","grass"
186273.411807,2557866.126422,0.287862119545288,0.0654565456545655,0.0491382471580491,0.145947928126146,0.0650898423175651,0.386505317198386
186773.411807,2557866.126422,0.168315018315018,0.245787545787546,0.0272893772893773,0.0580586080586081,0.0505494505494506,0.45
187273.411807,2557866.126422,0.257326007326007,0.112820512820513,0,0.134798534798535,0.0873626373626374,0.407692307692308
187773.411807,2557866.126422,0.182984965163183,0.0410707737440411,0,0.170883755042171,0.14044737807114,0.464613127979465
188273.411807,2557866.126422,0.402930402930403,0.0232600732600733,0,0.0203296703296703,0.0256410256410256,0.527838827838828
188773.411807,2557866.126422,0.416300366300366,0.0608058608058608,0,0.0184981684981685,0.0368131868131868,0.467582417582418
189273.411807,2557866.126422,0.601393472680601,0.00825082508250825,0,0.0141180784745141,0.0238357169050238,0.352401906857352
189773.411807,2557866.126422,0.591391941391941,0.0362637362637363,0.00531135531135531,0.0043956043956044,0.0115384615384615,0.351098901098901
190273.411807,2557866.126422,0.675274725274725,0.00201465201465201,0,0.00677655677655678,0.00989010989010989,0.306043956043956
190773.411807,2557866.126422,0.557572423909058,0.0683901723505684,0,0.0273193986065273,0.048038137147048,0.298679867986799
191273.411807,2557866.126422,0.703296703296703,0.0142857142857143,0,0.000915750915750916,0.0021978021978022,0.279304029304029
191773.411807,2557866.126422,0.567582417582418,0.0276556776556777,0,0.176007326007326,0.0507326007326007,0.178021978021978
192273.411807,2557866.126422,0.155482214888155,0.137330399706637,0.0876420975430876,0.136230289695636,0.081958195819582,0.401356802346901
192773.411807,2557866.126422,0.168315018315018,0.0622710622710623,0,0.023992673992674,0.0278388278388278,0.717582417582418
193273.411807,2557866.126422,0.185897435897436,0.0527472527472527,0,0.0789377289377289,0.0624542124542125,0.61996336996337
193773.411807,2557866.126422,0.168866886688669,0.110744407774111,0.044004400440044,0.117895122845618,0.0425375870920425,0.515951595159516
194273.411807,2557866.126422,0.215750915750916,0.073992673992674,0,0.154761904761905,0.0873626373626374,0.468131868131868
194773.411807,2557866.126422,0.128937728937729,0.0311355311355311,0.00787545787545788,0.555494505494506,0.152930402930403,0.123626373626374
195273.411807,2557866.126422,0.114778144481115,0.0201686835350202,0.0011001100110011,0.585991932526586,0.108727539420609,0.169233590025669
195773.411807,2557866.126422,0.439010989010989,0.00347985347985348,0.000915750915750916,0.132600732600733,0.0736263736263736,0.3503663003663
196273.411807,2557866.126422,0.650915750915751,0,0,0.00256410256410256,0.00256410256410256,0.343956043956044
196773.411807,2557866.126422,0.647048038137147,0.00715071507150715,0,0.00476714338100477,0.00476714338100477,0.336266960029336
197273.411807,2557866.126422,0.657692307692308,0.00714285714285714,0,0.00347985347985348,0.00183150183150183,0.32985347985348
197773.411807,2557866.126422,0.653296703296703,0.00805860805860806,0,0.00732600732600733,0.00824175824175824,0.323076923076923
198273.411807,2557866.126422,0.814998166483315,0.000733406674000733,0,0.00586725339200587,0.00916758342500917,0.169233590025669
186273.411807,2557366.126422,0.229430089792927,0.0192413413963716,0.0168590800806304,0.146050943741983,0.0747663551401869,0.513652189847902
186773.411807,2557366.126422,0.0554230133969536,0.247201321343366,0.0981831528720866,0.212332538080382,0.0800146815929528,0.306845292714259
187273.411807,2557366.126422,0.275077938749312,0.0847240051347882,0,0.11589950485971,0.102512378507244,0.421786172748946
187773.411807,2557366.126422,0.644310060472787,0.0042147700201576,0,0.0225398570643211,0.0199743448781382,0.308960967564596
188273.411807,2557366.126422,0.525601027711507,0.00275279867865663,0,0.0104606349788952,0.0082583960359699,0.452927142594972
188773.411807,2557366.126422,0.389326975976527,0.0203557674674491,0.000183385292499542,0.0770218228498075,0.0938932697597653,0.419218778653952
189273.411807,2557366.126422,0.617921935129192,0.00971229613340663,0.00916254352208173,0.0192413413963716,0.0111783030969397,0.332783580722008
189773.411807,2557366.126422,0.677739034685263,0.00697375665259681,0,0.0155991925123876,0.0170673518076711,0.282620664342081
190273.411807,2557366.126422,0.465982028241335,0.23216578030442,0,0.0232899321474418,0.0289748762149276,0.249587383091876
190773.411807,2557366.126422,0.527029503390141,0.0833791460509437,0,0.00238226131574125,0.00513102437236577,0.382078064870808
191273.411807,2557366.126422,0.645072490365205,0.0363369425582676,0,0.0690034868783263,0.0236740686364471,0.225913011561754
191773.411807,2557366.126422,0.114982578397213,0.391160828901522,0.104896387309738,0.250137538969375,0.06400146708234,0.0748211993398129
192273.411807,2557366.126422,0.140553417628734,0.127542605827378,0.00641378046545721,0.0956569543705333,0.047645226314825,0.582188015393073
192773.411807,2557366.126422,0.0985501926959075,0.268673151036887,0.0735914846760874,0.142411451642503,0.0179849513672233,0.398788768581391
193273.411807,2557366.126422,0.185585916009536,0.142857142857143,0.0350265908674124,0.166147075004585,0.0680359435173299,0.402347331743994
193773.411807,2557366.126422,0.288436870075133,0.023089609675646,0.0166758292101887,0.0236393622869709,0.0172255818215137,0.630932746930548
194273.411807,2557366.126422,0.347953752982199,0.106441548908057,0.000734079647641769,0.105523949348504,0.0378051018535511,0.401541567260048
194773.411807,2557366.126422,0.337245552906657,0.057216211259857,0.0119200440124702,0.0724371905373189,0.0324591967724189,0.488721804511278
195273.411807,2557366.126422,0.348176653839106,0.021073850100788,0,0.10646875572659,0.0417811984606927,0.482499541872824
195773.411807,2557366.126422,0.328133602495871,0.000917599559552211,0,0.068452927142595,0.0332171040557901,0.569278766746192
196273.411807,2557366.126422,0.535485054098661,0.00110031175499725,0,0.0196222262974509,0.0102695763799743,0.433522831468916
196773.411807,2557366.126422,0.420927249404435,0.00201575957485798,0,0.00787978742899029,0.00824628916987356,0.560930914421844
197273.411807,2557366.126422,0.621031381904937,0.00183519911910442,0,0.00256927876674619,0.00146815929528354,0.373095980913929
197773.411807,2557366.126422,0.628644782688428,0.00770218228498074,0,0.000366770584999083,0.0022006235099945,0.361085640931597
198273.411807,2557366.126422,0.766538391057358,0,0,0.000366501740883269,0.000549752611324904,0.232545354590434
186273.411807,2556866.126422,0.40018315018315,0.0294871794871795,0.0195970695970696,0.0705128205128205,0.0457875457875458,0.434432234432234
186773.411807,2556866.126422,0.251376146788991,0.182018348623853,0,0.073394495412844,0.0302752293577982,0.462935779816514
187273.411807,2556866.126422,0.232250963126032,0.0933773619519354,0.00733810310034856,0.14694551458448,0.0117409649605577,0.508347092276647
187773.411807,2556866.126422,0.349267399267399,0.0113553113553114,0,0.00366300366300366,0.0157509157509158,0.61996336996337
188273.411807,2556866.126422,0.512477064220183,0.0159633027522936,0.00073394495412844,0.0205504587155963,0.0177981651376147,0.432477064220184
188773.411807,2556866.126422,0.480095395340305,0.00550357732526142,0,0.0275178866263071,0.0210970464135021,0.465786094294625
189273.411807,2556866.126422,0.48956043956044,0.00860805860805861,0,0.0976190476190476,0.0494505494505494,0.354761904761905
189773.411807,2556866.126422,0.653761467889908,0.00238532110091743,0,0.0438532110091743,0.0121100917431193,0.287889908256881
190273.411807,2556866.126422,0.618418638781875,0.0667767382131719,0,0.0216474041460283,0.0339387268391121,0.259218492019813
190773.411807,2556866.126422,0.561721611721612,0.0214285714285714,0,0.111538461538462,0.0214285714285714,0.283882783882784
191273.411807,2556866.126422,0.37394495412844,0.0234862385321101,0,0.25045871559633,0.0847706422018349,0.267339449541284
191773.411807,2556866.126422,0.467987525224729,0.0612731608879105,0.0190790680609063,0.221243808475509,0.0790680609062557,0.151348376444689
192273.411807,2556866.126422,0.231318681318681,0.136263736263736,0.0206959706959707,0.182783882783883,0.0296703296703297,0.399267399267399
192773.411807,2556866.126422,0.236697247706422,0.078348623853211,0.00403669724770642,0.0574311926605505,0.0185321100917431,0.604954128440367
193273.411807,2556866.126422,0.250045863144377,0.0363236103467254,0.0135754907356448,0.0676940011007155,0.0258668134287287,0.606494221243808
193773.411807,2556866.126422,0.277472527472527,0.0664835164835165,0,0.0512820512820513,0.0146520146520147,0.59010989010989
194273.411807,2556866.126422,0.260917431192661,0.0368807339449541,0.00018348623853211,0.0770642201834862,0.0447706422018349,0.580183486238532
194773.411807,2556866.126422,0.231700605393506,0.00293524124013942,0,0.0860392588515869,0.0594386351128233,0.619886259401945
195273.411807,2556866.126422,0.261538461538462,0.0912087912087912,0.0111721611721612,0.0924908424908425,0.0467032967032967,0.496886446886447
195773.411807,2556866.126422,0.246422018348624,0.0315596330275229,0,0.0438532110091743,0.0209174311926606,0.657247706422018
196273.411807,2556866.126422,0.256283250779673,0.0091726288754357,0.00330214639515685,0.0526508897450009,0.0566868464501926,0.62190423775454
196773.411807,2556866.126422,0.481135531135531,0.00164835164835165,0.00384615384615385,0.0468864468864469,0.041025641025641,0.425457875457875
197273.411807,2556866.126422,0.552110091743119,0.00660550458715596,0.00110091743119266,0.00880733944954129,0.0322935779816514,0.399082568807339
197773.411807,2556866.126422,0.604109337736195,0.0108237020730141,0,0.00532012474775271,0.0165107319757843,0.363236103467254
198273.411807,2556866.126422,0.732417582417582,0.0153846153846154,0,0.00128205128205128,0.00183150183150183,0.249084249084249
186273.411807,2556366.126422,0.59002566923359,0,0,0.0022002200220022,0.0033003300330033,0.404473780711404
186773.411807,2556366.126422,0.320695970695971,0.0886446886446886,0,0.0181318681318681,0.023992673992674,0.548534798534799
187273.411807,2556366.126422,0.165567765567766,0.177289377289377,0.120512820512821,0.102930402930403,0.00183150183150183,0.431868131868132
187773.411807,2556366.126422,0.581224789145581,0.0044004400440044,0,0.00165016501650165,0.00495049504950495,0.407774110744408
188273.411807,2556366.126422,0.427106227106227,0.017032967032967,0,0.056959706959707,0.0521978021978022,0.446703296703297
188773.411807,2556366.126422,0.432967032967033,0.0152014652014652,0,0.0183150183150183,0.0351648351648352,0.498351648351648
189273.411807,2556366.126422,0.573524019068574,0.00513384671800513,0.000733406674000733,0.0154015401540154,0.0346534653465347,0.370553722038871
189773.411807,2556366.126422,0.513369963369963,0.0159340659340659,0,0.0163003663003663,0.03003663003663,0.424358974358974
190273.411807,2556366.126422,0.627472527472527,0.0322344322344322,0,0.0289377289377289,0.0342490842490843,0.277106227106227
190773.411807,2556366.126422,0.33975064173084,0.0870920425375871,0,0.274660799413275,0.0850751741840851,0.213421342134213
191273.411807,2556366.126422,0.757875457875458,0.00347985347985348,0,0.0452380952380952,0.0159340659340659,0.177472527472527
191773.411807,2556366.126422,0.412637362637363,0.0021978021978022,0,0.0188644688644689,0.0126373626373626,0.553663003663004
192273.411807,2556366.126422,0.618445177851118,0.00055005500550055,0.000183351668500183,0.00531719838650532,0.0066006600660066,0.368903557022369
192773.411807,2556366.126422,0.205128205128205,0.0153846153846154,0,0.0276556776556777,0.0247252747252747,0.727106227106227
193273.411807,2556366.126422,0.283150183150183,0.0238095238095238,0,0.0238095238095238,0.0217948717948718,0.647435897435897
193773.411807,2556366.126422,0.240557389072241,0.0176017601760176,0,0.0825082508250825,0.0753575357535754,0.583975064173084
194273.411807,2556366.126422,0.177289377289377,0.0228937728937729,0.0166666666666667,0.0855311355311355,0.0659340659340659,0.631684981684982
194773.411807,2556366.126422,0.200549450549451,0.0593406593406593,0,0.00604395604395604,0.0122710622710623,0.721794871794872
195273.411807,2556366.126422,0.375504217088376,0.048954895489549,0.0044004400440044,0.0467546754675468,0.01998533186652,0.504400440044004
195773.411807,2556366.126422,0.257692307692308,0.0206959706959707,0.000183150183150183,0.0327838827838828,0.0252747252747253,0.663369963369963
196273.411807,2556366.126422,0.286996336996337,0.045970695970696,0,0.0686813186813187,0.0412087912087912,0.557142857142857
196773.411807,2556366.126422,0.500366703337,0.0077007700770077,0,0.0335533553355336,0.0533553355335534,0.405023835716905
197273.411807,2556366.126422,0.491941391941392,0.0164835164835165,0,0.00714285714285714,0.0195970695970696,0.464835164835165
197773.411807,2556366.126422,0.415018315018315,0.0102564102564103,0,0.0205128205128205,0.0201465201465201,0.534065934065934
198273.411807,2556366.126422,0.549138247158049,0.0055005500550055,0,0.00898423175650898,0.0137513751375138,0.422625595892923
186273.411807,2555866.126422,0.215136521898479,0.201026204874473,0,0.13340663368151,0.0276708814366868,0.422759758108851
186773.411807,2555866.126422,0.11616810423931,0.222609653147366,0.104973389612773,0.14534777023307,0.0113782345384474,0.399522848229033
187273.411807,2555866.126422,0.411333211076472,0.0372272143774069,0.102328993214744,0.133137722354667,0.0359435173299101,0.2800293416468
187773.411807,2555866.126422,0.618654938610958,0.0148433205057724,0.00293201392706615,0.00806303829943192,0.00403151914971596,0.351475169507055
188273.411807,2555866.126422,0.619930262433474,0.00734079647641769,0,0.00605615709304459,0.00715727656450725,0.359515507432556
188773.411807,2555866.126422,0.545938015771135,0.010819732257473,0,0.0416284613973959,0.030808729139923,0.370805061434073
189273.411807,2555866.126422,0.641194795675279,0.0161260765988638,0,0.0159428257284222,0.0311526479750779,0.295583654022357
189773.411807,2555866.126422,0.772251789319141,0.0499174160396403,0,0.00568911726922371,0.00715727656450725,0.164984400807488
190273.411807,2555866.126422,0.788740143040528,0.00623509994498441,0,0.0146708233999633,0.0267742527049331,0.163579680909591
190773.411807,2555866.126422,0.776433938061206,0.00513102437236577,0,0.0108118013560564,0.0172255818215137,0.190397654388858
191273.411807,2555866.126422,0.534042943659387,0.0299137456414021,0,0.05395485410167,0.0288126261699394,0.353275830427601
191773.411807,2555866.126422,0.301668806161746,0.0328259673574179,0.000183385292499542,0.00990280579497524,0.0165046763249587,0.638914359068403
192273.411807,2555866.126422,0.366135239142386,0.00348176653839106,0,0.0159428257284222,0.0106285504856148,0.603811618105186
192773.411807,2555866.126422,0.235823086804918,0,0,0.00660671682877592,0.00275279867865663,0.754817397687649
193273.411807,2555866.126422,0.233632862644416,0.0183385292499542,0,0.108380707867229,0.0504309554373739,0.589216944801027
193773.411807,2555866.126422,0.305112699285322,0.0458127176104087,0,0.026571376214037,0.0142935678944475,0.608209638995785
194273.411807,2555866.126422,0.215452376582859,0.0368875022939989,0,0.12846393833731,0.0636814094329235,0.555514773352909
194773.411807,2555866.126422,0.283697047496791,0.0163212910324592,0,0.0410783055198973,0.0333761232349166,0.625527232715936
195273.411807,2555866.126422,0.227047828477185,0.0359171706065604,0.000366501740883269,0.0212571009712296,0.0113615539673813,0.70404984423676
195773.411807,2555866.126422,0.349238392365572,0.09543035419343,0.00385391815011929,0.0297302257294917,0.0124793540099101,0.509267755551477
196273.411807,2555866.126422,0.248303686044379,0.126535851824684,0.0119200440124702,0.0401613790573996,0.00770218228498074,0.565376856776087
196773.411807,2555866.126422,0.380612057907275,0.0124610591900312,0.00256551218618288,0.0263881253435954,0.0487447315374748,0.529228513835441
197273.411807,2555866.126422,0.73848412552762,0.000183519911910442,0,0.00458799779776106,0.00311983850247752,0.253624518260231
197773.411807,2555866.126422,0.78782321657803,0.00201723821749496,0,0.000366770584999083,0.000366770584999083,0.209426004034476
198273.411807,2555866.126422,0.737768004398021,0.00329851566794942,0,0.00146600696353308,0.00494777350192413,0.252519699468573
186273.411807,2555366.126422,0.332234432234432,0.208424908424908,0,0.00732600732600733,0.0043956043956044,0.447619047619048
186773.411807,2555366.126422,0.341467889908257,0.023302752293578,0,0.0407339449541284,0.0271559633027523,0.567339449541284
187273.411807,2555366.126422,0.226197028068244,0.00752155567785727,0,0.0541185103650706,0.0335718216840947,0.678591084204733
187773.411807,2555366.126422,0.473992673992674,0.00567765567765568,0,0.0115384615384615,0.0210622710622711,0.487728937728938
188273.411807,2555366.126422,0.571192660550459,0.00844036697247706,0,0.021651376146789,0.0179816513761468,0.380733944954128
188773.411807,2555366.126422,0.674188222344524,0.0266006237387635,0.00366905155017428,0.0565033938726839,0.0911759310218309,0.147862777472023
189273.411807,2555366.126422,0.622527472527473,0.00183150183150183,0.000732600732600733,0.021978021978022,0.0274725274725275,0.325457875457875
189773.411807,2555366.126422,0.846605504587156,0,0,0,0.00018348623853211,0.153211009174312
190273.411807,2555366.126422,0.863694734911026,0,0,0,0,0.136305265088975
190773.411807,2555366.126422,0.711904761904762,0.00164835164835165,0,0.00183150183150183,0.00311355311355311,0.281501831501832
191273.411807,2555366.126422,0.544403669724771,0.104587155963303,0,0.00165137614678899,0.00146788990825688,0.347889908256881
191773.411807,2555366.126422,0.451293340671436,0.220326545587966,0.000366905155017428,0.0130251330031187,0.0234819299211154,0.291506145661347
192273.411807,2555366.126422,0.406043956043956,0.00622710622710623,0,0.00384615384615385,0.00549450549450549,0.578388278388278
192773.411807,2555366.126422,0.129908256880734,0.00165137614678899,0,0.0601834862385321,0.0192660550458716,0.788990825688073
193273.411807,2555366.126422,0.190607228031554,0.0174279948633278,0,0.0524674371674922,0.0394423041643735,0.700055035773253
193773.411807,2555366.126422,0.118681318681319,0.0573260073260073,0,0.00897435897435897,0.0166666666666667,0.798351648351648
194273.411807,2555366.126422,0.207339449541284,0.035045871559633,0,0.0119266055045872,0.0222018348623853,0.72348623853211
194773.411807,2555366.126422,0.0770500825536599,0.0350394423041644,0.00201797835259585,0.106585947532563,0.0653091175931022,0.713997431663915
195273.411807,2555366.126422,0.178205128205128,0.0126373626373626,0,0.0271062271062271,0.0153846153846154,0.766666666666667
195773.411807,2555366.126422,0.224220183486239,0.0915596330275229,0.00256880733944954,0.0291743119266055,0.018348623853211,0.634128440366972
196273.411807,2555366.126422,0.173179233168226,0.0528343423225096,0,0.0119244175380664,0.0122913226930838,0.749770684278114
196773.411807,2555366.126422,0.353846153846154,0.0104395604395604,0,0.0173992673992674,0.0391941391941392,0.579120879120879
197273.411807,2555366.126422,0.48348623853211,0.0161467889908257,0,0.0157798165137615,0.0293577981651376,0.455229357798165
197773.411807,2555366.126422,0.792698587415153,0.00146762062006971,0,0,0,0.205833791964777
198273.411807,2555366.126422,0.871428571428571,0.00512820512820513,0,0.000732600732600733,0.00183150183150183,0.120879120879121
186273.411807,2554866.126422,0.378437843784378,0.0236523652365237,0,0.026952695269527,0.0381371470480381,0.532819948661533
186773.411807,2554866.126422,0.275091575091575,0.0173992673992674,0.000183150183150183,0.00384615384615385,0.00549450549450549,0.697985347985348
187273.411807,2554866.126422,0.391758241758242,0.0304029304029304,0,0.0549450549450549,0.0679487179487179,0.454945054945055
187773.411807,2554866.126422,0.298496516318298,0.0203520352035204,0,0.0432709937660433,0.0396039603960396,0.598276494316098
188273.411807,2554866.126422,0.541208791208791,0.00164835164835165,0.000366300366300366,0.00512820512820513,0.00384615384615385,0.447802197802198
188773.411807,2554866.126422,0.647252747252747,0.0124542124542125,0.0021978021978022,0.0152014652014652,0.0181318681318681,0.304761904761905
189273.411807,2554866.126422,0.692335900256692,0.0124679134580125,0.00733406674000733,0.00311697836450312,0.00715071507150715,0.277594426109278
189773.411807,2554866.126422,0.868498168498169,0.00347985347985348,0,0,0.000183150183150183,0.127838827838828
190273.411807,2554866.126422,0.773992673992674,0.0357142857142857,0,0.000549450549450549,0.0021978021978022,0.187545787545788
190773.411807,2554866.126422,0.859369270260359,0.00458379171250458,0,0.00128346167950128,0.00495049504950495,0.12981298129813
191273.411807,2554866.126422,0.604761904761905,0.150915750915751,0,0.00769230769230769,0.00805860805860806,0.228571428571429
191773.411807,2554866.126422,0.361172161172161,0.259157509157509,0.000183150183150183,0.00183150183150183,0.00769230769230769,0.36996336996337
192273.411807,2554866.126422,0.349468280161349,0.00495049504950495,0.00458379171250458,0.0328199486615328,0.0361202786945361,0.572057205720572
192773.411807,2554866.126422,0.394139194139194,0.00476190476190476,0.00366300366300366,0.0227106227106227,0.0247252747252747,0.55
193273.411807,2554866.126422,0.259340659340659,0.000915750915750916,0,0.00183150183150183,0.0032967032967033,0.734615384615385
193773.411807,2554866.126422,0.303997066373304,0.00586725339200587,0.000183351668500183,0.0022002200220022,0.00421708837550422,0.683535020168684
194273.411807,2554866.126422,0.327655677655678,0.000549450549450549,0,0,0.000183150183150183,0.671611721611722
194773.411807,2554866.126422,0.343589743589744,0.00549450549450549,0,0.00421245421245421,0.00402930402930403,0.642673992673993
195273.411807,2554866.126422,0.169050238357169,0.0383204987165383,0,0.0196186285295196,0.0291529152915292,0.743857719105244
195773.411807,2554866.126422,0.208608058608059,0.0119047619047619,0,0.013003663003663,0.032967032967033,0.733516483516483
196273.411807,2554866.126422,0.167216117216117,0.0732600732600733,0.00842490842490842,0.0558608058608059,0.0347985347985348,0.66043956043956
196773.411807,2554866.126422,0.358452511917858,0.0957095709570957,0,0.00311697836450312,0.0201686835350202,0.522552255225523
197273.411807,2554866.126422,0.494505494505495,0.0186813186813187,0,0.0293040293040293,0.0622710622710623,0.395238095238095
197773.411807,2554866.126422,0.575641025641026,0.00366300366300366,0,0.0208791208791209,0.0186813186813187,0.381135531135531
198273.411807,2554866.126422,0.733956729006234,0.00513384671800513,0,0.00696736340300697,0.0121012101210121,0.241840850751742
186273.411807,2554366.126422,0.158145501191131,0.0820963899578523,0,0.0524097489463075,0.0632215503023639,0.644126809602346
186773.411807,2554366.126422,0.374197100385392,0.152505046797578,0,0.0567076527803267,0.0181684712791338,0.39842172875757
187273.411807,2554366.126422,0.307537135521731,0.0137538969374656,0,0.0022006235099945,0.000916926462497708,0.675591417568311
187773.411807,2554366.126422,0.433388308594466,0.00238226131574125,0,0.00641378046545721,0.00513102437236577,0.55268462525197
188273.411807,2554366.126422,0.372178381354377,0.00458799779776106,0,0.00642319691686548,0.0122958340979996,0.604514589832997
188773.411807,2554366.126422,0.637814047313406,0,0,0.000183385292499542,0.000183385292499542,0.361819182101595
189273.411807,2554366.126422,0.807769836906725,0.000549752611324904,0,0.000183250870441635,0.00164925783397471,0.189847901777533
189773.411807,2554366.126422,0.541200220223894,0.00293631859056708,0.000917599559552211,0.0133969535694623,0.0146815929528354,0.426867315103689
190273.411807,2554366.126422,0.671740326425821,0.00165046763249587,0.000183385292499542,0.000733541169998166,0.00128369704749679,0.324408582431689
190773.411807,2554366.126422,0.450247388675096,0.00568077698369067,0.000183250870441635,0.00861279091075683,0.0146600696353308,0.520615722924684
191273.411807,2554366.126422,0.387594053954854,0.0495503762158194,0.000367039823820885,0.0124793540099101,0.0133969535694623,0.536612222426133
191773.411807,2554366.126422,0.281129653401797,0.242618741976893,0.00715202640748212,0.0412616908123968,0.0372272143774069,0.390610673024023
192273.411807,2554366.126422,0.379146050943742,0.00714678394722375,0.000366501740883269,0.00769653655854865,0.00568077698369067,0.599963349825912
192773.411807,2554366.126422,0.347219673334557,0.0278950266103872,0.0012846393833731,0.00734079647641769,0.00311983850247752,0.613140025692788
193273.411807,2554366.126422,0.49202273977627,0.00458463231248854,0,0.00275077938749312,0.00330093526499175,0.497340913258757
193773.411807,2554366.126422,0.337731354223933,0.00403151914971596,0.00183250870441635,0.0371999266996518,0.0388491845336265,0.580355506688657
194273.411807,2554366.126422,0.457515140392733,0.00458799779776106,0,0.0047715177096715,0.00734079647641769,0.525784547623417
194773.411807,2554366.126422,0.364936732074088,0.00696864111498258,0,0,0.00275077938749312,0.625343847423437
195273.411807,2554366.126422,0.37328202308961,0.203774967931098,0.0295033901411032,0.00568077698369067,0.00769653655854865,0.38006230529595
195773.411807,2554366.126422,0.345751514039273,0.0295467058175812,0,0.0104606349788952,0.00972655533125344,0.604514589832997
196273.411807,2554366.126422,0.397212543554007,0.0456629378323858,0.000183385292499542,0.0198056115899505,0.0251237850724372,0.51201173665872
196773.411807,2554366.126422,0.314824995418728,0.0974894630749496,0,0.0296866410115448,0.05717427157779,0.500824628916987
197273.411807,2554366.126422,0.442466507616076,0.0941457148100569,0,0.0104606349788952,0.0266103872270141,0.426316755367957
197773.411807,2554366.126422,0.558041445076105,0.00550155877498625,0,0.00421786172748946,0.00605171465248487,0.426187419768935
198273.411807,2554366.126422,0.616822429906542,0.000733003481766538,0,0.00623052959501558,0.00879604178119846,0.367417995235477
186273.411807,2553866.126422,0.378571428571429,0.0250915750915751,0,0.0633699633699634,0.0360805860805861,0.496886446886447
186773.411807,2553866.126422,0.42,0.0539449541284404,0.00036697247706422,0.0952293577981651,0.0544954128440367,0.375963302752294
187273.411807,2553866.126422,0.194643184736746,0.0869565217391304,0.000366905155017428,0.0418271876719868,0.0277013392038158,0.648504861493304
187773.411807,2553866.126422,0.453296703296703,0.0100732600732601,0,0.0518315018315018,0.0532967032967033,0.431501831501832
188273.411807,2553866.126422,0.583853211009174,0.00201834862385321,0,0.00403669724770642,0.00568807339449541,0.404403669724771
188773.411807,2553866.126422,0.737112456430013,0.001284168042561,0,0.000183452577508714,0.00476976701522656,0.256650155934691
189273.411807,2553866.126422,0.501282051282051,0.00860805860805861,0,0.010989010989011,0.0232600732600733,0.455860805860806
189773.411807,2553866.126422,0.609357798165138,0.00128440366972477,0,0.00422018348623853,0.00770642201834862,0.37743119266055
190273.411807,2553866.126422,0.521188772702256,0.00752155567785727,0,0.00532012474775271,0.0284351495138507,0.437534397358283
190773.411807,2553866.126422,0.623992673992674,0.00201465201465201,0.000549450549450549,0.00311355311355311,0.00128205128205128,0.369047619047619
191273.411807,2553866.126422,0.419082568807339,0.00917431192660551,0.00403669724770642,0.036697247706422,0.0240366972477064,0.50697247706422
191773.411807,2553866.126422,0.4778939644102,0.0183452577508714,0,0.00366905155017428,0.00421940928270042,0.495872317006054
192273.411807,2553866.126422,0.371428571428571,0.0331501831501832,0.0501831501831502,0.017032967032967,0.00402930402930403,0.524175824175824
192773.411807,2553866.126422,0.418532110091743,0.00715596330275229,0.00201834862385321,0.00935779816513761,0.0036697247706422,0.559266055045872
193273.411807,2553866.126422,0.44652357365621,0.0249495505411851,0.00752155567785727,0.0148596587782058,0.0143093010456797,0.491836360300862
193773.411807,2553866.126422,0.327289377289377,0.00934065934065934,0.00146520146520147,0.00824175824175824,0.00879120879120879,0.644871794871795
194273.411807,2553866.126422,0.560183486238532,0.00311926605504587,0,0.00293577981651376,0.00477064220183486,0.428990825688073
194773.411807,2553866.126422,0.47642634379013,0.0163272793982755,0.0157769216657494,0.00293524124013942,0.00440286186020914,0.484131352045496
195273.411807,2553866.126422,0.742857142857143,0.00531135531135531,0.000366300366300366,0.000915750915750916,0.00146520146520147,0.249084249084249
195773.411807,2553866.126422,0.909908256880734,0,0,0.00036697247706422,0.00036697247706422,0.0893577981651376
196273.411807,2553866.126422,0.50779673454412,0.111539167125298,0,0,0.0181618051733627,0.362502293157219
196773.411807,2553866.126422,0.351098901098901,0.112271062271062,0.00146520146520147,0.0250915750915751,0.0395604395604396,0.470512820512821
197273.411807,2553866.126422,0.333394495412844,0.0878899082568807,0.00055045871559633,0.011743119266055,0.0207339449541284,0.545688073394495
197773.411807,2553866.126422,0.692350027517887,0.00311869381764814,0,0.00110071546505228,0.00440286186020914,0.299027701339204
198273.411807,2553866.126422,0.534432234432234,0.00183150183150183,0,0.0126373626373626,0.0144688644688645,0.436630036630037
186273.411807,2553366.126422,0.477631096442978,0.0357535753575358,0,0.00238357169050238,0.0121012101210121,0.472130546387972
186773.411807,2553366.126422,0.553663003663004,0.0153846153846154,0,0.0216117216117216,0.013003663003663,0.396336996336996
187273.411807,2553366.126422,0.313186813186813,0.0551282051282051,0,0.0368131868131868,0.0562271062271062,0.538644688644689
187773.411807,2553366.126422,0.71983865053172,0,0,0.00256692335900257,0.00238357169050238,0.275210854418775
188273.411807,2553366.126422,0.812087912087912,0.000915750915750916,0,0.00201465201465201,0.00531135531135531,0.17967032967033
188773.411807,2553366.126422,0.872527472527473,0.000183150183150183,0,0,0.000183150183150183,0.127106227106227
189273.411807,2553366.126422,0.793179317931793,0.00366703337000367,0,0.000183351668500183,0.00421708837550422,0.198753208654199
189773.411807,2553366.126422,0.733333333333333,0.0197802197802198,0.00274725274725275,0.00549450549450549,0.0142857142857143,0.224358974358974
190273.411807,2553366.126422,0.46978021978022,0.0186813186813187,0,0.0249084249084249,0.0388278388278388,0.447802197802198
190773.411807,2553366.126422,0.598276494316098,0.013017968463513,0.000733406674000733,0.00293362669600293,0.0122845617895123,0.372753942060873
191273.411807,2553366.126422,0.439377289377289,0.00421245421245421,0.00238095238095238,0.0346153846153846,0.0305860805860806,0.488827838827839
191773.411807,2553366.126422,0.485897435897436,0.0184981684981685,0.000366300366300366,0.0285714285714286,0.013003663003663,0.453663003663004
192273.411807,2553366.126422,0.525302530253025,0.0454712137880455,0.124312431243124,0.0315364869820315,0.00256692335900257,0.270810414374771
192773.411807,2553366.126422,0.663003663003663,0.0789377289377289,0,0.000183150183150183,0.00201465201465201,0.255860805860806
193273.411807,2553366.126422,0.554395604395604,0.0108058608058608,0.000183150183150183,0.0043956043956044,0.00586080586080586,0.424358974358974
193773.411807,2553366.126422,0.309130913091309,0.0077007700770077,0.00788412174550788,0.013017968463513,0.015951595159516,0.646314631463146
194273.411807,2553366.126422,0.711355311355311,0,0,0.000366300366300366,0.0010989010989011,0.287179487179487
194773.411807,2553366.126422,0.753479853479853,0.000732600732600733,0,0.0010989010989011,0.000915750915750916,0.243772893772894
195273.411807,2553366.126422,0.405207187385405,0.0077007700770077,0.00055005500550055,0.000366703337000367,0.000733406674000733,0.585441877521085
195773.411807,2553366.126422,0.922527472527473,0,0,0,0,0.0774725274725275
196273.411807,2553366.126422,0.967216117216117,0,0,0,0,0.0327838827838828
196773.411807,2553366.126422,0.71965529886322,0.00128346167950128,0,0.00128346167950128,0.00165016501650165,0.276127612761276
197273.411807,2553366.126422,0.223992673992674,0.0335164835164835,0.00238095238095238,0.0256410256410256,0.0437728937728938,0.670695970695971
197773.411807,2553366.126422,0.456593406593407,0.034981684981685,0,0.0688644688644689,0.095970695970696,0.343589743589744
198273.411807,2553366.126422,0.561056105610561,0.113127979464613,0,0.00513384671800513,0.0287862119545288,0.291895856252292
186273.411807,2552866.126422,0.384643577056991,0.0141103170240059,0,0.0161260765988638,0.0205240974894631,0.564595931830676
186773.411807,2552866.126422,0.53110662506882,0.0546889337493118,0,0.0159662323362085,0.0106441548908057,0.387594053954854
187273.411807,2552866.126422,0.375022923161562,0.129470016504676,0,0.0667522464698331,0.0317256556024207,0.397029158261507
187773.411807,2552866.126422,0.887117463807953,0.000549752611324904,0,0.000549752611324904,0.000733003481766538,0.111050027487631
188273.411807,2552866.126422,0.754633877775739,0.000550559735731327,0,0.000183519911910442,0.00311983850247752,0.241512204074142
188773.411807,2552866.126422,0.899138089125252,0,0,0,0,0.100861910874748
189273.411807,2552866.126422,0.706981858163826,0.0108118013560564,0,0.00128275609309144,0.000733003481766538,0.280190580905259
189773.411807,2552866.126422,0.510735914846761,0.0473481372728941,0,0.00367039823820885,0.0108276748027161,0.42741787483942
190273.411807,2552866.126422,0.523381624793692,0.0289748762149276,0,0.0161379057399597,0.0322758114799193,0.399229781771502
190773.411807,2552866.126422,0.420560747663551,0.0225398570643211,0.000916254352208173,0.0199743448781382,0.0249221183800623,0.511086677661719
191273.411807,2552866.126422,0.612038906221325,0.0251422279317306,0.0222059093411635,0.0187190310148651,0.0198201504863278,0.302073775004588
191773.411807,2552866.126422,0.430405281496424,0.0170548322024574,0.0383275261324042,0.066385475884834,0.0388776820099028,0.408949202273978
192273.411807,2552866.126422,0.417811984606927,0.18948140003665,0.0696353307678211,0.0273043796958036,0.0223566061938794,0.273410298698919
192773.411807,2552866.126422,0.569095246834281,0.109010827674803,0,0.0106441548908057,0.0282620664342081,0.282987704165902
193273.411807,2552866.126422,0.797175866495507,0.000916926462497708,0,0.00110031175499725,0.00128369704749679,0.199523198239501
193773.411807,2552866.126422,0.574857980575408,0.00714678394722375,0.00348176653839106,0.00439802089059923,0.0089792926516401,0.401136155396738
194273.411807,2552866.126422,0.795375298219857,0.00293631859056708,0.000734079647641769,0.000917599559552211,0.00238575885483575,0.197650945127546
194773.411807,2552866.126422,0.79185769301302,0.00183385292499542,0.00110031175499725,0.00165046763249587,0.00275077938749312,0.200806895286998
195273.411807,2552866.126422,0.368700751328569,0.0174088326919553,0.00109950522264981,0.00146600696353308,0.00824628916987356,0.603078614623419
195773.411807,2552866.126422,0.812626169939438,0.00110111947146265,0,0.000550559735731327,0.000183519911910442,0.185538630941457
196273.411807,2552866.126422,0.927012653585182,0,0,0,0,0.0729873464148175
196773.411807,2552866.126422,0.554517133956386,0,0,0.0042147700201576,0.00201575957485798,0.439252336448598
197273.411807,2552866.126422,0.330519361350707,0.0557900532207745,0.00807487612405946,0.0519361350706552,0.0524866948063865,0.501192879427418
197773.411807,2552866.126422,0.209242618741977,0.079589216944801,0.00275077938749312,0.178617274894553,0.0885750962772786,0.441225013753897
198273.411807,2552866.126422,0.363752977826645,0.120945574491479,0.000733003481766538,0.078248121678578,0.0868609125893348,0.349459409932197
186273.411807,2552366.126422,0.275091575091575,0.0793040293040293,0,0.0794871794871795,0.0509157509157509,0.515201465201465
186773.411807,2552366.126422,0.640550458715596,0.0519266055045872,0,0.0223853211009174,0.0227522935779817,0.262385321100917
187273.411807,2552366.126422,0.89873417721519,0.001284168042561,0,0.00366905155017428,0.00146762062006971,0.0948449825720051
187773.411807,2552366.126422,0.808241758241758,0.00238095238095238,0,0.00183150183150183,0.00567765567765568,0.181868131868132
188273.411807,2552366.126422,0.732477064220183,0.00990825688073394,0.02,0.0143119266055046,0.0247706422018349,0.198532110091743
188773.411807,2552366.126422,0.728673637864612,0.00146762062006971,0,0.00770500825536599,0.0135754907356448,0.248578242524307
189273.411807,2552366.126422,0.575091575091575,0.00311355311355311,0,0.00842490842490842,0.0142857142857143,0.399084249084249
189773.411807,2552366.126422,0.791926605504587,0.00532110091743119,0.00018348623853211,0.00146788990825688,0.00788990825688073,0.193211009174312
190273.411807,2552366.126422,0.52504127682994,0.0306365804439552,0,0.00752155567785727,0.0161438268207668,0.420656760227481
190773.411807,2552366.126422,0.626007326007326,0.00622710622710623,0,0.0195970695970696,0.0380952380952381,0.31007326007326
191273.411807,2552366.126422,0.649174311926605,0.00440366972477064,0,0.00715596330275229,0.0073394495412844,0.331926605504587
191773.411807,2552366.126422,0.439552375710879,0.00825536598789213,0.00348559897266557,0.00623738763529628,0.00898917629792699,0.53348009539534
192273.411807,2552366.126422,0.641391941391941,0.0492673992673993,0.000366300366300366,0.000183150183150183,0.000549450549450549,0.308241758241758
192773.411807,2552366.126422,0.367706422018349,0.0515596330275229,0.0207339449541284,0.00477064220183486,0.0055045871559633,0.549724770642202
193273.411807,2552366.126422,0.93432397725188,0,0,0,0,0.0656760227481196
193773.411807,2552366.126422,0.92967032967033,0,0,0,0,0.0703296703296703
194273.411807,2552366.126422,0.744036697247706,0.0104587155963303,0.0376146788990826,0.00605504587155963,0.0154128440366972,0.186422018348624
194773.411807,2552366.126422,0.913777288570904,0,0,0,0,0.0862227114290956
195273.411807,2552366.126422,0.772527472527473,0.00476190476190476,0.000915750915750916,0.000366300366300366,0.00366300366300366,0.217765567765568
195773.411807,2552366.126422,0.600366972477064,0.00844036697247706,0.00293577981651376,0.00422018348623853,0.00458715596330275,0.379449541284404
196273.411807,2552366.126422,0.536965694368006,0.0185287103283801,0.00238488350761328,0.002568336085122,0.00550357732526142,0.434048798385617
196773.411807,2552366.126422,0.388461538461538,0.00622710622710623,0.000732600732600733,0.0265567765567766,0.0344322344322344,0.543589743589744
197273.411807,2552366.126422,0.284587155963303,0.0214678899082569,0.00146788990825688,0.0176146788990826,0.0315596330275229,0.643302752293578
197773.411807,2552366.126422,0.367088607594937,0.0150431113557145,0.00110071546505228,0.0568702990277013,0.0449458814896349,0.51495138506696
198273.411807,2552366.126422,0.406043956043956,0.0626373626373626,0.00897435897435897,0.0291208791208791,0.0168498168498168,0.476373626373626
186273.411807,2551866.126422,0.418958562522919,0.0485881921525486,0,0.0768243491015768,0.0663733039970664,0.389255592225889
186773.411807,2551866.126422,0.233699633699634,0.0653846153846154,0,0.0879120879120879,0.0663003663003663,0.546703296703297
187273.411807,2551866.126422,0.546153846153846,0.0534798534798535,0,0.00915750915750916,0.00769230769230769,0.383516483516484
187773.411807,2551866.126422,0.808397506417308,0.00201686835350202,0,0.0174184085075174,0.0124679134580125,0.15969930326366
188273.411807,2551866.126422,0.814285714285714,0.00293040293040293,0,0.0032967032967033,0.00347985347985348,0.176007326007326
188773.411807,2551866.126422,0.817582417582418,0.000366300366300366,0,0.00366300366300366,0.0021978021978022,0.176190476190476
189273.411807,2551866.126422,0.588742207554089,0.00531719838650532,0.000183351668500183,0.0135680234690136,0.0139347268060139,0.378254492115878
189773.411807,2551866.126422,0.459157509157509,0.0168498168498168,0,0.0692307692307692,0.0595238095238095,0.395238095238095
190273.411807,2551866.126422,0.822893772893773,0.0452380952380952,0,0.000366300366300366,0.00531135531135531,0.126190476190476
190773.411807,2551866.126422,0.486431976530986,0.00495049504950495,0.00495049504950495,0.0324532453245325,0.0324532453245325,0.438760542720939
