"x","y","forest","agri","water","built","other","grass"
262773.411807,2626866.126422,0.887003938200545,0.0436231445016662,0,0.000605877006967586,0.0042411390487731,0.0645259012420479
263273.411807,2626866.126422,0.755677655677656,0.0368131868131868,0,0.000183150183150183,0.00146520146520147,0.205860805860806
263773.411807,2626866.126422,0.633699633699634,0.000915750915750916,0,0.0010989010989011,0.00274725274725275,0.361538461538462
264273.411807,2626866.126422,0.541070773744041,0.0474880821415475,0.115694902823616,0.146864686468647,0.0282361569490282,0.120645397873121
264773.411807,2626866.126422,0.475274725274725,0.0787545787545788,0.0481684981684982,0.095970695970696,0.0232600732600733,0.278571428571429
265273.411807,2626866.126422,0.221978021978022,0.034981684981685,0.000549450549450549,0.0184981684981685,0.0287545787545788,0.695238095238095
265773.411807,2626866.126422,0.322698936560323,0.0185185185185185,0,0.00458379171250458,0.0187018701870187,0.635496883021636
266273.411807,2626866.126422,0.569047619047619,0.0142857142857143,0,0.0021978021978022,0.00256410256410256,0.411904761904762
266773.411807,2626866.126422,0.765384615384615,0.00256410256410256,0,0,0.00274725274725275,0.229304029304029
267273.411807,2626866.126422,0.911624495782912,0,0,0.000733406674000733,0.000183351668500183,0.0874587458745875
267773.411807,2626866.126422,0.975824175824176,0,0,0,0,0.0241758241758242
268273.411807,2626866.126422,0.975457875457875,0,0,0,0,0.0245421245421245
268773.411807,2626866.126422,0.936560322698937,0.00641730839750642,0,0.000733406674000733,0.00165016501650165,0.0546387972130546
269273.411807,2626866.126422,0.916300366300366,0.00476190476190476,0,0.000732600732600733,0.000915750915750916,0.0772893772893773
269773.411807,2626866.126422,0.993772893772894,0,0,0,0,0.00622710622710623
270273.411807,2626866.126422,0.904840484048405,0.00403373670700403,0,0.0122845617895123,0.00568390172350568,0.0731573157315732
270773.411807,2626866.126422,0.787362637362637,0.0360805860805861,0,0.00677655677655678,0.0142857142857143,0.155494505494505
271273.411807,2626866.126422,0.875091575091575,0.00512820512820513,0,0.000915750915750916,0.0021978021978022,0.116666666666667
271773.411807,2626866.126422,0.915291529152915,0.0366703337000367,0,0,0.000183351668500183,0.0478547854785479
272273.411807,2626866.126422,0.85018315018315,0.00347985347985348,0,0.00128205128205128,0.00347985347985348,0.141575091575092
272773.411807,2626866.126422,0.781501831501832,0.00622710622710623,0,0.00805860805860806,0.00641025641025641,0.197802197802198
273273.411807,2626866.126422,0.652181884855152,0.00476714338100477,0,0,0,0.343050971763843
273773.411807,2626866.126422,0.338644688644689,0,0,0,0,0.661355311355311
274273.411807,2626866.126422,0.21996336996337,0.00201465201465201,0,0,0,0.778021978021978
274773.411807,2626866.126422,0.0372203887055372,0.00165016501650165,0,0.00183351668500183,0.00293362669600293,0.956362302896956
275273.411807,2626866.126422,0.0473568281938326,0.00183553597650514,0,0,0.000367107195301028,0.950440528634361
262773.411807,2626366.126422,0.451515151515152,0.0187878787878788,0,0.00272727272727273,0.0172727272727273,0.50969696969697
263273.411807,2626366.126422,0.395118370343182,0.044411818682327,0,0.00734079647641769,0.0178014314553129,0.53532758304276
263773.411807,2626366.126422,0.627727856225931,0.0289748762149276,0,0.000550155877498625,0.000550155877498625,0.342196955804144
264273.411807,2626366.126422,0.622136705149349,0.0201575957485798,0.126992853216053,0.114715044896463,0.0104452996151732,0.105552501374382
264773.411807,2626366.126422,0.334373279500826,0.0855202789502661,0.249954120022022,0.17030647825289,0.0341347036153423,0.125711139658653
265273.411807,2626366.126422,0.274344397579314,0.0957271226847607,0.0645516229598386,0.0823399963322941,0.0445626260773886,0.438474234366404
265773.411807,2626366.126422,0.148616455928166,0.120395821880154,0.0602895363752978,0.0899761773868426,0.0711013377313542,0.509620670698186
266273.411807,2626366.126422,0.188658469443935,0.113415305560653,0.0165167920719398,0.0225729491649844,0.0179849513672233,0.640851532391264
266773.411807,2626366.126422,0.502659086741243,0.000183385292499542,0,0,0,0.497157527966257
267273.411807,2626366.126422,0.91148982957669,0.00109950522264981,0,0,0,0.0874106652006597
267773.411807,2626366.126422,0.928060194531107,0.00238575885483575,0,0.000367039823820885,0.000734079647641769,0.068452927142595
268273.411807,2626366.126422,0.97615991197506,0.000183385292499542,0,0,0,0.0236567027324409
268773.411807,2626366.126422,0.925600146600696,0.00604727872457394,0,0.000733003481766538,0.00146600696353308,0.0661535642294301
269273.411807,2626366.126422,0.943292347219673,0.00532207744540283,0,0.00165167920719398,0.0034868783262984,0.0462470178014315
269773.411807,2626366.126422,0.959105079772602,0.00348432055749129,0,0.00110031175499725,0.00128369704749679,0.0350265908674124
270273.411807,2626366.126422,0.983324170789811,0,0,0,0,0.0166758292101887
270773.411807,2626366.126422,0.96678289594421,0.00422095797394017,0,0.000367039823820885,0.000734079647641769,0.0278950266103872
271273.411807,2626366.126422,0.988263341280029,0.00403447643498991,0,0,0,0.00770218228498074
271773.411807,2626366.126422,0.938794209272494,0,0,0,0,0.061205790727506
272273.411807,2626366.126422,0.926775555147734,0.00256927876674619,0,0,0,0.0706551660855203
272773.411807,2626366.126422,0.867779204107831,0.00880249403997799,0,0,0,0.123418301852191
273273.411807,2626366.126422,0.520982224665567,0.0122778083195895,0,0,0,0.466739967014843
273773.411807,2626366.126422,0.216737015966232,0.000734079647641769,0,0,0,0.782528904386126
274273.411807,2626366.126422,0.517329910141207,0.0150375939849624,0,0.000366770584999083,0.000183385292499542,0.467082339996332
274773.411807,2626366.126422,0.409565695437053,0.000916254352208173,0,0,0,0.589518050210739
275273.411807,2626366.126422,0.358403824935638,0.068407502758367,0.000183891136447223,0.00183891136447223,0.00422949613828613,0.566936373666789
262773.411807,2625866.126422,0.276801938219261,0.00302846759539673,0,0.000302846759539673,0,0.719866747425803
263273.411807,2625866.126422,0.453761467889908,0.0229357798165138,0,0.0346788990825688,0.0539449541284404,0.434678899082569
263773.411807,2625866.126422,0.596771234635847,0.00183452577508714,0,0.00091726288754357,0.00513667217024399,0.395340304531279
264273.411807,2625866.126422,0.728571428571429,0.000915750915750916,0,0,0,0.27051282051282
264773.411807,2625866.126422,0.698348623853211,0.00788990825688073,0.00018348623853211,0.00880733944954129,0.00568807339449541,0.279082568807339
265273.411807,2625866.126422,0.684645019262521,0.0462300495321959,0.0260502660062374,0.021830856723537,0.00476976701522656,0.216474041460283
265773.411807,2625866.126422,0.261355311355311,0.0802197802197802,0.266483516483516,0.0921245421245421,0.0467032967032967,0.253113553113553
266273.411807,2625866.126422,0.248990825688073,0.129357798165138,0.226422018348624,0.043302752293578,0.0256880733944954,0.326238532110092
266773.411807,2625866.126422,0.648688314070813,0.0133920381581361,0.0519170794349661,0.017978352595854,0.0168776371308017,0.251146578609429
267273.411807,2625866.126422,0.889010989010989,0.00641025641025641,0,0.00402930402930403,0.00677655677655678,0.0937728937728938
267773.411807,2625866.126422,0.951192660550459,0.0102752293577982,0,0,0,0.0385321100917431
268273.411807,2625866.126422,0.968996514401027,0.000550357732526142,0,0.00110071546505228,0.00311869381764814,0.0262337185837461
268773.411807,2625866.126422,0.934798534798535,0.0135531135531136,0.00164835164835165,0.00695970695970696,0.00457875457875458,0.0384615384615385
269273.411807,2625866.126422,0.881467889908257,0.0148623853211009,0.00165137614678899,0.00385321100917431,0.0119266055045872,0.0862385321100917
269773.411807,2625866.126422,0.958723170060539,0.0091726288754357,0,0,0,0.032104201064025
270273.411807,2625866.126422,0.966117216117216,0.0102564102564103,0,0.000549450549450549,0.00164835164835165,0.0214285714285714
270773.411807,2625866.126422,0.980366972477064,0,0,0,0,0.0196330275229358
271273.411807,2625866.126422,0.955604476242891,0.000550357732526142,0,0,0,0.0438451660245826
271773.411807,2625866.126422,0.931501831501832,0.00457875457875458,0,0,0.000915750915750916,0.063003663003663
272273.411807,2625866.126422,0.904954128440367,0.0256880733944954,0,0.00110091743119266,0.00146788990825688,0.0667889908256881
272773.411807,2625866.126422,0.842414235920015,0.028251696936342,0,0,0,0.129334067143643
273273.411807,2625866.126422,0.668498168498168,0.00769230769230769,0,0,0,0.323809523809524
273773.411807,2625866.126422,0.295779816513761,0.0256880733944954,0,0.00220183486238532,0.000917431192660551,0.675412844036697
274273.411807,2625866.126422,0.478260869565217,0.00110071546505228,0,0,0,0.52063841496973
274773.411807,2625866.126422,0.745054945054945,0.0293040293040293,0.000183150183150183,0,0.000732600732600733,0.224725274725275
275273.411807,2625866.126422,0.837837837837838,0.0299687442544585,0,0,0,0.132193417907704
262773.411807,2625366.126422,0.480157528021812,0.0212056952438655,0,0.00181763102090276,0.00454407755225689,0.492275068161163
263273.411807,2625366.126422,0.84047619047619,0.00714285714285714,0,0.00512820512820513,0.00787545787545788,0.139377289377289
263773.411807,2625366.126422,0.716300366300366,0.039010989010989,0.000549450549450549,0.00238095238095238,0.00641025641025641,0.235347985347985
264273.411807,2625366.126422,0.468463513017968,0.103410341034103,0,0.00201686835350202,0.00385038503850385,0.422258892555922
264773.411807,2625366.126422,0.547252747252747,0.0294871794871795,0,0.00421245421245421,0.00238095238095238,0.416666666666667
265273.411807,2625366.126422,0.311538461538462,0.01996336996337,0.423626373626374,0.11959706959707,0.0243589743589744,0.100915750915751
265773.411807,2625366.126422,0.361019435276861,0.117528419508618,0.191419141914191,0.0594059405940594,0.0265859919325266,0.244041070773744
266273.411807,2625366.126422,0.397985347985348,0.0450549450549451,0.0346153846153846,0.0366300366300366,0.0141025641025641,0.471611721611722
266773.411807,2625366.126422,0.635714285714286,0.0296703296703297,0.00146520146520147,0.00274725274725275,0.00879120879120879,0.321611721611722
267273.411807,2625366.126422,0.91969196919692,0.00733406674000733,0,0.000183351668500183,0.000366703337000367,0.0724239090575724
267773.411807,2625366.126422,0.966849816849817,0,0,0,0,0.0331501831501832
268273.411807,2625366.126422,1,0,0,0,0,0
268773.411807,2625366.126422,0.897689768976898,0.024019068573524,0,0.00971763843050972,0.0117345067840117,0.0568390172350568
269273.411807,2625366.126422,0.845238095238095,0.034981684981685,0.000366300366300366,0.00183150183150183,0.0021978021978022,0.115384615384615
269773.411807,2625366.126422,0.904212454212454,0,0,0.000549450549450549,0.000183150183150183,0.0950549450549451
270273.411807,2625366.126422,0.816831683168317,0.026952695269527,0,0.0273193986065273,0.0113678034470114,0.117528419508618
270773.411807,2625366.126422,0.964468864468864,0.0021978021978022,0,0,0.000183150183150183,0.0331501831501832
271273.411807,2625366.126422,0.952380952380952,0.010989010989011,0,0,0,0.0366300366300366
271773.411807,2625366.126422,0.965713237990466,0.0066006600660066,0,0,0,0.0276861019435277
272273.411807,2625366.126422,0.8996336996337,0.00695970695970696,0,0,0,0.0934065934065934
272773.411807,2625366.126422,0.864468864468865,0.0141025641025641,0,0,0,0.121428571428571
273273.411807,2625366.126422,0.53006967363403,0.000916758342500917,0,0,0,0.469013568023469
273773.411807,2625366.126422,0.278388278388278,0.0223443223443223,0,0,0,0.699267399267399
274273.411807,2625366.126422,0.401282051282051,0.00256410256410256,0,0,0,0.596153846153846
274773.411807,2625366.126422,0.286028602860286,0.00275027502750275,0,0,0.000183351668500183,0.711037770443711
275273.411807,2625366.126422,0.701725403817915,0.0282672540381791,0,0.000550660792951542,0.000734214390602056,0.268722466960352
262773.411807,2624866.126422,0.33030303030303,0.117575757575758,0.155454545454545,0.196666666666667,0.0463636363636364,0.153636363636364
263273.411807,2624866.126422,0.692053587814278,0.110295467058176,0.026977427050835,0.0121123141860892,0.0183519911910442,0.140209212699578
263773.411807,2624866.126422,0.590500641848524,0.0364936732074088,0,0.00348432055749129,0.00311754997249221,0.366403814414084
264273.411807,2624866.126422,0.468938977460143,0.0273043796958036,0,0.0196078431372549,0.0142935678944475,0.469855231812351
264773.411807,2624866.126422,0.586896678289594,0.000367039823820885,0,0,0.000367039823820885,0.412369242062764
265273.411807,2624866.126422,0.947185035760132,0,0,0,0,0.052814964239868
265773.411807,2624866.126422,0.103719992669965,0.0879604178119846,0.507055158512003,0.184350375664284,0.0214403518416712,0.0954737035000916
266273.411807,2624866.126422,0.237658285924023,0.123325380803817,0.2864745824922,0.10387227014131,0.0313819049366856,0.217287575701964
266773.411807,2624866.126422,0.435173299101412,0.0850907757197873,0.10819732257473,0.0172382174949569,0.0392444525949019,0.315055932514212
267273.411807,2624866.126422,0.831775700934579,0.015026571376214,0.000183250870441635,0.00696353307678211,0.00879604178119846,0.137254901960784
267773.411807,2624866.126422,0.908974123692421,0.0242246283721784,0,0.000734079647641769,0.00220223894292531,0.0638649293448339
268273.411807,2624866.126422,0.963506326792591,0,0,0.000183385292499542,0.000366770584999083,0.0359435173299101
268773.411807,2624866.126422,0.796408282939344,0.0315191497159611,0.000366501740883269,0.0104452996151732,0.00916254352208173,0.152098222466557
269273.411807,2624866.126422,0.857588548357497,0.0251422279317306,0.00201871903101487,0.00183519911910442,0.00605615709304459,0.107359148467609
269773.411807,2624866.126422,0.816614707500459,0.0662020905923345,0,0.00275077938749312,0.004401247019989,0.110031175499725
270273.411807,2624866.126422,0.885834707714862,0.000549752611324904,0,0,0,0.113615539673813
270773.411807,2624866.126422,0.832079280601945,0.00513855753349238,0,0,0,0.162782161864562
271273.411807,2624866.126422,0.932514212360169,0.00311754997249221,0,0,0,0.0643682376673391
271773.411807,2624866.126422,0.891515484698552,0.0042147700201576,0,0.00146600696353308,0.00164925783397471,0.101154480483782
272273.411807,2624866.126422,0.897595889153973,0.000183519911910442,0,0,0,0.102220590934116
272773.411807,2624866.126422,0.845039427837887,0.0122868145974693,0,0.000183385292499542,0.000550155877498625,0.141940216394645
273273.411807,2624866.126422,0.699102070734836,0.00403151914971596,0,0,0,0.296866410115448
273773.411807,2624866.126422,0.503945678106074,0.0113782345384474,0.00734079647641769,0.0209212699577904,0.0251422279317306,0.431271792989539
274273.411807,2624866.126422,0.251788006601871,0.0891252521547772,0,0.000183385292499542,0.000916926462497708,0.657986429488355
274773.411807,2624866.126422,0.579989004947774,0.00842954004031519,0,0,0,0.411581455011911
275273.411807,2624866.126422,0.540456050018389,0.0216991541007723,0,0,0,0.437844795880839
262773.411807,2624366.126422,0.725015142337977,0.0808600847970927,0.0687462144155058,0.0738946093276802,0.00908540278619019,0.0423985463355542
263273.411807,2624366.126422,0.678899082568807,0.0788990825688073,0,0.0128440366972477,0.0190825688073394,0.210275229357798
263773.411807,2624366.126422,0.361034672537149,0.0869565217391304,0.0361401577692167,0.096862960924601,0.0251330031186938,0.393872683911209
264273.411807,2624366.126422,0.503296703296703,0.0186813186813187,0,0.015018315018315,0.0221611721611722,0.440842490842491
264773.411807,2624366.126422,0.347889908256881,0.0477064220183486,0,0.0592660550458716,0.0678899082568807,0.477247706422018
265273.411807,2624366.126422,0.736195193542469,0.0137589433131535,0,0.00275178866263071,0.00587048248027885,0.241423592001468
265773.411807,2624366.126422,0.571062271062271,0.0159340659340659,0.00934065934065934,0.0166666666666667,0.0135531135531136,0.373443223443223
266273.411807,2624366.126422,0.271743119266055,0.121467889908257,0.312660550458716,0.0598165137614679,0.0174311926605505,0.216880733944954
266773.411807,2624366.126422,0.682076683177399,0.0188956154833975,0.00697119794533113,0.001284168042561,0.00495321959273528,0.285819115758576
267273.411807,2624366.126422,0.842857142857143,0.0450549450549451,0,0.0043956043956044,0.00567765567765568,0.102014652014652
267773.411807,2624366.126422,0.920733944954128,0.00605504587155963,0.00055045871559633,0.00330275229357798,0.00440366972477064,0.064954128440367
268273.411807,2624366.126422,0.966244725738397,0.00165107319757843,0,0,0,0.032104201064025
268773.411807,2624366.126422,0.909157509157509,0.0402930402930403,0.000915750915750916,0.00293040293040293,0.00256410256410256,0.0441391941391941
269273.411807,2624366.126422,0.874678899082569,0.00348623853211009,0,0.00018348623853211,0.00036697247706422,0.121284403669725
269773.411807,2624366.126422,0.828104934874335,0.0412768299394606,0.00293524124013942,0.00880572372041827,0.00715465052283985,0.111722619702807
270273.411807,2624366.126422,0.897435897435897,0.0373626373626374,0.000183150183150183,0.000549450549450549,0.0021978021978022,0.0622710622710623
270773.411807,2624366.126422,0.95651376146789,0.0267889908256881,0,0,0.00036697247706422,0.0163302752293578
271273.411807,2624366.126422,0.984589983489268,0.00220143093010457,0,0,0,0.0132085855806274
271773.411807,2624366.126422,0.947069597069597,0,0,0,0,0.0529304029304029
272273.411807,2624366.126422,0.945504587155963,0,0,0,0,0.0544954128440367
272773.411807,2624366.126422,0.973582828838745,0,0,0,0,0.0264171711612548
273273.411807,2624366.126422,0.673809523809524,0.00384615384615385,0,0.0155677655677656,0.0168498168498168,0.28992673992674
273773.411807,2624366.126422,0.811192660550459,0.00311926605504587,0,0,0.00018348623853211,0.185504587155963
274273.411807,2624366.126422,0.318473674555127,0.00348559897266557,0,0,0,0.678040726472207
274773.411807,2624366.126422,0.723992673992674,0.00879120879120879,0,0,0,0.267216117216117
275273.411807,2624366.126422,0.753447324875896,0.00018385732671447,0,0.000367714653428939,0,0.24600110314396
262773.411807,2623866.126422,0.860648288397455,0.0899727355346865,0.000908815510451378,0.00514995455922448,0.00787640109057861,0.0354438049076038
263273.411807,2623866.126422,0.952197802197802,0.0434065934065934,0,0,0,0.0043956043956044
263773.411807,2623866.126422,0.713736263736264,0.0858974358974359,0.000183150183150183,0.041025641025641,0.0252747252747253,0.133882783882784
264273.411807,2623866.126422,0.288412174550788,0.079024569123579,0.189402273560689,0.146314631463146,0.0363036303630363,0.260542720938761
264773.411807,2623866.126422,0.33003663003663,0.118315018315018,0.0456043956043956,0.0606227106227106,0.0274725274725275,0.417948717948718
265273.411807,2623866.126422,0.447435897435897,0.105860805860806,0.0318681318681319,0.0223443223443223,0.0183150183150183,0.374175824175824
265773.411807,2623866.126422,0.600843417675101,0.130729739640631,0.0229189585625229,0.00348368170150348,0.00513384671800513,0.236890355702237
266273.411807,2623866.126422,0.657142857142857,0.135714285714286,0.0642857142857143,0.0175824175824176,0.00677655677655678,0.118498168498168
266773.411807,2623866.126422,0.89010989010989,0.00714285714285714,0,0,0.00146520146520147,0.101282051282051
267273.411807,2623866.126422,0.791162449578291,0.0594059405940594,0,0.00586725339200587,0.00861752841950862,0.134946828016135
267773.411807,2623866.126422,0.809157509157509,0.0443223443223443,0.032967032967033,0.0111721611721612,0.00274725274725275,0.0996336996336996
268273.411807,2623866.126422,0.953663003663004,0,0,0,0,0.0463369963369963
268773.411807,2623866.126422,0.918775210854419,0,0,0,0,0.0812247891455812
269273.411807,2623866.126422,0.729120879120879,0.0148351648351648,0.00384615384615385,0.0133699633699634,0.0021978021978022,0.236630036630037
269773.411807,2623866.126422,0.458974358974359,0.0679487179487179,0.146336996336996,0.0412087912087912,0.015018315018315,0.27051282051282
270273.411807,2623866.126422,0.51008434176751,0.0742574257425743,0.195636230289696,0.0243857719105244,0.0256692335900257,0.16996699669967
270773.411807,2623866.126422,0.92014652014652,0.00293040293040293,0,0.000183150183150183,0.00311355311355311,0.0736263736263736
271273.411807,2623866.126422,0.958974358974359,0.000549450549450549,0,0,0,0.0404761904761905
271773.411807,2623866.126422,0.92024202420242,0.000366703337000367,0,0.0022002200220022,0.00128346167950128,0.0759075907590759
272273.411807,2623866.126422,0.856410256410256,0.00842490842490842,0.000183150183150183,0.0106227106227106,0.013003663003663,0.111355311355311
272773.411807,2623866.126422,0.906959706959707,0.0108058608058608,0,0.0010989010989011,0.00238095238095238,0.0787545787545788
273273.411807,2623866.126422,0.87037037037037,0.00971763843050972,0,0.0066006600660066,0.0157682434910158,0.0975430876420975
273773.411807,2623866.126422,0.73021978021978,0.0164835164835165,0,0.00769230769230769,0.00677655677655678,0.238827838827839
274273.411807,2623866.126422,0.712637362637363,0.000183150183150183,0,0,0,0.287179487179487
274773.411807,2623866.126422,0.88998899889989,0.0139347268060139,0,0,0,0.0960762742940961
275273.411807,2623866.126422,0.556718061674009,0.0346916299559471,0,0.0321218795888399,0.0334067547723935,0.343061674008811
262773.411807,2623366.126422,0.977878787878788,0.00363636363636364,0,0,0,0.0184848484848485
263273.411807,2623366.126422,0.964397137089374,0.00807487612405946,0,0,0,0.0275279867865663
263773.411807,2623366.126422,0.655052264808362,0.0445626260773886,0,0.00806895286997983,0.00586832935998533,0.286447826884284
264273.411807,2623366.126422,0.585486531061023,0.0491112332783581,0.0628550485614807,0.0350009162543522,0.0249221183800623,0.242624152464724
264773.411807,2623366.126422,0.723986052486695,0.0739585244999082,0,0.000367039823820885,0.00201871903101487,0.199669664158561
265273.411807,2623366.126422,0.523748395378691,0.133504492939666,0.102512378507244,0.0366770584999083,0.00385109114249037,0.199706583532001
265773.411807,2623366.126422,0.476635514018692,0.0859446582371266,0.0241891148982958,0.0181418361737218,0.0119113065787062,0.383177570093458
266273.411807,2623366.126422,0.553863094145715,0.0216553496054322,0,0.0133969535694623,0.011194714626537,0.399889888052854
266773.411807,2623366.126422,0.942233632862644,0,0,0,0.000916926462497708,0.0568494406748579
267273.411807,2623366.126422,0.767637896280007,0.0397654388858347,0.000549752611324904,0.00439802089059923,0.00623052959501558,0.181418361737218
267773.411807,2623366.126422,0.677371994861443,0.0541383740135805,0.00495503762158194,0.0445953385942375,0.0159662323362085,0.202973022572949
268273.411807,2623366.126422,0.909957821382725,0.0075187969924812,0.00366770584999083,0.00256739409499358,0.00201723821749496,0.0742710434623143
268773.411807,2623366.126422,0.898845519516218,0.000183250870441635,0,0.000549752611324904,0.000916254352208173,0.0995052226498076
269273.411807,2623366.126422,0.583776839787117,0.0625802899614608,0.0653330886401175,0.0934116351624151,0.0267939071389246,0.168104239309965
269773.411807,2623366.126422,0.471483587016321,0.0962772785622593,0.150742710434623,0.0586832935998533,0.0399779937649001,0.182835136622043
270273.411807,2623366.126422,0.57962250320689,0.0604727872457394,0.0119113065787062,0.0579072750595565,0.0225398570643211,0.267546270844786
270773.411807,2623366.126422,0.830427601394751,0.0150486327766563,0,0.00256927876674619,0.00513855753349238,0.146815929528354
271273.411807,2623366.126422,0.889968824500275,0.00311754997249221,0,0,0.000183385292499542,0.106730240234733
271773.411807,2623366.126422,0.926882902693788,0.000366501740883269,0,0,0,0.0727505955653289
272273.411807,2623366.126422,0.869150302807855,0.009543035419343,0,0.0152321526885667,0.012846393833731,0.0932281152505047
272773.411807,2623366.126422,0.926279112415184,0.00311754997249221,0,0,0,0.0706033376123235
273273.411807,2623366.126422,0.973978376397288,0,0,0,0,0.0260216236027121
273773.411807,2623366.126422,0.82969352174711,0,0,0,0,0.17030647825289
274273.411807,2623366.126422,0.689528699798276,0.0227397762699432,0,0,0,0.287731523931781
274773.411807,2623366.126422,0.698369067253069,0.00568077698369067,0,0,0,0.29595015576324
275273.411807,2623366.126422,0.492276572269217,0.0268481059212946,0,0.00110334681868334,0.0023905847738139,0.477381390216992
262773.411807,2622866.126422,0.975166565717747,0,0,0,0,0.0248334342822532
263273.411807,2622866.126422,0.957064220183486,0,0,0,0,0.0429357798165138
263773.411807,2622866.126422,0.837644468904788,0.00220143093010457,0,0.000366905155017428,0.00146762062006971,0.15831957439002
264273.411807,2622866.126422,0.517399267399267,0.00989010989010989,0.013003663003663,0.0104395604395604,0.00421245421245421,0.445054945054945
264773.411807,2622866.126422,0.717247706422018,0.0611009174311927,0.0880733944954128,0.00880733944954129,0.00348623853211009,0.121284403669725
265273.411807,2622866.126422,0.737112456430013,0.0515501742799486,0,0,0,0.211337369290039
265773.411807,2622866.126422,0.465201465201465,0.0357142857142857,0.00347985347985348,0.0637362637362637,0.043040293040293,0.388827838827839
266273.411807,2622866.126422,0.631009174311927,0.0322935779816514,0.0926605504587156,0.0324770642201835,0.0139449541284404,0.197614678899083
266773.411807,2622866.126422,0.863511282333517,0.0139423958906623,0,0,0,0.122546321775821
267273.411807,2622866.126422,0.806043956043956,0.0408424908424908,0.000183150183150183,0.000549450549450549,0.00183150183150183,0.150549450549451
267773.411807,2622866.126422,0.784220183486239,0.0719266055045872,0.0244036697247706,0.00880733944954129,0.00256880733944954,0.108073394495413
268273.411807,2622866.126422,0.755641166758393,0.0454962392221611,0.0693450742982939,0.0465969546872134,0.00495321959273528,0.0779673454412034
268773.411807,2622866.126422,0.726739926739927,0.0584249084249084,0.00879120879120879,0.0293040293040293,0.0128205128205128,0.163919413919414
269273.411807,2622866.126422,0.756146788990826,0.0823853211009174,0.00862385321100917,0.0322935779816514,0.00917431192660551,0.111376146788991
269773.411807,2622866.126422,0.736929003852504,0.11557512383049,0.0203632361034673,0.0198128783709411,0.0139423958906623,0.0933773619519354
270273.411807,2622866.126422,0.830586080586081,0.0311355311355311,0,0.00897435897435897,0.00934065934065934,0.11996336996337
270773.411807,2622866.126422,0.911376146788991,0.0187155963302752,0,0.00073394495412844,0.00201834862385321,0.0671559633027523
271273.411807,2622866.126422,0.868097596771235,0.0194459732159237,0,0.0106402494955054,0.019262520638415,0.0825536598789213
271773.411807,2622866.126422,0.874908424908425,0.0258241758241758,0.000183150183150183,0.0032967032967033,0.00695970695970696,0.0888278388278388
272273.411807,2622866.126422,0.904036697247706,0.0141284403669725,0,0.00018348623853211,0.00073394495412844,0.0809174311926606
272773.411807,2622866.126422,0.906989543203082,0.0163272793982755,0,0,0,0.0766831773986425
273273.411807,2622866.126422,0.914468864468864,0.00164835164835165,0,0.0010989010989011,0.00128205128205128,0.0815018315018315
273773.411807,2622866.126422,0.950642201834862,0.00165137614678899,0,0.00018348623853211,0,0.0475229357798165
274273.411807,2622866.126422,0.800036690515502,0.00330214639515685,0,0,0,0.196661163089341
274773.411807,2622866.126422,0.415934065934066,0.00732600732600733,0,0,0,0.576739926739927
275273.411807,2622866.126422,0.439051296194153,0.0018385732671447,0,0,0,0.559110130538702
262773.411807,2622366.126422,0.92971826719176,0.0190851257194789,0.0106028476219327,0.0121175401393517,0.00242350802787034,0.0260527112996062
263273.411807,2622366.126422,0.917582417582418,0.00586080586080586,0,0.0249084249084249,0.0043956043956044,0.0472527472527473
263773.411807,2622366.126422,0.956410256410256,0,0,0,0,0.0435897435897436
264273.411807,2622366.126422,0.677484415108177,0.0328199486615328,0.12999633296663,0.0390539053905391,0.0126512651265127,0.107994132746608
264773.411807,2622366.126422,0.645421245421245,0.0763736263736264,0.0545787545787546,0.058974358974359,0.0144688644688645,0.15018315018315
265273.411807,2622366.126422,0.771611721611722,0.0139194139194139,0,0,0,0.214468864468864
265773.411807,2622366.126422,0.475430876420975,0.108544187752109,0.00311697836450312,0.00458379171250458,0.00146681334800147,0.406857352401907
266273.411807,2622366.126422,0.592307692307692,0.143040293040293,0.00641025641025641,0.0206959706959707,0.00952380952380952,0.228021978021978
266773.411807,2622366.126422,0.769413919413919,0.0692307692307692,0.00384615384615385,0.00860805860805861,0.00677655677655678,0.142124542124542
267273.411807,2622366.126422,0.907407407407407,0.0638063806380638,0.000916758342500917,0.00165016501650165,0.00146681334800147,0.0247524752475248
267773.411807,2622366.126422,0.80018315018315,0.0822344322344322,0.00384615384615385,0.019047619047619,0.000366300366300366,0.0943223443223443
268273.411807,2622366.126422,0.981318681318681,0.00384615384615385,0,0,0,0.0148351648351648
268773.411807,2622366.126422,0.929042904290429,0.0537220388705537,0,0,0,0.0172350568390172
269273.411807,2622366.126422,0.953479853479854,0.0172161172161172,0,0,0,0.0293040293040293
269773.411807,2622366.126422,0.953479853479854,0.00494505494505494,0,0,0,0.0415750915750916
270273.411807,2622366.126422,0.896222955628896,0.0352035203520352,0,0,0.00055005500550055,0.068023469013568
270773.411807,2622366.126422,0.762087912087912,0.0518315018315018,0,0.0250915750915751,0.0119047619047619,0.149084249084249
271273.411807,2622366.126422,0.728937728937729,0.0210622710622711,0.000183150183150183,0.0371794871794872,0.0168498168498168,0.195787545787546
271773.411807,2622366.126422,0.895856252291896,0.0055005500550055,0,0,0,0.0986431976530986
272273.411807,2622366.126422,0.968681318681319,0.0032967032967033,0,0,0,0.028021978021978
272773.411807,2622366.126422,0.92948717948718,0.00384615384615385,0,0,0,0.0666666666666667
273273.411807,2622366.126422,0.935276861019435,0.0144847818115145,0,0,0,0.0502383571690502
273773.411807,2622366.126422,0.88040293040293,0.0366300366300366,0,0.000366300366300366,0.000549450549450549,0.0820512820512821
274273.411807,2622366.126422,0.827838827838828,0.0646520146520147,0,0,0,0.107509157509158
274773.411807,2622366.126422,0.796296296296296,0.0121012101210121,0,0,0,0.191602493582692
275273.411807,2622366.126422,0.787261380323054,0.0258810572687225,0,0,0,0.186857562408223
262773.411807,2621866.126422,0.502727272727273,0.0593939393939394,0.143939393939394,0.204242424242424,0.0327272727272727,0.056969696969697
263273.411807,2621866.126422,0.296017617911543,0.087538997981281,0.198935584510919,0.2073775004588,0.052303174894476,0.15782712424298
263773.411807,2621866.126422,0.598202824133504,0.14414083990464,0.0121034293049697,0.0397946084724005,0.013203741059967,0.192554557124519
264273.411807,2621866.126422,0.382811068352575,0.051126992853216,0.256001466006964,0.0749496060106286,0.0474619754443834,0.187648891332234
264773.411807,2621866.126422,0.57680308313452,0.112681225913012,0.171224077812443,0.0466140576252523,0.0176179115434025,0.0750596439713709
265273.411807,2621866.126422,0.842105263157895,0.0229231615624427,0,0,0,0.134971575279663
265773.411807,2621866.126422,0.684258750229064,0.0672530694520799,0,0.00238226131574125,0.000733003481766538,0.245372915521349
266273.411807,2621866.126422,0.567443567627088,0.183519911910442,0.0335841438796109,0.0322995044962378,0.0115617544503579,0.171591117636264
266773.411807,2621866.126422,0.711718320190721,0.114432422519714,0.00183385292499542,0.00953603520997616,0.00568494406748579,0.156794425087108
267273.411807,2621866.126422,0.666666666666667,0.0208905992303463,0.000366501740883269,0.00769653655854865,0.0148433205057724,0.289536375297783
267773.411807,2621866.126422,0.760690034868783,0.02073775004588,0.0034868783262984,0.0163332721600294,0.00697375665259681,0.191778307946412
268273.411807,2621866.126422,0.784338896020539,0.00421786172748946,0,0,0.00403447643498991,0.207408765816981
268773.411807,2621866.126422,0.661535642294301,0.00329851566794942,0,0.00274876305662452,0.00513102437236577,0.327286054608759
269273.411807,2621866.126422,0.786749862360066,0,0,0,0,0.213250137639934
269773.411807,2621866.126422,0.943700715202641,0.00843572345497891,0,0,0,0.0478635613423803
270273.411807,2621866.126422,0.973795125526846,0.00219901044529962,0,0,0,0.0240058640278541
270773.411807,2621866.126422,0.976509451275463,0.00403743806202973,0,0,0,0.0194531106625069
271273.411807,2621866.126422,0.70419952319824,0.0493306436823767,0.00128369704749679,0.0731707317073171,0.0238400880249404,0.14817531633963
271773.411807,2621866.126422,0.637346527396005,0.034084661902144,0.000366501740883269,0.0342679127725857,0.0168590800806304,0.277075316107751
272273.411807,2621866.126422,0.928794274178748,0.00146815929528354,0,0,0,0.0697375665259681
272773.411807,2621866.126422,0.943517329910141,0.000183385292499542,0,0,0,0.0562992847973593
273273.411807,2621866.126422,0.948873007146784,0.00403151914971596,0,0,0,0.0470954737035001
273773.411807,2621866.126422,0.858139108093228,0.0172508717195816,0,0,0,0.12461002018719
274273.411807,2621866.126422,0.667522464698331,0.0471300201723822,0,0,0,0.285347515129287
274773.411807,2621866.126422,0.651273593549569,0.0899761773868426,0,0,0,0.258750229063588
275273.411807,2621866.126422,0.827877896285399,0.0415593968370725,0,0,0.000183891136447223,0.130378815741081
262773.411807,2621366.126422,0.915505754088431,0.0239248940036342,0,0.00484554815263477,0.00726832222895215,0.0484554815263477
263273.411807,2621366.126422,0.712477064220184,0.0522935779816514,0.102935779816514,0.0568807339449541,0.00513761467889908,0.0702752293577982
263773.411807,2621366.126422,0.875068794716566,0.0311869381764814,0.002568336085122,0.002568336085122,0.00165107319757843,0.0869565217391304
264273.411807,2621366.126422,0.244871794871795,0.0637362637362637,0.553663003663004,0.0549450549450549,0.00732600732600733,0.0754578754578755
264773.411807,2621366.126422,0.731743119266055,0.135963302752294,0.0253211009174312,0.0135779816513761,0.00201834862385321,0.0913761467889908
265273.411807,2621366.126422,0.662814162538984,0.118877270225647,0.00715465052283985,0.00183452577508714,0.00165107319757843,0.207668317739864
265773.411807,2621366.126422,0.62985347985348,0.165567765567766,0,0,0,0.204578754578755
266273.411807,2621366.126422,0.655779816513761,0.167339449541284,0,0.0144954128440367,0.00568807339449541,0.156697247706422
266773.411807,2621366.126422,0.644285452210604,0.0862227114290956,0.000733810310034856,0.0319207484865162,0.0210970464135021,0.215740231150248
267273.411807,2621366.126422,0.615018315018315,0.135897435897436,0.0247252747252747,0.0305860805860806,0.0135531135531136,0.18021978021978
267773.411807,2621366.126422,0.820917431192661,0.0818348623853211,0.00844036697247706,0.0119266055045872,0.00311926605504587,0.0737614678899083
268273.411807,2621366.126422,0.908457163823152,0.0399926618968997,0,0.001284168042561,0.00458631443771785,0.0456796917996698
268773.411807,2621366.126422,0.956593406593407,0.0293040293040293,0,0,0,0.0141025641025641
269273.411807,2621366.126422,0.943669724770642,0.00440366972477064,0,0.00018348623853211,0.00146788990825688,0.0502752293577982
269773.411807,2621366.126422,0.94001100715465,0.0106402494955054,0,0,0,0.0493487433498441
270273.411807,2621366.126422,0.972893772893773,0,0,0,0,0.0271062271062271
270773.411807,2621366.126422,0.948623853211009,0.00605504587155963,0,0,0.00238532110091743,0.0429357798165138
271273.411807,2621366.126422,0.944964226747386,0.0113740598055403,0,0,0.000183452577508714,0.0434782608695652
271773.411807,2621366.126422,0.81007326007326,0.0478021978021978,0.00183150183150183,0.0342490842490843,0.00695970695970696,0.0990842490842491
272273.411807,2621366.126422,0.96954128440367,0.0177981651376147,0,0,0,0.0126605504587156
272773.411807,2621366.126422,0.862227114290956,0.0598055402678408,0.00091726288754357,0.00165107319757843,0.00330214639515685,0.0720968629609246
273273.411807,2621366.126422,0.787912087912088,0.076007326007326,0.00604395604395604,0.010989010989011,0.0113553113553114,0.107692307692308
273773.411807,2621366.126422,0.613211009174312,0.095045871559633,0.0121100917431193,0.0146788990825688,0.0286238532110092,0.236330275229358
274273.411807,2621366.126422,0.536782241790497,0.0341221794166208,0,0,0,0.429095578792882
274773.411807,2621366.126422,0.69029304029304,0,0,0,0,0.30970695970696
275273.411807,2621366.126422,0.915425629711344,0.00018385732671447,0,0,0,0.0843905129619415
262773.411807,2620866.126422,0.973038473189942,0,0,0,0,0.0269615268100576
263273.411807,2620866.126422,0.829120879120879,0.00805860805860806,0,0.00531135531135531,0.00750915750915751,0.15
263773.411807,2620866.126422,0.818681318681319,0.0111721611721612,0.000915750915750916,0.00769230769230769,0.00970695970695971,0.151831501831502
264273.411807,2620866.126422,0.195086175284195,0.1004767143381,0.470663733039971,0.0755408874220755,0.0218188485515218,0.136413641364136
264773.411807,2620866.126422,0.811172161172161,0.0946886446886447,0.00842490842490842,0.0142857142857143,0.00989010989010989,0.0615384615384615
265273.411807,2620866.126422,0.674358974358974,0.167948717948718,0,0.000183150183150183,0.000915750915750916,0.156593406593407
265773.411807,2620866.126422,0.308947561422809,0.127429409607627,0.364869820315365,0.0922258892555922,0.00385038503850385,0.102676934360103
266273.411807,2620866.126422,0.438095238095238,0.0648351648351648,0.168681318681319,0.131318681318681,0.0159340659340659,0.181135531135531
266773.411807,2620866.126422,0.466300366300366,0.0994505494505494,0.0243589743589744,0.0175824175824176,0.0146520146520147,0.377655677655678
267273.411807,2620866.126422,0.735423542354235,0.143197653098643,0.00531719838650532,0.00421708837550422,0.00165016501650165,0.11019435276861
267773.411807,2620866.126422,0.946336996336996,0.0397435897435897,0.000183150183150183,0,0,0.0137362637362637
268273.411807,2620866.126422,0.902564102564103,0.0567765567765568,0,0,0,0.0406593406593407
268773.411807,2620866.126422,0.97029702970297,0.0055005500550055,0,0,0,0.0242024202420242
269273.411807,2620866.126422,0.994871794871795,0.000183150183150183,0,0,0,0.00494505494505494
269773.411807,2620866.126422,0.995787545787546,0,0,0,0,0.00421245421245421
270273.411807,2620866.126422,0.988632196552989,0,0,0,0,0.0113678034470114
270773.411807,2620866.126422,0.889194139194139,0.0397435897435897,0,0.0293040293040293,0.00989010989010989,0.0318681318681319
271273.411807,2620866.126422,0.958791208791209,0.00915750915750916,0.000183150183150183,0.00384615384615385,0.00164835164835165,0.0263736263736264
271773.411807,2620866.126422,0.640997433076641,0.104510451045105,0.00531719838650532,0.0568390172350568,0.030986431976531,0.161349468280161
272273.411807,2620866.126422,0.727289377289377,0.0714285714285714,0.00238095238095238,0.0924908424908425,0.01996336996337,0.0864468864468864
272773.411807,2620866.126422,0.922710622710623,0.0122710622710623,0,0.000366300366300366,0.000549450549450549,0.0641025641025641
273273.411807,2620866.126422,0.923359002566923,0.0106343967730106,0,0,0,0.066006600660066
273773.411807,2620866.126422,0.810622710622711,0.043956043956044,0,0,0,0.145421245421245
274273.411807,2620866.126422,0.280586080586081,0.0021978021978022,0,0,0,0.717216117216117
274773.411807,2620866.126422,0.820682068206821,0.00971763843050972,0,0,0,0.16960029336267
275273.411807,2620866.126422,0.863069016152717,0.0245961820851689,0,0,0.000183553597650514,0.112151248164464
262773.411807,2620366.126422,0.783636363636364,0.0124242424242424,0,0.00212121212121212,0.0124242424242424,0.189393939393939
263273.411807,2620366.126422,0.638465773536429,0.00807487612405946,0,0.00238575885483575,0.00367039823820885,0.347403193246467
263773.411807,2620366.126422,0.498074454428755,0.0221896203924445,0.0896754080322758,0.0339262791124152,0.0265908674124335,0.329543370621676
