"x","y","forest","agri","water","built","other","grass"
262773.411807,2765366.126422,0.117139334155364,0.180641183723798,0,0.0041101520756268,0.0213727907932593,0.676736539251952
263273.411807,2765366.126422,0.185504587155963,0.0768807339449541,0.00293577981651376,0.0911926605504587,0.088256880733945,0.555229357798165
263773.411807,2765366.126422,0.0803522289488167,0.184369840396258,0.0557695835626491,0.0845716382315172,0.101082370207301,0.493854338653458
264273.411807,2765366.126422,0.060989010989011,0.0989010989010989,0.279304029304029,0.0452380952380952,0.0624542124542125,0.453113553113553
264773.411807,2765366.126422,0.0339449541284404,0.161651376146789,0,0.0478899082568807,0.0906422018348624,0.665871559633028
265273.411807,2765366.126422,0.0695285268758026,0.311869381764814,0.170977802238121,0.0409099247844432,0.0807191341038342,0.325995230232985
265773.411807,2765366.126422,0.0613553113553114,0.57032967032967,0.0043956043956044,0.0377289377289377,0.0412087912087912,0.284981684981685
266273.411807,2765366.126422,0.0686238532110092,0.0502752293577982,0.0198165137614679,0.324220183486239,0.111009174311927,0.42605504587156
266773.411807,2765366.126422,0.159236837277564,0.0418271876719868,0.00587048248027885,0.191524490919097,0.0952118877270226,0.506329113924051
267273.411807,2765366.126422,0.104212454212454,0.204945054945055,0.00714285714285714,0.178937728937729,0.115934065934066,0.388827838827839
267773.411807,2765366.126422,0.0587155963302752,0.170642201834862,0.114862385321101,0.0464220183486239,0.0900917431192661,0.519266055045872
268273.411807,2765366.126422,0.113006787745368,0.109154283617685,0.0374243258117777,0.120528343423225,0.155017427994863,0.464868831407081
268773.411807,2765366.126422,0.0901098901098901,0.212820512820513,0,0.0822344322344322,0.131501831501832,0.483333333333333
269273.411807,2765366.126422,0.110642201834862,0.30348623853211,0.156880733944954,0.0293577981651376,0.0678899082568807,0.331743119266055
269773.411807,2765366.126422,0.11410750321042,0.156301596037424,0.00330214639515685,0.118143459915612,0.0838378279214823,0.524307466519905
270273.411807,2765366.126422,0.0831501831501831,0.250732600732601,0,0.14029304029304,0.126923076923077,0.398901098901099
270773.411807,2765366.126422,0.0968807339449541,0.194862385321101,0.00018348623853211,0.0957798165137615,0.0585321100917431,0.553761467889908
271273.411807,2765366.126422,0.0946615299944964,0.187671986791414,0.000550357732526142,0.0700788846083287,0.0794349660612732,0.567602274811961
271773.411807,2765366.126422,0.0347985347985348,0.142307692307692,0.385164835164835,0.0161172161172161,0.0153846153846154,0.406227106227106
272273.411807,2765366.126422,0.0688073394495413,0.254128440366972,0.0313761467889908,0.138165137614679,0.133577981651376,0.37394495412844
272773.411807,2765366.126422,0.184369840396258,0.359567051917079,0.00348559897266557,0.0137589433131535,0.0155934690882407,0.423225096312603
273273.411807,2765366.126422,0.0802197802197802,0.0886446886446886,0.00384615384615385,0.46025641025641,0.154029304029304,0.213003663003663
273773.411807,2765366.126422,0.0911926605504587,0.267522935779817,0.223669724770642,0.134495412844037,0.0603669724770642,0.222752293577982
274273.411807,2765366.126422,0.0519170794349661,0.171344707393139,0.176297926985874,0.0920931939093744,0.0937442671069529,0.414602825169694
274773.411807,2765366.126422,0.0395604395604396,0.0774725274725275,0.115201465201465,0.651282051282051,0.0615384615384615,0.0549450549450549
262773.411807,2764866.126422,0.150935636438413,0.107752416203989,0.00164507505654945,0.107135513057783,0.10919185687847,0.523339502364795
263273.411807,2764866.126422,0.253113553113553,0.0622710622710623,0,0.13040293040293,0.12985347985348,0.424358974358974
263773.411807,2764866.126422,0.0747252747252747,0.234981684981685,0.0593406593406593,0.0857142857142857,0.112087912087912,0.433150183150183
264273.411807,2764866.126422,0.0797579757975798,0.212871287128713,0.303080308030803,0.0201686835350202,0.028969563623029,0.355152181884855
264773.411807,2764866.126422,0.0584249084249084,0.219047619047619,0,0.0456043956043956,0.0767399267399267,0.60018315018315
265273.411807,2764866.126422,0.0582417582417582,0.242490842490842,0.16959706959707,0.0272893772893773,0.047985347985348,0.454395604395604
265773.411807,2764866.126422,0.0980931426475981,0.316281628162816,0.168683535020169,0.0511551155115512,0.0458379171250458,0.31994866153282
266273.411807,2764866.126422,0.06996336996337,0.151648351648352,0.115384615384615,0.0683150183150183,0.102197802197802,0.492490842490843
266773.411807,2764866.126422,0.225457875457875,0.0177655677655678,0.00128205128205128,0.244139194139194,0.131318681318681,0.38003663003663
267273.411807,2764866.126422,0.136963696369637,0.0634396773010634,0.00201686835350202,0.303447011367803,0.115328199486615,0.378804547121379
267773.411807,2764866.126422,0.0776556776556777,0.105128205128205,0.0197802197802198,0.437728937728938,0.119230769230769,0.24047619047619
268273.411807,2764866.126422,0.0928571428571429,0.0730769230769231,0.0146520146520147,0.271794871794872,0.186446886446886,0.361172161172161
268773.411807,2764866.126422,0.104327099376604,0.158965896589659,0.108727539420609,0.138797213054639,0.0936927026035937,0.395489548954895
269273.411807,2764866.126422,0.0441391941391941,0.129487179487179,0.254212454212454,0.18974358974359,0.0721611721611722,0.31025641025641
269773.411807,2764866.126422,0.145604395604396,0.211538461538462,0.0796703296703297,0.108424908424908,0.0798534798534798,0.374908424908425
270273.411807,2764866.126422,0.035020168683535,0.277044371103777,0,0.0366703337000367,0.0867253392005867,0.564539787312065
270773.411807,2764866.126422,0.0617216117216117,0.189010989010989,0.262820512820513,0.212454212454212,0.0692307692307692,0.204761904761905
271273.411807,2764866.126422,0.0584249084249084,0.192857142857143,0.11959706959707,0.132600732600733,0.0633699633699634,0.433150183150183
271773.411807,2764866.126422,0.0744407774110744,0.180968096809681,0.00953428676200953,0.0720572057205721,0.094976164283095,0.568023469013568
272273.411807,2764866.126422,0.0994505494505494,0.183699633699634,0.266666666666667,0.15,0.0633699633699634,0.236813186813187
272773.411807,2764866.126422,0.0899267399267399,0.141025641025641,0.240659340659341,0.0679487179487179,0.0597069597069597,0.400732600732601
273273.411807,2764866.126422,0.103777044371104,0.108360836083608,0.0242024202420242,0.292079207920792,0.119178584525119,0.352401906857352
273773.411807,2764866.126422,0.0972527472527473,0.0891941391941392,0.0547619047619048,0.398168498168498,0.0690476190476191,0.291575091575092
274273.411807,2764866.126422,0.181501831501831,0.108974358974359,0.141758241758242,0.295238095238095,0.0827838827838828,0.18974358974359
274773.411807,2764866.126422,0.111661166116612,0.127612761276128,0.0223689035570224,0.681334800146681,0.037037037037037,0.01998533186652
262773.411807,2764366.126422,0.129728618421053,0.0746299342105263,0,0.0939555921052632,0.102796052631579,0.598889802631579
263273.411807,2764366.126422,0.0956138741053404,0.150119287942742,0,0.108276748027161,0.138190493668563,0.507799596256194
263773.411807,2764366.126422,0.14010636346965,0.169264624977077,0.0130203557674674,0.162846139739593,0.112965340179718,0.401797175866495
264273.411807,2764366.126422,0.151731720725673,0.0879604178119846,0,0.127725856697819,0.0971229613340663,0.535459043430456
264773.411807,2764366.126422,0.0546889337493118,0.18682327032483,0.00146815929528354,0.0198201504863278,0.0557900532207745,0.681409432923472
265273.411807,2764366.126422,0.0430955437373923,0.234549789106914,0,0.0614340729873464,0.125068769484687,0.53585182468366
265773.411807,2764366.126422,0.0806303829943192,0.136155396738135,0.00109950522264981,0.0568077698369067,0.136705149349459,0.58860179585853
266273.411807,2764366.126422,0.0642319691686548,0.0537713341897596,0.00935951550743256,0.11213066617728,0.102587630757937,0.657918884198936
266773.411807,2764366.126422,0.124518613607189,0.0926095727122685,0.00513478818998716,0.233082706766917,0.0641848523748395,0.480469466348799
267273.411807,2764366.126422,0.229430089792927,0.0470954737035001,0.00109950522264981,0.0703683342495877,0.0425142019424592,0.609492395088877
267773.411807,2764366.126422,0.108093228115251,0.166819599926592,0.0434942191227748,0.0508350155991925,0.0800146815929528,0.550743255643237
268273.411807,2764366.126422,0.0836236933797909,0.108930863744728,0.0865578580597836,0.393544837704016,0.099211443242252,0.22813130386943
268773.411807,2764366.126422,0.0800806303829943,0.160527762506872,0.0346344145134689,0.241341396371633,0.0886934212937511,0.394722374931281
269273.411807,2764366.126422,0.0723068452927143,0.226280051385575,0.00789135621214902,0.146999449440264,0.100752431638833,0.445769866030464
269773.411807,2764366.126422,0.0511644966073721,0.341280029341647,0.000366770584999083,0.0496974142673758,0.0559325142123602,0.501558774986246
270273.411807,2764366.126422,0.0795308777716694,0.262048744731537,0.0701850833791461,0.0404984423676012,0.0606560381161811,0.487080813633865
270773.411807,2764366.126422,0.103138190493669,0.149752248118921,0.0258763075793724,0.177463754817398,0.0576252523398789,0.486144246650762
271273.411807,2764366.126422,0.0834403080872914,0.10801393728223,0.102328993214744,0.220245736291949,0.0944434256372639,0.391527599486521
271773.411807,2764366.126422,0.114531794026022,0.0729338464357706,0.00549752611324904,0.0142935678944475,0.0368334249587686,0.755909840571743
272273.411807,2764366.126422,0.129565057808772,0.111396586529638,0.0185355111029547,0.196549825656084,0.133235456046981,0.41071756285557
272773.411807,2764366.126422,0.146158078122135,0.110031175499725,0.0757381258023107,0.191454245369521,0.0685860993948285,0.40803227581148
273273.411807,2764366.126422,0.165658786879238,0.0868609125893348,0,0.0974894630749496,0.0566245189664651,0.593366318490013
273773.411807,2764366.126422,0.189576069003487,0.0963479537529822,0.122591301156175,0.208662139842173,0.0836850798311617,0.299137456414021
274273.411807,2764366.126422,0.0984779020722538,0.0548322024573629,0.0894920227397763,0.55217311571612,0.0759215110948102,0.129103245919677
274773.411807,2764366.126422,0.0725673446948873,0.0896096756459593,0.0474619754443834,0.719809419094741,0.0153930731170973,0.055158512002932
262773.411807,2763866.126422,0.0575421290587752,0.28216193999178,0,0.0353473078503905,0.0848746403616934,0.540073982737361
263273.411807,2763866.126422,0.051743119266055,0.106238532110092,0.282935779816514,0.157981651376147,0.0596330275229358,0.341467889908257
263773.411807,2763866.126422,0.0946615299944964,0.143643368189323,0.0253164556962025,0.189873417721519,0.0944780774169877,0.452027150981471
264273.411807,2763866.126422,0.0952380952380952,0.08003663003663,0,0.0694139194139194,0.0983516483516483,0.656959706959707
264773.411807,2763866.126422,0.0757798165137615,0.181651376146789,0.0330275229357798,0.111926605504587,0.114678899082569,0.482935779816514
265273.411807,2763866.126422,0.115391671252981,0.192258301229132,0,0.0643918547055586,0.0719134103834159,0.556044762428912
265773.411807,2763866.126422,0.0510989010989011,0.143223443223443,0.00311355311355311,0.0679487179487179,0.0417582417582418,0.692857142857143
266273.411807,2763866.126422,0.028256880733945,0.13743119266055,0.0948623853211009,0.179816513761468,0.0708256880733945,0.488807339449541
266773.411807,2763866.126422,0.0975967712346359,0.0504494588148963,0,0.100165107319758,0.0785177031737296,0.67327095945698
267273.411807,2763866.126422,0.287912087912088,0.0289377289377289,0.0653846153846154,0.150732600732601,0.065018315018315,0.402014652014652
267773.411807,2763866.126422,0.158532110091743,0.0785321100917431,0.100917431192661,0.0236697247706422,0.0409174311926606,0.59743119266055
268273.411807,2763866.126422,0.110988809392772,0.313153549807375,0,0.08273711245643,0.0785177031737296,0.414602825169694
268773.411807,2763866.126422,0.149267399267399,0.1,0.0122710622710623,0.276190476190476,0.126190476190476,0.336080586080586
269273.411807,2763866.126422,0.214495412844037,0.0598165137614679,0.141100917431193,0.266605504587156,0.0946788990825688,0.223302752293578
269773.411807,2763866.126422,0.137405980554027,0.29535864978903,0.000366905155017428,0.0517336268574573,0.0550357732526142,0.460099064391855
270273.411807,2763866.126422,0.0772893772893773,0.173626373626374,0.0558608058608059,0.0673992673992674,0.0681318681318681,0.557692307692308
270773.411807,2763866.126422,0.103302752293578,0.152660550458716,0.00036697247706422,0.107155963302752,0.096697247706422,0.539816513761468
271273.411807,2763866.126422,0.110254999082737,0.122546321775821,0.001284168042561,0.0818198495688864,0.0953953403045313,0.588699321225463
271773.411807,2763866.126422,0.0873626373626374,0.128754578754579,0,0.207692307692308,0.0906593406593407,0.485531135531136
272273.411807,2763866.126422,0.084954128440367,0.0946788990825688,0.00238532110091743,0.288256880733945,0.0563302752293578,0.473394495412844
272773.411807,2763866.126422,0.0642084021280499,0.155751238304898,0.0144927536231884,0.385433865345808,0.060906255732893,0.319207484865162
273273.411807,2763866.126422,0.0683150183150183,0.275274725274725,0.106593406593407,0.111721611721612,0.0580586080586081,0.38003663003663
273773.411807,2763866.126422,0.0752293577981651,0.0880733944954128,0.191009174311927,0.515596330275229,0.0451376146788991,0.084954128440367
274273.411807,2763866.126422,0.0845716382315172,0.0491652907723353,0.0702623371858375,0.703907539900936,0.0697119794533113,0.0223812144560631
274773.411807,2763866.126422,0.0417582417582418,0.106227106227106,0.0448717948717949,0.73992673992674,0.045970695970696,0.0212454212454212
262773.411807,2763366.126422,0.0394818013571869,0.227020357803825,0.0785523339502365,0.0715607649599013,0.103228459798478,0.480156282130372
263273.411807,2763366.126422,0.0635531135531135,0.177472527472527,0.104029304029304,0.0981684981684982,0.0571428571428571,0.4996336996337
263773.411807,2763366.126422,0.0624542124542125,0.0684981684981685,0.0835164835164835,0.271611721611722,0.118315018315018,0.395604395604396
264273.411807,2763366.126422,0.0608727539420609,0.0588558855885589,0.00531719838650532,0.0843417675100843,0.072973964063073,0.717638430509718
264773.411807,2763366.126422,0.10989010989011,0.131501831501832,0.0168498168498168,0.0987179487179487,0.138461538461538,0.504578754578755
265273.411807,2763366.126422,0.0395604395604396,0.184249084249084,0.00164835164835165,0.264835164835165,0.0783882783882784,0.431318681318681
265773.411807,2763366.126422,0.0797579757975798,0.174917491749175,0.144297763109644,0.0363036303630363,0.0511551155115512,0.513568023469014
266273.411807,2763366.126422,0.0593406593406593,0.108608058608059,0.265018315018315,0.0468864468864469,0.0496336996336996,0.470512820512821
266773.411807,2763366.126422,0.0690476190476191,0.0311355311355311,0.0166666666666667,0.0386446886446886,0.0468864468864469,0.797619047619048
267273.411807,2763366.126422,0.12981298129813,0.072973964063073,0.0869086908690869,0.139347268060139,0.0781078107810781,0.492849284928493
267773.411807,2763366.126422,0.123076923076923,0.105677655677656,0.0267399267399267,0.162820512820513,0.0782051282051282,0.503479853479853
268273.411807,2763366.126422,0.0851648351648352,0.127106227106227,0.00915750915750916,0.149084249084249,0.14029304029304,0.489194139194139
268773.411807,2763366.126422,0.0907590759075908,0.155298863219655,0.0322698936560323,0.0251191785845251,0.0553722038870554,0.641180784745141
269273.411807,2763366.126422,0.108791208791209,0.0992673992673993,0.00677655677655678,0.262820512820513,0.0906593406593407,0.431684981684982
269773.411807,2763366.126422,0.242857142857143,0.0877289377289377,0.00311355311355311,0.12985347985348,0.113186813186813,0.423260073260073
270273.411807,2763366.126422,0.0625229189585625,0.15988265493216,0.0183351668500183,0.101943527686102,0.116978364503117,0.54033736707004
270773.411807,2763366.126422,0.0432234432234432,0.258974358974359,0,0.058974358974359,0.0864468864468864,0.552380952380952
271273.411807,2763366.126422,0.0745421245421245,0.145054945054945,0.0996336996336996,0.143956043956044,0.0732600732600733,0.463553113553114
271773.411807,2763366.126422,0.123945727906124,0.0916758342500917,0.00421708837550422,0.153832049871654,0.0775577557755776,0.548771543821049
272273.411807,2763366.126422,0.0963369963369963,0.135531135531136,0.0021978021978022,0.0802197802197802,0.0593406593406593,0.626373626373626
272773.411807,2763366.126422,0.227655677655678,0.337362637362637,0.0877289377289377,0.0785714285714286,0.0183150183150183,0.2503663003663
273273.411807,2763366.126422,0.158232489915658,0.394022735606894,0.0100843417675101,0.131096442977631,0.0192519251925193,0.287312064539787
273773.411807,2763366.126422,0.147619047619048,0.184432234432234,0.134798534798535,0.509523809523809,0.00402930402930403,0.0195970695970696
274273.411807,2763366.126422,0.0990842490842491,0.0853479853479854,0.0972527472527473,0.663186813186813,0.0368131868131868,0.0183150183150183
274773.411807,2763366.126422,0.0788412174550788,0.0731573157315732,0.0665566556655666,0.534103410341034,0.0768243491015768,0.170517051705171
262773.411807,2762866.126422,0.0762746710526316,0.13671875,0.00143914473684211,0.227796052631579,0.145148026315789,0.412623355263158
263273.411807,2762866.126422,0.0831345200954303,0.26133235456047,0.0012846393833731,0.0623967700495504,0.063497889521013,0.528353826390163
263773.411807,2762866.126422,0.0665688611773336,0.27599486521181,0.00146708233999633,0.287181368054282,0.10012836970475,0.268659453511828
264273.411807,2762866.126422,0.0835623969213854,0.0260216236027121,0.00568077698369067,0.537841304746198,0.106652006597031,0.240241891148983
264773.411807,2762866.126422,0.0759772435309231,0.221325013763993,0.0732244448522665,0.187006790236741,0.110295467058176,0.332171040557901
265273.411807,2762866.126422,0.107647166697231,0.139739592884651,0.01998899688245,0.186502842472034,0.0762882816798093,0.469833119383825
265773.411807,2762866.126422,0.0934579439252336,0.0452629649990837,0.00164925783397471,0.136155396738135,0.11544804837823,0.608026388125344
266273.411807,2762866.126422,0.231418608919068,0.0998348320792806,0.00587263718113415,0.173793356579189,0.117085703798862,0.371994861442467
266773.411807,2762866.126422,0.246836603704383,0.151476251604621,0.136255272327159,0.0399779937649001,0.0529983495323675,0.372455529066569
267273.411807,2762866.126422,0.074216602528862,0.10756826094924,0.000916254352208173,0.166941542972329,0.093274693054792,0.557082646142569
267773.411807,2762866.126422,0.210864378785098,0.0231235089007157,0.00183519911910442,0.263534593503395,0.106625068819967,0.39401725087172
268273.411807,2762866.126422,0.112965340179718,0.167064001467082,0.0988446726572529,0.0198056115899505,0.0245736291949386,0.576746744911058
268773.411807,2762866.126422,0.0896096756459593,0.170789811251603,0.0852116547553601,0.0359171706065604,0.0525929998167491,0.565878687923768
269273.411807,2762866.126422,0.25711139658653,0.0728574050284456,0.186089190677188,0.0300972655533125,0.0673518076711323,0.386492934483391
269773.411807,2762866.126422,0.267008985879332,0.0680359435173299,0.0258573262424354,0.214377406931964,0.122317990097194,0.302402347331744
270273.411807,2762866.126422,0.126076598863845,0.0467289719626168,0.00769653655854865,0.417995235477368,0.0828293934396188,0.318673263698003
270773.411807,2762866.126422,0.0855202789502661,0.21141493852083,0.0159662323362085,0.0341347036153423,0.0537713341897596,0.599192512387594
271273.411807,2762866.126422,0.136988813497158,0.241701815514396,0.161195672107097,0.0346598202824134,0.0469466348798826,0.378507243719054
271773.411807,2762866.126422,0.161993769470405,0.12332783580722,0.0130108118013561,0.197544438336082,0.0830126443100605,0.421110500274876
272273.411807,2762866.126422,0.125527619746743,0.0871719581574601,0.0853367590383557,0.179115434024592,0.0717562855569829,0.451091943475867
272773.411807,2762866.126422,0.209426004034476,0.200073354117,0.0608839171098478,0.361085640931597,0.0401613790573996,0.128369704749679
273273.411807,2762866.126422,0.214220267546271,0.271211288253619,0.0120945574491479,0.208172988821697,0.0139270661535642,0.280373831775701
273773.411807,2762866.126422,0.163332721600294,0.102220590934116,0.106992108643788,0.551293815378969,0.0260598274912828,0.0501009359515507
274273.411807,2762866.126422,0.0786722904823033,0.0951769668072621,0.0693196405648267,0.691729323308271,0.0364936732074088,0.0286081056299285
274773.411807,2762866.126422,0.122778083195895,0.0698185816382628,0.0945574491478835,0.561297416162727,0.0634048011728056,0.0881436686824262
262773.411807,2762366.126422,0.0967940813810111,0.0698725852856556,0.00328812166050144,0.0279490341142622,0.0684340320591862,0.733662145499383
263273.411807,2762366.126422,0.0565137614678899,0.0638532110091743,0.36954128440367,0.137798165137615,0.0952293577981651,0.277064220183486
263773.411807,2762366.126422,0.0726472206934507,0.131535498073748,0.0414602825169694,0.282883874518437,0.140708126949184,0.330764997248211
264273.411807,2762366.126422,0.148168498168498,0.101098901098901,0.0163003663003663,0.200915750915751,0.0789377289377289,0.454578754578755
264773.411807,2762366.126422,0.0776146788990826,0.0911926605504587,0.0451376146788991,0.367522935779817,0.0959633027522936,0.32256880733945
265273.411807,2762366.126422,0.0227481196110805,0.229866079618419,0.0761328196661163,0.08273711245643,0.0854889011190607,0.503026967528894
265773.411807,2762366.126422,0.0846153846153846,0.151648351648352,0.00146520146520147,0.0763736263736264,0.0882783882783883,0.597619047619048
266273.411807,2762366.126422,0.109724770642202,0.135229357798165,0.00018348623853211,0.131926605504587,0.122385321100917,0.500550458715596
266773.411807,2762366.126422,0.17409649605577,0.110988809392772,0.000733810310034856,0.17409649605577,0.0843881856540084,0.455696202531646
267273.411807,2762366.126422,0.0946886446886447,0.0864468864468864,0.102564102564103,0.114835164835165,0.0448717948717949,0.556593406593407
267773.411807,2762366.126422,0.240733944954128,0.0924770642201835,0.0480733944954128,0.210642201834862,0.0869724770642202,0.321100917431193
268273.411807,2762366.126422,0.201614382682077,0.141075032104201,0.0203632361034673,0.0576041093377362,0.0733810310034856,0.505962208769033
268773.411807,2762366.126422,0.221611721611722,0.0736263736263736,0.032051282051282,0.078021978021978,0.0983516483516483,0.496336996336996
269273.411807,2762366.126422,0.33394495412844,0.0330275229357798,0.0277064220183486,0.248073394495413,0.194311926605505,0.162935779816514
269773.411807,2762366.126422,0.379196477710512,0.0605393505778756,0.00403595670519171,0.141441937259218,0.110621904237755,0.304164373509448
270273.411807,2762366.126422,0.244505494505494,0.145970695970696,0.00750915750915751,0.220879120879121,0.112454212454212,0.268681318681319
270773.411807,2762366.126422,0.0521100917431193,0.463302752293578,0.0521100917431193,0.06,0.0537614678899083,0.318715596330275
271273.411807,2762366.126422,0.0774169877086773,0.347459181801504,0.000550357732526142,0.0387084938543387,0.0394423041643735,0.49642267473858
271773.411807,2762366.126422,0.103296703296703,0.16978021978022,0.0791208791208791,0.314468864468864,0.0620879120879121,0.271245421245421
272273.411807,2762366.126422,0.180550458715596,0.13651376146789,0.0229357798165138,0.157981651376147,0.0677064220183486,0.434311926605505
272773.411807,2762366.126422,0.0847550908090259,0.130985140341222,0.00880572372041827,0.430379746835443,0.0598055402678408,0.28526875802605
273273.411807,2762366.126422,0.0875457875457875,0.0985347985347985,0.0272893772893773,0.339010989010989,0.0342490842490843,0.413369963369963
273773.411807,2762366.126422,0.110091743119266,0.075045871559633,0.0590825688073394,0.660366972477064,0.0343119266055046,0.0611009174311927
274273.411807,2762366.126422,0.0838378279214823,0.0557695835626491,0.0768666299761512,0.696752889378096,0.0616400660429279,0.0251330031186938
274773.411807,2762366.126422,0.0924908424908425,0.0467032967032967,0.139010989010989,0.655860805860806,0.0514652014652015,0.0144688644688645
262773.411807,2761866.126422,0.151758173966687,0.127493316882583,0,0.058194530125437,0.0779354308040304,0.584618548221263
263273.411807,2761866.126422,0.0597069597069597,0.0313186813186813,0.0368131868131868,0.0882783882783883,0.0738095238095238,0.71007326007326
263773.411807,2761866.126422,0.084981684981685,0.144139194139194,0.0754578754578755,0.228937728937729,0.0899267399267399,0.376556776556777
264273.411807,2761866.126422,0.115328199486615,0.0447378071140447,0.00623395672900623,0.416208287495416,0.145581224789146,0.271910524385772
264773.411807,2761866.126422,0.0840659340659341,0.0437728937728938,0.0205128205128205,0.326556776556777,0.132967032967033,0.392124542124542
265273.411807,2761866.126422,0.0254578754578755,0.0752747252747253,0.0102564102564103,0.496703296703297,0.127289377289377,0.265018315018315
265773.411807,2761866.126422,0.07004033736707,0.09002566923359,0.0520718738540521,0.356252291895856,0.154382104877154,0.277227722772277
266273.411807,2761866.126422,0.08003663003663,0.143223443223443,0.0236263736263736,0.232600732600733,0.0730769230769231,0.447435897435897
266773.411807,2761866.126422,0.0818681318681319,0.174358974358974,0.00476190476190476,0.117582417582418,0.076007326007326,0.545421245421245
267273.411807,2761866.126422,0.0821415474880821,0.173267326732673,0.137147048038137,0.083975064173084,0.0691235790245691,0.454345434543454
267773.411807,2761866.126422,0.263186813186813,0.0331501831501832,0,0.106776556776557,0.067032967032967,0.52985347985348
268273.411807,2761866.126422,0.05,0.0245421245421245,0.0203296703296703,0.0710622710622711,0.0532967032967033,0.780769230769231
268773.411807,2761866.126422,0.0984598459845985,0.0792079207920792,0.017968463513018,0.264026402640264,0.0548221488815548,0.485515218188486
269273.411807,2761866.126422,0.195787545787546,0.0494505494505494,0.00567765567765568,0.31959706959707,0.111538461538462,0.317948717948718
269773.411807,2761866.126422,0.341208791208791,0.01996336996337,0.00622710622710623,0.119413919413919,0.113919413919414,0.399267399267399
270273.411807,2761866.126422,0.169233590025669,0.0727906123945728,0.00751741840850752,0.140997433076641,0.0636230289695636,0.545837917125046
270773.411807,2761866.126422,0.091025641025641,0.147435897435897,0.0851648351648352,0.308974358974359,0.0521978021978022,0.315201465201465
271273.411807,2761866.126422,0.146153846153846,0.114102564102564,0.150549450549451,0.372710622710623,0.0815018315018315,0.134981684981685
271773.411807,2761866.126422,0.18023469013568,0.184818481848185,0.0764576457645765,0.457095709570957,0.0126512651265127,0.0887422075540887
272273.411807,2761866.126422,0.0752747252747253,0.0657509157509158,0.0835164835164835,0.662637362637363,0.0822344322344322,0.0305860805860806
272773.411807,2761866.126422,0.0421245421245421,0.0545787545787546,0.135347985347985,0.66043956043956,0.0291208791208791,0.0783882783882784
273273.411807,2761866.126422,0.0528052805280528,0.070957095709571,0.0531719838650532,0.782544921158782,0.0214521452145215,0.0190685735240191
273773.411807,2761866.126422,0.0734432234432234,0.211904761904762,0.0263736263736264,0.614102564102564,0.0419413919413919,0.0322344322344322
274273.411807,2761866.126422,0.161172161172161,0.0701465201465201,0.0481684981684982,0.442124542124542,0.170879120879121,0.107509157509158
274773.411807,2761866.126422,0.109277594426109,0.0632563256325633,0.0746241290795746,0.552805280528053,0.0650898423175651,0.134946828016135
262773.411807,2761366.126422,0.189967105263158,0.0442023026315789,0.06640625,0.113898026315789,0.134457236842105,0.451069078947368
263273.411807,2761366.126422,0.0801982015048633,0.173426316755368,0.00587263718113415,0.125160579922922,0.103505230317489,0.511837034318224
263773.411807,2761366.126422,0.0438290849073904,0.070419952319824,0.141206675224647,0.14817531633963,0.10397946084724,0.492389510361269
264273.411807,2761366.126422,0.0747663551401869,0.0469122228330585,0.0564412680960235,0.293934396188382,0.111416529228514,0.416529228513835
264773.411807,2761366.126422,0.144613690585429,0.138190493668563,0.000917599559552211,0.117269223710773,0.0686364470545054,0.530372545421178
265273.411807,2761366.126422,0.0394278378874014,0.234183018521915,0,0.0205391527599487,0.0216394645149459,0.684210526315789
265773.411807,2761366.126422,0.05717427157779,0.116181051859996,0.104086494410848,0.144401685908008,0.0811801356056441,0.496976360637713
266273.411807,2761366.126422,0.198935584510919,0.049366856303909,0.0550559735731327,0.380436777390347,0.0801982015048633,0.236006606716829
266773.411807,2761366.126422,0.0462130937098845,0.143223913442142,0.0148542086924629,0.421969558041445,0.111681643132221,0.262057582981845
267273.411807,2761366.126422,0.0879604178119846,0.0437969580355507,0.00769653655854865,0.23877588418545,0.098772219168041,0.522997984240425
267773.411807,2761366.126422,0.12020554230134,0.0499174160396403,0.00605615709304459,0.413286841622316,0.154156726004772,0.256377316938888
268273.411807,2761366.126422,0.0614340729873464,0.0777553640198056,0.0053181734824867,0.413717219878966,0.088391710984779,0.353383458646617
268773.411807,2761366.126422,0.148433205057724,0.0366501740883269,0.0207073483599047,0.519882719442917,0.112516034451164,0.161810518599963
269273.411807,2761366.126422,0.235639566893008,0.0440447788585061,0.0189025509267756,0.35694622866581,0.11616810423931,0.22829877041659
269773.411807,2761366.126422,0.0935264991747662,0.0496974142673758,0.00990280579497524,0.212726939299468,0.108747478452228,0.525398863011187
270273.411807,2761366.126422,0.192963166575041,0.066703316840755,0.0703683342495877,0.184350375664284,0.0833791460509437,0.402235660619388
270773.411807,2761366.126422,0.0704716461736098,0.0620297302257295,0.150669847678473,0.644154890805652,0.0464305377133419,0.0262433474031932
271273.411807,2761366.126422,0.0889418668622776,0.0647350082523382,0.0550155877498625,0.708967540803228,0.0359435173299101,0.046396479002384
271773.411807,2761366.126422,0.053142752428074,0.0896096756459593,0.05717427157779,0.702767088143669,0.0535092541689573,0.0437969580355507
272273.411807,2761366.126422,0.0275279867865663,0.0203707102220591,0.089190677188475,0.834281519544871,0.0216553496054322,0.00697375665259681
272773.411807,2761366.126422,0.108747478452228,0.0671190170548322,0.0535485054098661,0.669172932330827,0.028791490922428,0.0726205758298184
273273.411807,2761366.126422,0.0615722924683892,0.131940626717977,0.0518599963349826,0.73098772219168,0.0128275609309144,0.0108118013560564
273773.411807,2761366.126422,0.208478619930262,0.236740686364471,0.00330335841438796,0.504496237841806,0.0234905487245366,0.0234905487245366
274273.411807,2761366.126422,0.203374289381992,0.244635980194388,0.0174216027874564,0.425453878598936,0.0430955437373923,0.066018705299835
274773.411807,2761366.126422,0.127542605827378,0.161260765988638,0.00568077698369067,0.450797141286421,0.0852116547553601,0.169507055158512
262773.411807,2760866.126422,0.06288532675709,0.0986436498150432,0.00041101520756268,0.167077681874229,0.188039457459926,0.482942868886149
263273.411807,2760866.126422,0.0627522935779816,0.244587155963303,0.00807339449541284,0.0840366972477064,0.0456880733944954,0.554862385321101
263773.411807,2760866.126422,0.0592551825353146,0.217941662080352,0.0508163639699138,0.0447624289121262,0.0570537516052101,0.570170610897083
264273.411807,2760866.126422,0.0750915750915751,0.0646520146520147,0.0976190476190476,0.268498168498168,0.095970695970696,0.398168498168498
264773.411807,2760866.126422,0.0484403669724771,0.124770642201835,0.0187155963302752,0.595045871559633,0.0763302752293578,0.136697247706422
265273.411807,2760866.126422,0.0759493670886076,0.247844432214273,0.0119244175380664,0.192992111539167,0.0884241423592002,0.382865529260686
265773.411807,2760866.126422,0.0891941391941392,0.084981684981685,0.0919413919413919,0.381318681318681,0.0926739926739927,0.25989010989011
266273.411807,2760866.126422,0.061651376146789,0.0489908256880734,0.00770642201834862,0.557981651376147,0.0968807339449541,0.226788990825688
266773.411807,2760866.126422,0.269308383782792,0.0458631443771785,0.0172445422858191,0.398092093193909,0.136488717666483,0.133003118693818
267273.411807,2760866.126422,0.0791208791208791,0.0384615384615385,0.0146520146520147,0.457142857142857,0.0963369963369963,0.314285714285714
267773.411807,2760866.126422,0.193211009174312,0.0277064220183486,0.00256880733944954,0.319816513761468,0.120366972477064,0.336330275229358
268273.411807,2760866.126422,0.108237020730141,0.13410383415887,0.00458631443771785,0.289304714731242,0.107870115575124,0.355898000366905
268773.411807,2760866.126422,0.442307692307692,0.0135531135531136,0.00238095238095238,0.204578754578755,0.0765567765567766,0.260622710622711
269273.411807,2760866.126422,0.191009174311927,0.0913761467889908,0.0838532110091743,0.219633027522936,0.0963302752293578,0.317798165137615
269773.411807,2760866.126422,0.117776554760594,0.0862227114290956,0.0104567969179967,0.526692350027518,0.0990643918547056,0.15978719501009
270273.411807,2760866.126422,0.091025641025641,0.113736263736264,0.0690476190476191,0.423260073260073,0.0578754578754579,0.245054945054945
270773.411807,2760866.126422,0.0710091743119266,0.0352293577981651,0.0444036697247706,0.762201834862385,0.0528440366972477,0.0343119266055046
271273.411807,2760866.126422,0.0359567051917079,0.0155934690882407,0.0376077783892864,0.886442854522106,0.019262520638415,0.00513667217024399
271773.411807,2760866.126422,0.0573260073260073,0.0446886446886447,0.0192307692307692,0.821245421245421,0.0358974358974359,0.0216117216117216
272273.411807,2760866.126422,0.0359633027522936,0.0477064220183486,0.0543119266055046,0.84605504587156,0.0102752293577982,0.00568807339449541
272773.411807,2760866.126422,0.0148596587782058,0.0221977618785544,0.0168776371308017,0.926435516419006,0.0119244175380664,0.00770500825536599
273273.411807,2760866.126422,0.0769230769230769,0.101831501831502,0.0212454212454212,0.771245421245421,0.0192307692307692,0.00952380952380952
273773.411807,2760866.126422,0.0359633027522936,0.0944954128440367,0.0242201834862385,0.821284403669725,0.0148623853211009,0.00917431192660551
274273.411807,2760866.126422,0.106219042377545,0.0669601907906806,0.021830856723537,0.786644652357366,0.0121078701155751,0.00623738763529628
274773.411807,2760866.126422,0.230586080586081,0.0706959706959707,0.0368131868131868,0.469230769230769,0.1,0.0926739926739927
262773.411807,2760366.126422,0.0586057988895743,0.18260333127699,0.0575776269792309,0.0339296730413325,0.169237096442525,0.498046473370348
263273.411807,2760366.126422,0.0586080586080586,0.268864468864469,0.0221611721611722,0.146153846153846,0.118131868131868,0.386080586080586
263773.411807,2760366.126422,0.0774725274725275,0.165018315018315,0.0452380952380952,0.252747252747253,0.0990842490842491,0.36043956043956
264273.411807,2760366.126422,0.1002933626696,0.152731939860653,0.00586725339200587,0.203887055372204,0.113311331133113,0.423909057572424
264773.411807,2760366.126422,0.116666666666667,0.0683150183150183,0.0730769230769231,0.214285714285714,0.0822344322344322,0.445421245421245
265273.411807,2760366.126422,0.185164835164835,0.0406593406593407,0.00970695970695971,0.221978021978022,0.123809523809524,0.418681318681319
265773.411807,2760366.126422,0.185368536853685,0.0436376971030436,0.00403373670700403,0.313898056472314,0.0999266593325999,0.353135313531353
266273.411807,2760366.126422,0.0371794871794872,0.0371794871794872,0.00183150183150183,0.556043956043956,0.113553113553114,0.254212454212454
266773.411807,2760366.126422,0.0838827838827839,0.032967032967033,0.0168498168498168,0.515018315018315,0.104212454212454,0.247069597069597
267273.411807,2760366.126422,0.115144847818115,0.0909424275760909,0.0165016501650165,0.364869820315365,0.0658232489915658,0.346718005133847
267773.411807,2760366.126422,0.232600732600733,0.0232600732600733,0.00128205128205128,0.255860805860806,0.182783882783883,0.304212454212454
268273.411807,2760366.126422,0.254212454212454,0.0728937728937729,0.0373626373626374,0.0796703296703297,0.0793040293040293,0.476556776556777
268773.411807,2760366.126422,0.290979097909791,0.0315364869820315,0.0128346167950128,0.187385405207187,0.100660066006601,0.376604327099377
269273.411807,2760366.126422,0.215567765567766,0.0864468864468864,0.058974358974359,0.0836996336996337,0.0771062271062271,0.478205128205128
269773.411807,2760366.126422,0.103663003663004,0.137179487179487,0.0276556776556777,0.202197802197802,0.104029304029304,0.425274725274725
270273.411807,2760366.126422,0.083975064173084,0.135496883021635,0.0826916024935827,0.303263659699303,0.0694902823615695,0.325082508250825
270773.411807,2760366.126422,0.126739926739927,0.142490842490842,0.0172161172161172,0.641575091575092,0.0415750915750916,0.0304029304029304
271273.411807,2760366.126422,0.0767399267399267,0.0639194139194139,0.0267399267399267,0.732234432234432,0.056043956043956,0.0443223443223443
271773.411807,2760366.126422,0.0997433076640997,0.187018701870187,0.0254858819215255,0.559222588925559,0.0491382471580491,0.0793912724605794
272273.411807,2760366.126422,0.119230769230769,0.0954212454212454,0.0424908424908425,0.680769230769231,0.0347985347985348,0.0272893772893773
272773.411807,2760366.126422,0.0373626373626374,0.0487179487179487,0.00989010989010989,0.876373626373626,0.0221611721611722,0.00549450549450549
273273.411807,2760366.126422,0.0903923725705904,0.0993766043270994,0.0168683535020169,0.714154748808214,0.0482214888155482,0.030986431976531
273773.411807,2760366.126422,0.0941391941391941,0.0684981684981685,0.00641025641025641,0.781135531135531,0.023992673992674,0.0258241758241758
274273.411807,2760366.126422,0.103846153846154,0.0326007326007326,0.0153846153846154,0.486996336996337,0.0604395604395604,0.300732600732601
274773.411807,2760366.126422,0.138613861386139,0.0632563256325633,0.00751741840850752,0.23010634396773,0.113311331133113,0.447194719471947
262773.411807,2759866.126422,0.123766447368421,0.162828947368421,0.0433799342105263,0.0953947368421053,0.0756578947368421,0.498972039473684
263273.411807,2759866.126422,0.103505230317489,0.204257661956322,0.0229399889888053,0.208845659754083,0.115434024591668,0.345017434391632
263773.411807,2759866.126422,0.0696864111498258,0.0940766550522648,0.0838070786722905,0.181551439574546,0.111131487254722,0.459746928296351
264273.411807,2759866.126422,0.179952354773685,0.144218435037566,0.0872274143302181,0.0683525746747297,0.0793476269012278,0.440901594282573
264773.411807,2759866.126422,0.0895577170122958,0.0579922921636998,0.0345017434391632,0.276013947513305,0.152872086621398,0.389062213250138
265273.411807,2759866.126422,0.136988813497158,0.075187969924812,0.0185219145424537,0.386576196589034,0.141206675224647,0.241518430221896
265773.411807,2759866.126422,0.0309693971046362,0.225215319772769,0.093274693054792,0.0635880520432472,0.0580905259299982,0.528862012094557
266273.411807,2759866.126422,0.10790970820334,0.102954670581758,0.00679023674068636,0.109010827674803,0.119104422829877,0.554230133969536
266773.411807,2759866.126422,0.0981111314872547,0.117549972492206,0.0397946084724005,0.381441408399046,0.0770218228498075,0.286081056299285
267273.411807,2759866.126422,0.0683525746747297,0.184350375664284,0.0137438152831226,0.205973978376397,0.0754993586219534,0.452079897379513
267773.411807,2759866.126422,0.149935768030831,0.0655166085520279,0.0541383740135805,0.125344099834832,0.140759772435309,0.464305377133419
268273.411807,2759866.126422,0.306986979644233,0.0573995965523565,0.0588666788923528,0.0614340729873464,0.0902255639097744,0.425087108013937
268773.411807,2759866.126422,0.214403518416712,0.051676745464541,0.0859446582371266,0.15924500641378,0.132856881070185,0.355873190397654
269273.411807,2759866.126422,0.125527619746743,0.128096898513489,0.0178014314553129,0.104789869700863,0.0574417324279684,0.566342448155625
