"x","y","forest","agri","water","built","other","grass"
189273.411807,2668866.126422,0,0.227282446012401,0.329698524695318,0.360701304254864,0.0449005772931366,0.0374171477442805
189773.411807,2668866.126422,0,0.0833511434067108,0.249839709339602,0.641376362470613,0.0226544133361829,0.00277837144689036
190273.411807,2668866.126422,0.000427533133817871,0.150705429670799,0.0810175288584865,0.420478837109876,0.344805472424113,0.00256519880290723
190773.411807,2668866.126422,0.0690613641223006,0.197134915544152,0.24545648920248,0.120376309600171,0.252298481932863,0.115672439598033
191273.411807,2668866.126422,0,0.00598418465484078,0.762128659970079,0.215430647574268,0.0164565078008121,0
191773.411807,2668866.126422,0,0,0.485036340316374,0.503847798204361,0.0111158614792646,0
192273.411807,2668866.126422,0,0.00064143681847338,0.627325208466966,0.36818473380372,0.00384862091084028,0
192773.411807,2668866.126422,0,0.0239367386193631,0.643513571275914,0.280401795255396,0.0416755717033554,0.0104723231459714
193273.411807,2668866.126422,0.00769559640872168,0.136383069687901,0.0711842667806755,0.160966224882428,0.286019666524156,0.337751175716118
193773.411807,2668866.126422,0.0010690613641223,0.39790463972632,0,0.156510583707505,0.282018387855463,0.16249732734659
194273.411807,2668866.126422,0.00512930113272067,0.435349433639667,0,0.116691600769395,0.117119042530455,0.325710621927762
194773.411807,2668866.126422,0.0138948268490808,0.238563488670372,0.0096194955109021,0.456605386917486,0.184053014108593,0.0972637879435656
195273.411807,2668866.126422,0.0115458627325208,0.285011759675005,0,0.276031644216378,0.209536027367971,0.217874706008125
195773.411807,2668866.126422,0.0173113913229322,0.374438982688609,0,0.140200897627698,0.132934387689677,0.335114340671084
196273.411807,2668866.126422,0.0213766566908935,0.408294142796067,0,0.31316802052159,0.145361265498076,0.111799914493373
196773.411807,2668866.126422,0.0365618986529827,0.319435535599743,0,0.381441094718837,0.138336540517426,0.124224930511011
197273.411807,2668866.126422,0.0446676640307758,0.130156016242787,0,0.438768967728147,0.243000641162642,0.143406710835649
197773.411807,2668866.126422,0.0453185121846943,0.299914493373236,0,0.191107310816588,0.180846515604959,0.282813168020522
198273.411807,2668866.126422,0.0235193500106906,0.187727175539876,0,0.461620697028009,0.154586273252085,0.172546504169339
198773.411807,2668866.126422,0.00897627698226117,0.0831374225261808,0,0.61786706561231,0.15537508014533,0.134644154733917
189273.411807,2668366.126422,0,0.221550302363936,0,0.221183800623053,0.430089792926516,0.127176104086494
189773.411807,2668366.126422,0,0.148834648559369,0.000917599559552211,0.73040924940356,0.118370343182235,0.00146815929528354
190273.411807,2668366.126422,0,0.143590684027141,0,0.121951219512195,0.421419402163946,0.313038694296717
192773.411807,2668366.126422,0.00495503762158194,0.111763626353459,0.286658102404111,0.468526335107359,0.046063497889521,0.0820334006239677
193273.411807,2668366.126422,0.00385109114249037,0.118650284247203,0.0240234733174399,0.42380341096644,0.21199339812947,0.217678342196956
193773.411807,2668366.126422,0.009529045262965,0.377680043980209,0.00274876305662452,0.231262598497343,0.229979842404251,0.148799706798607
194273.411807,2668366.126422,0.0115617544503579,0.378601578271242,0,0.188291429620114,0.218939254909158,0.202605982749128
194773.411807,2668366.126422,0.0133871263524665,0.15606088391711,0.00110031175499725,0.473134054648817,0.207775536401981,0.148542086924629
195273.411807,2668366.126422,0.00623052959501558,0.335715594649075,0,0.157962250320689,0.217335532343779,0.282756093091442
195773.411807,2668366.126422,0.0238575885483575,0.374564140209213,0,0.167186639750413,0.158377683978712,0.276013947513305
196273.411807,2668366.126422,0.0262240968274344,0.398679625894003,0,0.144324225197139,0.132404181184669,0.298367870896754
196773.411807,2668366.126422,0.0293201392706615,0.447865127359355,0,0.177936595198827,0.132490379329302,0.212387758841855
197273.411807,2668366.126422,0.0486327766562672,0.405762525233988,0,0.177096714993577,0.160396403009727,0.208111580106442
197773.411807,2668366.126422,0.0638180817898405,0.474050981111315,0,0.246469833119384,0.0638180817898405,0.15184302218962
198273.411807,2668366.126422,0.0529595015576324,0.28587135788895,0,0.344694887300715,0.104819497892615,0.211654755360088
198773.411807,2668366.126422,0.0124793540099101,0.076344283354744,0.0047715177096715,0.693338227197651,0.115617544503579,0.0974490732244448
188773.411807,2667866.126422,0.023115024766098,0.100348559897267,0.0764997248211337,0.214456063107687,0.176664832140892,0.408915795266924
189273.411807,2667866.126422,0,0.0494505494505494,0,0.641391941391941,0.241575091575092,0.0675824175824176
189773.411807,2667866.126422,0,0.0510091743119266,0,0.456880733944954,0.426238532110092,0.0658715596330275
190273.411807,2667866.126422,0,0.173913043478261,0,0.0768666299761512,0.379196477710512,0.370023848835076
192773.411807,2667866.126422,0,0.107155963302752,0.170091743119266,0.538348623853211,0.113211009174312,0.0711926605504587
193273.411807,2667866.126422,0.0220143093010457,0.200146762062007,0.0108237020730141,0.283250779673454,0.203815813612181,0.279948633278298
193773.411807,2667866.126422,0.0128205128205128,0.186813186813187,0.00622710622710623,0.4996336996337,0.165384615384615,0.129120879120879
194273.411807,2667866.126422,0.00623853211009174,0.244587155963303,0.00146788990825688,0.300183486238532,0.245871559633028,0.201651376146789
194773.411807,2667866.126422,0.00898917629792699,0.258668134287287,0,0.340304531278664,0.193909374426711,0.198128783709411
195273.411807,2667866.126422,0.00421245421245421,0.361355311355311,0,0.119047619047619,0.205311355311355,0.31007326007326
195773.411807,2667866.126422,0.00770642201834862,0.410091743119266,0,0.0928440366972477,0.119633027522936,0.369724770642202
196273.411807,2667866.126422,0.030820033021464,0.282333516785911,0,0.241423592001468,0.173179233168226,0.272243625022932
196773.411807,2667866.126422,0.0364468864468864,0.276556776556777,0,0.206959706959707,0.167582417582418,0.312454212454212
197273.411807,2667866.126422,0.0253211009174312,0.518348623853211,0,0.0871559633027523,0.108990825688073,0.260183486238532
197773.411807,2667866.126422,0.0476976701522656,0.219225830122913,0,0.219959640432948,0.164190056870299,0.348926802421574
198273.411807,2667866.126422,0.0382783882783883,0.0333333333333333,0.00293040293040293,0.621978021978022,0.146153846153846,0.157326007326007
198773.411807,2667866.126422,0.0238532110091743,0.0464220183486239,0.00770642201834862,0.74954128440367,0.118715596330275,0.0537614678899083
188273.411807,2667366.126422,0.0404761904761905,0.0624542124542125,0.324542124542125,0.137179487179487,0.0613553113553114,0.373992673992674
188773.411807,2667366.126422,0.0124542124542125,0.216483516483516,0,0.0221611721611722,0.449267399267399,0.2996336996337
189273.411807,2667366.126422,0,0.0412541254125413,0,0.376054272093876,0.478914558122479,0.103777044371104
189773.411807,2667366.126422,0.00146520146520147,0.084981684981685,0,0.0547619047619048,0.662087912087912,0.196703296703297
190273.411807,2667366.126422,0.0236263736263736,0.435897435897436,0,0.0454212454212454,0.43003663003663,0.065018315018315
192773.411807,2667366.126422,0.00238095238095238,0.0954212454212454,0.412820512820513,0.384981684981685,0.0706959706959707,0.0336996336996337
193273.411807,2667366.126422,0.000915750915750916,0.392490842490842,0.0315018315018315,0.345054945054945,0.129304029304029,0.100732600732601
193773.411807,2667366.126422,0.0106343967730106,0.215804913824716,0.000733406674000733,0.522002200220022,0.172533920058673,0.0782911624495783
194273.411807,2667366.126422,0.0163003663003663,0.446886446886447,0,0.0981684981684982,0.165201465201465,0.273443223443223
194773.411807,2667366.126422,0.0124542124542125,0.325641025641026,0,0.375091575091575,0.145787545787546,0.141025641025641
195273.411807,2667366.126422,0.011001100110011,0.392555922258893,0,0.0933259992665933,0.173817381738174,0.329299596626329
195773.411807,2667366.126422,0.0120879120879121,0.286263736263736,0,0.292124542124542,0.207326007326007,0.202197802197802
196273.411807,2667366.126422,0.0282051282051282,0.209340659340659,0,0.328205128205128,0.185897435897436,0.248351648351648
196773.411807,2667366.126422,0.0108177484415108,0.276677667766777,0,0.127062706270627,0.178767876787679,0.406674000733407
197273.411807,2667366.126422,0.0271062271062271,0.123076923076923,0,0.202747252747253,0.182967032967033,0.464102564102564
197773.411807,2667366.126422,0.0234432234432234,0.168864468864469,0,0.223809523809524,0.192857142857143,0.391025641025641
198273.411807,2667366.126422,0.0335533553355336,0.11037770443711,0.000733406674000733,0.643747708104144,0.0856252291895856,0.125962596259626
198773.411807,2667366.126422,0.00787545787545788,0.0128205128205128,0.0148351648351648,0.905677655677656,0.0556776556776557,0.00311355311355311
188273.411807,2666866.126422,0.00385391815011929,0.303174894476051,0,0.00623967700495504,0.393466691135988,0.293264819232887
188773.411807,2666866.126422,0.00311754997249221,0.126169081239685,0,0.0474967907573813,0.615441041628461,0.207775536401981
189273.411807,2666866.126422,0.00146600696353308,0.124060839288987,0,0.0183250870441635,0.564595931830676,0.291552134872641
189773.411807,2666866.126422,0.00110111947146265,0.113965865296385,0,0.0172508717195816,0.53936502110479,0.328317122407781
190273.411807,2666866.126422,0.0403447643498991,0.287364753346782,0,0.325508894186686,0.123418301852191,0.223363286264442
192773.411807,2666866.126422,0.00238575885483575,0.113048265736832,0.217654615525785,0.361901266287392,0.10772618829143,0.197283905303725
193273.411807,2666866.126422,0.00201723821749496,0.210342930496974,0.0825233816247937,0.386392811296534,0.14799193104713,0.170731707317073
193773.411807,2666866.126422,0.00787978742899029,0.491662085394906,0.000916254352208173,0.13230712845886,0.126259849734286,0.24097489463075
194273.411807,2666866.126422,0.00146815929528354,0.50211047898697,0,0.0935951550743256,0.087538997981281,0.31528720866214
194773.411807,2666866.126422,0.0148542086924629,0.296900788556758,0,0.373739226114066,0.139006051714652,0.175499724922061
195273.411807,2666866.126422,0.0164925783397471,0.131757375847535,0,0.56496243357156,0.213487264064504,0.0733003481766538
195773.411807,2666866.126422,0.0260598274912828,0.202055423013397,0,0.26959075059644,0.261882914296201,0.240411084602679
196273.411807,2666866.126422,0.0124701998899688,0.325692279479186,0,0.0882083256922795,0.185769301302036,0.38785989363653
196773.411807,2666866.126422,0.0131940626717977,0.0965732087227414,0,0.108484515301448,0.245739417262232,0.536008796041781
197273.411807,2666866.126422,0.0154156726004772,0.213066617728023,0,0.221325013763993,0.240044044778859,0.310148651128647
197773.411807,2666866.126422,0.0234733174399413,0.154777186869613,0,0.332844305886668,0.181184668989547,0.307720520814231
198273.411807,2666866.126422,0.0320689023272861,0.0892431739050761,0,0.472420743998534,0.20175920835624,0.204507971412864
198773.411807,2666866.126422,0.0583593319875206,0.057258212516058,0.000183519911910442,0.687649109928427,0.112497706001101,0.0840521196549826
187773.411807,2666366.126422,0.0501831501831502,0.169047619047619,0,0.0516483516483516,0.310989010989011,0.418131868131868
192773.411807,2666366.126422,0.00385321100917431,0.424036697247706,0.0119266055045872,0.237981651376147,0.134128440366972,0.188073394495413
193273.411807,2666366.126422,0.00550357732526142,0.347826086956522,0,0.0766831773986425,0.116125481563016,0.453861676756558
193773.411807,2666366.126422,0.00622710622710623,0.385164835164835,0,0.162637362637363,0.201282051282051,0.244688644688645
194273.411807,2666366.126422,0.0110091743119266,0.464587155963303,0,0.259449541284404,0.162935779816514,0.102018348623853
194773.411807,2666366.126422,0.0155934690882407,0.243808475509081,0,0.421023665382499,0.234635846633645,0.0849385433865346
195273.411807,2666366.126422,0.0155677655677656,0.325274725274725,0,0.21978021978022,0.241391941391941,0.197985347985348
195773.411807,2666366.126422,0.0161467889908257,0.244403669724771,0,0.252110091743119,0.243853211009174,0.24348623853211
196273.411807,2666366.126422,0.00642084021280499,0.313520454962392,0,0.153549807374794,0.236653824986241,0.289855072463768
196773.411807,2666366.126422,0.0293040293040293,0.20970695970696,0,0.236996336996337,0.180769230769231,0.343223443223443
197273.411807,2666366.126422,0.0361467889908257,0.22,0,0.198165137614679,0.141100917431193,0.404587155963303
197773.411807,2666366.126422,0.0227481196110805,0.24399192808659,0.001284168042561,0.344707393138874,0.149330398092093,0.237937993028802
198273.411807,2666366.126422,0.0272893772893773,0.0454212454212454,0,0.5003663003663,0.153846153846154,0.273076923076923
198773.411807,2666366.126422,0.0194495412844037,0.27394495412844,0,0.324954128440367,0.19651376146789,0.185137614678899
192273.411807,2665866.126422,0.00146681334800147,0.0918591859185919,0.527502750275027,0.193802713604694,0.0837917125045838,0.101576824349102
192773.411807,2665866.126422,0.0195970695970696,0.215384615384615,0.0538461538461538,0.223443223443223,0.172527472527473,0.315201465201465
193273.411807,2665866.126422,0.023992673992674,0.315567765567766,0.0423076923076923,0.147069597069597,0.172710622710623,0.298351648351648
193773.411807,2665866.126422,0.0106343967730106,0.267510084341767,0.0011001100110011,0.231939860652732,0.171983865053172,0.316831683168317
194273.411807,2665866.126422,0.0197802197802198,0.267216117216117,0.000183150183150183,0.384981684981685,0.189010989010989,0.138827838827839
194773.411807,2665866.126422,0.00641025641025641,0.465018315018315,0,0.116483516483516,0.193040293040293,0.219047619047619
195273.411807,2665866.126422,0.0113678034470114,0.461312797946461,0,0.147048038137147,0.143014301430143,0.237257059039237
195773.411807,2665866.126422,0.0146520146520147,0.356959706959707,0,0.145604395604396,0.152014652014652,0.330769230769231
196273.411807,2665866.126422,0.0236263736263736,0.271428571428571,0,0.221428571428571,0.23003663003663,0.253479853479853
196773.411807,2665866.126422,0.0238357169050238,0.285478547854785,0,0.303630363036304,0.136046938027136,0.251008434176751
197273.411807,2665866.126422,0.0388278388278388,0.307509157509158,0,0.212637362637363,0.204029304029304,0.236996336996337
197773.411807,2665866.126422,0.0397435897435897,0.228571428571429,0,0.11996336996337,0.127838827838828,0.483882783882784
198273.411807,2665866.126422,0.0284195086175284,0.270810414374771,0,0.302713604693803,0.13953061972864,0.258525852585259
198773.411807,2665866.126422,0.0346153846153846,0.537912087912088,0,0.0868131868131868,0.114652014652015,0.226007326007326
192773.411807,2665366.126422,0.00532207744540283,0.248302440814828,0.186089190677188,0.222793173059277,0.152505046797578,0.184988071205726
193273.411807,2665366.126422,0.0363102879149092,0.310287914909224,0.00366770584999083,0.151292866312122,0.141573445809646,0.356867779204108
193773.411807,2665366.126422,0.024555616639179,0.107018508337915,0.118380062305296,0.49770936411948,0.147333699835074,0.105002748763057
194273.411807,2665366.126422,0.00789135621214902,0.26573683244632,0.14534777023307,0.200036703982382,0.180583593319875,0.200403743806203
194773.411807,2665366.126422,0.0100861910874748,0.477718686961306,0.0979277461947552,0.158261507427104,0.105813313772235,0.150192554557125
195273.411807,2665366.126422,0.0203408466190214,0.39124060839289,0.0252886201209456,0.0985889682975994,0.132856881070185,0.331684075499359
195773.411807,2665366.126422,0.0289961460818499,0.258763075793724,0,0.300605615709304,0.148651128647458,0.262984033767664
196273.411807,2665366.126422,0.0293416467999266,0.337428938199156,0,0.251421236016871,0.193838254172015,0.18796992481203
196773.411807,2665366.126422,0.0181418361737218,0.210371999266997,0,0.487997067986073,0.152647975077882,0.130841121495327
197273.411807,2665366.126422,0.0385391815011929,0.28629106258029,0,0.10387227014131,0.122591301156175,0.448706184621031
197773.411807,2665366.126422,0.026407482119934,0.11186502842472,0,0.497891069136255,0.155510728039611,0.208325692279479
198273.411807,2665366.126422,0.0293201392706615,0.558365402235661,0,0.081729888216969,0.0811801356056441,0.249404434671065
198773.411807,2665366.126422,0.034868783262984,0.358781427784915,0,0.251422279317306,0.123508900715728,0.231418608919068
192273.411807,2664866.126422,0.0183150183150183,0.0965201465201465,0.298534798534799,0.0981684981684982,0.0948717948717949,0.393589743589744
192773.411807,2664866.126422,0.00422018348623853,0.126605504587156,0.10256880733945,0.532293577981651,0.141651376146789,0.0926605504587156
193273.411807,2664866.126422,0.00440286186020914,0.245459548706659,0.00293524124013942,0.150431113557145,0.257750871399743,0.339020363236103
193773.411807,2664866.126422,0.0157509157509158,0.153113553113553,0.000183150183150183,0.180952380952381,0.189194139194139,0.460805860805861
194273.411807,2664866.126422,0.0152293577981651,0.39045871559633,0,0.152110091743119,0.175045871559633,0.267155963302752
194773.411807,2664866.126422,0.0126582278481013,0.254448725004586,0.00458631443771785,0.348926802421574,0.159420289855072,0.219959640432948
195273.411807,2664866.126422,0.023992673992674,0.33992673992674,0,0.385714285714286,0.121611721611722,0.128754578754579
195773.411807,2664866.126422,0.0288073394495413,0.201100917431193,0.0269724770642202,0.290275229357798,0.168256880733945,0.284587155963303
196273.411807,2664866.126422,0.0436617134470739,0.180517336268575,0.0100898917629793,0.481929921115392,0.157769216657494,0.126031920748487
196773.411807,2664866.126422,0.0256410256410256,0.216117216117216,0.0252747252747253,0.301831501831502,0.1996336996337,0.231501831501832
197273.411807,2664866.126422,0.0335779816513761,0.0622018348623853,0,0.668440366972477,0.10954128440367,0.126238532110092
197773.411807,2664866.126422,0.0642084021280499,0.208035222894882,0.000183452577508714,0.359933957072097,0.175380664098331,0.192258301229132
198273.411807,2664866.126422,0.0236263736263736,0.461172161172161,0,0.126190476190476,0.126190476190476,0.262820512820513
198773.411807,2664866.126422,0.0242201834862385,0.451926605504587,0,0.0891743119266055,0.137798165137615,0.296880733944954
188773.411807,2664366.126422,0.0210622710622711,0.378205128205128,0,0.106776556776557,0.216849816849817,0.277106227106227
189273.411807,2664366.126422,0.0203520352035204,0.268426842684268,0.00385038503850385,0.430876420975431,0.186651998533187,0.0898423175650898
189773.411807,2664366.126422,0.0432234432234432,0.156593406593407,0.142673992673993,0.555311355311355,0.06996336996337,0.0322344322344322
190273.411807,2664366.126422,0.0624542124542125,0.175091575091575,0.0761904761904762,0.609340659340659,0.0326007326007326,0.0443223443223443
190773.411807,2664366.126422,0.0441877521085442,0.0493215988265493,0.173450678401173,0.632929959662633,0.017968463513018,0.0821415474880821
191273.411807,2664366.126422,0.00586080586080586,0.0567765567765568,0.614835164835165,0.215750915750916,0.0228937728937729,0.0838827838827839
191773.411807,2664366.126422,0.0021978021978022,0.116300366300366,0.155677655677656,0.122527472527473,0.12985347985348,0.473443223443223
192273.411807,2664366.126422,0.00971763843050972,0.286762009534287,0.0066006600660066,0.1996699669967,0.167766776677668,0.329482948294829
192773.411807,2664366.126422,0.00201465201465201,0.296703296703297,0.0177655677655678,0.217948717948718,0.206227106227106,0.259340659340659
193273.411807,2664366.126422,0.0245421245421245,0.123626373626374,0.000366300366300366,0.435897435897436,0.228388278388278,0.187179487179487
193773.411807,2664366.126422,0.0137513751375138,0.135313531353135,0,0.37953795379538,0.190869086908691,0.280528052805281
194273.411807,2664366.126422,0.0318681318681319,0.335531135531136,0,0.0619047619047619,0.1503663003663,0.42032967032967
194773.411807,2664366.126422,0.0247252747252747,0.418864468864469,0,0.0489010989010989,0.0684981684981685,0.439010989010989
195273.411807,2664366.126422,0.0187018701870187,0.311331133113311,0,0.208104143747708,0.12962962962963,0.332233223322332
195773.411807,2664366.126422,0.0335164835164835,0.32967032967033,0,0.132051282051282,0.165750915750916,0.339010989010989
196273.411807,2664366.126422,0.0456043956043956,0.406776556776557,0,0.177472527472527,0.131501831501832,0.238644688644689
196773.411807,2664366.126422,0.0361202786945361,0.218371837183718,0.000366703337000367,0.398423175650898,0.167583425009168,0.179134580124679
197273.411807,2664366.126422,0.030952380952381,0.0967032967032967,0.0102564102564103,0.567765567765568,0.111721611721612,0.182600732600733
197773.411807,2664366.126422,0.0342490842490843,0.0864468864468864,0.0155677655677656,0.443956043956044,0.162087912087912,0.257692307692308
198273.411807,2664366.126422,0.0203520352035204,0.313898056472314,0.00128346167950128,0.381188118811881,0.186468646864686,0.0968096809680968
198773.411807,2664366.126422,0.0333333333333333,0.335164835164835,0.000366300366300366,0.323076923076923,0.157692307692308,0.1503663003663
187273.411807,2663866.126422,0.00201723821749496,0.184668989547038,0.0645516229598386,0.612323491655969,0.0938932697597653,0.0425453878598936
187773.411807,2663866.126422,0.108301264431006,0.140370166758292,0.00183250870441635,0.618105185999633,0.11434854315558,0.017042330951072
188273.411807,2663866.126422,0.163149201688383,0.183519911910442,0.0352358230868049,0.478803450174344,0.055606533308864,0.0836850798311617
188773.411807,2663866.126422,0.189803777737026,0.0995782138272511,0.0388776820099028,0.479369154593802,0.101778837337246,0.0905923344947735
189273.411807,2663866.126422,0.174088326919553,0.101154480483782,0.0656038116181052,0.379329301814184,0.0958402052409749,0.183983873923401
189773.411807,2663866.126422,0.131583776839787,0.0726738851165352,0.0341347036153423,0.521013029913746,0.087538997981281,0.153055606533309
190273.411807,2663866.126422,0.133687878232166,0.142857142857143,0.0115532734274711,0.440858243168898,0.114615807812213,0.156427654502109
190773.411807,2663866.126422,0.0293201392706615,0.0582737768004398,0.281656587868792,0.492944841487997,0.0485614806670332,0.0892431739050761
191273.411807,2663866.126422,0.0170673518076711,0.108093228115251,0.251789319141127,0.545237658285924,0.0464305377133419,0.0313819049366856
191773.411807,2663866.126422,0.00385109114249037,0.0478635613423803,0.194388410049514,0.468916192921328,0.200256739409499,0.0847240051347882
192273.411807,2663866.126422,0.00733003481766538,0.229246838922485,0.0153930731170973,0.27799157045996,0.241158145501191,0.228880337181602
192773.411807,2663866.126422,0.0113782345384474,0.27784914663241,0.0108276748027161,0.283354743989723,0.165167920719398,0.251422279317306
193273.411807,2663866.126422,0.0232899321474418,0.191454245369521,0.00330093526499175,0.360902255639098,0.222629745094443,0.198422886484504
193773.411807,2663866.126422,0.0137438152831226,0.303280190580905,0.00678028220634048,0.357155946490746,0.154846985523181,0.164192779915705
194273.411807,2663866.126422,0.0271609469627455,0.324096164433841,0,0.115434024591668,0.170673518076711,0.362635345935034
194773.411807,2663866.126422,0.0339262791124152,0.243535668439391,0,0.206858609939483,0.197872730607005,0.317806711901706
195273.411807,2663866.126422,0.0203408466190214,0.354040681693238,0,0.0947407000183251,0.13230712845886,0.398570643210555
195773.411807,2663866.126422,0.0159662323362085,0.307762892273812,0,0.1370893741971,0.212149018168471,0.327032483024408
196273.411807,2663866.126422,0.0341096644049147,0.25985695947185,0,0.372455529066569,0.225380524481937,0.10819732257473
196773.411807,2663866.126422,0.0364669232178853,0.338464357705699,0,0.325270295033901,0.15466373465274,0.145134689389775
197273.411807,2663866.126422,0.0378051018535511,0.279133786015783,0,0.44833914479721,0.153055606533309,0.0816663608001468
197773.411807,2663866.126422,0.0319090408949202,0.327342747111682,0,0.342930496974143,0.156794425087108,0.141023289932147
198273.411807,2663866.126422,0.0388491845336265,0.221183800623053,0.10536925050394,0.334249587685542,0.121312076232362,0.179036100421477
198773.411807,2663866.126422,0.0341347036153423,0.293998898880529,0.030280785465223,0.307946412185722,0.160946962745458,0.172692237107726
186773.411807,2663366.126422,0.0212844036697248,0.299633027522936,0,0.0346788990825688,0.058348623853211,0.58605504587156
187273.411807,2663366.126422,0.0330214639515685,0.392588515868648,0,0.169877086773069,0.0544854155200881,0.350027517886626
187773.411807,2663366.126422,0.095970695970696,0.253663003663004,0.0208791208791209,0.503846153846154,0.0824175824175824,0.0432234432234432
188273.411807,2663366.126422,0.00495412844036697,0.0987155963302752,0.0165137614678899,0.833211009174312,0.0422018348623853,0.00440366972477064
188773.411807,2663366.126422,0.0355898000366905,0.0502660062373876,0.0931939093744267,0.709778022381214,0.0730141258484682,0.0381581361218125
189273.411807,2663366.126422,0.0291208791208791,0.0860805860805861,0.194322344322344,0.614652014652015,0.063003663003663,0.0128205128205128
189773.411807,2663366.126422,0.100366972477064,0.16697247706422,0.0172477064220183,0.553211009174312,0.0906422018348624,0.0715596330275229
190273.411807,2663366.126422,0.0638414969730325,0.0731975784259769,0.100532012474775,0.538433314988076,0.0862227114290956,0.137772885709044
190773.411807,2663366.126422,0.041025641025641,0.162087912087912,0.0172161172161172,0.548168498168498,0.116849816849817,0.114652014652015
191273.411807,2663366.126422,0.021651376146789,0.12605504587156,0.0544954128440367,0.356697247706422,0.24256880733945,0.198532110091743
191773.411807,2663366.126422,0.00843881856540084,0.098147128967162,0.0964960557695836,0.302329847734361,0.272977435332966,0.221610713630527
192273.411807,2663366.126422,0.0289377289377289,0.323809523809524,0.0010989010989011,0.138278388278388,0.11996336996337,0.387912087912088
192773.411807,2663366.126422,0.0262385321100917,0.413761467889908,0.0132110091743119,0.163119266055046,0.0957798165137615,0.287889908256881
193273.411807,2663366.126422,0.0289855072463768,0.189139607411484,0,0.430379746835443,0.178682810493487,0.172812328013209
193773.411807,2663366.126422,0.0216117216117216,0.3,0,0.304395604395604,0.138461538461538,0.235531135531136
194273.411807,2663366.126422,0.0214678899082569,0.388990825688073,0.00403669724770642,0.152660550458716,0.155779816513761,0.277064220183486
194773.411807,2663366.126422,0.0355898000366905,0.197761878554394,0.000183452577508714,0.433131535498074,0.171895065125665,0.161438268207668
195273.411807,2663366.126422,0.036996336996337,0.298168498168498,0,0.343772893772894,0.149450549450549,0.171611721611722
195773.411807,2663366.126422,0.031743119266055,0.551192660550459,0,0.107889908256881,0.105321100917431,0.203853211009174
196273.411807,2663366.126422,0.0207301412584847,0.461016327279398,0,0.154650522839846,0.150981471289672,0.2126215373326
196773.411807,2663366.126422,0.0102564102564103,0.603479853479853,0,0.0228937728937729,0.0761904761904762,0.287179487179487
197273.411807,2663366.126422,0.0297247706422018,0.475229357798165,0,0.148073394495413,0.102201834862385,0.244770642201835
197773.411807,2663366.126422,0.0201797835259585,0.416987708677307,0,0.0926435516419006,0.0517336268574573,0.418455329297377
198273.411807,2663366.126422,0.0318681318681319,0.323443223443223,0.00567765567765568,0.185531135531136,0.145421245421245,0.308058608058608
198773.411807,2663366.126422,0.0458715596330275,0.339449541284404,0,0.25045871559633,0.162935779816514,0.201284403669725
186773.411807,2662866.126422,0.0293040293040293,0.231318681318681,0,0.0521978021978022,0.361721611721612,0.325457875457875
187273.411807,2662866.126422,0,0.421611721611722,0.00128205128205128,0.186263736263736,0.0457875457875458,0.345054945054945
187773.411807,2662866.126422,0.0537220388705537,0.446277961129446,0.0088008800880088,0.0867253392005867,0.0467546754675468,0.357719105243858
188273.411807,2662866.126422,0.0338827838827839,0.168131868131868,0.00311355311355311,0.6003663003663,0.104395604395604,0.0901098901098901
188773.411807,2662866.126422,0.0153846153846154,0.0694139194139194,0.0267399267399267,0.706410256410256,0.0912087912087912,0.0908424908424908
189273.411807,2662866.126422,0.0704070407040704,0.263659699303264,0.0185185185185185,0.562522918958563,0.0542720938760543,0.0306197286395306
189773.411807,2662866.126422,0.0404761904761905,0.0639194139194139,0.11996336996337,0.623992673992674,0.0934065934065934,0.0582417582417582
190273.411807,2662866.126422,0.00311355311355311,0.13021978021978,0.0677655677655678,0.337728937728938,0.122344322344322,0.338827838827839
190773.411807,2662866.126422,0.0066006600660066,0.18976897689769,0.0210854418775211,0.199486615328199,0.264759809314265,0.318298496516318
191273.411807,2662866.126422,0.0379120879120879,0.0974358974358974,0.00567765567765568,0.212637362637363,0.2003663003663,0.445970695970696
191773.411807,2662866.126422,0.0377289377289377,0.193772893772894,0.000183150183150183,0.263369963369963,0.152014652014652,0.352930402930403
192273.411807,2662866.126422,0.0474880821415475,0.126696002933627,0,0.187568756875688,0.121195452878621,0.517051705170517
192773.411807,2662866.126422,0.030952380952381,0.18021978021978,0,0.292307692307692,0.178205128205128,0.318315018315018
193273.411807,2662866.126422,0.0397435897435897,0.156043956043956,0,0.411538461538462,0.265384615384615,0.127289377289377
193773.411807,2662866.126422,0.0188852218555189,0.154565456545655,0,0.335716905023836,0.250641730839751,0.24019068573524
194273.411807,2662866.126422,0.0236263736263736,0.253113553113553,0.00366300366300366,0.296520146520147,0.257875457875458,0.165201465201465
194773.411807,2662866.126422,0.0327838827838828,0.249267399267399,0,0.414835164835165,0.136263736263736,0.166849816849817
195273.411807,2662866.126422,0.0353868720205354,0.522735606894023,0,0.17986798679868,0.106710671067107,0.155298863219655
195773.411807,2662866.126422,0.032051282051282,0.44010989010989,0,0.212637362637363,0.181501831501831,0.133699633699634
196273.411807,2662866.126422,0.0347985347985348,0.648351648351648,0,0.0549450549450549,0.0512820512820513,0.210622710622711
196773.411807,2662866.126422,0.0671067106710671,0.472130546387972,0,0.0971763843050972,0.114961496149615,0.248624862486249
197273.411807,2662866.126422,0.0443223443223443,0.435164835164835,0,0.146153846153846,0.140659340659341,0.233699633699634
197773.411807,2662866.126422,0.0241758241758242,0.270879120879121,0,0.182967032967033,0.153296703296703,0.368681318681319
198273.411807,2662866.126422,0.0388705537220389,0.200770077007701,0.00183351668500183,0.354968830216355,0.21030436376971,0.193252658599193
198773.411807,2662866.126422,0.0153846153846154,0.501282051282051,0,0.178754578754579,0.0714285714285714,0.233150183150183
186773.411807,2662366.126422,0.00587263718113415,0.416223160212883,0,0.068452927142595,0.206459900899248,0.30299137456414
187273.411807,2662366.126422,0.00825233816247937,0.376306620209059,0,0.114982578397213,0.0432789290298918,0.457179534201357
187773.411807,2662366.126422,0.0373831775700935,0.591533809785596,0.00623052959501558,0.122045079714129,0.03811618105186,0.204691222283306
188273.411807,2662366.126422,0.0405579005322077,0.306478252890439,0.00201871903101487,0.378051018535511,0.0935951550743256,0.179298953936502
188773.411807,2662366.126422,0.0960938932697598,0.195672107097011,0.017604988079956,0.500641848523748,0.0966440491472584,0.0933431138822666
189273.411807,2662366.126422,0.180685358255452,0.131940626717977,0.0053142752428074,0.300164925783397,0.151181968114349,0.230712845886018
189773.411807,2662366.126422,0.0178014314553129,0.0754266837951918,0.187006790236741,0.463571297485777,0.140392732611488,0.115801064415489
190273.411807,2662366.126422,0.0236567027324409,0.105446543187236,0.0306253438474234,0.276728406381808,0.222079589216945,0.341463414634146
190773.411807,2662366.126422,0.0298698918819864,0.0480117280557083,0.000183250870441635,0.206523730987722,0.274143302180685,0.441268096023456
191273.411807,2662366.126422,0.00623967700495504,0.0611121306661773,0.000183519911910442,0.112681225913012,0.159845843273995,0.65993760322995
191773.411807,2662366.126422,0.0471300201723822,0.0799559875298001,0.000183385292499542,0.432972675591418,0.194388410049514,0.245369521364387
192273.411807,2662366.126422,0.0232728605460876,0.0276708814366868,0.0106285504856148,0.678944474986256,0.113798790544255,0.1456844420011
192773.411807,2662366.126422,0.0559735731326849,0.188841989355845,0.000367039823820885,0.450357863828225,0.172141677371995,0.132317856487429
193273.411807,2662366.126422,0.0240234733174399,0.149275628094627,0,0.493489822116266,0.127086007702182,0.206125068769485
193773.411807,2662366.126422,0.0174088326919553,0.150998717243907,0,0.537291552134873,0.191130657870625,0.10317024005864
194273.411807,2662366.126422,0.0214718296935217,0.450908423563957,0,0.119654982565608,0.115066984767847,0.292897779409066
194773.411807,2662366.126422,0.0201723821749496,0.599486521181001,0,0.0485971025123785,0.0674857876398313,0.264258206491839
195273.411807,2662366.126422,0.0174088326919553,0.510536925050394,0,0.0835623969213854,0.166025288620121,0.222466556716144
195773.411807,2662366.126422,0.0187190310148651,0.595522114149385,0,0.0466140576252523,0.0587263718113415,0.280418425399156
196273.411807,2662366.126422,0.0335595085274161,0.591600953603521,0,0.114982578397213,0.114432422519714,0.145424536952136
196773.411807,2662366.126422,0.0278541323071285,0.464357705699102,0,0.183983873923401,0.13450613890416,0.189298149166209
197273.411807,2662366.126422,0.0179849513672233,0.551293815378969,0,0.0583593319875206,0.105156909524683,0.267204991741604
197773.411807,2662366.126422,0.010819732257473,0.356501008619109,0,0.0713368787823217,0.0680359435173299,0.493306436823767
198273.411807,2662366.126422,0.0430639545537841,0.0806303829943192,0,0.277441817848635,0.177936595198827,0.420927249404435
198773.411807,2662366.126422,0.0745090842356396,0.289961460818499,0,0.14112681225913,0.152688566709488,0.341714075977244
186773.411807,2661866.126422,0.0146788990825688,0.54697247706422,0,0.0948623853211009,0.0809174311926606,0.26256880733945
187273.411807,2661866.126422,0.0489818381948266,0.201247477527059,0.0104567969179967,0.419189139607411,0.114474408365438,0.205650339387268
187773.411807,2661866.126422,0.0434065934065934,0.313369963369963,0.0227106227106227,0.474725274725275,0.0435897435897436,0.102197802197802
188273.411807,2661866.126422,0.113577981651376,0.238532110091743,0.0381651376146789,0.495229357798165,0.0493577981651376,0.0651376146788991
188773.411807,2661866.126422,0.130067877453678,0.203448908457164,0.0385250412768299,0.433865345808109,0.0730141258484682,0.121078701155751
189273.411807,2661866.126422,0.000732600732600733,0.187912087912088,0.149084249084249,0.395787545787546,0.0402930402930403,0.226190476190476
189773.411807,2661866.126422,0.00697247706422018,0.123302752293578,0.0911926605504587,0.469357798165138,0.0644036697247706,0.244770642201835
190273.411807,2661866.126422,0.0374243258117777,0.185837461016327,0,0.218858924967896,0.206200697119795,0.351678591084205
190773.411807,2661866.126422,0.0298534798534799,0.115750915750916,0,0.161721611721612,0.163553113553114,0.529120879120879
191273.411807,2661866.126422,0.0244036697247706,0.0719266055045872,0,0.318899082568807,0.175596330275229,0.409174311926606
191773.411807,2661866.126422,0.0596220876903321,0.0124747752705926,0.000183452577508714,0.566868464501926,0.185103650706292,0.175747569253348
192273.411807,2661866.126422,0.0194139194139194,0.0184981684981685,0.0315018315018315,0.805128205128205,0.0987179487179487,0.0267399267399267
192773.411807,2661866.126422,0.0170642201834862,0.0577981651376147,0.0110091743119266,0.705688073394495,0.130091743119266,0.078348623853211
193273.411807,2661866.126422,0.0113740598055403,0.064758759860576,0.000183452577508714,0.811961108053568,0.078884608328747,0.0328380113740598
193773.411807,2661866.126422,0.023992673992674,0.317765567765568,0,0.412454212454212,0.0967032967032967,0.149084249084249
194273.411807,2661866.126422,0.0363302752293578,0.213577981651376,0,0.224954128440367,0.219449541284404,0.305688073394495
194773.411807,2661866.126422,0.0119244175380664,0.404696385984223,0,0.162905888827738,0.184736745551275,0.235736562098697
195273.411807,2661866.126422,0.0234432234432234,0.526373626373626,0,0.0637362637362637,0.147619047619048,0.238827838827839
195773.411807,2661866.126422,0.0524770642201835,0.379633027522936,0,0.208623853211009,0.148440366972477,0.210825688073394
196273.411807,2661866.126422,0.0297193175564117,0.476242891212622,0,0.0876903320491653,0.143276463034306,0.263070996147496
196773.411807,2661866.126422,0.0452380952380952,0.556043956043956,0,0.121428571428571,0.156227106227106,0.121062271062271
197273.411807,2661866.126422,0.0220183486238532,0.642018348623853,0,0.0381651376146789,0.104036697247706,0.193761467889908
197773.411807,2661866.126422,0.0423775454045129,0.361768482847184,0.000733810310034856,0.197394973399376,0.150431113557145,0.247294074481746
198273.411807,2661866.126422,0.0254578754578755,0.157875457875458,0,0.221978021978022,0.196153846153846,0.398534798534799
198773.411807,2661866.126422,0.0588990825688073,0.139816513761468,0,0.388256880733945,0.197614678899083,0.215412844036697
189773.411807,2661366.126422,0.0181318681318681,0.0785714285714286,0.333333333333333,0.389377289377289,0.0796703296703297,0.100915750915751
190273.411807,2661366.126422,0.00915750915750916,0.182234432234432,0.123076923076923,0.136080586080586,0.143223443223443,0.406227106227106
190773.411807,2661366.126422,0.0205353868720205,0.348734873487349,0,0.155298863219655,0.154198753208654,0.321232123212321
191273.411807,2661366.126422,0.0615384615384615,0.146520146520147,0,0.118131868131868,0.119047619047619,0.554761904761905
191773.411807,2661366.126422,0.0397435897435897,0.0441391941391941,0,0.516483516483517,0.233333333333333,0.166300366300366
192273.411807,2661366.126422,0.0111844517785112,0.0231023102310231,0.00586725339200587,0.861569490282362,0.0951595159515952,0.00311697836450312
192773.411807,2661366.126422,0.00714285714285714,0.0258241758241758,0.0194139194139194,0.85952380952381,0.0714285714285714,0.0166666666666667
193273.411807,2661366.126422,0.030952380952381,0.0446886446886447,0.00421245421245421,0.741758241758242,0.113736263736264,0.0646520146520147
193773.411807,2661366.126422,0.0245691235790246,0.203337000366703,0.00623395672900623,0.512651265126513,0.145581224789146,0.107627429409608
194273.411807,2661366.126422,0.0245421245421245,0.357142857142857,0,0.228021978021978,0.171245421245421,0.219047619047619
194773.411807,2661366.126422,0.0250915750915751,0.455128205128205,0,0.148717948717949,0.17014652014652,0.200915750915751
195273.411807,2661366.126422,0.0753575357535754,0.347818115144848,0,0.164099743307664,0.206087275394206,0.206637330399707
195773.411807,2661366.126422,0.0186813186813187,0.508424908424908,0,0.10018315018315,0.143772893772894,0.228937728937729
196273.411807,2661366.126422,0.0142857142857143,0.133150183150183,0,0.0536630036630037,0.0375457875457875,0.761355311355311
196773.411807,2661366.126422,0.0396039603960396,0.414374770810414,0,0.197836450311698,0.210854418775211,0.137330399706637
197273.411807,2661366.126422,0.0252747252747253,0.543956043956044,0.000183150183150183,0.0688644688644689,0.117216117216117,0.244505494505494
197773.411807,2661366.126422,0.0489010989010989,0.478571428571429,0,0.147985347985348,0.0853479853479854,0.239194139194139
198273.411807,2661366.126422,0.0616061606160616,0.206270627062706,0.000916758342500917,0.152548588192153,0.162632929959663,0.416024935826916
198773.411807,2661366.126422,0.060989010989011,0.114468864468864,0,0.417032967032967,0.165934065934066,0.241575091575092
188773.411807,2660866.126422,0.00201723821749496,0.12415184302219,0.53200073354117,0.187052998349532,0.0562992847973593,0.0984779020722538
