"x","y","forest","agri","water","built","other","grass"
160273.411807,2583366.126422,0.000771902740254728,0.0260517174835971,0.822462369741413,0.111539945966808,0.0351215746815901,0.00405248938633732
160273.411807,2582866.126422,0,0.100676328502415,0.684251207729469,0.126376811594203,0.0589371980676328,0.0297584541062802
160273.411807,2582366.126422,0.0071525227140924,0.0239706166634448,0.848443843031123,0.051227527546878,0.0421418905857336,0.027063599458728
159773.411807,2581866.126422,0,0.0302197802197802,0.455494505494505,0.154578754578755,0.146336996336996,0.213369963369963
160273.411807,2581866.126422,0,0.0054033191817831,0.832690081049788,0.106329602470089,0.0167888846005403,0.0387881126978001
159773.411807,2581366.126422,0,0.108643787850982,0.354927509634795,0.267021471829694,0.146265369792623,0.123141860891907
160273.411807,2581366.126422,0,0.011207729468599,0.817391304347826,0.107826086956522,0.032463768115942,0.0311111111111111
159773.411807,2580866.126422,0,0.0168807339449541,0.351192660550459,0.594128440366972,0.00495412844036697,0.0328440366972477
160273.411807,2580866.126422,0,0.0168180939493524,0.717378697080997,0.189445196211096,0.0284167794316644,0.0479412333268896
159773.411807,2580366.126422,0.0695970695970696,0.174542124542125,0.260989010989011,0.111355311355311,0.0641025641025641,0.319413919413919
160273.411807,2580366.126422,0.000578927055191046,0.0428406020841374,0.546700115785411,0.386723272867619,0.00714010034735623,0.0160169818602856
159773.411807,2579866.126422,0.009543035419343,0.0836850798311617,0.41090108276748,0.0376215819416407,0.0565241328684162,0.401725087171958
160273.411807,2579866.126422,0.010048309178744,0.0728502415458937,0.689082125603865,0.146473429951691,0.02743961352657,0.0541062801932367
159273.411807,2579366.126422,0.0379120879120879,0.023992673992674,0.825824175824176,0.0166666666666667,0,0.0956043956043956
159773.411807,2579366.126422,0.0372477064220183,0.0170642201834862,0.545688073394495,0.175412844036697,0.0499082568807339,0.174678899082569
160273.411807,2579366.126422,0.0185578967716992,0.0941426638314324,0.703266963077518,0.120239706166634,0.0317030736516528,0.0320896965010632
159273.411807,2578866.126422,0.0102676934360103,0.035020168683535,0.358085808580858,0.0458379171250458,0.0313531353135314,0.519435276861019
159773.411807,2578866.126422,0.0236263736263736,0.0793040293040293,0.634432234432234,0.21043956043956,0.0168498168498168,0.0353479853479853
160273.411807,2578866.126422,0.00250868390582787,0.0476649942107294,0.812041682747974,0.0677344654573524,0.0316480123504438,0.0384021613276727
158773.411807,2578366.126422,0.00623509994498441,0.0133871263524665,0.746011369888135,0.0344764349899138,0.0139372822299652,0.185952686594535
159273.411807,2578366.126422,0.0102620487447315,0.0439802089059923,0.46747297049661,0.151914971596115,0.103903243540407,0.222466556716144
159773.411807,2578366.126422,0,0.0354193429987154,0.6555331253441,0.238942925307396,0.0313819049366856,0.0387227014131033
160273.411807,2578366.126422,0.0338164251207729,0.123864734299517,0.672270531400966,0.0639613526570048,0.0508212560386473,0.0552657004830918
158773.411807,2577866.126422,0.00183452577508714,0.0374243258117777,0.269491836360301,0.349293707576591,0.155017427994863,0.18693817648138
159273.411807,2577866.126422,0.000366300366300366,0.0355311355311355,0.746153846153846,0.173260073260073,0.0258241758241758,0.0188644688644689
159773.411807,2577866.126422,0.00201834862385321,0.0704587155963303,0.784036697247706,0.0794495412844037,0.0168807339449541,0.0471559633027523
160273.411807,2577866.126422,0.0065725884399768,0.068625555770346,0.727044268316257,0.114633674850184,0.0624395901797796,0.0206843224434564
158773.411807,2577366.126422,0.00384615384615385,0.00805860805860806,0.443956043956044,0.491391941391941,0.032967032967033,0.0197802197802198
159273.411807,2577366.126422,0,0.00128346167950128,0.762192885955262,0.148148148148148,0.0205353868720205,0.0678401173450678
159773.411807,2577366.126422,0.00347985347985348,0.0148351648351648,0.691025641025641,0.132417582417582,0.054029304029304,0.104212454212454
160273.411807,2577366.126422,0.00250868390582787,0.0833654959475106,0.660941721343111,0.156310304901582,0.0712080277884986,0.0256657661134697
157773.411807,2576866.126422,0.00109950522264981,0.119479567527946,0.48653106102254,0.268096023456111,0.0371999266996518,0.0875939160711013
158273.411807,2576866.126422,0,0.111580106441549,0.396403009726555,0.438796109377868,0.0200036703982382,0.0332171040557901
158773.411807,2576866.126422,0,0.0832569227947919,0.600220062350999,0.279479185769301,0.01998899688245,0.0170548322024574
159273.411807,2576866.126422,0,0.0289536375297783,0.748946307494961,0.208356239692139,0.0113615539673813,0.00238226131574125
159773.411807,2576866.126422,0.0012846393833731,0.0530372545421178,0.672783997063681,0.190310148651129,0.0389062213250138,0.0436777390346853
160273.411807,2576866.126422,0.00289855072463768,0.0599033816425121,0.655265700483092,0.178357487922705,0.0604830917874396,0.0430917874396135
157773.411807,2576366.126422,0.00311355311355311,0.0536630036630037,0.678388278388278,0.22032967032967,0.0368131868131868,0.00769230769230769
158273.411807,2576366.126422,0,0.0405504587155963,0.561467889908257,0.371926605504587,0.0141284403669725,0.0119266055045872
158773.411807,2576366.126422,0.00110071546505228,0.0530177949000183,0.745367822417905,0.130251330031187,0.0339387268391121,0.0363236103467254
159273.411807,2576366.126422,0,0.141575091575092,0.591025641025641,0.124175824175824,0.0523809523809524,0.0908424908424908
159773.411807,2576366.126422,0.00238532110091743,0.107522935779817,0.677981651376147,0.128990825688073,0.0324770642201835,0.0506422018348624
160273.411807,2576366.126422,0,0.100521940846704,0.6617050067659,0.17359365938527,0.0465880533539532,0.0175913396481732
157773.411807,2575866.126422,0.00898423175650898,0.104143747708104,0.705353868720205,0.138980564723139,0.0302530253025303,0.0122845617895123
158273.411807,2575866.126422,0.0032967032967033,0.108058608058608,0.0562271062271062,0.754761904761905,0.0263736263736264,0.0512820512820513
158773.411807,2575866.126422,0.00146520146520147,0.114835164835165,0.1503663003663,0.622710622710623,0.0558608058608059,0.0547619047619048
159273.411807,2575866.126422,0.00055005500550055,0.0449211587825449,0.78034470113678,0.134030069673634,0.0342867620095343,0.00586725339200587
159773.411807,2575866.126422,0.00402930402930403,0.155860805860806,0.557692307692308,0.0844322344322344,0.0584249084249084,0.13956043956044
160273.411807,2575866.126422,0.00096487842531841,0.0903126206098032,0.692203782323427,0.172906213817059,0.0335777692010807,0.0100347356233115
157773.411807,2575366.126422,0.00109950522264981,0.0588235294117647,0.773318673263698,0.142935678944475,0.0192413413963716,0.00458127176104087
158273.411807,2575366.126422,0,0.153239126445219,0.0897412369242063,0.681592952835383,0.0368875022939989,0.0385391815011929
158773.411807,2575366.126422,0.000916926462497708,0.156244269209609,0.408949202273978,0.293599853291766,0.0524481936548689,0.0878415551072804
159273.411807,2575366.126422,0.000183250870441635,0.0930914421843504,0.705332600329852,0.103353490929082,0.042147700201576,0.0558915154846986
159773.411807,2575366.126422,0.000917599559552211,0.0541383740135805,0.730042209579739,0.147366489264085,0.0486327766562672,0.0189025509267756
160273.411807,2575366.126422,0.00386473429951691,0.0479227053140097,0.824734299516908,0.0975845410628019,0.0222222222222222,0.00367149758454106
157773.411807,2574866.126422,0.0021978021978022,0.106227106227106,0.541575091575092,0.295604395604396,0.0296703296703297,0.0247252747252747
158273.411807,2574866.126422,0,0.127339449541284,0.0423853211009174,0.760183486238532,0.0442201834862385,0.0258715596330275
158773.411807,2574866.126422,0.00421940928270042,0.0682443588332416,0.177215189873418,0.705558613098514,0.0365070629242341,0.00825536598789213
159273.411807,2574866.126422,0.00549450549450549,0.0725274725274725,0.728388278388278,0.137362637362637,0.0364468864468864,0.0197802197802198
159773.411807,2574866.126422,0,0.0412844036697248,0.815045871559633,0.104587155963303,0.0187155963302752,0.0203669724770642
160273.411807,2574866.126422,0,0.030929827952832,0.831819060506476,0.106514595012565,0.0228107481152136,0.0079257684129132
157773.411807,2574366.126422,0.00366703337000367,0.0258525852585259,0.710487715438211,0.252291895856252,0.00256692335900257,0.00513384671800513
158273.411807,2574366.126422,0.000915750915750916,0.0673992673992674,0.317765567765568,0.596336996336996,0.0102564102564103,0.00732600732600733
158773.411807,2574366.126422,0,0.0586080586080586,0.732051282051282,0.167582417582418,0.0203296703296703,0.0214285714285714
159273.411807,2574366.126422,0.0011001100110011,0.0165016501650165,0.933993399339934,0.0396039603960396,0.00751741840850752,0.00128346167950128
159773.411807,2574366.126422,0.0157509157509158,0.0525641025641026,0.579120879120879,0.207509157509158,0.0824175824175824,0.0626373626373626
160273.411807,2574366.126422,0.0160169818602856,0.0165959089154766,0.270744886144346,0.589733693554612,0.0908915476649942,0.0160169818602856
157273.411807,2573866.126422,0,0,1,0,0,0
157773.411807,2573866.126422,0.00201575957485798,0.0263881253435954,0.516217702034085,0.455378413047462,0,0
158273.411807,2573866.126422,0,0,0.85079831161681,0.14920168838319,0,0
158773.411807,2573866.126422,0.000733541169998166,0.0614340729873464,0.812396845772969,0.0960938932697598,0.0256739409499358,0.00366770584999083
159273.411807,2573866.126422,0.00256551218618288,0.0778816199376947,0.653106102253986,0.204691222283306,0.0304196444933113,0.0313358988455195
159773.411807,2573866.126422,0,0.00899247568361167,0.741420444118187,0.234905487245366,0.0146815929528354,0
160273.411807,2573866.126422,0.0210628019323672,0.0177777777777778,0.3543961352657,0.436908212560386,0.143381642512077,0.0264734299516908
157273.411807,2573366.126422,0,0,1,0,0,0
157773.411807,2573366.126422,0,0,0.625824175824176,0.374175824175824,0,0
158273.411807,2573366.126422,0.00055045871559633,0.00642201834862385,0.839449541284404,0.14954128440367,0.00385321100917431,0.00018348623853211
158773.411807,2573366.126422,0.0066042927903137,0.133920381581361,0.504861493303981,0.175013758943313,0.091726288754357,0.087873784626674
159273.411807,2573366.126422,0.000549450549450549,0.0879120879120879,0.52967032967033,0.284249084249084,0.0554945054945055,0.0421245421245421
159773.411807,2573366.126422,0,0.0159633027522936,0.608990825688073,0.328256880733945,0.0401834862385321,0.00660550458715596
160273.411807,2573366.126422,0.0104388169340808,0.049294413299826,0.579354339841485,0.240286100908564,0.0722984728397448,0.0483278561763
157273.411807,2572866.126422,0,0,0.998168498168498,0.00183150183150183,0,0
157773.411807,2572866.126422,0,0,0.570590392372571,0.429409607627429,0,0
158273.411807,2572866.126422,0,0,0.912454212454212,0.0875457875457875,0,0
158773.411807,2572866.126422,0.000732600732600733,0.00659340659340659,0.945054945054945,0.045970695970696,0.00164835164835165,0
159273.411807,2572866.126422,0.00275027502750275,0.0408874220755409,0.658232489915658,0.231023102310231,0.017968463513018,0.0491382471580491
159773.411807,2572866.126422,0.0210622710622711,0.0602564102564103,0.41959706959707,0.326007326007326,0.104212454212454,0.0688644688644689
160273.411807,2572866.126422,0.0403319181783095,0.0932072558857584,0.143766885372443,0.131802392898495,0.155731377846391,0.435160169818603
157273.411807,2572366.126422,0.00199159105996902,0.0108431068820536,0.81256915246736,0.169949103784023,0.00464704580659438,0
157773.411807,2572366.126422,0,0,0.47875166002656,0.52124833997344,0,0
158273.411807,2572366.126422,0,0.0097452934662237,0.973643410852713,0.010188261351052,0.000664451827242525,0.00575858250276855
158773.411807,2572366.126422,0,0.099579552998451,0.599026333259571,0.159548572693074,0.0832042487275946,0.05864129232131
159273.411807,2572366.126422,0.00221336874723329,0.146746347941567,0.569499778663125,0.140991589198761,0.0885347498893316,0.0520141655599823
159773.411807,2572366.126422,0,0.100553709856035,0.492137320044297,0.282834994462901,0.0777408637873754,0.0467331118493909
160273.411807,2572366.126422,0.000235737859500236,0.158651579443659,0.237388024516737,0.31046676096181,0.151815181518152,0.141442715700141
