"x","y","forest","agri","water","built","other","grass"
174773.411807,2502866.126422,0.586129193790686,0.00500751126690035,0.0400600901352028,0.302954431647471,0.0215322984476715,0.0443164747120681
175273.411807,2502866.126422,0.155327663831916,0.0102551275637819,0.0760380190095048,0.619309654827414,0.0710355177588794,0.0680340170085043
175773.411807,2502866.126422,0.15792103948026,0.0747126436781609,0.144927536231884,0.431034482758621,0.0529735132433783,0.138430784607696
176273.411807,2502866.126422,0.0498247371056585,0.0195292939409114,0.373560340510766,0.510766149223836,0.0230345518277416,0.0232849273910866
176773.411807,2502866.126422,0.16208104052026,0.0452726363181591,0.0750375187593797,0.57903951975988,0.0570285142571286,0.0815407703851926
177273.411807,2502866.126422,0.109195402298851,0.110694652673663,0.104197901049475,0.5992003998001,0.0349825087456272,0.0417291354322839
177773.411807,2502866.126422,0.165998998497747,0.102403605408112,0.197546319479219,0.466950425638458,0.0105157736604907,0.056584877315974
178273.411807,2502866.126422,0.0910455227613807,0.114307153576788,0.204852426213107,0.541270635317659,0.0150075037518759,0.0335167583791896
178773.411807,2502866.126422,0.0409795102448776,0.0289855072463768,0.307346326836582,0.616691654172913,0.00549725137431284,0.000499750124937531
179273.411807,2502866.126422,0.181021532298448,0.189283925888833,0.104406609914872,0.474962443665498,0.0242864296444667,0.0260390585878818
179773.411807,2502866.126422,0.0835417708854427,0.151825912956478,0.0820410205102551,0.655827913956978,0.0100050025012506,0.0167583791895948
180273.411807,2502866.126422,0.154672663668166,0.24287856071964,0.0529735132433783,0.507246376811594,0.0232383808095952,0.0189905047476262
180773.411807,2502866.126422,0.226589884827241,0.243365047571357,0.0681021532298448,0.444917376064096,0.00926389584376565,0.00776164246369554
181273.411807,2502866.126422,0.0600300150075038,0.0897948974487244,0.182841420710355,0.641820910455228,0.00950475237618809,0.016008004002001
181773.411807,2502866.126422,0.278860569715142,0.296851574212894,0.0462268865567216,0.323338330834583,0.0367316341829085,0.0179910044977511
182273.411807,2502866.126422,0.14822233350025,0.311467200801202,0.0635953930896345,0.430896344516775,0.0167751627441162,0.029043565348022
182773.411807,2502866.126422,0.0312656328164082,0.582541270635318,0.0105052526263132,0.325662831415708,0.0172586293146573,0.0327663831915958
183273.411807,2502866.126422,0.0937031484257871,0.168165917041479,0.0452273863068466,0.653673163418291,0.0119940029985007,0.0272363818090955
183773.411807,2502866.126422,0.124436654982474,0.127941912869304,0.000751126690035053,0.685277916875313,0.0325488232348523,0.029043565348022
184273.411807,2502866.126422,0.0275137568784392,0.0252626313156578,0.0275137568784392,0.919459729864933,0.000250125062531266,0
184773.411807,2502866.126422,0.0542228885557221,0.0699650174912544,0.0174912543728136,0.844577711144428,0.0109945027486257,0.00274862568715642
185273.411807,2502866.126422,0.0643465197796695,0.057836755132699,0.105908863294942,0.755383074611918,0.014772158237356,0.00175262894341512
173773.411807,2502366.126422,0,0.0010989010989011,0.997252747252747,0.00164835164835165,0,0
174273.411807,2502366.126422,0,0,0.95012834616795,0.0491382471580491,0.000733406674000733,0
174773.411807,2502366.126422,0.377655677655678,0.0102564102564103,0.0335164835164835,0.466849816849817,0.0489010989010989,0.0628205128205128
175273.411807,2502366.126422,0.021978021978022,0.0265567765567766,0.390659340659341,0.521978021978022,0.0234432234432234,0.0153846153846154
175773.411807,2502366.126422,0.03997066373304,0.0766409974330766,0.0991932526585992,0.632746607994133,0.0407040704070407,0.110744407774111
176273.411807,2502366.126422,0.0509157509157509,0.0338827838827839,0.221611721611722,0.610805860805861,0.0379120879120879,0.0448717948717949
176773.411807,2502366.126422,0.127472527472527,0.0705128205128205,0.0521978021978022,0.575641025641026,0.0611721611721612,0.113003663003663
177273.411807,2502366.126422,0.0755408874220755,0.0804913824715805,0.09002566923359,0.684268426842684,0.0319031903190319,0.0377704437110378
177773.411807,2502366.126422,0.0184981684981685,0.0379120879120879,0.502014652014652,0.438461538461538,0.00274725274725275,0.000366300366300366
178273.411807,2502366.126422,0.0324175824175824,0.0283882783882784,0.156776556776557,0.779120879120879,0.0021978021978022,0.0010989010989011
178773.411807,2502366.126422,0.0487715438210488,0.0623395672900623,0.302530253025303,0.535203520352035,0.0223689035570224,0.0287862119545288
179273.411807,2502366.126422,0.0965201465201465,0.132051282051282,0.0468864468864469,0.711355311355311,0.00695970695970696,0.00622710622710623
179773.411807,2502366.126422,0.0357142857142857,0.0523809523809524,0.198351648351648,0.703296703296703,0.00201465201465201,0.00824175824175824
180273.411807,2502366.126422,0.0667400073340667,0.0751741840850752,0.211587825449212,0.64026402640264,0.0044004400440044,0.00183351668500183
180773.411807,2502366.126422,0.0450549450549451,0.0862637362637363,0.146153846153846,0.721062271062271,0.000549450549450549,0.000915750915750916
181273.411807,2502366.126422,0.0485347985347985,0.0756410256410256,0.120512820512821,0.754029304029304,0.00128205128205128,0
181773.411807,2502366.126422,0.166116611661166,0.248991565823249,0.07004033736707,0.509167583425009,0.00165016501650165,0.00403373670700403
182273.411807,2502366.126422,0.230769230769231,0.512087912087912,0.0467032967032967,0.0675824175824176,0.0417582417582418,0.101098901098901
182773.411807,2502366.126422,0.230952380952381,0.401465201465201,0.00842490842490842,0.352564102564103,0.00604395604395604,0.000549450549450549
183273.411807,2502366.126422,0.181701503483682,0.173267326732673,0.0218188485515218,0.598643197653099,0.0198019801980198,0.00476714338100477
183773.411807,2502366.126422,0.0710622710622711,0.0501831501831502,0.19047619047619,0.66978021978022,0.00970695970695971,0.00879120879120879
184273.411807,2502366.126422,0.119047619047619,0.168681318681319,0.0805860805860806,0.626739926739927,0.00146520146520147,0.00347985347985348
184773.411807,2502366.126422,0.231939860652732,0.242940960762743,0.0066006600660066,0.436560322698937,0.0518885221855519,0.0300696736340301
185273.411807,2502366.126422,0.322344322344322,0.407692307692308,0.000915750915750916,0.245970695970696,0.0152014652014652,0.00787545787545788
174273.411807,2501866.126422,0.163093274693055,0.0388491845336265,0.388675096206707,0.313725490196078,0.0152098222466557,0.0804471321238776
174773.411807,2501866.126422,0.0161497522481189,0.025325747843641,0,0.939254909157644,0.011194714626537,0.00807487612405946
175273.411807,2501866.126422,0,0,0.555474050981111,0.444525949018889,0,0
175773.411807,2501866.126422,0,0,0.164009529045263,0.835990470954737,0,0
176273.411807,2501866.126422,0.0196366305744173,0.0130299137456414,0.226096531473665,0.715177096714994,0.0214718296935217,0.00458799779776106
176773.411807,2501866.126422,0.00898587933247754,0.0183385292499542,0.352466532184119,0.595085274161012,0.0190720704199523,0.00605171465248487
177273.411807,2501866.126422,0.0382994319223016,0.0908924317390508,0.375114531794026,0.45849367784497,0.0212571009712296,0.0159428257284222
177773.411807,2501866.126422,0.0728574050284456,0.0594604514589833,0.217654615525785,0.604331069921086,0.0266103872270141,0.019086070838686
178273.411807,2501866.126422,0.0781221346048047,0.0674857876398313,0.0959105079772602,0.707133687878232,0.0232899321474418,0.0280579497524299
178773.411807,2501866.126422,0.0276708814366868,0.0276708814366868,0.138354407183434,0.800806303829943,0.00256551218618288,0.00293201392706615
179273.411807,2501866.126422,0.0679023674068636,0.0893741971003854,0.138741053404294,0.679023674068636,0.0154156726004772,0.009543035419343
179773.411807,2501866.126422,0.0918760315422703,0.123418301852191,0.183752063084541,0.600220062350999,0.000366770584999083,0.000366770584999083
180273.411807,2501866.126422,0.0885101704233095,0.140553417628734,0.113982041414697,0.649624335715595,0.00109950522264981,0.00623052959501558
180773.411807,2501866.126422,0.125894659570563,0.17838135437695,0.00201871903101487,0.678656634244816,0.00917599559552211,0.00587263718113415
181273.411807,2501866.126422,0.12781954887218,0.189253621859527,0.0196222262974509,0.619475518063451,0.0113698881349716,0.0324591967724189
181773.411807,2501866.126422,0.0606560381161811,0.134139637163277,0.078248121678578,0.694154297232912,0.0179585853032802,0.0148433205057724
182273.411807,2501866.126422,0.289410901082767,0.329051202055423,0.000367039823820885,0.198568544687099,0.0528537346302074,0.129748577720683
182773.411807,2501866.126422,0.0898587933247754,0.128919860627178,0.0304419585549239,0.725838987713185,0.0194388410049514,0.00550155877498625
183273.411807,2501866.126422,0.251053692505039,0.227414330218069,0.0483782297965915,0.471504489646326,0.00164925783397471,0
183773.411807,2501866.126422,0.192695907505964,0.30702881262617,0.104606349788952,0.363552945494586,0.0231235089007157,0.00899247568361167
184273.411807,2501866.126422,0.196772418852008,0.372638914359068,0.0110031175499725,0.40418118466899,0.0141206675224647,0.00128369704749679
184773.411807,2501866.126422,0.353857430822796,0.468938977460143,0,0.0773318673263698,0.0390324354040682,0.0608392889866227
185273.411807,2501866.126422,0.369792622499541,0.41090108276748,0.120572582125161,0.058909891723252,0.017434391631492,0.022389429253074
174273.411807,2501366.126422,0.0249084249084249,0.0236263736263736,0.830952380952381,0.0379120879120879,0.0122710622710623,0.0703296703296703
174773.411807,2501366.126422,0.0278899082568807,0.00807339449541284,0.316880733944954,0.591192660550459,0.0460550458715596,0.00990825688073394
175273.411807,2501366.126422,0.0275178866263071,0.0111906072280316,0.301229132269308,0.640432948082921,0.0172445422858191,0.00238488350761328
175773.411807,2501366.126422,0.0021978021978022,0.00311355311355311,0.0921245421245421,0.897435897435897,0.00494505494505494,0.000183150183150183
176273.411807,2501366.126422,0.00073394495412844,0.00238532110091743,0.0192660550458716,0.977614678899083,0,0
176773.411807,2501366.126422,0.001284168042561,0.00183452577508714,0.00953953403045313,0.987341772151899,0,0
177273.411807,2501366.126422,0.00586080586080586,0.026007326007326,0.0446886446886447,0.892857142857143,0.0197802197802198,0.0108058608058608
177773.411807,2501366.126422,0.0622018348623853,0.173394495412844,0.168073394495413,0.439082568807339,0.0524770642201835,0.104770642201835
178273.411807,2501366.126422,0.0862227114290956,0.123830489818382,0.222161071363053,0.536965694368006,0.00770500825536599,0.023115024766098
178773.411807,2501366.126422,0.0586080586080586,0.0646520146520147,0.27967032967033,0.575824175824176,0.0144688644688645,0.00677655677655678
179273.411807,2501366.126422,0.0911926605504587,0.0623853211009174,0.10348623853211,0.72091743119266,0.0143119266055046,0.00770642201834862
179773.411807,2501366.126422,0.0970464135021097,0.150614566134654,0.0691616217207852,0.658778205833792,0.0172445422858191,0.00715465052283985
180273.411807,2501366.126422,0.136996336996337,0.229304029304029,0.0945054945054945,0.521978021978022,0.0139194139194139,0.0032967032967033
180773.411807,2501366.126422,0.018348623853211,0.0724770642201835,0.235596330275229,0.667522935779816,0.00403669724770642,0.00201834862385321
181273.411807,2501366.126422,0.0610897083104018,0.094294624839479,0.0671436433681893,0.758392955421024,0.0122913226930838,0.00678774536782242
181773.411807,2501366.126422,0.0357142857142857,0.0402930402930403,0.140842490842491,0.776923076923077,0.00476190476190476,0.00146520146520147
182273.411807,2501366.126422,0.0425688073394495,0.0671559633027523,0.046605504587156,0.839633027522936,0.00330275229357798,0.00073394495412844
182773.411807,2501366.126422,0.0381581361218125,0.0366905155017428,0.226747385800771,0.698403962575674,0,0
183273.411807,2501366.126422,0.151465201465201,0.266483516483516,0.00934065934065934,0.517399267399267,0.0456043956043956,0.00970695970695971
183773.411807,2501366.126422,0.291009174311927,0.408990825688073,0.00018348623853211,0.182935779816514,0.0394495412844037,0.0774311926605505
184273.411807,2501366.126422,0.0946615299944964,0.223078334250596,0,0.607228031553843,0.0392588515868648,0.0357732526141992
184773.411807,2501366.126422,0.268681318681319,0.266483516483516,0,0.195238095238095,0.120879120879121,0.148717948717949
185273.411807,2501366.126422,0.394862385321101,0.273211009174312,0.0108256880733945,0.12348623853211,0.0618348623853211,0.135779816513761
175273.411807,2500866.126422,0.0879120879120879,0.0457875457875458,0.191025641025641,0.594139194139194,0.0373626373626374,0.0437728937728938
175773.411807,2500866.126422,0.0410707737440411,0.0645397873120645,0.151998533186652,0.668500183351668,0.0300696736340301,0.0438210487715438
176273.411807,2500866.126422,0.00201465201465201,0.00274725274725275,0.222893772893773,0.75970695970696,0.0126373626373626,0
176773.411807,2500866.126422,0.0492673992673993,0.0831501831501831,0.0305860805860806,0.810622710622711,0.015018315018315,0.0113553113553114
177273.411807,2500866.126422,0.00421708837550422,0.00733406674000733,0.0568390172350568,0.927576090942428,0.00238357169050238,0.00165016501650165
177773.411807,2500866.126422,0.0465201465201465,0.130952380952381,0.0340659340659341,0.718864468864469,0.0283882783882784,0.0412087912087912
178273.411807,2500866.126422,0.0963369963369963,0.283333333333333,0.0804029304029304,0.460989010989011,0.0283882783882784,0.0505494505494506
178773.411807,2500866.126422,0.161166116611661,0.251375137513751,0.145214521452145,0.385771910524386,0.0287862119545288,0.0276861019435277
179273.411807,2500866.126422,0.193772893772894,0.182234432234432,0.08003663003663,0.459340659340659,0.0307692307692308,0.0538461538461538
179773.411807,2500866.126422,0.122161172161172,0.27051282051282,0.0181318681318681,0.364652014652015,0.0635531135531135,0.160989010989011
180273.411807,2500866.126422,0.0595892922625596,0.0841584158415842,0.14998166483315,0.662266226622662,0.0284195086175284,0.0155848918225156
180773.411807,2500866.126422,0.017032967032967,0.0322344322344322,0.198717948717949,0.746520146520147,0.00311355311355311,0.00238095238095238
181273.411807,2500866.126422,0.0111721611721612,0.0126373626373626,0.172161172161172,0.804029304029304,0,0
181773.411807,2500866.126422,0.147964796479648,0.155848918225156,0.0264026402640264,0.650531719838651,0.00366703337000367,0.0155848918225156
182273.411807,2500866.126422,0.0355311355311355,0.105860805860806,0.0250915750915751,0.831868131868132,0.000549450549450549,0.0010989010989011
182773.411807,2500866.126422,0.080952380952381,0.150549450549451,0.0298534798534799,0.698351648351648,0.0195970695970696,0.0206959706959707
183273.411807,2500866.126422,0.112944627796113,0.487715438210488,0.00348368170150348,0.332416574990832,0.0348368170150348,0.0286028602860286
183773.411807,2500866.126422,0.225274725274725,0.361904761904762,0.00164835164835165,0.284798534798535,0.0673992673992674,0.058974358974359
184273.411807,2500866.126422,0.186630036630037,0.304761904761905,0,0.447435897435897,0.0294871794871795,0.0316849816849817
184773.411807,2500866.126422,0.261642830949762,0.444994499449945,0,0.148881554822149,0.0517051705170517,0.0927759442610928
185273.411807,2500866.126422,0.577106227106227,0.00897435897435897,0,0,0.000732600732600733,0.413186813186813
175273.411807,2500366.126422,0.0838070786722905,0.0485971025123785,0.0110031175499725,0.781221346048047,0.0326425820649184,0.0427287731523932
175773.411807,2500366.126422,0.0824628916987356,0.0998717243906908,0.0808136338647609,0.633315008246289,0.0481949789261499,0.0553417628733736
176273.411807,2500366.126422,0.0133969535694623,0.0390897412369242,0.299504496237842,0.578821802165535,0.00770783630023858,0.0614791704899982
176773.411807,2500366.126422,0.0170548322024574,0.0275077938749312,0.0390610673024023,0.89620392444526,0.0126535851824684,0.0075187969924812
177273.411807,2500366.126422,0.0328019058090526,0.0472787245739417,0.174088326919553,0.7152281473337,0.0157595748579806,0.0148433205057724
177773.411807,2500366.126422,0.00935951550743256,0.0214718296935217,0.207928060194531,0.740869884382455,0.0113782345384474,0.00899247568361167
178273.411807,2500366.126422,0.151109481019622,0.186869613057033,0.04401247019989,0.485237483953787,0.0564826700898588,0.0762882816798093
178773.411807,2500366.126422,0.0806303829943192,0.130108118013561,0.277808319589518,0.458676928715411,0.0254718709913872,0.0273043796958036
179273.411807,2500366.126422,0.118553863094146,0.342998715360617,0.0220223894292531,0.296751697559185,0.108827307762892,0.110846026793907
179773.411807,2500366.126422,0.256922794791858,0.259306803594352,0.00238400880249404,0.287181368054282,0.0889418668622776,0.105263157894737
180273.411807,2500366.126422,0.123877588418545,0.147516950705516,0.137804654572109,0.469122228330585,0.0483782297965915,0.0733003481766538
180773.411807,2500366.126422,0.0868049183336392,0.0950633143696091,0.109377867498624,0.679574233804368,0.0170673518076711,0.0121123141860892
181273.411807,2500366.126422,0.0177883733724555,0.0207225380524482,0.14395745461214,0.817531633962956,0,0
181773.411807,2500366.126422,0.0201575957485798,0.0351841671247938,0.0207073483599047,0.923401136155397,0.000549752611324904,0
182273.411807,2500366.126422,0.0638649293448339,0.104239309965131,0.0433106992108644,0.768948430904753,0.0121123141860892,0.00752431638832813
182773.411807,2500366.126422,0.186869613057033,0.326242435356684,0.00110031175499725,0.25582248303686,0.0808729139922978,0.149092242802127
183273.411807,2500366.126422,0.0998717243906908,0.172439069085578,0.000916254352208173,0.575407733186733,0.0753161077515118,0.0760491112332784
183773.411807,2500366.126422,0.331253440998348,0.202605982749128,0.0886401174527436,0.161314002569279,0.0519361350706552,0.164250321159846
184273.411807,2500366.126422,0.156977810379608,0.377406931964057,0.00110031175499725,0.18393544837704,0.103062534384742,0.177516963139556
184773.411807,2500366.126422,0.313175737584754,0.190947407000183,0,0.0615722924683892,0.0996884735202492,0.334616089426425
185273.411807,2500366.126422,0.39401725087172,0.0372545421178198,0.00458799779776106,0.00899247568361167,0.00752431638832813,0.54762341714076
175773.411807,2499866.126422,0.122527472527473,0.0807692307692308,0.0377289377289377,0.68003663003663,0.0344322344322344,0.0445054945054945
176273.411807,2499866.126422,0.0106422018348624,0.031743119266055,0.438165137614679,0.506422018348624,0.00715596330275229,0.00587155963302752
176773.411807,2499866.126422,0.00311869381764814,0.0130251330031187,0.400293524124014,0.583562649055219,0,0
177273.411807,2499866.126422,0.0338827838827839,0.0756410256410256,0.0181318681318681,0.852380952380952,0.0144688644688645,0.00549450549450549
177773.411807,2499866.126422,0.00862385321100917,0.0163302752293578,0.270275229357798,0.703119266055046,0.00146788990825688,0.00018348623853211
178273.411807,2499866.126422,0.0163272793982755,0.0653091175931022,0.137956338286553,0.691983122362869,0.0236653824986241,0.064758759860576
178773.411807,2499866.126422,0.0282051282051282,0.429487179487179,0.143589743589744,0.310989010989011,0.0397435897435897,0.047985347985348
179273.411807,2499866.126422,0.0475229357798165,0.380550458715596,0.0212844036697248,0.234311926605505,0.0726605504587156,0.243669724770642
179773.411807,2499866.126422,0.104934874334984,0.192808658961658,0.0809025866813429,0.44799119427628,0.0720968629609246,0.10126582278481
180273.411807,2499866.126422,0.0302197802197802,0.0642857142857143,0.271428571428571,0.603663003663004,0.0141025641025641,0.0163003663003663
180773.411807,2499866.126422,0.08,0.0921100917431193,0.224220183486239,0.586422018348624,0.00972477064220183,0.00752293577981651
181273.411807,2499866.126422,0.0258668134287287,0.0271509814712897,0.173546138323243,0.77178499357916,0.00146762062006971,0.000183452577508714
181773.411807,2499866.126422,0.060989010989011,0.0690476190476191,0.030952380952381,0.82985347985348,0.00714285714285714,0.00201465201465201
182273.411807,2499866.126422,0.0796330275229358,0.1,0.0447706422018349,0.736330275229358,0.0198165137614679,0.0194495412844037
182773.411807,2499866.126422,0.0627407815079802,0.128049899101082,0.000366905155017428,0.703907539900936,0.0335718216840947,0.0713630526508897
183273.411807,2499866.126422,0.162637362637363,0.279120879120879,0.000183150183150183,0.304945054945055,0.10018315018315,0.152930402930403
183773.411807,2499866.126422,0.202201834862385,0.344954128440367,0.00697247706422018,0.145321100917431,0.0590825688073394,0.241467889908257
184273.411807,2499866.126422,0.126765731058521,0.147312419739497,0.0423775454045129,0.585397174830306,0.071179600073381,0.026967528893781
184773.411807,2499866.126422,0.176739926739927,0.227289377289377,0.0010989010989011,0.248168498168498,0.118315018315018,0.228388278388278
185273.411807,2499866.126422,0.263119266055046,0.096697247706422,0.0269724770642202,0.0871559633027523,0.0781651376146789,0.447889908256881
176273.411807,2499366.126422,0.0635531135531135,0.265934065934066,0.122161172161172,0.262271062271062,0.0661172161172161,0.21996336996337
176773.411807,2499366.126422,0.00512820512820513,0.0126373626373626,0.268498168498168,0.704761904761905,0.00311355311355311,0.00586080586080586
177273.411807,2499366.126422,0.0196186285295196,0.0192519251925193,0.134396773010634,0.817015034836817,0.00935093509350935,0.000366703337000367
177773.411807,2499366.126422,0.0241758241758242,0.0824175824175824,0.1503663003663,0.720695970695971,0.0117216117216117,0.0106227106227106
178273.411807,2499366.126422,0.0214285714285714,0.1496336996337,0.0853479853479854,0.463919413919414,0.106776556776557,0.172893772893773
178773.411807,2499366.126422,0.0801246791345801,0.157499083241658,0.217455078841217,0.440960762742941,0.0469380271360469,0.057022368903557
179273.411807,2499366.126422,0.0302197802197802,0.0840659340659341,0.162820512820513,0.694688644688645,0.0186813186813187,0.00952380952380952
179773.411807,2499366.126422,0.0820512820512821,0.171611721611722,0.151648351648352,0.508791208791209,0.0247252747252747,0.0611721611721612
180273.411807,2499366.126422,0.0733406674000733,0.302896956362303,0.105060506050605,0.290612394572791,0.050971763843051,0.177117711771177
180773.411807,2499366.126422,0.0208791208791209,0.0655677655677656,0.175091575091575,0.728937728937729,0.00457875457875458,0.00494505494505494
181273.411807,2499366.126422,0.0184981684981685,0.0379120879120879,0.100732600732601,0.796336996336996,0.00805860805860806,0.0384615384615385
181773.411807,2499366.126422,0.0936927026035937,0.099009900990099,0.0133846718005134,0.768610194352769,0.0104510451045105,0.0148514851485149
182273.411807,2499366.126422,0.026007326007326,0.22014652014652,0.00164835164835165,0.589377289377289,0.0335164835164835,0.129304029304029
182773.411807,2499366.126422,0.0254578754578755,0.317765567765568,0.00293040293040293,0.43003663003663,0.0600732600732601,0.163736263736264
183273.411807,2499366.126422,0.0610561056105611,0.516318298496516,0,0.295562889622296,0.0333700036670334,0.0936927026035937
183773.411807,2499366.126422,0.0399267399267399,0.320879120879121,0,0.462454212454212,0.0395604395604396,0.137179487179487
184273.411807,2499366.126422,0.03003663003663,0.0857142857142857,0.0291208791208791,0.844688644688645,0.00915750915750916,0.00128205128205128
184773.411807,2499366.126422,0.221488815548222,0.268610194352769,0,0.317198386505317,0.0447378071140447,0.147964796479648
185273.411807,2499366.126422,0.234432234432234,0.341575091575092,0,0.073992673992674,0.0752747252747253,0.274725274725275
176773.411807,2498866.126422,0.101778837337246,0.147441775169631,0.253438474234366,0.365486887951586,0.0562992847973593,0.0755547405098111
177273.411807,2498866.126422,0,0.000366501740883269,0.550119113065787,0.44951438519333,0,0
177773.411807,2498866.126422,0.015782712424298,0.0638649293448339,0.0449623784180584,0.840154156726005,0.0152321526885667,0.0200036703982382
178273.411807,2498866.126422,0.0333761232349166,0.0429121584448927,0.104896387309738,0.784889051898038,0.0309921144324225,0.00293416467999266
178773.411807,2498866.126422,0.043613707165109,0.0509437419827744,0.197727689206524,0.664101154480484,0.0276708814366868,0.0159428257284222
179273.411807,2498866.126422,0.136722334373279,0.068452927142595,0.123692420627638,0.45219306294733,0.0425766195632226,0.176362635345935
179773.411807,2498866.126422,0.105629928479736,0.0805061434072987,0.0871080139372822,0.589767100678526,0.0651017788373372,0.0718870346598203
180273.411807,2498866.126422,0.0661535642294301,0.123877588418545,0.125160344511636,0.560930914421844,0.0505772402418911,0.0733003481766538
180773.411807,2498866.126422,0.0403743806202973,0.0455129381537897,0.250137639933933,0.639933932831712,0.0130299137456414,0.0110111947146265
181273.411807,2498866.126422,0.0867412433522831,0.125252154777187,0.0720704199523198,0.627177700348432,0.0190720704199523,0.0696864111498258
181773.411807,2498866.126422,0.0555250137438153,0.272494044346711,0.0443467106468756,0.599413597214587,0.0106285504856148,0.0175920835623969
182273.411807,2498866.126422,0.0363369425582676,0.44833914479721,0.00238575885483575,0.406129565057809,0.0240411084602679,0.0827674802716095
182773.411807,2498866.126422,0.0196222262974509,0.42013570511645,0.00311754997249221,0.499541536768751,0.0445626260773886,0.0130203557674674
183273.411807,2498866.126422,0.119296316657504,0.504672897196262,0.0108118013560564,0.202308960967565,0.0582737768004398,0.104636247022173
183773.411807,2498866.126422,0.0550559735731327,0.244265002752799,0.00165167920719398,0.492750963479538,0.0537713341897596,0.152505046797578
184273.411807,2498866.126422,0.0740876581698148,0.212543554006969,0.0311754997249221,0.599669906473501,0.0271410232899321,0.0553823583348615
184773.411807,2498866.126422,0.0896096756459593,0.193879420927249,0.0053142752428074,0.550668865677112,0.0668865677111966,0.0936411947956753
185273.411807,2498866.126422,0.28629106258029,0.169755918517159,0.000734079647641769,0.316388328133603,0.0671682877592219,0.159662323362085
176773.411807,2498366.126422,0.0508163639699138,0.122546321775821,0.00366905155017428,0.760594386351128,0.0443955237571088,0.017978352595854
177273.411807,2498366.126422,0.0146520146520147,0.017032967032967,0.557326007326007,0.395054945054945,0.00641025641025641,0.00952380952380952
177773.411807,2498366.126422,0,0,0.149174311926606,0.850825688073395,0,0
178273.411807,2498366.126422,0.0515501742799486,0.120161438268208,0.0199963309484498,0.709594569803706,0.0616400660429279,0.0370574206567602
178773.411807,2498366.126422,0.11043956043956,0.224358974358974,0.019047619047619,0.52032967032967,0.0615384615384615,0.0642857142857143
179273.411807,2498366.126422,0.0385321100917431,0.0407339449541284,0.193761467889908,0.681284403669725,0.0231192660550459,0.0225688073394495
179773.411807,2498366.126422,0.062190423775454,0.0299027701339204,0.250779673454412,0.60062373876353,0.0333883691065859,0.023115024766098
180273.411807,2498366.126422,0.0712454212454212,0.0598901098901099,0.117948717948718,0.658608058608059,0.0358974358974359,0.0564102564102564
180773.411807,2498366.126422,0.115045871559633,0.138532110091743,0.165504587155963,0.380183486238532,0.0557798165137615,0.144954128440367
181273.411807,2498366.126422,0.126765731058521,0.190974133186571,0.0509998165474225,0.469638598422308,0.081452944413869,0.080168776371308
181773.411807,2498366.126422,0.0686813186813187,0.366300366300366,0.00274725274725275,0.438827838827839,0.0652014652014652,0.0582417582417582
182273.411807,2498366.126422,0.0460550458715596,0.353577981651376,0.00330275229357798,0.400550458715596,0.0585321100917431,0.137981651376147
182773.411807,2498366.126422,0.0911759310218309,0.293340671436434,0.0139423958906623,0.559346908824069,0.0306365804439552,0.011557512383049
183273.411807,2498366.126422,0.103479853479853,0.111721611721612,0.0117216117216117,0.708424908424908,0.0404761904761905,0.0241758241758242
183773.411807,2498366.126422,0.0506422018348624,0.126605504587156,0.0255045871559633,0.737798165137615,0.0236697247706422,0.0357798165137615
184273.411807,2498366.126422,0.0432948082920565,0.111906072280316,0.0864061640066043,0.731241973949734,0.0214639515685195,0.00568702990277013
184773.411807,2498366.126422,0.06996336996337,0.26978021978022,0.00732600732600733,0.426556776556777,0.0655677655677656,0.160805860805861
185273.411807,2498366.126422,0.224770642201835,0.154862385321101,0,0.217614678899083,0.0899082568807339,0.312844036697248
177273.411807,2497866.126422,0.072973964063073,0.0958929226255959,0.088008800880088,0.656765676567657,0.0243857719105244,0.061972863953062
177773.411807,2497866.126422,0.00183150183150183,0.00274725274725275,0.332417582417582,0.661721611721612,0.0010989010989011,0.000183150183150183
178273.411807,2497866.126422,0.0177655677655678,0.0404761904761905,0.131501831501832,0.782234432234432,0.0206959706959707,0.00732600732600733
178773.411807,2497866.126422,0.0212687935460213,0.0172350568390172,0.237990465713238,0.681518151815181,0.0326365969930326,0.00935093509350935
179273.411807,2497866.126422,0.0941391941391941,0.151465201465201,0.172527472527473,0.476190476190476,0.0505494505494506,0.0551282051282051
179773.411807,2497866.126422,0.0875457875457875,0.071978021978022,0.0763736263736264,0.707326007326007,0.0214285714285714,0.0353479853479853
180273.411807,2497866.126422,0.0458379171250458,0.0348368170150348,0.1001100110011,0.795929592959296,0.015951595159516,0.00733406674000733
180773.411807,2497866.126422,0.076007326007326,0.0912087912087912,0.211172161172161,0.566666666666667,0.0263736263736264,0.0285714285714286
181273.411807,2497866.126422,0.0498168498168498,0.238095238095238,0.0399267399267399,0.565384615384615,0.0490842490842491,0.0576923076923077
181773.411807,2497866.126422,0.0122845617895123,0.481848184818482,0.00641730839750642,0.276127612761276,0.0485881921525486,0.174734140080675
182273.411807,2497866.126422,0.039010989010989,0.508424908424908,0.00512820512820513,0.278388278388278,0.0586080586080586,0.11043956043956
182773.411807,2497866.126422,0.103113553113553,0.484615384615385,0.000549450549450549,0.144688644688645,0.0796703296703297,0.187362637362637
183273.411807,2497866.126422,0.0861752841950862,0.552621928859553,0,0.0256692335900257,0.0896589658965897,0.245874587458746
183773.411807,2497866.126422,0.0467032967032967,0.408241758241758,0.00293040293040293,0.311904761904762,0.0752747252747253,0.154945054945055
184273.411807,2497866.126422,0.0642857142857143,0.565201465201465,0.00604395604395604,0.2,0.0710622710622711,0.0934065934065934
184773.411807,2497866.126422,0.0500550055005501,0.578474514118078,0.000183351668500183,0.268976897689769,0.0357535753575358,0.0665566556655666
185273.411807,2497866.126422,0.0712454212454212,0.221245421245421,0,0.562454212454212,0.0705128205128205,0.0745421245421245
177773.411807,2497366.126422,0.0330335841438796,0.0152321526885667,0.208845659754083,0.69700862543586,0.0168838318957607,0.0289961460818499
178273.411807,2497366.126422,0.000733541169998166,0.00293416467999266,0.145607922244636,0.848523748395379,0.000733541169998166,0.00146708233999633
178773.411807,2497366.126422,0.000733003481766538,0.00201575957485798,0.0450797141286421,0.952171522814733,0,0
179273.411807,2497366.126422,0.0255092677555515,0.0306478252890439,0.104055790053221,0.794090658836484,0.0267939071389246,0.0189025509267756
179773.411807,2497366.126422,0.0438290849073904,0.0581331377223547,0.175132954337062,0.693013020355768,0.0148542086924629,0.0150375939849624
180273.411807,2497366.126422,0.0216236027121129,0.0267546270844787,0.0899761773868426,0.836723474436504,0.0119113065787062,0.0130108118013561
180773.411807,2497366.126422,0.00275279867865663,0.00532207744540283,0.197100385391815,0.792071939805469,0.00275279867865663,0
181273.411807,2497366.126422,0.0810562992847974,0.172748945534568,0.119567210709701,0.486521181001284,0.0441958554923895,0.0959105079772602
181773.411807,2497366.126422,0.00274876305662452,0.11324903793293,0.0747663551401869,0.592266813267363,0.0221733553234378,0.194795675279458
182273.411807,2497366.126422,0,0.0537713341897596,0.082583960359699,0.651679207193981,0.02073775004588,0.191227748210681
182773.411807,2497366.126422,0,0.0242068586099395,0.0649183935448377,0.649917476618375,0.0187052998349532,0.242251971391894
183273.411807,2497366.126422,0.00769653655854865,0.303096939710464,0.0650540590067803,0.445666116914055,0.0102620487447315,0.168224299065421
183773.411807,2497366.126422,0.0110111947146265,0.313452009543035,0.000734079647641769,0.342264635712975,0.026977427050835,0.305560653330886
184273.411807,2497366.126422,0.0117366587199707,0.36787089675408,0.000916926462497708,0.396662387676508,0.147075004584632,0.0757381258023107
184773.411807,2497366.126422,0.00293201392706615,0.568810701850834,0,0.313725490196078,0.0514934945940993,0.0630382994319223
185273.411807,2497366.126422,0.046063497889521,0.34428335474399,0,0.484676087355478,0.0491833363919985,0.0757937236190127
178273.411807,2496866.126422,0.02568336085122,0.00532012474775271,0.261603375527426,0.666299761511649,0.0370574206567602,0.00403595670519171
178773.411807,2496866.126422,0,0,0.161904761904762,0.838095238095238,0,0
179273.411807,2496866.126422,0.0146788990825688,0.0214678899082569,0.11743119266055,0.832293577981651,0.00954128440366972,0.00458715596330275
179773.411807,2496866.126422,0.0563199412951752,0.0291689598238855,0.162538983672721,0.679324894514768,0.0348559897266557,0.0377912309667951
180273.411807,2496866.126422,0.0159340659340659,0.0421245421245421,0.0694139194139194,0.854395604395604,0.0113553113553114,0.00677655677655678
180773.411807,2496866.126422,0.0121100917431193,0.0124770642201835,0.151743119266055,0.818165137614679,0.00477064220183486,0.00073394495412844
181273.411807,2496866.126422,0.0370574206567602,0.0344890845716382,0.0104567969179967,0.88442487616951,0.0137589433131535,0.0198128783709411
181773.411807,2496866.126422,0.0857142857142857,0.165384615384615,0.0723443223443224,0.536630036630037,0.0646520146520147,0.0752747252747253
182273.411807,2496866.126422,0.0539449541284404,0.117614678899083,0.0987155963302752,0.648623853211009,0.0477064220183486,0.033394495412844
182773.411807,2496866.126422,0.108603925885159,0.139057053751605,0,0.713630526508897,0.0280682443588332,0.0106402494955054
183273.411807,2496866.126422,0.0450549450549451,0.114652014652015,0,0.828571428571429,0.00512820512820513,0.00659340659340659
183773.411807,2496866.126422,0.0278899082568807,0.106788990825688,0.0218348623853211,0.842568807339449,0.000917431192660551,0
184273.411807,2496866.126422,0.0742982938910292,0.0700788846083287,0.0939277196844616,0.75894331315355,0.002568336085122,0.000183452577508714
184773.411807,2496866.126422,0.0362637362637363,0.244322344322344,0.00476190476190476,0.583150183150183,0.0188644688644689,0.112637362637363
185273.411807,2496866.126422,0.0214678899082569,0.404587155963303,0,0.353761467889908,0.0486238532110092,0.171559633027523
178273.411807,2496366.126422,0.0489010989010989,0.0111721611721612,0.0159340659340659,0.88974358974359,0.0184981684981685,0.0157509157509158
178773.411807,2496366.126422,0.00128346167950128,0.00165016501650165,0.359002566923359,0.635863586358636,0.0022002200220022,0
179273.411807,2496366.126422,0.000915750915750916,0.000549450549450549,0.1003663003663,0.895970695970696,0.0021978021978022,0
179773.411807,2496366.126422,0.0384615384615385,0.0754578754578755,0.0635531135531135,0.764835164835165,0.0265567765567766,0.0311355311355311
180273.411807,2496366.126422,0.0804913824715805,0.0463879721305464,0.124862486248625,0.714704803813715,0.0291529152915292,0.0044004400440044
180773.411807,2496366.126422,0.0289377289377289,0.0518315018315018,0.0928571428571429,0.805311355311355,0.0144688644688645,0.00659340659340659
181273.411807,2496366.126422,0.0307692307692308,0.0514652014652015,0.0435897435897436,0.854945054945055,0.0120879120879121,0.00714285714285714
181773.411807,2496366.126422,0.112394572790612,0.185551888522186,0.00861752841950862,0.598276494316098,0.0513384671800513,0.0438210487715438
182273.411807,2496366.126422,0.103296703296703,0.138644688644689,0.0695970695970696,0.608424908424908,0.0331501831501832,0.0468864468864469
182773.411807,2496366.126422,0.0967032967032967,0.104029304029304,0.238827838827839,0.544139194139194,0.0102564102564103,0.00604395604395604
183273.411807,2496366.126422,0.0205353868720205,0.0412541254125413,0.345067840117345,0.59020902090209,0.0022002200220022,0.000733406674000733
183773.411807,2496366.126422,0.130586080586081,0.271062271062271,0.0891941391941392,0.5003663003663,0.00256410256410256,0.00622710622710623
184273.411807,2496366.126422,0.123260073260073,0.233333333333333,0.0489010989010989,0.594505494505495,0,0
184773.411807,2496366.126422,0.119178584525119,0.234873487348735,0.00898423175650898,0.635863586358636,0.000733406674000733,0.000366703337000367
185273.411807,2496366.126422,0.171978021978022,0.275457875457875,0.00128205128205128,0.35970695970696,0.0681318681318681,0.123443223443223
178773.411807,2495866.126422,0.0524097489463075,0.134322888033718,0.0168590800806304,0.747663551401869,0.0317024005864028,0.017042330951072
179273.411807,2495866.126422,0.00935951550743256,0.0034868783262984,0.139108093228115,0.845843273995229,0.00201871903101487,0.000183519911910442
179773.411807,2495866.126422,0.00201723821749496,0.00403447643498991,0.113515496057216,0.880432789290299,0,0
180273.411807,2495866.126422,0.045629466739967,0.0166758292101887,0.0813633864760858,0.850467289719626,0.00549752611324904,0.000366501740883269
180773.411807,2495866.126422,0.0185355111029547,0.0578087722517893,0.0427601394751331,0.82161864562305,0.0247751881079097,0.0345017434391632
181273.411807,2495866.126422,0.0432789290298918,0.0438290849073904,0.0871080139372822,0.802127269392995,0.0143040528149642,0.00935264991747662
181773.411807,2495866.126422,0.109950522264981,0.0947407000183251,0.0872274143302181,0.555983140919919,0.0502107385010079,0.101887483965549
182273.411807,2495866.126422,0.0981831528720866,0.109377867498624,0.0732244448522665,0.687649109928427,0.0170673518076711,0.0144980730409249
182773.411807,2495866.126422,0.0555657436273611,0.0828901522097928,0.26792591234183,0.585182468366037,0.00715202640748212,0.00128369704749679
183273.411807,2495866.126422,0.0745831042697453,0.0861279091075683,0.0910756826094924,0.739600513102437,0.00549752611324904,0.00311526479750779
183773.411807,2495866.126422,0.0603780510185355,0.110111947146265,0.0530372545421178,0.776472747293081,0,0
184273.411807,2495866.126422,0.223363286264442,0.0368604437924078,0.133137722354667,0.606638547588483,0,0
184773.411807,2495866.126422,0.0141103170240059,0.0386659336631849,0.195528678761224,0.751695070551585,0,0
185273.411807,2495866.126422,0.109561387410534,0.489080565241329,0.044411818682327,0.351440631308497,0.0047715177096715,0.000734079647641769
179273.411807,2495366.126422,0.0247706422018349,0.0113761467889908,0.211926605504587,0.734311926605505,0.00935779816513761,0.00825688073394495
179773.411807,2495366.126422,0.000183452577508714,0.000550357732526142,0.104384516602458,0.89304714731242,0.00183452577508714,0
180273.411807,2495366.126422,0.000915750915750916,0.000366300366300366,0.102197802197802,0.896520146520147,0,0
180773.411807,2495366.126422,0,0,0.106605504587156,0.893394495412844,0,0
181273.411807,2495366.126422,0.00110071546505228,0.00275178866263071,0.159053384700055,0.837094111172262,0,0
181773.411807,2495366.126422,0.0205128205128205,0.0423076923076923,0.06996336996337,0.860805860805861,0.00476190476190476,0.00164835164835165
182273.411807,2495366.126422,0.0456880733944954,0.0880733944954128,0.135779816513761,0.710091743119266,0.0137614678899083,0.00660550458715596
182773.411807,2495366.126422,0.0599889928453495,0.0640249495505412,0.101999633094845,0.737662814162539,0.0221977618785544,0.014125848468171
