"x","y","forest","agri","water","built","other","grass"
224773.411807,2557866.126422,0.917216117216117,0.00384615384615385,0,0,0,0.0789377289377289
225273.411807,2557866.126422,0.903740374037404,0,0,0.00055005500550055,0.00458379171250458,0.0911257792445911
225773.411807,2557866.126422,0.880769230769231,0.00512820512820513,0,0.0043956043956044,0.00989010989010989,0.0998168498168498
226273.411807,2557866.126422,0.706410256410256,0.0538461538461538,0.0128205128205128,0.0847985347985348,0.00769230769230769,0.134432234432234
226773.411807,2557866.126422,0.901723505683902,0.0331866519985332,0.0115511551155116,0.026952695269527,0.00128346167950128,0.0253025302530253
227273.411807,2557866.126422,0.882417582417582,0.00989010989010989,0.000915750915750916,0.0289377289377289,0.00604395604395604,0.0717948717948718
227773.411807,2557866.126422,0.76959706959707,0.00842490842490842,0.0175824175824176,0.119047619047619,0.0106227106227106,0.0747252747252747
228273.411807,2557866.126422,0.511917858452512,0.00953428676200953,0.0559222588925559,0.268793546021269,0.0132013201320132,0.140630729739641
228773.411807,2557866.126422,0.679304029304029,0.0291208791208791,0.0404761904761905,0.0703296703296703,0.00915750915750916,0.171611721611722
229273.411807,2557866.126422,0.65018315018315,0.0565934065934066,0.0633699633699634,0.141025641025641,0.0122710622710623,0.0765567765567766
229773.411807,2557866.126422,0.486431976530986,0.0418041804180418,0.0381371470480381,0.181334800146681,0.0806747341400807,0.171617161716172
230273.411807,2557866.126422,0.805677655677656,0.00659340659340659,0.0245421245421245,0.0124542124542125,0.0159340659340659,0.134798534798535
230773.411807,2557866.126422,0.988827838827839,0.000549450549450549,0,0,0,0.0106227106227106
231273.411807,2557866.126422,0.939310597726439,0.0286028602860286,0,0,0.000183351668500183,0.0319031903190319
231773.411807,2557866.126422,0.665384615384615,0.0615384615384615,0.0826007326007326,0.0884615384615385,0.0461538461538462,0.0558608058608059
232273.411807,2557866.126422,0.56043956043956,0.0214285714285714,0.158424908424908,0.150549450549451,0.0355311355311355,0.0736263736263736
232773.411807,2557866.126422,0.894756142280895,0.0610561056105611,0.000366703337000367,0.00146681334800147,0.00238357169050238,0.03997066373304
233273.411807,2557866.126422,0.91025641025641,0.0324175824175824,0.0010989010989011,0.000732600732600733,0.00915750915750916,0.0463369963369963
233773.411807,2557866.126422,0.974358974358974,0,0,0,0,0.0256410256410256
234273.411807,2557866.126422,0.995782911624496,0.00146681334800147,0,0,0,0.00275027502750275
234773.411807,2557866.126422,0.996153846153846,0,0,0,0,0.00384615384615385
235273.411807,2557866.126422,0.772893772893773,0.0186813186813187,0,0.0723443223443224,0.052014652014652,0.0840659340659341
235773.411807,2557866.126422,0.90997433076641,0.00055005500550055,0,0.00128346167950128,0.00421708837550422,0.083975064173084
236273.411807,2557866.126422,0.743223443223443,0.0576923076923077,0.00274725274725275,0.0225274725274725,0.0413919413919414,0.132417582417582
236773.411807,2557866.126422,0.899450549450549,0.073992673992674,0.00677655677655678,0.000549450549450549,0.000915750915750916,0.0183150183150183
224773.411807,2557366.126422,0.712635246653218,0,0,0,0,0.287364753346782
225273.411807,2557366.126422,0.841487997067986,0.00146600696353308,0,0.00274876305662452,0.0185083379146051,0.135788894997251
225773.411807,2557366.126422,0.887685813910809,0.00311983850247752,0,0.000367039823820885,0.00385391815011929,0.104973389612773
226273.411807,2557366.126422,0.868512745277829,0.0298918026774253,0.00641848523748395,0.0405281496423987,0.00421786172748946,0.0504309554373739
226773.411807,2557366.126422,0.98204141469672,0.00549752611324904,0,0,0,0.0124610591900312
227273.411807,2557366.126422,0.956689300789136,0.0121123141860892,0,0,0,0.0311983850247752
227773.411807,2557366.126422,0.963506326792591,0.00788556757748029,0,0,0.00128369704749679,0.0273244085824317
228273.411807,2557366.126422,0.536925050393989,0.00824628916987356,0.000183250870441635,0.205057724024189,0.0734835990470955,0.176104086494411
228773.411807,2557366.126422,0.311433290512021,0.0691870067902367,0.142411451642503,0.434024591668196,0.00935951550743256,0.0335841438796109
229273.411807,2557366.126422,0.547405098111131,0.147258389877132,0.0339262791124152,0.0212726939299468,0.0185219145424537,0.231615624426921
229773.411807,2557366.126422,0.848451530144768,0.00678028220634048,0,0.000366501740883269,0.00256551218618288,0.141836173721825
230273.411807,2557366.126422,0.786199302624335,0.0535878142778491,0.00679023674068636,0.0242246283721784,0.0126628739218205,0.116535144063131
230773.411807,2557366.126422,0.962956170915093,0.0161379057399597,0,0,0,0.0209059233449477
231273.411807,2557366.126422,0.973978376397288,0.0225398570643211,0,0,0,0.00348176653839106
231773.411807,2557366.126422,0.928427234354927,0.0495503762158194,0,0,0,0.0220223894292531
232273.411807,2557366.126422,0.808178984045479,0.0495140289748762,0.00256739409499358,0.00183385292499542,0.004401247019989,0.133504492939666
232773.411807,2557366.126422,0.870991387209089,0.0582737768004398,0,0,0,0.070734835990471
233273.411807,2557366.126422,0.89612772985869,0,0,0,0,0.10387227014131
233773.411807,2557366.126422,0.925912341830185,0,0,0,0,0.0740876581698148
234273.411807,2557366.126422,1,0,0,0,0,0
234773.411807,2557366.126422,0.993209763259314,0,0,0,0,0.00679023674068636
235273.411807,2557366.126422,0.911241518430222,0.00201723821749496,0,0.00916926462497708,0.0210893086374473,0.0564826700898588
235773.411807,2557366.126422,0.609675645959318,0.00824628916987356,0,0.15356422943009,0.0696353307678211,0.158878504672897
236273.411807,2557366.126422,0.841438796109378,0.0611121306661773,0.000367039823820885,0.0130299137456414,0.0335841438796109,0.0504679757753716
236773.411807,2557366.126422,0.763249587383092,0.154777186869613,0.0414450761048964,0.000366770584999083,0.00550155877498625,0.0346598202824134
224773.411807,2556866.126422,0.876719867914144,0.000550357732526142,0,0,0.002568336085122,0.120161438268208
225273.411807,2556866.126422,0.928205128205128,0.000183150183150183,0,0,0.000549450549450549,0.0710622710622711
225773.411807,2556866.126422,0.517981651376147,0.035045871559633,0.0223853211009174,0.243119266055046,0.0401834862385321,0.141284403669725
226273.411807,2556866.126422,0.949550541185104,0.00568702990277013,0,0,0,0.0447624289121262
226773.411807,2556866.126422,0.89010989010989,0.0214285714285714,0,0.00146520146520147,0.0117216117216117,0.0752747252747253
227273.411807,2556866.126422,0.880917431192661,0.00935779816513761,0.00954128440366972,0.00844036697247706,0.00917431192660551,0.0825688073394495
227773.411807,2556866.126422,0.919464318473675,0.00201797835259585,0,0.00110071546505228,0.00587048248027885,0.0715465052283985
228273.411807,2556866.126422,0.720695970695971,0.0271062271062271,0.0197802197802198,0.124175824175824,0.0201465201465201,0.0880952380952381
228773.411807,2556866.126422,0.628990825688073,0.221651376146789,0.0223853211009174,0.0411009174311927,0.00623853211009174,0.0796330275229358
229273.411807,2556866.126422,0.774720234819299,0.180884241423592,0.00348559897266557,0,0.000733810310034856,0.0401761144744084
229773.411807,2556866.126422,0.832417582417582,0.140842490842491,0.000732600732600733,0.000183150183150183,0.000915750915750916,0.0249084249084249
230273.411807,2556866.126422,0.864403669724771,0.0820183486238532,0.00605504587155963,0,0,0.0475229357798165
230773.411807,2556866.126422,0.947899467987525,0.0469638598422308,0,0,0,0.00513667217024399
231273.411807,2556866.126422,0.985531135531136,0,0,0,0,0.0144688644688645
231773.411807,2556866.126422,0.882201834862385,0.0387155963302752,0,0.00146788990825688,0.00623853211009174,0.0713761467889908
232273.411807,2556866.126422,0.917996697853605,0.0245826453861677,0,0.000183452577508714,0,0.0572372041827188
232773.411807,2556866.126422,0.807142857142857,0.123260073260073,0.00421245421245421,0.000732600732600733,0.000732600732600733,0.0639194139194139
233273.411807,2556866.126422,0.774495412844037,0.0611009174311927,0.00807339449541284,0.0300917431192661,0.00899082568807339,0.117247706422018
233773.411807,2556866.126422,0.941111722619703,0,0,0,0,0.0588882773802972
234273.411807,2556866.126422,0.986263736263736,0,0,0,0,0.0137362637362637
234773.411807,2556866.126422,0.99394495412844,0,0,0,0,0.00605504587155963
235273.411807,2556866.126422,0.850669601907907,0.00697119794533113,0,0.0194459732159237,0.0225646670335718,0.100348559897267
235773.411807,2556866.126422,0.419230769230769,0.030952380952381,0.0818681318681319,0.250915750915751,0.0531135531135531,0.163919413919414
236273.411807,2556866.126422,0.991192660550459,0.000917431192660551,0,0,0,0.00788990825688073
236773.411807,2556866.126422,0.79600073381031,0.0302696752889378,0.000183452577508714,0.0381581361218125,0.0407264722069345,0.0946615299944964
224773.411807,2556366.126422,0.773260073260073,0.0120879120879121,0,0.0327838827838828,0.0205128205128205,0.161355311355311
225273.411807,2556366.126422,0.490649064906491,0.0540887422075541,0.0322698936560323,0.265309864319765,0.050971763843051,0.106710671067107
225773.411807,2556366.126422,0.658974358974359,0.0675824175824176,0.058974358974359,0.113553113553114,0.0142857142857143,0.0866300366300366
226273.411807,2556366.126422,0.71043956043956,0.0543956043956044,0.00677655677655678,0.0214285714285714,0.0250915750915751,0.181868131868132
226773.411807,2556366.126422,0.974514118078475,0.015951595159516,0,0,0,0.00953428676200953
227273.411807,2556366.126422,0.844688644688645,0.0373626373626374,0.0173992673992674,0.000915750915750916,0.00915750915750916,0.0904761904761905
227773.411807,2556366.126422,0.805677655677656,0.0287545787545788,0.00293040293040293,0.0128205128205128,0.00842490842490842,0.141391941391941
228273.411807,2556366.126422,0.925925925925926,0.0225522552255226,0,0,0.00238357169050238,0.0491382471580491
228773.411807,2556366.126422,0.924175824175824,0.0122710622710623,0,0,0,0.0635531135531135
229273.411807,2556366.126422,0.891941391941392,0.0368131868131868,0,0,0,0.0712454212454212
229773.411807,2556366.126422,0.876787678767877,0.12009534286762,0,0,0,0.00311697836450312
230273.411807,2556366.126422,0.822710622710623,0.118681318681319,0.000915750915750916,0.000366300366300366,0.00201465201465201,0.0553113553113553
230773.411807,2556366.126422,0.931868131868132,0.0402930402930403,0,0.000183150183150183,0.000183150183150183,0.0274725274725275
231273.411807,2556366.126422,0.985331866519985,0.000366703337000367,0,0,0,0.0143014301430143
231773.411807,2556366.126422,0.996336996336996,0,0,0,0,0.00366300366300366
232273.411807,2556366.126422,0.951098901098901,0.0212454212454212,0,0.000732600732600733,0.000549450549450549,0.0263736263736264
232773.411807,2556366.126422,0.894022735606894,0.00898423175650898,0,0.00348368170150348,0.00696736340300697,0.0865419875320865
233273.411807,2556366.126422,0.823260073260073,0.00311355311355311,0,0.0100732600732601,0.0195970695970696,0.143956043956044
233773.411807,2556366.126422,0.824358974358974,0.0256410256410256,0.0236263736263736,0.0326007326007326,0.0168498168498168,0.0769230769230769
234273.411807,2556366.126422,0.959479281261459,0,0,0,0,0.0405207187385405
234773.411807,2556366.126422,0.657326007326007,0.0913919413919414,0.0373626373626374,0.109157509157509,0.043040293040293,0.0617216117216117
235273.411807,2556366.126422,0.676007326007326,0.0858974358974359,0.106593406593407,0.122161172161172,0.00586080586080586,0.00347985347985348
235773.411807,2556366.126422,0.513568023469014,0.142647598093143,0.105427209387605,0.116978364503117,0.00678401173450678,0.114594792812615
236273.411807,2556366.126422,0.56959706959707,0.0750915750915751,0.146336996336996,0.0967032967032967,0.021978021978022,0.0902930402930403
236773.411807,2556366.126422,0.818498168498168,0.109157509157509,0.00641025641025641,0.00714285714285714,0.00146520146520147,0.0573260073260073
224773.411807,2555866.126422,0.433706216761416,0.0397946084724005,0.0423620025673941,0.336512011736659,0.0238400880249404,0.123785072437191
225273.411807,2555866.126422,0.699102070734836,0.0447132123877588,0.00586402785413231,0.0366501740883269,0.03811618105186,0.175554333883086
225773.411807,2555866.126422,0.87135254175078,0.00165167920719398,0,0,0.000183519911910442,0.126812259130116
226273.411807,2555866.126422,0.860260407115349,0.0326425820649184,0,0.00201723821749496,0.0022006235099945,0.102879149092243
226773.411807,2555866.126422,0.963349825911673,0.00311526479750779,0,0,0,0.0335349092908191
227273.411807,2555866.126422,0.734997247201321,0.0370710222059093,0.00146815929528354,0.00991007524316388,0.0341347036153423,0.18241879243898
227773.411807,2555866.126422,0.947185035760132,0.0022006235099945,0,0,0.000183385292499542,0.0504309554373739
228273.411807,2555866.126422,0.954187282389591,0.0089792926516401,0,0,0,0.0368334249587686
228773.411807,2555866.126422,0.934116351624151,0.0267939071389246,0,0,0,0.0390897412369242
229273.411807,2555866.126422,0.803594351732991,0.0755547405098111,0,0,0.00458463231248854,0.116266275444709
229773.411807,2555866.126422,0.807403335165842,0.0384826827927433,0.000183250870441635,0.00146600696353308,0.00641378046545721,0.146050943741983
230273.411807,2555866.126422,0.871903101486511,0.0387227014131033,0,0.000550559735731327,0.000734079647641769,0.0880895577170123
230773.411807,2555866.126422,0.989547038327526,0.00806895286997983,0,0,0,0.00238400880249404
231273.411807,2555866.126422,0.958402052409749,0.00329851566794942,0,0.000183250870441635,0.000366501740883269,0.0377496793109767
231773.411807,2555866.126422,0.998348320792806,0,0,0,0,0.00165167920719398
232273.411807,2555866.126422,0.933797909407665,0.0122868145974693,0,0,0,0.0539152759948652
232773.411807,2555866.126422,0.984240425142019,0.00329851566794942,0,0,0,0.0124610591900312
233273.411807,2555866.126422,0.963479537529822,0.00789135621214902,0,0,0,0.028629106258029
233773.411807,2555866.126422,0.840821566110398,0.0579497524298551,0.00641848523748395,0.0104529616724739,0.00825233816247937,0.0761048963873097
234273.411807,2555866.126422,0.790727505955653,0.143851933296683,0.00164925783397471,0.00824628916987356,0.00201575957485798,0.0535092541689573
234773.411807,2555866.126422,0.906404844925674,0.0857037988621766,0,0,0,0.00789135621214902
235273.411807,2555866.126422,0.939666238767651,0.0601503759398496,0,0,0,0.000183385292499542
235773.411807,2555866.126422,0.837089976177387,0.0207073483599047,0.0104452996151732,0.0586402785413231,0.0174088326919553,0.0557082646142569
236273.411807,2555866.126422,0.207928060194531,0.0455129381537897,0.322260965314737,0.293998898880529,0.0526702147182969,0.0776289227381171
236773.411807,2555866.126422,0.902989180267743,0.048413717219879,0.000183385292499542,0.000183385292499542,0,0.0482303319273794
224773.411807,2555366.126422,0.840396257567419,0.0106402494955054,0.000366905155017428,0.0209135938359934,0.0280682443588332,0.0996147495872317
225273.411807,2555366.126422,0.971245421245421,0.010989010989011,0,0,0,0.0177655677655678
225773.411807,2555366.126422,0.964587155963303,0.021651376146789,0,0,0,0.0137614678899083
226273.411807,2555366.126422,0.953769950467804,0.0394423041643735,0,0,0,0.00678774536782242
226773.411807,2555366.126422,0.912087912087912,0.067032967032967,0,0,0,0.0208791208791209
227273.411807,2555366.126422,0.85394495412844,0.00018348623853211,0,0.00146788990825688,0.00660550458715596,0.137798165137615
227773.411807,2555366.126422,0.893230599889928,0.0229315721885892,0,0.000183452577508714,0.00311869381764814,0.0805356815263254
228273.411807,2555366.126422,0.951648351648352,0.00256410256410256,0,0,0,0.0457875457875458
228773.411807,2555366.126422,0.970091743119266,0.0121100917431193,0,0,0,0.0177981651376147
229273.411807,2555366.126422,0.9557879288204,0.0438451660245826,0,0,0,0.000366905155017428
229773.411807,2555366.126422,0.936080586080586,0.0423076923076923,0,0,0,0.0216117216117216
230273.411807,2555366.126422,0.926422018348624,0.0473394495412844,0,0,0,0.0262385321100917
230773.411807,2555366.126422,0.986974866996881,0,0,0.000183452577508714,0.00201797835259585,0.0108237020730141
231273.411807,2555366.126422,0.956776556776557,0.00366300366300366,0,0,0.00128205128205128,0.0382783882783883
231773.411807,2555366.126422,0.993394495412844,0.00165137614678899,0,0,0,0.00495412844036697
232273.411807,2555366.126422,0.865712713263621,0.0370574206567602,0.00311869381764814,0.00201797835259585,0.00990643918547056,0.0821867547239039
232773.411807,2555366.126422,0.998901098901099,0.0010989010989011,0,0,0,0
233273.411807,2555366.126422,0.924587155963303,0.0258715596330275,0,0,0,0.0495412844036697
233773.411807,2555366.126422,0.963492937075766,0.0293524124013942,0,0,0.000366905155017428,0.00678774536782242
234273.411807,2555366.126422,0.806227106227106,0.177838827838828,0.0124542124542125,0,0,0.00347985347985348
234773.411807,2555366.126422,0.919633027522936,0.0570642201834862,0,0,0,0.023302752293578
235273.411807,2555366.126422,0.968262704090992,0.0185287103283801,0,0,0,0.0132085855806274
235773.411807,2555366.126422,0.847802197802198,0.0163003663003663,0.010989010989011,0.0509157509157509,0.0197802197802198,0.0542124542124542
236273.411807,2555366.126422,0.852293577981651,0.0645871559633028,0.00770642201834862,0.0185321100917431,0.00660550458715596,0.0502752293577982
236773.411807,2555366.126422,0.620436617134471,0.146762062006971,0.130801687763713,0.0390753990093561,0.00825536598789213,0.0546688680975968
224773.411807,2554866.126422,0.828205128205128,0.0102564102564103,0,0.00238095238095238,0.0102564102564103,0.148901098901099
225273.411807,2554866.126422,0.911991199119912,0.00183351668500183,0,0,0,0.0861752841950862
225773.411807,2554866.126422,0.954945054945055,0,0,0,0,0.0450549450549451
226273.411807,2554866.126422,0.839194139194139,0.06996336996337,0,0,0.00238095238095238,0.0884615384615385
226773.411807,2554866.126422,0.989365603226989,0.0022002200220022,0,0,0,0.00843417675100843
227273.411807,2554866.126422,0.946703296703297,0.032051282051282,0,0,0,0.0212454212454212
227773.411807,2554866.126422,0.962454212454212,0.0238095238095238,0,0,0,0.0137362637362637
228273.411807,2554866.126422,0.984048404840484,0.0011001100110011,0,0,0,0.0148514851485149
228773.411807,2554866.126422,0.986263736263736,0.0111721611721612,0,0,0,0.00256410256410256
229273.411807,2554866.126422,0.988095238095238,0.0119047619047619,0,0,0,0
229773.411807,2554866.126422,0.989365603226989,0.0106343967730106,0,0,0,0
230273.411807,2554866.126422,0.984981684981685,0.0117216117216117,0,0,0,0.0032967032967033
230773.411807,2554866.126422,0.965018315018315,0.000366300366300366,0,0.00128205128205128,0.00347985347985348,0.0298534798534799
231273.411807,2554866.126422,0.934360102676934,0.0119178584525119,0,0,0,0.0537220388705537
231773.411807,2554866.126422,0.968498168498168,0.0142857142857143,0,0,0,0.0172161172161172
232273.411807,2554866.126422,0.849450549450549,0.0117216117216117,0,0.00897435897435897,0.0183150183150183,0.111538461538462
232773.411807,2554866.126422,0.861202786945361,0.0533553355335534,0.000183351668500183,0.0397873120645398,0.0144847818115145,0.030986431976531
233273.411807,2554866.126422,0.53956043956044,0.204578754578755,0.00622710622710623,0.161355311355311,0.0221611721611722,0.0661172161172161
233773.411807,2554866.126422,0.936996336996337,0.0166666666666667,0,0.0115384615384615,0.00402930402930403,0.0307692307692308
234273.411807,2554866.126422,0.944444444444444,0.0495049504950495,0,0,0,0.00605060506050605
234773.411807,2554866.126422,0.980586080586081,0.0113553113553114,0,0,0,0.00805860805860806
235273.411807,2554866.126422,0.982967032967033,0.0157509157509158,0,0,0,0.00128205128205128
235773.411807,2554866.126422,0.956729006233957,0.01998533186652,0,0,0,0.0232856618995233
236273.411807,2554866.126422,0.898534798534799,0.0144688644688645,0.0166666666666667,0.00641025641025641,0.0186813186813187,0.0452380952380952
236773.411807,2554866.126422,0.641025641025641,0.152930402930403,0.0327838827838828,0.0357142857142857,0.0227106227106227,0.114835164835165
224773.411807,2554366.126422,0.902622409682743,0.0416284613973959,0,0,0,0.0557491289198606
225273.411807,2554366.126422,0.952171522814733,0.0262048744731537,0,0,0,0.0216236027121129
225773.411807,2554366.126422,0.952651862727106,0.0363369425582676,0,0,0,0.0110111947146265
226273.411807,2554366.126422,0.935448377040161,0.0223730056849441,0,0,0,0.0421786172748946
226773.411807,2554366.126422,0.964999083745648,0.0273043796958036,0,0,0,0.00769653655854865
227273.411807,2554366.126422,0.893925490915764,0.00734079647641769,0,0.00697375665259681,0.0220223894292531,0.0697375665259681
227773.411807,2554366.126422,0.925178800660187,0,0,0,0,0.0748211993398129
228273.411807,2554366.126422,0.984973428623786,0,0,0,0,0.015026571376214
228773.411807,2554366.126422,1,0,0,0,0,0
229273.411807,2554366.126422,0.983311938382542,0.0163212910324592,0,0,0,0.000366770584999083
229773.411807,2554366.126422,0.995052226498076,0.00329851566794942,0,0,0,0.00164925783397471
230273.411807,2554366.126422,0.977427050835016,0,0,0,0,0.0225729491649844
230773.411807,2554366.126422,0.959105079772602,0.00605171465248487,0.000366770584999083,0.000183385292499542,0.00110031175499725,0.033192737942417
231273.411807,2554366.126422,0.953087777166942,0.0166758292101887,0.00219901044529962,0.000183250870441635,0.000733003481766538,0.0271211288253619
231773.411807,2554366.126422,0.937052670214718,0.00752431638832813,0,0,0,0.0554230133969536
232273.411807,2554366.126422,0.927196038877682,0.0207225380524482,0,0.00238400880249404,0.010819732257473,0.0388776820099028
232773.411807,2554366.126422,0.91148982957669,0.0280373831775701,0,0.0109950522264981,0.0201575957485798,0.0293201392706615
233273.411807,2554366.126422,0.996146081849881,0.00165167920719398,0,0,0,0.00220223894292531
233773.411807,2554366.126422,0.908307353750229,0.0275077938749312,0.000183385292499542,0.00330093526499175,0.0104529616724739,0.0502475701448744
234273.411807,2554366.126422,0.958585303280191,0.0236393622869709,0,0,0,0.0177753344328386
234773.411807,2554366.126422,0.973022572949165,0.00422095797394017,0,0,0,0.0227564690768948
235273.411807,2554366.126422,0.973775903172566,0.00385109114249037,0,0,0,0.0223730056849441
235773.411807,2554366.126422,0.839105735752245,0.00568077698369067,0,0,0.000366501740883269,0.154846985523181
236273.411807,2554366.126422,0.93374931180033,0.0255092677555515,0,0.00642319691686548,0.00440447788585061,0.0299137456414021
236773.411807,2554366.126422,0.785805978360535,0.0562992847973593,0.0133871263524665,0.0225563909774436,0.0113698881349716,0.110581331377224
224773.411807,2553866.126422,0.949550541185104,0,0,0,0,0.0504494588148963
225273.411807,2553866.126422,0.993406593406593,0,0,0,0,0.00659340659340659
225773.411807,2553866.126422,0.992293577981651,0.00201834862385321,0,0,0,0.00568807339449541
226273.411807,2553866.126422,0.980920931939094,0,0,0,0,0.0190790680609063
226773.411807,2553866.126422,0.932417582417582,0.028021978021978,0,0.030952380952381,0.00274725274725275,0.00586080586080586
227273.411807,2553866.126422,0.632293577981651,0.0297247706422018,0,0.0519266055045872,0.0596330275229358,0.226422018348624
227773.411807,2553866.126422,0.83305815446707,0.00091726288754357,0,0.00220143093010457,0.00642084021280499,0.157402311502477
228273.411807,2553866.126422,0.986630036630037,0,0,0,0.000183150183150183,0.0131868131868132
228773.411807,2553866.126422,0.879816513761468,0.0299082568807339,0,0.00256880733944954,0.0157798165137615,0.0719266055045872
229273.411807,2553866.126422,0.888460832874702,0.0124747752705926,0,0.00348559897266557,0.0221977618785544,0.0733810310034856
229773.411807,2553866.126422,0.761904761904762,0.0338827838827839,0,0.0981684981684982,0.0587912087912088,0.0472527472527473
230273.411807,2553866.126422,0.974495412844037,0.00752293577981651,0,0,0,0.0179816513761468
230773.411807,2553866.126422,0.990277013392038,0.00953953403045313,0,0,0,0.000183452577508714
231273.411807,2553866.126422,0.990842490842491,0.0021978021978022,0,0,0,0.00695970695970696
231773.411807,2553866.126422,0.938165137614679,0.0381651376146789,0,0,0.00018348623853211,0.0234862385321101
232273.411807,2553866.126422,0.934874334984407,0.0174279948633278,0,0,0,0.0476976701522656
232773.411807,2553866.126422,0.977655677655678,0.0108058608058608,0,0,0,0.0115384615384615
233273.411807,2553866.126422,0.971009174311927,0.00422018348623853,0,0,0,0.0247706422018349
233773.411807,2553866.126422,0.891946431847367,0.0264171711612548,0.00953953403045313,0.0130251330031187,0.0133920381581361,0.0456796917996698
234273.411807,2553866.126422,0.823626373626374,0.0805860805860806,0,0.00787545787545788,0.0155677655677656,0.0723443223443224
234773.411807,2553866.126422,0.988623853211009,0.00201834862385321,0,0,0,0.00935779816513761
235273.411807,2553866.126422,0.881122729774353,0.00843881856540084,0.000366905155017428,0.0146762062006971,0.0240322876536415,0.0713630526508897
235773.411807,2553866.126422,0.812087912087912,0.00622710622710623,0,0.0141025641025641,0.0256410256410256,0.141941391941392
236273.411807,2553866.126422,0.954495412844037,0.00844036697247706,0,0.00311926605504587,0.00238532110091743,0.0315596330275229
236773.411807,2553866.126422,0.670335718216841,0.130618235186204,0.0440286186020914,0.0524674371674922,0.0143093010456797,0.0882406897816914
224773.411807,2553366.126422,0.634981684981685,0.0635531135531135,0.036996336996337,0.0406593406593407,0.0787545787545788,0.145054945054945
225273.411807,2553366.126422,0.52016868353502,0.121928859552622,0.0275027502750275,0.0542720938760543,0.0872753942060873,0.188852218555189
225773.411807,2553366.126422,0.88003663003663,0.0710622710622711,0,0.000366300366300366,0.00769230769230769,0.0408424908424908
226273.411807,2553366.126422,0.975641025641026,0.0139194139194139,0,0,0,0.0104395604395604
226773.411807,2553366.126422,0.873854052071874,0.0320865419875321,0,0.000916758342500917,0.0104510451045105,0.0826916024935827
227273.411807,2553366.126422,0.703846153846154,0.0252747252747253,0,0.0521978021978022,0.089010989010989,0.12967032967033
227773.411807,2553366.126422,0.631318681318681,0.00531135531135531,0,0.123260073260073,0.0567765567765568,0.183333333333333
228273.411807,2553366.126422,0.852218555188852,0.00366703337000367,0.000183351668500183,0.00165016501650165,0.0176017601760176,0.124679134580125
228773.411807,2553366.126422,0.630586080586081,0.0778388278388278,0.043956043956044,0.0606227106227106,0.0523809523809524,0.134615384615385
229273.411807,2553366.126422,0.372161172161172,0.155128205128205,0.0364468864468864,0.155677655677656,0.141208791208791,0.139377289377289
229773.411807,2553366.126422,0.688302163549688,0.0469380271360469,0.0265859919325266,0.0689402273560689,0.0896589658965897,0.0795746241290796
230273.411807,2553366.126422,0.908058608058608,0.000183150183150183,0,0,0,0.0917582417582418
230773.411807,2553366.126422,0.975457875457875,0,0,0,0,0.0245421245421245
231273.411807,2553366.126422,0.959479281261459,0,0,0,0,0.0405207187385405
231773.411807,2553366.126422,0.93992673992674,0.0168498168498168,0,0,0.000366300366300366,0.0428571428571429
232273.411807,2553366.126422,0.903479853479853,0.0501831501831502,0,0,0,0.0463369963369963
232773.411807,2553366.126422,0.80986431976531,0.0102676934360103,0,0,0,0.17986798679868
233273.411807,2553366.126422,0.897619047619048,0.000183150183150183,0,0,0,0.102197802197802
233773.411807,2553366.126422,0.892490842490843,0.0338827838827839,0.00128205128205128,0.00915750915750916,0.0157509157509158,0.0474358974358974
234273.411807,2553366.126422,0.78969563623029,0.0982764943160983,0.000366703337000367,0.0121012101210121,0.0306197286395306,0.0689402273560689
234773.411807,2553366.126422,0.896153846153846,0.0463369963369963,0,0,0,0.0575091575091575
235273.411807,2553366.126422,0.852747252747253,0.0142857142857143,0,0.00769230769230769,0.0152014652014652,0.11007326007326
235773.411807,2553366.126422,0.861019435276861,0.00623395672900623,0.000366703337000367,0.0432709937660433,0.0221855518885222,0.0669233590025669
236273.411807,2553366.126422,0.71025641025641,0.0252747252747253,0,0.0985347985347985,0.056959706959707,0.108974358974359
236773.411807,2553366.126422,0.528205128205128,0.240659340659341,0.065018315018315,0.0527472527472527,0.0197802197802198,0.0935897435897436
224773.411807,2552866.126422,0.876581698147809,0.0775719787273061,0.0104529616724739,0,0.000183385292499542,0.035209976159912
225273.411807,2552866.126422,0.940260216236027,0.0560747663551402,0,0,0,0.00366501740883269
225773.411807,2552866.126422,0.948430904753166,0.0515690952468343,0,0,0,0
226273.411807,2552866.126422,0.902805794975243,0.0133871263524665,0,0.000550155877498625,0.00275077938749312,0.0805061434072987
226773.411807,2552866.126422,0.870258383727323,0,0,0.00109950522264981,0.00714678394722375,0.121495327102804
227273.411807,2552866.126422,0.749862360066067,0.00367039823820885,0,0.00440447788585061,0.0141310332171041,0.227931730592769
227773.411807,2552866.126422,0.485054098661287,0.030808729139923,0.00256739409499358,0.0823399963322941,0.070419952319824,0.328809829451678
228273.411807,2552866.126422,0.529411764705882,0.0370166758292102,0.0137438152831226,0.089792926516401,0.0335349092908191,0.296499908374565
228773.411807,2552866.126422,0.715911176362635,0.108093228115251,0.0260598274912828,0.0205542301339695,0.0332171040557901,0.0961644338410718
229273.411807,2552866.126422,0.910691362552723,0.0251237850724372,0.000550155877498625,0.000183385292499542,0.00348432055749129,0.0599669906473501
229773.411807,2552866.126422,0.724573941726223,0.0267546270844787,0,0.0661535642294301,0.100604727872457,0.0819131390874107
230273.411807,2552866.126422,0.939438429069554,0,0,0,0,0.060561570930446
230773.411807,2552866.126422,0.942783788740143,0.000366770584999083,0,0,0,0.0568494406748579
231273.411807,2552866.126422,0.981674912955837,0.00366501740883269,0,0,0,0.0146600696353308
231773.411807,2552866.126422,0.960359699027344,0.0212883097816113,0,0,0.000183519911910442,0.0181684712791338
232273.411807,2552866.126422,0.926462497707684,0.0482303319273794,0,0,0,0.0253071703649367
232773.411807,2552866.126422,0.814183617372182,0.0137438152831226,0,0.0042147700201576,0.0113615539673813,0.156496243357156
233273.411807,2552866.126422,0.703064782528904,0.0205542301339695,0,0.0271609469627455,0.0396403009726555,0.209579739401725
233773.411807,2552866.126422,0.939299468182652,0.00421786172748946,0,0.000550155877498625,0.0022006235099945,0.0537318907023657
234273.411807,2552866.126422,0.939343961883819,0.0102620487447315,0,0.0199743448781382,0.0100787978742899,0.0203408466190214
234773.411807,2552866.126422,0.747293081299321,0.00642319691686548,0.0363369425582676,0.0998348320792806,0.0392732611488346,0.0708386859974307
235273.411807,2552866.126422,0.83220245736292,0.0245736291949386,0,0.00275077938749312,0.00348432055749129,0.136988813497158
235773.411807,2552866.126422,0.882352941176471,0.00366501740883269,0,0.00201575957485798,0.00329851566794942,0.108667766171889
236273.411807,2552866.126422,0.777573866764544,0.0245916681959993,0.000550559735731327,0.0488162965681776,0.030280785465223,0.118186823270325
236773.411807,2552866.126422,0.370071520264075,0.366403814414084,0.0709701081973226,0.0570328259673574,0.0115532734274711,0.12396845772969
224773.411807,2552366.126422,0.856540084388186,0.0245826453861677,0,0,0.00091726288754357,0.117960007338103
225273.411807,2552366.126422,0.878937728937729,0.0529304029304029,0,0.000183150183150183,0.00128205128205128,0.0666666666666667
225773.411807,2552366.126422,0.921284403669725,0.0121100917431193,0,0.00036697247706422,0.015045871559633,0.0511926605504587
226273.411807,2552366.126422,0.94147862777472,0.001284168042561,0,0,0,0.0572372041827188
226773.411807,2552366.126422,0.795054945054945,0.000183150183150183,0,0.000366300366300366,0.00934065934065934,0.195054945054945
227273.411807,2552366.126422,0.763669724770642,0.00073394495412844,0,0.00385321100917431,0.00587155963302752,0.225871559633028
227773.411807,2552366.126422,0.248945147679325,0.0432948082920565,0.00550357732526142,0.164556962025316,0.0720968629609246,0.465602641717116
228273.411807,2552366.126422,0.715750915750916,0.0210622710622711,0,0.0148351648351648,0.0358974358974359,0.212454212454212
228773.411807,2552366.126422,0.711743119266055,0.0161467889908257,0.0113761467889908,0.043302752293578,0.0504587155963303,0.16697247706422
229273.411807,2552366.126422,0.960557695835626,0.00495321959273528,0.00587048248027885,0.00697119794533113,0.0113740598055403,0.010273344340488
229773.411807,2552366.126422,0.632783882783883,0.0153846153846154,0.000183150183150183,0.0908424908424908,0.0862637362637363,0.174542124542125
230273.411807,2552366.126422,0.896880733944954,0.00697247706422018,0,0.00752293577981651,0.0130275229357798,0.0755963302752294
230773.411807,2552366.126422,0.954503760777839,0.0174279948633278,0,0,0,0.0280682443588332
231273.411807,2552366.126422,0.910989010989011,0.0139194139194139,0,0.0175824175824176,0.0141025641025641,0.0434065934065934
231773.411807,2552366.126422,0.910275229357798,0,0,0.00311926605504587,0.00513761467889908,0.0814678899082569
232273.411807,2552366.126422,0.935057787561915,0.00091726288754357,0,0,0.00678774536782242,0.0572372041827188
232773.411807,2552366.126422,0.684065934065934,0.0155677655677656,0,0,0,0.3003663003663
233273.411807,2552366.126422,0.598715596330275,0.0423853211009174,0.00238532110091743,0.0611009174311927,0.0500917431192661,0.245321100917431
233773.411807,2552366.126422,0.973766281416254,0.00146762062006971,0,0,0.00275178866263071,0.0220143093010457
234273.411807,2552366.126422,0.727106227106227,0.0216117216117216,0.000366300366300366,0.0750915750915751,0.0595238095238095,0.116300366300366
234773.411807,2552366.126422,0.72256880733945,0.0484403669724771,0.031743119266055,0.0667889908256881,0.0445871559633028,0.0858715596330275
235273.411807,2552366.126422,0.891396074114841,0.00201797835259585,0,0,0,0.106585947532563
235773.411807,2552366.126422,0.653479853479853,0.00238095238095238,0,0,0,0.344139194139194
236273.411807,2552366.126422,0.54605504587156,0.134311926605505,0.00642201834862385,0.101100917431193,0.0554128440366972,0.156697247706422
236773.411807,2552366.126422,0.813428728673638,0.120161438268208,0.0198128783709411,0.0412768299394606,0.00165107319757843,0.00366905155017428
224773.411807,2551866.126422,0.803663003663004,0.159157509157509,0,0.00476190476190476,0.00256410256410256,0.0298534798534799
225273.411807,2551866.126422,0.845801246791346,0.103043637697103,0,0.00201686835350202,0.0170517051705171,0.0320865419875321
225773.411807,2551866.126422,0.842673992673993,0.104029304029304,0,0.000549450549450549,0.0119047619047619,0.0408424908424908
226273.411807,2551866.126422,0.63040293040293,0.100732600732601,0,0.00714285714285714,0.0531135531135531,0.208608058608059
226773.411807,2551866.126422,0.766226622662266,0.0122845617895123,0,0.0313531353135314,0.0320865419875321,0.158049138247158
227273.411807,2551866.126422,0.854029304029304,0.00238095238095238,0,0,0.00164835164835165,0.141941391941392
227773.411807,2551866.126422,0.68021978021978,0.023992673992674,0.0228937728937729,0.0426739926739927,0.0238095238095238,0.206410256410256
228273.411807,2551866.126422,0.702053538687202,0.0258525852585259,0.0104510451045105,0.0841584158415842,0.0502383571690502,0.127246057939127
228773.411807,2551866.126422,0.920695970695971,0.017032967032967,0,0,0.00256410256410256,0.0597069597069597
229273.411807,2551866.126422,1,0,0,0,0,0
229773.411807,2551866.126422,0.741107444077741,0.00238357169050238,0,0.0275027502750275,0.0298863219655299,0.199119911991199
230273.411807,2551866.126422,0.847069597069597,0.0135531135531136,0,0.0115384615384615,0.0269230769230769,0.100915750915751
230773.411807,2551866.126422,0.855860805860806,0.00769230769230769,0,0.0336996336996337,0.0474358974358974,0.0553113553113553
231273.411807,2551866.126422,0.742207554088742,0.0405207187385405,0.00201686835350202,0.0476714338100477,0.0612394572790612,0.106343967730106
231773.411807,2551866.126422,0.791025641025641,0.0175824175824176,0,0.0294871794871795,0.0510989010989011,0.110805860805861
232273.411807,2551866.126422,0.448168498168498,0.104761904761905,0.00347985347985348,0.160805860805861,0.0813186813186813,0.201465201465201
232773.411807,2551866.126422,0.807847451411808,0.00495049504950495,0,0.0187018701870187,0.0187018701870187,0.14979831316465
233273.411807,2551866.126422,0.629304029304029,0.0597069597069597,0.0117216117216117,0.0624542124542125,0.0357142857142857,0.201098901098901
233773.411807,2551866.126422,0.87967032967033,0.0401098901098901,0.00164835164835165,0.0043956043956044,0.0159340659340659,0.0582417582417582
234273.411807,2551866.126422,0.85001833516685,0.0744407774110744,0.0022002200220022,0.0139347268060139,0.0216354968830216,0.0377704437110378
234773.411807,2551866.126422,0.812454212454212,0.0714285714285714,0.00256410256410256,0.0450549450549451,0.0261904761904762,0.0423076923076923
235273.411807,2551866.126422,0.763919413919414,0.200732600732601,0.00421245421245421,0.000732600732600733,0.00293040293040293,0.0274725274725275
235773.411807,2551866.126422,0.667950128346168,0.0436376971030436,0.000366703337000367,0.0128346167950128,0.0100843417675101,0.265126512651265
236273.411807,2551866.126422,0.641758241758242,0.111172161172161,0.0111721611721612,0.108424908424908,0.0406593406593407,0.0868131868131868
236773.411807,2551866.126422,0.645421245421245,0.246153846153846,0.0673992673992674,0.0362637362637363,0.00311355311355311,0.00164835164835165
224773.411807,2551366.126422,0.611039794608472,0.0364936732074088,0,0.0196222262974509,0.048413717219879,0.284430588666789
225273.411807,2551366.126422,0.769470404984424,0.0945574491478835,0.00219901044529962,0.00659703133589885,0.0111783030969397,0.115997800989555
225773.411807,2551366.126422,0.831345200954304,0.122040741420444,0,0.00275279867865663,0.00734079647641769,0.036520462470178
226273.411807,2551366.126422,0.8800660187053,0.004401247019989,0,0.00256739409499358,0.0253071703649367,0.0876581698147808
226773.411807,2551366.126422,0.833241707898112,0.00458127176104087,0,0.0234561114165292,0.0485614806670332,0.0901594282572842
227273.411807,2551366.126422,0.793173059276932,0.0148651128647458,0.00110111947146265,0.0311983850247752,0.0273444668746559,0.132317856487429
227773.411807,2551366.126422,0.81991564276545,0.01998899688245,0.00275077938749312,0.0172382174949569,0.0137538969374656,0.126352466532184
228273.411807,2551366.126422,0.709364119479568,0.0342679127725857,0.00714678394722375,0.0252886201209456,0.047645226314825,0.176287337364852
228773.411807,2551366.126422,0.817764727472931,0.0211047898697009,0.00367039823820885,0.057258212516058,0.0214718296935217,0.0787300422095797
229273.411807,2551366.126422,0.983311938382542,0.000183385292499542,0,0,0,0.0165046763249587
229773.411807,2551366.126422,0.447132123877588,0.0703683342495877,0.0366501740883269,0.20963899578523,0.0502107385010079,0.185999633498259
230273.411807,2551366.126422,0.72618829142962,0.092126995779042,0.00110111947146265,0.00991007524316388,0.031932464672417,0.138741053404294
230773.411807,2551366.126422,0.825233816247937,0.066018705299835,0.00678525582248304,0.00550155877498625,0.0361269026224097,0.0603337612323492
231273.411807,2551366.126422,0.956386292834891,0.0102620487447315,0,0,0,0.0333516584203775
231773.411807,2551366.126422,0.794274178748394,0.0108276748027161,0,0.0236740686364471,0.0291796659937603,0.142044411818682
232273.411807,2551366.126422,0.846506510177884,0.0205391527599487,0.00476801760498808,0.0260407115349349,0.0256739409499358,0.0764716669723088
232773.411807,2551366.126422,0.588418544988089,0.00842954004031519,0.000183250870441635,0.0388491845336265,0.0370166758292102,0.327102803738318
233273.411807,2551366.126422,0.570196366305744,0.0679023674068636,0.0170673518076711,0.0600110111947146,0.0757937236190127,0.209029179665994
