"x","y","forest","agri","water","built","other","grass"
237273.411807,2735866.126422,0.117337542751907,0.0599842146803473,0.203104446198369,0.406735069718495,0.0257826887661142,0.187056037884767
236773.411807,2735366.126422,0.193359016694185,0.0610897083104018,0.151715281599706,0.179049715648505,0.0816363969913777,0.333149880755825
237273.411807,2735366.126422,0.374441230607415,0.0223507757033921,0.0110439127004996,0.109124375493032,0.0844070470681041,0.398632658427557
236773.411807,2734866.126422,0.375824175824176,0.0221611721611722,0.00512820512820513,0.124725274725275,0.0765567765567766,0.395604395604396
237273.411807,2734866.126422,0.410047343503419,0.0234087322461862,0.000526038926880589,0.105733824302998,0.0852183061546554,0.37506575486586
236273.411807,2734366.126422,0.295650578087722,0.0631308496971921,0.108827307762892,0.139842172875757,0.0422095797394017,0.350339511837034
236773.411807,2734366.126422,0.425087108013937,0.0306253438474234,0.00256739409499358,0.115532734274711,0.0669356317623327,0.359251788006602
237273.411807,2734366.126422,0.412523020257827,0.0171007629571165,0.00999736911339121,0.242567745330176,0.0686661404893449,0.249144961852144
236273.411807,2733866.126422,0.197614678899083,0.132110091743119,0.071743119266055,0.0807339449541284,0.0515596330275229,0.466238532110092
236773.411807,2733866.126422,0.168959823885526,0.0570537516052101,0.0117409649605577,0.154650522839846,0.104017611447441,0.50357732526142
237273.411807,2733866.126422,0.253747041809098,0.0218248750986064,0.000262950302392848,0.314488561661846,0.112016828819353,0.297659742308704
236273.411807,2733366.126422,0.150549450549451,0.06996336996337,0.0043956043956044,0.0501831501831502,0.0351648351648352,0.68974358974359
236773.411807,2733366.126422,0.0791208791208791,0.119230769230769,0.000915750915750916,0.175091575091575,0.0970695970695971,0.528571428571429
237273.411807,2733366.126422,0.118358758548133,0.0447133087848501,0.00105207785376118,0.409784324039979,0.0796948974224093,0.346396633350868
235773.411807,2732866.126422,0.173538574308228,0.0181418361737218,0.432472054242258,0.205607476635514,0.0573575224482316,0.112882536192047
236273.411807,2732866.126422,0.0449623784180584,0.146632409616443,0.0216553496054322,0.12461002018719,0.103321710405579,0.558818131767297
236773.411807,2732866.126422,0.111131487254722,0.0847240051347882,0.0702365670273244,0.279662571061801,0.107463781404731,0.346781588116633
237273.411807,2732866.126422,0.179952644041042,0.0520915548539858,0.0215732701920547,0.362273086029992,0.107340173638516,0.276769271244409
235773.411807,2732366.126422,0.123992673992674,0.0476190476190476,0.0772893772893773,0.390842490842491,0.111721611721612,0.248534798534799
236273.411807,2732366.126422,0.063302752293578,0.0526605504587156,0.0390825688073395,0.395779816513761,0.109357798165138,0.339816513761468
236773.411807,2732366.126422,0.104384516602458,0.0449458814896349,0.0326545587965511,0.468354430379747,0.104567969179967,0.245092643551642
237273.411807,2732366.126422,0.0851958979752827,0.094925059163818,0.0607415198527478,0.414935577175914,0.0936103076518538,0.250591638180384
235273.411807,2731866.126422,0.461721611721612,0.0223443223443223,0.0245421245421245,0.134615384615385,0.0787545787545788,0.278021978021978
235773.411807,2731866.126422,0.0273193986065273,0.094976164283095,0.0352035203520352,0.375320865419875,0.100660066006601,0.366519985331867
236273.411807,2731866.126422,0.0516483516483516,0.0811355311355311,0.0342490842490843,0.333699633699634,0.131135531135531,0.368131868131868
236773.411807,2731866.126422,0.0216117216117216,0.118681318681319,0.0765567765567766,0.536813186813187,0.0793040293040293,0.167032967032967
237273.411807,2731866.126422,0.0533929510783798,0.0220936349289847,0.0328774329300368,0.772225144660705,0.0828511309836928,0.0365597054182009
234773.411807,2731366.126422,0.649476968251055,0.0187190310148651,0.0124793540099101,0.0794641218572215,0.0469810974490732,0.192879427417875
235273.411807,2731366.126422,0.0607005318173482,0.146524848707134,0.0121034293049697,0.253805244819366,0.106180084357235,0.420685860993948
235773.411807,2731366.126422,0.0621220450797141,0.0703683342495877,0.0544255085211655,0.412131207623236,0.139820414146967,0.261132490379329
236273.411807,2731366.126422,0.110662506881997,0.0462470178014315,0.0324830244081483,0.409249403560286,0.151036887502294,0.250321159845843
236773.411807,2731366.126422,0.0625343847423437,0.0309921144324225,0.0784889051898038,0.637630662020906,0.10783055198973,0.0825233816247937
237273.411807,2731366.126422,0.0457774269928966,0.0257826887661142,0.083399105498553,0.732175743225467,0.0768218889765851,0.0360431465403841
234273.411807,2730866.126422,0.491208791208791,0.0826007326007326,0.000183150183150183,0.0122710622710623,0.0271062271062271,0.386630036630037
234773.411807,2730866.126422,0.101284403669725,0.0809174311926606,0.00623853211009174,0.229908256880734,0.0803669724770642,0.501284403669725
235273.411807,2730866.126422,0.0594386351128233,0.106402494955054,0.00110071546505228,0.230966795083471,0.144560631076867,0.457530728306733
235773.411807,2730866.126422,0.122893772893773,0.133150183150183,0.00457875457875458,0.158608058608059,0.113003663003663,0.467765567765568
236273.411807,2730866.126422,0.0655045871559633,0.0387155963302752,0.0684403669724771,0.551926605504587,0.100917431192661,0.174495412844037
236773.411807,2730866.126422,0.0620069711979453,0.0271509814712897,0.0451293340671436,0.647037240873234,0.139423958906623,0.0792515134837644
237273.411807,2730866.126422,0.0878254009992111,0.0318169865895346,0.0602156192479621,0.620562713647121,0.135156455429924,0.0644228240862477
233273.411807,2730366.126422,0.284065934065934,0.0236263736263736,0.397802197802198,0.167399267399267,0.0172161172161172,0.10989010989011
233773.411807,2730366.126422,0.410805860805861,0.0877289377289377,0,0.0261904761904762,0.0373626373626374,0.437912087912088
234273.411807,2730366.126422,0.0236523652365237,0.214154748808214,0.00146681334800147,0.0683901723505684,0.0152181884855152,0.677117711771177
234773.411807,2730366.126422,0.0230769230769231,0.089010989010989,0.00897435897435897,0.191391941391941,0.0875457875457875,0.6
235273.411807,2730366.126422,0.0835164835164835,0.112637362637363,0.00531135531135531,0.182967032967033,0.123443223443223,0.492124542124542
235773.411807,2730366.126422,0.0485881921525486,0.187202053538687,0.0253025302530253,0.210671067106711,0.103043637697103,0.425192519251925
236273.411807,2730366.126422,0.043040293040293,0.100915750915751,0.0234432234432234,0.532600732600733,0.108424908424908,0.191575091575092
236773.411807,2730366.126422,0.0525641025641026,0.0835164835164835,0.0446886446886447,0.50970695970696,0.0998168498168498,0.20970695970696
237273.411807,2730366.126422,0.063387690689111,0.103629668595476,0.0289321409784324,0.574171488690163,0.076801683324566,0.153077327722251
233273.411807,2729866.126422,0.636997614241145,0.012846393833731,0.0104606349788952,0.0315654248485961,0.0334006239677005,0.274729308129932
233773.411807,2729866.126422,0.0320924261874198,0.195488721804511,0.00110031175499725,0.0909591050797726,0.0397946084724005,0.640564826700899
234273.411807,2729866.126422,0.0240058640278541,0.118196811434854,0,0.108484515301448,0.0613890415979476,0.687923767637896
234773.411807,2729866.126422,0.00899247568361167,0.0908423563956689,0.00532207744540283,0.130299137456414,0.0917599559552211,0.672783997063681
235273.411807,2729866.126422,0.0256739409499358,0.117916743077205,0.017604988079956,0.092792958004768,0.0896754080322758,0.656335961855859
235773.411807,2729866.126422,0.045629466739967,0.132673630199743,0.0240058640278541,0.347993402968664,0.120029320139271,0.329668315924501
236273.411807,2729866.126422,0.0491833363919985,0.137823453844742,0.0212883097816113,0.484492567443568,0.13286841622316,0.17434391631492
236773.411807,2729866.126422,0.0584999083073537,0.167064001467082,0.0192554557124519,0.310838070786723,0.0962772785622593,0.34806528516413
237273.411807,2729866.126422,0.0428834517232307,0.109181794264667,0.0702446724546172,0.508813470139437,0.111549592212576,0.157327019205472
232773.411807,2729366.126422,0.00293040293040293,0.00549450549450549,0.695970695970696,0.285714285714286,0.00641025641025641,0.00347985347985348
233273.411807,2729366.126422,0.0126605504587156,0.0190825688073394,0.435229357798165,0.302018348623853,0.0489908256880734,0.182018348623853
233773.411807,2729366.126422,0.0440286186020914,0.156301596037424,0.00220143093010457,0.12548156301596,0.0794349660612732,0.592551825353146
234273.411807,2729366.126422,0.0824175824175824,0.0954212454212454,0.00201465201465201,0.0163003663003663,0.0531135531135531,0.750732600732601
234773.411807,2729366.126422,0.0381651376146789,0.134678899082569,0.0018348623853211,0.214862385321101,0.0856880733944954,0.524770642201835
235273.411807,2729366.126422,0.0198128783709411,0.153366354797285,0.00843881856540084,0.287103283801137,0.10273344340488,0.428545221060356
235773.411807,2729366.126422,0.0450549450549451,0.152197802197802,0.00384615384615385,0.294688644688645,0.126556776556777,0.377655677655678
236273.411807,2729366.126422,0.0519266055045872,0.108807339449541,0.00440366972477064,0.228256880733945,0.139449541284404,0.467155963302752
236773.411807,2729366.126422,0.111539167125298,0.0766831773986425,0.00642084021280499,0.128783709411117,0.0928270042194093,0.583746101632728
237273.411807,2729366.126422,0.0481199053378911,0.196949776492243,0.00210360241914278,0.237444123060742,0.188798317118065,0.326584275571917
230773.411807,2728866.126422,0.0796703296703297,0.0346153846153846,0.177472527472527,0.305128205128205,0.0732600732600733,0.32985347985348
231273.411807,2728866.126422,0.38027136046938,0.0267693436010268,0.0691235790245691,0.12999633296663,0.0748074807480748,0.319031903190319
231773.411807,2728866.126422,0.441758241758242,0.0216117216117216,0.00549450549450549,0.0813186813186813,0.0794871794871795,0.37032967032967
232273.411807,2728866.126422,0.214102564102564,0.0904761904761905,0.0261904761904762,0.119413919413919,0.0485347985347985,0.501282051282051
232773.411807,2728866.126422,0.214704803813715,0.0372203887055372,0.041987532086542,0.263659699303264,0.092042537587092,0.35038503850385
233273.411807,2728866.126422,0.0917582417582418,0.0168498168498168,0.560989010989011,0.132417582417582,0.0206959706959707,0.177289377289377
233773.411807,2728866.126422,0.0441391941391941,0.0206959706959707,0.553113553113553,0.160622710622711,0.0404761904761905,0.180952380952381
234273.411807,2728866.126422,0.145947928126146,0.101760176017602,0.0693069306930693,0.154748808214155,0.13017968463513,0.398056472313898
234773.411807,2728866.126422,0.0232600732600733,0.184615384615385,0.00256410256410256,0.112454212454212,0.0754578754578755,0.601648351648352
235273.411807,2728866.126422,0.0188644688644689,0.23021978021978,0.0375457875457875,0.115018315018315,0.0666666666666667,0.531684981684982
235773.411807,2728866.126422,0.035020168683535,0.0573890722405574,0.158965896589659,0.393472680601393,0.0918591859185919,0.263292995966263
236273.411807,2728866.126422,0.0562271062271062,0.0915750915750916,0.293589743589744,0.176190476190476,0.0794871794871795,0.302930402930403
236773.411807,2728866.126422,0.141025641025641,0.0289377289377289,0.298534798534799,0.0904761904761905,0.0393772893772894,0.401648351648352
237273.411807,2728866.126422,0.0999473961073119,0.0594423987375066,0.26749079431878,0.122567069963177,0.0512887953708574,0.399263545502367
228273.411807,2728366.126422,0,0.0855781564962434,0.248304929448415,0.278541323071285,0.153747480300531,0.233828110683526
228773.411807,2728366.126422,0.00275279867865663,0.0629473297852817,0.238942925307396,0.114332905120206,0.0789135621214902,0.50211047898697
229273.411807,2728366.126422,0.0755547405098111,0.0539152759948652,0.147441775169631,0.0810562992847974,0.0658353200073354,0.57619658903356
229773.411807,2728366.126422,0.41139820414147,0.015026571376214,0.0177753344328386,0.0641378046545721,0.0284038849184534,0.463258200476452
230273.411807,2728366.126422,0.378968618095063,0.0392732611488346,0,0.0234905487245366,0.0464305377133419,0.511837034318224
230773.411807,2728366.126422,0.158261507427104,0.0812396845772969,0.000916926462497708,0.0438290849073904,0.0823399963322941,0.633412800293417
231273.411807,2728366.126422,0.0254718709913872,0.102986989188199,0,0.0976727139453912,0.0830126443100605,0.690855781564962
231773.411807,2728366.126422,0.144430170673518,0.0407414204441182,0.000183519911910442,0.189943108827308,0.143696091025876,0.481005689117269
232273.411807,2728366.126422,0.230882083256923,0.0394278378874014,0,0.149642398679626,0.10012836970475,0.4799193104713
232773.411807,2728366.126422,0.784130474619754,0,0,0,0.000366501740883269,0.215503023639362
233273.411807,2728366.126422,0.258946595705634,0.0179849513672233,0.000734079647641769,0.119654982565608,0.0928610754266838,0.509818315287209
233773.411807,2728366.126422,0.160462130937099,0.0361269026224097,0.259306803594352,0.203190904089492,0.0828901522097928,0.258023106546855
234273.411807,2728366.126422,0.00183250870441635,0.0152098222466557,0.868975627634231,0.0980392156862745,0.0104452996151732,0.00549752611324904
234773.411807,2728366.126422,0.012846393833731,0.0139475133051936,0.806386492934483,0.0737750045879978,0.0390897412369242,0.05395485410167
235273.411807,2728366.126422,0.0212726939299468,0.287364753346782,0.241701815514396,0.125435540069686,0.0786722904823033,0.245552906656886
235773.411807,2728366.126422,0.0203408466190214,0.362653472603995,0.000366501740883269,0.0654205607476635,0.122045079714129,0.429173538574308
236273.411807,2728366.126422,0.0155991925123876,0.3567627087539,0.000367039823820885,0.101486511286475,0.07469260414755,0.451091943475867
236773.411807,2728366.126422,0.0579497524298551,0.416834769851458,0.0557491289198606,0.0313588850174216,0.0542820465798643,0.38382541720154
237273.411807,2728366.126422,0.0652459878979216,0.0926072086293081,0.0226256248355696,0.44882925545909,0.141804788213628,0.228887134964483
227773.411807,2727866.126422,0.0515501742799486,0.122546321775821,0.0847550908090259,0.203082003302146,0.201981287837094,0.336085121995964
228273.411807,2727866.126422,0.0393772893772894,0.113553113553114,0,0.0272893772893773,0.233516483516484,0.586263736263736
228773.411807,2727866.126422,0.337798165137615,0.0155963302752294,0.00275229357798165,0.00678899082568807,0.0570642201834862,0.58
229273.411807,2727866.126422,0.744450559530361,0.000366905155017428,0,0,0.000183452577508714,0.254999082737112
229773.411807,2727866.126422,0.39047619047619,0.0756410256410256,0,0,0,0.533882783882784
230273.411807,2727866.126422,0.0611009174311927,0.151559633027523,0,0.00256880733944954,0.0489908256880734,0.735779816513761
230773.411807,2727866.126422,0.0610897083104018,0.190056870299028,0.000183452577508714,0.119244175380664,0.106585947532563,0.522839845899835
231273.411807,2727866.126422,0.0227106227106227,0.142307692307692,0,0.1503663003663,0.150915750915751,0.533699633699634
231773.411807,2727866.126422,0.264770642201835,0.13394495412844,0,0.0102752293577982,0.0231192660550459,0.567889908256881
232273.411807,2727866.126422,0.341038341588699,0.0264171711612548,0,0.0225646670335718,0.0493487433498441,0.56063107686663
232773.411807,2727866.126422,0.675824175824176,0.000732600732600733,0,0.000915750915750916,0.00183150183150183,0.320695970695971
233273.411807,2727866.126422,0.158165137614679,0.117064220183486,0.00036697247706422,0.0227522935779817,0.0612844036697248,0.640366972477064
233773.411807,2727866.126422,0.197028068244359,0.0302696752889378,0,0.0798018712162906,0.0741148413135205,0.618785543936892
234273.411807,2727866.126422,0.363736263736264,0.0335164835164835,0.0252747252747253,0.0708791208791209,0.063003663003663,0.443589743589744
234773.411807,2727866.126422,0.0612844036697248,0.418165137614679,0.00018348623853211,0.0484403669724771,0.0752293577981651,0.396697247706422
235273.411807,2727866.126422,0.0132085855806274,0.616767565584296,0,0.0346725371491469,0.0471473124197395,0.28820399926619
235773.411807,2727866.126422,0.140842490842491,0.234249084249084,0,0.109157509157509,0.157875457875458,0.357875457875458
236273.411807,2727866.126422,0.0946788990825688,0.0893577981651376,0.00954128440366972,0.448990825688073,0.167706422018349,0.189724770642202
236773.411807,2727866.126422,0.0508163639699138,0.174279948633278,0.0278847917813245,0.214822968262704,0.0733810310034856,0.458814896349294
237273.411807,2727866.126422,0.072574283460426,0.0628451222718906,0.00894031028135682,0.51801209571391,0.110702077307389,0.226926110965028
227273.411807,2727366.126422,0.0586080586080586,0.0371794871794872,0.102930402930403,0.426190476190476,0.144688644688645,0.23040293040293
227773.411807,2727366.126422,0.0445054945054945,0.157326007326007,0.000366300366300366,0.142124542124542,0.145787545787546,0.50989010989011
228273.411807,2727366.126422,0.0102676934360103,0.163549688302164,0,0.063989732306564,0.186835350201687,0.575357535753575
228773.411807,2727366.126422,0.124725274725275,0.0860805860805861,0.000732600732600733,0.0836996336996337,0.086996336996337,0.617765567765568
229273.411807,2727366.126422,0.108608058608059,0.132234432234432,0.00201465201465201,0.0844322344322344,0.12985347985348,0.542857142857143
229773.411807,2727366.126422,0.314081408140814,0.0605060506050605,0,0.044004400440044,0.0564723138980565,0.524935826916025
230273.411807,2727366.126422,0.0379120879120879,0.128021978021978,0,0.0673992673992674,0.045970695970696,0.720695970695971
230773.411807,2727366.126422,0.0423076923076923,0.178754578754579,0,0.0934065934065934,0.109157509157509,0.576373626373626
231273.411807,2727366.126422,0.0630729739640631,0.190685735240191,0,0.0562889622295563,0.0848918225155849,0.605060506050605
231773.411807,2727366.126422,0.167582417582418,0.173260073260073,0,0.026007326007326,0.0437728937728938,0.589377289377289
232273.411807,2727366.126422,0.269413919413919,0.131135531135531,0,0.0245421245421245,0.036996336996337,0.537912087912088
232773.411807,2727366.126422,0.377337733773377,0.0434543454345435,0,0.0106343967730106,0.0438210487715438,0.524752475247525
233273.411807,2727366.126422,0.174725274725275,0.0783882783882784,0,0.1503663003663,0.0556776556776557,0.540842490842491
233773.411807,2727366.126422,0.340659340659341,0.0254578754578755,0.0032967032967033,0.0188644688644689,0.0210622710622711,0.590659340659341
234273.411807,2727366.126422,0.597359735973597,0.0133846718005134,0.000366703337000367,0.0605060506050605,0.0478547854785479,0.280528052805281
234773.411807,2727366.126422,0.471428571428571,0.0194139194139194,0,0.0741758241758242,0.0772893772893773,0.357692307692308
235273.411807,2727366.126422,0.451831501831502,0.0153846153846154,0,0.113186813186813,0.101831501831502,0.317765567765568
235773.411807,2727366.126422,0.612027869453612,0.0124679134580125,0.000183351668500183,0.0113678034470114,0.0192519251925193,0.344701136780345
236273.411807,2727366.126422,0.36959706959707,0.0106227106227106,0.017032967032967,0.277655677655678,0.0804029304029304,0.244688644688645
236773.411807,2727366.126422,0.0847985347985348,0.112820512820513,0.0307692307692308,0.271794871794872,0.0965201465201465,0.403296703296703
237273.411807,2727366.126422,0.0315623356128353,0.179642293529721,0.0328774329300368,0.20515518148343,0.132824829037349,0.417937927406628
226773.411807,2726866.126422,0.0119113065787062,0.0271211288253619,0.184350375664284,0.668315924500641,0.0679860729338464,0.0403151914971596
227273.411807,2726866.126422,0.0334006239677005,0.0935951550743256,0.00146815929528354,0.351073591484676,0.159111763626353,0.361350706551661
227773.411807,2726866.126422,0.0258573262424354,0.144507610489639,0,0.0436456996148909,0.0990280579497524,0.686961305703283
228273.411807,2726866.126422,0.0106285504856148,0.117097306212205,0,0.023089609675646,0.108851017042331,0.740333516584204
228773.411807,2726866.126422,0.0956138741053404,0.151036887502294,0.000367039823820885,0.0583593319875206,0.109928427234355,0.584694439346669
229273.411807,2726866.126422,0.0458463231248854,0.162846139739593,0.00183385292499542,0.08399046396479,0.145607922244636,0.5598752980011
229773.411807,2726866.126422,0.0373831775700935,0.205057724024189,0.00128275609309144,0.139453912406084,0.113982041414697,0.502840388491845
230273.411807,2726866.126422,0.105340429436594,0.245182602312351,0,0.125160579922922,0.122407781244265,0.401908607083869
230773.411807,2726866.126422,0.101412066752246,0.158078122134605,0.000183385292499542,0.158078122134605,0.167247386759582,0.415000916926463
231273.411807,2726866.126422,0.0509437419827744,0.281106835257467,0,0.0657870624885468,0.104086494410848,0.498075865860363
231773.411807,2726866.126422,0.0559735731326849,0.215452376582859,0.000917599559552211,0.0196366305744173,0.0545054138374014,0.653514406313085
232273.411807,2726866.126422,0.277828718136805,0.0548322024573629,0,0.0258573262424354,0.0388776820099028,0.602604071153493
232773.411807,2726866.126422,0.155763239875389,0.0564412680960235,0.000366501740883269,0.347077148616456,0.0866776617188932,0.353674179952355
233273.411807,2726866.126422,0.25729491649844,0.0526702147182969,0,0.0710222059093412,0.0807487612405946,0.538263901633327
233773.411807,2726866.126422,0.625894003300935,0.0022006235099945,0.000366770584999083,0.00513478818998716,0.00715202640748212,0.359251788006602
234273.411807,2726866.126422,0.304562946673997,0.0240058640278541,0,0.133589884551952,0.162177020340847,0.375664284405351
234773.411807,2726866.126422,0.357496788401542,0.0846026793907139,0,0.0357863828225362,0.0440447788585061,0.478069370526702
235273.411807,2726866.126422,0.638180817898405,0.0075187969924812,0,0.000916926462497708,0.00128369704749679,0.35209976159912
235773.411807,2726866.126422,0.638629283489097,0.0124610591900312,0.00109950522264981,0.000733003481766538,0.00348176653839106,0.343595382078065
236273.411807,2726866.126422,0.353642870251422,0.0356028629106258,0.00183519911910442,0.0673518076711323,0.0662506881996697,0.475316571848045
236773.411807,2726866.126422,0.499724922061251,0.0148542086924629,0,0.100861910874748,0.0342930496974143,0.350265908674124
237273.411807,2726866.126422,0.163641147066561,0.0544593528018942,0.0128913443830571,0.368324125230203,0.121810049986846,0.278873980531439
226273.411807,2726366.126422,0.0394423041643735,0.0757659145110989,0.0350394423041644,0.501559346908824,0.0249495505411851,0.323243441570354
226773.411807,2726366.126422,0.0122710622710623,0.130586080586081,0,0.0948717948717949,0.128021978021978,0.634249084249084
227273.411807,2726366.126422,0.0225688073394495,0.180917431192661,0,0.0480733944954128,0.0620183486238532,0.686422018348624
227773.411807,2726366.126422,0.0132085855806274,0.228581911575858,0,0.0487983856173179,0.135754907356448,0.573656209869749
228273.411807,2726366.126422,0.0146520146520147,0.176007326007326,0,0.0355311355311355,0.0818681318681319,0.691941391941392
228773.411807,2726366.126422,0.0146788990825688,0.229724770642202,0,0.114495412844037,0.105871559633028,0.535229357798165
229273.411807,2726366.126422,0.0262337185837461,0.214089157952669,0,0.143276463034306,0.0961291506145661,0.520271509814713
229773.411807,2726366.126422,0.0208791208791209,0.264102564102564,0,0.146520146520147,0.145421245421245,0.423076923076923
230273.411807,2726366.126422,0.055045871559633,0.0937614678899083,0.00036697247706422,0.310091743119266,0.137064220183486,0.403669724770642
230773.411807,2726366.126422,0.118510365070629,0.124747752705926,0.00330214639515685,0.153733259952302,0.0985140341221794,0.501192441753807
231273.411807,2726366.126422,0.0489010989010989,0.313736263736264,0.0043956043956044,0.0238095238095238,0.0587912087912088,0.5503663003663
231773.411807,2726366.126422,0.0614678899082569,0.232110091743119,0.00055045871559633,0.0335779816513761,0.0528440366972477,0.619449541284404
232273.411807,2726366.126422,0.311869381764814,0.087873784626674,0.000183452577508714,0.060906255732893,0.0572372041827188,0.481929921115392
232773.411807,2726366.126422,0.15952380952381,0.00824175824175824,0.00494505494505494,0.312087912087912,0.0945054945054945,0.420695970695971
233273.411807,2726366.126422,0.200917431192661,0.00256880733944954,0,0.00862385321100917,0.0154128440366972,0.772477064220183
233773.411807,2726366.126422,0.344157035406347,0.0183452577508714,0,0.016694184553293,0.0671436433681893,0.553659878921299
234273.411807,2726366.126422,0.633150183150183,0.00677655677655678,0,0.0159340659340659,0.0498168498168498,0.294322344322344
234773.411807,2726366.126422,0.415045871559633,0.0719266055045872,0.00018348623853211,0.0115596330275229,0.0176146788990826,0.483669724770642
235273.411807,2726366.126422,0.439002017978353,0.026967528893781,0.000366905155017428,0.00513667217024399,0.0157769216657494,0.512749954136856
235773.411807,2726366.126422,0.307692307692308,0.0600732600732601,0,0.0256410256410256,0.0338827838827839,0.572710622710623
236273.411807,2726366.126422,0.598165137614679,0.00055045871559633,0,0.0220183486238532,0.00917431192660551,0.370091743119266
236773.411807,2726366.126422,0.221977618785544,0.0515501742799486,0.00366905155017428,0.249128600256834,0.158136121812511,0.315538433314988
237273.411807,2726366.126422,0.199316329213779,0.0283986326584276,0,0.326058374967131,0.0778332895082829,0.36839337365238
226273.411807,2725866.126422,0.0681318681318681,0.127655677655678,0.000366300366300366,0.0236263736263736,0.0946886446886447,0.685531135531136
226773.411807,2725866.126422,0.0185185185185185,0.181701503483682,0,0.103043637697103,0.193986065273194,0.502750275027503
227273.411807,2725866.126422,0.0181318681318681,0.223260073260073,0,0.0351648351648352,0.0732600732600733,0.65018315018315
227773.411807,2725866.126422,0.0141025641025641,0.117765567765568,0,0.0261904761904762,0.116483516483516,0.725457875457875
228273.411807,2725866.126422,0.0205353868720205,0.136046938027136,0,0.168866886688669,0.128712871287129,0.545837917125046
228773.411807,2725866.126422,0.00824175824175824,0.231501831501832,0,0.0468864468864469,0.117765567765568,0.595604395604396
229273.411807,2725866.126422,0.0582417582417582,0.233516483516484,0,0.0620879120879121,0.131501831501832,0.514652014652015
229773.411807,2725866.126422,0.0181518151815182,0.284745141180785,0.00201686835350202,0.0535386872020535,0.0845251191785845,0.557022368903557
230273.411807,2725866.126422,0.0478021978021978,0.4,0.000183150183150183,0.0655677655677656,0.0703296703296703,0.416117216117216
230773.411807,2725866.126422,0.0895604395604396,0.186263736263736,0,0.0741758241758242,0.0996336996336996,0.5503663003663
231273.411807,2725866.126422,0.103960396039604,0.181884855152182,0,0.0452878621195453,0.0799413274660799,0.588925559222589
231773.411807,2725866.126422,0.115018315018315,0.0785714285714286,0,0.0895604395604396,0.0928571428571429,0.623992673992674
232273.411807,2725866.126422,0.317948717948718,0.0884615384615385,0,0.0115384615384615,0.0395604395604396,0.542490842490842
232773.411807,2725866.126422,0.126879354602127,0.0555555555555556,0,0.144481114778144,0.0975430876420975,0.575540887422076
233273.411807,2725866.126422,0.317765567765568,0.0373626373626374,0.00256410256410256,0.00604395604395604,0.00970695970695971,0.626556776556777
233773.411807,2725866.126422,0.375641025641026,0.0815018315018315,0.00347985347985348,0.0247252747252747,0.0269230769230769,0.487728937728938
234273.411807,2725866.126422,0.786395306197286,0.00146681334800147,0,0.0137513751375138,0.0113678034470114,0.187018701870187
234773.411807,2725866.126422,0.61996336996337,0.00366300366300366,0,0.0164835164835165,0.021978021978022,0.337912087912088
235273.411807,2725866.126422,0.58992673992674,0.00384615384615385,0,0.00384615384615385,0.0119047619047619,0.39047619047619
235773.411807,2725866.126422,0.378254492115878,0.0183351668500183,0,0.00696736340300697,0.030986431976531,0.565456545654565
236273.411807,2725866.126422,0.380586080586081,0.0243589743589744,0.000915750915750916,0.236080586080586,0.14047619047619,0.217582417582418
236773.411807,2725866.126422,0.434065934065934,0.026007326007326,0.00164835164835165,0.119413919413919,0.0611721611721612,0.357692307692308
237273.411807,2725866.126422,0.250920568122041,0.0415570752235665,0,0.148342977380326,0.0878485007890584,0.471330878485008
226273.411807,2725366.126422,0.0361269026224097,0.108564093159729,0.00311754997249221,0.38419218778654,0.161562442692096,0.306436823766734
226773.411807,2725366.126422,0.0119113065787062,0.279640828293934,0,0.0864944108484515,0.244273410298699,0.377680043980209
227273.411807,2725366.126422,0.04147550009176,0.213800697375665,0,0.031932464672417,0.102954670581758,0.6098366672784
227773.411807,2725366.126422,0.0198056115899505,0.0997615991197506,0,0.130937098844673,0.0911424903722722,0.658353200073354
228273.411807,2725366.126422,0.0177753344328386,0.207256734469489,0,0.0872274143302181,0.193329668315924,0.49441084845153
228773.411807,2725366.126422,0.0209212699577904,0.2864745824922,0,0.0623967700495504,0.150486327766563,0.479721049733896
229273.411807,2725366.126422,0.0198056115899505,0.381624793691546,0.00146708233999633,0.0718870346598203,0.142490372272144,0.382725105446543
229773.411807,2725366.126422,0.0443467106468756,0.189114898295767,0.000183250870441635,0.111966281839839,0.156862745098039,0.497526113249038
230273.411807,2725366.126422,0.111029546705818,0.12020554230134,0.000367039823820885,0.143696091025876,0.160579922921637,0.464121857221509
230773.411807,2725366.126422,0.0319090408949202,0.269392994681827,0,0.0130203557674674,0.0370438290849074,0.648633779570878
231273.411807,2725366.126422,0.0908924317390508,0.141469671980942,0,0.129375114531794,0.10756826094924,0.530694520798974
231773.411807,2725366.126422,0.112314186089191,0.119838502477519,0.0359699027344467,0.148651128647458,0.0873554780693705,0.495870801982015
232273.411807,2725366.126422,0.313955620759215,0.0405281496423987,0.293049697414267,0.057582981844856,0.0462130937098845,0.248670456629378
232773.411807,2725366.126422,0.144951438519333,0.0736668499175371,0,0.0109950522264981,0.0302363936228697,0.740150265713762
233273.411807,2725366.126422,0.384657735364287,0.0686364470545054,0.00605615709304459,0.0178014314553129,0.0262433474031932,0.496604881629657
233773.411807,2725366.126422,0.406381808178984,0.0322758114799193,0.00165046763249587,0.0256739409499358,0.0544654318723638,0.479552539886301
234273.411807,2725366.126422,0.506322155030236,0.00274876305662452,0.000366501740883269,0.00604727872457394,0.00568077698369067,0.478834524463991
234773.411807,2725366.126422,0.357496788401542,0.0400073407964764,0.0194531106625069,0.0282620664342081,0.0484492567443568,0.50633143696091
235273.411807,2725366.126422,0.684210526315789,0.00165046763249587,0,0.00898587933247754,0.00898587933247754,0.29616724738676
235773.411807,2725366.126422,0.532343778632948,0.00238226131574125,0,0.0309693971046362,0.0701850833791461,0.364119479567528
236273.411807,2725366.126422,0.341163516241512,0.0256927876674619,0,0.0829510001835199,0.105523949348504,0.444668746559002
236773.411807,2725366.126422,0.536952136438658,0.000550155877498625,0.000183385292499542,0.0104529616724739,0.0100861910874748,0.441775169631396
237273.411807,2725366.126422,0.494080505130229,0.00868192580899763,0,0.0723493817416469,0.0749802683504341,0.349907918968692
225773.411807,2724866.126422,0.0256880733944954,0.134862385321101,0.063302752293578,0.325137614678899,0.178165137614679,0.272844036697248
226273.411807,2724866.126422,0.0214639515685195,0.124564300128417,0.001284168042561,0.312786644652357,0.16694184553293,0.372959090075216
226773.411807,2724866.126422,0.0326007326007326,0.2503663003663,0.000183150183150183,0.102197802197802,0.2003663003663,0.414285714285714
227273.411807,2724866.126422,0.0194495412844037,0.188807339449541,0,0.0862385321100917,0.0754128440366972,0.630091743119266
227773.411807,2724866.126422,0.0337552742616034,0.282150064208402,0,0.0462300495321959,0.107870115575124,0.529994496422675
228273.411807,2724866.126422,0.0115384615384615,0.386263736263736,0,0.0529304029304029,0.153846153846154,0.395421245421245
228773.411807,2724866.126422,0.0122935779816514,0.244587155963303,0.00477064220183486,0.0788990825688073,0.17651376146789,0.482935779816514
229273.411807,2724866.126422,0.062190423775454,0.185103650706292,0,0.0623738763529628,0.119060722803155,0.571271326362135
229773.411807,2724866.126422,0.0749084249084249,0.170512820512821,0.0340659340659341,0.319047619047619,0.06996336996337,0.331501831501831
230273.411807,2724866.126422,0.185504587155963,0.153394495412844,0.00128440366972477,0.0656880733944954,0.118532110091743,0.475596330275229
230773.411807,2724866.126422,0.188956154833975,0.0447624289121262,0.000366905155017428,0.0187121629058888,0.0469638598422308,0.700238488350761
231273.411807,2724866.126422,0.112087912087912,0.127472527472527,0.00421245421245421,0.119047619047619,0.0750915750915751,0.562087912087912
231773.411807,2724866.126422,0.385871559633028,0.0379816513761468,0.00018348623853211,0.0495412844036697,0.0407339449541284,0.485688073394495
232273.411807,2724866.126422,0.359750504494588,0.0111906072280316,0.0935608145294441,0.0509998165474225,0.0720968629609246,0.412401394239589
232773.411807,2724866.126422,0.574908424908425,0.00201465201465201,0.000183150183150183,0.00238095238095238,0.00274725274725275,0.417765567765568
233273.411807,2724866.126422,0.472477064220183,0.00477064220183486,0.00128440366972477,0.00220183486238532,0.00385321100917431,0.515412844036697
233773.411807,2724866.126422,0.57200513667217,0.015410016510732,0.00752155567785727,0.00623738763529628,0.00898917629792699,0.389836727206017
234273.411807,2724866.126422,0.580586080586081,0.00183150183150183,0.000732600732600733,0.000732600732600733,0.00421245421245421,0.411904761904762
234773.411807,2724866.126422,0.618532110091743,0.00110091743119266,0,0.00055045871559633,0.00311926605504587,0.376697247706422
235273.411807,2724866.126422,0.554760594386351,0.00880572372041827,0,0.0223812144560631,0.0533847000550358,0.360667767382132
235773.411807,2724866.126422,0.382417582417582,0.0119047619047619,0.00146520146520147,0.0139194139194139,0.026007326007326,0.564285714285714
236273.411807,2724866.126422,0.575596330275229,0.0111926605504587,0,0.0277064220183486,0.0427522935779817,0.342752293577982
236773.411807,2724866.126422,0.650889745000917,0.00587048248027885,0.00220143093010457,0.0174279948633278,0.0212804989910108,0.302329847734361
237273.411807,2724866.126422,0.778332895082829,0.00736260846699974,0,0,0.00157770181435709,0.212726794635814
225773.411807,2724366.126422,0.0285973672265093,0.163640490240581,0.0978211529732183,0.145483431684067,0.138674534725374,0.42578302315025
226273.411807,2724366.126422,0.0213393870601589,0.173212258796822,0.00113507377979569,0.041316685584563,0.117139614074915,0.645856980703746
226773.411807,2724366.126422,0.0215810995002272,0.29350295320309,0,0.0954111767378464,0.114720581553839,0.474784189004998
227273.411807,2724366.126422,0.0803449841125738,0.210394916023604,0,0.250113481615978,0.0914661824784385,0.367680435769405
227773.411807,2724366.126422,0.0333711691259932,0.307604994324631,0.00385925085130533,0.180930760499432,0.111464245175936,0.362769580022701
228273.411807,2724366.126422,0.0224897773739209,0.412994093593821,0,0.100863243980009,0.115402089959109,0.348250795093139
228773.411807,2724366.126422,0.0163413527008625,0.297094870630958,0.000226963231956423,0.0903313663186564,0.132546527462551,0.463458919655016
229273.411807,2724366.126422,0.095800227014756,0.150737797956867,0,0.0901248581157775,0.108740068104427,0.554597048808173
229773.411807,2724366.126422,0.016356201726488,0.133575647432985,0.0252158109950023,0.414357110404362,0.067014993184916,0.343480236256247
230273.411807,2724366.126422,0.0957784838856105,0.0871538810712665,0,0.0283704039945529,0.0717203812982297,0.71697684975034
230773.411807,2724366.126422,0.433598183881952,0.0227014755959137,0.000227014755959137,0.000681044267877412,0.00454029511918275,0.538251986379115
231273.411807,2724366.126422,0.361426624261699,0.00908677873693776,0.000908677873693776,0.168786915038619,0.0756474329850068,0.384143571104044
231773.411807,2724366.126422,0.5,0.00181570585565138,0.0029505220154335,0.0792101679527916,0.039718565592374,0.376305038583749
232273.411807,2724366.126422,0.367763904653802,0.00454029511918275,0.000681044267877412,0.0136208853575482,0.0374574347332577,0.575936435868331
232773.411807,2724366.126422,0.677646524307133,0.00499772830531577,0,0.018400726942299,0.00772376192639709,0.291231258518855
233273.411807,2724366.126422,0.495460735360872,0.0156604630049932,0,0.0229232864275987,0.0265546981389015,0.439400817067635
233773.411807,2724366.126422,0.591827468785471,0.00454029511918275,0,0.0499432463110102,0.0236095346197503,0.330079455164586
234273.411807,2724366.126422,0.507042253521127,0.00795093139482054,0.000908677873693776,0.0586097228532485,0.0688323489323035,0.356656065424807
234773.411807,2724366.126422,0.526327734906945,0.00862460281434408,0,0.0115751248297776,0.0240581025873808,0.429414434861552
235273.411807,2724366.126422,0.627922814982974,0.00227014755959137,0,0.0494892167990919,0.024744608399546,0.295573212258797
235773.411807,2724366.126422,0.528169014084507,0.00954111767378464,0.000227169468423444,0.00681508405270332,0.012267151294866,0.442980463425716
236273.411807,2724366.126422,0.67067635043123,0.00431230140717204,0,0.0129369042215161,0.0179300953245574,0.294144348615524
236773.411807,2724366.126422,0.488989784335982,0.0590238365493757,0,0.0188422247446084,0.0585698070374574,0.374574347332577
237273.411807,2724366.126422,0.537976782752902,0.0354892205638474,0,0.00298507462686567,0.0255389718076285,0.398009950248756
