"x","y","forest","agri","water","built","other","grass"
198773.411807,2502366.126422,0.160415003990423,0.0861931364724661,0.0109736632083001,0.0907821229050279,0.0875897845171588,0.564046288906624
199273.411807,2502366.126422,0.0882783882783883,0.0677655677655678,0,0.0212454212454212,0.0401098901098901,0.782600732600733
199773.411807,2502366.126422,0.234690135680235,0.102310231023102,0.00183351668500183,0.0777411074440777,0.1001100110011,0.483314998166483
200273.411807,2502366.126422,0.321794871794872,0.0382783882783883,0.00531135531135531,0.149084249084249,0.101465201465201,0.384065934065934
200773.411807,2502366.126422,0.321978021978022,0.00787545787545788,0.00164835164835165,0.182967032967033,0.135347985347985,0.35018315018315
201273.411807,2502366.126422,0.1996699669967,0.0207187385405207,0.00165016501650165,0.374587458745875,0.163182984965163,0.24019068573524
201773.411807,2502366.126422,0.316666666666667,0.0144688644688645,0,0.105677655677656,0.122710622710623,0.44047619047619
202273.411807,2502366.126422,0.419230769230769,0.0388278388278388,0,0.110622710622711,0.139377289377289,0.291941391941392
202773.411807,2502366.126422,0.362302896956362,0.00348368170150348,0.00055005500550055,0.096993032636597,0.0856252291895856,0.451045104510451
203273.411807,2502366.126422,0.292673992673993,0.0523809523809524,0.0216117216117216,0.156593406593407,0.122161172161172,0.354578754578755
203773.411807,2502366.126422,0.473992673992674,0.0113553113553114,0.000366300366300366,0.0884615384615385,0.0668498168498168,0.358974358974359
204273.411807,2502366.126422,0.418041804180418,0.00055005500550055,0,0.0625229189585625,0.0485881921525486,0.47029702970297
204773.411807,2502366.126422,0.215750915750916,0.0144688644688645,0,0.445238095238095,0.137912087912088,0.186630036630037
205273.411807,2502366.126422,0.182967032967033,0.00750915750915751,0,0.371794871794872,0.115567765567766,0.322161172161172
205773.411807,2502366.126422,0.542904290429043,0.00861752841950862,0,0.0298863219655299,0.0174184085075174,0.401173450678401
206273.411807,2502366.126422,0.397985347985348,0.0104395604395604,0,0.0133699633699634,0.0184981684981685,0.55970695970696
206773.411807,2502366.126422,0.460805860805861,0.241575091575092,0,0.0626373626373626,0.0842490842490843,0.150732600732601
207273.411807,2502366.126422,0.378987898789879,0.25962596259626,0,0.106894022735607,0.144481114778144,0.11001100110011
207773.411807,2502366.126422,0.517032967032967,0.00549450549450549,0,0.0108058608058608,0.023992673992674,0.442673992673993
208273.411807,2502366.126422,0.204212454212454,0.105311355311355,0,0.0128205128205128,0.0712454212454212,0.606410256410256
208773.411807,2502366.126422,0.35038503850385,0.015951595159516,0,0.0249358269160249,0.0286028602860286,0.58012467913458
209273.411807,2502366.126422,0.462820512820513,0.00164835164835165,0,0.0166666666666667,0.0580586080586081,0.460805860805861
209773.411807,2502366.126422,0.523260073260073,0.000732600732600733,0,0.0184981684981685,0.0384615384615385,0.419047619047619
210273.411807,2502366.126422,0.458379171250458,0.013017968463513,0,0.0308030803080308,0.0451045104510451,0.452695269526953
210773.411807,2502366.126422,0.418864468864469,0.0584249084249084,0,0.019047619047619,0.0507326007326007,0.452930402930403
211273.411807,2502366.126422,0.345435244161359,0.101486199575372,0,0.00934182590233546,0.0201698513800425,0.523566878980892
198773.411807,2501866.126422,0.100339796122327,0.298021187287627,0.0211872876274235,0.15930441734959,0.140715570657605,0.280431740955427
199273.411807,2501866.126422,0.106546854942234,0.0915092609572712,0.00256739409499358,0.0955437373922611,0.10012836970475,0.603704382908491
199773.411807,2501866.126422,0.0610225398570643,0.179219351291919,0.0522264980758659,0.209272494044347,0.117830309693971,0.380428807036833
200273.411807,2501866.126422,0.296751697559185,0.0812993209763259,0.0255092677555515,0.0805652413286842,0.0636814094329235,0.45219306294733
200773.411807,2501866.126422,0.313955620759215,0.0126535851824684,0,0.174216027874564,0.112598569594719,0.386576196589034
201273.411807,2501866.126422,0.223932563679677,0.0547920102620487,0.00146600696353308,0.292101887483966,0.130841121495327,0.296866410115448
201773.411807,2501866.126422,0.444485226647091,0.0271609469627455,0,0.0869884382455496,0.0640484492567444,0.377316938887869
202273.411807,2501866.126422,0.316889785439208,0.0100861910874748,0,0.158811663304603,0.108930863744728,0.405281496423987
202773.411807,2501866.126422,0.16932380428807,0.00458127176104087,0,0.273227047828477,0.126259849734286,0.426608026388125
203273.411807,2501866.126422,0.349788952101303,0.0135804734813727,0.000734079647641769,0.14920168838319,0.109010827674803,0.37768397871169
203773.411807,2501866.126422,0.374472767284064,0.00953603520997616,0.000550155877498625,0.144874381074638,0.116816431322208,0.353750229231616
204273.411807,2501866.126422,0.402968664101155,0.00329851566794942,0.000916254352208173,0.11544804837823,0.0725673446948873,0.404801172805571
204773.411807,2501866.126422,0.326665443200587,0.0851532391264452,0.000183519911910442,0.114699944944026,0.125160579922922,0.348137272894109
205273.411807,2501866.126422,0.141940216394645,0.0221896203924445,0,0.549972492206125,0.143407298734641,0.142490372272144
205773.411807,2501866.126422,0.213670514934946,0.0368334249587686,0.00256551218618288,0.519699468572476,0.089792926516401,0.137438152831226
206273.411807,2501866.126422,0.249220040374381,0.0579922921636998,0,0.106441548908057,0.0910258763075794,0.495320242246284
206773.411807,2501866.126422,0.302035576746745,0.0418118466898955,0,0.190170548322025,0.120850907757198,0.345131120484137
207273.411807,2501866.126422,0.320689023272861,0.211654755360088,0,0.00806303829943192,0.0395821880153931,0.420010995052226
207773.411807,2501866.126422,0.385391815011929,0.121490181684713,0.000367039823820885,0.0403743806202973,0.0321159845843274,0.420260598274913
208273.411807,2501866.126422,0.272327159361819,0.0498807995598753,0.00275077938749312,0.0513478818998716,0.0524481936548689,0.571245186136072
208773.411807,2501866.126422,0.406083928898662,0.0304196444933113,0,0.0168590800806304,0.0254718709913872,0.521165475536009
209273.411807,2501866.126422,0.374197100385392,0.00679023674068636,0,0.031932464672417,0.0436777390346853,0.54340245916682
209773.411807,2501866.126422,0.33192737942417,0.0115532734274711,0,0.0315422703099211,0.0456629378323858,0.579314139006052
210273.411807,2501866.126422,0.417811984606927,0.00201575957485798,0,0.00934579439252336,0.0221733553234378,0.548653106102254
210773.411807,2501866.126422,0.555147733529088,0.0445953385942375,0,0.00311983850247752,0.0194531106625069,0.37768397871169
211273.411807,2501866.126422,0.324835351603994,0.130868918631825,0.00169959634586786,0.0167835139154451,0.0624601657106437,0.463352453792224
198773.411807,2501366.126422,0.0399680255795364,0.647482014388489,0.00699440447641886,0.0365707434052758,0.08792965627498,0.1810551558753
199273.411807,2501366.126422,0.0451293340671436,0.319390937442671,0,0.113740598055403,0.0799853237937993,0.441753806640983
199773.411807,2501366.126422,0.169230769230769,0.0842490842490843,0.00402930402930403,0.19047619047619,0.0915750915750916,0.46043956043956
200273.411807,2501366.126422,0.234862385321101,0.108623853211009,0.0198165137614679,0.109908256880734,0.103669724770642,0.423119266055046
200773.411807,2501366.126422,0.307833425059622,0.0620069711979453,0.023115024766098,0.126398825903504,0.128967161988626,0.351678591084205
201273.411807,2501366.126422,0.334981684981685,0.0580586080586081,0.00622710622710623,0.0164835164835165,0.0573260073260073,0.526923076923077
201773.411807,2501366.126422,0.312293577981651,0.224770642201835,0,0.102201834862385,0.0959633027522936,0.264770642201835
202273.411807,2501366.126422,0.365070629242341,0.0539350577875619,0,0.093010456796918,0.0816363969913777,0.406347459181801
202773.411807,2501366.126422,0.367765567765568,0.010989010989011,0,0.141208791208791,0.157142857142857,0.322893772893773
203273.411807,2501366.126422,0.299449541284404,0.0055045871559633,0.00128440366972477,0.210825688073394,0.106238532110092,0.376697247706422
203773.411807,2501366.126422,0.339020363236103,0.00715465052283985,0,0.0693450742982939,0.0392588515868648,0.545221060355898
204273.411807,2501366.126422,0.468681318681319,0.0234432234432234,0,0.113736263736264,0.0965201465201465,0.297619047619048
204773.411807,2501366.126422,0.393394495412844,0.0143119266055046,0,0.142752293577982,0.0842201834862385,0.365321100917431
205273.411807,2501366.126422,0.150798018712163,0.0146762062006971,0.000733810310034856,0.48926802421574,0.119611080535682,0.224912860025683
205773.411807,2501366.126422,0.144505494505494,0.0380952380952381,0,0.584249084249084,0.131135531135531,0.102014652014652
206273.411807,2501366.126422,0.341284403669725,0.011743119266055,0,0.201651376146789,0.0598165137614679,0.385504587155963
206773.411807,2501366.126422,0.427627958172812,0.00733810310034856,0,0.00385250412768299,0.0185287103283801,0.542652724270776
207273.411807,2501366.126422,0.352747252747253,0.0183150183150183,0,0.0043956043956044,0.0192307692307692,0.605311355311355
207773.411807,2501366.126422,0.333577981651376,0.12256880733945,0,0.0777981651376147,0.0944954128440367,0.371559633027523
208273.411807,2501366.126422,0.475509080902587,0.00165107319757843,0,0.032104201064025,0.0559530361401578,0.434782608695652
208773.411807,2501366.126422,0.384615384615385,0.0256410256410256,0,0.0401098901098901,0.112271062271062,0.437362637362637
209273.411807,2501366.126422,0.331376146788991,0.0154128440366972,0,0.0451376146788991,0.174311926605505,0.433761467889908
209773.411807,2501366.126422,0.431663914878004,0.00550357732526142,0,0.0066042927903137,0.0174279948633278,0.538800220143093
210273.411807,2501366.126422,0.414835164835165,0.000366300366300366,0,0.00146520146520147,0.00384615384615385,0.57948717948718
210773.411807,2501366.126422,0.597798165137615,0.00311926605504587,0,0.00128440366972477,0.018348623853211,0.379449541284404
211273.411807,2501366.126422,0.597449521785335,0.0382571732199787,0,0.012327311370882,0.0467587672688629,0.305207226354942
198773.411807,2500866.126422,0.0456903431763767,0.508379888268156,0,0.0528731045490822,0.141859537110934,0.251197126895451
199273.411807,2500866.126422,0.140842490842491,0.235347985347985,0.00989010989010989,0.14047619047619,0.164285714285714,0.309157509157509
199773.411807,2500866.126422,0.0704070407040704,0.221122112211221,0.0088008800880088,0.283094976164283,0.154748808214155,0.261826182618262
200273.411807,2500866.126422,0.245054945054945,0.107875457875458,0.0256410256410256,0.104945054945055,0.133882783882784,0.382600732600733
200773.411807,2500866.126422,0.226007326007326,0.0386446886446886,0.0021978021978022,0.226007326007326,0.124725274725275,0.382417582417582
201273.411807,2500866.126422,0.303630363036304,0.116061606160616,0.0055005500550055,0.0561056105610561,0.0984598459845985,0.42024202420242
201773.411807,2500866.126422,0.293223443223443,0.00421245421245421,0,0.163736263736264,0.111538461538462,0.427289377289377
202273.411807,2500866.126422,0.377289377289377,0.023992673992674,0,0.0476190476190476,0.0796703296703297,0.471428571428571
202773.411807,2500866.126422,0.475064173083975,0.263109644297763,0,0.0141180784745141,0.0474880821415475,0.2002200220022
203273.411807,2500866.126422,0.280769230769231,0.0331501831501832,0.00201465201465201,0.171794871794872,0.166300366300366,0.345970695970696
203773.411807,2500866.126422,0.4003663003663,0.0360805860805861,0,0.0527472527472527,0.065018315018315,0.445787545787546
204273.411807,2500866.126422,0.278511184451779,0.0434543454345435,0,0.0812247891455812,0.100660066006601,0.496149614961496
204773.411807,2500866.126422,0.429120879120879,0.00476190476190476,0,0.126739926739927,0.080952380952381,0.358424908424908
205273.411807,2500866.126422,0.195970695970696,0.00897435897435897,0.000549450549450549,0.440842490842491,0.0862637362637363,0.267399267399267
205773.411807,2500866.126422,0.163182984965163,0.0832416574990832,0,0.106894022735607,0.0863586358635864,0.56032269893656
206273.411807,2500866.126422,0.281501831501832,0.0631868131868132,0,0.0778388278388278,0.125641025641026,0.451831501831502
206773.411807,2500866.126422,0.398351648351648,0,0,0.00750915750915751,0.0177655677655678,0.576373626373626
207273.411807,2500866.126422,0.276677667766777,0.0447378071140447,0,0.105610561056106,0.0366703337000367,0.536303630363036
207773.411807,2500866.126422,0.540659340659341,0.015018315018315,0,0.0177655677655678,0.013003663003663,0.413553113553114
208273.411807,2500866.126422,0.572527472527472,0.00183150183150183,0,0.00201465201465201,0.00934065934065934,0.414285714285714
208773.411807,2500866.126422,0.503300330033003,0.000366703337000367,0,0.00806747341400807,0.0124679134580125,0.475797579757976
209273.411807,2500866.126422,0.326373626373626,0.00457875457875458,0,0.0437728937728938,0.0924908424908425,0.532783882783883
209773.411807,2500866.126422,0.31959706959707,0.00860805860805861,0,0.0131868131868132,0.0531135531135531,0.605494505494505
210273.411807,2500866.126422,0.601393472680601,0.00696736340300697,0,0.0183351668500183,0.0847084708470847,0.288595526219289
210773.411807,2500866.126422,0.789010989010989,0,0,0.00970695970695971,0.013003663003663,0.188278388278388
211273.411807,2500866.126422,0.36348195329087,0.000424628450106157,0.000849256900212314,0.0732484076433121,0.185987261146497,0.376008492569002
198773.411807,2500366.126422,0.026384169498301,0.729762142714371,0,0.0323805716570058,0.0909454327403558,0.120527683389966
199273.411807,2500366.126422,0.0478635613423803,0.485237483953787,0.00513478818998716,0.0997615991197506,0.10416284613974,0.257839721254355
199773.411807,2500366.126422,0.0888766721641928,0.282023089609676,0.0185083379146051,0.139820414146967,0.127359354956936,0.343412131207623
200273.411807,2500366.126422,0.0530372545421178,0.36942558267572,0.0267939071389246,0.119471462653698,0.115250504679758,0.316021288309782
200773.411807,2500366.126422,0.173299101412067,0.0869246286447827,0.0209059233449477,0.0940766550522648,0.124335228314689,0.500458463231249
201273.411807,2500366.126422,0.346160894264248,0.0639545537841305,0.00366501740883269,0.0974894630749496,0.100421477002016,0.388308594465824
201773.411807,2500366.126422,0.314186089190677,0.0273444668746559,0,0.118737383006056,0.112314186089191,0.42741787483942
202273.411807,2500366.126422,0.206308454061984,0.107647166697231,0,0.227030992114432,0.140656519347148,0.318356867779204
202773.411807,2500366.126422,0.358072200842954,0.153380978559648,0,0.0650540590067803,0.0890599230346344,0.334432838555983
203273.411807,2500366.126422,0.360433106992109,0.0178014314553129,0,0.11213066617728,0.0972655533125344,0.412369242062764
203773.411807,2500366.126422,0.391160828901522,0.00183385292499542,0,0.19200440124702,0.0810562992847974,0.333944617641665
204273.411807,2500366.126422,0.387025838372732,0.0930914421843504,0,0.0949239508887667,0.085761407366685,0.339197361187466
204773.411807,2500366.126422,0.207010460634979,0.0119287942741787,0.000550559735731327,0.329234721967333,0.152138006973757,0.299137456414021
205273.411807,2500366.126422,0.335044929396662,0.0139372822299652,0,0.257106180084357,0.0794058316523015,0.314505776636714
205773.411807,2500366.126422,0.393256367967748,0.0168590800806304,0,0.0756826094923951,0.0846619021440352,0.429540040315191
206273.411807,2500366.126422,0.493118003303358,0.174894476050652,0,0.00532207744540283,0.00734079647641769,0.31932464672417
206773.411807,2500366.126422,0.408765816981478,0.0623509994498441,0.000183385292499542,0.136805428204658,0.0935264991747662,0.298367870896754
207273.411807,2500366.126422,0.349276159061756,0.0580905259299982,0.000366501740883269,0.113615539673813,0.0692688290269379,0.409382444566612
207773.411807,2500366.126422,0.576069003486878,0.000917599559552211,0,0.000917599559552211,0.00862543585979079,0.413470361534226
208273.411807,2500366.126422,0.379424170181551,0.00165046763249587,0,0.000916926462497708,0.00165046763249587,0.616357968090959
208773.411807,2500366.126422,0.388675096206707,0.00183250870441635,0,0.00879604178119846,0.0300531427524281,0.57064321055525
209273.411807,2500366.126422,0.420811158010644,0.00110111947146265,0,0.00146815929528354,0.00275279867865663,0.573866764543953
209773.411807,2500366.126422,0.261140656519347,0.141390060517147,0,0.0284247203374289,0.0867412433522831,0.482303319273794
210273.411807,2500366.126422,0.77808319589518,0,0,0.0124610591900312,0.0243723657687374,0.185083379146051
210773.411807,2500366.126422,0.591851715911176,0.00752431638832813,0,0.00991007524316388,0.0209212699577904,0.369792622499541
211273.411807,2500366.126422,0.196090928404504,0.00616103675377098,0,0.00169959634586786,0.0274059910771192,0.768642447418738
198773.411807,2499866.126422,0.0133892885691447,0.169664268585132,0,0.0419664268585132,0.0359712230215827,0.739008792965627
199273.411807,2499866.126422,0.0742982938910292,0.351678591084205,0.0258668134287287,0.119060722803155,0.105668684645019,0.323426894147863
199773.411807,2499866.126422,0.076007326007326,0.162454212454212,0.00183150183150183,0.266849816849817,0.169413919413919,0.323443223443223
200273.411807,2499866.126422,0.0429357798165138,0.262018348623853,0.0412844036697248,0.300366972477064,0.121100917431193,0.232293577981651
200773.411807,2499866.126422,0.106035589800037,0.150064208402128,0.0227481196110805,0.297743533296643,0.139607411484131,0.283801137405981
201273.411807,2499866.126422,0.223809523809524,0.112454212454212,0.0161172161172161,0.176190476190476,0.0978021978021978,0.373626373626374
201773.411807,2499866.126422,0.266422018348624,0.0126605504587156,0,0.164770642201835,0.147889908256881,0.408256880733945
202273.411807,2499866.126422,0.50779673454412,0.00311869381764814,0.000550357732526142,0.0440286186020914,0.0469638598422308,0.397541735461383
202773.411807,2499866.126422,0.396886446886447,0.0168498168498168,0.00128205128205128,0.0906593406593407,0.101465201465201,0.392857142857143
203273.411807,2499866.126422,0.362935779816514,0.0161467889908257,0,0.0878899082568807,0.115779816513761,0.417247706422018
203773.411807,2499866.126422,0.391854705558613,0.0289855072463768,0.00495321959273528,0.0476976701522656,0.076316272243625,0.450192625206384
204273.411807,2499866.126422,0.235897435897436,0.05,0.00128205128205128,0.203846153846154,0.0994505494505494,0.40952380952381
204773.411807,2499866.126422,0.285321100917431,0.0135779816513761,0,0.352660550458716,0.1,0.248440366972477
205273.411807,2499866.126422,0.398458998348927,0.000733810310034856,0,0.0893414052467437,0.0651256650155935,0.446340121078701
205773.411807,2499866.126422,0.355494505494506,0.000732600732600733,0,0.05,0.0467032967032967,0.547069597069597
206273.411807,2499866.126422,0.234862385321101,0.220550458715596,0.00036697247706422,0.12256880733945,0.016697247706422,0.404954128440367
206773.411807,2499866.126422,0.27811410750321,0.0497156485048615,0,0.0682443588332416,0.0385250412768299,0.565400843881857
207273.411807,2499866.126422,0.507326007326007,0.00238095238095238,0,0.0111721611721612,0.0201465201465201,0.458974358974359
207773.411807,2499866.126422,0.413211009174312,0.00752293577981651,0,0.0203669724770642,0.0220183486238532,0.536880733944954
208273.411807,2499866.126422,0.512749954136856,0.000550357732526142,0,0.00495321959273528,0.00898917629792699,0.472757292239956
208773.411807,2499866.126422,0.488827838827839,0.00293040293040293,0,0.019047619047619,0.0326007326007326,0.456593406593407
209273.411807,2499866.126422,0.378899082568807,0.0143119266055046,0,0.00238532110091743,0.00660550458715596,0.597798165137615
209773.411807,2499866.126422,0.283067327095946,0.023115024766098,0,0.173546138323243,0.161438268207668,0.358833241607045
210273.411807,2499866.126422,0.316666666666667,0.00256410256410256,0.000549450549450549,0.0683150183150183,0.135714285714286,0.476190476190476
210773.411807,2499866.126422,0.598348623853211,0.00660550458715596,0,0.00697247706422018,0.0218348623853211,0.366238532110092
211273.411807,2499866.126422,0.33028692879915,0,0,0.0303931987247609,0.0267800212539851,0.612539851222104
198773.411807,2499366.126422,0.0949720670391061,0.335395051875499,0,0.0676376695929769,0.0909816440542698,0.411013567438148
199273.411807,2499366.126422,0.060989010989011,0.225091575091575,0,0.063003663003663,0.0783882783882784,0.572527472527472
199773.411807,2499366.126422,0.103777044371104,0.235423542354235,0.0359369270260359,0.180968096809681,0.104327099376604,0.33956729006234
200273.411807,2499366.126422,0.0406593406593407,0.345054945054945,0.0891941391941392,0.205494505494505,0.0923076923076923,0.227289377289377
200773.411807,2499366.126422,0.150732600732601,0.22032967032967,0.00128205128205128,0.0985347985347985,0.0608058608058608,0.468315018315018
201273.411807,2499366.126422,0.395856252291896,0.00861752841950862,0,0.128162816281628,0.0946094609460946,0.372753942060873
201773.411807,2499366.126422,0.324358974358974,0.052014652014652,0,0.193589743589744,0.0831501831501831,0.346886446886447
202273.411807,2499366.126422,0.24047619047619,0.0415750915750916,0.00146520146520147,0.273076923076923,0.101465201465201,0.341941391941392
202773.411807,2499366.126422,0.295746241290796,0.0627062706270627,0.0126512651265127,0.0848918225155849,0.116978364503117,0.427026035936927
203273.411807,2499366.126422,0.371978021978022,0.0388278388278388,0,0.0531135531135531,0.121978021978022,0.414102564102564
203773.411807,2499366.126422,0.274358974358974,0.0225274725274725,0,0.284615384615385,0.135347985347985,0.283150183150183
204273.411807,2499366.126422,0.341767510084342,0.0265859919325266,0.000183351668500183,0.159149248258159,0.118628529519619,0.353685368536854
204773.411807,2499366.126422,0.414285714285714,0.0139194139194139,0,0.128571428571429,0.0705128205128205,0.372710622710623
205273.411807,2499366.126422,0.467216117216117,0.0168498168498168,0.000183150183150183,0.0250915750915751,0.0467032967032967,0.443956043956044
205773.411807,2499366.126422,0.273927392739274,0.0132013201320132,0,0.155115511551155,0.0726072607260726,0.485148514851485
206273.411807,2499366.126422,0.288278388278388,0.0505494505494506,0,0.0142857142857143,0.0203296703296703,0.626556776556777
206773.411807,2499366.126422,0.411538461538462,0.015018315018315,0,0.0285714285714286,0.0362637362637363,0.508608058608059
207273.411807,2499366.126422,0.505133846718005,0.000183351668500183,0,0.00971763843050972,0.0111844517785112,0.473780711404474
207773.411807,2499366.126422,0.497985347985348,0.00384615384615385,0,0.000183150183150183,0.000549450549450549,0.497435897435897
208273.411807,2499366.126422,0.521794871794872,0.0194139194139194,0,0.0228937728937729,0.0371794871794872,0.398717948717949
208773.411807,2499366.126422,0.367253392005867,0.00696736340300697,0,0.0663733039970664,0.120645397873121,0.438760542720939
209273.411807,2499366.126422,0.337912087912088,0.0186813186813187,0,0.0177655677655678,0.0304029304029304,0.595238095238095
209773.411807,2499366.126422,0.251831501831502,0.0532967032967033,0,0.154212454212454,0.127655677655678,0.413003663003663
210273.411807,2499366.126422,0.315914924825816,0.0144847818115145,0,0.0707737440410708,0.114044737807114,0.484781811514485
210773.411807,2499366.126422,0.759340659340659,0,0,0.00146520146520147,0.00402930402930403,0.235164835164835
211273.411807,2499366.126422,0.45859872611465,0.0106157112526539,0,0.062208067940552,0.0174097664543524,0.451167728237792
198773.411807,2498866.126422,0.0131920847491505,0.566660003997601,0,0.00699580251848891,0.0165900459724166,0.396562062762343
199273.411807,2498866.126422,0.0438290849073904,0.458096460663855,0.000183385292499542,0.0601503759398496,0.0473134054648817,0.390427287731524
199773.411807,2498866.126422,0.0513102437236577,0.321422026754627,0.0258383727322705,0.155579989004948,0.0890599230346344,0.356789444749863
200273.411807,2498866.126422,0.0545054138374014,0.224444852266471,0.0526702147182969,0.202055423013397,0.0862543585979079,0.380069737566526
200773.411807,2498866.126422,0.118650284247203,0.0850907757197873,0.0144874381074638,0.182101595452045,0.164496607372089,0.435173299101412
201273.411807,2498866.126422,0.394722374931281,0.0333516584203775,0,0.0621220450797141,0.0540590067802822,0.455744914788345
201773.411807,2498866.126422,0.520278950266104,0.00183519911910442,0,0.0482657368324463,0.0534042943659387,0.376215819416407
202273.411807,2498866.126422,0.37997432605905,0.00348432055749129,0,0.141023289932147,0.0946268109297634,0.380891252521548
202773.411807,2498866.126422,0.229430089792927,0.0478284771852666,0,0.142935678944475,0.108301264431006,0.471504489646326
203273.411807,2498866.126422,0.347403193246467,0.0554230133969536,0.00201871903101487,0.116535144063131,0.104606349788952,0.374013580473481
203773.411807,2498866.126422,0.338896020539153,0.0119200440124702,0,0.104346231432239,0.101412066752246,0.443425637263891
204273.411807,2498866.126422,0.252886201209456,0.0481949789261499,0,0.150448964632582,0.0978559648158329,0.450613890415979
204773.411807,2498866.126422,0.403193246467242,0.0194531106625069,0,0.0570746926041475,0.058909891723252,0.461369058542852
205273.411807,2498866.126422,0.317806711901706,0.163029525032092,0.000366770584999083,0.0137538969374656,0.00605171465248487,0.498991380891253
205773.411807,2498866.126422,0.248121678577973,0.139453912406084,0.000366501740883269,0.0254718709913872,0.0335349092908191,0.553051126992853
206273.411807,2498866.126422,0.286841622316021,0.135988254725638,0,0.0200036703982382,0.0447788585061479,0.512387594053955
206773.411807,2498866.126422,0.229965156794425,0.00348432055749129,0,0.351366220429122,0.166330460297084,0.248853841921878
207273.411807,2498866.126422,0.405717427157779,0.00623052959501558,0,0.0991387209089243,0.0984057174271578,0.390507604911123
207773.411807,2498866.126422,0.420260598274913,0.0282620664342081,0,0.0165167920719398,0.0311983850247752,0.503762158194164
208273.411807,2498866.126422,0.445626260773886,0.000733541169998166,0,0.0645516229598386,0.0781221346048047,0.410966440491473
208773.411807,2498866.126422,0.280190580905259,0.0238226131574125,0,0.155396738134506,0.151181968114349,0.389408099688474
209273.411807,2498866.126422,0.328867682143513,0.0385391815011929,0,0.0266103872270141,0.0198201504863278,0.586162598641953
209773.411807,2498866.126422,0.224280212726939,0.0210893086374473,0,0.106730240234733,0.107280396112232,0.540619842288648
210273.411807,2498866.126422,0.16474253252703,0.0053142752428074,0,0.29704966098589,0.170789811251603,0.36210371999267
210773.411807,2498866.126422,0.380436777390347,0.0205542301339695,0,0.00422095797394017,0.031932464672417,0.562855569829326
211273.411807,2498866.126422,0.374973443807096,0.0397280645846611,0,0.0397280645846611,0.0522625876354366,0.493307839388145
198773.411807,2498366.126422,0.0387689848121503,0.400679456434852,0.0203836930455636,0.262390087929656,0.0793365307753797,0.198441247002398
199273.411807,2498366.126422,0.0475142175747569,0.304714731241974,0.0196294257934324,0.333883691065859,0.107503210420106,0.186754723903871
199773.411807,2498366.126422,0.0672161172161172,0.326556776556777,0.0122710622710623,0.25,0.0646520146520147,0.279304029304029
200273.411807,2498366.126422,0.0741284403669725,0.167889908256881,0,0.0704587155963303,0.0803669724770642,0.607155963302752
200773.411807,2498366.126422,0.201614382682077,0.0664098330581545,0.0288020546688681,0.0847550908090259,0.107136305265089,0.511282333516786
201273.411807,2498366.126422,0.417032967032967,0.0417582417582418,0,0.0901098901098901,0.0549450549450549,0.396153846153846
201773.411807,2498366.126422,0.402385321100917,0.0513761467889908,0,0.123302752293578,0.104220183486239,0.318715596330275
202273.411807,2498366.126422,0.369290038525041,0.0117409649605577,0,0.09557879288204,0.064758759860576,0.458631443771785
202773.411807,2498366.126422,0.379304029304029,0.00567765567765568,0,0.0831501831501831,0.0875457875457875,0.444322344322344
203273.411807,2498366.126422,0.114128440366972,0.0170642201834862,0,0.448073394495413,0.135779816513761,0.284954128440367
203773.411807,2498366.126422,0.225096312603192,0.135021097046413,0.0177949000183453,0.150247660979637,0.138873601174097,0.332966428178316
204273.411807,2498366.126422,0.195421245421245,0.301831501831502,0.0278388278388278,0.152747252747253,0.0556776556776557,0.266483516483516
204773.411807,2498366.126422,0.309174311926605,0.0543119266055046,0,0.151376146788991,0.10256880733945,0.38256880733945
205273.411807,2498366.126422,0.377545404512933,0.0774169877086773,0,0.0612731608879105,0.0139423958906623,0.469822050999817
205773.411807,2498366.126422,0.460805860805861,0.0296703296703297,0,0.0293040293040293,0.0404761904761905,0.43974358974359
206273.411807,2498366.126422,0.46697247706422,0.0198165137614679,0.00018348623853211,0.0326605504587156,0.0357798165137615,0.444587155963303
206773.411807,2498366.126422,0.297193175564117,0.0453127866446524,0.000183452577508714,0.0372408732342689,0.0744817464685379,0.545587965510915
207273.411807,2498366.126422,0.454578754578755,0.0100732600732601,0,0.0243589743589744,0.0289377289377289,0.482051282051282
207773.411807,2498366.126422,0.36605504587156,0.0585321100917431,0.00018348623853211,0.0111926605504587,0.0111926605504587,0.552844036697248
208273.411807,2498366.126422,0.344157035406347,0.119244175380664,0.000366905155017428,0.00953953403045313,0.0176114474408365,0.509080902586681
208773.411807,2498366.126422,0.426739926739927,0.0434065934065934,0,0.0192307692307692,0.01996336996337,0.490659340659341
209273.411807,2498366.126422,0.392660550458716,0.00220183486238532,0,0.0126605504587156,0.0198165137614679,0.572660550458716
209773.411807,2498366.126422,0.248945147679325,0.0344890845716382,0,0.0508163639699138,0.0922766464868831,0.57347275729224
210273.411807,2498366.126422,0.233516483516484,0.0139194139194139,0,0.00549450549450549,0.0304029304029304,0.716666666666667
210773.411807,2498366.126422,0.162935779816514,0.04,0,0.0100917431192661,0.0267889908256881,0.760183486238532
211273.411807,2498366.126422,0.2605738575983,0.00828905419766206,0,0.0391073326248672,0.0422954303931987,0.649734325185972
198773.411807,2497866.126422,0.144253790901836,0.36292897047087,0.00019952114924182,0.168196328810854,0.0816041500399042,0.242817238627294
199273.411807,2497866.126422,0.0683150183150183,0.265750915750916,0.00183150183150183,0.168315018315018,0.108791208791209,0.386996336996337
199773.411807,2497866.126422,0.142280894756142,0.203337000366703,0.00055005500550055,0.172717271727173,0.101576824349102,0.37953795379538
200273.411807,2497866.126422,0.15,0.0774725274725275,0,0.346153846153846,0.161355311355311,0.265018315018315
200773.411807,2497866.126422,0.167032967032967,0.131135531135531,0.0230769230769231,0.0864468864468864,0.144688644688645,0.447619047619048
201273.411807,2497866.126422,0.262742940960763,0.105427209387605,0.0315364869820315,0.0973597359735974,0.0797579757975798,0.423175650898423
201773.411807,2497866.126422,0.433150183150183,0.0637362637362637,0.00714285714285714,0.0461538461538462,0.0622710622710623,0.387545787545788
202273.411807,2497866.126422,0.395421245421245,0.00494505494505494,0.00274725274725275,0.178205128205128,0.0877289377289377,0.330952380952381
202773.411807,2497866.126422,0.396039603960396,0.0253025302530253,0,0.0782911624495783,0.0905757242390906,0.40979097909791
203273.411807,2497866.126422,0.248534798534799,0.0450549450549451,0.0192307692307692,0.16043956043956,0.133699633699634,0.393040293040293
203773.411807,2497866.126422,0.118498168498168,0.40018315018315,0.00531135531135531,0.166483516483516,0.0615384615384615,0.247985347985348
204273.411807,2497866.126422,0.00806747341400807,0.657499083241658,0.00825082508250825,0.11019435276861,0.0278694536120279,0.188118811881188
204773.411807,2497866.126422,0.191941391941392,0.145054945054945,0.0214285714285714,0.122893772893773,0.0144688644688645,0.504212454212454
205273.411807,2497866.126422,0.163736263736264,0.114102564102564,0.0124542124542125,0.283516483516484,0.05,0.376190476190476
205773.411807,2497866.126422,0.438577191052439,0.0102676934360103,0,0.0102676934360103,0.0181518151815182,0.522735606894023
206273.411807,2497866.126422,0.383516483516484,0.0195970695970696,0,0.0269230769230769,0.0622710622710623,0.507692307692308
206773.411807,2497866.126422,0.465567765567766,0.0478021978021978,0,0.0254578754578755,0.0441391941391941,0.417032967032967
207273.411807,2497866.126422,0.546021268793546,0.00311697836450312,0,0.0388705537220389,0.0474880821415475,0.364503116978365
207773.411807,2497866.126422,0.31978021978022,0.0304029304029304,0,0.0120879120879121,0.0399267399267399,0.597802197802198
208273.411807,2497866.126422,0.388644688644689,0.041025641025641,0,0.000915750915750916,0.00659340659340659,0.562820512820513
208773.411807,2497866.126422,0.27044371103777,0.0476714338100477,0.0143014301430143,0.0531719838650532,0.0606894022735607,0.553722038870554
209273.411807,2497866.126422,0.134981684981685,0.0899267399267399,0,0.16996336996337,0.0913919413919414,0.513736263736264
209773.411807,2497866.126422,0.206593406593407,0.118864468864469,0.0355311355311355,0.0681318681318681,0.165201465201465,0.405677655677656
210273.411807,2497866.126422,0.151081774844151,0.0883755042170884,0.0066006600660066,0.05995599559956,0.132013201320132,0.561972863953062
210773.411807,2497866.126422,0.0399267399267399,0.0432234432234432,0.00293040293040293,0.073992673992674,0.0805860805860806,0.759340659340659
211273.411807,2497866.126422,0.122929936305732,0.0133757961783439,0,0.0144373673036093,0.0331210191082803,0.816135881104034
198773.411807,2497366.126422,0.0961423146112333,0.323006196282231,0.00119928043174096,0.221866879872077,0.116729962022786,0.241055366779932
199273.411807,2497366.126422,0.0988446726572529,0.230148542086925,0.0441958554923895,0.170181551439575,0.118833669539703,0.337795708784155
199773.411807,2497366.126422,0.162910023822613,0.105919003115265,0.0417811984606927,0.172255818215137,0.0683525746747297,0.448781381711563
200273.411807,2497366.126422,0.198752064599009,0.14094329234722,0.0154156726004772,0.183519911910442,0.123141860891907,0.338227197650945
200773.411807,2497366.126422,0.160645516229598,0.166513845589584,0.0416284613973959,0.130386942967174,0.134238034109664,0.366587199706584
201273.411807,2497366.126422,0.2376763789628,0.0463624702217336,0.000916254352208173,0.17830309693971,0.153747480300531,0.382994319223016
201773.411807,2497366.126422,0.271425949715544,0.0614791704899982,0.00623967700495504,0.101119471462654,0.0906588364837585,0.46907689484309
202273.411807,2497366.126422,0.450210893086374,0.0148542086924629,0,0.0801393728222996,0.0746378140473134,0.38015771135155
202773.411807,2497366.126422,0.349459409932197,0.0102620487447315,0,0.180685358255452,0.158878504672897,0.300714678394722
203273.411807,2497366.126422,0.308496971921453,0.0289961460818499,0.00660671682877592,0.107542668379519,0.131767296751698,0.416590200036704
203773.411807,2497366.126422,0.0687694846873281,0.622226297450944,0.0104529616724739,0.0553823583348615,0.0441958554923895,0.198973042362003
204273.411807,2497366.126422,0.133223382811068,0.435587319039765,0.0124610591900312,0.0117280557082646,0.045629466739967,0.361370716510903
204773.411807,2497366.126422,0.473297852817031,0.000367039823820885,0,0.0264268673151037,0.0343182235272527,0.465590016516792
205273.411807,2497366.126422,0.358885017421603,0.00165046763249587,0,0.13607188703466,0.100861910874748,0.402530717036494
205773.411807,2497366.126422,0.175371083012644,0.00751328568810702,0,0.457760674363203,0.117097306212205,0.242257650723841
206273.411807,2497366.126422,0.440447788585062,0.00752431638832813,0,0.0601945311066251,0.0541383740135805,0.437694989906405
206773.411807,2497366.126422,0.338345864661654,0.0302585732624244,0,0.0192554557124519,0.0326425820649184,0.579497524298551
207273.411807,2497366.126422,0.466006963533077,0.0613890415979476,0,0.00879604178119846,0.00586402785413231,0.457943925233645
207773.411807,2497366.126422,0.436043310699211,0.0451458983299688,0.00146815929528354,0.044411818682327,0.0677188474949532,0.405211965498257
208273.411807,2497366.126422,0.3201907207042,0.0262240968274344,0,0.059600220062351,0.0871080139372822,0.506876948468733
208773.411807,2497366.126422,0.241158145501191,0.0804471321238776,0.0397654388858347,0.115997800989555,0.141103170240059,0.381528312259483
209273.411807,2497366.126422,0.223343732795008,0.147733529087906,0.00513855753349238,0.0645990089924757,0.0734079647641769,0.485777206826941
209773.411807,2497366.126422,0.211626627544471,0.117549972492206,0.0821566110397946,0.148725472217128,0.116999816614707,0.322941500091693
210273.411807,2497366.126422,0.198277441817849,0.137071651090343,0.0652373098772219,0.131574124977094,0.158512002932014,0.309327469305479
210773.411807,2497366.126422,0.329051202055423,0.0642319691686548,0.00972655533125344,0.0179849513672233,0.0702881262616994,0.508717195815746
211273.411807,2497366.126422,0.118121946037816,0.165498194178883,0,0.00679838538347143,0.0135967707669429,0.695984703632887
198773.411807,2496866.126422,0.121902478017586,0.301358912869704,0.00999200639488409,0.20343725019984,0.0793365307753797,0.283972821742606
199273.411807,2496866.126422,0.0882406897816914,0.128233351678591,0.0363236103467254,0.27242707760044,0.173546138323243,0.301229132269308
199773.411807,2496866.126422,0.138827838827839,0.118681318681319,0.0172161172161172,0.152564102564103,0.126556776556777,0.446153846153846
200273.411807,2496866.126422,0.169908256880734,0.0328440366972477,0.00587155963302752,0.201467889908257,0.144036697247706,0.445871559633028
200773.411807,2496866.126422,0.0816363969913777,0.167125298110438,0.020546688680976,0.262337185837461,0.101816180517336,0.366538249862411
201273.411807,2496866.126422,0.113553113553114,0.146703296703297,0.0153846153846154,0.142490842490842,0.144322344322344,0.437545787545788
201773.411807,2496866.126422,0.213577981651376,0.0554128440366972,0.0106422018348624,0.0902752293577982,0.0977981651376147,0.532293577981651
202273.411807,2496866.126422,0.334984406530912,0.00458631443771785,0,0.08273711245643,0.0792515134837644,0.498440653091176
202773.411807,2496866.126422,0.21025641025641,0.0206959706959707,0,0.285531135531136,0.124542124542125,0.358974358974359
203273.411807,2496866.126422,0.0594495412844037,0.273761467889908,0.00513761467889908,0.0869724770642202,0.0411009174311927,0.533577981651376
203773.411807,2496866.126422,0.124197394973399,0.389286369473491,0,0.029535864978903,0.0403595670519171,0.416620803522289
204273.411807,2496866.126422,0.251648351648352,0.0518315018315018,0.000183150183150183,0.0771062271062271,0.0686813186813187,0.550549450549451
204773.411807,2496866.126422,0.368807339449541,0.00660550458715596,0,0.0181651376146789,0.0154128440366972,0.591009174311927
205273.411807,2496866.126422,0.19977985690699,0.0165107319757843,0,0.152815997064759,0.0900752155567786,0.540818198495689
205773.411807,2496866.126422,0.101282051282051,0.0104395604395604,0.0021978021978022,0.566849816849817,0.141391941391941,0.177838827838828
206273.411807,2496866.126422,0.189908256880734,0.0423853211009174,0,0.173577981651376,0.118715596330275,0.475412844036697
206773.411807,2496866.126422,0.272243625022932,0.00165107319757843,0,0.0324711062190424,0.062190423775454,0.631443771784994
207273.411807,2496866.126422,0.212820512820513,0.0419413919413919,0.0208791208791209,0.0516483516483516,0.0879120879120879,0.584798534798535
207773.411807,2496866.126422,0.190825688073395,0.0910091743119266,0,0.18697247706422,0.0844036697247706,0.446788990825688
208273.411807,2496866.126422,0.136305265088975,0.0825536598789213,0,0.081452944413869,0.147862777472023,0.551825353146212
208773.411807,2496866.126422,0.135164835164835,0.0783882783882784,0,0.289010989010989,0.182783882783883,0.314652014652015
209273.411807,2496866.126422,0.237064220183486,0.0306422018348624,0.0130275229357798,0.140550458715596,0.0877064220183486,0.491009174311927
