"x","y","forest","agri","water","built","other","grass"
199273.411807,2654866.126422,0.0347899872719559,0.766440390326686,0,0.0475180313958422,0.0727619855748833,0.0784896054306322
199773.411807,2654866.126422,0.0406816932380429,0.48433205057724,0.0201575957485798,0.205790727505956,0.0899761773868426,0.159061755543339
200273.411807,2654866.126422,0.0379886217654616,0.380620297302257,0.0291796659937603,0.308864011745274,0.098733712607818,0.144613690585429
200773.411807,2654866.126422,0.0139372822299652,0.706766917293233,0.000183385292499542,0.0933431138822666,0.0570328259673574,0.128736475334678
201273.411807,2654866.126422,0.0263881253435954,0.717976910390324,0.000183250870441635,0.0733003481766538,0.0652373098772219,0.116914055341763
201773.411807,2654866.126422,0.0271609469627455,0.536612222426133,0.000183519911910442,0.154890805652413,0.0943292347219673,0.18682327032483
202273.411807,2654866.126422,0.0210893086374473,0.301118650284247,0.00183385292499542,0.133137722354667,0.178800660187053,0.36401980561159
202773.411807,2654866.126422,0.0470954737035001,0.268645776067436,0.00128275609309144,0.248488180318857,0.0941909474070002,0.340296866410115
203273.411807,2654866.126422,0.0244081482840888,0.555331253440998,0,0.073040924940356,0.0478986970086254,0.299320976325931
203773.411807,2654866.126422,0.0830735375022923,0.101778837337246,0.00898587933247754,0.507610489638731,0.127086007702182,0.171465248487071
204273.411807,2654866.126422,0.0382994319223016,0.154846985523181,0.000549752611324904,0.272127542605827,0.147150448964633,0.387025838372732
204773.411807,2654866.126422,0.0295467058175812,0.252156358964948,0.00165167920719398,0.282987704165902,0.133969535694623,0.299688016149752
205273.411807,2654866.126422,0.0436456996148909,0.227030992114432,0.0238400880249404,0.364386576196589,0.11589950485971,0.225197139189437
205773.411807,2654866.126422,0,0.709913872090892,0,0.0404984423676012,0.105919003115265,0.143668682426242
206273.411807,2654866.126422,0.00770783630023858,0.815746008441916,0,0.0704716461736098,0.0535878142778491,0.0524866948063865
206773.411807,2654866.126422,0.0271410232899321,0.646983311938383,0,0.106180084357235,0.0674857876398313,0.152209792774619
207273.411807,2654866.126422,0.196444933113432,0.0425142019424592,0,0.31500824628917,0.132123877588419,0.31390874106652
207773.411807,2654866.126422,0.361534226463571,0.0899247568361167,0,0.0310148651128647,0.04147550009176,0.476050651495687
208273.411807,2654866.126422,0.329543370621676,0.066385475884834,0,0.0515312671923712,0.123785072437191,0.428754813863928
208773.411807,2654866.126422,0.318673263698003,0.0175920835623969,0,0.0991387209089243,0.053142752428074,0.511453179402602
209273.411807,2654866.126422,0.475133051936135,0.0185355111029547,0,0.09543035419343,0.0748761240594605,0.33602495870802
209773.411807,2654866.126422,0.586832935998533,0.00568494406748579,0,0.00458463231248854,0.00825233816247937,0.394645149459013
210273.411807,2654866.126422,0.528312259483233,0.00549752611324904,0,0.0982224665567161,0.0846619021440352,0.283305845702767
210773.411807,2654866.126422,0.679207193980547,0.00238575885483575,0,0,0.000917599559552211,0.317489447605065
211273.411807,2654866.126422,0.44782688428388,0.0225563909774436,0,0.00183385292499542,0.0130203557674674,0.514762516046213
211773.411807,2654866.126422,0.303889056376244,0.00331624962315345,0,0.0156768164003618,0.0211034066927947,0.656014470907446
199273.411807,2654366.126422,0.0470937632583793,0.50296987696224,0.0233347475604582,0.222316504030547,0.0538820534577853,0.15040305473059
199773.411807,2654366.126422,0.00549450549450549,0.818498168498168,0.000549450549450549,0.043956043956044,0.0445054945054945,0.086996336996337
200273.411807,2654366.126422,0.0141284403669725,0.680550458715596,0.0286238532110092,0.0755963302752294,0.0713761467889908,0.129724770642202
200773.411807,2654366.126422,0.00697119794533113,0.855806274078151,0,0.0143093010456797,0.0221977618785544,0.100715465052284
201273.411807,2654366.126422,0.0556776556776557,0.390842490842491,0,0.102930402930403,0.0703296703296703,0.38021978021978
201773.411807,2654366.126422,0.026605504587156,0.516146788990826,0.00293577981651376,0.142935779816514,0.0748623853211009,0.23651376146789
202273.411807,2654366.126422,0.0187121629058888,0.408732342689415,0.000366905155017428,0.136672170243992,0.10988809392772,0.325628325077967
202773.411807,2654366.126422,0.030952380952381,0.225457875457875,0.00494505494505494,0.173076923076923,0.117216117216117,0.448351648351648
203273.411807,2654366.126422,0.0284403669724771,0.259266055045872,0.00311926605504587,0.175779816513761,0.125137614678899,0.408256880733945
203773.411807,2654366.126422,0.0974133186571271,0.0498991010823702,0.002568336085122,0.558613098514034,0.135938359933957,0.155567785727389
204273.411807,2654366.126422,0.0263736263736264,0.158424908424908,0.000915750915750916,0.193589743589744,0.0822344322344322,0.538461538461538
204773.411807,2654366.126422,0.0376146788990826,0.135045871559633,0.000917431192660551,0.354862385321101,0.16605504587156,0.305504587155963
205273.411807,2654366.126422,0.0777838928636947,0.0970464135021097,0.00898917629792699,0.46651990460466,0.16694184553293,0.182718767198679
205773.411807,2654366.126422,0.0326007326007326,0.302930402930403,0.0119047619047619,0.4003663003663,0.102747252747253,0.149450549450549
206273.411807,2654366.126422,0.00935779816513761,0.756330275229358,0.00073394495412844,0.0831192660550459,0.0522935779816514,0.0981651376146789
206773.411807,2654366.126422,0.0227481196110805,0.752155567785727,0,0.0726472206934507,0.0449458814896349,0.107503210420106
207273.411807,2654366.126422,0.114835164835165,0.226556776556777,0.0032967032967033,0.276190476190476,0.0794871794871795,0.2996336996337
207773.411807,2654366.126422,0.198715596330275,0.0638532110091743,0,0.251192660550459,0.0891743119266055,0.397064220183486
208273.411807,2654366.126422,0.264905521922583,0.0126582278481013,0.00091726288754357,0.0333883691065859,0.016694184553293,0.671436433681893
208773.411807,2654366.126422,0.248168498168498,0.00256410256410256,0,0.0010989010989011,0.000549450549450549,0.747619047619048
209273.411807,2654366.126422,0.615229357798165,0.00880733944954129,0,0.00128440366972477,0.00293577981651376,0.371743119266055
209773.411807,2654366.126422,0.684461566685012,0.000550357732526142,0,0,0,0.314988075582462
210273.411807,2654366.126422,0.575641025641026,0.00677655677655678,0,0.056043956043956,0.05,0.311538461538462
210773.411807,2654366.126422,0.423302752293578,0.0370642201834862,0,0.0579816513761468,0.0522935779816514,0.429357798165138
211273.411807,2654366.126422,0.583379196477711,0.001284168042561,0,0.00825536598789213,0.00843881856540084,0.398642450926436
211773.411807,2654366.126422,0.453751129858391,0.0250075323892739,0,0.0313347393793311,0.0397710153660741,0.45013558300693
199273.411807,2653866.126422,0.0250052977325705,0.590379317652045,0.012926467471922,0.161051070141979,0.0824327187963552,0.128205128205128
199773.411807,2653866.126422,0.0612394572790612,0.470847084708471,0.0319031903190319,0.0964429776310964,0.0605060506050605,0.279061239457279
200273.411807,2653866.126422,0.028021978021978,0.647802197802198,0.00274725274725275,0.0673992673992674,0.0538461538461538,0.20018315018315
200773.411807,2653866.126422,0.0483516483516484,0.536630036630037,0.00238095238095238,0.104029304029304,0.0858974358974359,0.222710622710623
201273.411807,2653866.126422,0.035020168683535,0.569123579024569,0.00183351668500183,0.108727539420609,0.0869086908690869,0.198386505317198
201773.411807,2653866.126422,0.0573260073260073,0.237728937728938,0.00549450549450549,0.266300366300366,0.10970695970696,0.323443223443223
202273.411807,2653866.126422,0.0498168498168498,0.168864468864469,0.00457875457875458,0.406410256410256,0.0827838827838828,0.287545787545788
202773.411807,2653866.126422,0.0238357169050238,0.281444811147781,0.00183351668500183,0.226072607260726,0.121928859552622,0.344884488448845
203273.411807,2653866.126422,0.0373626373626374,0.21025641025641,0.019047619047619,0.332234432234432,0.122893772893773,0.278205128205128
203773.411807,2653866.126422,0.0269230769230769,0.132051282051282,0.00238095238095238,0.16996336996337,0.102747252747253,0.565934065934066
204273.411807,2653866.126422,0.041987532086542,0.0887422075540887,0.00403373670700403,0.171250458379171,0.113678034470114,0.58030803080308
204773.411807,2653866.126422,0.0663003663003663,0.0996336996336996,0.00604395604395604,0.318498168498168,0.120879120879121,0.388644688644689
205273.411807,2653866.126422,0.0340659340659341,0.128571428571429,0.0111721611721612,0.415018315018315,0.11996336996337,0.291208791208791
205773.411807,2653866.126422,0.0551888522185552,0.0636230289695636,0.00898423175650898,0.647048038137147,0.0977264393105977,0.127429409607627
206273.411807,2653866.126422,0.0470695970695971,0.280586080586081,0.000183150183150183,0.266666666666667,0.123992673992674,0.281501831501832
206773.411807,2653866.126422,0.0177655677655678,0.471428571428571,0,0.041025641025641,0.0652014652014652,0.404578754578755
207273.411807,2653866.126422,0.044004400440044,0.403190319031903,0.000366703337000367,0.140630729739641,0.0572057205720572,0.354602126879355
207773.411807,2653866.126422,0.156776556776557,0.113003663003663,0.000183150183150183,0.345970695970696,0.116666666666667,0.267399267399267
208273.411807,2653866.126422,0.147802197802198,0.0373626373626374,0.000183150183150183,0.391575091575092,0.100915750915751,0.322161172161172
208773.411807,2653866.126422,0.589108910891089,0.00513384671800513,0,0,0,0.405757242390906
209273.411807,2653866.126422,0.747069597069597,0,0,0,0,0.252930402930403
209773.411807,2653866.126422,0.772344322344322,0,0,0,0,0.227655677655678
210273.411807,2653866.126422,0.355335533553355,0.0390539053905391,0,0.00531719838650532,0.00696736340300697,0.593325999266593
210773.411807,2653866.126422,0.241208791208791,0.0377289377289377,0.00384615384615385,0.15952380952381,0.0996336996336996,0.458058608058608
211273.411807,2653866.126422,0.613186813186813,0.00183150183150183,0,0.00293040293040293,0.00677655677655678,0.375274725274725
211773.411807,2653866.126422,0.518998793727382,0.0244270205066345,0,0.0147768395657419,0.0262364294330519,0.415560916767189
199273.411807,2653366.126422,0.00869749681798897,0.791896478574459,0,0.0146372507424692,0.0322443784471786,0.152524395417904
199773.411807,2653366.126422,0.129741616272677,0.33296683159245,0.0875939160711013,0.162360271211288,0.0806303829943192,0.206706981858164
200273.411807,2653366.126422,0.0258763075793724,0.573132684896311,0.00568911726922371,0.060561570930446,0.0675353275830428,0.267204991741604
200773.411807,2653366.126422,0.0777553640198056,0.219145424536952,0.00385109114249037,0.370071520264075,0.165413533834586,0.163763066202091
201273.411807,2653366.126422,0.0238226131574125,0.568627450980392,0.00109950522264981,0.170973062122045,0.049660985889683,0.185816382627817
201773.411807,2653366.126422,0.0535878142778491,0.364470545054138,0.0141310332171041,0.212149018168471,0.114883464855937,0.2407781244265
202273.411807,2653366.126422,0.0275077938749312,0.432605905006418,0,0.0849073904272877,0.059600220062351,0.395378690629012
202773.411807,2653366.126422,0.0454462158695254,0.398753894080997,0,0.104636247022173,0.0940076965365585,0.357155946490746
203273.411807,2653366.126422,0.0469810974490732,0.262616993943843,0.000550559735731327,0.127729858689668,0.0996513121673702,0.462470178014315
203773.411807,2653366.126422,0.0392444525949019,0.173299101412067,0.000183385292499542,0.202640748211993,0.147258389877132,0.437373922611407
204273.411807,2653366.126422,0.0254718709913872,0.264431006047279,0,0.142752428074033,0.119479567527946,0.447865127359355
204773.411807,2653366.126422,0.0420260598274913,0.137639933932832,0,0.242062763809873,0.118003303358414,0.460267939071389
205273.411807,2653366.126422,0.037593984962406,0.162295983862094,0.00165046763249587,0.340546488171649,0.150192554557125,0.307720520814231
205773.411807,2653366.126422,0.085761407366685,0.078248121678578,0.00733003481766538,0.460875939160711,0.0892431739050761,0.278541323071285
206273.411807,2653366.126422,0.0328500642319692,0.177280234905487,0.00293631859056708,0.466874655900165,0.104055790053221,0.216002936318591
206773.411807,2653366.126422,0.0221896203924445,0.26004034476435,0.00623509994498441,0.408582431688979,0.104346231432239,0.198606271777003
207273.411807,2653366.126422,0.0470954737035001,0.319039765438886,0.0179585853032802,0.393806120579073,0.0670698185816383,0.155030236393623
207773.411807,2653366.126422,0.0818498807120573,0.312534409983483,0.00752431638832813,0.288493301523215,0.102404110846027,0.207193980546889
208273.411807,2653366.126422,0.158811663304603,0.0273244085824317,0.000733541169998166,0.437373922611407,0.107280396112232,0.268476068219329
208773.411807,2653366.126422,0.340296866410115,0.0317024005864028,0,0.107751511819681,0.0533260032985157,0.466923217885285
209273.411807,2653366.126422,0.623967700495504,0.00660671682877592,0,0.0255092677555515,0.0146815929528354,0.329234721967333
209773.411807,2653366.126422,0.741243352283147,0,0,0,0,0.258756647716853
210273.411807,2653366.126422,0.654205607476635,0.0117280557082646,0,0,0.000366501740883269,0.333699835074217
210773.411807,2653366.126422,0.38594237474766,0.0400073407964764,0,0.0247751881079097,0.0412919801798495,0.507983116168104
211273.411807,2653366.126422,0.522464698331194,0.00733541169998166,0,0.0427287731523932,0.0410783055198973,0.386392811296534
211773.411807,2653366.126422,0.671088332830871,0.00964727163099186,0,0.000301477238468496,0.000301477238468496,0.3186614410612
199273.411807,2652866.126422,0.0292745014849385,0.500424268137463,0,0.0731862537123462,0.0670343657191345,0.330080610946118
199773.411807,2652866.126422,0.086996336996337,0.357875457875458,0.0115384615384615,0.132417582417582,0.0956043956043956,0.315567765567766
200273.411807,2652866.126422,0.0944954128440367,0.27394495412844,0.095045871559633,0.184403669724771,0.0845871559633028,0.267522935779817
200773.411807,2652866.126422,0.0436617134470739,0.444872500458631,0.000550357732526142,0.0744817464685379,0.0924600990643919,0.343973582828839
201273.411807,2652866.126422,0.0282051282051282,0.571978021978022,0.0021978021978022,0.0642857142857143,0.0652014652014652,0.268131868131868
201773.411807,2652866.126422,0.0460550458715596,0.397981651376147,0.00036697247706422,0.0844036697247706,0.0941284403669725,0.377064220183486
202273.411807,2652866.126422,0.0709961474958723,0.230599889928453,0.00458631443771785,0.180884241423592,0.131352045496239,0.381581361218125
202773.411807,2652866.126422,0.0217948717948718,0.239194139194139,0.00311355311355311,0.115384615384615,0.135714285714286,0.484798534798535
203273.411807,2652866.126422,0.0143119266055046,0.300917431192661,0.00018348623853211,0.182935779816514,0.132110091743119,0.36954128440367
203773.411807,2652866.126422,0.0399926618968997,0.274261603375527,0,0.110071546505228,0.0966795083470923,0.478994679875252
204273.411807,2652866.126422,0.0296703296703297,0.304029304029304,0,0.143956043956044,0.117216117216117,0.405128205128205
204773.411807,2652866.126422,0.0455045871559633,0.214495412844037,0,0.255779816513761,0.117247706422018,0.36697247706422
205273.411807,2652866.126422,0.0245826453861677,0.375710878737846,0,0.200697119794533,0.111906072280316,0.287103283801137
205773.411807,2652866.126422,0.0586080586080586,0.196703296703297,0.000732600732600733,0.178388278388278,0.0835164835164835,0.482051282051282
206273.411807,2652866.126422,0.0653211009174312,0.0941284403669725,0.0119266055045872,0.66348623853211,0.0899082568807339,0.0752293577981651
206773.411807,2652866.126422,0.0821867547239039,0.201247477527059,0.00825536598789213,0.327646303430563,0.125114657860943,0.255549440469639
207273.411807,2652866.126422,0.0364468864468864,0.695421245421245,0.0043956043956044,0.112087912087912,0.0342490842490843,0.117399267399267
207773.411807,2652866.126422,0.0488073394495413,0.55394495412844,0,0.0845871559633028,0.0504587155963303,0.262201834862385
208273.411807,2652866.126422,0.140708126949184,0.0728306732709595,0.000366905155017428,0.341588699321225,0.121995964043295,0.322509631260319
208773.411807,2652866.126422,0.238278388278388,0.0168498168498168,0,0.291025641025641,0.0945054945054945,0.359340659340659
209273.411807,2652866.126422,0.622752293577982,0.00073394495412844,0,0.00972477064220183,0.00697247706422018,0.359816513761468
209773.411807,2652866.126422,0.60484314804623,0.00476976701522656,0,0.00330214639515685,0.0078884608328747,0.379196477710512
210273.411807,2652866.126422,0.645604395604396,0.0113553113553114,0,0.0119047619047619,0.021978021978022,0.309157509157509
210773.411807,2652866.126422,0.748807339449541,0.0055045871559633,0,0.00110091743119266,0.00201834862385321,0.24256880733945
211273.411807,2652866.126422,0.420656760227481,0.0398092093193909,0,0.0311869381764814,0.0489818381948266,0.45936525408182
211773.411807,2652866.126422,0.669478758662248,0.00150647785477553,0,0,0,0.329014763482977
199273.411807,2652366.126422,0.0103835558381013,0.454333545242636,0.00105954651409197,0.0459843187115914,0.0497986861623225,0.438440347531257
199773.411807,2652366.126422,0.0559222588925559,0.435643564356436,0.013017968463513,0.131096442977631,0.0856252291895856,0.278694536120279
200273.411807,2652366.126422,0.142857142857143,0.196886446886447,0.0796703296703297,0.143589743589744,0.0822344322344322,0.354761904761905
200773.411807,2652366.126422,0.032051282051282,0.242490842490842,0.0525641025641026,0.338461538461538,0.082967032967033,0.251465201465201
201273.411807,2652366.126422,0.0447378071140447,0.201870187018702,0.0143014301430143,0.244774477447745,0.125229189585625,0.369086908690869
201773.411807,2652366.126422,0.0274725274725275,0.28021978021978,0.000915750915750916,0.14981684981685,0.118315018315018,0.423260073260073
202273.411807,2652366.126422,0.165750915750916,0.251282051282051,0.000183150183150183,0.0992673992673993,0.0851648351648352,0.398351648351648
202773.411807,2652366.126422,0.0704070407040704,0.322882288228823,0,0.198203153648698,0.0958929226255959,0.312614594792813
203273.411807,2652366.126422,0.0384615384615385,0.222710622710623,0.000183150183150183,0.149084249084249,0.124542124542125,0.465018315018315
203773.411807,2652366.126422,0.0767399267399267,0.362820512820513,0.0135531135531136,0.0554945054945055,0.0598901098901099,0.431501831501832
204273.411807,2652366.126422,0.0308030803080308,0.489365603226989,0.000183351668500183,0.183168316831683,0.0808580858085809,0.215621562156216
204773.411807,2652366.126422,0.0362637362637363,0.3003663003663,0.000366300366300366,0.277655677655678,0.0957875457875458,0.28956043956044
205273.411807,2652366.126422,0.0311355311355311,0.389010989010989,0.0106227106227106,0.166483516483516,0.108608058608059,0.294139194139194
205773.411807,2652366.126422,0.055005500550055,0.256692335900257,0.00825082508250825,0.314264759809314,0.102493582691602,0.263292995966263
206273.411807,2652366.126422,0.0553113553113553,0.0710622710622711,0.0283882783882784,0.558058608058608,0.109340659340659,0.177838827838828
206773.411807,2652366.126422,0.043956043956044,0.23040293040293,0.00274725274725275,0.257142857142857,0.106593406593407,0.359157509157509
207273.411807,2652366.126422,0.0346534653465347,0.468646864686469,0,0.0975430876420975,0.0738907224055739,0.325265859919325
207773.411807,2652366.126422,0.0272893772893773,0.764468864468864,0,0.039010989010989,0.0360805860805861,0.133150183150183
208273.411807,2652366.126422,0.0155677655677656,0.736996336996337,0,0.0250915750915751,0.0168498168498168,0.205494505494505
208773.411807,2652366.126422,0.154015401540154,0.205537220388706,0.00715071507150715,0.251375137513751,0.124495782911624,0.257425742574257
209273.411807,2652366.126422,0.234798534798535,0.0357142857142857,0.000366300366300366,0.236080586080586,0.0701465201465201,0.422893772893773
209773.411807,2652366.126422,0.537179487179487,0.00879120879120879,0,0.0600732600732601,0.0355311355311355,0.358424908424908
210273.411807,2652366.126422,0.584891822515585,0.0033003300330033,0,0.0115511551155116,0.015951595159516,0.384305097176384
210773.411807,2652366.126422,0.712271062271062,0.000732600732600733,0,0.000366300366300366,0.000549450549450549,0.286080586080586
211273.411807,2652366.126422,0.501831501831502,0.0111721611721612,0.000183150183150183,0.0902930402930403,0.0641025641025641,0.332417582417582
211773.411807,2652366.126422,0.579312424607961,0.00271411338962606,0,0.0060313630880579,0.00753920386007238,0.404402895054282
199273.411807,2651866.126422,0.0212134068731438,0.480271531607976,0.00190920661858294,0.0844293593551124,0.0922783198981756,0.319898175647009
199773.411807,2651866.126422,0.0509437419827744,0.325820047645226,0.0311526479750779,0.157229246838922,0.0998717243906908,0.334982591167308
200273.411807,2651866.126422,0.0761607634428336,0.121673701596623,0.0311983850247752,0.494953202422463,0.154707285740503,0.121306661772802
200773.411807,2651866.126422,0.0920594168347699,0.276728406381808,0.0269576379974326,0.114799193104713,0.123051531267192,0.366403814414084
201273.411807,2651866.126422,0.0718343412131208,0.415063221550302,0.000183250870441635,0.0767821147150449,0.0703683342495877,0.365768737401503
201773.411807,2651866.126422,0.0686364470545054,0.371260781794825,0.00880895577170123,0.20334006239677,0.0983666727839971,0.249587080198201
202273.411807,2651866.126422,0.0823399963322941,0.258573262424354,0.0154043645699615,0.256739409499358,0.114982578397213,0.27196038877682
202773.411807,2651866.126422,0.0676195711929632,0.271577789994502,0.00494777350192413,0.247205424225765,0.124977093641195,0.28367234744365
203273.411807,2651866.126422,0.044411818682327,0.152138006973757,0.000550559735731327,0.162598641952652,0.119654982565608,0.520645990089925
203773.411807,2651866.126422,0.0561158995048597,0.485971025123785,0.00183385292499542,0.0775719787273061,0.0544654318723638,0.32404181184669
204273.411807,2651866.126422,0.0262048744731537,0.340113615539674,0,0.062671797691039,0.0656038116181052,0.505405900678028
204773.411807,2651866.126422,0.0818498807120573,0.283721783813544,0.00146815929528354,0.226830611121307,0.117636263534593,0.288493301523215
205273.411807,2651866.126422,0.0597836053548505,0.22006235099945,0.00495140289748762,0.280946268109298,0.0850907757197873,0.349165596919127
205773.411807,2651866.126422,0.0522264980758659,0.136705149349459,0.00568077698369067,0.314824995418728,0.109217518783214,0.381345061389042
206273.411807,2651866.126422,0.0227564690768948,0.0816663608001468,0.129381537896862,0.511286474582492,0.114516425032116,0.140392732611488
206773.411807,2651866.126422,0.0344764349899138,0.114249037227214,0.0225563909774436,0.59618558591601,0.0957271226847607,0.136805428204658
207273.411807,2651866.126422,0.0505772402418911,0.150998717243907,0.0395821880153931,0.422759758108851,0.0645043063954554,0.271577789994502
207773.411807,2651866.126422,0.0429436593870435,0.449990824004404,0.000367039823820885,0.138006973756653,0.0787300422095797,0.289961460818499
208273.411807,2651866.126422,0.0742710434623143,0.377406931964057,0,0.198056115899505,0.0676691729323308,0.282596735741794
208773.411807,2651866.126422,0.0962067069818582,0.0676195711929632,0.000183250870441635,0.234194612424409,0.12442734102987,0.477368517500458
209273.411807,2651866.126422,0.235456046981097,0.0234905487245366,0.009543035419343,0.301339695356946,0.0912093962194898,0.338961277298587
209773.411807,2651866.126422,0.527049330643682,0.004401247019989,0,0.0506143407298735,0.0271410232899321,0.390794058316523
210273.411807,2651866.126422,0.408282939343962,0.0219901044529962,0.00128275609309144,0.18948140003665,0.0415979475902511,0.337364852483049
210773.411807,2651866.126422,0.387410534042944,0.0618462103138191,0,0.0574417324279684,0.0453294182418792,0.44797210497339
211273.411807,2651866.126422,0.695030258573262,0.0245736291949386,0,0.00183385292499542,0.00385109114249037,0.274711168164313
211773.411807,2651866.126422,0.4669882423877,0.0069339764847754,0,0.067530901416943,0.0539644256858607,0.404582454024721
199273.411807,2651366.126422,0.0193042002545609,0.557276198557488,0.00254560882477726,0.124310564276623,0.0799745439117522,0.216588884174798
199773.411807,2651366.126422,0.0228937728937729,0.482783882783883,0.0166666666666667,0.115201465201465,0.0600732600732601,0.302380952380952
200273.411807,2651366.126422,0.0480733944954128,0.381834862385321,0.00770642201834862,0.0543119266055046,0.0831192660550459,0.424954128440367
200773.411807,2651366.126422,0.0744817464685379,0.296459365254082,0.0121078701155751,0.0658594753256283,0.0825536598789213,0.468537882957256
201273.411807,2651366.126422,0.0421245421245421,0.564285714285714,0.00128205128205128,0.0932234432234432,0.056043956043956,0.243040293040293
201773.411807,2651366.126422,0.0922935779816514,0.187339449541284,0.00036697247706422,0.229174311926606,0.128440366972477,0.362385321100917
202273.411807,2651366.126422,0.0528343423225096,0.44358833241607,0.00275178866263071,0.135204549623922,0.0821867547239039,0.283434232250963
202773.411807,2651366.126422,0.0673992673992674,0.426190476190476,0.00549450549450549,0.194505494505495,0.0846153846153846,0.221794871794872
203273.411807,2651366.126422,0.0585321100917431,0.210642201834862,0.00422018348623853,0.228073394495413,0.0680733944954128,0.43045871559633
203773.411807,2651366.126422,0.0524674371674922,0.412768299394607,0.00165107319757843,0.0928270042194093,0.0642084021280499,0.376077783892864
204273.411807,2651366.126422,0.0882783882783883,0.11959706959707,0.000732600732600733,0.351465201465201,0.115567765567766,0.324358974358974
204773.411807,2651366.126422,0.0447706422018349,0.485504587155963,0.00018348623853211,0.179266055045872,0.0678899082568807,0.222385321100917
205273.411807,2651366.126422,0.067327095945698,0.201614382682077,0.0091726288754357,0.410383415886993,0.0919097413318657,0.219592735277931
205773.411807,2651366.126422,0.0336996336996337,0.0846153846153846,0.130952380952381,0.627289377289377,0.0659340659340659,0.0575091575091575
206273.411807,2651366.126422,0.0269724770642202,0.0385321100917431,0.0838532110091743,0.764403669724771,0.0434862385321101,0.0427522935779817
206773.411807,2651366.126422,0.0431113557145478,0.0678774536782242,0.087873784626674,0.736011740964961,0.0387084938543387,0.0264171711612548
207273.411807,2651366.126422,0.0184981684981685,0.0115384615384615,0.0652014652014652,0.877472527472527,0.0159340659340659,0.0113553113553114
207773.411807,2651366.126422,0.0711926605504587,0.118165137614679,0.00238532110091743,0.404770642201835,0.130091743119266,0.273394495412844
208273.411807,2651366.126422,0.0713630526508897,0.203815813612181,0.00513667217024399,0.307649972482113,0.112089524857824,0.299944964226747
208773.411807,2651366.126422,0.093040293040293,0.0774725274725275,0,0.0587912087912088,0.0417582417582418,0.728937728937729
209273.411807,2651366.126422,0.0781651376146789,0.0308256880733945,0.00880733944954129,0.45045871559633,0.104220183486239,0.327522935779817
209773.411807,2651366.126422,0.213538800220143,0.0460465969546872,0.000733810310034856,0.137589433131535,0.0645753072830673,0.537516052100532
210273.411807,2651366.126422,0.364835164835165,0.0282051282051282,0.00256410256410256,0.246886446886447,0.0712454212454212,0.286263736263736
210773.411807,2651366.126422,0.659816513761468,0.0115596330275229,0,0.0196330275229358,0.0143119266055046,0.294678899082569
211273.411807,2651366.126422,0.679141441937259,0.0185287103283801,0,0,0,0.302329847734361
211773.411807,2651366.126422,0.54865923470925,0.0087375715576981,0,0.0192829165411268,0.0247062368183188,0.398614040373606
199273.411807,2650866.126422,0.0461962280144098,0.457936003390549,0.00148336511972876,0.115702479338843,0.0926043653316381,0.286077558804832
199773.411807,2650866.126422,0.0264026402640264,0.338467180051338,0.00311697836450312,0.102493582691602,0.0669233590025669,0.462596259625963
200273.411807,2650866.126422,0.0331501831501832,0.461355311355311,0.000366300366300366,0.0567765567765568,0.0673992673992674,0.380952380952381
200773.411807,2650866.126422,0.0706959706959707,0.456410256410256,0.000183150183150183,0.0492673992673993,0.0672161172161172,0.356227106227106
201273.411807,2650866.126422,0.0456545654565457,0.521268793546021,0.0194352768610194,0.113127979464613,0.0975430876420975,0.202970297029703
201773.411807,2650866.126422,0.0386446886446886,0.687545787545788,0.00384615384615385,0.0978021978021978,0.0558608058608059,0.116300366300366
202273.411807,2650866.126422,0.105311355311355,0.352014652014652,0.000549450549450549,0.169230769230769,0.104945054945055,0.267948717948718
202773.411807,2650866.126422,0.0320865419875321,0.276861019435277,0,0.329299596626329,0.142097543087642,0.21965529886322
203273.411807,2650866.126422,0.0626373626373626,0.225274725274725,0.00604395604395604,0.239010989010989,0.102930402930403,0.364102564102564
203773.411807,2650866.126422,0.0641025641025641,0.175274725274725,0.0124542124542125,0.347985347985348,0.103846153846154,0.296336996336996
204273.411807,2650866.126422,0.070957095709571,0.188485515218188,0.0022002200220022,0.2995966263293,0.136413641364136,0.302346901356802
204773.411807,2650866.126422,0.0835164835164835,0.19029304029304,0.0032967032967033,0.269047619047619,0.118864468864469,0.334981684981685
205273.411807,2650866.126422,0.0615384615384615,0.0747252747252747,0.00915750915750916,0.563553113553114,0.150732600732601,0.14029304029304
205773.411807,2650866.126422,0.0669233590025669,0.0665566556655666,0.0683901723505684,0.65988265493216,0.0764576457645765,0.0617895122845618
206273.411807,2650866.126422,0.0415750915750916,0.0358974358974359,0.118498168498168,0.734065934065934,0.05,0.01996336996337
206773.411807,2650866.126422,0.0529304029304029,0.0994505494505494,0.0311355311355311,0.719230769230769,0.0602564102564103,0.036996336996337
207273.411807,2650866.126422,0.0531719838650532,0.0361202786945361,0.0485881921525486,0.756142280894756,0.0654565456545655,0.0405207187385405
207773.411807,2650866.126422,0.0525641025641026,0.114468864468864,0.00567765567765568,0.432051282051282,0.171611721611722,0.223626373626374
208273.411807,2650866.126422,0.0509157509157509,0.165201465201465,0.0139194139194139,0.398717948717949,0.101282051282051,0.26996336996337
208773.411807,2650866.126422,0.0803080308030803,0.183351668500183,0.00055005500550055,0.264943160982765,0.0731573157315732,0.397689768976898
209273.411807,2650866.126422,0.0787545787545788,0.0302197802197802,0.00201465201465201,0.508608058608059,0.104029304029304,0.276373626373626
209773.411807,2650866.126422,0.123626373626374,0.165201465201465,0.00512820512820513,0.241575091575092,0.0641025641025641,0.4003663003663
210273.411807,2650866.126422,0.30986431976531,0.0423542354235424,0,0.0885588558855886,0.077007700770077,0.482214888155482
210773.411807,2650866.126422,0.54010989010989,0.0161172161172161,0,0.0247252747252747,0.0379120879120879,0.381135531135531
211273.411807,2650866.126422,0.645787545787546,0.00586080586080586,0,0.0126373626373626,0.0181318681318681,0.317582417582418
211773.411807,2650866.126422,0.756936067551267,0.0108564535585042,0,0.00120627261761158,0.00392038600723764,0.22708082026538
199273.411807,2650366.126422,0.0795502757742893,0.30526092490454,0.00254560882477726,0.107551972846839,0.0840050912176496,0.421086126431905
199773.411807,2650366.126422,0.0267546270844787,0.343595382078065,0.00714678394722375,0.187465640461792,0.0617555433388309,0.37328202308961
200273.411807,2650366.126422,0.0451458983299688,0.326665443200587,0.000367039823820885,0.116535144063131,0.0814828408882364,0.429803633694256
200773.411807,2650366.126422,0.0181551439574546,0.58004768017605,0,0.0451127819548872,0.0649183935448377,0.291766000366771
201273.411807,2650366.126422,0.0238226131574125,0.529045262964999,0.0194245922668133,0.0879604178119846,0.0610225398570643,0.278724573941726
201773.411807,2650366.126422,0.0598274912828042,0.779225545971738,0.00110111947146265,0.0209212699577904,0.0229399889888053,0.1159845843274
202273.411807,2650366.126422,0.0467632495873831,0.470199889968825,0.00165046763249587,0.134238034109664,0.100861910874748,0.246286447826884
202773.411807,2650366.126422,0.0681693238042881,0.219901044529962,0,0.171706065603812,0.119846069268829,0.42037749679311
203273.411807,2650366.126422,0.0627638098733713,0.188291429620114,0.000917599559552211,0.337676637915214,0.114699944944026,0.295650578087722
203773.411807,2650366.126422,0.0456629378323858,0.305886667889235,0,0.0887584815697781,0.0579497524298551,0.501742160278746
204273.411807,2650366.126422,0.0415979475902511,0.17830309693971,0.0670698185816383,0.458310426974528,0.0659703133589885,0.188748396554884
204773.411807,2650366.126422,0.0741420444118187,0.158377683978712,0.019086070838686,0.443200587263718,0.0759772435309231,0.229216369976142
205273.411807,2650366.126422,0.0744544287548139,0.10819732257473,0.0386942967174033,0.401430405281496,0.106363469649734,0.270860077021823
205773.411807,2650366.126422,0.0414146967198094,0.0366501740883269,0.160527762506872,0.70295033901411,0.0384826827927433,0.0199743448781382
206273.411807,2650366.126422,0.00660671682877592,0.00991007524316388,0.155991925123876,0.803633694255827,0.0187190310148651,0.00513855753349238
206773.411807,2650366.126422,0.0608839171098478,0.0539152759948652,0.075187969924812,0.705299834953237,0.0458463231248854,0.0588666788923528
207273.411807,2650366.126422,0.0216236027121129,0.0124610591900312,0.0930914421843504,0.844236760124611,0.0212571009712296,0.00733003481766538
207773.411807,2650366.126422,0.0442282987704166,0.122591301156175,0.0034868783262984,0.501009359515507,0.15782712424298,0.170857037988622
208273.411807,2650366.126422,0.0713368787823217,0.126719237117183,0.00421786172748946,0.163763066202091,0.0915092609572712,0.542453695213644
208773.411807,2650366.126422,0.0593732820230896,0.0489279824079164,0.00329851566794942,0.0472787245739417,0.0489279824079164,0.792193512919186
209273.411807,2650366.126422,0.0945127546338778,0.0218388695173426,0.00789135621214902,0.295834097999633,0.0857037988621766,0.494219122774821
209773.411807,2650366.126422,0.21987896570695,0.0297084173849257,0.0102695763799743,0.405281496423987,0.147075004584632,0.187786539519531
210273.411807,2650366.126422,0.470038482682793,0.0104452996151732,0,0.13560564412681,0.0709180868609126,0.312992486714312
210773.411807,2650366.126422,0.671315837768398,0.00568911726922371,0,0.0122958340979996,0.0144980730409249,0.296201137823454
211273.411807,2650366.126422,0.673940949935815,0.00953603520997616,0,0.000366770584999083,0,0.31615624426921
211773.411807,2650366.126422,0.770575821525475,0.00482363581549593,0,0,0,0.224600542659029
199273.411807,2649866.126422,0.0901569792108613,0.149978786593127,0.00763682647433178,0.349172677131947,0.097793805685193,0.30526092490454
199773.411807,2649866.126422,0.127655677655678,0.262820512820513,0.00146520146520147,0.243223443223443,0.0741758241758242,0.290659340659341
200273.411807,2649866.126422,0.066605504587156,0.161467889908257,0.0170642201834862,0.449724770642202,0.0726605504587156,0.232477064220183
200773.411807,2649866.126422,0.0357732526141992,0.272610530177949,0.00146762062006971,0.435699871583196,0.100898917629793,0.153549807374794
201273.411807,2649866.126422,0.0516483516483516,0.357692307692308,0.0163003663003663,0.211355311355311,0.111721611721612,0.251282051282051
201773.411807,2649866.126422,0.0601834862385321,0.425504587155963,0.00110091743119266,0.305137614678899,0.0678899082568807,0.140183486238532
202273.411807,2649866.126422,0.0689781691432765,0.384883507613282,0.00605393505778756,0.227664648688314,0.0915428361768483,0.220876903320492
202773.411807,2649866.126422,0.0893772893772894,0.291025641025641,0.00879120879120879,0.291208791208791,0.0706959706959707,0.248901098901099
203273.411807,2649866.126422,0.0886238532110092,0.115596330275229,0.00752293577981651,0.573577981651376,0.0856880733944954,0.128990825688073
203773.411807,2649866.126422,0.0675105485232067,0.10126582278481,0.0201797835259585,0.541368556228215,0.103100348559897,0.166574940377912
204273.411807,2649866.126422,0.0503663003663004,0.0452380952380952,0.134798534798535,0.520695970695971,0.0580586080586081,0.190842490842491
204773.411807,2649866.126422,0.0686238532110092,0.0902752293577982,0.0376146788990826,0.511192660550459,0.0695412844036697,0.222752293577982
205273.411807,2649866.126422,0.0739313887360117,0.129884424876169,0.0119244175380664,0.489451476793249,0.0897083104017612,0.205099981654742
205773.411807,2649866.126422,0.0615384615384615,0.0626373626373626,0.0827838827838828,0.582417582417582,0.0998168498168498,0.110805860805861
206273.411807,2649866.126422,0.0385321100917431,0.04,0.0502752293577982,0.782201834862385,0.0455045871559633,0.0434862385321101
206773.411807,2649866.126422,0.0354063474591818,0.0284351495138507,0.0126582278481013,0.83599339570721,0.063474591818015,0.0240322876536415
207273.411807,2649866.126422,0.109157509157509,0.078021978021978,0.0327838827838828,0.506410256410256,0.0716117216117216,0.202014652014652
207773.411807,2649866.126422,0.135229357798165,0.104770642201835,0.00348623853211009,0.279082568807339,0.122385321100917,0.355045871559633
208273.411807,2649866.126422,0.078884608328747,0.150798018712163,0.0174279948633278,0.385250412768299,0.120344890845716,0.247294074481746
208773.411807,2649866.126422,0.0487179487179487,0.0494505494505494,0.00274725274725275,0.476007326007326,0.113919413919414,0.309157509157509
209273.411807,2649866.126422,0.0996330275229358,0.046605504587156,0.00293577981651376,0.248623853211009,0.0864220183486239,0.515779816513761
209773.411807,2649866.126422,0.300862227114291,0.0355898000366905,0.000183452577508714,0.181067694001101,0.0975967712346359,0.384700055035773
210273.411807,2649866.126422,0.427472527472527,0.0197802197802198,0.000183150183150183,0.132967032967033,0.0633699633699634,0.356227106227106
210773.411807,2649866.126422,0.45743119266055,0.0207339449541284,0,0.0919266055045872,0.086605504587156,0.343302752293578
211273.411807,2649866.126422,0.505962208769033,0.0176114474408365,0,0.0376077783892864,0.0546688680975968,0.384149697303247
211773.411807,2649866.126422,0.625489605302802,0.0120518228382043,0,0.0250075323892739,0.0319373305212413,0.305513708948478
199273.411807,2649366.126422,0.0466200466200466,0.358338631065904,0,0.0934520025429116,0.1002331002331,0.401356219538038
199773.411807,2649366.126422,0.0276861019435277,0.22973964063073,0.00055005500550055,0.140814081408141,0.0753575357535754,0.525852585258526
200273.411807,2649366.126422,0.0952380952380952,0.308791208791209,0.00256410256410256,0.113553113553114,0.0754578754578755,0.404395604395604
200773.411807,2649366.126422,0.118864468864469,0.217216117216117,0.00146520146520147,0.278571428571429,0.125824175824176,0.258058608058608
201273.411807,2649366.126422,0.11001100110011,0.174184085075174,0.00183351668500183,0.301980198019802,0.112027869453612,0.2999633296663
201773.411807,2649366.126422,0.0961538461538462,0.135347985347985,0.000183150183150183,0.456959706959707,0.134249084249084,0.177106227106227
202273.411807,2649366.126422,0.0355311355311355,0.211172161172161,0.00366300366300366,0.497619047619048,0.0813186813186813,0.170695970695971
202773.411807,2649366.126422,0.0887422075540887,0.257975797579758,0.00953428676200953,0.147598093142648,0.13017968463513,0.365969930326366
203273.411807,2649366.126422,0.0932234432234432,0.446886446886447,0.00128205128205128,0.157692307692308,0.0644688644688645,0.236446886446886
203773.411807,2649366.126422,0.0510989010989011,0.318315018315018,0.00128205128205128,0.295421245421245,0.0913919413919414,0.242490842490842
204273.411807,2649366.126422,0.0848918225155849,0.156032269893656,0.00715071507150715,0.354602126879355,0.132013201320132,0.265309864319765
204773.411807,2649366.126422,0.127655677655678,0.0712454212454212,0.112087912087912,0.440659340659341,0.0948717948717949,0.153479853479853
