"x","y","forest","agri","water","built","other","grass"
162273.411807,2613366.126422,0.00476714338100477,0.0363036303630363,0.556472313898057,0.280528052805281,0.048038137147048,0.0738907224055739
162773.411807,2613366.126422,0.000549450549450549,0.164102564102564,0.321428571428571,0.395604395604396,0.0732600732600733,0.0450549450549451
163273.411807,2613366.126422,0,0.171611721611722,0.339194139194139,0.198351648351648,0.107692307692308,0.183150183150183
163773.411807,2613366.126422,0.000916758342500917,0.296112944627796,0.0625229189585625,0.0606894022735607,0.101943527686102,0.477814448111478
164273.411807,2613366.126422,0.0816849816849817,0.215384615384615,0.00476190476190476,0.281135531135531,0.153846153846154,0.263186813186813
164773.411807,2613366.126422,0.103479853479853,0.226190476190476,0.00915750915750916,0.271428571428571,0.117765567765568,0.271978021978022
165273.411807,2613366.126422,0.07004033736707,0.38008800880088,0.000366703337000367,0.0685735240190686,0.0771910524385772,0.403740374037404
165773.411807,2613366.126422,0.0450549450549451,0.503479853479853,0.000915750915750916,0.0782051282051282,0.0562271062271062,0.316117216117216
166273.411807,2613366.126422,0.045970695970696,0.512087912087912,0.0192307692307692,0.0565934065934066,0.0697802197802198,0.296336996336996
166773.411807,2613366.126422,0.0557389072240557,0.452878621195453,0.00678401173450678,0.111844517785112,0.102310231023102,0.27044371103777
167273.411807,2613366.126422,0.0752747252747253,0.538278388278388,0,0.0683150183150183,0.082967032967033,0.235164835164835
167773.411807,2613366.126422,0.0893772893772894,0.426190476190476,0.0126373626373626,0.0531135531135531,0.0818681318681319,0.336813186813187
168273.411807,2613366.126422,0.0826916024935827,0.440777411074441,0.00421708837550422,0.0738907224055739,0.0586725339200587,0.33975064173084
168773.411807,2613366.126422,0.0120879120879121,0.672710622710623,0,0.00897435897435897,0.0529304029304029,0.253296703296703
169273.411807,2613366.126422,0.0267399267399267,0.538461538461538,0,0.0461538461538462,0.0644688644688645,0.324175824175824
169773.411807,2613366.126422,0.0275027502750275,0.294462779611294,0,0.00146681334800147,0.0148514851485149,0.661716171617162
170273.411807,2613366.126422,0.0232600732600733,0.705677655677656,0,0.0010989010989011,0.0111721611721612,0.258791208791209
170773.411807,2613366.126422,0.00842490842490842,0.357509157509158,0,0.0265567765567766,0.0298534798534799,0.577655677655678
171273.411807,2613366.126422,0.108360836083608,0.250641730839751,0.00641730839750642,0.188118811881188,0.107260726072607,0.339200586725339
171773.411807,2613366.126422,0.0269230769230769,0.606227106227106,0,0.0128205128205128,0.0313186813186813,0.322710622710623
172273.411807,2613366.126422,0.0406593406593407,0.714652014652015,0,0.0210622710622711,0.0333333333333333,0.19029304029304
172773.411807,2613366.126422,0.0610561056105611,0.581041437477081,0,0.01998533186652,0.0784745141180785,0.259442610927759
173273.411807,2613366.126422,0.235138121546961,0.321988950276243,0.00198895027624309,0.100994475138122,0.10585635359116,0.234033149171271
162273.411807,2612866.126422,0.00879604178119846,0.0789811251603445,0.349459409932197,0.285504856148067,0.0804471321238776,0.196811434854316
162773.411807,2612866.126422,0.00238575885483575,0.115066984767847,0.37327950082584,0.331436960910259,0.0422095797394017,0.135621214901817
163273.411807,2612866.126422,0,0.0982945167797543,0.554190353933614,0.162112598569595,0.0449293966623877,0.140473134054649
163773.411807,2612866.126422,0.0131940626717977,0.243723657687374,0.00623052959501558,0.186732636980026,0.146783947223749,0.403335165842038
164273.411807,2612866.126422,0.0868049183336392,0.114149385208295,0.0264268673151037,0.392549091576436,0.132501376399339,0.247568361167187
164773.411807,2612866.126422,0.061617458279846,0.0412616908123968,0.0350265908674124,0.615074271043462,0.132770951769668,0.114249037227214
165273.411807,2612866.126422,0.045629466739967,0.35092541689573,0.0478284771852666,0.187099138720909,0.100238226131574,0.268279274326553
165773.411807,2612866.126422,0.034868783262984,0.512204074142044,0.0322995044962378,0.0761607634428336,0.0732244448522665,0.271242429803634
166273.411807,2612866.126422,0.061617458279846,0.440308087291399,0.0256739409499358,0.201357051164497,0.110581331377224,0.160462130937099
166773.411807,2612866.126422,0.0601062855048561,0.681693238042881,0,0.0232728605460876,0.0386659336631849,0.196261682242991
167273.411807,2612866.126422,0.0620297302257295,0.480822169205359,0.000183519911910442,0.0337676637915214,0.07469260414755,0.34850431271793
167773.411807,2612866.126422,0.0797726022373006,0.245919677241885,0.0300751879699248,0.128919860627178,0.174766183752063,0.340546488171649
168273.411807,2612866.126422,0.0439802089059923,0.476818764889133,0,0.043613707165109,0.0846619021440352,0.35092541689573
168773.411807,2612866.126422,0.0300972655533125,0.547256377316939,0,0.0598274912828042,0.066801247935401,0.296017617911543
169273.411807,2612866.126422,0.075187969924812,0.362552723271594,0.0022006235099945,0.0876581698147808,0.206491839354484,0.265908674124335
169773.411807,2612866.126422,0.0159428257284222,0.481766538391057,0,0.0628550485614807,0.0863111599780099,0.35312442734103
170273.411807,2612866.126422,0.039823820884566,0.459900899247568,0.00165167920719398,0.195265186272711,0.0451458983299688,0.258212516057992
170773.411807,2612866.126422,0.0311754997249221,0.701265358518247,0,0.0489638730973776,0.0632679259123418,0.155327342747112
171273.411807,2612866.126422,0.0599230346344145,0.403518416712479,0,0.128458860179586,0.0562580172255818,0.351841671247938
171773.411807,2612866.126422,0.0209212699577904,0.555147733529088,0,0.079647641769132,0.0897412369242063,0.254542117819783
172273.411807,2612866.126422,0.107647166697231,0.322758114799193,0,0.10801393728223,0.128736475334678,0.332844305886668
172773.411807,2612866.126422,0.119113065787062,0.533809785596482,0.021073850100788,0.0223566061938794,0.0527762506871908,0.250870441634598
173273.411807,2612866.126422,0.128318584070796,0.394247787610619,0.013716814159292,0.00420353982300885,0.0245575221238938,0.434955752212389
162773.411807,2612366.126422,0,0.0757798165137615,0.657247706422018,0.184587155963303,0.0223853211009174,0.06
163273.411807,2612366.126422,0,0.0385250412768299,0.785177031737296,0.105485232067511,0.0223812144560631,0.0484314804623005
163773.411807,2612366.126422,0.000183150183150183,0.214468864468864,0.114835164835165,0.257326007326007,0.0972527472527473,0.315934065934066
164273.411807,2612366.126422,0.0671559633027523,0.152110091743119,0.0036697247706422,0.184220183486239,0.186788990825688,0.40605504587156
164773.411807,2612366.126422,0.0403595670519171,0.100532012474775,0.0489818381948266,0.203082003302146,0.146578609429462,0.460465969546872
165273.411807,2612366.126422,0.0624542124542125,0.157142857142857,0.0492673992673993,0.125091575091575,0.105677655677656,0.5003663003663
165773.411807,2612366.126422,0.0522935779816514,0.379816513761468,0.141284403669725,0.143853211009174,0.0671559633027523,0.215596330275229
166273.411807,2612366.126422,0.0664098330581545,0.556778572738947,0.00330214639515685,0.0317372959090075,0.0664098330581545,0.27536231884058
166773.411807,2612366.126422,0.0272893772893773,0.67051282051282,0.0010989010989011,0.0131868131868132,0.0406593406593407,0.247252747252747
167273.411807,2612366.126422,0.0141284403669725,0.421834862385321,0.00238532110091743,0.122385321100917,0.121834862385321,0.31743119266055
167773.411807,2612366.126422,0.0302696752889378,0.414602825169694,0.00880572372041827,0.0990643918547056,0.0706292423408549,0.37662814162539
168273.411807,2612366.126422,0.056043956043956,0.447985347985348,0.000915750915750916,0.0591575091575092,0.0967032967032967,0.339194139194139
168773.411807,2612366.126422,0.0198165137614679,0.633577981651376,0,0.0245871559633028,0.0519266055045872,0.270091743119266
169273.411807,2612366.126422,0.0104567969179967,0.575307283067327,0.0078884608328747,0.0377912309667951,0.068611263988259,0.299944964226747
169773.411807,2612366.126422,0.041025641025641,0.563186813186813,0.00201465201465201,0.0684981684981685,0.0765567765567766,0.248717948717949
170273.411807,2612366.126422,0.073394495412844,0.289357798165138,0,0.146605504587156,0.170091743119266,0.320550458715596
170773.411807,2612366.126422,0.0440286186020914,0.409833058154467,0,0.0691616217207852,0.0772335351311686,0.399743166391488
171273.411807,2612366.126422,0.0624542124542125,0.446153846153846,0.00457875457875458,0.10018315018315,0.0545787545787546,0.332051282051282
171773.411807,2612366.126422,0.0724770642201835,0.471559633027523,0,0.0636697247706422,0.0585321100917431,0.333761467889908
172273.411807,2612366.126422,0.111355714547789,0.416253898367272,0.0108237020730141,0.0748486516235553,0.117593102183086,0.269124931205283
172773.411807,2612366.126422,0.0613553113553114,0.483516483516484,0,0.0338827838827839,0.0512820512820513,0.36996336996337
173273.411807,2612366.126422,0.0141561601415616,0.640345056403451,0,0.0039814200398142,0.0274275602742756,0.314089803140898
162773.411807,2611866.126422,0,0.0913919413919414,0.761904761904762,0.114652014652015,0.0184981684981685,0.0135531135531136
163273.411807,2611866.126422,0,0.03003663003663,0.863919413919414,0.0738095238095238,0.0318681318681319,0.000366300366300366
163773.411807,2611866.126422,0,0.066006600660066,0.58965896589659,0.206087275394206,0.0815914924825816,0.0566556655665567
164273.411807,2611866.126422,0.00512820512820513,0.0743589743589744,0.415934065934066,0.282417582417582,0.131318681318681,0.0908424908424908
164773.411807,2611866.126422,0.00732600732600733,0.109340659340659,0.308974358974359,0.142490842490842,0.138095238095238,0.293772893772894
165273.411807,2611866.126422,0.0265859919325266,0.161532819948662,0.519068573524019,0.1004767143381,0.0768243491015768,0.115511551155116
165773.411807,2611866.126422,0.013003663003663,0.16025641025641,0.316849816849817,0.275274725274725,0.0879120879120879,0.146703296703297
166273.411807,2611866.126422,0.0234432234432234,0.485164835164835,0.00128205128205128,0.0531135531135531,0.123809523809524,0.313186813186813
166773.411807,2611866.126422,0.0319031903190319,0.36010267693436,0.0243857719105244,0.0914924825815915,0.118628529519619,0.373487348734873
167273.411807,2611866.126422,0.0807692307692308,0.29010989010989,0.0111721611721612,0.151648351648352,0.175641025641026,0.290659340659341
167773.411807,2611866.126422,0.0113553113553114,0.395970695970696,0.0527472527472527,0.125824175824176,0.114652014652015,0.299450549450549
168273.411807,2611866.126422,0.0506050605060506,0.44041070773744,0.0735240190685735,0.0515218188485515,0.0308030803080308,0.353135313531353
168773.411807,2611866.126422,0.0271062271062271,0.624725274725275,0,0.0195970695970696,0.0307692307692308,0.297802197802198
169273.411807,2611866.126422,0.00421245421245421,0.468131868131868,0.00146520146520147,0.067032967032967,0.0697802197802198,0.389377289377289
169773.411807,2611866.126422,0.0066006600660066,0.376971030436377,0,0.0484048404840484,0.0295196186285295,0.538503850385038
170273.411807,2611866.126422,0.0664835164835165,0.274175824175824,0.00164835164835165,0.105311355311355,0.190842490842491,0.361538461538462
170773.411807,2611866.126422,0.00567765567765568,0.347802197802198,0,0.0201465201465201,0.0580586080586081,0.568315018315018
171273.411807,2611866.126422,0.0874587458745875,0.414924825815915,0.0418041804180418,0.0106343967730106,0.028969563623029,0.416208287495416
171773.411807,2611866.126422,0.0851648351648352,0.536813186813187,0.023992673992674,0.0234432234432234,0.0668498168498168,0.263736263736264
172273.411807,2611866.126422,0.118864468864469,0.307692307692308,0.0032967032967033,0.167032967032967,0.183882783882784,0.219230769230769
172773.411807,2611866.126422,0.0630729739640631,0.52016868353502,0,0.0449211587825449,0.0799413274660799,0.291895856252292
173273.411807,2611866.126422,0.00839779005524862,0.805524861878453,0,0.00375690607734807,0.0196685082872928,0.162651933701657
162773.411807,2611366.126422,0,0.0623967700495504,0.789135621214902,0.126445219306295,0.00991007524316388,0.0121123141860892
163273.411807,2611366.126422,0,0.0495140289748762,0.84393911608289,0.0894920227397763,0.0119200440124702,0.00513478818998716
163773.411807,2611366.126422,0.00164925783397471,0.0663368150998717,0.753161077515118,0.147516950705516,0.0216236027121129,0.00971229613340663
164273.411807,2611366.126422,0.0115617544503579,0.129381537896862,0.599743072123325,0.168104239309965,0.0418425399155808,0.049366856303909
164773.411807,2611366.126422,0,0.217494956904456,0.283330276911792,0.142673757564643,0.195305336512012,0.161195672107097
165273.411807,2611366.126422,0.0130108118013561,0.158695253802456,0.413230712845886,0.108118013560564,0.0881436686824262,0.218801539307312
165773.411807,2611366.126422,0.0242246283721784,0.403743806202973,0.0181684712791338,0.0732244448522665,0.0757937236190127,0.404844925674436
166273.411807,2611366.126422,0.0253071703649367,0.41610122868146,0.00348432055749129,0.0968274344397579,0.0658353200073354,0.392444525949019
166773.411807,2611366.126422,0.0295033901411032,0.566428440535093,0.0229063588052043,0.0382994319223016,0.0566245189664651,0.286237859629833
167273.411807,2611366.126422,0.0517526151587447,0.366489264085153,0.0486327766562672,0.174527436226831,0.118003303358414,0.24059460451459
167773.411807,2611366.126422,0.0172382174949569,0.212910324591968,0.0742710434623143,0.273427471116816,0.133871263524665,0.288281679809279
168273.411807,2611366.126422,0.183800623052959,0.25673446948873,0.0089792926516401,0.0608392889866227,0.0529595015576324,0.436686824262415
168773.411807,2611366.126422,0.14920168838319,0.130482657368324,0.000183519911910442,0.0247751881079097,0.0178014314553129,0.677555514773353
169273.411807,2611366.126422,0.0364936732074088,0.132954337062168,0.000183385292499542,0.220429121584449,0.129836787089675,0.4801026957638
169773.411807,2611366.126422,0.0672530694520799,0.0711013377313542,0,0.0252886201209456,0.047645226314825,0.788711746380795
170273.411807,2611366.126422,0.0146815929528354,0.342081115801064,0.00220223894292531,0.0124793540099101,0.0917599559552211,0.536795742338044
170773.411807,2611366.126422,0.0141206675224647,0.537135521731157,0.0618008435723455,0.010819732257473,0.0383275261324042,0.337795708784155
171273.411807,2611366.126422,0.0089792926516401,0.682059739783764,0.0621220450797141,0.0364669232178853,0.0249221183800623,0.185449880886934
171773.411807,2611366.126422,0.0728574050284456,0.579555881813177,0,0.0820334006239677,0.101302991374564,0.164250321159846
172273.411807,2611366.126422,0.0867412433522831,0.32404181184669,0.000550155877498625,0.226297450944434,0.207041995231982,0.155327342747112
172773.411807,2611366.126422,0.136705149349459,0.256551218618288,0.0196078431372549,0.125893347993403,0.149532710280374,0.31170973062122
173273.411807,2611366.126422,0.0168141592920354,0.83783185840708,0,0.0086283185840708,0.0196902654867257,0.117035398230088
162773.411807,2610866.126422,0,0.0139449541284404,0.807339449541284,0.175779816513761,0.00128440366972477,0.00165137614678899
163273.411807,2610866.126422,0.00110071546505228,0.0238488350761328,0.835443037974684,0.124013942395891,0.00550357732526142,0.0100898917629793
163773.411807,2610866.126422,0,0.0523809523809524,0.775091575091575,0.0904761904761905,0.0327838827838828,0.0492673992673993
164273.411807,2610866.126422,0.0130275229357798,0.109908256880734,0.405688073394495,0.186788990825688,0.134678899082569,0.149908256880734
164773.411807,2610866.126422,0.0554026784076316,0.219042377545405,0.131718950651257,0.148229682627041,0.077600440286186,0.36800587048248
165273.411807,2610866.126422,0.00476190476190476,0.234065934065934,0.36978021978022,0.0842490842490843,0.102747252747253,0.204395604395604
165773.411807,2610866.126422,0.0370642201834862,0.227339449541284,0.153211009174312,0.0746788990825688,0.164220183486239,0.34348623853211
166273.411807,2610866.126422,0.0370574206567602,0.344340487983856,0.00825536598789213,0.173362685745735,0.11410750321042,0.322876536415337
166773.411807,2610866.126422,0.00970695970695971,0.438461538461538,0,0.0122710622710623,0.0163003663003663,0.523260073260073
167273.411807,2610866.126422,0.104403669724771,0.13394495412844,0.00697247706422018,0.184036697247706,0.143119266055046,0.427522935779817
167773.411807,2610866.126422,0.0275178866263071,0.280132085855806,0.11557512383049,0.308016877637131,0.141075032104201,0.127682993946065
168273.411807,2610866.126422,0.0624542124542125,0.420695970695971,0.00201465201465201,0.0657509157509158,0.0435897435897436,0.405494505494505
168773.411807,2610866.126422,0.276146788990826,0.061651376146789,0,0.0179816513761468,0.0631192660550459,0.581100917431193
169273.411807,2610866.126422,0.0262337185837461,0.0168776371308017,0,0.0555861309851403,0.0997982021647404,0.801504311135571
169773.411807,2610866.126422,0.0192307692307692,0.321794871794872,0,0.0043956043956044,0.0265567765567766,0.628021978021978
170273.411807,2610866.126422,0.0576146788990826,0.441100917431193,0.0653211009174312,0.0198165137614679,0.0445871559633028,0.371559633027523
170773.411807,2610866.126422,0.0337552742616034,0.837094111172262,0,0.0163272793982755,0.0199963309484498,0.0928270042194093
171273.411807,2610866.126422,0.0148351648351648,0.752014652014652,0,0.0402930402930403,0.0523809523809524,0.14047619047619
171773.411807,2610866.126422,0.0414678899082569,0.681651376146789,0,0.00972477064220183,0.0655045871559633,0.201651376146789
172273.411807,2610866.126422,0.0631076866629976,0.438268207668318,0.0425609979820216,0.0286186020913594,0.0376077783892864,0.389836727206017
172773.411807,2610866.126422,0.0877289377289377,0.456593406593407,0.0706959706959707,0.0529304029304029,0.0664835164835165,0.265567765567766
173273.411807,2610866.126422,0.0303030303030303,0.814642778146428,0,0.0356115903561159,0.0411413404114134,0.0783012607830126
162773.411807,2610366.126422,0.000732600732600733,0.0256410256410256,0.769047619047619,0.192673992673993,0.0100732600732601,0.00183150183150183
163273.411807,2610366.126422,0.000366300366300366,0.0265567765567766,0.800732600732601,0.166483516483516,0.00512820512820513,0.000732600732600733
163773.411807,2610366.126422,0.00183351668500183,0.108360836083608,0.637147048038137,0.174550788412175,0.0342867620095343,0.0438210487715438
164273.411807,2610366.126422,0.00256410256410256,0.0587912087912088,0.659157509157509,0.124358974358974,0.0417582417582418,0.113369963369963
164773.411807,2610366.126422,0.05,0.175641025641026,0.0659340659340659,0.117399267399267,0.0657509157509158,0.525274725274725
165273.411807,2610366.126422,0.0141180784745141,0.287128712871287,0.159332599926659,0.26035936927026,0.0693069306930693,0.20975430876421
165773.411807,2610366.126422,0.00824175824175824,0.291025641025641,0.206227106227106,0.182417582417582,0.0769230769230769,0.235164835164835
166273.411807,2610366.126422,0.0362637362637363,0.338278388278388,0.00311355311355311,0.0666666666666667,0.0637362637362637,0.491941391941392
166773.411807,2610366.126422,0.0275027502750275,0.481848184818482,0,0.0128346167950128,0.0381371470480381,0.43967730106344
167273.411807,2610366.126422,0.0380952380952381,0.253479853479853,0.0153846153846154,0.157142857142857,0.0855311355311355,0.4503663003663
167773.411807,2610366.126422,0.0163003663003663,0.277106227106227,0.043956043956044,0.172710622710623,0.143589743589744,0.346336996336996
168273.411807,2610366.126422,0.0194352768610194,0.155482214888155,0.0104510451045105,0.0595892922625596,0.0601393472680601,0.694902823615695
168773.411807,2610366.126422,0.243406593406593,0.243956043956044,0.0032967032967033,0.0241758241758242,0.0313186813186813,0.453846153846154
169273.411807,2610366.126422,0.0263736263736264,0.563736263736264,0,0.159157509157509,0.0816849816849817,0.169047619047619
169773.411807,2610366.126422,0.0278694536120279,0.444627796112945,0,0.0022002200220022,0.0190685735240191,0.506233956729006
170273.411807,2610366.126422,0.026007326007326,0.683882783882784,0.0536630036630037,0.0153846153846154,0.0271062271062271,0.193956043956044
170773.411807,2610366.126422,0.0419413919413919,0.668131868131868,0.0168498168498168,0.114285714285714,0.0648351648351648,0.093956043956044
171273.411807,2610366.126422,0.0295196186285295,0.770810414374771,0.000183351668500183,0.0623395672900623,0.0667400073340667,0.0704070407040704
171773.411807,2610366.126422,0.0622710622710623,0.633882783882784,0,0.00952380952380952,0.0478021978021978,0.246520146520147
172273.411807,2610366.126422,0.03003663003663,0.449267399267399,0.0642857142857143,0.0553113553113553,0.0902930402930403,0.310805860805861
172773.411807,2610366.126422,0.0287862119545288,0.63953061972864,0.066006600660066,0.0214521452145215,0.0247524752475248,0.219471947194719
173273.411807,2610366.126422,0.0497237569060773,0.784309392265193,0,0.00265193370165746,0.0260773480662983,0.137237569060773
162773.411807,2609866.126422,0,0.110111947146265,0.696825105523949,0.172141677371995,0.00715727656450725,0.0137639933932832
163273.411807,2609866.126422,0.000183385292499542,0.066018705299835,0.807445442875481,0.0832569227947919,0.00806895286997983,0.0350265908674124
163773.411807,2609866.126422,0.000916254352208173,0.0848451530144768,0.641011544804838,0.194062671797691,0.0503939893714495,0.0287703866593366
164273.411807,2609866.126422,0.00642319691686548,0.0978161130482657,0.659020003670398,0.0721233253808038,0.0148651128647458,0.149752248118921
164773.411807,2609866.126422,0.00733541169998166,0.159728589767101,0.542820465798643,0.154777186869613,0.0304419585549239,0.104896387309738
165273.411807,2609866.126422,0.0122778083195895,0.257650723840938,0.241158145501191,0.215686274509804,0.0859446582371266,0.187282389591351
165773.411807,2609866.126422,0.0271609469627455,0.293448339144797,0.135804734813727,0.123692420627638,0.0888236373646541,0.331069921086438
166273.411807,2609866.126422,0.0905923344947735,0.294883550339263,0.00458463231248854,0.134971575279663,0.0865578580597836,0.388410049514029
166773.411807,2609866.126422,0.0635880520432472,0.295583654022357,0.00916254352208173,0.0656038116181052,0.0441634597764339,0.521898479017775
167273.411807,2609866.126422,0.0322995044962378,0.289227381170857,0.0192695907505964,0.0785465222976693,0.11616810423931,0.464488897045329
167773.411807,2609866.126422,0.0185219145424537,0.320374105996699,0.0269576379974326,0.0581331377223547,0.0718870346598203,0.50412616908124
168273.411807,2609866.126422,0.0256551218618288,0.538024555616639,0,0.00458127176104087,0.0315191497159611,0.40021990104453
168773.411807,2609866.126422,0.00972655533125344,0.678289594420995,0.00440447788585061,0.0163332721600294,0.0176179115434025,0.273628188658469
169273.411807,2609866.126422,0.0397946084724005,0.389693746561526,0,0.0407115349348982,0.0761048963873097,0.453695213643866
169773.411807,2609866.126422,0.100787978742899,0.600696353307678,0.0564412680960235,0.0542422576507238,0.0498442367601246,0.137987905442551
170273.411807,2609866.126422,0.0161497522481189,0.836116718663975,0,0.00458799779776106,0.00532207744540283,0.137823453844742
170773.411807,2609866.126422,0.0106363469649734,0.781221346048047,0,0.00861910874747845,0.0166880616174583,0.182835136622043
171273.411807,2609866.126422,0.0177753344328386,0.796591533809786,0,0.00513102437236577,0.0232728605460876,0.157229246838922
171773.411807,2609866.126422,0.0390897412369242,0.608368507983116,0.00403743806202973,0.0537713341897596,0.124059460451459,0.170673518076711
172273.411807,2609866.126422,0.0302585732624244,0.633412800293417,0,0.0515312671923712,0.0918760315422703,0.192921327709518
172773.411807,2609866.126422,0.0386659336631849,0.754810335349093,0,0.00549752611324904,0.0256551218618288,0.175371083012644
173273.411807,2609866.126422,0.0190265486725664,0.719469026548673,0,0.00243362831858407,0.0084070796460177,0.250663716814159
162773.411807,2609366.126422,0,0.0765137614678899,0.640917431192661,0.244770642201835,0.0161467889908257,0.021651376146789
163273.411807,2609366.126422,0,0.106219042377545,0.721518987341772,0.118326912493121,0.0238488350761328,0.0300862227114291
163773.411807,2609366.126422,0,0.106776556776557,0.683333333333333,0.117032967032967,0.043040293040293,0.0498168498168498
164273.411807,2609366.126422,0.00403669724770642,0.15743119266055,0.600917431192661,0.111192660550459,0.0352293577981651,0.0911926605504587
164773.411807,2609366.126422,0.00862227114290956,0.0772335351311686,0.51073197578426,0.216474041460283,0.072463768115942,0.114474408365438
165273.411807,2609366.126422,0.00549450549450549,0.195421245421245,0.5,0.145054945054945,0.0642857142857143,0.0897435897435897
165773.411807,2609366.126422,0.0174311926605505,0.707339449541284,0.00073394495412844,0.0324770642201835,0.00899082568807339,0.23302752293578
166273.411807,2609366.126422,0.0983305815446707,0.165290772335351,0.00183452577508714,0.245826453861677,0.089157952669235,0.399559713813979
166773.411807,2609366.126422,0.0776556776556777,0.0608058608058608,0.00512820512820513,0.503846153846154,0.159157509157509,0.193406593406593
167273.411807,2609366.126422,0.0684403669724771,0.392660550458716,0.00770642201834862,0.0706422018348624,0.0574311926605505,0.403119266055046
167773.411807,2609366.126422,0.0181618051733627,0.443771784993579,0,0.014125848468171,0.0548523206751055,0.469088240689782
168273.411807,2609366.126422,0.0554945054945055,0.423443223443223,0.00384615384615385,0.170879120879121,0.133882783882784,0.212454212454212
168773.411807,2609366.126422,0.0488073394495413,0.345871559633028,0.0106422018348624,0.058348623853211,0.0440366972477064,0.492293577981651
169273.411807,2609366.126422,0.115942028985507,0.0403595670519171,0,0.0245826453861677,0.0370574206567602,0.782058337919648
169773.411807,2609366.126422,0.0331501831501832,0.514652014652015,0.0043956043956044,0.0221611721611722,0.0498168498168498,0.375824175824176
170273.411807,2609366.126422,0.0500917431192661,0.719082568807339,0,0.00055045871559633,0.00513761467889908,0.225137614678899
170773.411807,2609366.126422,0.0260502660062374,0.83452577508714,0,0.002568336085122,0.014125848468171,0.12272977435333
171273.411807,2609366.126422,0.0598901098901099,0.564285714285714,0.00952380952380952,0.142307692307692,0.0681318681318681,0.155860805860806
171773.411807,2609366.126422,0.0561467889908257,0.533394495412844,0,0.130642201834862,0.0899082568807339,0.189908256880734
172273.411807,2609366.126422,0.0574206567602275,0.378829572555494,0.00165107319757843,0.194459732159237,0.118143459915612,0.249495505411851
172773.411807,2609366.126422,0.0360805860805861,0.70989010989011,0,0.000183150183150183,0.0142857142857143,0.23956043956044
173273.411807,2609366.126422,0.0059721300597213,0.750940057509401,0,0.0086264100862641,0.0488829904888299,0.185578411855784
162773.411807,2608866.126422,0,0.0661172161172161,0.672344322344322,0.221062271062271,0.0217948717948718,0.0186813186813187
163273.411807,2608866.126422,0.000549450549450549,0.0970695970695971,0.725641025641026,0.109157509157509,0.0347985347985348,0.0327838827838828
163773.411807,2608866.126422,0.00128346167950128,0.181701503483682,0.578291162449578,0.12981298129813,0.0291529152915292,0.0797579757975798
164273.411807,2608866.126422,0.00604395604395604,0.167948717948718,0.531684981684982,0.0549450549450549,0.0379120879120879,0.201465201465201
164773.411807,2608866.126422,0.00622710622710623,0.132417582417582,0.572344322344322,0.144139194139194,0.0882783882783883,0.0565934065934066
165273.411807,2608866.126422,0.013017968463513,0.102126879354602,0.327466079941327,0.353868720205354,0.116428309497616,0.0870920425375871
165773.411807,2608866.126422,0.00494505494505494,0.302197802197802,0.0580586080586081,0.216117216117216,0.105494505494505,0.313186813186813
166273.411807,2608866.126422,0.0205128205128205,0.13992673992674,0.0567765567765568,0.15,0.104761904761905,0.528021978021978
166773.411807,2608866.126422,0.0227356068940227,0.291895856252292,0.033003300330033,0.166116611661166,0.115694902823616,0.370553722038871
167273.411807,2608866.126422,0.0263736263736264,0.224725274725275,0.0344322344322344,0.0811355311355311,0.0496336996336996,0.583699633699634
167773.411807,2608866.126422,0.01996336996337,0.393223443223443,0.00732600732600733,0.0326007326007326,0.0888278388278388,0.458058608058608
168273.411807,2608866.126422,0.011001100110011,0.621745507884122,0.0605060506050605,0.0022002200220022,0.0146681334800147,0.28987898789879
168773.411807,2608866.126422,0.0100732600732601,0.366666666666667,0.0816849816849817,0.0642857142857143,0.0648351648351648,0.412454212454212
169273.411807,2608866.126422,0.0296703296703297,0.434249084249084,0.0608058608058608,0.0961538461538462,0.0727106227106227,0.306410256410256
169773.411807,2608866.126422,0.079024569123579,0.47964796479648,0.0458379171250458,0.0133846718005134,0.00623395672900623,0.375870920425376
170273.411807,2608866.126422,0.0267399267399267,0.856593406593407,0,0.00311355311355311,0.0241758241758242,0.0893772893772894
170773.411807,2608866.126422,0.0661172161172161,0.773076923076923,0,0,0.00311355311355311,0.157692307692308
171273.411807,2608866.126422,0.0207187385405207,0.672167216721672,0.0011001100110011,0.0555555555555556,0.0454712137880455,0.204987165383205
171773.411807,2608866.126422,0.0743589743589744,0.595054945054945,0,0.0868131868131868,0.0580586080586081,0.185714285714286
172273.411807,2608866.126422,0.0346153846153846,0.664835164835165,0,0.0287545787545788,0.0547619047619048,0.217032967032967
172773.411807,2608866.126422,0.0331866519985332,0.753392005867253,0,0.00568390172350568,0.0227356068940227,0.185001833516685
173273.411807,2608866.126422,0.0453038674033149,0.522209944751381,0,0.107845303867403,0.133038674033149,0.191602209944751
161273.411807,2608366.126422,0,0,1,0,0,0
162773.411807,2608366.126422,0.00642319691686548,0.0743255643237291,0.68030831345201,0.169205358781428,0.0411084602679391,0.028629106258029
163273.411807,2608366.126422,0.0137538969374656,0.0674857876398313,0.463047863561342,0.369521364386576,0.0597836053548505,0.026407482119934
163773.411807,2608366.126422,0.00201575957485798,0.166208539490563,0.455744914788345,0.155946490745831,0.0560747663551402,0.164009529045263
164273.411807,2608366.126422,0.0012846393833731,0.112497706001101,0.653697926224995,0.120939621948981,0.0455129381537897,0.0660671682877592
164773.411807,2608366.126422,0.000916926462497708,0.131303869429672,0.636713735558408,0.171465248487071,0.0253071703649367,0.0342930496974143
165273.411807,2608366.126422,0.00586402785413231,0.137438152831226,0.318306761957119,0.144951438519333,0.166575041231446,0.226864577606744
165773.411807,2608366.126422,0.0176179115434025,0.194714626536979,0.00110111947146265,0.0291796659937603,0.0515690952468343,0.705817581207561
166273.411807,2608366.126422,0.0205391527599487,0.161379057399597,0.0590500641848524,0.090408949202274,0.0852741610122868,0.583348615441042
166773.411807,2608366.126422,0.0212571009712296,0.260032985156679,0.0527762506871908,0.101337731354224,0.0985889682975994,0.466006963533077
167273.411807,2608366.126422,0.0579922921636998,0.0946962745457882,0.0807487612405946,0.21178197834465,0.114149385208295,0.440631308496972
167773.411807,2608366.126422,0.0247570144874381,0.193104713002017,0.0977443609022556,0.244269209609389,0.143407298734641,0.296717403264258
168273.411807,2608366.126422,0.0159428257284222,0.290269378779549,0.280190580905259,0.120762323621037,0.0749496060106286,0.217885284955104
168773.411807,2608366.126422,0.0322995044962378,0.769866030464305,0.0047715177096715,0.0102771150669848,0.0155991925123876,0.167186639750413
169273.411807,2608366.126422,0.0306253438474234,0.633596185585916,0.0540986612873648,0.0291582615074271,0.0210893086374473,0.231432239134421
169773.411807,2608366.126422,0.0128275609309144,0.866226864577607,0,0.0432472054242258,0.00751328568810702,0.0701850833791461
170273.411807,2608366.126422,0.0124793540099101,0.652413286841622,0.0126628739218205,0.0354193429987154,0.0168838318957607,0.270141310332171
170773.411807,2608366.126422,0.0559325142123602,0.651201173665872,0.0253071703649367,0.0779387493123052,0.0366770584999083,0.152943333944618
171273.411807,2608366.126422,0.0524097489463075,0.619021440351842,0.0042147700201576,0.0590067802822063,0.0439802089059923,0.221367051493495
171773.411807,2608366.126422,0.0200036703982382,0.703431822352725,0,0.0697375665259681,0.052303174894476,0.154523765828592
172273.411807,2608366.126422,0.0916926462497708,0.528883183568678,0,0.01998899688245,0.0491472583898771,0.310287914909224
172773.411807,2608366.126422,0.0652373098772219,0.54480483782298,0.000183250870441635,0.0753161077515118,0.0698185816382628,0.244639912039582
173273.411807,2608366.126422,0.0911504424778761,0.525,0,0.0738938053097345,0.0526548672566372,0.257300884955752
161273.411807,2607866.126422,0,0,0.769724770642202,0.230275229357798,0,0
162773.411807,2607866.126422,0.00036697247706422,0.0574311926605505,0.727339449541284,0.175596330275229,0.0185321100917431,0.0207339449541284
163273.411807,2607866.126422,0.000366905155017428,0.0983305815446707,0.40799853237938,0.406347459181801,0.0394423041643735,0.0475142175747569
163773.411807,2607866.126422,0.0111721611721612,0.110989010989011,0.246886446886447,0.241208791208791,0.0393772893772894,0.3503663003663
164273.411807,2607866.126422,0.00018348623853211,0.0968807339449541,0.673761467889908,0.127706422018349,0.0574311926605505,0.0440366972477064
164773.411807,2607866.126422,0.00605393505778756,0.128233351678591,0.527976518070079,0.141808842414236,0.0803522289488167,0.11557512383049
165273.411807,2607866.126422,0.00787545787545788,0.175457875457875,0.0536630036630037,0.104395604395604,0.0730769230769231,0.585531135531136
165773.411807,2607866.126422,0.0319266055045872,0.128623853211009,0.0055045871559633,0.302385321100917,0.122385321100917,0.409174311926606
166273.411807,2607866.126422,0.0343056319941295,0.101816180517336,0.152815997064759,0.402128049899101,0.0799853237937993,0.228948816730875
166773.411807,2607866.126422,0.0133699633699634,0.219047619047619,0.311721611721612,0.0858974358974359,0.0798534798534798,0.29010989010989
167273.411807,2607866.126422,0.026605504587156,0.225504587155963,0.222385321100917,0.0776146788990826,0.0924770642201835,0.355412844036697
167773.411807,2607866.126422,0.0473307649972482,0.401761144744084,0.130618235186204,0.14694551458448,0.0794349660612732,0.193909374426711
168273.411807,2607866.126422,0.0146520146520147,0.66043956043956,0,0.00750915750915751,0.0163003663003663,0.301098901098901
168773.411807,2607866.126422,0.0253211009174312,0.632293577981651,0,0.00055045871559633,0.013394495412844,0.328440366972477
169273.411807,2607866.126422,0.0453127866446524,0.539717483030637,0.0130251330031187,0.0618235186204366,0.0599889928453495,0.280132085855806
169773.411807,2607866.126422,0.03003663003663,0.686996336996337,0.000183150183150183,0.043040293040293,0.0637362637362637,0.176007326007326
170273.411807,2607866.126422,0.0201834862385321,0.659633027522936,0.00403669724770642,0.0267889908256881,0.0634862385321101,0.225871559633028
170773.411807,2607866.126422,0.0242157402311502,0.552192258301229,0.00440286186020914,0.130251330031187,0.0889745000917263,0.199963309484498
171273.411807,2607866.126422,0.0763736263736264,0.593772893772894,0.00512820512820513,0.0478021978021978,0.0408424908424908,0.236080586080586
171773.411807,2607866.126422,0.0513761467889908,0.520366972477064,0,0.105504587155963,0.0998165137614679,0.222935779816514
172273.411807,2607866.126422,0.100898917629793,0.270592551825353,0.00385250412768299,0.271326362135388,0.0825536598789213,0.270776004402862
172773.411807,2607866.126422,0.0626373626373626,0.0419413919413919,0.000732600732600733,0.621245421245421,0.165384615384615,0.108058608058608
173273.411807,2607866.126422,0.134925901349259,0.181154611811546,0,0.346604733466047,0.209245742092457,0.12806901128069
162773.411807,2607366.126422,0,0.0924908424908425,0.72032967032967,0.142124542124542,0.0217948717948718,0.0232600732600733
163273.411807,2607366.126422,0,0.123809523809524,0.724358974358974,0.0705128205128205,0.0304029304029304,0.0509157509157509
163773.411807,2607366.126422,0.00275027502750275,0.134396773010634,0.444444444444444,0.196919691969197,0.0628896222955629,0.158599193252659
164273.411807,2607366.126422,0.00531135531135531,0.157509157509158,0.506959706959707,0.0679487179487179,0.0844322344322344,0.177838827838828
164773.411807,2607366.126422,0,0.20018315018315,0.51007326007326,0.0261904761904762,0.0307692307692308,0.232783882783883
165273.411807,2607366.126422,0.00385038503850385,0.174734140080675,0.0432709937660433,0.0161349468280161,0.0478547854785479,0.714154748808214
165773.411807,2607366.126422,0.0173992673992674,0.158608058608059,0.343956043956044,0.146703296703297,0.104578754578755,0.228754578754579
166273.411807,2607366.126422,0.00586080586080586,0.204578754578755,0.313736263736264,0.308424908424908,0.0835164835164835,0.0838827838827839
166773.411807,2607366.126422,0.00733406674000733,0.217455078841217,0.0408874220755409,0.0174184085075174,0.0152181884855152,0.701686835350202
167273.411807,2607366.126422,0.043956043956044,0.407875457875458,0.0677655677655678,0.056043956043956,0.056043956043956,0.368315018315018
167773.411807,2607366.126422,0.043040293040293,0.532600732600733,0.000183150183150183,0.0677655677655678,0.0593406593406593,0.297069597069597
168273.411807,2607366.126422,0.0297029702970297,0.586175284195086,0,0.00586725339200587,0.0295196186285295,0.348734873487349
168773.411807,2607366.126422,0.0391941391941392,0.533882783882784,0,0.0428571428571429,0.0637362637362637,0.32032967032967
169273.411807,2607366.126422,0.0653846153846154,0.302014652014652,0.00860805860805861,0.285714285714286,0.161721611721612,0.176556776556777
169773.411807,2607366.126422,0.0132013201320132,0.843234323432343,0,0.0328199486615328,0.0174184085075174,0.0933259992665933
170273.411807,2607366.126422,0.0232600732600733,0.783516483516484,0,0.00677655677655678,0.0135531135531136,0.172893772893773
170773.411807,2607366.126422,0.0468864468864469,0.463919413919414,0.00183150183150183,0.0908424908424908,0.115934065934066,0.280586080586081
171273.411807,2607366.126422,0.0333700036670334,0.631646497983132,0,0.0661899523285662,0.0623395672900623,0.206453978731206
171773.411807,2607366.126422,0.0311355311355311,0.562454212454212,0,0.067032967032967,0.0602564102564103,0.279120879120879
172273.411807,2607366.126422,0.0391941391941392,0.495238095238095,0,0.129120879120879,0.107326007326007,0.229120879120879
172773.411807,2607366.126422,0.0583058305830583,0.503300330033003,0.000733406674000733,0.0610561056105611,0.0806747341400807,0.295929592959296
173273.411807,2607366.126422,0.0125966850828729,0.472265193370166,0,0.0514917127071823,0.0470718232044199,0.416574585635359
160773.411807,2606866.126422,0,0,1,0,0,0
161273.411807,2606866.126422,0,0,0.985685446870985,0.0143145531290145,0,0
162773.411807,2606866.126422,0.000550559735731327,0.0919434758671316,0.63075793723619,0.192695907505964,0.0310148651128647,0.0530372545421178
163273.411807,2606866.126422,0.000183385292499542,0.097194205024757,0.662020905923345,0.100861910874748,0.0368604437924078,0.102879149092243
163773.411807,2606866.126422,0.000733003481766538,0.14018691588785,0.549569360454462,0.0940076965365585,0.051676745464541,0.163826278174821
164273.411807,2606866.126422,0.00642319691686548,0.0611121306661773,0.588548357496788,0.222426133235456,0.0521196549825656,0.0693705267021472
164773.411807,2606866.126422,0.0106363469649734,0.191270860077022,0.365853658536585,0.0418118466898955,0.0590500641848524,0.331377223546672
165273.411807,2606866.126422,0.0282206340480117,0.166391790361004,0.170973062122045,0.0700018325087044,0.0615722924683892,0.502840388491845
165773.411807,2606866.126422,0.000550559735731327,0.0882730776289227,0.687282070104606,0.143145531290145,0.0345017434391632,0.0462470178014315
