"x","y","forest","agri","water","built","other","grass"
212273.411807,2668866.126422,0.0419481981981982,0.350788288288288,0,0.275056306306306,0.0788288288288288,0.253378378378378
212773.411807,2668866.126422,0.026463963963964,0.0433558558558559,0.000281531531531532,0.328265765765766,0.188907657657658,0.412725225225225
213273.411807,2668866.126422,0.0219656434807097,0.0594198817234582,0,0.0157702055758941,0.0613911574204449,0.841453111799493
213773.411807,2668866.126422,0.00591216216216216,0.258445945945946,0,0.121058558558559,0.118524774774775,0.496058558558559
214273.411807,2668866.126422,0.00929054054054054,0.107263513513514,0.0205518018018018,0.476632882882883,0.183277027027027,0.202984234234234
214773.411807,2668866.126422,0.00760349197409181,0.147564066460152,0.000281610813855252,0.50239369191777,0.165305547733033,0.176851591101098
215273.411807,2668866.126422,0.0259009009009009,0.0433558558558559,0.0467342342342342,0.773367117117117,0.0833333333333333,0.0273085585585586
215773.411807,2668866.126422,0.0377252252252252,0.0289977477477477,0.0692567567567568,0.76463963963964,0.0563063063063063,0.0430743243243243
216273.411807,2668866.126422,0.0605463249788792,0.0211208110391439,0.0135173190650521,0.783441284145311,0.0929315685722332,0.0284426921993805
216773.411807,2668866.126422,0.346565315315315,0.0653153153153153,0.00337837837837838,0.356981981981982,0.0884009009009009,0.139358108108108
217273.411807,2668866.126422,0.311373873873874,0.116272522522523,0.00506756756756757,0.45045045045045,0.0788288288288288,0.0380067567567568
217773.411807,2668866.126422,0.0839200225288651,0.0275978597578147,0.00591382709096029,0.662067023373698,0.109546606589693,0.110954660658969
218273.411807,2668866.126422,0.177927927927928,0.14329954954955,0.0152027027027027,0.520551801801802,0.0239301801801802,0.119087837837838
218773.411807,2668866.126422,0.0706644144144144,0.0962837837837838,0.0284346846846847,0.771114864864865,0.0135135135135135,0.0199887387387387
219273.411807,2668866.126422,0.272036046184173,0.02787947057167,0.00422416220782878,0.441002534497325,0.0546324978879189,0.200225288651084
219773.411807,2668866.126422,0.0309684684684685,0.0920608108108108,0.00619369369369369,0.561655405405405,0.0974099099099099,0.211711711711712
220273.411807,2668866.126422,0.0109797297297297,0.0182995495495495,0.097972972972973,0.820945945945946,0.0349099099099099,0.0168918918918919
220773.411807,2668866.126422,0.0199943677837229,0.0267530273162489,0.0225288651084202,0.887637285271754,0.030132357082512,0.0129540974373416
221273.411807,2668866.126422,0.0498310810810811,0.0292792792792793,0.00647522522522523,0.813344594594595,0.0670045045045045,0.0340653153153153
221773.411807,2668866.126422,0.0442004504504505,0.0357545045045045,0.00703828828828829,0.818130630630631,0.0734797297297297,0.0213963963963964
222273.411807,2668866.126422,0.00901154604336806,0.0287243030132357,0.000844832441565756,0.882849901436215,0.0470290059138271,0.0315404111517882
222773.411807,2668866.126422,0.0929054054054054,0.0498310810810811,0,0.413851351351351,0.135698198198198,0.307713963963964
223273.411807,2668866.126422,0.276182432432432,0.00168918918918919,0,0.176238738738739,0.0543355855855856,0.491554054054054
223773.411807,2668866.126422,0.384680371726274,0.0523796113770769,0,0.0619543790481554,0.0366094058011828,0.464376232047311
224273.411807,2668866.126422,0.521114864864865,0.00168918918918919,0,0.118524774774775,0.0377252252252252,0.320945945945946
212273.411807,2668366.126422,0.034868783262984,0.0838685997430721,0.00201871903101487,0.688383189576069,0.116718663975041,0.0741420444118187
212773.411807,2668366.126422,0.0454795525398863,0.108930863744728,0.00183385292499542,0.468732807628828,0.131303869429672,0.243719053731891
213273.411807,2668366.126422,0.0262048744731537,0.342129375114532,0.00293201392706615,0.139820414146967,0.0712845886017959,0.417628733736485
213773.411807,2668366.126422,0.00917599559552211,0.265002752798679,0.000917599559552211,0.247384841255276,0.147182969352175,0.330335841438796
214273.411807,2668366.126422,0.0110031175499725,0.0412616908123968,0.0350265908674124,0.735375022923162,0.0876581698147808,0.0896754080322758
214773.411807,2668366.126422,0.0333516584203775,0.062671797691039,0.0298698918819864,0.736851750045813,0.0859446582371266,0.0513102437236577
215273.411807,2668366.126422,0.0489998164800881,0.0412919801798495,0.0212883097816113,0.706368140943292,0.144980730409249,0.0370710222059093
215773.411807,2668366.126422,0.0526315789473684,0.0128369704749679,0.0282413350449294,0.809646066385476,0.0761048963873097,0.0205391527599487
216273.411807,2668366.126422,0.200109950522265,0.104636247022173,0.0102620487447315,0.442734102986989,0.064687557265897,0.177570093457944
216773.411807,2668366.126422,0.215452376582859,0.108827307762892,0.00715727656450725,0.361350706551661,0.14534777023307,0.16186456230501
217273.411807,2668366.126422,0.156977810379608,0.0621676141573446,0.000916926462497708,0.471666972308821,0.20814230698698,0.10012836970475
217773.411807,2668366.126422,0.0535092541689573,0.0375664284405351,0.00714678394722375,0.700384826827927,0.13120762323621,0.0701850833791461
218273.411807,2668366.126422,0.0963479537529822,0.197467425215636,0.00679023674068636,0.56432372912461,0.0545054138374014,0.0805652413286842
218773.411807,2668366.126422,0.0957271226847607,0.123418301852191,0.0218228498074454,0.702915826150743,0.026407482119934,0.0297084173849257
219273.411807,2668366.126422,0.187465640461792,0.200476452263148,0,0.143302180685358,0.0859446582371266,0.382811068352575
219773.411807,2668366.126422,0.0787300422095797,0.150119287942742,0.0222059093411635,0.289961460818499,0.0967149935768031,0.362268306111213
220273.411807,2668366.126422,0.120484137172199,0.0858243168897854,0.0159545204474601,0.583715386026041,0.0511644966073721,0.142857142857143
220773.411807,2668366.126422,0.143118929814917,0.0844786512735936,0,0.338647608576141,0.101887483965549,0.3318673263698
221273.411807,2668366.126422,0.123141860891907,0.0242246283721784,0.0370710222059093,0.679390713892457,0.0657001284639383,0.0704716461736098
221773.411807,2668366.126422,0.0210893086374473,0.0161379057399597,0.00348432055749129,0.824500275077939,0.0478635613423803,0.0869246286447827
222273.411807,2668366.126422,0.0384826827927433,0.130474619754444,0.00274876305662452,0.646509070918087,0.10207073483599,0.0797141286421111
222773.411807,2668366.126422,0.221141493852083,0.0211047898697009,0,0.346852633510736,0.149752248118921,0.261148834648559
223273.411807,2668366.126422,0.169631395562076,0.151109481019622,0,0.292499541536769,0.0612506876948469,0.325508894186686
223773.411807,2668366.126422,0.334799340296866,0.0370166758292102,0,0.0197910940076965,0.0152098222466557,0.593183067619571
224273.411807,2668366.126422,0.557533492383924,0,0,0.000917599559552211,0.00201871903101487,0.439530189025509
212273.411807,2667866.126422,0.0431192660550459,0.0471559633027523,0.00862385321100917,0.717798165137615,0.10348623853211,0.0798165137614679
212773.411807,2667866.126422,0.0500825536598789,0.325444872500459,0.002568336085122,0.341221794166208,0.120895248578243,0.15978719501009
213273.411807,2667866.126422,0.023992673992674,0.139010989010989,0.00238095238095238,0.546153846153846,0.176923076923077,0.111538461538462
213773.411807,2667866.126422,0.0735779816513761,0.418715596330275,0,0.276330275229358,0.0695412844036697,0.161834862385321
214273.411807,2667866.126422,0.0781507980187122,0.0524674371674922,0.00642084021280499,0.49642267473858,0.124747752705926,0.241790497156485
214773.411807,2667866.126422,0.0406593406593407,0.0278388278388278,0.0347985347985348,0.81978021978022,0.0512820512820513,0.0256410256410256
215273.411807,2667866.126422,0.0407339449541284,0.0473394495412844,0.0596330275229358,0.758715596330275,0.0513761467889908,0.0422018348623853
215773.411807,2667866.126422,0.127866446523574,0.087873784626674,0.0113740598055403,0.55769583562649,0.148229682627041,0.0669601907906806
216273.411807,2667866.126422,0.0419413919413919,0.0322344322344322,0.0659340659340659,0.762087912087912,0.0551282051282051,0.0426739926739927
216773.411807,2667866.126422,0.0574311926605505,0.0902752293577982,0.016697247706422,0.678715596330275,0.0823853211009174,0.0744954128440367
217273.411807,2667866.126422,0.0396257567418822,0.0284351495138507,0.0335718216840947,0.705925518253531,0.129150614566135,0.0632911392405063
217773.411807,2667866.126422,0.0413919413919414,0.0362637362637363,0.0611721611721612,0.71025641025641,0.0575091575091575,0.0934065934065934
218273.411807,2667866.126422,0.0194495412844037,0.0137614678899083,0.0223853211009174,0.86348623853211,0.0702752293577982,0.0106422018348624
218773.411807,2667866.126422,0.075032104201064,0.109521188772702,0.00293524124013942,0.483030636580444,0.100898917629793,0.228581911575858
219273.411807,2667866.126422,0.208241758241758,0.158974358974359,0,0.105494505494505,0.0525641025641026,0.474725274725275
219773.411807,2667866.126422,0.0532110091743119,0.126422018348624,0.0161467889908257,0.468073394495413,0.0899082568807339,0.246238532110092
220273.411807,2667866.126422,0.124931205283434,0.0394423041643735,0.00532012474775271,0.647220693450743,0.0759493670886076,0.107136305265089
220773.411807,2667866.126422,0.133699633699634,0.0203296703296703,0.0269230769230769,0.621245421245421,0.08003663003663,0.117765567765568
221273.411807,2667866.126422,0.0310091743119266,0.0141284403669725,0.00201834862385321,0.589174311926606,0.0444036697247706,0.319266055045872
221773.411807,2667866.126422,0.136305265088975,0.104934874334984,0.000183452577508714,0.410383415886993,0.107503210420106,0.240689781691433
222273.411807,2667866.126422,0.0487179487179487,0.0639194139194139,0.000366300366300366,0.633516483516483,0.0976190476190476,0.155860805860806
222773.411807,2667866.126422,0.195779816513761,0.0185321100917431,0,0.367522935779817,0.184587155963303,0.233577981651376
223273.411807,2667866.126422,0.317006053935058,0.0262337185837461,0,0.0946615299944964,0.0467804072647221,0.515318290221978
223773.411807,2667866.126422,0.503479853479853,0.0355311355311355,0,0.0380952380952381,0.060989010989011,0.361904761904762
224273.411807,2667866.126422,0.466788990825688,0.00110091743119266,0,0.00146788990825688,0.00532110091743119,0.525321100917431
212273.411807,2667366.126422,0.0611721611721612,0.0536630036630037,0.00128205128205128,0.527289377289377,0.146336996336996,0.21025641025641
212773.411807,2667366.126422,0.0386446886446886,0.158424908424908,0.0144688644688645,0.584615384615385,0.106593406593407,0.0972527472527473
213273.411807,2667366.126422,0.0522552255225523,0.118445177851118,0.00403373670700403,0.760726072607261,0.0344701136780345,0.0300696736340301
213773.411807,2667366.126422,0.0510989010989011,0.103663003663004,0.00146520146520147,0.725091575091575,0.0608058608058608,0.0578754578754579
214273.411807,2667366.126422,0.0117216117216117,0.0763736263736264,0.0492673992673993,0.757326007326007,0.0815018315018315,0.0238095238095238
214773.411807,2667366.126422,0.0170517051705171,0.0304363769710304,0.0357535753575358,0.820865419875321,0.05995599559956,0.0359369270260359
215273.411807,2667366.126422,0.0406593406593407,0.0434065934065934,0.00421245421245421,0.79010989010989,0.0884615384615385,0.0331501831501832
215773.411807,2667366.126422,0.0648351648351648,0.108241758241758,0.00274725274725275,0.591941391941392,0.103663003663004,0.128571428571429
216273.411807,2667366.126422,0.0735240190685735,0.0352035203520352,0.0077007700770077,0.588375504217088,0.128712871287129,0.166483314998166
216773.411807,2667366.126422,0.0397435897435897,0.0531135531135531,0.00915750915750916,0.610805860805861,0.121428571428571,0.165750915750916
217273.411807,2667366.126422,0.0236263736263736,0.0139194139194139,0.0265567765567766,0.860989010989011,0.0659340659340659,0.00897435897435897
217773.411807,2667366.126422,0.00605060506050605,0.00806747341400807,0.0108177484415108,0.956178951228456,0.0157682434910158,0.00311697836450312
218273.411807,2667366.126422,0.0364468864468864,0.0521978021978022,0.0205128205128205,0.813919413919414,0.0492673992673993,0.0276556776556777
218773.411807,2667366.126422,0.0278388278388278,0.023992673992674,0.0100732600732601,0.826556776556777,0.0675824175824176,0.043956043956044
219273.411807,2667366.126422,0.0104510451045105,0.0870920425375871,0.0225522552255226,0.571873854052072,0.104693802713605,0.203337000366703
219773.411807,2667366.126422,0.0489010989010989,0.0261904761904762,0.0776556776556777,0.742490842490843,0.0384615384615385,0.0663003663003663
220273.411807,2667366.126422,0.0238095238095238,0.00970695970695971,0.0258241758241758,0.885531135531135,0.03003663003663,0.0250915750915751
220773.411807,2667366.126422,0.116244957829116,0.212687935460213,0.00366703337000367,0.271543821048772,0.0632563256325633,0.332599926659333
221273.411807,2667366.126422,0.0862637362637363,0.0842490842490843,0.00164835164835165,0.353846153846154,0.0743589743589744,0.3996336996337
221773.411807,2667366.126422,0.0626373626373626,0.0822344322344322,0.00146520146520147,0.482967032967033,0.106959706959707,0.263736263736264
222273.411807,2667366.126422,0.151631829849652,0.0454712137880455,0.00275027502750275,0.548038137147048,0.116244957829116,0.135863586358636
222773.411807,2667366.126422,0.0558608058608059,0.0164835164835165,0,0.746703296703297,0.116300366300366,0.0646520146520147
223273.411807,2667366.126422,0.355311355311355,0.0115384615384615,0,0.103846153846154,0.0934065934065934,0.435897435897436
223773.411807,2667366.126422,0.642097543087642,0,0,0,0.000366703337000367,0.357535753575358
224273.411807,2667366.126422,0.657875457875458,0.00238095238095238,0,0,0.000183150183150183,0.33956043956044
212273.411807,2666866.126422,0.038172141677372,0.0390897412369242,0.00991007524316388,0.623050100935952,0.176546155257845,0.113231785648743
212773.411807,2666866.126422,0.0205391527599487,0.0267742527049331,0.000733541169998166,0.816247936915459,0.104896387309738,0.030808729139923
213273.411807,2666866.126422,0.0740333516584204,0.115631299248671,0.00274876305662452,0.776067436320322,0.0247388675096207,0.00678028220634048
213773.411807,2666866.126422,0.0866213984217288,0.309965131216737,0.000734079647641769,0.55166085520279,0.0267939071389246,0.0242246283721784
214273.411807,2666866.126422,0.0350265908674124,0.208325692279479,0,0.466348798826334,0.0990280579497524,0.191270860077022
214773.411807,2666866.126422,0.111966281839839,0.336998350742166,0,0.24555616639179,0.0963899578522998,0.209089243173905
215273.411807,2666866.126422,0.0952468342815195,0.189759588915397,0,0.307395852449991,0.173793356579189,0.233804367773903
215773.411807,2666866.126422,0.130203557674674,0.0852741610122868,0.000733541169998166,0.392627911241518,0.10416284613974,0.286997982761783
216273.411807,2666866.126422,0.0335349092908191,0.0313358988455195,0.00329851566794942,0.730071467839472,0.0718343412131208,0.129924867143119
216773.411807,2666866.126422,0.0567076527803267,0.0304643053771334,0.0146815929528354,0.467241695723986,0.0835015599192512,0.347403193246467
217273.411807,2666866.126422,0.037593984962406,0.0344764349899138,0.00898587933247754,0.79185769301302,0.0900421786172749,0.0370438290849074
217773.411807,2666866.126422,0.0117280557082646,0.0144768187648891,0.0553417628733736,0.88565145684442,0.0313358988455195,0.00146600696353308
218273.411807,2666866.126422,0.0475316571848046,0.05395485410167,0.0513855753349238,0.799963296017618,0.0203707102220591,0.0267939071389246
218773.411807,2666866.126422,0.024390243902439,0.0632679259123418,0.0121034293049697,0.773335778470567,0.0366770584999083,0.0902255639097744
219273.411807,2666866.126422,0.0355506688656771,0.0584570276708814,0.0212571009712296,0.59080080630383,0.11324903793293,0.180685358255452
219773.411807,2666866.126422,0.00532207744540283,0.00495503762158194,0.0181684712791338,0.961277298586897,0.0102771150669848,0
220273.411807,2666866.126422,0.0183385292499542,0.0581331377223547,0.0053181734824867,0.858609939482853,0.0359435173299101,0.0236567027324409
220773.411807,2666866.126422,0.0384826827927433,0.0513102437236577,0.0141103170240059,0.646692321788529,0.0679860729338464,0.181418361737218
221273.411807,2666866.126422,0.105890989172325,0.0299137456414021,0.0416590200036704,0.615525784547623,0.0532207744540283,0.153789686180951
221773.411807,2666866.126422,0.0418118466898955,0.126902622409683,0.00421786172748946,0.658353200073354,0.077205208142307,0.0915092609572712
222273.411807,2666866.126422,0.024555616639179,0.0232728605460876,0.000549752611324904,0.737768004398021,0.102803738317757,0.111050027487631
222773.411807,2666866.126422,0.103321710405579,0.0189025509267756,0,0.608919067718848,0.0939621948981464,0.174894476050652
223273.411807,2666866.126422,0.37997432605905,0.0275077938749312,0,0.0865578580597836,0.0414450761048964,0.464514945901339
223773.411807,2666866.126422,0.530877771669415,0,0,0.000183250870441635,0,0.468938977460143
224273.411807,2666866.126422,0.535511102954671,0.000183519911910442,0,0.000734079647641769,0.00330335841438796,0.460267939071389
212273.411807,2666366.126422,0.0587155963302752,0.0431192660550459,0.00165137614678899,0.537981651376147,0.178899082568807,0.179633027522936
212773.411807,2666366.126422,0.0354063474591818,0.0964960557695836,0.000550357732526142,0.431480462300495,0.16694184553293,0.269124931205283
213273.411807,2666366.126422,0.0617216117216117,0.220695970695971,0,0.425274725274725,0.136996336996337,0.155311355311355
213773.411807,2666366.126422,0.125137614678899,0.461834862385321,0,0.150275229357798,0.0429357798165138,0.219816513761468
214273.411807,2666366.126422,0.185837461016327,0.157769216657494,0,0.189323059988993,0.14694551458448,0.320124747752706
214773.411807,2666366.126422,0.0950549450549451,0.44047619047619,0.00164835164835165,0.132051282051282,0.0794871794871795,0.251282051282051
215273.411807,2666366.126422,0.0401834862385321,0.199449541284404,0,0.129174311926606,0.0741284403669725,0.557064220183486
215773.411807,2666366.126422,0.028251696936342,0.179966978536048,0,0.220143093010457,0.108237020730141,0.463401210787012
216273.411807,2666366.126422,0.0452380952380952,0.203479853479853,0.000549450549450549,0.301831501831502,0.106410256410256,0.342490842490842
216773.411807,2666366.126422,0.0328440366972477,0.157614678899083,0.00844036697247706,0.579633027522936,0.088256880733945,0.133211009174312
217273.411807,2666366.126422,0.0421940928270042,0.0280682443588332,0.0216474041460283,0.783892863694735,0.0869565217391304,0.0372408732342689
217773.411807,2666366.126422,0.0456043956043956,0.0208791208791209,0.0415750915750916,0.776190476190476,0.0835164835164835,0.0322344322344322
218273.411807,2666366.126422,0.0385321100917431,0.0352293577981651,0.0500917431192661,0.812293577981651,0.0442201834862385,0.0196330275229358
218773.411807,2666366.126422,0.0374243258117777,0.124197394973399,0.00293524124013942,0.574023115024766,0.0451293340671436,0.216290588882774
219273.411807,2666366.126422,0.0391941391941392,0.0368131868131868,0.0102564102564103,0.780952380952381,0.0996336996336996,0.0331501831501832
219773.411807,2666366.126422,0.0308256880733945,0.0658715596330275,0.00880733944954129,0.647339449541284,0.0779816513761468,0.169174311926606
220273.411807,2666366.126422,0.0528343423225096,0.113006787745368,0.0288020546688681,0.422674738580077,0.0829205650339387,0.299761511649239
220773.411807,2666366.126422,0.0412087912087912,0.0432234432234432,0.0567765567765568,0.645421245421245,0.110989010989011,0.102380952380952
221273.411807,2666366.126422,0.0179816513761468,0.0267889908256881,0.0627522935779816,0.823119266055046,0.0423853211009174,0.0269724770642202
221773.411807,2666366.126422,0.0948449825720051,0.0220143093010457,0.0297193175564117,0.612731608879105,0.117776554760594,0.122913226930838
222273.411807,2666366.126422,0.118131868131868,0.0543956043956044,0.000915750915750916,0.295054945054945,0.108974358974359,0.422527472527473
222773.411807,2666366.126422,0.398532110091743,0.00715596330275229,0.00055045871559633,0.257614678899083,0.093394495412844,0.242752293577982
223273.411807,2666366.126422,0.50779673454412,0,0,0.00697119794533113,0.00550357732526142,0.479728490185287
223773.411807,2666366.126422,0.562087912087912,0,0,0.0021978021978022,0.00366300366300366,0.432051282051282
224273.411807,2666366.126422,0.667522935779816,0,0,0,0.00018348623853211,0.332293577981651
212273.411807,2665866.126422,0.1003663003663,0.0611721611721612,0,0.443040293040293,0.1503663003663,0.245054945054945
212773.411807,2665866.126422,0.0481684981684982,0.123076923076923,0.000183150183150183,0.56007326007326,0.0967032967032967,0.171794871794872
213273.411807,2665866.126422,0.0322698936560323,0.187385405207187,0.000366703337000367,0.595342867620095,0.0887422075540887,0.0958929226255959
213773.411807,2665866.126422,0.0875457875457875,0.15989010989011,0,0.456410256410256,0.093956043956044,0.202197802197802
214273.411807,2665866.126422,0.0703296703296703,0.193589743589744,0.000183150183150183,0.473809523809524,0.12032967032967,0.141758241758242
214773.411807,2665866.126422,0.0229189585625229,0.605427209387605,0,0.155848918225156,0.0768243491015768,0.138980564723139
215273.411807,2665866.126422,0.0344322344322344,0.453479853479853,0,0.288644688644689,0.0706959706959707,0.152747252747253
215773.411807,2665866.126422,0.0498168498168498,0.178388278388278,0.000915750915750916,0.487545787545788,0.109157509157509,0.174175824175824
216273.411807,2665866.126422,0.048038137147048,0.193252658599193,0,0.47983131646498,0.107810781078108,0.171067106710671
216773.411807,2665866.126422,0.0666666666666667,0.225824175824176,0.00402930402930403,0.379487179487179,0.0901098901098901,0.233882783882784
217273.411807,2665866.126422,0.0437728937728938,0.0214285714285714,0.00970695970695971,0.815567765567766,0.0752747252747253,0.0342490842490843
217773.411807,2665866.126422,0.0520718738540521,0.0337367070040337,0.0196186285295196,0.76017601760176,0.079024569123579,0.0553722038870554
218273.411807,2665866.126422,0.0335164835164835,0.0384615384615385,0.0432234432234432,0.777106227106227,0.0642857142857143,0.0434065934065934
218773.411807,2665866.126422,0.0184981684981685,0.153479853479853,0.0115384615384615,0.370695970695971,0.149267399267399,0.296520146520147
219273.411807,2665866.126422,0.0434543454345435,0.118078474514118,0.0603226989365603,0.541620828749542,0.128529519618629,0.107994132746608
219773.411807,2665866.126422,0.0287545787545788,0.030952380952381,0.0481684981684982,0.825274725274725,0.0470695970695971,0.0197802197802198
220273.411807,2665866.126422,0.0362637362637363,0.0692307692307692,0.060989010989011,0.605311355311355,0.0785714285714286,0.1496336996337
220773.411807,2665866.126422,0.0617895122845618,0.0834250091675834,0.0412541254125413,0.597359735973597,0.0821415474880821,0.134030069673634
221273.411807,2665866.126422,0.0578754578754579,0.0249084249084249,0.0388278388278388,0.726556776556777,0.0884615384615385,0.0633699633699634
221773.411807,2665866.126422,0.234249084249084,0.0490842490842491,0.0144688644688645,0.376556776556777,0.0706959706959707,0.254945054945055
222273.411807,2665866.126422,0.116978364503117,0.151998533186652,0,0.449211587825449,0.0913091309130913,0.19050238357169
222773.411807,2665866.126422,0.358791208791209,0.00384615384615385,0,0.203846153846154,0.14029304029304,0.293223443223443
223273.411807,2665866.126422,0.498717948717949,0.00347985347985348,0,0.056043956043956,0.108791208791209,0.332967032967033
223773.411807,2665866.126422,0.579207920792079,0,0,0.000366703337000367,0.00055005500550055,0.41987532086542
224273.411807,2665866.126422,0.491025641025641,0,0,0.00714285714285714,0.0124542124542125,0.489377289377289
212273.411807,2665366.126422,0.0137639933932832,0.120572582125161,0.000550559735731327,0.386859974307212,0.122224261332355,0.356028629106258
212773.411807,2665366.126422,0.011186502842472,0.0700531817348249,0,0.305703282596736,0.136255272327159,0.476801760498808
213273.411807,2665366.126422,0.013560564412681,0.125710097122961,0.000366501740883269,0.371999266996518,0.157412497709364,0.330951072017592
213773.411807,2665366.126422,0.0326665443200587,0.142594971554414,0.05395485410167,0.428151954487062,0.110846026793907,0.231785648742889
214273.411807,2665366.126422,0.0276911791674308,0.0957271226847607,0.0150375939849624,0.477902072253805,0.204657986429488,0.178984045479553
214773.411807,2665366.126422,0.0472787245739417,0.166391790361004,0.00201575957485798,0.504306395455378,0.126076598863845,0.153930731170973
215273.411807,2665366.126422,0.0212883097816113,0.359515507432556,0.00789135621214902,0.363185905670765,0.0866213984217288,0.161497522481189
215773.411807,2665366.126422,0.0275077938749312,0.225380524481937,0.00623509994498441,0.40803227581148,0.0981111314872547,0.234733174399413
216273.411807,2665366.126422,0.0863111599780099,0.333516584203775,0.00164925783397471,0.264797507788162,0.0661535642294301,0.247571925966648
216773.411807,2665366.126422,0.0629473297852817,0.37750045879978,0,0.138190493668563,0.0906588364837585,0.330702881262617
217273.411807,2665366.126422,0.118650284247203,0.0924261874197689,0.00128369704749679,0.374289381991564,0.145424536952136,0.26792591234183
217773.411807,2665366.126422,0.0197910940076965,0.139087410665201,0.0089792926516401,0.753894080996885,0.0311526479750779,0.0470954737035001
218273.411807,2665366.126422,0.011194714626537,0.0545054138374014,0.0260598274912828,0.642870251422279,0.09543035419343,0.16993943842907
218773.411807,2665366.126422,0.0339262791124152,0.066018705299835,0.1199339812947,0.685127452778287,0.0539152759948652,0.0410783055198973
219273.411807,2665366.126422,0.0342679127725857,0.0337181601612608,0.0315191497159611,0.821880153930731,0.0404984423676012,0.03811618105186
219773.411807,2665366.126422,0.0222059093411635,0.0209212699577904,0.0179849513672233,0.819049366856304,0.0625802899614608,0.057258212516058
220273.411807,2665366.126422,0.0759215110948102,0.204474601136989,0.000916926462497708,0.299468182651751,0.111498257839721,0.307720520814231
220773.411807,2665366.126422,0.097306212204508,0.101337731354224,0.000733003481766538,0.36430273043797,0.142202675462708,0.294117647058824
221273.411807,2665366.126422,0.057258212516058,0.0345017434391632,0.0126628739218205,0.670031198385025,0.0945127546338778,0.131033217104056
221773.411807,2665366.126422,0.149642398679626,0.0434623143223913,0,0.537318907023657,0.135521731157161,0.134054648817165
222273.411807,2665366.126422,0.170240058640279,0.0247388675096207,0,0.341579622503207,0.125343595382078,0.338097855964816
222773.411807,2665366.126422,0.196549825656084,0.0146815929528354,0,0.193980546889337,0.231785648742889,0.363002385758855
223273.411807,2665366.126422,0.576379974326059,0.000916926462497708,0,0.0066018705299835,0.0152209792774619,0.400880249403998
223773.411807,2665366.126422,0.586769287154114,0,0,0.000366501740883269,0.00403151914971596,0.408832691955287
224273.411807,2665366.126422,0.488713525417508,0,0,0.00293631859056708,0.00660671682877592,0.501743439163149
212273.411807,2664866.126422,0.0146788990825688,0.676146788990826,0,0.0528440366972477,0.0913761467889908,0.164954128440367
212773.411807,2664866.126422,0.0420106402494955,0.657860942946248,0,0.0882406897816914,0.0365070629242341,0.175380664098331
213273.411807,2664866.126422,0.0441391941391941,0.634065934065934,0,0.0426739926739927,0.0446886446886447,0.234432234432234
213773.411807,2664866.126422,0.0699082568807339,0.33743119266055,0.00348623853211009,0.237981651376147,0.0787155963302752,0.272477064220183
214273.411807,2664866.126422,0.0143093010456797,0.256283250779673,0.0530177949000183,0.45789763346175,0.117409649605577,0.101082370207301
214773.411807,2664866.126422,0.0128205128205128,0.22014652014652,0.103846153846154,0.475274725274725,0.121428571428571,0.0664835164835165
215273.411807,2664866.126422,0.0554128440366972,0.375229357798165,0.00403669724770642,0.245504587155963,0.0853211009174312,0.234495412844037
215773.411807,2664866.126422,0.030820033021464,0.324711062190424,0.00348559897266557,0.273344340487984,0.116859291873051,0.250779673454412
216273.411807,2664866.126422,0.0223443223443223,0.367032967032967,0,0.106593406593407,0.0833333333333333,0.420695970695971
216773.411807,2664866.126422,0.0535779816513761,0.325504587155963,0.00935779816513761,0.279266055045872,0.0761467889908257,0.256146788990826
217273.411807,2664866.126422,0.0361401577692167,0.287653641533664,0,0.30673270959457,0.131168592918731,0.238304898183819
217773.411807,2664866.126422,0.0212454212454212,0.167582417582418,0.0873626373626374,0.465384615384615,0.0879120879120879,0.170512820512821
218273.411807,2664866.126422,0.0638532110091743,0.132477064220183,0.0055045871559633,0.473577981651376,0.125137614678899,0.199449541284404
218773.411807,2664866.126422,0.0372408732342689,0.024399192808659,0.00605393505778756,0.76316272243625,0.103834158869932,0.0653091175931022
219273.411807,2664866.126422,0.0285714285714286,0.0179487179487179,0.0184981684981685,0.853113553113553,0.0617216117216117,0.0201465201465201
219773.411807,2664866.126422,0.0343119266055046,0.0247706422018349,0.00862385321100917,0.831559633027523,0.0601834862385321,0.0405504587155963
220273.411807,2664866.126422,0.0315538433314988,0.0983305815446707,0.020546688680976,0.640983305815447,0.0752155567785727,0.133370023848835
220773.411807,2664866.126422,0.0446886446886447,0.148168498168498,0.00512820512820513,0.559157509157509,0.104761904761905,0.138095238095238
221273.411807,2664866.126422,0.102201834862385,0.147522935779817,0,0.248440366972477,0.0968807339449541,0.404954128440367
221773.411807,2664866.126422,0.277563749770684,0.0770500825536599,0,0.0236653824986241,0.0412768299394606,0.580443955237571
222273.411807,2664866.126422,0.153113553113553,0.0391941391941392,0.000183150183150183,0.246153846153846,0.183333333333333,0.378021978021978
222773.411807,2664866.126422,0.108990825688073,0.00532110091743119,0,0.496697247706422,0.168440366972477,0.220550458715596
223273.411807,2664866.126422,0.341038341588699,0.00550357732526142,0,0.149697303247111,0.14401027334434,0.359750504494588
223773.411807,2664866.126422,0.524358974358974,0,0,0.00347985347985348,0.00457875457875458,0.467582417582418
224273.411807,2664866.126422,0.396697247706422,0.00018348623853211,0,0.00862385321100917,0.0100917431192661,0.584403669724771
212273.411807,2664366.126422,0.0553113553113553,0.575641025641026,0.000732600732600733,0.145421245421245,0.0774725274725275,0.145421245421245
212773.411807,2664366.126422,0.0424908424908425,0.563919413919414,0.000366300366300366,0.207692307692308,0.0796703296703297,0.105860805860806
213273.411807,2664366.126422,0.0539053905390539,0.226439310597726,0.00311697836450312,0.482398239823982,0.151081774844151,0.0830583058305831
213773.411807,2664366.126422,0.0175824175824176,0.173626373626374,0.000732600732600733,0.632600732600733,0.0996336996336996,0.0758241758241758
214273.411807,2664366.126422,0.0234432234432234,0.325091575091575,0.000732600732600733,0.464835164835165,0.0893772893772894,0.0965201465201465
214773.411807,2664366.126422,0.0170517051705171,0.503850385038504,0,0.2995966263293,0.0836083608360836,0.0958929226255959
215273.411807,2664366.126422,0.013003663003663,0.158241758241758,0.0119047619047619,0.469230769230769,0.165018315018315,0.182600732600733
215773.411807,2664366.126422,0.0554945054945055,0.223443223443223,0,0.292673992673993,0.116300366300366,0.312087912087912
216273.411807,2664366.126422,0.0328199486615328,0.281078107810781,0.00165016501650165,0.381371470480381,0.0944261092775944,0.208654198753209
216773.411807,2664366.126422,0.0313186813186813,0.141391941391941,0.0307692307692308,0.409157509157509,0.143956043956044,0.243406593406593
217273.411807,2664366.126422,0.0249084249084249,0.141941391941392,0.0391941391941392,0.521428571428571,0.145970695970696,0.126556776556777
217773.411807,2664366.126422,0.035020168683535,0.211404473780711,0,0.413824715804914,0.0975430876420975,0.242207554088742
218273.411807,2664366.126422,0.0336996336996337,0.126007326007326,0.00146520146520147,0.399450549450549,0.132417582417582,0.306959706959707
218773.411807,2664366.126422,0.137545787545788,0.0672161172161172,0.000732600732600733,0.398717948717949,0.147435897435897,0.248351648351648
219273.411807,2664366.126422,0.0735240190685735,0.0606894022735607,0.0438210487715438,0.660982764943161,0.0878254492115878,0.0731573157315732
219773.411807,2664366.126422,0.0498168498168498,0.0935897435897436,0.00732600732600733,0.641575091575092,0.0730769230769231,0.134615384615385
220273.411807,2664366.126422,0.0267399267399267,0.0602564102564103,0.00128205128205128,0.750732600732601,0.065018315018315,0.095970695970696
220773.411807,2664366.126422,0.0597726439310598,0.081958195819582,0,0.602860286028603,0.0625229189585625,0.192885955262193
221273.411807,2664366.126422,0.148534798534799,0.0805860805860806,0,0.482600732600733,0.0879120879120879,0.2003663003663
221773.411807,2664366.126422,0.255128205128205,0.0326007326007326,0,0.245421245421245,0.119413919413919,0.347435897435897
222273.411807,2664366.126422,0.539420608727539,0.0055005500550055,0,0.0542720938760543,0.0427209387605427,0.358085808580858
222773.411807,2664366.126422,0.558424908424908,0.000549450549450549,0,0.0291208791208791,0.01996336996337,0.391941391941392
223273.411807,2664366.126422,0.349450549450549,0.00421245421245421,0,0.0956043956043956,0.148717948717949,0.402014652014652
223773.411807,2664366.126422,0.589292262559589,0.00238357169050238,0,0.0141180784745141,0.0612394572790612,0.332966629996333
224273.411807,2664366.126422,0.534432234432234,0.00402930402930403,0,0.0115384615384615,0.0445054945054945,0.405494505494505
212273.411807,2663866.126422,0.0534042943659387,0.318223527252707,0.0165167920719398,0.383373095980914,0.111396586529638,0.117085703798862
212773.411807,2663866.126422,0.0673024023473317,0.349348982211627,0.000916926462497708,0.222996515679443,0.105263157894737,0.254172015404365
213273.411807,2663866.126422,0.0366501740883269,0.513102437236577,0.00274876305662452,0.282023089609676,0.0826461425691772,0.0828293934396188
213773.411807,2663866.126422,0.0233070288126262,0.283905303725454,0.00568911726922371,0.51018535511103,0.101853551110295,0.0750596439713709
214273.411807,2663866.126422,0.0271410232899321,0.480469466348799,0,0.341463414634146,0.0711534934898221,0.0797726022373006
214773.411807,2663866.126422,0.0238226131574125,0.898479017775334,0,0.0119113065787062,0.0144768187648891,0.0513102437236577
215273.411807,2663866.126422,0.0741420444118187,0.294916498440081,0,0.326114883464856,0.142044411818682,0.162782161864562
215773.411807,2663866.126422,0.028791490922428,0.394094993581515,0.0260407115349349,0.254355400696864,0.103429304969741,0.193288098294517
216273.411807,2663866.126422,0.0368334249587686,0.459959684808503,0.000183250870441635,0.205607476635514,0.0914421843503757,0.205973978376397
216773.411807,2663866.126422,0.0774454028262066,0.242796843457515,0.00935951550743256,0.303358414387961,0.0833180400073408,0.283721783813544
217273.411807,2663866.126422,0.0247570144874381,0.10416284613974,0.00788556757748029,0.669906473500825,0.0452961672473868,0.14799193104713
217773.411807,2663866.126422,0.0652373098772219,0.212021257100971,0.00586402785413231,0.307311709730621,0.0916254352208173,0.317940260216236
218273.411807,2663866.126422,0.0671682877592219,0.130115617544504,0.00862543585979079,0.463020737750046,0.127546338777757,0.20352358230868
218773.411807,2663866.126422,0.0761048963873097,0.155510728039611,0.00605171465248487,0.604804694663488,0.070786722904823,0.0867412433522831
219273.411807,2663866.126422,0.043613707165109,0.111966281839839,0.00201575957485798,0.692688290269379,0.0434304562946674,0.106285504856148
219773.411807,2663866.126422,0.0783630023857589,0.163332721600294,0.000734079647641769,0.395301890255093,0.103505230317489,0.258763075793724
220273.411807,2663866.126422,0.081606455162296,0.104896387309738,0.00385109114249037,0.437557307903906,0.112231799009719,0.25985695947185
220773.411807,2663866.126422,0.0632215503023639,0.0914421843503757,0.00146600696353308,0.512919186366135,0.145501191130658,0.185449880886934
221273.411807,2663866.126422,0.122224261332355,0.0464305377133419,0,0.334189759588915,0.249954120022022,0.247201321343366
221773.411807,2663866.126422,0.316339629561709,0.0150375939849624,0,0.122134604804695,0.167614157344581,0.378874014304053
222273.411807,2663866.126422,0.474436503573392,0.0131940626717977,0,0.0317024005864028,0.0868609125893348,0.393806120579073
222773.411807,2663866.126422,0.520462470178014,0.00220223894292531,0,0.00770783630023858,0.0176179115434025,0.452009543035419
223273.411807,2663866.126422,0.599303135888502,0,0,0.000366770584999083,0.000733541169998166,0.399596552356501
223773.411807,2663866.126422,0.604361370716511,0,0,0.000183250870441635,0.000549752611324904,0.394905625801723
224273.411807,2663866.126422,0.439163149201688,0.000183519911910442,0,0.000917599559552211,0.00220223894292531,0.557533492383924
212273.411807,2663366.126422,0.0288073394495413,0.492660550458716,0,0.225504587155963,0.0895412844036697,0.16348623853211
212773.411807,2663366.126422,0.0559530361401578,0.474958723170061,0,0.23958906622638,0.0948449825720051,0.134654191891396
213273.411807,2663366.126422,0.0375457875457875,0.475457875457875,0,0.283516483516484,0.0956043956043956,0.107875457875458
213773.411807,2663366.126422,0.0363302752293578,0.165137614678899,0.00018348623853211,0.614678899082569,0.100550458715596,0.0831192660550459
214273.411807,2663366.126422,0.0148596587782058,0.365804439552376,0.00862227114290956,0.520821867547239,0.0605393505778756,0.0293524124013942
214773.411807,2663366.126422,0.041025641025641,0.769413919413919,0,0.0119047619047619,0.0542124542124542,0.123443223443223
215273.411807,2663366.126422,0.0288073394495413,0.770091743119266,0,0.0407339449541284,0.0655045871559633,0.0948623853211009
215773.411807,2663366.126422,0.0277013392038158,0.487800403595671,0,0.241790497156485,0.0858558062740782,0.15685195376995
216273.411807,2663366.126422,0.0644688644688645,0.635897435897436,0,0.0675824175824176,0.0813186813186813,0.150732600732601
216773.411807,2663366.126422,0.0330275229357798,0.482385321100917,0.00311926605504587,0.17651376146789,0.0779816513761468,0.22697247706422
217273.411807,2663366.126422,0.0381581361218125,0.209319390937443,0.0172445422858191,0.281232801320859,0.105485232067511,0.348559897266557
217773.411807,2663366.126422,0.0509157509157509,0.091025641025641,0.0153846153846154,0.644688644688645,0.0893772893772894,0.108608058608059
218273.411807,2663366.126422,0.0414678899082569,0.333761467889908,0.00036697247706422,0.292110091743119,0.0840366972477064,0.248256880733945
218773.411807,2663366.126422,0.0709961474958723,0.183636030086223,0,0.396991377728857,0.135754907356448,0.2126215373326
219273.411807,2663366.126422,0.0985347985347985,0.0554945054945055,0.00402930402930403,0.332417582417582,0.111355311355311,0.398168498168498
219773.411807,2663366.126422,0.145321100917431,0.0456880733944954,0.00642201834862385,0.535596330275229,0.119082568807339,0.147889908256881
220273.411807,2663366.126422,0.0979636763896533,0.0515501742799486,0.01284168042561,0.432397725188039,0.104017611447441,0.301229132269308
220773.411807,2663366.126422,0.0690476190476191,0.112637362637363,0.000366300366300366,0.474725274725275,0.132967032967033,0.21025641025641
221273.411807,2663366.126422,0.112110091743119,0.0796330275229358,0,0.532110091743119,0.125504587155963,0.150642201834862
221773.411807,2663366.126422,0.453127866446524,0.0236653824986241,0,0.0515501742799486,0.0620069711979453,0.409649605576958
222273.411807,2663366.126422,0.232417582417582,0.0415750915750916,0,0.076007326007326,0.194139194139194,0.455860805860806
222773.411807,2663366.126422,0.472844036697248,0.00201834862385321,0,0.00422018348623853,0.0227522935779817,0.498165137614679
223273.411807,2663366.126422,0.636396991377729,0,0,0.000183452577508714,0,0.363419556044762
