"x","y","forest","agri","water","built","other","grass"
288273.411807,2696366.126422,0.943093922651934,0.00239410681399632,0,0,0,0.05451197053407
288773.411807,2696366.126422,0.931559633027523,0.00788990825688073,0,0.00036697247706422,0.00055045871559633,0.0596330275229358
289273.411807,2696366.126422,0.894514767932489,0.000550357732526142,0.000183452577508714,0.00238488350761328,0.00165107319757843,0.100715465052284
289773.411807,2696366.126422,0.96996336996337,0,0,0,0,0.03003663003663
290273.411807,2696366.126422,0.958348623853211,0.00844036697247706,0,0.00275229357798165,0,0.0304587155963303
290773.411807,2696366.126422,1,0,0,0,0,0
291273.411807,2696366.126422,0.994871794871795,0,0,0,0,0.00512820512820513
291773.411807,2696366.126422,0.959816513761468,0.00532110091743119,0,0.00458715596330275,0.00513761467889908,0.0251376146788991
292273.411807,2696366.126422,0.858191157585764,0.0275178866263071,0.00476976701522656,0.0104567969179967,0.00880572372041827,0.0902586681342873
292773.411807,2696366.126422,0.805494505494506,0.0021978021978022,0,0.0128205128205128,0.00970695970695971,0.16978021978022
293273.411807,2696366.126422,0.780366972477064,0.00422018348623853,0,0.0300917431192661,0.0135779816513761,0.171743119266055
293773.411807,2696366.126422,0.912309667950835,0.00220143093010457,0.000733810310034856,0.00715465052283985,0.00440286186020914,0.0731975784259769
294273.411807,2696366.126422,0.919230769230769,0.00256410256410256,0.00128205128205128,0.00476190476190476,0.00421245421245421,0.0679487179487179
294773.411807,2696366.126422,0.202018348623853,0.013394495412844,0.0491743119266055,0.299816513761468,0.0422018348623853,0.393394495412844
295273.411807,2696366.126422,0.293157218858925,0.00843881856540084,0.00403595670519171,0.245459548706659,0.0407264722069345,0.408181984956889
295773.411807,2696366.126422,0.884981684981685,0,0,0.000915750915750916,0.000549450549450549,0.113553113553114
296273.411807,2696366.126422,0.848440366972477,0.00623853211009174,0,0.0236697247706422,0.0146788990825688,0.10697247706422
296773.411807,2696366.126422,0.946431847367456,0,0,0,0.000183452577508714,0.0533847000550358
297273.411807,2696366.126422,0.966483516483516,0.000732600732600733,0,0.00183150183150183,0.000366300366300366,0.0305860805860806
297773.411807,2696366.126422,0.926605504587156,0.00403669724770642,0,0.0104587155963303,0.00642201834862385,0.0524770642201835
298273.411807,2696366.126422,0.907539900935608,0.0106402494955054,0.002568336085122,0.0181618051733627,0.00880572372041827,0.0522839845899835
298773.411807,2696366.126422,0.967948717948718,0,0,0,0,0.032051282051282
299273.411807,2696366.126422,0.889908256880734,0.00715596330275229,0.00568807339449541,0.0328440366972477,0.0104587155963303,0.0539449541284404
299773.411807,2696366.126422,0.997798569069895,0,0,0,0,0.00220143093010457
300273.411807,2696366.126422,0.949267399267399,0.00384615384615385,0.000183150183150183,0.00842490842490842,0.00476190476190476,0.0335164835164835
300773.411807,2696366.126422,0.975609756097561,0.00557491289198606,0,0.00452961672473868,0.00174216027874564,0.0125435540069686
288273.411807,2695866.126422,0.780604719764012,0.00331858407079646,0,0.0165929203539823,0.00792772861356932,0.19155604719764
288773.411807,2695866.126422,0.835531135531136,0,0,0,0,0.164468864468864
289273.411807,2695866.126422,0.946703296703297,0,0,0,0,0.0532967032967033
289773.411807,2695866.126422,0.87972130546388,0.0293362669600293,0,0.0737073707370737,0.00366703337000367,0.0135680234690136
290273.411807,2695866.126422,0.907875457875458,0.00769230769230769,0.00164835164835165,0.0124542124542125,0.00201465201465201,0.0683150183150183
290773.411807,2695866.126422,0.92967032967033,0.0021978021978022,0,0.00128205128205128,0.000549450549450549,0.0663003663003663
291273.411807,2695866.126422,0.973230656398973,0.00055005500550055,0,0.00183351668500183,0.000916758342500917,0.0234690135680235
291773.411807,2695866.126422,0.956959706959707,0.00347985347985348,0.00128205128205128,0.00604395604395604,0.00366300366300366,0.0285714285714286
292273.411807,2695866.126422,0.817032967032967,0.0131868131868132,0.0606227106227106,0.0166666666666667,0.0153846153846154,0.0771062271062271
292773.411807,2695866.126422,0.887788778877888,0.000366703337000367,0,0,0,0.111844517785112
293273.411807,2695866.126422,0.454761904761905,0,0,0.0159340659340659,0.00384615384615385,0.525457875457875
293773.411807,2695866.126422,0.469047619047619,0.000732600732600733,0.000366300366300366,0.084981684981685,0.0172161172161172,0.427655677655678
294273.411807,2695866.126422,0.451411807847451,0.0172350568390172,0.0143014301430143,0.206637330399707,0.0696736340300697,0.240740740740741
294773.411807,2695866.126422,0.151282051282051,0.0117216117216117,0.000549450549450549,0.192307692307692,0.0597069597069597,0.584432234432234
295273.411807,2695866.126422,0.0877289377289377,0.0032967032967033,0,0.212271062271062,0.047985347985348,0.648717948717949
295773.411807,2695866.126422,0.425009167583425,0.0154015401540154,0.00055005500550055,0.10982764943161,0.050971763843051,0.398239823982398
296273.411807,2695866.126422,0.788095238095238,0.0010989010989011,0.000183150183150183,0.0465201465201465,0.0159340659340659,0.148168498168498
296773.411807,2695866.126422,0.961355311355311,0,0,0.000183150183150183,0.000183150183150183,0.0382783882783883
297273.411807,2695866.126422,0.921158782544921,0.000183351668500183,0,0.000183351668500183,0,0.0784745141180785
297773.411807,2695866.126422,0.965384615384615,0,0,0.000366300366300366,0.000183150183150183,0.0340659340659341
298273.411807,2695866.126422,0.817399267399267,0,0,0,0,0.182600732600733
298773.411807,2695866.126422,0.784378437843784,0.00825082508250825,0,0,0,0.207370737073707
299273.411807,2695866.126422,0.937545787545788,0.00366300366300366,0.000183150183150183,0.00402930402930403,0.00311355311355311,0.0514652014652015
299773.411807,2695866.126422,0.902564102564103,0.0254578754578755,0,0.0115384615384615,0.0120879120879121,0.0483516483516484
300273.411807,2695866.126422,0.945177851118445,0.0258525852585259,0.000183351668500183,0.0111844517785112,0.00568390172350568,0.0119178584525119
300773.411807,2695866.126422,0.936022253129346,0.0455493741307371,0,0.0045201668984701,0.00347705146036161,0.0104311543810848
288273.411807,2695366.126422,0.829371660217431,0.0138197899391929,0.00442233278054174,0.0263497328173945,0.00958172102450709,0.116454763220932
288773.411807,2695366.126422,0.948797944576987,0,0,0,0,0.0512020554230134
289273.411807,2695366.126422,0.953420135705116,0.0100861910874748,0.00183385292499542,0.0117366587199707,0.00275077938749312,0.0201723821749496
289773.411807,2695366.126422,1,0,0,0,0,0
290273.411807,2695366.126422,0.95852449990824,0.00183519911910442,0.000367039823820885,0.00165167920719398,0.00201871903101487,0.0356028629106258
290773.411807,2695366.126422,0.99614890885751,0,0,0,0,0.00385109114249037
291273.411807,2695366.126422,0.954553784130475,0.00329851566794942,0.000549752611324904,0.00311526479750779,0.00311526479750779,0.0353674179952355
291773.411807,2695366.126422,0.894292530739585,0.0106441548908057,0.000367039823820885,0.0144980730409249,0.0133969535694623,0.066801247935401
292273.411807,2695366.126422,0.966807262057583,0.000366770584999083,0,0.00238400880249404,0.00146708233999633,0.0289748762149276
292773.411807,2695366.126422,0.955103536741799,0.000549752611324904,0,0.000183250870441635,0.000183250870441635,0.0439802089059923
293273.411807,2695366.126422,0.948063864929345,0,0,0,0,0.0519361350706552
293773.411807,2695366.126422,0.956721070970108,0,0,0.00293416467999266,0.00110031175499725,0.0392444525949019
294273.411807,2695366.126422,0.428074033351658,0.0120945574491479,0.0047645226314825,0.0934579439252336,0.0498442367601246,0.411764705882353
294773.411807,2695366.126422,0.00532207744540283,0.00917599559552211,0.00183519911910442,0.472196733345568,0.0783630023857589,0.433106992108644
295273.411807,2695366.126422,0.0265908674124335,0.00770218228498074,0,0.430405281496424,0.057216211259857,0.478085457546305
295773.411807,2695366.126422,0.184533626534726,0.00861279091075683,0.0241891148982958,0.624152464724207,0.0300531427524281,0.128458860179586
296273.411807,2695366.126422,0.714626536979262,0.00568911726922371,0.000367039823820885,0.0757937236190127,0.0198201504863278,0.183703431822353
296773.411807,2695366.126422,0.889051898037777,0.00128369704749679,0,0.0066018705299835,0.00678525582248304,0.0962772785622593
297273.411807,2695366.126422,0.965732087227414,0,0,0,0,0.0342679127725857
297773.411807,2695366.126422,0.958891539732061,0.000917599559552211,0.000183519911910442,0.000734079647641769,0.000183519911910442,0.0390897412369242
298273.411807,2695366.126422,0.226847606821933,0,0,0,0,0.773152393178067
298773.411807,2695366.126422,0.468389224848818,0,0,0,0,0.531610775151182
299273.411807,2695366.126422,0.92934483391448,0,0,0.000550559735731327,0,0.0701046063497889
299773.411807,2695366.126422,0.952869979827618,0.00513478818998716,0,0.000183385292499542,0,0.0418118466898955
300273.411807,2695366.126422,0.932563679677478,0,0,0,0,0.0674363203225215
300773.411807,2695366.126422,0.992675270317405,0.00418555981862574,0,0,0,0.00313916986396931
288273.411807,2694866.126422,0.349907918968692,0.0230202578268877,0.249539594843462,0.340515653775322,0.00773480662983425,0.0292817679558011
288773.411807,2694866.126422,0.963302752293578,0.00128440366972477,0.00220183486238532,0.0036697247706422,0.00165137614678899,0.0278899082568807
289273.411807,2694866.126422,0.996697853604843,0,0,0,0,0.00330214639515685
289773.411807,2694866.126422,0.926007326007326,0.00512820512820513,0.000366300366300366,0.00311355311355311,0.00238095238095238,0.063003663003663
290273.411807,2694866.126422,0.877614678899083,0.0170642201834862,0.00678899082568807,0.00568807339449541,0.00642201834862385,0.0864220183486239
290773.411807,2694866.126422,0.991010823702073,0,0,0,0,0.00898917629792699
291273.411807,2694866.126422,0.985714285714286,0,0,0,0,0.0142857142857143
291773.411807,2694866.126422,0.974128440366972,0,0,0,0,0.0258715596330275
292273.411807,2694866.126422,0.968996514401027,0.000366905155017428,0,0.001284168042561,0.000183452577508714,0.0291689598238855
292773.411807,2694866.126422,0.935714285714286,0.00366300366300366,0,0.000549450549450549,0.000183150183150183,0.0598901098901099
293273.411807,2694866.126422,0.909724770642202,0.00018348623853211,0,0,0,0.0900917431192661
293773.411807,2694866.126422,0.572188589249679,0,0,0.002568336085122,0.00091726288754357,0.424325811777655
294273.411807,2694866.126422,0.0807692307692308,0.00347985347985348,0.00183150183150183,0.093956043956044,0.0441391941391941,0.775824175824176
294773.411807,2694866.126422,0.00990825688073394,0.0297247706422018,0.00862385321100917,0.507889908256881,0.115779816513761,0.328073394495413
295273.411807,2694866.126422,0.0486149330398092,0.0209135938359934,0.000366905155017428,0.578609429462484,0.0794349660612732,0.272060172445423
295773.411807,2694866.126422,0.535531135531136,0.00622710622710623,0,0.0937728937728938,0.0243589743589744,0.34010989010989
296273.411807,2694866.126422,0.672477064220183,0.00422018348623853,0.00018348623853211,0.058348623853211,0.0128440366972477,0.251926605504587
296773.411807,2694866.126422,0.720968629609246,0.0139423958906623,0.002568336085122,0.0764997248211337,0.0410933773619519,0.144927536231884
297273.411807,2694866.126422,0.919230769230769,0,0,0.000183150183150183,0.000183150183150183,0.0804029304029304
297773.411807,2694866.126422,0.569357798165138,0,0,0.00293577981651376,0.00165137614678899,0.42605504587156
298273.411807,2694866.126422,0.359750504494588,0,0,0,0,0.640249495505412
298773.411807,2694866.126422,0.936813186813187,0,0,0,0,0.0631868131868132
299273.411807,2694866.126422,0.938532110091743,0.00146788990825688,0,0.00110091743119266,0.00073394495412844,0.0581651376146789
299773.411807,2694866.126422,0.907172995780591,0.000183452577508714,0,0.00091726288754357,0.000733810310034856,0.0909924784443221
300273.411807,2694866.126422,0.956043956043956,0.00402930402930403,0,0,0,0.0399267399267399
300773.411807,2694866.126422,0.946341463414634,0.0425087108013937,0,0,0,0.0111498257839721
288273.411807,2694366.126422,0.823746312684366,0.0355825958702065,0.0138274336283186,0.0964233038348083,0.00442477876106195,0.0259955752212389
288773.411807,2694366.126422,0.622344322344322,0.0247252747252747,0.0155677655677656,0.256959706959707,0.0313186813186813,0.0490842490842491
289273.411807,2694366.126422,0.973076923076923,0.00274725274725275,0,0.000549450549450549,0.00128205128205128,0.0223443223443223
289773.411807,2694366.126422,0.895306197286395,0.0088008800880088,0.00476714338100477,0.0124679134580125,0.00678401173450678,0.0718738540520719
290273.411807,2694366.126422,0.967765567765568,0,0,0,0,0.0322344322344322
290773.411807,2694366.126422,1,0,0,0,0,0
291273.411807,2694366.126422,0.996699669966997,0,0,0,0,0.0033003300330033
291773.411807,2694366.126422,0.991208791208791,0,0,0,0,0.00879120879120879
292273.411807,2694366.126422,0.976739926739927,0,0,0,0,0.0232600732600733
292773.411807,2694366.126422,0.922625595892923,0.00623395672900623,0,0.00623395672900623,0.00256692335900257,0.0623395672900623
293273.411807,2694366.126422,0.775091575091575,0.00531135531135531,0.000732600732600733,0.00934065934065934,0.0043956043956044,0.205128205128205
293773.411807,2694366.126422,0.50018315018315,0.000183150183150183,0,0.0108058608058608,0.00677655677655678,0.482051282051282
294273.411807,2694366.126422,0.325999266593326,0.0106343967730106,0.0755408874220755,0.122112211221122,0.0291529152915292,0.436560322698937
294773.411807,2694366.126422,0.732234432234432,0.0119047619047619,0.00970695970695971,0.131684981684982,0.0311355311355311,0.0833333333333333
295273.411807,2694366.126422,0.517216117216117,0.0161172161172161,0.0452380952380952,0.306959706959707,0.0454212454212454,0.0690476190476191
295773.411807,2694366.126422,0.541804180418042,0.0111844517785112,0.0190685735240191,0.124129079574624,0.0287862119545288,0.275027502750275
296273.411807,2694366.126422,0.786080586080586,0.00512820512820513,0,0.0168498168498168,0.017032967032967,0.174908424908425
296773.411807,2694366.126422,0.436263736263736,0.00402930402930403,0.000549450549450549,0.0514652014652015,0.0216117216117216,0.486080586080586
297273.411807,2694366.126422,0.549138247158049,0.0124679134580125,0.0429042904290429,0.148698203153649,0.0352035203520352,0.211587825449212
297773.411807,2694366.126422,0.323076923076923,0,0,0,0,0.676923076923077
298273.411807,2694366.126422,0.96007326007326,0,0,0,0,0.0399267399267399
298773.411807,2694366.126422,0.930693069306931,0,0,0,0,0.0693069306930693
299273.411807,2694366.126422,0.932783882783883,0,0,0,0,0.0672161172161172
299773.411807,2694366.126422,0.615567765567766,0,0,0,0,0.384432234432234
300273.411807,2694366.126422,0.700770077007701,0.0066006600660066,0,0,0,0.292629262926293
300773.411807,2694366.126422,0.866133518776078,0,0,0,0,0.133866481223922
288273.411807,2693866.126422,0.877096001474111,0.00276395798783858,0,0.000368527731711811,0.000368527731711811,0.119402985074627
288773.411807,2693866.126422,0.621398421728758,0.0154156726004772,0.121123141860892,0.152688566709488,0.0271609469627455,0.0622132501376399
289273.411807,2693866.126422,0.905006418485237,0.0306253438474234,0.00843572345497891,0.011186502842472,0.00550155877498625,0.0392444525949019
289773.411807,2693866.126422,0.971779365951988,0.00256551218618288,0,0.000733003481766538,0.000733003481766538,0.0241891148982958
290273.411807,2693866.126422,0.992475683611672,0,0,0,0,0.00752431638832813
290773.411807,2693866.126422,0.993948285347515,0,0,0,0,0.00605171465248487
291273.411807,2693866.126422,0.999450247388675,0,0,0,0,0.000549752611324904
291773.411807,2693866.126422,0.994494402642687,0,0,0,0,0.00550559735731327
292273.411807,2693866.126422,0.951219512195122,0,0,0,0,0.0487804878048781
292773.411807,2693866.126422,0.961334066336815,0,0,0.000183250870441635,0,0.0384826827927433
293273.411807,2693866.126422,0.97100385391815,0,0,0,0,0.0289961460818499
293773.411807,2693866.126422,0.821382725105447,0.000183385292499542,0,0.00586832935998533,0.00275077938749312,0.169814780854575
294273.411807,2693866.126422,0.403518416712479,0.0181418361737218,0.0328019058090526,0.19956019791094,0.0560747663551402,0.289902877038666
294773.411807,2693866.126422,0.97522481189209,0,0,0,0,0.0247751881079097
295273.411807,2693866.126422,0.649183935448377,0.0339262791124152,0.117183201907207,0.0779387493123052,0.0500641848523748,0.0717036493673207
295773.411807,2693866.126422,0.708264614256918,0.0302363936228697,0.0302363936228697,0.124244090159428,0.0234561114165292,0.0835623969213854
296273.411807,2693866.126422,0.585795558818132,0.0352358230868049,0.0161497522481189,0.168654799045696,0.0339511837034318,0.160212883097816
296773.411807,2693866.126422,0.772235466715569,0,0,0.0022006235099945,0.000366770584999083,0.225197139189437
297273.411807,2693866.126422,0.778266446765622,0.0377496793109767,0.000549752611324904,0.0273043796958036,0.00458127176104087,0.151548469855232
297773.411807,2693866.126422,0.735914846760874,0.00330335841438796,0,0.00734079647641769,0.00238575885483575,0.251055239493485
298273.411807,2693866.126422,0.836603704382909,0.00953603520997616,0.004401247019989,0.00861910874747845,0.00825233816247937,0.132587566477169
298773.411807,2693866.126422,0.735019241341396,0.00348176653839106,0.000366501740883269,0.0126443100604728,0.00238226131574125,0.246105919003115
299273.411807,2693866.126422,0.421361717746375,0,0,0,0,0.578638282253625
299773.411807,2693866.126422,0.531450577663671,0,0,0,0,0.468549422336329
300273.411807,2693866.126422,0.537658053875756,0,0,0,0,0.462341946124244
300773.411807,2693866.126422,0.597837460760377,0,0,0,0,0.402162539239623
288273.411807,2693366.126422,0.806077348066298,0.0337016574585635,0.0285451197053407,0.0537753222836096,0.0110497237569061,0.0668508287292818
288773.411807,2693366.126422,0.878165137614679,0.0211009174311927,0.0442201834862385,0.0203669724770642,0.00752293577981651,0.0286238532110092
289273.411807,2693366.126422,0.979820216474041,0.000366905155017428,0,0,0.000366905155017428,0.0194459732159237
289773.411807,2693366.126422,0.968131868131868,0.000549450549450549,0,0.000732600732600733,0.000183150183150183,0.0304029304029304
290273.411807,2693366.126422,0.948990825688073,0,0,0,0.00036697247706422,0.0506422018348624
290773.411807,2693366.126422,0.949917446340121,0.000183452577508714,0,0.000550357732526142,0.000183452577508714,0.0491652907723353
291273.411807,2693366.126422,0.971245421245421,0.000183150183150183,0,0,0.000183150183150183,0.0283882783882784
291773.411807,2693366.126422,0.999816513761468,0,0,0,0,0.00018348623853211
292273.411807,2693366.126422,0.993946064942212,0,0,0,0,0.00605393505778756
292773.411807,2693366.126422,0.972893772893773,0,0,0,0,0.0271062271062271
293273.411807,2693366.126422,0.811192660550459,0.00036697247706422,0,0.00018348623853211,0.00018348623853211,0.188073394495413
293773.411807,2693366.126422,0.550541185103651,0.0273344340487984,0.0135754907356448,0.0409099247844432,0.0317372959090075,0.335901669418455
294273.411807,2693366.126422,0.248534798534799,0.0263736263736264,0.00567765567765568,0.341025641025641,0.0873626373626374,0.291025641025641
294773.411807,2693366.126422,0.755596330275229,0.0179816513761468,0.00018348623853211,0.0724770642201835,0.038348623853211,0.115412844036697
295273.411807,2693366.126422,0.800587048248028,0.023115024766098,0.0185287103283801,0.0700788846083287,0.017978352595854,0.0697119794533113
295773.411807,2693366.126422,0.841208791208791,0.0179487179487179,0.00274725274725275,0.0223443223443223,0.0164835164835165,0.0992673992673993
296273.411807,2693366.126422,0.165137614678899,0.0302752293577982,0.349724770642202,0.358715596330275,0.0348623853211009,0.0612844036697248
296773.411807,2693366.126422,0.402678407631627,0.0143093010456797,0.146395156851954,0.204916529077234,0.0442120711796001,0.187488534213906
297273.411807,2693366.126422,0.730952380952381,0.00714285714285714,0.0010989010989011,0.0360805860805861,0.0128205128205128,0.211904761904762
297773.411807,2693366.126422,0.770275229357798,0.0368807339449541,0.00146788990825688,0.0770642201834862,0.0223853211009174,0.0919266055045872
298273.411807,2693366.126422,0.656576774903687,0.0410933773619519,0.105118326912493,0.0986974866996881,0.0387084938543387,0.0598055402678408
298773.411807,2693366.126422,0.580769230769231,0.0227106227106227,0.0802197802197802,0.179304029304029,0.0457875457875458,0.0912087912087912
299273.411807,2693366.126422,0.837981651376147,0.00018348623853211,0,0,0,0.161834862385321
299773.411807,2693366.126422,0.872500458631444,0.000733810310034856,0,0.00220143093010457,0.00146762062006971,0.123096679508347
300273.411807,2693366.126422,0.805128205128205,0,0,0,0,0.194871794871795
300773.411807,2693366.126422,0.917073170731707,0,0,0,0,0.0829268292682927
288273.411807,2692866.126422,0.995206489675516,0,0,0,0,0.00479351032448378
288773.411807,2692866.126422,0.955311355311355,0.000183150183150183,0,0.0010989010989011,0.000732600732600733,0.0426739926739927
289273.411807,2692866.126422,0.984981684981685,0.0010989010989011,0,0,0,0.0139194139194139
289773.411807,2692866.126422,0.914558122478915,0.00458379171250458,0.000183351668500183,0.00238357169050238,0.00293362669600293,0.0753575357535754
290273.411807,2692866.126422,0.943223443223443,0.000183150183150183,0,0.000549450549450549,0,0.056043956043956
290773.411807,2692866.126422,0.98021978021978,0,0,0,0,0.0197802197802198
291273.411807,2692866.126422,0.967363403006967,0.00183351668500183,0.00055005500550055,0.0102676934360103,0.0022002200220022,0.0177851118445178
291773.411807,2692866.126422,0.946520146520146,0.00549450549450549,0,0.00311355311355311,0.00311355311355311,0.0417582417582418
292273.411807,2692866.126422,0.995421245421245,0,0,0,0,0.00457875457875458
292773.411807,2692866.126422,0.992665933259993,0,0,0,0,0.00733406674000733
293273.411807,2692866.126422,0.964285714285714,0.00347985347985348,0,0,0.000549450549450549,0.0316849816849817
293773.411807,2692866.126422,0.967216117216117,0.00146520146520147,0,0.00146520146520147,0.00164835164835165,0.0282051282051282
294273.411807,2692866.126422,0.44022735606894,0.0161349468280161,0.0302530253025303,0.213237990465713,0.0528052805280528,0.247341400806747
294773.411807,2692866.126422,0.573626373626374,0.0183150183150183,0.0021978021978022,0.180952380952381,0.0708791208791209,0.154029304029304
295273.411807,2692866.126422,0.918681318681319,0.0120879120879121,0.000549450549450549,0.0168498168498168,0.00622710622710623,0.0456043956043956
295773.411807,2692866.126422,0.925192519251925,0.0077007700770077,0.00055005500550055,0.0148514851485149,0.0115511551155116,0.0401540154015402
296273.411807,2692866.126422,0.818864468864469,0.0307692307692308,0.0386446886446886,0.026007326007326,0.0181318681318681,0.0675824175824176
296773.411807,2692866.126422,0.525091575091575,0.0282051282051282,0.102747252747253,0.16007326007326,0.0525641025641026,0.131318681318681
297273.411807,2692866.126422,0.436743674367437,0.0425375870920425,0.150531719838651,0.171800513384672,0.0500550055005501,0.148331499816648
297773.411807,2692866.126422,0.912454212454212,0.00824175824175824,0.000366300366300366,0.0186813186813187,0.0100732600732601,0.0501831501831502
298273.411807,2692866.126422,0.912271062271062,0.0126373626373626,0,0.00805860805860806,0.00952380952380952,0.0575091575091575
298773.411807,2692866.126422,0.800513384671801,0.026035936927026,0.00183351668500183,0.0392372570590392,0.0254858819215255,0.106894022735607
299273.411807,2692866.126422,0.967948717948718,0.00128205128205128,0,0.000366300366300366,0.00128205128205128,0.0291208791208791
299773.411807,2692866.126422,0.917032967032967,0,0,0,0,0.082967032967033
300273.411807,2692866.126422,0.824715804913825,0,0,0,0,0.175284195086175
300773.411807,2692866.126422,0.912030598052851,0,0,0,0,0.0879694019471488
288273.411807,2692366.126422,0.950985811682329,0,0,0.000921319329279528,0.000184263865855906,0.0479086051225355
288773.411807,2692366.126422,1,0,0,0,0,0
289273.411807,2692366.126422,0.986979644232533,0.00366770584999083,0,0.000550155877498625,0.000366770584999083,0.00843572345497891
289773.411807,2692366.126422,0.965182334616089,0.00586402785413231,0,0.00293201392706615,0.00274876305662452,0.0232728605460876
290273.411807,2692366.126422,0.986052486694806,0.00238575885483575,0,0,0,0.0115617544503579
290773.411807,2692366.126422,0.997799376490005,0,0,0,0,0.0022006235099945
291273.411807,2692366.126422,0.996151731720726,0,0,0,0,0.00384826827927433
291773.411807,2692366.126422,0.974674252156359,0.00422095797394017,0,0.000917599559552211,0.00110111947146265,0.019086070838686
292273.411807,2692366.126422,0.893086374472767,0.0122868145974693,0.000183385292499542,0.0121034293049697,0.00935264991747662,0.0729873464148175
292773.411807,2692366.126422,0.958402052409749,0.00641378046545721,0,0.00513102437236577,0.00366501740883269,0.0263881253435954
293273.411807,2692366.126422,0.876491099284272,0.00293631859056708,0,0.000917599559552211,0.000734079647641769,0.118920902917967
293773.411807,2692366.126422,0.91600953603521,0,0,0,0,0.08399046396479
294273.411807,2692366.126422,0.706981858163826,0.0357339197361187,0.00201575957485798,0.0789811251603445,0.0368334249587686,0.139453912406084
294773.411807,2692366.126422,0.80895577170123,0.0304643053771334,0.0418425399155808,0.038172141677372,0.0317489447605065,0.0488162965681776
295273.411807,2692366.126422,0.862094260040345,0.0133871263524665,0,0.0363102879149092,0.0242068586099395,0.06400146708234
295773.411807,2692366.126422,0.863111599780099,0.017042330951072,0.00604727872457394,0.0483782297965915,0.0183250870441635,0.0470954737035001
296273.411807,2692366.126422,0.872820701046063,0.0126628739218205,0.0132134336575518,0.0192695907505964,0.0170673518076711,0.0649660488162966
296773.411807,2692366.126422,0.78415551072804,0.00348432055749129,0.0559325142123602,0.0403447643498991,0.00861910874747845,0.107463781404731
297273.411807,2692366.126422,0.560381161810519,0.0738501007879787,0.0630382994319223,0.151181968114349,0.0432472054242258,0.108301264431006
297773.411807,2692366.126422,0.714259497155441,0.0363369425582676,0.0233070288126262,0.0625802899614608,0.0216553496054322,0.141860891906772
298273.411807,2692366.126422,0.841188336695397,0.0144874381074638,0.004401247019989,0.00311754997249221,0.00806895286997983,0.128736475334678
298773.411807,2692366.126422,0.934029686641011,0.00311526479750779,0,0.00274876305662452,0.00164925783397471,0.0584570276708814
299273.411807,2692366.126422,0.893925490915764,0.00899247568361167,0.000183519911910442,0.0108276748027161,0.00807487612405946,0.077995962561938
299773.411807,2692366.126422,0.968274344397579,0.000366770584999083,0,0,0,0.0313588850174216
300273.411807,2692366.126422,0.969946857247572,0,0,0,0,0.0300531427524281
300773.411807,2692366.126422,0.951517265434252,0,0,0,0,0.0484827345657482
288273.411807,2691866.126422,0.983609576427256,0,0,0,0,0.016390423572744
288773.411807,2691866.126422,0.979816513761468,0.00018348623853211,0,0.00018348623853211,0.00018348623853211,0.0196330275229358
289273.411807,2691866.126422,0.951201614382682,0.00201797835259585,0,0.00532012474775271,0.00385250412768299,0.0376077783892864
289773.411807,2691866.126422,0.983333333333333,0,0,0,0,0.0166666666666667
290273.411807,2691866.126422,0.962385321100917,0.00018348623853211,0,0,0.00018348623853211,0.0372477064220183
290773.411807,2691866.126422,0.968996514401027,0.00220143093010457,0,0.000550357732526142,0.000733810310034856,0.0275178866263071
291273.411807,2691866.126422,1,0,0,0,0,0
291773.411807,2691866.126422,0.958165137614679,0.00385321100917431,0,0.00018348623853211,0,0.0377981651376147
292273.411807,2691866.126422,0.934507429829389,0.00458631443771785,0,0,0,0.060906255732893
292773.411807,2691866.126422,0.927289377289377,0.00860805860805861,0.000732600732600733,0.00714285714285714,0.00457875457875458,0.0516483516483516
293273.411807,2691866.126422,0.961651376146789,0.00275229357798165,0,0,0.00018348623853211,0.0354128440366972
293773.411807,2691866.126422,0.875435699871583,0.000366905155017428,0,0.000183452577508714,0.000550357732526142,0.123463584663365
294273.411807,2691866.126422,0.79981684981685,0,0,0.0043956043956044,0.00293040293040293,0.192857142857143
294773.411807,2691866.126422,0.886605504587156,0.0104587155963303,0,0.0198165137614679,0.0174311926605505,0.0656880733944954
295273.411807,2691866.126422,0.972665565951202,0,0,0.00110071546505228,0.000183452577508714,0.0260502660062374
295773.411807,2691866.126422,0.971428571428571,0,0,0,0.000183150183150183,0.0283882783882784
296273.411807,2691866.126422,0.949174311926606,0.0073394495412844,0.00128440366972477,0.0073394495412844,0.00311926605504587,0.031743119266055
296773.411807,2691866.126422,0.995597138139791,0,0,0,0,0.00440286186020914
297273.411807,2691866.126422,0.889377289377289,0.00659340659340659,0.00604395604395604,0.0161172161172161,0.00787545787545788,0.073992673992674
297773.411807,2691866.126422,0.56954128440367,0.0471559633027523,0.0948623853211009,0.12256880733945,0.0293577981651376,0.13651376146789
298273.411807,2691866.126422,0.560814529444139,0.0440286186020914,0.1326362135388,0.0511832691249312,0.030820033021464,0.180517336268575
298773.411807,2691866.126422,0.886263736263736,0,0,0,0.000366300366300366,0.113369963369963
299273.411807,2691866.126422,0.961100917431193,0.00036697247706422,0,0.00146788990825688,0.00073394495412844,0.0363302752293578
299773.411807,2691866.126422,0.946798752522473,0.00495321959273528,0.000183452577508714,0.00330214639515685,0.00275178866263071,0.0420106402494955
300273.411807,2691866.126422,0.979120879120879,0,0,0,0,0.0208791208791209
300773.411807,2691866.126422,0.973867595818815,0,0,0,0,0.0261324041811847
288273.411807,2691366.126422,0.979351032448378,0.000553097345132743,0,0,0,0.0200958702064897
288773.411807,2691366.126422,0.997069597069597,0,0,0,0,0.00293040293040293
289273.411807,2691366.126422,0.944139194139194,0,0,0,0,0.0558608058608059
289773.411807,2691366.126422,0.962412907957462,0,0,0,0,0.0375870920425376
290273.411807,2691366.126422,0.957692307692308,0.00274725274725275,0,0,0,0.0395604395604396
290773.411807,2691366.126422,0.969230769230769,0.00146520146520147,0,0,0,0.0293040293040293
291273.411807,2691366.126422,0.966446644664466,0.0022002200220022,0,0.00238357169050238,0.00311697836450312,0.0258525852585259
291773.411807,2691366.126422,0.963369963369963,0.000549450549450549,0,0.000183150183150183,0,0.0358974358974359
292273.411807,2691366.126422,0.942857142857143,0.000732600732600733,0,0.000915750915750916,0.00347985347985348,0.052014652014652
292773.411807,2691366.126422,0.873854052071874,0.0198019801980198,0.00275027502750275,0.00696736340300697,0.00788412174550788,0.0887422075540887
293273.411807,2691366.126422,0.836446886446886,0.00238095238095238,0,0.0010989010989011,0.00146520146520147,0.158608058608059
293773.411807,2691366.126422,0.467032967032967,0,0,0,0,0.532967032967033
294273.411807,2691366.126422,0.782544921158782,0,0,0.000183351668500183,0.000183351668500183,0.217088375504217
294773.411807,2691366.126422,0.814835164835165,0.0168498168498168,0.00146520146520147,0.047985347985348,0.0166666666666667,0.102197802197802
295273.411807,2691366.126422,0.911538461538462,0.0254578754578755,0.00293040293040293,0.00311355311355311,0.00238095238095238,0.0545787545787546
295773.411807,2691366.126422,0.920792079207921,0.00495049504950495,0.00201686835350202,0.00733406674000733,0.00238357169050238,0.0625229189585625
296273.411807,2691366.126422,0.91996336996337,0.00787545787545788,0,0.00604395604395604,0.00384615384615385,0.0622710622710623
296773.411807,2691366.126422,0.979120879120879,0.000366300366300366,0,0,0.000366300366300366,0.0201465201465201
297273.411807,2691366.126422,0.995232856618995,0,0,0,0,0.00476714338100477
297773.411807,2691366.126422,0.679120879120879,0.0137362637362637,0.0336996336996337,0.0787545787545788,0.0324175824175824,0.162271062271062
298273.411807,2691366.126422,0.815018315018315,0.00952380952380952,0.000183150183150183,0.0168498168498168,0.00879120879120879,0.1496336996337
298773.411807,2691366.126422,0.825999266593326,0.000366703337000367,0.000916758342500917,0.00531719838650532,0.00476714338100477,0.162632929959663
299273.411807,2691366.126422,0.932417582417582,0,0,0,0,0.0675824175824176
299773.411807,2691366.126422,0.916849816849817,0.000183150183150183,0,0.000366300366300366,0.0010989010989011,0.0815018315018315
300273.411807,2691366.126422,0.918775210854419,0.00055005500550055,0,0.00201686835350202,0.00366703337000367,0.074990832416575
300773.411807,2691366.126422,0.964881780250348,0,0,0,0,0.0351182197496523
288273.411807,2690866.126422,0.98065229408513,0,0,0,0,0.0193477059148701
288773.411807,2690866.126422,0.965131216737016,0,0,0,0,0.034868783262984
289273.411807,2690866.126422,0.926279112415184,0,0,0,0,0.0737208875848157
289773.411807,2690866.126422,0.943741982774418,0,0,0.000183250870441635,0,0.0560747663551402
290273.411807,2690866.126422,0.939621948981464,0.00238575885483575,0,0.000183519911910442,0,0.0578087722517893
290773.411807,2690866.126422,0.924995415367687,0.00238400880249404,0,0,0,0.0726205758298184
291273.411807,2690866.126422,0.784863478101521,0.0223566061938794,0.0053142752428074,0.0542422576507238,0.0214403518416712,0.111783030969397
291773.411807,2690866.126422,0.94182418792439,0.00440447788585061,0,0.000367039823820885,0.000183519911910442,0.0532207744540283
292273.411807,2690866.126422,0.958188153310105,0.00146708233999633,0,0.0106363469649734,0.00183385292499542,0.0278745644599303
292773.411807,2690866.126422,0.797324537291552,0.0289536375297783,0.0053142752428074,0.0657870624885468,0.00971229613340663,0.0929081913139087
293273.411807,2690866.126422,0.906771884749495,0.0256927876674619,0.0047715177096715,0.0034868783262984,0.00862543585979079,0.0506514956872821
293773.411807,2690866.126422,0.809829451677975,0,0,0,0,0.190170548322025
294273.411807,2690866.126422,0.77808319589518,0,0,0,0,0.22191680410482
294773.411807,2690866.126422,0.944393466691136,0.00495503762158194,0.00183519911910442,0.022389429253074,0.00440447788585061,0.0220223894292531
295273.411807,2690866.126422,0.842288648450394,0.0317256556024207,0.00843572345497891,0.0298918026774253,0.0159545204474601,0.0717036493673207
295773.411807,2690866.126422,0.984973428623786,0.000183250870441635,0,0,0,0.0148433205057724
296273.411807,2690866.126422,0.957423380436777,0.00752431638832813,0,0,0,0.0350523031748945
296773.411807,2690866.126422,0.812763616357968,0.0135705116449661,0.000550155877498625,0.0348432055749129,0.0177883733724555,0.120484137172199
297273.411807,2690866.126422,0.949239508887667,0.00109950522264981,0,0,0.000183250870441635,0.0494777350192413
297773.411807,2690866.126422,0.712974857772068,0.02073775004588,0.0278950266103872,0.0658836483758488,0.022389429253074,0.150119287942742
298273.411807,2690866.126422,0.844856042545388,0.00788556757748029,0.00128369704749679,0.0075187969924812,0.0113698881349716,0.127086007702182
298773.411807,2690866.126422,0.911306578706249,0.000183250870441635,0,0,0,0.0885101704233095
299273.411807,2690866.126422,0.923839236557166,0,0,0.000917599559552211,0.000734079647641769,0.0745090842356396
299773.411807,2690866.126422,0.960572162112599,0,0,0,0.000366770584999083,0.0390610673024023
300273.411807,2690866.126422,0.940260216236027,0,0,0,0,0.0597397837639729
300773.411807,2690866.126422,0.93163585629578,0.000348796651552145,0,0,0,0.0680153470526683
288273.411807,2690366.126422,0.997790055248619,0,0,0,0,0.00220994475138122
288773.411807,2690366.126422,0.996697247706422,0,0,0,0,0.00330275229357798
289273.411807,2690366.126422,0.989543203082003,0,0,0,0,0.0104567969179967
289773.411807,2690366.126422,0.954578754578755,0.000183150183150183,0,0,0,0.0452380952380952
290273.411807,2690366.126422,0.922752293577982,0.00495412844036697,0,0,0,0.0722935779816514
290773.411807,2690366.126422,0.94716565767749,0.00421940928270042,0,0,0,0.0486149330398092
291273.411807,2690366.126422,0.901465201465201,0.00641025641025641,0.000549450549450549,0.000915750915750916,0.00366300366300366,0.086996336996337
291773.411807,2690366.126422,0.90697247706422,0.0271559633027523,0.0102752293577982,0.00385321100917431,0.00715596330275229,0.0445871559633028
292273.411807,2690366.126422,0.803705742065676,0.0177949000183453,0.000550357732526142,0.0796184186387819,0.0330214639515685,0.0653091175931022
292773.411807,2690366.126422,0.551648351648352,0.0351648351648352,0.0529304029304029,0.171978021978022,0.0606227106227106,0.127655677655678
293273.411807,2690366.126422,0.953394495412844,0.00330275229357798,0,0.00238532110091743,0.0055045871559633,0.0354128440366972
293773.411807,2690366.126422,0.956705191707944,0,0,0,0,0.0432948082920565
294273.411807,2690366.126422,0.712637362637363,0,0,0,0,0.287362637362637
294773.411807,2690366.126422,0.969357798165138,0,0,0,0,0.0306422018348624
295273.411807,2690366.126422,0.943680058704825,0.00146762062006971,0,0.00238488350761328,0.00330214639515685,0.0491652907723353
295773.411807,2690366.126422,0.924725274725275,0.00622710622710623,0,0.000915750915750916,0.00238095238095238,0.0657509157509158
296273.411807,2690366.126422,0.890642201834862,0.00697247706422018,0,0.00623853211009174,0.0108256880733945,0.0853211009174312
296773.411807,2690366.126422,0.994496422674739,0,0,0,0,0.00550357732526142
297273.411807,2690366.126422,0.936996336996337,0.00201465201465201,0,0.0010989010989011,0.000732600732600733,0.0591575091575092
297773.411807,2690366.126422,0.69302752293578,0.0258715596330275,0.0669724770642202,0.0680733944954128,0.0315596330275229,0.114495412844037
298273.411807,2690366.126422,0.957989359750504,0,0,0,0,0.0420106402494955
298773.411807,2690366.126422,0.86959706959707,0.000183150183150183,0,0.00128205128205128,0.000549450549450549,0.128388278388278
299273.411807,2690366.126422,0.828623853211009,0.00055045871559633,0,0.00495412844036697,0.00385321100917431,0.162018348623853
299773.411807,2690366.126422,0.937442671069528,0.00146762062006971,0,0.000550357732526142,0.00110071546505228,0.0594386351128233
300273.411807,2690366.126422,0.964652014652015,0,0,0,0,0.0353479853479853
300773.411807,2690366.126422,0.945644599303136,0,0,0,0,0.0543554006968641
288273.411807,2689866.126422,0.996865781710914,0,0,0,0,0.00313421828908555
288773.411807,2689866.126422,0.998351648351648,0,0,0,0,0.00164835164835165
289273.411807,2689866.126422,0.966666666666667,0.00274725274725275,0.000183150183150183,0.00347985347985348,0.00531135531135531,0.0216117216117216
289773.411807,2689866.126422,0.980564723138981,0,0,0,0,0.0194352768610194
290273.411807,2689866.126422,0.905311355311355,0.00824175824175824,0.000183150183150183,0.0021978021978022,0.00659340659340659,0.0774725274725275
290773.411807,2689866.126422,0.861172161172161,0.0010989010989011,0,0,0,0.137728937728938
291273.411807,2689866.126422,0.914924825815915,0.00843417675100843,0,0.00935093509350935,0.0117345067840117,0.0555555555555556
291773.411807,2689866.126422,0.829304029304029,0.0485347985347985,0.010989010989011,0.00970695970695971,0.0232600732600733,0.0782051282051282
292273.411807,2689866.126422,0.156959706959707,0.0879120879120879,0.112271062271062,0.395787545787546,0.138278388278388,0.108791208791209
292773.411807,2689866.126422,0.41969196919692,0.0544554455445545,0.00366703337000367,0.218555188852219,0.126879354602127,0.176751008434177
293273.411807,2689866.126422,0.752930402930403,0.00476190476190476,0.000915750915750916,0.0597069597069597,0.0391941391941392,0.142490842490842
293773.411807,2689866.126422,0.890842490842491,0.00604395604395604,0,0.0119047619047619,0.0141025641025641,0.0771062271062271
294273.411807,2689866.126422,0.906857352401907,0.0108177484415108,0,0.00495049504950495,0.00458379171250458,0.0727906123945728
294773.411807,2689866.126422,0.946153846153846,0.00366300366300366,0,0.00366300366300366,0.00567765567765568,0.0408424908424908
