"x","y","forest","agri","water","built","other","grass"
300773.411807,2710366.126422,0.97758773223238,0.00619286346210557,0,0,0,0.0162194043055146
301273.411807,2710366.126422,0.852247441032488,0.0369381397418781,0.0215843346684468,0.00578549176680018,0.00689808633733867,0.0765465064530485
301773.411807,2710366.126422,0.967333333333333,0.00133333333333333,0,0,0,0.0313333333333333
302273.411807,2710366.126422,0.984855233853007,0.00601336302895323,0,0,0,0.00913140311804009
302773.411807,2710366.126422,0.775255896751224,0.135068980863373,0.0536270582999555,0,0.000222518914107699,0.0358255451713396
303273.411807,2710366.126422,0.883333333333333,0.0751111111111111,0,0,0,0.0415555555555556
303773.411807,2710366.126422,0.597104677060134,0.0291759465478842,0,0.00155902004454343,0.00400890868596882,0.36815144766147
304273.411807,2710366.126422,0.771695594125501,0.0761014686248331,0.000445037828215398,0.0204717400979083,0.0122385402759235,0.119047619047619
304773.411807,2710366.126422,0.847111111111111,0.0773333333333333,0.0155555555555556,0.0264444444444444,0.00377777777777778,0.0297777777777778
305273.411807,2710366.126422,0.732293986636971,0.260356347438753,0.00267260579064588,0,0,0.00467706013363029
305773.411807,2710366.126422,0.892523364485981,0.0260347129506008,0,0.000445037828215398,0.00133511348464619,0.0796617712505563
306273.411807,2710366.126422,0.894888888888889,0.00422222222222222,0.000444444444444444,0.0148888888888889,0.00822222222222222,0.0773333333333333
306773.411807,2710366.126422,0.888418708240534,0.0122494432071269,0.00111358574610245,0.0122494432071269,0.00534521158129176,0.0806236080178174
307273.411807,2710366.126422,0.911882510013351,0,0,0,0,0.0881174899866489
307773.411807,2710366.126422,0.903333333333333,0.00333333333333333,0,0.000444444444444444,0.000666666666666667,0.0922222222222222
308273.411807,2710366.126422,0.96369710467706,0.00133630289532294,0,0.00467706013363029,0.00244988864142539,0.0278396436525612
308773.411807,2710366.126422,0.695594125500668,0.0487316421895861,0.0718736092567868,0.0625278148642635,0.0224744103248776,0.0987983978638184
309273.411807,2710366.126422,0.977777777777778,0.00177777777777778,0,0,0,0.0204444444444444
309773.411807,2710366.126422,0.691982182628062,0,0,0,0,0.308017817371938
310273.411807,2710366.126422,0.797285269247886,0.0102358700489542,0.0364931019136627,0.0640854472630174,0.0153538050734312,0.0765465064530485
310773.411807,2710366.126422,0.934222222222222,0.000666666666666667,0,0.0104444444444444,0.00444444444444444,0.0502222222222222
311273.411807,2710366.126422,0.975501113585746,0,0,0,0,0.0244988864142539
311773.411807,2710366.126422,0.816421895861148,0.0727636849132176,0.0117935024477081,0.0126835781041389,0.0102358700489542,0.0761014686248331
312273.411807,2710366.126422,0.870888888888889,0.0131111111111111,0.00222222222222222,0.018,0.00955555555555555,0.0862222222222222
312773.411807,2710366.126422,0.90913140311804,0.011358574610245,0,0.00111358574610245,0.00133630289532294,0.0770601336302895
313273.411807,2710366.126422,0.899837574445046,0.00974553329723877,0,0,0,0.0904168922577152
300773.411807,2709866.126422,0.908245948522402,0.0150142993326978,0,0.000238322211630124,0.000714966634890372,0.0757864632983794
301273.411807,2709866.126422,0.784993579159787,0.104934874334984,0.0403595670519171,0.00165107319757843,0.00293524124013942,0.0651256650155935
301773.411807,2709866.126422,0.856593406593407,0.0880952380952381,0.000183150183150183,0.000915750915750916,0.00128205128205128,0.0529304029304029
302273.411807,2709866.126422,0.851376146788991,0.0700917431192661,0,0.00073394495412844,0.00146788990825688,0.0763302752293578
302773.411807,2709866.126422,0.900935608145294,0.0398092093193909,0,0,0,0.0592551825353146
303273.411807,2709866.126422,0.830769230769231,0.0021978021978022,0,0,0,0.167032967032967
303773.411807,2709866.126422,0.776880733944954,0,0,0.00036697247706422,0,0.222752293577982
304273.411807,2709866.126422,0.597871950100899,0.024399192808659,0.000733810310034856,0.0684278114107503,0.02568336085122,0.282883874518437
304773.411807,2709866.126422,0.867948717948718,0.0492673992673993,0,0,0,0.0827838827838828
305273.411807,2709866.126422,0.870275229357798,0.0341284403669725,0,0,0,0.0955963302752294
305773.411807,2709866.126422,0.933223261786828,0.00165107319757843,0,0,0.000183452577508714,0.0649422124380847
306273.411807,2709866.126422,0.751282051282051,0.0137362637362637,0.00128205128205128,0.0271062271062271,0.0124542124542125,0.194139194139194
306773.411807,2709866.126422,0.971376146788991,0.0055045871559633,0.00018348623853211,0.00275229357798165,0.00256880733944954,0.0176146788990826
307273.411807,2709866.126422,0.883874518436984,0.0388919464318474,0.00330214639515685,0.0214639515685195,0.0170610897083104,0.0354063474591818
307773.411807,2709866.126422,0.966666666666667,0,0,0,0,0.0333333333333333
308273.411807,2709866.126422,0.836330275229358,0.00403669724770642,0.0144954128440367,0.0341284403669725,0.00348623853211009,0.107522935779817
308773.411807,2709866.126422,0.723170060539351,0.0588882773802972,0.091726288754357,0.0398092093193909,0.0232984773436067,0.0631076866629976
309273.411807,2709866.126422,0.983333333333333,0,0,0,0,0.0166666666666667
309773.411807,2709866.126422,0.817247706422018,0.00275229357798165,0,0.00073394495412844,0,0.179266055045872
310273.411807,2709866.126422,0.902770133920382,0.00165107319757843,0,0.0137589433131535,0.00458631443771785,0.0772335351311686
310773.411807,2709866.126422,0.832417582417582,0.0318681318681319,0.0265567765567766,0.0249084249084249,0.0139194139194139,0.0703296703296703
311273.411807,2709866.126422,0.880366972477064,0.0100917431192661,0.00477064220183486,0.023302752293578,0.0144954128440367,0.0669724770642202
311773.411807,2709866.126422,0.871032838011374,0.0113740598055403,0,0.0442120711796001,0.0108237020730141,0.0625573289304715
312273.411807,2709866.126422,0.776373626373626,0.0137362637362637,0.0206959706959707,0.0595238095238095,0.0250915750915751,0.104578754578755
312773.411807,2709866.126422,0.948807339449541,0.0192660550458716,0,0,0,0.0319266055045872
313273.411807,2709866.126422,0.966739606126915,0,0,0,0,0.0332603938730853
300773.411807,2709366.126422,0.913653663177926,0.0342530922930542,0.0128449096098953,0.00261655566127498,0.00333016175071361,0.0333016175071361
301273.411807,2709366.126422,0.782967032967033,0.115567765567766,0.0146520146520147,0.0104395604395604,0.00714285714285714,0.0692307692307692
301773.411807,2709366.126422,0.872570590392373,0.0495049504950495,0.0157682434910158,0.0044004400440044,0.00256692335900257,0.0551888522185552
302273.411807,2709366.126422,0.887728937728938,0.0798534798534798,0.000732600732600733,0,0,0.0316849816849817
302773.411807,2709366.126422,0.885897435897436,0.0181318681318681,0,0,0,0.095970695970696
303273.411807,2709366.126422,0.83956729006234,0.0396039603960396,0,0,0.000183351668500183,0.120645397873121
303773.411807,2709366.126422,0.775274725274725,0.0556776556776557,0,0.00677655677655678,0.00274725274725275,0.15952380952381
304273.411807,2709366.126422,0.808608058608059,0.01996336996337,0.0108058608058608,0.0342490842490843,0.0194139194139194,0.106959706959707
304773.411807,2709366.126422,0.953061972863953,0.000366703337000367,0,0.000183351668500183,0.000366703337000367,0.046021268793546
305273.411807,2709366.126422,0.957875457875458,0.000915750915750916,0,0,0,0.0412087912087912
305773.411807,2709366.126422,0.976190476190476,0.000366300366300366,0,0,0,0.0234432234432234
306273.411807,2709366.126422,0.816464979831316,0.00238357169050238,0,0,0,0.181151448478181
306773.411807,2709366.126422,0.740842490842491,0.00934065934065934,0.05,0.0989010989010989,0.0184981684981685,0.0824175824175824
307273.411807,2709366.126422,0.863186813186813,0.0243589743589744,0.01996336996337,0.0316849816849817,0.0163003663003663,0.0445054945054945
307773.411807,2709366.126422,0.912174550788412,0.0055005500550055,0,0,0,0.0823248991565823
308273.411807,2709366.126422,0.941758241758242,0.0106227106227106,0,0,0.000366300366300366,0.0472527472527473
308773.411807,2709366.126422,0.639010989010989,0.0956043956043956,0.150549450549451,0.0285714285714286,0.00970695970695971,0.0765567765567766
309273.411807,2709366.126422,0.94004400440044,0.000366703337000367,0,0.000183351668500183,0,0.0594059405940594
309773.411807,2709366.126422,0.922527472527473,0,0,0,0,0.0774725274725275
310273.411807,2709366.126422,0.951831501831502,0.0102564102564103,0,0.000549450549450549,0,0.0373626373626374
310773.411807,2709366.126422,0.724422442244224,0.0520718738540521,0.0297029702970297,0.0507884121745508,0.0133846718005134,0.12962962962963
311273.411807,2709366.126422,0.728937728937729,0.0250915750915751,0.0401098901098901,0.106593406593407,0.0205128205128205,0.0787545787545788
311773.411807,2709366.126422,0.7496336996337,0.0197802197802198,0.063003663003663,0.0595238095238095,0.0163003663003663,0.0917582417582418
312273.411807,2709366.126422,0.681884855152182,0.0511551155115512,0.0854418775210854,0.0804913824715805,0.0214521452145215,0.0795746241290796
312773.411807,2709366.126422,0.953113553113553,0.0183150183150183,0,0.000549450549450549,0.000183150183150183,0.0278388278388278
313273.411807,2709366.126422,0.93006993006993,0.0122377622377622,0.000655594405594406,0.00371503496503497,0.00305944055944056,0.0502622377622378
300773.411807,2708866.126422,0.756730998332142,0.111508220157255,0.0545627829401954,0.00571837026447462,0.0119132713843221,0.0595663569216107
301273.411807,2708866.126422,0.909040894920227,0.0682193288098294,0.00146708233999633,0,0,0.0212726939299468
301773.411807,2708866.126422,0.850650540590068,0.0657870624885468,0.00164925783397471,0.0042147700201576,0.00604727872457394,0.0716510903426791
302273.411807,2708866.126422,0.921636997614241,0.0345017434391632,0.000183519911910442,0,0.000367039823820885,0.0433106992108644
302773.411807,2708866.126422,0.782688428388043,0.0458463231248854,0,0.00146708233999633,0.000183385292499542,0.169814780854575
303273.411807,2708866.126422,0.831958951805021,0.00439802089059923,0,0,0,0.16364302730438
303773.411807,2708866.126422,0.881996696641586,0.000550559735731327,0,0,0,0.117452743622683
304273.411807,2708866.126422,0.927196038877682,0.00458463231248854,0,0,0,0.0682193288098294
304773.411807,2708866.126422,0.853216052776251,0.0130108118013561,0.00146600696353308,0.0630382994319223,0.00604727872457394,0.0632215503023639
305273.411807,2708866.126422,0.756836116718664,0.0220223894292531,0.00183519911910442,0.129748577720683,0.0189025509267756,0.0706551660855203
305773.411807,2708866.126422,0.988630111865028,0,0,0,0,0.0113698881349716
306273.411807,2708866.126422,0.955286787612241,0,0,0,0,0.0447132123877588
306773.411807,2708866.126422,0.814644888970453,0.00862543585979079,0.00880895577170123,0.0515690952468343,0.0144980730409249,0.101853551110295
307273.411807,2708866.126422,0.794425087108014,0.0194388410049514,0.0504309554373739,0.0584999083073537,0.0190720704199523,0.0581331377223547
307773.411807,2708866.126422,0.957852299798424,0,0,0,0,0.042147700201576
308273.411807,2708866.126422,0.956872820701046,0.00679023674068636,0.0167003119838502,0.00275279867865663,0.00201871903101487,0.0148651128647458
308773.411807,2708866.126422,0.589400330093527,0.10801393728223,0.153493489822116,0.0207225380524482,0.0188886851274528,0.109481019622226
309273.411807,2708866.126422,0.645409565695437,0.0384826827927433,0.0448964632582005,0.0188748396554884,0.0179585853032802,0.234377863294851
309773.411807,2708866.126422,0.97504129198018,0.000550559735731327,0,0,0,0.0244081482840888
310273.411807,2708866.126422,0.905556574362736,0.0328259673574179,0.00421786172748946,0.000183385292499542,0,0.057216211259857
310773.411807,2708866.126422,0.87887117463808,0.072200842954004,0.000916254352208173,0,0.000916254352208173,0.0470954737035001
311273.411807,2708866.126422,0.964030097265553,0.00991007524316388,0,0,0,0.0260598274912828
311773.411807,2708866.126422,0.849257289565377,0.0174216027874564,0.0370438290849074,0.0359435173299101,0.0102695763799743,0.0500641848523748
312273.411807,2708866.126422,0.60875939160711,0.0357339197361187,0.0938244456661169,0.0941909474070002,0.0254718709913872,0.142019424592267
312773.411807,2708866.126422,0.911910442282988,0.00330335841438796,0.0100935951550743,0.0047715177096715,0.00311983850247752,0.066801247935401
313273.411807,2708866.126422,0.927821522309711,0.00437445319335083,0,0.00109361329833771,0.000437445319335083,0.0662729658792651
300773.411807,2708366.126422,0.754289799809342,0.124880838894185,0.05767397521449,0.00452812202097235,0.00857959961868446,0.050047664442326
301273.411807,2708366.126422,0.964777105118327,0.0280682443588332,0,0,0,0.00715465052283985
301773.411807,2708366.126422,0.837179487179487,0.127838827838828,0,0,0,0.034981684981685
302273.411807,2708366.126422,0.775596330275229,0.135779816513761,0,0,0,0.0886238532110092
302773.411807,2708366.126422,0.832874701889562,0.00183452577508714,0,0,0,0.165290772335351
303273.411807,2708366.126422,0.886813186813187,0.00402930402930403,0,0.00183150183150183,0.00128205128205128,0.106043956043956
303773.411807,2708366.126422,0.940733944954128,0,0,0,0,0.0592660550458716
304273.411807,2708366.126422,0.949550541185104,0.00091726288754357,0,0,0,0.0495321959273528
304773.411807,2708366.126422,0.957875457875458,0.00567765567765568,0.000366300366300366,0.000732600732600733,0.000915750915750916,0.0344322344322344
305273.411807,2708366.126422,0.941100917431193,0.0132110091743119,0.00275229357798165,0.00513761467889908,0.0036697247706422,0.0341284403669725
305773.411807,2708366.126422,0.766648321408916,0.0199963309484498,0.0550357732526142,0.0911759310218309,0.0152265639332233,0.0519170794349661
306273.411807,2708366.126422,0.903296703296703,0.000549450549450549,0,0.00183150183150183,0.00164835164835165,0.0926739926739927
306773.411807,2708366.126422,0.736330275229358,0.00623853211009174,0.197247706422018,0.0355963302752294,0.00568807339449541,0.0188990825688073
307273.411807,2708366.126422,0.707393138873601,0.0376077783892864,0.0607228031553843,0.0407264722069345,0.00972298660796184,0.143826820766832
307773.411807,2708366.126422,0.607326007326007,0.0384615384615385,0.12032967032967,0.0963369963369963,0.0313186813186813,0.106227106227106
308273.411807,2708366.126422,0.944587155963303,0.00146788990825688,0,0.016697247706422,0.00513761467889908,0.0321100917431193
308773.411807,2708366.126422,0.825353146211704,0.0376077783892864,0.0300862227114291,0.0176114474408365,0.00642084021280499,0.0829205650339387
309273.411807,2708366.126422,0.51959706959707,0.273809523809524,0.0877289377289377,0.00824175824175824,0.010989010989011,0.0996336996336996
309773.411807,2708366.126422,0.775045871559633,0.0165137614678899,0.093394495412844,0.0126605504587156,0.00458715596330275,0.0977981651376147
310273.411807,2708366.126422,0.937993028802055,0,0,0,0,0.0620069711979453
310773.411807,2708366.126422,0.967765567765568,0,0,0,0,0.0322344322344322
311273.411807,2708366.126422,0.905688073394495,0.0300917431192661,0,0.00018348623853211,0.00055045871559633,0.0634862385321101
311773.411807,2708366.126422,0.861309851403412,0.0392588515868648,0.00311869381764814,0.00513667217024399,0.00238488350761328,0.0887910475142176
312273.411807,2708366.126422,0.827289377289377,0.0419413919413919,0.0564102564102564,0.0195970695970696,0.00586080586080586,0.0489010989010989
312773.411807,2708366.126422,0.981284403669725,0,0,0,0,0.0187155963302752
313273.411807,2708366.126422,0.931072210065646,0.0172866520787746,0.000656455142231947,0.00087527352297593,0.00196936542669584,0.0481400437636762
300773.411807,2707866.126422,0.951236917221694,0.035918173168411,0,0,0,0.0128449096098953
301273.411807,2707866.126422,0.938461538461538,0.00915750915750916,0.000366300366300366,0.000183150183150183,0.000183150183150183,0.0516483516483516
301773.411807,2707866.126422,0.783461679501283,0,0,0,0,0.216538320498717
302273.411807,2707866.126422,0.802380952380952,0,0,0,0,0.197619047619048
302773.411807,2707866.126422,0.85018315018315,0.000183150183150183,0,0.000183150183150183,0.000183150183150183,0.149267399267399
303273.411807,2707866.126422,0.874587458745875,0.00293362669600293,0,0.013017968463513,0.00586725339200587,0.103593692702604
303773.411807,2707866.126422,0.927838827838828,0.000915750915750916,0.000366300366300366,0.00641025641025641,0.00238095238095238,0.0620879120879121
304273.411807,2707866.126422,0.994688644688645,0,0,0,0,0.00531135531135531
304773.411807,2707866.126422,0.978181151448478,0,0,0,0,0.0218188485515218
305273.411807,2707866.126422,0.897802197802198,0.010989010989011,0.00402930402930403,0.0287545787545788,0.00952380952380952,0.0489010989010989
305773.411807,2707866.126422,0.936263736263736,0.00604395604395604,0.00311355311355311,0.034981684981685,0.00421245421245421,0.0153846153846154
306273.411807,2707866.126422,0.793179317931793,0.0557389072240557,0.0540887422075541,0.0258525852585259,0.0128346167950128,0.0583058305830583
306773.411807,2707866.126422,0.343406593406593,0.0664835164835165,0.277289377289377,0.181135531135531,0.0335164835164835,0.0981684981684982
307273.411807,2707866.126422,0.661172161172161,0.0186813186813187,0.137545787545788,0.0659340659340659,0.0161172161172161,0.100549450549451
307773.411807,2707866.126422,0.922625595892923,0,0,0.00165016501650165,0.000916758342500917,0.0748074807480748
308273.411807,2707866.126422,0.963003663003663,0.00402930402930403,0.0010989010989011,0.00970695970695971,0.00311355311355311,0.019047619047619
308773.411807,2707866.126422,0.608241758241758,0.115018315018315,0.185164835164835,0.0188644688644689,0.00238095238095238,0.0703296703296703
309273.411807,2707866.126422,0.871103777044371,0.121378804547121,0.000366703337000367,0.000366703337000367,0.000733406674000733,0.00605060506050605
309773.411807,2707866.126422,0.967765567765568,0.00567765567765568,0.000183150183150183,0.000183150183150183,0.000915750915750916,0.0252747252747253
310273.411807,2707866.126422,0.973260073260073,0.00347985347985348,0,0,0,0.0232600732600733
310773.411807,2707866.126422,0.957095709570957,0.000916758342500917,0,0,0,0.041987532086542
311273.411807,2707866.126422,0.990476190476191,0,0,0,0,0.00952380952380952
311773.411807,2707866.126422,0.951831501831502,0.00146520146520147,0,0.00201465201465201,0.00164835164835165,0.043040293040293
312273.411807,2707866.126422,0.802346901356802,0.0225522552255226,0.0194352768610194,0.0308030803080308,0.0122845617895123,0.112577924459113
312773.411807,2707866.126422,0.956410256410256,0,0,0,0,0.0435897435897436
313273.411807,2707866.126422,0.956293706293706,0.0218531468531469,0,0,0,0.0218531468531469
300773.411807,2707366.126422,0.964974982130093,0.00142959256611866,0,0,0,0.0335954253037884
301273.411807,2707366.126422,0.972675591417568,0.000550155877498625,0,0,0,0.0267742527049331
301773.411807,2707366.126422,0.828843687007513,0.00238226131574125,0,0,0,0.168774051676745
302273.411807,2707366.126422,0.907322444485227,0,0,0,0,0.0926775555147734
302773.411807,2707366.126422,0.961122317990097,0,0,0,0,0.0388776820099028
303273.411807,2707366.126422,0.931464174454829,0.00403151914971596,0,0.000549752611324904,0.000549752611324904,0.0634048011728056
303773.411807,2707366.126422,0.921636997614241,0.00238575885483575,0,0.00770783630023858,0.00568911726922371,0.0625802899614608
304273.411807,2707366.126422,0.856592701265358,0.00385109114249037,0.00366770584999083,0.0638180817898405,0.0165046763249587,0.0555657436273611
304773.411807,2707366.126422,0.916437603078615,0.00311526479750779,0.000549752611324904,0.0053142752428074,0.00293201392706615,0.0716510903426791
305273.411807,2707366.126422,0.839053037254542,0.0576252523398789,0.0372545421178198,0.00495503762158194,0.00256927876674619,0.0585428518994311
305773.411807,2707366.126422,0.788923528333028,0.0467632495873831,0.0256739409499358,0.0273244085824317,0.0133871263524665,0.0979277461947552
306273.411807,2707366.126422,0.902144035184167,0.0480117280557083,0.0139270661535642,0.000549752611324904,0.00109950522264981,0.0342679127725857
306773.411807,2707366.126422,0.769498990640484,0.100752431638833,0.0423930996513122,0.0148651128647458,0.00275279867865663,0.0697375665259681
307273.411807,2707366.126422,0.706216761415734,0.0982945167797543,0.0850907757197873,0.00953603520997616,0.00678525582248304,0.0940766550522648
307773.411807,2707366.126422,0.802455561663918,0.0328019058090526,0.00696353307678211,0.00384826827927433,0.00366501740883269,0.15026571376214
308273.411807,2707366.126422,0.967149935768031,0,0,0,0,0.0328500642319692
308773.411807,2707366.126422,0.366037043829085,0.030808729139923,0.33614524115166,0.104713002017238,0.0276911791674308,0.134604804694663
309273.411807,2707366.126422,0.845886017958585,0.0355506688656771,0.00274876305662452,0.00641378046545721,0.00458127176104087,0.104819497892615
309773.411807,2707366.126422,0.96696641585612,0.0113782345384474,0,0,0,0.0216553496054322
310273.411807,2707366.126422,0.945534568127636,0,0,0,0,0.0544654318723638
310773.411807,2707366.126422,0.958585303280191,0.00219901044529962,0,0,0,0.0392156862745098
311273.411807,2707366.126422,0.906037805101853,0.000183519911910442,0,0.00183519911910442,0.00165167920719398,0.0902917966599376
311773.411807,2707366.126422,0.958554923895104,0,0,0,0,0.0414450761048964
312273.411807,2707366.126422,0.886567711196628,0.0256551218618288,0.00586402785413231,0.00513102437236577,0.00293201392706615,0.0738501007879787
312773.411807,2707366.126422,0.715911176362635,0.0346852633510736,0.0537713341897596,0.0420260598274913,0.0113782345384474,0.142227931730593
313273.411807,2707366.126422,0.962160979877515,0.0142169728783902,0,0,0,0.0236220472440945
300773.411807,2706866.126422,0.916110581506196,0.000714966634890372,0.000953288846520496,0.00738798856053384,0.00428979980934223,0.0705433746425167
301273.411807,2706866.126422,0.968996514401027,0,0,0,0,0.0310034855989727
301773.411807,2706866.126422,0.917399267399267,0,0,0,0,0.0826007326007326
302273.411807,2706866.126422,0.961100917431193,0,0,0,0,0.0388990825688073
302773.411807,2706866.126422,0.959640432948083,0,0,0,0.000183452577508714,0.0401761144744084
303273.411807,2706866.126422,0.883150183150183,0.0230769230769231,0.00421245421245421,0.0141025641025641,0.00512820512820513,0.0703296703296703
303773.411807,2706866.126422,0.917981651376147,0.0275229357798165,0,0.00110091743119266,0.000917431192660551,0.0524770642201835
304273.411807,2706866.126422,0.916345624656026,0.0245826453861677,0.00458631443771785,0.00476976701522656,0.00348559897266557,0.0462300495321959
304773.411807,2706866.126422,0.95018315018315,0.0223443223443223,0,0,0,0.0274725274725275
305273.411807,2706866.126422,0.947155963302752,0.0300917431192661,0,0,0,0.0227522935779817
305773.411807,2706866.126422,0.916529077233535,0.0293524124013942,0.00146762062006971,0.00238488350761328,0.00238488350761328,0.0478811227297744
306273.411807,2706866.126422,0.918315018315018,0.0417582417582418,0,0,0,0.0399267399267399
306773.411807,2706866.126422,0.908073394495413,0.0207339449541284,0,0,0,0.0711926605504587
307273.411807,2706866.126422,0.955971381397909,0.00165107319757843,0,0,0,0.0423775454045129
307773.411807,2706866.126422,0.907875457875458,0.019047619047619,0,0.00677655677655678,0.00421245421245421,0.0620879120879121
308273.411807,2706866.126422,0.829357798165138,0.0365137614678899,0.00036697247706422,0.0036697247706422,0.00513761467889908,0.124954128440367
308773.411807,2706866.126422,0.524490919097413,0.0421940928270042,0.230599889928453,0.0614566134654192,0.0135754907356448,0.127682993946065
309273.411807,2706866.126422,0.728205128205128,0.0901098901098901,0.0452380952380952,0.0205128205128205,0.0164835164835165,0.0994505494505494
309773.411807,2706866.126422,0.925137614678899,0.00477064220183486,0,0,0,0.0700917431192661
310273.411807,2706866.126422,0.933039809209319,0.00642084021280499,0,0,0,0.0605393505778756
310773.411807,2706866.126422,0.902747252747253,0.0115384615384615,0,0,0,0.0857142857142857
311273.411807,2706866.126422,0.884770642201835,0.0196330275229358,0.00036697247706422,0.00055045871559633,0.00036697247706422,0.0943119266055046
311773.411807,2706866.126422,0.86167675655843,0.00568702990277013,0.000366905155017428,0.0176114474408365,0.00807191341038342,0.106585947532563
312273.411807,2706866.126422,0.801098901098901,0.00274725274725275,0,0.0126373626373626,0.00677655677655678,0.176739926739927
312773.411807,2706866.126422,0.807339449541284,0.0519266055045872,0.0170642201834862,0.0139449541284404,0.0121100917431193,0.0976146788990826
313273.411807,2706866.126422,0.915317286652079,0.0477024070021882,0,0.00481400437636762,0.00612691466083151,0.0260393873085339
300773.411807,2706366.126422,0.783063748810657,0.04686013320647,0.0126070409134158,0.0516175071360609,0.0178401522359657,0.088011417697431
301273.411807,2706366.126422,0.960805860805861,0.0120879120879121,0,0.000549450549450549,0.000183150183150183,0.0263736263736264
301773.411807,2706366.126422,0.944444444444444,0,0,0,0,0.0555555555555556
302273.411807,2706366.126422,0.932234432234432,0.00604395604395604,0.0021978021978022,0.00476190476190476,0.00549450549450549,0.0492673992673993
302773.411807,2706366.126422,0.866300366300366,0.0276556776556777,0.00604395604395604,0.00695970695970696,0.00879120879120879,0.0842490842490843
303273.411807,2706366.126422,0.925559222588926,0.0155848918225156,0,0,0,0.0588558855885589
303773.411807,2706366.126422,0.914468864468864,0.00641025641025641,0,0.000366300366300366,0,0.0787545787545788
304273.411807,2706366.126422,0.88974358974359,0.026007326007326,0,0,0.000183150183150183,0.0840659340659341
304773.411807,2706366.126422,0.904290429042904,0,0,0,0,0.0957095709570957
305273.411807,2706366.126422,0.933333333333333,0.000366300366300366,0,0,0,0.0663003663003663
305773.411807,2706366.126422,0.941208791208791,0.0133699633699634,0,0,0,0.0454212454212454
306273.411807,2706366.126422,0.914924825815915,0.000183351668500183,0,0,0,0.0848918225155849
306773.411807,2706366.126422,0.921978021978022,0,0,0,0,0.078021978021978
307273.411807,2706366.126422,0.967582417582418,0,0,0,0,0.0324175824175824
307773.411807,2706366.126422,0.868903557022369,0.00605060506050605,0.0152181884855152,0.030986431976531,0.0044004400440044,0.0744407774110744
308273.411807,2706366.126422,0.830952380952381,0.0490842490842491,0.000366300366300366,0.0322344322344322,0.010989010989011,0.0763736263736264
308773.411807,2706366.126422,0.907509157509158,0.00824175824175824,0.0021978021978022,0.00238095238095238,0.00146520146520147,0.0782051282051282
309273.411807,2706366.126422,0.965346534653465,0.0033003300330033,0,0,0,0.0313531353135314
309773.411807,2706366.126422,0.904029304029304,0.0192307692307692,0,0,0,0.0767399267399267
310273.411807,2706366.126422,0.791758241758242,0.0703296703296703,0,0,0,0.137912087912088
310773.411807,2706366.126422,0.87972130546388,0.0247524752475248,0,0,0,0.0955262192885955
311273.411807,2706366.126422,0.958974358974359,0.00769230769230769,0,0,0,0.0333333333333333
311773.411807,2706366.126422,0.791758241758242,0.0355311355311355,0.0221611721611722,0.0249084249084249,0.015018315018315,0.110622710622711
312273.411807,2706366.126422,0.791529152915292,0.0238357169050238,0.0339200586725339,0.0361202786945361,0.013017968463513,0.101576824349102
312773.411807,2706366.126422,0.853113553113553,0.0256410256410256,0.013003663003663,0.00952380952380952,0.00934065934065934,0.0893772893772894
313273.411807,2706366.126422,0.977272727272727,0.00284090909090909,0,0,0,0.0198863636363636
300773.411807,2705866.126422,0.983083154634263,0.00976888253514415,0,0,0,0.00714796283059328
301273.411807,2705866.126422,0.999266458830002,0,0,0,0,0.000733541169998166
301773.411807,2705866.126422,0.917537108301264,0.0216236027121129,0,0,0,0.0608392889866227
302273.411807,2705866.126422,0.944393466691136,0.0192695907505964,0,0,0,0.0363369425582676
302773.411807,2705866.126422,0.945901338712635,0.00385109114249037,0,0,0,0.0502475701448744
303273.411807,2705866.126422,0.932930181418362,0,0,0,0,0.0670698185816383
303773.411807,2705866.126422,0.853367590383557,0,0,0,0,0.146632409616443
304273.411807,2705866.126422,0.917293233082707,0,0,0,0,0.0827067669172932
304773.411807,2705866.126422,0.881253435953821,0,0,0,0,0.118746564046179
305273.411807,2705866.126422,0.827307762892274,0,0,0,0,0.172692237107726
305773.411807,2705866.126422,0.922978177150193,0.00293416467999266,0,0,0,0.0740876581698148
306273.411807,2705866.126422,0.838372732270478,0.036100421477002,0,0.000366501740883269,0.000733003481766538,0.12442734102987
306773.411807,2705866.126422,0.856670948797945,0.0535878142778491,0.000367039823820885,0.00183519911910442,0.00146815929528354,0.0860708386859974
307273.411807,2705866.126422,0.686594535118283,0.112415184302219,0.0143040528149642,0.0317256556024207,0.0265908674124335,0.128369704749679
307773.411807,2705866.126422,0.840388491845336,0.0831958951805021,0.0089792926516401,0.00769653655854865,0.00623052959501558,0.0535092541689573
308273.411807,2705866.126422,0.873187740869884,0.0266103872270141,0.000183519911910442,0.00385391815011929,0.00495503762158194,0.0912093962194898
308773.411807,2705866.126422,0.794608472400513,0.0328259673574179,0,0.0214560792224464,0.013203741059967,0.137905739959655
309273.411807,2705866.126422,0.860362836723474,0.0155763239875389,0,0.00238226131574125,0.00366501740883269,0.118013560564413
309773.411807,2705866.126422,0.898697008625436,0.00495503762158194,0.000367039823820885,0.00293631859056708,0.00458799779776106,0.0884565975408332
310273.411807,2705866.126422,0.925912341830185,0,0,0,0,0.0740876581698148
310773.411807,2705866.126422,0.906725306945208,0.000916254352208173,0,0.00201575957485798,0.000733003481766538,0.0896096756459593
311273.411807,2705866.126422,0.907138924573316,0.00807487612405946,0,0,0,0.0847861993026243
311773.411807,2705866.126422,0.864661654135338,0.00806895286997983,0,0.000366770584999083,0,0.126902622409683
312273.411807,2705866.126422,0.83745647791827,0.00458127176104087,0.00238226131574125,0.00568077698369067,0.00238226131574125,0.147516950705516
312773.411807,2705866.126422,0.687282070104606,0.0939621948981464,0.0311983850247752,0.0306478252890439,0.0148651128647458,0.142044411818682
313273.411807,2705866.126422,0.934820647419073,0.0406824146981627,0,0,0,0.0244969378827647
300773.411807,2705366.126422,0.997140133460439,0,0,0,0,0.00285986653956149
301273.411807,2705366.126422,0.995597138139791,0,0,0,0,0.00440286186020914
301773.411807,2705366.126422,0.869230769230769,0.0217948717948718,0,0,0,0.108974358974359
302273.411807,2705366.126422,0.938715596330275,0,0,0,0,0.0612844036697248
302773.411807,2705366.126422,0.93010456796918,0,0,0,0,0.06989543203082
303273.411807,2705366.126422,0.92032967032967,0.000366300366300366,0,0,0,0.0793040293040293
303773.411807,2705366.126422,0.949174311926606,0,0,0,0,0.0508256880733945
304273.411807,2705366.126422,0.89873417721519,0.000183452577508714,0,0.00311869381764814,0.00293524124013942,0.0950284351495139
304773.411807,2705366.126422,0.933699633699634,0,0,0,0,0.0663003663003663
305273.411807,2705366.126422,0.920550458715596,0,0,0,0,0.0794495412844037
305773.411807,2705366.126422,0.887176664832141,0.000183452577508714,0,0,0,0.11263988259035
306273.411807,2705366.126422,0.907875457875458,0,0,0,0,0.0921245421245421
306773.411807,2705366.126422,0.952293577981651,0.00036697247706422,0,0,0,0.0473394495412844
307273.411807,2705366.126422,0.84736745551275,0.0410933773619519,0.0130251330031187,0.020546688680976,0.0170610897083104,0.060906255732893
307773.411807,2705366.126422,0.975457875457875,0.00164835164835165,0,0,0,0.0228937728937729
308273.411807,2705366.126422,0.930091743119266,0.021651376146789,0,0,0,0.048256880733945
308773.411807,2705366.126422,0.72463768115942,0.0398092093193909,0.0155934690882407,0.0188956154833975,0.0121078701155751,0.188956154833975
309273.411807,2705366.126422,0.786446886446886,0.0128205128205128,0,0.00256410256410256,0.0021978021978022,0.195970695970696
309773.411807,2705366.126422,0.88,0.00018348623853211,0,0,0,0.119816513761468
310273.411807,2705366.126422,0.940377912309668,0,0,0,0,0.0596220876903321
310773.411807,2705366.126422,0.96996336996337,0,0,0,0,0.03003663003663
311273.411807,2705366.126422,0.612477064220183,0.0297247706422018,0.0455045871559633,0.152660550458716,0.0271559633027523,0.132477064220183
311773.411807,2705366.126422,0.896165841130068,0.000366905155017428,0,0,0,0.103467253714915
312273.411807,2705366.126422,0.868681318681319,0.000366300366300366,0,0,0.000183150183150183,0.130769230769231
312773.411807,2705366.126422,0.783302752293578,0.0207339449541284,0.0352293577981651,0.0377981651376147,0.0100917431192661,0.112844036697248
313273.411807,2705366.126422,0.933916849015317,0.000437636761487965,0,0,0,0.0656455142231947
300773.411807,2704866.126422,0.984776403425309,0.0128449096098953,0,0,0,0.00237868696479543
301273.411807,2704866.126422,0.99010989010989,0,0,0,0,0.00989010989010989
301773.411807,2704866.126422,0.922808947561423,0.0232856618995233,0,0,0,0.0539053905390539
302273.411807,2704866.126422,0.874542124542125,0.0236263736263736,0.000366300366300366,0.00622710622710623,0.00293040293040293,0.0923076923076923
302773.411807,2704866.126422,0.943223443223443,0,0,0,0,0.0567765567765568
303273.411807,2704866.126422,0.931609827649432,0.00183351668500183,0,0,0.000183351668500183,0.0663733039970664
303773.411807,2704866.126422,0.923626373626374,0,0,0.000915750915750916,0.000183150183150183,0.0752747252747253
304273.411807,2704866.126422,0.732051282051282,0.0146520146520147,0.0137362637362637,0.0388278388278388,0.0115384615384615,0.189194139194139
304773.411807,2704866.126422,0.665016501650165,0.134763476347635,0.0617895122845618,0.0209020902090209,0.0133846718005134,0.104143747708104
305273.411807,2704866.126422,0.831135531135531,0.0690476190476191,0,0.000183150183150183,0.000183150183150183,0.0994505494505494
305773.411807,2704866.126422,0.947802197802198,0,0,0,0,0.0521978021978022
306273.411807,2704866.126422,0.922625595892923,0,0,0,0,0.0773744041070774
306773.411807,2704866.126422,0.95952380952381,0,0,0,0,0.0404761904761905
307273.411807,2704866.126422,0.953113553113553,0,0,0,0,0.0468864468864469
307773.411807,2704866.126422,0.98038137147048,0,0,0,0,0.0196186285295196
308273.411807,2704866.126422,0.975274725274725,0,0,0,0,0.0247252747252747
308773.411807,2704866.126422,0.84010989010989,0.0267399267399267,0,0.0021978021978022,0.00201465201465201,0.128937728937729
309273.411807,2704866.126422,0.785295196186285,0.0438210487715438,0,0.0132013201320132,0.00531719838650532,0.152365236523652
309773.411807,2704866.126422,0.774542124542125,0.0340659340659341,0.000366300366300366,0.0155677655677656,0.00952380952380952,0.165934065934066
310273.411807,2704866.126422,0.955128205128205,0,0,0,0,0.0448717948717949
310773.411807,2704866.126422,0.940777411074441,0,0,0,0,0.0592225889255592
311273.411807,2704866.126422,0.69981684981685,0.0247252747252747,0.0272893772893773,0.0672161172161172,0.015018315018315,0.165934065934066
311773.411807,2704866.126422,0.754395604395604,0.0366300366300366,0.0256410256410256,0.0624542124542125,0.00860805860805861,0.112271062271062
312273.411807,2704866.126422,0.845067840117345,0,0,0,0,0.154932159882655
312773.411807,2704866.126422,0.763553113553114,0.0543956043956044,0.034981684981685,0.0159340659340659,0.00952380952380952,0.121611721611722
313273.411807,2704866.126422,0.895541958041958,0.00983391608391608,0,0,0.000218531468531469,0.0944055944055944
300773.411807,2704366.126422,0.761972837741244,0.113414343578747,0.0800571837026448,0.00643316654753395,0.0133428639504408,0.02477960447939
301273.411807,2704366.126422,0.864478268842839,0.0764716669723088,0.0205391527599487,0,0.000183385292499542,0.0383275261324042
301773.411807,2704366.126422,0.771119662818398,0.0767821147150449,0.093274693054792,0.0328019058090526,0.00256551218618288,0.0234561114165292
302273.411807,2704366.126422,0.538997981280969,0.12883097816113,0.185355111029547,0.0339511837034318,0.0196366305744173,0.0932281152505047
302773.411807,2704366.126422,0.950485971025124,0,0,0,0,0.0495140289748762
303273.411807,2704366.126422,0.899945024738868,0.00256551218618288,0,0.00128275609309144,0.000549752611324904,0.0956569543705333
303773.411807,2704366.126422,0.539915580840521,0.0304643053771334,0.0897412369242063,0.20756102037071,0.0249587080198202,0.107359148467609
304273.411807,2704366.126422,0.797175866495507,0.0696864111498258,0.0282413350449294,0.0146708233999633,0.0100861910874748,0.0801393728222996
304773.411807,2704366.126422,0.955103536741799,0.00329851566794942,0,0,0,0.0415979475902511
305273.411807,2704366.126422,0.956689300789136,0,0,0,0,0.0433106992108644
305773.411807,2704366.126422,0.971575279662571,0,0,0,0,0.0284247203374289
306273.411807,2704366.126422,0.926882902693788,0.00714678394722375,0,0,0,0.0659703133589885
306773.411807,2704366.126422,0.963846577353643,0.00165167920719398,0,0,0,0.0345017434391632
307273.411807,2704366.126422,0.956537685677609,0.00201723821749496,0,0,0,0.0414450761048964
307773.411807,2704366.126422,0.942275975810885,0.0159428257284222,0,0,0,0.0417811984606927
308273.411807,2704366.126422,0.917599559552211,0.0104606349788952,0,0,0.000183519911910442,0.0717562855569829
308773.411807,2704366.126422,0.803044195855492,0.0161379057399597,0,0.0282413350449294,0.0240234733174399,0.128553090042179
309273.411807,2704366.126422,0.647058823529412,0.0164925783397471,0.0251053692505039,0.0225398570643211,0.0174088326919553,0.271394539124061
309773.411807,2704366.126422,0.853551110295467,0.0242246283721784,0.00844191594788034,0.00513855753349238,0.00367039823820885,0.104973389612773
310273.411807,2704366.126422,0.884650651017788,0,0,0,0,0.115349348982212
310773.411807,2704366.126422,0.918270111783031,0,0,0,0,0.081729888216969
311273.411807,2704366.126422,0.842906955404661,0.00458799779776106,0,0.0119287942741787,0.00752431638832813,0.133051936135071
311773.411807,2704366.126422,0.853291766000367,0.00476801760498808,0.000916926462497708,0.00311754997249221,0.00330093526499175,0.134604804694663
312273.411807,2704366.126422,0.820047645226315,0.000549752611324904,0,0.000183250870441635,0,0.179219351291919
312773.411807,2704366.126422,0.779409065883648,0.0627638098733713,0.00275279867865663,0.0113782345384474,0.00440447788585061,0.139291613140026
313273.411807,2704366.126422,0.773622047244094,0.0393700787401575,0,0,0,0.187007874015748
300773.411807,2703866.126422,0.898951382268827,0.0297902764537655,0.0417063870352717,0.00166825548141087,0.000953288846520496,0.026930409914204
301273.411807,2703866.126422,0.385984223078334,0.202898550724638,0.230416437350945,0.0130251330031187,0.00990643918547056,0.157769216657494
301773.411807,2703866.126422,0.564652014652015,0.045970695970696,0.0741758241758242,0.0382783882783883,0.0161172161172161,0.260805860805861
302273.411807,2703866.126422,0.742935779816514,0.0614678899082569,0.0926605504587156,0.0165137614678899,0.0111926605504587,0.0752293577981651
302773.411807,2703866.126422,0.977435332966428,0.00183452577508714,0,0,0,0.0207301412584847
303273.411807,2703866.126422,0.71043956043956,0.1,0.0424908424908425,0.0115384615384615,0.0108058608058608,0.124725274725275
303773.411807,2703866.126422,0.754678899082569,0.0489908256880734,0.018348623853211,0.0256880733944954,0.0113761467889908,0.140917431192661
304273.411807,2703866.126422,0.931205283434232,0.000550357732526142,0,0,0,0.0682443588332416
304773.411807,2703866.126422,0.902014652014652,0.00311355311355311,0,0,0,0.0948717948717949
305273.411807,2703866.126422,0.969357798165138,0,0,0,0,0.0306422018348624
305773.411807,2703866.126422,0.982388552559163,0,0,0,0,0.0176114474408365
306273.411807,2703866.126422,0.852930402930403,0.0131868131868132,0.000366300366300366,0.000549450549450549,0.000366300366300366,0.132600732600733
306773.411807,2703866.126422,0.984220183486239,0,0,0,0,0.0157798165137615
307273.411807,2703866.126422,0.906622638048065,0.0277013392038158,0,0,0,0.0656760227481196
307773.411807,2703866.126422,0.813369963369963,0.109340659340659,0,0,0,0.0772893772893773
