"x","y","forest","agri","water","built","other","grass"
224773.411807,2682366.126422,0.526476578411405,0.00936863543788187,0,0.00916496945010183,0.0213849287169043,0.433604887983707
225273.411807,2682366.126422,0.484415108177484,0.421892189218922,0,0.0033003300330033,0.0104510451045105,0.0799413274660799
225773.411807,2682366.126422,0.747252747252747,0.245421245421245,0,0.000183150183150183,0.000732600732600733,0.00641025641025641
226273.411807,2682366.126422,0.775274725274725,0.115567765567766,0,0.000915750915750916,0.000366300366300366,0.107875457875458
226773.411807,2682366.126422,0.503116978364503,0.16996699669967,0,0.00366703337000367,0.00971763843050972,0.313531353135314
227273.411807,2682366.126422,0.448534798534799,0.0208791208791209,0,0.00311355311355311,0.00989010989010989,0.517582417582418
227773.411807,2682366.126422,0.273626373626374,0.0653846153846154,0.0384615384615385,0.0712454212454212,0.0593406593406593,0.491941391941392
228273.411807,2682366.126422,0.243857719105244,0.0828749541620829,0.0011001100110011,0.0601393472680601,0.0960762742940961,0.515951595159516
228773.411807,2682366.126422,0.275641025641026,0.0155677655677656,0.00476190476190476,0.0119047619047619,0.0223443223443223,0.66978021978022
229273.411807,2682366.126422,0.246703296703297,0.034981684981685,0,0.00787545787545788,0.0249084249084249,0.685531135531136
229773.411807,2682366.126422,0.382471580491382,0.0210854418775211,0,0.0196186285295196,0.0273193986065273,0.54950495049505
230273.411807,2682366.126422,0.282051282051282,0.0305860805860806,0,0.0454212454212454,0.0474358974358974,0.594505494505495
230773.411807,2682366.126422,0.11025641025641,0.0873626373626374,0.013003663003663,0.310622710622711,0.073992673992674,0.404761904761905
231273.411807,2682366.126422,0.371287128712871,0.0320865419875321,0.000916758342500917,0.0256692335900257,0.0341034103410341,0.535936927026036
231773.411807,2682366.126422,0.118498168498168,0.0564102564102564,0.0802197802197802,0.18003663003663,0.043956043956044,0.520879120879121
232273.411807,2682366.126422,0.00384615384615385,0.125641025641026,0.229304029304029,0.546520146520146,0.0375457875457875,0.0571428571428571
232773.411807,2682366.126422,0.112577924459113,0.0551888522185552,0.0251191785845251,0.484781811514485,0.0850751741840851,0.237257059039237
233273.411807,2682366.126422,0.202380952380952,0.0456043956043956,0.00201465201465201,0.232600732600733,0.10952380952381,0.407875457875458
233773.411807,2682366.126422,0.0798534798534798,0.0454212454212454,0.0032967032967033,0.308974358974359,0.1503663003663,0.412087912087912
234273.411807,2682366.126422,0.160982764943161,0.0539053905390539,0.00128346167950128,0.149248258159149,0.105060506050605,0.529519618628529
234773.411807,2682366.126422,0.257875457875458,0.104395604395604,0,0.00238095238095238,0.00164835164835165,0.633699633699634
235273.411807,2682366.126422,0.268864468864469,0.00164835164835165,0,0.00293040293040293,0.00549450549450549,0.721062271062271
235773.411807,2682366.126422,0.583975064173084,0.0044004400440044,0,0.000366703337000367,0.000366703337000367,0.410891089108911
236273.411807,2682366.126422,0.519047619047619,0.0562271062271062,0,0.0141025641025641,0.0225274725274725,0.388095238095238
236773.411807,2682366.126422,0.354029304029304,0.0456043956043956,0,0.00567765567765568,0.0141025641025641,0.580586080586081
237273.411807,2682366.126422,0.363578680203046,0.0612309644670051,0,0.00158629441624365,0.00475888324873096,0.568845177664975
224773.411807,2681866.126422,0.396491943707934,0,0,0.000407913522333265,0.00305935141749949,0.600040791352233
225273.411807,2681866.126422,0.620120945574491,0.0599230346344145,0,0.000733003481766538,0.00164925783397471,0.317573758475353
225773.411807,2681866.126422,0.470545054138374,0.108276748027161,0,0.0233070288126262,0.034868783262984,0.363002385758855
226273.411807,2681866.126422,0.540986612873648,0.0762882816798093,0,0.00586832935998533,0.00953603520997616,0.367320740876582
226773.411807,2681866.126422,0.715961150815466,0.00549752611324904,0,0,0,0.278541323071285
227273.411807,2681866.126422,0.585612038906221,0.009543035419343,0,0,0.00679023674068636,0.398054688933749
227773.411807,2681866.126422,0.048413717219879,0.094810196222263,0.00605171465248487,0.0458463231248854,0.0671190170548322,0.737759031725656
228273.411807,2681866.126422,0.119662818398387,0.118013560564413,0.0104452996151732,0.194978926149899,0.202308960967565,0.354590434304563
228773.411807,2681866.126422,0.420811158010644,0.00642319691686548,0.00293631859056708,0.0170673518076711,0.0135804734813727,0.539181501192879
229273.411807,2681866.126422,0.321474417751696,0.0196222262974509,0.00366770584999083,0.0097194205024757,0.0276911791674308,0.617825050430955
229773.411807,2681866.126422,0.388858347077149,0.0219901044529962,0,0.0216236027121129,0.0320689023272861,0.535459043430456
230273.411807,2681866.126422,0.150119287942742,0.0407414204441182,0.0047715177096715,0.203890622132501,0.0596439713708937,0.540833180400073
230773.411807,2681866.126422,0.126535851824684,0.0583165230148542,0.00825233816247937,0.257839721254355,0.114982578397213,0.434072987346415
231273.411807,2681866.126422,0.0753161077515118,0.03811618105186,0.0102620487447315,0.0335349092908191,0.0417811984606927,0.800989554700385
231773.411807,2681866.126422,0.206276380987337,0.151770967149936,0.0655166085520279,0.0638649293448339,0.0308313452009543,0.481739768764911
232273.411807,2681866.126422,0.00385109114249037,0.0247570144874381,0.296534017971759,0.551439574546121,0.0254905556574363,0.0979277461947552
232773.411807,2681866.126422,0.0929081913139087,0.0756826094923951,0.0104452996151732,0.220450797141286,0.0621220450797141,0.538391057357522
233273.411807,2681866.126422,0.224628372178381,0.0600110111947146,0.0258763075793724,0.157093044595339,0.109744907322444,0.422646357129749
233773.411807,2681866.126422,0.402897487621493,0.0779387493123052,0.000183385292499542,0.0273244085824317,0.0210893086374473,0.470566660553824
234273.411807,2681866.126422,0.227231079347627,0.0830126443100605,0,0.137071651090343,0.0769653655854865,0.475719259666483
234773.411807,2681866.126422,0.0952468342815195,0.0429436593870435,0.000183519911910442,0.0662506881996697,0.0636814094329235,0.731693888786933
235273.411807,2681866.126422,0.311754997249221,0.059600220062351,0,0.00275077938749312,0.00623509994498441,0.619658903355951
235773.411807,2681866.126422,0.362470221733553,0.0573575224482316,0,0.00366501740883269,0.00329851566794942,0.573208722741433
236273.411807,2681866.126422,0.239677004955038,0.0913929161314003,0,0.00715727656450725,0.0167003119838502,0.645072490365205
236773.411807,2681866.126422,0.273427471116816,0.0625343847423437,0,0.0262240968274344,0.0421786172748946,0.595635430038511
237273.411807,2681866.126422,0.432106598984772,0.00571065989847716,0,0.00380710659898477,0.0101522842639594,0.548223350253807
224773.411807,2681366.126422,0.526616357332246,0.00387517846216602,0,0.00448704874566592,0.0106057515806649,0.454415663879258
225273.411807,2681366.126422,0.495970695970696,0.100732600732601,0,0.0131868131868132,0.0382783882783883,0.351831501831502
225773.411807,2681366.126422,0.716146788990826,0.0185321100917431,0,0,0,0.265321100917431
226273.411807,2681366.126422,0.527609612915061,0.000366905155017428,0,0.00623738763529628,0.00366905155017428,0.462117042744451
226773.411807,2681366.126422,0.477838827838828,0.00183150183150183,0,0.00641025641025641,0.0152014652014652,0.498717948717949
227273.411807,2681366.126422,0.327706422018349,0.00128440366972477,0,0.00256880733944954,0.00458715596330275,0.663853211009174
227773.411807,2681366.126422,0.361768482847184,0.0117409649605577,0,0,0.00807191341038342,0.618418638781875
228273.411807,2681366.126422,0.11978021978022,0.0423076923076923,0.0119047619047619,0.032967032967033,0.0694139194139194,0.723626373626374
228773.411807,2681366.126422,0.499633027522936,0.0192660550458716,0,0.0192660550458716,0.0622018348623853,0.399633027522936
229273.411807,2681366.126422,0.36085121995964,0.0555861309851403,0.0418271876719868,0.0264171711612548,0.0398092093193909,0.475509080902587
229773.411807,2681366.126422,0.274175824175824,0.0133699633699634,0.00549450549450549,0.0415750915750916,0.0505494505494506,0.614835164835165
230273.411807,2681366.126422,0.118899082568807,0.0609174311926605,0.00146788990825688,0.159633027522936,0.114128440366972,0.544954128440367
230773.411807,2681366.126422,0.16969363419556,0.0682443588332416,0,0.185103650706292,0.110071546505228,0.466886809759677
231273.411807,2681366.126422,0.222710622710623,0.0243589743589744,0.0122710622710623,0.0758241758241758,0.058974358974359,0.605860805860806
231773.411807,2681366.126422,0.136146788990826,0.0772477064220184,0.207522935779817,0.103669724770642,0.04,0.435412844036697
232273.411807,2681366.126422,0.000550357732526142,0.0911759310218309,0.145110988809393,0.633094844982572,0.0343056319941295,0.0957622454595487
232773.411807,2681366.126422,0.0692307692307692,0.18021978021978,0.00274725274725275,0.0404761904761905,0.0344322344322344,0.672893772893773
233273.411807,2681366.126422,0.0955963302752294,0.0678899082568807,0.00146788990825688,0.301834862385321,0.120183486238532,0.41302752293578
233773.411807,2681366.126422,0.315721885892497,0.0172445422858191,0,0.00275178866263071,0.00678774536782242,0.657494037791231
234273.411807,2681366.126422,0.441391941391941,0.034981684981685,0,0.00256410256410256,0.00384615384615385,0.517216117216117
234773.411807,2681366.126422,0.145871559633028,0.0645871559633028,0.00422018348623853,0.187522935779817,0.081651376146789,0.516146788990826
235273.411807,2681366.126422,0.21830856723537,0.0676940011007155,0.00293524124013942,0.0849385433865346,0.0851219959640433,0.541001651073198
235773.411807,2681366.126422,0.163186813186813,0.162271062271062,0.00256410256410256,0.0353479853479853,0.0564102564102564,0.58021978021978
236273.411807,2681366.126422,0.500733944954128,0.0891743119266055,0,0.0154128440366972,0.0299082568807339,0.364770642201835
236773.411807,2681366.126422,0.629976151164924,0.0245826453861677,0,0.00165107319757843,0.00623738763529628,0.337552742616034
237273.411807,2681366.126422,0.564679771718453,0.0339251743817375,0,0.00380469245402663,0.0171211160431198,0.380469245402663
224773.411807,2680866.126422,0.476374745417515,0.00346232179226069,0,0.0107942973523422,0.0234215885947047,0.485947046843177
225273.411807,2680866.126422,0.301796846351302,0.575907590759076,0,0.00385038503850385,0.0100843417675101,0.108360836083608
225773.411807,2680866.126422,0.483150183150183,0.23021978021978,0,0.00384615384615385,0.0119047619047619,0.270879120879121
226273.411807,2680866.126422,0.520695970695971,0.00128205128205128,0,0.00146520146520147,0.00164835164835165,0.474908424908425
226773.411807,2680866.126422,0.631829849651632,0.00641730839750642,0,0,0,0.361752841950862
227273.411807,2680866.126422,0.511721611721612,0.0032967032967033,0,0.000732600732600733,0.00366300366300366,0.480586080586081
227773.411807,2680866.126422,0.603846153846154,0.000366300366300366,0,0,0,0.395787545787546
228273.411807,2680866.126422,0.0896589658965897,0.035020168683535,0.00165016501650165,0.0190685735240191,0.046021268793546,0.808580858085809
228773.411807,2680866.126422,0.410805860805861,0.232234432234432,0,0.00641025641025641,0.0152014652014652,0.335347985347985
229273.411807,2680866.126422,0.174358974358974,0.0532967032967033,0.00586080586080586,0.0474358974358974,0.0635531135531135,0.655494505494505
229773.411807,2680866.126422,0.13989732306564,0.0302530253025303,0.0691235790245691,0.205903923725706,0.0984598459845985,0.456362302896956
230273.411807,2680866.126422,0.134981684981685,0.0536630036630037,0.00677655677655678,0.0860805860805861,0.0789377289377289,0.63956043956044
230773.411807,2680866.126422,0.12014652014652,0.0705128205128205,0.00164835164835165,0.188827838827839,0.136263736263736,0.482600732600733
231273.411807,2680866.126422,0.265309864319765,0.0863586358635864,0.000183351668500183,0.116795012834617,0.07004033736707,0.461312797946461
231773.411807,2680866.126422,0.175824175824176,0.0532967032967033,0.148717948717949,0.0393772893772894,0.0307692307692308,0.552014652014652
232273.411807,2680866.126422,0.00860805860805861,0.0924908424908425,0.206959706959707,0.333333333333333,0.0935897435897436,0.265018315018315
232773.411807,2680866.126422,0.0878254492115878,0.0449211587825449,0,0.0273193986065273,0.0331866519985332,0.806747341400807
233273.411807,2680866.126422,0.0899267399267399,0.0565934065934066,0.0141025641025641,0.231135531135531,0.0921245421245421,0.516117216117216
233773.411807,2680866.126422,0.34047619047619,0.0326007326007326,0,0.00183150183150183,0.00347985347985348,0.621611721611722
234273.411807,2680866.126422,0.301796846351302,0.0212687935460213,0,0.00238357169050238,0.00458379171250458,0.66996699669967
234773.411807,2680866.126422,0.427472527472527,0.0487179487179487,0,0.0032967032967033,0.00659340659340659,0.513919413919414
235273.411807,2680866.126422,0.273443223443223,0.093040293040293,0,0.0164835164835165,0.0228937728937729,0.594139194139194
235773.411807,2680866.126422,0.584158415841584,0.0421708837550422,0,0.00165016501650165,0.0033003300330033,0.368720205353869
236273.411807,2680866.126422,0.568315018315018,0.0503663003663004,0,0.000549450549450549,0.00274725274725275,0.378021978021978
236773.411807,2680866.126422,0.504761904761905,0.0362637362637363,0,0.000366300366300366,0.00128205128205128,0.457326007326007
237273.411807,2680866.126422,0.421637055837563,0.021256345177665,0,0.000317258883248731,0.00158629441624365,0.555203045685279
224773.411807,2680366.126422,0.452987966551091,0.00611870283499898,0,0.0473179685906588,0.0534366714256578,0.440138690597593
225273.411807,2680366.126422,0.360271211288254,0.183800623052959,0,0.00201575957485798,0.0124610591900312,0.441451346893898
225773.411807,2680366.126422,0.541567260047715,0.278583226280051,0,0.0012846393833731,0.00899247568361167,0.169572398605249
226273.411807,2680366.126422,0.419218778653952,0.0462130937098845,0,0.00366770584999083,0.00421786172748946,0.526682560058683
226773.411807,2680366.126422,0.49331134322888,0.0042147700201576,0,0.00439802089059923,0.0053142752428074,0.492761590617555
227273.411807,2680366.126422,0.371077261882914,0.0249587080198202,0.0245916681959993,0.0350523031748945,0.0183519911910442,0.525968067535328
227773.411807,2680366.126422,0.511644966073721,0.000916926462497708,0,0.0238400880249404,0.0157711351549606,0.44782688428388
228273.411807,2680366.126422,0.225948323254535,0.172072567344695,0,0.00678028220634048,0.0258383727322705,0.569360454462159
228773.411807,2680366.126422,0.335290879060378,0.0741420444118187,0,0.060561570930446,0.0708386859974307,0.459166819599927
229273.411807,2680366.126422,0.157894736842105,0.0381441408399046,0.011186502842472,0.111131487254722,0.0695030258573262,0.61214010636347
229773.411807,2680366.126422,0.150632215503024,0.0723840938244457,0.00568077698369067,0.263698002565512,0.142935678944475,0.364669232178853
230273.411807,2680366.126422,0.320609286107543,0.0154156726004772,0.00165167920719398,0.115250504679758,0.104789869700863,0.442282987704166
230773.411807,2680366.126422,0.194205024757014,0.0702365670273244,0.0161379057399597,0.110948101962223,0.0845406198422887,0.52393178067119
231273.411807,2680366.126422,0.0775151181968114,0.15466373465274,0,0.330401319406267,0.0665200659703134,0.370899761773868
231773.411807,2680366.126422,0.153239126445219,0.1159845843274,0.00275279867865663,0.0578087722517893,0.0187190310148651,0.65149568728207
232273.411807,2680366.126422,0.00293416467999266,0.0744544287548139,0.295433706216761,0.389693746561526,0.0390610673024023,0.198422886484504
232773.411807,2680366.126422,0.0842954004031519,0.160894264247755,0,0.00439802089059923,0.0142935678944475,0.736118746564046
233273.411807,2680366.126422,0.0658836483758488,0.127729858689668,0.000367039823820885,0.123508900715728,0.0959809139291613,0.586529638465774
233773.411807,2680366.126422,0.326425820649184,0.0544654318723638,0,0.0166880616174583,0.0192554557124519,0.583165230148542
234273.411807,2680366.126422,0.275059556532894,0.127359354956936,0,0.000183250870441635,0.00201575957485798,0.595382078064871
234773.411807,2680366.126422,0.452743622683061,0.0115617544503579,0,0.00440447788585061,0.0110111947146265,0.520278950266104
235273.411807,2680366.126422,0.744360902255639,0.015587749862461,0,0.000550155877498625,0.00110031175499725,0.238400880249404
235773.411807,2680366.126422,0.633681509987172,0.00494777350192413,0,0.0113615539673813,0.0106285504856148,0.339380612057907
236273.411807,2680366.126422,0.498623600660672,0.0130299137456414,0,0.000367039823820885,0.0034868783262984,0.484492567443568
236773.411807,2680366.126422,0.244452594901889,0.0133871263524665,0,0.00165046763249587,0.00238400880249404,0.738125802310655
237273.411807,2680366.126422,0.504124365482233,0.00951776649746193,0,0,0,0.486357868020305
224773.411807,2679866.126422,0.653681419539058,0,0,0.000815827044666531,0.00163165408933306,0.343871099326943
225273.411807,2679866.126422,0.457509157509157,0.0772893772893773,0,0.0161172161172161,0.0408424908424908,0.408241758241758
225773.411807,2679866.126422,0.497981651376147,0.321467889908257,0,0.0018348623853211,0.00256880733944954,0.176146788990826
226273.411807,2679866.126422,0.626674004769767,0.0344890845716382,0,0.00275178866263071,0.00587048248027885,0.330214639515685
226773.411807,2679866.126422,0.478388278388278,0.028021978021978,0.0467032967032967,0.0763736263736264,0.026007326007326,0.344505494505495
227273.411807,2679866.126422,0.163853211009174,0.107339449541284,0.0677064220183486,0.186605504587156,0.081651376146789,0.392844036697248
227773.411807,2679866.126422,0.204733076499725,0.0566868464501926,0.10842047330765,0.271509814712897,0.0915428361768483,0.267106952852688
228273.411807,2679866.126422,0.377106227106227,0.422344322344322,0,0.0417582417582418,0.0177655677655678,0.141025641025641
228773.411807,2679866.126422,0.141467889908257,0.207889908256881,0.00073394495412844,0.0568807339449541,0.0493577981651376,0.543669724770642
229273.411807,2679866.126422,0.0656760227481196,0.0491652907723353,0.00990643918547056,0.130251330031187,0.0986974866996881,0.646303430563199
229773.411807,2679866.126422,0.103846153846154,0.139377289377289,0.0217948717948718,0.226923076923077,0.141941391941392,0.366117216117216
230273.411807,2679866.126422,0.114311926605505,0.036697247706422,0,0.207155963302752,0.124587155963303,0.517247706422018
230773.411807,2679866.126422,0.0948449825720051,0.0875068794716566,0.00770500825536599,0.135388002201431,0.115208218675472,0.559346908824069
231273.411807,2679866.126422,0.312454212454212,0.0668498168498168,0.0021978021978022,0.119230769230769,0.0538461538461538,0.445421245421245
231773.411807,2679866.126422,0.18954128440367,0.0772477064220184,0.00256880733944954,0.0409174311926606,0.0506422018348624,0.639082568807339
232273.411807,2679866.126422,0.00458631443771785,0.0665932856356632,0.396991377728857,0.452760961291506,0.0638414969730325,0.0152265639332233
232773.411807,2679866.126422,0.0408424908424908,0.183516483516484,0.00238095238095238,0.111904761904762,0.0104395604395604,0.650915750915751
233273.411807,2679866.126422,0.0906422018348624,0.123669724770642,0.0104587155963303,0.0886238532110092,0.0689908256880734,0.617614678899083
233773.411807,2679866.126422,0.109521188772702,0.105118326912493,0.000733810310034856,0.126215373325995,0.108787378462667,0.549623922216107
234273.411807,2679866.126422,0.412637362637363,0.0549450549450549,0,0.00128205128205128,0.00201465201465201,0.529120879120879
234773.411807,2679866.126422,0.484220183486239,0.0354128440366972,0,0,0.00146788990825688,0.478899082568807
235273.411807,2679866.126422,0.685929187305082,0.00348559897266557,0,0.000550357732526142,0.000550357732526142,0.309484498257201
235773.411807,2679866.126422,0.387545787545788,0.0117216117216117,0,0.000183150183150183,0.00128205128205128,0.599267399267399
236273.411807,2679866.126422,0.444587155963303,0.00752293577981651,0,0.00128440366972477,0.00348623853211009,0.543119266055046
236773.411807,2679866.126422,0.323977251880389,0.0526508897450009,0,0.000550357732526142,0.001284168042561,0.621537332599523
237273.411807,2679866.126422,0.437222574508561,0.00253646163601776,0,0.000634115409004439,0.00221940393151554,0.557387444514902
224773.411807,2679366.126422,0.327698574338086,0.0162932790224033,0,0.0162932790224033,0.0376782077393075,0.6020366598778
225273.411807,2679366.126422,0.611661166116612,0,0,0.000733406674000733,0.000916758342500917,0.386688668866887
225773.411807,2679366.126422,0.526373626373626,0.117948717948718,0,0.000732600732600733,0.000732600732600733,0.354212454212454
226273.411807,2679366.126422,0.612637362637363,0.00164835164835165,0,0.00146520146520147,0.00824175824175824,0.376007326007326
226773.411807,2679366.126422,0.287495416208288,0.03997066373304,0.00898423175650898,0.124129079574624,0.0782911624495783,0.461129446277961
227273.411807,2679366.126422,0.0802197802197802,0.054029304029304,0.0741758241758242,0.226739926739927,0.0978021978021978,0.467032967032967
227773.411807,2679366.126422,0.054029304029304,0.0452380952380952,0.123076923076923,0.343589743589744,0.162820512820513,0.271245421245421
228273.411807,2679366.126422,0.324715804913825,0.0077007700770077,0,0.0177851118445178,0.0375870920425376,0.612211221122112
228773.411807,2679366.126422,0.093040293040293,0.0712454212454212,0.0241758241758242,0.193956043956044,0.112271062271062,0.505311355311355
229273.411807,2679366.126422,0.08003663003663,0.0364468864468864,0.019047619047619,0.457509157509157,0.11025641025641,0.296703296703297
229773.411807,2679366.126422,0.108910891089109,0.232306563989732,0.00586725339200587,0.0432709937660433,0.0561056105610561,0.553538687202054
230273.411807,2679366.126422,0.0554945054945055,0.0631868131868132,0.0010989010989011,0.137912087912088,0.0782051282051282,0.664102564102564
230773.411807,2679366.126422,0.230769230769231,0.0467032967032967,0.00183150183150183,0.150732600732601,0.0924908424908425,0.477472527472527
231273.411807,2679366.126422,0.201136780344701,0.046021268793546,0.0218188485515218,0.150531719838651,0.0718738540520719,0.508617528419509
231773.411807,2679366.126422,0.163736263736264,0.095970695970696,0.0249084249084249,0.136263736263736,0.056043956043956,0.523076923076923
232273.411807,2679366.126422,0.0487179487179487,0.163186813186813,0.4,0.306593406593407,0.0172161172161172,0.0642857142857143
232773.411807,2679366.126422,0.0196186285295196,0.202236890355702,0.0458379171250458,0.270627062706271,0.0715071507150715,0.39017235056839
233273.411807,2679366.126422,0.108424908424908,0.0990842490842491,0.000549450549450549,0.164835164835165,0.0866300366300366,0.54047619047619
233773.411807,2679366.126422,0.104212454212454,0.0518315018315018,0.00457875457875458,0.384981684981685,0.178388278388278,0.276007326007326
234273.411807,2679366.126422,0.526035936927026,0.00861752841950862,0,0.00696736340300697,0.00311697836450312,0.455262192885955
234773.411807,2679366.126422,0.730586080586081,0.000549450549450549,0,0.00384615384615385,0.000732600732600733,0.264285714285714
235273.411807,2679366.126422,0.617948717948718,0.233882783882784,0,0,0,0.148168498168498
235773.411807,2679366.126422,0.46039603960396,0.120828749541621,0,0.000733406674000733,0.0033003300330033,0.414741474147415
236273.411807,2679366.126422,0.427472527472527,0.000366300366300366,0,0.00146520146520147,0.00201465201465201,0.568681318681319
236773.411807,2679366.126422,0.526373626373626,0.163186813186813,0,0.000366300366300366,0.00128205128205128,0.308791208791209
237273.411807,2679366.126422,0.240482233502538,0.442893401015228,0,0,0,0.316624365482233
224773.411807,2678866.126422,0.516622476035081,0.00203956761166633,0,0.00591474607383235,0.00958596777483174,0.465837242504589
225273.411807,2678866.126422,0.604361370716511,0.023089609675646,0,0.000733003481766538,0.00329851566794942,0.368517500458127
225773.411807,2678866.126422,0.599926592035236,0.0880895577170123,0,0.000183519911910442,0.000183519911910442,0.311616810423931
226273.411807,2678866.126422,0.680909591050798,0.0122868145974693,0,0.00146708233999633,0.00238400880249404,0.302952503209243
226773.411807,2678866.126422,0.251053692505039,0.0353674179952355,0.113798790544255,0.176653839105736,0.0604727872457394,0.362653472603995
227273.411807,2678866.126422,0.0438612589465957,0.0524866948063865,0.0855202789502661,0.450724903652046,0.1370893741971,0.230317489447605
227773.411807,2678866.126422,0.0801393728222996,0.0898587933247754,0.0221896203924445,0.326059050064185,0.170364936732074,0.311388226664222
228273.411807,2678866.126422,0.463258200476452,0.0128275609309144,0.00494777350192413,0.0588235294117647,0.042147700201576,0.417995235477368
228773.411807,2678866.126422,0.0625802899614608,0.0783630023857589,0.0260598274912828,0.172141677371995,0.12461002018719,0.536245182602312
229273.411807,2678866.126422,0.0649183935448377,0.097194205024757,0.0445626260773886,0.2800293416468,0.0882083256922795,0.425087108013937
229773.411807,2678866.126422,0.0731170973062122,0.066703316840755,0.0337181601612608,0.0929081913139087,0.083745647791827,0.649807586586036
230273.411807,2678866.126422,0.0820334006239677,0.0607450908423564,0.0282620664342081,0.120572582125161,0.0833180400073408,0.625068819966966
230773.411807,2678866.126422,0.0493306436823767,0.0447460113698881,0.0143040528149642,0.0350265908674124,0.0493306436823767,0.807262057582982
231273.411807,2678866.126422,0.19956019791094,0.105735752244823,0.0247388675096207,0.0683525746747297,0.0428807036833425,0.558731903976544
231773.411807,2678866.126422,0.152872086621398,0.0910258763075794,0.0113782345384474,0.100201871903101,0.0497338961277299,0.594788034501743
232273.411807,2678866.126422,0.125068769484687,0.0750045846323125,0.322941500091693,0.176966807262058,0.0100861910874748,0.289932147441775
232773.411807,2678866.126422,0.00164925783397471,0.18948140003665,0.0348176653839106,0.523181235110867,0.135239142385926,0.115631299248671
233273.411807,2678866.126422,0.058909891723252,0.0629473297852817,0,0.00568911726922371,0.0135804734813727,0.85887318774087
233773.411807,2678866.126422,0.081606455162296,0.133504492939666,0.000183385292499542,0.088391710984779,0.0739042728773152,0.622409682743444
234273.411807,2678866.126422,0.547003848268279,0.0886934212937511,0.00128275609309144,0.00348176653839106,0.00494777350192413,0.354590434304563
234773.411807,2678866.126422,0.747109561387411,0.0102771150669848,0,0,0,0.242613323545605
235273.411807,2678866.126422,0.720887584815698,0.198056115899505,0,0,0.000733541169998166,0.0803227581147992
235773.411807,2678866.126422,0.450980392156863,0.181051859996335,0,0,0.000366501740883269,0.367601246105919
236273.411807,2678866.126422,0.434391631492017,0.00275279867865663,0,0.000917599559552211,0.00220223894292531,0.559735731326849
236773.411807,2678866.126422,0.414817531633963,0.0326425820649184,0,0.00238400880249404,0.0161379057399597,0.534017971758665
237273.411807,2678866.126422,0.314086294416244,0.0314086294416244,0,0,0.00253807106598985,0.651967005076142
224773.411807,2678366.126422,0.438303079747094,0.000815827044666531,0,0.00856618396899857,0.0104017948194983,0.541913114419743
225273.411807,2678366.126422,0.558974358974359,0.026007326007326,0,0.0021978021978022,0.00622710622710623,0.406593406593407
225773.411807,2678366.126422,0.60605504587156,0.00642201834862385,0,0.0018348623853211,0.00201834862385321,0.383669724770642
226273.411807,2678366.126422,0.509814712896716,0.00220143093010457,0,0.00165107319757843,0.00880572372041827,0.477527059255183
226773.411807,2678366.126422,0.57014652014652,0.00183150183150183,0,0.00494505494505494,0.00714285714285714,0.415934065934066
227273.411807,2678366.126422,0.475596330275229,0.0192660550458716,0,0.0161467889908257,0.0245871559633028,0.464403669724771
227773.411807,2678366.126422,0.525224729407448,0.01284168042561,0.000366905155017428,0.106219042377545,0.060906255732893,0.294441386901486
228273.411807,2678366.126422,0.200732600732601,0.0635531135531135,0.0148351648351648,0.0835164835164835,0.0708791208791209,0.566483516483516
228773.411807,2678366.126422,0.0686238532110092,0.0743119266055046,0.135229357798165,0.396697247706422,0.113394495412844,0.211743119266055
229273.411807,2678366.126422,0.0733810310034856,0.105301779490002,0.0535681526325445,0.28251696936342,0.124931205283434,0.360300862227114
229773.411807,2678366.126422,0.0311355311355311,0.0897435897435897,0.0234432234432234,0.188461538461538,0.101648351648352,0.565567765567766
230273.411807,2678366.126422,0.163119266055046,0.0588990825688073,0.0106422018348624,0.0752293577981651,0.0770642201834862,0.615045871559633
230773.411807,2678366.126422,0.183636030086223,0.0770500825536599,0.00476976701522656,0.0766831773986425,0.0911759310218309,0.566685011924418
231273.411807,2678366.126422,0.157326007326007,0.0483516483516484,0.00860805860805861,0.0987179487179487,0.0741758241758242,0.612820512820513
231773.411807,2678366.126422,0.056697247706422,0.135779816513761,0,0.0275229357798165,0.0528440366972477,0.727155963302752
232273.411807,2678366.126422,0.262704090992478,0.0992478444322143,0.0176114474408365,0.109154283617685,0.0702623371858375,0.441019996330948
232773.411807,2678366.126422,0.0106227106227106,0.105311355311355,0.28021978021978,0.362820512820513,0.0712454212454212,0.16978021978022
233273.411807,2678366.126422,0.0355963302752294,0.126605504587156,0.0388990825688073,0.152110091743119,0.0368807339449541,0.609908256880734
233773.411807,2678366.126422,0.0911759310218309,0.0739313887360117,0.000550357732526142,0.0669601907906806,0.0465969546872134,0.720785177031737
234273.411807,2678366.126422,0.546703296703297,0.0364468864468864,0.00622710622710623,0.0631868131868132,0.0619047619047619,0.285531135531136
234773.411807,2678366.126422,0.619449541284404,0.0289908256880734,0,0.00146788990825688,0.00165137614678899,0.348440366972477
235273.411807,2678366.126422,0.543019629425793,0.0155934690882407,0,0.000183452577508714,0.000550357732526142,0.440653091175931
235773.411807,2678366.126422,0.472161172161172,0.00347985347985348,0,0,0.000366300366300366,0.523992673992674
236273.411807,2678366.126422,0.511926605504587,0.000917431192660551,0,0,0.00110091743119266,0.48605504587156
236773.411807,2678366.126422,0.440286186020914,0.00220143093010457,0,0,0.000550357732526142,0.556962025316456
237273.411807,2678366.126422,0.581166772352568,0.0082435003170577,0,0.00253646163601776,0.00443880786303107,0.403614457831325
224773.411807,2677866.126422,0.608350305498982,0.00122199592668024,0,0.00672097759674134,0.0116089613034623,0.372097759674134
225273.411807,2677866.126422,0.408690869086909,0.00293362669600293,0,0.00843417675100843,0.017968463513018,0.561972863953062
225773.411807,2677866.126422,0.62985347985348,0.00164835164835165,0,0.0102564102564103,0.0153846153846154,0.342857142857143
226273.411807,2677866.126422,0.428937728937729,0.000366300366300366,0,0.00476190476190476,0.00549450549450549,0.56043956043956
226773.411807,2677866.126422,0.518518518518518,0.00806747341400807,0,0.0232856618995233,0.115694902823616,0.334433443344334
227273.411807,2677866.126422,0.604395604395604,0,0,0,0.000183150183150183,0.395421245421245
227773.411807,2677866.126422,0.623443223443223,0.00293040293040293,0,0.00238095238095238,0.00421245421245421,0.367032967032967
228273.411807,2677866.126422,0.51008434176751,0.0011001100110011,0,0.00495049504950495,0.0115511551155116,0.472313898056472
228773.411807,2677866.126422,0.253846153846154,0.0884615384615385,0,0.128388278388278,0.129487179487179,0.39981684981685
229273.411807,2677866.126422,0.141575091575092,0.082967032967033,0.0133699633699634,0.259157509157509,0.154761904761905,0.348168498168498
229773.411807,2677866.126422,0.146864686468647,0.0887422075540887,0.028969563623029,0.0815914924825816,0.147231389805647,0.506600660066007
230273.411807,2677866.126422,0.183333333333333,0.147252747252747,0.0142857142857143,0.234981684981685,0.12967032967033,0.29047619047619
230773.411807,2677866.126422,0.208424908424908,0.115934065934066,0.0021978021978022,0.0836996336996337,0.0926739926739927,0.497069597069597
231273.411807,2677866.126422,0.135313531353135,0.0982764943160983,0.0077007700770077,0.133846718005134,0.141180784745141,0.483681701503484
231773.411807,2677866.126422,0.18974358974359,0.0510989010989011,0.00128205128205128,0.192673992673993,0.0948717948717949,0.47032967032967
232273.411807,2677866.126422,0.213553113553114,0.03003663003663,0,0.0194139194139194,0.0261904761904762,0.710805860805861
232773.411807,2677866.126422,0.00183351668500183,0.207554088742208,0.211954528786212,0.249358269160249,0.057022368903557,0.272277227722772
233273.411807,2677866.126422,0.0221611721611722,0.0379120879120879,0.38003663003663,0.27967032967033,0.0357142857142857,0.244505494505494
233773.411807,2677866.126422,0.11025641025641,0.0587912087912088,0.00293040293040293,0.119230769230769,0.0787545787545788,0.63003663003663
234273.411807,2677866.126422,0.705720572057206,0.0612394572790612,0,0,0.00146681334800147,0.231573157315732
234773.411807,2677866.126422,0.393956043956044,0.408608058608059,0,0,0.000183150183150183,0.197252747252747
235273.411807,2677866.126422,0.462454212454212,0.162087912087912,0,0,0.00146520146520147,0.373992673992674
235773.411807,2677866.126422,0.638980564723139,0.0788412174550788,0,0,0.000183351668500183,0.281994866153282
236273.411807,2677866.126422,0.514652014652015,0.36996336996337,0,0.000366300366300366,0.000549450549450549,0.114468864468864
236773.411807,2677866.126422,0.390842490842491,0.045970695970696,0,0.000732600732600733,0.00201465201465201,0.56043956043956
237273.411807,2677866.126422,0.876903553299492,0.105964467005076,0,0,0,0.0171319796954315
224773.411807,2677366.126422,0.616561289006731,0.000611870283499898,0,0.0173363246991638,0.0240668978176627,0.341423618192943
225273.411807,2677366.126422,0.408282939343962,0.0104452996151732,0,0.0404984423676012,0.0711013377313542,0.469671980941909
225773.411807,2677366.126422,0.599376032299505,0.00495503762158194,0,0.0133969535694623,0.0311983850247752,0.351073591484676
226273.411807,2677366.126422,0.561158995048597,0.00586832935998533,0,0.00348432055749129,0.00385109114249037,0.425637263891436
226773.411807,2677366.126422,0.49441084845153,0.00311526479750779,0,0.0317024005864028,0.0826461425691772,0.388125343595382
227273.411807,2677366.126422,0.508717195815746,0.000550559735731327,0,0.00458799779776106,0.0108276748027161,0.475316571848045
227773.411807,2677366.126422,0.620575829818449,0.00146708233999633,0,0.022006235099945,0.0262240968274344,0.329726755914176
228273.411807,2677366.126422,0.483049294484149,0.00164925783397471,0,0.00623052959501558,0.0144768187648891,0.494594099321972
228773.411807,2677366.126422,0.501192879427418,0.0434942191227748,0,0.019086070838686,0.0640484492567444,0.372178381354377
229273.411807,2677366.126422,0.452594901888869,0.0150375939849624,0.00110031175499725,0.0245736291949386,0.0412616908123968,0.465431872363836
229773.411807,2677366.126422,0.164925783397471,0.0494777350192413,0.047645226314825,0.226681326736302,0.166391790361004,0.344878138171156
230273.411807,2677366.126422,0.0789135621214902,0.0739585244999082,0.025325747843641,0.134703615342265,0.116902183886952,0.570196366305744
230773.411807,2677366.126422,0.0564826700898588,0.405098111131487,0.000183385292499542,0.0808729139922978,0.104529616724739,0.352833302769118
231273.411807,2677366.126422,0.0573575224482316,0.293567894447499,0.0238226131574125,0.0480117280557083,0.0734835990470955,0.503756642844054
231773.411807,2677366.126422,0.145531290144981,0.0570746926041475,0,0.0528537346302074,0.0712057258212516,0.673334556799413
232273.411807,2677366.126422,0.333577847056666,0.0192554557124519,0.00238400880249404,0.0223730056849441,0.035209976159912,0.587199706583532
232773.411807,2677366.126422,0.00348176653839106,0.0397654388858347,0.201942459226681,0.297416162726773,0.116914055341763,0.340480117280557
233273.411807,2677366.126422,0.000367039823820885,0.0906588364837585,0.21141493852083,0.467425215635897,0.0807487612405946,0.1493852082951
233773.411807,2677366.126422,0.0761048963873097,0.100678525582248,0.0144874381074638,0.336695397029158,0.0909591050797726,0.381074637814047
234273.411807,2677366.126422,0.268645776067436,0.0800806303829943,0,0.00403151914971596,0.009529045262965,0.637713029136888
234773.411807,2677366.126422,0.414571481005689,0.134887135254175,0,0.000550559735731327,0.00220223894292531,0.447788585061479
235273.411807,2677366.126422,0.166330460297084,0.415551072803961,0,0.00110031175499725,0.00201723821749496,0.415000916926463
235773.411807,2677366.126422,0.529228513835441,0.291552134872641,0,0.000183250870441635,0.00293201392706615,0.176104086494411
236273.411807,2677366.126422,0.438979629289778,0.200770783630024,0,0.00165167920719398,0.00256927876674619,0.356028629106258
236773.411807,2677366.126422,0.520630845406198,0.152209792774619,0,0,0.000550155877498625,0.326609205941683
237273.411807,2677366.126422,0.722715736040609,0.213515228426396,0,0,0,0.0637690355329949
224773.411807,2676866.126422,0.51784621660208,0.00489496226799918,0,0.0344686926371609,0.047725882112992,0.395064246379768
225273.411807,2676866.126422,0.513003663003663,0.0032967032967033,0,0.00934065934065934,0.00860805860805861,0.465750915750916
225773.411807,2676866.126422,0.53045871559633,0.00697247706422018,0,0.021651376146789,0.0678899082568807,0.37302752293578
226273.411807,2676866.126422,0.24252430746652,0.0366905155017428,0,0.0588882773802972,0.145294441386901,0.516602458264539
226773.411807,2676866.126422,0.259157509157509,0.0423076923076923,0,0.056043956043956,0.124358974358974,0.518131868131868
227273.411807,2676866.126422,0.209174311926606,0.0176146788990826,0,0.0647706422018349,0.168073394495413,0.540366972477064
227773.411807,2676866.126422,0.446156668501192,0.0113740598055403,0,0.00935608145294441,0.0625573289304715,0.470555861309851
228273.411807,2676866.126422,0.462271062271062,0.0221611721611722,0,0.00750915750915751,0.0212454212454212,0.486813186813187
228773.411807,2676866.126422,0.472660550458716,0.00220183486238532,0,0.00293577981651376,0.0055045871559633,0.516697247706422
229273.411807,2676866.126422,0.634929370757659,0.0144927536231884,0,0.001284168042561,0.00220143093010457,0.347092276646487
229773.411807,2676866.126422,0.43956043956044,0.028021978021978,0.0446886446886447,0.134249084249084,0.0611721611721612,0.292307692307692
230273.411807,2676866.126422,0.134311926605505,0.0486238532110092,0.0148623853211009,0.207706422018349,0.123302752293578,0.471192660550459
230773.411807,2676866.126422,0.0704457897633462,0.24105668684645,0.0649422124380847,0.196477710511833,0.0908090258668134,0.336268574573473
231273.411807,2676866.126422,0.0514652014652015,0.16007326007326,0.0271062271062271,0.104029304029304,0.0842490842490843,0.573076923076923
231773.411807,2676866.126422,0.169357798165138,0.0300917431192661,0.00642201834862385,0.071743119266055,0.0825688073394495,0.639816513761468
232273.411807,2676866.126422,0.425976884975234,0.0354063474591818,0,0.0126582278481013,0.0313703907539901,0.494588148963493
232773.411807,2676866.126422,0.0954212454212454,0.0305860805860806,0.282051282051282,0.408058608058608,0.0228937728937729,0.160989010989011
233273.411807,2676866.126422,0.0165137614678899,0.108990825688073,0.10697247706422,0.377247706422018,0.0563302752293578,0.33394495412844
233773.411807,2676866.126422,0.0952118877270226,0.133920381581361,0,0.0188956154833975,0.0333883691065859,0.718583746101633
234273.411807,2676866.126422,0.223443223443223,0.0401098901098901,0,0.0021978021978022,0.00549450549450549,0.728754578754579
234773.411807,2676866.126422,0.307522935779816,0.0513761467889908,0,0.000917431192660551,0.00238532110091743,0.637798165137615
235273.411807,2676866.126422,0.215189873417722,0.12272977435333,0,0.00091726288754357,0.0137589433131535,0.647404146028252
235773.411807,2676866.126422,0.659340659340659,0.223076923076923,0,0,0.000366300366300366,0.117216117216117
