"x","y","forest","agri","water","built","other","grass"
288273.411807,2710366.126422,0.958542713567839,0.00175879396984925,0,0,0,0.0396984924623116
288773.411807,2710366.126422,0.954934541792548,0.0080563947633434,0,0,0,0.0370090634441088
289273.411807,2710366.126422,0.901082305562547,0.0123332494336773,0,0.00503397936068462,0.00251698968034231,0.0790334759627486
289773.411807,2710366.126422,0.938693467336683,0,0,0.000753768844221105,0.00125628140703518,0.0592964824120603
290273.411807,2710366.126422,0.878902316213494,0.00881168177240685,0,0.00251762336354481,0.000755287009063444,0.10901309164149
290773.411807,2710366.126422,0.949911905361188,0.00855776491316386,0,0,0,0.0415303297256481
291273.411807,2710366.126422,0.984924623115578,0.00326633165829146,0,0,0,0.0118090452261307
291773.411807,2710366.126422,0.966515609264854,0.00251762336354481,0,0,0,0.0309667673716012
292273.411807,2710366.126422,0.945129624968538,0.00906116284923232,0,0,0,0.0458092121822301
292773.411807,2710366.126422,0.939698492462312,0.000753768844221105,0,0,0,0.0595477386934673
293273.411807,2710366.126422,0.725327291037261,0.0375125881168177,0.0453172205438066,0.066968781470292,0.0196374622356495,0.105236656596173
293773.411807,2710366.126422,0.0563805688396678,0.0840674553234332,0.300528567832872,0.442486785804178,0.0259249937075258,0.0906116284923232
294273.411807,2710366.126422,0.941959798994975,0.0228643216080402,0.00050251256281407,0.00477386934673367,0.00301507537688442,0.0268844221105528
294773.411807,2710366.126422,0.947129909365559,0.0146022155085599,0,0,0,0.0382678751258812
295273.411807,2710366.126422,0.821797130631764,0.0979108985653159,0.0100679587213692,0.0040271834885477,0.00528567832871885,0.0609111502642839
295773.411807,2710366.126422,0.767587939698492,0.092713567839196,0.0886934673366834,0.00050251256281407,0.00226130653266332,0.0482412060301508
296273.411807,2710366.126422,0.801359516616314,0.0777945619335347,0.0898791540785498,0.00352467270896274,0.00981873111782477,0.0176233635448137
296773.411807,2710366.126422,0.983639567077775,0.00453058142461616,0,0,0,0.0118298514976089
297273.411807,2710366.126422,0.939195979899497,0.00201005025125628,0,0,0,0.0587939698492462
297773.411807,2710366.126422,0.91968781470292,0.013595166163142,0,0,0,0.0667170191339376
298273.411807,2710366.126422,0.924993707525799,0.0140951422099169,0,0.0040271834885477,0.0040271834885477,0.0528567832871885
298773.411807,2710366.126422,0.815075376884422,0.0979899497487437,0.000251256281407035,0.00753768844221105,0.00477386934673367,0.0743718592964824
299273.411807,2710366.126422,0.967522658610272,0.0161127895266868,0,0,0,0.0163645518630413
299773.411807,2710366.126422,0.958721369242386,0.029448779260005,0,0,0,0.0118298514976089
300273.411807,2710366.126422,0.972361809045226,0.00879396984924623,0,0,0,0.0188442211055276
288273.411807,2709866.126422,0.982051282051282,0.000732600732600733,0,0,0,0.0172161172161172
288773.411807,2709866.126422,0.936330275229358,0.00422018348623853,0,0,0,0.0594495412844037
289273.411807,2709866.126422,0.945881489634929,0.000366905155017428,0,0,0.000183452577508714,0.0535681526325445
289773.411807,2709866.126422,0.841941391941392,0.030952380952381,0.00787545787545788,0.0117216117216117,0.00989010989010989,0.0976190476190476
290273.411807,2709866.126422,0.869174311926606,0.0245871559633028,0.00018348623853211,0.00385321100917431,0.00403669724770642,0.0981651376146789
290773.411807,2709866.126422,0.940928270042194,0,0,0,0,0.0590717299578059
291273.411807,2709866.126422,0.960805860805861,0,0,0,0,0.0391941391941392
291773.411807,2709866.126422,0.926238532110092,0,0,0,0,0.0737614678899083
292273.411807,2709866.126422,0.965144010273344,0,0,0,0,0.0348559897266557
292773.411807,2709866.126422,0.650915750915751,0.15952380952381,0,0.109157509157509,0.00805860805860806,0.0723443223443224
293273.411807,2709866.126422,0.0418348623853211,0.287155963302752,0.345871559633028,0.222935779816514,0.066605504587156,0.0355963302752294
293773.411807,2709866.126422,0.763713080168776,0.0700788846083287,0.094294624839479,0.0451293340671436,0.00623738763529628,0.020546688680976
294273.411807,2709866.126422,0.913186813186813,0.0377289377289377,0.000183150183150183,0.00146520146520147,0.00146520146520147,0.045970695970696
294773.411807,2709866.126422,0.958348623853211,0.00256880733944954,0,0,0,0.0390825688073395
295273.411807,2709866.126422,0.864978902953586,0.0728306732709595,0.00110071546505228,0.00201797835259585,0.000733810310034856,0.0583379196477711
295773.411807,2709866.126422,0.914285714285714,0.0313186813186813,0,0.000183150183150183,0.000366300366300366,0.0538461538461538
296273.411807,2709866.126422,0.964954128440367,0.00899082568807339,0,0,0,0.0260550458715596
296773.411807,2709866.126422,0.991194276279582,0.000366905155017428,0,0,0,0.00843881856540084
297273.411807,2709866.126422,0.965384615384615,0.00824175824175824,0.0126373626373626,0.000915750915750916,0.0010989010989011,0.0117216117216117
297773.411807,2709866.126422,0.972660550458716,0.00623853211009174,0,0,0,0.0211009174311927
298273.411807,2709866.126422,0.970831040176114,0.0159603742432581,0,0,0,0.0132085855806274
298773.411807,2709866.126422,0.941575091575092,0.00531135531135531,0.000549450549450549,0.00256410256410256,0.00256410256410256,0.0474358974358974
299273.411807,2709866.126422,0.991192660550459,0.00422018348623853,0,0,0,0.00458715596330275
299773.411807,2709866.126422,0.940744817464685,0.0460465969546872,0,0,0.000183452577508714,0.0130251330031187
300273.411807,2709866.126422,0.978021978021978,0.000732600732600733,0,0,0,0.0212454212454212
288273.411807,2709366.126422,0.944444444444444,0.0192519251925193,0,0.000183351668500183,0,0.0361202786945361
288773.411807,2709366.126422,0.904945054945055,0.0186813186813187,0,0.000549450549450549,0.00238095238095238,0.0734432234432234
289273.411807,2709366.126422,0.760622710622711,0.0871794871794872,0.023992673992674,0.0120879120879121,0.00714285714285714,0.108974358974359
289773.411807,2709366.126422,0.807480748074808,0.0856252291895856,0.0214521452145215,0.0407040704070407,0.00953428676200953,0.0352035203520352
290273.411807,2709366.126422,0.915384615384615,0.0507326007326007,0.000366300366300366,0.00421245421245421,0.00164835164835165,0.0276556776556777
290773.411807,2709366.126422,0.85,0.028021978021978,0.00952380952380952,0.0122710622710623,0.00512820512820513,0.0950549450549451
291273.411807,2709366.126422,0.839200586725339,0.024019068573524,0.0249358269160249,0.0144847818115145,0.00971763843050972,0.0876420975430876
291773.411807,2709366.126422,0.931684981684982,0.00128205128205128,0,0,0.0010989010989011,0.0659340659340659
292273.411807,2709366.126422,0.960989010989011,0.000366300366300366,0,0,0,0.0386446886446886
292773.411807,2709366.126422,0.172900623395673,0.272277227722772,0.183535020168684,0.153832049871654,0.0177851118445178,0.1996699669967
293273.411807,2709366.126422,0.582051282051282,0.0296703296703297,0.138644688644689,0.213919413919414,0.00677655677655678,0.0289377289377289
293773.411807,2709366.126422,0.714468864468864,0.0452380952380952,0,0.0122710622710623,0.0157509157509158,0.212271062271062
294273.411807,2709366.126422,0.931976530986432,0.0430876420975431,0,0,0,0.0249358269160249
294773.411807,2709366.126422,0.953663003663004,0.0384615384615385,0,0,0,0.00787545787545788
295273.411807,2709366.126422,0.952380952380952,0.00476190476190476,0,0,0,0.0428571428571429
295773.411807,2709366.126422,0.939493949394939,0.035020168683535,0,0.000183351668500183,0,0.0253025302530253
296273.411807,2709366.126422,0.915750915750916,0.0412087912087912,0,0,0,0.043040293040293
296773.411807,2709366.126422,0.966849816849817,0.0183150183150183,0,0,0,0.0148351648351648
297273.411807,2709366.126422,0.984415108177484,0.00421708837550422,0.000366703337000367,0,0.000366703337000367,0.0106343967730106
297773.411807,2709366.126422,0.958974358974359,0.0163003663003663,0,0,0,0.0247252747252747
298273.411807,2709366.126422,0.984981684981685,0.0133699633699634,0,0,0,0.00164835164835165
298773.411807,2709366.126422,0.959479281261459,0.0306197286395306,0.0022002200220022,0,0,0.0077007700770077
299273.411807,2709366.126422,0.970879120879121,0.0102564102564103,0,0,0,0.0188644688644689
299773.411807,2709366.126422,0.992490842490843,0.0010989010989011,0,0,0,0.00641025641025641
300273.411807,2709366.126422,0.972313898056472,0.000916758342500917,0,0,0,0.0267693436010268
288273.411807,2708866.126422,0.946124244090159,0,0,0,0,0.0538757559098406
288773.411807,2708866.126422,0.919251238759405,0.022389429253074,0,0,0.000367039823820885,0.0579922921636998
289273.411807,2708866.126422,0.899138089125252,0.0254905556574363,0,0,0,0.0753713552173116
289773.411807,2708866.126422,0.947773501924134,0.0201575957485798,0,0,0,0.0320689023272861
290273.411807,2708866.126422,0.922738117085704,0.0234905487245366,0,0,0.000183519911910442,0.0535878142778491
290773.411807,2708866.126422,0.805978360535485,0.111314872547222,0.00861910874747845,0.000916926462497708,0.00201723821749496,0.0711534934898221
291273.411807,2708866.126422,0.922118380062305,0.0351841671247938,0.000183250870441635,0,0,0.0425142019424592
291773.411807,2708866.126422,0.878876858139108,0.0532207744540283,0.0416590200036704,0.00385391815011929,0.00330335841438796,0.019086070838686
292273.411807,2708866.126422,0.718136805428205,0.0135705116449661,0.0374105996699065,0.161379057399597,0.0097194205024757,0.0597836053548505
292773.411807,2708866.126422,0.0536925050393989,0.0553417628733736,0.408832691955287,0.455011911306579,0.00678028220634048,0.0203408466190214
293273.411807,2708866.126422,0.689851348871353,0.0295467058175812,0.0179849513672233,0.16186456230501,0.0310148651128647,0.0697375665259681
293773.411807,2708866.126422,0.716486337795709,0.0304419585549239,0.0161379057399597,0.0799559875298001,0.0163212910324592,0.140656519347148
294273.411807,2708866.126422,0.963716327652556,0.00219901044529962,0,0,0.000549752611324904,0.0335349092908191
294773.411807,2708866.126422,0.909708203340062,0.0012846393833731,0,0,0,0.0890071572765645
295273.411807,2708866.126422,0.802494039977994,0.013203741059967,0,0,0,0.184302218962039
295773.411807,2708866.126422,0.981491662085395,0.00183250870441635,0,0.000183250870441635,0,0.0164925783397471
296273.411807,2708866.126422,0.974123692420628,0.00422095797394017,0,0,0,0.0216553496054322
296773.411807,2708866.126422,0.960755547405098,0.00403447643498991,0.000183385292499542,0.000183385292499542,0.000733541169998166,0.0341096644049147
297273.411807,2708866.126422,0.99102070734836,0.00201575957485798,0,0,0,0.00696353307678211
297773.411807,2708866.126422,0.985868966782896,0.00789135621214902,0,0,0,0.00623967700495504
298273.411807,2708866.126422,1,0,0,0,0,0
298773.411807,2708866.126422,0.987172439069086,0.00366501740883269,0,0,0,0.00916254352208173
299273.411807,2708866.126422,0.944576986603046,0.0150486327766563,0.00458799779776106,0.000183519911910442,0.000183519911910442,0.0354193429987154
299773.411807,2708866.126422,0.984595635430038,0.000550155877498625,0,0,0,0.0148542086924629
300273.411807,2708866.126422,0.952538024555617,0.015026571376214,0,0,0,0.0324354040681693
288273.411807,2708366.126422,0.860989010989011,0.0106227106227106,0.00238095238095238,0.0126373626373626,0.00457875457875458,0.108791208791209
288773.411807,2708366.126422,0.875229357798165,0.0148623853211009,0.0110091743119266,0.00403669724770642,0.00495412844036697,0.0899082568807339
289273.411807,2708366.126422,0.922583012291323,0.00165107319757843,0,0.00275178866263071,0.00183452577508714,0.071179600073381
289773.411807,2708366.126422,0.954761904761905,0,0,0,0,0.0452380952380952
290273.411807,2708366.126422,0.922752293577982,0.00330275229357798,0,0,0,0.0739449541284404
290773.411807,2708366.126422,0.931755641166758,0.0104567969179967,0,0,0,0.0577875619152449
291273.411807,2708366.126422,0.954395604395604,0.0333333333333333,0,0,0,0.0122710622710623
291773.411807,2708366.126422,0.917431192660551,0.0155963302752294,0,0.00146788990825688,0.0018348623853211,0.0636697247706422
292273.411807,2708366.126422,0.120711796000734,0.191707943496606,0.176297926985874,0.344157035406347,0.0212804989910108,0.145844799119428
292773.411807,2708366.126422,0.558791208791209,0.0472527472527473,0.0998168498168498,0.254945054945055,0.00805860805860806,0.0311355311355311
293273.411807,2708366.126422,0.953577981651376,0.0322935779816514,0,0,0,0.0141284403669725
293773.411807,2708366.126422,0.938359933957072,0.0449458814896349,0,0,0,0.016694184553293
294273.411807,2708366.126422,0.72967032967033,0.125641025641026,0.030952380952381,0.00531135531135531,0.00714285714285714,0.101282051282051
294773.411807,2708366.126422,0.79651376146789,0.0192660550458716,0.00788990825688073,0.0111926605504587,0.0073394495412844,0.157798165137615
295273.411807,2708366.126422,0.892680242157402,0.0176114474408365,0,0.000366905155017428,0.000366905155017428,0.0889745000917263
295773.411807,2708366.126422,0.90018315018315,0.00879120879120879,0,0,0,0.091025641025641
296273.411807,2708366.126422,0.967706422018349,0.00385321100917431,0,0,0,0.0284403669724771
296773.411807,2708366.126422,0.904604659695469,0.0339387268391121,0.002568336085122,0.00330214639515685,0.00421940928270042,0.0513667217024399
297273.411807,2708366.126422,0.986630036630037,0.00347985347985348,0,0,0,0.00989010989010989
297773.411807,2708366.126422,0.974678899082569,0.0152293577981651,0,0,0,0.0100917431192661
298273.411807,2708366.126422,0.938176481379563,0.00990643918547056,0.000366905155017428,0,0.000183452577508714,0.0513667217024399
298773.411807,2708366.126422,0.924358974358974,0.00604395604395604,0,0,0,0.0695970695970696
299273.411807,2708366.126422,0.988440366972477,0.00073394495412844,0,0,0,0.0108256880733945
299773.411807,2708366.126422,0.983305815446707,0.00440286186020914,0,0,0,0.0122913226930838
300273.411807,2708366.126422,0.978937728937729,0.00402930402930403,0,0,0,0.017032967032967
288273.411807,2707866.126422,0.835533553355336,0.0212687935460213,0.00238357169050238,0.0111844517785112,0.00935093509350935,0.12027869453612
288773.411807,2707866.126422,0.899450549450549,0.01996336996337,0.000183150183150183,0.00293040293040293,0.0043956043956044,0.0730769230769231
289273.411807,2707866.126422,0.925274725274725,0.00989010989010989,0,0,0.000183150183150183,0.0646520146520147
289773.411807,2707866.126422,0.948478181151448,0.00128346167950128,0,0,0,0.0502383571690502
290273.411807,2707866.126422,0.921062271062271,0,0,0,0,0.0789377289377289
290773.411807,2707866.126422,0.94981684981685,0.0249084249084249,0,0,0.000915750915750916,0.0243589743589744
291273.411807,2707866.126422,0.826732673267327,0.0784745141180785,0,0.00586725339200587,0.00275027502750275,0.0861752841950862
291773.411807,2707866.126422,0.408791208791209,0.253846153846154,0.0168498168498168,0.11996336996337,0.0194139194139194,0.181135531135531
292273.411807,2707866.126422,0.105860805860806,0.0736263736263736,0.370879120879121,0.3496336996337,0.0106227106227106,0.0893772893772894
292773.411807,2707866.126422,0.894939493949395,0.0427209387605427,0.000366703337000367,0.0245691235790246,0.0033003300330033,0.0341034103410341
293273.411807,2707866.126422,0.947802197802198,0.0380952380952381,0,0,0,0.0141025641025641
293773.411807,2707866.126422,0.962087912087912,0.0172161172161172,0,0,0,0.0206959706959707
294273.411807,2707866.126422,0.852218555188852,0.00458379171250458,0.0044004400440044,0.00201686835350202,0.00183351668500183,0.134946828016135
294773.411807,2707866.126422,0.871611721611722,0.0153846153846154,0.0152014652014652,0.00952380952380952,0.010989010989011,0.0772893772893773
295273.411807,2707866.126422,0.641941391941392,0.186630036630037,0.0496336996336996,0.0124542124542125,0.0128205128205128,0.0965201465201465
295773.411807,2707866.126422,0.960762742940961,0.0126512651265127,0,0,0,0.0265859919325266
296273.411807,2707866.126422,0.914102564102564,0.0172161172161172,0,0,0,0.0686813186813187
296773.411807,2707866.126422,0.97032967032967,0.0184981684981685,0,0.000366300366300366,0,0.0108058608058608
297273.411807,2707866.126422,0.942977631096443,0.0251191785845251,0,0,0,0.0319031903190319
297773.411807,2707866.126422,0.988095238095238,0.00238095238095238,0,0,0,0.00952380952380952
298273.411807,2707866.126422,0.656959706959707,0.0128205128205128,0,0,0,0.33021978021978
298773.411807,2707866.126422,0.627062706270627,0.0143014301430143,0,0,0,0.358635863586359
299273.411807,2707866.126422,0.622710622710623,0.000549450549450549,0,0,0,0.376739926739927
299773.411807,2707866.126422,0.962271062271062,0.021978021978022,0.000915750915750916,0.00128205128205128,0.0010989010989011,0.0124542124542125
300273.411807,2707866.126422,0.965163182984965,0.0256692335900257,0,0,0,0.00916758342500917
288273.411807,2707366.126422,0.842954004031519,0.0639545537841305,0.00128275609309144,0.00659703133589885,0.00733003481766538,0.0778816199376947
288773.411807,2707366.126422,0.938337309598091,0.00440447788585061,0,0,0.000367039823820885,0.0568911726922371
289273.411807,2707366.126422,0.913625527232716,0.000183385292499542,0,0,0,0.0861910874747845
289773.411807,2707366.126422,0.702583837273227,0.0791643760307861,0,0.0137438152831226,0.0232728605460876,0.181235110866777
290273.411807,2707366.126422,0.764176913195082,0.0776289227381171,0,0.00238575885483575,0.00275279867865663,0.153055606533309
290773.411807,2707366.126422,0.940583165230149,0.00861910874747845,0,0,0,0.050797726022373
291273.411807,2707366.126422,0.371449514385193,0.151914971596115,0,0.114898295766905,0.0428807036833425,0.318856514568444
291773.411807,2707366.126422,0.134887135254175,0.260231235089007,0.192145347770233,0.177280234905487,0.0310148651128647,0.204441181868233
292273.411807,2707366.126422,0.856225930680359,0.0669356317623327,0.0302585732624244,0.0251237850724372,0.00568494406748579,0.0157711351549606
292773.411807,2707366.126422,0.943741982774418,0.0370166758292102,0,0,0,0.0192413413963716
293273.411807,2707366.126422,0.947513305193614,0.0363369425582676,0,0,0,0.0161497522481189
293773.411807,2707366.126422,0.882083256922795,0.0157711351549606,0.00330093526499175,0.00403447643498991,0.00311754997249221,0.0916926462497708
294273.411807,2707366.126422,0.916620853949056,0.0362836723474437,0,0.000733003481766538,0.000916254352208173,0.0454462158695254
294773.411807,2707366.126422,0.747843641035052,0.118186823270325,0.0144980730409249,0.00550559735731327,0.00513855753349238,0.108827307762892
295273.411807,2707366.126422,0.867595818815331,0.0313588850174216,0.000550155877498625,0.00165046763249587,0.00128369704749679,0.0975609756097561
295773.411807,2707366.126422,0.905259299981675,0.062671797691039,0.000733003481766538,0,0.000183250870441635,0.0311526479750779
296273.411807,2707366.126422,0.915030280785465,0.0546889337493118,0,0.00238575885483575,0.000734079647641769,0.0271609469627455
296773.411807,2707366.126422,0.971391894370072,0.00990280579497524,0,0,0,0.0187052998349532
297273.411807,2707366.126422,0.974528129008613,0.0197910940076965,0,0,0,0.00568077698369067
297773.411807,2707366.126422,0.91723251972839,0.0515690952468343,0,0,0,0.0311983850247752
298273.411807,2707366.126422,0.730056849440675,0.0163212910324592,0,0.000366770584999083,0.000366770584999083,0.252888318356868
298773.411807,2707366.126422,0.706798607293385,0.0113615539673813,0,0,0,0.281839838739234
299273.411807,2707366.126422,0.678106074509084,0,0,0,0,0.321893925490916
299773.411807,2707366.126422,0.83587016321291,0.00843572345497891,0,0,0,0.155694113332111
300273.411807,2707366.126422,0.958951805021074,0.00109950522264981,0,0,0,0.0399486897562763
288273.411807,2706866.126422,0.946703296703297,0.00201465201465201,0,0,0,0.0512820512820513
288773.411807,2706866.126422,0.779266055045872,0.0159633027522936,0.0211009174311927,0.0546788990825688,0.0198165137614679,0.109174311926606
289273.411807,2706866.126422,0.605576958356265,0.0720968629609246,0.0495321959273528,0.0645753072830673,0.0133920381581361,0.194826637314254
289773.411807,2706866.126422,0.3996336996337,0.218498168498168,0,0.0756410256410256,0.030952380952381,0.275274725274725
290273.411807,2706866.126422,0.657614678899083,0.153577981651376,0,0.00293577981651376,0.00165137614678899,0.184220183486239
290773.411807,2706866.126422,0.190423775454045,0.279765180700789,0.00091726288754357,0.117593102183086,0.0374243258117777,0.373876352962759
291273.411807,2706866.126422,0.180586080586081,0.275824175824176,0.0990842490842491,0.202564102564103,0.0326007326007326,0.209340659340659
291773.411807,2706866.126422,0.516880733944954,0.0741284403669725,0.207522935779817,0.0688073394495413,0.011743119266055,0.120917431192661
292273.411807,2706866.126422,0.927169326729041,0.0212804989910108,0,0,0,0.0515501742799486
292773.411807,2706866.126422,0.935164835164835,0.0282051282051282,0,0,0,0.0366300366300366
293273.411807,2706866.126422,0.993211009174312,0.00330275229357798,0,0,0,0.00348623853211009
293773.411807,2706866.126422,0.906989543203082,0.0409099247844432,0.00275178866263071,0.000550357732526142,0.00165107319757843,0.0471473124197395
294273.411807,2706866.126422,0.875274725274725,0.013003663003663,0.000732600732600733,0.00238095238095238,0.00164835164835165,0.106959706959707
294773.411807,2706866.126422,0.949357798165138,0.0359633027522936,0,0,0,0.0146788990825688
295273.411807,2706866.126422,0.843331498807558,0.0267840763162722,0.00513667217024399,0.00513667217024399,0.00587048248027885,0.113740598055403
295773.411807,2706866.126422,0.912087912087912,0.0283882783882784,0,0.00201465201465201,0.00238095238095238,0.0551282051282051
296273.411807,2706866.126422,0.981834862385321,0.0165137614678899,0,0,0,0.00165137614678899
296773.411807,2706866.126422,0.977068427811411,0.0168776371308017,0,0,0,0.00605393505778756
297273.411807,2706866.126422,0.98021978021978,0.00622710622710623,0,0,0,0.0135531135531136
297773.411807,2706866.126422,0.866238532110092,0.0018348623853211,0,0,0,0.131926605504587
298273.411807,2706866.126422,0.755457714180884,0.00220143093010457,0,0,0,0.242340854889011
298773.411807,2706866.126422,0.824725274725275,0.000732600732600733,0,0,0,0.174542124542125
299273.411807,2706866.126422,0.900917431192661,0.00862385321100917,0.00110091743119266,0.00330275229357798,0.00201834862385321,0.0840366972477064
299773.411807,2706866.126422,0.920748486516236,0.00550357732526142,0,0.00091726288754357,0.000366905155017428,0.072463768115942
300273.411807,2706866.126422,0.952197802197802,0,0,0,0,0.0478021978021978
288273.411807,2706366.126422,0.678951228456179,0.0608727539420609,0.0533553355335534,0.124679134580125,0.0161349468280161,0.066006600660066
288773.411807,2706366.126422,0.766849816849817,0.0765567765567766,0.0111721611721612,0.0357142857142857,0.00879120879120879,0.100915750915751
289273.411807,2706366.126422,0.66043956043956,0.0791208791208791,0.0527472527472527,0.0201465201465201,0.0157509157509158,0.171794871794872
289773.411807,2706366.126422,0.456178951228456,0.107077374404107,0.17033370003667,0.171617161716172,0.0245691235790246,0.0702236890355702
290273.411807,2706366.126422,0.195604395604396,0.167582417582418,0.0285714285714286,0.0613553113553114,0.0210622710622711,0.525824175824176
290773.411807,2706366.126422,0.244688644688645,0.271794871794872,0.0631868131868132,0.126923076923077,0.0285714285714286,0.264835164835165
291273.411807,2706366.126422,0.207187385405207,0.132196552988632,0.422442244224422,0.174550788412175,0.0146681334800147,0.048954895489549
291773.411807,2706366.126422,0.930586080586081,0.0168498168498168,0.00915750915750916,0.00366300366300366,0.00146520146520147,0.0382783882783883
292273.411807,2706366.126422,0.823626373626374,0.0159340659340659,0.00897435897435897,0.010989010989011,0.00604395604395604,0.134432234432234
292773.411807,2706366.126422,0.946461312797946,0.00275027502750275,0,0,0,0.0507884121745508
293273.411807,2706366.126422,0.981501831501831,0.000549450549450549,0,0,0,0.0179487179487179
293773.411807,2706366.126422,0.88974358974359,0.0181318681318681,0,0.000915750915750916,0.000549450549450549,0.0906593406593407
294273.411807,2706366.126422,0.808580858085809,0.105427209387605,0.0066006600660066,0.00293362669600293,0.0022002200220022,0.0742574257425743
294773.411807,2706366.126422,0.877472527472527,0.032967032967033,0.00494505494505494,0.00494505494505494,0.00512820512820513,0.0745421245421245
295273.411807,2706366.126422,0.82032967032967,0.0956043956043956,0.0119047619047619,0.00879120879120879,0.00586080586080586,0.0575091575091575
295773.411807,2706366.126422,0.782728272827283,0.140814081408141,0.0216354968830216,0.00293362669600293,0.0022002200220022,0.0496883021635497
296273.411807,2706366.126422,0.961172161172161,0.0113553113553114,0.000366300366300366,0.000732600732600733,0.000732600732600733,0.0256410256410256
296773.411807,2706366.126422,0.991391941391941,0.00311355311355311,0,0,0,0.00549450549450549
297273.411807,2706366.126422,0.988082141547488,0.0011001100110011,0,0,0,0.0108177484415108
297773.411807,2706366.126422,0.998717948717949,0,0,0,0,0.00128205128205128
298273.411807,2706366.126422,0.888095238095238,0.0043956043956044,0,0,0,0.107509157509158
298773.411807,2706366.126422,0.714154748808214,0,0,0,0,0.285845251191786
299273.411807,2706366.126422,0.813553113553114,0.0126373626373626,0.00860805860805861,0.00641025641025641,0.00531135531135531,0.153479853479853
299773.411807,2706366.126422,0.915018315018315,0.0122710622710623,0.00347985347985348,0.00366300366300366,0.00347985347985348,0.0620879120879121
300273.411807,2706366.126422,0.893472680601394,0.0181518151815182,0.00311697836450312,0.00586725339200587,0.00715071507150715,0.0722405573890722
288273.411807,2705866.126422,0.939160711013377,0.0540590067802822,0,0,0,0.00678028220634048
288773.411807,2705866.126422,0.686547990456965,0.0895577170122958,0,0.0280785465222977,0.0201871903101487,0.175628555698293
289273.411807,2705866.126422,0.421969558041445,0.183018521914542,0,0.0566660553823583,0.0568494406748579,0.281496423986796
289773.411807,2705866.126422,0.676378962800073,0.0918086860912589,0,0.0315191497159611,0.00769653655854865,0.192596664834158
290273.411807,2705866.126422,0.0422095797394017,0.102587630757937,0.395301890255093,0.383923655716645,0.0119287942741787,0.0640484492567444
290773.411807,2705866.126422,0.286814597469283,0.125252154777187,0.199339812947002,0.235650100861911,0.0232899321474418,0.129653401797176
291273.411807,2705866.126422,0.912955836540224,0.0214403518416712,0,0,0.000366501740883269,0.0652373098772219
291773.411807,2705866.126422,0.801798495136722,0.0394567810607451,0.0543218939254909,0.0218388695173426,0.00513855753349238,0.0774454028262066
292273.411807,2705866.126422,0.945351182835137,0.0280579497524299,0,0.00165046763249587,0.000550155877498625,0.024390243902439
292773.411807,2705866.126422,0.783397471137988,0.0258383727322705,0.0137438152831226,0.0133773135422393,0.0109950522264981,0.152647975077882
293273.411807,2705866.126422,0.859607267388512,0.0154156726004772,0.000550559735731327,0.00146815929528354,0.000917599559552211,0.122040741420444
293773.411807,2705866.126422,0.920594168347698,0.0154043645699615,0.000550155877498625,0.000733541169998166,0.000916926462497708,0.0618008435723455
294273.411807,2705866.126422,0.855781564962434,0.0780648708081363,0,0.000733003481766538,0.000916254352208173,0.0645043063954554
294773.411807,2705866.126422,0.862543585979079,0.0917599559552211,0.00972655533125344,0.00403743806202973,0.00201871903101487,0.0299137456414021
295273.411807,2705866.126422,0.89216944801027,0.0425453878598936,0.00495140289748762,0.00403447643498991,0.00421786172748946,0.0520814230698698
295773.411807,2705866.126422,0.970496609858897,0.0273043796958036,0,0,0.000183250870441635,0.00201575957485798
296273.411807,2705866.126422,0.977243530923105,0.0201871903101487,0,0,0,0.00256927876674619
296773.411807,2705866.126422,0.963322941500092,0.00806895286997983,0,0,0.000733541169998166,0.0278745644599303
297273.411807,2705866.126422,0.965732087227414,0.01905809052593,0,0,0,0.0152098222466557
297773.411807,2705866.126422,0.972655533125344,0.0165167920719398,0,0,0,0.0108276748027161
298273.411807,2705866.126422,0.917660003667706,0.00421786172748946,0,0,0,0.0781221346048047
298773.411807,2705866.126422,0.852116547553601,0.000549752611324904,0,0,0,0.147333699835074
299273.411807,2705866.126422,0.953202422462837,0.00165167920719398,0,0,0,0.0451458983299688
299773.411807,2705866.126422,0.984962406015038,0.00128369704749679,0,0,0,0.0137538969374656
300273.411807,2705866.126422,0.986072933846436,0.00604727872457394,0,0,0,0.00787978742899029
288273.411807,2705366.126422,0.932600732600733,0.0483516483516484,0,0.00622710622710623,0.00934065934065934,0.00347985347985348
288773.411807,2705366.126422,0.501834862385321,0.191926605504587,0,0.0667889908256881,0.0278899082568807,0.211559633027523
289273.411807,2705366.126422,0.625206384149697,0.130985140341222,0,0.0517336268574573,0.0328380113740598,0.159236837277564
289773.411807,2705366.126422,0.305860805860806,0.0562271062271062,0.318315018315018,0.149084249084249,0.0446886446886447,0.125824175824176
290273.411807,2705366.126422,0.267706422018349,0.441651376146789,0.0262385321100917,0.0568807339449541,0.0187155963302752,0.188807339449541
290773.411807,2705366.126422,0.890662263804807,0.0185287103283801,0,0.00293524124013942,0.00183452577508714,0.0860392588515869
291273.411807,2705366.126422,0.783882783882784,0.0364468864468864,0.0663003663003663,0.0228937728937729,0.0152014652014652,0.0752747252747253
291773.411807,2705366.126422,0.973211009174312,0.00917431192660551,0,0,0,0.0176146788990826
292273.411807,2705366.126422,0.960557695835626,0.00678774536782242,0,0,0,0.0326545587965511
292773.411807,2705366.126422,0.778205128205128,0.0747252747252747,0.0142857142857143,0.00714285714285714,0.00989010989010989,0.115750915750916
293273.411807,2705366.126422,0.839449541284404,0.11045871559633,0.00110091743119266,0.00073394495412844,0.00018348623853211,0.0480733944954128
293773.411807,2705366.126422,0.626123647037241,0.137222527976518,0,0,0.00091726288754357,0.235736562098697
294273.411807,2705366.126422,0.673260073260073,0.0223443223443223,0,0,0,0.304395604395604
294773.411807,2705366.126422,0.951009174311927,0.00256880733944954,0.00238532110091743,0.00348623853211009,0.0018348623853211,0.0387155963302752
295273.411807,2705366.126422,0.889011190607228,0.0671436433681893,0.00568702990277013,0.00091726288754357,0.00091726288754357,0.0363236103467254
295773.411807,2705366.126422,0.927106227106227,0.0223443223443223,0.000183150183150183,0.00238095238095238,0.00201465201465201,0.045970695970696
296273.411807,2705366.126422,0.970091743119266,0.0073394495412844,0,0,0,0.0225688073394495
296773.411807,2705366.126422,0.995046780407265,0,0,0,0,0.00495321959273528
297273.411807,2705366.126422,0.994139194139194,0.00457875457875458,0,0,0,0.00128205128205128
297773.411807,2705366.126422,0.982385321100917,0.0148623853211009,0,0,0,0.00275229357798165
298273.411807,2705366.126422,0.842414235920015,0.002568336085122,0,0,0,0.155017427994863
298773.411807,2705366.126422,0.913736263736264,0,0,0,0,0.0862637362637363
299273.411807,2705366.126422,0.955412844036697,0.00073394495412844,0,0,0,0.0438532110091743
299773.411807,2705366.126422,0.890295358649789,0,0,0,0,0.109704641350211
300273.411807,2705366.126422,0.981684981684982,0,0,0,0,0.0183150183150183
288273.411807,2704866.126422,0.914008067473414,0.0328199486615328,0,0.00531719838650532,0.00696736340300697,0.0408874220755409
288773.411807,2704866.126422,0.701465201465201,0.0216117216117216,0,0.0470695970695971,0.0212454212454212,0.208608058608059
289273.411807,2704866.126422,0.793772893772894,0.0518315018315018,0.000366300366300366,0.00934065934065934,0.00622710622710623,0.138461538461538
289773.411807,2704866.126422,0.0887422075540887,0.161532819948662,0.521818848551522,0.1004767143381,0.0099009900990099,0.117528419508618
290273.411807,2704866.126422,0.625824175824176,0.119230769230769,0.00366300366300366,0.0490842490842491,0.0197802197802198,0.182417582417582
290773.411807,2704866.126422,0.907692307692308,0.0424908424908425,0,0.000732600732600733,0.000732600732600733,0.0483516483516484
291273.411807,2704866.126422,0.678584525119179,0.153648698203154,0.0595892922625596,0.0128346167950128,0.00971763843050972,0.0856252291895856
291773.411807,2704866.126422,0.972344322344322,0.0153846153846154,0.00238095238095238,0,0,0.00989010989010989
292273.411807,2704866.126422,0.882783882783883,0.021978021978022,0.00384615384615385,0.0120879120879121,0.0102564102564103,0.0690476190476191
292773.411807,2704866.126422,0.743307664099743,0.106527319398607,0.00971763843050972,0.024019068573524,0.0223689035570224,0.0940594059405941
293273.411807,2704866.126422,0.885164835164835,0.0214285714285714,0,0.00311355311355311,0.00402930402930403,0.0862637362637363
293773.411807,2704866.126422,0.972344322344322,0.0111721611721612,0,0.000366300366300366,0.000366300366300366,0.0157509157509158
294273.411807,2704866.126422,0.933810047671434,0.0597726439310598,0.000183351668500183,0,0,0.00623395672900623
294773.411807,2704866.126422,0.972527472527473,0.0157509157509158,0,0,0,0.0117216117216117
295273.411807,2704866.126422,0.862087912087912,0.0749084249084249,0.0227106227106227,0.00164835164835165,0.00476190476190476,0.0338827838827839
295773.411807,2704866.126422,0.984781811514485,0.0119178584525119,0,0,0,0.0033003300330033
296273.411807,2704866.126422,0.976923076923077,0.00641025641025641,0,0,0,0.0166666666666667
296773.411807,2704866.126422,0.980586080586081,0.00402930402930403,0,0,0,0.0153846153846154
297273.411807,2704866.126422,0.992849284928493,0,0,0,0,0.00715071507150715
297773.411807,2704866.126422,0.965934065934066,0.00567765567765568,0,0,0,0.0283882783882784
298273.411807,2704866.126422,0.941391941391941,0.000183150183150183,0,0.000915750915750916,0.000183150183150183,0.0573260073260073
298773.411807,2704866.126422,0.936560322698937,0.00311697836450312,0,0.00311697836450312,0.0022002200220022,0.055005500550055
299273.411807,2704866.126422,0.99029304029304,0,0,0,0,0.00970695970695971
299773.411807,2704866.126422,0.967948717948718,0.000732600732600733,0,0,0,0.0313186813186813
300273.411807,2704866.126422,0.963146314631463,0.00238357169050238,0,0,0,0.0344701136780345
288273.411807,2704366.126422,0.762140370166758,0.036100421477002,0.00293201392706615,0.01905809052593,0.011544804837823,0.168224299065421
288773.411807,2704366.126422,0.692604147550009,0.147550009175996,0,0.0141310332171041,0.0161497522481189,0.129565057808772
289273.411807,2704366.126422,0.308454061984229,0.0779387493123052,0.312671923711718,0.119200440124702,0.0159545204474601,0.165780304419586
289773.411807,2704366.126422,0.121678577973245,0.306395455378413,0.144401685908008,0.0819131390874107,0.0221733553234378,0.323437786329485
290273.411807,2704366.126422,0.912277482106809,0.044411818682327,0.00293631859056708,0.00165167920719398,0.000734079647641769,0.0379886217654616
290773.411807,2704366.126422,0.876581698147809,0.0777553640198056,0.00861910874747845,0.00128369704749679,0.00165046763249587,0.0341096644049147
291273.411807,2704366.126422,0.788711746380795,0.0608392889866227,0.0679860729338464,0.0225398570643211,0.0273043796958036,0.032618654938611
291773.411807,2704366.126422,0.972104973389613,0.000183519911910442,0,0.00110111947146265,0.000917599559552211,0.0256927876674619
292273.411807,2704366.126422,0.716486337795709,0.150009169264625,0.000183385292499542,0.0403447643498991,0.0232899321474418,0.0696864111498258
292773.411807,2704366.126422,0.902327286054609,0.0949239508887667,0,0,0.000549752611324904,0.00219901044529962
293273.411807,2704366.126422,0.948614424665076,0.0321159845843274,0,0.000367039823820885,0.000550559735731327,0.0183519911910442
293773.411807,2704366.126422,0.9198606271777,0.0297084173849257,0,0.000550155877498625,0.00110031175499725,0.0487804878048781
294273.411807,2704366.126422,0.994135972145868,0.000916254352208173,0,0,0,0.00494777350192413
294773.411807,2704366.126422,0.994861442466508,0,0,0,0,0.00513855753349238
295273.411807,2704366.126422,0.93214744177517,0.0313588850174216,0,0,0,0.0364936732074088
295773.411807,2704366.126422,0.967931097672714,0.0047645226314825,0,0,0,0.0273043796958036
296273.411807,2704366.126422,0.982198568544687,0.00734079647641769,0,0,0,0.0104606349788952
296773.411807,2704366.126422,0.97194205024757,0.00641848523748395,0,0,0,0.0216394645149459
297273.411807,2704366.126422,0.993769470404984,0.0053142752428074,0,0,0,0.000916254352208173
297773.411807,2704366.126422,0.943292347219673,0.00789135621214902,0,0,0,0.0488162965681776
298273.411807,2704366.126422,0.919677241885201,0.00733541169998166,0,0.00403447643498991,0.00201723821749496,0.0669356317623327
298773.411807,2704366.126422,0.927432655305113,0.00568077698369067,0.000733003481766538,0.00751328568810702,0.00293201392706615,0.0557082646142569
299273.411807,2704366.126422,0.965314736648926,0,0,0,0,0.0346852633510736
299773.411807,2704366.126422,0.982578397212544,0,0,0.000550155877498625,0.000366770584999083,0.0165046763249587
300273.411807,2704366.126422,0.944291735385743,0.0208905992303463,0.0152098222466557,0.000916254352208173,0.00164925783397471,0.017042330951072
288273.411807,2703866.126422,0.746703296703297,0.108608058608059,0.000549450549450549,0.0542124542124542,0.0206959706959707,0.0692307692307692
288773.411807,2703866.126422,0.356146788990826,0.182935779816514,0.00055045871559633,0.106605504587156,0.0552293577981651,0.298532110091743
289273.411807,2703866.126422,0.024399192808659,0.253348009539534,0.3452577508714,0.244358833241607,0.00935608145294441,0.123280132085856
289773.411807,2703866.126422,0.759157509157509,0.116849816849817,0,0.0357142857142857,0.0333333333333333,0.0549450549450549
290273.411807,2703866.126422,0.781467889908257,0.0456880733944954,0.0519266055045872,0.0302752293577982,0.0113761467889908,0.0792660550458716
290773.411807,2703866.126422,0.959456980370574,0.00715465052283985,0,0.000183452577508714,0.000366905155017428,0.0328380113740598
291273.411807,2703866.126422,0.856043956043956,0.0620879120879121,0,0.0205128205128205,0.0179487179487179,0.0434065934065934
291773.411807,2703866.126422,0.607155963302752,0.194311926605505,0,0.115779816513761,0.0478899082568807,0.0348623853211009
292273.411807,2703866.126422,0.914327646303431,0.0719134103834159,0,0.00348559897266557,0.00330214639515685,0.00697119794533113
292773.411807,2703866.126422,0.97032967032967,0.0276556776556777,0,0.000549450549450549,0.000915750915750916,0.000549450549450549
293273.411807,2703866.126422,0.971743119266055,0.0163302752293578,0,0,0,0.0119266055045872
293773.411807,2703866.126422,0.92588515868648,0.0541185103650706,0,0.000550357732526142,0.00146762062006971,0.017978352595854
294273.411807,2703866.126422,0.975274725274725,0.00989010989010989,0,0,0,0.0148351648351648
294773.411807,2703866.126422,0.970275229357798,0.00073394495412844,0,0,0,0.0289908256880734
295273.411807,2703866.126422,0.902036323610347,0.0559530361401578,0.000550357732526142,0.001284168042561,0.00146762062006971,0.0387084938543387
295773.411807,2703866.126422,0.969047619047619,0.0108058608058608,0,0,0,0.0201465201465201
296273.411807,2703866.126422,0.996146788990826,0.00165137614678899,0,0,0,0.00220183486238532
296773.411807,2703866.126422,0.962759126765731,0.0326545587965511,0,0.000183452577508714,0,0.00440286186020914
297273.411807,2703866.126422,0.957326007326007,0.0111721611721612,0,0,0.000549450549450549,0.030952380952381
297773.411807,2703866.126422,0.965871559633028,0.00623853211009174,0,0,0,0.0278899082568807
298273.411807,2703866.126422,0.975967712346358,0.00201797835259585,0,0,0,0.0220143093010457
298773.411807,2703866.126422,0.921611721611722,0.0188644688644689,0,0.000549450549450549,0.000183150183150183,0.0587912087912088
299273.411807,2703866.126422,0.967706422018349,0.00678899082568807,0,0.00146788990825688,0.00110091743119266,0.0229357798165138
299773.411807,2703866.126422,0.990093560814529,0.000366905155017428,0,0,0,0.00953953403045313
