"x","y","forest","agri","water","built","other","grass"
198773.411807,2530366.126422,0.0643939393939394,0.00320512820512821,0,0,0.00145687645687646,0.930944055944056
199273.411807,2530366.126422,0.168132542442217,0.161996318265494,0,0.0529760687257108,0.0306811208836163,0.586213949682962
199773.411807,2530366.126422,0.0790279763120278,0.421890953645089,0,0.0351235450275679,0.0226669389422095,0.441290586073106
200273.411807,2530366.126422,0.203233729021695,0.145108473188702,0,0.00470732705689726,0.0178059762586983,0.629144494474007
200773.411807,2530366.126422,0.114338310492943,0.291675189200245,0.0251585191245654,0.0370218858662303,0.0758846389854776,0.455921456330538
201273.411807,2530366.126422,0.0596283438840106,0.39371043496018,0.0169491525423729,0.121911374310803,0.0920972023687972,0.315703491933837
201773.411807,2530366.126422,0.103151862464183,0.35796152271797,0.0108473188702415,0.0282439623413835,0.100695865738846,0.399099467867376
202273.411807,2530366.126422,0.10820208631622,0.367355287379832,0.00204540805890775,0.105747596645531,0.11863366741665,0.298015954182859
202773.411807,2530366.126422,0.0947518889115785,0.298141719420053,0.0149070859710027,0.0927098223402083,0.140698386767409,0.358791096589749
203273.411807,2530366.126422,0.0683585755218993,0.291240278346296,0.0339746213671715,0.148383135489153,0.150429799426934,0.307613589848547
203773.411807,2530366.126422,0.05277152791982,0.300265903047658,0.0341583145837595,0.152791982000409,0.174677848230722,0.285334424217631
204273.411807,2530366.126422,0.0663671635695324,0.408209107616908,0.00469675311415152,0.0600367571982847,0.0925056156830713,0.368184602818052
204773.411807,2530366.126422,0.0900532132623823,0.227589029881293,0,0.113999181334425,0.157183790421613,0.411174785100287
205273.411807,2530366.126422,0.362855389650235,0.175086929842504,0,0.0319083657189609,0.064634894661485,0.365514420126815
205773.411807,2530366.126422,0.080865836226261,0.109454768225444,0.0122523994282214,0.258525627935471,0.168674698795181,0.370226669389422
206273.411807,2530366.126422,0.0988538681948424,0.167621776504298,0.0139173147769136,0.0730659025787966,0.112771182971756,0.533769954973393
206773.411807,2530366.126422,0.930865207608918,0.00040908161178155,0.00265903047658008,0.0040908161178155,0.00695438740028636,0.0550214767846185
207273.411807,2530366.126422,0.85868899326118,0.00551357974269961,0,0.00245047988564427,0.00387992648560343,0.129467020624872
207773.411807,2530366.126422,0.757879656160458,0.0253786328284896,0,0.00900532132623823,0.0382726156365125,0.169463774048301
208273.411807,2530366.126422,0.846594395581919,0.00572714256494171,0,0.00654530578850481,0.0261812231540192,0.114951932910616
208773.411807,2530366.126422,0.886256891974678,0.00102103328568511,0,0.000816826628548091,0.00673881968552175,0.105166428425567
209273.411807,2530366.126422,0.636307818256242,0.00941465411379452,0,0.00184199754400327,0.0130986492018011,0.339336880884159
209773.411807,2530366.126422,0.19267743914911,0.153201063612191,0.0108406627122111,0.0214767846185314,0.0523624463080385,0.569441603599918
210273.411807,2530366.126422,0.355319583418419,0.080865836226261,0,0.00387992648560343,0.0575862773126404,0.502348376557076
210773.411807,2530366.126422,0.134261154318461,0.207531723291036,0,0.422022103970528,0.0560785918952108,0.180106426524765
211273.411807,2530366.126422,0.0457680250783699,0.0443051201671891,0.0743991640543365,0.702194357366771,0.0616509926854754,0.0716823406478579
198773.411807,2529866.126422,0.377217793777321,0.0627410645410131,0,0.0362561069683723,0.0138853175623554,0.509899717150939
199273.411807,2529866.126422,0.0495321959273528,0.436250229315722,0,0.0324711062190424,0.132085855806274,0.349660612731609
199773.411807,2529866.126422,0.0291208791208791,0.209157509157509,0,0.000366300366300366,0.0353479853479853,0.726007326007326
200273.411807,2529866.126422,0.0823853211009174,0.189724770642202,0,0.016697247706422,0.0796330275229358,0.631559633027523
200773.411807,2529866.126422,0.0913593835993396,0.265822784810127,0.0198128783709411,0.214456063107687,0.134287286736379,0.274261603375527
201273.411807,2529866.126422,0.114835164835165,0.228754578754579,0.0818681318681319,0.122527472527473,0.116849816849817,0.335164835164835
201773.411807,2529866.126422,0.0822018348623853,0.344403669724771,0.00605504587155963,0.0743119266055046,0.117247706422018,0.375779816513761
202273.411807,2529866.126422,0.0421940928270042,0.38231517152816,0.0132085855806274,0.19537699504678,0.137589433131535,0.229315721885892
202773.411807,2529866.126422,0.0501831501831502,0.451648351648352,0.00860805860805861,0.116117216117216,0.117582417582418,0.255860805860806
203273.411807,2529866.126422,0.0504587155963303,0.52954128440367,0.00128440366972477,0.0412844036697248,0.0587155963302752,0.318715596330275
203773.411807,2529866.126422,0.101449275362319,0.253164556962025,0,0.103100348559897,0.0966795083470923,0.445606310768666
204273.411807,2529866.126422,0.0587912087912088,0.356043956043956,0.00549450549450549,0.100549450549451,0.111904761904762,0.367216117216117
204773.411807,2529866.126422,0.148990825688073,0.281467889908257,0,0.048256880733945,0.0884403669724771,0.432844036697248
205273.411807,2529866.126422,0.0509998165474225,0.406164006604293,0.000733810310034856,0.0746651990460466,0.110254999082737,0.357182168409466
205773.411807,2529866.126422,0.0996336996336996,0.28040293040293,0.00164835164835165,0.120695970695971,0.137912087912088,0.35970695970696
206273.411807,2529866.126422,0.147706422018349,0.200917431192661,0,0.0163302752293578,0.0629357798165138,0.572110091743119
206773.411807,2529866.126422,0.223628691983122,0.141625389836727,0.00293524124013942,0.0563199412951752,0.081452944413869,0.494037791230967
207273.411807,2529866.126422,0.325091575091575,0.0426739926739927,0,0.0989010989010989,0.14047619047619,0.392857142857143
207773.411807,2529866.126422,0.659082568807339,0.0154128440366972,0,0.0159633027522936,0.0455045871559633,0.264036697247706
208273.411807,2529866.126422,0.968446156668501,0,0,0,0,0.0315538433314988
208773.411807,2529866.126422,0.6996336996337,0.00824175824175824,0,0.156593406593407,0.0203296703296703,0.115201465201465
209273.411807,2529866.126422,0.139449541284404,0.00036697247706422,0,0.255412844036697,0.08,0.524770642201835
209773.411807,2529866.126422,0.0587048248027885,0.0104567969179967,0.000550357732526142,0.556778572738947,0.0460465969546872,0.327462850853054
210273.411807,2529866.126422,0.0032967032967033,0.0168498168498168,0.010989010989011,0.854029304029304,0.0575091575091575,0.0573260073260073
210773.411807,2529866.126422,0.0102752293577982,0.0055045871559633,0.0719266055045872,0.831559633027523,0.0240366972477064,0.056697247706422
211273.411807,2529866.126422,0.0226252804786836,0.0359012715033657,0.153515332834705,0.603777112939417,0.0424457741211668,0.141735228122663
198773.411807,2529366.126422,0.146303901437372,0.459702258726899,0,0.0136036960985626,0.053388090349076,0.32700205338809
199273.411807,2529366.126422,0.0227106227106227,0.595238095238095,0,0.010989010989011,0.0192307692307692,0.351831501831502
199773.411807,2529366.126422,0.1004767143381,0.35038503850385,0,0.0430876420975431,0.131463146314631,0.374587458745875
200273.411807,2529366.126422,0.10970695970696,0.186630036630037,0,0.150732600732601,0.0805860805860806,0.472344322344322
200773.411807,2529366.126422,0.217399267399267,0.0937728937728938,0.0172161172161172,0.103846153846154,0.132967032967033,0.434798534798535
201273.411807,2529366.126422,0.101026769343601,0.26035936927026,0.128529519618629,0.0986431976530986,0.0922258892555922,0.319215254858819
201773.411807,2529366.126422,0.0518315018315018,0.250732600732601,0.0183150183150183,0.0826007326007326,0.0992673992673993,0.497252747252747
202273.411807,2529366.126422,0.0811355311355311,0.188278388278388,0.0201465201465201,0.318131868131868,0.16996336996337,0.222344322344322
202773.411807,2529366.126422,0.0542720938760543,0.527686101943528,0.0174184085075174,0.0694902823615695,0.115144847818115,0.215988265493216
203273.411807,2529366.126422,0.116849816849817,0.367948717948718,0.000366300366300366,0.158608058608059,0.136813186813187,0.219413919413919
203773.411807,2529366.126422,0.0340659340659341,0.597802197802198,0,0.0166666666666667,0.0327838827838828,0.318681318681319
204273.411807,2529366.126422,0.0891089108910891,0.331499816648332,0.00458379171250458,0.140814081408141,0.162082874954162,0.271910524385772
204773.411807,2529366.126422,0.123992673992674,0.302564102564103,0.00494505494505494,0.0897435897435897,0.122893772893773,0.355860805860806
205273.411807,2529366.126422,0.0734432234432234,0.308058608058608,0.0043956043956044,0.126556776556777,0.147069597069597,0.34047619047619
205773.411807,2529366.126422,0.0837917125045838,0.191419141914191,0.00641730839750642,0.231206453978731,0.182618261826183,0.304547121378805
206273.411807,2529366.126422,0.575091575091575,0.0915750915750916,0.00274725274725275,0.0346153846153846,0.0558608058608059,0.24010989010989
206773.411807,2529366.126422,0.560805860805861,0.0287545787545788,0.000183150183150183,0.00787545787545788,0.0254578754578755,0.376923076923077
207273.411807,2529366.126422,0.743491015768244,0.0148514851485149,0,0.00421708837550422,0.00843417675100843,0.229006233956729
207773.411807,2529366.126422,0.926007326007326,0.00274725274725275,0,0,0,0.0712454212454212
208273.411807,2529366.126422,0.772161172161172,0.0173992673992674,0,0.0216117216117216,0.0173992673992674,0.171428571428571
208773.411807,2529366.126422,0.0903923725705904,0.0044004400440044,0.0099009900990099,0.270627062706271,0.156032269893656,0.468646864686469
209273.411807,2529366.126422,0.0657509157509158,0.00512820512820513,0.0399267399267399,0.458058608058608,0.023992673992674,0.407142857142857
209773.411807,2529366.126422,0,0,0.109340659340659,0.890659340659341,0,0
210273.411807,2529366.126422,0.0022002200220022,0.00935093509350935,0.0621562156215622,0.744224422442244,0.0190685735240191,0.162999633296663
210773.411807,2529366.126422,0.112637362637363,0.146703296703297,0.0413919413919414,0.254578754578755,0.0510989010989011,0.393589743589744
211273.411807,2529366.126422,0.158700522778193,0.232076176250934,0.000560119492158327,0.0649738610903659,0.0692681105302465,0.474421209858103
198773.411807,2528866.126422,0.0023130300693909,0.704960164482138,0,0,0.000514006682086867,0.292212798766384
199273.411807,2528866.126422,0.118283513662204,0.681092976343297,0,0.0144874381074638,0.0621676141573446,0.12396845772969
199773.411807,2528866.126422,0.198277441817849,0.20963899578523,0,0.0053142752428074,0.0141103170240059,0.572658970130108
200273.411807,2528866.126422,0.150669847678473,0.199853184070472,0,0.0341347036153423,0.0546889337493118,0.560653330886401
200773.411807,2528866.126422,0.142673757564643,0.142306986979644,0.0139372822299652,0.154043645699615,0.140473134054649,0.406565193471484
201273.411807,2528866.126422,0.214220267546271,0.302363936228697,0.0225398570643211,0.078248121678578,0.093274693054792,0.289353124427341
201773.411807,2528866.126422,0.0803817214167737,0.358597907873004,0.0471646173609837,0.0992842723435493,0.154156726004772,0.260414755000918
202273.411807,2528866.126422,0.0601503759398496,0.289565376856776,0.00238400880249404,0.17183201907207,0.130020172382175,0.346048046946635
202773.411807,2528866.126422,0.0351841671247938,0.570093457943925,0.0042147700201576,0.117830309693971,0.0833791460509437,0.189298149166209
203273.411807,2528866.126422,0.0332171040557901,0.609286107542668,0.000367039823820885,0.0196366305744173,0.0315654248485961,0.305927693154707
203773.411807,2528866.126422,0.0425453878598936,0.539152759948652,0,0.0493306436823767,0.052814964239868,0.31615624426921
204273.411807,2528866.126422,0.0454462158695254,0.403335165842038,0.000366501740883269,0.162726772952172,0.154113982041415,0.234011361553967
204773.411807,2528866.126422,0.101302991374564,0.357129748577721,0,0.197100385391815,0.127546338777757,0.216920535878143
205273.411807,2528866.126422,0.059600220062351,0.459563543003851,0,0.0110031175499725,0.0623509994498441,0.407482119933981
205773.411807,2528866.126422,0.097306212204508,0.349276159061756,0,0.0240058640278541,0.0637713029136888,0.465640461792194
206273.411807,2528866.126422,0.810423930996513,0.0726738851165352,0,0.000367039823820885,0.00844191594788034,0.108093228115251
206773.411807,2528866.126422,0.943700715202641,0,0,0,0,0.0562992847973593
207273.411807,2528866.126422,0.606926882902694,0.00201575957485798,0,0.298698918819864,0.0366501740883269,0.0557082646142569
207773.411807,2528866.126422,0.18241879243898,0.0110111947146265,0.00458799779776106,0.737383006056157,0.0255092677555515,0.0390897412369242
208273.411807,2528866.126422,0.00568494406748579,0.00861910874747845,0.0225563909774436,0.899138089125252,0.0355767467449111,0.0284247203374289
208773.411807,2528866.126422,0.00329851566794942,0.000183250870441635,0.151181968114349,0.810885101704233,0.0119113065787062,0.0225398570643211
209273.411807,2528866.126422,0.0150486327766563,0.00293631859056708,0.198201504863278,0.384107175628556,0.172508717195816,0.227197650945128
209773.411807,2528866.126422,0.050797726022373,0.0170548322024574,0.0190720704199523,0.610122868145975,0.118466898954704,0.184485604254539
210273.411807,2528866.126422,0.180135605644127,0.203591717060656,0,0.0885101704233095,0.0855781564962434,0.442184350375664
210773.411807,2528866.126422,0.191961827858323,0.276564507249037,0,0.0133969535694623,0.0176179115434025,0.500458799779776
211273.411807,2528866.126422,0.223219293325855,0.220415030846887,0,0.0480463638063189,0.0813236118900729,0.426995700130866
198773.411807,2528366.126422,0.00308562612496786,0.332219079454873,0,0,0.00179994857289792,0.662895345847262
199273.411807,2528366.126422,0.169510181618052,0.147312419739497,0,0.133736929003853,0.175380664098331,0.374059805540268
199773.411807,2528366.126422,0.138644688644689,0.354029304029304,0,0.0179487179487179,0.0782051282051282,0.411172161172161
200273.411807,2528366.126422,0.174495412844037,0.200550458715596,0.0106422018348624,0.0414678899082569,0.0759633027522936,0.496880733944954
200773.411807,2528366.126422,0.124380847550908,0.184553292973766,0.010273344340488,0.191341038341589,0.124931205283434,0.364520271509815
201273.411807,2528366.126422,0.113003663003663,0.29010989010989,0.0238095238095238,0.0382783882783883,0.138644688644689,0.396153846153846
201773.411807,2528366.126422,0.0519266055045872,0.388073394495413,0.0326605504587156,0.0878899082568807,0.0944954128440367,0.344954128440367
202273.411807,2528366.126422,0.0443955237571088,0.225279765180701,0.00458631443771785,0.239038708493854,0.132819666116309,0.353880022014309
202773.411807,2528366.126422,0.0505494505494506,0.373076923076923,0.00347985347985348,0.0838827838827839,0.136446886446886,0.352564102564103
203273.411807,2528366.126422,0.0592660550458716,0.350091743119266,0.0128440366972477,0.105137614678899,0.108256880733945,0.364403669724771
203773.411807,2528366.126422,0.0322876536415337,0.531278664465236,0.00275178866263071,0.0566868464501926,0.0588882773802972,0.31810676940011
204273.411807,2528366.126422,0.0913919413919414,0.369413919413919,0.000183150183150183,0.0595238095238095,0.0954212454212454,0.384065934065934
204773.411807,2528366.126422,0.11743119266055,0.408990825688073,0.00293577981651376,0.0113761467889908,0.0352293577981651,0.424036697247706
205273.411807,2528366.126422,0.0614566134654192,0.532746285085305,0,0.00513667217024399,0.0322876536415337,0.368372775637498
205773.411807,2528366.126422,0.289194139194139,0.178205128205128,0,0.0448717948717949,0.104578754578755,0.383150183150183
206273.411807,2528366.126422,0.542201834862385,0.015045871559633,0,0.0976146788990826,0.0651376146788991,0.28
206773.411807,2528366.126422,0.131168592918731,0.00825536598789213,0,0.389836727206017,0.0770500825536599,0.3936892313337
207273.411807,2528366.126422,0.00293040293040293,0.00421245421245421,0.163553113553114,0.671428571428571,0.0847985347985348,0.0730769230769231
207773.411807,2528366.126422,0.00458715596330275,0.00055045871559633,0.239266055045872,0.674678899082569,0.0414678899082569,0.0394495412844037
208273.411807,2528366.126422,0.0333883691065859,0.110438451660246,0.0537516052100532,0.675839295542102,0.0596220876903321,0.0669601907906806
208773.411807,2528366.126422,0.0622710622710623,0.00201465201465201,0.0243589743589744,0.62967032967033,0.0891941391941392,0.192490842490843
209273.411807,2528366.126422,0.195412844036697,0.0710091743119266,0,0.331376146788991,0.0761467889908257,0.32605504587156
209773.411807,2528366.126422,0.323426894147863,0.154833975417355,0,0.0100898917629793,0.0267840763162722,0.484865162355531
210273.411807,2528366.126422,0.258608058608059,0.125274725274725,0,0.0236263736263736,0.0435897435897436,0.548901098901099
210773.411807,2528366.126422,0.165871559633028,0.211376146788991,0,0.0588990825688073,0.0645871559633028,0.499266055045872
211273.411807,2528366.126422,0.225317875841436,0.104151084517577,0.00168287210172027,0.025243081525804,0.0635751682872102,0.580029917726253
198773.411807,2527866.126422,0.00231006160164271,0.930184804928131,0,0,0.000513347022587269,0.0669917864476386
199273.411807,2527866.126422,0.117948717948718,0.40970695970696,0.000183150183150183,0.0188644688644689,0.157142857142857,0.296153846153846
199773.411807,2527866.126422,0,0.498349834983498,0,0,0.000366703337000367,0.501283461679501
200273.411807,2527866.126422,0.0100732600732601,0.636446886446886,0,0,0.00512820512820513,0.348351648351648
200773.411807,2527866.126422,0.115567765567766,0.327838827838828,0.0305860805860806,0.151648351648352,0.122710622710623,0.251648351648352
201273.411807,2527866.126422,0.0781078107810781,0.253942060872754,0.079024569123579,0.173634030069674,0.12027869453612,0.295012834616795
201773.411807,2527866.126422,0.0456043956043956,0.154029304029304,0.00659340659340659,0.153296703296703,0.184432234432234,0.456043956043956
202273.411807,2527866.126422,0.0428571428571429,0.0793040293040293,0,0.0347985347985348,0.0554945054945055,0.787545787545788
202773.411807,2527866.126422,0.0551888522185552,0.030986431976531,0.00183351668500183,0.0781078107810781,0.0720572057205721,0.761826182618262
203273.411807,2527866.126422,0.0496336996336996,0.0791208791208791,0,0.144322344322344,0.108791208791209,0.618131868131868
203773.411807,2527866.126422,0.060989010989011,0.210805860805861,0.0144688644688645,0.186263736263736,0.156410256410256,0.371062271062271
204273.411807,2527866.126422,0.0676567656765677,0.351851851851852,0.0055005500550055,0.0520718738540521,0.0940594059405941,0.428859552621929
204773.411807,2527866.126422,0.0324175824175824,0.448717948717949,0.0111721611721612,0.0307692307692308,0.0371794871794872,0.43974358974359
205273.411807,2527866.126422,0.146153846153846,0.271611721611722,0,0.0703296703296703,0.0659340659340659,0.445970695970696
205773.411807,2527866.126422,0.331499816648332,0.116611661166117,0.000183351668500183,0.161899523285662,0.116061606160616,0.273744041070774
206273.411807,2527866.126422,0.0424908424908425,0.149084249084249,0.00366300366300366,0.361172161172161,0.208058608058608,0.235531135531136
206773.411807,2527866.126422,0.017032967032967,0.00586080586080586,0.126923076923077,0.475457875457875,0.114285714285714,0.26043956043956
207273.411807,2527866.126422,0.0104510451045105,0.0177851118445178,0.407407407407407,0.556839017235057,0.00696736340300697,0.00055005500550055
207773.411807,2527866.126422,0.0423076923076923,0.0846153846153846,0.213369963369963,0.363186813186813,0.0679487179487179,0.228571428571429
208273.411807,2527866.126422,0.256043956043956,0.0344322344322344,0,0.173626373626374,0.151465201465201,0.384432234432234
208773.411807,2527866.126422,0.295562889622296,0.0181518151815182,0,0.0331866519985332,0.0467546754675468,0.606343967730106
209273.411807,2527866.126422,0.354395604395604,0.0382783882783883,0,0.152564102564103,0.067032967032967,0.387728937728938
209773.411807,2527866.126422,0.324175824175824,0.00531135531135531,0,0.281135531135531,0.104212454212454,0.285164835164835
210273.411807,2527866.126422,0.162266226622662,0.0392372570590392,0.00055005500550055,0.330949761642831,0.158782544921159,0.308214154748808
210773.411807,2527866.126422,0.208241758241758,0.205128205128205,0,0.00842490842490842,0.0417582417582418,0.536446886446886
211273.411807,2527866.126422,0.340739357729649,0.124719940253921,0,0.0365944734876774,0.046303211351755,0.451643017176998
198773.411807,2527366.126422,0.0107941403238242,0.788229246980211,0,0,0.00257003341043434,0.198406579285531
199273.411807,2527366.126422,0.0962772785622593,0.333394461764167,0,0.00293416467999266,0.0731707317073171,0.494223363286264
199773.411807,2527366.126422,0.00549752611324904,0.339747113798791,0,0,0.000183250870441635,0.654572109217519
200273.411807,2527366.126422,0.0139475133051936,0.545237658285924,0,0.0012846393833731,0.00146815929528354,0.438062029730226
200773.411807,2527366.126422,0.0473134054648817,0.320374105996699,0.00128369704749679,0.150009169264625,0.15202640748212,0.328993214744178
201273.411807,2527366.126422,0.0954737035000916,0.304562946673997,0.0117280557082646,0.0824628916987356,0.121312076232362,0.384460326186549
201773.411807,2527366.126422,0.0326665443200587,0.3901633327216,0,0.0244081482840888,0.0427601394751331,0.510001835199119
202273.411807,2527366.126422,0.0401613790573996,0.214377406931964,0.00696864111498258,0.046396479002384,0.0700531817348249,0.622042912158445
202773.411807,2527366.126422,0.0404984423676012,0.064687557265897,0,0.196994685724757,0.107934762690123,0.589884551951622
203273.411807,2527366.126422,0.0767113231785649,0.277482106808589,0,0.0203707102220591,0.0611121306661773,0.56432372912461
203773.411807,2527366.126422,0.118833669539703,0.320740876581698,0.000366770584999083,0.0414450761048964,0.0946268109297634,0.42398679625894
204273.411807,2527366.126422,0.0754993586219534,0.360271211288254,0.0223566061938794,0.0789811251603445,0.101337731354224,0.361553967381345
204773.411807,2527366.126422,0.0489998164800881,0.179849513672233,0.017434391631492,0.441732427968435,0.12461002018719,0.187373830060562
205273.411807,2527366.126422,0.0223730056849441,0.44819365486888,0.00605171465248487,0.108380707867229,0.0691362552723272,0.345864661654135
205773.411807,2527366.126422,0.0536925050393989,0.103719992669965,0.30492944841488,0.322704782847719,0.0450797141286421,0.169873556899395
206273.411807,2527366.126422,0,0.170489998164801,0.0442282987704166,0.496604881629657,0.1036887502294,0.184988071205726
206773.411807,2527366.126422,0.057216211259857,0.00568494406748579,0.138822666422153,0.519713918943701,0.174399413167064,0.10416284613974
207273.411807,2527366.126422,0.117097306212205,0.0302363936228697,0.011544804837823,0.338464357705699,0.0958402052409749,0.406816932380429
207773.411807,2527366.126422,0.0596439713708937,0.0273444668746559,0,0.251789319141127,0.312901449807304,0.348320792806019
208273.411807,2527366.126422,0.217494956904456,0.0144874381074638,0,0.0333761232349166,0.0636346964973409,0.671006785255822
208773.411807,2527366.126422,0.394172622319956,0.0703683342495877,0,0.00861279091075683,0.0212571009712296,0.50558915154847
209273.411807,2527366.126422,0.279317305927693,0.160396403009727,0,0.14516425032116,0.092126995779042,0.322995044962378
209773.411807,2527366.126422,0.136438657619659,0.249770768384376,0,0.170731707317073,0.0586832935998533,0.384375573079039
210273.411807,2527366.126422,0.19736118746564,0.213487264064504,0,0.0221733553234378,0.0432472054242258,0.523730987722192
210773.411807,2527366.126422,0.210864378785098,0.392182051752615,0.00605615709304459,0.0176179115434025,0.044411818682327,0.328867682143513
211273.411807,2527366.126422,0.137595812301365,0.1959244718639,0,0.0231819031594691,0.0452421013273509,0.598055711347915
198773.411807,2526866.126422,0.00231421959372589,0.827976343533042,0,0,0,0.169709436873232
199273.411807,2526866.126422,0.0931939093744267,0.471289671619886,0,0.00183452577508714,0.0438451660245826,0.389836727206017
199773.411807,2526866.126422,0.0238095238095238,0.263736263736264,0,0.0117216117216117,0.0543956043956044,0.646336996336996
200273.411807,2526866.126422,0.129174311926606,0.12256880733945,0,0.179633027522936,0.142752293577982,0.425871559633028
200773.411807,2526866.126422,0.067327095945698,0.190607228031554,0.021830856723537,0.227114290955788,0.165290772335351,0.327829756008072
201273.411807,2526866.126422,0.0853479853479854,0.136080586080586,0.03003663003663,0.0672161172161172,0.0774725274725275,0.603846153846154
201773.411807,2526866.126422,0.0794495412844037,0.345321100917431,0.00348623853211009,0.0735779816513761,0.0656880733944954,0.432477064220184
202273.411807,2526866.126422,0.075032104201064,0.174830306365804,0.0297193175564117,0.162172078517703,0.125114657860943,0.433131535498074
202773.411807,2526866.126422,0.108791208791209,0.123626373626374,0.00567765567765568,0.0915750915750916,0.0926739926739927,0.577655677655678
203273.411807,2526866.126422,0.093394495412844,0.171926605504587,0.0148623853211009,0.189174311926605,0.131376146788991,0.399266055045872
203773.411807,2526866.126422,0.101082370207301,0.284351495138507,0.00843881856540084,0.0247660979636764,0.0675105485232067,0.513850669601908
204273.411807,2526866.126422,0.112271062271062,0.287179487179487,0,0.00311355311355311,0.0256410256410256,0.571794871794872
204773.411807,2526866.126422,0.108073394495413,0.212293577981651,0.00220183486238532,0.0275229357798165,0.0922935779816514,0.557614678899083
205273.411807,2526866.126422,0.0568702990277013,0.282333516785911,0.0399926618968997,0.0787011557512383,0.0741148413135205,0.467987525224729
205773.411807,2526866.126422,0.0161172161172161,0.0514652014652015,0.643956043956044,0.151831501831502,0.0516483516483516,0.084981684981685
206273.411807,2526866.126422,0.0776146788990826,0.0201834862385321,0.244403669724771,0.360917431192661,0.118715596330275,0.178165137614679
206773.411807,2526866.126422,0.00697119794533113,0.00091726288754357,0.0691616217207852,0.739864245092644,0.0445789763346175,0.138506696019079
207273.411807,2526866.126422,0.136446886446886,0.0135531135531136,0,0.323443223443223,0.176190476190476,0.3503663003663
207773.411807,2526866.126422,0.227889908256881,0.0242201834862385,0,0.0409174311926606,0.0544954128440367,0.652477064220183
208273.411807,2526866.126422,0.283067327095946,0.110071546505228,0,0.020546688680976,0.0207301412584847,0.565584296459365
208773.411807,2526866.126422,0.301831501831502,0.0505494505494506,0,0.114102564102564,0.0490842490842491,0.484432234432234
209273.411807,2526866.126422,0.353211009174312,0.0886238532110092,0,0.0132110091743119,0.0159633027522936,0.528990825688073
209773.411807,2526866.126422,0.188222344523941,0.252247294074482,0,0.0645753072830673,0.0484314804623005,0.44652357365621
210273.411807,2526866.126422,0.192857142857143,0.313369963369963,0,0.00805860805860806,0.0298534798534799,0.455860805860806
210773.411807,2526866.126422,0.124403669724771,0.464587155963303,0,0.0108256880733945,0.053394495412844,0.346788990825688
211273.411807,2526866.126422,0.158937920718025,0.193904263275991,0,0.00804038893044129,0.025056095736724,0.614061331338818
198773.411807,2526366.126422,0,0.858316221765914,0,0,0,0.141683778234086
199273.411807,2526366.126422,0.104395604395604,0.753296703296703,0,0.00128205128205128,0.0470695970695971,0.093956043956044
199773.411807,2526366.126422,0.00165016501650165,0.258342500916758,0.00586725339200587,0.00715071507150715,0.00458379171250458,0.722405573890722
200273.411807,2526366.126422,0.00164835164835165,0.739377289377289,0,0.000732600732600733,0.00183150183150183,0.256410256410256
200773.411807,2526366.126422,0.0776556776556777,0.311355311355311,0.0212454212454212,0.166117216117216,0.115018315018315,0.308608058608059
201273.411807,2526366.126422,0.0504217088375504,0.164466446644664,0.0491382471580491,0.144847818115145,0.134213421342134,0.456912357902457
201773.411807,2526366.126422,0.126739926739927,0.162271062271062,0.0250915750915751,0.137912087912088,0.135164835164835,0.412820512820513
202273.411807,2526366.126422,0.134981684981685,0.271611721611722,0.0542124542124542,0.113919413919414,0.0901098901098901,0.335164835164835
202773.411807,2526366.126422,0.154015401540154,0.287862119545288,0.0342867620095343,0.0216354968830216,0.0436376971030436,0.458562522918959
203273.411807,2526366.126422,0.0941391941391941,0.105128205128205,0.0316849816849817,0.16978021978022,0.0835164835164835,0.515750915750916
203773.411807,2526366.126422,0.217948717948718,0.0267399267399267,0,0.1996336996337,0.091025641025641,0.464652014652015
204273.411807,2526366.126422,0.242207554088742,0.149431609827649,0.00146681334800147,0.0163182984965163,0.0845251191785845,0.506050605060506
204773.411807,2526366.126422,0.0769230769230769,0.123076923076923,0.0113553113553114,0.262271062271062,0.103296703296703,0.423076923076923
205273.411807,2526366.126422,0,0.0159340659340659,0.492124542124542,0.404029304029304,0.0443223443223443,0.0435897435897436
205773.411807,2526366.126422,0.0364869820315365,0.048954895489549,0.00586725339200587,0.5,0.148881554822149,0.25980931426476
206273.411807,2526366.126422,0.0860805860805861,0.0225274725274725,0.00311355311355311,0.660805860805861,0.11996336996337,0.107509157509158
206773.411807,2526366.126422,0.0606227106227106,0.136630036630037,0.0558608058608059,0.342857142857143,0.0545787545787546,0.349450549450549
207273.411807,2526366.126422,0.166483314998166,0.10982764943161,0,0.00165016501650165,0.0033003300330033,0.718738540520719
207773.411807,2526366.126422,0.307692307692308,0.0307692307692308,0,0.023992673992674,0.0313186813186813,0.606227106227106
208273.411807,2526366.126422,0.416117216117216,0.0913919413919414,0,0.06996336996337,0.0446886446886447,0.377838827838828
208773.411807,2526366.126422,0.268976897689769,0.108360836083608,0,0.14998166483315,0.0663733039970664,0.406307297396406
209273.411807,2526366.126422,0.27967032967033,0.128021978021978,0.000366300366300366,0.0672161172161172,0.0571428571428571,0.467582417582418
209773.411807,2526366.126422,0.159157509157509,0.30989010989011,0,0.028021978021978,0.0597069597069597,0.443223443223443
210273.411807,2526366.126422,0.143381004767143,0.21983865053172,0,0.0177851118445178,0.0498716538320499,0.569123579024569
210773.411807,2526366.126422,0.154395604395604,0.348717948717949,0.00201465201465201,0.0179487179487179,0.043040293040293,0.433882783882784
211273.411807,2526366.126422,0.145817774458551,0.327483196415235,0,0.0438760268857356,0.0929798356982823,0.389843166542196
198773.411807,2525866.126422,0.128501670521717,0.560781290156772,0.0331534309946029,0.00359804677460807,0.0215882806476484,0.252377280904652
199273.411807,2525866.126422,0.117916743077205,0.624977076838438,0,0.0110031175499725,0.0526315789473684,0.193471483587016
199773.411807,2525866.126422,0,0.666300164925783,0,0.000183250870441635,0.00604727872457394,0.327469305479201
200273.411807,2525866.126422,0.0934116351624151,0.326665443200587,0,0.00110111947146265,0.00458799779776106,0.574233804367774
200773.411807,2525866.126422,0.10801393728223,0.142490372272144,0.0022006235099945,0.0850907757197873,0.162479369154594,0.499724922061251
201273.411807,2525866.126422,0.210555250137438,0.141836173721825,0.0337181601612608,0.188565145684442,0.144401685908008,0.280923584387026
201773.411807,2525866.126422,0.297485777206827,0.0717562855569829,0.0222059093411635,0.0965314736648926,0.11635162415122,0.395668930078914
202273.411807,2525866.126422,0.155510728039611,0.130753713552173,0.000183385292499542,0.138272510544654,0.0755547405098111,0.499724922061251
202773.411807,2525866.126422,0.144218435037566,0.0908924317390508,0.009529045262965,0.108667766171889,0.0736668499175371,0.573025471870991
203273.411807,2525866.126422,0.0478986970086254,0.180400073407965,0.279684345751514,0.162598641952652,0.071389245733162,0.258028996146082
203773.411807,2525866.126422,0.123234916559692,0.0487804878048781,0.0150375939849624,0.25618925362186,0.166697230882083,0.390060517146525
204273.411807,2525866.126422,0.139087410665201,0.0185083379146051,0.0634048011728056,0.261498992120213,0.127725856697819,0.389774601429357
204773.411807,2525866.126422,0.0192695907505964,0,0.307946412185722,0.449807304092494,0.0592769315470729,0.163699761424115
205273.411807,2525866.126422,0,0.00128369704749679,0.43205574912892,0.553456812763616,0.00916926462497708,0.00403447643498991
205773.411807,2525866.126422,0.00733003481766538,0.0137438152831226,0,0.875755909840572,0.0881436686824262,0.015026571376214
206273.411807,2525866.126422,0.13690585428519,0.0754266837951918,0,0.142962011378235,0.0585428518994311,0.586162598641953
206773.411807,2525866.126422,0.214560792224464,0.0473134054648817,0,0.0359435173299101,0.0592334494773519,0.642948835503393
207273.411807,2525866.126422,0.142019424592267,0.0608392889866227,0,0.10426974528129,0.101704233095107,0.591167308044713
207773.411807,2525866.126422,0.231602128830978,0.190310148651129,0.000917599559552211,0.0768948430904753,0.139108093228115,0.36116718663975
208273.411807,2525866.126422,0.250687694846873,0.198606271777003,0.00513478818998716,0.0143040528149642,0.0374105996699065,0.493856592701265
208773.411807,2525866.126422,0.213487264064504,0.193329668315924,0,0.0177753344328386,0.0727505955653289,0.502657137621404
209273.411807,2525866.126422,0.258763075793724,0.162231602128831,0,0.0517526151587447,0.0526702147182969,0.474582492200404
209773.411807,2525866.126422,0.203374289381992,0.232899321474418,0,0.00953603520997616,0.0452961672473868,0.508894186686228
210273.411807,2525866.126422,0.0963899578522998,0.0661535642294301,0,0.252336448598131,0.157778999450247,0.427341029869892
210773.411807,2525866.126422,0.337126078179482,0.237841805835933,0,0.0431271792989539,0.0735914846760874,0.308313452009543
211273.411807,2525866.126422,0.121518040755281,0.18508132361189,0.00579547578986726,0.0256122639745747,0.0607590203776407,0.601233875490746
198773.411807,2525366.126422,0.304448444330162,0.202365646695809,0.0285420416559527,0.0699408588326048,0.111339676009257,0.283363332476215
199273.411807,2525366.126422,0.199229499174463,0.141625389836727,0.0346725371491469,0.112272977435333,0.105118326912493,0.407081269491836
199773.411807,2525366.126422,0.0804029304029304,0.255311355311355,0.0434065934065934,0.0673992673992674,0.108241758241758,0.445238095238095
200273.411807,2525366.126422,0.06,0.202385321100917,0.0144954128440367,0.119633027522936,0.226422018348624,0.377064220183486
200773.411807,2525366.126422,0.212438084755091,0.0820033021463952,0.0836543753439736,0.167492203265456,0.149330398092093,0.305081636396991
201273.411807,2525366.126422,0.205494505494505,0.0994505494505494,0.00183150183150183,0.110622710622711,0.13003663003663,0.452564102564103
201773.411807,2525366.126422,0.197247706422018,0.084954128440367,0.0143119266055046,0.081651376146789,0.118165137614679,0.503669724770642
202273.411807,2525366.126422,0.203632361034673,0.121995964043295,0.00495321959273528,0.0770500825536599,0.114474408365438,0.4778939644102
202773.411807,2525366.126422,0.161538461538462,0.0857142857142857,0.0529304029304029,0.328937728937729,0.0901098901098901,0.280769230769231
203273.411807,2525366.126422,0.0829357798165138,0.0620183486238532,0.0434862385321101,0.294128440366972,0.0889908256880734,0.428440366972477
203773.411807,2525366.126422,0.0535681526325445,0.0177949000183453,0.100898917629793,0.387451843698404,0.10695285268758,0.333333333333333
204273.411807,2525366.126422,0.00641025641025641,0,0.107142857142857,0.511355311355311,0.0747252747252747,0.3003663003663
204773.411807,2525366.126422,0.00165137614678899,0.0803669724770642,0.461834862385321,0.455596330275229,0,0.00055045871559633
205273.411807,2525366.126422,0,0.00678774536782242,0.123647037240873,0.868647954503761,0.00091726288754357,0
205773.411807,2525366.126422,0.206410256410256,0.00842490842490842,0,0.398351648351648,0.0549450549450549,0.331868131868132
206273.411807,2525366.126422,0.14954128440367,0.0757798165137615,0,0.00954128440366972,0.0332110091743119,0.731926605504587
206773.411807,2525366.126422,0.171711612548156,0.162172078517703,0,0.0361401577692167,0.0299027701339204,0.600073381031003
207273.411807,2525366.126422,0.203296703296703,0.141208791208791,0,0.0694139194139194,0.0783882783882784,0.507692307692308
207773.411807,2525366.126422,0.330275229357798,0.139082568807339,0,0.122385321100917,0.0871559633027523,0.321100917431193
208273.411807,2525366.126422,0.2652724270776,0.0985140341221794,0,0.19262520638415,0.125114657860943,0.318473674555127
208773.411807,2525366.126422,0.338461538461538,0.0895604395604396,0,0.15989010989011,0.0891941391941392,0.322893772893773
209273.411807,2525366.126422,0.291559633027523,0.0915596330275229,0,0.122752293577982,0.0785321100917431,0.415596330275229
209773.411807,2525366.126422,0.220509998165474,0.11410750321042,0,0.0379746835443038,0.0735644835809943,0.553843331498808
210273.411807,2525366.126422,0.157509157509158,0.119230769230769,0,0.0611721611721612,0.117582417582418,0.544505494505494
210773.411807,2525366.126422,0.273394495412844,0.104770642201835,0,0.00990825688073394,0.0229357798165138,0.588990825688073
211273.411807,2525366.126422,0.215407629020194,0.0233732236350037,0,0.197456993268512,0.130329094988781,0.433433059087509
198773.411807,2524866.126422,0.163244353182752,0.323665297741273,0.00256673511293634,0.061088295687885,0.127053388090349,0.322381930184805
199273.411807,2524866.126422,0.12985347985348,0.12014652014652,0.0163003663003663,0.154578754578755,0.135164835164835,0.443956043956044
199773.411807,2524866.126422,0.204620462046205,0.472313898056472,0,0.0214521452145215,0.0546387972130546,0.246974697469747
200273.411807,2524866.126422,0.0743589743589744,0.465018315018315,0.0163003663003663,0.034981684981685,0.0501831501831502,0.359157509157509
200773.411807,2524866.126422,0.342673992673993,0.082967032967033,0.000732600732600733,0.0661172161172161,0.0659340659340659,0.441575091575092
201273.411807,2524866.126422,0.16996699669967,0.134580124679135,0.0254858819215255,0.026952695269527,0.0742574257425743,0.568756875687569
201773.411807,2524866.126422,0.145970695970696,0.116483516483516,0.073992673992674,0.138644688644689,0.127655677655678,0.397252747252747
202273.411807,2524866.126422,0.232234432234432,0.128021978021978,0.0318681318681319,0.0765567765567766,0.117216117216117,0.414102564102564
202773.411807,2524866.126422,0.103410341034103,0.156398973230656,0.0157682434910158,0.136963696369637,0.160799413274661,0.426659332599927
203273.411807,2524866.126422,0.0935897435897436,0.0133699633699634,0.100549450549451,0.171794871794872,0.0908424908424908,0.52985347985348
203773.411807,2524866.126422,0.00146520146520147,0.0992673992673993,0.178937728937729,0.520695970695971,0.0811355311355311,0.118498168498168
204273.411807,2524866.126422,0.00385038503850385,0.316098276494316,0.145581224789146,0.53043637697103,0.00275027502750275,0.00128346167950128
204773.411807,2524866.126422,0,0.03003663003663,0.11996336996337,0.84981684981685,0,0.000183150183150183
205273.411807,2524866.126422,0.0556776556776557,0.0206959706959707,0,0.451282051282051,0.126739926739927,0.345604395604396
205773.411807,2524866.126422,0.281078107810781,0.0322698936560323,0,0.00403373670700403,0.00825082508250825,0.674367436743674
206273.411807,2524866.126422,0.152197802197802,0.119413919413919,0,0.367216117216117,0.0695970695970696,0.291575091575092
206773.411807,2524866.126422,0.108791208791209,0.19981684981685,0.00128205128205128,0.0119047619047619,0.0294871794871795,0.648717948717949
207273.411807,2524866.126422,0.30986431976531,0.0144847818115145,0.00366703337000367,0.0612394572790612,0.0577557755775578,0.552988632196553
207773.411807,2524866.126422,0.124725274725275,0.0133699633699634,0.00512820512820513,0.367948717948718,0.176373626373626,0.312454212454212
208273.411807,2524866.126422,0.195970695970696,0.127106227106227,0.000183150183150183,0.0549450549450549,0.0902930402930403,0.531501831501832
