"x","y","forest","agri","water","built","other","grass"
313273.411807,2737866.126422,0.94975556762629,0.00706137968495383,0,0,0,0.0431830526887561
313773.411807,2737866.126422,0.715804913824716,0.0165016501650165,0,0.000733406674000733,0.000366703337000367,0.266593325999267
314273.411807,2737866.126422,0.906776556776557,0.00842490842490842,0,0,0,0.0847985347985348
314773.411807,2737866.126422,0.581501831501832,0.0683150183150183,0.11978021978022,0.0128205128205128,0.00714285714285714,0.21043956043956
315273.411807,2737866.126422,0.918041804180418,0,0,0.000183351668500183,0.000366703337000367,0.0814081408140814
315773.411807,2737866.126422,0.66978021978022,0.0437728937728938,0,0.0133699633699634,0.0238095238095238,0.249267399267399
316273.411807,2737866.126422,0.741208791208791,0.0177655677655678,0,0,0,0.241025641025641
316773.411807,2737866.126422,0.926842684268427,0.0247524752475248,0,0,0,0.0484048404840484
317273.411807,2737866.126422,0.952930402930403,0.000366300366300366,0,0,0,0.0467032967032967
317773.411807,2737866.126422,0.764468864468864,0.00677655677655678,0,0.0221611721611722,0.0230769230769231,0.183516483516484
318273.411807,2737866.126422,0.532086541987532,0.125229189585625,0,0.0286028602860286,0.0166850018335167,0.297396406307297
318773.411807,2737866.126422,0.112271062271062,0.0765567765567766,0,0.0893772893772894,0.082967032967033,0.638827838827839
319273.411807,2737866.126422,0.155860805860806,0.20989010989011,0.000183150183150183,0.126739926739927,0.0891941391941392,0.418131868131868
319773.411807,2737866.126422,0.0902090209020902,0.387605427209388,0.0603226989365603,0.173267326732673,0.0872753942060873,0.201320132013201
320273.411807,2737866.126422,0.0641025641025641,0.566117216117216,0.00934065934065934,0.295421245421245,0.0338827838827839,0.0311355311355311
320773.411807,2737866.126422,0.078021978021978,0.356593406593407,0.0179487179487179,0.206043956043956,0.108424908424908,0.232967032967033
321273.411807,2737866.126422,0.07004033736707,0.249174917491749,0.011001100110011,0.242940960762743,0.123945727906124,0.302896956362303
321773.411807,2737866.126422,0.0750915750915751,0.11007326007326,0.000732600732600733,0.254761904761905,0.10952380952381,0.44981684981685
322273.411807,2737866.126422,0.20018315018315,0.0846153846153846,0,0.056959706959707,0.0556776556776557,0.602564102564103
322773.411807,2737866.126422,0.281811514484782,0.022002200220022,0,0.181334800146681,0.124679134580125,0.39017235056839
323273.411807,2737866.126422,0.168315018315018,0.0642857142857143,0.00677655677655678,0.414468864468864,0.113003663003663,0.233150183150183
323773.411807,2737866.126422,0.0946886446886447,0.208241758241758,0.00842490842490842,0.489194139194139,0.1003663003663,0.0990842490842491
324273.411807,2737866.126422,0.0386872020535387,0.278877887788779,0.0232856618995233,0.515584891822516,0.0823248991565823,0.0612394572790612
324773.411807,2737866.126422,0.0271062271062271,0.153663003663004,0.0525641025641026,0.673443223443223,0.0421245421245421,0.0510989010989011
325273.411807,2737866.126422,0.106043956043956,0.0393772893772894,0.0611721611721612,0.634798534798535,0.0928571428571429,0.0657509157509158
325773.411807,2737866.126422,0.0813858138581386,0.0496104961049611,0.0537105371053711,0.645551455514555,0.107216072160722,0.0625256252562526
313273.411807,2737366.126422,0.936887921653972,0.0326441784548422,0,0.000272034820457019,0.00163220892274211,0.0285636561479869
313773.411807,2737366.126422,0.915521348726406,0.049660985889683,0,0.000549752611324904,0.00183250870441635,0.0324354040681693
314273.411807,2737366.126422,0.983666727839971,0.0034868783262984,0,0,0,0.012846393833731
314773.411807,2737366.126422,0.979644232532551,0.0166880616174583,0,0,0,0.00366770584999083
315273.411807,2737366.126422,0.967014843320506,0.00971229613340663,0,0,0,0.0232728605460876
315773.411807,2737366.126422,0.853918150119288,0.009543035419343,0,0.00220223894292531,0.0102771150669848,0.124059460451459
316273.411807,2737366.126422,0.657069503025857,0.0397946084724005,0,0.010819732257473,0.0223730056849441,0.269943150559325
316773.411807,2737366.126422,0.8587135788895,0.0042147700201576,0,0,0,0.137071651090343
317273.411807,2737366.126422,0.967333455679941,0,0,0,0,0.0326665443200587
317773.411807,2737366.126422,0.810196222262974,0.0133871263524665,0,0.010819732257473,0.0172382174949569,0.148358701632129
318273.411807,2737366.126422,0.83965548836357,0.0100787978742899,0,0.000916254352208173,0.00311526479750779,0.146234194612424
318773.411807,2737366.126422,0.500458799779776,0.0267939071389246,0.00311983850247752,0.057258212516058,0.0339511837034318,0.378418058359332
319273.411807,2737366.126422,0.652851641298368,0.00495140289748762,0,0,0.00183385292499542,0.340363102879149
319773.411807,2737366.126422,0.278724573941726,0.490012827560931,0.00678028220634048,0.0663368150998717,0.021073850100788,0.137071651090343
320273.411807,2737366.126422,0.0754266837951918,0.711323178564874,0.00110111947146265,0.208845659754083,0.00330335841438796,0
320773.411807,2737366.126422,0.0441958554923895,0.488721804511278,0.0187052998349532,0.193838254172015,0.0805061434072987,0.174032642582065
321273.411807,2737366.126422,0.053142752428074,0.451346893897746,0.000366501740883269,0.0958402052409749,0.0947407000183251,0.304562946673997
321773.411807,2737366.126422,0.034868783262984,0.292530739585245,0.00165167920719398,0.0923105156909525,0.0901082767480272,0.488530005505597
322273.411807,2737366.126422,0.134971575279663,0.0418118466898955,0,0.0293416467999266,0.0388776820099028,0.754997249220613
322773.411807,2737366.126422,0.154113982041415,0.167308044713212,0,0.0819131390874107,0.0670698185816383,0.529595015576324
323273.411807,2737366.126422,0.0453294182418792,0.312717929895394,0.00587263718113415,0.415672600477152,0.0873554780693705,0.133051936135071
323773.411807,2737366.126422,0.0359435173299101,0.725472217128186,0.000550155877498625,0.0792224463598019,0.0460297084173849,0.112781954887218
324273.411807,2737366.126422,0.0192413413963716,0.647242074399853,0,0.161260765988638,0.0833791460509437,0.0888766721641928
324773.411807,2737366.126422,0.0262433474031932,0.666544320058726,0.00311983850247752,0.127546338777757,0.0724903652046247,0.104055790053221
325273.411807,2737366.126422,0.059600220062351,0.684944067485788,0.00843572345497891,0.143040528149642,0.0482303319273794,0.0557491289198606
325773.411807,2737366.126422,0.0485854858548585,0.240877408774088,0.038130381303813,0.497539975399754,0.0877408774087741,0.0871258712587126
313273.411807,2736866.126422,0.984226271416916,0.00081588251291814,0,0,0,0.0149578460701659
313773.411807,2736866.126422,0.866666666666667,0.0752747252747253,0,0.00164835164835165,0.00567765567765568,0.0507326007326007
314273.411807,2736866.126422,0.968623853211009,0.0135779816513761,0,0,0,0.0177981651376147
314773.411807,2736866.126422,0.989910108237021,0.000183452577508714,0,0,0,0.00990643918547056
315273.411807,2736866.126422,0.945787545787546,0.000732600732600733,0,0,0,0.0534798534798535
315773.411807,2736866.126422,0.917431192660551,0,0,0,0,0.0825688073394495
316273.411807,2736866.126422,0.893964410199963,0.00476976701522656,0,0,0,0.10126582278481
316773.411807,2736866.126422,0.688644688644689,0.00714285714285714,0,0.00183150183150183,0.00256410256410256,0.29981684981685
317273.411807,2736866.126422,0.699266055045872,0.00678899082568807,0,0,0,0.29394495412844
317773.411807,2736866.126422,0.766831773986425,0.0126582278481013,0,0,0,0.220509998165474
318273.411807,2736866.126422,0.856959706959707,0.0043956043956044,0,0,0,0.138644688644689
318773.411807,2736866.126422,0.727155963302752,0.0196330275229358,0,0,0,0.253211009174312
319273.411807,2736866.126422,0.594386351128233,0.000733810310034856,0,0.000366905155017428,0,0.404512933406714
319773.411807,2736866.126422,0.644505494505495,0.0818681318681319,0.0445054945054945,0.0992673992673993,0.00311355311355311,0.126739926739927
320273.411807,2736866.126422,0.0546788990825688,0.722752293577982,0.00110091743119266,0.143669724770642,0.0322935779816514,0.0455045871559633
320773.411807,2736866.126422,0.0398092093193909,0.57769216657494,0.0460465969546872,0.0944780774169877,0.0957622454595487,0.146211704274445
321273.411807,2736866.126422,0.0272893772893773,0.399267399267399,0.000183150183150183,0.171611721611722,0.128571428571429,0.273076923076923
321773.411807,2736866.126422,0.016697247706422,0.478348623853211,0.00220183486238532,0.14697247706422,0.121100917431193,0.234678899082569
322273.411807,2736866.126422,0.0343056319941295,0.0972298660796184,0.00513667217024399,0.0876903320491653,0.0781507980187122,0.697486699688131
322773.411807,2736866.126422,0.0897435897435897,0.344871794871795,0.00366300366300366,0.27014652014652,0.12032967032967,0.171245421245421
323273.411807,2736866.126422,0.0469724770642202,0.607889908256881,0.00825688073394495,0.143669724770642,0.0724770642201835,0.120733944954128
323773.411807,2736866.126422,0.0157769216657494,0.667217024399193,0,0.133553476426344,0.0717299578059072,0.111722619702807
324273.411807,2736866.126422,0.0580586080586081,0.481868131868132,0.0206959706959707,0.172527472527473,0.0653846153846154,0.201465201465201
324773.411807,2736866.126422,0.0322935779816514,0.586422018348624,0.00990825688073394,0.221834862385321,0.0710091743119266,0.0785321100917431
325273.411807,2736866.126422,0.063474591818015,0.565400843881857,0.00146762062006971,0.167492203265456,0.0823702073014126,0.11979453311319
325773.411807,2736866.126422,0.0305327868852459,0.810655737704918,0.000204918032786885,0.0469262295081967,0.0366803278688525,0.075
313273.411807,2736366.126422,0.880771319934818,0.064638783269962,0.00135795763172189,0.00353068984247691,0.00298750678978816,0.046713742531233
313773.411807,2736366.126422,0.96974697469747,0.00403373670700403,0,0,0,0.0262192885955262
314273.411807,2736366.126422,0.966849816849817,0.00146520146520147,0,0,0,0.0316849816849817
314773.411807,2736366.126422,0.974175824175824,0.00183150183150183,0,0,0,0.023992673992674
315273.411807,2736366.126422,0.983314998166483,0,0,0,0,0.0166850018335167
315773.411807,2736366.126422,0.822161172161172,0.000732600732600733,0,0.000732600732600733,0.00586080586080586,0.170512820512821
316273.411807,2736366.126422,0.965750915750916,0.00421245421245421,0,0,0,0.03003663003663
316773.411807,2736366.126422,0.92977631096443,0,0,0,0,0.0702236890355702
317273.411807,2736366.126422,0.916849816849817,0.00915750915750916,0,0,0,0.073992673992674
317773.411807,2736366.126422,0.577106227106227,0.00183150183150183,0,0,0,0.421062271062271
318273.411807,2736366.126422,0.352218555188852,0.000183351668500183,0,0.0011001100110011,0.00128346167950128,0.645214521452145
318773.411807,2736366.126422,0.424542124542125,0.0021978021978022,0,0.0010989010989011,0.00164835164835165,0.57051282051282
319273.411807,2736366.126422,0.476190476190476,0.0252747252747253,0,0.0021978021978022,0.00164835164835165,0.494688644688645
319773.411807,2736366.126422,0.675100843417675,0.00531719838650532,0,0.000916758342500917,0.000733406674000733,0.317931793179318
320273.411807,2736366.126422,0.702380952380952,0.00128205128205128,0,0.00695970695970696,0.00531135531135531,0.284065934065934
320773.411807,2736366.126422,0.067032967032967,0.405494505494505,0.00824175824175824,0.185714285714286,0.139194139194139,0.194322344322344
321273.411807,2736366.126422,0.0374037403740374,0.517785111844518,0.0183351668500183,0.125412541254125,0.114228089475614,0.186835350201687
321773.411807,2736366.126422,0.0838827838827839,0.258241758241758,0.00256410256410256,0.160622710622711,0.123260073260073,0.371428571428571
322273.411807,2736366.126422,0.149450549450549,0.148168498168498,0.0010989010989011,0.10018315018315,0.0686813186813187,0.532417582417582
322773.411807,2736366.126422,0.0339200586725339,0.597176384305097,0.00403373670700403,0.198753208654199,0.0903923725705904,0.0757242390905757
323273.411807,2736366.126422,0.032967032967033,0.629487179487179,0.000732600732600733,0.149267399267399,0.0626373626373626,0.124908424908425
323773.411807,2736366.126422,0.0443223443223443,0.438095238095238,0.00879120879120879,0.272527472527473,0.114652014652015,0.121611721611722
324273.411807,2736366.126422,0.0287862119545288,0.486248624862486,0.00678401173450678,0.233223322332233,0.125412541254125,0.11954528786212
324773.411807,2736366.126422,0.0547619047619048,0.522527472527473,0.00146520146520147,0.222344322344322,0.104578754578755,0.0943223443223443
325273.411807,2736366.126422,0.0468864468864469,0.685531135531136,0,0.0641025641025641,0.0368131868131868,0.166666666666667
325773.411807,2736366.126422,0.022140221402214,0.344608446084461,0.00574005740057401,0.24989749897499,0.116236162361624,0.261377613776138
313273.411807,2735866.126422,0.936887921653972,0.0106093579978237,0,0,0.00136017410228509,0.0511425462459195
313773.411807,2735866.126422,0.984973428623786,0,0,0,0,0.015026571376214
314273.411807,2735866.126422,0.978528170306478,0,0,0,0,0.0214718296935217
314773.411807,2735866.126422,0.990463964790024,0.00165046763249587,0,0,0,0.00788556757748029
315273.411807,2735866.126422,0.969397104636247,0.00183250870441635,0,0,0,0.0287703866593366
315773.411807,2735866.126422,0.965498256560837,0,0,0,0,0.0345017434391632
316273.411807,2735866.126422,0.953236750412617,0,0,0,0,0.0467632495873831
316773.411807,2735866.126422,0.905076049111233,0,0,0,0,0.0949239508887667
317273.411807,2735866.126422,0.932097632593136,0.0034868783262984,0,0,0,0.0644154890805652
317773.411807,2735866.126422,0.919677241885201,0.0165046763249587,0,0,0,0.0638180817898405
318273.411807,2735866.126422,0.709547370350009,0.000366501740883269,0,0,0,0.290086127909108
318773.411807,2735866.126422,0.854468709855019,0,0,0,0,0.145531290144981
319273.411807,2735866.126422,0.801760498807996,0,0,0.000550155877498625,0.000366770584999083,0.197322574729507
319773.411807,2735866.126422,0.271394539124061,0.181968114348543,0.0483782297965915,0.0729338464357706,0.0969397104636247,0.328385559831409
320273.411807,2735866.126422,0.183152872086621,0.282620664342081,0.00165167920719398,0.108276748027161,0.107359148467609,0.316938887869334
320773.411807,2735866.126422,0.0388776820099028,0.370805061434073,0.00770218228498074,0.0940766550522648,0.0946268109297634,0.393911608289015
321273.411807,2735866.126422,0.0941909474070002,0.262598497342862,0.0212571009712296,0.0980392156862745,0.0868609125893348,0.437053326003298
321773.411807,2735866.126422,0.0609286107542668,0.296751697559185,0.0133969535694623,0.127913378601578,0.101486511286475,0.399522848229033
322273.411807,2735866.126422,0.0562992847973593,0.342013570511645,0.0509811113148725,0.163212910324592,0.122501375389694,0.264991747661838
322773.411807,2735866.126422,0.0168590800806304,0.628000733003482,0.00128275609309144,0.0853949056258017,0.102620487447315,0.165842037749679
323273.411807,2735866.126422,0.0275279867865663,0.591484676087355,0.00550559735731327,0.181684712791338,0.0965314736648926,0.0972655533125344
323773.411807,2735866.126422,0.0473134054648817,0.357051164496607,0.0181551439574546,0.294150009169265,0.140473134054649,0.142857142857143
324273.411807,2735866.126422,0.0318856514568444,0.48323254535459,0.00256551218618288,0.228330584570277,0.135788894997251,0.118196811434854
324773.411807,2735866.126422,0.0267939071389246,0.589465957056341,0.000734079647641769,0.194347586713158,0.102587630757937,0.0860708386859974
325273.411807,2735866.126422,0.0185219145424537,0.288281679809279,0.0353933614524115,0.26792591234183,0.0665688611773336,0.323308270676692
325773.411807,2735866.126422,0.0202952029520295,0.208692086920869,0.100656006560066,0.517220172201722,0.0621156211562116,0.0910209102091021
313273.411807,2735366.126422,0.971444112047865,0.00707098177862388,0.00163176502583628,0.00462333423986946,0.0040794125645907,0.0111503943432146
313773.411807,2735366.126422,0.843956043956044,0.0269230769230769,0.0117216117216117,0.0256410256410256,0.0120879120879121,0.0796703296703297
314273.411807,2735366.126422,0.922935779816514,0.00770642201834862,0.00403669724770642,0.00568807339449541,0.00110091743119266,0.0585321100917431
314773.411807,2735366.126422,0.912493120528343,0.010273344340488,0.00366905155017428,0.00642084021280499,0.00366905155017428,0.063474591818015
315273.411807,2735366.126422,0.973626373626374,0,0,0,0,0.0263736263736264
315773.411807,2735366.126422,0.955412844036697,0,0,0,0,0.0445871559633028
316273.411807,2735366.126422,0.975050449458815,0,0,0,0,0.0249495505411851
316773.411807,2735366.126422,0.887728937728938,0,0,0,0,0.112271062271062
317273.411807,2735366.126422,0.828807339449541,0,0,0,0,0.171192660550459
317773.411807,2735366.126422,0.953953403045313,0,0,0,0,0.0460465969546872
318273.411807,2735366.126422,0.718315018315018,0.013003663003663,0.000915750915750916,0.00366300366300366,0.00659340659340659,0.257509157509157
318773.411807,2735366.126422,0.26256880733945,0.174128440366972,0,0.0655045871559633,0.0655045871559633,0.432293577981651
319273.411807,2735366.126422,0.350577875619152,0.0603558980003669,0.00165107319757843,0.099431297009723,0.0794349660612732,0.408548890111906
319773.411807,2735366.126422,0.115567765567766,0.0604395604395604,0.00402930402930403,0.154029304029304,0.0789377289377289,0.586996336996337
320273.411807,2735366.126422,0.0234862385321101,0.313761467889908,0.0154128440366972,0.0990825688073395,0.0805504587155963,0.467706422018349
320773.411807,2735366.126422,0.0176114474408365,0.654008438818565,0.0322876536415337,0.0425609979820216,0.0643918547055586,0.189139607411484
321273.411807,2735366.126422,0.12985347985348,0.345787545787546,0.0117216117216117,0.142490842490842,0.107692307692308,0.262454212454212
321773.411807,2735366.126422,0.0559633027522936,0.233211009174312,0.0377981651376147,0.217614678899083,0.118348623853211,0.337064220183486
322273.411807,2735366.126422,0.0302696752889378,0.565217391304348,0.0124747752705926,0.124564300128417,0.150064208402128,0.117409649605577
322773.411807,2735366.126422,0.0558608058608059,0.508241758241758,0.00347985347985348,0.208058608058608,0.124358974358974,0.1
323273.411807,2735366.126422,0.0623853211009174,0.264403669724771,0.0119266055045872,0.333394495412844,0.13045871559633,0.19743119266055
323773.411807,2735366.126422,0.0210970464135021,0.432764630343056,0.0172445422858191,0.271142909557879,0.152449091909741,0.105301779490002
324273.411807,2735366.126422,0.0336996336996337,0.414102564102564,0.00952380952380952,0.215567765567766,0.136080586080586,0.191025641025641
324773.411807,2735366.126422,0.0377981651376147,0.377614678899083,0.0286238532110092,0.140917431192661,0.0946788990825688,0.320366972477064
325273.411807,2735366.126422,0.0344890845716382,0.351862043661713,0.0502660062373876,0.207851770317373,0.128600256833609,0.226930838378279
325773.411807,2735366.126422,0.0737704918032787,0.263729508196721,0.000614754098360656,0.132172131147541,0.179508196721311,0.350204918032787
313273.411807,2734866.126422,0.963878326996198,0.00733297121129821,0,0,0,0.0287887017925041
313773.411807,2734866.126422,0.963329666299963,0.00568390172350568,0,0,0,0.030986431976531
314273.411807,2734866.126422,0.857692307692308,0.0435897435897436,0.0108058608058608,0.0113553113553114,0.00274725274725275,0.0738095238095238
314773.411807,2734866.126422,0.716483516483516,0.0316849816849817,0.00952380952380952,0.0141025641025641,0.00824175824175824,0.21996336996337
315273.411807,2734866.126422,0.952145214521452,0,0,0.000183351668500183,0.000183351668500183,0.0474880821415475
315773.411807,2734866.126422,0.937728937728938,0,0,0,0,0.0622710622710623
316273.411807,2734866.126422,0.92032967032967,0.0021978021978022,0,0,0,0.0774725274725275
316773.411807,2734866.126422,0.856618995232857,0.00165016501650165,0,0,0,0.141730839750642
317273.411807,2734866.126422,0.966483516483516,0,0,0,0,0.0335164835164835
317773.411807,2734866.126422,0.926373626373626,0.000549450549450549,0,0,0,0.0730769230769231
318273.411807,2734866.126422,0.864503116978364,0.00806747341400807,0.0022002200220022,0.0011001100110011,0.00183351668500183,0.122295562889622
318773.411807,2734866.126422,0.334432234432234,0.258241758241758,0.100732600732601,0.0278388278388278,0.0443223443223443,0.234432234432234
319273.411807,2734866.126422,0.0688644688644689,0.0932234432234432,0.0173992673992674,0.156593406593407,0.118315018315018,0.545604395604396
319773.411807,2734866.126422,0.102676934360103,0.166299963329666,0.00256692335900257,0.236890355702237,0.140814081408141,0.350751741840851
320273.411807,2734866.126422,0.0882783882783883,0.11959706959707,0.00274725274725275,0.0741758241758242,0.0879120879120879,0.627289377289377
320773.411807,2734866.126422,0.0908424908424908,0.245970695970696,0.00549450549450549,0.0615384615384615,0.0871794871794872,0.508974358974359
321273.411807,2734866.126422,0.175284195086175,0.0843417675100843,0.0163182984965163,0.173267326732673,0.124495782911624,0.426292629262926
321773.411807,2734866.126422,0.0368131868131868,0.570879120879121,0.0353479853479853,0.113919413919414,0.126007326007326,0.117032967032967
322273.411807,2734866.126422,0.0271062271062271,0.694871794871795,0.0305860805860806,0.10952380952381,0.0866300366300366,0.0512820512820513
322773.411807,2734866.126422,0.0209020902090209,0.535753575357536,0.0122845617895123,0.168500183351668,0.161166116611661,0.101393472680601
323273.411807,2734866.126422,0.0419413919413919,0.421428571428571,0.0183150183150183,0.205311355311355,0.126739926739927,0.186263736263736
323773.411807,2734866.126422,0.0551282051282051,0.348168498168498,0.0347985347985348,0.147619047619048,0.101282051282051,0.313003663003663
324273.411807,2734866.126422,0.0232856618995233,0.315181518151815,0.0154015401540154,0.268243491015768,0.185735240190686,0.192152548588192
324773.411807,2734866.126422,0.0456043956043956,0.263369963369963,0.00311355311355311,0.186446886446886,0.11978021978022,0.381684981684982
325273.411807,2734866.126422,0.0483516483516484,0.17985347985348,0.0159340659340659,0.321428571428571,0.142857142857143,0.291575091575092
325773.411807,2734866.126422,0.0297252972529725,0.34419844198442,0.0990159901599016,0.292947929479295,0.0973759737597376,0.136736367363674
313273.411807,2734366.126422,0.9069640914037,0,0,0,0,0.0930359085963003
313773.411807,2734366.126422,0.935129191863661,0.000733003481766538,0,0,0,0.0641378046545721
314273.411807,2734366.126422,0.980363369425583,0.000183519911910442,0,0,0,0.0194531106625069
314773.411807,2734366.126422,0.480652851641298,0.0465798642948836,0.0121034293049697,0.0379607555474051,0.0502475701448744,0.372455529066569
315273.411807,2734366.126422,0.683525746747297,0.0186915887850467,0.00751328568810702,0.183434121312076,0.0126443100604728,0.0941909474070002
315773.411807,2734366.126422,0.841255276197467,0.00550559735731327,0,0.00770783630023858,0.0163332721600294,0.129198017984951
316273.411807,2734366.126422,0.918393544837704,0,0,0,0,0.081606455162296
316773.411807,2734366.126422,0.929448414879971,0,0,0,0,0.0705515851200293
317273.411807,2734366.126422,0.657001284639383,0.0299137456414021,0.000734079647641769,0.00697375665259681,0.011194714626537,0.294182418792439
317773.411807,2734366.126422,0.803777737025491,0.00366770584999083,0,0.0022006235099945,0.004401247019989,0.185952686594535
318273.411807,2734366.126422,0.677661718893165,0.00348176653839106,0,0.00494777350192413,0.0102620487447315,0.303646692321789
318773.411807,2734366.126422,0.443751146999449,0.0350523031748945,0.114516425032116,0.015782712424298,0.0159662323362085,0.374931180033034
319273.411807,2734366.126422,0.0737208875848157,0.134788189987163,0.00458463231248854,0.0938932697597653,0.0662020905923345,0.626810929763433
319773.411807,2734366.126422,0.114715044896463,0.0295033901411032,0.0344511636430273,0.296133406633681,0.0632215503023639,0.461975444383361
320273.411807,2734366.126422,0.110295467058176,0.126261699394384,0.00110111947146265,0.272527069187007,0.166636080014682,0.323178564874289
320773.411807,2734366.126422,0.0322758114799193,0.453511828351366,0.0388776820099028,0.241151659636897,0.11589950485971,0.118283513662204
321273.411807,2734366.126422,0.0802638812534359,0.404984423676012,0.0469122228330585,0.194978926149899,0.0943741982774418,0.178486347810152
321773.411807,2734366.126422,0.031932464672417,0.601394751330519,0.00697375665259681,0.10772618829143,0.104055790053221,0.147917048999816
322273.411807,2734366.126422,0.0348432055749129,0.645332844305887,0,0.181184668989547,0.0786722904823033,0.0599669906473501
322773.411807,2734366.126422,0.0465457210921752,0.414513468938977,0.0186915887850467,0.242440901594283,0.17372182517867,0.104086494410848
323273.411807,2734366.126422,0.0407414204441182,0.651679207193981,0.0146815929528354,0.105156909524683,0.0644154890805652,0.123325380803817
323773.411807,2734366.126422,0.0212726939299468,0.610489638730974,0.00513478818998716,0.198973042362003,0.0806895286997983,0.0834403080872914
324273.411807,2734366.126422,0.0359171706065604,0.401136155396738,0.000183250870441635,0.130657870624885,0.126443100604728,0.305662451896647
324773.411807,2734366.126422,0.0392732611488346,0.164984400807488,0.00880895577170123,0.227564690768948,0.103505230317489,0.455863461185539
325273.411807,2734366.126422,0.00513478818998716,0.293233082706767,0.273794241701815,0.185585916009536,0.0498807995598753,0.192371171832019
325773.411807,2734366.126422,0.002460024600246,0.171791717917179,0.439524395243952,0.287617876178762,0.026240262402624,0.0723657236572366
313273.411807,2733866.126422,0.975251563774816,0,0,0,0,0.0247484362251836
313773.411807,2733866.126422,0.97032967032967,0.00531135531135531,0,0,0,0.0243589743589744
314273.411807,2733866.126422,0.960550458715596,0.00458715596330275,0,0,0,0.0348623853211009
314773.411807,2733866.126422,0.79453311319024,0.0273344340487984,0,0.015410016510732,0.0161438268207668,0.146578609429462
315273.411807,2733866.126422,0.355860805860806,0.0542124542124542,0.000366300366300366,0.0708791208791209,0.0516483516483516,0.467032967032967
315773.411807,2733866.126422,0.246238532110092,0.0539449541284404,0.00513761467889908,0.0596330275229358,0.0555963302752294,0.579449541284404
316273.411807,2733866.126422,0.307466519904605,0.0337552742616034,0.000550357732526142,0.0675105485232067,0.0407264722069345,0.549990827371125
316773.411807,2733866.126422,0.807142857142857,0.00659340659340659,0,0.0139194139194139,0.0291208791208791,0.143223443223443
317273.411807,2733866.126422,0.160550458715596,0.104954128440367,0.0862385321100917,0.328256880733945,0.0827522935779817,0.237247706422018
317773.411807,2733866.126422,0.152815997064759,0.102366538249862,0.0247660979636764,0.130251330031187,0.0476976701522656,0.54210236653825
318273.411807,2733866.126422,0.229304029304029,0.0177655677655678,0.0184981684981685,0.138461538461538,0.0822344322344322,0.513736263736264
318773.411807,2733866.126422,0.418348623853211,0.0311926605504587,0.0176146788990826,0.13651376146789,0.0820183486238532,0.314311926605505
319273.411807,2733866.126422,0.0702623371858375,0.288387451843698,0.00568702990277013,0.179966978536048,0.145844799119428,0.309851403412218
319773.411807,2733866.126422,0.0542124542124542,0.321611721611722,0.00531135531135531,0.233882783882784,0.182417582417582,0.202564102564103
320273.411807,2733866.126422,0.0260550458715596,0.444770642201835,0.00128440366972477,0.148256880733945,0.150642201834862,0.228990825688073
320773.411807,2733866.126422,0.0355898000366905,0.601907906806091,0.00110071546505228,0.136305265088975,0.0933773619519354,0.131718950651257
321273.411807,2733866.126422,0.0406593406593407,0.435714285714286,0.0371794871794872,0.118498168498168,0.0804029304029304,0.287545787545788
321773.411807,2733866.126422,0.0269724770642202,0.334862385321101,0.0544954128440367,0.147889908256881,0.138715596330275,0.297064220183486
322273.411807,2733866.126422,0.0337552742616034,0.441570354063475,0.0137589433131535,0.189873417721519,0.125298110438452,0.195743900201798
322773.411807,2733866.126422,0.0340659340659341,0.450732600732601,0.0428571428571429,0.152197802197802,0.133699633699634,0.186446886446886
323273.411807,2733866.126422,0.0330275229357798,0.482385321100917,0.00477064220183486,0.137064220183486,0.11302752293578,0.229724770642202
323773.411807,2733866.126422,0.0260502660062374,0.280132085855806,0.15410016510732,0.346175013758943,0.103650706292423,0.0898917629792699
324273.411807,2733866.126422,0.0122710622710623,0.144322344322344,0.433333333333333,0.273809523809524,0.0576923076923077,0.0785714285714286
324773.411807,2733866.126422,0,0.0174311926605505,0.56348623853211,0.398165137614679,0.0132110091743119,0.00770642201834862
325273.411807,2733866.126422,0.0135754907356448,0.360667767382132,0.169326729040543,0.165290772335351,0.115391671252981,0.175747569253348
325773.411807,2733866.126422,0.0354508196721312,0.137295081967213,0.244672131147541,0.348565573770492,0.0846311475409836,0.149385245901639
313273.411807,2733366.126422,0.971754481260185,0,0,0,0,0.0282455187398153
313773.411807,2733366.126422,0.967546754675468,0,0,0,0,0.0324532453245325
314273.411807,2733366.126422,0.542307692307692,0.102014652014652,0,0.0989010989010989,0.0472527472527473,0.20952380952381
314773.411807,2733366.126422,0.804578754578755,0.00769230769230769,0,0.00421245421245421,0.00586080586080586,0.177655677655678
315273.411807,2733366.126422,0.445177851118445,0.092959295929593,0,0.0256692335900257,0.0188852218555189,0.417308397506417
315773.411807,2733366.126422,0.716849816849817,0.0164835164835165,0.00146520146520147,0.0371794871794872,0.0210622710622711,0.206959706959707
316273.411807,2733366.126422,0.68003663003663,0.017032967032967,0,0,0.00183150183150183,0.301098901098901
316773.411807,2733366.126422,0.29006233956729,0.0766409974330766,0.213788045471214,0.143381004767143,0.0243857719105244,0.251741840850752
317273.411807,2733366.126422,0,0.00457875457875458,0.536263736263736,0.44981684981685,0.0043956043956044,0.00494505494505494
317773.411807,2733366.126422,0,0.00567765567765568,0.282783882783883,0.568131868131868,0.0553113553113553,0.0880952380952381
318273.411807,2733366.126422,0,0.063989732306564,0.215621562156216,0.529152915291529,0.085991932526586,0.105243857719105
318773.411807,2733366.126422,0.00293040293040293,0.0402930402930403,0.231501831501832,0.645238095238095,0.0335164835164835,0.0465201465201465
319273.411807,2733366.126422,0.0106227106227106,0.028021978021978,0.234249084249084,0.573260073260073,0.0397435897435897,0.114102564102564
319773.411807,2733366.126422,0.0108177484415108,0.0359369270260359,0.00971763843050972,0.737623762376238,0.0540887422075541,0.151815181518152
320273.411807,2733366.126422,0.0285714285714286,0.0747252747252747,0.0604395604395604,0.587545787545788,0.0501831501831502,0.198534798534799
320773.411807,2733366.126422,0.0457875457875458,0.0164835164835165,0.11959706959707,0.486080586080586,0.0368131868131868,0.295238095238095
321273.411807,2733366.126422,0,0.11019435276861,0.219471947194719,0.576457645764576,0.0456545654565457,0.0482214888155482
321773.411807,2733366.126422,0,0.0562271062271062,0.231684981684982,0.633699633699634,0.0230769230769231,0.0553113553113553
322273.411807,2733366.126422,0.0157509157509158,0.104212454212454,0.242307692307692,0.597619047619048,0.0181318681318681,0.021978021978022
322773.411807,2733366.126422,0.00311697836450312,0.115511551155116,0.195636230289696,0.602860286028603,0.0280528052805281,0.0548221488815548
323273.411807,2733366.126422,0.00549450549450549,0.0796703296703297,0.19981684981685,0.683516483516484,0.00604395604395604,0.0254578754578755
323773.411807,2733366.126422,0,0.00146520146520147,0.58003663003663,0.41043956043956,0.00641025641025641,0.00164835164835165
324273.411807,2733366.126422,0,0.0165016501650165,0.332599926659333,0.626879354602127,0.0170517051705171,0.00696736340300697
324773.411807,2733366.126422,0.0153846153846154,0.424542124542125,0.136263736263736,0.148534798534799,0.0690476190476191,0.206227106227106
325273.411807,2733366.126422,0.0283882783882784,0.607509157509157,0.00164835164835165,0.142124542124542,0.0989010989010989,0.121428571428571
325773.411807,2733366.126422,0.0649856498564986,0.355268552685527,0.035260352603526,0.342148421484215,0.0955309553095531,0.106806068060681
313273.411807,2732866.126422,0.931175190424374,0,0,0,0,0.0688248095756257
313773.411807,2732866.126422,0.849001282756093,0,0,0,0,0.150998717243907
314273.411807,2732866.126422,0.747293081299321,0.000917599559552211,0,0.00220223894292531,0.00311983850247752,0.246467241695724
314773.411807,2732866.126422,0.626444159178434,0.0364936732074088,0.0075187969924812,0.0570328259673574,0.0154043645699615,0.257106180084357
315273.411807,2732866.126422,0.556166391790361,0.0271211288253619,0.0106285504856148,0.09529045262965,0.0271211288253619,0.28367234744365
315773.411807,2732866.126422,0.175261515874472,0.0636814094329235,0.11213066617728,0.401541567260048,0.0596439713708937,0.187740869884382
316273.411807,2732866.126422,0.00623509994498441,0.0878415551072804,0.294150009169265,0.534384742343664,0.0577663671373556,0.0196222262974509
316773.411807,2732866.126422,0,0.00311526479750779,0.383910573575224,0.612790910756826,0.000183250870441635,0
317273.411807,2732866.126422,0,0.0367039823820885,0.289410901082767,0.664158561203891,0.00972655533125344,0
317773.411807,2732866.126422,0,0.0203557674674491,0.417751696313956,0.533101045296167,0.0194388410049514,0.00935264991747662
318273.411807,2732866.126422,0,0.123694337548103,0.125710097122961,0.494960601062855,0.0177753344328386,0.237859629833242
318773.411807,2732866.126422,0.00458799779776106,0.229032850064232,0.16590200036704,0.406863644705451,0.0370710222059093,0.156542484859607
319273.411807,2732866.126422,0.0605171465248487,0.070786722904823,0.0970108197322575,0.565927012653585,0.0379607555474051,0.16779754263708
319773.411807,2732866.126422,0.0388491845336265,0.0806303829943192,0.259666483415796,0.466923217885285,0.0487447315374748,0.105185999633498
320273.411807,2732866.126422,0.12461002018719,0.0524866948063865,0.379702697742705,0.192328867682144,0.0484492567443568,0.202422462837218
320773.411807,2732866.126422,0.0397946084724005,0.0506143407298735,0.44415917843389,0.277828718136805,0.0746378140473134,0.112965340179718
321273.411807,2732866.126422,0.0276708814366868,0.0164925783397471,0.329301814183617,0.422210005497526,0.0656038116181052,0.138720908924317
321773.411807,2732866.126422,0.0165167920719398,0.0499174160396403,0.176362635345935,0.565424848596073,0.0697375665259681,0.122040741420444
322273.411807,2732866.126422,0.0170548322024574,0.122868145974693,0.110031175499725,0.664588300018339,0.0267742527049331,0.0586832935998533
322773.411807,2732866.126422,0.0164925783397471,0.367784496976361,0.0353674179952355,0.475719259666483,0.0483782297965915,0.0562580172255818
323273.411807,2732866.126422,0.0289961460818499,0.382088456597541,0.167370159662323,0.222059093411635,0.066801247935401,0.13268489631125
323773.411807,2732866.126422,0.0566660553823583,0.174216027874564,0.128553090042179,0.293049697414267,0.0924261874197689,0.255088941866862
324273.411807,2732866.126422,0.0513102437236577,0.363936228697086,0,0.0588235294117647,0.0753161077515118,0.450613890415979
324773.411807,2732866.126422,0.0513855753349238,0.401358047348137,0.00201871903101487,0.301890255092678,0.123692420627638,0.119654982565608
325273.411807,2732866.126422,0.0562992847973593,0.272327159361819,0.0110031175499725,0.389877131854025,0.1599119750596,0.110581331377224
325773.411807,2732866.126422,0.0600656006560066,0.290282902829028,0.0231652316523165,0.30319803198032,0.122386223862239,0.20090200902009
313273.411807,2732366.126422,0.899374490073429,0,0,0,0,0.100625509926571
313773.411807,2732366.126422,0.735531135531136,0.00164835164835165,0,0.0236263736263736,0.00769230769230769,0.231501831501832
314273.411807,2732366.126422,0.296697247706422,0.0122935779816514,0,0.0788990825688073,0.0506422018348624,0.561467889908257
314773.411807,2732366.126422,0.276829939460649,0.140157769216657,0.0066042927903137,0.251696936341956,0.0493487433498441,0.27536231884058
315273.411807,2732366.126422,0.00347985347985348,0.0201465201465201,0.137179487179487,0.748901098901099,0.0184981684981685,0.0717948717948718
315773.411807,2732366.126422,0,0.0930275229357798,0.206788990825688,0.670825688073394,0.0280733944954128,0.00128440366972477
316273.411807,2732366.126422,0,0.140891579526692,0.0456796917996698,0.652173913043478,0.067327095945698,0.0939277196844616
316773.411807,2732366.126422,0.00915750915750916,0.152197802197802,0.00164835164835165,0.415934065934066,0.091025641025641,0.33003663003663
317273.411807,2732366.126422,0.107706422018349,0.146238532110092,0.0899082568807339,0.0862385321100917,0.0504587155963303,0.519449541284404
317773.411807,2732366.126422,0.233718583746102,0.313520454962392,0.0190790680609063,0.0869565217391304,0.0502660062373876,0.296459365254082
318273.411807,2732366.126422,0.276190476190476,0.0582417582417582,0.0620879120879121,0.185347985347985,0.0391941391941392,0.378937728937729
318773.411807,2732366.126422,0.126605504587156,0.157614678899083,0,0.0203669724770642,0.0768807339449541,0.618532110091743
319273.411807,2732366.126422,0.123830489818382,0.135754907356448,0.00183452577508714,0.135388002201431,0.10273344340488,0.500458631443772
319773.411807,2732366.126422,0.0399267399267399,0.327472527472527,0.00512820512820513,0.168864468864469,0.103479853479853,0.355128205128205
320273.411807,2732366.126422,0.0515596330275229,0.361467889908257,0.00055045871559633,0.11302752293578,0.127522935779817,0.345871559633028
320773.411807,2732366.126422,0.0478811227297744,0.416253898367272,0.0324711062190424,0.21830856723537,0.0895248578242524,0.195560447624289
321273.411807,2732366.126422,0.0478021978021978,0.436263736263736,0.0331501831501832,0.223992673992674,0.0985347985347985,0.16025641025641
321773.411807,2732366.126422,0.0555963302752294,0.252477064220184,0.0361467889908257,0.330091743119266,0.0869724770642202,0.238715596330275
322273.411807,2732366.126422,0.0201797835259585,0.621170427444506,0.0374243258117777,0.174830306365804,0.0928270042194093,0.0535681526325445
322773.411807,2732366.126422,0.0573260073260073,0.541208791208791,0.0646520146520147,0.157509157509158,0.104761904761905,0.0745421245421245
323273.411807,2732366.126422,0.0388990825688073,0.635412844036697,0.0128440366972477,0.0987155963302752,0.0673394495412844,0.146788990825688
323773.411807,2732366.126422,0.00990643918547056,0.708310401761145,0.00165107319757843,0.122913226930838,0.0620069711979453,0.0952118877270226
324273.411807,2732366.126422,0.0597069597069597,0.274358974358974,0.0139194139194139,0.298534798534799,0.192124542124542,0.161355311355311
324773.411807,2732366.126422,0.0321100917431193,0.405321100917431,0.0018348623853211,0.345321100917431,0.143669724770642,0.071743119266055
325273.411807,2732366.126422,0.0293524124013942,0.325811777655476,0.0139423958906623,0.28673637864612,0.110071546505228,0.234085488901119
325773.411807,2732366.126422,0.0754098360655738,0.335040983606557,0.0069672131147541,0.0831967213114754,0.107377049180328,0.392008196721311
313273.411807,2731866.126422,0.873981531776209,0.00108636610537751,0,0.00543183052688756,0.0086909288430201,0.110809342748506
313773.411807,2731866.126422,0.665749908324166,0.0033003300330033,0,0.0137513751375138,0.0132013201320132,0.303997066373304
314273.411807,2731866.126422,0.118864468864469,0.20970695970696,0,0.137179487179487,0.0456043956043956,0.488644688644689
314773.411807,2731866.126422,0.00164835164835165,0.154945054945055,0.0992673992673993,0.638278388278388,0.089010989010989,0.0168498168498168
315273.411807,2731866.126422,0,0.0715071507150715,0.108727539420609,0.725339200586725,0.0256692335900257,0.0687568756875688
315773.411807,2731866.126422,0.0113553113553114,0.0701465201465201,0.0543956043956044,0.4003663003663,0.0690476190476191,0.394688644688645
316273.411807,2731866.126422,0.0293040293040293,0.145421245421245,0.0562271062271062,0.232783882783883,0.112454212454212,0.423809523809524
