"x","y","forest","agri","water","built","other","grass"
263273.411807,2530366.126422,0.966767371601209,0.000251762336354481,0,0,0,0.0329808660624371
263773.411807,2530366.126422,0.792600050339794,0.0173672287943619,0,0,0,0.190032720865844
264273.411807,2530366.126422,0.830150753768844,0.00653266331658291,0,0,0,0.163316582914573
264773.411807,2530366.126422,0.700402819738167,0.000755287009063444,0,0,0,0.298841893252769
265273.411807,2530366.126422,0.0677070224012082,0.550465643090863,0.076264787314372,0.059904354392147,0.0120815504656431,0.233576642335766
265773.411807,2530366.126422,0.299748743718593,0.0560301507537688,0.415829145728643,0.0339195979899497,0.0311557788944724,0.163316582914573
266273.411807,2530366.126422,0.646525679758308,0.00327291037260826,0,0.00125881168177241,0.00503524672708963,0.343907351460222
266773.411807,2530366.126422,0.749056128869872,0.00629247420085578,0,0.00604077523282155,0.0072992700729927,0.231311351623458
267273.411807,2530366.126422,0.713065326633166,0,0,0,0,0.286934673366834
267773.411807,2530366.126422,0.962487411883182,0.0105740181268882,0,0,0,0.0269385699899295
268273.411807,2530366.126422,0.925497105461868,0.0208910143468412,0,0,0,0.0536118801912912
268773.411807,2530366.126422,0.834422110552764,0.00226130653266332,0,0,0,0.163316582914573
269273.411807,2530366.126422,0.760070493454179,0.0128398791540786,0,0.000755287009063444,0.00654582074521652,0.219788519637462
269773.411807,2530366.126422,0.818776743015354,0,0,0,0,0.181223256984646
270273.411807,2530366.126422,0.526381909547739,0.0291457286432161,0,0.00351758793969849,0.00628140703517588,0.434673366834171
270773.411807,2530366.126422,0.419436052366566,0.0158610271903323,0,0.00704934541792548,0.0118328298086606,0.545820745216516
271273.411807,2530366.126422,0.359677825320916,0.0581424616159074,0,0.0289453813239366,0.0234080040271835,0.529826327712056
271773.411807,2530366.126422,0.22713567839196,0.00954773869346734,0,0.00728643216080402,0.00653266331658291,0.749497487437186
272273.411807,2530366.126422,0.23766364551863,0.00855991943605237,0,0.0188821752265861,0.0226586102719033,0.712235649546828
272773.411807,2530366.126422,0.193053108482255,0.0241631009312862,0,0.0521016863830858,0.0553737729675308,0.675308331235842
273273.411807,2530366.126422,0.144472361809045,0.0231155778894472,0.028894472361809,0.460804020100503,0.13894472361809,0.203768844221106
273773.411807,2530366.126422,0.150050352467271,0.053877139979859,0.000251762336354481,0.0440584088620342,0.0246727089627392,0.727089627391742
274273.411807,2530366.126422,0.0385099421092374,0.0297004782280393,0.597029952177196,0.0526050843191543,0.0143468411779512,0.267807701988422
263273.411807,2529866.126422,0.87394495412844,0,0,0,0,0.12605504587156
263773.411807,2529866.126422,0.793248945147679,0,0,0,0,0.206751054852321
264273.411807,2529866.126422,0.595421245421245,0.000183150183150183,0,0.0021978021978022,0.00402930402930403,0.398168498168498
264773.411807,2529866.126422,0.328073394495413,0.0387155963302752,0,0.00440366972477064,0.00311926605504587,0.625688073394495
265273.411807,2529866.126422,0.00201797835259585,0.494588148963493,0.296092460099064,0.138506696019079,0.0165107319757843,0.0522839845899835
265773.411807,2529866.126422,0.523626373626374,0.0181318681318681,0.298717948717949,0.0194139194139194,0.00512820512820513,0.134981684981685
266273.411807,2529866.126422,0.848440366972477,0.00036697247706422,0,0,0,0.151192660550459
266773.411807,2529866.126422,0.778939644102,0.0304531278664465,0,0,0,0.190607228031554
267273.411807,2529866.126422,0.914285714285714,0.00641025641025641,0,0,0,0.0793040293040293
267773.411807,2529866.126422,0.907155963302752,0,0,0,0,0.0928440366972477
268273.411807,2529866.126422,0.878004035956705,0.0139423958906623,0,0,0,0.108053568152633
268773.411807,2529866.126422,0.571611721611722,0.0364468864468864,0,0,0,0.391941391941392
269273.411807,2529866.126422,0.658899082568807,0.00605504587155963,0,0.00330275229357798,0.0141284403669725,0.317614678899083
269773.411807,2529866.126422,0.667950834709228,0.0113740598055403,0,0.0108237020730141,0.00898917629792699,0.300862227114291
270273.411807,2529866.126422,0.397252747252747,0.00586080586080586,0.000183150183150183,0.0212454212454212,0.0364468864468864,0.539010989010989
270773.411807,2529866.126422,0.479449541284404,0.00348623853211009,0,0.000917431192660551,0.00055045871559633,0.515596330275229
271273.411807,2529866.126422,0.25536598789213,0.0570537516052101,0.00146762062006971,0.0190790680609063,0.0198128783709411,0.647220693450743
271773.411807,2529866.126422,0.271428571428571,0.017032967032967,0.000549450549450549,0.0324175824175824,0.0421245421245421,0.636446886446886
272273.411807,2529866.126422,0.338899082568807,0.0176146788990826,0,0.0209174311926606,0.0222018348623853,0.600366972477064
272773.411807,2529866.126422,0.125848468170978,0.0143093010456797,0.0130251330031187,0.0656760227481196,0.0509998165474225,0.730141258484682
273273.411807,2529866.126422,0.0946886446886447,0.0641025641025641,0.0875457875457875,0.0904761904761905,0.0492673992673993,0.613919413919414
273773.411807,2529866.126422,0.190275229357798,0.024954128440367,0.00788990825688073,0.00513761467889908,0.00807339449541284,0.763669724770642
263273.411807,2529366.126422,0.833516483516484,0.000732600732600733,0,0,0,0.165750915750916
263773.411807,2529366.126422,0.61025641025641,0.0659340659340659,0,0.000915750915750916,0.00256410256410256,0.32032967032967
264273.411807,2529366.126422,0.238357169050238,0.0203520352035204,0,0.00696736340300697,0.0077007700770077,0.726622662266227
264773.411807,2529366.126422,0.175457875457875,0.510805860805861,0,0.00879120879120879,0.0043956043956044,0.300549450549451
265273.411807,2529366.126422,0.106227106227106,0.0633699633699634,0.488827838827839,0.284798534798535,0.00695970695970696,0.0498168498168498
265773.411807,2529366.126422,0.353318665199853,0.0561056105610561,0.00348368170150348,0.00311697836450312,0.0088008800880088,0.575174184085075
266273.411807,2529366.126422,0.678205128205128,0.00238095238095238,0,0.000732600732600733,0.00402930402930403,0.314652014652015
266773.411807,2529366.126422,0.877106227106227,0,0,0.000366300366300366,0,0.122527472527473
267273.411807,2529366.126422,0.92005867253392,0.0055005500550055,0,0,0,0.0744407774110744
267773.411807,2529366.126422,0.897802197802198,0,0,0,0,0.102197802197802
268273.411807,2529366.126422,0.827289377289377,0.000549450549450549,0,0.000183150183150183,0.000183150183150183,0.171794871794872
268773.411807,2529366.126422,0.610561056105611,0.048954895489549,0.0284195086175284,0.00183351668500183,0.00935093509350935,0.300880088008801
269273.411807,2529366.126422,0.594871794871795,0.000183150183150183,0,0.00293040293040293,0.00238095238095238,0.3996336996337
269773.411807,2529366.126422,0.546703296703297,0,0,0.000549450549450549,0.0021978021978022,0.450549450549451
270273.411807,2529366.126422,0.643014301430143,0.00183351668500183,0,0.00238357169050238,0.00715071507150715,0.345617895122846
270773.411807,2529366.126422,0.563553113553114,0.000183150183150183,0,0.00824175824175824,0.00531135531135531,0.422710622710623
271273.411807,2529366.126422,0.296886446886447,0.00732600732600733,0.257692307692308,0.0525641025641026,0.0256410256410256,0.35989010989011
271773.411807,2529366.126422,0.21030436376971,0.0407040704070407,0.264943160982765,0.072973964063073,0.0311697836450312,0.37990465713238
273773.411807,2529366.126422,0.0117216117216117,0.00695970695970696,0.557326007326007,0.084981684981685,0.0159340659340659,0.323076923076923
263273.411807,2528866.126422,0.766012112314186,0,0,0.00110111947146265,0.00110111947146265,0.231785648742889
263773.411807,2528866.126422,0.179350816064552,0.217128186319457,0,0.0902255639097744,0.0608839171098478,0.452411516596369
264273.411807,2528866.126422,0.108484515301448,0.525380245556166,0.0273043796958036,0.0494777350192413,0.0304196444933113,0.25893347993403
264773.411807,2528866.126422,0.00220223894292531,0.221141493852083,0.230317489447605,0.512938153789686,0.00256927876674619,0.0308313452009543
265273.411807,2528866.126422,0.522464698331194,0.0302585732624244,0.00110031175499725,0.366770584999083,0.0113698881349716,0.0680359435173299
265773.411807,2528866.126422,0.63899578522998,0.0166758292101887,0,0.00549752611324904,0.0111783030969397,0.327652556349643
266273.411807,2528866.126422,0.804551293815379,0.000183519911910442,0,0,0.00146815929528354,0.193797026977427
266773.411807,2528866.126422,0.929763432972676,0,0,0,0,0.0702365670273244
267273.411807,2528866.126422,0.930731170973062,0,0,0,0,0.0692688290269379
267773.411807,2528866.126422,0.876858139108093,0.000550559735731327,0,0.000183519911910442,0,0.122407781244265
268273.411807,2528866.126422,0.828351366220429,0.000916926462497708,0,0,0.000916926462497708,0.169814780854575
268773.411807,2528866.126422,0.760491112332784,0.00256551218618288,0,0.00128275609309144,0.00861279091075683,0.227047828477185
269273.411807,2528866.126422,0.397871169021839,0.000917599559552211,0,0.00201871903101487,0.0047715177096715,0.594420994677923
269773.411807,2528866.126422,0.577847056666055,0,0,0,0,0.422152943333945
270273.411807,2528866.126422,0.734102986989188,0.000183250870441635,0.000916254352208173,0.00128275609309144,0.00164925783397471,0.261865493861096
270773.411807,2528866.126422,0.284455863461186,0.0266103872270141,0.34024591668196,0.154890805652413,0.0313819049366856,0.162415122040741
263273.411807,2528366.126422,0.551743119266055,0.058348623853211,0,0.0906422018348624,0.0493577981651376,0.249908256880734
263773.411807,2528366.126422,0.10420106402495,0.321225463217758,0,0.0766831773986425,0.0487983856173179,0.449091909741332
264273.411807,2528366.126422,0.00457875457875458,0.158424908424908,0.564835164835165,0.265750915750916,0.00274725274725275,0.00366300366300366
264773.411807,2528366.126422,0.0332110091743119,0.0673394495412844,0.314495412844037,0.558532110091743,0.00642201834862385,0.02
265273.411807,2528366.126422,0.529627591267657,0.0251330031186938,0,0.00843881856540084,0.00697119794533113,0.429829389102917
265773.411807,2528366.126422,0.907692307692308,0.00805860805860806,0,0,0,0.0842490842490843
266273.411807,2528366.126422,0.783853211009174,0.0148623853211009,0,0,0,0.201284403669725
266773.411807,2528366.126422,0.870299027701339,0,0,0,0,0.129700972298661
267273.411807,2528366.126422,0.920695970695971,0,0,0,0,0.0793040293040293
267773.411807,2528366.126422,0.855229357798165,0,0,0,0,0.144770642201835
268273.411807,2528366.126422,0.786094294624839,0,0,0,0.000183452577508714,0.213722252797652
268773.411807,2528366.126422,0.504212454212454,0.000549450549450549,0,0.00604395604395604,0.00750915750915751,0.481684981684982
269273.411807,2528366.126422,0.808623853211009,0,0,0.00036697247706422,0.00055045871559633,0.19045871559633
269773.411807,2528366.126422,0.505962208769033,0.00183452577508714,0,0.011557512383049,0.00807191341038342,0.472573839662447
270273.411807,2528366.126422,0.246886446886447,0.0681318681318681,0.284981684981685,0.103479853479853,0.03003663003663,0.266483516483516
263273.411807,2527866.126422,0.76978021978022,0.00934065934065934,0.0201465201465201,0.026007326007326,0.0153846153846154,0.159340659340659
263773.411807,2527866.126422,0.0913919413919414,0.259340659340659,0.16959706959707,0.287362637362637,0.0315018315018315,0.160805860805861
264273.411807,2527866.126422,0,0.108544187752109,0.74990832416575,0.135496883021635,0.00275027502750275,0.0033003300330033
264773.411807,2527866.126422,0.28956043956044,0.0498168498168498,0.176923076923077,0.16025641025641,0.0604395604395604,0.263003663003663
265273.411807,2527866.126422,0.416300366300366,0.0708791208791209,0,0.00659340659340659,0.00952380952380952,0.496703296703297
265773.411807,2527866.126422,0.66996699669967,0,0,0.00128346167950128,0.00165016501650165,0.327099376604327
266273.411807,2527866.126422,0.848534798534799,0,0,0,0,0.151465201465201
266773.411807,2527866.126422,0.888644688644689,0.000366300366300366,0,0,0,0.110989010989011
267273.411807,2527866.126422,0.825449211587825,0.000183351668500183,0,0,0,0.174367436743674
267773.411807,2527866.126422,0.884249084249084,0.000183150183150183,0,0.000366300366300366,0.000549450549450549,0.114652014652015
268273.411807,2527866.126422,0.784615384615385,0.000366300366300366,0,0.000183150183150183,0.00128205128205128,0.213553113553114
268773.411807,2527866.126422,0.451961862852952,0.00366703337000367,0,0.00238357169050238,0.00495049504950495,0.537037037037037
269273.411807,2527866.126422,0.457326007326007,0.000915750915750916,0.00384615384615385,0.0144688644688645,0.0133699633699634,0.51007326007326
269773.411807,2527866.126422,0.14029304029304,0.015018315018315,0.465018315018315,0.138644688644689,0.043040293040293,0.197985347985348
263273.411807,2527366.126422,0.47733529087906,0.218755734997247,0.0170673518076711,0.212149018168471,0.00880895577170123,0.0658836483758488
263773.411807,2527366.126422,0,0.218778653951953,0.16394645149459,0.538235833486154,0.0641848523748395,0.0148542086924629
264273.411807,2527366.126422,0.0835623969213854,0.157045995968481,0.315374748030053,0.34982591167308,0.0397654388858347,0.0544255085211655
264773.411807,2527366.126422,0.4358597907873,0.106074509084236,0,0.0141310332171041,0.0310148651128647,0.412919801798495
265273.411807,2527366.126422,0.520630845406198,0.00458463231248854,0,0.0346598202824134,0.0346598202824134,0.405464881716486
265773.411807,2527366.126422,0.705882352941177,0.00403151914971596,0,0.000916254352208173,0.000366501740883269,0.288803371816016
266273.411807,2527366.126422,0.741971003853918,0.00403743806202973,0,0.000550559735731327,0.000550559735731327,0.252890438612589
266773.411807,2527366.126422,0.866312121767834,0,0,0,0,0.133687878232166
267273.411807,2527366.126422,0.827744181784864,0,0,0,0,0.172255818215137
267773.411807,2527366.126422,0.80510185355111,0,0,0,0,0.19489814644889
268273.411807,2527366.126422,0.651384558958372,0.00146708233999633,0,0.00256739409499358,0.00880249403997799,0.335778470566661
268773.411807,2527366.126422,0.678761224115815,0,0,0.000549752611324904,0.00274876305662452,0.317940260216236
269273.411807,2527366.126422,0.36502110478987,0.0172508717195816,0.125894659570563,0.0600110111947146,0.030280785465223,0.401541567260048
263273.411807,2526866.126422,0.142752293577982,0.178899082568807,0.161100917431193,0.371376146788991,0.0500917431192661,0.0957798165137615
263773.411807,2526866.126422,0.0247660979636764,0.146395156851954,0.118326912493121,0.460465969546872,0.0491652907723353,0.200880572372042
264273.411807,2526866.126422,0.286630036630037,0.0243589743589744,0.285347985347985,0.101465201465201,0.0597069597069597,0.242490842490842
264773.411807,2526866.126422,0.515596330275229,0.00899082568807339,0,0.0447706422018349,0.0407339449541284,0.389908256880734
265273.411807,2526866.126422,0.614933039809209,0.00165107319757843,0,0.00403595670519171,0.00605393505778756,0.373325995230233
265773.411807,2526866.126422,0.422527472527473,0.000732600732600733,0,0.00714285714285714,0.0113553113553114,0.558241758241758
266273.411807,2526866.126422,0.664403669724771,0.0188990825688073,0,0.00330275229357798,0.0376146788990826,0.275779816513761
266773.411807,2526866.126422,0.833608512199596,0,0,0,0,0.166391487800404
267273.411807,2526866.126422,0.804395604395604,0,0,0,0,0.195604395604396
267773.411807,2526866.126422,0.695596330275229,0.0212844036697248,0,0.00311926605504587,0.0258715596330275,0.254128440366972
268273.411807,2526866.126422,0.473124197394973,0.00091726288754357,0,0.000183452577508714,0.000183452577508714,0.525591634562466
268773.411807,2526866.126422,0.392490842490842,0.00622710622710623,0,0.0021978021978022,0.00274725274725275,0.596336996336996
269273.411807,2526866.126422,0.404220183486239,0.0614678899082569,0.0121100917431193,0.125504587155963,0.0368807339449541,0.359816513761468
263273.411807,2526366.126422,0.00512820512820513,0.0547619047619048,0.31043956043956,0.363553113553114,0.0776556776556777,0.188461538461538
263773.411807,2526366.126422,0.0197802197802198,0.143956043956044,0.544505494505494,0.162271062271062,0.0683150183150183,0.0611721611721612
264273.411807,2526366.126422,0.474330766409974,0.0155848918225156,0,0.0170517051705171,0.0181518151815182,0.474880821415475
264773.411807,2526366.126422,0.725457875457875,0.0166666666666667,0,0.00805860805860806,0.00476190476190476,0.245054945054945
265273.411807,2526366.126422,0.652930402930403,0.0032967032967033,0,0.00750915750915751,0.0161172161172161,0.32014652014652
265773.411807,2526366.126422,0.743124312431243,0.00256692335900257,0,0.00348368170150348,0.00788412174550788,0.242940960762743
266273.411807,2526366.126422,0.659157509157509,0.00146520146520147,0,0.000915750915750916,0.000549450549450549,0.337912087912088
266773.411807,2526366.126422,0.733150183150183,0.00201465201465201,0,0.000183150183150183,0.000732600732600733,0.263919413919414
267273.411807,2526366.126422,0.70993766043271,0,0,0.000183351668500183,0,0.28987898789879
267773.411807,2526366.126422,0.695787545787546,0,0,0,0,0.304212454212454
268273.411807,2526366.126422,0.379487179487179,0.000183150183150183,0,0.00146520146520147,0.00586080586080586,0.613003663003663
268773.411807,2526366.126422,0.745324532453245,0.00586725339200587,0,0.00403373670700403,0.0124679134580125,0.232306563989732
269273.411807,2526366.126422,0.176373626373626,0.0782051282051282,0.290659340659341,0.198168498168498,0.047985347985348,0.208608058608059
263273.411807,2525866.126422,0.00605615709304459,0.05395485410167,0.511469994494403,0.394751330519361,0.0183519911910442,0.0154156726004772
263773.411807,2525866.126422,0.165963689712085,0.0267742527049331,0.213643865761966,0.133137722354667,0.0423620025673941,0.418118466898955
264273.411807,2525866.126422,0.575590984057174,0.00678028220634048,0,0.00183250870441635,0.00549752611324904,0.41029869891882
264773.411807,2525866.126422,0.781794824738484,0.000917599559552211,0,0.00495503762158194,0.00734079647641769,0.204991741603964
265273.411807,2525866.126422,0.726755914175683,0.000366770584999083,0,0.000733541169998166,0.00366770584999083,0.268476068219329
265773.411807,2525866.126422,0.508337914605094,0.00109950522264981,0,0.00311526479750779,0.00916254352208173,0.478284771852666
266273.411807,2525866.126422,0.693521747109561,0.000917599559552211,0,0.00587263718113415,0.0082583960359699,0.291429620113782
266773.411807,2525866.126422,0.738125802310655,0,0,0,0,0.261874197689345
267273.411807,2525866.126422,0.772585669781931,0,0,0,0,0.227414330218069
267773.411807,2525866.126422,0.694806386492934,0.00458799779776106,0,0.00275279867865663,0.00367039823820885,0.294182418792439
268273.411807,2525866.126422,0.553273427471117,0.00513478818998716,0,0.00293416467999266,0.00256739409499358,0.43609022556391
268773.411807,2525866.126422,0.610408649441085,0.000183250870441635,0,0.00623052959501558,0.00183250870441635,0.381345061389042
263273.411807,2525366.126422,0.0363302752293578,0.0168807339449541,0.807889908256881,0.128990825688073,0.00385321100917431,0.00605504587155963
263773.411807,2525366.126422,0.141441937259218,0.099431297009723,0,0.0310034855989727,0.032104201064025,0.696019079068061
264273.411807,2525366.126422,0.525641025641026,0.0267399267399267,0,0.0148351648351648,0.0128205128205128,0.41996336996337
264773.411807,2525366.126422,0.76605504587156,0.00055045871559633,0,0.00055045871559633,0.00330275229357798,0.22954128440367
265273.411807,2525366.126422,0.529994496422675,0.00293524124013942,0,0.0418271876719868,0.0390753990093561,0.386167675655843
265773.411807,2525366.126422,0.518864468864469,0.0021978021978022,0,0.00347985347985348,0.0113553113553114,0.464102564102564
266273.411807,2525366.126422,0.737798165137615,0,0,0.0018348623853211,0.00642201834862385,0.25394495412844
266773.411807,2525366.126422,0.684278114107503,0.00146762062006971,0,0.00275178866263071,0.00440286186020914,0.307099614749587
267273.411807,2525366.126422,0.70952380952381,0,0,0,0,0.29047619047619
267773.411807,2525366.126422,0.74256880733945,0,0,0,0,0.25743119266055
268273.411807,2525366.126422,0.665015593469088,0.00458631443771785,0,0.014125848468171,0.014125848468171,0.302146395156852
268773.411807,2525366.126422,0.354945054945055,0.00347985347985348,0,0.00402930402930403,0.00476190476190476,0.632783882783883
269273.411807,2525366.126422,0.055045871559633,0.0240366972477064,0.580917431192661,0.11651376146789,0.0311926605504587,0.192293577981651
263273.411807,2524866.126422,0.145421245421245,0.0435897435897436,0.536263736263736,0.0481684981684982,0.0238095238095238,0.202747252747253
263773.411807,2524866.126422,0.0904761904761905,0.0293040293040293,0.0032967032967033,0.134981684981685,0.0950549450549451,0.646886446886447
264273.411807,2524866.126422,0.307664099743308,0.00421708837550422,0,0.00806747341400807,0.00531719838650532,0.674734140080675
264773.411807,2524866.126422,0.860989010989011,0,0,0,0,0.139010989010989
265273.411807,2524866.126422,0.61025641025641,0.00512820512820513,0,0.063003663003663,0.0274725274725275,0.294139194139194
265773.411807,2524866.126422,0.790795746241291,0.00128346167950128,0,0.00311697836450312,0.0106343967730106,0.194169416941694
266273.411807,2524866.126422,0.838278388278388,0,0,0,0,0.161721611721612
266773.411807,2524866.126422,0.813369963369963,0,0,0,0,0.186630036630037
267273.411807,2524866.126422,0.735240190685735,0.000366703337000367,0,0.0033003300330033,0.00568390172350568,0.255408874220755
267773.411807,2524866.126422,0.467765567765568,0.0113553113553114,0,0.0102564102564103,0.0172161172161172,0.493406593406593
268273.411807,2524866.126422,0.548351648351648,0.0115384615384615,0,0.00860805860805861,0.0164835164835165,0.415018315018315
268773.411807,2524866.126422,0.266043270993766,0.00788412174550788,0.00146681334800147,0.0157682434910158,0.0342867620095343,0.674550788412175
269273.411807,2524866.126422,0.278937728937729,0.00677655677655678,0,0.0271062271062271,0.0380952380952381,0.649084249084249
263273.411807,2524366.126422,0.0379886217654616,0.11635162415122,0.406129565057809,0.336942558267572,0.0150486327766563,0.087538997981281
263773.411807,2524366.126422,0.161562442692096,0.0740876581698148,0,0.0269576379974326,0.0284247203374289,0.708967540803228
264273.411807,2524366.126422,0.393989371449514,0.00384826827927433,0,0.0201575957485798,0.0271211288253619,0.55488363569727
264773.411807,2524366.126422,0.45641402092127,0.0113782345384474,0.00146815929528354,0.264452193062947,0.0915764360433107,0.174710956138741
265273.411807,2524366.126422,0.476985145791308,0.0075187969924812,0,0.0245736291949386,0.01998899688245,0.470933431138823
265773.411807,2524366.126422,0.698918819864394,0.0199743448781382,0,0.000183250870441635,0,0.280923584387026
266273.411807,2524366.126422,0.627638098733713,0,0,0.000917599559552211,0.000917599559552211,0.370526702147183
266773.411807,2524366.126422,0.779754263708051,0.000183385292499542,0,0,0.00146708233999633,0.218595268659454
267273.411807,2524366.126422,0.841854498808869,0,0,0,0,0.158145501191131
267773.411807,2524366.126422,0.829510001835199,0,0,0,0,0.170489998164801
268273.411807,2524366.126422,0.781221346048047,0,0,0,0,0.218778653951953
268773.411807,2524366.126422,0.424592266813267,0.000733003481766538,0.000366501740883269,0.000183250870441635,0.00201575957485798,0.572109217518783
269273.411807,2524366.126422,0.217104055790053,0.0144980730409249,0.00275279867865663,0.0715727656450725,0.0614791704899982,0.632593136355295
269773.411807,2524366.126422,0.0456629378323858,0.130570328259674,0.481203007518797,0.0986612873647534,0.0135705116449661,0.230331927379424
263273.411807,2523866.126422,0.0291743119266055,0.210275229357798,0.252110091743119,0.411192660550459,0.0739449541284404,0.023302752293578
263773.411807,2523866.126422,0.0952118877270226,0.0607228031553843,0.232250963126032,0.0864061640066043,0.0251330031186938,0.500275178866263
264273.411807,2523866.126422,0.415384615384615,0.00659340659340659,0.000549450549450549,0.0736263736263736,0.0586080586080586,0.445238095238095
264773.411807,2523866.126422,0.196146788990826,0.0278899082568807,0.00935779816513761,0.344403669724771,0.156146788990826,0.26605504587156
265273.411807,2523866.126422,0.419189139607411,0.0264171711612548,0,0.0168776371308017,0.0163272793982755,0.521188772702256
265773.411807,2523866.126422,0.505494505494505,0.00989010989010989,0,0.0133699633699634,0.0139194139194139,0.457326007326007
266273.411807,2523866.126422,0.486605504587156,0.00165137614678899,0,0.00055045871559633,0.00036697247706422,0.510825688073394
266773.411807,2523866.126422,0.798569069895432,0,0,0.00146762062006971,0.00385250412768299,0.196110805356815
267273.411807,2523866.126422,0.697802197802198,0,0,0,0,0.302197802197802
267773.411807,2523866.126422,0.790091743119266,0.00036697247706422,0,0,0,0.20954128440367
268273.411807,2523866.126422,0.642084021280499,0,0,0,0,0.357915978719501
268773.411807,2523866.126422,0.350732600732601,0.0452380952380952,0,0.00311355311355311,0.000915750915750916,0.6
269273.411807,2523866.126422,0.0823853211009174,0.320550458715596,0,0.015045871559633,0.00440366972477064,0.577614678899083
269773.411807,2523866.126422,0.133553476426344,0.220693450742983,0.0744817464685379,0.0803522289488167,0.0427444505595304,0.448174646853788
270273.411807,2523866.126422,0,0.0122710622710623,0.943772893772894,0.043956043956044,0,0
263273.411807,2523366.126422,0.0736263736263736,0.129120879120879,0.501282051282051,0.191575091575092,0.0496336996336996,0.0547619047619048
263773.411807,2523366.126422,0.128754578754579,0.0133699633699634,0.722161172161172,0.0838827838827839,0.000366300366300366,0.0514652014652015
264273.411807,2523366.126422,0.282911624495783,0.0176017601760176,0.00183351668500183,0.144847818115145,0.092042537587092,0.460762742940961
264773.411807,2523366.126422,0.340842490842491,0.0278388278388278,0,0.0236263736263736,0.0296703296703297,0.578021978021978
265273.411807,2523366.126422,0.36007326007326,0.0505494505494506,0,0.0214285714285714,0.0163003663003663,0.551648351648352
265773.411807,2523366.126422,0.431793179317932,0.000733406674000733,0,0.00201686835350202,0.0044004400440044,0.561056105610561
266273.411807,2523366.126422,0.793772893772894,0,0,0.00183150183150183,0.00531135531135531,0.199084249084249
266773.411807,2523366.126422,0.775641025641026,0,0,0,0,0.224358974358974
267273.411807,2523366.126422,0.596809680968097,0,0,0,0,0.403190319031903
267773.411807,2523366.126422,0.757692307692308,0,0,0,0,0.242307692307692
268273.411807,2523366.126422,0.444871794871795,0,0,0,0,0.555128205128205
268773.411807,2523366.126422,0.413274660799413,0.178217821782178,0,0,0,0.408507517418409
269273.411807,2523366.126422,0.101098901098901,0.111355311355311,0.0217948717948718,0.108608058608059,0.0703296703296703,0.586813186813187
269773.411807,2523366.126422,0.27985347985348,0.0657509157509158,0.00714285714285714,0.00805860805860806,0.0157509157509158,0.623443223443223
263273.411807,2522866.126422,0.242796843457515,0.120939621948981,0.0598274912828042,0.136171774637548,0.0884565975408332,0.351807671132318
263773.411807,2522866.126422,0.0755547405098111,0.183385292499542,0.436823766733908,0.0735375022923162,0.033192737942417,0.197505960022006
264273.411807,2522866.126422,0.0188748396554884,0.00842954004031519,0.782297965915338,0.148799706798607,0.0197910940076965,0.0218068535825545
264773.411807,2522866.126422,0.395668930078914,0.00550559735731327,0,0.0869884382455496,0.0836850798311617,0.428151954487062
265273.411807,2522866.126422,0.550522648083624,0.0381441408399046,0,0.00715202640748212,0.0154043645699615,0.388776820099028
265773.411807,2522866.126422,0.601612607659886,0.0163093274693055,0,0.0273043796958036,0.0271211288253619,0.327652556349643
266273.411807,2522866.126422,0.857772068269407,0.000550559735731327,0,0.00697375665259681,0.00752431638832813,0.127179298953937
266773.411807,2522866.126422,0.733907940583165,0,0,0,0,0.266092059416835
267273.411807,2522866.126422,0.765438885834708,0,0,0,0,0.234561114165292
267773.411807,2522866.126422,0.687465590016517,0.000734079647641769,0,0.00697375665259681,0.00972655533125344,0.295100018351991
268273.411807,2522866.126422,0.606821932880983,0,0,0.0210893086374473,0.00275077938749312,0.369337979094077
268773.411807,2522866.126422,0.621586952538025,0.00384826827927433,0,0.00348176653839106,0.00219901044529962,0.36888400219901
269273.411807,2522866.126422,0.416590200036704,0.00458799779776106,0.00183519911910442,0.247568361167187,0.055606533308864,0.27381170857038
269773.411807,2522866.126422,0.252338162479369,0.0150375939849624,0,0.136622042912158,0.0295250320924262,0.566477168531084
270273.411807,2522866.126422,0.0885101704233095,0.0399486897562763,0.272310793476269,0.148616455928166,0.0426974528129009,0.407916437603079
263273.411807,2522366.126422,0.296146788990826,0.0310091743119266,0.0623853211009174,0.154678899082569,0.0976146788990826,0.358165137614679
263773.411807,2522366.126422,0.0247660979636764,0.314070812694918,0.250229315721886,0.0759493670886076,0.0409099247844432,0.294074481746469
264273.411807,2522366.126422,0.0032967032967033,0.165750915750916,0.76959706959707,0.0578754578754579,0.000183150183150183,0.0032967032967033
264773.411807,2522366.126422,0.179449541284404,0.0247706422018349,0.351926605504587,0.196880733944954,0.0585321100917431,0.188440366972477
265273.411807,2522366.126422,0.587415153182902,0.0242157402311502,0.000366905155017428,0.020546688680976,0.0260502660062374,0.341405246743717
265773.411807,2522366.126422,0.667216117216117,0.00476190476190476,0,0.000366300366300366,0.00238095238095238,0.325274725274725
266273.411807,2522366.126422,0.789908256880734,0,0,0.00073394495412844,0.00055045871559633,0.208807339449541
266773.411807,2522366.126422,0.721518987341772,0,0,0,0,0.278481012658228
267273.411807,2522366.126422,0.672161172161172,0,0,0,0,0.327838827838828
267773.411807,2522366.126422,0.680733944954128,0.00036697247706422,0.00568807339449541,0.00605504587155963,0.00807339449541284,0.299082568807339
268273.411807,2522366.126422,0.548890111906072,0.000366905155017428,0,0.0554026784076316,0.00953953403045313,0.385800770500826
268773.411807,2522366.126422,0.452014652014652,0.0010989010989011,0.000549450549450549,0.141391941391941,0.0393772893772894,0.365567765567766
269273.411807,2522366.126422,0.175596330275229,0.0300917431192661,0.00311926605504587,0.268623853211009,0.0576146788990826,0.464954128440367
269773.411807,2522366.126422,0.512566501559347,0.0110071546505228,0,0.0165107319757843,0.00642084021280499,0.453494771601541
270273.411807,2522366.126422,0.269230769230769,0.0485347985347985,0.0364468864468864,0.131501831501832,0.0313186813186813,0.482967032967033
263273.411807,2521866.126422,0.111172161172161,0.0912087912087912,0.0368131868131868,0.295604395604396,0.117399267399267,0.347802197802198
263773.411807,2521866.126422,0.0186813186813187,0.248901098901099,0.36996336996337,0.0802197802197802,0.0758241758241758,0.206410256410256
264273.411807,2521866.126422,0.0291529152915292,0.536486982031536,0.169416941694169,0.0603226989365603,0.0143014301430143,0.19031903190319
264773.411807,2521866.126422,0.0842490842490843,0.0655677655677656,0.595238095238095,0.131501831501832,0.0424908424908425,0.080952380952381
265273.411807,2521866.126422,0.66007326007326,0.0210622710622711,0,0.00293040293040293,0.00384615384615385,0.312087912087912
265773.411807,2521866.126422,0.746974697469747,0.000183351668500183,0,0,0,0.252841950861753
266273.411807,2521866.126422,0.766849816849817,0.000366300366300366,0,0.00476190476190476,0.00366300366300366,0.224358974358974
266773.411807,2521866.126422,0.280769230769231,0,0,0.000366300366300366,0.000366300366300366,0.718498168498168
267273.411807,2521866.126422,0.695269526952695,0,0,0.000733406674000733,0.0011001100110011,0.302896956362303
267773.411807,2521866.126422,0.39029304029304,0.0271062271062271,0.0113553113553114,0.0179487179487179,0.0208791208791209,0.532417582417582
268273.411807,2521866.126422,0.403113553113553,0.010989010989011,0,0.0619047619047619,0.0481684981684982,0.475824175824176
268773.411807,2521866.126422,0.186101943527686,0.013017968463513,0.00678401173450678,0.222588925559223,0.0546387972130546,0.516868353502017
269273.411807,2521866.126422,0.489377289377289,0.0368131868131868,0,0.0820512820512821,0.0152014652014652,0.376556776556777
269773.411807,2521866.126422,0.45970695970696,0.017032967032967,0,0.0152014652014652,0.0117216117216117,0.496336996336996
270273.411807,2521866.126422,0.459112577924459,0.0163182984965163,0.000183351668500183,0.0826916024935827,0.0388705537220389,0.402823615694903
263273.411807,2521366.126422,0.158377683978712,0.0313819049366856,0.00238575885483575,0.232703248302441,0.115617544503579,0.459533859423747
263773.411807,2521366.126422,0.0434623143223913,0.433889602053915,0.129470016504676,0.108380707867229,0.0731707317073171,0.211626627544471
264273.411807,2521366.126422,0.0540590067802822,0.476269012277808,0.0472787245739417,0.051126992853216,0.0656038116181052,0.305662451896647
264773.411807,2521366.126422,0.147182969352175,0.0917599559552211,0.577537162782162,0.0486327766562672,0.0132134336575518,0.121673701596623
265273.411807,2521366.126422,0.826700898587933,0.00146708233999633,0,0.0163212910324592,0.0152209792774619,0.140289748762149
265773.411807,2521366.126422,0.460326186549386,0.0089792926516401,0.000366501740883269,0.0819131390874107,0.0639545537841305,0.384460326186549
266273.411807,2521366.126422,0.699027344466875,0.00330335841438796,0.000734079647641769,0.0155991925123876,0.0172508717195816,0.264085153239126
266773.411807,2521366.126422,0.588300018338529,0.000183385292499542,0,0.0121034293049697,0.00476801760498808,0.394645149459013
267273.411807,2521366.126422,0.819314641744548,0.00109950522264981,0,0.00439802089059923,0.00769653655854865,0.167491295583654
267773.411807,2521366.126422,0.424114516425032,0.00146815929528354,0.00917599559552211,0.0495503762158194,0.0445953385942375,0.471095613874105
268273.411807,2521366.126422,0.232899321474418,0.0306253438474234,0.0119200440124702,0.100311754997249,0.0559325142123602,0.568311021456079
268773.411807,2521366.126422,0.0914421843503757,0.0393989371449514,0,0.120762323621037,0.148249954187282,0.600146600696353
269273.411807,2521366.126422,0.123141860891907,0.0335841438796109,0.127913378601578,0.367039823820885,0.111396586529638,0.236924206276381
269773.411807,2521366.126422,0.196772418852008,0.0139372822299652,0.169814780854575,0.33596185585916,0.0718870346598203,0.211626627544471
263273.411807,2520866.126422,0.110275229357798,0.0218348623853211,0.013394495412844,0.360733944954128,0.170642201834862,0.323119266055046
263773.411807,2520866.126422,0.103100348559897,0.270409099247844,0.140891579526692,0.125298110438452,0.0656760227481196,0.294624839478995
264273.411807,2520866.126422,0.0377289377289377,0.353663003663004,0.0886446886446886,0.111721611721612,0.0794871794871795,0.328754578754579
264773.411807,2520866.126422,0.00128440366972477,0.132660550458716,0.647889908256881,0.196880733944954,0.0192660550458716,0.00201834862385321
265273.411807,2520866.126422,0.0744817464685379,0.506696019079068,0.0559530361401578,0.0498991010823702,0.0559530361401578,0.257017061089708
265773.411807,2520866.126422,0.103113553113553,0.471978021978022,0.00402930402930403,0.0247252747252747,0.0489010989010989,0.347252747252747
266273.411807,2520866.126422,0.640366972477064,0.00568807339449541,0.00128440366972477,0.0174311926605505,0.0163302752293578,0.318899082568807
266773.411807,2520866.126422,0.496239222161071,0.0449458814896349,0.0139423958906623,0.0766831773986425,0.0487983856173179,0.319390937442671
267273.411807,2520866.126422,0.344139194139194,0.0408424908424908,0,0.0408424908424908,0.0793040293040293,0.494871794871795
267773.411807,2520866.126422,0.13394495412844,0.0209174311926606,0.00330275229357798,0.367706422018349,0.193394495412844,0.280733944954128
268273.411807,2520866.126422,0.0289855072463768,0.0585213722252798,0,0.31957439002018,0.0649422124380847,0.527976518070079
268773.411807,2520866.126422,0.162087912087912,0.0732600732600733,0.194871794871795,0.334615384615385,0.0712454212454212,0.163919413919414
263273.411807,2520366.126422,0.0888278388278388,0.344688644688645,0.00476190476190476,0.237545787545788,0.0913919413919414,0.232783882783883
263773.411807,2520366.126422,0.023992673992674,0.561721611721612,0.0512820512820513,0.0326007326007326,0.056043956043956,0.274358974358974
264273.411807,2520366.126422,0.0291529152915292,0.477264393105977,0.138980564723139,0.0253025302530253,0.0759075907590759,0.253392005867253
264773.411807,2520366.126422,0.0382783882783883,0.202747252747253,0.518498168498169,0.133150183150183,0.0179487179487179,0.0893772893772894
265273.411807,2520366.126422,0.026007326007326,0.416666666666667,0.290659340659341,0.175824175824176,0.00402930402930403,0.0868131868131868
265773.411807,2520366.126422,0.00898423175650898,0.888522185551889,0,0.000916758342500917,0.0141180784745141,0.0874587458745875
266273.411807,2520366.126422,0.183882783882784,0.370695970695971,0.000732600732600733,0.112271062271062,0.0901098901098901,0.242307692307692
266773.411807,2520366.126422,0.0657509157509158,0.585164835164835,0.0142857142857143,0.0717948717948718,0.0871794871794872,0.175824175824176
267273.411807,2520366.126422,0.0914924825815915,0.481114778144481,0.00238357169050238,0.0573890722405574,0.0711404473780711,0.296479647964796
267773.411807,2520366.126422,0.00824175824175824,0.0100732600732601,0.00512820512820513,0.566483516483516,0.0443223443223443,0.365750915750916
268273.411807,2520366.126422,0.0902930402930403,0.256593406593407,0,0.11007326007326,0.028021978021978,0.515018315018315
263273.411807,2519866.126422,0.1036887502294,0.420627638098734,0.0229399889888053,0.144797210497339,0.0524866948063865,0.255459717379336
263773.411807,2519866.126422,0.142490372272144,0.359618558591601,0.000733541169998166,0.126719237117183,0.066385475884834,0.30405281496424
264273.411807,2519866.126422,0.15356422943009,0.397104636247022,0.0927249404434671,0.0494777350192413,0.0608392889866227,0.246289169873557
264773.411807,2519866.126422,0.0633143696091026,0.554413653881446,0.101853551110295,0.0601945311066251,0.0592769315470729,0.160946962745458
265273.411807,2519866.126422,0.0645516229598386,0.0911424903722722,0.0893086374472767,0.713918943700715,0.0174216027874564,0.0236567027324409
265773.411807,2519866.126422,0.0254718709913872,0.597764339380612,0,0.0938244456661169,0.0146600696353308,0.268279274326553
266273.411807,2519866.126422,0.0119287942741787,0.703798862176546,0,0.000917599559552211,0.0201871903101487,0.263167553679574
266773.411807,2519866.126422,0.121401063634696,0.525032092426187,0,0.0165046763249587,0.0449293966623877,0.29213277095177
267273.411807,2519866.126422,0.085761407366685,0.406633681509987,0,0.133589884551952,0.0513102437236577,0.322704782847719
267773.411807,2519866.126422,0.0501009359515507,0.0902917966599376,0,0.230133969535695,0.0545054138374014,0.574967884015416
268273.411807,2519866.126422,0.0515312671923712,0.20410783055199,0.151659636897121,0.222262974509444,0.0535485054098661,0.316889785439208
263273.411807,2519366.126422,0.129174311926606,0.142935779816514,0.111559633027523,0.174678899082569,0.0704587155963303,0.371192660550459
263773.411807,2519366.126422,0.172812328013209,0.265455879655109,0.0216474041460283,0.174463401210787,0.11263988259035,0.252981104384517
264273.411807,2519366.126422,0.107509157509158,0.406043956043956,0.10018315018315,0.0690476190476191,0.0835164835164835,0.233699633699634
264773.411807,2519366.126422,0.112844036697248,0.353577981651376,0.167339449541284,0.0961467889908257,0.0996330275229358,0.17045871559633
265273.411807,2519366.126422,0.236103467253715,0.169877086773069,0.0952118877270226,0.0845716382315172,0.0631076866629976,0.351128233351679
265773.411807,2519366.126422,0.115018315018315,0.106043956043956,0.00146520146520147,0.67948717948718,0.0291208791208791,0.0688644688644689
