"x","y","forest","agri","water","built","other","grass"
173273.411807,2544366.126422,0.0102335345053792,0.0118079244292837,0.0907898189451588,0.799265284702178,0.0839674626082393,0.00393597480976122
173773.411807,2544366.126422,0.0235729142593021,0.06262999768893,0.140975271550728,0.684307834527386,0.0691009937601109,0.0194129882135429
174273.411807,2544366.126422,0.0136384650947758,0.0386037910309755,0.087378640776699,0.82246879334258,0.0302820157189089,0.00762829403606103
174773.411807,2544366.126422,0.0214830214830215,0.222684222684223,0.00323400323400323,0.557403557403557,0.166320166320166,0.0288750288750289
175273.411807,2544366.126422,0.0302750173330252,0.285417148139589,0,0.236884677605731,0.263693089900624,0.183730067021031
175773.411807,2544366.126422,0.0372168284789644,0.141239019879797,0.00462320850670365,0.548081368469718,0.173832639852057,0.0950069348127601
176273.411807,2544366.126422,0.0621390621390621,0.033957033957034,0.0649110649110649,0.65973665973666,0.102564102564103,0.0766920766920767
176773.411807,2544366.126422,0.0212618442338803,0.314074416454819,0.00623988906863878,0.41830367460134,0.197827594176104,0.0422925814652184
177273.411807,2544366.126422,0.0351363846509478,0.168515950069348,0.000462320850670365,0.483818770226537,0.234858992140546,0.077207582061951
177773.411807,2544366.126422,0.0600600600600601,0.267729267729268,0,0.172557172557173,0.225225225225225,0.274428274428274
178273.411807,2544366.126422,0.0878206609660273,0.0718742777906171,0,0.207534088282875,0.139357522532933,0.493413450427548
178773.411807,2544366.126422,0.0358298659269533,0.0439204808136847,0,0.300970873786408,0.21544151641239,0.403837263060564
179273.411807,2544366.126422,0.0967890967890968,0.051975051975052,0,0.244860244860245,0.118734118734119,0.487641487641488
179773.411807,2544366.126422,0.123873353362607,0.0425236884677606,0.315461058470072,0.158077189738849,0.036514906401664,0.323549803559048
180273.411807,2544366.126422,0.39828941285252,0.0173370319001387,0.000231160425335183,0.0672676837725381,0.0353675450762829,0.481507165973185
180773.411807,2544366.126422,0.182952182952183,0.0314160314160314,0,0.167244167244167,0.0674520674520675,0.550935550935551
181273.411807,2544366.126422,0.213080656343887,0.236884677605731,0.0194129882135429,0.147677374624451,0.0603189276635082,0.322625375548879
181773.411807,2544366.126422,0.344197873324087,0.00832177531206657,0,0.0834489135460009,0.0989366620434582,0.465094775774387
182273.411807,2544366.126422,0.275583275583276,0.0097020097020097,0,0.0147840147840148,0.00531300531300531,0.694617694617695
182773.411807,2544366.126422,0.567367691241045,0.00623988906863878,0,0.0122486711347354,0.00439103304830136,0.40975271550728
183273.411807,2544366.126422,0.676375404530744,0,0,0.00115580212667591,0.00184928340268146,0.320619509939898
183773.411807,2544366.126422,0.768537768537769,0.0457380457380457,0,0.00346500346500346,0.00138600138600139,0.180873180873181
184273.411807,2544366.126422,0.762653108389184,0.0614744626762191,0,0.000924428010168708,0,0.174948000924428
184773.411807,2544366.126422,0.818539066111882,0.010171058714748,0,0,0,0.17128987517337
185273.411807,2544366.126422,0.744282744282744,0.00392700392700393,0,0.00115500115500116,0.00323400323400323,0.247401247401247
185773.411807,2544366.126422,0.83115671641791,0.148942786069652,0,0.000621890547263682,0.000621890547263682,0.0186567164179104
173273.411807,2543866.126422,0.0464687819856704,0.160491299897646,0.0155578300921187,0.580757420675537,0.188536335721597,0.00818833162743091
173773.411807,2543866.126422,0.013203741059967,0.070786722904823,0.0392444525949019,0.740326425820649,0.109114249037227,0.0273244085824317
174273.411807,2543866.126422,0.00824628916987356,0.0214403518416712,0.114898295766905,0.817482133040132,0.0362836723474437,0.00164925783397471
174773.411807,2543866.126422,0.0262433474031932,0.308313452009543,0.0100935951550743,0.461919618278583,0.172875757019637,0.0205542301339695
175273.411807,2543866.126422,0.04401247019989,0.255088941866862,0.00330093526499175,0.337062167614157,0.259306803594352,0.101228681459747
175773.411807,2543866.126422,0.0615722924683892,0.119296316657504,0.0179585853032802,0.596848085028404,0.129375114531794,0.0749496060106286
176273.411807,2543866.126422,0.0880895577170123,0.0455129381537897,0.0172508717195816,0.582308680491833,0.134153055606533,0.13268489631125
176773.411807,2543866.126422,0.0227397762699432,0.108930863744728,0.0121034293049697,0.613423803410966,0.165230148542087,0.0775719787273061
177273.411807,2543866.126422,0.0205240974894631,0.216236027121129,0.00274876305662452,0.439252336448598,0.20963899578523,0.111599780098955
177773.411807,2543866.126422,0.0449623784180584,0.0609286107542668,0.000183519911910442,0.532574784364104,0.161497522481189,0.199853184070472
178273.411807,2543866.126422,0.119750596002201,0.0445626260773886,0.00476801760498808,0.34806528516413,0.0951769668072621,0.387676508344031
178773.411807,2543866.126422,0.0549752611324904,0.114898295766905,0.00806303829943192,0.36320322521532,0.117647058823529,0.341213120762324
179273.411807,2543866.126422,0.234721967333456,0.0205542301339695,0,0.402092126995779,0.119471462653698,0.223160212883098
179773.411807,2543866.126422,0.127086007702182,0.00733541169998166,0.0579497524298551,0.353200073354117,0.121217678342197,0.333211076471667
180273.411807,2543866.126422,0.278541323071285,0.0278541323071285,0,0.119479567527946,0.0234561114165292,0.550668865677112
180773.411807,2543866.126422,0.347953752982199,0.0655166085520279,0,0.028629106258029,0.0133969535694623,0.544503578638282
181273.411807,2543866.126422,0.305336512011737,0.0291582615074271,0,0.0276911791674308,0.0075187969924812,0.630295250320924
181773.411807,2543866.126422,0.105002748763057,0.00403151914971596,0,0.00623052959501558,0.00549752611324904,0.879237676378963
182273.411807,2543866.126422,0.232886768214351,0.000550559735731327,0,0,0,0.766562672049917
182773.411807,2543866.126422,0.613790573995965,0,0,0,0,0.386209426004034
183273.411807,2543866.126422,0.577423492761591,0,0,0.00586402785413231,0.00274876305662452,0.413963716327653
183773.411807,2543866.126422,0.610203707102221,0.0772618829142962,0,0,0,0.312534409983483
184273.411807,2543866.126422,0.692279479185769,0.0260407115349349,0,0.0256739409499358,0.0355767467449111,0.220429121584449
184773.411807,2543866.126422,0.783947223749313,0.0203408466190214,0,0.000549752611324904,0.000183250870441635,0.194978926149899
185273.411807,2543866.126422,0.741236924206276,0,0,0.00238575885483575,0.000550559735731327,0.255826757203157
185773.411807,2543866.126422,0.852102464958917,0.0524407926534558,0,0,0,0.0954567423876269
173273.411807,2543366.126422,0.0264127764127764,0.0366502866502866,0.0829238329238329,0.740990990990991,0.0947993447993448,0.0182227682227682
173773.411807,2543366.126422,0.0078884608328747,0.020546688680976,0.0656760227481196,0.756558429645937,0.128233351678591,0.0210970464135021
174273.411807,2543366.126422,0.0256410256410256,0.0195970695970696,0.0342490842490843,0.801282051282051,0.101648351648352,0.0175824175824176
174773.411807,2543366.126422,0.0220183486238532,0.122385321100917,0.00311926605504587,0.550642201834862,0.141100917431193,0.160733944954128
175273.411807,2543366.126422,0.0640249495505412,0.0924600990643919,0.00678774536782242,0.458081086039259,0.210603558980004,0.168042560997982
175773.411807,2543366.126422,0.101282051282051,0.0565934065934066,0.0043956043956044,0.515567765567766,0.116666666666667,0.205494505494505
176273.411807,2543366.126422,0.0754128440366972,0.160550458715596,0.0018348623853211,0.564036697247706,0.146238532110092,0.0519266055045872
176773.411807,2543366.126422,0.0194459732159237,0.270042194092827,0.000183452577508714,0.252247294074482,0.145844799119428,0.312236286919831
177273.411807,2543366.126422,0.0205128205128205,0.282600732600733,0.00146520146520147,0.390842490842491,0.226373626373626,0.0782051282051282
177773.411807,2543366.126422,0.0776146788990826,0.210091743119266,0.00018348623853211,0.109174311926606,0.144954128440367,0.457981651376147
178273.411807,2543366.126422,0.136488717666483,0.0779673454412034,0,0.0423775454045129,0.0346725371491469,0.708493854338653
178773.411807,2543366.126422,0.0457875457875458,0.0404761904761905,0,0.137545787545788,0.0672161172161172,0.708974358974359
179273.411807,2543366.126422,0.194862385321101,0.0322935779816514,0,0.30697247706422,0.107339449541284,0.358532110091743
179773.411807,2543366.126422,0.385066960190791,0.00091726288754357,0,0.0223812144560631,0.00605393505778756,0.585580627407815
180273.411807,2543366.126422,0.348717948717949,0.000366300366300366,0,0.0688644688644689,0.0197802197802198,0.562271062271062
180773.411807,2543366.126422,0.541834862385321,0.00311926605504587,0.00018348623853211,0.0319266055045872,0.0121100917431193,0.410825688073394
181273.411807,2543366.126422,0.106769400110072,0.00697119794533113,0.00752155567785727,0.153916712529811,0.0471473124197395,0.67767382131719
181773.411807,2543366.126422,0.0353479853479853,0.043040293040293,0,0,0,0.921611721611722
182273.411807,2543366.126422,0.128990825688073,0.0036697247706422,0,0,0,0.867339449541284
182773.411807,2543366.126422,0.440286186020914,0,0,0.000733810310034856,0,0.558980003669052
183273.411807,2543366.126422,0.31025641025641,0.0163003663003663,0,0.0159340659340659,0.00659340659340659,0.650915750915751
183773.411807,2543366.126422,0.589174311926606,0.00146788990825688,0,0.00036697247706422,0.00036697247706422,0.408623853211009
184273.411807,2543366.126422,0.549807374793616,0.0122913226930838,0,0.00165107319757843,0.00238488350761328,0.433865345808109
184773.411807,2543366.126422,0.4503663003663,0.0192307692307692,0,0.00311355311355311,0.00201465201465201,0.525274725274725
185273.411807,2543366.126422,0.500550458715596,0.0212844036697248,0,0.0335779816513761,0.0205504587155963,0.424036697247706
185773.411807,2543366.126422,0.847195357833656,0,0,0.000725338491295938,0.000483558994197292,0.151595744680851
173273.411807,2542866.126422,0.0228851655087863,0.0214548426644871,0.277482631794033,0.536371066612178,0.0956272987331426,0.0461789946873723
173773.411807,2542866.126422,0.0417582417582418,0.0366300366300366,0.0223443223443223,0.646336996336996,0.170512820512821,0.0824175824175824
174273.411807,2542866.126422,0.0355702236890356,0.0636230289695636,0,0.531353135313531,0.250825082508251,0.118628529519619
174773.411807,2542866.126422,0.0474358974358974,0.291575091575092,0,0.1496336996337,0.143772893772894,0.367582417582418
175273.411807,2542866.126422,0.241025641025641,0.0842490842490843,0,0.194871794871795,0.133333333333333,0.346520146520147
175773.411807,2542866.126422,0.092042537587092,0.181884855152182,0.00825082508250825,0.452145214521452,0.161899523285662,0.103777044371104
176273.411807,2542866.126422,0.0745421245421245,0.131318681318681,0.000366300366300366,0.496703296703297,0.172893772893773,0.124175824175824
176773.411807,2542866.126422,0.0271062271062271,0.397619047619048,0.00164835164835165,0.173626373626374,0.155860805860806,0.244139194139194
177273.411807,2542866.126422,0.0216354968830216,0.381921525485882,0.0022002200220022,0.288962229556289,0.203887055372204,0.101393472680601
177773.411807,2542866.126422,0.162271062271062,0.145054945054945,0,0.168681318681319,0.133699633699634,0.39029304029304
178273.411807,2542866.126422,0.322527472527473,0.0626373626373626,0,0.0518315018315018,0.0272893772893773,0.535714285714286
178773.411807,2542866.126422,0.172533920058673,0.122112211221122,0,0.168316831683168,0.0627062706270627,0.474330766409974
179273.411807,2542866.126422,0.0998168498168498,0.0639194139194139,0,0.274725274725275,0.0987179487179487,0.462820512820513
179773.411807,2542866.126422,0.371611721611722,0.000549450549450549,0,0.0315018315018315,0.0272893772893773,0.569047619047619
180273.411807,2542866.126422,0.273744041070774,0.0245691235790246,0,0.0751741840850752,0.0320865419875321,0.594426109277594
180773.411807,2542866.126422,0.37032967032967,0.000732600732600733,0,0.00732600732600733,0.00146520146520147,0.62014652014652
181273.411807,2542866.126422,0.197619047619048,0,0,0,0,0.802380952380952
181773.411807,2542866.126422,0.261459479281261,0.017968463513018,0,0.000916758342500917,0.00751741840850752,0.712137880454712
182273.411807,2542866.126422,0.381135531135531,0.00512820512820513,0,0.00293040293040293,0.0010989010989011,0.60970695970696
182773.411807,2542866.126422,0.21996336996337,0.0139194139194139,0.00366300366300366,0.141941391941392,0.0379120879120879,0.582600732600733
183273.411807,2542866.126422,0.31976530986432,0.0359369270260359,0,0.0484048404840484,0.0216354968830216,0.574257425742574
183773.411807,2542866.126422,0.548901098901099,0,0,0.0117216117216117,0.00787545787545788,0.431501831501832
184273.411807,2542866.126422,0.433516483516484,0.00769230769230769,0,0.00457875457875458,0.00512820512820513,0.549084249084249
184773.411807,2542866.126422,0.423542354235424,0.116611661166117,0,0.00458379171250458,0.00421708837550422,0.451045104510451
185273.411807,2542866.126422,0.5996336996337,0.0404761904761905,0,0.00567765567765568,0.0163003663003663,0.337912087912088
185773.411807,2542866.126422,0.589130434782609,0.0217391304347826,0,0.000483091787439614,0.00241545893719807,0.386231884057971
173273.411807,2542366.126422,0.0110542476970317,0.00982599795291709,0.179938587512794,0.716479017400205,0.0579324462640737,0.0247697031729785
173773.411807,2542366.126422,0.0247570144874381,0.0374105996699065,0.0403447643498991,0.786722904823033,0.0744544287548139,0.0363102879149092
174273.411807,2542366.126422,0.0450797141286421,0.230529595015576,0.0317024005864028,0.412131207623236,0.192230163093275,0.0883269195528679
174773.411807,2542366.126422,0.0838685997430721,0.1950816663608,0,0.196549825656084,0.256377316938888,0.268122591301156
175273.411807,2542366.126422,0.0827067669172932,0.136438657619659,0,0.14780854575463,0.168897854392078,0.46414817531634
175773.411807,2542366.126422,0.0447132123877588,0.315191497159612,0.0573575224482316,0.348359904709547,0.152647975077882,0.081729888216969
176273.411807,2542366.126422,0.0434942191227748,0.0458799779776106,0.00422095797394017,0.685630390897412,0.160946962745458,0.0598274912828042
176773.411807,2542366.126422,0.0335595085274161,0.210893086374473,0,0.205024757014487,0.158261507427104,0.392261140656519
177273.411807,2542366.126422,0.0236393622869709,0.176287337364852,0.00384826827927433,0.536008796041781,0.18160161260766,0.0786146234194612
177773.411807,2542366.126422,0.153973206092861,0.0790970820334006,0,0.196182785832263,0.115250504679758,0.455496421361718
178273.411807,2542366.126422,0.235283330276912,0.0797726022373006,0,0.134971575279663,0.0935264991747662,0.456445993031359
178773.411807,2542366.126422,0.254718709913872,0.0335349092908191,0,0.0355506688656771,0.0487447315374748,0.627450980392157
179273.411807,2542366.126422,0.189392549091576,0.102404110846027,0,0.16590200036704,0.0545054138374014,0.487795925857956
179773.411807,2542366.126422,0.277095176966807,0.0258573262424354,0,0.155327342747112,0.0359435173299101,0.505776636713736
180273.411807,2542366.126422,0.192413413963716,0.0447132123877588,0.0100787978742899,0.334982591167308,0.045629466739967,0.37218251786696
180773.411807,2542366.126422,0.346485593686915,0.02073775004588,0,0.139108093228115,0.0434942191227748,0.450174343916315
181273.411807,2542366.126422,0.0896754080322758,0,0,0.00843572345497891,0.00495140289748762,0.896937465615258
181773.411807,2542366.126422,0.291552134872641,0.0131940626717977,0,0.00733003481766538,0.013560564412681,0.674363203225215
182273.411807,2542366.126422,0.218939254909158,0.000917599559552211,0.0407414204441182,0.145898329968802,0.0170673518076711,0.576436043310699
182773.411807,2542366.126422,0.134604804694663,0.0124701998899688,0.00110031175499725,0.0929763432972676,0.0330093526499175,0.725838987713185
183273.411807,2542366.126422,0.241158145501191,0.0157595748579806,0,0.0296866410115448,0.0153930731170973,0.698002565512186
183773.411807,2542366.126422,0.34042943659387,0.0258763075793724,0,0.0957973940172509,0.0299137456414021,0.507983116168104
184273.411807,2542366.126422,0.266275444709334,0.0203557674674491,0,0.0163212910324592,0.0326425820649184,0.664404914725839
184773.411807,2542366.126422,0.429540040315191,0.00274876305662452,0,0.036100421477002,0.0280373831775701,0.503573391973612
185273.411807,2542366.126422,0.717562855569829,0.000917599559552211,0,0.0034868783262984,0.00146815929528354,0.276564507249037
185773.411807,2542366.126422,0.775737071048816,0.0183663605606573,0,0,0,0.205896568390527
173273.411807,2541866.126422,0.044021294021294,0.069000819000819,0.0804668304668305,0.45966420966421,0.156019656019656,0.190827190827191
173773.411807,2541866.126422,0.0100898917629793,0.02568336085122,0.0300862227114291,0.864245092643552,0.062190423775454,0.00770500825536599
174273.411807,2541866.126422,0.0456043956043956,0.167399267399267,0.0236263736263736,0.57014652014652,0.13956043956044,0.0536630036630037
174773.411807,2541866.126422,0.0528440366972477,0.413394495412844,0,0.164220183486239,0.236330275229358,0.133211009174312
175273.411807,2541866.126422,0.0148596587782058,0.50926435516419,0,0.190423775454045,0.180700788846083,0.104751421757476
175773.411807,2541866.126422,0.1003663003663,0.338278388278388,0.00457875457875458,0.303296703296703,0.151282051282051,0.102197802197802
176273.411807,2541866.126422,0.0711926605504587,0.455412844036697,0.00256880733944954,0.206238532110092,0.165871559633028,0.0987155963302752
176773.411807,2541866.126422,0.0528343423225096,0.107870115575124,0,0.240139423958907,0.223445239405614,0.375710878737846
177273.411807,2541866.126422,0.0523809523809524,0.305860805860806,0,0.206043956043956,0.265384615384615,0.17032967032967
177773.411807,2541866.126422,0.066605504587156,0.128073394495413,0,0.492477064220184,0.185137614678899,0.127706422018349
178273.411807,2541866.126422,0.139974316639149,0.123280132085856,0.00440286186020914,0.191707943496606,0.136121812511466,0.404512933406714
178773.411807,2541866.126422,0.302747252747253,0.0379120879120879,0,0.0382783882783883,0.0347985347985348,0.586263736263736
179273.411807,2541866.126422,0.249174311926605,0.0532110091743119,0,0.126605504587156,0.0493577981651376,0.521651376146789
179773.411807,2541866.126422,0.484131352045496,0.023115024766098,0,0.122913226930838,0.0196294257934324,0.350210970464135
180273.411807,2541866.126422,0.329304029304029,0.00732600732600733,0,0.259157509157509,0.0421245421245421,0.362087912087912
180773.411807,2541866.126422,0.280733944954128,0.00055045871559633,0,0.187339449541284,0.0381651376146789,0.493211009174312
181273.411807,2541866.126422,0.220693450742983,0.00275178866263071,0,0.0159603742432581,0.0078884608328747,0.752705925518254
181773.411807,2541866.126422,0.375091575091575,0.0322344322344322,0,0.0263736263736264,0.0126373626373626,0.553663003663004
182273.411807,2541866.126422,0.365504587155963,0.00752293577981651,0,0.0194495412844037,0.00440366972477064,0.603119266055046
182773.411807,2541866.126422,0.303247110621904,0.0447624289121262,0,0.0515501742799486,0.00623738763529628,0.594202898550725
183273.411807,2541866.126422,0.295421245421245,0.000183150183150183,0,0.00769230769230769,0.00952380952380952,0.687179487179487
183773.411807,2541866.126422,0.381651376146789,0.0225688073394495,0,0.0987155963302752,0.0794495412844037,0.417614678899083
184273.411807,2541866.126422,0.264722069345074,0.030820033021464,0,0.234268941478628,0.09557879288204,0.374610163272794
184773.411807,2541866.126422,0.36978021978022,0.00128205128205128,0,0.0179487179487179,0.0100732600732601,0.600915750915751
185273.411807,2541866.126422,0.797064220183486,0,0,0.0018348623853211,0.00128440366972477,0.199816513761468
185773.411807,2541866.126422,0.76958413926499,0.00169245647969052,0,0.0135396518375242,0.00290135396518375,0.212282398452611
173273.411807,2541366.126422,0.0122599100939926,0.0220678381691868,0.130772374335922,0.781160604822231,0.0498569677155701,0.00388230486309767
173773.411807,2541366.126422,0.0358974358974359,0.00860805860805861,0.0946886446886447,0.751465201465201,0.0747252747252747,0.0346153846153846
174273.411807,2541366.126422,0.0210854418775211,0.0852585258525853,0.0155848918225156,0.663182984965163,0.115144847818115,0.0997433076640997
174773.411807,2541366.126422,0.026007326007326,0.0805860805860806,0.0912087912087912,0.674725274725275,0.0743589743589744,0.0531135531135531
175273.411807,2541366.126422,0.0203296703296703,0.0554945054945055,0.169413919413919,0.645970695970696,0.0811355311355311,0.0276556776556777
175773.411807,2541366.126422,0.0555555555555556,0.118811881188119,0.0141180784745141,0.544921158782545,0.108910891089109,0.157682434910158
176273.411807,2541366.126422,0.0346153846153846,0.181501831501831,0.0205128205128205,0.594871794871795,0.114102564102564,0.0543956043956044
176773.411807,2541366.126422,0.0269230769230769,0.156593406593407,0.00860805860805861,0.583699633699634,0.164652014652015,0.0595238095238095
177273.411807,2541366.126422,0.0339200586725339,0.0265859919325266,0.0174184085075174,0.762559589292263,0.117711771177118,0.0418041804180418
177773.411807,2541366.126422,0.0690476190476191,0.0532967032967033,0.00183150183150183,0.581684981684982,0.233882783882784,0.0602564102564103
178273.411807,2541366.126422,0.214835164835165,0.0177655677655678,0.0010989010989011,0.411904761904762,0.118864468864469,0.235531135531136
178773.411807,2541366.126422,0.375320865419875,0.0359369270260359,0,0.0705903923725706,0.022002200220022,0.496149614961496
179273.411807,2541366.126422,0.347802197802198,0.0641025641025641,0,0.0565934065934066,0.0653846153846154,0.466117216117216
179773.411807,2541366.126422,0.484065934065934,0.015018315018315,0,0.0987179487179487,0.03003663003663,0.372161172161172
180273.411807,2541366.126422,0.328566189952329,0.0135680234690136,0,0.134946828016135,0.0300696736340301,0.492849284928493
180773.411807,2541366.126422,0.488644688644689,0.00238095238095238,0,0.125274725274725,0.043040293040293,0.340659340659341
181273.411807,2541366.126422,0.431501831501832,0.00750915750915751,0,0.137545787545788,0.0672161172161172,0.356227106227106
181773.411807,2541366.126422,0.27026035936927,0.0198019801980198,0,0.164466446644664,0.0650898423175651,0.48038137147048
182273.411807,2541366.126422,0.288278388278388,0.00421245421245421,0,0.11043956043956,0.0452380952380952,0.551831501831502
182773.411807,2541366.126422,0.481868131868132,0.00659340659340659,0,0.0238095238095238,0.00164835164835165,0.486080586080586
183273.411807,2541366.126422,0.556472313898057,0.00605060506050605,0,0.0155848918225156,0.0348368170150348,0.387055372203887
183773.411807,2541366.126422,0.445970695970696,0.00934065934065934,0,0.0895604395604396,0.0391941391941392,0.415934065934066
184273.411807,2541366.126422,0.609157509157509,0.0100732600732601,0,0.0163003663003663,0.0401098901098901,0.324358974358974
184773.411807,2541366.126422,0.446094609460946,0.00421708837550422,0,0.0517051705170517,0.0366703337000367,0.461312797946461
185273.411807,2541366.126422,0.713736263736264,0.000732600732600733,0,0.0111721611721612,0.00549450549450549,0.268864468864469
185773.411807,2541366.126422,0.784541062801932,0,0,0.00338164251207729,0.000241545893719807,0.211835748792271
173273.411807,2540866.126422,0.0399181166837257,0.0356192425793245,0.118730808597748,0.681678607983623,0.0822927328556807,0.0417604912998976
173773.411807,2540866.126422,0.0496974142673758,0.0717036493673207,0.0317256556024207,0.57197872730607,0.204474601136989,0.070419952319824
174273.411807,2540866.126422,0.0362836723474437,0.0985889682975994,0.0197910940076965,0.567527945757742,0.164192779915705,0.113615539673813
174773.411807,2540866.126422,0.089190677188475,0.0585428518994311,0.0198201504863278,0.631859056707653,0.108093228115251,0.0924940356028629
175273.411807,2540866.126422,0.182468366037044,0.0823399963322941,0.00550155877498625,0.33596185585916,0.0982945167797543,0.295433706216761
175773.411807,2540866.126422,0.118746564046179,0.0350009162543522,0.0487447315374748,0.632215503023639,0.0720175920835624,0.093274693054792
176273.411807,2540866.126422,0.0165167920719398,0.0115617544503579,0.0396403009726555,0.851715911176363,0.0612956505780877,0.0192695907505964
176773.411807,2540866.126422,0.0128369704749679,0.0212726939299468,0.0311754997249221,0.836603704382909,0.0779387493123052,0.0201723821749496
177273.411807,2540866.126422,0.0214403518416712,0.0309693971046362,0.0153930731170973,0.844420010995052,0.0689023272860546,0.0188748396554884
177773.411807,2540866.126422,0.0390897412369242,0.0238575885483575,0.00880895577170123,0.802716094696275,0.0956138741053404,0.0299137456414021
178273.411807,2540866.126422,0.109297634329727,0.0194388410049514,0.000183385292499542,0.653585182468366,0.126352466532184,0.0911424903722722
178773.411807,2540866.126422,0.244273410298699,0.043613707165109,0.000366501740883269,0.234194612424409,0.0690855781564962,0.408466190214404
179273.411807,2540866.126422,0.217104055790053,0.117636263534593,0.0152321526885667,0.189759588915397,0.0950633143696091,0.36520462470178
179773.411807,2540866.126422,0.310104529616725,0.0214560792224464,0,0.19200440124702,0.0641848523748395,0.412250137538969
180273.411807,2540866.126422,0.450247388675096,0.000366501740883269,0,0.0450797141286421,0.023089609675646,0.481216785779732
180773.411807,2540866.126422,0.456964580657001,0.00146815929528354,0,0.221325013763993,0.0453294182418792,0.274912828041843
181273.411807,2540866.126422,0.143590684027141,0.00311754997249221,0,0.504676324958738,0.10012836970475,0.248487071336879
181773.411807,2540866.126422,0.480667033168408,0.00458127176104087,0,0.097306212204508,0.0487447315374748,0.368700751328569
182273.411807,2540866.126422,0.333639199853184,0.0638649293448339,0,0.102587630757937,0.0418425399155808,0.458065700128464
182773.411807,2540866.126422,0.345864661654135,0.0053181734824867,0,0.284430588666789,0.0797726022373006,0.284613973959288
183273.411807,2540866.126422,0.295217152281473,0.00329851566794942,0.000916254352208173,0.278174821330401,0.0690855781564962,0.353307678211472
183773.411807,2540866.126422,0.457515140392733,0.00201871903101487,0,0.249220040374381,0.0501009359515507,0.241145164250321
184273.411807,2540866.126422,0.46396479002384,0.00421786172748946,0,0.187786539519531,0.0799559875298001,0.26407482119934
184773.411807,2540866.126422,0.740883269195529,0.000549752611324904,0,0.0163093274693055,0.00403151914971596,0.238226131574125
185273.411807,2540866.126422,0.653147366489264,0.000183519911910442,0,0.0117452743622683,0.00330335841438796,0.331620480822169
185773.411807,2540866.126422,0.642097631706138,0.000483325277912035,0,0.00120831319478009,0.000241662638956017,0.355969067182214
173273.411807,2540366.126422,0.0536445536445536,0.0567158067158067,0.0714578214578215,0.595208845208845,0.0892710892710893,0.133701883701884
173773.411807,2540366.126422,0.0638414969730325,0.0159603742432581,0.00678774536782242,0.725004586314438,0.123830489818382,0.0645753072830673
174273.411807,2540366.126422,0.0163003663003663,0.00677655677655678,0.0743589743589744,0.829304029304029,0.0536630036630037,0.0195970695970696
174773.411807,2540366.126422,0.0744954128440367,0.159449541284404,0.0163302752293578,0.242385321100917,0.112844036697248,0.394495412844037
175273.411807,2540366.126422,0.0521005320124748,0.240322876536415,0,0.176114474408365,0.0774169877086773,0.454045129334067
175773.411807,2540366.126422,0.091025641025641,0.158608058608059,0.0375457875457875,0.230586080586081,0.0946886446886447,0.387545787545788
176273.411807,2540366.126422,0.100183486238532,0.0486238532110092,0.0190825688073394,0.511192660550459,0.136330275229358,0.184587155963303
176773.411807,2540366.126422,0.0689781691432765,0.124197394973399,0.000366905155017428,0.385617317923317,0.174463401210787,0.246376811594203
177273.411807,2540366.126422,0.0822344322344322,0.0177655677655678,0.00164835164835165,0.678021978021978,0.102197802197802,0.118131868131868
177773.411807,2540366.126422,0.0477064220183486,0.0214678899082569,0.00110091743119266,0.634495412844037,0.177981651376147,0.117247706422018
178273.411807,2540366.126422,0.0431113557145478,0.0267840763162722,0.00091726288754357,0.758759860576041,0.128967161988626,0.0414602825169694
178773.411807,2540366.126422,0.0946886446886447,0.0391941391941392,0.000183150183150183,0.605860805860806,0.11025641025641,0.14981684981685
179273.411807,2540366.126422,0.210825688073394,0.0225688073394495,0.00036697247706422,0.340183486238532,0.0856880733944954,0.340366972477064
179773.411807,2540366.126422,0.0781507980187122,0.0315538433314988,0.0139423958906623,0.699688130618235,0.0836543753439736,0.093010456796918
180273.411807,2540366.126422,0.211721611721612,0.0139194139194139,0,0.161721611721612,0.0412087912087912,0.571428571428571
180773.411807,2540366.126422,0.0904587155963303,0.00770642201834862,0.00073394495412844,0.611376146788991,0.151376146788991,0.138348623853211
181273.411807,2540366.126422,0.0203632361034673,0.00953953403045313,0.002568336085122,0.860759493670886,0.0790680609062557,0.0277013392038158
181773.411807,2540366.126422,0.0730769230769231,0.0137362637362637,0.000915750915750916,0.763553113553114,0.110805860805861,0.0379120879120879
182273.411807,2540366.126422,0.210091743119266,0.00807339449541284,0.0390825688073395,0.334678899082569,0.0822018348623853,0.325871559633027
182773.411807,2540366.126422,0.506329113924051,0.0330214639515685,0,0.0665932856356632,0.0139423958906623,0.380113740598055
183273.411807,2540366.126422,0.58956043956044,0,0,0.0102564102564103,0.00549450549450549,0.394688644688645
183773.411807,2540366.126422,0.734862385321101,0.0018348623853211,0,0.00073394495412844,0,0.26256880733945
184273.411807,2540366.126422,0.662263804806458,0.00678774536782242,0,0.0876903320491653,0.0405430196294258,0.202715098147129
184773.411807,2540366.126422,0.614468864468865,0.00293040293040293,0,0.063003663003663,0.0485347985347985,0.271062271062271
185273.411807,2540366.126422,0.57045871559633,0.00018348623853211,0,0.0480733944954128,0.0148623853211009,0.366422018348624
185773.411807,2540366.126422,0.553916827852998,0.0333655705996132,0,0.0135396518375242,0.00773694390715667,0.391441005802708
173273.411807,2539866.126422,0.0725378013894565,0.129750715161422,0.0453616673477728,0.410911319983653,0.128320392317123,0.213118103800572
173773.411807,2539866.126422,0.0210622710622711,0.0155677655677656,0.236263736263736,0.641208791208791,0.047985347985348,0.0379120879120879
174273.411807,2539866.126422,0.013017968463513,0.149064906490649,0.0408874220755409,0.612027869453612,0.126512651265127,0.0584891822515585
174773.411807,2539866.126422,0.0648351648351648,0.021978021978022,0.0611721611721612,0.724725274725275,0.0597069597069597,0.0675824175824176
175273.411807,2539866.126422,0.03003663003663,0.205311355311355,0,0.381501831501831,0.179487179487179,0.203663003663004
175773.411807,2539866.126422,0.048038137147048,0.218555188852219,0,0.0236523652365237,0.0744407774110744,0.635313531353135
176273.411807,2539866.126422,0.188827838827839,0.0646520146520147,0,0.293772893772894,0.165750915750916,0.286996336996337
176773.411807,2539866.126422,0.145787545787546,0.0873626373626374,0,0.317032967032967,0.109340659340659,0.34047619047619
177273.411807,2539866.126422,0.195636230289696,0.0249358269160249,0,0.0957095709570957,0.0540887422075541,0.62962962962963
177773.411807,2539866.126422,0.0727106227106227,0.0159340659340659,0,0.588644688644689,0.129120879120879,0.193589743589744
178273.411807,2539866.126422,0.0366300366300366,0.0434065934065934,0.0010989010989011,0.66043956043956,0.135714285714286,0.122710622710623
178773.411807,2539866.126422,0.0870920425375871,0.181518151815182,0,0.165566556655666,0.11991199119912,0.445911257792446
179273.411807,2539866.126422,0.29047619047619,0.106043956043956,0,0.0584249084249084,0.0141025641025641,0.530952380952381
179773.411807,2539866.126422,0.184981684981685,0.0362637362637363,0.000183150183150183,0.453479853479853,0.0232600732600733,0.301831501831502
180273.411807,2539866.126422,0.458562522918959,0.015034836817015,0,0.0891089108910891,0.0157682434910158,0.421525485881922
180773.411807,2539866.126422,0.129487179487179,0.0119047619047619,0.000915750915750916,0.547619047619048,0.117216117216117,0.192857142857143
181273.411807,2539866.126422,0.0532967032967033,0.0230769230769231,0.00494505494505494,0.69047619047619,0.116117216117216,0.112087912087912
181773.411807,2539866.126422,0.0214521452145215,0.0117345067840117,0.000183351668500183,0.851851851851852,0.105243857719105,0.00953428676200953
182273.411807,2539866.126422,0.167399267399267,0.0166666666666667,0.0153846153846154,0.495787545787546,0.114468864468864,0.19029304029304
182773.411807,2539866.126422,0.385347985347985,0.0163003663003663,0.0164835164835165,0.184615384615385,0.0384615384615385,0.358791208791209
183273.411807,2539866.126422,0.568390172350568,0.000366703337000367,0,0.114594792812615,0.0207187385405207,0.295929592959296
183773.411807,2539866.126422,0.736263736263736,0,0,0.000549450549450549,0.000183150183150183,0.263003663003663
184273.411807,2539866.126422,0.725824175824176,0.00714285714285714,0,0.0010989010989011,0.00146520146520147,0.264468864468864
184773.411807,2539866.126422,0.751008434176751,0.00348368170150348,0,0.00715071507150715,0.000733406674000733,0.237623762376238
185273.411807,2539866.126422,0.667582417582418,0.000183150183150183,0,0.0252747252747253,0.00915750915750916,0.297802197802198
185773.411807,2539866.126422,0.721256038647343,0,0,0.0258454106280193,0.0108695652173913,0.242028985507246
173273.411807,2539366.126422,0.024360286591607,0.0593654042988741,0.076560900716479,0.775639713408393,0.0509723643807574,0.0131013306038895
173773.411807,2539366.126422,0.0491472583898771,0.142490372272144,0.0542820465798643,0.499541536768751,0.174766183752063,0.0797726022373006
174273.411807,2539366.126422,0.0350009162543522,0.105002748763057,0.0142935678944475,0.662818398387392,0.123511086677662,0.0593732820230896
174773.411807,2539366.126422,0.0991007524316388,0.0862543585979079,0.0137639933932832,0.401725087171958,0.114332905120206,0.284822903285006
175273.411807,2539366.126422,0.0823399963322941,0.126902622409683,0.00880249403997799,0.393178067119017,0.105263157894737,0.283513662204291
175773.411807,2539366.126422,0.106285504856148,0.0333516584203775,0.000366501740883269,0.575407733186733,0.118746564046179,0.165842037749679
176273.411807,2539366.126422,0.263167553679574,0.0392732611488346,0,0.290144980730409,0.0991007524316388,0.308313452009543
176773.411807,2539366.126422,0.219512195121951,0.0240234733174399,0,0.153310104529617,0.086007702182285,0.517146524848707
177273.411807,2539366.126422,0.125710097122961,0.0188748396554884,0,0.257467472970497,0.109584020524097,0.488363569726956
177773.411807,2539366.126422,0.0778124426500275,0.080932281152505,0,0.36098366672784,0.199853184070472,0.280418425399156
178273.411807,2539366.126422,0.156611039794608,0.0529983495323675,0,0.24812030075188,0.120667522464698,0.421602787456446
178773.411807,2539366.126422,0.149715961150815,0.0553417628733736,0,0.200109950522265,0.100604727872457,0.494227597581089
179273.411807,2539366.126422,0.419893558451092,0.0198201504863278,0,0.00568911726922371,0.00458799779776106,0.550009175995596
179773.411807,2539366.126422,0.333211076471667,0.015587749862461,0,0.0573995965523565,0.0311754997249221,0.562626077388593
180273.411807,2539366.126422,0.268645776067436,0.0234561114165292,0,0.0483782297965915,0.0417811984606927,0.61773868425875
180773.411807,2539366.126422,0.29895393650211,0.0139475133051936,0,0.126261699394384,0.073040924940356,0.487795925857956
181273.411807,2539366.126422,0.0583165230148542,0.0157711351549606,0.000733541169998166,0.675041261690812,0.141573445809646,0.108564093159729
181773.411807,2539366.126422,0.0562580172255818,0.0172255818215137,0.00146600696353308,0.756459593183068,0.107201759208356,0.0613890415979476
182273.411807,2539366.126422,0.16993943842907,0.0324830244081483,0.0367039823820885,0.485043127179299,0.0998348320792806,0.175995595522114
182773.411807,2539366.126422,0.338529249954154,0.0139372822299652,0,0.160828901522098,0.0456629378323858,0.441041628461397
183273.411807,2539366.126422,0.756459593183068,0.00256551218618288,0,0,0,0.24097489463075
183773.411807,2539366.126422,0.677371994861443,0,0,0.0596439713708937,0.00660671682877592,0.256377316938888
184273.411807,2539366.126422,0.730423620025674,0,0,0,0.000366770584999083,0.269209609389327
184773.411807,2539366.126422,0.706981858163826,0.0196078431372549,0,0.00861279091075683,0.0252886201209456,0.239508887667216
185273.411807,2539366.126422,0.754450357863828,0.00311983850247752,0,0.00991007524316388,0.00495503762158194,0.227564690768948
185773.411807,2539366.126422,0.819478008699855,0,0,0.0260995650072499,0.0041082648622523,0.150314161430643
173273.411807,2538866.126422,0.0386977886977887,0.01003276003276,0.0622440622440622,0.768222768222768,0.105241605241605,0.0155610155610156
173773.411807,2538866.126422,0.0280682443588332,0.0854889011190607,0.00146762062006971,0.721518987341772,0.122362869198312,0.0410933773619519
174273.411807,2538866.126422,0.0333333333333333,0.161172161172161,0.000183150183150183,0.36025641025641,0.202014652014652,0.243040293040293
174773.411807,2538866.126422,0.154495412844037,0.185688073394495,0,0.123853211009174,0.0862385321100917,0.449724770642202
175273.411807,2538866.126422,0.280498991010824,0.0975967712346359,0,0.143826820766832,0.081452944413869,0.39662447257384
175773.411807,2538866.126422,0.143223443223443,0.122527472527473,0,0.298351648351648,0.147252747252747,0.288644688644689
176273.411807,2538866.126422,0.434495412844037,0.0238532110091743,0,0.121834862385321,0.0825688073394495,0.337247706422018
176773.411807,2538866.126422,0.26967528893781,0.0229315721885892,0,0.0735644835809943,0.0530177949000183,0.580810860392589
177273.411807,2538866.126422,0.139194139194139,0.0542124542124542,0,0.0624542124542125,0.0404761904761905,0.703663003663004
177773.411807,2538866.126422,0.142018348623853,0.0513761467889908,0,0.0471559633027523,0.0565137614678899,0.702935779816514
178273.411807,2538866.126422,0.169143276463034,0.0352228948816731,0,0.0847550908090259,0.0436617134470739,0.667217024399193
178773.411807,2538866.126422,0.223076923076923,0.0326007326007326,0,0.13974358974359,0.0749084249084249,0.52967032967033
179273.411807,2538866.126422,0.369357798165138,0.0055045871559633,0,0.0788990825688073,0.0544954128440367,0.491743119266055
179773.411807,2538866.126422,0.282700421940928,0.0236653824986241,0,0.029535864978903,0.0078884608328747,0.65620986974867
180273.411807,2538866.126422,0.500732600732601,0.00842490842490842,0,0.0157509157509158,0.00402930402930403,0.471062271062271
180773.411807,2538866.126422,0.291376146788991,0.00825688073394495,0,0.152844036697248,0.0376146788990826,0.509908256880734
181273.411807,2538866.126422,0.122913226930838,0.0155934690882407,0,0.591084204733077,0.086589616584113,0.183819482663731
181773.411807,2538866.126422,0.456227106227106,0.00970695970695971,0,0.214652014652015,0.054029304029304,0.265384615384615
182273.411807,2538866.126422,0.40697247706422,0.0128440366972477,0,0.121651376146789,0.0521100917431193,0.406422018348624
182773.411807,2538866.126422,0.465969546872134,0.0254999082737112,0,0.0183452577508714,0.01284168042561,0.477343606677674
183273.411807,2538866.126422,0.642124542124542,0.000366300366300366,0,0.00586080586080586,0.00256410256410256,0.349084249084249
183773.411807,2538866.126422,0.505137614678899,0.0194495412844037,0,0.0576146788990826,0.0572477064220183,0.360550458715596
184273.411807,2538866.126422,0.618968996514401,0.00568702990277013,0,0.010273344340488,0.00587048248027885,0.359200146762062
184773.411807,2538866.126422,0.798717948717949,0,0,0.000183150183150183,0.000915750915750916,0.20018315018315
185273.411807,2538866.126422,0.784220183486239,0,0,0.00146788990825688,0.00018348623853211,0.214128440366972
