"x","y","forest","agri","water","built","other","grass"
273773.411807,2778366.126422,0.0531135531135531,0.0736263736263736,0.119230769230769,0.158241758241758,0.00805860805860806,0.587728937728938
274273.411807,2778366.126422,0.0523809523809524,0.182967032967033,0.0432234432234432,0.264102564102564,0.0666666666666667,0.390659340659341
274773.411807,2778366.126422,0.0498716538320499,0.111661166116612,0.168500183351668,0.239457279061239,0.0630729739640631,0.367436743674367
271773.411807,2777866.126422,0.05717427157779,0.0866776617188932,0.273960051310244,0.241707898112516,0.0346344145134689,0.305845702767088
272273.411807,2777866.126422,0.0216553496054322,0.0901082767480272,0.147733529087906,0.149752248118921,0.0350523031748945,0.555698293264819
272773.411807,2777866.126422,0.088391710984779,0.0667522464698331,0.00366770584999083,0.113515496057216,0.0212726939299468,0.706400146708234
273273.411807,2777866.126422,0.0353674179952355,0.089792926516401,0.000366501740883269,0.188931647425325,0.0584570276708814,0.627084478651274
273773.411807,2777866.126422,0.0282620664342081,0.112681225913012,0,0.119287942741787,0.0475316571848046,0.692237107726188
274273.411807,2777866.126422,0.0559325142123602,0.0638180817898405,0.028791490922428,0.380341096644049,0.0957271226847607,0.375389693746562
274773.411807,2777866.126422,0.0318856514568444,0.151181968114349,0.107934762690123,0.209272494044347,0.0656038116181052,0.434121312076232
270773.411807,2777366.126422,0,0.143119266055046,0.298348623853211,0.349908256880734,0.00568807339449541,0.202935779816514
271273.411807,2777366.126422,0.0381581361218125,0.250229315721886,0.0122913226930838,0.124564300128417,0.0401761144744084,0.534580810860393
271773.411807,2777366.126422,0.019047619047619,0.123443223443223,0.0269230769230769,0.268315018315018,0.0578754578754579,0.504395604395604
272273.411807,2777366.126422,0.0128440366972477,0.0915596330275229,0.00220183486238532,0.0603669724770642,0.0377981651376147,0.795229357798165
272773.411807,2777366.126422,0.0278847917813245,0.123830489818382,0.0190790680609063,0.0471473124197395,0.0487983856173179,0.73325995230233
273273.411807,2777366.126422,0.0377289377289377,0.112820512820513,0,0.0373626373626374,0.0346153846153846,0.777472527472527
273773.411807,2777366.126422,0.0344954128440367,0.116330275229358,0,0.0377981651376147,0.0365137614678899,0.774862385321101
274273.411807,2777366.126422,0.0620069711979453,0.0798018712162906,0.00421940928270042,0.291322693083838,0.0876903320491653,0.474958723170061
274773.411807,2777366.126422,0.0597069597069597,0.117216117216117,0.0144688644688645,0.325824175824176,0.103296703296703,0.379487179487179
270273.411807,2776866.126422,0.0256692335900257,0.211587825449212,0.0403373670700403,0.0801246791345801,0.0302530253025303,0.612027869453612
270773.411807,2776866.126422,0.0195970695970696,0.114652014652015,0.0708791208791209,0.0793040293040293,0.0184981684981685,0.697069597069597
271273.411807,2776866.126422,0.0639194139194139,0.10952380952381,0.0406593406593407,0.0926739926739927,0.0380952380952381,0.655128205128205
271773.411807,2776866.126422,0.222405573890722,0.127429409607627,0.00898423175650898,0.172900623395673,0.0856252291895856,0.382654932159883
272273.411807,2776866.126422,0.0183150183150183,0.030952380952381,0.0153846153846154,0.0597069597069597,0.0362637362637363,0.839377289377289
272773.411807,2776866.126422,0.117582417582418,0.0761904761904762,0,0.0527472527472527,0.0833333333333333,0.67014652014652
273273.411807,2776866.126422,0.046021268793546,0.128529519618629,0.00128346167950128,0.114411441144114,0.112761276127613,0.596993032636597
273773.411807,2776866.126422,0.13040293040293,0.0490842490842491,0.00347985347985348,0.252930402930403,0.0937728937728938,0.47032967032967
274273.411807,2776866.126422,0.0666666666666667,0.0694139194139194,0.0441391941391941,0.426923076923077,0.0653846153846154,0.327472527472527
274773.411807,2776866.126422,0.0238357169050238,0.266776677667767,0.0463879721305464,0.309497616428309,0.0364869820315365,0.317015034836817
269273.411807,2776366.126422,0.109010827674803,0.0989172325197284,0.354743989722885,0.29032850064232,0.012846393833731,0.134153055606533
269773.411807,2776366.126422,0.202090592334495,0.181001283697047,0.0794058316523015,0.172932330827068,0.0581331377223547,0.306436823766734
270273.411807,2776366.126422,0.0472787245739417,0.283305845702767,0.0527762506871908,0.196628183983874,0.0441634597764339,0.375847535275793
270773.411807,2776366.126422,0.0596439713708937,0.102587630757937,0.0466140576252523,0.238575885483575,0.077995962561938,0.474582492200404
271273.411807,2776366.126422,0.00605171465248487,0.172382174949569,0.114065651934715,0.249037227214377,0.160462130937099,0.298001100311755
271773.411807,2776366.126422,0.0254718709913872,0.223749312809236,0.0535092541689573,0.252519699468573,0.101520982224666,0.343228880337182
272273.411807,2776366.126422,0.0985501926959075,0.0767113231785649,0.000367039823820885,0.106074509084236,0.10772618829143,0.610570746926042
272773.411807,2776366.126422,0.06400146708234,0.037593984962406,0.130203557674674,0.149275628094627,0.0750045846323125,0.54392077755364
273273.411807,2776366.126422,0.0271211288253619,0.081729888216969,0.375664284405351,0.0555250137438153,0.034084661902144,0.425875022906359
273773.411807,2776366.126422,0.135437694989906,0.0908423563956689,0.00367039823820885,0.347770233070288,0.0557900532207745,0.366489264085153
274273.411807,2776366.126422,0,0.128553090042179,0.0212726939299468,0.446726572528883,0.0201723821749496,0.383275261324042
274773.411807,2776366.126422,0.00164925783397471,0.162726772952172,0.0520432472054242,0.210371999266997,0.0487447315374748,0.524463991203958
268273.411807,2775866.126422,0.0889745000917263,0.164190056870299,0.458447991194276,0.170243991928087,0.00697119794533113,0.111172261970281
268773.411807,2775866.126422,0.127289377289377,0.11996336996337,0.0882783882783883,0.0846153846153846,0.0534798534798535,0.526373626373626
269273.411807,2775866.126422,0.0776146788990826,0.159816513761468,0.0115596330275229,0.148440366972477,0.0405504587155963,0.562018348623853
269773.411807,2775866.126422,0.0675105485232067,0.212438084755091,0.028251696936342,0.0566868464501926,0.0478811227297744,0.587231700605394
270273.411807,2775866.126422,0.0813186813186813,0.119230769230769,0.00146520146520147,0.149084249084249,0.0789377289377289,0.56996336996337
270773.411807,2775866.126422,0.0405504587155963,0.229357798165138,0.0776146788990826,0.242752293577982,0.0651376146788991,0.344587155963303
271273.411807,2775866.126422,0.0810860392588516,0.11979453311319,0.0627407815079802,0.147128967161989,0.0997982021647404,0.489451476793249
271773.411807,2775866.126422,0.106410256410256,0.111904761904762,0.00494505494505494,0.114652014652015,0.0967032967032967,0.565384615384615
272273.411807,2775866.126422,0.0458715596330275,0.101100917431193,0.222935779816514,0.0557798165137615,0.0686238532110092,0.505688073394495
272773.411807,2775866.126422,0.0317372959090075,0.128967161988626,0.208402128049899,0.144744083654375,0.0691616217207852,0.416987708677307
273273.411807,2775866.126422,0.0807692307692308,0.276739926739927,0.00201465201465201,0.122710622710623,0.0679487179487179,0.44981684981685
273773.411807,2775866.126422,0.00403669724770642,0.460917431192661,0.0146788990825688,0.151376146788991,0.015045871559633,0.35394495412844
274273.411807,2775866.126422,0,0.0612731608879105,0.10273344340488,0.430379746835443,0.0187121629058888,0.386901485965878
274773.411807,2775866.126422,0.00824175824175824,0.015018315018315,0.0489010989010989,0.897069597069597,0.0265567765567766,0.00421245421245421
267773.411807,2775366.126422,0.177289377289377,0.131318681318681,0.164835164835165,0.254212454212454,0.039010989010989,0.233333333333333
268273.411807,2775366.126422,0.281501831501832,0.158608058608059,0,0.0602564102564103,0.0282051282051282,0.471428571428571
268773.411807,2775366.126422,0.0414374770810414,0.171433810047671,0.0396039603960396,0.218921892189219,0.0421708837550422,0.486431976530986
269273.411807,2775366.126422,0.0619047619047619,0.217032967032967,0.0212454212454212,0.259157509157509,0.117216117216117,0.323443223443223
269773.411807,2775366.126422,0.0807692307692308,0.195787545787546,0.056043956043956,0.254212454212454,0.0842490842490843,0.328937728937729
270273.411807,2775366.126422,0.0364869820315365,0.15951595159516,0.0203520352035204,0.146314631463146,0.121378804547121,0.515951595159516
270773.411807,2775366.126422,0.0415750915750916,0.256227106227106,0.00915750915750916,0.153113553113553,0.102014652014652,0.437912087912088
271273.411807,2775366.126422,0.0690476190476191,0.237545787545788,0.00256410256410256,0.172710622710623,0.113919413919414,0.404212454212454
271773.411807,2775366.126422,0.107810781078108,0.156398973230656,0,0.0249358269160249,0.0408874220755409,0.66996699669967
272273.411807,2775366.126422,0.0664835164835165,0.145604395604396,0.0241758241758242,0.110622710622711,0.0956043956043956,0.557509157509158
272773.411807,2775366.126422,0.0346153846153846,0.142857142857143,0.0164835164835165,0.132783882783883,0.252380952380952,0.420879120879121
273273.411807,2775366.126422,0,0.134213421342134,0.0276861019435277,0.15034836817015,0.0777411074440777,0.61001100110011
273773.411807,2775366.126422,0,0.0558608058608059,0.155311355311355,0.467948717948718,0.0549450549450549,0.265934065934066
274273.411807,2775366.126422,0.0243589743589744,0.11007326007326,0.0608058608058608,0.704395604395604,0.0276556776556777,0.0727106227106227
274773.411807,2775366.126422,0.099009900990099,0.0757242390905757,0.228456178951228,0.388705537220389,0.0588558855885589,0.149248258159149
266273.411807,2774866.126422,0.0163332721600294,0.171407597724353,0.351440631308497,0.309598091392916,0.00367039823820885,0.147550009175996
266773.411807,2774866.126422,0.220612506876948,0.0863744727672841,0.107647166697231,0.0737208875848157,0.0194388410049514,0.492206125068769
267273.411807,2774866.126422,0.138171156312992,0.0859446582371266,0.0575407733186733,0.14458493677845,0.042147700201576,0.531610775151182
267773.411807,2774866.126422,0.0445953385942375,0.129565057808772,0.131950816663608,0.299504496237842,0.0317489447605065,0.362635345935034
268273.411807,2774866.126422,0.061617458279846,0.194388410049514,0.0102695763799743,0.192921327709518,0.0374105996699065,0.503392627911242
268773.411807,2774866.126422,0.100238226131574,0.139453912406084,0.162177020340847,0.24995418728239,0.0848451530144768,0.263331500824629
269273.411807,2774866.126422,0.0957973940172509,0.0790970820334006,0.0833180400073408,0.447238025325748,0.0957973940172509,0.198752064599009
269773.411807,2774866.126422,0.030808729139923,0.15606088391711,0.146891619292133,0.325875664771685,0.0905923344947735,0.249770768384376
270273.411807,2774866.126422,0.0470954737035001,0.321422026754627,0.0207073483599047,0.215686274509804,0.0956569543705333,0.299431922301631
270773.411807,2774866.126422,0.0433106992108644,0.310699210864379,0.0108276748027161,0.104055790053221,0.0578087722517893,0.473297852817031
271273.411807,2774866.126422,0.0381441408399046,0.157161195672107,0.296350632679259,0.0733541169998166,0.0603337612323492,0.374656152576563
271773.411807,2774866.126422,0.10317024005864,0.0943741982774418,0.0524097489463075,0.137621403701668,0.103536741799524,0.508887667216419
272273.411807,2774866.126422,0.0761607634428336,0.105340429436594,0,0.0447788585061479,0.106625068819967,0.667094879794458
272773.411807,2774866.126422,0,0.08399046396479,0.0339262791124152,0.17990097194205,0.0374105996699065,0.664771685310838
273273.411807,2774866.126422,0,0.0678028220634048,0.0951072017592084,0.6188381894814,0.0617555433388309,0.156496243357156
273773.411807,2774866.126422,0.00256927876674619,0.0187190310148651,0.106258028996146,0.856487428886034,0.0115617544503579,0.00440447788585061
274273.411807,2774866.126422,0.0115532734274711,0.0761048963873097,0.0975609756097561,0.748211993398129,0.0121034293049697,0.0544654318723638
274773.411807,2774866.126422,0.000183250870441635,0.16254352208173,0.0353674179952355,0.631482499541873,0.0148433205057724,0.155579989004948
263773.411807,2774366.126422,0,0.0713630526508897,0.691065859475326,0.221060355898,0.00091726288754357,0.0155934690882407
264273.411807,2774366.126422,0,0.198717948717949,0.535714285714286,0.263369963369963,0.000915750915750916,0.00128205128205128
264773.411807,2774366.126422,0.00587155963302752,0.335229357798165,0.376330275229358,0.0919266055045872,0.00935779816513761,0.181284403669725
265273.411807,2774366.126422,0.0401761144744084,0.186387818748853,0.159420289855072,0.226747385800771,0.0495321959273528,0.337736195193542
265773.411807,2774366.126422,0.125824175824176,0.216666666666667,0.0032967032967033,0.124358974358974,0.0371794871794872,0.492673992673993
266273.411807,2774366.126422,0.0944954128440367,0.107522935779817,0.0055045871559633,0.115596330275229,0.0355963302752294,0.641284403669725
266773.411807,2774366.126422,0.123096679508347,0.111906072280316,0.00165107319757843,0.125298110438452,0.0420106402494955,0.596037424325812
267273.411807,2774366.126422,0.103479853479853,0.113553113553114,0.00183150183150183,0.12032967032967,0.0725274725274725,0.588278388278388
267773.411807,2774366.126422,0.0251376146788991,0.0844036697247706,0.0915596330275229,0.651743119266055,0.0546788990825688,0.0924770642201835
268273.411807,2774366.126422,0.10988809392772,0.11557512383049,0.0823702073014126,0.338836910658595,0.0612731608879105,0.292056503393873
268773.411807,2774366.126422,0.0234432234432234,0.0492673992673993,0.0595238095238095,0.787179487179487,0.0243589743589744,0.0562271062271062
269273.411807,2774366.126422,0.0765137614678899,0.133577981651376,0.0618348623853211,0.54348623853211,0.105688073394495,0.0788990825688073
269773.411807,2774366.126422,0.123830489818382,0.134837644468905,0.0515501742799486,0.210236653824986,0.114290955787929,0.36525408181985
270273.411807,2774366.126422,0.0291208791208791,0.274725274725275,0.186080586080586,0.106593406593407,0.0706959706959707,0.332783882783883
270773.411807,2774366.126422,0.0368807339449541,0.140183486238532,0.0018348623853211,0.227339449541284,0.125137614678899,0.468623853211009
271273.411807,2774366.126422,0.102183085672354,0.111355714547789,0.00458631443771785,0.195560447624289,0.075032104201064,0.511282333516786
271773.411807,2774366.126422,0.0353479853479853,0.217399267399267,0,0.0210622710622711,0.0401098901098901,0.686080586080586
272273.411807,2774366.126422,0,0.266238532110092,0.0102752293577982,0.153211009174312,0.0829357798165138,0.487339449541284
272773.411807,2774366.126422,0,0.111539167125298,0.0944780774169877,0.384516602458265,0.0768666299761512,0.332599523023298
273273.411807,2774366.126422,0.0163003663003663,0.0265567765567766,0.0104395604395604,0.87985347985348,0.0542124542124542,0.0126373626373626
273773.411807,2774366.126422,0.0211009174311927,0.0554128440366972,0.138532110091743,0.73045871559633,0.0190825688073394,0.0354128440366972
274273.411807,2774366.126422,0,0.0922766464868831,0.00807191341038342,0.76041093377362,0.0174279948633278,0.121812511465786
274773.411807,2774366.126422,0.0119047619047619,0.157326007326007,0.0338827838827839,0.191208791208791,0.0155677655677656,0.59010989010989
262773.411807,2773866.126422,0.00240770465489567,0.315208667736758,0.286717495987159,0.0896869983948636,0.00501605136436597,0.300963081861958
263273.411807,2773866.126422,0.0173992673992674,0.477472527472527,0.0772893772893773,0.226556776556777,0.0111721611721612,0.19010989010989
263773.411807,2773866.126422,0.0587912087912088,0.468131868131868,0.0419413919413919,0.0923076923076923,0.0172161172161172,0.321611721611722
264273.411807,2773866.126422,0.0300696736340301,0.580858085808581,0.154382104877154,0.123028969563623,0.00403373670700403,0.107627429409608
264773.411807,2773866.126422,0.0424908424908425,0.202014652014652,0.03003663003663,0.236996336996337,0.0333333333333333,0.455128205128205
265273.411807,2773866.126422,0.128388278388278,0.0558608058608059,0.0316849816849817,0.0474358974358974,0.0395604395604396,0.697069597069597
265773.411807,2773866.126422,0.187018701870187,0.2002200220022,0.000733406674000733,0.0124679134580125,0.0258525852585259,0.573707370737074
266273.411807,2773866.126422,0.160989010989011,0.143956043956044,0.000915750915750916,0.0633699633699634,0.0468864468864469,0.583882783882784
266773.411807,2773866.126422,0.0631868131868132,0.104945054945055,0,0.0175824175824176,0.013003663003663,0.801282051282051
267273.411807,2773866.126422,0.05995599559956,0.211954528786212,0.0253025302530253,0.107994132746608,0.0476714338100477,0.547121378804547
267773.411807,2773866.126422,0.0316849816849817,0.0498168498168498,0.0734432234432234,0.735347985347985,0.0673992673992674,0.0423076923076923
268273.411807,2773866.126422,0.0373626373626374,0.132783882783883,0.0142857142857143,0.366849816849817,0.0518315018315018,0.396886446886447
268773.411807,2773866.126422,0.102493582691602,0.172533920058673,0.0108177484415108,0.106527319398607,0.0306197286395306,0.577007700770077
269273.411807,2773866.126422,0.0353479853479853,0.0844322344322344,0.0978021978021978,0.671428571428571,0.0573260073260073,0.0536630036630037
269773.411807,2773866.126422,0.188827838827839,0.0831501831501831,0.12967032967033,0.403113553113553,0.129304029304029,0.0659340659340659
270273.411807,2773866.126422,0.0962596259625963,0.126879354602127,0.0275027502750275,0.137513751375138,0.104143747708104,0.507700770077008
270773.411807,2773866.126422,0.0305860805860806,0.108608058608059,0.0117216117216117,0.254578754578755,0.121245421245421,0.473260073260073
271273.411807,2773866.126422,0.00476190476190476,0.225641025641026,0.000183150183150183,0.078021978021978,0.039010989010989,0.652380952380952
271773.411807,2773866.126422,0,0.358269160249358,0.0232856618995233,0.217821782178218,0.0315364869820315,0.369086908690869
272273.411807,2773866.126422,0.00201465201465201,0.0921245421245421,0.0335164835164835,0.533516483516484,0.0587912087912088,0.28003663003663
272773.411807,2773866.126422,0.108058608058608,0.104395604395604,0,0.382783882783883,0.120512820512821,0.284249084249084
273273.411807,2773866.126422,0.0196186285295196,0.0559222588925559,0.059039237257059,0.414741474147415,0.0412541254125413,0.409424275760909
273773.411807,2773866.126422,0,0.133516483516484,0.00769230769230769,0.77967032967033,0.0507326007326007,0.0283882783882784
274273.411807,2773866.126422,0.0181318681318681,0.154212454212454,0.00824175824175824,0.143406593406593,0.0706959706959707,0.605311355311355
274773.411807,2773866.126422,0.1001100110011,0.124862486248625,0,0.0737073707370737,0.0522552255225523,0.649064906490649
262773.411807,2773366.126422,0.113162118780096,0.114767255216693,0.11376404494382,0.505216693418941,0.0290930979133226,0.123996789727127
263273.411807,2773366.126422,0.0787300422095797,0.238025325747844,0.0387227014131033,0.208478619930262,0.0420260598274913,0.39401725087172
263773.411807,2773366.126422,0.135521731157161,0.282046579864295,0.0421786172748946,0.121584448927196,0.0306253438474234,0.38804327892903
264273.411807,2773366.126422,0.11434854315558,0.162726772952172,0.0765988638446033,0.434854315557999,0.009529045262965,0.201942459226681
264773.411807,2773366.126422,0.455496421361718,0.0431271792989539,0.0012846393833731,0.0218388695173426,0.0115617544503579,0.466691135988255
265273.411807,2773366.126422,0.206675224646983,0.100495140289749,0.00275077938749312,0.052814964239868,0.0487804878048781,0.588483403631029
265773.411807,2773366.126422,0.177020340846619,0.148982957669049,0.00623052959501558,0.0670698185816383,0.0560747663551402,0.544621586952538
266273.411807,2773366.126422,0.092126995779042,0.314920168838319,0.00110111947146265,0.0488162965681776,0.0345017434391632,0.508533675903836
266773.411807,2773366.126422,0.0984779020722538,0.155143957454612,0.0520814230698698,0.0124701998899688,0.0194388410049514,0.662387676508344
267273.411807,2773366.126422,0.120029320139271,0.168590800806304,0.0159428257284222,0.0214403518416712,0.0227231079347627,0.651273593549569
267773.411807,2773366.126422,0.0546889337493118,0.0642319691686548,0.00972655533125344,0.459900899247568,0.0622132501376399,0.349238392365572
268273.411807,2773366.126422,0.0777553640198056,0.0990280579497524,0.0185219145424537,0.401063634696497,0.0922428021272694,0.311388226664222
268773.411807,2773366.126422,0.0489279824079164,0.334616089426425,0.00201575957485798,0.121495327102804,0.0430639545537841,0.449880886934213
269273.411807,2773366.126422,0.105890989172325,0.124793540099101,0.0227564690768948,0.381170857037989,0.0609286107542668,0.304459533859424
269773.411807,2773366.126422,0.0729873464148175,0.0878415551072804,0.0302585732624244,0.426370805061434,0.0973775903172566,0.285164129836787
270273.411807,2773366.126422,0.0791643760307861,0.0813633864760858,0.0221733553234378,0.519149715961151,0.0903426791277259,0.207806487080814
270773.411807,2773366.126422,0.118737383006056,0.0688199669664159,0.0225729491649844,0.224628372178381,0.104973389612773,0.460267939071389
271273.411807,2773366.126422,0,0.101045296167247,0.0227397762699432,0.0141206675224647,0.0198056115899505,0.842288648450394
271773.411807,2773366.126422,0.0221733553234378,0.230346344145135,0.00311526479750779,0.236210371999267,0.0661535642294301,0.442001099505223
272273.411807,2773366.126422,0.115250504679758,0.107542668379519,0.0912093962194898,0.532391264452193,0.0376215819416407,0.1159845843274
272773.411807,2773366.126422,0.0359435173299101,0.0792224463598019,0.0313588850174216,0.339079405831652,0.0451127819548872,0.469282963506327
273273.411807,2773366.126422,0,0.166391790361004,0.032618654938611,0.358255451713396,0.132856881070185,0.309877221916804
273773.411807,2773366.126422,0.0482657368324463,0.235639566893008,0.084235639566893,0.140025692787667,0.055606533308864,0.436226830611121
274273.411807,2773366.126422,0.0388776820099028,0.218045112781955,0.00183385292499542,0.123601687144691,0.0882083256922795,0.529433339446176
274773.411807,2773366.126422,0.0573575224482316,0.257284222100055,0,0.0535092541689573,0.0692688290269379,0.562580172255818
262773.411807,2772866.126422,0.114320096269555,0.0659847573204974,0.0527476935419174,0.575611712795828,0.0812274368231047,0.110108303249097
263273.411807,2772866.126422,0.323669724770642,0.0590825688073394,0.00990825688073394,0.221651376146789,0.0765137614678899,0.309174311926605
263773.411807,2772866.126422,0.357549073564484,0.0598055402678408,0.00183452577508714,0.179233168226014,0.0385250412768299,0.363052650889745
264273.411807,2772866.126422,0.428205128205128,0.108791208791209,0.000183150183150183,0.28956043956044,0.021978021978022,0.151282051282051
264773.411807,2772866.126422,0.382385321100917,0.0588990825688073,0,0.0229357798165138,0.0159633027522936,0.519816513761468
265273.411807,2772866.126422,0.27389469822051,0.0365070629242341,0.00293524124013942,0.00642084021280499,0.00807191341038342,0.672170243991928
265773.411807,2772866.126422,0.1996336996337,0.089010989010989,0.0992673992673993,0.0584249084249084,0.0602564102564103,0.493406593406593
266273.411807,2772866.126422,0.105137614678899,0.198165137614679,0.0343119266055046,0.0488073394495413,0.0658715596330275,0.547706422018349
266773.411807,2772866.126422,0.151898734177215,0.238304898183819,0.000366905155017428,0.0709961474958723,0.0471473124197395,0.491286002568336
267273.411807,2772866.126422,0.121062271062271,0.20970695970696,0.000183150183150183,0.0727106227106227,0.0554945054945055,0.540842490842491
267773.411807,2772866.126422,0.111009174311927,0.102385321100917,0.0188990825688073,0.336880733944954,0.0779816513761468,0.352844036697248
268273.411807,2772866.126422,0.0570537516052101,0.0831040176114474,0.0264171711612548,0.436800587048248,0.0704457897633462,0.326178682810494
268773.411807,2772866.126422,0.0567765567765568,0.054029304029304,0.0423076923076923,0.51025641025641,0.0366300366300366,0.3
269273.411807,2772866.126422,0.083302752293578,0.177614678899083,0.226238532110092,0.227889908256881,0.0491743119266055,0.235779816513761
269773.411807,2772866.126422,0.0377912309667951,0.0601724454228582,0.0249495505411851,0.806090625573289,0.0330214639515685,0.0379746835443038
270273.411807,2772866.126422,0.0445054945054945,0.0642857142857143,0.0172161172161172,0.642673992673993,0.0697802197802198,0.161538461538462
270773.411807,2772866.126422,0.0546788990825688,0.0932110091743119,0.00715596330275229,0.297064220183486,0.117614678899083,0.430275229357798
271273.411807,2772866.126422,0.0818198495688864,0.0770500825536599,0.0273344340487984,0.0876903320491653,0.0772335351311686,0.648871766648321
271773.411807,2772866.126422,0.0463369963369963,0.145054945054945,0.0139194139194139,0.131135531135531,0.0523809523809524,0.611172161172161
272273.411807,2772866.126422,0.0132110091743119,0.0376146788990826,0.0777981651376147,0.714128440366972,0.0387155963302752,0.118532110091743
272773.411807,2772866.126422,0,0.101082370207301,0.00770500825536599,0.406347459181801,0.0579710144927536,0.426894147862777
273273.411807,2772866.126422,0.05,0.38021978021978,0.0197802197802198,0.0761904761904762,0.0379120879120879,0.435897435897436
273773.411807,2772866.126422,0.120183486238532,0.267522935779817,0.0732110091743119,0.0922935779816514,0.0838532110091743,0.362935779816514
274273.411807,2772866.126422,0.204733076499725,0.0429279031370391,0.00091726288754357,0.0715465052283985,0.0730141258484682,0.606861126398826
274773.411807,2772866.126422,0.179487179487179,0.116666666666667,0,0.0435897435897436,0.056959706959707,0.603296703296703
262773.411807,2772366.126422,0.0513643659711075,0.067215088282504,0.0710272873194221,0.706059390048154,0.0381219903691814,0.0662118780096308
263273.411807,2772366.126422,0.253663003663004,0.234432234432234,0.00805860805860806,0.200732600732601,0.030952380952381,0.272161172161172
263773.411807,2772366.126422,0.313003663003663,0.0721611721611722,0.00421245421245421,0.167582417582418,0.0637362637362637,0.379304029304029
264273.411807,2772366.126422,0.309130913091309,0.074990832416575,0.00055005500550055,0.0176017601760176,0.0253025302530253,0.572423909057572
264773.411807,2772366.126422,0.197619047619048,0.0946886446886447,0,0.0619047619047619,0.0333333333333333,0.612454212454212
265273.411807,2772366.126422,0.217216117216117,0.0948717948717949,0,0.0326007326007326,0.0285714285714286,0.626739926739927
265773.411807,2772366.126422,0.194352768610194,0.0605060506050605,0.148514851485149,0.0148514851485149,0.0223689035570224,0.559405940594059
266273.411807,2772366.126422,0.183882783882784,0.0928571428571429,0.328571428571429,0.0498168498168498,0.045970695970696,0.298901098901099
266773.411807,2772366.126422,0.201831501831502,0.0934065934065934,0.0021978021978022,0.138644688644689,0.0763736263736264,0.487545787545788
267273.411807,2772366.126422,0.057022368903557,0.0766409974330766,0.136596993032637,0.115878254492116,0.0814081408140814,0.532453245324532
267773.411807,2772366.126422,0.021978021978022,0.252014652014652,0.0258241758241758,0.296703296703297,0.184798534798535,0.218681318681319
268273.411807,2772366.126422,0.128388278388278,0.139194139194139,0.0115384615384615,0.3496336996337,0.1003663003663,0.270879120879121
268773.411807,2772366.126422,0.0759075907590759,0.202053538687202,0.0044004400440044,0.0504217088375504,0.0830583058305831,0.584158415841584
269273.411807,2772366.126422,0.0593406593406593,0.187728937728938,0.154761904761905,0.116483516483516,0.0538461538461538,0.427838827838828
269773.411807,2772366.126422,0.0606227106227106,0.158974358974359,0.109340659340659,0.496336996336996,0.0644688644688645,0.11025641025641
270273.411807,2772366.126422,0.145214521452145,0.116978364503117,0.00256692335900257,0.367253392005867,0.124495782911624,0.243491015768244
270773.411807,2772366.126422,0.122893772893773,0.151831501831502,0.00622710622710623,0.273992673992674,0.0591575091575092,0.385897435897436
271273.411807,2772366.126422,0.0798534798534798,0.0948717948717949,0.0554945054945055,0.497619047619048,0.0793040293040293,0.192857142857143
271773.411807,2772366.126422,0.0449211587825449,0.158782544921159,0.187935460212688,0.165016501650165,0.0931426475980931,0.35020168683535
272273.411807,2772366.126422,0.00311355311355311,0.175274725274725,0,0.0798534798534798,0.0617216117216117,0.68003663003663
272773.411807,2772366.126422,0.0714285714285714,0.364468864468864,0.0128205128205128,0.0677655677655678,0.0435897435897436,0.43992673992674
273273.411807,2772366.126422,0.184818481848185,0.0982764943160983,0.0088008800880088,0.182251558489182,0.107994132746608,0.417858452511918
273773.411807,2772366.126422,0.152197802197802,0.17014652014652,0.00201465201465201,0.130769230769231,0.093956043956044,0.450915750915751
274273.411807,2772366.126422,0.0573260073260073,0.0210622710622711,0.00146520146520147,0.183516483516484,0.0532967032967033,0.683333333333333
274773.411807,2772366.126422,0.00916758342500917,0.00825082508250825,0,0.113311331133113,0.0185185185185185,0.850751741840851
262773.411807,2771866.126422,0.0142455858747994,0.0491573033707865,0.157102728731942,0.694823434991974,0.0313001605136437,0.0533707865168539
263273.411807,2771866.126422,0.0715727656450725,0.0598274912828042,0.0313819049366856,0.552578454762342,0.0390897412369242,0.245549642136172
263773.411807,2771866.126422,0.383275261324042,0.0570328259673574,0.000183385292499542,0.197505960022006,0.0518980377773703,0.310104529616725
264273.411807,2771866.126422,0.278907824812168,0.226314824995419,0.000366501740883269,0.18160161260766,0.061205790727506,0.251603445116364
264773.411807,2771866.126422,0.136538814461369,0.360433106992109,0,0.121857221508534,0.0359699027344467,0.345200954303542
265273.411807,2771866.126422,0.270860077021823,0.117366587199707,0,0.101045296167247,0.0480469466348799,0.462681092976343
265773.411807,2771866.126422,0.102253985706432,0.0723840938244457,0.00146600696353308,0.233095107201759,0.0665200659703134,0.524280740333517
266273.411807,2771866.126422,0.128096898513489,0.0622132501376399,0.0212883097816113,0.415672600477152,0.0851532391264452,0.287575701963663
266773.411807,2771866.126422,0.23216578030442,0.0302585732624244,0.0187052998349532,0.27581147991931,0.0753713552173116,0.367687511461581
267273.411807,2771866.126422,0.00787978742899029,0.0668865677111966,0.0236393622869709,0.107934762690123,0.187282389591351,0.606377130291369
267773.411807,2771866.126422,0.0179849513672233,0.165351440631308,0,0.276380987337126,0.2073775004588,0.332905120205542
268273.411807,2771866.126422,0.0737208875848157,0.0865578580597836,0.00935264991747662,0.139006051714652,0.105813313772235,0.585549238951036
268773.411807,2771866.126422,0.0718343412131208,0.373465273960051,0.00604727872457394,0.0522264980758659,0.0599230346344145,0.436503573391974
269273.411807,2771866.126422,0.0464305377133419,0.228482290328501,0.00110111947146265,0.0873554780693705,0.0807487612405946,0.55588181317673
269773.411807,2771866.126422,0.116633046029708,0.21217678342197,0.00513478818998716,0.102695763799743,0.0905923344947735,0.472767284063818
270273.411807,2771866.126422,0.0725673446948873,0.253252702950339,0.00256551218618288,0.0393989371449514,0.0470954737035001,0.585120029320139
270773.411807,2771866.126422,0.0952468342815195,0.107359148467609,0.00311983850247752,0.18682327032483,0.0836850798311617,0.523765828592402
271273.411807,2771866.126422,0.14395745461214,0.101412066752246,0.0066018705299835,0.168347698514579,0.103429304969741,0.476251604621309
271773.411807,2771866.126422,0.0623052959501558,0.0800806303829943,0.00971229613340663,0.303646692321789,0.0899761773868426,0.454278907824812
272273.411807,2771866.126422,0.0499174160396403,0.123508900715728,0.147366489264085,0.141677371994861,0.0792806019453111,0.458249220040374
272773.411807,2771866.126422,0.0799559875298001,0.068402714102329,0.00403447643498991,0.318356867779204,0.0973775903172566,0.43187236383642
273273.411807,2771866.126422,0.120395821880154,0.178852849551035,0.000366501740883269,0.0573575224482316,0.0798973795125527,0.563129924867143
273773.411807,2771866.126422,0.127362818865847,0.0137639933932832,0.000550559735731327,0.135621214901817,0.0625802899614608,0.660121123141861
274273.411807,2771866.126422,0,0.0179717586649551,0,0.162479369154594,0.0298918026774253,0.789657069503026
274773.411807,2771866.126422,0.0241891148982958,0.0177753344328386,0,0.0815466373465274,0.0918086860912589,0.784680227231079
262773.411807,2771366.126422,0.0425190533493783,0.110509426393903,0.0336943441636582,0.501604492579222,0.0322904131568391,0.279382270357
263273.411807,2771366.126422,0.066605504587156,0.0376146788990826,0.0271559633027523,0.643853211009174,0.0884403669724771,0.136330275229358
263773.411807,2771366.126422,0.236653824986241,0.172812328013209,0.00201797835259585,0.323977251880389,0.0254999082737112,0.239038708493854
264273.411807,2771366.126422,0.0902930402930403,0.195787545787546,0,0.183882783882784,0.0796703296703297,0.4503663003663
264773.411807,2771366.126422,0.0636697247706422,0.149357798165138,0.0680733944954128,0.317614678899083,0.0937614678899083,0.307522935779816
265273.411807,2771366.126422,0.170977802238121,0.0559530361401578,0.00146762062006971,0.151898734177215,0.0543019629425793,0.565400843881857
265773.411807,2771366.126422,0.17032967032967,0.12032967032967,0.00641025641025641,0.11996336996337,0.0683150183150183,0.514652014652015
266273.411807,2771366.126422,0.204770642201835,0.209724770642202,0.00055045871559633,0.0278899082568807,0.031743119266055,0.525321100917431
266773.411807,2771366.126422,0.0779673454412034,0.0787011557512383,0.000550357732526142,0.103283801137406,0.113006787745368,0.626490552192258
267273.411807,2771366.126422,0.045970695970696,0.108608058608059,0.136996336996337,0.0873626373626374,0.142307692307692,0.478754578754579
267773.411807,2771366.126422,0.0541284403669725,0.105504587155963,0.0376146788990826,0.239266055045872,0.187155963302752,0.376330275229358
268273.411807,2771366.126422,0.101816180517336,0.256466703357182,0.0236653824986241,0.173913043478261,0.0733810310034856,0.370757659145111
268773.411807,2771366.126422,0.0771062271062271,0.166849816849817,0.11959706959707,0.0542124542124542,0.0424908424908425,0.53974358974359
269273.411807,2771366.126422,0.104770642201835,0.231559633027523,0.199266055045872,0.0836697247706422,0.0572477064220183,0.32348623853211
269773.411807,2771366.126422,0.0913593835993396,0.217391304347826,0.000183452577508714,0.0383415886993212,0.0629242340854889,0.589800036690516
270273.411807,2771366.126422,0.0787545787545788,0.193040293040293,0.165018315018315,0.104212454212454,0.054029304029304,0.404945054945055
270773.411807,2771366.126422,0.0888073394495413,0.33651376146789,0,0.0777981651376147,0.0660550458715596,0.430825688073394
271273.411807,2771366.126422,0.108787378462667,0.0847550908090259,0.000366905155017428,0.177765547605944,0.0759493670886076,0.552375710878738
271773.411807,2771366.126422,0.0575091575091575,0.122893772893773,0.0113553113553114,0.226373626373626,0.13956043956044,0.442307692307692
272273.411807,2771366.126422,0.0355963302752294,0.239082568807339,0.0242201834862385,0.141100917431193,0.0917431192660551,0.468256880733945
272773.411807,2771366.126422,0.108237020730141,0.22546321775821,0.00220143093010457,0.219776187855439,0.115024766097964,0.329297376628142
273273.411807,2771366.126422,0.121428571428571,0.0523809523809524,0.000549450549450549,0.102564102564103,0.0635531135531135,0.65952380952381
273773.411807,2771366.126422,0.00220183486238532,0.0176146788990826,0,0.180917431192661,0.0352293577981651,0.764036697247706
274273.411807,2771366.126422,0.014125848468171,0.000733810310034856,0,0.0297193175564117,0.0570537516052101,0.898367272060172
274773.411807,2771366.126422,0.0844322344322344,0.0637362637362637,0,0.105494505494505,0.0847985347985348,0.661538461538462
262773.411807,2770866.126422,0.186195826645265,0.212078651685393,0,0.0343097913322632,0.0563804173354735,0.511035313001605
263273.411807,2770866.126422,0.115018315018315,0.0858974358974359,0.0265567765567766,0.435164835164835,0.0989010989010989,0.238461538461538
263773.411807,2770866.126422,0.0168498168498168,0.225274725274725,0.000183150183150183,0.167582417582418,0.142490842490842,0.447619047619048
264273.411807,2770866.126422,0.109460946094609,0.107444077741107,0.00238357169050238,0.458562522918959,0.113861386138614,0.208287495416208
264773.411807,2770866.126422,0.12985347985348,0.196153846153846,0.191941391941392,0.0142857142857143,0.028021978021978,0.43974358974359
265273.411807,2770866.126422,0.0723443223443224,0.245238095238095,0.311172161172161,0.0327838827838828,0.0743589743589744,0.264102564102564
265773.411807,2770866.126422,0.236156949028236,0.18041804180418,0.0011001100110011,0.0438210487715438,0.0467546754675468,0.491749174917492
266273.411807,2770866.126422,0.138644688644689,0.303296703296703,0,0.0168498168498168,0.043956043956044,0.497252747252747
266773.411807,2770866.126422,0.0529304029304029,0.0935897435897436,0.00824175824175824,0.0492673992673993,0.138278388278388,0.657692307692308
267273.411807,2770866.126422,0.0938760542720939,0.0696736340300697,0.0535386872020535,0.0806747341400807,0.0874587458745875,0.614778144481115
267773.411807,2770866.126422,0.185714285714286,0.067032967032967,0,0.0965201465201465,0.0815018315018315,0.569230769230769
268273.411807,2770866.126422,0.108791208791209,0.0558608058608059,0.00256410256410256,0.142857142857143,0.0804029304029304,0.60952380952381
268773.411807,2770866.126422,0.115144847818115,0.0718738540520719,0.00146681334800147,0.226989365603227,0.111661166116612,0.472863953061973
269273.411807,2770866.126422,0.0637362637362637,0.194505494505495,0.0697802197802198,0.355311355311355,0.0705128205128205,0.246153846153846
269773.411807,2770866.126422,0.122527472527473,0.208608058608059,0.000366300366300366,0.0216117216117216,0.0276556776556777,0.619230769230769
270273.411807,2770866.126422,0.116428309497616,0.151998533186652,0.00458379171250458,0.103777044371104,0.03997066373304,0.583241657499083
270773.411807,2770866.126422,0.0521978021978022,0.322710622710623,0,0.0811355311355311,0.0562271062271062,0.487728937728938
271273.411807,2770866.126422,0.103846153846154,0.0875457875457875,0.000549450549450549,0.128754578754579,0.0743589743589744,0.604945054945055
271773.411807,2770866.126422,0.0674734140080675,0.177117711771177,0.0126512651265127,0.207554088742208,0.109094242757609,0.426109277594426
272273.411807,2770866.126422,0.0388278388278388,0.131868131868132,0.000549450549450549,0.217948717948718,0.0882783882783883,0.522527472527473
272773.411807,2770866.126422,0.0549450549450549,0.122161172161172,0.000732600732600733,0.0994505494505494,0.067032967032967,0.655677655677656
273273.411807,2770866.126422,0.0317198386505317,0.0533553355335534,0.00165016501650165,0.255225522552255,0.0722405573890722,0.585808580858086
273773.411807,2770866.126422,0.0628205128205128,0.0913919413919414,0.138278388278388,0.0961538461538462,0.06996336996337,0.541391941391941
274273.411807,2770866.126422,0.112271062271062,0.0695970695970696,0.0278388278388278,0.102564102564103,0.0738095238095238,0.613919413919414
274773.411807,2770866.126422,0.152548588192153,0.199486615328199,0,0.0584891822515585,0.105977264393106,0.483498349834984
262773.411807,2770366.126422,0.245385232744783,0.0995184590690209,0.00180577849117175,0.023876404494382,0.0575842696629214,0.571829855537721
263273.411807,2770366.126422,0.150853367590384,0.110478986970086,0.000183519911910442,0.0401908607083869,0.0550559735731327,0.6432372912461
263773.411807,2770366.126422,0.137172198789657,0.132770951769668,0.000183385292499542,0.323675041261691,0.130753713552173,0.275444709334311
264273.411807,2770366.126422,0.0835623969213854,0.0822796408282939,0,0.557632398753894,0.0930914421843504,0.183434121312076
264773.411807,2770366.126422,0.135804734813727,0.0462470178014315,0.416223160212883,0.0244081482840888,0.030280785465223,0.347036153422646
265273.411807,2770366.126422,0.185952686594535,0.213643865761966,0,0.0265908674124335,0.0441958554923895,0.529616724738676
