"x","y","forest","agri","water","built","other","grass"
244773.411807,2751866.126422,0.40795631825273,0.0262610504420177,0.100624024960998,0.232189287571503,0.0179407176287051,0.215028601144046
245273.411807,2751866.126422,0.237884314747264,0.0450755601875977,0.00416883793642522,0.208702449192288,0.0901511203751954,0.41401771756123
245773.411807,2751866.126422,0.245705361790734,0.0390421655387819,0.00286309213951067,0.241540864133264,0.142113482561166,0.328735033836543
246273.411807,2751866.126422,0.693967758710348,0.00572022880915237,0,0.0330213208528341,0.0377015080603224,0.229589183567343
246773.411807,2751866.126422,0.779833246482543,0.000521104742053153,0,0.0044293903074518,0.00729546638874414,0.207920792079208
247273.411807,2751866.126422,0.739718896408121,0.00338365434669443,0,0.0718375845913587,0.0353982300884956,0.149661634565331
247773.411807,2751866.126422,0.634945397815913,0.00286011440457618,0.000260010400416017,0.0481019240769631,0.0239209568382735,0.289911596463859
248273.411807,2751866.126422,0.657894736842105,0.0088587806149036,0,0.088587806149036,0.0455966649296509,0.199062011464304
248773.411807,2751866.126422,0.23269130661114,0.00676730869338886,0.00989068193649141,0.18427902134305,0.114003123373243,0.452368558042686
249273.411807,2751866.126422,0.152366094643786,0.0291211648465939,0.0015600624024961,0.38117524700988,0.0769630785231409,0.358814352574103
249773.411807,2751866.126422,0.0193223928004235,0.0259396506087877,0.0166754896770778,0.800952885124404,0.061937533086289,0.0751720487030175
244273.411807,2751366.126422,0.0673992673992674,0.00402930402930403,0.474542124542125,0.43003663003663,0.00952380952380952,0.0144688644688645
244773.411807,2751366.126422,0.380638063806381,0.0441877521085442,0.170883755042171,0.0759075907590759,0.0999266593325999,0.228456178951228
245273.411807,2751366.126422,0.0514652014652015,0.134432234432234,0.000366300366300366,0.236263736263736,0.101465201465201,0.476007326007326
245773.411807,2751366.126422,0.0252747252747253,0.367582417582418,0.000183150183150183,0.0794871794871795,0.0965201465201465,0.430952380952381
246273.411807,2751366.126422,0.037037037037037,0.550971763843051,0,0.0511551155115512,0.0678401173450678,0.292995966263293
246773.411807,2751366.126422,0.214285714285714,0.23956043956044,0,0.107326007326007,0.122527472527473,0.316300366300366
247273.411807,2751366.126422,0.676007326007326,0.0106227106227106,0,0,0.0141025641025641,0.299267399267399
247773.411807,2751366.126422,0.584525119178585,0.00238357169050238,0.00586725339200587,0.0821415474880821,0.0663733039970664,0.258709204253759
248273.411807,2751366.126422,0.506410256410256,0.00256410256410256,0.0163003663003663,0.285347985347985,0.0543956043956044,0.134981684981685
248773.411807,2751366.126422,0.245604395604396,0.0128205128205128,0.00457875457875458,0.314835164835165,0.141758241758242,0.28040293040293
249273.411807,2751366.126422,0.0124679134580125,0.0148514851485149,0.0298863219655299,0.787862119545288,0.0858085808580858,0.0691235790245691
249773.411807,2751366.126422,0.0179696183771767,0.0146350500185254,0.0359392367543535,0.869951834012597,0.0509447943682846,0.0105594664690626
243773.411807,2750866.126422,0,0.000183519911910442,0.816663608001468,0.182969352174711,0.000183519911910442,0
244273.411807,2750866.126422,0.306070053181735,0.107097010819732,0.334494773519164,0.0634513112048414,0.0573995965523565,0.131487254722171
244773.411807,2750866.126422,0.177020340846619,0.126076598863845,0.07623236210372,0.174454828660436,0.176837089976177,0.269378779549203
245273.411807,2750866.126422,0.092126995779042,0.146815929528354,0.000367039823820885,0.198752064599009,0.100201871903101,0.461736098366673
245773.411807,2750866.126422,0.0392444525949019,0.374472767284064,0.000366770584999083,0.0735375022923162,0.0916926462497708,0.420685860993948
246273.411807,2750866.126422,0.0723840938244457,0.352391423859263,0.00256551218618288,0.0632215503023639,0.0921751878321422,0.417262231995602
246773.411807,2750866.126422,0.0655166085520279,0.138741053404294,0.000550559735731327,0.19104422829877,0.118737383006056,0.48541016700312
247273.411807,2750866.126422,0.131670640014671,0.204291215844489,0,0.0339262791124152,0.0432789290298918,0.586832935998533
247773.411807,2750866.126422,0.462891698735569,0.00219901044529962,0,0.0696353307678211,0.0535092541689573,0.411764705882353
248273.411807,2750866.126422,0.400256927876675,0.049366856303909,0.0124793540099101,0.313084969719215,0.0959809139291613,0.12883097816113
248773.411807,2750866.126422,0.237483953786906,0.0209059233449477,0.0242068586099395,0.478268842838804,0.103429304969741,0.135705116449661
249273.411807,2750866.126422,0.111599780098955,0.0273043796958036,0.00751328568810702,0.545354590434305,0.112332783580722,0.195895180502107
249773.411807,2750866.126422,0.070514010020412,0.0439784746706254,0.0534421970681017,0.501206160697718,0.203562813137873,0.12729634440527
243273.411807,2750366.126422,0,0,0.844139194139194,0.155860805860806,0,0
243773.411807,2750366.126422,0.171743119266055,0.102385321100917,0.326605504587156,0.118899082568807,0.117614678899083,0.162752293577982
244273.411807,2750366.126422,0.117226197028068,0.111539167125298,0.434048798385617,0.110805356815263,0.105118326912493,0.12126215373326
244773.411807,2750366.126422,0.108241758241758,0.118131868131868,0.0976190476190476,0.296520146520147,0.0934065934065934,0.286080586080586
245273.411807,2750366.126422,0.0955963302752294,0.141834862385321,0.0354128440366972,0.275412844036697,0.121467889908257,0.330275229357798
245773.411807,2750366.126422,0.0333883691065859,0.153916712529811,0.00642084021280499,0.265639332232618,0.105485232067511,0.43514951385067
246273.411807,2750366.126422,0.043040293040293,0.188095238095238,0.0128205128205128,0.382234432234432,0.126739926739927,0.247069597069597
246773.411807,2750366.126422,0.0788990825688073,0.133761467889908,0,0.075045871559633,0.11302752293578,0.599266055045872
247273.411807,2750366.126422,0.0392588515868648,0.397725188038892,0.000733810310034856,0.153916712529811,0.0919097413318657,0.316455696202532
247773.411807,2750366.126422,0.0598901098901099,0.370879120879121,0.0010989010989011,0.142857142857143,0.1,0.325274725274725
248273.411807,2750366.126422,0.291009174311927,0.330825688073395,0,0.0631192660550459,0.0642201834862385,0.250825688073395
248773.411807,2750366.126422,0.219776187855439,0.0159603742432581,0,0.254448725004586,0.151348376444689,0.358466336452027
249273.411807,2750366.126422,0.372710622710623,0.00750915750915751,0,0.208241758241758,0.0815018315018315,0.33003663003663
249773.411807,2750366.126422,0.410204081632653,0.0111317254174397,0.109090909090909,0.0294990723562152,0.0430426716141002,0.397031539888683
243273.411807,2749866.126422,0,0.00623395672900623,0.354968830216355,0.630913091309131,0.00696736340300697,0.000916758342500917
243773.411807,2749866.126422,0.00457875457875458,0.0331501831501832,0.708608058608059,0.220695970695971,0.0250915750915751,0.00787545787545788
244273.411807,2749866.126422,0.0844322344322344,0.0278388278388278,0.227655677655678,0.328571428571429,0.106959706959707,0.224542124542125
244773.411807,2749866.126422,0.11037770443711,0.142830949761643,0.0610561056105611,0.193069306930693,0.18005133846718,0.312614594792813
245273.411807,2749866.126422,0.0445054945054945,0.180586080586081,0.0875457875457875,0.261172161172161,0.149450549450549,0.276739926739927
245773.411807,2749866.126422,0.0417582417582418,0.0357142857142857,0.0333333333333333,0.10952380952381,0.0745421245421245,0.705128205128205
246273.411807,2749866.126422,0.0656398973230656,0.0588558855885589,0.0572057205720572,0.424092409240924,0.0694902823615695,0.324715804913825
246773.411807,2749866.126422,0.0428571428571429,0.216300366300366,0.0926739926739927,0.123992673992674,0.0756410256410256,0.448534798534799
247273.411807,2749866.126422,0.034981684981685,0.243223443223443,0.0992673992673993,0.0481684981684982,0.0661172161172161,0.508241758241758
247773.411807,2749866.126422,0.070957095709571,0.29006233956729,0.0584891822515585,0.119361936193619,0.0616061606160616,0.3995232856619
248273.411807,2749866.126422,0.0880952380952381,0.187728937728938,0.0613553113553114,0.0518315018315018,0.065018315018315,0.545970695970696
248773.411807,2749866.126422,0.174358974358974,0.0774725274725275,0.0419413919413919,0.204945054945055,0.143772893772894,0.357509157509158
249273.411807,2749866.126422,0.101393472680601,0.227172717271727,0.0452878621195453,0.226622662266227,0.122112211221122,0.277411074440777
249773.411807,2749866.126422,0.0974434975917006,0.361615413115969,0.00574286772878844,0.161911819192293,0.0996665431641349,0.273619859207114
241273.411807,2749366.126422,0,0,0.608839171098478,0.391160828901522,0,0
242273.411807,2749366.126422,0.00752431638832813,0.0401908607083869,0.306294732978528,0.515690952468343,0.0299137456414021,0.100385391815012
243773.411807,2749366.126422,0.0541383740135805,0.060561570930446,0.533308864011745,0.154707285740503,0.0541383740135805,0.143145531290145
244273.411807,2749366.126422,0.0900421786172749,0.213093709884467,0.0282413350449294,0.215294333394462,0.139189437007152,0.314139006051715
244773.411807,2749366.126422,0.116181051859996,0.154480483782298,0.000916254352208173,0.259299981674913,0.152098222466557,0.317024005864028
245273.411807,2749366.126422,0.0592769315470729,0.247201321343366,0.00807487612405946,0.109194347586713,0.124242980363369,0.452009543035419
245773.411807,2749366.126422,0.0959105079772602,0.0946268109297634,0.121217678342197,0.248670456629378,0.124885384192188,0.314689161929213
246273.411807,2749366.126422,0.0656038116181052,0.195345427890782,0.107751511819681,0.0602895363752978,0.101704233095107,0.469305479201026
246773.411807,2749366.126422,0.0350523031748945,0.240411084602679,0.000367039823820885,0.0620297302257295,0.0851532391264452,0.576986603046431
247273.411807,2749366.126422,0.0612506876948469,0.248487071336879,0.00238400880249404,0.152209792774619,0.0935264991747662,0.442141940216395
247773.411807,2749366.126422,0.0971229613340663,0.385926333150082,0.000366501740883269,0.0980392156862745,0.0802638812534359,0.338281106835257
248273.411807,2749366.126422,0.0723068452927143,0.204808221692054,0.000917599559552211,0.160946962745458,0.121490181684713,0.439530189025509
248773.411807,2749366.126422,0.0487804878048781,0.46781588116633,0.00183385292499542,0.109297634329727,0.0922428021272694,0.2800293416468
249273.411807,2749366.126422,0.0703683342495877,0.265530511269929,0.0256551218618288,0.262598497342862,0.112882536192047,0.262964999083746
249773.411807,2749366.126422,0.0361848209315272,0.186305437001299,0.064390424939692,0.275932455000928,0.0912970866580071,0.345889775468547
242773.411807,2748866.126422,0.122179416620804,0.030820033021464,0.12272977435333,0.495138506696019,0.105301779490002,0.123830489818382
243773.411807,2748866.126422,0.0537614678899083,0.0588990825688073,0.435963302752294,0.351559633027523,0.0222018348623853,0.0776146788990826
244273.411807,2748866.126422,0.0759493670886076,0.0807191341038342,0.108970831040176,0.425609979820216,0.105485232067511,0.203265455879655
244773.411807,2748866.126422,0.0553113553113553,0.220695970695971,0.0318681318681319,0.188278388278388,0.123076923076923,0.380769230769231
245273.411807,2748866.126422,0.0572477064220183,0.196330275229358,0.00752293577981651,0.14,0.113761467889908,0.485137614678899
245773.411807,2748866.126422,0.0464135021097046,0.274445055953036,0.00623738763529628,0.159053384700055,0.131718950651257,0.382131718950651
246273.411807,2748866.126422,0.0675824175824176,0.304212454212454,0.00238095238095238,0.0686813186813187,0.0604395604395604,0.496703296703297
246773.411807,2748866.126422,0.108256880733945,0.273211009174312,0.00275229357798165,0.0996330275229358,0.108990825688073,0.407155963302752
247273.411807,2748866.126422,0.0693450742982939,0.306182351862044,0,0.120895248578243,0.105668684645019,0.397908640616401
247773.411807,2748866.126422,0.0545787545787546,0.278021978021978,0,0.162087912087912,0.141758241758242,0.363553113553114
248273.411807,2748866.126422,0.0697247706422018,0.233761467889908,0.00311926605504587,0.210091743119266,0.146788990825688,0.33651376146789
248773.411807,2748866.126422,0.0508163639699138,0.260686112639883,0.0152265639332233,0.181067694001101,0.0992478444322143,0.392955421023665
249273.411807,2748866.126422,0.113919413919414,0.360989010989011,0.00183150183150183,0.118864468864469,0.0681318681318681,0.336263736263736
249773.411807,2748866.126422,0.100927643784787,0.131725417439703,0.0111317254174397,0.218367346938776,0.109647495361781,0.428200371057514
242273.411807,2748366.126422,0.443406593406593,0.0802197802197802,0.0113553113553114,0.15989010989011,0.0741758241758242,0.230952380952381
242773.411807,2748366.126422,0.0573260073260073,0.0470695970695971,0.041025641025641,0.60018315018315,0.132783882783883,0.121611721611722
243273.411807,2748366.126422,0.0311697836450312,0.252841950861753,0.0302530253025303,0.578657865786579,0.0627062706270627,0.0443711037770444
243773.411807,2748366.126422,0.0604395604395604,0.0641025641025641,0.343040293040293,0.271062271062271,0.052014652014652,0.209340659340659
244273.411807,2748366.126422,0.0532967032967033,0.0653846153846154,0.320512820512821,0.39981684981685,0.0783882783882784,0.0826007326007326
244773.411807,2748366.126422,0.0652731939860653,0.106710671067107,0.0183351668500183,0.334616795012835,0.116061606160616,0.359002566923359
245273.411807,2748366.126422,0.118315018315018,0.165750915750916,0.00293040293040293,0.245787545787546,0.1503663003663,0.316849816849817
245773.411807,2748366.126422,0.0653846153846154,0.253479853479853,0.0133699633699634,0.253296703296703,0.131684981684982,0.282783882783883
246273.411807,2748366.126422,0.063989732306564,0.118261826182618,0.0139347268060139,0.326365969930326,0.144664466446645,0.332783278327833
246773.411807,2748366.126422,0.0992673992673993,0.28974358974359,0.0223443223443223,0.268131868131868,0.100732600732601,0.21978021978022
247273.411807,2748366.126422,0.0401098901098901,0.356410256410256,0.0148351648351648,0.190659340659341,0.0857142857142857,0.312271062271062
247773.411807,2748366.126422,0.0738907224055739,0.248258159149248,0.00678401173450678,0.221488815548222,0.111844517785112,0.337733773377338
248273.411807,2748366.126422,0.0611721611721612,0.387545787545788,0.00677655677655678,0.17967032967033,0.0745421245421245,0.29029304029304
248773.411807,2748366.126422,0.0756410256410256,0.267765567765568,0.0043956043956044,0.277289377289377,0.0871794871794872,0.287728937728938
249273.411807,2748366.126422,0.0771910524385772,0.104510451045105,0.0137513751375138,0.412724605793913,0.152915291529153,0.238907224055739
249773.411807,2748366.126422,0.0611337532419415,0.0246387550944794,0.0207484253427195,0.713597628751389,0.106335679881438,0.0735457576880326
241773.411807,2747866.126422,0.196261682242991,0.061205790727506,0.187465640461792,0.233461608942642,0.0295033901411032,0.292101887483966
242273.411807,2747866.126422,0.158194164066801,0.0759772435309231,0.000367039823820885,0.0372545421178198,0.0548724536612222,0.673334556799413
242773.411807,2747866.126422,0.052814964239868,0.0770218228498075,0.010819732257473,0.361819182101595,0.0999449844122501,0.397579314139006
243273.411807,2747866.126422,0.0366501740883269,0.0639545537841305,0.013560564412681,0.564229430089793,0.089792926516401,0.231812351108668
243773.411807,2747866.126422,0.0840521196549826,0.0249587080198202,0.0146815929528354,0.449623784180584,0.129198017984951,0.297485777206827
244273.411807,2747866.126422,0.0959105079772602,0.133321107647167,0.00788556757748029,0.437557307903906,0.104346231432239,0.220979277461948
244773.411807,2747866.126422,0.0861279091075683,0.123144584936778,0.241158145501191,0.246289169873557,0.0267546270844787,0.276525563496427
245273.411807,2747866.126422,0.0135804734813727,0.105340429436594,0.202973022572949,0.35272527069187,0.0578087722517893,0.267572031565425
245773.411807,2747866.126422,0.0474967907573813,0.390977443609023,0.00128369704749679,0.0876581698147808,0.0630845406198423,0.409499358151476
246273.411807,2747866.126422,0.0199743448781382,0.520432472054242,0.0157595748579806,0.0406816932380429,0.0714678394722375,0.331684075499359
246773.411807,2747866.126422,0.0647825289043861,0.380436777390347,0,0.0601945311066251,0.0877225178931914,0.406863644705451
247273.411807,2747866.126422,0.0478635613423803,0.346048046946635,0.00238400880249404,0.141023289932147,0.0973775903172566,0.365303502659087
247773.411807,2747866.126422,0.0564412680960235,0.359171706065604,0.0106285504856148,0.0850284038849184,0.0786146234194612,0.410115448048378
248273.411807,2747866.126422,0.0541383740135805,0.371627821618646,0.0100935951550743,0.256927876674619,0.101853551110295,0.205358781427785
248773.411807,2747866.126422,0.0539152759948652,0.354483770401614,0.00953603520997616,0.189803777737026,0.0993948285347515,0.292866312121768
249273.411807,2747866.126422,0.0758658603628367,0.411214953271028,0.00164925783397471,0.108851017042331,0.0659703133589885,0.336448598130841
249773.411807,2747866.126422,0.0532566338838374,0.0564112080163296,0.0154017442939321,0.593987752829839,0.115420300612359,0.165522360363704
241773.411807,2747366.126422,0.180769230769231,0.23021978021978,0.0115384615384615,0.193223443223443,0.06996336996337,0.314285714285714
242273.411807,2747366.126422,0.0455045871559633,0.0247706422018349,0.00018348623853211,0.0229357798165138,0.0288073394495413,0.877798165137615
242773.411807,2747366.126422,0.0383415886993212,0.0493487433498441,0.0225646670335718,0.517336268574573,0.122913226930838,0.249495505411851
243273.411807,2747366.126422,0.104395604395604,0.207142857142857,0,0.0443223443223443,0.0681318681318681,0.576007326007326
243773.411807,2747366.126422,0.10348623853211,0.0565137614678899,0.00165137614678899,0.088256880733945,0.0620183486238532,0.688073394495413
244273.411807,2747366.126422,0.131902403228765,0.0234819299211154,0.00091726288754357,0.273160887910475,0.0860392588515869,0.484498257200514
244773.411807,2747366.126422,0.0668498168498168,0.111355311355311,0.00805860805860806,0.389010989010989,0.143406593406593,0.281318681318681
245273.411807,2747366.126422,0.0344954128440367,0.228256880733945,0.0631192660550459,0.340366972477064,0.0642201834862385,0.26954128440367
245773.411807,2747366.126422,0.00220143093010457,0.0598055402678408,0.219776187855439,0.543019629425793,0.00642084021280499,0.168776371308017
246273.411807,2747366.126422,0.0188644688644689,0.426190476190476,0,0.0714285714285714,0.0166666666666667,0.466849816849817
246773.411807,2747366.126422,0.0735779816513761,0.54,0,0.0495412844036697,0.056697247706422,0.280183486238532
247273.411807,2747366.126422,0.0508163639699138,0.40799853237938,0.00348559897266557,0.185103650706292,0.114474408365438,0.238121445606311
247773.411807,2747366.126422,0.0412087912087912,0.378754578754579,0.00604395604395604,0.0919413919413919,0.124358974358974,0.357692307692308
248273.411807,2747366.126422,0.0695412844036697,0.275229357798165,0.00165137614678899,0.265137614678899,0.128807339449541,0.259633027522936
248773.411807,2747366.126422,0.0394423041643735,0.329847734360668,0.00440286186020914,0.228948816730875,0.114657860942946,0.282700421940928
249273.411807,2747366.126422,0.0675824175824176,0.194505494505495,0.00659340659340659,0.183333333333333,0.15018315018315,0.397802197802198
249773.411807,2747366.126422,0.0359925788497217,0.141743970315399,0.0230055658627087,0.37012987012987,0.111688311688312,0.317439703153989
241273.411807,2746866.126422,0.183150183150183,0.243772893772894,0.00476190476190476,0.268315018315018,0.028021978021978,0.271978021978022
241773.411807,2746866.126422,0.107810781078108,0.29024569123579,0.0198019801980198,0.0733406674000733,0.0874587458745875,0.421342134213421
242273.411807,2746866.126422,0.0452380952380952,0.0587912087912088,0.00201465201465201,0.0767399267399267,0.0679487179487179,0.749267399267399
242773.411807,2746866.126422,0.0573260073260073,0.0776556776556777,0.00641025641025641,0.329120879120879,0.130952380952381,0.398534798534799
243273.411807,2746866.126422,0.139163916391639,0.131646497983132,0,0.00715071507150715,0.0161349468280161,0.705903923725706
243773.411807,2746866.126422,0.110622710622711,0.00695970695970696,0.00622710622710623,0.205311355311355,0.0368131868131868,0.634065934065934
244273.411807,2746866.126422,0.13021978021978,0.0261904761904762,0,0.0774725274725275,0.0331501831501832,0.732967032967033
244773.411807,2746866.126422,0.0441877521085442,0.0641730839750642,0.0011001100110011,0.18976897689769,0.0458379171250458,0.654932159882655
245273.411807,2746866.126422,0.0159340659340659,0.0912087912087912,0.0010989010989011,0.345604395604396,0.0714285714285714,0.474725274725275
245773.411807,2746866.126422,0.0776556776556777,0.184065934065934,0.0388278388278388,0.318131868131868,0.1,0.281318681318681
246273.411807,2746866.126422,0.0962596259625963,0.07004033736707,0.157315731573157,0.476164283094976,0.0806747341400807,0.11954528786212
246773.411807,2746866.126422,0.0397435897435897,0.108241758241758,0.111721611721612,0.428571428571429,0.0507326007326007,0.260989010989011
247273.411807,2746866.126422,0.0553113553113553,0.332234432234432,0.0785714285714286,0.197252747252747,0.0285714285714286,0.308058608058608
247773.411807,2746866.126422,0.0518885221855519,0.550971763843051,0.000183351668500183,0.0348368170150348,0.0339200586725339,0.328199486615328
248273.411807,2746866.126422,0.0620879120879121,0.488461538461538,0.00183150183150183,0.112454212454212,0.0584249084249084,0.276739926739927
248773.411807,2746866.126422,0.0467032967032967,0.454029304029304,0.0238095238095238,0.0901098901098901,0.0882783882783883,0.297069597069597
249273.411807,2746866.126422,0.0683901723505684,0.38980564723139,0.00256692335900257,0.0911257792445911,0.0861752841950862,0.361936193619362
249773.411807,2746866.126422,0.0431641348647647,0.202297147091515,0.0442756576509818,0.467765839199704,0.0841052241570952,0.158391997035939
241273.411807,2746366.126422,0.0641848523748395,0.210893086374473,0.00403447643498991,0.147441775169631,0.0278745644599303,0.545571245186136
241773.411807,2746366.126422,0.108118013560564,0.253435953820781,0.011544804837823,0.13340663368151,0.0709180868609126,0.422576507238409
242273.411807,2746366.126422,0.12038906221325,0.115617544503579,0.00367039823820885,0.109928427234355,0.0794641218572215,0.570930445953386
242773.411807,2746366.126422,0.0717036493673207,0.0654685494223363,0.00366770584999083,0.292499541536769,0.10012836970475,0.466532184118834
243273.411807,2746366.126422,0.280373831775701,0.0307861462341946,0,0.129558365402236,0.108667766171889,0.450613890415979
243773.411807,2746366.126422,0.0211047898697009,0.00899247568361167,0.00568911726922371,0.664158561203891,0.0330335841438796,0.267021471829694
244273.411807,2746366.126422,0.00953603520997616,0.0293416467999266,0.0159545204474601,0.168897854392078,0.0401613790573996,0.73610856409316
244773.411807,2746366.126422,0.0161260765988638,0.0718343412131208,0.000183250870441635,0.260216236027121,0.0498442367601246,0.601795858530328
245273.411807,2746366.126422,0.0455129381537897,0.161314002569279,0.0324830244081483,0.310882730776289,0.107359148467609,0.342448155624885
245773.411807,2746366.126422,0.0678525582248304,0.145607922244636,0.0183385292499542,0.435356684393912,0.0981111314872547,0.234733174399413
246273.411807,2746366.126422,0.125160344511636,0.186366135239142,0.0131940626717977,0.255085211654755,0.157045995968481,0.263148249954187
246773.411807,2746366.126422,0.0655166085520279,0.120939621948981,0.0357863828225362,0.566342448155625,0.0923105156909525,0.119104422829877
247273.411807,2746366.126422,0.0456629378323858,0.057582981844856,0.0678525582248304,0.64808362369338,0.0764716669723088,0.104346231432239
247773.411807,2746366.126422,0.0415979475902511,0.0764156129741616,0.132673630199743,0.599596848085028,0.0793476269012278,0.0703683342495877
248273.411807,2746366.126422,0.0697375665259681,0.136722334373279,0.0612956505780877,0.33602495870802,0.0767113231785649,0.31950816663608
248773.411807,2746366.126422,0.0434623143223913,0.181551439574546,0.0562992847973593,0.245736291949386,0.0302585732624244,0.442692096093893
249273.411807,2746366.126422,0.0247388675096207,0.25673446948873,0.0595565328935312,0.310793476269012,0.113432288803372,0.234744365035734
249773.411807,2746366.126422,0.0662460567823344,0.0404527741696048,0.175542772313973,0.417702727778809,0.087400259788458,0.212655409166821
240773.411807,2745866.126422,0.0675229357798165,0.200550458715596,0.0262385321100917,0.323669724770642,0.0521100917431193,0.329908256880734
241273.411807,2745866.126422,0.0498991010823702,0.255916345624656,0.00146762062006971,0.183452577508714,0.0843881856540084,0.424876169510182
241773.411807,2745866.126422,0.0615384615384615,0.137912087912088,0.0347985347985348,0.173260073260073,0.120512820512821,0.471978021978022
242273.411807,2745866.126422,0.0489908256880734,0.0858715596330275,0.00972477064220183,0.238532110091743,0.150091743119266,0.466788990825688
242773.411807,2745866.126422,0.0519170794349661,0.0165107319757843,0.00220143093010457,0.285452210603559,0.128783709411117,0.515134837644469
243273.411807,2745866.126422,0.120512820512821,0.0126373626373626,0.0254578754578755,0.325824175824176,0.0675824175824176,0.447985347985348
243773.411807,2745866.126422,0.0165137614678899,0.0469724770642202,0.0102752293577982,0.301284403669725,0.0625688073394495,0.562385321100917
244273.411807,2745866.126422,0.015410016510732,0.0970464135021097,0.00385250412768299,0.296275912676573,0.0339387268391121,0.55347642634379
244773.411807,2745866.126422,0.0201465201465201,0.0316849816849817,0.0021978021978022,0.595787545787546,0.122527472527473,0.227655677655678
245273.411807,2745866.126422,0.163669724770642,0.0737614678899083,0.00697247706422018,0.244770642201835,0.129357798165138,0.381467889908257
245773.411807,2745866.126422,0.0757659145110989,0.0629242340854889,0.0161438268207668,0.437350944780774,0.114657860942946,0.293157218858925
246273.411807,2745866.126422,0.0765567765567766,0.0721611721611722,0.0338827838827839,0.584615384615385,0.136263736263736,0.0965201465201465
246773.411807,2745866.126422,0.110642201834862,0.0570642201834862,0.0618348623853211,0.582752293577982,0.0510091743119266,0.136697247706422
247273.411807,2745866.126422,0.0399926618968997,0.0183452577508714,0.0286186020913594,0.812878370941112,0.0809025866813429,0.019262520638415
247773.411807,2745866.126422,0.0236263736263736,0.0575091575091575,0.00824175824175824,0.751831501831502,0.0428571428571429,0.115934065934066
248273.411807,2745866.126422,0.041651376146789,0.284954128440367,0.00311926605504587,0.274311926605505,0.0987155963302752,0.297247706422018
248773.411807,2745866.126422,0.0966795083470923,0.149697303247111,0.00110071546505228,0.210053201247478,0.110438451660246,0.432030820033021
249273.411807,2745866.126422,0.112637362637363,0.0536630036630037,0.00952380952380952,0.376190476190476,0.121245421245421,0.326739926739927
249773.411807,2745866.126422,0.0866419294990724,0.127272727272727,0.025974025974026,0.426716141001855,0.0897959183673469,0.243599257884972
240273.411807,2745366.126422,0,0,0,1,0,0
240773.411807,2745366.126422,0.130952380952381,0.156776556776557,0.021978021978022,0.107326007326007,0.0357142857142857,0.547252747252747
241273.411807,2745366.126422,0.0598901098901099,0.406776556776557,0.000549450549450549,0.0573260073260073,0.0518315018315018,0.423626373626374
241773.411807,2745366.126422,0.0742574257425743,0.0865419875320865,0.0264026402640264,0.24954162082875,0.105793912724606,0.457462412907957
242273.411807,2745366.126422,0.0456043956043956,0.0542124542124542,0.0148351648351648,0.386813186813187,0.11978021978022,0.378754578754579
242773.411807,2745366.126422,0.0747252747252747,0.0424908424908425,0.0113553113553114,0.279487179487179,0.167216117216117,0.424725274725275
243273.411807,2745366.126422,0.00311697836450312,0.154565456545655,0.037953795379538,0.0737073707370737,0.037953795379538,0.692702603593693
243773.411807,2745366.126422,0.0168498168498168,0.0597069597069597,0.0021978021978022,0.255128205128205,0.0417582417582418,0.624358974358974
244273.411807,2745366.126422,0.128937728937729,0.0336996336996337,0.00989010989010989,0.116300366300366,0.0615384615384615,0.6496336996337
244773.411807,2745366.126422,0.208104143747708,0.0326365969930326,0,0.102860286028603,0.0946094609460946,0.561789512284562
245273.411807,2745366.126422,0.144139194139194,0.045970695970696,0.00402930402930403,0.188644688644689,0.167399267399267,0.44981684981685
245773.411807,2745366.126422,0.0554945054945055,0.0197802197802198,0.0250915750915751,0.777289377289377,0.0582417582417582,0.0641025641025641
246273.411807,2745366.126422,0.0313531353135314,0.0203520352035204,0.0597726439310598,0.816648331499817,0.057022368903557,0.0148514851485149
246773.411807,2745366.126422,0.0543956043956044,0.0227106227106227,0.0673992673992674,0.76043956043956,0.0626373626373626,0.0324175824175824
247273.411807,2745366.126422,0.0388278388278388,0.0133699633699634,0.0489010989010989,0.827289377289377,0.0510989010989011,0.0205128205128205
247773.411807,2745366.126422,0.0337367070040337,0.0113678034470114,0.0735240190685735,0.824532453245325,0.0449211587825449,0.0119178584525119
248273.411807,2745366.126422,0.0661172161172161,0.0708791208791209,0.0465201465201465,0.513736263736264,0.0945054945054945,0.208241758241758
248773.411807,2745366.126422,0.0728937728937729,0.114652014652015,0.0476190476190476,0.407326007326007,0.076007326007326,0.281501831501832
249273.411807,2745366.126422,0.0421708837550422,0.081958195819582,0.0506050605060506,0.565823248991566,0.0881921525485882,0.171250458379171
249773.411807,2745366.126422,0.0779918488329011,0.228047424972212,0.00389032975175991,0.133567988143757,0.0974434975917006,0.45905891070767
240273.411807,2744866.126422,0,0,0,1,0,0
240773.411807,2744866.126422,0.131216737015966,0.0392732611488346,0.421361717746375,0.178014314553129,0.0291796659937603,0.200954303541934
241273.411807,2744866.126422,0.220979277461948,0.0364936732074088,0.156244269209609,0.0821566110397946,0.090408949202274,0.413717219878966
241773.411807,2744866.126422,0.155579989004948,0.0540590067802822,0.0234561114165292,0.229613340663368,0.12662635147517,0.410665200659703
242273.411807,2744866.126422,0.0315654248485961,0.0614791704899982,0.0211047898697009,0.186089190677188,0.103505230317489,0.596256193797027
242773.411807,2744866.126422,0.00568494406748579,0.0942600403447643,0.0339262791124152,0.225930680359435,0.0610673024023473,0.579130753713552
243273.411807,2744866.126422,0.0128275609309144,0.0586402785413231,0,0.1905809052593,0.0492944841487997,0.688656771119663
243773.411807,2744866.126422,0.0495503762158194,0.204441181868233,0,0.0324830244081483,0.0361534226463571,0.677371994861443
244273.411807,2744866.126422,0.156977810379608,0.0357601320374106,0,0.0944434256372639,0.0896754080322758,0.623143223913442
244773.411807,2744866.126422,0.0703683342495877,0.0894264247755177,0,0.0894264247755177,0.0938244456661169,0.65695437053326
245273.411807,2744866.126422,0.036520462470178,0.0233070288126262,0.00623967700495504,0.507799596256194,0.0600110111947146,0.366122224261332
245773.411807,2744866.126422,0.0144874381074638,0.00861910874747845,0.0408949202273978,0.898221162662754,0.0330093526499175,0.00476801760498808
246273.411807,2744866.126422,0.00714678394722375,0.00238226131574125,0.0533260032985157,0.92376763789628,0.0128275609309144,0.000549752611324904
246773.411807,2744866.126422,0.113598825472564,0.0155991925123876,0.0693705267021472,0.63479537529822,0.111396586529638,0.0552394934850431
247273.411807,2744866.126422,0.0401613790573996,0.013203741059967,0.0817898404547955,0.792224463598019,0.0562992847973593,0.0163212910324592
247773.411807,2744866.126422,0.0743998533993036,0.021073850100788,0.0179585853032802,0.805387575590984,0.059190031152648,0.0219901044529962
248273.411807,2744866.126422,0.0847861993026243,0.0328500642319692,0.0735914846760874,0.658469443934667,0.102771150669848,0.0475316571848046
248773.411807,2744866.126422,0.0946268109297634,0.0262240968274344,0.0540986612873648,0.543554006968641,0.111498257839721,0.169998166147075
249273.411807,2744866.126422,0.0793476269012278,0.237309877221917,0.00494777350192413,0.120212571009712,0.0681693238042881,0.490012827560931
249773.411807,2744866.126422,0.0822044906290592,0.120244943403229,0.00760809055483392,0.240675449990722,0.128224160326591,0.421042865095565
240273.411807,2744366.126422,0,0,0.0131868131868132,0.986813186813187,0,0
240773.411807,2744366.126422,0,0.00477064220183486,0.704220183486238,0.277981651376147,0.00256880733944954,0.0104587155963303
241273.411807,2744366.126422,0.0533847000550358,0.0858558062740782,0.0486149330398092,0.0662263804806457,0.0555861309851403,0.690332049165291
241773.411807,2744366.126422,0.10989010989011,0.0161172161172161,0.0945054945054945,0.535164835164835,0.0919413919413919,0.152380952380952
242273.411807,2744366.126422,0.0519266055045872,0.0557798165137615,0.00587155963302752,0.34954128440367,0.0943119266055046,0.44256880733945
242773.411807,2744366.126422,0.0201797835259585,0.0537516052100532,0.0119244175380664,0.418822234452394,0.131535498073748,0.36378646119978
243273.411807,2744366.126422,0.0835164835164835,0.0727106227106227,0.0186813186813187,0.512271062271062,0.108791208791209,0.204029304029304
243773.411807,2744366.126422,0.0535779816513761,0.124587155963303,0.00348623853211009,0.356697247706422,0.10256880733945,0.359082568807339
244273.411807,2744366.126422,0.104017611447441,0.0330214639515685,0.00110071546505228,0.274078150798019,0.225279765180701,0.362502293157219
244773.411807,2744366.126422,0.104578754578755,0.0195970695970696,0.00750915750915751,0.395970695970696,0.0994505494505494,0.372893772893773
245273.411807,2744366.126422,0.0429357798165138,0.0273394495412844,0.0273394495412844,0.513761467889908,0.0928440366972477,0.295779816513761
245773.411807,2744366.126422,0.0409099247844432,0.0091726288754357,0.0447624289121262,0.775820950284351,0.0856723536965694,0.0436617134470739
246273.411807,2744366.126422,0.0476190476190476,0.0163003663003663,0.047985347985348,0.828388278388278,0.0347985347985348,0.0249084249084249
246773.411807,2744366.126422,0.0510091743119266,0.0141284403669725,0.0469724770642202,0.801651376146789,0.0651376146788991,0.0211009174311927
247273.411807,2744366.126422,0.129884424876169,0.0227481196110805,0.138873601174097,0.544120344890846,0.103834158869932,0.0605393505778756
247773.411807,2744366.126422,0.0386446886446886,0.0206959706959707,0.163919413919414,0.728021978021978,0.0362637362637363,0.0124542124542125
248273.411807,2744366.126422,0.0154128440366972,0.0124770642201835,0.0456880733944954,0.863853211009174,0.0502752293577982,0.0122935779816514
248773.411807,2744366.126422,0.0638414969730325,0.015410016510732,0.0414602825169694,0.528710328380114,0.099431297009723,0.251146578609429
249273.411807,2744366.126422,0.0558608058608059,0.0765567765567766,0.0298534798534799,0.436813186813187,0.135897435897436,0.265018315018315
249773.411807,2744366.126422,0.0753246753246753,0.110018552875696,0.014100185528757,0.402597402597403,0.104638218923933,0.293320964749536
240273.411807,2743866.126422,0,0,0.0544554455445545,0.945544554455445,0,0
240773.411807,2743866.126422,0,0.0102564102564103,0.42032967032967,0.55952380952381,0.00164835164835165,0.00824175824175824
241273.411807,2743866.126422,0.00842490842490842,0.135714285714286,0.251098901098901,0.267399267399267,0.0882783882783883,0.249084249084249
241773.411807,2743866.126422,0.0951595159515952,0.0968096809680968,0.0368536853685369,0.206453978731206,0.1002933626696,0.464429776310964
242273.411807,2743866.126422,0.0373626373626374,0.060989010989011,0.0217948717948718,0.157326007326007,0.13040293040293,0.592124542124542
242773.411807,2743866.126422,0.0787545787545788,0.105311355311355,0.0342490842490843,0.178021978021978,0.0741758241758242,0.529487179487179
243273.411807,2743866.126422,0.122478914558122,0.0720572057205721,0.00623395672900623,0.303447011367803,0.109277594426109,0.386505317198386
243773.411807,2743866.126422,0.0586080586080586,0.102197802197802,0.0265567765567766,0.237362637362637,0.122710622710623,0.452564102564103
244273.411807,2743866.126422,0.0652014652014652,0.195787545787546,0.0043956043956044,0.194505494505495,0.143956043956044,0.396153846153846
244773.411807,2743866.126422,0.0452878621195453,0.0452878621195453,0.0033003300330033,0.626329299596626,0.159332599926659,0.12046204620462
245273.411807,2743866.126422,0.0547619047619048,0.0624542124542125,0.0875457875457875,0.567582417582418,0.105494505494505,0.122161172161172
245773.411807,2743866.126422,0.0391941391941392,0.0111721611721612,0.0489010989010989,0.779487179487179,0.0899267399267399,0.0313186813186813
246273.411807,2743866.126422,0.0273193986065273,0.0066006600660066,0.0317198386505317,0.906307297396406,0.0273193986065273,0.000733406674000733
246773.411807,2743866.126422,0.0368131868131868,0.00952380952380952,0.0141025641025641,0.902930402930403,0.0269230769230769,0.00970695970695971
247273.411807,2743866.126422,0.0346153846153846,0.00677655677655678,0.0970695970695971,0.791391941391941,0.0619047619047619,0.00824175824175824
247773.411807,2743866.126422,0.252658599193253,0.0163182984965163,0.0401540154015402,0.570773744041071,0.0606894022735607,0.0594059405940594
248273.411807,2743866.126422,0.0789377289377289,0.0536630036630037,0.0336996336996337,0.611721611721612,0.113919413919414,0.108058608058608
248773.411807,2743866.126422,0.101831501831502,0.0216117216117216,0.0694139194139194,0.641758241758242,0.0937728937728938,0.0716117216117216
249273.411807,2743866.126422,0.0674734140080675,0.0331866519985332,0.104327099376604,0.633113311331133,0.0786578657865787,0.0832416574990832
249773.411807,2743866.126422,0.121155983697666,0.0255650240829937,0.0263060392738051,0.608373471656169,0.117080400148203,0.101519081141163
239773.411807,2743366.126422,0,0,0,1,0,0
240273.411807,2743366.126422,0,0,0.365035733919736,0.634964266080264,0,0
240773.411807,2743366.126422,0,0.000917599559552211,0.732060928610754,0.144063130849697,0.0359699027344467,0.0869884382455496
241273.411807,2743366.126422,0.0144874381074638,0.0240234733174399,0.245186136071887,0.30001833852925,0.0495140289748762,0.366770584999083
241773.411807,2743366.126422,0.0617555433388309,0.0962067069818582,0.0122778083195895,0.136155396738135,0.0716510903426791,0.621953454278908
242273.411807,2743366.126422,0.0818498807120573,0.131216737015966,0.0209212699577904,0.247935400991008,0.101486511286475,0.416590200036704
242773.411807,2743366.126422,0.0834403080872914,0.192371171832019,0.0075187969924812,0.145974692829635,0.0649183935448377,0.505776636713736
243273.411807,2743366.126422,0.0452629649990837,0.0392156862745098,0.0373831775700935,0.51456844420011,0.103353490929082,0.260216236027121
243773.411807,2743366.126422,0.0838685997430721,0.0431271792989539,0.0260598274912828,0.462470178014315,0.0979996329601762,0.2864745824922
244273.411807,2743366.126422,0.0590500641848524,0.0141206675224647,0.0254905556574363,0.734091325875665,0.103245919677242,0.06400146708234
244773.411807,2743366.126422,0.111783030969397,0.0258383727322705,0.0252886201209456,0.592266813267363,0.105002748763057,0.139820414146967
245273.411807,2743366.126422,0.0590934116351624,0.0267939071389246,0.0491833363919985,0.796476417691319,0.0543218939254909,0.0141310332171041
245773.411807,2743366.126422,0.0900421786172749,0.0608839171098478,0.0561158995048597,0.563543003851091,0.115716119567211,0.113698881349716
246273.411807,2743366.126422,0.0601062855048561,0.0219901044529962,0.100787978742899,0.749129558365402,0.0463624702217336,0.0216236027121129
246773.411807,2743366.126422,0.0370710222059093,0.0102771150669848,0.0657001284639383,0.817764727472931,0.052303174894476,0.0168838318957607
247273.411807,2743366.126422,0.0586832935998533,0.0133871263524665,0.0254905556574363,0.756831102145608,0.0887584815697781,0.0568494406748579
