"x","y","forest","agri","water","built","other","grass"
198773.411807,2488866.126422,0.00437732545414752,0.85401619610418,0,0.000656598818122127,0.010505581089954,0.130444298533596
199273.411807,2488866.126422,0.0228730226592561,0.666951688755879,0.00513039760581445,0.0275758871312527,0.0226592560923472,0.254809747755451
199773.411807,2488866.126422,0.0921530895873423,0.496685909771221,0,0.0391276459268762,0.0540945050245884,0.317938849689972
200273.411807,2488866.126422,0.0252190639025433,0.61786706561231,0,0.0149604616371019,0.0292797606326138,0.312673648215431
200773.411807,2488866.126422,0.0739632321504917,0.349080803762292,0,0.0104745617785378,0.0346301838392475,0.531851218469431
201273.411807,2488866.126422,0.134274107333761,0.251870857387214,0,0.0143254222792388,0.037630960017105,0.561898652982681
201773.411807,2488866.126422,0.00106860440265014,0.69502030348365,0,0.000213720880530028,0.00170976704424022,0.301987604188929
202273.411807,2488866.126422,0.297990594271056,0.238349722103463,0,0.00684053014108593,0.049593843522873,0.407225309961522
202773.411807,2488866.126422,0.322856531964935,0.0226641009193928,0.0143254222792388,0.0303613427410733,0.0374171477442805,0.57237545435108
203273.411807,2488866.126422,0.237871340029921,0.0126095319512716,0,0.0312032485573841,0.0314169694379141,0.686898910023509
203773.411807,2488866.126422,0.231295425395468,0.2368533561351,0,0.00619923044035913,0.0171013253527148,0.508550662676357
204273.411807,2488866.126422,0.216805644644003,0.153303399615138,0,0.155655334616207,0.191575796450716,0.282659824673936
204773.411807,2488866.126422,0.241077153237871,0.0267151100662535,0,0.0495832442829664,0.0497969651634965,0.632827527249412
205273.411807,2488866.126422,0.0906370243693886,0.0455322787516032,0.0029927319367251,0.0389055151774262,0.085934159897392,0.735998289867465
205773.411807,2488866.126422,0.169980756895446,0.0416933932007697,0,0.100277955954672,0.148171905067351,0.539875988881762
206273.411807,2488866.126422,0.07672579611028,0.441547339175037,0.00983116050438128,0.0393246420175251,0.038469758495405,0.394101303697371
206773.411807,2488866.126422,0.0857203933304831,0.473706712270201,0,0.0797349294570329,0.0314236853356135,0.32941427960667
207273.411807,2488866.126422,0.0823177250374171,0.0299337181954244,0.00726961727603164,0.106478511866581,0.0731237973059654,0.70087663031858
207773.411807,2488866.126422,0.256465056636033,0.0624064971147681,0.00170976704424022,0.107715323787134,0.0677495191280188,0.503953836289806
208273.411807,2488866.126422,0.180846515604959,0.0857203933304831,0,0.0369816160752458,0.0609234715690466,0.635528003420265
208773.411807,2488866.126422,0.0220226641009194,0.0442591404746632,0.0532392559332906,0.597819114817191,0.0637160573016891,0.218943767372247
209273.411807,2488866.126422,0.0589869630262877,0.0282111562299637,0.0457362684334259,0.478948493267792,0.0562085915793973,0.331908527463133
209773.411807,2488866.126422,0.124198375374091,0.0433946130825139,0.0267208208636169,0.303762291577597,0.0245831551945276,0.477340743907653
210273.411807,2488866.126422,0.173401753260637,0.0615779345734445,0,0.0808210391276459,0.0211674150096216,0.663031858028651
210773.411807,2488866.126422,0.357341312246206,0.0553537080572772,0,0.0102586022654413,0.015387903398162,0.561658474032913
211273.411807,2488866.126422,0.487513873473918,0.261931187569367,0,0,0,0.250554938956715
198773.411807,2488366.126422,0.114959745366036,0.482868376708482,0,0.0155401610185359,0.0410035573862573,0.345628159520689
199273.411807,2488366.126422,0.130570328259674,0.0779387493123052,0.00183385292499542,0.244452594901889,0.124885384192188,0.420319090408949
199773.411807,2488366.126422,0.160894264247755,0.0683525746747297,0.00806303829943192,0.33516584203775,0.104636247022173,0.32288803371816
200273.411807,2488366.126422,0.186089190677188,0.0530372545421178,0,0.154340245916682,0.116902183886952,0.48963112497706
200773.411807,2488366.126422,0.0984779020722538,0.150742710434623,0,0.0542820465798643,0.0649183935448377,0.631578947368421
201273.411807,2488366.126422,0.0373831775700935,0.216236027121129,0,0.0214403518416712,0.0289536375297783,0.695986805937328
201773.411807,2488366.126422,0.00311983850247752,0.651862727105891,0,0.00183519911910442,0.0148651128647458,0.328317122407781
202273.411807,2488366.126422,0.0533651201173666,0.561158995048597,0,0.00916926462497708,0.026407482119934,0.349899138089125
202773.411807,2488366.126422,0.261132490379329,0.0144768187648891,0,0.0342679127725857,0.0439802089059923,0.646142569177204
203273.411807,2488366.126422,0.140759772435309,0.0124793540099101,0.000183519911910442,0.328133602495871,0.151770967149936,0.366672783997064
203773.411807,2488366.126422,0.291399229781772,0.0293416467999266,0,0.0621676141573446,0.0588666788923528,0.558224830368604
204273.411807,2488366.126422,0.354956936045446,0.00733003481766538,0,0.01905809052593,0.0188748396554884,0.59978009895547
204773.411807,2488366.126422,0.318590567076528,0.00789135621214902,0.000183519911910442,0.00880895577170123,0.0200036703982382,0.644521930629473
205273.411807,2488366.126422,0.257289565376857,0.0218228498074454,0,0.0223730056849441,0.0896754080322758,0.608839171098478
205773.411807,2488366.126422,0.17940260216236,0.00274876305662452,0,0.000733003481766538,0.00219901044529962,0.814916620853949
206273.411807,2488366.126422,0.134336575518444,0.317305927693155,0,0.00679023674068636,0.00991007524316388,0.531657184804551
206773.411807,2488366.126422,0.126535851824684,0.0262240968274344,0.00990280579497524,0.142306986979644,0.0515312671923712,0.643498991380891
207273.411807,2488366.126422,0.18160161260766,0.0108118013560564,0.0318856514568444,0.0712845886017959,0.0529595015576324,0.651456844420011
207773.411807,2488366.126422,0.115250504679758,0.049366856303909,0.00110111947146265,0.262433474031932,0.113231785648743,0.458616259864195
208273.411807,2488366.126422,0.0797726022373006,0.0674857876398313,0.0577663671373556,0.355400696864112,0.079589216944801,0.3599853291766
208773.411807,2488366.126422,0.133773135422393,0.00604727872457394,0.000366501740883269,0.0951072017592084,0.0371999266996518,0.727505955653289
209273.411807,2488366.126422,0.0209212699577904,0.000367039823820885,0,0.00110111947146265,0.00165167920719398,0.975958891539732
209773.411807,2488366.126422,0.161012286814597,0.00256739409499358,0,0.00183385292499542,0.00238400880249404,0.83220245736292
210273.411807,2488366.126422,0.138354407183434,0.0540590067802822,0,0,0.000549752611324904,0.807036833424959
210773.411807,2488366.126422,0.233070288126262,0.0200036703982382,0,0.017434391631492,0.0161497522481189,0.713341897595889
211273.411807,2488366.126422,0.499183578259855,0.0310240261254957,0.000233263354327035,0.124096104501983,0.0307907627711686,0.31467226498717
198773.411807,2487866.126422,0.112879071508798,0.330587794833396,0.000187195806813927,0.163983526769,0.0632721827031074,0.329090228378884
199273.411807,2487866.126422,0.063474591818015,0.0201797835259585,0.0106402494955054,0.718033388369107,0.111355714547789,0.076316272243625
199773.411807,2487866.126422,0.0919413919413919,0.021978021978022,0.00934065934065934,0.56043956043956,0.11043956043956,0.205860805860806
200273.411807,2487866.126422,0.0403669724770642,0.290825688073394,0.0155963302752294,0.0877064220183486,0.124954128440367,0.440550458715596
200773.411807,2487866.126422,0.103834158869932,0.235736562098697,0,0.0487983856173179,0.0697119794533113,0.541918913960741
201273.411807,2487866.126422,0.183882783882784,0.135531135531136,0,0.0347985347985348,0.0710622710622711,0.574725274725275
201773.411807,2487866.126422,0.14954128440367,0.161467889908257,0,0.147706422018349,0.14,0.401284403669725
202273.411807,2487866.126422,0.0805356815263254,0.0842047330764997,0.0599889928453495,0.194459732159237,0.107319757842598,0.473491102549991
202773.411807,2487866.126422,0.1503663003663,0.0747252747252747,0,0.135164835164835,0.0694139194139194,0.57032967032967
203273.411807,2487866.126422,0.25743119266055,0.018348623853211,0,0.081651376146789,0.0755963302752294,0.56697247706422
203773.411807,2487866.126422,0.263070996147496,0.020546688680976,0.00348559897266557,0.0254999082737112,0.0475142175747569,0.639882590350394
204273.411807,2487866.126422,0.37985347985348,0.000732600732600733,0,0.00256410256410256,0.00402930402930403,0.612820512820513
204773.411807,2487866.126422,0.282201834862385,0.0126605504587156,0.000917431192660551,0.0414678899082569,0.0535779816513761,0.609174311926606
205273.411807,2487866.126422,0.446707026233719,0.0188956154833975,0,0.0126582278481013,0.0124747752705926,0.50926435516419
205773.411807,2487866.126422,0.148351648351648,0,0,0.00421245421245421,0.00824175824175824,0.839194139194139
206273.411807,2487866.126422,0.179633027522936,0.0519266055045872,0,0.00440366972477064,0.0110091743119266,0.75302752293578
206773.411807,2487866.126422,0.12548156301596,0.0517336268574573,0.0862227114290956,0.335901669418455,0.0783342505962209,0.32232617868281
207273.411807,2487866.126422,0.136080586080586,0.0635531135531135,0.00494505494505494,0.326007326007326,0.0935897435897436,0.375824175824176
207773.411807,2487866.126422,0.0132110091743119,0.190642201834862,0.0864220183486239,0.393211009174312,0.0574311926605505,0.259082568807339
208273.411807,2487866.126422,0.180884241423592,0.181801504311136,0.000733810310034856,0.0682443588332416,0.0311869381764814,0.537149146945515
208773.411807,2487866.126422,0.0813186813186813,0,0,0.0144688644688645,0.00714285714285714,0.897069597069597
209273.411807,2487866.126422,0.0192660550458716,0.194862385321101,0,0.00825688073394495,0.00954128440366972,0.768073394495413
209773.411807,2487866.126422,0.123830489818382,0.0376077783892864,0,0.00935608145294441,0.0137589433131535,0.815446707026234
210273.411807,2487866.126422,0.0989010989010989,0.000183150183150183,0,0,0,0.900915750915751
210773.411807,2487866.126422,0.450091743119266,0.0132110091743119,0,0.0141284403669725,0.0251376146788991,0.49743119266055
211273.411807,2487866.126422,0.510385064177363,0.0058343057176196,0,0.0532088681446908,0.0228704784130688,0.407701283547258
198773.411807,2487366.126422,0.0822429906542056,0.109345794392523,0,0.236261682242991,0.114766355140187,0.457383177570093
199273.411807,2487366.126422,0.0807692307692308,0.244871794871795,0.00128205128205128,0.0313186813186813,0.0838827838827839,0.557875457875458
199773.411807,2487366.126422,0.117161716171617,0.0788412174550788,0,0.0236523652365237,0.0650898423175651,0.715254858819215
200273.411807,2487366.126422,0.172710622710623,0.0450549450549451,0.000366300366300366,0.18956043956044,0.0963369963369963,0.495970695970696
200773.411807,2487366.126422,0.176373626373626,0.117216117216117,0.000915750915750916,0.0379120879120879,0.0536630036630037,0.613919413919414
201273.411807,2487366.126422,0.246791345801247,0.197103043637697,0,0.0117345067840117,0.0278694536120279,0.516501650165016
201773.411807,2487366.126422,0.21978021978022,0.0470695970695971,0.0135531135531136,0.104578754578755,0.0798534798534798,0.535164835164835
202273.411807,2487366.126422,0.143772893772894,0.0435897435897436,0.0716117216117216,0.23974358974359,0.137545787545788,0.363736263736264
202773.411807,2487366.126422,0.133846718005134,0.0562889622295563,0.00275027502750275,0.092959295929593,0.121195452878621,0.592959295929593
203273.411807,2487366.126422,0.347252747252747,0.0188644688644689,0,0.00714285714285714,0.00402930402930403,0.622710622710623
203773.411807,2487366.126422,0.347619047619048,0.0144688644688645,0.00164835164835165,0.0582417582417582,0.0617216117216117,0.516300366300366
204273.411807,2487366.126422,0.20975430876421,0.0238357169050238,0.0102676934360103,0.0515218188485515,0.0799413274660799,0.624679134580125
204773.411807,2487366.126422,0.335347985347985,0.00293040293040293,0,0.0216117216117216,0.0238095238095238,0.616300366300366
205273.411807,2487366.126422,0.343223443223443,0.00622710622710623,0,0.0304029304029304,0.0304029304029304,0.58974358974359
205773.411807,2487366.126422,0.44004400440044,0.0291529152915292,0,0.0137513751375138,0.0388705537220389,0.478181151448478
206273.411807,2487366.126422,0.237179487179487,0.294688644688645,0,0.0225274725274725,0.0126373626373626,0.432967032967033
206773.411807,2487366.126422,0.253846153846154,0.0452380952380952,0.0126373626373626,0.0434065934065934,0.0302197802197802,0.614652014652015
207273.411807,2487366.126422,0.109277594426109,0.0418041804180418,0.0940594059405941,0.501833516685002,0.0724239090575724,0.180601393472681
207773.411807,2487366.126422,0.0730769230769231,0.0525641025641026,0.0256410256410256,0.326190476190476,0.0452380952380952,0.477289377289377
208273.411807,2487366.126422,0.281318681318681,0.0217948717948718,0,0.0043956043956044,0.00750915750915751,0.684981684981685
208773.411807,2487366.126422,0.245507884121746,0.0022002200220022,0,0.0141180784745141,0.0122845617895123,0.725889255592226
209273.411807,2487366.126422,0.073992673992674,0.13021978021978,0,0.00366300366300366,0.00695970695970696,0.785164835164835
209773.411807,2487366.126422,0.246153846153846,0.010989010989011,0,0.00989010989010989,0.0139194139194139,0.719047619047619
210273.411807,2487366.126422,0.12999633296663,0.0957095709570957,0.000183351668500183,0.061972863953062,0.070957095709571,0.641180784745141
210773.411807,2487366.126422,0.327289377289377,0.00897435897435897,0,0.0146520146520147,0.0265567765567766,0.622527472527473
211273.411807,2487366.126422,0.662004662004662,0.00326340326340326,0,0.000466200466200466,0.000233100233100233,0.334032634032634
198773.411807,2486866.126422,0.0350121700056169,0.124882980715222,0.00337015540161019,0.217000561692567,0.112151282531361,0.507582849653623
199273.411807,2486866.126422,0.0216394645149459,0.165046763249587,0,0.00953603520997616,0.0520814230698698,0.751696313955621
199773.411807,2486866.126422,0.0852116547553601,0.109950522264981,0,0.0148433205057724,0.0426974528129009,0.747297049660986
200273.411807,2486866.126422,0.126078179482474,0.0882730776289227,0.0082583960359699,0.0693705267021472,0.0836850798311617,0.624334740319325
200773.411807,2486866.126422,0.165230148542087,0.178617274894553,0,0.037593984962406,0.0744544287548139,0.54410416284614
201273.411807,2486866.126422,0.278541323071285,0.0183250870441635,0,0.0212571009712296,0.0344511636430273,0.647425325270295
201773.411807,2486866.126422,0.275463387777574,0.0996513121673702,0,0.0792806019453111,0.047715177096715,0.49788952101303
202273.411807,2486866.126422,0.274161012286815,0.0828901522097928,0,0.0680359435173299,0.0654685494223363,0.509444342563726
202773.411807,2486866.126422,0.254718709913872,0.0819131390874107,0,0.0328019058090526,0.0608392889866227,0.569726956203042
203273.411807,2486866.126422,0.176179115434025,0.0824004404477886,0,0.0952468342815195,0.055606533308864,0.590567076527803
203773.411807,2486866.126422,0.167247386759582,0.0152209792774619,0.00256739409499358,0.0542820465798643,0.0656519347148359,0.695030258573262
204273.411807,2486866.126422,0.321971779365952,0.0267546270844787,0,0.0142935678944475,0.0111783030969397,0.625801722558182
204773.411807,2486866.126422,0.218939254909158,0.0484492567443568,0.000367039823820885,0.0902917966599376,0.0991007524316388,0.542851899431088
205273.411807,2486866.126422,0.266825600586833,0.00898587933247754,0,0.0341096644049147,0.0513478818998716,0.638730973775903
205773.411807,2486866.126422,0.226681326736302,0.0703683342495877,0,0.0185083379146051,0.0276708814366868,0.656771119662818
206273.411807,2486866.126422,0.189025509267756,0.0315654248485961,0.0192695907505964,0.0495503762158194,0.0416590200036704,0.668930078913562
206773.411807,2486866.126422,0.0964606638547588,0.0731707317073171,0.0781221346048047,0.406381808178984,0.101412066752246,0.244452594901889
207273.411807,2486866.126422,0.0610225398570643,0.0505772402418911,0.156496243357156,0.397837639728789,0.0201575957485798,0.31390874106652
207773.411807,2486866.126422,0.134703615342265,0.249587080198201,0,0.0012846393833731,0.0113782345384474,0.603046430537713
208273.411807,2486866.126422,0.132220795892169,0.100678525582248,0,0,0.00110031175499725,0.766000366770585
208773.411807,2486866.126422,0.286237859629833,0.000183250870441635,0,0,0.000183250870441635,0.713395638629283
209273.411807,2486866.126422,0.31124977060011,0.00880895577170123,0,0.0110111947146265,0.009543035419343,0.659387043494219
209773.411807,2486866.126422,0.182835136622043,0.0119200440124702,0,0.0981111314872547,0.0691362552723272,0.637997432605905
210273.411807,2486866.126422,0.175920835623969,0.0698185816382628,0,0.0949239508887667,0.051676745464541,0.60765988638446
210773.411807,2486866.126422,0.137823453844742,0.0168838318957607,0,0.0379886217654616,0.0368875022939989,0.770416590200037
211273.411807,2486866.126422,0.399346862607884,0.00933053417308141,0,0.0354560298577094,0.0585491019360858,0.497317471425239
198773.411807,2486366.126422,0.0295769374766005,0.343691501310371,0.00898539872706851,0.169973792587046,0.0542867839760389,0.393485585922875
199273.411807,2486366.126422,0.0223812144560631,0.446156668501192,0,0.0126582278481013,0.0306365804439552,0.488167308750688
199773.411807,2486366.126422,0.045970695970696,0.0787545787545788,0,0.0265567765567766,0.0811355311355311,0.767582417582418
200273.411807,2486366.126422,0.193577981651376,0.086605504587156,0.0315596330275229,0.0812844036697248,0.0840366972477064,0.522935779816514
200773.411807,2486366.126422,0.139423958906623,0.125114657860943,0.00642084021280499,0.0728306732709595,0.0434782608695652,0.612731608879105
201273.411807,2486366.126422,0.177655677655678,0.223260073260073,0.00402930402930403,0.114285714285714,0.0613553113553114,0.419413919413919
201773.411807,2486366.126422,0.184220183486239,0.0827522935779817,0.00477064220183486,0.0970642201834862,0.109908256880734,0.521284403669725
202273.411807,2486366.126422,0.0856723536965694,0.146395156851954,0,0.116125481563016,0.126398825903504,0.525408181984957
202773.411807,2486366.126422,0.106593406593407,0.23956043956044,0.0205128205128205,0.0426739926739927,0.0727106227106227,0.517948717948718
203273.411807,2486366.126422,0.122385321100917,0.0442201834862385,0.0203669724770642,0.219082568807339,0.103853211009174,0.490091743119266
203773.411807,2486366.126422,0.209135938359934,0.0944780774169877,0,0.0616400660429279,0.118143459915612,0.516602458264539
204273.411807,2486366.126422,0.225457875457875,0.0153846153846154,0,0.0358974358974359,0.0476190476190476,0.675641025641026
204773.411807,2486366.126422,0.287155963302752,0.0486238532110092,0,0.0811009174311927,0.0937614678899083,0.489357798165138
205273.411807,2486366.126422,0.264171711612548,0.00421940928270042,0,0.0310034855989727,0.0324711062190424,0.668134287286736
205773.411807,2486366.126422,0.173992673992674,0.0153846153846154,0,0.032967032967033,0.0531135531135531,0.724542124542125
206273.411807,2486366.126422,0.113577981651376,0.0700917431192661,0.0911926605504587,0.169908256880734,0.0401834862385321,0.515045871559633
206773.411807,2486366.126422,0.0748486516235553,0.0453127866446524,0.168042560997982,0.53494771601541,0.0447624289121262,0.132085855806274
207273.411807,2486366.126422,0.27051282051282,0,0,0.00293040293040293,0.00238095238095238,0.724175824175824
207773.411807,2486366.126422,0.181834862385321,0.188256880733945,0,0.00146788990825688,0.0018348623853211,0.626605504587156
208273.411807,2486366.126422,0.184553292973766,0.110071546505228,0,0.0381581361218125,0.0234819299211154,0.643735094478077
208773.411807,2486366.126422,0.371062271062271,0.00274725274725275,0,0.000366300366300366,0,0.625824175824176
209273.411807,2486366.126422,0.219633027522936,0.115412844036697,0,0.051743119266055,0.0521100917431193,0.561100917431193
209773.411807,2486366.126422,0.108053568152633,0.0502660062373876,0.000366905155017428,0.38084755090809,0.139240506329114,0.321225463217758
210273.411807,2486366.126422,0.167032967032967,0.045970695970696,0.0549450549450549,0.213553113553114,0.122161172161172,0.396336996336996
210773.411807,2486366.126422,0.537614678899083,0.0036697247706422,0,0.00128440366972477,0.00110091743119266,0.456330275229358
211273.411807,2486366.126422,0.463010501750292,0.00700116686114352,0,0.0254375729288215,0.0109684947491249,0.493582263710618
198773.411807,2485866.126422,0.0394392523364486,0.249906542056075,0,0.0085981308411215,0.0786915887850467,0.623364485981308
199273.411807,2485866.126422,0.0357142857142857,0.214468864468864,0,0.0307692307692308,0.0549450549450549,0.664102564102564
199773.411807,2485866.126422,0.0383204987165383,0.295196186285295,0,0.030986431976531,0.0909424275760909,0.544554455445545
200273.411807,2485866.126422,0.15989010989011,0.191575091575092,0.0201465201465201,0.0316849816849817,0.0730769230769231,0.523626373626374
200773.411807,2485866.126422,0.0606227106227106,0.132417582417582,0.00567765567765568,0.24029304029304,0.156227106227106,0.404761904761905
201273.411807,2485866.126422,0.0430876420975431,0.29024569123579,0.000366703337000367,0.0674734140080675,0.0363036303630363,0.562522918958563
201773.411807,2485866.126422,0.0584249084249084,0.161172161172161,0,0.0626373626373626,0.0952380952380952,0.622527472527473
202273.411807,2485866.126422,0.187179487179487,0.0732600732600733,0,0.00695970695970696,0.0153846153846154,0.717216117216117
202773.411807,2485866.126422,0.11037770443711,0.111661166116612,0,0.00843417675100843,0.0243857719105244,0.745141180784745
203273.411807,2485866.126422,0.0423076923076923,0.0738095238095238,0,0.34029304029304,0.0989010989010989,0.444688644688645
203773.411807,2485866.126422,0.174542124542125,0.015018315018315,0,0.316483516483516,0.0957875457875458,0.398168498168498
204273.411807,2485866.126422,0.20993766043271,0.0232856618995233,0,0.0520718738540521,0.0452878621195453,0.669416941694169
204773.411807,2485866.126422,0.236080586080586,0.0302197802197802,0,0.0111721611721612,0.0104395604395604,0.712087912087912
205273.411807,2485866.126422,0.260989010989011,0.0318681318681319,0.0010989010989011,0.021978021978022,0.0153846153846154,0.668681318681319
205773.411807,2485866.126422,0.208654198753209,0.0412541254125413,0,0.037953795379538,0.0377704437110378,0.674367436743674
206273.411807,2485866.126422,0.0355311355311355,0.0705128205128205,0.0789377289377289,0.560805860805861,0.0716117216117216,0.182600732600733
206773.411807,2485866.126422,0.349267399267399,0.0172161172161172,0,0.0304029304029304,0.0600732600732601,0.543040293040293
207273.411807,2485866.126422,0.0682068206820682,0.0392372570590392,0,0.0280528052805281,0.0135680234690136,0.850935093509351
207773.411807,2485866.126422,0.119413919413919,0.0228937728937729,0,0.170879120879121,0.0721611721611722,0.614652014652015
208273.411807,2485866.126422,0.202930402930403,0.0347985347985348,0.00146520146520147,0.0728937728937729,0.0683150183150183,0.61959706959707
208773.411807,2485866.126422,0.106894022735607,0.407590759075908,0,0.0375870920425376,0.0566556655665567,0.391272460579391
209273.411807,2485866.126422,0.123992673992674,0.4,0.00897435897435897,0.03003663003663,0.0326007326007326,0.404395604395604
209773.411807,2485866.126422,0.0824175824175824,0.0926739926739927,0.00567765567765568,0.11025641025641,0.101648351648352,0.607326007326007
210273.411807,2485866.126422,0.27979464613128,0.0597726439310598,0.0132013201320132,0.0935093509350935,0.114411441144114,0.439310597726439
210773.411807,2485866.126422,0.740842490842491,0,0,0.000366300366300366,0,0.258791208791209
211273.411807,2485866.126422,0.74009324009324,0.116783216783217,0,0,0,0.143123543123543
198773.411807,2485366.126422,0.035948324283842,0.145103913124883,0.00131061598951507,0.147537914248268,0.0853772701741247,0.584721962179367
199273.411807,2485366.126422,0.0671190170548322,0.111131487254722,0,0.0742710434623143,0.0748211993398129,0.672657252888318
199773.411807,2485366.126422,0.125343595382078,0.200293201392707,0,0.0252886201209456,0.0628550485614807,0.586219534542789
200273.411807,2485366.126422,0.0315654248485961,0.380253257478436,0,0.00862543585979079,0.0354193429987154,0.544136538814461
200773.411807,2485366.126422,0.0894920227397763,0.135154960572162,0.00330093526499175,0.057216211259857,0.0665688611773336,0.648267008985879
201273.411807,2485366.126422,0.09529045262965,0.330034817665384,0.000916254352208173,0.0439802089059923,0.0426974528129009,0.487080813633865
201773.411807,2485366.126422,0.0324830244081483,0.331620480822169,0.00422095797394017,0.0262433474031932,0.0787300422095797,0.526702147182969
202273.411807,2485366.126422,0.0907757197872731,0.108747478452228,0,0.0225563909774436,0.0418118466898955,0.73610856409316
202773.411807,2485366.126422,0.145134689389775,0.109217518783214,0,0.0643210555250137,0.0639545537841305,0.617372182517867
203273.411807,2485366.126422,0.203707102220591,0.0291796659937603,0.0502844558634612,0.0697375665259681,0.0765278032666544,0.570563406129565
203773.411807,2485366.126422,0.120667522464698,0.0170548322024574,0,0.421602787456446,0.125802310654686,0.314872547221713
204273.411807,2485366.126422,0.298332417078981,0.0166758292101887,0,0.0287703866593366,0.0241891148982958,0.632032252153198
204773.411807,2485366.126422,0.36942558267572,0.019086070838686,0.0133969535694623,0.0403743806202973,0.0211047898697009,0.536612222426133
205273.411807,2485366.126422,0.29213277095177,0.0278745644599303,0,0.0748211993398129,0.0608839171098478,0.544287548138639
205773.411807,2485366.126422,0.0454462158695254,0.0903426791277259,0.12332783580722,0.450247388675096,0.0985889682975994,0.192046912222833
206273.411807,2485366.126422,0.0163332721600294,0.410167003119839,0.0840521196549826,0.22811525050468,0.0438612589465957,0.217471095613874
206773.411807,2485366.126422,0.161195672107097,0.107280396112232,0.0110031175499725,0.197872730607005,0.126169081239685,0.396479002384009
207273.411807,2485366.126422,0.0787978742899029,0.257100971229613,0,0.0769653655854865,0.0672530694520799,0.519882719442917
207773.411807,2485366.126422,0.113965865296385,0.0278950266103872,0.00642319691686548,0.223160212883098,0.118186823270325,0.51036887502294
208273.411807,2485366.126422,0.204291215844489,0.13185402530717,0,0.0533651201173666,0.0827067669172932,0.527782871813681
208773.411807,2485366.126422,0.0949239508887667,0.175187832142203,0.0260216236027121,0.0447132123877588,0.0639545537841305,0.595198827194429
209273.411807,2485366.126422,0.0699210864378785,0.22829877041659,0.0930445953385942,0.0963479537529822,0.0732244448522665,0.439163149201688
209773.411807,2485366.126422,0.0667522464698331,0.081606455162296,0.126902622409683,0.0474967907573813,0.0524481936548689,0.624793691545938
210273.411807,2485366.126422,0.146600696353308,0.180135605644127,0.0119113065787062,0.068719076415613,0.0689023272860546,0.523730987722192
210773.411807,2485366.126422,0.383556615892824,0.0137639933932832,0,0.039823820884566,0.0400073407964764,0.52284822903285
211273.411807,2485366.126422,0.624445999533473,0.00489853044086774,0,0.00746442733846513,0.00303242360625146,0.360158619080942
198773.411807,2484866.126422,0.0303257207038562,0.564582553350805,0,0.0645825533508049,0.0752527143391988,0.265256458255335
199273.411807,2484866.126422,0.133370023848835,0.354063474591818,0,0.0091726288754357,0.0425609979820216,0.46083287470189
199773.411807,2484866.126422,0.076007326007326,0.24047619047619,0,0.0804029304029304,0.106593406593407,0.496520146520147
200273.411807,2484866.126422,0.036697247706422,0.104036697247706,0,0.00348623853211009,0.0462385321100917,0.80954128440367
200773.411807,2484866.126422,0.0952118877270226,0.141075032104201,0,0.0104567969179967,0.0563199412951752,0.696936341955604
201273.411807,2484866.126422,0.0943223443223443,0.116849816849817,0,0.065018315018315,0.0514652014652015,0.672344322344322
201773.411807,2484866.126422,0.064954128440367,0.0453211009174312,0,0.385321100917431,0.167889908256881,0.33651376146789
202273.411807,2484866.126422,0.147128967161989,0.172078517703174,0,0.0590717299578059,0.075032104201064,0.546688680975968
202773.411807,2484866.126422,0.139010989010989,0.138095238095238,0,0.036996336996337,0.0285714285714286,0.657326007326007
203273.411807,2484866.126422,0.162385321100917,0.0805504587155963,0.0304587155963303,0.16954128440367,0.066605504587156,0.49045871559633
203773.411807,2484866.126422,0.06989543203082,0.0825536598789213,0.0410933773619519,0.457347275729224,0.086589616584113,0.26252063841497
204273.411807,2484866.126422,0.0745421245421245,0.0717948717948718,0.0393772893772894,0.507142857142857,0.0750915750915751,0.232051282051282
204773.411807,2484866.126422,0.0295412844036697,0.0618348623853211,0.136330275229358,0.622385321100917,0.0280733944954128,0.121834862385321
205273.411807,2484866.126422,0.014125848468171,0.0741148413135205,0.218675472390387,0.550174279948633,0.011557512383049,0.131352045496239
205773.411807,2484866.126422,0.0181318681318681,0.0564102564102564,0.134432234432234,0.389010989010989,0.030952380952381,0.371062271062271
206273.411807,2484866.126422,0.00165137614678899,0.222935779816514,0.00036697247706422,0.351743119266055,0.0772477064220184,0.34605504587156
206773.411807,2484866.126422,0.0201797835259585,0.146028251696936,0,0.315171528159971,0.0409099247844432,0.477710511832691
207273.411807,2484866.126422,0.138095238095238,0.0641025641025641,0,0.0346153846153846,0.0296703296703297,0.733516483516483
207773.411807,2484866.126422,0.218348623853211,0.0504587155963303,0,0.0412844036697248,0.0177981651376147,0.672110091743119
208273.411807,2484866.126422,0.224545954870666,0.00110071546505228,0,0.0462300495321959,0.023115024766098,0.705008255365988
208773.411807,2484866.126422,0.161172161172161,0.0368131868131868,0,0.0490842490842491,0.041025641025641,0.711904761904762
209273.411807,2484866.126422,0.14,0.0594495412844037,0.00018348623853211,0.206788990825688,0.126788990825688,0.466788990825688
209773.411807,2484866.126422,0.111722619702807,0.0271509814712897,0,0.0119244175380664,0.0220143093010457,0.827187671986791
210273.411807,2484866.126422,0.0415750915750916,0.0666666666666667,0,0.0661172161172161,0.0990842490842491,0.726556776556777
210773.411807,2484866.126422,0.349908256880734,0.0143119266055046,0,0.2,0.0680733944954128,0.367706422018349
211273.411807,2484866.126422,0.678179696616103,0.0142357059509918,0,0.101050175029172,0.0193698949824971,0.187164527421237
198773.411807,2484366.126422,0.105794392523364,0.21214953271028,0.000373831775700935,0.323364485981308,0.114579439252336,0.243738317757009
199273.411807,2484366.126422,0.0730769230769231,0.208791208791209,0,0.0807692307692308,0.0536630036630037,0.583699633699634
199773.411807,2484366.126422,0.0740740740740741,0.0984598459845985,0,0.0447378071140447,0.0726072607260726,0.71012101210121
200273.411807,2484366.126422,0.0386446886446886,0.131318681318681,0,0.0131868131868132,0.0347985347985348,0.782051282051282
200773.411807,2484366.126422,0.0879120879120879,0.114468864468864,0,0.0791208791208791,0.095970695970696,0.622527472527473
201273.411807,2484366.126422,0.167950128346168,0.130913091309131,0.0100843417675101,0.0383204987165383,0.0418041804180418,0.610927759442611
201773.411807,2484366.126422,0.205311355311355,0.0413919413919414,0.0161172161172161,0.130586080586081,0.0952380952380952,0.511355311355311
202273.411807,2484366.126422,0.0968864468864469,0.21043956043956,0.0899267399267399,0.174358974358974,0.0807692307692308,0.347619047619048
202773.411807,2484366.126422,0.0262192885955262,0.271360469380271,0.083975064173084,0.184451778511184,0.0737073707370737,0.36028602860286
203273.411807,2484366.126422,0.130952380952381,0.0796703296703297,0.0238095238095238,0.201831501831502,0.0902930402930403,0.473443223443223
203773.411807,2484366.126422,0.144322344322344,0.0690476190476191,0.0357142857142857,0.240842490842491,0.136996336996337,0.373076923076923
204273.411807,2484366.126422,0.119178584525119,0.0669233590025669,0.00641730839750642,0.137513751375138,0.0946094609460946,0.575357535753575
204773.411807,2484366.126422,0.117399267399267,0.0818681318681319,0.00805860805860806,0.058974358974359,0.0362637362637363,0.697435897435897
205273.411807,2484366.126422,0.160989010989011,0.150732600732601,0,0.0336996336996337,0.0785714285714286,0.576007326007326
205773.411807,2484366.126422,0.214521452145215,0.0055005500550055,0,0.0271360469380271,0.0286028602860286,0.724239090575724
206273.411807,2484366.126422,0.137362637362637,0.102380952380952,0.000366300366300366,0.111538461538462,0.0694139194139194,0.578937728937729
206773.411807,2484366.126422,0.0494505494505494,0.095970695970696,0.00256410256410256,0.192490842490843,0.107692307692308,0.551831501831502
207273.411807,2484366.126422,0.00843417675100843,0.344334433443344,0.00605060506050605,0.22038870553722,0.0592225889255592,0.361569490282362
207773.411807,2484366.126422,0.0494505494505494,0.107692307692308,0,0.252197802197802,0.0624542124542125,0.528205128205128
208273.411807,2484366.126422,0.0782051282051282,0.0527472527472527,0.00201465201465201,0.291391941391941,0.0626373626373626,0.513003663003663
208773.411807,2484366.126422,0.138980564723139,0.0337367070040337,0,0.0229189585625229,0.0302530253025303,0.774110744407774
209273.411807,2484366.126422,0.193589743589744,0.00311355311355311,0,0.0137362637362637,0.0276556776556777,0.761904761904762
209773.411807,2484366.126422,0.0551282051282051,0.0697802197802198,0,0.0730769230769231,0.115934065934066,0.686080586080586
210273.411807,2484366.126422,0.151631829849652,0.0467546754675468,0,0.0594059405940594,0.0522552255225523,0.68995232856619
210773.411807,2484366.126422,0.613919413919414,0.0126373626373626,0,0.000549450549450549,0.000183150183150183,0.372710622710623
211273.411807,2484366.126422,0.631002331002331,0.0041958041958042,0,0,0,0.364801864801865
198773.411807,2483866.126422,0.0516757161580228,0.137989140610373,0.0114210821943456,0.0786369593709043,0.0820071147725145,0.63826998689384
199273.411807,2483866.126422,0.0245736291949386,0.0608839171098478,0.015587749862461,0.0361269026224097,0.0618008435723455,0.801026957637997
199773.411807,2483866.126422,0.0351841671247938,0.111599780098955,0.00274876305662452,0.0359171706065604,0.0692688290269379,0.745281290086128
200273.411807,2483866.126422,0.0453294182418792,0.183703431822353,0,0.0614791704899982,0.0774454028262066,0.632042576619563
200773.411807,2483866.126422,0.155327342747112,0.139006051714652,0.00201723821749496,0.156977810379608,0.165230148542087,0.381441408399046
201273.411807,2483866.126422,0.319956019791094,0.250137438152831,0.0700018325087044,0.0155763239875389,0.0703683342495877,0.273960051310244
201773.411807,2483866.126422,0.172508717195816,0.0798311616810424,0.11616810423931,0.159662323362085,0.085887318774087,0.38594237474766
202273.411807,2483866.126422,0.0830735375022923,0.138455895837154,0.00238400880249404,0.339079405831652,0.146158078122135,0.290849073904273
202773.411807,2483866.126422,0.225215319772769,0.0597397837639729,0.00494777350192413,0.150998717243907,0.101887483965549,0.457210921751878
203273.411807,2483866.126422,0.299320976325931,0.0311983850247752,0,0.0168838318957607,0.0135804734813727,0.63901633327216
203773.411807,2483866.126422,0.224646983311938,0.011186502842472,0.00146708233999633,0.1600953603521,0.139006051714652,0.463598019438841
204273.411807,2483866.126422,0.255451713395639,0.00641378046545721,0,0.0760491112332784,0.0802638812534359,0.58182151365219
204773.411807,2483866.126422,0.305010093595155,0.0726738851165352,0,0.0445953385942375,0.0783630023857589,0.499357680308313
205273.411807,2483866.126422,0.315422703099211,0.0922428021272694,0,0.0165046763249587,0.0205391527599487,0.555290665688612
205773.411807,2483866.126422,0.284222100054975,0.0357339197361187,0,0.0397654388858347,0.066703316840755,0.573575224482316
206273.411807,2483866.126422,0.246467241695724,0.00458799779776106,0,0.0133969535694623,0.0132134336575518,0.722334373279501
206773.411807,2483866.126422,0.057216211259857,0.130937098844673,0.00238400880249404,0.222446359801944,0.0938932697597653,0.493123051531267
207273.411807,2483866.126422,0.015026571376214,0.0229063588052043,0.00659703133589885,0.163276525563496,0.0302363936228697,0.761957119296317
207773.411807,2483866.126422,0.00807487612405946,0.0879060378051019,0,0.0824004404477886,0.108643787850982,0.712974857772068
208273.411807,2483866.126422,0.0746378140473134,0.154227030992114,0,0.1201173665872,0.0933431138822666,0.557674674491106
208773.411807,2483866.126422,0.107018508337915,0.0771486164559282,0.00146600696353308,0.382444566611691,0.0971229613340663,0.334799340296866
209273.411807,2483866.126422,0.211965498256561,0.0545054138374014,0.00183519911910442,0.127913378601578,0.0590934116351624,0.544687098550193
209773.411807,2483866.126422,0.480652851641298,0.00568494406748579,0,0.0135705116449661,0.0265908674124335,0.473500825233816
210273.411807,2483866.126422,0.10536925050394,0.0395821880153931,0.0124610591900312,0.0474619754443834,0.0579072750595565,0.737218251786696
210773.411807,2483866.126422,0.372728941090108,0.0256927876674619,0,0.0165167920719398,0.0218388695173426,0.563222609653147
211273.411807,2483866.126422,0.511080009330534,0.00886400746442734,0,0.0107301142990436,0.0123629577793329,0.456962911126662
198773.411807,2483366.126422,0.0235866716585548,0.0363159865219019,0.362972669412205,0.20591538749532,0.11250467989517,0.258704605016848
199273.411807,2483366.126422,0.0245826453861677,0.106035589800037,0.342872867363786,0.134470739313887,0.0497156485048615,0.34232250963126
199773.411807,2483366.126422,0.0327838827838828,0.0745421245421245,0.0824175824175824,0.163186813186813,0.0826007326007326,0.564468864468864
200273.411807,2483366.126422,0.0576146788990826,0.0754128440366972,0,0.0611009174311927,0.0544954128440367,0.751376146788991
200773.411807,2483366.126422,0.15831957439002,0.0669601907906806,0,0.123647037240873,0.101632727939828,0.549440469638598
201273.411807,2483366.126422,0.202930402930403,0.0527472527472527,0,0.036996336996337,0.0333333333333333,0.673992673992674
201773.411807,2483366.126422,0.0722935779816514,0.0546788990825688,0.165137614678899,0.377247706422018,0.041651376146789,0.288990825688073
202273.411807,2483366.126422,0.0977802238121446,0.0475142175747569,0.0130251330031187,0.39515685195377,0.111539167125298,0.334984406530912
202773.411807,2483366.126422,0.188278388278388,0.0399267399267399,0,0.0708791208791209,0.0542124542124542,0.646703296703297
203273.411807,2483366.126422,0.231009174311927,0.0442201834862385,0.00036697247706422,0.024954128440367,0.0286238532110092,0.670825688073394
203773.411807,2483366.126422,0.285819115758576,0.0449458814896349,0.00165107319757843,0.0111906072280316,0.0210970464135021,0.635296275912677
204273.411807,2483366.126422,0.273626373626374,0.0802197802197802,0,0.043040293040293,0.0827838827838828,0.52032967032967
204773.411807,2483366.126422,0.211192660550459,0.122385321100917,0.00018348623853211,0.269908256880734,0.215229357798165,0.181100917431193
205273.411807,2483366.126422,0.303980920931939,0.0552192258301229,0,0.028251696936342,0.0678774536782242,0.544670702623372
205773.411807,2483366.126422,0.198717948717949,0.0970695970695971,0,0.0804029304029304,0.0668498168498168,0.556959706959707
206273.411807,2483366.126422,0.0836697247706422,0.187155963302752,0.0427522935779817,0.0899082568807339,0.102385321100917,0.494128440366972
206773.411807,2483366.126422,0.0832874701889562,0.0515501742799486,0,0.178132452760961,0.0548523206751055,0.632177582095028
207273.411807,2483366.126422,0.0208791208791209,0.0113553113553114,0,0.101098901098901,0.0532967032967033,0.813369963369963
207773.411807,2483366.126422,0.0115596330275229,0.0798165137614679,0,0.0928440366972477,0.0779816513761468,0.737798165137615
208273.411807,2483366.126422,0.0130251330031187,0.00623738763529628,0,0.0456796917996698,0.0210970464135021,0.913960741148413
208773.411807,2483366.126422,0.134249084249084,0.0243589743589744,0,0.118498168498168,0.0608058608058608,0.662087912087912
209273.411807,2483366.126422,0.0904587155963303,0.0522935779816514,0.0055045871559633,0.242385321100917,0.0719266055045872,0.537431192660551
