"x","y","forest","agri","water","built","other","grass"
211773.411807,2502366.126422,0.329482948294829,0.103043637697103,0.00055005500550055,0.141547488082142,0.0630729739640631,0.362302896956362
212273.411807,2502366.126422,0.385714285714286,0.0518315018315018,0.00238095238095238,0.125641025641026,0.0542124542124542,0.38021978021978
212773.411807,2502366.126422,0.800915750915751,0.0161172161172161,0.000183150183150183,0.0137362637362637,0.00421245421245421,0.164835164835165
213273.411807,2502366.126422,0.788412174550788,0.0128346167950128,0,0,0.00055005500550055,0.198203153648698
213773.411807,2502366.126422,0.607142857142857,0.0413919413919414,0.00274725274725275,0.0756410256410256,0.0307692307692308,0.242307692307692
214273.411807,2502366.126422,0.614285714285714,0.0210622710622711,0.0241758241758242,0.117948717948718,0.0197802197802198,0.202747252747253
214773.411807,2502366.126422,0.61991199119912,0.0144847818115145,0.0119178584525119,0.151265126512651,0.0423542354235424,0.16006600660066
215273.411807,2502366.126422,0.75018315018315,0.0214285714285714,0.00274725274725275,0.0377289377289377,0.0179487179487179,0.16996336996337
215773.411807,2502366.126422,0.656959706959707,0.00659340659340659,0.00384615384615385,0.0278388278388278,0.0126373626373626,0.292124542124542
216273.411807,2502366.126422,0.799229922992299,0.00183351668500183,0,0,0,0.198936560322699
216773.411807,2502366.126422,0.887179487179487,0,0,0,0,0.112820512820513
217273.411807,2502366.126422,0.661172161172161,0.0043956043956044,0.000732600732600733,0.0578754578754579,0.00860805860805861,0.267216117216117
217773.411807,2502366.126422,0.894572790612395,0.0300696736340301,0,0.00055005500550055,0.00311697836450312,0.0716905023835717
218273.411807,2502366.126422,0.86959706959707,0.00860805860805861,0,0.00183150183150183,0.000915750915750916,0.119047619047619
218773.411807,2502366.126422,0.867032967032967,0.0355311355311355,0.000915750915750916,0.00897435897435897,0.00695970695970696,0.0805860805860806
219273.411807,2502366.126422,0.885771910524386,0.0231023102310231,0.000366703337000367,0.00733406674000733,0.00843417675100843,0.074990832416575
219773.411807,2502366.126422,0.416117216117216,0.0586080586080586,0,0.103113553113553,0.0413919413919414,0.380769230769231
220273.411807,2502366.126422,0.72967032967033,0.00183150183150183,0,0.0181318681318681,0.0113553113553114,0.239010989010989
220773.411807,2502366.126422,0.572057205720572,0.0447378071140447,0.0542720938760543,0.101576824349102,0.035020168683535,0.192335900256692
221273.411807,2502366.126422,0.888644688644689,0.00512820512820513,0.00457875457875458,0.0100732600732601,0.0032967032967033,0.0882783882783883
221773.411807,2502366.126422,0.982234432234432,0,0,0.000915750915750916,0.0010989010989011,0.0157509157509158
222273.411807,2502366.126422,0.871837183718372,0.0522552255225523,0.000183351668500183,0.0121012101210121,0.0111844517785112,0.0524385771910524
222773.411807,2502366.126422,0.772344322344322,0.0787545787545788,0.023992673992674,0.0225274725274725,0.0214285714285714,0.080952380952381
223273.411807,2502366.126422,0.757509157509157,0.106410256410256,0.0373626373626374,0.0184981684981685,0.026007326007326,0.0542124542124542
223773.411807,2502366.126422,0.566923359002567,0.0584891822515585,0.334983498349835,0.011001100110011,0.0187018701870187,0.0099009900990099
224273.411807,2502366.126422,0.914189189189189,0.0222972972972973,0.0165540540540541,0.0125,0.0165540540540541,0.0179054054054054
211773.411807,2501866.126422,0.33516584203775,0.0315191497159611,0.00659703133589885,0.0901594282572842,0.0302363936228697,0.506322155030236
212273.411807,2501866.126422,0.704716461736098,0.00991007524316388,0,0.0251422279317306,0.00935951550743256,0.250871719581575
212773.411807,2501866.126422,0.909774436090226,0.0117366587199707,0,0,0,0.0784889051898038
213273.411807,2501866.126422,0.892614989921202,0,0,0,0,0.107385010078798
213773.411807,2501866.126422,0.851348871352542,0.0146815929528354,0,0,0,0.133969535694623
214273.411807,2501866.126422,0.883000183385293,0.010819732257473,0,0,0,0.106180084357235
214773.411807,2501866.126422,0.864027854132307,0.000549752611324904,0,0.000183250870441635,0.000366501740883269,0.134872640645043
215273.411807,2501866.126422,0.741236924206276,0,0,0,0,0.258763075793724
215773.411807,2501866.126422,0.846139739592885,0.00128369704749679,0,0.000366770584999083,0.000366770584999083,0.15184302218962
216273.411807,2501866.126422,0.647791827011178,0.00256551218618288,0.00128275609309144,0.0370166758292102,0.0172255818215137,0.294117647058824
216773.411807,2501866.126422,0.571297485777207,0.00734079647641769,0.0082583960359699,0.0363369425582676,0.0168838318957607,0.359882547256377
217273.411807,2501866.126422,0.717586649550706,0.0487804878048781,0.00275077938749312,0.0115532734274711,0.00715202640748212,0.21217678342197
217773.411807,2501866.126422,0.775884185449881,0.141836173721825,0.00201575957485798,0.00549752611324904,0.00861279091075683,0.0661535642294301
218273.411807,2501866.126422,0.858322628005139,0.0750596439713709,0.00165167920719398,0.0104606349788952,0.0102771150669848,0.0442282987704166
218773.411807,2501866.126422,0.674857876398313,0.140289748762149,0.000366770584999083,0.00953603520997616,0.00880249403997799,0.166147075004585
219273.411807,2501866.126422,0.801356056441268,0.0111783030969397,0,0.00989554700384827,0.00238226131574125,0.175187832142203
219773.411807,2501866.126422,0.159111763626353,0.0260598274912828,0.00146815929528354,0.358964947696825,0.139291613140026,0.315103688750229
220273.411807,2501866.126422,0.420685860993948,0.0148542086924629,0.000366770584999083,0.123234916559692,0.0423620025673941,0.398496240601504
220773.411807,2501866.126422,0.655305112699285,0.0544255085211655,0.0188748396554884,0.0520432472054242,0.0251053692505039,0.194245922668133
221273.411807,2501866.126422,0.837401358047348,0.0148651128647458,0.000183519911910442,0.00587263718113415,0.00458799779776106,0.1370893741971
221773.411807,2501866.126422,0.898037777370255,0.0128369704749679,0,0.0119200440124702,0.0135705116449661,0.0636346964973409
222273.411807,2501866.126422,0.905809052593,0.00549752611324904,0,0.00458127176104087,0.00238226131574125,0.081729888216969
222773.411807,2501866.126422,0.964580657001285,0.0214718296935217,0.000917599559552211,0.00183519911910442,0.00201871903101487,0.00917599559552211
223273.411807,2501866.126422,0.746378140473134,0.0949935815147625,0.113698881349716,0.0161379057399597,0.0216394645149459,0.00715202640748212
223773.411807,2501866.126422,0.899212021257101,0.0269378779549203,0.0053142752428074,0.0133773135422393,0.0163093274693055,0.0388491845336265
224273.411807,2501866.126422,0.928135593220339,0.00406779661016949,0.000338983050847458,0.0169491525423729,0.0169491525423729,0.0335593220338983
211773.411807,2501366.126422,0.549450549450549,0.0236263736263736,0.0172161172161172,0.0269230769230769,0.0221611721611722,0.360622710622711
212273.411807,2501366.126422,0.719816513761468,0.00458715596330275,0,0.0524770642201835,0.0170642201834862,0.20605504587156
212773.411807,2501366.126422,0.832691249312053,0.00201797835259585,0,0.000366905155017428,0.000366905155017428,0.164556962025316
213273.411807,2501366.126422,0.816666666666667,0.00842490842490842,0,0,0,0.174908424908425
213773.411807,2501366.126422,0.866422018348624,0.00587155963302752,0,0,0,0.127706422018349
214273.411807,2501366.126422,0.836176848284718,0.00843881856540084,0,0,0,0.155384333149881
214773.411807,2501366.126422,0.765750915750916,0.0119047619047619,0.000183150183150183,0.000549450549450549,0.0010989010989011,0.220512820512821
215273.411807,2501366.126422,0.813761467889908,0.0442201834862385,0,0.00018348623853211,0.00018348623853211,0.141651376146789
215773.411807,2501366.126422,0.720051366721702,0.00330214639515685,0,0,0,0.276646486883141
216273.411807,2501366.126422,0.815750915750916,0.0186813186813187,0,0,0,0.165567765567766
216773.411807,2501366.126422,0.616697247706422,0.0488073394495413,0.00495412844036697,0.0341284403669725,0.0144954128440367,0.280917431192661
217273.411807,2501366.126422,0.76463034305632,0.0497156485048615,0.000183452577508714,0.00110071546505228,0.001284168042561,0.183085672353697
217773.411807,2501366.126422,0.91978021978022,0.0043956043956044,0,0.000549450549450549,0.000732600732600733,0.0745421245421245
218273.411807,2501366.126422,0.836880733944954,0.0299082568807339,0,0.00220183486238532,0.00275229357798165,0.128256880733945
218773.411807,2501366.126422,0.666850119244175,0.000733810310034856,0,0,0,0.33241607044579
219273.411807,2501366.126422,0.759157509157509,0.000915750915750916,0,0.00824175824175824,0.00769230769230769,0.223992673992674
219773.411807,2501366.126422,0.707889908256881,0.0036697247706422,0.00073394495412844,0.0794495412844037,0.0253211009174312,0.182935779816514
220273.411807,2501366.126422,0.445606310768666,0.0530177949000183,0.0346725371491469,0.150798018712163,0.060906255732893,0.254999082737112
220773.411807,2501366.126422,0.841391941391941,0.0175824175824176,0,0.00311355311355311,0.00567765567765568,0.132234432234432
221273.411807,2501366.126422,0.39743119266055,0.0609174311926605,0.0662385321100917,0.160366972477064,0.031743119266055,0.283302752293578
221773.411807,2501366.126422,0.489084571638231,0.0150431113557145,0,0.133186571271326,0.0431113557145478,0.31957439002018
222273.411807,2501366.126422,0.871428571428571,0.0043956043956044,0,0.0111721611721612,0.00641025641025641,0.106593406593407
222773.411807,2501366.126422,0.789908256880734,0.0396330275229358,0.00055045871559633,0.063302752293578,0.0308256880733945,0.0757798165137615
223273.411807,2501366.126422,0.500275178866263,0.0152265639332233,0.0078884608328747,0.109337736195194,0.0509998165474225,0.316272243625023
223773.411807,2501366.126422,0.628571428571429,0.00915750915750916,0.0826007326007326,0.10952380952381,0.0380952380952381,0.132051282051282
224273.411807,2501366.126422,0.532339993227227,0.0162546562817474,0.18455807653234,0.174737555028784,0.0372502539790044,0.0548594649508974
211773.411807,2500866.126422,0.800513384671801,0.00605060506050605,0,0,0,0.193436010267693
212273.411807,2500866.126422,0.851831501831502,0.00787545787545788,0,0,0,0.14029304029304
212773.411807,2500866.126422,0.865934065934066,0.0161172161172161,0,0,0,0.117948717948718
213273.411807,2500866.126422,0.913091309130913,0.0194352768610194,0,0,0,0.0674734140080675
213773.411807,2500866.126422,0.850732600732601,0.0144688644688645,0,0,0,0.134798534798535
214273.411807,2500866.126422,0.9496336996337,0.0021978021978022,0,0.000366300366300366,0,0.0478021978021978
214773.411807,2500866.126422,0.825632563256326,0.0143014301430143,0,0,0,0.16006600660066
215273.411807,2500866.126422,0.932600732600733,0.00201465201465201,0,0,0.000183150183150183,0.0652014652014652
215773.411807,2500866.126422,0.871062271062271,0.00201465201465201,0,0,0.000183150183150183,0.126739926739927
216273.411807,2500866.126422,0.86010267693436,0.0273193986065273,0,0,0,0.112577924459113
216773.411807,2500866.126422,0.836813186813187,0.0450549450549451,0,0,0,0.118131868131868
217273.411807,2500866.126422,0.891941391941392,0.028021978021978,0,0.000549450549450549,0.0010989010989011,0.0783882783882784
217773.411807,2500866.126422,0.811881188118812,0.00953428676200953,0,0.00055005500550055,0.000183351668500183,0.177851118445178
218273.411807,2500866.126422,0.882783882783883,0.0113553113553114,0,0.000366300366300366,0,0.105494505494505
218773.411807,2500866.126422,0.739194139194139,0.000366300366300366,0,0.000183150183150183,0.000183150183150183,0.26007326007326
219273.411807,2500866.126422,0.890722405573891,0,0,0,0,0.109277594426109
219773.411807,2500866.126422,0.832967032967033,0.00457875457875458,0,0.015018315018315,0.00622710622710623,0.141208791208791
220273.411807,2500866.126422,0.644139194139194,0.0223443223443223,0.0576923076923077,0.0611721611721612,0.023992673992674,0.190659340659341
220773.411807,2500866.126422,0.843967730106344,0.0297029702970297,0,0.00916758342500917,0.0143014301430143,0.102860286028603
221273.411807,2500866.126422,0.434615384615385,0.0782051282051282,0.0838827838827839,0.164835164835165,0.0456043956043956,0.192857142857143
221773.411807,2500866.126422,0.954945054945055,0.000366300366300366,0,0,0,0.0446886446886447
222273.411807,2500866.126422,0.461312797946461,0.0245691235790246,0.0154015401540154,0.166666666666667,0.0524385771910524,0.27961129446278
222773.411807,2500866.126422,0.676373626373626,0.0146520146520147,0.0010989010989011,0.0597069597069597,0.0305860805860806,0.217582417582418
223273.411807,2500866.126422,0.578937728937729,0.0285714285714286,0.00934065934065934,0.0935897435897436,0.0644688644688645,0.225091575091575
223773.411807,2500866.126422,0.0742574257425743,0.0667400073340667,0.258525852585259,0.376604327099377,0.117528419508618,0.106343967730106
224273.411807,2500866.126422,0.14527027027027,0.0814189189189189,0.3125,0.262162162162162,0.0986486486486487,0.1
211773.411807,2500366.126422,0.703133589884552,0.0139270661535642,0,0.0465457210921752,0.0227231079347627,0.213670514934946
212273.411807,2500366.126422,0.872637181134153,0.00165167920719398,0,0,0,0.125711139658653
212773.411807,2500366.126422,0.894186686227765,0.00825233816247937,0,0,0,0.0975609756097561
213273.411807,2500366.126422,0.921935129191864,0.000183250870441635,0,0,0,0.0778816199376947
213773.411807,2500366.126422,0.944760506514957,0.00532207744540283,0,0,0,0.0499174160396403
214273.411807,2500366.126422,0.96387309737759,0.00165046763249587,0,0,0,0.0344764349899138
214773.411807,2500366.126422,0.931280923584387,0.00971229613340663,0,0,0,0.0590067802822063
215273.411807,2500366.126422,0.828959442099468,0.0508350155991925,0,0.00110111947146265,0.00256927876674619,0.116535144063131
215773.411807,2500366.126422,0.881166330460297,0.00476801760498808,0,0.000183385292499542,0.000366770584999083,0.113515496057216
216273.411807,2500366.126422,0.844420010995052,0.0751328568810702,0,0,0,0.0804471321238776
216773.411807,2500366.126422,0.876858139108093,0.0130299137456414,0,0.0150486327766563,0.00917599559552211,0.085887318774087
217273.411807,2500366.126422,0.755180634513112,0.0295250320924262,0,0,0,0.215294333394462
217773.411807,2500366.126422,0.78248121678578,0.00274876305662452,0,0.000183250870441635,0.000366501740883269,0.214220267546271
218273.411807,2500366.126422,0.877225178931914,0.00330335841438796,0.000183519911910442,0.0306478252890439,0.0122958340979996,0.076344283354744
218773.411807,2500366.126422,0.871446909957821,0.000183385292499542,0,0.00238400880249404,0.000916926462497708,0.125068769484687
219273.411807,2500366.126422,0.975627634231263,0,0,0,0,0.0243723657687374
219773.411807,2500366.126422,0.802716094696275,0.00734079647641769,0.0308313452009543,0.0370710222059093,0.00935951550743256,0.112681225913012
220273.411807,2500366.126422,0.811663304602971,0.0210893086374473,0.0427287731523932,0.0097194205024757,0.004401247019989,0.110397946084724
220773.411807,2500366.126422,0.869525380245556,0.0480117280557083,0,0.0053142752428074,0.00604727872457394,0.0711013377313542
221273.411807,2500366.126422,0.561754450357864,0.0154156726004772,0.0236740686364471,0.0778124426500275,0.0418425399155808,0.279500825839604
221773.411807,2500366.126422,0.860443792407849,0.0214560792224464,0.000183385292499542,0.0102695763799743,0.00348432055749129,0.10416284613974
222273.411807,2500366.126422,0.460875939160711,0.0359171706065604,0.07623236210372,0.142569177203592,0.0390324354040682,0.245372915521349
222773.411807,2500366.126422,0.807304092494036,0.0473481372728941,0.0368875022939989,0.0144980730409249,0.0198201504863278,0.0741420444118187
223273.411807,2500366.126422,0.682009902805795,0.116633046029708,0.0304419585549239,0.00825233816247937,0.0218228498074454,0.140839904639648
223773.411807,2500366.126422,0.331134322888034,0.349092908191314,0.196078431372549,0.0186915887850467,0.0177753344328386,0.0872274143302181
224273.411807,2500366.126422,0.14,0.148813559322034,0.527457627118644,0.0905084745762712,0.0522033898305085,0.0410169491525424
211773.411807,2499866.126422,0.622161172161172,0.0419413919413919,0,0.0117216117216117,0.017032967032967,0.307142857142857
212273.411807,2499866.126422,0.937614678899083,0.0132110091743119,0,0.00018348623853211,0,0.0489908256880734
212773.411807,2499866.126422,0.852687580260503,0.00532012474775271,0,0.00238488350761328,0.00201797835259585,0.137589433131535
213273.411807,2499866.126422,0.898901098901099,0.00183150183150183,0,0,0,0.0992673992673993
213773.411807,2499866.126422,0.924587155963303,0.00073394495412844,0,0,0,0.0746788990825688
214273.411807,2499866.126422,0.816914327646303,0.0150431113557145,0,0,0,0.168042560997982
214773.411807,2499866.126422,0.758424908424908,0.0201465201465201,0,0,0,0.221428571428571
215273.411807,2499866.126422,0.773211009174312,0.0152293577981651,0,0.00018348623853211,0.00018348623853211,0.211192660550459
215773.411807,2499866.126422,0.67327095945698,0.00880572372041827,0,0.000733810310034856,0.000183452577508714,0.317006053935058
216273.411807,2499866.126422,0.811355311355311,0.0203296703296703,0,0,0,0.168315018315018
216773.411807,2499866.126422,0.769357798165138,0.103853211009174,0,0.00275229357798165,0.00220183486238532,0.121834862385321
217273.411807,2499866.126422,0.814712896716199,0.0678774536782242,0,0.000183452577508714,0.000550357732526142,0.116675839295542
217773.411807,2499866.126422,0.738461538461539,0.00256410256410256,0,0.000915750915750916,0.000183150183150183,0.257875457875458
218273.411807,2499866.126422,0.945871559633027,0.00073394495412844,0.00018348623853211,0.00715596330275229,0.00293577981651376,0.0431192660550459
218773.411807,2499866.126422,0.850486149330398,0.00183452577508714,0.000733810310034856,0.0297193175564117,0.0135754907356448,0.103650706292423
219273.411807,2499866.126422,0.622710622710623,0.00586080586080586,0.156593406593407,0.116483516483516,0.0194139194139194,0.0789377289377289
219773.411807,2499866.126422,0.53651376146789,0.0355963302752294,0.226605504587156,0.0897247706422018,0.0299082568807339,0.081651376146789
220273.411807,2499866.126422,0.685562282150064,0.063474591818015,0.105668684645019,0.0199963309484498,0.0216474041460283,0.103650706292423
220773.411807,2499866.126422,0.887179487179487,0.00952380952380952,0.00311355311355311,0.0122710622710623,0.0119047619047619,0.076007326007326
221273.411807,2499866.126422,0.336146788990826,0.0777981651376147,0.173394495412844,0.108256880733945,0.0579816513761468,0.246422018348624
221773.411807,2499866.126422,0.796917996697854,0.0979636763896533,0.0517336268574573,0.00825536598789213,0.010273344340488,0.0348559897266557
222273.411807,2499866.126422,0.872893772893773,0.0717948717948718,0.00989010989010989,0.0131868131868132,0.00989010989010989,0.0223443223443223
222773.411807,2499866.126422,0.75045871559633,0.225321100917431,0.0218348623853211,0,0.00018348623853211,0.00220183486238532
223273.411807,2499866.126422,0.769583562649055,0.201797835259585,0.0286186020913594,0,0,0
223773.411807,2499866.126422,0.867765567765568,0.0827838827838828,0.0463369963369963,0.0010989010989011,0.00201465201465201,0
224273.411807,2499866.126422,0.819505587538097,0.0585844903487978,0.0558753809685066,0.00609549610565527,0.0599390450389434,0
211773.411807,2499366.126422,0.675834250091676,0.0108177484415108,0.00935093509350935,0.0223689035570224,0.0144847818115145,0.267143381004767
212273.411807,2499366.126422,0.760622710622711,0.0173992673992674,0.000549450549450549,0.0446886446886447,0.019047619047619,0.157692307692308
212773.411807,2499366.126422,0.849084249084249,0.0183150183150183,0,0.00128205128205128,0.000183150183150183,0.131135531135531
213273.411807,2499366.126422,0.861386138613861,0.00128346167950128,0,0,0,0.137330399706637
213773.411807,2499366.126422,0.94047619047619,0,0,0,0,0.0595238095238095
214273.411807,2499366.126422,0.968315018315018,0,0,0,0,0.0316849816849817
214773.411807,2499366.126422,0.898973230656399,0,0,0,0,0.101026769343601
215273.411807,2499366.126422,0.934432234432234,0,0,0,0,0.0655677655677656
215773.411807,2499366.126422,0.768864468864469,0.00970695970695971,0,0.000183150183150183,0.000366300366300366,0.220879120879121
216273.411807,2499366.126422,0.771910524385772,0.00531719838650532,0,0.0022002200220022,0.00568390172350568,0.214888155482215
216773.411807,2499366.126422,0.801282051282051,0.00494505494505494,0,0,0,0.193772893772894
217273.411807,2499366.126422,0.832783882783883,0,0,0,0,0.167216117216117
217773.411807,2499366.126422,0.896039603960396,0.0119178584525119,0,0.000366703337000367,0,0.0916758342500917
218273.411807,2499366.126422,0.833333333333333,0.0043956043956044,0,0.0619047619047619,0.0166666666666667,0.0836996336996337
218773.411807,2499366.126422,0.383882783882784,0.0388278388278388,0.394871794871795,0.0932234432234432,0.0148351648351648,0.0743589743589744
219273.411807,2499366.126422,0.633846718005134,0.0814081408140814,0.218371837183718,0.0297029702970297,0.0100843417675101,0.0265859919325266
219773.411807,2499366.126422,0.528021978021978,0.0965201465201465,0.138827838827839,0.0754578754578755,0.0443223443223443,0.116849816849817
220273.411807,2499366.126422,0.704945054945055,0.0441391941391941,0.0516483516483516,0.0366300366300366,0.0347985347985348,0.127838827838828
220773.411807,2499366.126422,0.482581591492483,0.106160616061606,0.11037770443711,0.0781078107810781,0.048954895489549,0.173817381738174
221273.411807,2499366.126422,0.408241758241758,0.0776556776556777,0.378754578754579,0.0351648351648352,0.0344322344322344,0.0657509157509158
221773.411807,2499366.126422,0.897252747252747,0.063003663003663,0.0111721611721612,0.0100732600732601,0.0106227106227106,0.00787545787545788
222273.411807,2499366.126422,0.914191419141914,0.0385038503850385,0.000366703337000367,0.00806747341400807,0.00788412174550788,0.030986431976531
222773.411807,2499366.126422,0.536080586080586,0.163553113553114,0.272893772893773,0.0126373626373626,0.0148351648351648,0
223273.411807,2499366.126422,0.105311355311355,0.163369963369963,0.647252747252747,0.0461538461538462,0.0108058608058608,0.0271062271062271
223773.411807,2499366.126422,0.767693436010268,0.0254858819215255,0.128346167950128,0.0207187385405207,0.0577557755775578,0
224273.411807,2499366.126422,0.535810810810811,0.0162162162162162,0.0206081081081081,0.134121621621622,0.288851351351351,0.00439189189189189
211773.411807,2498866.126422,0.265164009529045,0.0665200659703134,0.000183250870441635,0.0800806303829943,0.0443467106468756,0.54370533260033
212273.411807,2498866.126422,0.517709671499358,0.00550559735731327,0,0.0717562855569829,0.0300972655533125,0.374931180033034
212773.411807,2498866.126422,0.833669539702916,0.00476801760498808,0,0.0022006235099945,0.000916926462497708,0.158444892719604
213273.411807,2498866.126422,0.878687923767638,0.000183250870441635,0,0.000916254352208173,0.000733003481766538,0.119479567527946
213773.411807,2498866.126422,0.844191594788035,0.00422095797394017,0,0.000367039823820885,0.000183519911910442,0.151036887502294
214273.411807,2498866.126422,0.964606638547588,0,0,0,0,0.0353933614524115
214773.411807,2498866.126422,0.919369617005681,0,0,0,0,0.0806303829943192
215273.411807,2498866.126422,0.810607450908424,0.00165167920719398,0,0.00165167920719398,0.000183519911910442,0.185905670765278
215773.411807,2498866.126422,0.707133687878232,0.00385109114249037,0,0.0100861910874748,0.0053181734824867,0.273610856409316
216273.411807,2498866.126422,0.776617188931647,0.0674363203225215,0,0.00109950522264981,0.00109950522264981,0.153747480300531
216773.411807,2498866.126422,0.732795008258396,0.0172508717195816,0.00110111947146265,0.0249587080198202,0.012846393833731,0.211047898697009
217273.411807,2498866.126422,0.873280762882817,0,0,0,0,0.126719237117183
217773.411807,2498866.126422,0.863294850650541,0,0,0,0,0.136705149349459
218273.411807,2498866.126422,0.884565975408332,0.00715727656450725,0.00385391815011929,0.0341347036153423,0.00899247568361167,0.0612956505780877
218773.411807,2498866.126422,0.532367504126169,0.0258573262424354,0.293783238584266,0.0518980377773703,0.0159545204474601,0.0801393728222996
219273.411807,2498866.126422,0.956936045446216,0.0100787978742899,0,0,0.000366501740883269,0.032618654938611
219773.411807,2498866.126422,0.625252339878877,0.0693705267021472,0.169205358781428,0.046063497889521,0.0271609469627455,0.0629473297852817
220273.411807,2498866.126422,0.709150926095727,0.165963689712085,0.035209976159912,0.024390243902439,0.0247570144874381,0.0405281496423987
220773.411807,2498866.126422,0.870991387209089,0.0549752611324904,0.00916254352208173,0.00824628916987356,0.00623052959501558,0.0503939893714495
221273.411807,2498866.126422,0.540282620664342,0.093778674986236,0.192695907505964,0.0695540466140576,0.0273444668746559,0.076344283354744
221773.411807,2498866.126422,0.735375022923162,0.0300751879699248,0.0251237850724372,0.0187052998349532,0.0165046763249587,0.174216027874564
222273.411807,2498866.126422,0.704233095107202,0.0218068535825545,0.00714678394722375,0.0403151914971596,0.0238226131574125,0.202675462708448
222773.411807,2498866.126422,0.791154340245917,0.0673518076711323,0.0168838318957607,0.0330335841438796,0.0350523031748945,0.0565241328684162
223273.411807,2498866.126422,0.851641298367871,0.0260407115349349,0.0124701998899688,0.0311754997249221,0.0297084173849257,0.0489638730973776
223773.411807,2498866.126422,0.949972512369434,0.0388491845336265,0.00751328568810702,0.000916254352208173,0.00274876305662452,0
224273.411807,2498866.126422,0.34271186440678,0,0,0.378983050847458,0.278305084745763,0
211773.411807,2498366.126422,0.130586080586081,0.0694139194139194,0.000732600732600733,0.080952380952381,0.0424908424908425,0.675824175824176
212273.411807,2498366.126422,0.705137614678899,0.0955963302752294,0,0.0143119266055046,0.0244036697247706,0.160550458715596
212773.411807,2498366.126422,0.864245092643552,0.00201797835259585,0,0.00642084021280499,0.00440286186020914,0.122913226930838
213273.411807,2498366.126422,0.849267399267399,0.0177655677655678,0,0.00256410256410256,0.00238095238095238,0.128021978021978
213773.411807,2498366.126422,0.81651376146789,0.0456880733944954,0,0.00073394495412844,0.00110091743119266,0.135963302752294
214273.411807,2498366.126422,0.867914144193726,0.0091726288754357,0,0.00293524124013942,0.001284168042561,0.118693817648138
214773.411807,2498366.126422,0.841025641025641,0.00384615384615385,0,0.00164835164835165,0.00274725274725275,0.150732600732601
215273.411807,2498366.126422,0.802935779816514,0.0055045871559633,0.00165137614678899,0.0128440366972477,0.00330275229357798,0.173761467889908
215773.411807,2498366.126422,0.760594386351128,0.00220143093010457,0,0.0100898917629793,0.0066042927903137,0.220509998165474
216273.411807,2498366.126422,0.824358974358974,0.0021978021978022,0,0.00586080586080586,0.0032967032967033,0.164285714285714
216773.411807,2498366.126422,0.902018348623853,0,0,0,0,0.0979816513761468
217273.411807,2498366.126422,0.894147862777472,0,0,0,0,0.105852137222528
217773.411807,2498366.126422,0.916117216117216,0,0,0,0,0.0838827838827839
218273.411807,2498366.126422,0.922935779816514,0,0,0,0,0.0770642201834862
218773.411807,2498366.126422,0.410750321042011,0.0500825536598789,0.31095211887727,0.0561364887176665,0.0196294257934324,0.152449091909741
219273.411807,2498366.126422,0.886813186813187,0.00164835164835165,0.00659340659340659,0.00512820512820513,0.0010989010989011,0.0987179487179487
219773.411807,2498366.126422,0.918532110091743,0.0122935779816514,0.00018348623853211,0.00770642201834862,0.00623853211009174,0.055045871559633
220273.411807,2498366.126422,0.788295725554944,0.0774169877086773,0.00843881856540084,0.0150431113557145,0.0148596587782058,0.0959456980370574
220773.411807,2498366.126422,0.92032967032967,0.0282051282051282,0,0.0100732600732601,0.0119047619047619,0.0294871794871795
221273.411807,2498366.126422,0.938532110091743,0.0161467889908257,0,0.0113761467889908,0.0108256880733945,0.0231192660550459
221773.411807,2498366.126422,0.673454412034489,0.126398825903504,0.0346725371491469,0.0385250412768299,0.0306365804439552,0.0963126031920749
222273.411807,2498366.126422,0.273626373626374,0.316300366300366,0.162271062271062,0.122527472527473,0.0721611721611722,0.0531135531135531
222773.411807,2498366.126422,0.21743119266055,0.143669724770642,0.413211009174312,0.11045871559633,0.0924770642201835,0.0227522935779817
223273.411807,2498366.126422,0.467804072647221,0.0739313887360117,0.296642817831591,0.067327095945698,0.0581544670702623,0.0361401577692167
223773.411807,2498366.126422,0.527106227106227,0.00915750915750916,0.000366300366300366,0.394322344322344,0.0677655677655678,0.00128205128205128
224273.411807,2498366.126422,0.0985438537080935,0.00338638672536404,0,0.886894683372841,0.0111750761937013,0
211773.411807,2497866.126422,0.296479647964796,0.0836083608360836,0.0302530253025303,0.0944261092775944,0.0564723138980565,0.438760542720939
212273.411807,2497866.126422,0.661355311355311,0.0197802197802198,0.000366300366300366,0.0575091575091575,0.0238095238095238,0.237179487179487
212773.411807,2497866.126422,0.599084249084249,0.0315018315018315,0.000732600732600733,0.0494505494505494,0.0346153846153846,0.284615384615385
213273.411807,2497866.126422,0.896956362302897,0.00256692335900257,0,0,0,0.1004767143381
213773.411807,2497866.126422,0.83040293040293,0.00347985347985348,0,0.000183150183150183,0.000183150183150183,0.165750915750916
214273.411807,2497866.126422,0.778021978021978,0.00989010989010989,0,0,0,0.212087912087912
214773.411807,2497866.126422,0.822515584891823,0.00751741840850752,0,0.00348368170150348,0.000733406674000733,0.165749908324166
215273.411807,2497866.126422,0.782051282051282,0.0386446886446886,0,0.0142857142857143,0.0133699633699634,0.151648351648352
215773.411807,2497866.126422,0.873443223443223,0,0,0,0,0.126556776556777
216273.411807,2497866.126422,0.779061239457279,0.00055005500550055,0,0.00201686835350202,0.0011001100110011,0.217271727172717
216773.411807,2497866.126422,0.826190476190476,0.0021978021978022,0,0.00897435897435897,0.00549450549450549,0.157142857142857
217273.411807,2497866.126422,0.456043956043956,0.0217948717948718,0.194139194139194,0.193589743589744,0.00879120879120879,0.125641025641026
217773.411807,2497866.126422,0.704253758709204,0.00751741840850752,0.0168683535020169,0.0826916024935827,0.0154015401540154,0.173267326732673
218273.411807,2497866.126422,0.607875457875458,0.0131868131868132,0.143223443223443,0.115934065934066,0.00531135531135531,0.114468864468864
218773.411807,2497866.126422,0.72014652014652,0.030952380952381,0.125641025641026,0.0208791208791209,0.00677655677655678,0.0956043956043956
219273.411807,2497866.126422,0.638247158049138,0.185735240190686,0.12027869453612,0.015951595159516,0.0212687935460213,0.0185185185185185
219773.411807,2497866.126422,0.82014652014652,0.0159340659340659,0.000183150183150183,0.00457875457875458,0.00531135531135531,0.153846153846154
220273.411807,2497866.126422,0.835164835164835,0.0208791208791209,0,0,0,0.143956043956044
220773.411807,2497866.126422,0.773560689402274,0.0245691235790246,0,0.000733406674000733,0.00183351668500183,0.199303263659699
221273.411807,2497866.126422,0.917948717948718,0.0192307692307692,0,0.00531135531135531,0.00402930402930403,0.0534798534798535
221773.411807,2497866.126422,0.891941391941392,0.01996336996337,0.00549450549450549,0.0102564102564103,0.00714285714285714,0.0652014652014652
222273.411807,2497866.126422,0.631646497983132,0.211037770443711,0.124862486248625,0.00605060506050605,0.00293362669600293,0.0234690135680235
222773.411807,2497866.126422,0.877106227106227,0.0593406593406593,0.036996336996337,0.00476190476190476,0.00274725274725275,0.019047619047619
223273.411807,2497866.126422,0.910622710622711,0.0175824175824176,0.00146520146520147,0.0119047619047619,0.0106227106227106,0.0478021978021978
223773.411807,2497866.126422,0.819398606527319,0.0344701136780345,0.0108177484415108,0.0707737440410708,0.0548221488815548,0.00971763843050972
224273.411807,2497866.126422,0.397635135135135,0.022972972972973,0,0.477027027027027,0.102027027027027,0.000337837837837838
211773.411807,2497366.126422,0.187832142202675,0.0685358255451713,0,0.0595565328935312,0.0359171706065604,0.648158328752062
212273.411807,2497366.126422,0.297118737383006,0.0535878142778491,0.00110111947146265,0.105156909524683,0.0420260598274913,0.501009359515507
212773.411807,2497366.126422,0.712268476068219,0.0265908674124335,0,0.0319090408949202,0.0141206675224647,0.215110948101962
213273.411807,2497366.126422,0.883085944658237,0.00256551218618288,0,0,0,0.11434854315558
213773.411807,2497366.126422,0.778491466324096,0.009543035419343,0.000550559735731327,0.0236740686364471,0.0113782345384474,0.176362635345935
214273.411807,2497366.126422,0.689161929213277,0.00935264991747662,0,0.0135705116449661,0.00843572345497891,0.279479185769301
214773.411807,2497366.126422,0.854682059739784,0.00183250870441635,0.000366501740883269,0.0047645226314825,0.00256551218618288,0.135788894997251
215273.411807,2497366.126422,0.897045329418242,0.00238575885483575,0,0,0,0.100568911726922
215773.411807,2497366.126422,0.89583715386026,0,0,0,0,0.10416284613974
216273.411807,2497366.126422,0.859629833241708,0,0,0.000183250870441635,0.000183250870441635,0.140003665017409
216773.411807,2497366.126422,0.416223160212883,0.0150486327766563,0.144430170673518,0.0849697192145348,0.00679023674068636,0.332538080381721
217273.411807,2497366.126422,0.76416651384559,0.0225563909774436,0.0535485054098661,0.0286081056299285,0.00696864111498258,0.12415184302219
217773.411807,2497366.126422,0.616272677295217,0.0350009162543522,0.146783947223749,0.0540590067802822,0.0174088326919553,0.130474619754444
218273.411807,2497366.126422,0.819783446503946,0.0258763075793724,0.0422095797394017,0.00495503762158194,0.00513855753349238,0.102037071022206
218773.411807,2497366.126422,0.805794975242985,0.086007702182285,0.0172382174949569,0.00385109114249037,0.00770218228498074,0.0794058316523015
219273.411807,2497366.126422,0.868975627634231,0.0465457210921752,0,0.00678028220634048,0.00513102437236577,0.0725673446948873
219773.411807,2497366.126422,0.553312534409984,0.0453294182418792,0.000917599559552211,0.0034868783262984,0.00330335841438796,0.393650211047899
220273.411807,2497366.126422,0.715752796625711,0.112781954887218,0,0.00403447643498991,0.00256739409499358,0.164863377957088
220773.411807,2497366.126422,0.780831958951805,0.0558915154846986,0,0.000733003481766538,0.00146600696353308,0.161077515118197
221273.411807,2497366.126422,0.948981464488897,0,0,0.000550559735731327,0.000183519911910442,0.0502844558634612
221773.411807,2497366.126422,0.898037777370255,0.0608839171098478,0.000550155877498625,0.0075187969924812,0.00568494406748579,0.0273244085824317
222273.411807,2497366.126422,0.909290819131391,0.0362836723474437,0.01905809052593,0.0133773135422393,0.0142935678944475,0.00769653655854865
222773.411807,2497366.126422,0.694072306845293,0.141493852082951,0.136722334373279,0.0135804734813727,0.012846393833731,0.0012846393833731
223273.411807,2497366.126422,0.90408949202274,0.0612506876948469,0.0146708233999633,0.00330093526499175,0.00513478818998716,0.0115532734274711
223773.411807,2497366.126422,0.693787795492029,0.0502107385010079,0.114165292285138,0.110866776617189,0.0284038849184534,0.00256551218618288
224273.411807,2497366.126422,0.769830508474576,0.0322033898305085,0.0847457627118644,0.0416949152542373,0.0674576271186441,0.00406779661016949
211773.411807,2496866.126422,0.41978021978022,0.097985347985348,0,0.0043956043956044,0.00238095238095238,0.475457875457875
212273.411807,2496866.126422,0.558165137614679,0.023302752293578,0,0.024954128440367,0.0135779816513761,0.38
212773.411807,2496866.126422,0.735277930654926,0,0,0,0,0.264722069345074
213273.411807,2496866.126422,0.701282051282051,0.0043956043956044,0,0.000549450549450549,0,0.293772893772894
213773.411807,2496866.126422,0.863119266055046,0.0205504587155963,0,0.00110091743119266,0.000917431192660551,0.114311926605505
214273.411807,2496866.126422,0.689414786277747,0.00421940928270042,0,0.0133920381581361,0.00532012474775271,0.287653641533664
214773.411807,2496866.126422,0.795970695970696,0.000732600732600733,0,0.0043956043956044,0.00146520146520147,0.197435897435897
215273.411807,2496866.126422,0.624770642201835,0.0128440366972477,0.00073394495412844,0.0921100917431193,0.0225688073394495,0.24697247706422
215773.411807,2496866.126422,0.707393138873601,0,0,0.000733810310034856,0,0.291873050816364
216273.411807,2496866.126422,0.578021978021978,0.00512820512820513,0.0818681318681319,0.106227106227106,0.00897435897435897,0.21978021978022
216773.411807,2496866.126422,0.372293577981651,0.0273394495412844,0.344220183486239,0.058348623853211,0.00477064220183486,0.19302752293578
217273.411807,2496866.126422,0.440102733443405,0.0139423958906623,0.064758759860576,0.110438451660246,0.0108237020730141,0.359933957072097
217773.411807,2496866.126422,0.722161172161172,0.0142857142857143,0.00238095238095238,0.00311355311355311,0.00183150183150183,0.256227106227106
218273.411807,2496866.126422,0.738715596330275,0.0055045871559633,0,0.00036697247706422,0.00146788990825688,0.25394495412844
218773.411807,2496866.126422,0.707943496606127,0.0933773619519354,0,0.00091726288754357,0.00146762062006971,0.196294257934324
219273.411807,2496866.126422,0.645970695970696,0.0485347985347985,0,0.00311355311355311,0.00238095238095238,0.3
219773.411807,2496866.126422,0.526788990825688,0.0623853211009174,0,0.00018348623853211,0.00036697247706422,0.410275229357798
220273.411807,2496866.126422,0.314988075582462,0.00972298660796184,0,0.000183452577508714,0.000366905155017428,0.67473858007705
220773.411807,2496866.126422,0.599084249084249,0.00164835164835165,0.000183150183150183,0.00567765567765568,0.00402930402930403,0.389377289377289
221273.411807,2496866.126422,0.657431192660551,0.00128440366972477,0,0.00036697247706422,0.00055045871559633,0.340366972477064
221773.411807,2496866.126422,0.628141625389837,0.00880572372041827,0.00715465052283985,0.0504494588148963,0.0108237020730141,0.294624839478995
222273.411807,2496866.126422,0.583333333333333,0.01996336996337,0.0104395604395604,0.131135531135531,0.0424908424908425,0.212637362637363
222773.411807,2496866.126422,0.577247706422018,0.0234862385321101,0.00440366972477064,0.0647706422018349,0.0357798165137615,0.294311926605505
223273.411807,2496866.126422,0.55916345624656,0.160154100165107,0.000366905155017428,0.0365070629242341,0.0405430196294258,0.203265455879655
223773.411807,2496866.126422,0.707142857142857,0.0796703296703297,0.000915750915750916,0.0188644688644689,0.0223443223443223,0.171062271062271
224273.411807,2496866.126422,0.745343718252624,0.0548594649508974,0,0.0206569590247206,0.0203183203521842,0.158821537419573
211773.411807,2496366.126422,0.647964796479648,0.00971763843050972,0,0.0196186285295196,0.00898423175650898,0.313714704803814
212273.411807,2496366.126422,0.723076923076923,0.0212454212454212,0,0.000549450549450549,0,0.255128205128205
212773.411807,2496366.126422,0.876007326007326,0.0122710622710623,0,0,0,0.111721611721612
213273.411807,2496366.126422,0.462779611294463,0.0148514851485149,0,0.00055005500550055,0,0.521818848551522
213773.411807,2496366.126422,0.733150183150183,0.00293040293040293,0,0.000549450549450549,0.000183150183150183,0.263186813186813
214273.411807,2496366.126422,0.770695970695971,0.000732600732600733,0,0.015018315018315,0.00494505494505494,0.208608058608059
214773.411807,2496366.126422,0.706637330399707,0.0339200586725339,0,0.00788412174550788,0.00861752841950862,0.242940960762743
215273.411807,2496366.126422,0.662637362637363,0.01996336996337,0.000549450549450549,0.0274725274725275,0.00952380952380952,0.27985347985348
215773.411807,2496366.126422,0.680769230769231,0.00531135531135531,0.0197802197802198,0.0298534798534799,0.00274725274725275,0.261538461538462
216273.411807,2496366.126422,0.699303263659699,0,0,0.00806747341400807,0.0011001100110011,0.291529152915292
