"x","y","forest","agri","water","built","other","grass"
225773.411807,2723866.126422,0.00183519911910442,0.133051936135071,0.30721233253808,0.452009543035419,0.0295467058175812,0.076344283354744
226273.411807,2723866.126422,0.0344764349899138,0.354667155694113,0,0.111131487254722,0.134421419402164,0.365303502659087
226773.411807,2723866.126422,0.0208905992303463,0.251603445116364,0,0.121312076232362,0.0690855781564962,0.537108301264431
227273.411807,2723866.126422,0.110846026793907,0.201137823453845,0.00293631859056708,0.17434391631492,0.124059460451459,0.386676454395302
227773.411807,2723866.126422,0.0324591967724189,0.125068769484687,0.0212726939299468,0.363286264441592,0.117549972492206,0.340363102879149
228273.411807,2723866.126422,0.103903243540407,0.143302180685358,0,0.131024372365769,0.125343595382078,0.496426608026388
228773.411807,2723866.126422,0.103321710405579,0.18260231235089,0.00385391815011929,0.175445035786383,0.142962011378235,0.391815011928794
229273.411807,2723866.126422,0.127086007702182,0.174949569044563,0.0022006235099945,0.0546488171648634,0.0577663671373556,0.583348615441042
229773.411807,2723866.126422,0.0808136338647609,0.127542605827378,0.00751328568810702,0.117097306212205,0.0756826094923951,0.591350558915155
230273.411807,2723866.126422,0.0737750045879978,0.0847861993026243,0.0297302257294917,0.202789502661039,0.0952468342815195,0.513672233437328
230773.411807,2723866.126422,0.0984779020722538,0.138822666422153,0.00586832935998533,0.25215477718687,0.135521731157161,0.369154593801577
231273.411807,2723866.126422,0.119846069268829,0.156679494227598,0.0357339197361187,0.11324903793293,0.101704233095107,0.472787245739417
231773.411807,2723866.126422,0.436593870434942,0.07469260414755,0.000550559735731327,0.00789135621214902,0.0172508717195816,0.463020737750046
232273.411807,2723866.126422,0.389877131854025,0.0542820465798643,0.00128369704749679,0.0361269026224097,0.033192737942417,0.485237483953787
232773.411807,2723866.126422,0.501007879787429,0.0100787978742899,0.000916254352208173,0.0106285504856148,0.00879604178119846,0.46857247571926
233273.411807,2723866.126422,0.504679757753716,0.0187190310148651,0,0.047715177096715,0.0258763075793724,0.403009726555331
233773.411807,2723866.126422,0.759031725655602,0.00128369704749679,0,0.0168714469099578,0.0100861910874748,0.212726939299468
234273.411807,2723866.126422,0.465457210921752,0.0304196444933113,0,0.045629466739967,0.0533260032985157,0.405167674546454
234773.411807,2723866.126422,0.351073591484676,0.00587263718113415,0.0214718296935217,0.202422462837218,0.0471646173609837,0.371994861442467
235273.411807,2723866.126422,0.450761048963873,0.00733541169998166,0.0100861910874748,0.286447826884284,0.0297084173849257,0.215661103979461
235773.411807,2723866.126422,0.564229430089793,0.0183250870441635,0,0.0223566061938794,0.0564412680960235,0.338647608576141
236273.411807,2723866.126422,0.669664158561204,0.00385391815011929,0,0.0231235089007157,0.04147550009176,0.261882914296201
236773.411807,2723866.126422,0.581331377223547,0.00513478818998716,0.000550155877498625,0.0124701998899688,0.0183385292499542,0.382174949569045
237273.411807,2723866.126422,0.800109829763866,0,0,0,0,0.199890170236134
225773.411807,2723366.126422,0,0,0.975229357798165,0.0247706422018349,0,0
226273.411807,2723366.126422,0.0177949000183453,0.0794349660612732,0.394056136488718,0.340121078701156,0.0875068794716566,0.0810860392588516
226773.411807,2723366.126422,0.0318681318681319,0.143772893772894,0.00732600732600733,0.219230769230769,0.120695970695971,0.477106227106227
227273.411807,2723366.126422,0.168440366972477,0.126422018348624,0.00146788990825688,0.0809174311926606,0.11743119266055,0.505321100917431
227773.411807,2723366.126422,0.0842047330764997,0.251146578609429,0.00550357732526142,0.0820033021463952,0.0860392588515869,0.491102549990827
228273.411807,2723366.126422,0.102747252747253,0.0904761904761905,0.0247252747252747,0.266483516483516,0.134981684981685,0.380586080586081
228773.411807,2723366.126422,0.0796330275229358,0.0411009174311927,0.0291743119266055,0.582935779816514,0.129908256880734,0.137247706422018
229273.411807,2723366.126422,0.0543019629425793,0.156485048614933,0.00623738763529628,0.329664281783159,0.126398825903504,0.326912493120528
229773.411807,2723366.126422,0.0714285714285714,0.213186813186813,0.00201465201465201,0.163186813186813,0.126190476190476,0.423992673992674
230273.411807,2723366.126422,0.101284403669725,0.255045871559633,0.00293577981651376,0.114495412844037,0.078348623853211,0.447889908256881
230773.411807,2723366.126422,0.0262337185837461,0.244175380664098,0.0818198495688864,0.276646486883141,0.132452760961291,0.238671803338837
231273.411807,2723366.126422,0.0454212454212454,0.213369963369963,0.000366300366300366,0.292490842490843,0.130769230769231,0.317582417582418
231773.411807,2723366.126422,0.0423853211009174,0.351559633027523,0.00697247706422018,0.0777981651376147,0.0855045871559633,0.435779816513761
232273.411807,2723366.126422,0.0486149330398092,0.202898550724638,0.00568702990277013,0.161438268207668,0.106769400110072,0.474591818015043
232773.411807,2723366.126422,0.598168498168498,0.0247252747252747,0,0.0124542124542125,0.0115384615384615,0.353113553113553
233273.411807,2723366.126422,0.767155963302752,0.00073394495412844,0,0.00201834862385321,0.0055045871559633,0.224587155963303
233773.411807,2723366.126422,0.436066776738213,0.016694184553293,0,0.144377178499358,0.101999633094845,0.300862227114291
234273.411807,2723366.126422,0.501098901098901,0.0115384615384615,0.000366300366300366,0.0188644688644689,0.0263736263736264,0.441758241758242
234773.411807,2723366.126422,0.53651376146789,0.00605504587155963,0,0.00954128440366972,0.0181651376146789,0.429724770642202
235273.411807,2723366.126422,0.727756374977068,0.00311869381764814,0.000183452577508714,0.00715465052283985,0.01284168042561,0.248945147679325
235773.411807,2723366.126422,0.718315018315018,0.00274725274725275,0.00421245421245421,0.013003663003663,0.0194139194139194,0.242307692307692
236273.411807,2723366.126422,0.571559633027523,0.0288073394495413,0.00128440366972477,0.0640366972477064,0.061651376146789,0.272660550458716
236773.411807,2723366.126422,0.654558796551092,0.0130251330031187,0,0.00366905155017428,0.00275178866263071,0.325995230232985
237273.411807,2723366.126422,0.701427003293084,0.000274423710208562,0,0.000823271130625686,0,0.297475301866081
225273.411807,2722866.126422,0.127979464613128,0.0511551155115512,0.0738907224055739,0.318665199853319,0.0850751741840851,0.343234323432343
225773.411807,2722866.126422,0.0326007326007326,0.0241758241758242,0.367948717948718,0.445970695970696,0.0752747252747253,0.054029304029304
226273.411807,2722866.126422,0.0346153846153846,0.0296703296703297,0.478205128205128,0.213369963369963,0.0210622710622711,0.223076923076923
226773.411807,2722866.126422,0.017968463513018,0.037037037037037,0.532636596993033,0.292995966263293,0.0616061606160616,0.0577557755775578
227273.411807,2722866.126422,0.0489010989010989,0.0888278388278388,0.12014652014652,0.206043956043956,0.116849816849817,0.419230769230769
227773.411807,2722866.126422,0.0256410256410256,0.0924908424908425,0.000549450549450549,0.0844322344322344,0.0957875457875458,0.701098901098901
228273.411807,2722866.126422,0.0581224789145581,0.0280528052805281,0.0328199486615328,0.612577924459113,0.137330399706637,0.131096442977631
228773.411807,2722866.126422,0.0302197802197802,0.114652014652015,0.00732600732600733,0.399084249084249,0.146520146520147,0.302197802197802
229273.411807,2722866.126422,0.0384615384615385,0.0967032967032967,0.0293040293040293,0.586446886446886,0.157875457875458,0.0912087912087912
229773.411807,2722866.126422,0.0559222588925559,0.248991565823249,0.00128346167950128,0.228456178951228,0.119178584525119,0.346167950128346
230273.411807,2722866.126422,0.0164835164835165,0.397252747252747,0.0727106227106227,0.0628205128205128,0.0906593406593407,0.36007326007326
230773.411807,2722866.126422,0.0287545787545788,0.214468864468864,0.0241758241758242,0.147252747252747,0.0932234432234432,0.492124542124542
231273.411807,2722866.126422,0.0396039603960396,0.0771910524385772,0.00421708837550422,0.491199119911991,0.134580124679135,0.253208654198753
231773.411807,2722866.126422,0.0408424908424908,0.0926739926739927,0.0010989010989011,0.22032967032967,0.207142857142857,0.437912087912088
232273.411807,2722866.126422,0,0.0137362637362637,0.0970695970695971,0.5996336996337,0.168864468864469,0.120695970695971
232773.411807,2722866.126422,0.0117345067840117,0.0297029702970297,0,0.188852218555189,0.208837550421709,0.560872753942061
233273.411807,2722866.126422,0.267399267399267,0.0238095238095238,0.00164835164835165,0.199267399267399,0.144139194139194,0.363736263736264
233773.411807,2722866.126422,0.252564102564103,0.0177655677655678,0,0.0721611721611722,0.0697802197802198,0.587728937728938
234273.411807,2722866.126422,0.331316464979831,0.0044004400440044,0,0.0139347268060139,0.0216354968830216,0.628712871287129
234773.411807,2722866.126422,0.556410256410256,0.00347985347985348,0.000366300366300366,0.0384615384615385,0.0243589743589744,0.376923076923077
235273.411807,2722866.126422,0.652380952380952,0,0,0.00567765567765568,0.00494505494505494,0.336996336996337
235773.411807,2722866.126422,0.626145947928126,0.000366703337000367,0,0.00146681334800147,0.0022002200220022,0.36982031536487
236273.411807,2722866.126422,0.541941391941392,0.0100732600732601,0.000183150183150183,0.0666666666666667,0.0604395604395604,0.320695970695971
236773.411807,2722866.126422,0.55970695970696,0.0161172161172161,0.000732600732600733,0.00714285714285714,0.0159340659340659,0.4003663003663
237273.411807,2722866.126422,0.539264140582098,0.00274574409665019,0.000823723228995058,0.00192202086765513,0.0181219110378913,0.437122460186711
224773.411807,2722366.126422,0.413827655310621,0.108967935871743,0,0.0959418837675351,0.0420841683366733,0.339178356713427
225273.411807,2722366.126422,0.373648524830493,0.408649441084845,0,0.00568077698369067,0.00403151914971596,0.207989737951255
225773.411807,2722366.126422,0.513672233437328,0.00256927876674619,0,0.0234905487245366,0.0277115066984768,0.432556432372912
226273.411807,2722366.126422,0.330276911791674,0.0234733174399413,0.114249037227214,0.0900421786172749,0.0546488171648634,0.387309737759032
226773.411807,2722366.126422,0.0751328568810702,0.0106285504856148,0.488730071467839,0.11324903793293,0.0844786512735936,0.227780831958952
227273.411807,2722366.126422,0.0598274912828042,0.0484492567443568,0.270875389979813,0.117819783446504,0.0959809139291613,0.407047164617361
227773.411807,2722366.126422,0.0599669906473501,0.0273244085824317,0.283697047496791,0.23179900971942,0.105446543187236,0.291766000366771
228273.411807,2722366.126422,0.0399486897562763,0.0492944841487997,0.211288253619205,0.218435037566428,0.123144584936778,0.357888949972512
228773.411807,2722366.126422,0.0260598274912828,0.112864745824922,0.0324830244081483,0.310332171040558,0.0554230133969536,0.462837217838135
229273.411807,2722366.126422,0.033192737942417,0.189437007152026,0.0629011553273428,0.356867779204108,0.0962772785622593,0.261324041811847
229773.411807,2722366.126422,0.0597397837639729,0.222100054975261,0.085761407366685,0.187832142202675,0.107201759208356,0.337364852483049
230273.411807,2722366.126422,0.0176179115434025,0.51458983299688,0.00311983850247752,0.0311983850247752,0.0328500642319692,0.400623967700496
230773.411807,2722366.126422,0.0022006235099945,0.251237850724372,0,0.046396479002384,0.0462130937098845,0.653951953053365
231273.411807,2722366.126422,0.0152098222466557,0.175737584753528,0,0.164376030786146,0.103536741799524,0.541139820414147
231773.411807,2722366.126422,0.0181684712791338,0.112314186089191,0,0.131216737015966,0.237658285924023,0.500642319691687
232273.411807,2722366.126422,0.0198056115899505,0.0210893086374473,0.00403447643498991,0.342196955804144,0.180634513112048,0.432239134421419
232773.411807,2722366.126422,0.0527762506871908,0.0399486897562763,0,0.190764156129742,0.235110866776617,0.481400036650174
233273.411807,2722366.126422,0.281336024958708,0.0372545421178198,0.0012846393833731,0.126628739218205,0.0836850798311617,0.469810974490732
233773.411807,2722366.126422,0.358885017421603,0.0623509994498441,0.000733541169998166,0.030808729139923,0.0495140289748762,0.497707683843756
234273.411807,2722366.126422,0.614440168590801,0.0119113065787062,0,0.00586402785413231,0.0102620487447315,0.357522448231629
234773.411807,2722366.126422,0.474949532024225,0.0163332721600294,0.00311983850247752,0.092126995779042,0.0367039823820885,0.376766379152138
235273.411807,2722366.126422,0.744727672840638,0,0,0.000550155877498625,0.00110031175499725,0.253621859526866
235773.411807,2722366.126422,0.436870075132857,0.00128275609309144,0,0.00458127176104087,0.00678028220634048,0.55048561480667
236273.411807,2722366.126422,0.566342448155625,0.00238575885483575,0,0.0499174160396403,0.0300972655533125,0.351257111396587
236773.411807,2722366.126422,0.454795525398863,0.0130203557674674,0.000550155877498625,0.0240234733174399,0.0253071703649367,0.482303319273794
237273.411807,2722366.126422,0.596650192202087,0.00466776496430533,0,0.0170236133992312,0.0214168039538715,0.360241625480505
224773.411807,2721866.126422,0.245991983967936,0.0030060120240481,0.198396793587174,0.0894288577154309,0.0480961923847695,0.415080160320641
225273.411807,2721866.126422,0.356593406593407,0.00787545787545788,0.000183150183150183,0.0291208791208791,0.0419413919413919,0.564285714285714
225773.411807,2721866.126422,0.493211009174312,0,0,0.00422018348623853,0.00238532110091743,0.500183486238532
226273.411807,2721866.126422,0.503026967528894,0.00110071546505228,0,0,0.00091726288754357,0.49495505411851
226773.411807,2721866.126422,0.52967032967033,0.00805860805860806,0,0.0104395604395604,0.00934065934065934,0.442490842490842
227273.411807,2721866.126422,0.280733944954128,0.0511926605504587,0.00715596330275229,0.217614678899083,0.084954128440367,0.358348623853211
227773.411807,2721866.126422,0.0820033021463952,0.0849385433865346,0.00366905155017428,0.284534947716015,0.154467070262337,0.390387084938543
228273.411807,2721866.126422,0.188095238095238,0.0412087912087912,0,0.0672161172161172,0.0761904761904762,0.627289377289377
228773.411807,2721866.126422,0.124770642201835,0.0585321100917431,0.023302752293578,0.174678899082569,0.0924770642201835,0.526238532110092
229273.411807,2721866.126422,0.157585764079985,0.0931939093744267,0.0572372041827188,0.218858924967896,0.117226197028068,0.355898000366905
229773.411807,2721866.126422,0.0338827838827839,0.211904761904762,0.173809523809524,0.0695970695970696,0.0516483516483516,0.459157509157509
230273.411807,2721866.126422,0.0211009174311927,0.423302752293578,0,0.118165137614679,0.0664220183486239,0.371009174311927
230773.411807,2721866.126422,0.0266006237387635,0.46358466336452,0,0.123830489818382,0.0687947165657677,0.317189506512566
231273.411807,2721866.126422,0.00934065934065934,0.286996336996337,0.00146520146520147,0.132051282051282,0.162820512820513,0.407326007326007
231773.411807,2721866.126422,0.0121100917431193,0.0557798165137615,0.00165137614678899,0.337981651376147,0.175412844036697,0.417064220183486
232273.411807,2721866.126422,0.0293524124013942,0.102916895982389,0.00623738763529628,0.545221060355898,0.140708126949184,0.175564116675839
232773.411807,2721866.126422,0.0575091575091575,0.174725274725275,0.00512820512820513,0.192490842490843,0.114652014652015,0.455494505494505
233273.411807,2721866.126422,0.154128440366972,0.161100917431193,0,0.0702752293577982,0.0565137614678899,0.557981651376147
233773.411807,2721866.126422,0.534580810860393,0.0436617134470739,0,0.0381581361218125,0.0155934690882407,0.36800587048248
234273.411807,2721866.126422,0.417582417582418,0.000732600732600733,0,0.000549450549450549,0.000549450549450549,0.580586080586081
234773.411807,2721866.126422,0.571743119266055,0.00055045871559633,0,0.0172477064220183,0.0121100917431193,0.398348623853211
235273.411807,2721866.126422,0.749770684278114,0,0,0.000550357732526142,0.000550357732526142,0.249128600256834
235773.411807,2721866.126422,0.70018315018315,0,0,0,0.000183150183150183,0.2996336996337
236273.411807,2721866.126422,0.590091743119266,0.00238532110091743,0.00036697247706422,0.0370642201834862,0.063302752293578,0.306788990825688
236773.411807,2721866.126422,0.729774353329664,0.00091726288754357,0,0.000733810310034856,0.00293524124013942,0.265639332232618
237273.411807,2721866.126422,0.681119648737651,0,0,0.000548847420417124,0.00109769484083425,0.317233809001098
224773.411807,2721366.126422,0.0615307653826913,0.0212606303151576,0.279389694847424,0.198599299649825,0.101550775387694,0.337668834417209
225273.411807,2721366.126422,0.459112577924459,0.0132013201320132,0.00055005500550055,0.0163182984965163,0.0212687935460213,0.48954895489549
225773.411807,2721366.126422,0.677106227106227,0,0,0.0010989010989011,0.0010989010989011,0.320695970695971
226273.411807,2721366.126422,0.550549450549451,0,0,0.0188644688644689,0.00512820512820513,0.425457875457875
226773.411807,2721366.126422,0.767326732673267,0,0,0.00256692335900257,0.00256692335900257,0.227539420608728
227273.411807,2721366.126422,0.285347985347985,0.0595238095238095,0,0.151098901098901,0.188644688644689,0.315384615384615
227773.411807,2721366.126422,0.159340659340659,0.0653846153846154,0,0.0749084249084249,0.0778388278388278,0.622527472527473
228273.411807,2721366.126422,0.206820682068207,0.026035936927026,0.00311697836450312,0.233039970663733,0.145214521452145,0.385771910524386
228773.411807,2721366.126422,0.410989010989011,0.00128205128205128,0,0.0166666666666667,0.017032967032967,0.554029304029304
229273.411807,2721366.126422,0.327106227106227,0.000915750915750916,0,0.00402930402930403,0.00732600732600733,0.660622710622711
229773.411807,2721366.126422,0.240557389072241,0.0166850018335167,0,0.00843417675100843,0.0113678034470114,0.722955628896223
230273.411807,2721366.126422,0.0637362637362637,0.100915750915751,0.0106227106227106,0.257875457875458,0.161355311355311,0.405494505494505
230773.411807,2721366.126422,0.0741758241758242,0.178388278388278,0.0148351648351648,0.457326007326007,0.0750915750915751,0.20018315018315
231273.411807,2721366.126422,0.0715071507150715,0.0577557755775578,0.0905757242390906,0.494866153281995,0.104877154382105,0.18041804180418
231773.411807,2721366.126422,0.0133699633699634,0.104578754578755,0.0580586080586081,0.442124542124542,0.142490842490842,0.239377289377289
232273.411807,2721366.126422,0.0305860805860806,0.318681318681319,0.00402930402930403,0.319413919413919,0.091025641025641,0.236263736263736
232773.411807,2721366.126422,0.0385038503850385,0.458929226255959,0.00623395672900623,0.168316831683168,0.07004033736707,0.257975797579758
233273.411807,2721366.126422,0.0397435897435897,0.496336996336996,0.00604395604395604,0.121978021978022,0.0657509157509158,0.27014652014652
233773.411807,2721366.126422,0.0148351648351648,0.478937728937729,0.0010989010989011,0.0604395604395604,0.0472527472527473,0.397435897435897
234273.411807,2721366.126422,0.407957462412908,0.0964429776310964,0.00513384671800513,0.0385038503850385,0.0403373670700403,0.411624495782912
234773.411807,2721366.126422,0.801282051282051,0,0,0,0,0.198717948717949
235273.411807,2721366.126422,0.829120879120879,0,0,0,0,0.170879120879121
235773.411807,2721366.126422,0.771910524385772,0,0,0.0128346167950128,0.0225522552255226,0.192702603593693
236273.411807,2721366.126422,0.596336996336996,0.00293040293040293,0.000366300366300366,0.0514652014652015,0.0373626373626374,0.311538461538462
236773.411807,2721366.126422,0.70952380952381,0,0,0.0124542124542125,0.00622710622710623,0.271794871794872
237273.411807,2721366.126422,0.689456342668863,0,0,0.00686436024162548,0.00521691378363537,0.298462383305876
224773.411807,2720866.126422,0.0603707414829659,0.220941883767535,0.0250501002004008,0.0921843687374749,0.121492985971944,0.479959919839679
225273.411807,2720866.126422,0.313358988455195,0.0119113065787062,0,0.00678028220634048,0.0144768187648891,0.653472603994869
225773.411807,2720866.126422,0.53110662506882,0,0,0,0,0.46889337493118
226273.411807,2720866.126422,0.617825050430955,0,0,0.00568494406748579,0.00403447643498991,0.372455529066569
226773.411807,2720866.126422,0.45519516217702,0.0163093274693055,0.00128275609309144,0.138354407183434,0.0500274876305662,0.338830859446582
227273.411807,2720866.126422,0.217287575701964,0.0141310332171041,0.00899247568361167,0.309781611304827,0.0798311616810424,0.369976142411452
227773.411807,2720866.126422,0.234733174399413,0.111681643132221,0.00550155877498625,0.175316339629562,0.0909591050797726,0.381808178984045
228273.411807,2720866.126422,0.132856881070185,0.205973978376397,0.0161260765988638,0.100421477002016,0.0919919369617006,0.452629649990837
228773.411807,2720866.126422,0.242429803633694,0.0767113231785649,0.000550559735731327,0.100752431638833,0.0660671682877592,0.513488713525417
229273.411807,2720866.126422,0.331743994131671,0.000550155877498625,0,0.0284247203374289,0.00861910874747845,0.630662020905923
229773.411807,2720866.126422,0.233095107201759,0.000916254352208173,0,0.00659703133589885,0.00769653655854865,0.751695070551585
230273.411807,2720866.126422,0.323178564874289,0.0155991925123876,0.0168838318957607,0.122407781244265,0.0227564690768948,0.499174160396403
230773.411807,2720866.126422,0.185035760132037,0.0221896203924445,0.0447460113698881,0.524848707133688,0.10012836970475,0.123051531267192
231273.411807,2720866.126422,0.198827194429174,0.0348176653839106,0.0384826827927433,0.378413047461975,0.0969397104636247,0.252519699468573
231773.411807,2720866.126422,0.0726738851165352,0.04147550009176,0.0512020554230134,0.574784364103505,0.0871719581574601,0.172692237107726
232273.411807,2720866.126422,0.0540986612873648,0.0161379057399597,0.037593984962406,0.622042912158445,0.104529616724739,0.165596919127086
232773.411807,2720866.126422,0.0628550485614807,0.112882536192047,0.000916254352208173,0.40919919369617,0.0740333516584204,0.340113615539674
233273.411807,2720866.126422,0.0201871903101487,0.449073224444852,0.000734079647641769,0.161497522481189,0.0869884382455496,0.281519544870618
233773.411807,2720866.126422,0.0438290849073904,0.510361269026224,0,0.0302585732624244,0.0542820465798643,0.361269026224097
234273.411807,2720866.126422,0.0639545537841305,0.252886201209456,0.00274876305662452,0.141469671980942,0.085761407366685,0.453179402602162
234773.411807,2720866.126422,0.755551477335291,0.00697375665259681,0.00183519911910442,0.0159662323362085,0.0104606349788952,0.209212699577904
235273.411807,2720866.126422,0.87584815697781,0,0,0,0,0.12415184302219
235773.411807,2720866.126422,0.646692321788529,0.000366501740883269,0,0.0663368150998717,0.0267546270844787,0.259849734286238
236273.411807,2720866.126422,0.649476968251055,0.00880895577170123,0.00110111947146265,0.00807487612405946,0.00991007524316388,0.322628005138558
236773.411807,2720866.126422,0.849990830735375,0.00696864111498258,0,0.00880249403997799,0.00403447643498991,0.130203557674674
237273.411807,2720866.126422,0.872872048325096,0.00219659527732015,0,0.000823723228995058,0.00192202086765513,0.122185612300934
224773.411807,2720366.126422,0.00901803607214429,0.184619238476954,0,0.063877755511022,0.0844188376753507,0.658066132264529
225273.411807,2720366.126422,0.15970695970696,0.0613553113553114,0,0.0838827838827839,0.115750915750916,0.579304029304029
225773.411807,2720366.126422,0.655045871559633,0.00165137614678899,0,0.000917431192660551,0.00311926605504587,0.339266055045872
226273.411807,2720366.126422,0.702256466703357,0.001284168042561,0,0.0155934690882407,0.00550357732526142,0.27536231884058
226773.411807,2720366.126422,0.262820512820513,0.0272893772893773,0.0142857142857143,0.391758241758242,0.0776556776556777,0.226190476190476
227273.411807,2720366.126422,0.190825688073395,0.0917431192660551,0.00036697247706422,0.151926605504587,0.12256880733945,0.44256880733945
227773.411807,2720366.126422,0.687947165657677,0,0,0.0476976701522656,0.017978352595854,0.246376811594203
228273.411807,2720366.126422,0.774175824175824,0,0,0,0,0.225824175824176
228773.411807,2720366.126422,0.285137614678899,0.0798165137614679,0,0.0390825688073395,0.0447706422018349,0.551192660550459
229273.411807,2720366.126422,0.283617684828472,0.0590717299578059,0,0.10695285268758,0.0726472206934507,0.477710511832691
229773.411807,2720366.126422,0.38992673992674,0.00366300366300366,0,0.0503663003663004,0.0324175824175824,0.523626373626374
230273.411807,2720366.126422,0.203669724770642,0.00275229357798165,0,0.0313761467889908,0.026605504587156,0.735596330275229
230773.411807,2720366.126422,0.20821867547239,0.0150431113557145,0.0631076866629976,0.381948266373143,0.0953953403045313,0.236286919831224
231273.411807,2720366.126422,0.20952380952381,0.0188644688644689,0.0164835164835165,0.201282051282051,0.0950549450549451,0.458791208791209
231773.411807,2720366.126422,0.0528440366972477,0.0372477064220183,0.0328440366972477,0.298899082568807,0.126605504587156,0.451559633027523
232273.411807,2720366.126422,0.0779673454412034,0.0443955237571088,0.0183452577508714,0.421207117960007,0.115024766097964,0.323059988992845
232773.411807,2720366.126422,0.0816849816849817,0.112454212454212,0.0168498168498168,0.341208791208791,0.157509157509158,0.29029304029304
233273.411807,2720366.126422,0.0499082568807339,0.174495412844037,0.00513761467889908,0.47394495412844,0.0981651376146789,0.198348623853211
233773.411807,2720366.126422,0.0359567051917079,0.153366354797285,0.0682443588332416,0.418822234452394,0.0697119794533113,0.25389836727206
234273.411807,2720366.126422,0.0338827838827839,0.422527472527473,0.00201465201465201,0.0862637362637363,0.0820512820512821,0.373260073260073
234773.411807,2720366.126422,0.57651376146789,0.0141284403669725,0.00055045871559633,0.0609174311926605,0.0354128440366972,0.312477064220184
235273.411807,2720366.126422,0.811043845166025,0,0,0,0.000550357732526142,0.188405797101449
235773.411807,2720366.126422,0.58956043956044,0.00164835164835165,0,0.0818681318681319,0.0274725274725275,0.299450549450549
236273.411807,2720366.126422,0.76,0.00715596330275229,0,0.00678899082568807,0.0155963302752294,0.21045871559633
236773.411807,2720366.126422,0.730875068794717,0.00715465052283985,0.00220143093010457,0.000366905155017428,0.002568336085122,0.2568336085122
237273.411807,2720366.126422,0.809275521405049,0.00850713501646542,0,0.00521405049396268,0.00603732162458836,0.170965971459934
224773.411807,2719866.126422,0.0210105052526263,0.0345172586293147,0.0295147573786893,0.165082541270635,0.0680340170085043,0.68184092046023
225273.411807,2719866.126422,0.197469746974697,0.0540887422075541,0,0.0636230289695636,0.0583058305830583,0.626512651265127
225773.411807,2719866.126422,0.477289377289377,0.0228937728937729,0.0032967032967033,0.0205128205128205,0.0434065934065934,0.432600732600733
226273.411807,2719866.126422,0.465201465201465,0.00750915750915751,0.000915750915750916,0.089010989010989,0.0681318681318681,0.369230769230769
226773.411807,2719866.126422,0.37000366703337,0.015034836817015,0,0.066006600660066,0.0265859919325266,0.522368903557022
227273.411807,2719866.126422,0.418864468864469,0.0247252747252747,0.0043956043956044,0.0796703296703297,0.0448717948717949,0.427472527472527
227773.411807,2719866.126422,0.803113553113553,0,0,0,0.000366300366300366,0.196520146520147
228273.411807,2719866.126422,0.432526585991932,0.0176017601760176,0.000366703337000367,0.0276861019435277,0.0353868720205354,0.486431976530986
228773.411807,2719866.126422,0.532967032967033,0.0282051282051282,0.000549450549450549,0.0195970695970696,0.0245421245421245,0.394139194139194
229273.411807,2719866.126422,0.518681318681319,0.0776556776556777,0,0.0611721611721612,0.0415750915750916,0.300915750915751
229773.411807,2719866.126422,0.403557022368904,0.0337367070040337,0,0.0190685735240191,0.0278694536120279,0.515768243491016
230273.411807,2719866.126422,0.297619047619048,0.000183150183150183,0,0.0137362637362637,0.0104395604395604,0.678021978021978
230773.411807,2719866.126422,0.400915750915751,0.00604395604395604,0.000549450549450549,0.126923076923077,0.0485347985347985,0.417032967032967
231273.411807,2719866.126422,0.20957095709571,0.0513384671800513,0.000916758342500917,0.180601393472681,0.136230289695636,0.421342134213421
231773.411807,2719866.126422,0.021978021978022,0.154578754578755,0.000915750915750916,0.186813186813187,0.102747252747253,0.532967032967033
232273.411807,2719866.126422,0.0315018315018315,0.0571428571428571,0.0175824175824176,0.604945054945055,0.120695970695971,0.168131868131868
232773.411807,2719866.126422,0.0344701136780345,0.26989365603227,0,0.074990832416575,0.0678401173450678,0.552805280528053
233273.411807,2719866.126422,0.0525641025641026,0.311904761904762,0.000366300366300366,0.106227106227106,0.0690476190476191,0.45989010989011
233773.411807,2719866.126422,0.0597069597069597,0.296520146520147,0,0.141758241758242,0.0915750915750916,0.41043956043956
234273.411807,2719866.126422,0.0592225889255592,0.0663733039970664,0.00825082508250825,0.455995599559956,0.122845617895123,0.287312064539787
234773.411807,2719866.126422,0.486630036630037,0.00842490842490842,0.00164835164835165,0.063003663003663,0.0448717948717949,0.395421245421245
235273.411807,2719866.126422,0.825457875457875,0,0,0.000183150183150183,0.000915750915750916,0.173443223443223
235773.411807,2719866.126422,0.731573157315732,0.00256692335900257,0,0.0634396773010634,0.0291529152915292,0.173267326732673
236273.411807,2719866.126422,0.701831501831502,0,0.00476190476190476,0.023992673992674,0.0201465201465201,0.249267399267399
236773.411807,2719866.126422,0.597985347985348,0.00897435897435897,0.000183150183150183,0.0992673992673993,0.0578754578754579,0.235714285714286
237273.411807,2719866.126422,0.542833607907743,0.0378912685337726,0,0.014552443712246,0.0271828665568369,0.377539813289401
224773.411807,2719366.126422,0.0192885771543086,0.123997995991984,0.0398296593186373,0.17685370741483,0.0864228456913828,0.553607214428858
225273.411807,2719366.126422,0.179219351291919,0.139087410665201,0.00293201392706615,0.0806303829943192,0.0846619021440352,0.51346893897746
225773.411807,2719366.126422,0.516608552027895,0.02073775004588,0.00256927876674619,0.0800146815929528,0.0541383740135805,0.325931363552945
226273.411807,2719366.126422,0.47185035760132,0.00238400880249404,0,0.12800293416468,0.0451127819548872,0.352649917476618
226773.411807,2719366.126422,0.387025838372732,0.00366501740883269,0,0.0216236027121129,0.0175920835623969,0.570093457943925
227273.411807,2719366.126422,0.42319691686548,0.00293631859056708,0.000183519911910442,0.0124793540099101,0.009543035419343,0.55166085520279
227773.411807,2719366.126422,0.876948468732808,0,0,0,0,0.123051531267192
228273.411807,2719366.126422,0.536558548653106,0.0348176653839106,0,0.0241891148982958,0.0351841671247938,0.369250503939894
228773.411807,2719366.126422,0.804367773903468,0,0,0.000550559735731327,0.000734079647641769,0.194347586713158
229273.411807,2719366.126422,0.504309554373739,0.0022006235099945,0,0.0210893086374473,0.0179717586649551,0.454428754813864
229773.411807,2719366.126422,0.324537291552135,0.0775151181968114,0,0.0956569543705333,0.0674363203225215,0.434854315557999
230273.411807,2719366.126422,0.484492567443568,0.0137639933932832,0,0.0473481372728941,0.0244081482840888,0.429987153606166
230773.411807,2719366.126422,0.538969374656153,0.000183385292499542,0,0.000550155877498625,0.00165046763249587,0.458646616541353
231273.411807,2719366.126422,0.273410298698919,0.0293201392706615,0.000183250870441635,0.139087410665201,0.070734835990471,0.487264064504306
231773.411807,2719366.126422,0.118186823270325,0.12883097816113,0,0.0882730776289227,0.0939621948981464,0.570746926041475
232273.411807,2719366.126422,0.0526315789473684,0.0605171465248487,0.0110031175499725,0.562809462681093,0.0988446726572529,0.214194021639465
232773.411807,2719366.126422,0.0371999266996518,0.430822796408283,0.00146600696353308,0.0916254352208173,0.0672530694520799,0.371632765255635
233273.411807,2719366.126422,0.0240411084602679,0.351073591484676,0,0.106992108643788,0.126261699394384,0.391631492016884
233773.411807,2719366.126422,0.0326425820649184,0.368421052631579,0,0.066018705299835,0.0929763432972676,0.4399413167064
234273.411807,2719366.126422,0.055158512002932,0.0896096756459593,0.0177753344328386,0.692321788528495,0.0729338464357706,0.072200842954004
234773.411807,2719366.126422,0.179298953936502,0.0359699027344467,0.0594604514589833,0.280418425399156,0.152872086621398,0.291980179849514
235273.411807,2719366.126422,0.180451127819549,0.0502475701448744,0.0161379057399597,0.261324041811847,0.097194205024757,0.394645149459013
235773.411807,2719366.126422,0.240241891148983,0.0243723657687374,0.0126443100604728,0.285504856148067,0.0984057174271578,0.338830859446582
236273.411807,2719366.126422,0.37364654064966,0.0143145531290145,0.000183519911910442,0.220407414204441,0.111763626353459,0.279684345751514
236773.411807,2719366.126422,0.277461947551806,0.0207225380524482,0.00201723821749496,0.254355400696864,0.117366587199707,0.32807628828168
237273.411807,2719366.126422,0.329214717188358,0.029104887424492,0,0.267984623833059,0.221856123009336,0.151839648544756
224773.411807,2718866.126422,0.0288076152304609,0.0876753507014028,0.0576152304609218,0.179108216432866,0.0919338677354709,0.554859719438878
225273.411807,2718866.126422,0.0278388278388278,0.148717948717949,0.000183150183150183,0.0686813186813187,0.104395604395604,0.65018315018315
225773.411807,2718866.126422,0.160917431192661,0.0387155963302752,0.00018348623853211,0.120917431192661,0.0928440366972477,0.586422018348624
226273.411807,2718866.126422,0.531278664465236,0.00091726288754357,0,0.00110071546505228,0.00385250412768299,0.462850853054485
226773.411807,2718866.126422,0.545787545787546,0,0,0.000183150183150183,0,0.454029304029304
227273.411807,2718866.126422,0.440183486238532,0.00238532110091743,0,0.00073394495412844,0.00073394495412844,0.555963302752294
227773.411807,2718866.126422,0.73325995230233,0.000366905155017428,0,0.000183452577508714,0.000550357732526142,0.265639332232618
228273.411807,2718866.126422,0.554578754578755,0.00531135531135531,0,0.00586080586080586,0.0104395604395604,0.423809523809524
228773.411807,2718866.126422,0.612110091743119,0.00018348623853211,0,0.00385321100917431,0.00458715596330275,0.379266055045872
229273.411807,2718866.126422,0.628141625389837,0.00385250412768299,0,0.00733810310034856,0.00752155567785727,0.353146211704274
229773.411807,2718866.126422,0.45989010989011,0.047985347985348,0,0.0166666666666667,0.0205128205128205,0.454945054945055
230273.411807,2718866.126422,0.428440366972477,0.0359633027522936,0,0.071743119266055,0.0519266055045872,0.411926605504587
230773.411807,2718866.126422,0.317189506512566,0.00165107319757843,0,0.0581544670702623,0.0176114474408365,0.605393505778756
231273.411807,2718866.126422,0.0434065934065934,0.0818681318681319,0.00897435897435897,0.357509157509158,0.0901098901098901,0.418131868131868
231773.411807,2718866.126422,0.078348623853211,0.0506422018348624,0.0102752293577982,0.32954128440367,0.116146788990826,0.415045871559633
232273.411807,2718866.126422,0.0961291506145661,0.032104201064025,0.0333883691065859,0.548156301596037,0.124564300128417,0.165657677490369
232773.411807,2718866.126422,0.0298534798534799,0.11959706959707,0.0419413919413919,0.590659340659341,0.123443223443223,0.0945054945054945
233273.411807,2718866.126422,0.0207339449541284,0.276697247706422,0.000917431192660551,0.20605504587156,0.0990825688073395,0.39651376146789
233773.411807,2718866.126422,0.0370574206567602,0.162905888827738,0.0104567969179967,0.356815263254449,0.186571271326362,0.246193359016694
234273.411807,2718866.126422,0.00915750915750916,0.0778388278388278,0.0210622710622711,0.71978021978022,0.110989010989011,0.0611721611721612
234773.411807,2718866.126422,0.0497247706422018,0.0227522935779817,0.00275229357798165,0.590275229357798,0.187889908256881,0.146605504587156
235273.411807,2718866.126422,0.211520821867547,0.0315538433314988,0.0066042927903137,0.386718033388369,0.10273344340488,0.260869565217391
235773.411807,2718866.126422,0.395787545787546,0.00384615384615385,0.00476190476190476,0.172344322344322,0.0553113553113553,0.367948717948718
236273.411807,2718866.126422,0.434678899082569,0.0121100917431193,0.00165137614678899,0.11045871559633,0.0875229357798165,0.353577981651376
236773.411807,2718866.126422,0.754356998715832,0.00091726288754357,0.000183452577508714,0.0377912309667951,0.0119244175380664,0.194826637314254
237273.411807,2718866.126422,0.783479692645445,0.0384193194291987,0,0,0.00631174533479693,0.17178924259056
224773.411807,2718366.126422,0.0187593796898449,0.152826413206603,0.012256128064032,0.220610305152576,0.101050525262631,0.494497248624312
225273.411807,2718366.126422,0.166299963329666,0.0753575357535754,0,0.0762742940960763,0.108177484415108,0.573890722405574
225773.411807,2718366.126422,0.276556776556777,0.0155677655677656,0.000366300366300366,0.170512820512821,0.0754578754578755,0.461538461538462
226273.411807,2718366.126422,0.417765567765568,0.000183150183150183,0,0.00714285714285714,0.00842490842490842,0.566483516483516
226773.411807,2718366.126422,0.492849284928493,0.000183351668500183,0,0.00495049504950495,0.0044004400440044,0.497616428309498
227273.411807,2718366.126422,0.542490842490842,0.00347985347985348,0,0.0108058608058608,0.013003663003663,0.43021978021978
227773.411807,2718366.126422,0.619047619047619,0.000183150183150183,0,0.00457875457875458,0.0032967032967033,0.372893772893773
228273.411807,2718366.126422,0.691235790245691,0.00128346167950128,0,0.0022002200220022,0.00256692335900257,0.302713604693803
228773.411807,2718366.126422,0.728937728937729,0.00164835164835165,0,0.00347985347985348,0.0043956043956044,0.261538461538462
229273.411807,2718366.126422,0.690659340659341,0,0,0,0,0.309340659340659
229773.411807,2718366.126422,0.502016868353502,0.0115511551155116,0.000183351668500183,0.022002200220022,0.0174184085075174,0.446828016134947
230273.411807,2718366.126422,0.242490842490842,0.026007326007326,0.00128205128205128,0.177106227106227,0.0789377289377289,0.474175824175824
230773.411807,2718366.126422,0.173443223443223,0.0234432234432234,0.00164835164835165,0.293772893772894,0.106043956043956,0.401648351648352
231273.411807,2718366.126422,0.0275027502750275,0.0869086908690869,0.0251191785845251,0.601760176017602,0.124129079574624,0.134580124679135
231773.411807,2718366.126422,0.0342490842490843,0.0461538461538462,0.0492673992673993,0.622893772893773,0.124358974358974,0.123076923076923
232273.411807,2718366.126422,0.0304029304029304,0.00897435897435897,0.0368131868131868,0.841391941391941,0.0492673992673993,0.0331501831501832
232773.411807,2718366.126422,0.0368536853685369,0.0364869820315365,0.0209020902090209,0.752475247524752,0.0909424275760909,0.0623395672900623
233273.411807,2718366.126422,0.045970695970696,0.124908424908425,0.0148351648351648,0.495604395604396,0.122344322344322,0.196336996336996
233773.411807,2718366.126422,0.0591575091575092,0.434615384615385,0.000732600732600733,0.0761904761904762,0.0989010989010989,0.33040293040293
234273.411807,2718366.126422,0.0804913824715805,0.0357535753575358,0.00385038503850385,0.681518151815181,0.0691235790245691,0.129262926292629
234773.411807,2718366.126422,0.246153846153846,0.0214285714285714,0.0043956043956044,0.234249084249084,0.111355311355311,0.382417582417582
235273.411807,2718366.126422,0.497802197802198,0.0168498168498168,0,0.095970695970696,0.089010989010989,0.3003663003663
235773.411807,2718366.126422,0.71030436376971,0.0055005500550055,0,0.0174184085075174,0.0271360469380271,0.23964063072974
236273.411807,2718366.126422,0.741758241758242,0.00366300366300366,0,0.0124542124542125,0.021978021978022,0.22014652014652
236773.411807,2718366.126422,0.837728937728938,0,0,0.00586080586080586,0.0104395604395604,0.145970695970696
