"x","y","forest","agri","water","built","other","grass"
295773.411807,2793366.126422,0.142084460162263,0.202829207405866,0.00104014978156855,0.0268358643644685,0.0324526731849386,0.594757645100895
296273.411807,2793366.126422,0.0501143688916615,0.163027656477438,0.110002079434394,0.297567061759202,0.0486587648159701,0.330630068621335
296773.411807,2793366.126422,0.0873362445414847,0.218132667914327,0.0268247036805989,0.194843002703265,0.0401330838012061,0.432730297359118
297273.411807,2793366.126422,0.222800083211983,0.464114832535885,0.00332847930101935,0.0503432494279176,0.0378614520490951,0.2215519034741
297773.411807,2793366.126422,0.16635475150759,0.125805780827615,0.00374298190892077,0.1621958827199,0.180910792264504,0.36098981077147
298273.411807,2793366.126422,0.744229569557081,0.0145560407569141,0,0.000207943439384487,0.00145560407569141,0.23955084217093
298773.411807,2793366.126422,0.545870605367173,0.0189307260245475,0.00187226960682338,0.0208029956313709,0.0187226960682338,0.393800707301851
299273.411807,2793366.126422,0.329174464545644,0.0603035974215013,0.00124766063630692,0.0282803077562903,0.065710126845498,0.51528384279476
299773.411807,2793366.126422,0.566645872322728,0.0222499480141402,0,0.0101892285298399,0.00956539821168642,0.391349552921605
300273.411807,2793366.126422,0.578155339805825,0.0475728155339806,0,0.0366504854368932,0.0155339805825243,0.322087378640777
295273.411807,2792866.126422,0.0526315789473684,0.117183201907207,0.200073354117,0.302402347331744,0.0209059233449477,0.306803594351733
295773.411807,2792866.126422,0.0604727872457394,0.161993769470405,0.000916254352208173,0.10756826094924,0.0630382994319223,0.606010628550486
296273.411807,2792866.126422,0.0524866948063865,0.119287942741787,0.0012846393833731,0.149935768030831,0.102771150669848,0.574233804367774
296773.411807,2792866.126422,0.238584265541904,0.041995231982395,0,0.0357601320374106,0.0610673024023473,0.622593068035943
297273.411807,2792866.126422,0.456844420010995,0.137621403701668,0,0.00274876305662452,0.021073850100788,0.381711563129925
297773.411807,2792866.126422,0.485226647091209,0.092126995779042,0,0.148651128647458,0.0877225178931914,0.186272710589099
298273.411807,2792866.126422,0.596919127086008,0.00605171465248487,0.000733541169998166,0.00348432055749129,0.00935264991747662,0.383458646616541
298773.411807,2792866.126422,0.683342495876855,0.00806303829943192,0,0.00586402785413231,0.00733003481766538,0.295400403151915
299273.411807,2792866.126422,0.493852082951,0.0122958340979996,0,0.028629106258029,0.0201871903101487,0.445035786382823
299773.411807,2792866.126422,0.255088941866862,0.0113698881349716,0,0.0518980377773703,0.0577663671373556,0.62387676508344
300273.411807,2792866.126422,0.507472111134498,0.0351504946327089,0,0.023363502420543,0.0153651862765734,0.418648705535677
295273.411807,2792366.126422,0.08273711245643,0.212438084755091,0.0709961474958723,0.14125848468171,0.148229682627041,0.344340487983856
295773.411807,2792366.126422,0.169047619047619,0.0730769230769231,0.000366300366300366,0.126556776556777,0.181318681318681,0.4496336996337
296273.411807,2792366.126422,0.0379816513761468,0.240183486238532,0.00256880733944954,0.118532110091743,0.134495412844037,0.466238532110092
296773.411807,2792366.126422,0.0368739680792515,0.150247660979637,0.000366905155017428,0.148046230049532,0.219776187855439,0.444689047881123
297273.411807,2792366.126422,0.304578754578755,0.0338827838827839,0.00293040293040293,0.0706959706959707,0.1,0.487912087912088
297773.411807,2792366.126422,0.672660550458716,0,0.00073394495412844,0.00697247706422018,0.00752293577981651,0.312110091743119
298273.411807,2792366.126422,0.61621720785177,0.0144927536231884,0.00165107319757843,0.0291689598238855,0.0207301412584847,0.317739864245093
298773.411807,2792366.126422,0.662820512820513,0.00347985347985348,0,0.0234432234432234,0.0122710622710623,0.297985347985348
299273.411807,2792366.126422,0.542018348623853,0.0036697247706422,0,0.0420183486238532,0.0262385321100917,0.38605504587156
299773.411807,2792366.126422,0.340487983856173,0.0293524124013942,0.000183452577508714,0.0845716382315172,0.0774169877086773,0.467987525224729
300273.411807,2792366.126422,0.351988217967599,0.0418682937092363,0,0.0408163265306122,0.0654323585104145,0.499894803282138
295273.411807,2791866.126422,0.275641025641026,0.108241758241758,0.00897435897435897,0.0230769230769231,0.0593406593406593,0.524725274725275
295773.411807,2791866.126422,0.114411441144114,0.108177484415108,0.00788412174550788,0.163182984965163,0.116978364503117,0.489365603226989
296273.411807,2791866.126422,0.0723443223443224,0.125274725274725,0.00989010989010989,0.120695970695971,0.156043956043956,0.515750915750916
296773.411807,2791866.126422,0.170512820512821,0.126923076923077,0.000366300366300366,0.210805860805861,0.130586080586081,0.360805860805861
297273.411807,2791866.126422,0.0364869820315365,0.088008800880088,0.00055005500550055,0.112761276127613,0.140997433076641,0.621195452878621
297773.411807,2791866.126422,0.132783882783883,0.0807692307692308,0.00146520146520147,0.11978021978022,0.107326007326007,0.557875457875458
298273.411807,2791866.126422,0.431684981684982,0.0311355311355311,0.000183150183150183,0.0879120879120879,0.0655677655677656,0.383516483516484
298773.411807,2791866.126422,0.674184085075174,0.00825082508250825,0,0.0302530253025303,0.0249358269160249,0.262376237623762
299273.411807,2791866.126422,0.610622710622711,0.00989010989010989,0,0.017032967032967,0.00695970695970696,0.355494505494506
299773.411807,2791866.126422,0.537728937728938,0.00347985347985348,0,0.0228937728937729,0.0313186813186813,0.404578754578755
300273.411807,2791866.126422,0.361531986531987,0.0281986531986532,0,0.0147306397306397,0.0246212121212121,0.570917508417508
294773.411807,2791366.126422,0.0568911726922371,0.0370710222059093,0.293081299320976,0.387961093778675,0.00807487612405946,0.216920535878143
295273.411807,2791366.126422,0.362919493856593,0.0462130937098845,0.0022006235099945,0.0737208875848157,0.0533651201173666,0.461580781221346
295773.411807,2791366.126422,0.087777166941543,0.129375114531794,0.0120945574491479,0.157045995968481,0.158512002932014,0.45519516217702
296273.411807,2791366.126422,0.474215452376583,0.047715177096715,0.00513855753349238,0.0372545421178198,0.0433106992108644,0.392365571664526
296773.411807,2791366.126422,0.364569961489089,0.0154043645699615,0.000183385292499542,0.0746378140473134,0.0845406198422887,0.460663854758848
297273.411807,2791366.126422,0.128092358438703,0.0377496793109767,0,0.189298149166209,0.142019424592267,0.502840388491845
297773.411807,2791366.126422,0.428518994310883,0.0293631859056708,0.000550559735731327,0.0686364470545054,0.0888236373646541,0.384107175628556
298273.411807,2791366.126422,0.25985695947185,0.0188886851274528,0.000183385292499542,0.0614340729873464,0.0662020905923345,0.593434806528516
298773.411807,2791366.126422,0.0903426791277259,0.0346344145134689,0.00274876305662452,0.0808136338647609,0.0866776617188932,0.704782847718527
299273.411807,2791366.126422,0.427784914663241,0.0346852633510736,0.000183519911910442,0.0607450908423564,0.0359699027344467,0.440631308496972
299773.411807,2791366.126422,0.586282780121034,0.00605171465248487,0,0.0487804878048781,0.0262240968274344,0.332660920594168
300273.411807,2791366.126422,0.523468743422437,0.00589349610608293,0,0.0185224163334035,0.0178909703220375,0.434224373816039
294773.411807,2790866.126422,0.304954128440367,0.058348623853211,0.00440366972477064,0.113211009174312,0.118348623853211,0.400733944954128
295273.411807,2790866.126422,0.257383966244726,0.0458631443771785,0.00550357732526142,0.282883874518437,0.118877270225647,0.289488167308751
295773.411807,2790866.126422,0.0716117216117216,0.0785714285714286,0.0010989010989011,0.312087912087912,0.154761904761905,0.381868131868132
296273.411807,2790866.126422,0.0522935779816514,0.141467889908257,0,0.121651376146789,0.127706422018349,0.556880733944954
296773.411807,2790866.126422,0.170794349660613,0.0350394423041644,0,0.175564116675839,0.212988442487617,0.405613648871767
297273.411807,2790866.126422,0.418498168498169,0.0860805860805861,0.00256410256410256,0.105860805860806,0.0864468864468864,0.300549450549451
297773.411807,2790866.126422,0.665504587155963,0.0018348623853211,0,0.0306422018348624,0.0154128440366972,0.286605504587156
298273.411807,2790866.126422,0.399926618968997,0.00568702990277013,0.001284168042561,0.113006787745368,0.0653091175931022,0.414786277747202
298773.411807,2790866.126422,0.471245421245421,0.017032967032967,0.000915750915750916,0.047985347985348,0.0501831501831502,0.412637362637363
299273.411807,2790866.126422,0.242752293577982,0.0739449541284404,0.0018348623853211,0.0722935779816514,0.0889908256880734,0.520183486238532
299773.411807,2790866.126422,0.436433681893231,0.021830856723537,0.00091726288754357,0.072463768115942,0.0691616217207852,0.399192808658962
300273.411807,2790866.126422,0.723122238586156,0.00568062276456975,0,0.0990953082263833,0.0269303597727751,0.145171470650116
294773.411807,2790366.126422,0.361355311355311,0.0227106227106227,0.000549450549450549,0.0831501831501831,0.0864468864468864,0.445787545787546
295273.411807,2790366.126422,0.345970695970696,0.00952380952380952,0,0.142673992673993,0.0924908424908425,0.409340659340659
295773.411807,2790366.126422,0.265493215988265,0.0517051705170517,0.000366703337000367,0.0649064906490649,0.0779244591125779,0.53960396039604
296273.411807,2790366.126422,0.542490842490842,0.0144688644688645,0.000183150183150183,0.0402930402930403,0.0467032967032967,0.355860805860806
296773.411807,2790366.126422,0.511172161172161,0.0206959706959707,0,0.0119047619047619,0.0225274725274725,0.433699633699634
297273.411807,2790366.126422,0.110927759442611,0.0830583058305831,0,0.112761276127613,0.0667400073340667,0.626512651265127
297773.411807,2790366.126422,0.238644688644689,0.00494505494505494,0.0021978021978022,0.0804029304029304,0.0628205128205128,0.610989010989011
298273.411807,2790366.126422,0.293223443223443,0.0267399267399267,0.000732600732600733,0.054029304029304,0.0351648351648352,0.59010989010989
298773.411807,2790366.126422,0.168500183351668,0.0546387972130546,0.000183351668500183,0.0694902823615695,0.112211221122112,0.594976164283095
299273.411807,2790366.126422,0.273809523809524,0.0217948717948718,0,0.0661172161172161,0.0747252747252747,0.563553113553114
299773.411807,2790366.126422,0.232234432234432,0.0375457875457875,0.000366300366300366,0.0750915750915751,0.0994505494505494,0.555311355311355
300273.411807,2790366.126422,0.441708754208754,0.0143097643097643,0.00105218855218855,0.0237794612794613,0.0227272727272727,0.496422558922559
294273.411807,2789866.126422,0.131757375847535,0.0564412680960235,0.16034451163643,0.15136521898479,0.0432472054242258,0.456844420010995
294773.411807,2789866.126422,0.240044044778859,0.0154156726004772,0,0.039823820884566,0.0583593319875206,0.646357129748578
295273.411807,2789866.126422,0.315789473684211,0.0289748762149276,0.00421786172748946,0.182101595452045,0.105446543187236,0.363469649734091
295773.411807,2789866.126422,0.271577789994502,0.0318856514568444,0,0.184167124793843,0.0714678394722375,0.440901594282573
296273.411807,2789866.126422,0.204624701780143,0.0214718296935217,0.00715727656450725,0.273261148834649,0.157093044595339,0.336391998531841
296773.411807,2789866.126422,0.270676691729323,0.0447460113698881,0.00146708233999633,0.19603887768201,0.178984045479553,0.30808729139923
297273.411807,2789866.126422,0.363019974344878,0.0320689023272861,0,0.0555250137438153,0.0437969580355507,0.50558915154847
297773.411807,2789866.126422,0.577170122958341,0.000734079647641769,0.00256927876674619,0.011194714626537,0.0119287942741787,0.396403009726555
298273.411807,2789866.126422,0.54392077755364,0.00110031175499725,0,0.0559325142123602,0.0194388410049514,0.379607555474051
298773.411807,2789866.126422,0.624152464724207,0.0487447315374748,0,0.0335349092908191,0.0362836723474437,0.257284222100055
299273.411807,2789866.126422,0.518443751146999,0.0187190310148651,0.000183519911910442,0.0277115066984768,0.0267939071389246,0.408148284088824
299773.411807,2789866.126422,0.120850907757198,0.0487804878048781,0.000183385292499542,0.146341463414634,0.164679992664588,0.519163763066202
300273.411807,2789866.126422,0.181014523258261,0.0848242475268365,0.000841928015154704,0.0873500315723006,0.096190275731425,0.549778993896022
293773.411807,2789366.126422,0.155751238304898,0.105668684645019,0.00678774536782242,0.0165107319757843,0.0328380113740598,0.682443588332416
294273.411807,2789366.126422,0.346703296703297,0.0435897435897436,0.00311355311355311,0.151831501831502,0.0701465201465201,0.384615384615385
294773.411807,2789366.126422,0.542935779816514,0.015045871559633,0,0.0939449541284404,0.0447706422018349,0.303302752293578
295273.411807,2789366.126422,0.394239589066226,0.0275178866263071,0.000733810310034856,0.156668501192442,0.068611263988259,0.352228948816731
295773.411807,2789366.126422,0.561904761904762,0.00622710622710623,0,0.0269230769230769,0.0221611721611722,0.382783882783883
296273.411807,2789366.126422,0.588623853211009,0.0238532110091743,0,0.0546788990825688,0.058348623853211,0.274495412844037
296773.411807,2789366.126422,0.438635112823335,0.0311869381764814,0.00403595670519171,0.0651256650155935,0.0876903320491653,0.373325995230233
297273.411807,2789366.126422,0.688461538461538,0.0106227106227106,0,0.0117216117216117,0.0236263736263736,0.265567765567766
297773.411807,2789366.126422,0.586422018348624,0.0280733944954128,0,0.0322935779816514,0.0337614678899083,0.319449541284404
298273.411807,2789366.126422,0.579893597505045,0.0299027701339204,0,0.0126582278481013,0.0306365804439552,0.346908824068978
298773.411807,2789366.126422,0.499450549450549,0.0212454212454212,0,0.0333333333333333,0.0223443223443223,0.423626373626374
299273.411807,2789366.126422,0.491743119266055,0.143853211009174,0,0.0436697247706422,0.056697247706422,0.264036697247706
299773.411807,2789366.126422,0.543753439735828,0.0482480278847918,0,0.0473307649972482,0.0341221794166208,0.326545587965511
300273.411807,2789366.126422,0.384599200504944,0.0132547864506627,0,0.055123080159899,0.0784767515253524,0.468546181359142
293273.411807,2788866.126422,0.195238095238095,0.034981684981685,0.167032967032967,0.201282051282051,0.0404761904761905,0.360989010989011
293773.411807,2788866.126422,0.195238095238095,0.0492673992673993,0.00970695970695971,0.0115384615384615,0.0498168498168498,0.684432234432234
294273.411807,2788866.126422,0.114044737807114,0.037953795379538,0,0.0275027502750275,0.0304363769710304,0.79006233956729
294773.411807,2788866.126422,0.378205128205128,0.00915750915750916,0.00659340659340659,0.203479853479853,0.0600732600732601,0.342490842490842
295273.411807,2788866.126422,0.135714285714286,0.00860805860805861,0.00677655677655678,0.477655677655678,0.0452380952380952,0.326007326007326
295773.411807,2788866.126422,0.309314264759809,0.0126512651265127,0,0.136046938027136,0.0753575357535754,0.466629996332967
296273.411807,2788866.126422,0.484065934065934,0.00402930402930403,0,0.0327838827838828,0.0437728937728938,0.435347985347985
296773.411807,2788866.126422,0.571428571428571,0.00567765567765568,0,0.0307692307692308,0.0243589743589744,0.367765567765568
297273.411807,2788866.126422,0.764209754308764,0.000916758342500917,0,0,0.000366703337000367,0.234506784011734
297773.411807,2788866.126422,0.561721611721612,0.00128205128205128,0.000183150183150183,0.0271062271062271,0.0177655677655678,0.391941391941392
298273.411807,2788866.126422,0.741208791208791,0.0032967032967033,0,0.00293040293040293,0.00586080586080586,0.246703296703297
298773.411807,2788866.126422,0.735423542354235,0.00385038503850385,0,0.0696736340300697,0.0342867620095343,0.156765676567657
299273.411807,2788866.126422,0.494139194139194,0.00659340659340659,0,0.019047619047619,0.0186813186813187,0.461538461538462
299773.411807,2788866.126422,0.5496336996337,0.0694139194139194,0,0.0968864468864469,0.0391941391941392,0.244871794871795
300273.411807,2788866.126422,0.424452861952862,0.0061026936026936,0,0.0393518518518519,0.0294612794612795,0.500631313131313
292773.411807,2788366.126422,0.0863111599780099,0.0562580172255818,0.151731720725673,0.396188381894814,0.0597397837639729,0.249770936411948
293273.411807,2788366.126422,0.389062213250138,0.017434391631492,0.00110111947146265,0.116718663975041,0.060561570930446,0.41512204074142
293773.411807,2788366.126422,0.217678342196956,0.0339262791124152,0.000550155877498625,0.0988446726572529,0.114982578397213,0.534017971758665
294273.411807,2788366.126422,0.27799157045996,0.111599780098955,0.000733003481766538,0.0503939893714495,0.0916254352208173,0.467656221367051
294773.411807,2788366.126422,0.17030647825289,0.0888236373646541,0.0267939071389246,0.117636263534593,0.106258028996146,0.490181684712791
295273.411807,2788366.126422,0.207408765816981,0.013203741059967,0.000366770584999083,0.268292682926829,0.0768384375573079,0.433889602053915
295773.411807,2788366.126422,0.295766904892798,0.0293201392706615,0.00109950522264981,0.0978559648158329,0.078248121678578,0.49770936411948
296273.411807,2788366.126422,0.187557349972472,0.0126628739218205,0,0.146265369792623,0.0820334006239677,0.571481005689117
296773.411807,2788366.126422,0.129103245919677,0.0238400880249404,0,0.121767834219696,0.116816431322208,0.608472400513479
297273.411807,2788366.126422,0.286054608759392,0.0249221183800623,0,0.0665200659703134,0.0802638812534359,0.542239325636797
297773.411807,2788366.126422,0.170673518076711,0.036520462470178,0,0.0866213984217288,0.12442650027528,0.581758120756102
298273.411807,2788366.126422,0.261507427104346,0.0141206675224647,0.000550155877498625,0.0828901522097928,0.109297634329727,0.531633962956171
298773.411807,2788366.126422,0.435037566428441,0.00586402785413231,0,0.0542422576507238,0.0485614806670332,0.45629466739967
299273.411807,2788366.126422,0.308864011745274,0.00458799779776106,0,0.0176179115434025,0.0179849513672233,0.650945127546339
299773.411807,2788366.126422,0.253805244819366,0.0165046763249587,0,0.110581331377224,0.0799559875298001,0.539152759948652
300273.411807,2788366.126422,0.286676489160177,0.0494632708903389,0,0.0892443696063987,0.0945064197011155,0.48010945064197
292773.411807,2787866.126422,0.0137362637362637,0.0192307692307692,0,0.144505494505494,0.101648351648352,0.720879120879121
293273.411807,2787866.126422,0.041651376146789,0.0609174311926605,0.00513761467889908,0.26,0.150091743119266,0.482201834862385
293773.411807,2787866.126422,0.011557512383049,0.00678774536782242,0,0.19115758576408,0.104017611447441,0.686479545037608
294273.411807,2787866.126422,0.104029304029304,0.0853479853479854,0.00238095238095238,0.184615384615385,0.0950549450549451,0.528571428571429
294773.411807,2787866.126422,0.446605504587156,0.110825688073394,0.00899082568807339,0.114862385321101,0.0511926605504587,0.267522935779817
295273.411807,2787866.126422,0.15978719501009,0.127682993946065,0.00201797835259585,0.270042194092827,0.137405980554027,0.303063658044396
295773.411807,2787866.126422,0.202380952380952,0.0701465201465201,0,0.238644688644689,0.12032967032967,0.368498168498169
296273.411807,2787866.126422,0.215045871559633,0.023302752293578,0.00055045871559633,0.172660550458716,0.117798165137615,0.470642201834862
296773.411807,2787866.126422,0.472940744817465,0.00587048248027885,0.000550357732526142,0.0636580443955238,0.0365070629242341,0.420473307649972
297273.411807,2787866.126422,0.393956043956044,0.0100732600732601,0,0.0805860805860806,0.0434065934065934,0.471978021978022
297773.411807,2787866.126422,0.256146788990826,0.0557798165137615,0,0.122018348623853,0.114311926605505,0.451743119266055
298273.411807,2787866.126422,0.293157218858925,0.01284168042561,0.00091726288754357,0.0796184186387819,0.0709961474958723,0.542469271693267
298773.411807,2787866.126422,0.467765567765568,0.0115384615384615,0,0.0441391941391941,0.0501831501831502,0.426373626373626
299273.411807,2787866.126422,0.448990825688073,0.0165137614678899,0,0.0260550458715596,0.0262385321100917,0.482201834862385
299773.411807,2787866.126422,0.549807374793616,0.0234819299211154,0,0.0280682443588332,0.0304531278664465,0.368189323059989
300273.411807,2787866.126422,0.544287818220072,0.00252472122869766,0,0.031348621922996,0.0288239006942983,0.393014937933936
292273.411807,2787366.126422,0.00952380952380952,0.095970695970696,0.0853479853479854,0.247985347985348,0.136996336996337,0.424175824175824
292773.411807,2787366.126422,0.217638430509718,0.257425742574257,0.000366703337000367,0.0977264393105977,0.0473047304730473,0.37953795379538
293273.411807,2787366.126422,0.145421245421245,0.224175824175824,0.000732600732600733,0.176556776556777,0.0789377289377289,0.374175824175824
293773.411807,2787366.126422,0.0043956043956044,0.164652014652015,0.00347985347985348,0.262454212454212,0.157875457875458,0.407142857142857
294273.411807,2787366.126422,0.0579391272460579,0.129079574624129,0.0190685735240191,0.133663366336634,0.11972863953062,0.540520718738541
294773.411807,2787366.126422,0.221245421245421,0.262454212454212,0.0010989010989011,0.182783882783883,0.1,0.232417582417582
295273.411807,2787366.126422,0.307875457875458,0.663553113553114,0,0.00128205128205128,0.00164835164835165,0.0256410256410256
295773.411807,2787366.126422,0.478547854785479,0.0869086908690869,0,0.0236523652365237,0.0245691235790246,0.386321965529886
296273.411807,2787366.126422,0.269230769230769,0.0421245421245421,0,0.089010989010989,0.121428571428571,0.478205128205128
296773.411807,2787366.126422,0.375641025641026,0.0254578754578755,0,0.0626373626373626,0.0968864468864469,0.439377289377289
297273.411807,2787366.126422,0.331133113311331,0.0298863219655299,0,0.0792079207920792,0.0907590759075908,0.469013568023469
297773.411807,2787366.126422,0.16025641025641,0.0580586080586081,0,0.142124542124542,0.122893772893773,0.516666666666667
298273.411807,2787366.126422,0.268131868131868,0.017032967032967,0,0.0395604395604396,0.0684981684981685,0.606776556776557
298773.411807,2787366.126422,0.152181884855152,0.0264026402640264,0,0.115694902823616,0.138063806380638,0.567656765676568
299273.411807,2787366.126422,0.273992673992674,0.0421245421245421,0.000183150183150183,0.0463369963369963,0.0542124542124542,0.583150183150183
299773.411807,2787366.126422,0.448717948717949,0.00934065934065934,0.000366300366300366,0.165750915750916,0.0948717948717949,0.280952380952381
300273.411807,2787366.126422,0.721380471380471,0.0134680134680135,0,0.000841750841750842,0.00589225589225589,0.258417508417508
292273.411807,2786866.126422,0.070419952319824,0.134971575279663,0.154043645699615,0.311021456079222,0.117733357784706,0.21181001283697
292773.411807,2786866.126422,0.102437236576874,0.746747297049661,0,0.117830309693971,0.0196078431372549,0.0133773135422393
293273.411807,2786866.126422,0.0627638098733713,0.69719214534777,0.00330335841438796,0.198752064599009,0.0313819049366856,0.00660671682877592
293773.411807,2786866.126422,0.0959105079772602,0.677058499908307,0.000733541169998166,0.226114065651935,0.000183385292499542,0
294273.411807,2786866.126422,0.0309693971046362,0.39014110317024,0,0.445849367784497,0.0432472054242258,0.089792926516401
294773.411807,2786866.126422,0.04147550009176,0.45237658285924,0.000367039823820885,0.237841805835933,0.0948797944576987,0.173059276931547
295273.411807,2786866.126422,0.337795708784155,0.392627911241518,0.000366770584999083,0.107463781404731,0.0513478818998716,0.110397946084724
295773.411807,2786866.126422,0.284955103536742,0.0520432472054242,0.000183250870441635,0.0351841671247938,0.049660985889683,0.577973245372916
296273.411807,2786866.126422,0.407414204441182,0.00917599559552211,0,0.0155991925123876,0.0216553496054322,0.546155257845476
296773.411807,2786866.126422,0.266275444709334,0.0603337612323492,0,0.0825233816247937,0.111314872547222,0.479552539886301
297273.411807,2786866.126422,0.351291918636614,0.0271211288253619,0,0.0163093274693055,0.0375664284405351,0.567711196628184
297773.411807,2786866.126422,0.46870985501927,0.00367039823820885,0.000367039823820885,0.0633143696091026,0.0471646173609837,0.416773719948614
298273.411807,2786866.126422,0.195488721804511,0.013203741059967,0.00403447643498991,0.111314872547222,0.0706033376123235,0.605354850540987
298773.411807,2786866.126422,0.12222833058457,0.0258383727322705,0.0152098222466557,0.0872274143302181,0.0694520798973795,0.680043980208906
299273.411807,2786866.126422,0.501192879427418,0.00770783630023858,0,0.101486511286475,0.0693705267021472,0.320242246283722
299773.411807,2786866.126422,0.525032092426187,0.0170548322024574,0,0.0130203557674674,0.0137538969374656,0.431138822666422
300273.411807,2786866.126422,0.631446011366028,0.00294674805304146,0,0.0103136181856451,0.00905072616291307,0.346242896232372
291273.411807,2786366.126422,0.178571428571429,0.0978021978021978,0.1,0.361904761904762,0.067032967032967,0.194688644688645
291773.411807,2786366.126422,0.17651376146789,0.131743119266055,0.0223853211009174,0.215779816513761,0.168623853211009,0.284954128440367
292273.411807,2786366.126422,0.158503026967529,0.0957622454595487,0.00733810310034856,0.406347459181801,0.152265639332233,0.17978352595854
292773.411807,2786366.126422,0.0893772893772894,0.473626373626374,0.00402930402930403,0.27051282051282,0.067032967032967,0.0954212454212454
293273.411807,2786366.126422,0.325504587155963,0.180733944954128,0.00110091743119266,0.198532110091743,0.0240366972477064,0.270091743119266
293773.411807,2786366.126422,0.112456430012842,0.256650155934691,0.00201797835259585,0.361585030269675,0.104934874334984,0.162355531095212
294273.411807,2786366.126422,0.207326007326007,0.0789377289377289,0.000183150183150183,0.182600732600733,0.0844322344322344,0.446520146520147
294773.411807,2786366.126422,0.0324770642201835,0.130825688073395,0.0055045871559633,0.552110091743119,0.12348623853211,0.155596330275229
295273.411807,2786366.126422,0.303980920931939,0.0733810310034856,0,0.188038891946432,0.137405980554027,0.297193175564117
295773.411807,2786366.126422,0.53021978021978,0.0210622710622711,0,0.043040293040293,0.0505494505494506,0.355128205128205
296273.411807,2786366.126422,0.511559633027523,0.0102752293577982,0.00018348623853211,0.0330275229357798,0.0453211009174312,0.399633027522936
296773.411807,2786366.126422,0.240322876536415,0.0416437350944781,0.00146762062006971,0.0390753990093561,0.0695285268758026,0.607961841863878
297273.411807,2786366.126422,0.434798534798535,0.0043956043956044,0.00128205128205128,0.047985347985348,0.0478021978021978,0.463736263736264
297773.411807,2786366.126422,0.349357798165138,0.00752293577981651,0,0.127155963302752,0.0577981651376147,0.458165137614679
298273.411807,2786366.126422,0.382131718950651,0.0223812144560631,0.00220143093010457,0.150064208402128,0.0733810310034856,0.369840396257567
298773.411807,2786366.126422,0.320695970695971,0.0397435897435897,0.0010989010989011,0.231318681318681,0.0943223443223443,0.312820512820513
299273.411807,2786366.126422,0.578532110091743,0.00862385321100917,0,0.0262385321100917,0.0337614678899083,0.352844036697248
299773.411807,2786366.126422,0.646486883140708,0.12694918363603,0,0.00825536598789213,0.00495321959273528,0.213355347642634
300273.411807,2786366.126422,0.58931201346518,0.0363980643803913,0,0.00631180307174416,0.0111508520934147,0.35682726698927
291273.411807,2785866.126422,0,0,0.767510084341767,0.232489915658232,0,0
291773.411807,2785866.126422,0.00256410256410256,0.0108058608058608,0.536446886446886,0.431684981684982,0.0128205128205128,0.00567765567765568
292273.411807,2785866.126422,0.0769230769230769,0.0653846153846154,0.13992673992674,0.483150183150183,0.0804029304029304,0.154212454212454
292773.411807,2785866.126422,0.0942427576090942,0.0434543454345435,0.00751741840850752,0.347084708470847,0.12046204620462,0.387238723872387
293273.411807,2785866.126422,0.27985347985348,0.00750915750915751,0.0192307692307692,0.0802197802197802,0.0531135531135531,0.56007326007326
293773.411807,2785866.126422,0.236996336996337,0.0166666666666667,0.0102564102564103,0.10018315018315,0.0278388278388278,0.608058608058608
294273.411807,2785866.126422,0.118811881188119,0.0594059405940594,0.0264026402640264,0.579391272460579,0.117528419508618,0.0984598459845985
294773.411807,2785866.126422,0.0912087912087912,0.086996336996337,0.0554945054945055,0.549450549450549,0.100732600732601,0.116117216117216
295273.411807,2785866.126422,0.0934065934065934,0.134798534798535,0.0113553113553114,0.461904761904762,0.119413919413919,0.179120879120879
295773.411807,2785866.126422,0.121562156215622,0.0473047304730473,0.00183351668500183,0.373854052071874,0.108360836083608,0.347084708470847
296273.411807,2785866.126422,0.168315018315018,0.0181318681318681,0,0.0565934065934066,0.0510989010989011,0.705860805860806
296773.411807,2785866.126422,0.362454212454212,0.000732600732600733,0,0.03003663003663,0.0302197802197802,0.576556776556777
297273.411807,2785866.126422,0.551521818848552,0.00275027502750275,0.000916758342500917,0.0291529152915292,0.0210854418775211,0.394572790612395
297773.411807,2785866.126422,0.468131868131868,0.0133699633699634,0,0.0322344322344322,0.0230769230769231,0.463186813186813
298273.411807,2785866.126422,0.678205128205128,0.00366300366300366,0,0.0197802197802198,0.0192307692307692,0.279120879120879
298773.411807,2785866.126422,0.589475614228089,0.00605060506050605,0,0.0733406674000733,0.0581224789145581,0.273010634396773
299273.411807,2785866.126422,0.784798534798535,0.00146520146520147,0,0.00183150183150183,0.00164835164835165,0.21025641025641
299773.411807,2785866.126422,0.921245421245421,0.00989010989010989,0,0,0,0.0688644688644689
300273.411807,2785866.126422,0.86763468013468,0.0271464646464646,0,0,0,0.105218855218855
291273.411807,2785366.126422,0,0,1,0,0,0
291773.411807,2785366.126422,0,0,1,0,0,0
292273.411807,2785366.126422,0.0388776820099028,0.0130203557674674,0.245736291949386,0.622226297450944,0.0342930496974143,0.0458463231248854
292773.411807,2785366.126422,0.0749496060106286,0.0725673446948873,0.111966281839839,0.53362653472604,0.089792926516401,0.117097306212205
293273.411807,2785366.126422,0.247935400991008,0.0165167920719398,0.104606349788952,0.27399522848229,0.0790970820334006,0.27784914663241
293773.411807,2785366.126422,0.321291032459197,0.0361269026224097,0.00238400880249404,0.194755180634513,0.131120484137172,0.314322391344214
294273.411807,2785366.126422,0.129924867143119,0.0382994319223016,0.00879604178119846,0.604361370716511,0.0795308777716694,0.139087410665201
294773.411807,2785366.126422,0.0939621948981464,0.0405579005322077,0.0178014314553129,0.69700862543586,0.0480822169205359,0.102587630757937
295273.411807,2785366.126422,0.206858609939483,0.0544654318723638,0.0205391527599487,0.455529066568861,0.102695763799743,0.1599119750596
295773.411807,2785366.126422,0.194795675279458,0.0212571009712296,0.00183250870441635,0.382994319223016,0.109950522264981,0.289169873556899
296273.411807,2785366.126422,0.241145164250321,0.00715727656450725,0,0.12442650027528,0.0838685997430721,0.54340245916682
296773.411807,2785366.126422,0.439391160828902,0.0053181734824867,0.00275077938749312,0.0573995965523565,0.039611223179901,0.455529066568861
297273.411807,2785366.126422,0.923034634414513,0,0,0,0,0.0769653655854865
297773.411807,2785366.126422,0.711323178564874,0.0143145531290145,0,0.017434391631492,0.0106441548908057,0.246283721783814
298273.411807,2785366.126422,0.495323675041262,0.00476801760498808,0,0.135521731157161,0.046396479002384,0.317990097194205
298773.411807,2785366.126422,0.48433205057724,0.00403151914971596,0,0.0703683342495877,0.0593732820230896,0.381894814000367
299273.411807,2785366.126422,0.667094879794458,0.0295467058175812,0,0.0244081482840888,0.0212883097816113,0.257661956322261
299773.411807,2785366.126422,0.95617091509261,0.0121034293049697,0,0,0,0.0317256556024207
300273.411807,2785366.126422,0.859818985476742,0.00673542412123763,0,0,0,0.133445590402021
291273.411807,2784866.126422,0,0,1,0,0,0
291773.411807,2784866.126422,0,0,0.574678899082569,0.425321100917431,0,0
292273.411807,2784866.126422,0,0,0.0651256650155935,0.934874334984407,0,0
292773.411807,2784866.126422,0,0,0.000549450549450549,0.999450549450549,0,0
293273.411807,2784866.126422,0,0,0,1,0,0
293773.411807,2784866.126422,0.011557512383049,0.0146762062006971,0.0616400660429279,0.878004035956705,0.0170610897083104,0.0170610897083104
294273.411807,2784866.126422,0.0815018315018315,0.0492673992673993,0.0847985347985348,0.665934065934066,0.076007326007326,0.0424908424908425
294773.411807,2784866.126422,0.0614678899082569,0.0119266055045872,0.00954128440366972,0.835596330275229,0.0343119266055046,0.0471559633027523
295273.411807,2784866.126422,0.133003118693818,0.0502660062373876,0.0251330031186938,0.562649055219226,0.0920931939093744,0.136855622821501
295773.411807,2784866.126422,0.201282051282051,0.0336996336996337,0.00256410256410256,0.3496336996337,0.0661172161172161,0.346703296703297
296273.411807,2784866.126422,0.341467889908257,0.00293577981651376,0,0.0944954128440367,0.0544954128440367,0.506605504587156
296773.411807,2784866.126422,0.860942946248395,0.00183452577508714,0,0.00293524124013942,0.00366905155017428,0.130618235186204
297273.411807,2784866.126422,0.812637362637363,0.00476190476190476,0,0.000549450549450549,0.00146520146520147,0.180586080586081
297773.411807,2784866.126422,0.797614678899083,0.021651376146789,0,0.00495412844036697,0.00330275229357798,0.172477064220183
298273.411807,2784866.126422,0.740231150247661,0.0135754907356448,0,0.0328380113740598,0.0379746835443038,0.175380664098331
298773.411807,2784866.126422,0.52014652014652,0.0120879120879121,0,0.0732600732600733,0.063003663003663,0.331501831501831
299273.411807,2784866.126422,0.817247706422018,0.00128440366972477,0,0.0262385321100917,0.024954128440367,0.130275229357798
299773.411807,2784866.126422,0.919831223628692,0,0,0,0,0.080168776371308
300273.411807,2784866.126422,0.839890595413423,0.01620029455081,0,0,0,0.143909110035767
291773.411807,2784366.126422,0.24047619047619,0.0252747252747253,0.148534798534799,0.0985347985347985,0.0631868131868132,0.423992673992674
292273.411807,2784366.126422,0.0434065934065934,0.0223443223443223,0.618315018315018,0.14010989010989,0.0545787545787546,0.121245421245421
292773.411807,2784366.126422,0,0,0.186835350201687,0.813164649798313,0,0
293273.411807,2784366.126422,0,0,0,1,0,0
293773.411807,2784366.126422,0,0,0,1,0,0
294273.411807,2784366.126422,0,0,0.0311697836450312,0.968830216354969,0,0
294773.411807,2784366.126422,0.0267399267399267,0.0291208791208791,0.159340659340659,0.65018315018315,0.0648351648351648,0.0697802197802198
295273.411807,2784366.126422,0.317582417582418,0.0355311355311355,0.0225274725274725,0.28974358974359,0.0695970695970696,0.265018315018315
295773.411807,2784366.126422,0.463513017968464,0.0141180784745141,0.00055005500550055,0.0889255592225889,0.0456545654565457,0.387238723872387
296273.411807,2784366.126422,0.349084249084249,0.00787545787545788,0.000549450549450549,0.222344322344322,0.086996336996337,0.333150183150183
296773.411807,2784366.126422,0.66978021978022,0.000549450549450549,0,0.0115384615384615,0.00347985347985348,0.314652014652015
297273.411807,2784366.126422,0.434910157682435,0.0190685735240191,0,0.0232856618995233,0.0229189585625229,0.4998166483315
297773.411807,2784366.126422,0.426923076923077,0.00146520146520147,0,0.0234432234432234,0.0168498168498168,0.531318681318681
298273.411807,2784366.126422,0.694871794871795,0.0043956043956044,0,0.0163003663003663,0.0265567765567766,0.257875457875458
298773.411807,2784366.126422,0.754858819215255,0.0119178584525119,0,0.0801246791345801,0.0531719838650532,0.0999266593325999
299273.411807,2784366.126422,0.634065934065934,0.0032967032967033,0,0.0338827838827839,0.017032967032967,0.311721611721612
299773.411807,2784366.126422,0.821062271062271,0.00164835164835165,0,0.00494505494505494,0.0131868131868132,0.159157509157509
300273.411807,2784366.126422,0.90530303030303,0,0,0,0,0.0946969696969697
291273.411807,2783866.126422,0.127725856697819,0.0604727872457394,0.0164925783397471,0.205240974894631,0.144218435037566,0.445849367784497
291773.411807,2783866.126422,0.0458799779776106,0.0449623784180584,0.0130299137456414,0.456781060745091,0.100752431638833,0.338594237474766
292273.411807,2783866.126422,0.130020172382175,0.0476801760498808,0.0911424903722722,0.335778470566661,0.0762882816798093,0.319090408949202
292773.411807,2783866.126422,0.0447132123877588,0.0866776617188932,0.318673263698003,0.321238775884185,0.0564412680960235,0.172255818215137
293273.411807,2783866.126422,0.00367039823820885,0.0328500642319692,0.243714443017067,0.646173609836667,0.0456964580657001,0.0278950266103872
293773.411807,2783866.126422,0,0,0.119200440124702,0.880799559875298,0,0
294273.411807,2783866.126422,0,0,0,1,0,0
294773.411807,2783866.126422,0,0,0.00458799779776106,0.995412002202239,0,0
295273.411807,2783866.126422,0.350999449844123,0.013203741059967,0.140289748762149,0.229415000916926,0.0412616908123968,0.224830368604438
295773.411807,2783866.126422,0.170240058640279,0.0771486164559282,0.0181418361737218,0.425875022906359,0.101337731354224,0.207256734469489
296273.411807,2783866.126422,0.386125894659571,0.0598274912828042,0.00110111947146265,0.283538263901633,0.0752431638832813,0.194164066801248
296773.411807,2783866.126422,0.707500458463231,0.00641848523748395,0,0.0502475701448744,0.039611223179901,0.196222262974509
297273.411807,2783866.126422,0.571925966648342,0.00751328568810702,0,0.0271211288253619,0.0339014110317024,0.359538207806487
297773.411807,2783866.126422,0.549825656083685,0.0170673518076711,0,0.0357863828225362,0.031932464672417,0.365388144613691
298273.411807,2783866.126422,0.770401613790574,0.00311754997249221,0,0.0390610673024023,0.0346598202824134,0.152759948652118
298773.411807,2783866.126422,0.409382444566612,0.0465457210921752,0.00164925783397471,0.240058640278541,0.0736668499175371,0.22869708631116
299273.411807,2783866.126422,0.474582492200404,0.0229399889888053,0.000550559735731327,0.117819783446504,0.0770783630023858,0.30702881262617
299773.411807,2783866.126422,0.675041261690812,0.00348432055749129,0,0.010819732257473,0.0097194205024757,0.300935264991748
300273.411807,2783866.126422,0.668069880025258,0.00378867606819617,0,0.0096821721742791,0.00989265417806777,0.308566617554199
289773.411807,2783366.126422,0.0106227106227106,0.00476190476190476,0.105860805860806,0.878754578754579,0,0
290273.411807,2783366.126422,0.0121100917431193,0.051743119266055,0.178165137614679,0.666788990825688,0.0344954128440367,0.056697247706422
290773.411807,2783366.126422,0.0587048248027885,0.0953953403045313,0.0687947165657677,0.27242707760044,0.114841313520455,0.389836727206017
291273.411807,2783366.126422,0.0375457875457875,0.0974358974358974,0.0373626373626374,0.566849816849817,0.097985347985348,0.162820512820513
291773.411807,2783366.126422,0.0530275229357798,0.110091743119266,0.0139449541284404,0.441651376146789,0.115412844036697,0.265871559633027
292273.411807,2783366.126422,0.0871399743166392,0.113557145477894,0.0407264722069345,0.497706842781141,0.0972298660796184,0.163639699137773
292773.411807,2783366.126422,0.178937728937729,0.325274725274725,0.021978021978022,0.276373626373626,0.036996336996337,0.16043956043956
293273.411807,2783366.126422,0.182752293577982,0.28605504587156,0.0357798165137615,0.313761467889908,0.0236697247706422,0.157981651376147
293773.411807,2783366.126422,0.109704641350211,0.0267840763162722,0.199596404329481,0.441937259218492,0.0842047330764997,0.137772885709044
294273.411807,2783366.126422,0.000549450549450549,0.00732600732600733,0.326007326007326,0.636263736263736,0.0102564102564103,0.0195970695970696
294773.411807,2783366.126422,0,0,0,1,0,0
295273.411807,2783366.126422,0,0.001284168042561,0.318657127132636,0.678591084204733,0.000183452577508714,0.001284168042561
