"x","y","forest","agri","water","built","other","grass"
237273.411807,2571866.126422,0.916115558649495,0.0341106856943961,0.00208840932822833,0.0107901148625131,0.00870170553428472,0.0281935259310825
237773.411807,2571866.126422,0.976024208566108,0,0,0,0,0.023975791433892
238273.411807,2571866.126422,0.830232558139535,0.0567441860465116,0.00302325581395349,0.0367441860465116,0.00465116279069767,0.0686046511627907
238773.411807,2571866.126422,0.93889405204461,0.00302044609665428,0,0,0,0.0580855018587361
239273.411807,2571866.126422,0.952979515828678,0.00977653631284916,0,0,0,0.037243947858473
239773.411807,2571866.126422,0.759302325581395,0.0869767441860465,0.00441860465116279,0.0274418604651163,0.00488372093023256,0.116976744186047
240273.411807,2571866.126422,0.7067843866171,0.0947955390334572,0.00697026022304833,0.0322955390334572,0.0137081784386617,0.145446096654275
240773.411807,2571866.126422,0.874534450651769,0.0179236499068901,0.000465549348230912,0.00628491620111732,0.00279329608938547,0.0979981378026071
241273.411807,2571866.126422,0.78953488372093,0.0265116279069767,0,0.0606976744186047,0.00674418604651163,0.116511627906977
241773.411807,2571866.126422,0.713754646840149,0.156366171003717,0,0.00697026022304833,0.004182156133829,0.118726765799257
242273.411807,2571866.126422,0.82425512104283,0.0304934823091248,0,0.000232774674115456,0.00139664804469274,0.143621973929237
242773.411807,2571866.126422,0.815581395348837,0.00418604651162791,0,0.0027906976744186,0.0027906976744186,0.174651162790698
243273.411807,2571866.126422,0.801347583643123,0.0601765799256506,0,0.00185873605947955,0.00278810408921933,0.133828996282528
243773.411807,2571866.126422,0.233472998137803,0.158519553072626,0.00465549348230913,0.198091247672253,0.107774674115456,0.297486033519553
244273.411807,2571866.126422,0.314418604651163,0.0562790697674419,0.00255813953488372,0.154418604651163,0.145116279069767,0.327209302325581
244773.411807,2571866.126422,0.556923791821561,0.101301115241636,0,0.0446096654275093,0.0413568773234201,0.255808550185874
245273.411807,2571866.126422,0.588221601489758,0.111964618249534,0,0.277932960893855,0.0169925512104283,0.00488826815642458
245773.411807,2571866.126422,0.453255813953488,0.13,0,0.288837209302326,0.0990697674418605,0.0288372093023256
246273.411807,2571866.126422,0.66542750929368,0.0471654275092937,0.00859665427509294,0.0690055762081784,0.0269516728624535,0.182853159851301
246773.411807,2571866.126422,0.687849162011173,0.0249068901303538,0.000465549348230912,0.0391061452513966,0.0211824953445065,0.226489757914339
247273.411807,2571866.126422,0.442558139534884,0.102325581395349,0.135116279069767,0.176744186046512,0.0244186046511628,0.118837209302326
247773.411807,2571866.126422,0.905669144981413,0.00511152416356877,0,0.000464684014869888,0.00185873605947955,0.0868959107806691
248273.411807,2571866.126422,0.942039106145251,0.0386405959031657,0,0.00628491620111732,0.00837988826815642,0.00465549348230913
248773.411807,2571866.126422,0.866511627906977,0.0786046511627907,0,0.00162790697674419,0.0027906976744186,0.0504651162790698
249273.411807,2571866.126422,0.944237918215613,0.00836431226765799,0,0,0,0.0473977695167286
249773.411807,2571866.126422,0.967186024551464,0,0,0,0,0.0328139754485364
237273.411807,2571366.126422,0.940652818991098,0.0121391961154572,0,0.0107903965470731,0.0124089560291341,0.0240086323172377
237773.411807,2571366.126422,0.802197802197802,0.0608058608058608,0.0108058608058608,0.0197802197802198,0.0120879120879121,0.0943223443223443
238273.411807,2571366.126422,0.884432234432234,0.0161172161172161,0.000549450549450549,0.0010989010989011,0.000732600732600733,0.0970695970695971
238773.411807,2571366.126422,0.93050971763843,0.000916758342500917,0,0,0,0.0685735240190686
239273.411807,2571366.126422,0.886996336996337,0.00421245421245421,0,0,0,0.108791208791209
239773.411807,2571366.126422,0.908608058608059,0.0212454212454212,0,0,0,0.0701465201465201
240273.411807,2571366.126422,0.494132746607994,0.104877154382105,0.0555555555555556,0.190869086908691,0.0216354968830216,0.132929959662633
240773.411807,2571366.126422,0.808791208791209,0.0521978021978022,0.0144688644688645,0.0294871794871795,0.010989010989011,0.0840659340659341
241273.411807,2571366.126422,0.865750915750916,0.00164835164835165,0,0.000366300366300366,0.000732600732600733,0.131501831501832
241773.411807,2571366.126422,0.663733039970664,0.213971397139714,0.0234690135680235,0.0328199486615328,0.00128346167950128,0.0647231389805647
242273.411807,2571366.126422,0.476373626373626,0.133882783882784,0,0.00695970695970696,0.0326007326007326,0.35018315018315
242773.411807,2571366.126422,0.666483516483516,0.0113553113553114,0,0.00732600732600733,0.0126373626373626,0.302197802197802
243273.411807,2571366.126422,0.482948294829483,0.347084708470847,0.000183351668500183,0.00201686835350202,0.017968463513018,0.14979831316465
243773.411807,2571366.126422,0.0600732600732601,0.324542124542125,0.019047619047619,0.336996336996337,0.129304029304029,0.13003663003663
244273.411807,2571366.126422,0.425457875457875,0.226190476190476,0.000549450549450549,0.117216117216117,0.0668498168498168,0.163736263736264
244773.411807,2571366.126422,0.636046938027136,0.192335900256692,0.000183351668500183,0.0861752841950862,0.0317198386505317,0.0535386872020535
245273.411807,2571366.126422,0.723443223443223,0.0531135531135531,0,0.0921245421245421,0.030952380952381,0.1003663003663
245773.411807,2571366.126422,0.869047619047619,0.0935897435897436,0,0.0197802197802198,0.0139194139194139,0.00366300366300366
246273.411807,2571366.126422,0.775394206087275,0.0524385771910524,0.000733406674000733,0.05995599559956,0.0388705537220389,0.0726072607260726
246773.411807,2571366.126422,0.689194139194139,0.0450549450549451,0.0752747252747253,0.0648351648351648,0.0184981684981685,0.107142857142857
247273.411807,2571366.126422,0.934798534798535,0.0163003663003663,0,0.00146520146520147,0.000549450549450549,0.0468864468864469
247773.411807,2571366.126422,0.988998899889989,0.00238357169050238,0,0,0,0.00861752841950862
248273.411807,2571366.126422,0.959340659340659,0.000549450549450549,0,0,0,0.0401098901098901
248773.411807,2571366.126422,0.9003663003663,0.0712454212454212,0,0.00164835164835165,0.00824175824175824,0.0184981684981685
249273.411807,2571366.126422,0.748991565823249,0.0385038503850385,0.000183351668500183,0.0242024202420242,0.033003300330033,0.155115511551155
249773.411807,2571366.126422,0.897739903668025,0.00518710633567988,0,0.000555761393108559,0.000741015190811412,0.095776213412375
237273.411807,2570866.126422,0.910391363022942,0.00890688259109312,0,0,0.000809716599190283,0.0798920377867746
237773.411807,2570866.126422,0.874655900165168,0.00403743806202973,0,0,0,0.121306661772802
238273.411807,2570866.126422,0.946451494590134,0.00293416467999266,0,0,0,0.0506143407298735
238773.411807,2570866.126422,0.896280007330035,0.0342679127725857,0,0.000549752611324904,0.00109950522264981,0.0678028220634048
239273.411807,2570866.126422,0.799412736281887,0.0236740686364471,0,0,0.000183519911910442,0.176729675169756
239773.411807,2570866.126422,0.73995965523565,0.00238400880249404,0,0,0,0.257656335961856
240273.411807,2570866.126422,0.732820230896097,0.130657870624885,0,0.0557082646142569,0.0146600696353308,0.0661535642294301
240773.411807,2570866.126422,0.778858506147917,0.0790970820334006,0,0.00256927876674619,0.00220223894292531,0.137272894109011
241273.411807,2570866.126422,0.671740326425821,0.0544654318723638,0,0.017604988079956,0.0350265908674124,0.221162662754447
241773.411807,2570866.126422,0.404434671064688,0.16474253252703,0.0870441634597764,0.0780648708081363,0.0397654388858347,0.225948323254535
242273.411807,2570866.126422,0.684896311249771,0.0227564690768948,0,0.0179849513672233,0.0278950266103872,0.246467241695724
242773.411807,2570866.126422,0.398496240601504,0.000183385292499542,0,0,0.000183385292499542,0.601136988813497
243273.411807,2570866.126422,0.677661718893165,0.00293201392706615,0,0,0.000183250870441635,0.319223016309327
243773.411807,2570866.126422,0.621398421728758,0.00587263718113415,0,0.00293631859056708,0.00605615709304459,0.363736465406497
244273.411807,2570866.126422,0.874747845222813,0.0386942967174033,0,0.000550155877498625,0.00330093526499175,0.0827067669172932
244773.411807,2570866.126422,0.863294850650541,0.0868609125893348,0,0.00842954004031519,0.0137438152831226,0.0276708814366868
245273.411807,2570866.126422,0.764727472930813,0.0567076527803267,0.00220223894292531,0.0346852633510736,0.0343182235272527,0.107359148467609
245773.411807,2570866.126422,0.837153860260407,0.0920594168347699,0.00165046763249587,0.0221896203924445,0.0291582615074271,0.0177883733724555
246273.411807,2570866.126422,0.826644676562214,0.116181051859996,0,0.0201575957485798,0.00714678394722375,0.0298698918819864
246773.411807,2570866.126422,0.462653697926225,0.131216737015966,0.122591301156175,0.17030647825289,0.044411818682327,0.0688199669664159
247273.411807,2570866.126422,0.709334311388227,0.04401247019989,0.0744544287548139,0.06400146708234,0.0165046763249587,0.0916926462497708
247773.411807,2570866.126422,0.955653289353124,0.00128275609309144,0,0,0,0.0430639545537841
248273.411807,2570866.126422,0.954120022022389,0.0350523031748945,0,0,0,0.0108276748027161
248773.411807,2570866.126422,0.849257289565377,0.0511644966073721,0,0.00476801760498808,0.0181551439574546,0.0766550522648084
249273.411807,2570866.126422,0.983690672530695,0.00164925783397471,0,0,0,0.0146600696353308
249773.411807,2570866.126422,0.87882724067545,0.00983484876600482,0.000371126368528484,0.0161439970309891,0.0133605492670254,0.0814622378920022
237273.411807,2570366.126422,0.935797140544915,0.00323711896412193,0,0.000269759913676828,0.00134879956838414,0.0593471810089021
237773.411807,2570366.126422,0.95651376146789,0.00348623853211009,0,0,0,0.04
238273.411807,2570366.126422,0.878187488534214,0.00146762062006971,0,0,0.000550357732526142,0.11979453311319
238773.411807,2570366.126422,0.661172161172161,0,0,0,0,0.338827838827839
239273.411807,2570366.126422,0.491559633027523,0.00293577981651376,0,0.00678899082568807,0.0036697247706422,0.495045871559633
239773.411807,2570366.126422,0.589616584113007,0.0185287103283801,0,0.0412768299394606,0.0201797835259585,0.330398092093194
240273.411807,2570366.126422,0.775091575091575,0.0375457875457875,0.000366300366300366,0.0463369963369963,0.00842490842490842,0.132234432234432
240773.411807,2570366.126422,0.553211009174312,0.185871559633028,0.00697247706422018,0.0888073394495413,0.0245871559633028,0.140550458715596
241273.411807,2570366.126422,0.287470188956155,0.1326362135388,0.0150431113557145,0.0524674371674922,0.0565033938726839,0.455879655109154
241773.411807,2570366.126422,0.776190476190476,0.0282051282051282,0.00201465201465201,0.0391941391941392,0.0144688644688645,0.13992673992674
242273.411807,2570366.126422,0.634862385321101,0.0590825688073394,0.00055045871559633,0.0710091743119266,0.0203669724770642,0.214128440366972
242773.411807,2570366.126422,0.706475875986058,0.0453127866446524,0.00458631443771785,0.0460465969546872,0.0150431113557145,0.18253531462117
243273.411807,2570366.126422,0.959157509157509,0.00164835164835165,0,0,0,0.0391941391941392
243773.411807,2570366.126422,0.880183486238532,0.00862385321100917,0,0.00018348623853211,0.00201834862385321,0.108990825688073
244273.411807,2570366.126422,0.89157952669235,0.0311869381764814,0,0.00953953403045313,0.0111906072280316,0.0565033938726839
244773.411807,2570366.126422,0.86025641025641,0.0884615384615385,0,0.0021978021978022,0.00934065934065934,0.0397435897435897
245273.411807,2570366.126422,0.864770642201835,0.0895412844036697,0,0.024954128440367,0.0073394495412844,0.013394495412844
245773.411807,2570366.126422,0.837644468904788,0.0581544670702623,0,0.0691616217207852,0.0133920381581361,0.0216474041460283
246273.411807,2570366.126422,0.833516483516484,0.0782051282051282,0.00879120879120879,0.00659340659340659,0.0208791208791209,0.052014652014652
246773.411807,2570366.126422,0.975045871559633,0.00513761467889908,0,0.00036697247706422,0.00201834862385321,0.0174311926605505
247273.411807,2570366.126422,0.805356815263254,0.0796184186387819,0.0271509814712897,0.0368739680792515,0.0130251330031187,0.0379746835443038
247773.411807,2570366.126422,0.981501831501831,0.00567765567765568,0,0,0,0.0128205128205128
248273.411807,2570366.126422,0.912477064220183,0.0302752293577982,0,0,0,0.0572477064220183
248773.411807,2570366.126422,0.922032654558797,0.0135754907356448,0,0.00146762062006971,0.00605393505778756,0.0568702990277013
249273.411807,2570366.126422,0.842490842490842,0.0274725274725275,0,0.0135531135531136,0.0108058608058608,0.105677655677656
249773.411807,2570366.126422,0.930797773654917,0.00445269016697588,0,0.000742115027829314,0.000927643784786642,0.0630797773654917
237273.411807,2569866.126422,0.963312651739951,0.00350687887779876,0,0,0,0.0331804693822498
237773.411807,2569866.126422,0.92967032967033,0.0144688644688645,0,0.00384615384615385,0.00421245421245421,0.0478021978021978
238273.411807,2569866.126422,0.963003663003663,0.000915750915750916,0,0,0,0.0360805860805861
238773.411807,2569866.126422,0.916391639163916,0.00128346167950128,0,0,0,0.0823248991565823
239273.411807,2569866.126422,0.767765567765568,0.0423076923076923,0,0.0161172161172161,0.00842490842490842,0.165384615384615
239773.411807,2569866.126422,0.473443223443223,0.0989010989010989,0.017032967032967,0.0738095238095238,0.0836996336996337,0.253113553113553
240273.411807,2569866.126422,0.555922258892556,0.0705903923725706,0.00788412174550788,0.0711404473780711,0.0546387972130546,0.23982398239824
240773.411807,2569866.126422,0.146886446886447,0.254578754578755,0.264835164835165,0.20970695970696,0.0860805860805861,0.0379120879120879
241273.411807,2569866.126422,0.691208791208791,0.126190476190476,0.0186813186813187,0.00457875457875458,0.0152014652014652,0.144139194139194
241773.411807,2569866.126422,0.676567656765677,0.12009534286762,0.00256692335900257,0.0938760542720939,0.0280528052805281,0.0788412174550788
242273.411807,2569866.126422,0.664652014652015,0.0976190476190476,0.000915750915750916,0.0474358974358974,0.0355311355311355,0.153846153846154
242773.411807,2569866.126422,0.785714285714286,0.0529304029304029,0,0.0419413919413919,0.0131868131868132,0.106227106227106
243273.411807,2569866.126422,0.817381738173817,0.0322698936560323,0.000366703337000367,0.0280528052805281,0.024019068573524,0.0979097909790979
243773.411807,2569866.126422,0.837362637362637,0.0523809523809524,0.000732600732600733,0.0175824175824176,0.0117216117216117,0.0802197802197802
244273.411807,2569866.126422,0.987362637362637,0.0100732600732601,0,0,0,0.00256410256410256
244773.411807,2569866.126422,0.973780711404474,0.0174184085075174,0,0.00055005500550055,0.0011001100110011,0.00715071507150715
245273.411807,2569866.126422,0.934615384615385,0.0243589743589744,0,0,0,0.041025641025641
245773.411807,2569866.126422,0.85970695970696,0.0833333333333333,0,0.0137362637362637,0.00989010989010989,0.0333333333333333
246273.411807,2569866.126422,0.81994866153282,0.0423542354235424,0.00843417675100843,0.0502383571690502,0.030986431976531,0.048038137147048
246773.411807,2569866.126422,0.949084249084249,0.00201465201465201,0,0,0.000549450549450549,0.0483516483516484
247273.411807,2569866.126422,0.752380952380952,0.021978021978022,0.0937728937728938,0.0441391941391941,0.00934065934065934,0.0783882783882784
247773.411807,2569866.126422,0.825632563256326,0.046021268793546,0.0357535753575358,0.0337367070040337,0.0022002200220022,0.0566556655665567
248273.411807,2569866.126422,0.987912087912088,0,0,0,0,0.0120879120879121
248773.411807,2569866.126422,0.982600732600733,0,0,0,0,0.0173992673992674
249273.411807,2569866.126422,0.94041070773744,0.00586725339200587,0,0.0066006600660066,0.0033003300330033,0.0438210487715438
249773.411807,2569866.126422,0.837532419414598,0.0213041867358281,0.00648388291959985,0.0418673582808448,0.0185253797702853,0.074286772878844
237273.411807,2569366.126422,0.973279352226721,0,0,0,0,0.0267206477732794
237773.411807,2569366.126422,0.840888236373647,0.0321159845843274,0,0.0330335841438796,0.0113782345384474,0.082583960359699
238273.411807,2569366.126422,0.93214744177517,0.00366770584999083,0,0.00568494406748579,0.00678525582248304,0.0517146524848707
238773.411807,2569366.126422,0.897746014293568,0.017042330951072,0,0.000549752611324904,0.00274876305662452,0.0819131390874107
239273.411807,2569366.126422,0.791704899981648,0.034868783262984,0.000917599559552211,0.00513855753349238,0.00770783630023858,0.159662323362085
239773.411807,2569366.126422,0.87181368054282,0.0150375939849624,0,0,0.000550155877498625,0.112598569594719
240273.411807,2569366.126422,0.675462708447865,0.0164925783397471,0.00439802089059923,0.0502107385010079,0.0291368884002199,0.224299065420561
240773.411807,2569366.126422,0.0480822169205359,0.121857221508534,0.0862543585979079,0.0989172325197284,0.0724903652046247,0.572398605248669
241273.411807,2569366.126422,0.42783788740143,0.0630845406198423,0,0.00366770584999083,0.0522648083623693,0.453145057766367
241773.411807,2569366.126422,0.657504123144585,0.189114898295767,0,0.00678028220634048,0.00714678394722375,0.139453912406084
242273.411807,2569366.126422,0.742521563589649,0.0133969535694623,0,0.0144980730409249,0.00623967700495504,0.223343732795008
242773.411807,2569366.126422,0.904823033192738,0.0676691729323308,0,0,0,0.0275077938749312
243273.411807,2569366.126422,0.862378596298332,0.055158512002932,0,0,0,0.0824628916987356
243773.411807,2569366.126422,0.953752982198569,0.000367039823820885,0,0,0,0.0458799779776106
244273.411807,2569366.126422,0.787089675408032,0.128553090042179,0,0.0262240968274344,0.0330093526499175,0.0251237850724372
244773.411807,2569366.126422,0.960967564595932,0.0331684075499359,0,0.00146600696353308,0.00311526479750779,0.00128275609309144
245273.411807,2569366.126422,0.953202422462837,0.0467975775371628,0,0,0,0
245773.411807,2569366.126422,0.966990647350083,0.0330093526499175,0,0,0,0
246273.411807,2569366.126422,0.706615356422943,0.106102253985706,0.0238226131574125,0.0918086860912589,0.0221733553234378,0.0494777350192413
246773.411807,2569366.126422,0.939805468893375,0.0124793540099101,0,0.000550559735731327,0.00201871903101487,0.0451458983299688
247273.411807,2569366.126422,0.960938932697598,0.004401247019989,0,0,0,0.0346598202824134
247773.411807,2569366.126422,0.903793293018142,0.00989554700384827,0.000366501740883269,0.00403151914971596,0.00146600696353308,0.0804471321238776
248273.411807,2569366.126422,0.817214167737199,0.0512020554230134,0.05395485410167,0.0262433474031932,0.00275279867865663,0.0486327766562672
248773.411807,2569366.126422,0.992664588300018,0,0,0,0,0.00733541169998166
249273.411807,2569366.126422,0.991753710830126,0,0,0,0,0.00824628916987356
249773.411807,2569366.126422,0.887363147151605,0.0152161811096678,0.0103915383187976,0.0204119502690666,0.0035257005010206,0.0630914826498423
237273.411807,2568866.126422,0.795252225519288,0,0,0,0,0.204747774480712
237773.411807,2568866.126422,0.928073394495413,0.00422018348623853,0,0.00238532110091743,0.00605504587155963,0.0592660550458716
238273.411807,2568866.126422,0.908824068978169,0.0104567969179967,0,0.0124747752705926,0.00972298660796184,0.0585213722252798
238773.411807,2568866.126422,0.882051282051282,0.00384615384615385,0,0.000549450549450549,0.00128205128205128,0.112271062271062
239273.411807,2568866.126422,0.647522935779817,0.038348623853211,0.00275229357798165,0.0497247706422018,0.0414678899082569,0.220183486238532
239773.411807,2568866.126422,0.749954136855623,0.00348559897266557,0,0.00275178866263071,0.00311869381764814,0.240689781691433
240273.411807,2568866.126422,0.558241758241758,0.0249084249084249,0,0.00732600732600733,0.0357142857142857,0.373809523809524
240773.411807,2568866.126422,0.176146788990826,0.0211009174311927,0,0.0227522935779817,0.0801834862385321,0.699816513761468
241273.411807,2568866.126422,0.152265639332233,0.0267840763162722,0,0.000550357732526142,0.00311869381764814,0.817281232801321
241773.411807,2568866.126422,0.747985347985348,0.00274725274725275,0,0.000915750915750916,0.00384615384615385,0.244505494505494
242273.411807,2568866.126422,0.684770642201835,0.0055045871559633,0,0,0.00073394495412844,0.308990825688073
242773.411807,2568866.126422,0.880388919464319,0.00972298660796184,0,0.00220143093010457,0.00385250412768299,0.103834158869932
243273.411807,2568866.126422,0.908241758241758,0.0487179487179487,0,0.0108058608058608,0.00622710622710623,0.026007326007326
243773.411807,2568866.126422,0.615229357798165,0.0678899082568807,0.00954128440366972,0.122385321100917,0.0772477064220184,0.107706422018349
244273.411807,2568866.126422,0.861860209135938,0.0697119794533113,0,0.016694184553293,0.019262520638415,0.0324711062190424
244773.411807,2568866.126422,0.65970695970696,0.1,0,0.107509157509158,0.0399267399267399,0.0928571428571429
245273.411807,2568866.126422,0.845871559633028,0.0370642201834862,0,0.00422018348623853,0.00477064220183486,0.108073394495413
245773.411807,2568866.126422,0.962759126765731,0.0251330031186938,0,0,0,0.0121078701155751
246273.411807,2568866.126422,0.79981684981685,0.0961538461538462,0.000915750915750916,0.0267399267399267,0.0166666666666667,0.0597069597069597
246773.411807,2568866.126422,0.995229357798165,0,0,0,0,0.00477064220183486
247273.411807,2568866.126422,0.975600807191341,0,0,0,0,0.024399192808659
247773.411807,2568866.126422,0.967399267399267,0,0,0,0,0.0326007326007326
248273.411807,2568866.126422,0.859816513761468,0.0181651376146789,0.00513761467889908,0.0159633027522936,0.00348623853211009,0.0974311926605505
248773.411807,2568866.126422,0.798752522472941,0.0346725371491469,0.00550357732526142,0.0333883691065859,0.0126582278481013,0.115024766097964
249273.411807,2568866.126422,0.8503663003663,0.0423076923076923,0.0225274725274725,0.0311355311355311,0.00531135531135531,0.0483516483516484
249773.411807,2568866.126422,0.924675324675325,0.000185528756957328,0.00909090909090909,0.0170686456400742,0.00111317254174397,0.0478664192949907
237273.411807,2568366.126422,0.257081197734017,0.0194227137847316,0,0.000269759913676828,0.00134879956838414,0.721877528999191
237773.411807,2568366.126422,0.585714285714286,0,0,0,0,0.414285714285714
238273.411807,2568366.126422,0.858424908424908,0.0278388278388278,0,0.0223443223443223,0.0161172161172161,0.0752747252747253
238773.411807,2568366.126422,0.776677667766777,0.000733406674000733,0,0.000183351668500183,0.00146681334800147,0.220938760542721
239273.411807,2568366.126422,0.76007326007326,0.0163003663003663,0,0.0205128205128205,0.0175824175824176,0.185531135531136
239773.411807,2568366.126422,0.626190476190476,0.00457875457875458,0.000183150183150183,0.00805860805860806,0.00695970695970696,0.354029304029304
240273.411807,2568366.126422,0.431426475980931,0.00311697836450312,0,0.00843417675100843,0.0122845617895123,0.544737807114045
240773.411807,2568366.126422,0.127838827838828,0.0395604395604396,0.115750915750916,0.231684981684982,0.173443223443223,0.311721611721612
241273.411807,2568366.126422,0.420695970695971,0.00842490842490842,0,0.000915750915750916,0.0010989010989011,0.568864468864469
241773.411807,2568366.126422,0.513751375137514,0,0,0,0,0.486248624862486
242273.411807,2568366.126422,0.810989010989011,0.00677655677655678,0,0.00970695970695971,0.00842490842490842,0.164102564102564
242773.411807,2568366.126422,0.873443223443223,0.0386446886446886,0.000183150183150183,0.0289377289377289,0.0117216117216117,0.0470695970695971
243273.411807,2568366.126422,0.338100476714338,0.0566556655665567,0.277594426109278,0.172533920058673,0.0405207187385405,0.114594792812615
243773.411807,2568366.126422,0.6996336996337,0.0796703296703297,0.0117216117216117,0.0695970695970696,0.0536630036630037,0.0857142857142857
244273.411807,2568366.126422,0.908974358974359,0.010989010989011,0,0.0021978021978022,0.00824175824175824,0.0695970695970696
244773.411807,2568366.126422,0.94976164283095,0.0432709937660433,0,0.000733406674000733,0.00238357169050238,0.00385038503850385
245273.411807,2568366.126422,0.682967032967033,0.113553113553114,0.0120879120879121,0.0954212454212454,0.0424908424908425,0.0534798534798535
245773.411807,2568366.126422,0.793956043956044,0.0496336996336996,0.00879120879120879,0.0423076923076923,0.0217948717948718,0.0835164835164835
246273.411807,2568366.126422,0.895306197286395,0.0152181884855152,0.00843417675100843,0.0357535753575358,0.00495049504950495,0.0403373670700403
246773.411807,2568366.126422,0.978937728937729,0.0043956043956044,0,0,0,0.0166666666666667
247273.411807,2568366.126422,0.992124542124542,0.00476190476190476,0,0,0,0.00311355311355311
247773.411807,2568366.126422,0.963696369636964,0.00788412174550788,0,0,0,0.0284195086175284
248273.411807,2568366.126422,0.985347985347985,0.000366300366300366,0,0.00567765567765568,0.00293040293040293,0.00567765567765568
248773.411807,2568366.126422,0.810989010989011,0.00164835164835165,0,0.00238095238095238,0.0043956043956044,0.180586080586081
249273.411807,2568366.126422,0.632563256325633,0.0366703337000367,0.0667400073340667,0.0806747341400807,0.0293362669600293,0.154015401540154
249773.411807,2568366.126422,0.838273434605409,0.00277880696554279,0,0.00129677658391997,0.00296406076324565,0.154686921081882
237273.411807,2567866.126422,0.313630229419703,0.00323886639676113,0,0.000539811066126856,0.00188933873144399,0.680701754385965
237773.411807,2567866.126422,0.36942558267572,0.00201871903101487,0.00238575885483575,0.0152321526885667,0.0216553496054322,0.58928243714443
238273.411807,2567866.126422,0.699431505593251,0.0115532734274711,0,0.0445626260773886,0.0177883733724555,0.226664221529433
238773.411807,2567866.126422,0.80831958951805,0.026571376214037,0.000183250870441635,0.0201575957485798,0.0221733553234378,0.122594832325454
239273.411807,2567866.126422,0.400991007524316,0.0178014314553129,0.0655166085520279,0.0754266837951918,0.0205542301339695,0.419710038539181
239773.411807,2567866.126422,0.119383825417202,0.0392444525949019,0.275261324041812,0.278745644599303,0.0779387493123052,0.209426004034476
240273.411807,2567866.126422,0.634414513468939,0.0342679127725857,0.00769653655854865,0.0247388675096207,0.0141103170240059,0.2847718526663
240773.411807,2567866.126422,0.57680308313452,0.0392732611488346,0.0161497522481189,0.0330335841438796,0.0394567810607451,0.295283538263902
241273.411807,2567866.126422,0.150009169264625,0.0487804878048781,0,0,0,0.801210342930497
241773.411807,2567866.126422,0.360271211288254,0.000366501740883269,0,0.000183250870441635,0.00146600696353308,0.637713029136888
242273.411807,2567866.126422,0.765278032666544,0.00275279867865663,0,0.0170673518076711,0.022389429253074,0.192512387594054
242773.411807,2567866.126422,0.864845039427838,0.0267742527049331,0.000550155877498625,0.0421786172748946,0.0117366587199707,0.0539152759948652
243273.411807,2567866.126422,0.567161444016859,0.0654205607476635,0.0437969580355507,0.135055891515485,0.049660985889683,0.138904159794759
243773.411807,2567866.126422,0.411084602679391,0.0482657368324463,0.298403376766379,0.12038906221325,0.0236740686364471,0.0981831528720866
244273.411807,2567866.126422,0.547588483403631,0.0834403080872914,0.0143040528149642,0.210709701081973,0.068402714102329,0.0755547405098111
244773.411807,2567866.126422,0.928532160527763,0.00714678394722375,0,0.0128275609309144,0.0126443100604728,0.0388491845336265
245273.411807,2567866.126422,0.942741787483942,0.00697375665259681,0,0.00311983850247752,0.00789135621214902,0.0392732611488346
245773.411807,2567866.126422,0.86392811296534,0.0304419585549239,0.00201723821749496,0.00916926462497708,0.0100861910874748,0.0843572345497891
246273.411807,2567866.126422,0.726589701301081,0.0355506688656771,0.0751328568810702,0.0833791460509437,0.0260216236027121,0.0533260032985157
246773.411807,2567866.126422,0.885667094879794,0.000550559735731327,0.0537713341897596,0.0194531106625069,0.00660671682877592,0.0339511837034318
247273.411807,2567866.126422,0.942417018155144,0.00715202640748212,0,0.000183385292499542,0.0022006235099945,0.0480469466348799
247773.411807,2567866.126422,0.932563679677478,0.00439802089059923,0,0.00714678394722375,0.0117280557082646,0.0441634597764339
248273.411807,2567866.126422,0.784914663240962,0.0517526151587447,0,0.022389429253074,0.0321159845843274,0.108827307762892
248773.411807,2567866.126422,0.85585916009536,0.0144874381074638,0,0.004401247019989,0.00605171465248487,0.119200440124702
249273.411807,2567866.126422,0.34084661902144,0.0639545537841305,0.0500274876305662,0.173172072567345,0.0450797141286421,0.326919552867876
249773.411807,2567866.126422,0.723139729077751,0.0642048617554277,0.00668027463351271,0.0330302467990351,0.0142883651883466,0.158656522545927
237273.411807,2567366.126422,0.743997841920691,0.0118694362017804,0,0.0110601564607499,0.029673590504451,0.203398974912328
237773.411807,2567366.126422,0.877247706422018,0,0,0,0,0.122752293577982
238273.411807,2567366.126422,0.745551274995414,0,0,0,0,0.254448725004586
238773.411807,2567366.126422,0.901098901098901,0.00476190476190476,0,0.00164835164835165,0.00402930402930403,0.0884615384615385
239273.411807,2567366.126422,0.872660550458716,0.011743119266055,0.00073394495412844,0.0611009174311927,0.0192660550458716,0.0344954128440367
239773.411807,2567366.126422,0.364336818932306,0.0421940928270042,0.364520271509815,0.140157769216657,0.0143093010456797,0.0744817464685379
240273.411807,2567366.126422,0.556593406593407,0.0437728937728938,0.000183150183150183,0.00402930402930403,0.015018315018315,0.38040293040293
240773.411807,2567366.126422,0.402385321100917,0.0155963302752294,0.00256880733944954,0.0165137614678899,0.0209174311926606,0.542018348623853
241273.411807,2567366.126422,0.0992478444322143,0.00605393505778756,0,0.00697119794533113,0.020546688680976,0.867180333883691
241773.411807,2567366.126422,0.644505494505495,0.00476190476190476,0,0.00128205128205128,0.00604395604395604,0.343406593406593
242273.411807,2567366.126422,0.859449541284404,0.0368807339449541,0,0.00715596330275229,0.00348623853211009,0.0930275229357798
242773.411807,2567366.126422,0.982205099981655,0,0,0,0,0.0177949000183453
243273.411807,2567366.126422,0.888827838827839,0.0133699633699634,0,0.0142857142857143,0.00677655677655678,0.0767399267399267
243773.411807,2567366.126422,0.606788990825688,0.101467889908257,0.0144954128440367,0.126605504587156,0.055045871559633,0.0955963302752294
244273.411807,2567366.126422,0.373325995230233,0.0603558980003669,0.177582095028435,0.246927169326729,0.0464135021097046,0.0953953403045313
244773.411807,2567366.126422,0.906959706959707,0.00549450549450549,0.021978021978022,0.0296703296703297,0.0111721611721612,0.0247252747252747
245273.411807,2567366.126422,0.963669724770642,0.00330275229357798,0,0.00018348623853211,0.000917431192660551,0.0319266055045872
245773.411807,2567366.126422,0.959640432948083,0,0,0.000183452577508714,0.000183452577508714,0.0399926618968997
246273.411807,2567366.126422,0.962637362637363,0.00989010989010989,0,0,0.000366300366300366,0.0271062271062271
246773.411807,2567366.126422,0.66256880733945,0.0414678899082569,0.132660550458716,0.0998165137614679,0.0165137614678899,0.0469724770642202
247273.411807,2567366.126422,0.920014676206201,0.00935608145294441,0,0.00091726288754357,0.00330214639515685,0.0664098330581545
247773.411807,2567366.126422,0.965018315018315,0.00347985347985348,0,0,0.000183150183150183,0.0313186813186813
248273.411807,2567366.126422,0.982752293577982,0.0172477064220183,0,0,0,0
248773.411807,2567366.126422,0.981838194826637,0.010273344340488,0,0.000366905155017428,0.00201797835259585,0.00550357732526142
249273.411807,2567366.126422,0.855677655677656,0.00769230769230769,0,0.0010989010989011,0.00311355311355311,0.132417582417582
249773.411807,2567366.126422,0.750092764378479,0.036734693877551,0.00797773654916512,0.062152133580705,0.0335807050092764,0.109461966604824
237273.411807,2566866.126422,0.954410574588616,0.00161855948206097,0,0.000269759913676828,0,0.0437011060156461
237773.411807,2566866.126422,0.971611721611722,0,0,0,0,0.0283882783882784
238273.411807,2566866.126422,0.955128205128205,0,0,0,0,0.0448717948717949
238773.411807,2566866.126422,0.971397139713971,0,0,0,0,0.0286028602860286
239273.411807,2566866.126422,0.829304029304029,0.0379120879120879,0.00201465201465201,0.00897435897435897,0.0104395604395604,0.111355311355311
239773.411807,2566866.126422,0.605677655677656,0.0917582417582418,0.0884615384615385,0.101831501831502,0.0230769230769231,0.0891941391941392
240273.411807,2566866.126422,0.542354235423542,0.0196186285295196,0.000183351668500183,0,0.000733406674000733,0.437110377704437
240773.411807,2566866.126422,0.526923076923077,0.0120879120879121,0,0.0194139194139194,0.00787545787545788,0.433699633699634
241273.411807,2566866.126422,0.572527472527472,0.00311355311355311,0,0,0.00164835164835165,0.422710622710623
241773.411807,2566866.126422,0.522735606894023,0.00146681334800147,0,0,0.00165016501650165,0.474147414741474
242273.411807,2566866.126422,0.904578754578755,0.00586080586080586,0,0,0,0.0895604395604396
242773.411807,2566866.126422,0.703113553113553,0.0388278388278388,0.0467032967032967,0.0379120879120879,0.0139194139194139,0.15952380952381
243273.411807,2566866.126422,0.902273560689402,0.00275027502750275,0,0.0011001100110011,0.00385038503850385,0.09002566923359
243773.411807,2566866.126422,0.86007326007326,0.0032967032967033,0,0.00293040293040293,0.0120879120879121,0.121611721611722
244273.411807,2566866.126422,0.834432234432234,0.0119047619047619,0.00531135531135531,0.0571428571428571,0.0201465201465201,0.0710622710622711
244773.411807,2566866.126422,0.445727906123946,0.0705903923725706,0.21048771543821,0.169233590025669,0.0348368170150348,0.0691235790245691
245273.411807,2566866.126422,0.781684981684982,0.01996336996337,0.0474358974358974,0.080952380952381,0.0298534798534799,0.0401098901098901
245773.411807,2566866.126422,0.797435897435897,0.0340659340659341,0.0126373626373626,0.0225274725274725,0.0183150183150183,0.115018315018315
246273.411807,2566866.126422,0.959479281261459,0,0,0,0.00055005500550055,0.03997066373304
246773.411807,2566866.126422,0.784249084249084,0.0399267399267399,0.0785714285714286,0.0543956043956044,0.00769230769230769,0.0351648351648352
247273.411807,2566866.126422,0.987362637362637,0.00347985347985348,0,0,0,0.00915750915750916
247773.411807,2566866.126422,0.972313898056472,0,0,0,0,0.0276861019435277
248273.411807,2566866.126422,0.984615384615385,0,0,0,0,0.0153846153846154
248773.411807,2566866.126422,0.975274725274725,0,0,0,0,0.0247252747252747
249273.411807,2566866.126422,0.898423175650898,0.0077007700770077,0,0,0,0.0938760542720939
249773.411807,2566866.126422,0.934790663208596,0.0192663949610967,0,0,0,0.0459429418303075
237273.411807,2566366.126422,0.732793522267207,0.0696356275303644,0.00728744939271255,0.0445344129554656,0.0267206477732794,0.119028340080972
237773.411807,2566366.126422,0.876124059460451,0.0012846393833731,0,0,0,0.122591301156175
238273.411807,2566366.126422,0.800843572345498,0.0119200440124702,0,0.0143040528149642,0.01998899688245,0.152943333944618
238773.411807,2566366.126422,0.631665750412314,0.099321971779366,0.0390324354040682,0.0767821147150449,0.0234561114165292,0.129741616272677
239273.411807,2566366.126422,0.841989355845109,0.0405579005322077,0.00275279867865663,0.00752431638832813,0.00458799779776106,0.102587630757937
239773.411807,2566366.126422,0.841371721987897,0.0225563909774436,0,0.00348432055749129,0.00568494406748579,0.126902622409683
240273.411807,2566366.126422,0.645226314824995,0.009529045262965,0,0,0,0.34524463991204
240773.411807,2566366.126422,0.870801982015049,0.000183519911910442,0,0.000917599559552211,0.00146815929528354,0.126628739218205
241273.411807,2566366.126422,0.90794058316523,0.00550155877498625,0,0.00165046763249587,0.00403447643498991,0.0808729139922978
241773.411807,2566366.126422,0.881619937694704,0.00586402785413231,0,0.00238226131574125,0.00879604178119846,0.101337731354224
242273.411807,2566366.126422,0.642136171774638,0.0376215819416407,0.0291796659937603,0.160029363185906,0.0350523031748945,0.0959809139291613
242773.411807,2566366.126422,0.572895653768568,0.100678525582248,0.102145607922245,0.157344580964607,0.0174216027874564,0.0495140289748762
243273.411807,2566366.126422,0.666849917537108,0.0542422576507238,0.0240058640278541,0.118380062305296,0.0199743448781382,0.11654755360088
243773.411807,2566366.126422,0.644338410717563,0.116718663975041,0.0082583960359699,0.101486511286475,0.0411084602679391,0.0880895577170123
244273.411807,2566366.126422,0.581147991931047,0.0383275261324042,0.114982578397213,0.167430772052081,0.0451127819548872,0.0529983495323675
244773.411807,2566366.126422,0.852116547553601,0.0371999266996518,0.00769653655854865,0.0238226131574125,0.00568077698369067,0.0734835990470955
245273.411807,2566366.126422,0.905120205542301,0.0374380620297302,0,0.000183519911910442,0,0.057258212516058
245773.411807,2566366.126422,0.6400146708234,0.0456629378323858,0.00935264991747662,0.0618008435723455,0.0377773702549056,0.205391527599487
246273.411807,2566366.126422,0.724390690855782,0.0175920835623969,0.099321971779366,0.0855781564962434,0.0175920835623969,0.0555250137438153
246773.411807,2566366.126422,0.524132868416223,0.0508350155991925,0.230868049183336,0.117269223710773,0.034868783262984,0.0420260598274913
247273.411807,2566366.126422,0.930863744727673,0,0,0,0,0.0691362552723272
247773.411807,2566366.126422,0.810335349092908,0.0102620487447315,0,0.00238226131574125,0.009529045262965,0.167491295583654
248273.411807,2566366.126422,0.940539548541017,0.000367039823820885,0,0,0,0.0590934116351624
248773.411807,2566366.126422,0.869062901155327,0.0185219145424537,0,0.00678525582248304,0.00898587933247754,0.0966440491472584
249273.411807,2566366.126422,0.917537108301264,0.00183250870441635,0,0,0.00384826827927433,0.0767821147150449
249773.411807,2566366.126422,0.938578586008536,0.000185563184264242,0,0,0,0.0612358508071999
237273.411807,2565866.126422,0.572970056649582,0.0744537361748044,0.0758025357431886,0.0911788508227677,0.0272457512813596,0.158349069328298
237773.411807,2565866.126422,0.924770642201835,0.00128440366972477,0,0,0.00018348623853211,0.0737614678899083
238273.411807,2565866.126422,0.89579893597505,0.00201797835259585,0,0.002568336085122,0.00311869381764814,0.0964960557695836
238773.411807,2565866.126422,0.728205128205128,0.0523809523809524,0.0789377289377289,0.0386446886446886,0.0298534798534799,0.071978021978022
239273.411807,2565866.126422,0.858348623853211,0.00788990825688073,0,0.000917431192660551,0.00128440366972477,0.131559633027523
239773.411807,2565866.126422,0.925334800953953,0.001284168042561,0,0,0.00110071546505228,0.0722803155384333
240273.411807,2565866.126422,0.554212454212454,0,0,0,0,0.445787545787546
240773.411807,2565866.126422,0.215229357798165,0.00311926605504587,0,0.00036697247706422,0.00036697247706422,0.780917431192661
241273.411807,2565866.126422,0.652173913043478,0.0869565217391304,0.00110071546505228,0.0764997248211337,0.0387084938543387,0.144560631076867
241773.411807,2565866.126422,0.771062271062271,0.0529304029304029,0,0.0234432234432234,0.0195970695970696,0.132967032967033
242273.411807,2565866.126422,0.810642201834862,0.0598165137614679,0,0.0055045871559633,0.00954128440366972,0.114495412844037
242773.411807,2565866.126422,0.794716565767749,0.0500825536598789,0,0.0431113557145478,0.0199963309484498,0.0920931939093744
243273.411807,2565866.126422,0.95018315018315,0.00421245421245421,0,0,0.000915750915750916,0.0446886446886447
243773.411807,2565866.126422,0.90348623853211,0.0111926605504587,0,0.00422018348623853,0.00825688073394495,0.0728440366972477
244273.411807,2565866.126422,0.878187488534214,0.00898917629792699,0,0.00146762062006971,0.00220143093010457,0.109154283617685
244773.411807,2565866.126422,0.984798534798535,0.00201465201465201,0,0,0,0.0131868131868132
