"x","y","forest","agri","water","built","other","grass"
329273.411807,2787366.126422,0.0342490842490843,0.0567765567765568,0.27985347985348,0.137545787545788,0.0465201465201465,0.445054945054945
327273.411807,2783866.126422,0.149899212021257,0.0113615539673813,0.17042330951072,0.320505772402419,0.0417811984606927,0.30602895363753
325773.411807,2783366.126422,0,0.00502793296089385,0.182122905027933,0.810986964618249,0.00186219739292365,0
326273.411807,2783366.126422,0,0,0.00458715596330275,0.995412844036697,0,0
326773.411807,2783366.126422,0.00146762062006971,0.000183452577508714,0.0642084021280499,0.930288020546689,0.00385250412768299,0
327273.411807,2783366.126422,0.283882783882784,0.00641025641025641,0.0137362637362637,0.488095238095238,0.0741758241758242,0.133699633699634
327773.411807,2783366.126422,0.154311926605505,0.00660550458715596,0.156330275229358,0.348623853211009,0.0603669724770642,0.273761467889908
325773.411807,2782866.126422,0,0,0.0413870246085011,0.958612975391499,0,0
326273.411807,2782866.126422,0,0,0,1,0,0
326773.411807,2782866.126422,0.00293040293040293,0.00256410256410256,0.0485347985347985,0.935164835164835,0.00842490842490842,0.00238095238095238
327273.411807,2782866.126422,0.0478547854785479,0.000916758342500917,0.114044737807114,0.787678767876788,0.0280528052805281,0.0214521452145215
327773.411807,2782866.126422,0.251831501831502,0.00732600732600733,0.0249084249084249,0.465201465201465,0.0677655677655678,0.182967032967033
325773.411807,2782366.126422,0,0,0.0938897168405365,0.906110283159464,0,0
326273.411807,2782366.126422,0,0,0.00458799779776106,0.995412002202239,0,0
326773.411807,2782366.126422,0.0808729139922978,0.00843572345497891,0.0724371905373189,0.730240234733174,0.0432789290298918,0.0647350082523382
327273.411807,2782366.126422,0.426608026388125,0.00219901044529962,0.00403151914971596,0.170973062122045,0.0522264980758659,0.343961883818948
327773.411807,2782366.126422,0.483758487795926,0.0047715177096715,0.000550559735731327,0.2653697926225,0.0565241328684162,0.189025509267756
328273.411807,2782366.126422,0.598202824133504,0.00696864111498258,0.00256739409499358,0.0937098844672657,0.0265908674124335,0.27196038877682
328773.411807,2782366.126422,0.38226131574125,0.00916254352208173,0.00916254352208173,0.171156312992487,0.0538757559098406,0.374381528312259
331273.411807,2782366.126422,0.000366770584999083,0.0405281496423987,0.302952503209243,0.492939666238768,0.0715202640748212,0.0916926462497708
325773.411807,2781866.126422,0.000186219739292365,0.00037243947858473,0.0495344506517691,0.94804469273743,0.00111731843575419,0.00074487895716946
326273.411807,2781866.126422,0.00165137614678899,0.00220183486238532,0.0798165137614679,0.915963302752294,0.00036697247706422,0
326773.411807,2781866.126422,0.114474408365438,0.00165107319757843,0.0234819299211154,0.749403779123097,0.0537516052100532,0.0572372041827188
327273.411807,2781866.126422,0.40970695970696,0.00238095238095238,0.00586080586080586,0.338278388278388,0.0587912087912088,0.184981684981685
327773.411807,2781866.126422,0.564954128440367,0.00293577981651376,0,0.148073394495413,0.0484403669724771,0.235596330275229
328273.411807,2781866.126422,0.593835993395707,0.00110071546505228,0,0.0315538433314988,0.0124747752705926,0.361034672537149
328773.411807,2781866.126422,0.570695970695971,0.00164835164835165,0,0.0043956043956044,0.0032967032967033,0.41996336996337
329273.411807,2781866.126422,0.411376146788991,0.0055045871559633,0.0618348623853211,0.172293577981651,0.0247706422018349,0.324220183486239
329773.411807,2781866.126422,0.0214639515685195,0.00330214639515685,0.100532012474775,0.771418088424142,0.0478811227297744,0.0554026784076316
330273.411807,2781866.126422,0.123076923076923,0.0126373626373626,0.101648351648352,0.567765567765568,0.0732600732600733,0.121611721611722
330773.411807,2781866.126422,0.541651376146789,0.00660550458715596,0.0420183486238532,0.157614678899083,0.0352293577981651,0.216880733944954
325773.411807,2781366.126422,0.114093959731544,0.00354213273676361,0.123042505592841,0.697054436987323,0.0210663683818046,0.0412005965697241
326273.411807,2781366.126422,0.526373626373626,0.00622710622710623,0.0461538461538462,0.159157509157509,0.0424908424908425,0.21959706959707
326773.411807,2781366.126422,0.520879120879121,0.00476190476190476,0.00860805860805861,0.314285714285714,0.0305860805860806,0.120879120879121
327273.411807,2781366.126422,0.678767876787679,0.00751741840850752,0.000183351668500183,0.123579024569124,0.0357535753575358,0.154198753208654
327773.411807,2781366.126422,0.560989010989011,0.00146520146520147,0.00128205128205128,0.115384615384615,0.017032967032967,0.303846153846154
328273.411807,2781366.126422,0.259157509157509,0.0120879120879121,0.00476190476190476,0.371245421245421,0.0763736263736264,0.276373626373626
328773.411807,2781366.126422,0.404840484048405,0.00275027502750275,0,0.213604693802714,0.0740740740740741,0.304730473047305
329273.411807,2781366.126422,0.271794871794872,0.0128205128205128,0.0124542124542125,0.265201465201465,0.104945054945055,0.332783882783883
329773.411807,2781366.126422,0.163369963369963,0.0139194139194139,0.0043956043956044,0.268681318681319,0.0498168498168498,0.49981684981685
330273.411807,2781366.126422,0.118445177851118,0.0172350568390172,0.0504217088375504,0.52988632196553,0.0773744041070774,0.206637330399707
330773.411807,2781366.126422,0.218864468864469,0.0263736263736264,0.121794871794872,0.314102564102564,0.0448717948717949,0.273992673992674
325773.411807,2780866.126422,0.346497764530551,0.00912816691505216,0.00614754098360656,0.381706408345753,0.112704918032787,0.14381520119225
326273.411807,2780866.126422,0.554964213617178,0.000917599559552211,0,0.0618462103138191,0.0218388695173426,0.360433106992109
326773.411807,2780866.126422,0.386759581881533,0.00550155877498625,0.00366770584999083,0.305886667889235,0.0731707317073171,0.225013753896937
327273.411807,2780866.126422,0.367234744365036,0.00311526479750779,0.00329851566794942,0.367601246105919,0.0480117280557083,0.21073850100788
327773.411807,2780866.126422,0.294365938704349,0.00844191594788034,0.00642319691686548,0.284088823637365,0.0794641218572215,0.327216002936319
328273.411807,2780866.126422,0.312671923711718,0.0075187969924812,0.00201723821749496,0.275077938749312,0.0715202640748212,0.331193838254172
328773.411807,2780866.126422,0.230712845886018,0.00623052959501558,0.00366501740883269,0.408832691955287,0.0434304562946674,0.30712845886018
329273.411807,2780866.126422,0.192512387594054,0.00899247568361167,0.0249587080198202,0.604881629656818,0.0311983850247752,0.137456414020921
329773.411807,2780866.126422,0.193471483587016,0.00366770584999083,0.00165046763249587,0.169081239684577,0.0196222262974509,0.612506876948469
330273.411807,2780866.126422,0.505772402418912,0.00641378046545721,0,0.0767821147150449,0.024555616639179,0.386476085761407
330773.411807,2780866.126422,0.516608552027895,0,0,0.0150486327766563,0.00844191594788034,0.459900899247568
331273.411807,2780866.126422,0.155143957454612,0.0209059233449477,0.277645332844306,0.252888318356868,0.0328259673574179,0.260590500641849
332773.411807,2780866.126422,0.0731707317073171,0.00733541169998166,0.257839721254355,0.517696680726206,0.0275077938749312,0.116449660737209
325773.411807,2780366.126422,0.104469273743017,0.0162011173184358,0.0497206703910615,0.718621973929237,0.0661080074487896,0.04487895716946
326273.411807,2780366.126422,0.179082568807339,0.0139449541284404,0.0423853211009174,0.593211009174312,0.0858715596330275,0.0855045871559633
326773.411807,2780366.126422,0.172261970280682,0.0119244175380664,0.0187121629058888,0.628325077967345,0.085305448541552,0.0834709227664649
327273.411807,2780366.126422,0.258974358974359,0.00915750915750916,0.00311355311355311,0.515018315018315,0.086996336996337,0.126739926739927
327773.411807,2780366.126422,0.321834862385321,0.00458715596330275,0.00954128440366972,0.407889908256881,0.0759633027522936,0.180183486238532
328273.411807,2780366.126422,0.272060172445423,0.0207301412584847,0.011557512383049,0.303614015776922,0.0726472206934507,0.319390937442671
328773.411807,2780366.126422,0.366849816849817,0.0214285714285714,0.00293040293040293,0.273076923076923,0.0549450549450549,0.280769230769231
329273.411807,2780366.126422,0.689174311926605,0.0132110091743119,0.00201834862385321,0.0436697247706422,0.0209174311926606,0.231009174311927
329773.411807,2780366.126422,0.756191524490919,0,0,0.00201797835259585,0.002568336085122,0.239222161071363
330273.411807,2780366.126422,0.450915750915751,0.0249084249084249,0,0.00586080586080586,0.00531135531135531,0.513003663003663
330773.411807,2780366.126422,0.620366972477064,0.00458715596330275,0,0.0697247706422018,0.0260550458715596,0.279266055045872
331273.411807,2780366.126422,0.531645569620253,0.00678774536782242,0,0.0407264722069345,0.00972298660796184,0.411117226197028
331773.411807,2780366.126422,0.407142857142857,0.00311355311355311,0.000915750915750916,0.112271062271062,0.0595238095238095,0.417032967032967
332273.411807,2780366.126422,0.399449541284404,0.00403669724770642,0.0154128440366972,0.335412844036697,0.0917431192660551,0.15394495412844
