"x","y","forest","agri","water","built","other","grass"
224773.411807,2530366.126422,0.922946450205961,0.0450690574267022,0.000484613520717228,0.00654228252968258,0.00969227041434456,0.0152653259025927
225273.411807,2530366.126422,0.832809097507864,0.135252842971207,0,0.0019356399709654,0.00750060488749093,0.0225018146624728
225773.411807,2530366.126422,0.971393939393939,0.000484848484848485,0,0.015030303030303,0.00775757575757576,0.00533333333333333
226273.411807,2530366.126422,0.885388902350376,0.0033922946450206,0,0.0390113884177369,0.0249575963169372,0.0472498182699297
226773.411807,2530366.126422,0.775707718364384,0.111541253326881,0.0425840793612388,0.00435518993467215,0.0087103798693443,0.0571013791434793
227273.411807,2530366.126422,0.778424242424242,0.103030303030303,0.000484848484848485,0.0016969696969697,0.00484848484848485,0.111515151515152
227773.411807,2530366.126422,0.784104676520475,0.141749454809789,0.00581536224860674,0.000969227041434456,0.00823842985219288,0.0591228495275018
228273.411807,2530366.126422,0.970723445439148,0,0,0,0,0.0292765545608517
228773.411807,2530366.126422,0.946909090909091,0.00703030303030303,0,0.00121212121212121,0.00315151515151515,0.0416969696969697
229273.411807,2530366.126422,0.937727162587836,0.0101768839350618,0.00193845408286891,0.00218076084322753,0.00823842985219288,0.0397383086988127
229773.411807,2530366.126422,0.84587466731188,0.0263730946044036,0,0.0350834744737479,0.0227437696588435,0.0699249939511251
230273.411807,2530366.126422,0.704969696969697,0.0416969696969697,0.0431515151515151,0.0351515151515151,0.0455757575757576,0.129454545454545
230773.411807,2530366.126422,0.944511751877877,0.0210806881511994,0,0.000242306760358614,0,0.0341652532105646
231273.411807,2530366.126422,0.710863779337043,0.170094362448585,0.0783934188240987,0.0241954996370675,0.0019356399709654,0.0145172997822405
231773.411807,2530366.126422,0.90230303030303,0.0778181818181818,0.00096969696969697,0.000484848484848485,0.00387878787878788,0.0145454545454545
232273.411807,2530366.126422,0.989823116064938,0.00145384056215168,0,0,0,0.0087230433729101
232773.411807,2530366.126422,0.967094120493588,0.0108879748366804,0,0,0,0.0220179046697314
233273.411807,2530366.126422,0.811151515151515,0.0186666666666667,0.0167272727272727,0.0785454545454545,0.0256969696969697,0.0492121212121212
233773.411807,2530366.126422,0.88635812939181,0.018173007026896,0.00193845408286891,0.0179307002665374,0.0198691543494063,0.0557305548824812
234273.411807,2530366.126422,0.89257198161142,0.0183885797241713,0.00169368497459473,0.009678199854827,0.0125816598112751,0.0650858940237116
234773.411807,2530366.126422,0.952242424242424,0,0,0,0,0.0477575757575758
235273.411807,2530366.126422,0.984007753816331,0,0,0,0,0.0159922461836685
235773.411807,2530366.126422,0.98935398015969,0.000725864989112025,0,0,0,0.00992015485119768
236273.411807,2530366.126422,0.91030303030303,0.0104242424242424,0,0.00509090909090909,0.0111515151515152,0.063030303030303
236773.411807,2530366.126422,0.81124303368064,0.0717228010661497,0.000242306760358614,0.0159922461836685,0.0225345287133511,0.0782650835958323
224773.411807,2529866.126422,0.964593652540818,0.0238488350761328,0,0,0,0.011557512383049
225273.411807,2529866.126422,0.942857142857143,0.0289377289377289,0,0,0,0.0282051282051282
225773.411807,2529866.126422,0.775045871559633,0.00568807339449541,0,0.0484403669724771,0.038348623853211,0.132477064220183
226273.411807,2529866.126422,0.782425243074665,0.0554026784076316,0,0.010273344340488,0.021830856723537,0.130067877453678
226773.411807,2529866.126422,0.499084249084249,0.0344322344322344,0.300915750915751,0.0399267399267399,0.0184981684981685,0.107142857142857
227273.411807,2529866.126422,0.882201834862385,0.02,0.00128440366972477,0.0104587155963303,0.0121100917431193,0.0739449541284404
227773.411807,2529866.126422,0.926802421574023,0,0,0,0.000550357732526142,0.0726472206934507
228273.411807,2529866.126422,0.942673992673993,0.0021978021978022,0,0.000732600732600733,0.0032967032967033,0.0510989010989011
228773.411807,2529866.126422,0.648073394495413,0.013394495412844,0.0344954128440367,0.198715596330275,0.0418348623853211,0.0634862385321101
229273.411807,2529866.126422,0.651440102733443,0.0161438268207668,0.000183452577508714,0.17116125481563,0.0561364887176665,0.104934874334984
229773.411807,2529866.126422,0.715018315018315,0.0331501831501832,0.00732600732600733,0.0783882783882784,0.0657509157509158,0.1003663003663
230273.411807,2529866.126422,0.668256880733945,0.076697247706422,0.0477064220183486,0.0480733944954128,0.0370642201834862,0.122201834862385
230773.411807,2529866.126422,0.857640799853238,0.0399926618968997,0.00421940928270042,0.00348559897266557,0.00898917629792699,0.0856723536965694
231273.411807,2529866.126422,0.903479853479853,0.0505494505494506,0,0.000366300366300366,0.0021978021978022,0.0434065934065934
231773.411807,2529866.126422,0.952660550458716,0.0055045871559633,0,0,0.00110091743119266,0.0407339449541284
232273.411807,2529866.126422,0.95432030820033,0.00898917629792699,0,0,0.000183452577508714,0.0365070629242341
232773.411807,2529866.126422,0.986813186813187,0.00164835164835165,0,0,0,0.0115384615384615
233273.411807,2529866.126422,0.800183486238532,0.058348623853211,0.00935779816513761,0.0211009174311927,0.0240366972477064,0.0869724770642202
233773.411807,2529866.126422,0.954503760777839,0.00752155567785727,0,0.000550357732526142,0.000550357732526142,0.0368739680792515
234273.411807,2529866.126422,0.93992673992674,0.0175824175824176,0.000549450549450549,0.00384615384615385,0.00805860805860806,0.03003663003663
234773.411807,2529866.126422,0.989724770642202,0.00293577981651376,0,0,0,0.0073394495412844
235273.411807,2529866.126422,0.982388552559163,0.00421940928270042,0.00220143093010457,0,0.000183452577508714,0.0110071546505228
235773.411807,2529866.126422,0.490659340659341,0.0642857142857143,0.411904761904762,0,0.00183150183150183,0.0313186813186813
236273.411807,2529866.126422,0.910642201834862,0.023302752293578,0.038348623853211,0.00055045871559633,0.0036697247706422,0.0234862385321101
236773.411807,2529866.126422,0.827187671986791,0.0990643918547056,0,0.00770500825536599,0.019262520638415,0.0467804072647221
224773.411807,2529366.126422,0.906593406593407,0.0267399267399267,0.000183150183150183,0.00384615384615385,0.0258241758241758,0.0368131868131868
225273.411807,2529366.126422,0.942060872753942,0.0011001100110011,0,0.0166850018335167,0.0099009900990099,0.0302530253025303
225773.411807,2529366.126422,0.804945054945055,0.0238095238095238,0,0.0476190476190476,0.032967032967033,0.0906593406593407
226273.411807,2529366.126422,0.752564102564103,0.0206959706959707,0.000366300366300366,0.0608058608058608,0.0399267399267399,0.125641025641026
226773.411807,2529366.126422,0.320498716538321,0.0467546754675468,0.372387238723872,0.138430509717638,0.0342867620095343,0.0876420975430876
227273.411807,2529366.126422,0.758424908424908,0.0318681318681319,0.149450549450549,0.00860805860805861,0.00897435897435897,0.0426739926739927
227773.411807,2529366.126422,0.898534798534799,0.0227106227106227,0.000549450549450549,0.000549450549450549,0.00457875457875458,0.0730769230769231
228273.411807,2529366.126422,0.951411807847451,0,0,0,0,0.0485881921525486
228773.411807,2529366.126422,0.981318681318681,0.000366300366300366,0,0.000549450549450549,0.000915750915750916,0.0168498168498168
229273.411807,2529366.126422,0.716117216117216,0.0402930402930403,0.000549450549450549,0.095970695970696,0.0463369963369963,0.100732600732601
229773.411807,2529366.126422,0.812431243124312,0.0166850018335167,0,0.0286028602860286,0.0262192885955262,0.116061606160616
230273.411807,2529366.126422,0.832783882783883,0.0598901098901099,0.000732600732600733,0.00238095238095238,0.0032967032967033,0.100915750915751
230773.411807,2529366.126422,0.86025641025641,0.103663003663004,0.00347985347985348,0.00128205128205128,0.00164835164835165,0.0296703296703297
231273.411807,2529366.126422,0.935093509350935,0.0487715438210488,0.00366703337000367,0,0,0.0124679134580125
231773.411807,2529366.126422,0.765750915750916,0.00750915750915751,0.0423076923076923,0.0924908424908425,0.0230769230769231,0.0688644688644689
232273.411807,2529366.126422,0.827655677655678,0.00805860805860806,0.00934065934065934,0.0732600732600733,0.0287545787545788,0.0529304029304029
232773.411807,2529366.126422,0.698569856985699,0.0298863219655299,0.0473047304730473,0.0526219288595526,0.0462046204620462,0.125412541254125
233273.411807,2529366.126422,0.838461538461538,0.0238095238095238,0.0326007326007326,0.0620879120879121,0.0249084249084249,0.0181318681318681
233773.411807,2529366.126422,0.963369963369963,0.0163003663003663,0,0.000183150183150183,0.00274725274725275,0.0173992673992674
234273.411807,2529366.126422,0.77979464613128,0.0132013201320132,0.00421708837550422,0.103043637697103,0.0372203887055372,0.0625229189585625
234773.411807,2529366.126422,0.992307692307692,0.000366300366300366,0,0,0,0.00732600732600733
235273.411807,2529366.126422,0.985897435897436,0.000549450549450549,0,0,0,0.0135531135531136
235773.411807,2529366.126422,0.945361202786945,0.0108177484415108,0.00421708837550422,0.00605060506050605,0.000916758342500917,0.0326365969930326
236273.411807,2529366.126422,0.972527472527473,0.00201465201465201,0,0.0021978021978022,0.000366300366300366,0.0228937728937729
236773.411807,2529366.126422,0.902564102564103,0.0243589743589744,0.00128205128205128,0.0553113553113553,0.0115384615384615,0.00494505494505494
224773.411807,2528866.126422,0.920777553640198,0.00550155877498625,0,0.0022006235099945,0.00476801760498808,0.0667522464698331
225273.411807,2528866.126422,0.934396188381895,0.000733003481766538,0,0.00311526479750779,0.00549752611324904,0.0562580172255818
225773.411807,2528866.126422,0.895577170122958,0.00367039823820885,0.00183519911910442,0.0284455863461186,0.0122958340979996,0.0581758120756102
226273.411807,2528866.126422,0.851274527782872,0.0181551439574546,0,0.022006235099945,0.0177883733724555,0.0907757197872731
226773.411807,2528866.126422,0.391607110133773,0.0104452996151732,0.369433754810335,0.117097306212205,0.032618654938611,0.0787978742899029
227273.411807,2528866.126422,0.712424298036337,0.0475316571848046,0.21563589649477,0.00201871903101487,0.0139475133051936,0.00844191594788034
227773.411807,2528866.126422,0.944801026957638,0.048413717219879,0.000183385292499542,0,0,0.0066018705299835
228273.411807,2528866.126422,0.977276892065237,0.00971229613340663,0,0,0,0.0130108118013561
228773.411807,2528866.126422,0.802899614608185,0.0218388695173426,0.000917599559552211,0.0530372545421178,0.0181684712791338,0.103138190493669
229273.411807,2528866.126422,0.839354483770402,0.033192737942417,0.000183385292499542,0.0148542086924629,0.0148542086924629,0.0975609756097561
229773.411807,2528866.126422,0.780098955470038,0.0786146234194612,0,0.028587135788895,0.0263881253435954,0.0863111599780099
230273.411807,2528866.126422,0.858506147917049,0.100201871903101,0.0012846393833731,0.000734079647641769,0.00220223894292531,0.0370710222059093
230773.411807,2528866.126422,0.89198606271777,0.0436456996148909,0,0.00128369704749679,0.00385109114249037,0.0592334494773519
231273.411807,2528866.126422,0.539673813450614,0.0520432472054242,0.0448964632582005,0.179952354773685,0.0582737768004398,0.125160344511636
231773.411807,2528866.126422,0.625435859790787,0.0370710222059093,0.0462470178014315,0.106258028996146,0.0442282987704166,0.140759772435309
232273.411807,2528866.126422,0.470199889968825,0.0579497524298551,0.255639097744361,0.103612690262241,0.0183385292499542,0.0942600403447643
232773.411807,2528866.126422,0.613523914238593,0.0384826827927433,0.0408649441084845,0.105002748763057,0.0615722924683892,0.140553417628734
233273.411807,2528866.126422,0.461736098366673,0.0453294182418792,0.273628188658469,0.084235639566893,0.0429436593870435,0.092126995779042
233773.411807,2528866.126422,0.809462681092976,0.0363102879149092,0.00165046763249587,0.100678525582248,0.00861910874747845,0.0432789290298918
234273.411807,2528866.126422,0.968847352024922,0.0119113065787062,0.000549752611324904,0,0,0.0186915887850467
234773.411807,2528866.126422,0.978895210130299,0.00532207744540283,0,0,0,0.015782712424298
235273.411807,2528866.126422,0.971758664955071,0.00165046763249587,0,0,0,0.0265908674124335
235773.411807,2528866.126422,0.8094190947407,0.0109950522264981,0,0.0152098222466557,0.0351841671247938,0.129191863661352
236273.411807,2528866.126422,0.848412552761975,0.0082583960359699,0,0.00183519911910442,0.00679023674068636,0.134703615342265
236773.411807,2528866.126422,0.583715386026041,0.068402714102329,0.00238400880249404,0.228864845039428,0.041995231982395,0.0746378140473134
224773.411807,2528366.126422,0.805907172995781,0.00733810310034856,0,0.0504494588148963,0.020546688680976,0.115758576407999
225273.411807,2528366.126422,0.669047619047619,0.0456043956043956,0.0124542124542125,0.036996336996337,0.0228937728937729,0.213003663003663
225773.411807,2528366.126422,0.87394495412844,0.0055045871559633,0,0.00477064220183486,0.0141284403669725,0.101651376146789
226273.411807,2528366.126422,0.305815446707026,0.0339387268391121,0.368923133370024,0.186754723903871,0.0286186020913594,0.0759493670886076
226773.411807,2528366.126422,0.164285714285714,0.135897435897436,0.430952380952381,0.145238095238095,0.0688644688644689,0.0547619047619048
227273.411807,2528366.126422,0.763302752293578,0.0735779816513761,0.0363302752293578,0.0286238532110092,0.0387155963302752,0.0594495412844037
227773.411807,2528366.126422,0.87727022564667,0.00825536598789213,0.000183452577508714,0.0133920381581361,0.0117409649605577,0.089157952669235
228273.411807,2528366.126422,0.961538461538462,0.00201465201465201,0,0,0,0.0364468864468864
228773.411807,2528366.126422,0.923302752293578,0.0207339449541284,0.00110091743119266,0.00110091743119266,0.00018348623853211,0.0535779816513761
229273.411807,2528366.126422,0.772335351311686,0.106219042377545,0.00513667217024399,0.0177949000183453,0.00862227114290956,0.0898917629792699
229773.411807,2528366.126422,0.796153846153846,0.143040293040293,0.00531135531135531,0.0155677655677656,0.00183150183150183,0.0380952380952381
230273.411807,2528366.126422,0.837064220183486,0.0273394495412844,0,0.0420183486238532,0.0394495412844037,0.0541284403669725
230773.411807,2528366.126422,0.688680975967712,0.0216474041460283,0.000366905155017428,0.0812694918363603,0.0620069711979453,0.146028251696936
231273.411807,2528366.126422,0.642857142857143,0.0538461538461538,0.0521978021978022,0.138278388278388,0.0424908424908425,0.0703296703296703
231773.411807,2528366.126422,0.531559633027523,0.0326605504587156,0.16256880733945,0.167522935779817,0.0376146788990826,0.0680733944954128
232273.411807,2528366.126422,0.540451293340671,0.0530177949000183,0.130985140341222,0.10126582278481,0.0414602825169694,0.132819666116309
232773.411807,2528366.126422,0.648351648351648,0.0163003663003663,0.113553113553114,0.0851648351648352,0.0448717948717949,0.0917582417582418
233273.411807,2528366.126422,0.687339449541284,0.0561467889908257,0.110091743119266,0.00568807339449541,0.0328440366972477,0.107889908256881
233773.411807,2528366.126422,0.8673637864612,0.00898917629792699,0,0.0232984773436067,0.0111906072280316,0.089157952669235
234273.411807,2528366.126422,0.99981684981685,0,0,0,0,0.000183150183150183
234773.411807,2528366.126422,0.988440366972477,0.00605504587155963,0,0,0,0.0055045871559633
235273.411807,2528366.126422,0.977802238121446,0.000733810310034856,0,0,0,0.0214639515685195
235773.411807,2528366.126422,0.773626373626374,0.0824175824175824,0,0.0122710622710623,0.00512820512820513,0.126556776556777
236273.411807,2528366.126422,0.796880733944954,0.0880733944954128,0.00825688073394495,0.0271559633027523,0.0113761467889908,0.068256880733945
236773.411807,2528366.126422,0.533847000550358,0.111172261970281,0.0897083104017612,0.133186571271326,0.0412768299394606,0.0908090258668134
224773.411807,2527866.126422,0.660989010989011,0.013003663003663,0.0010989010989011,0.071978021978022,0.0578754578754579,0.195054945054945
225273.411807,2527866.126422,0.688852218555189,0.0451045104510451,0,0.0418041804180418,0.0451045104510451,0.179134580124679
225773.411807,2527866.126422,0.575641025641026,0.0434065934065934,0.188278388278388,0.0613553113553114,0.0186813186813187,0.112637362637363
226273.411807,2527866.126422,0.0816849816849817,0.0032967032967033,0.894688644688645,0.0148351648351648,0.0043956043956044,0.0010989010989011
226773.411807,2527866.126422,0.781444811147781,0.0542720938760543,0.0361202786945361,0.0986431976530986,0.0176017601760176,0.0119178584525119
227273.411807,2527866.126422,0.878754578754579,0.0813186813186813,0.00293040293040293,0.00164835164835165,0.00476190476190476,0.0305860805860806
227773.411807,2527866.126422,0.846153846153846,0.028021978021978,0.00256410256410256,0.00311355311355311,0.0104395604395604,0.10970695970696
228273.411807,2527866.126422,0.842867620095343,0.0315364869820315,0.0108177484415108,0.00256692335900257,0.00916758342500917,0.103043637697103
228773.411807,2527866.126422,0.9,0.00457875457875458,0,0.0102564102564103,0.0152014652014652,0.06996336996337
229273.411807,2527866.126422,0.97032967032967,0.00311355311355311,0,0.00183150183150183,0.00146520146520147,0.0232600732600733
229773.411807,2527866.126422,0.913458012467913,0.0267693436010268,0,0.00311697836450312,0.00733406674000733,0.0493215988265493
230273.411807,2527866.126422,0.796886446886447,0.0531135531135531,0.000915750915750916,0.0364468864468864,0.0362637362637363,0.0763736263736264
230773.411807,2527866.126422,0.418315018315018,0.0342490842490843,0.207692307692308,0.181135531135531,0.0708791208791209,0.0877289377289377
231273.411807,2527866.126422,0.827282728272827,0.00238357169050238,0.113678034470114,0.0201686835350202,0.0055005500550055,0.030986431976531
231773.411807,2527866.126422,0.653296703296703,0.0419413919413919,0.0177655677655678,0.0769230769230769,0.0490842490842491,0.160989010989011
232273.411807,2527866.126422,0.487545787545788,0.0371794871794872,0.248901098901099,0.100732600732601,0.0423076923076923,0.0833333333333333
232773.411807,2527866.126422,0.781994866153282,0.0165016501650165,0.0311697836450312,0.0836083608360836,0.0214521452145215,0.0652731939860653
233273.411807,2527866.126422,0.947252747252747,0.0010989010989011,0,0.00164835164835165,0.00347985347985348,0.0465201465201465
233773.411807,2527866.126422,0.783150183150183,0.054029304029304,0.0021978021978022,0.00787545787545788,0.0423076923076923,0.11043956043956
234273.411807,2527866.126422,0.858452511917858,0.00898423175650898,0.0119178584525119,0.0152181884855152,0.0271360469380271,0.0782911624495783
234773.411807,2527866.126422,0.838461538461538,0.0717948717948718,0,0.0302197802197802,0.0221611721611722,0.0373626373626374
235273.411807,2527866.126422,0.834249084249084,0.0261904761904762,0.000915750915750916,0.0291208791208791,0.0327838827838828,0.0767399267399267
235773.411807,2527866.126422,0.987715438210488,0,0,0.000183351668500183,0,0.0121012101210121
236273.411807,2527866.126422,0.976739926739927,0.0115384615384615,0.000183150183150183,0.000366300366300366,0.000366300366300366,0.0108058608058608
236773.411807,2527866.126422,0.841941391941392,0.104578754578755,0.00256410256410256,0.0021978021978022,0.00531135531135531,0.0434065934065934
224773.411807,2527366.126422,0.631395562075922,0.0506143407298735,0.0179717586649551,0.100861910874748,0.0456629378323858,0.153493489822116
225273.411807,2527366.126422,0.807586586036284,0.147883452446399,0.00787978742899029,0.000916254352208173,0.00183250870441635,0.0339014110317024
225773.411807,2527366.126422,0.925674435676271,0.0211047898697009,0.0130299137456414,0.0082583960359699,0.00440447788585061,0.0275279867865663
226273.411807,2527366.126422,0.901705483220246,0.0126535851824684,0.00183385292499542,0.00623509994498441,0.00641848523748395,0.0711534934898221
226773.411807,2527366.126422,0.858347077148616,0.0108118013560564,0,0.00824628916987356,0.0042147700201576,0.118380062305296
227273.411807,2527366.126422,0.872270141310332,0.00256927876674619,0,0.0284455863461186,0.0144980730409249,0.0822169205358781
227773.411807,2527366.126422,0.857876398312855,0.033192737942417,0.0113698881349716,0.0121034293049697,0.0161379057399597,0.0693196405648267
228273.411807,2527366.126422,0.862195345427891,0.0333516584203775,0,0.00109950522264981,0.00109950522264981,0.102253985706432
228773.411807,2527366.126422,0.920352358230868,0.0034868783262984,0,0.00715727656450725,0.0176179115434025,0.0513855753349238
229273.411807,2527366.126422,0.916743077205208,0.00385109114249037,0,0.0022006235099945,0.00605171465248487,0.0711534934898221
229773.411807,2527366.126422,0.853949056258017,0.00861279091075683,0,0.0359171706065604,0.0252886201209456,0.07623236210372
230273.411807,2527366.126422,0.802532574784364,0.0297302257294917,0.000367039823820885,0.0264268673151037,0.0495503762158194,0.0913929161314003
230773.411807,2527366.126422,0.536585365853659,0.0253071703649367,0.129653401797176,0.178800660187053,0.0416284613973959,0.0880249403997799
231273.411807,2527366.126422,0.410115448048378,0.0371999266996518,0.210555250137438,0.156312992486714,0.0553417628733736,0.130474619754444
231773.411807,2527366.126422,0.642686731510369,0.0284455863461186,0.0167003119838502,0.0666177280234905,0.0548724536612222,0.19067718847495
232273.411807,2527366.126422,0.642948835503393,0.0313588850174216,0.130937098844673,0.081606455162296,0.0269576379974326,0.0861910874747845
232773.411807,2527366.126422,0.731354223932564,0.0329851566794942,0.0120945574491479,0.0714678394722375,0.0544255085211655,0.0976727139453912
233273.411807,2527366.126422,0.728207010460635,0.0256927876674619,0.0653330886401175,0.0857037988621766,0.0392732611488346,0.0557900532207745
233773.411807,2527366.126422,0.716302952503209,0.0739042728773152,0.0724371905373189,0.00935264991747662,0.0353933614524115,0.0926095727122685
234273.411807,2527366.126422,0.866959868059373,0.0188748396554884,0.00604727872457394,0.0109950522264981,0.0216236027121129,0.0754993586219534
234773.411807,2527366.126422,0.775555147733529,0.0831345200954303,0.00146815929528354,0.0390897412369242,0.0278950266103872,0.0728574050284456
235273.411807,2527366.126422,0.671740326425821,0.120484137172199,0,0.0163212910324592,0.050797726022373,0.140656519347148
235773.411807,2527366.126422,0.853949056258017,0.032618654938611,0.00513102437236577,0.0104452996151732,0.00916254352208173,0.0886934212937511
236273.411807,2527366.126422,0.988805285373463,0.00623967700495504,0,0,0,0.00495503762158194
236773.411807,2527366.126422,0.969374656152577,0.017604988079956,0,0,0,0.0130203557674674
224773.411807,2526866.126422,0.856723536965694,0.0425609979820216,0.00458631443771785,0.00311869381764814,0.00678774536782242,0.0862227114290956
225273.411807,2526866.126422,0.847252747252747,0.0815018315018315,0.00128205128205128,0.00512820512820513,0.00641025641025641,0.0584249084249084
225773.411807,2526866.126422,0.90256880733945,0.00513761467889908,0,0.0102752293577982,0.00752293577981651,0.0744954128440367
226273.411807,2526866.126422,0.776554760594386,0.0194459732159237,0.0568702990277013,0.0412768299394606,0.0315538433314988,0.0742982938910292
226773.411807,2526866.126422,0.847619047619048,0.0697802197802198,0.00347985347985348,0.0254578754578755,0.010989010989011,0.0426739926739927
227273.411807,2526866.126422,0.73045871559633,0.0462385321100917,0.00954128440366972,0.0853211009174312,0.0715596330275229,0.0568807339449541
227773.411807,2526866.126422,0.851953769950468,0.0766831773986425,0.0232984773436067,0.0240322876536415,0.0132085855806274,0.0108237020730141
228273.411807,2526866.126422,0.867399267399267,0.0523809523809524,0.00805860805860806,0.00549450549450549,0.00512820512820513,0.0615384615384615
228773.411807,2526866.126422,0.765137614678899,0.0234862385321101,0.00348623853211009,0.0739449541284404,0.0469724770642202,0.0869724770642202
229273.411807,2526866.126422,0.824252430746652,0.0229315721885892,0,0.0132085855806274,0.0254999082737112,0.11410750321042
229773.411807,2526866.126422,0.85952380952381,0.00604395604395604,0.00549450549450549,0.0384615384615385,0.0102564102564103,0.0802197802197802
230273.411807,2526866.126422,0.885504587155963,0.0115596330275229,0,0.00385321100917431,0.00825688073394495,0.0908256880733945
230773.411807,2526866.126422,0.714547789396441,0.0163272793982755,0.00752155567785727,0.0697119794533113,0.0407264722069345,0.15116492386718
231273.411807,2526866.126422,0.456410256410256,0.041025641025641,0.134432234432234,0.238278388278388,0.0347985347985348,0.0950549450549451
231773.411807,2526866.126422,0.845137614678899,0.0146788990825688,0.0502752293577982,0.0139449541284404,0.011743119266055,0.0642201834862385
232273.411807,2526866.126422,0.638048064575307,0.0420106402494955,0.0952118877270226,0.096862960924601,0.0324711062190424,0.0953953403045313
232773.411807,2526866.126422,0.584432234432234,0.0413919413919414,0.106959706959707,0.0767399267399267,0.0419413919413919,0.148534798534799
233273.411807,2526866.126422,0.564587155963303,0.0565137614678899,0.120917431192661,0.10954128440367,0.0407339449541284,0.107706422018349
233773.411807,2526866.126422,0.83030636580444,0.0185287103283801,0.0359567051917079,0.0104567969179967,0.0260502660062374,0.0787011557512383
234273.411807,2526866.126422,0.682600732600733,0.14010989010989,0.00238095238095238,0.0340659340659341,0.0556776556776557,0.0851648351648352
234773.411807,2526866.126422,0.919449541284404,0.0203669724770642,0,0.00073394495412844,0.00201834862385321,0.0574311926605505
235273.411807,2526866.126422,0.926985874151532,0.0254999082737112,0,0.000366905155017428,0.002568336085122,0.0445789763346175
235773.411807,2526866.126422,0.933699633699634,0.00714285714285714,0,0.000732600732600733,0.00164835164835165,0.0567765567765568
236273.411807,2526866.126422,0.963119266055046,0.00954128440366972,0,0.00055045871559633,0.00220183486238532,0.0245871559633028
236773.411807,2526866.126422,0.957989359750504,0.0253164556962025,0,0,0.00330214639515685,0.0133920381581361
224773.411807,2526366.126422,0.960805860805861,0.0342490842490843,0,0,0,0.00494505494505494
225273.411807,2526366.126422,0.713421342134213,0.0867253392005867,0.0172350568390172,0.0458379171250458,0.0276861019435277,0.109094242757609
225773.411807,2526366.126422,0.626923076923077,0.0263736263736264,0.00256410256410256,0.104945054945055,0.08003663003663,0.159157509157509
226273.411807,2526366.126422,0.774358974358974,0.0734432234432234,0.026007326007326,0.0417582417582418,0.0214285714285714,0.063003663003663
226773.411807,2526366.126422,0.954528786211955,0.0055005500550055,0,0.00146681334800147,0.0088008800880088,0.0297029702970297
227273.411807,2526366.126422,0.861538461538462,0.0734432234432234,0.0166666666666667,0.00512820512820513,0.00402930402930403,0.0391941391941392
227773.411807,2526366.126422,0.68003663003663,0.0487179487179487,0.00384615384615385,0.144139194139194,0.0567765567765568,0.0664835164835165
228273.411807,2526366.126422,0.724605793912725,0.00696736340300697,0.00311697836450312,0.142280894756142,0.0394206087275394,0.0836083608360836
228773.411807,2526366.126422,0.871611721611722,0.00421245421245421,0,0.00183150183150183,0.00842490842490842,0.113919413919414
229273.411807,2526366.126422,0.82032967032967,0.034981684981685,0,0.00567765567765568,0.0179487179487179,0.121062271062271
229773.411807,2526366.126422,0.751925192519252,0.0474880821415475,0.0161349468280161,0.0850751741840851,0.0298863219655299,0.0694902823615695
230273.411807,2526366.126422,0.636080586080586,0.058974358974359,0,0.10018315018315,0.0437728937728938,0.160989010989011
230773.411807,2526366.126422,0.757142857142857,0.0591575091575092,0.00256410256410256,0.0395604395604396,0.05,0.0915750915750916
231273.411807,2526366.126422,0.891455812247891,0.00513384671800513,0,0.00605060506050605,0.0115511551155116,0.0858085808580858
231773.411807,2526366.126422,0.611721611721612,0.0124542124542125,0.135897435897436,0.16025641025641,0.0164835164835165,0.0631868131868132
232273.411807,2526366.126422,0.881318681318681,0.00622710622710623,0,0.0175824175824176,0.0186813186813187,0.0761904761904762
232773.411807,2526366.126422,0.6998533186652,0.0368536853685369,0.0955262192885955,0.0892922625595893,0.0416208287495416,0.0368536853685369
233273.411807,2526366.126422,0.384798534798535,0.0813186813186813,0.256593406593407,0.150732600732601,0.0406593406593407,0.0858974358974359
233773.411807,2526366.126422,0.517032967032967,0.227838827838828,0.0203296703296703,0.0712454212454212,0.0558608058608059,0.107692307692308
234273.411807,2526366.126422,0.740740740740741,0.0775577557755776,0.0218188485515218,0.0265859919325266,0.0427209387605427,0.0905757242390906
234773.411807,2526366.126422,0.940659340659341,0.0043956043956044,0,0.00201465201465201,0.00476190476190476,0.0481684981684982
235273.411807,2526366.126422,0.661355311355311,0.0928571428571429,0.0675824175824176,0.0294871794871795,0.0342490842490843,0.114468864468864
235773.411807,2526366.126422,0.752841950861753,0.0333700036670334,0.0702236890355702,0.0322698936560323,0.0287862119545288,0.0825082508250825
236273.411807,2526366.126422,0.782783882783883,0.0562271062271062,0.0043956043956044,0.0153846153846154,0.0379120879120879,0.103296703296703
236773.411807,2526366.126422,0.951831501831502,0.0336996336996337,0,0,0,0.0144688644688645
224773.411807,2525866.126422,0.979644232532551,0.00403447643498991,0,0,0,0.0163212910324592
225273.411807,2525866.126422,0.908924317390508,0.0318856514568444,0,0.000183250870441635,0.000733003481766538,0.0582737768004398
225773.411807,2525866.126422,0.710589098917233,0.0578087722517893,0.0144980730409249,0.105156909524683,0.0322995044962378,0.079647641769132
226273.411807,2525866.126422,0.891069136255272,0.00293416467999266,0,0.000550155877498625,0.00476801760498808,0.100678525582248
226773.411807,2525866.126422,0.907824812167858,0.00366501740883269,0.00146600696353308,0.00806303829943192,0.009529045262965,0.0694520798973795
227273.411807,2525866.126422,0.835382639016333,0.017434391631492,0,0.0108276748027161,0.0256927876674619,0.110662506881997
227773.411807,2525866.126422,0.858243168897854,0.0522648083623693,0.004401247019989,0.0229231615624427,0.0194388410049514,0.0427287731523932
228273.411807,2525866.126422,0.641011544804838,0.108118013560564,0.0146600696353308,0.111966281839839,0.0465457210921752,0.0776983690672531
228773.411807,2525866.126422,0.656083685079831,0.0526702147182969,0.0321159845843274,0.170489998164801,0.0321159845843274,0.0565241328684162
229273.411807,2525866.126422,0.716486337795709,0.0627177700348432,0.00238400880249404,0.0535485054098661,0.0390610673024023,0.125802310654686
229773.411807,2525866.126422,0.805570826461426,0.0153930731170973,0.00109950522264981,0.0377496793109767,0.0437969580355507,0.0963899578522998
230273.411807,2525866.126422,0.762892273811709,0.0458799779776106,0.00183519911910442,0.0735914846760874,0.0297302257294917,0.0860708386859974
230773.411807,2525866.126422,0.445259490188887,0.0498807995598753,0.0143040528149642,0.281679809279296,0.104896387309738,0.10397946084724
231273.411807,2525866.126422,0.925233644859813,0.00696353307678211,0.00861279091075683,0.0106285504856148,0.0100787978742899,0.0384826827927433
231773.411807,2525866.126422,0.536795742338044,0.057258212516058,0.0702881262616994,0.148651128647458,0.0570746926041475,0.129932097632593
232273.411807,2525866.126422,0.557674674491106,0.0276911791674308,0.165046763249587,0.092792958004768,0.0289748762149276,0.12781954887218
232773.411807,2525866.126422,0.692688290269379,0.0219901044529962,0.129008612790911,0.0637713029136888,0.0108118013560564,0.081729888216969
233273.411807,2525866.126422,0.392182051752615,0.157276564507249,0.263167553679574,0.117452743622683,0.0130299137456414,0.0568911726922371
233773.411807,2525866.126422,0.514762516046213,0.0573995965523565,0.0970108197322575,0.19218778653952,0.0685860993948285,0.0700531817348249
234273.411807,2525866.126422,0.63111599780099,0.162360271211288,0.0492944841487997,0.0602895363752978,0.0415979475902511,0.0553417628733736
234773.411807,2525866.126422,0.463204257661956,0.097082033400624,0.217104055790053,0.126995779042026,0.0271609469627455,0.068452927142595
235273.411807,2525866.126422,0.220245736291949,0.106546854942234,0.38015771135155,0.193471483587016,0.0139372822299652,0.0856409315972859
235773.411807,2525866.126422,0.942642477551768,0.0141103170240059,0.0111783030969397,0.00348176653839106,0.0047645226314825,0.0238226131574125
236273.411807,2525866.126422,0.995044962378418,0,0,0,0,0.00495503762158194
236773.411807,2525866.126422,0.892352833302769,0.0247570144874381,0,0.00183385292499542,0.00348432055749129,0.0775719787273061
224773.411807,2525366.126422,0.947349110254999,0.00532012474775271,0,0.0152265639332233,0.00898917629792699,0.023115024766098
225273.411807,2525366.126422,0.988095238095238,0.000366300366300366,0,0.000183150183150183,0.000915750915750916,0.0104395604395604
225773.411807,2525366.126422,0.454311926605505,0.0467889908256881,0.136880733944954,0.144954128440367,0.0735779816513761,0.14348623853211
226273.411807,2525366.126422,0.845716382315172,0.014125848468171,0.0159603742432581,0.0240322876536415,0.0251330031186938,0.075032104201064
226773.411807,2525366.126422,0.78003663003663,0.00512820512820513,0,0.0168498168498168,0.019047619047619,0.178937728937729
227273.411807,2525366.126422,0.663302752293578,0.041651376146789,0.00055045871559633,0.115229357798165,0.0552293577981651,0.124036697247706
227773.411807,2525366.126422,0.822234452394056,0.0210970464135021,0,0.0227481196110805,0.0374243258117777,0.0964960557695836
228273.411807,2525366.126422,0.587179487179487,0.12985347985348,0,0.0754578754578755,0.0518315018315018,0.155677655677656
228773.411807,2525366.126422,0.685871559633027,0.131192660550459,0.00697247706422018,0.0521100917431193,0.0387155963302752,0.0851376146788991
229273.411807,2525366.126422,0.600256833608512,0.0825536598789213,0.00440286186020914,0.190974133186571,0.0497156485048615,0.0720968629609246
229773.411807,2525366.126422,0.887179487179487,0.0261904761904762,0.000183150183150183,0.0175824175824176,0.0131868131868132,0.0556776556776557
230273.411807,2525366.126422,0.791559633027523,0.0260550458715596,0.00055045871559633,0.0264220183486239,0.0284403669724771,0.12697247706422
230773.411807,2525366.126422,0.739864245092644,0.0317372959090075,0.0247660979636764,0.0574206567602275,0.0359567051917079,0.110254999082737
231273.411807,2525366.126422,0.636996336996337,0.0241758241758242,0.0227106227106227,0.145238095238095,0.0598901098901099,0.110989010989011
231773.411807,2525366.126422,0.714495412844037,0.0322935779816514,0.0401834862385321,0.076697247706422,0.0374311926605505,0.0988990825688073
232273.411807,2525366.126422,0.469822050999817,0.0278847917813245,0.463217758209503,0.0159603742432581,0.00183452577508714,0.0212804989910108
232773.411807,2525366.126422,0.538095238095238,0.0375457875457875,0.194139194139194,0.130586080586081,0.032967032967033,0.0666666666666667
233273.411807,2525366.126422,0.784036697247706,0.10697247706422,0.0521100917431193,0.0137614678899083,0.0172477064220183,0.0258715596330275
233773.411807,2525366.126422,0.688864428545221,0.085305448541552,0.094294624839479,0.0471473124197395,0.0311869381764814,0.0532012474775271
234273.411807,2525366.126422,0.622344322344322,0.157692307692308,0.0967032967032967,0.0271062271062271,0.0241758241758242,0.071978021978022
234773.411807,2525366.126422,0.669357798165138,0.0667889908256881,0.127706422018349,0.0456880733944954,0.0315596330275229,0.0588990825688073
235273.411807,2525366.126422,0.772151898734177,0.0653091175931022,0.0702623371858375,0.0209135938359934,0.0143093010456797,0.0570537516052101
235773.411807,2525366.126422,0.987545787545788,0.000183150183150183,0,0,0,0.0122710622710623
236273.411807,2525366.126422,0.92348623853211,0.0113761467889908,0,0,0,0.0651376146788991
236773.411807,2525366.126422,0.927536231884058,0.00146762062006971,0,0.00110071546505228,0.00220143093010457,0.0676940011007155
224773.411807,2524866.126422,0.465934065934066,0.0492673992673993,0.023992673992674,0.228937728937729,0.102380952380952,0.129487179487179
225273.411807,2524866.126422,0.481848184818482,0.00825082508250825,0.0375870920425376,0.165566556655666,0.0617895122845618,0.244957829116245
225773.411807,2524866.126422,0.442673992673993,0.0551282051282051,0.114285714285714,0.221428571428571,0.0624542124542125,0.104029304029304
226273.411807,2524866.126422,0.904945054945055,0.00274725274725275,0,0.0032967032967033,0.00915750915750916,0.0798534798534798
226773.411807,2524866.126422,0.772460579391272,0.0174184085075174,0.0011001100110011,0.0319031903190319,0.0247524752475248,0.152365236523652
227273.411807,2524866.126422,0.8003663003663,0.0212454212454212,0.000366300366300366,0.0232600732600733,0.0287545787545788,0.126007326007326
227773.411807,2524866.126422,0.723443223443223,0.0415750915750916,0.00531135531135531,0.0357142857142857,0.0765567765567766,0.117399267399267
228273.411807,2524866.126422,0.53997066373304,0.129079574624129,0.0181518151815182,0.126696002933627,0.0707737440410708,0.115328199486615
228773.411807,2524866.126422,0.767032967032967,0.0293040293040293,0.0172161172161172,0.0965201465201465,0.043956043956044,0.045970695970696
229273.411807,2524866.126422,0.926739926739927,0.00402930402930403,0,0.0128205128205128,0.0126373626373626,0.0437728937728938
229773.411807,2524866.126422,0.458745874587459,0.0625229189585625,0.0905757242390906,0.191052438577191,0.063989732306564,0.133113311331133
230273.411807,2524866.126422,0.360805860805861,0.167399267399267,0.152380952380952,0.230952380952381,0.0272893772893773,0.0611721611721612
230773.411807,2524866.126422,0.610989010989011,0.0263736263736264,0.0661172161172161,0.161721611721612,0.0338827838827839,0.100915750915751
231273.411807,2524866.126422,0.675650898423176,0.0443711037770444,0.0099009900990099,0.0636230289695636,0.0661899523285662,0.14026402640264
231773.411807,2524866.126422,0.575091575091575,0.0716117216117216,0.0379120879120879,0.18040293040293,0.065018315018315,0.06996336996337
232273.411807,2524866.126422,0.703296703296703,0.0282051282051282,0.200915750915751,0.0302197802197802,0.00586080586080586,0.0315018315018315
232773.411807,2524866.126422,0.202603593692703,0.132929959662633,0.407407407407407,0.0918591859185919,0.0788412174550788,0.0863586358635864
233273.411807,2524866.126422,0.781318681318681,0.0732600732600733,0.0382783882783883,0.0111721611721612,0.0269230769230769,0.0690476190476191
233773.411807,2524866.126422,0.864652014652015,0.0267399267399267,0.00366300366300366,0.0166666666666667,0.0423076923076923,0.045970695970696
234273.411807,2524866.126422,0.668316831683168,0.17015034836817,0.028969563623029,0.0583058305830583,0.0407040704070407,0.0335533553355336
234773.411807,2524866.126422,0.871611721611722,0.0928571428571429,0.0157509157509158,0.0108058608058608,0.0032967032967033,0.00567765567765568
235273.411807,2524866.126422,0.965384615384615,0.00934065934065934,0,0,0,0.0252747252747253
235773.411807,2524866.126422,0.993399339933993,0,0,0,0,0.0066006600660066
236273.411807,2524866.126422,0.91025641025641,0.0201465201465201,0.000183150183150183,0.000366300366300366,0.00201465201465201,0.067032967032967
236773.411807,2524866.126422,0.898534798534799,0.0406593406593407,0,0.000366300366300366,0.00256410256410256,0.0578754578754579
224773.411807,2524366.126422,0.50412616908124,0.0665688611773336,0.00146708233999633,0.134971575279663,0.109847790207225,0.183018521914542
225273.411807,2524366.126422,0.599596848085028,0.0492944841487997,0.00513102437236577,0.165109034267913,0.0962067069818582,0.0846619021440352
225773.411807,2524366.126422,0.527436226830611,0.0541383740135805,0.117819783446504,0.201504863277666,0.0640484492567444,0.0350523031748945
226273.411807,2524366.126422,0.677058499908307,0.0995782138272511,0.0394278378874014,0.0911424903722722,0.0489638730973776,0.0438290849073904
