"x","y","forest","agri","water","built","other","grass"
212273.411807,2654866.126422,0.19479539883085,0.0435602489157081,0,0.198566848953423,0.108429191023949,0.45464831227607
212773.411807,2654866.126422,0.00188465887674331,0.697323784395025,0.00113079532604599,0.0915944214097248,0.0407086317376555,0.167357708254806
213273.411807,2654866.126422,0.0971202710333145,0.432712215320911,0,0.0190099755317147,0.0186335403726708,0.432523997741389
213773.411807,2654866.126422,0.0235715632660758,0.566660380916462,0,0.0799547425985291,0.0497831416179521,0.280030171600981
214273.411807,2654866.126422,0.0612514134941576,0.34640030154542,0.0030154542027893,0.150395778364116,0.112891066716924,0.326045985676593
214773.411807,2654866.126422,0.0540184453227932,0.439676265763222,0.000752870318087709,0.124600037643516,0.0764163372859025,0.304536043666478
215273.411807,2654866.126422,0.0484631340750519,0.297944559683198,0.00188572506128606,0.315858947765416,0.124269281538752,0.211578351876296
215773.411807,2654866.126422,0.081417263475311,0.265171503957784,0.00188465887674331,0.338673200150773,0.102902374670185,0.209950998869205
216273.411807,2654866.126422,0.0788631658196876,0.309429700734049,0.00282326369282891,0.192546583850932,0.0718991153773762,0.344438170525127
216773.411807,2654866.126422,0.0348859136337922,0.311898925136715,0,0.0812747501414294,0.0573260418630964,0.514614369224967
217273.411807,2654866.126422,0.0731247644176404,0.258198266113833,0.000942329438371655,0.165096117602714,0.124952883528081,0.377685638899359
217773.411807,2654866.126422,0.0641821946169772,0.225108225108225,0,0.120459250894034,0.0796160361377753,0.510634293242989
218273.411807,2654866.126422,0.0742975674146709,0.225721289835942,0.0118800678861022,0.279275881576466,0.0859890627946445,0.322836130492174
218773.411807,2654866.126422,0.175650207312476,0.0729362985299661,0.00169619298906898,0.217866566151527,0.119298906897851,0.41255182811911
219273.411807,2654866.126422,0.430077169207604,0.0479954827780915,0,0.0581592320722756,0.0421607378129117,0.421607378129117
219773.411807,2654866.126422,0.508202904016594,0.028285875919291,0,0.0224401282293042,0.0337544785970206,0.40731661323779
220273.411807,2654866.126422,0.724085940444779,0.0235582359592914,0,0.027327553712778,0.027327553712778,0.197700716170373
220773.411807,2654866.126422,0.256164125729343,0.148127235083757,0,0.111236589497459,0.0562770562770563,0.428194993412385
221273.411807,2654866.126422,0.296435979634169,0.12860644917971,0.000565717518385819,0.222515557231756,0.0905148029417311,0.261361493494249
221773.411807,2654866.126422,0.0957406709385601,0.33942706370147,0,0.106294760648323,0.0817941952506596,0.376743309460988
222273.411807,2654866.126422,0.0756634669678148,0.418219461697723,0,0.10351966873706,0.0530773574251835,0.349520045172219
222773.411807,2654866.126422,0.118423533848765,0.310013200075429,0.00528003017160098,0.104092023382991,0.0558174618140675,0.406373750707147
223273.411807,2654866.126422,0.149830380701093,0.261025254428948,0,0.0344892574444026,0.0608744817188089,0.493780625706747
223773.411807,2654866.126422,0.0944852249200075,0.275174101261058,0,0.0822510822510823,0.0798042537172972,0.468285337850555
224273.411807,2654866.126422,0.0652460871204978,0.277013011502923,0.113332076183292,0.396945125400717,0.0139543654535169,0.133509334339053
212273.411807,2654366.126422,0.339449541284404,0.0073394495412844,0,0.0944954128440367,0.0572477064220183,0.501467889908257
212773.411807,2654366.126422,0.0570537516052101,0.457163823151715,0,0.195193542469272,0.120344890845716,0.170243991928087
213273.411807,2654366.126422,0.0388278388278388,0.299084249084249,0.0172161172161172,0.270695970695971,0.0457875457875458,0.328388278388278
213773.411807,2654366.126422,0.0313761467889908,0.515963302752294,0.00238532110091743,0.0411009174311927,0.0179816513761468,0.391192660550459
214273.411807,2654366.126422,0.0432948082920565,0.238671803338837,0.00110071546505228,0.266006237387635,0.127316088791048,0.323610346725371
214773.411807,2654366.126422,0.0721611721611722,0.328021978021978,0.000183150183150183,0.176556776556777,0.118681318681319,0.304395604395604
215273.411807,2654366.126422,0.0365137614678899,0.492660550458716,0,0.18348623853211,0.0910091743119266,0.196330275229358
215773.411807,2654366.126422,0.0502660062373876,0.262337185837461,0.00385250412768299,0.309301045679692,0.0996147495872317,0.274628508530545
216273.411807,2654366.126422,0.082967032967033,0.164835164835165,0,0.445238095238095,0.137912087912088,0.169047619047619
216773.411807,2654366.126422,0.0656880733944954,0.227706422018349,0,0.312110091743119,0.10954128440367,0.284954128440367
217273.411807,2654366.126422,0.0498991010823702,0.305081636396991,0,0.209502843514951,0.0975967712346359,0.337919647771051
217773.411807,2654366.126422,0.110989010989011,0.252014652014652,0,0.223626373626374,0.1003663003663,0.313003663003663
218273.411807,2654366.126422,0.0508256880733945,0.179816513761468,0.015045871559633,0.479082568807339,0.0976146788990826,0.177614678899083
218773.411807,2654366.126422,0.118877270225647,0.110805356815263,0.00220143093010457,0.173179233168226,0.0798018712162906,0.515134837644469
219273.411807,2654366.126422,0.261721611721612,0.0243589743589744,0,0.0496336996336996,0.0565934065934066,0.607692307692308
219773.411807,2654366.126422,0.546788990825688,0.00458715596330275,0,0.0431192660550459,0.0322935779816514,0.373211009174312
220273.411807,2654366.126422,0.149697303247111,0.114657860942946,0,0.16969363419556,0.123647037240873,0.442304164373509
220773.411807,2654366.126422,0.167216117216117,0.335714285714286,0,0.0904761904761905,0.0763736263736264,0.33021978021978
221273.411807,2654366.126422,0.0640366972477064,0.309357798165138,0.00018348623853211,0.189357798165138,0.0853211009174312,0.351743119266055
221773.411807,2654366.126422,0.0486149330398092,0.328380113740598,0.00385250412768299,0.101449275362319,0.0963126031920749,0.421390570537516
222273.411807,2654366.126422,0.0432234432234432,0.538827838827839,0,0.0294871794871795,0.0421245421245421,0.346336996336996
222773.411807,2654366.126422,0.0379816513761468,0.55743119266055,0,0.0453211009174312,0.0387155963302752,0.320550458715596
223273.411807,2654366.126422,0.0620069711979453,0.557145477893964,0.00165107319757843,0.0343056319941295,0.0506329113924051,0.294257934323977
223773.411807,2654366.126422,0.175641025641026,0.132234432234432,0.00293040293040293,0.13021978021978,0.0664835164835165,0.492490842490843
224273.411807,2654366.126422,0.117247706422018,0.150642201834862,0.0519266055045872,0.344036697247706,0.0706422018348624,0.265504587155963
212273.411807,2653866.126422,0.374358974358974,0.000915750915750916,0,0.0214285714285714,0.0153846153846154,0.587912087912088
212773.411807,2653866.126422,0.234065934065934,0.30989010989011,0,0.0857142857142857,0.0450549450549451,0.325274725274725
213273.411807,2653866.126422,0.0188852218555189,0.763109644297763,0,0.0720572057205721,0.0526219288595526,0.0933259992665933
213773.411807,2653866.126422,0.0141025641025641,0.51996336996337,0.00494505494505494,0.170879120879121,0.0642857142857143,0.225824175824176
214273.411807,2653866.126422,0.08003663003663,0.255128205128205,0.00146520146520147,0.153846153846154,0.0873626373626374,0.422161172161172
214773.411807,2653866.126422,0.0583058305830583,0.385955262192886,0,0.179134580124679,0.0892922625595893,0.287312064539787
215273.411807,2653866.126422,0.0571428571428571,0.447619047619048,0,0.160805860805861,0.0688644688644689,0.265567765567766
215773.411807,2653866.126422,0.0860805860805861,0.198168498168498,0,0.298351648351648,0.117582417582418,0.29981684981685
216273.411807,2653866.126422,0.0806747341400807,0.26952695269527,0,0.268610194352769,0.0957095709570957,0.285478547854785
216773.411807,2653866.126422,0.0573260073260073,0.268131868131868,0,0.215201465201465,0.105494505494505,0.353846153846154
217273.411807,2653866.126422,0.0534798534798535,0.158608058608059,0,0.346153846153846,0.13956043956044,0.302197802197802
217773.411807,2653866.126422,0.0603226989365603,0.205720572057206,0.0033003300330033,0.303447011367803,0.0964429776310964,0.330766409974331
218273.411807,2653866.126422,0.105677655677656,0.0507326007326007,0.0404761904761905,0.591391941391941,0.0921245421245421,0.11959706959707
218773.411807,2653866.126422,0.138827838827839,0.105311355311355,0,0.333516483516483,0.124725274725275,0.297619047619048
219273.411807,2653866.126422,0.17015034836817,0.135863586358636,0,0.0559222588925559,0.0733406674000733,0.564723138980565
219773.411807,2653866.126422,0.1503663003663,0.166300366300366,0,0.179304029304029,0.110989010989011,0.393040293040293
220273.411807,2653866.126422,0.117765567765568,0.222710622710623,0,0.132600732600733,0.095970695970696,0.430952380952381
220773.411807,2653866.126422,0.0947928126145948,0.343601026769344,0,0.0817748441510818,0.0707737440410708,0.409057572423909
221273.411807,2653866.126422,0.0992673992673993,0.222527472527473,0.000549450549450549,0.208608058608059,0.073992673992674,0.395054945054945
221773.411807,2653866.126422,0.0437728937728938,0.263003663003663,0,0.170512820512821,0.124358974358974,0.398351648351648
222273.411807,2653866.126422,0.00806747341400807,0.551888522185552,0,0.0115511551155116,0.0311697836450312,0.397323065639897
222773.411807,2653866.126422,0.0556776556776557,0.212087912087912,0,0.0324175824175824,0.0663003663003663,0.633516483516483
223273.411807,2653866.126422,0.0428571428571429,0.530952380952381,0.00384615384615385,0.0516483516483516,0.0421245421245421,0.328571428571429
223773.411807,2653866.126422,0.114228089475614,0.262376237623762,0,0.136413641364136,0.0830583058305831,0.403923725705904
224273.411807,2653866.126422,0.178205128205128,0.11043956043956,0.0888278388278388,0.147069597069597,0.0397435897435897,0.435714285714286
212273.411807,2653366.126422,0.557717012295834,0.00293631859056708,0,0.00165167920719398,0.00183519911910442,0.4358597907873
212773.411807,2653366.126422,0.37208875848157,0.00421786172748946,0,0.0165046763249587,0.0152209792774619,0.59196772418852
213273.411807,2653366.126422,0.0700018325087044,0.581088510170423,0,0.0743998533993036,0.0780648708081363,0.196444933113432
213773.411807,2653366.126422,0.0374380620297302,0.696274545788218,0,0.0431271792989539,0.0357863828225362,0.187373830060562
214273.411807,2653366.126422,0.0289748762149276,0.306803594351733,0.0231065468549422,0.280212726939299,0.0937098844672657,0.267192371171832
214773.411807,2653366.126422,0.074216602528862,0.309693971046362,0,0.26681326736302,0.109767271394539,0.239508887667216
215273.411807,2653366.126422,0.0455129381537897,0.440447788585062,0,0.211965498256561,0.114883464855937,0.187190310148651
215773.411807,2653366.126422,0.0651017788373372,0.382174949569045,0,0.234916559691913,0.120667522464698,0.197139189437007
216273.411807,2653366.126422,0.0172255818215137,0.648341579622503,0,0.0525929998167491,0.051126992853216,0.230712845886018
216773.411807,2653366.126422,0.0407414204441182,0.534777023307029,0,0.034868783262984,0.0313819049366856,0.358230868049183
217273.411807,2653366.126422,0.0568494406748579,0.10012836970475,0.00311754997249221,0.567760865578581,0.0902255639097744,0.181918210159545
217773.411807,2653366.126422,0.0357339197361187,0.0249221183800623,0.0300531427524281,0.790910756826095,0.0733003481766538,0.0450797141286421
218273.411807,2653366.126422,0.122591301156175,0.0783630023857589,0.0122958340979996,0.515140392732611,0.0816663608001468,0.189943108827308
218773.411807,2653366.126422,0.134238034109664,0.2400513478819,0.00128369704749679,0.1600953603521,0.0995782138272511,0.364753346781588
219273.411807,2653366.126422,0.127725856697819,0.153197727689207,0.00806303829943192,0.149715961150815,0.122594832325454,0.438702583837273
219773.411807,2653366.126422,0.154523765828592,0.117452743622683,0.00275279867865663,0.0489998164800881,0.0541383740135805,0.622132501376399
220273.411807,2653366.126422,0.210526315789474,0.165596919127086,0,0.0130203557674674,0.00385109114249037,0.607005318173482
220773.411807,2653366.126422,0.199376947040498,0.111599780098955,0.00769653655854865,0.139453912406084,0.0685358255451713,0.473336998350742
221273.411807,2653366.126422,0.221141493852083,0.133602495870802,0,0.1036887502294,0.0965314736648926,0.445035786382823
221773.411807,2653366.126422,0.102145607922245,0.126719237117183,0,0.151476251604621,0.11204841371722,0.507610489638731
222273.411807,2653366.126422,0.0621220450797141,0.147150448964633,0,0.021073850100788,0.0481949789261499,0.721458676928715
222773.411807,2653366.126422,0.0860708386859974,0.194531106625069,0,0.0423930996513122,0.0697375665259681,0.607267388511654
223273.411807,2653366.126422,0.0260407115349349,0.335595085274161,0,0.0693196405648267,0.0430955437373923,0.525949018888685
223773.411807,2653366.126422,0.106835257467473,0.118746564046179,0,0.217152281473337,0.122594832325454,0.434671064687557
224273.411807,2653366.126422,0.177830794641219,0.185722150853368,0.000183519911910442,0.185722150853368,0.0901082767480272,0.360433106992109
212273.411807,2652866.126422,0.659816513761468,0,0,0.00055045871559633,0.00055045871559633,0.339082568807339
212773.411807,2652866.126422,0.449275362318841,0.00293524124013942,0,0.00091726288754357,0.00311869381764814,0.543753439735828
213273.411807,2652866.126422,0.130952380952381,0.178388278388278,0,0.0554945054945055,0.0562271062271062,0.578937728937729
213773.411807,2652866.126422,0.02,0.723853211009174,0,0.0495412844036697,0.0423853211009174,0.164220183486239
214273.411807,2652866.126422,0.117593102183086,0.0836543753439736,0.124564300128417,0.128967161988626,0.0594386351128233,0.485782425243075
214773.411807,2652866.126422,0.101648351648352,0.286263736263736,0.00567765567765568,0.249450549450549,0.093040293040293,0.263919413919414
215273.411807,2652866.126422,0.0445871559633028,0.569724770642202,0,0.0827522935779817,0.0761467889908257,0.226788990825688
215773.411807,2652866.126422,0.0273344340487984,0.613281966611631,0,0.0790680609062557,0.0401761144744084,0.240139423958907
216273.411807,2652866.126422,0.0393772893772894,0.474175824175824,0,0.0805860805860806,0.0578754578754579,0.347985347985348
216773.411807,2652866.126422,0.0974311926605505,0.331926605504587,0,0.192660550458716,0.0948623853211009,0.283119266055046
217273.411807,2652866.126422,0.0607228031553843,0.0423775454045129,0.00403595670519171,0.670886075949367,0.1326362135388,0.0893414052467437
217773.411807,2652866.126422,0.00934065934065934,0.0148351648351648,0.0258241758241758,0.909340659340659,0.0371794871794872,0.00347985347985348
218273.411807,2652866.126422,0.148807339449541,0.0627522935779816,0.00403669724770642,0.534311926605505,0.112477064220183,0.137614678899083
218773.411807,2652866.126422,0.189139607411484,0.0596220876903321,0.00330214639515685,0.391304347826087,0.177398642450926,0.179233168226014
219273.411807,2652866.126422,0.147252747252747,0.0523809523809524,0.0120879120879121,0.519230769230769,0.169230769230769,0.0998168498168498
219773.411807,2652866.126422,0.279816513761468,0.0645871559633028,0.00055045871559633,0.30697247706422,0.0653211009174312,0.282752293577982
220273.411807,2652866.126422,0.561548339754174,0.017978352595854,0,0.016694184553293,0.0144927536231884,0.389286369473491
220773.411807,2652866.126422,0.281318681318681,0.103663003663004,0,0.117948717948718,0.0981684981684982,0.398901098901099
221273.411807,2652866.126422,0.0623853211009174,0.228623853211009,0.00165137614678899,0.253577981651376,0.109908256880734,0.343853211009174
221773.411807,2652866.126422,0.0579710144927536,0.108970831040176,0.000183452577508714,0.490919097413319,0.132819666116309,0.209135938359934
222273.411807,2652866.126422,0.0512820512820513,0.281501831501832,0.00586080586080586,0.241208791208791,0.101465201465201,0.318681318681319
222773.411807,2652866.126422,0.0447706422018349,0.411926605504587,0.00311926605504587,0.219082568807339,0.0957798165137615,0.225321100917431
223273.411807,2652866.126422,0.140891579526692,0.32672904054302,0,0.0963126031920749,0.0851219959640433,0.35094478077417
223773.411807,2652866.126422,0.321062271062271,0.0727106227106227,0,0.0648351648351648,0.0476190476190476,0.493772893772894
224273.411807,2652866.126422,0.347339449541284,0.0543119266055046,0,0.066605504587156,0.0473394495412844,0.484403669724771
212273.411807,2652366.126422,0.644139194139194,0.000183150183150183,0,0.0108058608058608,0.00970695970695971,0.335164835164835
212773.411807,2652366.126422,0.627655677655678,0.000366300366300366,0,0.0153846153846154,0.0163003663003663,0.34029304029304
213273.411807,2652366.126422,0.317565089842318,0.00916758342500917,0,0.194352768610194,0.0823248991565823,0.396589658965897
213773.411807,2652366.126422,0.0558608058608059,0.239194139194139,0.000366300366300366,0.193772893772894,0.130586080586081,0.38021978021978
214273.411807,2652366.126422,0.231684981684982,0.0858974358974359,0.026007326007326,0.245604395604396,0.0505494505494506,0.36025641025641
214773.411807,2652366.126422,0.146681334800147,0.0850751741840851,0,0.128346167950128,0.0678401173450678,0.572057205720572
215273.411807,2652366.126422,0.0551282051282051,0.456043956043956,0,0.178388278388278,0.0598901098901099,0.250549450549451
215773.411807,2652366.126422,0.0529304029304029,0.391208791208791,0,0.202197802197802,0.0978021978021978,0.255860805860806
216273.411807,2652366.126422,0.0445544554455446,0.222222222222222,0,0.317748441510818,0.127612761276128,0.287862119545288
216773.411807,2652366.126422,0.0428571428571429,0.517948717948718,0,0.0811355311355311,0.0771062271062271,0.280952380952381
217273.411807,2652366.126422,0.078021978021978,0.223443223443223,0.00146520146520147,0.240659340659341,0.133699633699634,0.322710622710623
217773.411807,2652366.126422,0.0341034103410341,0.0275027502750275,0.0210854418775211,0.832233223322332,0.0766409974330766,0.00843417675100843
218273.411807,2652366.126422,0.082967032967033,0.0267399267399267,0.00311355311355311,0.575091575091575,0.123260073260073,0.188827838827839
218773.411807,2652366.126422,0.18974358974359,0.0866300366300366,0,0.0206959706959707,0.0272893772893773,0.675641025641026
219273.411807,2652366.126422,0.20975430876421,0.0742574257425743,0.00201686835350202,0.276127612761276,0.104143747708104,0.333700036670334
219773.411807,2652366.126422,0.115934065934066,0.0565934065934066,0.0021978021978022,0.41025641025641,0.154945054945055,0.26007326007326
220273.411807,2652366.126422,0.16025641025641,0.100549450549451,0,0.163369963369963,0.0860805860805861,0.48974358974359
220773.411807,2652366.126422,0.167766776677668,0.138613861386139,0.00421708837550422,0.149064906490649,0.109460946094609,0.430876420975431
221273.411807,2652366.126422,0.0510989010989011,0.397802197802198,0.000915750915750916,0.104212454212454,0.0798534798534798,0.366117216117216
221773.411807,2652366.126422,0.0769230769230769,0.134981684981685,0.0115384615384615,0.228388278388278,0.176923076923077,0.371245421245421
222273.411807,2652366.126422,0.137330399706637,0.16996699669967,0.000366703337000367,0.129079574624129,0.0947928126145948,0.468463513017968
222773.411807,2652366.126422,0.196153846153846,0.114835164835165,0.000549450549450549,0.200732600732601,0.103479853479853,0.384249084249084
223273.411807,2652366.126422,0.373260073260073,0.0256410256410256,0,0.0677655677655678,0.0615384615384615,0.471794871794872
223773.411807,2652366.126422,0.565089842317565,0.015034836817015,0,0.0540887422075541,0.0471213788045471,0.318665199853319
224273.411807,2652366.126422,0.473992673992674,0.0227106227106227,0,0.026007326007326,0.0327838827838828,0.444505494505494
212273.411807,2651866.126422,0.779592585795559,0,0,0,0,0.220407414204441
212773.411807,2651866.126422,0.825050430955437,0,0,0,0.000366770584999083,0.174582798459564
213273.411807,2651866.126422,0.69287154113982,0.00293201392706615,0,0.00164925783397471,0.00164925783397471,0.300897929265164
213773.411807,2651866.126422,0.12883097816113,0.0695540466140576,0.00110111947146265,0.371260781794825,0.144613690585429,0.284639383373096
214273.411807,2651866.126422,0.097194205024757,0.123418301852191,0.0265908674124335,0.437190537318907,0.0858243168897854,0.229781771501926
214773.411807,2651866.126422,0.0846619021440352,0.05717427157779,0,0.480483782297966,0.122961334066337,0.254718709913872
215273.411807,2651866.126422,0.0844191594788034,0.359515507432556,0,0.175077995962562,0.100568911726922,0.280418425399156
215773.411807,2651866.126422,0.0696864111498258,0.300751879699248,0,0.225013753896937,0.145057766367137,0.259490188886851
216273.411807,2651866.126422,0.0434304562946674,0.497526113249038,0,0.215136521898479,0.0754993586219534,0.168407549935862
216773.411807,2651866.126422,0.0422095797394017,0.427784914663241,0,0.084235639566893,0.0991007524316388,0.346669113598825
217273.411807,2651866.126422,0.0739042728773152,0.201723821749496,0.00403447643498991,0.227214377406932,0.124335228314689,0.368787823216578
217773.411807,2651866.126422,0.102620487447315,0.0661535642294301,0.00604727872457394,0.525196994685725,0.0892431739050761,0.21073850100788
218273.411807,2651866.126422,0.118370343182235,0.0943292347219673,0,0.334373279500826,0.0976325931363553,0.355294549458616
218773.411807,2651866.126422,0.414267375756464,0.015587749862461,0.000916926462497708,0.0394278378874014,0.0339262791124152,0.49587383091876
219273.411807,2651866.126422,0.606010628550486,0.0232728605460876,0,0.0128275609309144,0.00641378046545721,0.351475169507055
219773.411807,2651866.126422,0.613323545604698,0.0119287942741787,0.00330335841438796,0.122040741420444,0.031932464672417,0.217471095613874
220273.411807,2651866.126422,0.172748945534568,0.0401613790573996,0.0022006235099945,0.283513662204291,0.0902255639097744,0.411149825783972
220773.411807,2651866.126422,0.190031152647975,0.0672530694520799,0.00293201392706615,0.136888400219901,0.0984057174271578,0.50448964632582
221273.411807,2651866.126422,0.501192879427418,0.0739585244999082,0,0.0244081482840888,0.0284455863461186,0.371994861442467
221773.411807,2651866.126422,0.512745277828718,0.0673024023473317,0,0.00165046763249587,0.00733541169998166,0.410966440491473
222273.411807,2651866.126422,0.539673813450614,0.00696353307678211,0,0.0089792926516401,0.0144768187648891,0.429906542056075
222773.411807,2651866.126422,0.700495503762158,0.00550559735731327,0,0.00293631859056708,0.00385391815011929,0.287208662139842
223273.411807,2651866.126422,0.703649367320741,0.0240234733174399,0,0.00476801760498808,0.00715202640748212,0.260407115349349
223773.411807,2651866.126422,0.697452812900861,0.00329851566794942,0,0.00769653655854865,0.00714678394722375,0.284405350925417
224273.411807,2651866.126422,0.641402092126996,0.00238575885483575,0,0.00568911726922371,0.00275279867865663,0.347770233070288
212273.411807,2651366.126422,0.560366972477064,0.00990825688073394,0,0.0486238532110092,0.0440366972477064,0.337064220183486
212773.411807,2651366.126422,0.71179600073381,0.000733810310034856,0,0.00587048248027885,0.00330214639515685,0.278297560080719
213273.411807,2651366.126422,0.690842490842491,0.0021978021978022,0,0.00384615384615385,0.00293040293040293,0.30018315018315
213773.411807,2651366.126422,0.289908256880734,0.0179816513761468,0.0122935779816514,0.167889908256881,0.0744954128440367,0.43743119266055
214273.411807,2651366.126422,0.149697303247111,0.216290588882774,0.0297193175564117,0.0961291506145661,0.0799853237937993,0.428178315905338
214773.411807,2651366.126422,0.0338827838827839,0.513919413919414,0,0.104578754578755,0.0639194139194139,0.283699633699634
215273.411807,2651366.126422,0.0743119266055046,0.225504587155963,0,0.145504587155963,0.142752293577982,0.411926605504587
215773.411807,2651366.126422,0.0306365804439552,0.611447440836544,0,0.0733810310034856,0.0550357732526142,0.229499174463401
216273.411807,2651366.126422,0.0351648351648352,0.536080586080586,0,0.188827838827839,0.0573260073260073,0.182600732600733
216773.411807,2651366.126422,0.0552293577981651,0.379266055045872,0,0.0957798165137615,0.0667889908256881,0.402935779816514
217273.411807,2651366.126422,0.0649422124380847,0.128600256833609,0.0174279948633278,0.439552375710879,0.126765731058521,0.222711429095579
217773.411807,2651366.126422,0.0613553113553114,0.101465201465201,0.00769230769230769,0.593040293040293,0.117032967032967,0.119413919413919
218273.411807,2651366.126422,0.209174311926606,0.038348623853211,0.0036697247706422,0.453761467889908,0.0822018348623853,0.212844036697248
218773.411807,2651366.126422,0.589800036690516,0.00421940928270042,0,0.0234819299211154,0.0238488350761328,0.358649789029536
219273.411807,2651366.126422,0.672344322344322,0.0293040293040293,0.000915750915750916,0.03003663003663,0.0256410256410256,0.241758241758242
219773.411807,2651366.126422,0.665137614678899,0.00403669724770642,0,0.00055045871559633,0.000917431192660551,0.329357798165138
220273.411807,2651366.126422,0.478260869565217,0.0174279948633278,0,0.0300862227114291,0.0352228948816731,0.439002017978353
220773.411807,2651366.126422,0.5496336996337,0.00457875457875458,0,0.0181318681318681,0.0146520146520147,0.413003663003663
221273.411807,2651366.126422,0.573394495412844,0.0368807339449541,0,0.00495412844036697,0.00697247706422018,0.377798165137615
221773.411807,2651366.126422,0.569803705742066,0.0194459732159237,0,0.026967528893781,0.021830856723537,0.361951935424693
222273.411807,2651366.126422,0.477838827838828,0.0379120879120879,0,0.0115384615384615,0.013003663003663,0.45970695970696
222773.411807,2651366.126422,0.611926605504587,0.00165137614678899,0,0.0260550458715596,0.0174311926605505,0.342935779816514
223273.411807,2651366.126422,0.456796917996698,0.0157769216657494,0,0.0983305815446707,0.0697119794533113,0.359383599339571
223773.411807,2651366.126422,0.453846153846154,0.0324175824175824,0,0.0157509157509158,0.0206959706959707,0.477289377289377
224273.411807,2651366.126422,0.220183486238532,0.0546788990825688,0.00055045871559633,0.147339449541284,0.0954128440366973,0.481834862385321
212273.411807,2650866.126422,0.40989010989011,0.00934065934065934,0,0.0963369963369963,0.08003663003663,0.404395604395604
212773.411807,2650866.126422,0.802380952380952,0,0,0.00164835164835165,0.0010989010989011,0.194871794871795
213273.411807,2650866.126422,0.723872387238724,0,0,0,0,0.276127612761276
213773.411807,2650866.126422,0.578205128205128,0.00256410256410256,0,0.0258241758241758,0.0225274725274725,0.370879120879121
214273.411807,2650866.126422,0.0622710622710623,0.20952380952381,0.0188644688644689,0.219047619047619,0.113369963369963,0.376923076923077
214773.411807,2650866.126422,0.0874587458745875,0.217271727172717,0,0.141547488082142,0.0944261092775944,0.459295929592959
215273.411807,2650866.126422,0.0291208791208791,0.369230769230769,0.000366300366300366,0.0468864468864469,0.0505494505494506,0.503846153846154
215773.411807,2650866.126422,0.0351648351648352,0.624175824175824,0,0.0968864468864469,0.0686813186813187,0.175091575091575
216273.411807,2650866.126422,0.0539053905390539,0.32013201320132,0,0.295562889622296,0.122112211221122,0.208287495416208
216773.411807,2650866.126422,0.05,0.176923076923077,0,0.191758241758242,0.147069597069597,0.434249084249084
217273.411807,2650866.126422,0.0710622710622711,0.220512820512821,0.0120879120879121,0.337545787545788,0.104029304029304,0.254761904761905
217773.411807,2650866.126422,0.0738907224055739,0.0606894022735607,0.01998533186652,0.647964796479648,0.116244957829116,0.0812247891455812
218273.411807,2650866.126422,0.592857142857143,0.0232600732600733,0.00146520146520147,0.169230769230769,0.0750915750915751,0.138095238095238
218773.411807,2650866.126422,0.788461538461538,0.000366300366300366,0,0.00146520146520147,0.000366300366300366,0.209340659340659
219273.411807,2650866.126422,0.795562889622296,0.000183351668500183,0,0,0,0.204253758709204
219773.411807,2650866.126422,0.768131868131868,0.00128205128205128,0,0.0010989010989011,0.000366300366300366,0.229120879120879
220273.411807,2650866.126422,0.296520146520147,0.00842490842490842,0,0.0582417582417582,0.0278388278388278,0.608974358974359
220773.411807,2650866.126422,0.585625229189586,0.0033003300330033,0,0.0146681334800147,0.0210854418775211,0.375320865419875
221273.411807,2650866.126422,0.662087912087912,0.0628205128205128,0,0.00531135531135531,0.00695970695970696,0.262820512820513
221773.411807,2650866.126422,0.684065934065934,0.0100732600732601,0,0.0163003663003663,0.0177655677655678,0.271794871794872
222273.411807,2650866.126422,0.714154748808214,0.0249358269160249,0,0.000916758342500917,0.000183351668500183,0.25980931426476
222773.411807,2650866.126422,0.693040293040293,0.000549450549450549,0,0.00677655677655678,0.00402930402930403,0.295604395604396
223273.411807,2650866.126422,0.453296703296703,0.00860805860805861,0.00128205128205128,0.00732600732600733,0.0115384615384615,0.517948717948718
223773.411807,2650866.126422,0.692335900256692,0.00806747341400807,0,0,0,0.2995966263293
224273.411807,2650866.126422,0.63974358974359,0.00347985347985348,0,0.00476190476190476,0.00641025641025641,0.345604395604396
212273.411807,2650366.126422,0.31124977060011,0.038172141677372,0,0.0814828408882364,0.0829510001835199,0.486144246650762
212773.411807,2650366.126422,0.594168347698515,0.00110031175499725,0,0.0295250320924262,0.0291582615074271,0.346048046946635
213273.411807,2650366.126422,0.721458676928715,0,0,0,0,0.278541323071285
213773.411807,2650366.126422,0.681776472747293,0,0,0,0,0.318223527252707
214273.411807,2650366.126422,0.414450761048964,0.0326425820649184,0,0.0926095727122685,0.0363102879149092,0.42398679625894
214773.411807,2650366.126422,0.206706981858164,0.0804471321238776,0.000733003481766538,0.193329668315924,0.110317024005864,0.408466190214404
215273.411807,2650366.126422,0.123692420627638,0.0943292347219673,0.00146815929528354,0.253440998348321,0.0981831528720866,0.428886034134704
215773.411807,2650366.126422,0.0418118466898955,0.539152759948652,0,0.0383275261324042,0.0495140289748762,0.331193838254172
216273.411807,2650366.126422,0.040131940626718,0.396921385376581,0,0.166941542972329,0.0936411947956753,0.302363936228697
216773.411807,2650366.126422,0.0649660488162966,0.274178748394201,0,0.213617177463755,0.112497706001101,0.334740319324647
217273.411807,2650366.126422,0.0546488171648634,0.288831835686778,0.000366770584999083,0.111131487254722,0.0915092609572712,0.453511828351366
217773.411807,2650366.126422,0.172255818215137,0.0505772402418911,0.00219901044529962,0.45849367784497,0.120762323621037,0.195711929631666
218273.411807,2650366.126422,0.402275646907689,0.116535144063131,0,0.137823453844742,0.103138190493669,0.240227564690769
218773.411807,2650366.126422,0.808545754630479,0.00110031175499725,0,0.000916926462497708,0.00238400880249404,0.187052998349532
219273.411807,2650366.126422,0.879970679860729,0,0,0,0,0.120029320139271
219773.411807,2650366.126422,0.918700679023674,0,0,0,0,0.0812993209763259
220273.411807,2650366.126422,0.827801210342931,0,0,0.000183385292499542,0,0.17201540436457
220773.411807,2650366.126422,0.530694520798974,0.0256551218618288,0,0.0188748396554884,0.0152098222466557,0.409565695437053
221273.411807,2650366.126422,0.371627821618646,0.0737750045879978,0.000917599559552211,0.0849697192145348,0.0422095797394017,0.426500275279868
221773.411807,2650366.126422,0.785622593068036,0.00256739409499358,0,0.00568494406748579,0.00330093526499175,0.202824133504493
222273.411807,2650366.126422,0.695437053326003,0,0,0.00348176653839106,0.00183250870441635,0.299248671431189
222773.411807,2650366.126422,0.637364654064966,0.00275279867865663,0,0,0,0.359882547256377
223273.411807,2650366.126422,0.565560242068586,0.0053181734824867,0,0.00330093526499175,0.00366770584999083,0.422152943333945
223773.411807,2650366.126422,0.480117280557083,0.0159428257284222,0,0.0139270661535642,0.0153930731170973,0.474619754443834
224273.411807,2650366.126422,0.48137272894109,0.0211047898697009,0,0.0113782345384474,0.0464305377133419,0.43971370893742
212273.411807,2649866.126422,0.642935779816514,0.00256880733944954,0,0.0111926605504587,0.0188990825688073,0.324403669724771
212773.411807,2649866.126422,0.408915795266924,0.0328380113740598,0,0.0612731608879105,0.0680609062557329,0.428912126215373
213273.411807,2649866.126422,0.745054945054945,0,0,0,0,0.254945054945055
213773.411807,2649866.126422,0.585321100917431,0,0,0,0,0.414678899082569
214273.411807,2649866.126422,0.591451109888094,0.000733810310034856,0,0.001284168042561,0.00183452577508714,0.404696385984223
214773.411807,2649866.126422,0.373626373626374,0.00641025641025641,0,0.11025641025641,0.0554945054945055,0.454212454212454
215273.411807,2649866.126422,0.107339449541284,0.199266055045872,0.00568807339449541,0.15394495412844,0.10954128440367,0.424220183486239
215773.411807,2649866.126422,0.101999633094845,0.109154283617685,0.0117409649605577,0.424325811777655,0.114474408365438,0.238304898183819
216273.411807,2649866.126422,0.0716117216117216,0.144871794871795,0.00146520146520147,0.125457875457875,0.0965201465201465,0.56007326007326
216773.411807,2649866.126422,0.0354128440366972,0.149908256880734,0,0.178348623853211,0.103853211009174,0.532477064220183
217273.411807,2649866.126422,0.0478811227297744,0.24105668684645,0.00348559897266557,0.137956338286553,0.067327095945698,0.502293157218859
217773.411807,2649866.126422,0.0697802197802198,0.112454212454212,0.000366300366300366,0.373992673992674,0.161538461538462,0.281868131868132
218273.411807,2649866.126422,0.198165137614679,0.0486238532110092,0.00110091743119266,0.322752293577982,0.220366972477064,0.208990825688073
218773.411807,2649866.126422,0.581728123280132,0.00843881856540084,0,0.116675839295542,0.109337736195194,0.183819482663731
219273.411807,2649866.126422,0.782600732600733,0.00366300366300366,0,0.00531135531135531,0.00586080586080586,0.202564102564103
219773.411807,2649866.126422,0.78,0.00018348623853211,0,0,0,0.219816513761468
220273.411807,2649866.126422,0.856356631810677,0.000366905155017428,0,0.000550357732526142,0.000183452577508714,0.142542652724271
220773.411807,2649866.126422,0.861904761904762,0,0,0,0,0.138095238095238
221273.411807,2649866.126422,0.808073394495413,0.00495412844036697,0,0.00073394495412844,0.00055045871559633,0.185688073394495
221773.411807,2649866.126422,0.551274995413686,0.00275178866263071,0,0.001284168042561,0.001284168042561,0.443404879838562
222273.411807,2649866.126422,0.786996336996337,0.00915750915750916,0,0.00164835164835165,0.00476190476190476,0.197435897435897
222773.411807,2649866.126422,0.71302752293578,0.00110091743119266,0,0.00018348623853211,0.00018348623853211,0.285504587155963
223273.411807,2649866.126422,0.638598422307833,0.000183452577508714,0,0.00146762062006971,0.00201797835259585,0.357732526141992
223773.411807,2649866.126422,0.738827838827839,0.000183150183150183,0,0.0021978021978022,0.00256410256410256,0.256227106227106
224273.411807,2649866.126422,0.738348623853211,0.00146788990825688,0,0,0,0.260183486238532
212273.411807,2649366.126422,0.713736263736264,0,0,0.000366300366300366,0.00164835164835165,0.284249084249084
212773.411807,2649366.126422,0.443040293040293,0.00970695970695971,0,0.0326007326007326,0.0408424908424908,0.473809523809524
213273.411807,2649366.126422,0.620828749541621,0.00366703337000367,0,0.00165016501650165,0.00165016501650165,0.372203887055372
213773.411807,2649366.126422,0.71978021978022,0.0021978021978022,0.00402930402930403,0.00164835164835165,0.00238095238095238,0.26996336996337
214273.411807,2649366.126422,0.143772893772894,0.0043956043956044,0.00750915750915751,0.00732600732600733,0.00695970695970696,0.83003663003663
214773.411807,2649366.126422,0.398056472313898,0.00495049504950495,0,0.0137513751375138,0.00751741840850752,0.575724239090576
215273.411807,2649366.126422,0.247069597069597,0.0820512820512821,0,0.145421245421245,0.0891941391941392,0.436263736263736
215773.411807,2649366.126422,0.0467032967032967,0.168681318681319,0.0565934065934066,0.20952380952381,0.11043956043956,0.408058608058608
216273.411807,2649366.126422,0.134763476347635,0.242574257425743,0,0.0869086908690869,0.0817748441510818,0.453978731206454
216773.411807,2649366.126422,0.0481684981684982,0.23992673992674,0,0.132417582417582,0.123076923076923,0.456410256410256
217273.411807,2649366.126422,0.0272893772893773,0.26959706959707,0,0.0820512820512821,0.0706959706959707,0.5503663003663
217773.411807,2649366.126422,0.028969563623029,0.298313164649798,0,0.0515218188485515,0.0623395672900623,0.558855885588559
218273.411807,2649366.126422,0.111355311355311,0.0813186813186813,0.00897435897435897,0.456043956043956,0.116666666666667,0.225641025641026
218773.411807,2649366.126422,0.25952380952381,0.0721611721611722,0.000915750915750916,0.283699633699634,0.183882783882784,0.19981684981685
219273.411807,2649366.126422,0.495416208287495,0.0328199486615328,0,0.140997433076641,0.107444077741107,0.223322332233223
219773.411807,2649366.126422,0.594139194139194,0.00750915750915751,0,0.111538461538462,0.0622710622710623,0.224542124542125
220273.411807,2649366.126422,0.803479853479854,0,0,0,0,0.196520146520147
220773.411807,2649366.126422,0.773377337733773,0,0,0,0,0.226622662266227
221273.411807,2649366.126422,0.825824175824176,0.000732600732600733,0,0,0,0.173443223443223
221773.411807,2649366.126422,0.807692307692308,0.00402930402930403,0.00384615384615385,0.00146520146520147,0.0010989010989011,0.181868131868132
222273.411807,2649366.126422,0.741290795746241,0.0011001100110011,0,0,0,0.257609094242758
222773.411807,2649366.126422,0.8,0.000732600732600733,0,0.000183150183150183,0.000183150183150183,0.198901098901099
223273.411807,2649366.126422,0.681318681318681,0.010989010989011,0,0.00787545787545788,0.00457875457875458,0.295238095238095
223773.411807,2649366.126422,0.777594426109278,0.000916758342500917,0,0.000183351668500183,0,0.221305463879721
224273.411807,2649366.126422,0.75,0,0,0,0,0.25
212273.411807,2648866.126422,0.795008258396036,0.000183519911910442,0,0.00183519911910442,0.00293631859056708,0.200036703982382
212773.411807,2648866.126422,0.320740876581698,0.0445626260773886,0,0.0476801760498808,0.0540986612873648,0.532917660003668
213273.411807,2648866.126422,0.547736851750046,0.00256551218618288,0,0.0234561114165292,0.0183250870441635,0.407916437603079
213773.411807,2648866.126422,0.583960359699027,0.000367039823820885,0,0,0,0.415672600477152
214273.411807,2648866.126422,0.316339629561709,0.00550155877498625,0.013203741059967,0.0821566110397946,0.0363102879149092,0.546488171648634
214773.411807,2648866.126422,0.208356239692139,0.00366501740883269,0,0.032618654938611,0.0417811984606927,0.713578889499725
215273.411807,2648866.126422,0.348871352541751,0.0172508717195816,0,0.0824004404477886,0.0513855753349238,0.500091759955955
215773.411807,2648866.126422,0.144324225197139,0.0981111314872547,0.00128369704749679,0.424536952136439,0.105263157894737,0.226480836236934
216273.411807,2648866.126422,0.118380062305296,0.346344145134689,0.0159428257284222,0.216052776250687,0.0813633864760858,0.22191680410482
216773.411807,2648866.126422,0.0732244448522665,0.245549642136172,0.0034868783262984,0.322077445402826,0.110478986970086,0.245182602312351
217273.411807,2648866.126422,0.0900421786172749,0.152943333944618,0.00201723821749496,0.310654685494223,0.138639281129653,0.305703282596736
217773.411807,2648866.126422,0.0295033901411032,0.389408099688474,0,0.0370166758292102,0.0544255085211655,0.489646325820048
218273.411807,2648866.126422,0.0478986970086254,0.145714810056891,0.00110111947146265,0.246650761607634,0.12461002018719,0.434024591668196
218773.411807,2648866.126422,0.0832569227947919,0.041995231982395,0.00476801760498808,0.688978543920778,0.113882266642215,0.0671190170548322
219273.411807,2648866.126422,0.350192413413964,0.0181418361737218,0,0.2354773685175,0.162360271211288,0.233828110683526
219773.411807,2648866.126422,0.517159111763626,0.0154156726004772,0,0.0561570930445953,0.0534042943659387,0.357863828225362
220273.411807,2648866.126422,0.807445442875481,0,0,0.00146708233999633,0.00348432055749129,0.187603154227031
