"x","y","forest","agri","water","built","other","grass"
300773.411807,2779366.126422,0.192879427417875,0.0488162965681776,0.0645990089924757,0.497338961277299,0.0928610754266838,0.103505230317489
301273.411807,2779366.126422,0.324408582431689,0.0350265908674124,0.00733541169998166,0.395011920044012,0.0737208875848157,0.164496607372089
301773.411807,2779366.126422,0.367967747846802,0.103536741799524,0.00109950522264981,0.307311709730621,0.120945574491479,0.0991387209089243
302273.411807,2779366.126422,0.450357863828225,0.0271609469627455,0.00550559735731327,0.269040190860708,0.0579922921636998,0.189943108827308
302773.411807,2779366.126422,0.12800293416468,0.0504309554373739,0.0135705116449661,0.622409682743444,0.112781954887218,0.072803961122318
303273.411807,2779366.126422,0.138171156312992,0.0417811984606927,0.00879604178119846,0.634964266080264,0.100787978742899,0.0754993586219534
303773.411807,2779366.126422,0.196182785832263,0.0326665443200587,0.00183519911910442,0.527252706918701,0.121306661772802,0.120756102037071
304273.411807,2779366.126422,0.625894003300935,0.0121034293049697,0,0.0849073904272877,0.0669356317623327,0.210159545204475
304773.411807,2779366.126422,0.667399670148433,0.00238226131574125,0,0.0375664284405351,0.0368334249587686,0.255818215136522
305273.411807,2779366.126422,0.774454028262066,0.00275279867865663,0,0.0108276748027161,0.0141310332171041,0.197834465039457
305773.411807,2779366.126422,0.334128002934165,0.0198056115899505,0,0.161012286814597,0.116449660737209,0.368604437924078
306273.411807,2779366.126422,0.349642660802639,0.0163093274693055,0,0.100787978742899,0.0663368150998717,0.466923217885285
306773.411807,2779366.126422,0.357496788401542,0.00807487612405946,0,0.0972655533125344,0.0653330886401175,0.471829693521747
307273.411807,2779366.126422,0.72382174949569,0.00110031175499725,0,0.0117366587199707,0.00678525582248304,0.256556024206859
307773.411807,2779366.126422,0.458127176104086,0.00348176653839106,0,0.066703316840755,0.042147700201576,0.429540040315191
308273.411807,2779366.126422,0.521196549825656,0.000917599559552211,0.000367039823820885,0.0831345200954303,0.0280785465222977,0.366305744173243
308773.411807,2779366.126422,0.731523931780671,0.00403447643498991,0,0.044379240784889,0.0170548322024574,0.203007518796992
309273.411807,2779366.126422,0.659703133589885,0.0227231079347627,0,0.0630382994319223,0.0284038849184534,0.226131574124977
309773.411807,2779366.126422,0.833363919985318,0.0216553496054322,0,0.00330335841438796,0.00311983850247752,0.138557533492384
310273.411807,2779366.126422,0.962406015037594,0.00238400880249404,0,0,0,0.035209976159912
310773.411807,2779366.126422,0.890232728605461,0.000916254352208173,0,0.00238226131574125,0.00201575957485798,0.104452996151732
311273.411807,2779366.126422,0.909891723251973,0,0,0,0.000367039823820885,0.0897412369242063
311773.411807,2779366.126422,0.924261874197689,0.0117366587199707,0,0,0.000366770584999083,0.0636346964973409
312273.411807,2779366.126422,0.932013927066154,0,0,0.00128275609309144,0,0.066703316840755
312773.411807,2779366.126422,0.935584510919435,0.009543035419343,0,0,0.000367039823820885,0.0545054138374014
300773.411807,2778866.126422,0.0919266055045872,0.098348623853211,0.0974311926605505,0.396330275229358,0.104954128440367,0.211009174311927
301273.411807,2778866.126422,0.0629242340854889,0.0137589433131535,0.023115024766098,0.841863878187489,0.0297193175564117,0.0286186020913594
301773.411807,2778866.126422,0.0844322344322344,0.0443223443223443,0.023992673992674,0.685714285714286,0.103296703296703,0.0582417582417582
302273.411807,2778866.126422,0.0955963302752294,0.04,0.00422018348623853,0.691009174311927,0.0739449541284404,0.0952293577981651
302773.411807,2778866.126422,0.133920381581361,0.0708126949183636,0.00495321959273528,0.497523390203632,0.151715281599706,0.141075032104201
303273.411807,2778866.126422,0.0714285714285714,0.0269230769230769,0.00476190476190476,0.711355311355311,0.113369963369963,0.0721611721611722
303773.411807,2778866.126422,0.068256880733945,0.0656880733944954,0.00275229357798165,0.722201834862385,0.0924770642201835,0.0486238532110092
304273.411807,2778866.126422,0.20968629609246,0.112089524857824,0.00733810310034856,0.353146211704274,0.131352045496239,0.186387818748853
304773.411807,2778866.126422,0.476373626373626,0.0531135531135531,0,0.0937728937728938,0.107326007326007,0.269413919413919
305273.411807,2778866.126422,0.659816513761468,0.015045871559633,0,0.0214678899082569,0.0348623853211009,0.268807339449541
305773.411807,2778866.126422,0.398092093193909,0.00733810310034856,0,0.18968996514401,0.0992478444322143,0.305631994129518
306273.411807,2778866.126422,0.423809523809524,0.00604395604395604,0,0.0586080586080586,0.0489010989010989,0.462637362637363
306773.411807,2778866.126422,0.710091743119266,0.00513761467889908,0,0.00935779816513761,0.0108256880733945,0.264587155963303
307273.411807,2778866.126422,0.555127499541369,0.00862227114290956,0,0.066042927903137,0.0594386351128233,0.310768666299762
307773.411807,2778866.126422,0.654761904761905,0.000915750915750916,0,0.0408424908424908,0.0247252747252747,0.278754578754579
308273.411807,2778866.126422,0.640550458715596,0.015045871559633,0,0.0284403669724771,0.0269724770642202,0.288990825688073
308773.411807,2778866.126422,0.738213171895065,0.0176114474408365,0,0.0247660979636764,0.0110071546505228,0.208402128049899
309273.411807,2778866.126422,0.925274725274725,0.00604395604395604,0,0.000915750915750916,0.00183150183150183,0.0659340659340659
309773.411807,2778866.126422,0.936880733944954,0.0130275229357798,0,0,0,0.0500917431192661
310273.411807,2778866.126422,0.920014676206201,0.000733810310034856,0,0,0,0.0792515134837644
310773.411807,2778866.126422,0.91978021978022,0,0,0.000732600732600733,0.000549450549450549,0.0789377289377289
311273.411807,2778866.126422,0.877064220183486,0.00165137614678899,0,0.00422018348623853,0.0036697247706422,0.113394495412844
311773.411807,2778866.126422,0.745551274995414,0.0726472206934507,0,0.00972298660796184,0.0157769216657494,0.156301596037424
312273.411807,2778866.126422,0.826373626373626,0.00402930402930403,0,0.0258241758241758,0.0287545787545788,0.115018315018315
312773.411807,2778866.126422,0.884220183486239,0.00587155963302752,0,0.00293577981651376,0.00110091743119266,0.105871559633028
300773.411807,2778366.126422,0.0617216117216117,0.104029304029304,0.0194139194139194,0.253663003663004,0.146703296703297,0.414468864468864
301273.411807,2778366.126422,0.0538461538461538,0.0380952380952381,0.0456043956043956,0.55989010989011,0.0547619047619048,0.247802197802198
301773.411807,2778366.126422,0.0405207187385405,0.0135680234690136,0.00788412174550788,0.873670700403374,0.0476714338100477,0.0166850018335167
302273.411807,2778366.126422,0.0529304029304029,0.039010989010989,0.0120879120879121,0.800549450549451,0.052014652014652,0.0434065934065934
302773.411807,2778366.126422,0.134615384615385,0.0353479853479853,0.00256410256410256,0.513919413919414,0.110805860805861,0.202747252747253
303273.411807,2778366.126422,0.0359369270260359,0.0165016501650165,0.00183351668500183,0.849284928492849,0.0676567656765677,0.0287862119545288
303773.411807,2778366.126422,0.0673992673992674,0.0542124542124542,0.00714285714285714,0.621245421245421,0.123443223443223,0.126556776556777
304273.411807,2778366.126422,0.0712454212454212,0.0582417582417582,0.0010989010989011,0.703296703296703,0.0902930402930403,0.0758241758241758
304773.411807,2778366.126422,0.65034836817015,0.219471947194719,0,0.0126512651265127,0.00641730839750642,0.111111111111111
305273.411807,2778366.126422,0.54029304029304,0.0311355311355311,0,0.0232600732600733,0.0496336996336996,0.355677655677656
305773.411807,2778366.126422,0.363553113553114,0.0100732600732601,0,0.157509157509158,0.108241758241758,0.360622710622711
306273.411807,2778366.126422,0.605243857719105,0.00935093509350935,0,0.0496883021635497,0.0781078107810781,0.257609094242758
306773.411807,2778366.126422,0.349267399267399,0.0360805860805861,0,0.114102564102564,0.102197802197802,0.398351648351648
307273.411807,2778366.126422,0.640842490842491,0.0142857142857143,0.00989010989010989,0.0855311355311355,0.0595238095238095,0.18992673992674
307773.411807,2778366.126422,0.751008434176751,0.0430876420975431,0,0.000916758342500917,0.00183351668500183,0.203153648698203
308273.411807,2778366.126422,0.676373626373626,0.0164835164835165,0,0.00549450549450549,0.00659340659340659,0.295054945054945
308773.411807,2778366.126422,0.844322344322344,0.00549450549450549,0,0.00164835164835165,0.0021978021978022,0.146336996336996
309273.411807,2778366.126422,0.938210487715438,0.00201686835350202,0.000366703337000367,0,0.000916758342500917,0.0584891822515585
309773.411807,2778366.126422,0.924725274725275,0,0,0.000915750915750916,0.000366300366300366,0.073992673992674
310273.411807,2778366.126422,0.801831501831502,0.000366300366300366,0,0.00677655677655678,0.00860805860805861,0.182417582417582
310773.411807,2778366.126422,0.656215621562156,0.00641730839750642,0.00385038503850385,0.127796112944628,0.0484048404840484,0.157315731573157
311273.411807,2778366.126422,0.547069597069597,0.00531135531135531,0.00347985347985348,0.190659340659341,0.0598901098901099,0.193589743589744
311773.411807,2778366.126422,0.698534798534798,0.0119047619047619,0,0.0716117216117216,0.0441391941391941,0.173809523809524
312273.411807,2778366.126422,0.763476347634763,0.0183351668500183,0.000916758342500917,0.0355702236890356,0.0227356068940227,0.158965896589659
312773.411807,2778366.126422,0.762637362637363,0,0,0.0168498168498168,0.00384615384615385,0.216666666666667
300773.411807,2777866.126422,0.0978161130482657,0.0800146815929528,0.00605615709304459,0.0732244448522665,0.0563406129565058,0.686547990456965
301273.411807,2777866.126422,0.135154960572162,0.079589216944801,0.00568494406748579,0.245369521364387,0.0814230698697964,0.452778287181368
301773.411807,2777866.126422,0.167124793842771,0.00586402785413231,0.00549752611324904,0.579439252336449,0.0841121495327103,0.157962250320689
302273.411807,2777866.126422,0.0462470178014315,0.0330335841438796,0.00311983850247752,0.799963296017618,0.0862543585979079,0.0313819049366856
302773.411807,2777866.126422,0.0926095727122685,0.0275077938749312,0.00586832935998533,0.689345314505777,0.109297634329727,0.0753713552173116
303273.411807,2777866.126422,0.0608392889866227,0.0393989371449514,0.00311526479750779,0.830859446582371,0.0470954737035001,0.0186915887850467
303773.411807,2777866.126422,0.12864745824922,0.0343182235272527,0.00715727656450725,0.717562855569829,0.0374380620297302,0.0748761240594605
304273.411807,2777866.126422,0.461397395928846,0.0588666788923528,0.000550155877498625,0.239134421419402,0.10397946084724,0.13607188703466
304773.411807,2777866.126422,0.621953454278908,0.195528678761224,0,0.0390324354040682,0.0503939893714495,0.0930914421843504
305273.411807,2777866.126422,0.457698660304643,0.121857221508534,0,0.0756102037071022,0.0888236373646541,0.256010277115067
305773.411807,2777866.126422,0.430588666788924,0.00330093526499175,0,0.0346598202824134,0.0315422703099211,0.49990830735375
306273.411807,2777866.126422,0.446399120395822,0.00916254352208173,0,0.200842954004032,0.138354407183434,0.205240974894631
306773.411807,2777866.126422,0.542117819783447,0.0146815929528354,0,0.0945127546338778,0.111580106441549,0.237107726188291
307273.411807,2777866.126422,0.624426920960939,0.0412616908123968,0,0.0706033376123235,0.0669356317623327,0.196772418852008
307773.411807,2777866.126422,0.810885101704233,0.0313358988455195,0,0.00219901044529962,0.00128275609309144,0.154297232911856
308273.411807,2777866.126422,0.797394017250872,0.00715727656450725,0,0,0,0.195448706184621
308773.411807,2777866.126422,0.831652301485421,0.00476801760498808,0,0.00110031175499725,0.000916926462497708,0.161562442692096
309273.411807,2777866.126422,0.763239875389408,0.000733003481766538,0,0.0232728605460876,0.0109950522264981,0.20175920835624
309773.411807,2777866.126422,0.871903101486511,0,0,0.00110111947146265,0.00201871903101487,0.124977060011011
310273.411807,2777866.126422,0.901522097927746,0,0,0,0,0.0984779020722538
310773.411807,2777866.126422,0.869708631115998,0.00109950522264981,0,0,0,0.129191863661352
311273.411807,2777866.126422,0.795008258396036,0.0113782345384474,0,0.0278950266103872,0.0216553496054322,0.144063130849697
311773.411807,2777866.126422,0.874931230515313,0.00385109114249037,0,0.000550155877498625,0.00165046763249587,0.119017054832202
312273.411807,2777866.126422,0.753710830126443,0.000183250870441635,0,0.0133773135422393,0.0146600696353308,0.218068535825545
312773.411807,2777866.126422,0.881813176729675,0.00183519911910442,0,0.000734079647641769,0.0012846393833731,0.114332905120206
300773.411807,2777366.126422,0.10256880733945,0.0321100917431193,0.00018348623853211,0.132293577981651,0.0388990825688073,0.69394495412844
301273.411807,2777366.126422,0.195927352779307,0.108603925885159,0.00220143093010457,0.0983305815446707,0.0678774536782242,0.527059255182535
301773.411807,2777366.126422,0.056959706959707,0.138461538461538,0.015018315018315,0.506959706959707,0.0978021978021978,0.184798534798535
302273.411807,2777366.126422,0.0497247706422018,0.0510091743119266,0.0073394495412844,0.748990825688073,0.0990825688073395,0.0438532110091743
302773.411807,2777366.126422,0.0366905155017428,0.0216474041460283,0.00458631443771785,0.834158869932123,0.08273711245643,0.0201797835259585
303273.411807,2777366.126422,0.189377289377289,0.0501831501831502,0.000732600732600733,0.63992673992674,0.0642857142857143,0.0554945054945055
303773.411807,2777366.126422,0.346238532110092,0.0297247706422018,0.00128440366972477,0.411192660550459,0.0814678899082569,0.130091743119266
304273.411807,2777366.126422,0.459181801504311,0.0311869381764814,0.00110071546505228,0.238121445606311,0.104017611447441,0.166391487800404
304773.411807,2777366.126422,0.413369963369963,0.117399267399267,0,0.0811355311355311,0.0926739926739927,0.295421245421245
305273.411807,2777366.126422,0.685504587155963,0.0304587155963303,0,0.119449541284404,0.0460550458715596,0.118532110091743
305773.411807,2777366.126422,0.523757108787378,0.0078884608328747,0.002568336085122,0.150798018712163,0.131168592918731,0.183819482663731
306273.411807,2777366.126422,0.491391941391941,0.00915750915750916,0,0.073992673992674,0.0725274725274725,0.352930402930403
306773.411807,2777366.126422,0.78605504587156,0.0411009174311927,0,0,0.00055045871559633,0.172293577981651
307273.411807,2777366.126422,0.808658961658411,0.0964960557695836,0,0.00403595670519171,0.00220143093010457,0.0886075949367089
307773.411807,2777366.126422,0.852747252747253,0,0,0,0,0.147252747252747
308273.411807,2777366.126422,0.77743119266055,0,0,0.0130275229357798,0.00605504587155963,0.20348623853211
308773.411807,2777366.126422,0.750137589433132,0.00146762062006971,0,0.076316272243625,0.0176114474408365,0.154467070262337
309273.411807,2777366.126422,0.474358974358974,0.00805860805860806,0,0.101648351648352,0.0659340659340659,0.35
309773.411807,2777366.126422,0.673394495412844,0.00587155963302752,0,0.0121100917431193,0.00642201834862385,0.302201834862385
310273.411807,2777366.126422,0.813245276096129,0.00935608145294441,0,0.0194459732159237,0.00623738763529628,0.151715281599706
310773.411807,2777366.126422,0.823443223443223,0.0133699633699634,0.000732600732600733,0.0010989010989011,0.00146520146520147,0.15989010989011
311273.411807,2777366.126422,0.674495412844037,0.00788990825688073,0,0.0300917431192661,0.0207339449541284,0.266788990825688
311773.411807,2777366.126422,0.828288387451844,0.00733810310034856,0,0.00330214639515685,0.00275178866263071,0.15831957439002
312273.411807,2777366.126422,0.836263736263736,0.00641025641025641,0,0.000732600732600733,0.000915750915750916,0.155677655677656
312773.411807,2777366.126422,0.740550458715596,0.0110091743119266,0,0.00587155963302752,0.00403669724770642,0.238532110091743
300773.411807,2776866.126422,0.174175824175824,0.0216117216117216,0.0250915750915751,0.437728937728938,0.104212454212454,0.237179487179487
301273.411807,2776866.126422,0.0465201465201465,0.0835164835164835,0.0131868131868132,0.644871794871795,0.0877289377289377,0.124175824175824
301773.411807,2776866.126422,0.0669233590025669,0.131463146314631,0.0801246791345801,0.3998899889989,0.103960396039604,0.217638430509718
302273.411807,2776866.126422,0.0860805860805861,0.0622710622710623,0.0882783882783883,0.393956043956044,0.145787545787546,0.223626373626374
302773.411807,2776866.126422,0.043040293040293,0.0818681318681319,0.0593406593406593,0.663003663003663,0.101098901098901,0.0516483516483516
303273.411807,2776866.126422,0.0617895122845618,0.0799413274660799,0.0148514851485149,0.611111111111111,0.130729739640631,0.101576824349102
303773.411807,2776866.126422,0.11007326007326,0.0836996336996337,0.00238095238095238,0.565750915750916,0.112271062271062,0.125824175824176
304273.411807,2776866.126422,0.397069597069597,0.0543956043956044,0.00146520146520147,0.176556776556777,0.124908424908425,0.245604395604396
304773.411807,2776866.126422,0.561056105610561,0.116244957829116,0,0.12999633296663,0.079024569123579,0.113678034470114
305273.411807,2776866.126422,0.25989010989011,0.0694139194139194,0.00146520146520147,0.385164835164835,0.114285714285714,0.16978021978022
305773.411807,2776866.126422,0.685531135531136,0.0562271062271062,0.000915750915750916,0.0816849816849817,0.0474358974358974,0.128205128205128
306273.411807,2776866.126422,0.764759809314265,0.159332599926659,0,0.0088008800880088,0.0212687935460213,0.0458379171250458
306773.411807,2776866.126422,0.866849816849817,0.104212454212454,0,0,0,0.0289377289377289
307273.411807,2776866.126422,0.8,0.162454212454212,0,0.00238095238095238,0.00604395604395604,0.0291208791208791
307773.411807,2776866.126422,0.807847451411808,0.00146681334800147,0,0,0,0.190685735240191
308273.411807,2776866.126422,0.824358974358974,0.000366300366300366,0,0.000183150183150183,0.000183150183150183,0.174908424908425
308773.411807,2776866.126422,0.808791208791209,0.00146520146520147,0,0.010989010989011,0.00531135531135531,0.173443223443223
309273.411807,2776866.126422,0.587458745874587,0.0121012101210121,0,0.063989732306564,0.0335533553355336,0.302896956362303
309773.411807,2776866.126422,0.775824175824176,0.00274725274725275,0,0.0113553113553114,0.00586080586080586,0.204212454212454
310273.411807,2776866.126422,0.882600732600733,0.00128205128205128,0,0,0,0.116117216117216
310773.411807,2776866.126422,0.848918225155849,0.0011001100110011,0,0.0143014301430143,0.0124679134580125,0.123212321232123
311273.411807,2776866.126422,0.779487179487179,0.000183150183150183,0,0.00256410256410256,0.00183150183150183,0.215934065934066
311773.411807,2776866.126422,0.795787545787546,0.000366300366300366,0,0.000366300366300366,0.00183150183150183,0.201648351648352
312273.411807,2776866.126422,0.761276127612761,0.000183351668500183,0,0.00201686835350202,0.000366703337000367,0.236156949028236
312773.411807,2776866.126422,0.815201465201465,0.00201465201465201,0,0,0,0.182783882783883
300773.411807,2776366.126422,0.00734079647641769,0.0124793540099101,0.218572215085337,0.322628005138558,0.0879060378051019,0.351073591484676
301273.411807,2776366.126422,0.00861910874747845,0.0324591967724189,0.327159361819182,0.20795892169448,0.0836236933797909,0.34017971758665
301773.411807,2776366.126422,0.0542422576507238,0.0447132123877588,0.161077515118197,0.395272127542606,0.16034451163643,0.184350375664284
302273.411807,2776366.126422,0.0820334006239677,0.0535878142778491,0.0201871903101487,0.662323362084786,0.121857221508534,0.0600110111947146
302773.411807,2776366.126422,0.0319090408949202,0.0293416467999266,0.000733541169998166,0.854208692462864,0.0759215110948102,0.00788556757748029
303273.411807,2776366.126422,0.0885101704233095,0.017042330951072,0.00201575957485798,0.630199743448781,0.118380062305296,0.143851933296683
303773.411807,2776366.126422,0.527803266654432,0.0326665443200587,0,0.214901816847128,0.0702881262616994,0.154340245916682
304273.411807,2776366.126422,0.661103979460847,0.0183385292499542,0,0.0254905556574363,0.0194388410049514,0.275628094626811
304773.411807,2776366.126422,0.632582004764523,0.0918086860912589,0.00164925783397471,0.105552501374382,0.0613890415979476,0.107018508337915
305273.411807,2776366.126422,0.403009726555331,0.218572215085337,0.00201871903101487,0.204808221692054,0.0790970820334006,0.0924940356028629
305773.411807,2776366.126422,0.812396845772969,0.15184302218962,0,0.00770218228498074,0.00568494406748579,0.0223730056849441
306273.411807,2776366.126422,0.895363752977827,0.10426974528129,0,0,0,0.000366501740883269
306773.411807,2776366.126422,0.756285556982933,0.208478619930262,0,0.000367039823820885,0.00275279867865663,0.0321159845843274
307273.411807,2776366.126422,0.872913992297818,0.0594168347698515,0,0,0.000366770584999083,0.0673024023473317
307773.411807,2776366.126422,0.704782847718527,0.00128275609309144,0,0.00769653655854865,0.00366501740883269,0.282572842221001
308273.411807,2776366.126422,0.744907322444485,0.000367039823820885,0,0.0211047898697009,0.0104606349788952,0.223160212883098
308773.411807,2776366.126422,0.701815514395745,0,0,0.00348432055749129,0.00495140289748762,0.289748762149276
309273.411807,2776366.126422,0.72310793476269,0.00109950522264981,0.000366501740883269,0.0221733553234378,0.0148433205057724,0.238409382444567
309773.411807,2776366.126422,0.770967149935768,0.0209212699577904,0,0,0,0.208111580106442
310273.411807,2776366.126422,0.781404731340546,0.00403447643498991,0,0,0.000550155877498625,0.214010636346965
310773.411807,2776366.126422,0.725490196078431,0.00128275609309144,0,0.00971229613340663,0.00659703133589885,0.256917720359172
311273.411807,2776366.126422,0.769131950816664,0.00293631859056708,0,0.00201871903101487,0.00183519911910442,0.22407781244265
311773.411807,2776366.126422,0.894920227397763,0,0,0,0,0.105079772602237
312273.411807,2776366.126422,0.794942275975811,0.00293201392706615,0,0.0104452996151732,0.0047645226314825,0.186915887850467
312773.411807,2776366.126422,0.695723986052487,0.00550559735731327,0.0012846393833731,0.0163332721600294,0.00367039823820885,0.277482106808589
300773.411807,2775866.126422,0.046605504587156,0.0205504587155963,0.0277064220183486,0.759633027522936,0.083302752293578,0.0622018348623853
301273.411807,2775866.126422,0.0260502660062374,0.0130251330031187,0.0113740598055403,0.902770133920382,0.024399192808659,0.0223812144560631
301773.411807,2775866.126422,0.0168498168498168,0.036996336996337,0.2996336996337,0.366483516483516,0.0952380952380952,0.184798534798535
302273.411807,2775866.126422,0.0251376146788991,0.0240366972477064,0.024954128440367,0.868256880733945,0.043302752293578,0.0143119266055046
302773.411807,2775866.126422,0.0541185103650706,0.0412768299394606,0.00201797835259585,0.770500825536599,0.0972298660796184,0.0348559897266557
303273.411807,2775866.126422,0.254578754578755,0.0293040293040293,0,0.41043956043956,0.115750915750916,0.18992673992674
303773.411807,2775866.126422,0.830642201834862,0.00715596330275229,0,0.0128440366972477,0.0124770642201835,0.136880733944954
304273.411807,2775866.126422,0.788662630709961,0.00311869381764814,0,0.0135754907356448,0.01284168042561,0.181801504311136
304773.411807,2775866.126422,0.678937728937729,0.0287545787545788,0,0.000732600732600733,0.00146520146520147,0.29010989010989
305273.411807,2775866.126422,0.751926605504587,0.0598165137614679,0,0.00605504587155963,0.00844036697247706,0.173761467889908
305773.411807,2775866.126422,0.789029535864979,0.105852137222528,0,0.0199963309484498,0.0172445422858191,0.0678774536782242
306273.411807,2775866.126422,0.782234432234432,0.108058608058608,0,0.082967032967033,0.0168498168498168,0.00989010989010989
306773.411807,2775866.126422,0.490642201834862,0.190275229357798,0,0.140183486238532,0.0401834862385321,0.138715596330275
307273.411807,2775866.126422,0.60777838928637,0.00275178866263071,0,0.0521005320124748,0.0132085855806274,0.324160704457898
307773.411807,2775866.126422,0.747985347985348,0.00128205128205128,0,0.023992673992674,0.0106227106227106,0.216117216117216
308273.411807,2775866.126422,0.80256880733945,0.00954128440366972,0,0.00018348623853211,0,0.187706422018349
308773.411807,2775866.126422,0.654008438818565,0.00201797835259585,0.00348559897266557,0.157218858924968,0.0280682443588332,0.155200880572372
309273.411807,2775866.126422,0.625824175824176,0.00989010989010989,0.00549450549450549,0.152380952380952,0.0404761904761905,0.165934065934066
309773.411807,2775866.126422,0.668073394495413,0.00715596330275229,0.00018348623853211,0.178348623853211,0.0240366972477064,0.122201834862385
310273.411807,2775866.126422,0.452027150981471,0.0126582278481013,0.00275178866263071,0.154467070262337,0.0489818381948266,0.329113924050633
310773.411807,2775866.126422,0.778754578754579,0.00164835164835165,0.00128205128205128,0.0811355311355311,0.0184981684981685,0.118681318681319
311273.411807,2775866.126422,0.785504587155963,0.00880733944954129,0,0.00036697247706422,0.00055045871559633,0.204770642201835
311773.411807,2775866.126422,0.712346358466336,0.00146762062006971,0,0.0157769216657494,0.010273344340488,0.260135754907356
312273.411807,2775866.126422,0.823260073260073,0.00201465201465201,0,0.00347985347985348,0.000549450549450549,0.170695970695971
312773.411807,2775866.126422,0.644403669724771,0.00880733944954129,0.00073394495412844,0.0554128440366972,0.0174311926605505,0.273211009174312
300773.411807,2775366.126422,0.0470695970695971,0.147069597069597,0.0527472527472527,0.700732600732601,0.0106227106227106,0.0417582417582418
301273.411807,2775366.126422,0.0210622710622711,0.0217948717948718,0.0380952380952381,0.867399267399267,0.0434065934065934,0.00824175824175824
301773.411807,2775366.126422,0.00568390172350568,0.0374037403740374,0.204437110377704,0.518701870187019,0.0964429776310964,0.137330399706637
302273.411807,2775366.126422,0.0946886446886447,0.010989010989011,0.00586080586080586,0.767765567765568,0.0554945054945055,0.0652014652014652
302773.411807,2775366.126422,0.0728937728937729,0.01996336996337,0.0148351648351648,0.728388278388278,0.121611721611722,0.0423076923076923
303273.411807,2775366.126422,0.545837917125046,0.0264026402640264,0,0.17015034836817,0.0746241290795746,0.182984965163183
303773.411807,2775366.126422,0.867582417582418,0.00128205128205128,0,0,0,0.131135531135531
304273.411807,2775366.126422,0.371245421245421,0.0119047619047619,0,0.257692307692308,0.102197802197802,0.256959706959707
304773.411807,2775366.126422,0.4002566923359,0.0243857719105244,0,0.277411074440777,0.0407040704070407,0.257242390905757
305273.411807,2775366.126422,0.280769230769231,0.0274725274725275,0,0.417948717948718,0.0816849816849817,0.192124542124542
305773.411807,2775366.126422,0.245787545787546,0.0860805860805861,0.00164835164835165,0.43003663003663,0.0937728937728938,0.142673992673993
306273.411807,2775366.126422,0.181334800146681,0.0616061606160616,0.000183351668500183,0.593692702603594,0.0925925925925926,0.0705903923725706
306773.411807,2775366.126422,0.032051282051282,0.0437728937728938,0.00732600732600733,0.836080586080586,0.0542124542124542,0.0265567765567766
307273.411807,2775366.126422,0.137179487179487,0.0245421245421245,0.000183150183150183,0.666849816849817,0.0954212454212454,0.0758241758241758
307773.411807,2775366.126422,0.257059039237257,0.0249358269160249,0.0106343967730106,0.557205720572057,0.0617895122845618,0.0883755042170884
308273.411807,2775366.126422,0.475824175824176,0.0210622710622711,0.0141025641025641,0.318498168498168,0.0518315018315018,0.118681318681319
308773.411807,2775366.126422,0.499267399267399,0.00714285714285714,0.0043956043956044,0.22967032967033,0.039010989010989,0.220512820512821
309273.411807,2775366.126422,0.648698203153649,0.0122845617895123,0.00348368170150348,0.205353868720205,0.0397873120645398,0.0903923725705904
309773.411807,2775366.126422,0.254029304029304,0.0144688644688645,0.0379120879120879,0.584981684981685,0.0578754578754579,0.0507326007326007
310273.411807,2775366.126422,0.278205128205128,0.0212454212454212,0.0188644688644689,0.484432234432234,0.0895604395604396,0.107692307692308
310773.411807,2775366.126422,0.15034836817015,0.026952695269527,0.0137513751375138,0.545104510451045,0.12009534286762,0.143747708104144
311273.411807,2775366.126422,0.703479853479854,0.00769230769230769,0,0.0298534798534799,0.00879120879120879,0.25018315018315
311773.411807,2775366.126422,0.772527472527473,0.00750915750915751,0,0.00989010989010989,0.00622710622710623,0.203846153846154
312273.411807,2775366.126422,0.868170150348368,0.00293362669600293,0,0.00275027502750275,0.00055005500550055,0.125595892922626
312773.411807,2775366.126422,0.676739926739927,0.0126373626373626,0.000183150183150183,0.0461538461538462,0.0183150183150183,0.245970695970696
300773.411807,2774866.126422,0.00367039823820885,0.0214718296935217,0.247384841255276,0.610937786749862,0.0187190310148651,0.0978161130482657
301273.411807,2774866.126422,0.0313588850174216,0.0124701998899688,0.08399046396479,0.737942417018155,0.0608839171098478,0.0733541169998166
301773.411807,2774866.126422,0.0280373831775701,0.0505772402418911,0.138171156312992,0.597764339380612,0.0822796408282939,0.10317024005864
302273.411807,2774866.126422,0.0273444668746559,0.00862543585979079,0.0890071572765645,0.75518443751147,0.0612956505780877,0.0585428518994311
302773.411807,2774866.126422,0.135521731157161,0.0328259673574179,0.0106363469649734,0.677608655785806,0.0845406198422887,0.0588666788923528
303273.411807,2774866.126422,0.730071467839472,0.00623052959501558,0.00311526479750779,0.0619387942092725,0.0289536375297783,0.169690306028954
303773.411807,2774866.126422,0.545971737933566,0.0124793540099101,0.0102771150669848,0.236190126628739,0.071389245733162,0.123692420627638
304273.411807,2774866.126422,0.180451127819549,0.0282413350449294,0.114982578397213,0.39611223179901,0.137538969374656,0.142673757564643
304773.411807,2774866.126422,0.0465457210921752,0.0828293934396188,0.015026571376214,0.642294300897929,0.144218435037566,0.0690855781564962
305273.411807,2774866.126422,0.0379886217654616,0.0306478252890439,0.00789135621214902,0.828592402275647,0.0620297302257295,0.0328500642319692
305773.411807,2774866.126422,0.0304419585549239,0.108930863744728,0.0100861910874748,0.701815514395745,0.0871080139372822,0.061617458279846
306273.411807,2774866.126422,0.0386659336631849,0.0793476269012278,0.0410481949789262,0.694887300714678,0.0890599230346344,0.0569910207073484
306773.411807,2774866.126422,0.0289961460818499,0.136355294549459,0.0082583960359699,0.702881262616994,0.0965314736648926,0.026977427050835
307273.411807,2774866.126422,0.0223730056849441,0.0322758114799193,0.0256739409499358,0.889418668622776,0.0181551439574546,0.0121034293049697
307773.411807,2774866.126422,0.0208905992303463,0.0225398570643211,0.0505772402418911,0.835440718343412,0.0432472054242258,0.0273043796958036
308273.411807,2774866.126422,0.026977427050835,0.0212883097816113,0.0568911726922371,0.806753532758304,0.052303174894476,0.0357863828225362
308773.411807,2774866.126422,0.217678342196956,0.0214560792224464,0.298001100311755,0.325508894186686,0.0667522464698331,0.0706033376123235
309273.411807,2774866.126422,0.364119479567528,0.0163093274693055,0.0472787245739417,0.36100421477002,0.0619387942092725,0.149349459409932
309773.411807,2774866.126422,0.104239309965131,0.0163332721600294,0.0517526151587447,0.744907322444485,0.0372545421178198,0.0455129381537897
310273.411807,2774866.126422,0.125802310654686,0.0383275261324042,0.0938932697597653,0.575646433156061,0.0814230698697964,0.0849073904272877
310773.411807,2774866.126422,0.411947956752795,0.0199743448781382,0.130474619754444,0.183434121312076,0.0899761773868426,0.164192779915705
311273.411807,2774866.126422,0.476050651495687,0.0167003119838502,0.245366122224261,0.0866213984217288,0.0291796659937603,0.146081849880712
311773.411807,2774866.126422,0.879699248120301,0.000366770584999083,0,0,0,0.1199339812947
312273.411807,2774866.126422,0.725490196078431,0.00366501740883269,0,0.00458127176104087,0.00787978742899029,0.258383727322705
312773.411807,2774866.126422,0.75518443751147,0.011194714626537,0.00697375665259681,0.0466140576252523,0.0102771150669848,0.169755918517159
300773.411807,2774366.126422,0.015045871559633,0.0614678899082569,0.21302752293578,0.619082568807339,0.0438532110091743,0.0475229357798165
301273.411807,2774366.126422,0.0541185103650706,0.0502660062373876,0.0359567051917079,0.733443404879839,0.0537516052100532,0.072463768115942
301773.411807,2774366.126422,0.105494505494505,0.0450549450549451,0.06996336996337,0.613003663003663,0.0919413919413919,0.0745421245421245
302273.411807,2774366.126422,0.061651376146789,0.0500917431192661,0.102018348623853,0.628623853211009,0.098348623853211,0.0592660550458716
302773.411807,2774366.126422,0.0799853237937993,0.0598055402678408,0.12694918363603,0.539900935608145,0.106035589800037,0.0873234268941479
303273.411807,2774366.126422,0.15989010989011,0.017032967032967,0.26007326007326,0.228571428571429,0.113736263736264,0.220695970695971
303773.411807,2774366.126422,0.0255045871559633,0.0269724770642202,0.352293577981651,0.257064220183486,0.145688073394495,0.192477064220183
304273.411807,2774366.126422,0.0326545587965511,0.0434782608695652,0.281783159053385,0.390570537516052,0.124380847550908,0.127132636213539
304773.411807,2774366.126422,0.0307692307692308,0.0234432234432234,0.256410256410256,0.35018315018315,0.114835164835165,0.224358974358974
305273.411807,2774366.126422,0.0148623853211009,0.0377981651376147,0.284587155963303,0.325871559633027,0.0726605504587156,0.264220183486239
305773.411807,2774366.126422,0.0238488350761328,0.0350394423041644,0.285452210603559,0.290772335351312,0.136121812511466,0.228765364153366
306273.411807,2774366.126422,0.0532967032967033,0.0576923076923077,0.0935897435897436,0.294688644688645,0.156410256410256,0.344322344322344
306773.411807,2774366.126422,0.0473394495412844,0.115963302752294,0.00660550458715596,0.359266055045872,0.170091743119266,0.300733944954128
307273.411807,2774366.126422,0.0528343423225096,0.0742982938910292,0.214089157952669,0.31095211887727,0.0796184186387819,0.26820766831774
307773.411807,2774366.126422,0.0272893772893773,0.0388278388278388,0.195238095238095,0.63992673992674,0.0639194139194139,0.0347985347985348
308273.411807,2774366.126422,0.0603669724770642,0.0388990825688073,0.0622018348623853,0.759816513761468,0.0478899082568807,0.0308256880733945
308773.411807,2774366.126422,0.107686662997615,0.0326545587965511,0.0506329113924051,0.702806824435883,0.0565033938726839,0.0497156485048615
309273.411807,2774366.126422,0.332417582417582,0.0227106227106227,0.01996336996337,0.393040293040293,0.0836996336996337,0.148168498168498
309773.411807,2774366.126422,0.559633027522936,0.0275229357798165,0.0146788990825688,0.202752293577982,0.0464220183486239,0.148990825688073
310273.411807,2774366.126422,0.752705925518254,0.00953953403045313,0.00238488350761328,0.0330214639515685,0.0113740598055403,0.190974133186571
310773.411807,2774366.126422,0.663736263736264,0.00238095238095238,0,0.0386446886446886,0.0287545787545788,0.266483516483516
311273.411807,2774366.126422,0.546422018348624,0.0322935779816514,0.0295412844036697,0.168440366972477,0.06,0.163302752293578
311773.411807,2774366.126422,0.269491836360301,0.0174279948633278,0.00587048248027885,0.444505595303614,0.120161438268208,0.142542652724271
312273.411807,2774366.126422,0.481318681318681,0.00952380952380952,0.00952380952380952,0.285714285714286,0.0417582417582418,0.172161172161172
312773.411807,2774366.126422,0.248073394495413,0.109174311926606,0.0297247706422018,0.370275229357798,0.0554128440366972,0.187339449541284
300773.411807,2773866.126422,0.0366300366300366,0.0331501831501832,0.165384615384615,0.602380952380952,0.0787545787545788,0.0836996336996337
301273.411807,2773866.126422,0.0172161172161172,0.00695970695970696,0.116849816849817,0.80970695970696,0.0294871794871795,0.0197802197802198
301773.411807,2773866.126422,0.0203520352035204,0.00385038503850385,0.0335533553355336,0.911991199119912,0.0234690135680235,0.00678401173450678
302273.411807,2773866.126422,0.0525641025641026,0.0184981684981685,0.0256410256410256,0.783699633699634,0.0796703296703297,0.0399267399267399
302773.411807,2773866.126422,0.13974358974359,0.0463369963369963,0.0043956043956044,0.443772893772894,0.168681318681319,0.197069597069597
303273.411807,2773866.126422,0.092959295929593,0.0496883021635497,0.129446277961129,0.47983131646498,0.146497983131646,0.101576824349102
303773.411807,2773866.126422,0.124542124542125,0.0862637362637363,0.0456043956043956,0.416483516483517,0.12014652014652,0.206959706959707
304273.411807,2773866.126422,0.060989010989011,0.0945054945054945,0.0148351648351648,0.556776556776557,0.10970695970696,0.163186813186813
304773.411807,2773866.126422,0.0183351668500183,0.128712871287129,0.048954895489549,0.595892922625596,0.0704070407040704,0.137697103043638
305273.411807,2773866.126422,0.0291208791208791,0.112454212454212,0.0186813186813187,0.583150183150183,0.161721611721612,0.0948717948717949
305773.411807,2773866.126422,0.0437728937728938,0.0684981684981685,0.0216117216117216,0.353296703296703,0.0901098901098901,0.422710622710623
306273.411807,2773866.126422,0.0194352768610194,0.0797579757975798,0.129446277961129,0.491199119911991,0.102860286028603,0.177301063439677
306773.411807,2773866.126422,0.0111721611721612,0.0653846153846154,0.286996336996337,0.278388278388278,0.13003663003663,0.228021978021978
307273.411807,2773866.126422,0.0131868131868132,0.0798534798534798,0.032051282051282,0.262637362637363,0.0692307692307692,0.543040293040293
307773.411807,2773866.126422,0.0286028602860286,0.0344701136780345,0.248624862486249,0.484231756508984,0.0672900623395673,0.136780344701137
308273.411807,2773866.126422,0.0512820512820513,0.0228937728937729,0.0549450549450549,0.705494505494506,0.0586080586080586,0.106776556776557
308773.411807,2773866.126422,0.539010989010989,0.0142857142857143,0.0201465201465201,0.237179487179487,0.0424908424908425,0.146886446886447
309273.411807,2773866.126422,0.594976164283095,0.0154015401540154,0.00568390172350568,0.233956729006234,0.0414374770810414,0.108544187752109
309773.411807,2773866.126422,0.207326007326007,0.0267399267399267,0.0426739926739927,0.557509157509158,0.0666666666666667,0.0990842490842491
310273.411807,2773866.126422,0.0972527472527473,0.0424908424908425,0.00879120879120879,0.463003663003663,0.131501831501832,0.256959706959707
310773.411807,2773866.126422,0.366336633663366,0.041987532086542,0.0473047304730473,0.349284928492849,0.0711404473780711,0.123945727906124
311273.411807,2773866.126422,0.164468864468864,0.0567765567765568,0.103296703296703,0.565934065934066,0.0653846153846154,0.0441391941391941
311773.411807,2773866.126422,0.208974358974359,0.0183150183150183,0.0399267399267399,0.637545787545788,0.0509157509157509,0.0443223443223443
312273.411807,2773866.126422,0.132379904657132,0.00586725339200587,0.0286028602860286,0.742207554088742,0.0273193986065273,0.0636230289695636
312773.411807,2773866.126422,0.297802197802198,0.0646520146520147,0.0353479853479853,0.332417582417582,0.045970695970696,0.223809523809524
300773.411807,2773366.126422,0.015782712424298,0.0130299137456414,0.0497338961277299,0.840521196549826,0.0359699027344467,0.0449623784180584
301273.411807,2773366.126422,0.0022006235099945,0.00110031175499725,0.228864845039428,0.760315422703099,0.00733541169998166,0.000183385292499542
301773.411807,2773366.126422,0.0111783030969397,0.0163093274693055,0.0311526479750779,0.896463258200476,0.0384826827927433,0.00641378046545721
302273.411807,2773366.126422,0.044411818682327,0.0163332721600294,0.0242246283721784,0.794824738484125,0.077995962561938,0.0422095797394017
302773.411807,2773366.126422,0.142673757564643,0.0405281496423987,0.0143040528149642,0.622593068035943,0.0984779020722538,0.0814230698697964
