"x","y","forest","agri","water","built","other","grass"
326273.411807,2737866.126422,0.078021978021978,0.0252747252747253,0.0673992673992674,0.711172161172161,0.0642857142857143,0.0538461538461538
326773.411807,2737866.126422,0.0382783882783883,0.348351648351648,0.00695970695970696,0.273443223443223,0.0824175824175824,0.250549450549451
327273.411807,2737866.126422,0.0315364869820315,0.645581224789146,0.0214521452145215,0.144847818115145,0.0493215988265493,0.107260726072607
327773.411807,2737866.126422,0.0580586080586081,0.597069597069597,0.00860805860805861,0.187912087912088,0.0641025641025641,0.0842490842490843
328273.411807,2737866.126422,0.0534798534798535,0.525457875457875,0.00586080586080586,0.147619047619048,0.0518315018315018,0.215750915750916
328773.411807,2737866.126422,0.0117345067840117,0.878071140447378,0.00586725339200587,0.0553722038870554,0.0232856618995233,0.0256692335900257
329273.411807,2737866.126422,0.0432234432234432,0.536446886446886,0.076007326007326,0.255311355311355,0.0441391941391941,0.0448717948717949
329773.411807,2737866.126422,0.043956043956044,0.432783882783883,0.0326007326007326,0.266300366300366,0.0765567765567766,0.147802197802198
330273.411807,2737866.126422,0.0275027502750275,0.731939860652732,0,0.0661899523285662,0.0544554455445545,0.11991199119912
330773.411807,2737866.126422,0.0212454212454212,0.514285714285714,0.0600732600732601,0.0917582417582418,0.0690476190476191,0.243589743589744
331273.411807,2737866.126422,0.0375457875457875,0.762087912087912,0.00128205128205128,0.0703296703296703,0.0397435897435897,0.089010989010989
331773.411807,2737866.126422,0.0126512651265127,0.875687568756876,0.0055005500550055,0.0797579757975798,0.0144847818115145,0.0119178584525119
332273.411807,2737866.126422,0.045970695970696,0.492124542124542,0.0972527472527473,0.117948717948718,0.082967032967033,0.163736263736264
332773.411807,2737866.126422,0.278937728937729,0.10018315018315,0.0304029304029304,0.201098901098901,0.120879120879121,0.268498168498168
326273.411807,2737366.126422,0.0912093962194898,0.071389245733162,0.0517526151587447,0.483758487795926,0.127913378601578,0.173976876491099
326773.411807,2737366.126422,0.11186502842472,0.280762882816798,0.0363102879149092,0.229965156794425,0.0801393728222996,0.260957271226848
327273.411807,2737366.126422,0.0262048744731537,0.592450064137805,0.0287703866593366,0.191497159611508,0.0881436686824262,0.0729338464357706
327773.411807,2737366.126422,0.0488162965681776,0.566525968067535,0.00183519911910442,0.139108093228115,0.0912093962194898,0.152505046797578
328273.411807,2737366.126422,0.0210893086374473,0.732440858243169,0.00476801760498808,0.105629928479736,0.0614340729873464,0.0746378140473134
328773.411807,2737366.126422,0.036100421477002,0.79256001466007,0.00201575957485798,0.0469122228330585,0.0355506688656771,0.0868609125893348
329273.411807,2737366.126422,0.0222059093411635,0.77573866764544,0.0233070288126262,0.0888236373646541,0.0289961460818499,0.0609286107542668
329773.411807,2737366.126422,0.0300751879699248,0.847790207225381,0.00110031175499725,0.022006235099945,0.0214560792224464,0.0775719787273061
330273.411807,2737366.126422,0.036100421477002,0.755360087960418,0.00311526479750779,0.0659703133589885,0.0575407733186733,0.0819131390874107
330773.411807,2737366.126422,0.0214718296935217,0.437144430170674,0.0576252523398789,0.161130482657368,0.113965865296385,0.208662139842173
331273.411807,2737366.126422,0.0436456996148909,0.538052448193655,0.0539152759948652,0.0874747845222813,0.0810562992847974,0.19585549238951
331773.411807,2737366.126422,0.00586402785413231,0.926149899212021,0.00183250870441635,0.0304196444933113,0.0133773135422393,0.0223566061938794
332273.411807,2737366.126422,0.0139475133051936,0.738300605615709,0.00880895577170123,0.103321710405579,0.0642319691686548,0.071389245733162
332773.411807,2737366.126422,0.121584448927196,0.0759215110948102,0.0557491289198606,0.261324041811847,0.10783055198973,0.377590317256556
326273.411807,2736866.126422,0.0642201834862385,0.0889908256880734,0.0196330275229358,0.345688073394495,0.180366972477064,0.301100917431193
326773.411807,2736866.126422,0.0550357732526142,0.235186204366171,0.0522839845899835,0.207851770317373,0.101082370207301,0.348559897266557
327273.411807,2736866.126422,0.0525641025641026,0.591758241758242,0.0274725274725275,0.173809523809524,0.0518315018315018,0.102564102564103
327773.411807,2736866.126422,0.0754128440366972,0.710091743119266,0.0115596330275229,0.0484403669724771,0.0504587155963303,0.104036697247706
328273.411807,2736866.126422,0.0884241423592002,0.544120344890846,0.0728306732709595,0.103283801137406,0.072463768115942,0.118877270225647
328773.411807,2736866.126422,0.0115384615384615,0.691391941391941,0.0173992673992674,0.14029304029304,0.0597069597069597,0.0796703296703297
329273.411807,2736866.126422,0.04,0.603853211009174,0.0251376146788991,0.14,0.1,0.0910091743119266
329773.411807,2736866.126422,0.0181618051733627,0.856540084388186,0.000733810310034856,0.060906255732893,0.0254999082737112,0.0381581361218125
330273.411807,2736866.126422,0.0184981684981685,0.858241758241758,0.000549450549450549,0.0395604395604396,0.0217948717948718,0.0613553113553114
330773.411807,2736866.126422,0.0300917431192661,0.707155963302752,0.0344954128440367,0.135963302752294,0.0568807339449541,0.0354128440366972
331273.411807,2736866.126422,0.0174279948633278,0.449825720051367,0.0689781691432765,0.101999633094845,0.0664098330581545,0.29535864978903
331773.411807,2736866.126422,0.00641025641025641,0.759157509157509,0.000732600732600733,0.0891941391941392,0.0481684981684982,0.0963369963369963
332273.411807,2736866.126422,0.0177981651376147,0.714862385321101,0.00862385321100917,0.0948623853211009,0.0508256880733945,0.11302752293578
332773.411807,2736866.126422,0.0475142175747569,0.170060539350578,0.0410933773619519,0.271326362135388,0.150798018712163,0.319207484865162
333273.411807,2736866.126422,0.287545787545788,0.0624542124542125,0.259157509157509,0.0826007326007326,0.0164835164835165,0.291758241758242
326273.411807,2736366.126422,0.00677655677655678,0.0344322344322344,0.0364468864468864,0.315384615384615,0.173626373626374,0.433333333333333
326773.411807,2736366.126422,0.0734432234432234,0.0833333333333333,0.0205128205128205,0.148168498168498,0.148351648351648,0.526190476190476
327273.411807,2736366.126422,0.129079574624129,0.238173817381738,0.0152181884855152,0.266960029336267,0.14961496149615,0.200953428676201
327773.411807,2736366.126422,0.0175824175824176,0.78992673992674,0.0124542124542125,0.122344322344322,0.0269230769230769,0.0307692307692308
328273.411807,2736366.126422,0.0155677655677656,0.835531135531136,0.000366300366300366,0.112454212454212,0.0179487179487179,0.0181318681318681
328773.411807,2736366.126422,0.00751741840850752,0.873670700403374,0.0157682434910158,0.0276861019435277,0.0209020902090209,0.0544554455445545
329273.411807,2736366.126422,0.0113553113553114,0.608058608058608,0.0838827838827839,0.155677655677656,0.0692307692307692,0.0717948717948718
329773.411807,2736366.126422,0.0326007326007326,0.741391941391941,0.0210622710622711,0.043956043956044,0.0470695970695971,0.113919413919414
330273.411807,2736366.126422,0.0137513751375138,0.786945361202787,0.000366703337000367,0.09002566923359,0.0394206087275394,0.0694902823615695
330773.411807,2736366.126422,0.0227106227106227,0.796886446886447,0.000366300366300366,0.0593406593406593,0.0357142857142857,0.084981684981685
331273.411807,2736366.126422,0.0388278388278388,0.733333333333333,0,0.0701465201465201,0.060989010989011,0.0967032967032967
331773.411807,2736366.126422,0.0144847818115145,0.571690502383572,0.0911257792445911,0.1001100110011,0.0551888522185552,0.167400073340667
332273.411807,2736366.126422,0.0159340659340659,0.552564102564103,0.0774725274725275,0.0787545787545788,0.0582417582417582,0.217032967032967
332773.411807,2736366.126422,0.0595238095238095,0.271611721611722,0.11007326007326,0.258974358974359,0.0965201465201465,0.203296703296703
333273.411807,2736366.126422,0.244407774110744,0.212871287128713,0.0155848918225156,0.0251191785845251,0.0416208287495416,0.46039603960396
326273.411807,2735866.126422,0.0416590200036704,0.536795742338044,0.00220223894292531,0.156542484859607,0.0989172325197284,0.163883281336025
326773.411807,2735866.126422,0.108564093159729,0.0212726939299468,0.00623509994498441,0.27617825050431,0.158995048597103,0.428754813863928
327273.411807,2735866.126422,0.151181968114349,0.0432472054242258,0.00604727872457394,0.240241891148983,0.148799706798607,0.410481949789262
327773.411807,2735866.126422,0.0403743806202973,0.524866948063865,0.00844191594788034,0.252890438612589,0.0961644338410718,0.0772618829142962
328273.411807,2735866.126422,0.0234733174399413,0.767467449110581,0.00256739409499358,0.138639281129653,0.0304419585549239,0.0374105996699065
328773.411807,2735866.126422,0.0161260765988638,0.861279091075683,0.000549752611324904,0.0549752611324904,0.0258383727322705,0.0412314458493678
329273.411807,2735866.126422,0.0212883097816113,0.812075610203707,0.0196366305744173,0.0838685997430721,0.0255092677555515,0.0376215819416407
329773.411807,2735866.126422,0.0139372822299652,0.896937465615258,0.00476801760498808,0.0324591967724189,0.0190720704199523,0.0328259673574179
330273.411807,2735866.126422,0.00971229613340663,0.815099871724391,0.0300531427524281,0.0423309510720176,0.0241891148982958,0.0786146234194612
330773.411807,2735866.126422,0.00734079647641769,0.80932281152505,0.0352358230868049,0.0341347036153423,0.0352358230868049,0.0787300422095797
331273.411807,2735866.126422,0.0537318907023657,0.697230882083257,0.01998899688245,0.10819732257473,0.0399779937649001,0.0808729139922978
331773.411807,2735866.126422,0.0183250870441635,0.751878321422027,0.0047645226314825,0.103719992669965,0.0546087593916071,0.066703316840755
332273.411807,2735866.126422,0.00513855753349238,0.538630941457148,0.076344283354744,0.1370893741971,0.0609286107542668,0.181868232703248
332773.411807,2735866.126422,0.0392444525949019,0.0858243168897854,0.122317990097194,0.194938565927013,0.103612690262241,0.454061984228865
333273.411807,2735866.126422,0.128092358438703,0.172439069085578,0.0439802089059923,0.169507055158512,0.10207073483599,0.383910573575224
333773.411807,2735866.126422,0.294365938704349,0.015782712424298,0.422095797394017,0.079647641769132,0.00256927876674619,0.185538630941457
326273.411807,2735366.126422,0.0168807339449541,0.458165137614679,0.0267889908256881,0.0910091743119266,0.116146788990826,0.291009174311927
326773.411807,2735366.126422,0.0731975784259769,0.146762062006971,0.0168776371308017,0.173913043478261,0.160887910475142,0.428361768482847
327273.411807,2735366.126422,0.101098901098901,0.282417582417582,0.00531135531135531,0.223992673992674,0.16025641025641,0.226923076923077
327773.411807,2735366.126422,0.0455045871559633,0.566788990825688,0.00899082568807339,0.20697247706422,0.0781651376146789,0.0935779816513762
328273.411807,2735366.126422,0.0495321959273528,0.624656026417171,0.0113740598055403,0.170977802238121,0.0533847000550358,0.0900752155567786
328773.411807,2735366.126422,0.0315018315018315,0.844139194139194,0.00146520146520147,0.0608058608058608,0.0362637362637363,0.0258241758241758
329273.411807,2735366.126422,0.0612844036697248,0.60605504587156,0.0126605504587156,0.139266055045872,0.0779816513761468,0.102752293577982
329773.411807,2735366.126422,0.0284351495138507,0.693450742982939,0.00165107319757843,0.0898917629792699,0.08273711245643,0.103834158869932
330273.411807,2735366.126422,0.0283882783882784,0.776923076923077,0.00384615384615385,0.0967032967032967,0.0476190476190476,0.0465201465201465
330773.411807,2735366.126422,0.0546788990825688,0.755412844036697,0.000917431192660551,0.0710091743119266,0.0420183486238532,0.0759633027522936
331273.411807,2735366.126422,0.0126582278481013,0.824619335901669,0.0165107319757843,0.0772335351311686,0.0335718216840947,0.0354063474591818
331773.411807,2735366.126422,0.00604395604395604,0.715384615384615,0.0622710622710623,0.0921245421245421,0.0217948717948718,0.102380952380952
332273.411807,2735366.126422,0.0187155963302752,0.554495412844037,0.0757798165137615,0.163853211009174,0.0878899082568807,0.0992660550458716
332773.411807,2735366.126422,0.0502660062373876,0.132085855806274,0.154467070262337,0.232434415703541,0.0957622454595487,0.334984406530912
333273.411807,2735366.126422,0.0631868131868132,0.104578754578755,0.124725274725275,0.101098901098901,0.0492673992673993,0.557142857142857
333773.411807,2735366.126422,0.589724770642202,0.0622018348623853,0.015045871559633,0.0159633027522936,0.011743119266055,0.305321100917431
326273.411807,2734866.126422,0.0214285714285714,0.323809523809524,0.286996336996337,0.165934065934066,0.0333333333333333,0.168498168498169
326773.411807,2734866.126422,0.0322344322344322,0.173076923076923,0.308058608058608,0.170879120879121,0.0518315018315018,0.263919413919414
327273.411807,2734866.126422,0.0474880821415475,0.351668500183352,0.140814081408141,0.180968096809681,0.0845251191785845,0.194536120278695
327773.411807,2734866.126422,0.0212454212454212,0.600732600732601,0.00201465201465201,0.166117216117216,0.0663003663003663,0.143589743589744
328273.411807,2734866.126422,0.0377289377289377,0.428021978021978,0.00549450549450549,0.115750915750916,0.103846153846154,0.309157509157509
328773.411807,2734866.126422,0.035020168683535,0.589475614228089,0.00146681334800147,0.0663733039970664,0.0566556655665567,0.251008434176751
329273.411807,2734866.126422,0.0115384615384615,0.565018315018315,0.0122710622710623,0.0608058608058608,0.0512820512820513,0.299084249084249
329773.411807,2734866.126422,0.0183150183150183,0.532967032967033,0.0445054945054945,0.136630036630037,0.0824175824175824,0.185164835164835
330273.411807,2734866.126422,0.0337367070040337,0.533736707004034,0.00366703337000367,0.092959295929593,0.0606894022735607,0.275210854418775
330773.411807,2734866.126422,0.0419413919413919,0.582051282051282,0.00183150183150183,0.0531135531135531,0.06996336996337,0.251098901098901
331273.411807,2734866.126422,0.0426739926739927,0.492490842490843,0.00897435897435897,0.0976190476190476,0.13956043956044,0.218681318681319
331773.411807,2734866.126422,0.0157682434910158,0.491932526585992,0.0449211587825449,0.124129079574624,0.0825082508250825,0.240740740740741
332273.411807,2734866.126422,0.017032967032967,0.757142857142857,0.0276556776556777,0.0772893772893773,0.056959706959707,0.0639194139194139
332773.411807,2734866.126422,0.00842490842490842,0.436630036630037,0.20018315018315,0.141941391941392,0.0620879120879121,0.150732600732601
333273.411807,2734866.126422,0.01998533186652,0.115511551155116,0.341950861752842,0.0854418775210854,0.0742574257425743,0.362852951961863
333773.411807,2734866.126422,0.419413919413919,0.0206959706959707,0.0714285714285714,0.0928571428571429,0.0701465201465201,0.325457875457875
334273.411807,2734866.126422,0.106043956043956,0.0413919413919414,0.377106227106227,0.250549450549451,0.0313186813186813,0.193589743589744
326273.411807,2734366.126422,0.00972655533125344,0.0945127546338778,0.31969168654799,0.0835015599192512,0.0475316571848046,0.445035786382823
326773.411807,2734366.126422,0.00458463231248854,0.0665688611773336,0.34788189987163,0.176783421969558,0.0231065468549422,0.381074637814047
327273.411807,2734366.126422,0.00494777350192413,0.068719076415613,0.488180318856515,0.306212204507971,0.0131940626717977,0.118746564046179
327773.411807,2734366.126422,0.000550559735731327,0.113415305560653,0.686180950633144,0.118186823270325,0.009543035419343,0.0721233253808038
328273.411807,2734366.126422,0.00825233816247937,0.101412066752246,0.551439574546121,0.215661103979461,0.0234733174399413,0.0997615991197506
328773.411807,2734366.126422,0.00403151914971596,0.116364302730438,0.508887667216419,0.185083379146051,0.0278541323071285,0.157778999450247
329273.411807,2734366.126422,0.00972655533125344,0.117085703798862,0.551293815378969,0.122591301156175,0.0438612589465957,0.155441365388145
329773.411807,2734366.126422,0.00825233816247937,0.215477718686961,0.479735925178801,0.164863377957088,0.0423620025673941,0.0893086374472767
330273.411807,2734366.126422,0.00293201392706615,0.294300897929265,0.467106468755727,0.105002748763057,0.0426974528129009,0.0879604178119846
330773.411807,2734366.126422,0.00587263718113415,0.286841622316021,0.541383740135805,0.0961644338410718,0.0139475133051936,0.0557900532207745
331273.411807,2734366.126422,0,0.320374105996699,0.533651201173666,0.0830735375022923,0.0304419585549239,0.0324591967724189
331773.411807,2734366.126422,0,0.0921751878321422,0.422759758108851,0.478468022723108,0.00604727872457394,0.000549752611324904
332273.411807,2734366.126422,0,0.0642319691686548,0.505046797577537,0.430721233253808,0,0
332773.411807,2734366.126422,0.00623509994498441,0.151659636897121,0.43590684027141,0.387309737759032,0.00568494406748579,0.013203741059967
333273.411807,2734366.126422,0.000549752611324904,0.0414146967198094,0.507788161993769,0.393806120579073,0.00934579439252336,0.0470954737035001
333773.411807,2734366.126422,0,0.0148651128647458,0.404477885850615,0.495136722334373,0.0119287942741787,0.0735914846760874
334273.411807,2734366.126422,0,0.00623509994498441,0.350449293966624,0.632862644415918,0.0102695763799743,0.000183385292499542
326273.411807,2733866.126422,0.044954128440367,0.233761467889908,0.00073394495412844,0.0548623853211009,0.0930275229357798,0.572660550458716
326773.411807,2733866.126422,0.0133920381581361,0.132269308383783,0.0381581361218125,0.0845716382315172,0.112089524857824,0.619519354246927
327273.411807,2733866.126422,0.0186813186813187,0.405128205128205,0.0175824175824176,0.106043956043956,0.103479853479853,0.349084249084249
327773.411807,2733866.126422,0.0420183486238532,0.15394495412844,0.0185321100917431,0.448623853211009,0.119816513761468,0.217064220183486
328273.411807,2733866.126422,0.0383415886993212,0.369290038525041,0.0568702990277013,0.372225279765181,0.0860392588515869,0.0772335351311686
328773.411807,2733866.126422,0.0452380952380952,0.607692307692308,0.013003663003663,0.183882783882784,0.0582417582417582,0.0919413919413919
329273.411807,2733866.126422,0.0322935779816514,0.738899082568807,0.00825688073394495,0.128256880733945,0.0418348623853211,0.0504587155963303
329773.411807,2733866.126422,0.02568336085122,0.592551825353146,0.0341221794166208,0.226747385800771,0.0565033938726839,0.0643918547055586
330273.411807,2733866.126422,0.0452380952380952,0.63040293040293,0.0119047619047619,0.106959706959707,0.0602564102564103,0.145238095238095
330773.411807,2733866.126422,0.011743119266055,0.665504587155963,0.00256880733944954,0.106605504587156,0.0688073394495413,0.144770642201835
331273.411807,2733866.126422,0.00678774536782242,0.675472390387085,0.000550357732526142,0.104384516602458,0.0838378279214823,0.128967161988626
331773.411807,2733866.126422,0.0305860805860806,0.617582417582418,0.00622710622710623,0.109157509157509,0.0813186813186813,0.155128205128205
332273.411807,2733866.126422,0.0344954128440367,0.529908256880734,0.0168807339449541,0.202385321100917,0.0838532110091743,0.132477064220183
332773.411807,2733866.126422,0.0370574206567602,0.320675105485232,0.0221977618785544,0.297376628141625,0.136488717666483,0.186204366171345
333273.411807,2733866.126422,0.0043956043956044,0.251831501831502,0.195054945054945,0.181684981684982,0.144322344322344,0.222710622710623
333773.411807,2733866.126422,0,0.108073394495413,0.520917431192661,0.189908256880734,0.136330275229358,0.0447706422018349
334273.411807,2733866.126422,0,0.0447624289121262,0.320308200330215,0.24105668684645,0.367822417904972,0.0260502660062374
326273.411807,2733366.126422,0.0228937728937729,0.135714285714286,0.134432234432234,0.0921245421245421,0.0697802197802198,0.545054945054945
326773.411807,2733366.126422,0.034981684981685,0.536263736263736,0.00293040293040293,0.154395604395604,0.0879120879120879,0.183516483516484
327273.411807,2733366.126422,0.0253025302530253,0.605977264393106,0.022002200220022,0.201503483681702,0.0533553355335534,0.0918591859185919
327773.411807,2733366.126422,0.0564102564102564,0.104945054945055,0.0633699633699634,0.627289377289377,0.080952380952381,0.067032967032967
328273.411807,2733366.126422,0.065018315018315,0.256227106227106,0.0586080586080586,0.336996336996337,0.140659340659341,0.142490842490842
328773.411807,2733366.126422,0.0507884121745508,0.557389072240557,0.00513384671800513,0.171067106710671,0.0854418775210854,0.13017968463513
329273.411807,2733366.126422,0.026007326007326,0.669047619047619,0.0238095238095238,0.126007326007326,0.0562271062271062,0.0989010989010989
329773.411807,2733366.126422,0.0362637362637363,0.512637362637363,0.0183150183150183,0.318315018315018,0.0613553113553114,0.0531135531135531
330273.411807,2733366.126422,0.0566556655665567,0.67986798679868,0.0183351668500183,0.083975064173084,0.0511551155115512,0.11001100110011
330773.411807,2733366.126422,0.0183150183150183,0.757326007326007,0.00476190476190476,0.0613553113553114,0.0415750915750916,0.116666666666667
331273.411807,2733366.126422,0.0265567765567766,0.60989010989011,0.00476190476190476,0.113186813186813,0.0778388278388278,0.167765567765568
331773.411807,2733366.126422,0.0262192885955262,0.781994866153282,0,0.0713237990465713,0.0408874220755409,0.0795746241290796
332273.411807,2733366.126422,0.0172161172161172,0.656776556776557,0.0106227106227106,0.176373626373626,0.0787545787545788,0.0602564102564103
332773.411807,2733366.126422,0.0208791208791209,0.618131868131868,0.0289377289377289,0.131684981684982,0.0675824175824176,0.132783882783883
333273.411807,2733366.126422,0.0304363769710304,0.282544921158783,0.203153648698203,0.12046204620462,0.0751741840850752,0.288228822882288
333773.411807,2733366.126422,0.0217948717948718,0.188095238095238,0.334798534798535,0.0672161172161172,0.0393772893772894,0.348717948717949
334273.411807,2733366.126422,0.0142857142857143,0.0446886446886447,0.867582417582418,0.0164835164835165,0.00769230769230769,0.0492673992673993
326273.411807,2732866.126422,0.0194531106625069,0.152505046797578,0.114332905120206,0.11194714626537,0.0864378785098183,0.515323912644522
326773.411807,2732866.126422,0.0555657436273611,0.534017971758665,0.00458463231248854,0.210893086374473,0.099211443242252,0.0957271226847607
327273.411807,2732866.126422,0.0584570276708814,0.514751695070552,0.0139270661535642,0.173905076049111,0.074216602528862,0.16474253252703
327773.411807,2732866.126422,0.0561570930445953,0.170489998164801,0.0789135621214902,0.488162965681776,0.10790970820334,0.0983666727839971
328273.411807,2732866.126422,0.0696864111498258,0.433706216761416,0.0168714469099578,0.174032642582065,0.0852741610122868,0.220429121584449
328773.411807,2732866.126422,0.0225398570643211,0.73098772219168,0.00458127176104087,0.0927249404434671,0.0448964632582005,0.10426974528129
329273.411807,2732866.126422,0.0330335841438796,0.801982015048633,0.00275279867865663,0.0794641218572215,0.026977427050835,0.0557900532207745
329773.411807,2732866.126422,0.0271410232899321,0.465431872363836,0.0645516229598386,0.284980744544288,0.08399046396479,0.0739042728773152
330273.411807,2732866.126422,0.0386659336631849,0.400952904526297,0.0201575957485798,0.19736118746564,0.101887483965549,0.24097489463075
330773.411807,2732866.126422,0.0420260598274913,0.711873738300606,0.0163332721600294,0.0620297302257295,0.051018535511103,0.116718663975041
331273.411807,2732866.126422,0.0614340729873464,0.547405098111131,0.0201723821749496,0.121034293049697,0.0806895286997983,0.169264624977077
331773.411807,2732866.126422,0.0137438152831226,0.80153930731171,0.0174088326919553,0.0304196444933113,0.0236393622869709,0.11324903793293
332273.411807,2732866.126422,0.02073775004588,0.686731510368875,0.0423930996513122,0.130849697192145,0.0326665443200587,0.0866213984217288
332773.411807,2732866.126422,0.0460297084173849,0.530717036493673,0.156244269209609,0.137905739959655,0.0581331377223547,0.0709701081973226
333273.411807,2732866.126422,0.0313358988455195,0.18270111783031,0.189847901777533,0.173355323437786,0.0813633864760858,0.341396371632765
333773.411807,2732866.126422,0.0133969535694623,0.0968985134887135,0.416223160212883,0.113598825472564,0.0662506881996697,0.293631859056708
334273.411807,2732866.126422,0.198789657069503,0.0513478818998716,0.370438290849074,0.0148542086924629,0.0214560792224464,0.343113882266642
326273.411807,2732366.126422,0.0388990825688073,0.226788990825688,0.00348623853211009,0.126238532110092,0.193577981651376,0.411009174311927
326773.411807,2732366.126422,0.0286186020913594,0.556962025316456,0.0260502660062374,0.223261786828105,0.0603558980003669,0.104751421757476
327273.411807,2732366.126422,0.0565934065934066,0.508058608058608,0.0146520146520147,0.206227106227106,0.0705128205128205,0.143956043956044
327773.411807,2732366.126422,0.0737614678899083,0.0913761467889908,0.0792660550458716,0.43302752293578,0.121100917431193,0.201467889908257
328273.411807,2732366.126422,0.0599889928453495,0.06989543203082,0.0757659145110989,0.569069895432031,0.118693817648138,0.106585947532563
328773.411807,2732366.126422,0.0324175824175824,0.606959706959707,0.0489010989010989,0.151282051282051,0.0545787545787546,0.105860805860806
329273.411807,2732366.126422,0.0148623853211009,0.807155963302752,0.00330275229357798,0.075045871559633,0.0488073394495413,0.0508256880733945
329773.411807,2732366.126422,0.0254999082737112,0.580443955237571,0.0232984773436067,0.200146762062007,0.0612731608879105,0.109337736195194
330273.411807,2732366.126422,0.0765567765567766,0.445421245421245,0.0225274725274725,0.182051282051282,0.103479853479853,0.16996336996337
330773.411807,2732366.126422,0.0376146788990826,0.525321100917431,0.0144954128440367,0.201834862385321,0.0911926605504587,0.12954128440367
331273.411807,2732366.126422,0.0425609979820216,0.442120711796001,0.021830856723537,0.192808658961658,0.0803522289488167,0.220326545587966
331773.411807,2732366.126422,0.0225274725274725,0.714652014652015,0.00586080586080586,0.139010989010989,0.0653846153846154,0.0525641025641026
332273.411807,2732366.126422,0.0611009174311927,0.505137614678899,0.0256880733944954,0.203669724770642,0.0845871559633028,0.119816513761468
332773.411807,2732366.126422,0.014125848468171,0.609429462483948,0.197578425976885,0.10842047330765,0.0280682443588332,0.0423775454045129
333273.411807,2732366.126422,0.0305860805860806,0.221611721611722,0.206776556776557,0.214468864468864,0.0836996336996337,0.242857142857143
333773.411807,2732366.126422,0.0132110091743119,0.0840366972477064,0.295963302752294,0.250275229357798,0.107155963302752,0.249357798165138
334273.411807,2732366.126422,0.0818198495688864,0.0508163639699138,0.381948266373143,0.146028251696936,0.0983305815446707,0.24105668684645
326273.411807,2731866.126422,0.0562271062271062,0.331318681318681,0.00293040293040293,0.156959706959707,0.121611721611722,0.330952380952381
326773.411807,2731866.126422,0.0525641025641026,0.604945054945055,0.00384615384615385,0.148168498168498,0.0556776556776557,0.134798534798535
327273.411807,2731866.126422,0.0583058305830583,0.215804913824716,0.0781078107810781,0.472863953061973,0.0869086908690869,0.088008800880088
327773.411807,2731866.126422,0.0562271062271062,0.271794871794872,0.0774725274725275,0.436446886446886,0.0899267399267399,0.0681318681318681
328273.411807,2731866.126422,0.0501831501831502,0.226923076923077,0.0456043956043956,0.430952380952381,0.126739926739927,0.11959706959707
328773.411807,2731866.126422,0.0212687935460213,0.676200953428676,0.028969563623029,0.187752108544188,0.0482214888155482,0.0375870920425376
329273.411807,2731866.126422,0.0408424908424908,0.691575091575092,0.000915750915750916,0.0956043956043956,0.0507326007326007,0.12032967032967
329773.411807,2731866.126422,0.0397435897435897,0.749450549450549,0.0021978021978022,0.0875457875457875,0.0478021978021978,0.0732600732600733
330273.411807,2731866.126422,0.0623395672900623,0.458379171250458,0.0088008800880088,0.165933259992666,0.085991932526586,0.218555188852219
330773.411807,2731866.126422,0.0968864468864469,0.365567765567766,0.0230769230769231,0.204212454212454,0.0937728937728938,0.216483516483516
331273.411807,2731866.126422,0.102930402930403,0.41959706959707,0.00934065934065934,0.0985347985347985,0.0824175824175824,0.287179487179487
331773.411807,2731866.126422,0.0401540154015402,0.661166116611661,0.0113678034470114,0.115511551155116,0.0621562156215622,0.10964429776311
332273.411807,2731866.126422,0.0168498168498168,0.785531135531136,0.00750915750915751,0.0818681318681319,0.0353479853479853,0.0728937728937729
332773.411807,2731866.126422,0.0335164835164835,0.556776556776557,0.11978021978022,0.0956043956043956,0.0730769230769231,0.121245421245421
333273.411807,2731866.126422,0.041987532086542,0.079024569123579,0.52016868353502,0.0500550055005501,0.046021268793546,0.262742940960763
333773.411807,2731866.126422,0.0368131868131868,0.113003663003663,0.422893772893773,0.142124542124542,0.060989010989011,0.224175824175824
334273.411807,2731866.126422,0.0587912087912088,0.0703296703296703,0.470512820512821,0.188278388278388,0.0686813186813187,0.143406593406593
326273.411807,2731366.126422,0.155257845476234,0.168104239309965,0.0352358230868049,0.320425766195632,0.116535144063131,0.204441181868233
326773.411807,2731366.126422,0.0313588850174216,0.63598019438841,0.000733541169998166,0.109297634329727,0.0608839171098478,0.161745827984596
327273.411807,2731366.126422,0.0311526479750779,0.646509070918087,0.0351841671247938,0.165842037749679,0.0505772402418911,0.070734835990471
327773.411807,2731366.126422,0.0359699027344467,0.344650394567811,0.0403743806202973,0.35694622866581,0.0816663608001468,0.140392732611488
328273.411807,2731366.126422,0.0429121584448927,0.460297084173849,0.039611223179901,0.126719237117183,0.0691362552723272,0.261324041811847
328773.411807,2731366.126422,0.0392156862745098,0.611508154663735,0.0117280557082646,0.146417445482866,0.0652373098772219,0.125893347993403
329273.411807,2731366.126422,0.0567076527803267,0.450174343916315,0.017434391631492,0.151587447238025,0.0594604514589833,0.264635712974858
329773.411807,2731366.126422,0.0416284613973959,0.46414817531634,0.00953603520997616,0.142673757564643,0.0836236933797909,0.258389877131854
330273.411807,2731366.126422,0.0538757559098406,0.181235110866777,0.0804471321238776,0.367051493494594,0.0969397104636247,0.220450797141286
330773.411807,2731366.126422,0.0893741971003854,0.179115434024592,0.0249587080198202,0.418792438979629,0.12864745824922,0.159111763626353
331273.411807,2731366.126422,0.0295250320924262,0.485420869246286,0.0273244085824317,0.227764533284431,0.0865578580597836,0.143407298734641
331773.411807,2731366.126422,0.0205240974894631,0.575590984057174,0.207806487080814,0.0714678394722375,0.0419644493311343,0.0826461425691772
332273.411807,2731366.126422,0.0205542301339695,0.750596439713709,0.0170673518076711,0.129014498073041,0.034868783262984,0.0478986970086254
332773.411807,2731366.126422,0.0154043645699615,0.233816247936915,0.45993031358885,0.115532734274711,0.0333761232349166,0.141940216394645
333273.411807,2731366.126422,0.201942459226681,0.0366501740883269,0.211288253619205,0.155579989004948,0.106835257467473,0.287703866593366
333773.411807,2731366.126422,0.0106441548908057,0.118186823270325,0.445586346118554,0.148284088823637,0.0853367590383557,0.191961827858323
334273.411807,2731366.126422,0.192737942417018,0.053181734824867,0.304786356134238,0.191454245369521,0.0748211993398129,0.183018521914542
326273.411807,2730866.126422,0.346788990825688,0.0128440366972477,0.104220183486239,0.0499082568807339,0.0548623853211009,0.431376146788991
326773.411807,2730866.126422,0.102916895982389,0.173913043478261,0.0440286186020914,0.520821867547239,0.064758759860576,0.0935608145294441
327273.411807,2730866.126422,0.100915750915751,0.157326007326007,0.0564102564102564,0.445787545787546,0.126556776556777,0.113003663003663
327773.411807,2730866.126422,0.0702752293577982,0.0398165137614679,0.0976146788990826,0.612477064220183,0.0979816513761468,0.0818348623853211
328273.411807,2730866.126422,0.224729407448175,0.0443955237571088,0.199596404329481,0.157402311502477,0.098147128967162,0.275729223995597
328773.411807,2730866.126422,0.0263736263736264,0.222710622710623,0.0578754578754579,0.477289377289377,0.0827838827838828,0.132967032967033
329273.411807,2730866.126422,0.0258715596330275,0.30256880733945,0.0539449541284404,0.412110091743119,0.111743119266055,0.0937614678899083
329773.411807,2730866.126422,0.0449458814896349,0.255732893047147,0.0781507980187122,0.291322693083838,0.0599889928453495,0.269858741515318
330273.411807,2730866.126422,0.0434065934065934,0.47967032967033,0.0152014652014652,0.143956043956044,0.0527472527472527,0.265018315018315
330773.411807,2730866.126422,0.0438532110091743,0.447339449541284,0.0376146788990826,0.308256880733945,0.0664220183486239,0.0965137614678899
331273.411807,2730866.126422,0.0332049165290772,0.686479545037608,0.010273344340488,0.137589433131535,0.0785177031737296,0.0539350577875619
331773.411807,2730866.126422,0.0443223443223443,0.542124542124542,0.00512820512820513,0.158241758241758,0.104029304029304,0.146153846153846
332273.411807,2730866.126422,0.0155963302752294,0.694495412844037,0.0242201834862385,0.16697247706422,0.0713761467889908,0.0273394495412844
332773.411807,2730866.126422,0.0176114474408365,0.204916529077234,0.416437350944781,0.210603558980004,0.0959456980370574,0.0544854155200881
333273.411807,2730866.126422,0.0904761904761905,0.0787545787545788,0.413736263736264,0.106776556776557,0.0657509157509158,0.244505494505494
333773.411807,2730866.126422,0.0108256880733945,0.0790825688073395,0.463853211009174,0.22,0.102385321100917,0.123853211009174
334273.411807,2730866.126422,0.14125848468171,0.0354063474591818,0.333333333333333,0.254632177582095,0.0764997248211337,0.158869932122546
326273.411807,2730366.126422,0.182051282051282,0.181318681318681,0.00897435897435897,0.243040293040293,0.107875457875458,0.276739926739927
326773.411807,2730366.126422,0.0276556776556777,0.0296703296703297,0.0694139194139194,0.790659340659341,0.0463369963369963,0.0362637362637363
327273.411807,2730366.126422,0.0293362669600293,0.0238357169050238,0.105793912724606,0.748441510817748,0.0663733039970664,0.0262192885955262
327773.411807,2730366.126422,0.0445054945054945,0.00805860805860806,0.0750915750915751,0.816300366300366,0.0347985347985348,0.0212454212454212
328273.411807,2730366.126422,0.0179487179487179,0.013003663003663,0.0344322344322344,0.856410256410256,0.0564102564102564,0.0217948717948718
328773.411807,2730366.126422,0.0647231389805647,0.322882288228823,0.0702236890355702,0.350751741840851,0.0913091309130913,0.1001100110011
329273.411807,2730366.126422,0.0232600732600733,0.633333333333333,0.0124542124542125,0.148717948717949,0.0827838827838828,0.0994505494505494
329773.411807,2730366.126422,0.0142857142857143,0.61025641025641,0.00183150183150183,0.126556776556777,0.123809523809524,0.123260073260073
330273.411807,2730366.126422,0.0317198386505317,0.321965529886322,0.0533553355335534,0.292262559589292,0.128896222955629,0.171800513384672
330773.411807,2730366.126422,0.0355311355311355,0.37014652014652,0.0102564102564103,0.230769230769231,0.126923076923077,0.226373626373626
331273.411807,2730366.126422,0.0250915750915751,0.789010989010989,0.00311355311355311,0.0970695970695971,0.0340659340659341,0.0516483516483516
331773.411807,2730366.126422,0.0251191785845251,0.676017601760176,0.0353868720205354,0.144847818115145,0.0551888522185552,0.0634396773010634
332273.411807,2730366.126422,0.0608058608058608,0.381501831501831,0.0412087912087912,0.243589743589744,0.109340659340659,0.163553113553114
332773.411807,2730366.126422,0.0315018315018315,0.302380952380952,0.331318681318681,0.117399267399267,0.0384615384615385,0.178937728937729
333273.411807,2730366.126422,0.0672900623395673,0.106894022735607,0.424642464246425,0.092042537587092,0.0454712137880455,0.263659699303264
333773.411807,2730366.126422,0.0358974358974359,0.0697802197802198,0.239010989010989,0.373260073260073,0.141941391941392,0.14010989010989
334273.411807,2730366.126422,0.256959706959707,0.0637362637362637,0.117765567765568,0.222161172161172,0.11007326007326,0.229304029304029
326273.411807,2729866.126422,0.126445219306295,0.291246100201872,0.00238575885483575,0.173609836667278,0.087538997981281,0.318774086988438
326773.411807,2729866.126422,0.0770218228498075,0.0205391527599487,0.0504309554373739,0.652668256005868,0.099211443242252,0.10012836970475
327273.411807,2729866.126422,0.0307861462341946,0.0225398570643211,0.142019424592267,0.695437053326003,0.0733003481766538,0.0359171706065604
327773.411807,2729866.126422,0.0172508717195816,0.0121123141860892,0.0869884382455496,0.844375114699945,0.0267939071389246,0.0124793540099101
328273.411807,2729866.126422,0.0319090408949202,0.0275077938749312,0.052814964239868,0.731157161195672,0.0775719787273061,0.0790390610673024
328773.411807,2729866.126422,0.0689023272860546,0.110683525746747,0.0786146234194612,0.477002015759575,0.112516034451164,0.152281473336998
329273.411807,2729866.126422,0.0324830244081483,0.466874655900165,0.0346852633510736,0.316571848045513,0.0489998164800881,0.100385391815012
329773.411807,2729866.126422,0.0364936732074088,0.510361269026224,0.00898587933247754,0.153126719237117,0.0720704199523198,0.218962039244453
330273.411807,2729866.126422,0.030602895363753,0.547003848268279,0.0172255818215137,0.234561114165292,0.0615722924683892,0.109034267912773
330773.411807,2729866.126422,0.0341347036153423,0.433290512020554,0.0370710222059093,0.304459533859424,0.0956138741053404,0.09543035419343
331273.411807,2729866.126422,0.0304419585549239,0.61984228864845,0.0254905556574363,0.156611039794608,0.0770218228498075,0.0905923344947735
331773.411807,2729866.126422,0.0502107385010079,0.554700384826828,0.0241891148982958,0.210555250137438,0.0771486164559282,0.0831958951805021
332273.411807,2729866.126422,0.117819783446504,0.347219673334557,0.0719398054688934,0.189576069003487,0.0956138741053404,0.177830794641219
332773.411807,2729866.126422,0.0916926462497708,0.0425453878598936,0.440674857876398,0.133137722354667,0.0880249403997799,0.20392444525949
333273.411807,2729866.126422,0.0723840938244457,0.147150448964633,0.406267179769104,0.146600696353308,0.0630382994319223,0.164559281656588
333773.411807,2729866.126422,0.0502844558634612,0.0912093962194898,0.0778124426500275,0.21985685446871,0.156542484859607,0.404294365938704
334273.411807,2729866.126422,0.342563726389144,0.117916743077205,0.0174216027874564,0.174582798459564,0.126352466532184,0.221162662754447
334773.411807,2729866.126422,0.301630932746931,0.00586402785413231,0.425875022906359,0.0850284038849184,0.00714678394722375,0.174454828660436
326273.411807,2729366.126422,0.156880733944954,0.078348623853211,0.0387155963302752,0.404403669724771,0.105688073394495,0.215963302752294
326773.411807,2729366.126422,0.0708126949183636,0.172078517703174,0.0687947165657677,0.394789946798753,0.09557879288204,0.197945331131902
327273.411807,2729366.126422,0.0620879120879121,0.123260073260073,0.0412087912087912,0.435714285714286,0.0963369963369963,0.241391941391941
327773.411807,2729366.126422,0.0286238532110092,0.0144954128440367,0.0390825688073395,0.835596330275229,0.0480733944954128,0.0341284403669725
328273.411807,2729366.126422,0.0432948082920565,0.072463768115942,0.0607228031553843,0.683544303797468,0.0532012474775271,0.0867730691616217
328773.411807,2729366.126422,0.0406593406593407,0.441208791208791,0.0505494505494506,0.341391941391941,0.0666666666666667,0.0595238095238095
329273.411807,2729366.126422,0.063302752293578,0.439816513761468,0.0126605504587156,0.224770642201835,0.0932110091743119,0.166238532110092
329773.411807,2729366.126422,0.0407264722069345,0.608145294441387,0.00532012474775271,0.146211704274445,0.0733810310034856,0.126215373325995
