"x","y","forest","agri","water","built","other","grass"
173273.411807,2530366.126422,0.0220913107511046,0.0419734904270987,0.00165684830633284,0.803387334315169,0.0977540500736377,0.0331369661266568
173773.411807,2530366.126422,0.0467632495873831,0.0711534934898221,0.0141206675224647,0.72803961122318,0.0979277461947552,0.041995231982395
174273.411807,2530366.126422,0.103353490929082,0.0914421843503757,0.000183250870441635,0.5739417262232,0.175004581271761,0.0560747663551402
174773.411807,2530366.126422,0.0346852633510736,0.0948797944576987,0.000550559735731327,0.683244632042577,0.149935768030831,0.0367039823820885
175273.411807,2530366.126422,0.000733541169998166,0.0256739409499358,0.00256739409499358,0.913625527232716,0.0562992847973593,0.00110031175499725
175773.411807,2530366.126422,0.0155763239875389,0.252153197727689,0.000183250870441635,0.595382078064871,0.126259849734286,0.0104452996151732
176273.411807,2530366.126422,0.0622132501376399,0.285006423196917,0,0.528170306478253,0.101119471462654,0.0234905487245366
176773.411807,2530366.126422,0.0150375939849624,0.295617091509261,0,0.345864661654135,0.303319273794242,0.0401613790573996
177273.411807,2530366.126422,0.00806303829943192,0.114531794026022,0,0.713945391240608,0.137804654572109,0.0256551218618288
177773.411807,2530366.126422,0.0214718296935217,0.213250137639934,0,0.450541383740136,0.280418425399156,0.0343182235272527
178273.411807,2530366.126422,0.0229231615624427,0.0748211993398129,0,0.546304786356134,0.269209609389327,0.0867412433522831
178773.411807,2530366.126422,0.0943741982774418,0.0700018325087044,0,0.281839838739234,0.295583654022357,0.258200476452263
179273.411807,2530366.126422,0.0135804734813727,0.0508350155991925,0,0.538447421545238,0.230868049183336,0.166269040190861
179773.411807,2530366.126422,0.0161379057399597,0.0300751879699248,0,0.66807262057583,0.18393544837704,0.101778837337246
180273.411807,2530366.126422,0.0186915887850467,0.0375664284405351,0,0.539124060839289,0.164376030786146,0.240241891148983
180773.411807,2530366.126422,0.0229399889888053,0.0401908607083869,0,0.501376399339328,0.180216553496054,0.255276197467425
181273.411807,2530366.126422,0.0425453878598936,0.123418301852191,0,0.315055932514212,0.174032642582065,0.344947735191638
181773.411807,2530366.126422,0.118563313175738,0.0562580172255818,0,0.14018691588785,0.230163093274693,0.454828660436137
182273.411807,2530366.126422,0.268306111213067,0.000183519911910442,0,0.104239309965131,0.0475316571848046,0.579739401725087
182773.411807,2530366.126422,0.116633046029708,0.000550155877498625,0,0.152943333944618,0.0286081056299285,0.701265358518247
183273.411807,2530366.126422,0.291918636613524,0.0111783030969397,0,0.217702034084662,0.133956386292835,0.34524463991204
183773.411807,2530366.126422,0.591301156175445,0,0,0.129748577720683,0.0801982015048633,0.198752064599009
184273.411807,2530366.126422,0.536768751146158,0.0313588850174216,0,0.187236383642032,0.0885750962772786,0.15606088391711
184773.411807,2530366.126422,0.427524280740333,0.0544255085211655,0,0.0678028220634048,0.0568077698369067,0.39343961883819
185273.411807,2530366.126422,0.608919067718848,0.000550559735731327,0,0.0300972655533125,0.0115617544503579,0.348871352541751
185773.411807,2530366.126422,0.435107655502392,0.0388755980861244,0,0.0322966507177034,0.048744019138756,0.444976076555024
173273.411807,2529866.126422,0.0493281796429229,0.163445610160133,0,0.55567826247009,0.146512055954353,0.0850358917725014
173773.411807,2529866.126422,0.075032104201064,0.0678774536782242,0,0.59768849752339,0.151531829022198,0.107870115575124
174273.411807,2529866.126422,0.0716117216117216,0.13021978021978,0,0.26043956043956,0.280586080586081,0.257142857142857
174773.411807,2529866.126422,0.0207339449541284,0.0176146788990826,0.00422018348623853,0.841284403669725,0.0965137614678899,0.0196330275229358
175273.411807,2529866.126422,0.0524674371674922,0.115024766097964,0.000366905155017428,0.588332416070446,0.206567602274812,0.0372408732342689
175773.411807,2529866.126422,0.010989010989011,0.201648351648352,0,0.521978021978022,0.22985347985348,0.0355311355311355
176273.411807,2529866.126422,0.0242201834862385,0.213394495412844,0,0.414311926605505,0.28954128440367,0.0585321100917431
176773.411807,2529866.126422,0.0232984773436067,0.107136305265089,0,0.495505411851037,0.244358833241607,0.129700972298661
177273.411807,2529866.126422,0.0272893772893773,0.0364468864468864,0,0.597252747252747,0.200915750915751,0.138095238095238
177773.411807,2529866.126422,0.00568807339449541,0.284587155963303,0,0.376880733944954,0.279266055045872,0.0535779816513761
178273.411807,2529866.126422,0.00733810310034856,0.137222527976518,0,0.71895065125665,0.127132636213539,0.00935608145294441
178773.411807,2529866.126422,0.0245421245421245,0.0798534798534798,0.0327838827838828,0.587545787545788,0.165018315018315,0.11025641025641
179273.411807,2529866.126422,0.00532110091743119,0.0965137614678899,0.00844036697247706,0.540917431192661,0.230275229357798,0.118532110091743
179773.411807,2529866.126422,0.0113740598055403,0.10988809392772,0.000550357732526142,0.455512749954137,0.224545954870666,0.198128783709411
180273.411807,2529866.126422,0.00384615384615385,0.030952380952381,0.000549450549450549,0.681501831501832,0.207875457875458,0.0752747252747253
180773.411807,2529866.126422,0.015045871559633,0.0519266055045872,0,0.492110091743119,0.211559633027523,0.229357798165138
181273.411807,2529866.126422,0.0581544670702623,0.030820033021464,0,0.4736745551275,0.118143459915612,0.319207484865162
181773.411807,2529866.126422,0.172527472527473,0.0826007326007326,0,0.222893772893773,0.124542124542125,0.397435897435897
182273.411807,2529866.126422,0.164036697247706,0.111009174311927,0,0.114678899082569,0.0911926605504587,0.519082568807339
182773.411807,2529866.126422,0.620986974866997,0.00752155567785727,0,0.0286186020913594,0.0152265639332233,0.327646303430563
183273.411807,2529866.126422,0.695054945054945,0,0,0.0146520146520147,0.00311355311355311,0.287179487179487
183773.411807,2529866.126422,0.758532110091743,0.0297247706422018,0,0.00201834862385321,0.00036697247706422,0.209357798165138
184273.411807,2529866.126422,0.817281232801321,0.0541185103650706,0,0.0132085855806274,0.0198128783709411,0.09557879288204
184773.411807,2529866.126422,0.236996336996337,0.491391941391941,0,0.0595238095238095,0.0397435897435897,0.172344322344322
185273.411807,2529866.126422,0.228990825688073,0.638715596330275,0.00018348623853211,0.00165137614678899,0.00880733944954129,0.121651376146789
185773.411807,2529866.126422,0.2327947336924,0.286953919808498,0,0.0152603231597846,0.0622381807301017,0.402752842609216
173273.411807,2529366.126422,0.0474090407938258,0.269570011025358,0,0.358507901506799,0.167401690554943,0.157111356119074
173773.411807,2529366.126422,0.00970695970695971,0.0518315018315018,0.00531135531135531,0.802014652014652,0.101831501831502,0.0293040293040293
174273.411807,2529366.126422,0.0144847818115145,0.0363036303630363,0.00513384671800513,0.714704803813715,0.112027869453612,0.117345067840117
174773.411807,2529366.126422,0.0287545787545788,0.0340659340659341,0.0217948717948718,0.70018315018315,0.164652014652015,0.0505494505494506
175273.411807,2529366.126422,0.0186813186813187,0.15989010989011,0,0.464468864468864,0.293223443223443,0.0637362637362637
175773.411807,2529366.126422,0.0342867620095343,0.286578657865787,0.000366703337000367,0.475247524752475,0.169050238357169,0.0344701136780345
176273.411807,2529366.126422,0.0435897435897436,0.489010989010989,0,0.393223443223443,0.0736263736263736,0.000549450549450549
176773.411807,2529366.126422,0.0505494505494506,0.243406593406593,0,0.347069597069597,0.202380952380952,0.156593406593407
177273.411807,2529366.126422,0.022002200220022,0.166666666666667,0,0.347818115144848,0.305647231389806,0.157865786578658
177773.411807,2529366.126422,0.00421245421245421,0.179120879120879,0.000183150183150183,0.5503663003663,0.236813186813187,0.0293040293040293
178273.411807,2529366.126422,0.00586080586080586,0.332600732600733,0.00128205128205128,0.538461538461538,0.12014652014652,0.00164835164835165
178773.411807,2529366.126422,0.0194352768610194,0.294829482948295,0.0146681334800147,0.521818848551522,0.107810781078108,0.0414374770810414
179273.411807,2529366.126422,0.00677655677655678,0.043040293040293,0.13974358974359,0.646336996336996,0.113186813186813,0.0509157509157509
179773.411807,2529366.126422,0.0146520146520147,0.0377289377289377,0.117399267399267,0.683150183150183,0.118315018315018,0.0287545787545788
180273.411807,2529366.126422,0.0176017601760176,0.0518885221855519,0,0.335350201686835,0.180601393472681,0.414558122478915
180773.411807,2529366.126422,0.0212454212454212,0.0787545787545788,0,0.328937728937729,0.316849816849817,0.254212454212454
181273.411807,2529366.126422,0.148901098901099,0.0254578754578755,0,0.410989010989011,0.173809523809524,0.240842490842491
181773.411807,2529366.126422,0.0757242390905757,0.0856252291895856,0,0.34965163182985,0.196552988632197,0.292445911257792
182273.411807,2529366.126422,0.411721611721612,0.0397435897435897,0,0.0683150183150183,0.151098901098901,0.329120879120879
182773.411807,2529366.126422,0.685531135531136,0.00586080586080586,0,0.00750915750915751,0.00201465201465201,0.299084249084249
183273.411807,2529366.126422,0.656215621562156,0,0,0.00055005500550055,0.000366703337000367,0.342867620095343
183773.411807,2529366.126422,0.541391941391941,0.0234432234432234,0,0.000183150183150183,0,0.434981684981685
184273.411807,2529366.126422,0.615934065934066,0.00421245421245421,0,0.0653846153846154,0.054029304029304,0.26043956043956
184773.411807,2529366.126422,0.382838283828383,0.0293362669600293,0,0.085991932526586,0.0507884121745508,0.451045104510451
185273.411807,2529366.126422,0.278021978021978,0.089010989010989,0,0.189194139194139,0.0945054945054945,0.349267399267399
185773.411807,2529366.126422,0.542575440693158,0.0191216014341201,0,0.0489991036749328,0.0143412010755901,0.374962653122199
173273.411807,2528866.126422,0.01620029455081,0.0749263622974963,0.0108615611192931,0.736377025036819,0.0808173784977909,0.0808173784977909
173773.411807,2528866.126422,0.00348432055749129,0.00421786172748946,0.0289748762149276,0.91215844489272,0.0482303319273794,0.00293416467999266
174273.411807,2528866.126422,0.00201575957485798,0.00164925783397471,0.0207073483599047,0.941909474070002,0.0322521531977277,0.00146600696353308
174773.411807,2528866.126422,0.0104606349788952,0.0546889337493118,0.0047715177096715,0.74674252156359,0.123692420627638,0.0596439713708937
175273.411807,2528866.126422,0.0121034293049697,0.236567027324409,0.000733541169998166,0.413167064001467,0.254172015404365,0.0832569227947919
175773.411807,2528866.126422,0.0252886201209456,0.316474253252703,0,0.327102803738318,0.203774967931098,0.127359354956936
176273.411807,2528866.126422,0.0367039823820885,0.13286841622316,0,0.429620113782345,0.224995412002202,0.175812075610204
176773.411807,2528866.126422,0.23620025673941,0.0403447643498991,0,0.225380524481937,0.189437007152026,0.308637447276728
177273.411807,2528866.126422,0.009529045262965,0.25453545904343,0.0053142752428074,0.318856514568444,0.287703866593366,0.124060839288987
177773.411807,2528866.126422,0.00770783630023858,0.192879427417875,0.000917599559552211,0.53532758304276,0.157460084419159,0.105707469260415
178273.411807,2528866.126422,0.0313588850174216,0.350632679259123,0.015587749862461,0.314322391344214,0.178067119017055,0.110031175499725
178773.411807,2528866.126422,0.0295033901411032,0.24775517683709,0.0452629649990837,0.501557632398754,0.0765988638446033,0.099321971779366
179273.411807,2528866.126422,0.00183519911910442,0.0719398054688934,0.230684529271426,0.558267572031565,0.107175628555698,0.0300972655533125
179773.411807,2528866.126422,0.0198056115899505,0.187419768934531,0.0137538969374656,0.437007152026407,0.175499724922061,0.166513845589584
180273.411807,2528866.126422,0.0144768187648891,0.100054975261132,0.00641378046545721,0.563313175737585,0.214770020157596,0.100971229613341
180773.411807,2528866.126422,0.0438612589465957,0.0326665443200587,0.00899247568361167,0.423013396953569,0.191961827858323,0.299504496237842
181273.411807,2528866.126422,0.226114065651935,0.0053181734824867,0.000733541169998166,0.244269209609389,0.218228498074454,0.305336512011737
181773.411807,2528866.126422,0.130841121495327,0.01905809052593,0,0.273410298698919,0.299981674912956,0.276708814366868
182273.411807,2528866.126422,0.602312350890072,0.000183519911910442,0,0.0462470178014315,0.0394567810607451,0.311800330335841
182773.411807,2528866.126422,0.567210709701082,0.00458463231248854,0,0.0163212910324592,0.0561158995048597,0.355767467449111
183273.411807,2528866.126422,0.695620304196445,0.000366501740883269,0,0.00219901044529962,0.00219901044529962,0.299615173172073
183773.411807,2528866.126422,0.815195448706185,0.0438612589465957,0,0.0122958340979996,0.00697375665259681,0.121673701596623
184273.411807,2528866.126422,0.49990830735375,0.0513478818998716,0.0119200440124702,0.0828901522097928,0.0273244085824317,0.326609205941683
184773.411807,2528866.126422,0.54590434304563,0.0047645226314825,0,0.0685358255451713,0.0371999266996518,0.343595382078065
185273.411807,2528866.126422,0.55588181317673,0.0012846393833731,0,0.0893741971003854,0.0528537346302074,0.300605615709304
185773.411807,2528866.126422,0.264354066985646,0.0639952153110048,0,0.177332535885167,0.313397129186603,0.180921052631579
173273.411807,2528366.126422,0.078961899503037,0.101785385606479,0.00478556966685073,0.551076753175041,0.202650469353948,0.0607399226946438
173773.411807,2528366.126422,0.0825536598789213,0.0687947165657677,0.0161438268207668,0.55769583562649,0.123647037240873,0.15116492386718
174273.411807,2528366.126422,0.0179487179487179,0.0276556776556777,0.00201465201465201,0.887912087912088,0.043040293040293,0.0214285714285714
174773.411807,2528366.126422,0.0157798165137615,0.0267889908256881,0.0036697247706422,0.862385321100917,0.0724770642201835,0.0188990825688073
175273.411807,2528366.126422,0.00623738763529628,0.145844799119428,0.00697119794533113,0.551274995413686,0.205283434232251,0.0843881856540084
175773.411807,2528366.126422,0.0126373626373626,0.406410256410256,0,0.323809523809524,0.177655677655678,0.0794871794871795
176273.411807,2528366.126422,0.088256880733945,0.114128440366972,0,0.31743119266055,0.212293577981651,0.267889908256881
176773.411807,2528366.126422,0.0236653824986241,0.0642084021280499,0.00091726288754357,0.54632177582095,0.194459732159237,0.170427444505595
177273.411807,2528366.126422,0.0106227106227106,0.131684981684982,0.000732600732600733,0.280769230769231,0.233882783882784,0.342307692307692
177773.411807,2528366.126422,0.00532110091743119,0.11394495412844,0.0895412844036697,0.561651376146789,0.131009174311927,0.0985321100917431
178273.411807,2528366.126422,0.00953953403045313,0.161988625940194,0.124013942395891,0.442120711796001,0.135204549623922,0.127132636213539
178773.411807,2528366.126422,0.0157509157509158,0.292673992673993,0.0391941391941392,0.411538461538462,0.162637362637363,0.0782051282051282
179273.411807,2528366.126422,0.147522935779817,0.0313761467889908,0.112477064220183,0.418165137614679,0.100366972477064,0.190091743119266
179773.411807,2528366.126422,0.528159970647588,0.142175747569253,0,0.0449458814896349,0.0376077783892864,0.247110621904238
180273.411807,2528366.126422,0.225457875457875,0.106959706959707,0,0.146703296703297,0.184798534798535,0.336080586080586
180773.411807,2528366.126422,0.0286238532110092,0.352110091743119,0,0.21651376146789,0.352660550458716,0.0500917431192661
181273.411807,2528366.126422,0.0636580443955238,0.0790680609062557,0,0.260686112639883,0.468904788112273,0.127682993946065
181773.411807,2528366.126422,0.172161172161172,0.0858974358974359,0,0.181318681318681,0.25018315018315,0.31043956043956
182273.411807,2528366.126422,0.623853211009174,0.00385321100917431,0,0.053394495412844,0.115779816513761,0.203119266055046
182773.411807,2528366.126422,0.578059071729958,0.00935608145294441,0,0.02568336085122,0.0401761144744084,0.346725371491469
183273.411807,2528366.126422,0.678754578754579,0,0,0.0010989010989011,0.00164835164835165,0.318498168498168
183773.411807,2528366.126422,0.710825688073395,0.086605504587156,0,0.0302752293577982,0.00477064220183486,0.167522935779817
184273.411807,2528366.126422,0.545587965510915,0.182902219776188,0,0.0423775454045129,0.0361401577692167,0.192992111539167
184773.411807,2528366.126422,0.448901098901099,0.00366300366300366,0,0.0217948717948718,0.0227106227106227,0.502930402930403
185273.411807,2528366.126422,0.574311926605505,0,0,0.0073394495412844,0.00201834862385321,0.416330275229358
185773.411807,2528366.126422,0.597247157390784,0.00388988629563136,0,0.0493716337522442,0.00987432675044883,0.339616995810892
173273.411807,2527866.126422,0.0305034913634693,0.15178243292907,0,0.414002205071665,0.144432194046307,0.259279676589489
173773.411807,2527866.126422,0.0782051282051282,0.223443223443223,0.0133699633699634,0.245604395604396,0.128021978021978,0.311355311355311
174273.411807,2527866.126422,0.0348368170150348,0.131646497983132,0.00843417675100843,0.605610561056106,0.143564356435644,0.0759075907590759
174773.411807,2527866.126422,0.0494505494505494,0.195238095238095,0.00256410256410256,0.509340659340659,0.158058608058608,0.0853479853479854
175273.411807,2527866.126422,0.0543956043956044,0.114468864468864,0.000366300366300366,0.557142857142857,0.114285714285714,0.159340659340659
175773.411807,2527866.126422,0.0781078107810781,0.102676934360103,0,0.44004400440044,0.280711404473781,0.0984598459845985
176273.411807,2527866.126422,0.113369963369963,0.285347985347985,0,0.274908424908425,0.187179487179487,0.139194139194139
176773.411807,2527866.126422,0.0826007326007326,0.104395604395604,0.0302197802197802,0.547069597069597,0.105494505494505,0.13021978021978
177273.411807,2527866.126422,0.011001100110011,0.0823248991565823,0.156032269893656,0.400623395672901,0.106343967730106,0.243674367436744
177773.411807,2527866.126422,0.00750915750915751,0.0946886446886447,0.258608058608059,0.519047619047619,0.073992673992674,0.0461538461538462
178273.411807,2527866.126422,0.0331501831501832,0.127655677655678,0.145238095238095,0.219413919413919,0.142124542124542,0.332417582417582
178773.411807,2527866.126422,0.0339200586725339,0.20975430876421,0.148881554822149,0.286578657865787,0.123579024569124,0.197286395306197
179273.411807,2527866.126422,0.374542124542125,0.0340659340659341,0,0.0873626373626374,0.106959706959707,0.397069597069597
179773.411807,2527866.126422,0.101465201465201,0.519413919413919,0,0.118864468864469,0.108424908424908,0.151831501831502
180273.411807,2527866.126422,0.262376237623762,0.18023469013568,0,0.244591125779245,0.13017968463513,0.182618261826183
180773.411807,2527866.126422,0.0380952380952381,0.324908424908425,0,0.371611721611722,0.161721611721612,0.103663003663004
181273.411807,2527866.126422,0.361538461538462,0.146336996336996,0,0.0653846153846154,0.118864468864469,0.307875457875458
181773.411807,2527866.126422,0.510817748441511,0.0698569856985699,0,0.0823248991565823,0.0650898423175651,0.271910524385772
182273.411807,2527866.126422,0.605494505494505,0.0364468864468864,0,0.0223443223443223,0.113369963369963,0.222344322344322
182773.411807,2527866.126422,0.60989010989011,0.00402930402930403,0,0.00256410256410256,0.00879120879120879,0.374725274725275
183273.411807,2527866.126422,0.715438210487715,0,0,0,0,0.284561789512285
183773.411807,2527866.126422,0.77985347985348,0.0633699633699634,0,0,0,0.156776556776557
184273.411807,2527866.126422,0.543223443223443,0.159157509157509,0,0.0144688644688645,0.0192307692307692,0.263919413919414
184773.411807,2527866.126422,0.564906490649065,0,0,0.0077007700770077,0.00568390172350568,0.421708837550422
185273.411807,2527866.126422,0.363736263736264,0.000915750915750916,0,0.0159340659340659,0.0100732600732601,0.609340659340659
185773.411807,2527866.126422,0.516582013743651,0.000298775022408127,0.00089632506722438,0.0394383029578727,0.0233044517478339,0.41948013146101
173273.411807,2527366.126422,0.0574374079528719,0.137334315169367,0,0.626656848306333,0.119661266568483,0.0589101620029455
173773.411807,2527366.126422,0.0124701998899688,0.166330460297084,0,0.16412983678709,0.12415184302219,0.532917660003668
174273.411807,2527366.126422,0.0430639545537841,0.118563313175738,0,0.358805204324721,0.131390874106652,0.348176653839106
174773.411807,2527366.126422,0.0211047898697009,0.146632409616443,0.102037071022206,0.480822169205359,0.115250504679758,0.134153055606533
175273.411807,2527366.126422,0.0559325142123602,0.283330276911792,0.011186502842472,0.323124885384192,0.155694113332111,0.170731707317073
175773.411807,2527366.126422,0.0736668499175371,0.235110866776617,0.00219901044529962,0.453912406083929,0.137254901960784,0.0978559648158329
176273.411807,2527366.126422,0.0761607634428336,0.243897962928978,0.000550559735731327,0.350706551660855,0.153239126445219,0.175445035786383
176773.411807,2527366.126422,0.072803961122318,0.0887584815697781,0.0608839171098478,0.546488171648634,0.0871080139372822,0.14395745461214
177273.411807,2527366.126422,0.0229063588052043,0.0886934212937511,0.300348176653839,0.418911489829577,0.0815466373465274,0.0875939160711013
177773.411807,2527366.126422,0.0868049183336392,0.0275279867865663,0.0840521196549826,0.395118370343182,0.144980730409249,0.26151587447238
178273.411807,2527366.126422,0.0493306436823767,0.261324041811847,0.04401247019989,0.139189437007152,0.166330460297084,0.33981294700165
178773.411807,2527366.126422,0.0260216236027121,0.29265164009529,0,0.300531427524281,0.180318856514568,0.200476452263148
179273.411807,2527366.126422,0.142411451642503,0.184253991558084,0,0.223710772618829,0.218205175261516,0.231418608919068
179773.411807,2527366.126422,0.0115532734274711,0.240784889051898,0,0.169081239684577,0.127269392994682,0.451311204841372
180273.411807,2527366.126422,0.0465457210921752,0.106285504856148,0,0.41029869891882,0.166208539490563,0.270661535642294
180773.411807,2527366.126422,0.0422095797394017,0.153239126445219,0,0.37750045879978,0.182051752615159,0.24499908240044
181273.411807,2527366.126422,0.199339812947002,0.108930863744728,0,0.169814780854575,0.0737208875848157,0.44819365486888
181773.411807,2527366.126422,0.56496243357156,0,0,0.0207073483599047,0.00256551218618288,0.411764705882353
182273.411807,2527366.126422,0.419710038539181,0.00899247568361167,0,0.0293631859056708,0.0679023674068636,0.474031932464672
182773.411807,2527366.126422,0.609205941683477,0.0221896203924445,0,0.0559325142123602,0.0722538052448194,0.240418118466899
183273.411807,2527366.126422,0.814000366501741,0.0175920835623969,0,0,0.00256551218618288,0.165842037749679
183773.411807,2527366.126422,0.768581391080932,0.0699210864378785,0,0.00642319691686548,0.00440447788585061,0.150669847678473
184273.411807,2527366.126422,0.735741793508161,0.00623509994498441,0,0.00476801760498808,0.0102695763799743,0.242985512561893
184773.411807,2527366.126422,0.508887667216419,0.00201575957485798,0,0.047645226314825,0.0137438152831226,0.427707531610775
185273.411807,2527366.126422,0.740135804734814,0.000183519911910442,0,0.0234905487245366,0.00844191594788034,0.227748210680859
185773.411807,2527366.126422,0.430921052631579,0.00448564593301435,0.0203349282296651,0.0816387559808612,0.0454545454545455,0.417165071770335
173273.411807,2526866.126422,0.0708632431437512,0.0877967973495307,0,0.46788146512056,0.30756488128106,0.0658936131050985
173773.411807,2526866.126422,0.142909557879288,0.0381581361218125,0.00091726288754357,0.543753439735828,0.196294257934324,0.0779673454412034
174273.411807,2526866.126422,0.121978021978022,0.0384615384615385,0,0.352197802197802,0.174175824175824,0.313186813186813
174773.411807,2526866.126422,0.128256880733945,0.130275229357798,0,0.467706422018349,0.195596330275229,0.0781651376146789
175273.411807,2526866.126422,0.0341221794166208,0.333333333333333,0.0157769216657494,0.336452027150981,0.123830489818382,0.156485048614933
175773.411807,2526866.126422,0.0547619047619048,0.222893772893773,0.0254578754578755,0.412271062271062,0.142673992673993,0.141941391941392
176273.411807,2526866.126422,0.0554128440366972,0.132110091743119,0.0165137614678899,0.645688073394495,0.0921100917431193,0.0581651376146789
176773.411807,2526866.126422,0.257934323977252,0.126215373325995,0.00275178866263071,0.207668317739864,0.103650706292423,0.301779490001835
177273.411807,2526866.126422,0.0139194139194139,0.138278388278388,0.240659340659341,0.46978021978022,0.0783882783882784,0.058974358974359
177773.411807,2526866.126422,0.0271559633027523,0.0453211009174312,0.433211009174312,0.350642201834862,0.0834862385321101,0.0601834862385321
178273.411807,2526866.126422,0.00311869381764814,0.0385250412768299,0.265455879655109,0.569803705742066,0.0864061640066043,0.0366905155017428
178773.411807,2526866.126422,0.0393772893772894,0.314835164835165,0.0117216117216117,0.402747252747253,0.172710622710623,0.0586080586080586
179273.411807,2526866.126422,0.0157798165137615,0.56348623853211,0,0.205504587155963,0.149724770642202,0.0655045871559633
179773.411807,2526866.126422,0.0399926618968997,0.241973949733994,0,0.302329847734361,0.178132452760961,0.237571087873785
180273.411807,2526866.126422,0.0816849816849817,0.0399267399267399,0,0.379120879120879,0.163186813186813,0.336080586080586
180773.411807,2526866.126422,0.11651376146789,0.0018348623853211,0,0.234862385321101,0.0655045871559633,0.581284403669725
181273.411807,2526866.126422,0.208585580627408,0.0229315721885892,0,0.201981287837094,0.0902586681342873,0.476242891212622
181773.411807,2526866.126422,0.236080586080586,0.0032967032967033,0,0.225457875457875,0.0743589743589744,0.460805860805861
182273.411807,2526866.126422,0.602201834862385,0.0135779816513761,0,0.00330275229357798,0.0104587155963303,0.37045871559633
182773.411807,2526866.126422,0.713080168776371,0.00752155567785727,0,0.0135754907356448,0.0111906072280316,0.254632177582095
183273.411807,2526866.126422,0.864652014652015,0,0,0,0,0.135347985347985
183773.411807,2526866.126422,0.558165137614679,0.0794495412844037,0,0.0431192660550459,0.0319266055045872,0.287339449541284
184273.411807,2526866.126422,0.37662814162539,0.115024766097964,0,0.0858558062740782,0.0924600990643919,0.330031186938176
184773.411807,2526866.126422,0.508974358974359,0.000366300366300366,0,0.0591575091575092,0.0210622710622711,0.41043956043956
185273.411807,2526866.126422,0.725504587155963,0.00018348623853211,0,0.00165137614678899,0.00495412844036697,0.267706422018349
185773.411807,2526866.126422,0.51705565529623,0.00179533213644524,0,0.114602034709755,0.0448833034111311,0.321663674446439
173273.411807,2526366.126422,0.0360161705255421,0.0306872473355384,0.00514516721793458,0.70856302829842,0.114479970599044,0.105108416023521
173773.411807,2526366.126422,0.0743589743589744,0.0549450549450549,0.0159340659340659,0.444139194139194,0.169047619047619,0.241575091575092
174273.411807,2526366.126422,0.103960396039604,0.0456545654565457,0.000366703337000367,0.42005867253392,0.206820682068207,0.223138980564723
174773.411807,2526366.126422,0.0181318681318681,0.0322344322344322,0.00146520146520147,0.633699633699634,0.167032967032967,0.147435897435897
175273.411807,2526366.126422,0.0141025641025641,0.082967032967033,0.0347985347985348,0.663553113553114,0.1,0.104578754578755
175773.411807,2526366.126422,0.0344701136780345,0.129446277961129,0.0914924825815915,0.570590392372571,0.12999633296663,0.044004400440044
176273.411807,2526366.126422,0.0357142857142857,0.0659340659340659,0.0100732600732601,0.634249084249084,0.154395604395604,0.0996336996336996
176773.411807,2526366.126422,0.0785714285714286,0.0745421245421245,0.000549450549450549,0.571428571428571,0.130586080586081,0.144322344322344
177273.411807,2526366.126422,0.0176017601760176,0.0447378071140447,0.173817381738174,0.29006233956729,0.0614228089475614,0.412357902456912
177773.411807,2526366.126422,0.0115384615384615,0.0245421245421245,0.178388278388278,0.725641025641026,0.0322344322344322,0.0276556776556777
178273.411807,2526366.126422,0.0514652014652015,0.0465201465201465,0.0373626373626374,0.56007326007326,0.142857142857143,0.161721611721612
178773.411807,2526366.126422,0.0236523652365237,0.197286395306197,0.0903923725705904,0.467180051338467,0.185368536853685,0.0361202786945361
179273.411807,2526366.126422,0.0423076923076923,0.326923076923077,0,0.477106227106227,0.144139194139194,0.00952380952380952
179773.411807,2526366.126422,0.107142857142857,0.274542124542125,0.0115384615384615,0.316849816849817,0.23956043956044,0.0503663003663004
180273.411807,2526366.126422,0.0254858819215255,0.140630729739641,0.0617895122845618,0.438760542720939,0.246607994132747,0.0867253392005867
180773.411807,2526366.126422,0.346703296703297,0.136263736263736,0,0.00879120879120879,0.0250915750915751,0.483150183150183
181273.411807,2526366.126422,0.181501831501831,0.0232600732600733,0,0.24029304029304,0.1003663003663,0.454578754578755
181773.411807,2526366.126422,0.136963696369637,0.00898423175650898,0,0.392922625595893,0.131463146314631,0.32966629996333
182273.411807,2526366.126422,0.445238095238095,0.00384615384615385,0,0.0873626373626374,0.039010989010989,0.424542124542125
182773.411807,2526366.126422,0.594688644688645,0.000366300366300366,0,0.0120879120879121,0.00531135531135531,0.387545787545788
183273.411807,2526366.126422,0.721855518885222,0.000366703337000367,0,0.00586725339200587,0.000916758342500917,0.270993766043271
183773.411807,2526366.126422,0.502197802197802,0.000549450549450549,0,0.0236263736263736,0.00860805860805861,0.465018315018315
184273.411807,2526366.126422,0.333333333333333,0.00714285714285714,0,0.0571428571428571,0.0534798534798535,0.548901098901099
184773.411807,2526366.126422,0.444994499449945,0.00678401173450678,0,0.0777411074440777,0.0478547854785479,0.422625595892923
185273.411807,2526366.126422,0.532051282051282,0.000915750915750916,0,0.112087912087912,0.0446886446886447,0.31025641025641
185773.411807,2526366.126422,0.686286226471467,0.0101583507618763,0,0.0319689273976696,0.0185240513893039,0.253062443979683
173273.411807,2525866.126422,0.0508100147275405,0.021539027982327,0,0.309462444771723,0.190353460972018,0.427835051546392
173773.411807,2525866.126422,0.0144874381074638,0.0506143407298735,0.0355767467449111,0.741426737575646,0.122868145974693,0.0350265908674124
174273.411807,2525866.126422,0.0333516584203775,0.0723840938244457,0.0238226131574125,0.65475536008796,0.173355323437786,0.0423309510720176
174773.411807,2525866.126422,0.0545054138374014,0.224628372178381,0,0.268306111213067,0.139658652963847,0.312901449807304
175273.411807,2525866.126422,0.0623509994498441,0.122684760682193,0.0113698881349716,0.430038510911425,0.121951219512195,0.251604621309371
175773.411807,2525866.126422,0.0287703866593366,0.0668865677111966,0.177936595198827,0.530144768187649,0.15466373465274,0.0415979475902511
176273.411807,2525866.126422,0.0447788585061479,0.0910258763075794,0.00972655533125344,0.542484859607267,0.201137823453845,0.110846026793907
176773.411807,2525866.126422,0.0337428938199156,0.0711534934898221,0.00128369704749679,0.633229415000917,0.164679992664588,0.0959105079772602
177273.411807,2525866.126422,0.0254718709913872,0.122961334066337,0.194795675279458,0.5224482316291,0.0535092541689573,0.0808136338647609
177773.411807,2525866.126422,0.0170673518076711,0.119838502477519,0.196182785832263,0.579555881813177,0.0666177280234905,0.02073775004588
178273.411807,2525866.126422,0.000916926462497708,0.00165046763249587,0.0610673024023473,0.878598936365304,0.0342930496974143,0.0234733174399413
178773.411807,2525866.126422,0.00806303829943192,0.157229246838922,0,0.555066886567711,0.182517866959868,0.0971229613340663
179273.411807,2525866.126422,0.0453294182418792,0.221692053587814,0,0.578454762341714,0.121857221508534,0.0326665443200587
179773.411807,2525866.126422,0.0491472583898771,0.533651201173666,0,0.373189070236567,0.0408949202273978,0.00311754997249221
180273.411807,2525866.126422,0.0696353307678211,0.345794392523364,0.0593732820230896,0.250503939893715,0.106835257467473,0.167857797324537
180773.411807,2525866.126422,0.332905120205542,0.125527619746743,0,0.102771150669848,0.0502844558634612,0.388511653514406
181273.411807,2525866.126422,0.0480469466348799,0.16798092792958,0,0.382358334861544,0.212726939299468,0.188886851274528
181773.411807,2525866.126422,0.22081729888217,0.053142752428074,0,0.276342312625985,0.107934762690123,0.341762873373649
182273.411807,2525866.126422,0.296751697559185,0.00110111947146265,0,0.146632409616443,0.0387227014131033,0.516792071939805
182773.411807,2525866.126422,0.55217311571612,0.000550155877498625,0,0.0342930496974143,0.0119200440124702,0.401063634696497
183273.411807,2525866.126422,0.449880886934213,0.000183250870441635,0,0.0461792193512919,0.0201575957485798,0.483599047095474
183773.411807,2525866.126422,0.300605615709304,0.0277115066984768,0.055606533308864,0.124793540099101,0.0453294182418792,0.445953385942375
184273.411807,2525866.126422,0.364386576196589,0.0982945167797543,0.00385109114249037,0.0753713552173116,0.0487804878048781,0.409315972858977
184773.411807,2525866.126422,0.544621586952538,0.00274876305662452,0,0.0428807036833425,0.0536925050393989,0.356056441268096
185273.411807,2525866.126422,0.248302440814828,0.00935951550743256,0,0.0836850798311617,0.0948797944576987,0.563773169388879
185773.411807,2525866.126422,0.455741626794258,0.00358851674641148,0.0227272727272727,0.090311004784689,0.0313995215311005,0.396232057416268
173273.411807,2525366.126422,0.0833793484262838,0.018774157923799,0,0.39149641082275,0.228971102521627,0.27737898030554
173773.411807,2525366.126422,0.155934690882407,0.0757659145110989,0.000366905155017428,0.359016694184553,0.208952485782425,0.199963309484498
174273.411807,2525366.126422,0.0655677655677656,0.115018315018315,0.00934065934065934,0.334249084249084,0.226190476190476,0.2496336996337
174773.411807,2525366.126422,0.128990825688073,0.0803669724770642,0.00220183486238532,0.52605504587156,0.121100917431193,0.141284403669725
175273.411807,2525366.126422,0.104567969179967,0.24105668684645,0.001284168042561,0.53072830673271,0.0939277196844616,0.0284351495138507
175773.411807,2525366.126422,0.06996336996337,0.125824175824176,0.000732600732600733,0.333516483516483,0.243223443223443,0.226739926739927
176273.411807,2525366.126422,0.0390825688073395,0.0838532110091743,0.00128440366972477,0.28954128440367,0.153394495412844,0.432844036697248
176773.411807,2525366.126422,0.0335718216840947,0.0322876536415337,0.0319207484865162,0.213722252797652,0.0781507980187122,0.610346725371491
177273.411807,2525366.126422,0.0201465201465201,0.0822344322344322,0.0974358974358974,0.68974358974359,0.0703296703296703,0.0401098901098901
177773.411807,2525366.126422,0.00862385321100917,0.0644036697247706,0.12256880733945,0.593761467889908,0.112844036697248,0.0977981651376147
178273.411807,2525366.126422,0.00348559897266557,0.0117409649605577,0.140157769216657,0.804989910108237,0.0337552742616034,0.00587048248027885
178773.411807,2525366.126422,0.0111721611721612,0.0153846153846154,0.0858974358974359,0.688095238095238,0.116483516483516,0.082967032967033
179273.411807,2525366.126422,0.0161467889908257,0.066605504587156,0,0.707522935779817,0.174311926605505,0.0354128440366972
179773.411807,2525366.126422,0.128783709411117,0.0607228031553843,0,0.448174646853788,0.271142909557879,0.0911759310218309
180273.411807,2525366.126422,0.377655677655678,0.0813186813186813,0,0.276007326007326,0.128388278388278,0.136630036630037
180773.411807,2525366.126422,0.234495412844037,0.289724770642202,0,0.167522935779817,0.0546788990825688,0.253577981651376
181273.411807,2525366.126422,0.141625389836727,0.0728306732709595,0,0.48358099431297,0.243258117776555,0.0587048248027885
181773.411807,2525366.126422,0.282051282051282,0.0505494505494506,0,0.242673992673993,0.178205128205128,0.246520146520147
182273.411807,2525366.126422,0.352660550458716,0.00293577981651376,0,0.232110091743119,0.0702752293577982,0.342018348623853
182773.411807,2525366.126422,0.334434048798386,0.00165107319757843,0,0.0997982021647404,0.0465969546872134,0.517519721152082
183273.411807,2525366.126422,0.291575091575092,0.0358974358974359,0.263736263736264,0.0692307692307692,0.0421245421245421,0.297435897435897
183773.411807,2525366.126422,0.401834862385321,0.0438532110091743,0.0856880733944954,0.0293577981651376,0.038348623853211,0.400917431192661
184273.411807,2525366.126422,0.452944413869015,0.152449091909741,0.000366905155017428,0.0409099247844432,0.0183452577508714,0.334984406530912
184773.411807,2525366.126422,0.447435897435897,0.106410256410256,0,0.00512820512820513,0.0131868131868132,0.427838827838828
185273.411807,2525366.126422,0.325504587155963,0.00660550458715596,0,0.0660550458715596,0.0488073394495413,0.55302752293578
185773.411807,2525366.126422,0.394973070017953,0.000299222022740874,0,0.0311190903650509,0.0122681029323758,0.561340514661879
173273.411807,2524866.126422,0.143880926130099,0.0330760749724366,0.000551267916207277,0.246600514516722,0.118890113928703,0.457001102535832
173773.411807,2524866.126422,0.091025641025641,0.01996336996337,0,0.318864468864469,0.185164835164835,0.384981684981685
174273.411807,2524866.126422,0.131829849651632,0.0196186285295196,0.000733406674000733,0.129079574624129,0.0493215988265493,0.669416941694169
174773.411807,2524866.126422,0.0679487179487179,0.0241758241758242,0.000549450549450549,0.57051282051282,0.124358974358974,0.212454212454212
175273.411807,2524866.126422,0.0613553113553114,0.0619047619047619,0,0.543589743589744,0.234249084249084,0.0989010989010989
175773.411807,2524866.126422,0.0324532453245325,0.0562889622295563,0,0.341034103410341,0.317015034836817,0.253208654198753
176273.411807,2524866.126422,0.0531135531135531,0.0756410256410256,0.00128205128205128,0.332051282051282,0.181318681318681,0.356593406593407
176773.411807,2524866.126422,0.0884615384615385,0.158791208791209,0,0.326373626373626,0.154029304029304,0.272344322344322
177273.411807,2524866.126422,0.0331866519985332,0.0737073707370737,0.00825082508250825,0.451778511184452,0.189035570223689,0.244041070773744
177773.411807,2524866.126422,0.013003663003663,0.127655677655678,0.00494505494505494,0.605677655677656,0.175274725274725,0.0734432234432234
178273.411807,2524866.126422,0.00494505494505494,0.103113553113553,0,0.682967032967033,0.178571428571429,0.0304029304029304
178773.411807,2524866.126422,0.00311697836450312,0.048038137147048,0.00476714338100477,0.794096076274294,0.145581224789146,0.0044004400440044
179273.411807,2524866.126422,0.00879120879120879,0.0710622710622711,0.000915750915750916,0.827289377289377,0.0864468864468864,0.00549450549450549
179773.411807,2524866.126422,0.00567765567765568,0.0967032967032967,0,0.716666666666667,0.165934065934066,0.015018315018315
180273.411807,2524866.126422,0.0196186285295196,0.0605060506050605,0,0.554455445544555,0.17986798679868,0.185551888522186
180773.411807,2524866.126422,0.116483516483516,0.224725274725275,0,0.292307692307692,0.166117216117216,0.2003663003663
181273.411807,2524866.126422,0.354761904761905,0.0769230769230769,0,0.217216117216117,0.151831501831502,0.199267399267399
181773.411807,2524866.126422,0.522735606894023,0.0456545654565457,0,0.0205353868720205,0.013017968463513,0.398056472313898
182273.411807,2524866.126422,0.568498168498168,0.131501831501832,0,0.0172161172161172,0.0179487179487179,0.264835164835165
182773.411807,2524866.126422,0.405677655677656,0.0642857142857143,0.145238095238095,0.032051282051282,0.019047619047619,0.333699633699634
183273.411807,2524866.126422,0.31958195819582,0.0104510451045105,0.445911257792446,0.0247524752475248,0.0161349468280161,0.183168316831683
183773.411807,2524866.126422,0.437912087912088,0.000549450549450549,0,0.0148351648351648,0.00457875457875458,0.542124542124542
184273.411807,2524866.126422,0.4,0.0032967032967033,0,0.0250915750915751,0.0179487179487179,0.553663003663004
