"x","y","forest","agri","water","built","other","grass"
237273.411807,2557866.126422,0.942043984476067,0.0442432082794308,0,0,0,0.0137128072445019
237773.411807,2557866.126422,0.873260073260073,0.0695970695970696,0,0,0,0.0571428571428571
238273.411807,2557866.126422,0.354029304029304,0.0573260073260073,0.000366300366300366,0.000183150183150183,0,0.588095238095238
238773.411807,2557866.126422,0.436743674367437,0.00256692335900257,0,0.00055005500550055,0.00348368170150348,0.556655665566557
239273.411807,2557866.126422,0.920695970695971,0,0,0.000366300366300366,0.000183150183150183,0.0787545787545788
239773.411807,2557866.126422,0.649267399267399,0.0551282051282051,0.0347985347985348,0.0749084249084249,0.0106227106227106,0.175274725274725
240273.411807,2557866.126422,0.84011734506784,0.0689402273560689,0.00183351668500183,0.0168683535020169,0.0132013201320132,0.059039237257059
240773.411807,2557866.126422,0.665384615384615,0.115934065934066,0.015018315018315,0.0688644688644689,0.0179487179487179,0.116849816849817
241273.411807,2557866.126422,0.928754578754579,0.0446886446886447,0,0,0.000366300366300366,0.0261904761904762
241773.411807,2557866.126422,0.991199119911991,0,0,0,0,0.0088008800880088
242273.411807,2557866.126422,0.851465201465201,0.032051282051282,0.0122710622710623,0.0512820512820513,0.0122710622710623,0.0406593406593407
242773.411807,2557866.126422,0.806593406593407,0.0269230769230769,0.0697802197802198,0.0395604395604396,0.00989010989010989,0.0472527472527473
243273.411807,2557866.126422,0.893105977264393,0.00843417675100843,0.00238357169050238,0.0297029702970297,0.0133846718005134,0.052988632196553
243773.411807,2557866.126422,0.943956043956044,0.0153846153846154,0,0.00201465201465201,0.000549450549450549,0.0380952380952381
244273.411807,2557866.126422,0.988461538461539,0,0,0,0,0.0115384615384615
244773.411807,2557866.126422,0.95049504950495,0,0,0,0,0.0495049504950495
245273.411807,2557866.126422,0.948534798534798,0.00146520146520147,0,0.000183150183150183,0.00146520146520147,0.0483516483516484
245773.411807,2557866.126422,0.873809523809524,0.0203296703296703,0,0.0152014652014652,0.00494505494505494,0.0857142857142857
246273.411807,2557866.126422,0.985515218188486,0.00806747341400807,0,0,0,0.00641730839750642
246773.411807,2557866.126422,0.995970695970696,0,0,0,0,0.00402930402930403
247273.411807,2557866.126422,0.998168498168498,0.000183150183150183,0,0,0.000183150183150183,0.00146520146520147
247773.411807,2557866.126422,0.998349834983498,0,0,0,0,0.00165016501650165
248273.411807,2557866.126422,0.987912087912088,0.00695970695970696,0,0,0,0.00512820512820513
248773.411807,2557866.126422,0.992490842490843,0.00750915750915751,0,0,0,0
249273.411807,2557866.126422,0.977264393105977,0.0227356068940227,0,0,0,0
249773.411807,2557866.126422,0.996480177843646,0.00351982215635421,0,0,0,0
237273.411807,2557366.126422,0.959616878074036,0.00595392182241781,0,0.00310639399430494,0.00440072482526534,0.0269220812839762
237773.411807,2557366.126422,0.720499174160396,0.0181684712791338,0.00972655533125344,0.0693705267021472,0.0401908607083869,0.142044411818682
238273.411807,2557366.126422,0.473867595818815,0.00825233816247937,0.00146708233999633,0.000733541169998166,0.00201723821749496,0.513662204291216
238773.411807,2557366.126422,0.659886384460326,0.0450797141286421,0,0,0,0.295033901411032
239273.411807,2557366.126422,0.912461002018719,0.0170673518076711,0,0,0,0.0704716461736098
239773.411807,2557366.126422,0.879699248120301,0.0515312671923712,0,0.0053181734824867,0.00256739409499358,0.0608839171098478
240273.411807,2557366.126422,0.92266813267363,0.0573575224482316,0,0,0,0.0199743448781382
240773.411807,2557366.126422,0.965314736648926,0.00458799779776106,0,0,0,0.0300972655533125
241273.411807,2557366.126422,0.996699064735008,0,0,0,0,0.00330093526499175
241773.411807,2557366.126422,0.995418728238959,0,0,0,0,0.00458127176104087
242273.411807,2557366.126422,0.989172325197284,0.00862543585979079,0,0,0,0.00220223894292531
242773.411807,2557366.126422,0.766917293233083,0.0750045846323125,0.0454795525398863,0.0579497524298551,0.0141206675224647,0.0405281496423987
243273.411807,2557366.126422,0.844053509254169,0.0426974528129009,0.0362836723474437,0.0333516584203775,0.00586402785413231,0.0377496793109767
243773.411807,2557366.126422,0.864562305010094,0.0326665443200587,0.0367039823820885,0.0242246283721784,0.00715727656450725,0.0346852633510736
244273.411807,2557366.126422,0.934531450577664,0.00128369704749679,0,0.000916926462497708,0.00311754997249221,0.0601503759398496
244773.411807,2557366.126422,0.954553784130475,0,0,0,0,0.0454462158695254
245273.411807,2557366.126422,0.918333639199853,0.00403743806202973,0,0.000367039823820885,0.00642319691686548,0.0708386859974307
245773.411807,2557366.126422,0.864845039427838,0.0445626260773886,0.000366770584999083,0.0146708233999633,0.0117366587199707,0.0638180817898405
246273.411807,2557366.126422,0.86659336631849,0.0606560381161811,0,0,0.00201575957485798,0.070734835990471
246773.411807,2557366.126422,0.972655533125344,0.000550559735731327,0,0,0,0.0267939071389246
247273.411807,2557366.126422,0.998349532367504,0,0,0,0,0.00165046763249587
247773.411807,2557366.126422,1,0,0,0,0,0
248273.411807,2557366.126422,0.994494402642687,0,0,0,0,0.00550559735731327
248773.411807,2557366.126422,0.997799376490005,0,0,0,0,0.0022006235099945
249273.411807,2557366.126422,0.958218801539307,0.0417811984606927,0,0,0,0
249773.411807,2557366.126422,0.983113750231954,0.00612358508071999,0,0,0,0.010762664687326
237273.411807,2556866.126422,0.811901681759379,0.0654592496765847,0,0.00129366106080207,0.0103492884864166,0.110996119016818
237773.411807,2556866.126422,0.858532110091743,0.00899082568807339,0.00275229357798165,0.0207339449541284,0.0192660550458716,0.0897247706422018
238273.411807,2556866.126422,0.560264171711613,0.00605393505778756,0,0.001284168042561,0.00862227114290956,0.423775454045129
238773.411807,2556866.126422,0.835897435897436,0.0344322344322344,0,0,0,0.12967032967033
239273.411807,2556866.126422,0.767889908256881,0.0374311926605505,0,0.000917431192660551,0.00385321100917431,0.189908256880734
239773.411807,2556866.126422,0.878370941111723,0.085305448541552,0,0,0,0.0363236103467254
240273.411807,2556866.126422,0.899267399267399,0.0661172161172161,0,0.000366300366300366,0.000549450549450549,0.0336996336996337
240773.411807,2556866.126422,0.976697247706422,0.00403669724770642,0,0,0,0.0192660550458716
241273.411807,2556866.126422,0.966428178315905,0,0,0,0,0.0335718216840947
241773.411807,2556866.126422,0.952930402930403,0.000183150183150183,0,0.00238095238095238,0.00201465201465201,0.0424908424908425
242273.411807,2556866.126422,0.834128440366972,0.0697247706422018,0.00018348623853211,0.00055045871559633,0.0036697247706422,0.0917431192660551
242773.411807,2556866.126422,0.983856173179233,0.000366905155017428,0,0,0,0.0157769216657494
243273.411807,2556866.126422,0.825824175824176,0.0391941391941392,0,0.0197802197802198,0.0142857142857143,0.100915750915751
243773.411807,2556866.126422,0.69302752293578,0.0460550458715596,0.0420183486238532,0.0508256880733945,0.0315596330275229,0.13651376146789
244273.411807,2556866.126422,0.590350394423042,0.0421940928270042,0.116675839295542,0.115208218675472,0.0317372959090075,0.103834158869932
244773.411807,2556866.126422,0.591391941391941,0.0419413919413919,0.0236263736263736,0.169413919413919,0.0675824175824176,0.106043956043956
245273.411807,2556866.126422,0.855045871559633,0.000917431192660551,0,0,0,0.144036697247706
245773.411807,2556866.126422,0.915428361768483,0.0132085855806274,0,0.00293524124013942,0.00623738763529628,0.062190423775454
246273.411807,2556866.126422,0.953846153846154,0.00494505494505494,0,0.010989010989011,0.00641025641025641,0.0238095238095238
246773.411807,2556866.126422,0.944954128440367,0.000917431192660551,0,0.00623853211009174,0.00513761467889908,0.0427522935779817
247273.411807,2556866.126422,0.975417354613832,0,0,0,0,0.0245826453861677
247773.411807,2556866.126422,1,0,0,0,0,0
248273.411807,2556866.126422,0.960550458715596,0.00018348623853211,0,0.00018348623853211,0.00238532110091743,0.036697247706422
248773.411807,2556866.126422,0.989359750504495,0.010273344340488,0,0,0,0.000366905155017428
249273.411807,2556866.126422,0.987728937728938,0.0115384615384615,0,0,0,0.000732600732600733
249773.411807,2556866.126422,0.960853432282004,0.013543599257885,0,0,0,0.0256029684601113
237273.411807,2556366.126422,0.907373868046572,0.0424320827943079,0.00103492884864166,0.00129366106080207,0.0018111254851229,0.0460543337645537
237773.411807,2556366.126422,0.464652014652015,0.193772893772894,0.225641025641026,0.0371794871794872,0.0148351648351648,0.0639194139194139
238273.411807,2556366.126422,0.284432234432234,0.173260073260073,0.300549450549451,0.0298534798534799,0.0736263736263736,0.138278388278388
238773.411807,2556366.126422,0.469196919691969,0.00513384671800513,0.0121012101210121,0.00916758342500917,0.015034836817015,0.489365603226989
239273.411807,2556366.126422,0.666300366300366,0.000549450549450549,0,0,0.000915750915750916,0.332234432234432
239773.411807,2556366.126422,0.928021978021978,0.00366300366300366,0,0.0010989010989011,0.00347985347985348,0.0637362637362637
240273.411807,2556366.126422,0.706453978731206,0.0889255592225889,0.0011001100110011,0.0817748441510818,0.0388705537220389,0.0828749541620829
240773.411807,2556366.126422,0.856593406593407,0.0622710622710623,0,0.00347985347985348,0.01996336996337,0.0576923076923077
241273.411807,2556366.126422,0.971794871794872,0.00860805860805861,0,0,0.00128205128205128,0.0183150183150183
241773.411807,2556366.126422,0.940777411074441,0.0416208287495416,0,0.000916758342500917,0.000916758342500917,0.0157682434910158
242273.411807,2556366.126422,0.822527472527472,0.0571428571428571,0.0021978021978022,0.0139194139194139,0.00567765567765568,0.0985347985347985
242773.411807,2556366.126422,0.927472527472528,0,0,0,0,0.0725274725274725
243273.411807,2556366.126422,0.89017235056839,0.00403373670700403,0,0.00275027502750275,0.0100843417675101,0.092959295929593
243773.411807,2556366.126422,0.893040293040293,0.039010989010989,0,0.00366300366300366,0.00586080586080586,0.0584249084249084
244273.411807,2556366.126422,0.943772893772894,0.0388278388278388,0,0.000366300366300366,0,0.017032967032967
244773.411807,2556366.126422,0.934176751008434,0.0077007700770077,0,0,0,0.0581224789145581
245273.411807,2556366.126422,0.83003663003663,0.0611721611721612,0.0331501831501832,0.0186813186813187,0.00604395604395604,0.0509157509157509
245773.411807,2556366.126422,0.864285714285714,0.0648351648351648,0.00732600732600733,0.0139194139194139,0.00824175824175824,0.0413919413919414
246273.411807,2556366.126422,0.955995599559956,0.0333700036670334,0,0.00201686835350202,0.000916758342500917,0.0077007700770077
246773.411807,2556366.126422,0.933150183150183,0.0234432234432234,0,0.00384615384615385,0.00915750915750916,0.0304029304029304
247273.411807,2556366.126422,0.951831501831502,0.000366300366300366,0,0,0,0.0478021978021978
247773.411807,2556366.126422,0.982948294829483,0.00366703337000367,0,0.000916758342500917,0.00238357169050238,0.0100843417675101
248273.411807,2556366.126422,0.711538461538462,0.0879120879120879,0,0.0340659340659341,0.032967032967033,0.133516483516484
248773.411807,2556366.126422,0.80989010989011,0.0509157509157509,0.0043956043956044,0.00384615384615385,0.00567765567765568,0.125274725274725
249273.411807,2556366.126422,0.951961862852952,0.048038137147048,0,0,0,0
249773.411807,2556366.126422,0.994071878473509,0.00240829937013709,0,0,0,0.00351982215635421
237273.411807,2555866.126422,0.682371214082319,0.0339114677711623,0.0569505565622573,0.0999223401501424,0.0665286047113642,0.0603158167227543
237773.411807,2555866.126422,0.53092310515691,0.0378051018535511,0.182969352174711,0.0636814094329235,0.0974490732244448,0.0871719581574601
238273.411807,2555866.126422,0.0812396845772969,0.0249403997799376,0.391344214194022,0.197872730607005,0.216394645149459,0.0882083256922795
238773.411807,2555866.126422,0.370166758292102,0,0,0,0,0.629833241707898
239273.411807,2555866.126422,0.582675720315654,0.000734079647641769,0,0,0.000734079647641769,0.415856120389062
239773.411807,2555866.126422,0.966623876765083,0.000733541169998166,0,0.000183385292499542,0,0.0324591967724189
240273.411807,2555866.126422,0.678394722374931,0.0525929998167491,0.0448964632582005,0.0982224665567161,0.0251053692505039,0.100787978742899
240773.411807,2555866.126422,0.753165718480455,0.0321159845843274,0.0280785465222977,0.0436777390346853,0.0227564690768948,0.12020554230134
241273.411807,2555866.126422,0.993948285347515,0,0,0,0,0.00605171465248487
241773.411807,2555866.126422,0.8543155579989,0.059190031152648,0,0.0229063588052043,0.00384826827927433,0.0597397837639729
242273.411807,2555866.126422,0.917416039640301,0.00972655533125344,0.0012846393833731,0.0179849513672233,0.0034868783262984,0.0501009359515507
242773.411807,2555866.126422,0.979460847240051,0,0,0,0.00146708233999633,0.0190720704199523
243273.411807,2555866.126422,0.940809968847352,0,0,0,0,0.059190031152648
243773.411807,2555866.126422,0.923655716645256,0.00275279867865663,0,0.00256927876674619,0.00734079647641769,0.0636814094329235
244273.411807,2555866.126422,0.91582615074271,0.00843572345497891,0.00330093526499175,0.0148542086924629,0.00953603520997616,0.0480469466348799
244773.411807,2555866.126422,0.866410115448048,0.0214403518416712,0.00238226131574125,0.0395821880153931,0.00787978742899029,0.0623052959501558
245273.411807,2555866.126422,0.845109194347587,0.0480822169205359,0.00165167920719398,0.0110111947146265,0.0106441548908057,0.0835015599192512
245773.411807,2555866.126422,0.916376306620209,0.00293416467999266,0,0,0,0.0806895286997983
246273.411807,2555866.126422,0.829210188748397,0.0373831775700935,0.000916254352208173,0.0186915887850467,0.0218068535825545,0.0919919369617006
246773.411807,2555866.126422,0.951367223343733,0.00146815929528354,0,0.000183519911910442,0.00917599559552211,0.0378051018535511
247273.411807,2555866.126422,0.974326059050064,0.000366770584999083,0,0,0.00183385292499542,0.0234733174399413
247773.411807,2555866.126422,0.995601979109401,0,0,0,0,0.00439802089059923
248273.411807,2555866.126422,0.953018902550927,0.000917599559552211,0,0,0,0.046063497889521
248773.411807,2555866.126422,0.649000550155878,0.148908857509628,0.0636346964973409,0.057582981844856,0.0154043645699615,0.0654685494223363
249273.411807,2555866.126422,0.991753710830126,0.00311526479750779,0,0,0,0.00513102437236577
249773.411807,2555866.126422,0.990721840786788,0,0,0,0,0.0092781592132121
237273.411807,2555366.126422,0.841914618369987,0.0372574385510996,0.0212160413971539,0.0142302716688228,0.0377749029754204,0.0476067270375162
237773.411807,2555366.126422,0.683302752293578,0.0537614678899083,0.0952293577981651,0.0640366972477064,0.056697247706422,0.0469724770642202
238273.411807,2555366.126422,0.417171161254816,0.0873234268941479,0.0506329113924051,0.104384516602458,0.104384516602458,0.236103467253715
238773.411807,2555366.126422,0.428388278388278,0.00622710622710623,0.00549450549450549,0.0282051282051282,0.0166666666666667,0.515018315018315
239273.411807,2555366.126422,0.806788990825688,0.00110091743119266,0,0.00036697247706422,0,0.191743119266055
239773.411807,2555366.126422,0.903320491652908,0.00513667217024399,0,0.0110071546505228,0.0117409649605577,0.0687947165657677
240273.411807,2555366.126422,0.768864468864469,0.0247252747252747,0.00952380952380952,0.089010989010989,0.0347985347985348,0.0730769230769231
240773.411807,2555366.126422,0.787155963302752,0.0374311926605505,0.0104587155963303,0.063302752293578,0.0332110091743119,0.0684403669724771
241273.411807,2555366.126422,0.73032471106219,0.0284351495138507,0.0482480278847918,0.0832874701889562,0.0513667217024399,0.0583379196477711
241773.411807,2555366.126422,0.787728937728938,0.032967032967033,0.0221611721611722,0.0256410256410256,0.0282051282051282,0.103296703296703
242273.411807,2555366.126422,0.953211009174312,0.00146788990825688,0,0,0,0.0453211009174312
242773.411807,2555366.126422,0.936341955604476,0.000366905155017428,0,0.00293524124013942,0.00862227114290956,0.0517336268574573
243273.411807,2555366.126422,0.971062271062271,0.000366300366300366,0,0.00201465201465201,0.00421245421245421,0.0223443223443223
243773.411807,2555366.126422,0.951192660550459,0,0,0,0,0.0488073394495413
244273.411807,2555366.126422,0.923867180333884,0.0117409649605577,0.00091726288754357,0.00862227114290956,0.01284168042561,0.0420106402494955
244773.411807,2555366.126422,0.844871794871795,0.045970695970696,0.0161172161172161,0.0157509157509158,0.00146520146520147,0.0758241758241758
245273.411807,2555366.126422,0.918715596330275,0.0559633027522936,0.00201834862385321,0.00385321100917431,0.00128440366972477,0.0181651376146789
245773.411807,2555366.126422,0.975600807191341,0.0183452577508714,0,0,0,0.00605393505778756
246273.411807,2555366.126422,0.837362637362637,0.0373626373626374,0,0.0195970695970696,0.0175824175824176,0.0880952380952381
246773.411807,2555366.126422,0.802018348623853,0.0708256880733945,0.00770642201834862,0.0185321100917431,0.00660550458715596,0.0943119266055046
247273.411807,2555366.126422,0.702806824435883,0.0482480278847918,0.0293524124013942,0.0550357732526142,0.0165107319757843,0.148046230049532
247773.411807,2555366.126422,0.910989010989011,0.0010989010989011,0.00622710622710623,0.00714285714285714,0.00366300366300366,0.0708791208791209
248273.411807,2555366.126422,0.492110091743119,0.110091743119266,0.0398165137614679,0.0504587155963303,0.0262385321100917,0.281284403669725
248773.411807,2555366.126422,0.729774353329664,0.0541185103650706,0.0453127866446524,0.0642084021280499,0.0332049165290772,0.0733810310034856
249273.411807,2555366.126422,0.832234432234432,0.0470695970695971,0.0188644688644689,0.015018315018315,0.00366300366300366,0.0831501831501831
249773.411807,2555366.126422,0.847309833024119,0.0866419294990724,0.00463821892393321,0.00204081632653061,0.00890538033395176,0.0504638218923933
237273.411807,2554866.126422,0.805433376455369,0.134282018111255,0.0357050452781371,0.00543337645536869,0.00103492884864166,0.018111254851229
237773.411807,2554866.126422,0.816849816849817,0.143772893772894,0.00860805860805861,0.000732600732600733,0.000366300366300366,0.0296703296703297
238273.411807,2554866.126422,0.541941391941392,0.192124542124542,0.0238095238095238,0.00714285714285714,0.00732600732600733,0.227655677655678
238773.411807,2554866.126422,0.586541987532087,0.000733406674000733,0,0,0,0.412724605793913
239273.411807,2554866.126422,0.716483516483516,0.00659340659340659,0,0,0.000183150183150183,0.276739926739927
239773.411807,2554866.126422,0.8496336996337,0.0250915750915751,0,0.013003663003663,0.023992673992674,0.0882783882783883
240273.411807,2554866.126422,0.758159149248258,0.0287862119545288,0.0011001100110011,0.0579391272460579,0.044004400440044,0.11001100110011
240773.411807,2554866.126422,0.763919413919414,0.0492673992673993,0.0195970695970696,0.0677655677655678,0.0335164835164835,0.0659340659340659
241273.411807,2554866.126422,0.974358974358974,0,0,0,0,0.0256410256410256
241773.411807,2554866.126422,0.826182618261826,0.0210854418775211,0.0264026402640264,0.0443711037770444,0.0214521452145215,0.0605060506050605
242273.411807,2554866.126422,0.812637362637363,0.0205128205128205,0.0351648351648352,0.0556776556776557,0.0285714285714286,0.0474358974358974
242773.411807,2554866.126422,0.952930402930403,0.00293040293040293,0,0.00457875457875458,0.0115384615384615,0.028021978021978
243273.411807,2554866.126422,0.906674000733407,0.0033003300330033,0,0.0055005500550055,0.0126512651265127,0.0718738540520719
243773.411807,2554866.126422,0.831501831501832,0.0252747252747253,0.0558608058608059,0.0441391941391941,0.0122710622710623,0.030952380952381
244273.411807,2554866.126422,0.795054945054945,0.0752747252747253,0.0324175824175824,0.0575091575091575,0.0104395604395604,0.0293040293040293
244773.411807,2554866.126422,0.931976530986432,0.0524385771910524,0.00348368170150348,0.00495049504950495,0,0.00715071507150715
245273.411807,2554866.126422,0.973076923076923,0.0106227106227106,0,0,0,0.0163003663003663
245773.411807,2554866.126422,0.956959706959707,0.00714285714285714,0,0.000549450549450549,0.00402930402930403,0.0313186813186813
246273.411807,2554866.126422,0.798313164649798,0.0170517051705171,0.0286028602860286,0.0551888522185552,0.00806747341400807,0.0927759442610928
246773.411807,2554866.126422,0.855128205128205,0.0333333333333333,0.0032967032967033,0.0124542124542125,0.00421245421245421,0.0915750915750916
247273.411807,2554866.126422,0.981135531135531,0.000366300366300366,0,0,0,0.0184981684981685
247773.411807,2554866.126422,0.683718371837184,0.0474880821415475,0.0612394572790612,0.0991932526585992,0.0218188485515218,0.0865419875320865
248273.411807,2554866.126422,0.669413919413919,0.137179487179487,0.0413919413919414,0.0765567765567766,0.00421245421245421,0.0712454212454212
248773.411807,2554866.126422,0.964102564102564,0.0194139194139194,0,0,0,0.0164835164835165
249273.411807,2554866.126422,0.711587825449212,0.0630729739640631,0.0144847818115145,0.147598093142648,0.0177851118445178,0.0454712137880455
249773.411807,2554866.126422,0.872360133382734,0.088180807706558,0.000185253797702853,0.000185253797702853,0.00259355316783994,0.036494998147462
237273.411807,2554366.126422,0.386487186124774,0.327724566399172,0.204504271291742,0.0113901113124515,0.00336526016049702,0.0665286047113642
237773.411807,2554366.126422,0.715911176362635,0.170857037988622,0.0640484492567444,0.0187190310148651,0.00311983850247752,0.0273444668746559
238273.411807,2554366.126422,0.590867412433523,0.127452778287181,0.0152209792774619,0.0227397762699432,0.0337428938199156,0.209976159911975
238773.411807,2554366.126422,0.694887300714678,0.000366501740883269,0,0,0,0.304746197544438
239273.411807,2554366.126422,0.866764543953019,0.00183519911910442,0,0.00275279867865663,0.00275279867865663,0.125894659570563
239773.411807,2554366.126422,0.883000183385293,0.00275077938749312,0,0.000916926462497708,0,0.113332110764717
240273.411807,2554366.126422,0.956386292834891,0.00238226131574125,0,0.00109950522264981,0.00403151914971596,0.036100421477002
240773.411807,2554366.126422,0.987153606166269,0.00275279867865663,0,0,0.000917599559552211,0.00917599559552211
241273.411807,2554366.126422,0.943150559325142,0.000733541169998166,0,0,0.000550155877498625,0.0555657436273611
241773.411807,2554366.126422,0.952721275426058,0.000183250870441635,0,0,0.000366501740883269,0.0467289719626168
242273.411807,2554366.126422,0.839970636814094,0.0240411084602679,0.0183519911910442,0.0456964580657001,0.0231235089007157,0.0488162965681776
242773.411807,2554366.126422,0.891252521547772,0.0284247203374289,0.0260407115349349,0.0341096644049147,0.00550155877498625,0.0146708233999633
243273.411807,2554366.126422,0.743815283122595,0.155030236393623,0.0335349092908191,0.030602895363753,0.00128275609309144,0.0357339197361187
243773.411807,2554366.126422,0.946412185722151,0.0467975775371628,0,0,0,0.00679023674068636
244273.411807,2554366.126422,0.970841738492573,0.0124701998899688,0,0,0,0.0166880616174583
244773.411807,2554366.126422,0.979659153380979,0.000366501740883269,0,0,0,0.0199743448781382
245273.411807,2554366.126422,0.992659203523582,0.000367039823820885,0,0,0,0.00697375665259681
245773.411807,2554366.126422,0.921144324225197,0.0100861910874748,0.000183385292499542,0.000550155877498625,0.00311754997249221,0.0649183935448377
246273.411807,2554366.126422,0.862195345427891,0.0359171706065604,0.00256551218618288,0.0284038849184534,0.0227231079347627,0.0481949789261499
246773.411807,2554366.126422,0.860524866948064,0.0574417324279684,0.00165167920719398,0.00146815929528354,0.00238575885483575,0.0765278032666544
247273.411807,2554366.126422,0.968641114982578,0.00165046763249587,0,0,0,0.0297084173849257
247773.411807,2554366.126422,0.282939343961884,0.139270661535642,0.152831225948323,0.231629100238226,0.0333516584203775,0.159978009895547
248273.411807,2554366.126422,0.640484492567444,0.168287759221876,0.00568911726922371,0.125344099834832,0.0172508717195816,0.0429436593870435
248773.411807,2554366.126422,0.977076838437557,0.00770218228498074,0,0,0,0.0152209792774619
249273.411807,2554366.126422,0.978926149899212,0.00604727872457394,0,0,0,0.015026571376214
249773.411807,2554366.126422,0.941362033772499,0.0372982000371126,0,0,0,0.0213397661903878
237273.411807,2553866.126422,0.872703751617076,0.0644243208279431,0.000517464424320828,0,0,0.0623544631306598
237773.411807,2553866.126422,0.845137614678899,0.101467889908257,0.00788990825688073,0,0.00128440366972477,0.0442201834862385
238273.411807,2553866.126422,0.480829205650339,0.00550357732526142,0.000183452577508714,0.000366905155017428,0.002568336085122,0.510548523206751
238773.411807,2553866.126422,0.837912087912088,0.00512820512820513,0,0,0.00146520146520147,0.155494505494505
239273.411807,2553866.126422,0.811926605504587,0.0365137614678899,0,0.00403669724770642,0.0036697247706422,0.143853211009174
239773.411807,2553866.126422,0.889194643184737,0.0251330031186938,0.001284168042561,0.0152265639332233,0.00898917629792699,0.0601724454228582
240273.411807,2553866.126422,0.861538461538462,0.0258241758241758,0.000366300366300366,0.0234432234432234,0.00824175824175824,0.0805860805860806
240773.411807,2553866.126422,0.922935779816514,0.00862385321100917,0,0,0.00055045871559633,0.0678899082568807
241273.411807,2553866.126422,0.818932305998899,0.0346725371491469,0,0.0185287103283801,0.0300862227114291,0.0977802238121446
241773.411807,2553866.126422,0.858608058608059,0.0304029304029304,0.00256410256410256,0.030952380952381,0.0230769230769231,0.0543956043956044
242273.411807,2553866.126422,0.911559633027523,0.0337614678899083,0.00055045871559633,0.00275229357798165,0.00587155963302752,0.0455045871559633
242773.411807,2553866.126422,0.780590717299578,0.0500825536598789,0.0594386351128233,0.0689781691432765,0.019262520638415,0.0216474041460283
243273.411807,2553866.126422,0.88956043956044,0.0902930402930403,0.00366300366300366,0.00256410256410256,0.000549450549450549,0.0133699633699634
243773.411807,2553866.126422,0.913577981651376,0.0445871559633028,0.00440366972477064,0.0146788990825688,0.00458715596330275,0.0181651376146789
244273.411807,2553866.126422,0.981838194826637,0,0,0,0,0.0181618051733627
244773.411807,2553866.126422,0.877106227106227,0.0238095238095238,0,0.0115384615384615,0.00641025641025641,0.0811355311355311
245273.411807,2553866.126422,0.902018348623853,0.0201834862385321,0.00146788990825688,0.00458715596330275,0.00660550458715596,0.0651376146788991
245773.411807,2553866.126422,0.957805907172996,0.0165107319757843,0,0,0.000733810310034856,0.0249495505411851
246273.411807,2553866.126422,0.878754578754579,0.052014652014652,0.00164835164835165,0.019047619047619,0.0043956043956044,0.0441391941391941
246773.411807,2553866.126422,0.974495412844037,0.0154128440366972,0,0,0,0.0100917431192661
247273.411807,2553866.126422,0.975233902036324,0.011557512383049,0,0,0,0.0132085855806274
247773.411807,2553866.126422,0.986446886446886,0.000915750915750916,0,0,0,0.0126373626373626
248273.411807,2553866.126422,0.908990825688073,0.0376146788990826,0,0,0,0.053394495412844
248773.411807,2553866.126422,0.915061456613465,0.0229315721885892,0,0,0.000733810310034856,0.0612731608879105
249273.411807,2553866.126422,0.96996336996337,0.017032967032967,0.00164835164835165,0.0010989010989011,0.00366300366300366,0.00659340659340659
249773.411807,2553866.126422,0.980333951762523,0.00946196660482375,0,0,0,0.0102040816326531
237273.411807,2553366.126422,0.828978007761966,0.116688227684347,0.025614489003881,0.000258732212160414,0.00103492884864166,0.0274256144890039
237773.411807,2553366.126422,0.618315018315018,0.0465201465201465,0,0,0,0.335164835164835
238273.411807,2553366.126422,0.51959706959707,0.00366300366300366,0,0.00164835164835165,0.00586080586080586,0.469230769230769
238773.411807,2553366.126422,0.817198386505317,0.0225522552255226,0.000366703337000367,0.00678401173450678,0.0088008800880088,0.144297763109644
239273.411807,2553366.126422,0.841758241758242,0.0318681318681319,0,0.00897435897435897,0.0100732600732601,0.107326007326007
239773.411807,2553366.126422,0.862271062271062,0.0188644688644689,0,0.000183150183150183,0.00183150183150183,0.116849816849817
240273.411807,2553366.126422,0.830583058305831,0.00916758342500917,0,0.0183351668500183,0.00311697836450312,0.138797213054639
240773.411807,2553366.126422,0.660805860805861,0.0333333333333333,0.0153846153846154,0.104578754578755,0.0749084249084249,0.110989010989011
241273.411807,2553366.126422,0.973809523809524,0,0,0.000183150183150183,0,0.026007326007326
241773.411807,2553366.126422,0.940960762742941,0.0243857719105244,0.00128346167950128,0.0044004400440044,0.00183351668500183,0.0271360469380271
242273.411807,2553366.126422,0.976190476190476,0.000183150183150183,0,0,0,0.0236263736263736
242773.411807,2553366.126422,0.616300366300366,0.0796703296703297,0.132051282051282,0.13021978021978,0.0205128205128205,0.0212454212454212
243273.411807,2553366.126422,0.962412907957462,0.00256692335900257,0,0.000366703337000367,0.000916758342500917,0.0337367070040337
243773.411807,2553366.126422,0.931868131868132,0.0206959706959707,0,0.000915750915750916,0.0032967032967033,0.0432234432234432
244273.411807,2553366.126422,0.955677655677656,0.0261904761904762,0,0,0.000183150183150183,0.0179487179487179
244773.411807,2553366.126422,0.953795379537954,0.0133846718005134,0,0.000183351668500183,0.00165016501650165,0.030986431976531
245273.411807,2553366.126422,0.948717948717949,0.0195970695970696,0,0,0.000366300366300366,0.0313186813186813
245773.411807,2553366.126422,0.867216117216117,0.0576923076923077,0.00164835164835165,0.00897435897435897,0.0141025641025641,0.0503663003663004
246273.411807,2553366.126422,0.985148514851485,0.0033003300330033,0,0,0,0.0115511551155116
246773.411807,2553366.126422,0.993040293040293,0.00604395604395604,0,0,0,0.000915750915750916
247273.411807,2553366.126422,0.992124542124542,0.00641025641025641,0,0,0,0.00146520146520147
247773.411807,2553366.126422,0.992849284928493,0.00715071507150715,0,0,0,0
248273.411807,2553366.126422,0.945054945054945,0.0501831501831502,0,0,0,0.00476190476190476
248773.411807,2553366.126422,0.91996336996337,0.0598901098901099,0,0,0,0.0201465201465201
249273.411807,2553366.126422,0.883021635496883,0.0451045104510451,0.011001100110011,0.0221855518885222,0.0099009900990099,0.0287862119545288
249773.411807,2553366.126422,0.991663579103372,0,0,0,0,0.00833642089662838
237273.411807,2552866.126422,0.340667874708776,0.294330830960393,0.0484079730779187,0.0377944602640435,0.0352057986021227,0.243593062386746
237773.411807,2552866.126422,0.596256193797027,0.0110111947146265,0,0.00532207744540283,0.0106441548908057,0.376766379152138
238273.411807,2552866.126422,0.830001833852925,0.0141206675224647,0,0.00476801760498808,0.00421786172748946,0.146891619292133
238773.411807,2552866.126422,0.848451530144768,0.0414146967198094,0.00201575957485798,0.00824628916987356,0.00109950522264981,0.098772219168041
239273.411807,2552866.126422,0.855386309414571,0.0047715177096715,0.000734079647641769,0.00458799779776106,0.00238575885483575,0.132134336575518
239773.411807,2552866.126422,0.587749862461031,0.0517146524848707,0.0658353200073354,0.0715202640748212,0.0339262791124152,0.189253621859527
240273.411807,2552866.126422,0.869342129375115,0.00458127176104087,0,0.0520432472054242,0.0218068535825545,0.0522264980758659
240773.411807,2552866.126422,0.554964213617178,0.0442282987704166,0.00275279867865663,0.151036887502294,0.111029546705818,0.135988254725638
241273.411807,2552866.126422,0.693196405648267,0.0366770584999083,0.0328259673574179,0.101962222629745,0.0500641848523748,0.0852741610122868
241773.411807,2552866.126422,0.910940076965366,0.0106285504856148,0.00678028220634048,0.0276708814366868,0.009529045262965,0.0344511636430273
242273.411807,2552866.126422,0.860157827124243,0.0548724536612222,0.0260598274912828,0.0240411084602679,0.0034868783262984,0.0313819049366856
242773.411807,2552866.126422,0.924445259490189,0.06400146708234,0.00348432055749129,0.00128369704749679,0.000183385292499542,0.0066018705299835
243273.411807,2552866.126422,0.969397104636247,0.00384826827927433,0,0,0.000916254352208173,0.0258383727322705
243773.411807,2552866.126422,0.970269774270508,0.00697375665259681,0,0,0,0.0227564690768948
244273.411807,2552866.126422,0.943150559325142,0.0157711351549606,0,0,0,0.0410783055198973
244773.411807,2552866.126422,0.977276892065237,0.00714678394722375,0,0,0,0.0155763239875389
245273.411807,2552866.126422,0.956138741053404,0.00165167920719398,0,0,0.000550559735731327,0.0416590200036704
245773.411807,2552866.126422,0.900238400880249,0.0335595085274161,0,0,0.000733541169998166,0.0654685494223363
246273.411807,2552866.126422,0.960601062855049,0.0089792926516401,0,0,0,0.0304196444933113
246773.411807,2552866.126422,0.996146081849881,0,0,0,0,0.00385391815011929
247273.411807,2552866.126422,0.99614890885751,0,0,0,0,0.00385109114249037
247773.411807,2552866.126422,0.986072933846436,0.00164925783397471,0,0,0,0.0122778083195895
248273.411807,2552866.126422,0.962378418058359,0.0176179115434025,0,0,0,0.0200036703982382
248773.411807,2552866.126422,0.955804144507611,0.0326425820649184,0,0,0,0.0115532734274711
249273.411807,2552866.126422,0.989554700384827,0,0,0,0,0.0104452996151732
249773.411807,2552866.126422,0.976062349229913,0.00463907960660605,0,0,0,0.0192985711634812
237273.411807,2552366.126422,0.661836998706339,0.0571798188874515,0.00155239327296248,0.000517464424320828,0.007503234152652,0.271410090556274
237773.411807,2552366.126422,0.780733944954128,0.0163302752293578,0,0.0018348623853211,0.00495412844036697,0.196146788990826
238273.411807,2552366.126422,0.710878737846267,0.00880572372041827,0,0.00495321959273528,0.0144927536231884,0.260869565217391
238773.411807,2552366.126422,0.873992673992674,0.00274725274725275,0,0.00567765567765568,0.00604395604395604,0.111538461538462
239273.411807,2552366.126422,0.940366972477064,0.000917431192660551,0.00036697247706422,0.0148623853211009,0.00972477064220183,0.0337614678899083
239773.411807,2552366.126422,0.279214822968263,0.029535864978903,0.353880022014309,0.212438084755091,0.0280682443588332,0.096862960924601
240273.411807,2552366.126422,0.593589743589744,0.0249084249084249,0.0538461538461538,0.167765567765568,0.0382783882783883,0.121611721611722
240773.411807,2552366.126422,0.86348623853211,0.00697247706422018,0,0.0343119266055046,0.046605504587156,0.0486238532110092
241273.411807,2552366.126422,0.956705191707944,0.00165107319757843,0,0,0,0.0416437350944781
241773.411807,2552366.126422,0.921062271062271,0.0272893772893773,0.000366300366300366,0.00366300366300366,0.00311355311355311,0.0445054945054945
242273.411807,2552366.126422,0.860733944954128,0.0506422018348624,0.00330275229357798,0.0209174311926606,0.0143119266055046,0.0500917431192661
242773.411807,2552366.126422,0.911208952485782,0.0271509814712897,0.000366905155017428,0.00275178866263071,0.0161438268207668,0.0423775454045129
243273.411807,2552366.126422,0.968864468864469,0.000183150183150183,0,0,0,0.030952380952381
243773.411807,2552366.126422,0.960917431192661,0.0073394495412844,0,0,0,0.031743119266055
244273.411807,2552366.126422,0.933406714364337,0.0627407815079802,0,0,0,0.00385250412768299
244773.411807,2552366.126422,0.914652014652015,0.0404761904761905,0,0.00970695970695971,0.00989010989010989,0.0252747252747253
245273.411807,2552366.126422,0.941834862385321,0.00348623853211009,0,0.00128440366972477,0.00532110091743119,0.0480733944954128
245773.411807,2552366.126422,0.918363603008622,0.0262337185837461,0,0.00385250412768299,0.0091726288754357,0.0423775454045129
246273.411807,2552366.126422,0.954761904761905,0.00750915750915751,0,0.000183150183150183,0.000183150183150183,0.0373626373626374
246773.411807,2552366.126422,0.95651376146789,0.0205504587155963,0,0,0,0.0229357798165138
247273.411807,2552366.126422,0.981287837094111,0.00421940928270042,0,0,0.000183452577508714,0.0143093010456797
247773.411807,2552366.126422,0.975091575091575,0.000549450549450549,0,0,0,0.0243589743589744
248273.411807,2552366.126422,0.955412844036697,0.0104587155963303,0,0,0,0.0341284403669725
248773.411807,2552366.126422,0.964410199963309,0,0,0,0,0.0355898000366905
249273.411807,2552366.126422,0.897069597069597,0.0247252747252747,0,0.00164835164835165,0.00567765567765568,0.0708791208791209
249773.411807,2552366.126422,0.947680890538033,0.0128014842300557,0,0,0,0.0395176252319109
237273.411807,2551866.126422,0.186804657179819,0.0326002587322122,0,0.0147477360931436,0.0302716688227684,0.735575679172057
237773.411807,2551866.126422,0.478571428571429,0.00402930402930403,0,0.041025641025641,0.0521978021978022,0.424175824175824
238273.411807,2551866.126422,0.914468864468864,0.0021978021978022,0,0.00164835164835165,0.0043956043956044,0.0772893772893773
238773.411807,2551866.126422,0.944811147781445,0.000916758342500917,0,0.00385038503850385,0.00715071507150715,0.0432709937660433
239273.411807,2551866.126422,0.438827838827839,0.0236263736263736,0.131501831501832,0.257326007326007,0.0796703296703297,0.0690476190476191
239773.411807,2551866.126422,0.971062271062271,0.000549450549450549,0,0.00366300366300366,0.00769230769230769,0.017032967032967
240273.411807,2551866.126422,0.66043270993766,0.024019068573524,0.169233590025669,0.0870920425375871,0.0198019801980198,0.0394206087275394
240773.411807,2551866.126422,0.88992673992674,0.00842490842490842,0,0.0126373626373626,0.0195970695970696,0.0694139194139194
241273.411807,2551866.126422,0.902747252747253,0.0217948717948718,0,0.0104395604395604,0.0152014652014652,0.0498168498168498
241773.411807,2551866.126422,0.851118445177851,0.0441877521085442,0.00495049504950495,0.0185185185185185,0.0077007700770077,0.0735240190685735
242273.411807,2551866.126422,0.937362637362637,0.0346153846153846,0.000732600732600733,0.00238095238095238,0.000549450549450549,0.0243589743589744
242773.411807,2551866.126422,0.886080586080586,0.0620879120879121,0.000732600732600733,0.00787545787545788,0.00732600732600733,0.0358974358974359
243273.411807,2551866.126422,0.907040704070407,0,0,0,0,0.092959295929593
243773.411807,2551866.126422,0.863369963369963,0.00805860805860806,0,0.0388278388278388,0.0331501831501832,0.0565934065934066
244273.411807,2551866.126422,0.943589743589744,0.0173992673992674,0,0,0,0.039010989010989
244773.411807,2551866.126422,0.947561422808948,0.0111844517785112,0,0.000733406674000733,0.00201686835350202,0.0385038503850385
245273.411807,2551866.126422,0.962087912087912,0.00293040293040293,0,0,0,0.034981684981685
245773.411807,2551866.126422,0.901831501831502,0.0470695970695971,0.00384615384615385,0.0124542124542125,0.00622710622710623,0.0285714285714286
246273.411807,2551866.126422,0.926659332599927,0.0491382471580491,0.00055005500550055,0.000366703337000367,0.000916758342500917,0.0223689035570224
246773.411807,2551866.126422,0.97967032967033,0.00842490842490842,0,0,0,0.0119047619047619
247273.411807,2551866.126422,0.961721611721612,0.00769230769230769,0,0,0,0.0305860805860806
247773.411807,2551866.126422,0.957462412907957,0.0172350568390172,0,0,0.00256692335900257,0.0227356068940227
248273.411807,2551866.126422,0.946886446886447,0.000366300366300366,0,0.000183150183150183,0.000183150183150183,0.0523809523809524
248773.411807,2551866.126422,0.938461538461538,0.000366300366300366,0,0,0,0.0611721611721612
249273.411807,2551866.126422,0.894022735606894,0.00916758342500917,0,0.000366703337000367,0.0033003300330033,0.0931426475980931
249773.411807,2551866.126422,0.980363097443498,0.000926268988514265,0,0,0,0.0187106335679881
237273.411807,2551366.126422,0.455604452498058,0.00414185865907326,0,0.00310639399430494,0.0111312451462594,0.526016049702304
237773.411807,2551366.126422,0.629289777940907,0.0233070288126262,0.000550559735731327,0.0568911726922371,0.055606533308864,0.234354927509635
