"x","y","forest","agri","water","built","other","grass"
250273.411807,2737866.126422,0.577037588388537,0.00688500186081131,0,0.0135839225902493,0.071455154447339,0.331038332713063
250773.411807,2737866.126422,0.306631892697466,0.0122950819672131,0,0.0784277198211625,0.316691505216095,0.285953800298063
251273.411807,2737866.126422,0.63856318630188,0.00558347292015634,0,0.020286618276568,0.043178857249209,0.292387865252187
251773.411807,2737866.126422,0.557499069594343,0.00334946036471902,0,0.0197245999255675,0.0707108299218459,0.348716040193524
252273.411807,2737866.126422,0.763785394932936,0,0,0.0011177347242921,0.003725782414307,0.231371087928465
252773.411807,2737866.126422,0.665177740554625,0.0117252931323283,0,0.0249395123766983,0.0310813325888703,0.267076121347478
253273.411807,2737866.126422,0.810197245999256,0,0,0,0.000186081131373279,0.189616672869371
253773.411807,2737866.126422,0.584761549925484,0.00540238450074516,0,0.0229135618479881,0.0767511177347243,0.310171385991058
254273.411807,2737866.126422,0.33891680625349,0.0180532291085055,0.451144611948632,0.0243811650846827,0.0292201749488182,0.138284012655872
254773.411807,2737866.126422,0.481205805731299,0.0481950130256792,0.378861183475996,0.00558243394119836,0.01135094901377,0.0748046148120581
255273.411807,2737866.126422,0.683122205663189,0.142324888226528,0.00968703427719821,0.000931445603576751,0.00745156482861401,0.156482861400894
255773.411807,2737866.126422,0.777963893541783,0.040573236553136,0.0134003350083752,0.000186115764005211,0.00558347292015634,0.162292946212544
256273.411807,2737866.126422,0.951991068105694,0.000558243394119836,0,0,0,0.0474506885001861
256773.411807,2737866.126422,0.744038748137109,0.0022354694485842,0.000558867362146051,0.00614754098360656,0.018628912071535,0.228390461997019
257273.411807,2737866.126422,0.836218127675414,0.00297785222408338,0,0.0067001675041876,0.0169365345244742,0.137167318071841
257773.411807,2737866.126422,0.688872348343878,0.00651283959806476,0,0.0165612206922218,0.0325641979903238,0.255489393375512
258273.411807,2737866.126422,0.227086438152012,0.142324888226528,0.00018628912071535,0.325074515648286,0.224850968703428,0.0804769001490313
258773.411807,2737866.126422,0.290154476084124,0.0699795272659594,0.000930578820026056,0.103852596314908,0.101619207146845,0.433463614368137
259273.411807,2737866.126422,0.030703386676591,0.277633048008932,0.00688500186081131,0.581317454410123,0.0422404168217343,0.0612206922218087
259773.411807,2737866.126422,0.17026825633383,0.153688524590164,0.0171385991058122,0.126304023845007,0.181631892697466,0.35096870342772
260273.411807,2737866.126422,0.348967057509771,0.12748929834357,0,0.0630932439977666,0.172901544760841,0.287548855388051
260773.411807,2737866.126422,0.553591365835504,0.00167473018235951,0,0.00148864905098623,0.00372162262746558,0.439523632303684
261273.411807,2737866.126422,0.414120715350224,0.0188152011922504,0,0.0383755588673621,0.114754098360656,0.413934426229508
261773.411807,2737866.126422,0.863391029220175,0,0,0,0,0.136608970779825
262273.411807,2737866.126422,0.799032378116859,0.000930405656866394,0,0,0.000744324525493115,0.199292891700782
250273.411807,2737366.126422,0.611223179900972,0.000916926462497708,0,0.00788556757748029,0.0251237850724372,0.354850540986613
250773.411807,2737366.126422,0.66703316840755,0.00201575957485798,0.000366501740883269,0.00109950522264981,0.00842954004031519,0.321055525013744
251273.411807,2737366.126422,0.746375481739769,0.0133969535694623,0,0.00201871903101487,0.00972655533125344,0.228482290328501
251773.411807,2737366.126422,0.761599119750596,0.000916926462497708,0.000366770584999083,0.000183385292499542,0.00146708233999633,0.235466715569411
252273.411807,2737366.126422,0.820963899578523,0,0,0.0152098222466557,0.0298698918819864,0.133956386292835
252773.411807,2737366.126422,0.935951550743256,0,0,0.000917599559552211,0.000917599559552211,0.0622132501376399
253273.411807,2737366.126422,0.873097377590317,0,0,0.000550155877498625,0.00128369704749679,0.125068769484687
253773.411807,2737366.126422,0.628733736485248,0.00128275609309144,0.00769653655854865,0.00384826827927433,0.0155763239875389,0.342862378596298
254273.411807,2737366.126422,0.582308680491833,0.0135804734813727,0.344650394567811,0,0.0137639933932832,0.0456964580657001
254773.411807,2737366.126422,0.683660370438291,0.0685860993948285,0.130386942967174,0,0.0126535851824684,0.104713002017238
255273.411807,2737366.126422,0.848268279274327,0.0161260765988638,0.000549752611324904,0,0.00366501740883269,0.131390874106652
255773.411807,2737366.126422,0.934299871536062,0.00238575885483575,0,0.000183519911910442,0.000734079647641769,0.0623967700495504
256273.411807,2737366.126422,0.904639647900238,0,0,0,0,0.0953603520997616
256773.411807,2737366.126422,0.778816199376947,0.0159428257284222,0,0.000549752611324904,0.00329851566794942,0.201392706615356
257273.411807,2737366.126422,0.868416223160213,0,0,0,0,0.131583776839787
257773.411807,2737366.126422,0.694113332110765,0.0152209792774619,0,0.0520814230698698,0.0913258756647717,0.147258389877132
258273.411807,2737366.126422,0.23877588418545,0.0168590800806304,0,0.507421660252886,0.154480483782298,0.0824628916987356
258773.411807,2737366.126422,0.183886951734263,0.130482657368324,0,0.429803633694256,0.159295283538264,0.0965314736648926
259273.411807,2737366.126422,0.163212910324592,0.0438290849073904,0.0198056115899505,0.344947735191638,0.0893086374472767,0.338896020539153
259773.411807,2737366.126422,0.218068535825545,0.0784313725490196,0.0122778083195895,0.32508704416346,0.0353674179952355,0.33076782114715
260273.411807,2737366.126422,0.167003119838502,0.0688199669664159,0.000367039823820885,0.303358414387961,0.171040557900532,0.289410901082767
260773.411807,2737366.126422,0.357051164496607,0.0275077938749312,0,0.142857142857143,0.115716119567211,0.356867779204108
261273.411807,2737366.126422,0.809968847352025,0.0307861462341946,0,0.000183250870441635,0.00934579439252336,0.149715961150815
261773.411807,2737366.126422,0.813727289410901,0.0012846393833731,0,0.0012846393833731,0.00770783630023858,0.175995595522114
262273.411807,2737366.126422,0.806895286997983,0.000183385292499542,0,0,0.000550155877498625,0.192371171832019
250273.411807,2736866.126422,0.464318473674555,0.00715465052283985,0.000183452577508714,0.00605393505778756,0.0313703907539901,0.490919097413319
250773.411807,2736866.126422,0.7996336996337,0.000549450549450549,0,0.000549450549450549,0.00750915750915751,0.191758241758242
251273.411807,2736866.126422,0.73394495412844,0.00697247706422018,0.00073394495412844,0.00018348623853211,0.00128440366972477,0.256880733944954
251773.411807,2736866.126422,0.727206017244542,0.000183452577508714,0,0,0.000733810310034856,0.271876719867914
252273.411807,2736866.126422,0.757326007326007,0.0172161172161172,0,0.0128205128205128,0.0313186813186813,0.181318681318681
252773.411807,2736866.126422,0.64256880733945,0.00403669724770642,0,0.0194495412844037,0.0344954128440367,0.299449541284404
253273.411807,2736866.126422,0.724821133736929,0,0,0.00165107319757843,0.00623738763529628,0.267290405430196
253773.411807,2736866.126422,0.742124542124542,0.000915750915750916,0,0.0126373626373626,0.0153846153846154,0.228937728937729
254273.411807,2736866.126422,0.768990825688073,0.00458715596330275,0.0264220183486239,0.00220183486238532,0.0102752293577982,0.187522935779817
254773.411807,2736866.126422,0.774353329664282,0.00293524124013942,0.00091726288754357,0.000733810310034856,0.00421940928270042,0.2168409466153
255273.411807,2736866.126422,0.770695970695971,0.00695970695970696,0,0.0021978021978022,0.021978021978022,0.198168498168498
255773.411807,2736866.126422,0.838165137614679,0.0590825688073394,0,0,0.00073394495412844,0.102018348623853
256273.411807,2736866.126422,0.883874518436984,0.0374243258117777,0.000733810310034856,0,0.00110071546505228,0.0768666299761512
256773.411807,2736866.126422,0.698717948717949,0.000366300366300366,0,0,0.00347985347985348,0.297435897435897
257273.411807,2736866.126422,0.468623853211009,0.00275229357798165,0,0.00495412844036697,0.0155963302752294,0.508073394495413
257773.411807,2736866.126422,0.727022564667034,0.00183452577508714,0.001284168042561,0.00293524124013942,0.00733810310034856,0.25958539717483
258273.411807,2736866.126422,0.473260073260073,0.0175824175824176,0,0.138644688644689,0.125091575091575,0.245421245421245
258773.411807,2736866.126422,0.159082568807339,0.0170642201834862,0.00073394495412844,0.712844036697248,0.0900917431192661,0.0201834862385321
259273.411807,2736866.126422,0.0693450742982939,0.00862227114290956,0.00330214639515685,0.777655476059439,0.122546321775821,0.0185287103283801
259773.411807,2736866.126422,0.0838827838827839,0.0963369963369963,0.023992673992674,0.426739926739927,0.187912087912088,0.181135531135531
260273.411807,2736866.126422,0.274495412844037,0.183302752293578,0,0.218899082568807,0.0207339449541284,0.30256880733945
260773.411807,2736866.126422,0.116492386718033,0.135754907356448,0.00183452577508714,0.103467253714915,0.0966795083470923,0.545771418088424
261273.411807,2736866.126422,0.43021978021978,0.0492673992673993,0,0.0342490842490843,0.058974358974359,0.427289377289377
261773.411807,2736866.126422,0.75743119266055,0.00330275229357798,0.00018348623853211,0.00862385321100917,0.0244036697247706,0.20605504587156
262273.411807,2736866.126422,0.810493487433498,0.000550357732526142,0,0.00146762062006971,0.00421940928270042,0.183269124931205
250273.411807,2736366.126422,0.773626373626374,0.000549450549450549,0,0.00256410256410256,0.00860805860805861,0.214652014652015
250773.411807,2736366.126422,0.593509350935093,0.000733406674000733,0,0.0044004400440044,0.0066006600660066,0.394756142280895
251273.411807,2736366.126422,0.695970695970696,0.00183150183150183,0,0.00604395604395604,0.0144688644688645,0.281684981684982
251773.411807,2736366.126422,0.865934065934066,0,0,0.00238095238095238,0.00402930402930403,0.127655677655678
252273.411807,2736366.126422,0.818481848184819,0.000183351668500183,0,0.00385038503850385,0.00825082508250825,0.169233590025669
252773.411807,2736366.126422,0.545970695970696,0.000366300366300366,0,0.0287545787545788,0.041025641025641,0.383882783882784
253273.411807,2736366.126422,0.609157509157509,0.00476190476190476,0,0.0128205128205128,0.0135531135531136,0.35970695970696
253773.411807,2736366.126422,0.845617895122846,0,0,0.000183351668500183,0.00055005500550055,0.153648698203154
254273.411807,2736366.126422,0.706227106227106,0.00860805860805861,0,0.00201465201465201,0.00567765567765568,0.277472527472527
254773.411807,2736366.126422,0.845054945054945,0.000732600732600733,0,0.000183150183150183,0.000915750915750916,0.153113553113553
255273.411807,2736366.126422,0.80949761642831,0.0320865419875321,0,0.000366703337000367,0.00275027502750275,0.155298863219655
255773.411807,2736366.126422,0.362271062271062,0.553663003663004,0.0278388278388278,0.000732600732600733,0.00549450549450549,0.05
256273.411807,2736366.126422,0.534798534798535,0.358241758241758,0.0717948717948718,0,0.00421245421245421,0.030952380952381
256773.411807,2736366.126422,0.816098276494316,0.0348368170150348,0.0826916024935827,0.000183351668500183,0.0100843417675101,0.0561056105610561
257273.411807,2736366.126422,0.687912087912088,0.00311355311355311,0.000366300366300366,0.00732600732600733,0.03003663003663,0.271245421245421
257773.411807,2736366.126422,0.876556776556777,0,0,0,0.000183150183150183,0.123260073260073
258273.411807,2736366.126422,0.502933626696003,0.00953428676200953,0,0.144114411441144,0.12046204620462,0.222955628896223
258773.411807,2736366.126422,0.321978021978022,0.0135531135531136,0.00860805860805861,0.404212454212454,0.153846153846154,0.0978021978021978
259273.411807,2736366.126422,0.0472527472527473,0.0201465201465201,0.00311355311355311,0.789377289377289,0.102564102564103,0.0375457875457875
259773.411807,2736366.126422,0.108177484415108,0.0231023102310231,0.00715071507150715,0.62027869453612,0.137880454712138,0.103410341034103
260273.411807,2736366.126422,0.267582417582418,0.196153846153846,0.00274725274725275,0.275824175824176,0.0884615384615385,0.169230769230769
260773.411807,2736366.126422,0.0826007326007326,0.0542124542124542,0,0.602197802197802,0.0708791208791209,0.19010989010989
261273.411807,2736366.126422,0.088008800880088,0.321415474880821,0.0022002200220022,0.041987532086542,0.0927759442610928,0.453612027869454
261773.411807,2736366.126422,0.05,0.383333333333333,0,0.10970695970696,0.107142857142857,0.34981684981685
262273.411807,2736366.126422,0.292673992673993,0.150732600732601,0,0.039010989010989,0.13956043956044,0.378021978021978
250273.411807,2735866.126422,0.849440674857876,0.000733541169998166,0,0.013203741059967,0.0196222262974509,0.116999816614707
250773.411807,2735866.126422,0.676745464540957,0.000366501740883269,0,0.00384826827927433,0.00806303829943192,0.310976727139454
251273.411807,2735866.126422,0.772435309231052,0,0,0.00183519911910442,0.00403743806202973,0.221692053587814
251773.411807,2735866.126422,0.857142857142857,0,0,0,0.000550155877498625,0.142306986979644
252273.411807,2735866.126422,0.658603628367235,0.000183250870441635,0,0.00183250870441635,0.00714678394722375,0.332233828110684
252773.411807,2735866.126422,0.73426316755368,0.000550559735731327,0,0.0047715177096715,0.0165167920719398,0.243897962928978
253273.411807,2735866.126422,0.6000366770585,0.00165046763249587,0,0.00916926462497708,0.0253071703649367,0.36383642031909
253773.411807,2735866.126422,0.926516400952905,0,0,0,0.00164925783397471,0.0718343412131208
254273.411807,2735866.126422,0.822169205358781,0.000183519911910442,0,0,0.000183519911910442,0.177463754817398
254773.411807,2735866.126422,0.816614707500459,0.000183385292499542,0,0.000916926462497708,0.00128369704749679,0.181001283697047
255273.411807,2735866.126422,0.374748030053143,0.0982224665567161,0.455378413047462,0.000733003481766538,0.0113615539673813,0.0595565328935312
255773.411807,2735866.126422,0.495136722334373,0.397871169021839,0.000183519911910442,0.000550559735731327,0.00330335841438796,0.102954670581758
256273.411807,2735866.126422,0.815147625160462,0.0364936732074088,0,0.00880249403997799,0.0302585732624244,0.109297634329727
256773.411807,2735866.126422,0.899945024738868,0.00293201392706615,0.00146600696353308,0.000183250870441635,0.00568077698369067,0.089792926516401
257273.411807,2735866.126422,0.719031014865113,0.000917599559552211,0,0.00165167920719398,0.00550559735731327,0.272894109010828
257773.411807,2735866.126422,0.984962406015038,0,0,0,0,0.0150375939849624
258273.411807,2735866.126422,0.805021073850101,0.00439802089059923,0.000183250870441635,0.00696353307678211,0.015026571376214,0.168407549935862
258773.411807,2735866.126422,0.269957790420261,0.012846393833731,0.00752431638832813,0.311983850247752,0.138190493668563,0.259497155441365
259273.411807,2735866.126422,0.0353933614524115,0.0163212910324592,0.00183385292499542,0.779020722538052,0.124701998899688,0.0427287731523932
259773.411807,2735866.126422,0.103903243540407,0.0273043796958036,0.00678028220634048,0.30273043796958,0.129191863661352,0.430089792926516
260273.411807,2735866.126422,0.206459900899248,0.135804734813727,0.00367039823820885,0.208478619930262,0.151220407414204,0.294365938704349
260773.411807,2735866.126422,0.00990280579497524,0.0577663671373556,0,0.548872180451128,0.189253621859527,0.194205024757014
261273.411807,2735866.126422,0.182884368700751,0.112332783580722,0.000549752611324904,0.390690855781565,0.156862745098039,0.156679494227598
261773.411807,2735866.126422,0.12020554230134,0.304826573683245,0,0.0693705267021472,0.100752431638833,0.404844925674436
262273.411807,2735866.126422,0.0630845406198423,0.358701632129103,0,0.0242068586099395,0.0698697964423253,0.48413717219879
250273.411807,2735366.126422,0.746285085305449,0.000733810310034856,0,0.000183452577508714,0.00165107319757843,0.251146578609429
250773.411807,2735366.126422,0.771245421245421,0.000366300366300366,0,0.000549450549450549,0.00256410256410256,0.225274725274725
251273.411807,2735366.126422,0.805688073394495,0,0,0.00587155963302752,0.0102752293577982,0.178165137614679
251773.411807,2735366.126422,0.824802788479178,0,0,0,0.00091726288754357,0.174279948633278
252273.411807,2735366.126422,0.678021978021978,0.000549450549450549,0,0.00146520146520147,0.00256410256410256,0.317399267399267
252773.411807,2735366.126422,0.859082568807339,0,0,0,0,0.140917431192661
253273.411807,2735366.126422,0.787195010089892,0.000733810310034856,0,0.00183452577508714,0.00587048248027885,0.204366171344707
253773.411807,2735366.126422,0.932234432234432,0,0,0,0.00128205128205128,0.0664835164835165
254273.411807,2735366.126422,0.567339449541284,0.00018348623853211,0,0.0396330275229358,0.0190825688073394,0.373761467889908
254773.411807,2735366.126422,0.216474041460283,0.0157769216657494,0.671436433681893,0.00495321959273528,0.0302696752889378,0.0610897083104018
255273.411807,2735366.126422,0.270879120879121,0.108608058608059,0.575641025641026,0.000732600732600733,0.00641025641025641,0.0377289377289377
255773.411807,2735366.126422,0.848990825688073,0.00440366972477064,0.00568807339449541,0,0.00055045871559633,0.140366972477064
256273.411807,2735366.126422,0.919831223628692,0.000183452577508714,0,0,0.000183452577508714,0.0798018712162906
256773.411807,2735366.126422,0.808424908424908,0,0,0.000183150183150183,0.00164835164835165,0.18974358974359
257273.411807,2735366.126422,0.926605504587156,0,0,0,0,0.073394495412844
257773.411807,2735366.126422,0.815079801871216,0.00330214639515685,0,0.00972298660796184,0.021830856723537,0.150064208402128
258273.411807,2735366.126422,0.440842490842491,0.0115384615384615,0.000915750915750916,0.217032967032967,0.127655677655678,0.202014652014652
258773.411807,2735366.126422,0.112293577981651,0.0280733944954128,0.00036697247706422,0.601467889908257,0.12605504587156,0.131743119266055
259273.411807,2735366.126422,0.133736929003853,0.0150431113557145,0.00220143093010457,0.672353696569437,0.0997982021647404,0.0768666299761512
259773.411807,2735366.126422,0.0573260073260073,0.021978021978022,0.000183150183150183,0.579120879120879,0.205677655677656,0.135714285714286
260273.411807,2735366.126422,0.315229357798165,0.0996330275229358,0,0.112293577981651,0.155045871559633,0.317798165137615
260773.411807,2735366.126422,0.111906072280316,0.160521005320125,0,0.526692350027518,0.0875068794716566,0.113373692900385
261273.411807,2735366.126422,0.106227106227106,0.0368131868131868,0.0106227106227106,0.16043956043956,0.0970695970695971,0.588827838827839
261773.411807,2735366.126422,0.124403669724771,0.0423853211009174,0.0157798165137615,0.512477064220183,0.0761467889908257,0.228807339449541
262273.411807,2735366.126422,0.0731975784259769,0.184920198128784,0.0278847917813245,0.169877086773069,0.171528159970648,0.372592184920198
250273.411807,2734866.126422,0.391391941391941,0.108241758241758,0,0.105860805860806,0.0653846153846154,0.329120879120879
250773.411807,2734866.126422,0.532819948661533,0.0011001100110011,0,0.00348368170150348,0.0249358269160249,0.437660432709938
251273.411807,2734866.126422,0.670879120879121,0.000366300366300366,0,0.00183150183150183,0.00421245421245421,0.322710622710623
251773.411807,2734866.126422,0.649084249084249,0.000366300366300366,0,0.00146520146520147,0.00274725274725275,0.346336996336996
252273.411807,2734866.126422,0.775944261092776,0.00403373670700403,0,0.000183351668500183,0.00128346167950128,0.218555188852219
252773.411807,2734866.126422,0.844505494505495,0.000549450549450549,0,0,0,0.154945054945055
253273.411807,2734866.126422,0.92948717948718,0.00164835164835165,0,0.00805860805860806,0.00641025641025641,0.0543956043956044
253773.411807,2734866.126422,0.717088375504217,0.00421708837550422,0,0.0099009900990099,0.0216354968830216,0.247158049138247
254273.411807,2734866.126422,0.202014652014652,0.0311355311355311,0.157692307692308,0.105311355311355,0.0573260073260073,0.446520146520147
254773.411807,2734866.126422,0.0730769230769231,0.0163003663003663,0.858608058608059,0.0276556776556777,0.00476190476190476,0.0195970695970696
255273.411807,2734866.126422,0.65969930326366,0.0177851118445178,0.0282361569490282,0.00128346167950128,0.00825082508250825,0.284745141180785
255773.411807,2734866.126422,0.676373626373626,0.0032967032967033,0,0,0.0043956043956044,0.315934065934066
256273.411807,2734866.126422,0.73003663003663,0.000732600732600733,0,0.0021978021978022,0.0100732600732601,0.256959706959707
256773.411807,2734866.126422,0.775944261092776,0.00128346167950128,0,0.00403373670700403,0.0099009900990099,0.208837550421709
257273.411807,2734866.126422,0.702380952380952,0.000549450549450549,0,0.000915750915750916,0.00531135531135531,0.290842490842491
257773.411807,2734866.126422,0.658791208791209,0.0375457875457875,0,0.0435897435897436,0.0628205128205128,0.197252747252747
258273.411807,2734866.126422,0.801430143014301,0.0011001100110011,0,0.00586725339200587,0.0146681334800147,0.176934360102677
258773.411807,2734866.126422,0.813919413919414,0.00256410256410256,0,0.000549450549450549,0.00201465201465201,0.180952380952381
259273.411807,2734866.126422,0.354945054945055,0.0124542124542125,0.00421245421245421,0.351648351648352,0.0815018315018315,0.195238095238095
259773.411807,2734866.126422,0.0562889622295563,0.0221855518885222,0.00403373670700403,0.698203153648698,0.108360836083608,0.110927759442611
260273.411807,2734866.126422,0.148534798534799,0.0408424908424908,0.0010989010989011,0.0802197802197802,0.302197802197802,0.427106227106227
260773.411807,2734866.126422,0.0846153846153846,0.0776556776556777,0,0.421978021978022,0.135164835164835,0.280586080586081
261273.411807,2734866.126422,0.336266960029336,0.0452878621195453,0,0.0693069306930693,0.143564356435644,0.405573890722406
261773.411807,2734866.126422,0.348901098901099,0.0228937728937729,0,0.121428571428571,0.154761904761905,0.352014652014652
262273.411807,2734866.126422,0.254578754578755,0.0613553113553114,0,0.0456043956043956,0.143956043956044,0.494505494505495
250273.411807,2734366.126422,0.688245002750779,0.000733541169998166,0,0.00806895286997983,0.0172382174949569,0.285714285714286
250773.411807,2734366.126422,0.717427157778999,0,0,0.0047645226314825,0.017042330951072,0.260765988638446
251273.411807,2734366.126422,0.53532758304276,0.000550559735731327,0,0.00660671682877592,0.0102771150669848,0.447238025325748
251773.411807,2734366.126422,0.676324958738309,0.00550155877498625,0,0.000733541169998166,0.00366770584999083,0.313772235466716
252273.411807,2734366.126422,0.424958768554151,0.000183250870441635,0,0.00256551218618288,0.0166758292101887,0.555616639179036
252773.411807,2734366.126422,0.476601211231419,0.011194714626537,0,0.00110111947146265,0.00642319691686548,0.504679757753716
253273.411807,2734366.126422,0.726755914175683,0.000183385292499542,0,0.00458463231248854,0.00733541169998166,0.261140656519347
253773.411807,2734366.126422,0.711746380795309,0.00146600696353308,0,0.0141103170240059,0.0258383727322705,0.246838922484882
254273.411807,2734366.126422,0.612038906221325,0.00587263718113415,0.0172508717195816,0.0334006239677005,0.0645990089924757,0.266837951917783
254773.411807,2734366.126422,0.631395562075922,0.00586832935998533,0.118833669539703,0.00623509994498441,0.0102695763799743,0.227397762699432
255273.411807,2734366.126422,0.654388858347077,0.00311526479750779,0,0.000549752611324904,0.00164925783397471,0.340296866410115
255773.411807,2734366.126422,0.730042209579739,0.00862543585979079,0,0.00238575885483575,0.0121123141860892,0.246834281519545
256273.411807,2734366.126422,0.72418852008069,0.00293416467999266,0,0.00146708233999633,0.00641848523748395,0.264991747661838
256773.411807,2734366.126422,0.728055708264614,0.00916254352208173,0,0.00586402785413231,0.0221733553234378,0.234744365035734
257273.411807,2734366.126422,0.792806019453111,0.0034868783262984,0,0.00623967700495504,0.034868783262984,0.162598641952652
257773.411807,2734366.126422,0.808545754630479,0.0124701998899688,0.00403447643498991,0.00110031175499725,0.00385109114249037,0.169998166147075
258273.411807,2734366.126422,0.833241707898112,0,0,0.000549752611324904,0.00238226131574125,0.163826278174821
258773.411807,2734366.126422,0.804551293815379,0.000550559735731327,0.000183519911910442,0,0.000367039823820885,0.194347586713158
259273.411807,2734366.126422,0.529066568861177,0.00476801760498808,0,0.140839904639648,0.0584999083073537,0.266825600586833
259773.411807,2734366.126422,0.232178852849551,0.0194245922668133,0.000549752611324904,0.386476085761407,0.146967198094191,0.214403518416712
260273.411807,2734366.126422,0.0956138741053404,0.085887318774087,0.0183519911910442,0.261882914296201,0.1616810423931,0.376582859240228
260773.411807,2734366.126422,0.282780121034293,0.041995231982395,0,0.131120484137172,0.0937098844672657,0.450394278378874
261273.411807,2734366.126422,0.61095840205241,0.0192413413963716,0,0.0122778083195895,0.0492944841487997,0.308227964082829
261773.411807,2734366.126422,0.228482290328501,0.0436777390346853,0.000917599559552211,0.0662506881996697,0.123875940539549,0.536795742338044
262273.411807,2734366.126422,0.248303686044379,0.0852741610122868,0,0.0209059233449477,0.110581331377224,0.534934898221163
250273.411807,2733866.126422,0.484498257200514,0.00220143093010457,0,0.00311869381764814,0.00770500825536599,0.502476609796368
250773.411807,2733866.126422,0.488278388278388,0.000366300366300366,0,0.000183150183150183,0.0010989010989011,0.51007326007326
251273.411807,2733866.126422,0.603119266055046,0.00495412844036697,0.00440366972477064,0.00990825688073394,0.0425688073394495,0.335045871559633
251773.411807,2733866.126422,0.599339570720969,0.000550357732526142,0,0.020546688680976,0.0216474041460283,0.357915978719501
252273.411807,2733866.126422,0.697802197802198,0,0,0,0,0.302197802197802
252773.411807,2733866.126422,0.618348623853211,0.00018348623853211,0,0.00165137614678899,0.00495412844036697,0.374862385321101
253273.411807,2733866.126422,0.552742616033755,0.0278847917813245,0.0293524124013942,0.0251330031186938,0.0266006237387635,0.338286552926069
253773.411807,2733866.126422,0.637179487179487,0.00549450549450549,0.015018315018315,0.00402930402930403,0.0155677655677656,0.322710622710623
254273.411807,2733866.126422,0.731926605504587,0.00110091743119266,0,0.011743119266055,0.0304587155963303,0.224770642201835
254773.411807,2733866.126422,0.745184369840396,0.00366905155017428,0,0.00165107319757843,0.00238488350761328,0.247110621904238
255273.411807,2733866.126422,0.571428571428571,0.00164835164835165,0,0.000549450549450549,0.0126373626373626,0.413736263736264
255773.411807,2733866.126422,0.508440366972477,0.018348623853211,0,0.013394495412844,0.0376146788990826,0.422201834862385
256273.411807,2733866.126422,0.762612364703724,0.00825536598789213,0,0.00293524124013942,0.0133920381581361,0.212804989910108
256773.411807,2733866.126422,0.67014652014652,0.00256410256410256,0,0.00311355311355311,0.00897435897435897,0.315201465201465
257273.411807,2733866.126422,0.56605504587156,0.0300917431192661,0,0.00825688073394495,0.0225688073394495,0.37302752293578
257773.411807,2733866.126422,0.741148413135205,0.000183452577508714,0,0,0.001284168042561,0.257383966244726
258273.411807,2733866.126422,0.865934065934066,0.000732600732600733,0,0.000366300366300366,0.000549450549450549,0.132417582417582
258773.411807,2733866.126422,0.893211009174312,0,0,0,0,0.106788990825688
259273.411807,2733866.126422,0.802605026600624,0.00110071546505228,0,0.001284168042561,0.00311869381764814,0.191891396074115
259773.411807,2733866.126422,0.432417582417582,0.00879120879120879,0.000183150183150183,0.160805860805861,0.10018315018315,0.297619047619048
260273.411807,2733866.126422,0.163302752293578,0.122385321100917,0,0.36954128440367,0.147339449541284,0.19743119266055
260773.411807,2733866.126422,0.0616400660429279,0.225096312603192,0,0.0196294257934324,0.0449458814896349,0.648688314070813
261273.411807,2733866.126422,0.795054945054945,0.00384615384615385,0,0,0.0100732600732601,0.191025641025641
261773.411807,2733866.126422,0.686605504587156,0.00807339449541284,0.00110091743119266,0.0398165137614679,0.084954128440367,0.179449541284404
262273.411807,2733866.126422,0.562282150064208,0.0232984773436067,0.00165107319757843,0.002568336085122,0.0220143093010457,0.388185654008439
250273.411807,2733366.126422,0.500915750915751,0.00879120879120879,0.00494505494505494,0.00586080586080586,0.0161172161172161,0.463369963369963
250773.411807,2733366.126422,0.555922258892556,0.00183351668500183,0,0.00458379171250458,0.0177851118445178,0.41987532086542
251273.411807,2733366.126422,0.737728937728938,0.000915750915750916,0,0.00164835164835165,0.00384615384615385,0.255860805860806
251773.411807,2733366.126422,0.781501831501832,0.00128205128205128,0.000732600732600733,0.00238095238095238,0.00494505494505494,0.209157509157509
252273.411807,2733366.126422,0.790979097909791,0,0,0.000733406674000733,0.00165016501650165,0.206637330399707
252773.411807,2733366.126422,0.693223443223443,0.00457875457875458,0,0,0.000366300366300366,0.301831501831502
253273.411807,2733366.126422,0.458974358974359,0.0032967032967033,0.000183150183150183,0,0.00146520146520147,0.536080586080586
253773.411807,2733366.126422,0.734140080674734,0.0011001100110011,0.000183351668500183,0.00146681334800147,0.00678401173450678,0.256325632563256
254273.411807,2733366.126422,0.684065934065934,0.0122710622710623,0,0.00494505494505494,0.00842490842490842,0.29029304029304
254773.411807,2733366.126422,0.413003663003663,0.0153846153846154,0.00201465201465201,0.0258241758241758,0.0679487179487179,0.475824175824176
255273.411807,2733366.126422,0.746974697469747,0.0011001100110011,0,0.00788412174550788,0.0165016501650165,0.227539420608728
255773.411807,2733366.126422,0.630586080586081,0.00915750915750916,0,0.00421245421245421,0.0333333333333333,0.322710622710623
256273.411807,2733366.126422,0.752014652014652,0.00366300366300366,0,0.0324175824175824,0.0547619047619048,0.157142857142857
256773.411807,2733366.126422,0.699303263659699,0.00605060506050605,0,0.0218188485515218,0.0583058305830583,0.214521452145215
257273.411807,2733366.126422,0.72014652014652,0.00512820512820513,0,0.00641025641025641,0.0111721611721612,0.257142857142857
257773.411807,2733366.126422,0.849084249084249,0.000366300366300366,0,0.0010989010989011,0.00347985347985348,0.145970695970696
258273.411807,2733366.126422,0.903190319031903,0.00348368170150348,0.00256692335900257,0.00385038503850385,0.000183351668500183,0.0867253392005867
258773.411807,2733366.126422,0.871245421245421,0.00293040293040293,0,0.00274725274725275,0.00989010989010989,0.113186813186813
259273.411807,2733366.126422,0.453846153846154,0.00805860805860806,0.00128205128205128,0.01996336996337,0.032967032967033,0.483882783882784
259773.411807,2733366.126422,0.445911257792446,0.0066006600660066,0.000183351668500183,0.0962596259625963,0.116611661166117,0.334433443344334
260273.411807,2733366.126422,0.154945054945055,0.0194139194139194,0,0.272893772893773,0.0701465201465201,0.482600732600733
260773.411807,2733366.126422,0.160805860805861,0.0404761904761905,0,0.0485347985347985,0.0836996336996337,0.666483516483516
261273.411807,2733366.126422,0.615144847818115,0.0242024202420242,0,0.0194352768610194,0.0581224789145581,0.283094976164283
261773.411807,2733366.126422,0.518681318681319,0.0126373626373626,0,0.0282051282051282,0.0452380952380952,0.395238095238095
262273.411807,2733366.126422,0.860622710622711,0.0128205128205128,0,0,0.0010989010989011,0.125457875457875
250273.411807,2732866.126422,0.657436273610856,0,0,0.00605171465248487,0.0100861910874748,0.326425820649184
250773.411807,2732866.126422,0.420927249404435,0.00146600696353308,0,0.00586402785413231,0.0212571009712296,0.55048561480667
251273.411807,2732866.126422,0.833180400073408,0.00403743806202973,0,0.000734079647641769,0.000183519911910442,0.16186456230501
251773.411807,2732866.126422,0.729139922978177,0,0,0,0,0.270860077021823
252273.411807,2732866.126422,0.792010262048745,0.00128275609309144,0,0,0.000916254352208173,0.205790727505956
252773.411807,2732866.126422,0.635529454945862,0.00110111947146265,0.00146815929528354,0.000367039823820885,0.00165167920719398,0.359882547256377
253273.411807,2732866.126422,0.662754447093343,0.00641848523748395,0.00110031175499725,0.00110031175499725,0.0053181734824867,0.323308270676692
253773.411807,2732866.126422,0.554517133956386,0.00201575957485798,0,0.00201575957485798,0.00916254352208173,0.432288803371816
254273.411807,2732866.126422,0.535694622866581,0.0179849513672233,0.0012846393833731,0.0332171040557901,0.0491833363919985,0.362635345935034
254773.411807,2732866.126422,0.280212726939299,0.0700531817348249,0.00696864111498258,0.0827067669172932,0.0827067669172932,0.477351916376307
255273.411807,2732866.126422,0.209272494044347,0.0192413413963716,0.000549752611324904,0.298882169690306,0.160527762506872,0.311526479750779
255773.411807,2732866.126422,0.273077628922738,0.0383556615892824,0,0.282620664342081,0.174527436226831,0.231418608919068
256273.411807,2732866.126422,0.671373555840822,0.0141206675224647,0.000183385292499542,0.0130203557674674,0.0482303319273794,0.253071703649367
256773.411807,2732866.126422,0.682242990654206,0.00109950522264981,0.000183250870441635,0.0241891148982958,0.0377496793109767,0.25453545904343
257273.411807,2732866.126422,0.862543585979079,0.000367039823820885,0,0.00587263718113415,0.0130299137456414,0.118186823270325
257773.411807,2732866.126422,0.87584815697781,0.000733541169998166,0,0.00165046763249587,0.00311754997249221,0.118650284247203
258273.411807,2732866.126422,0.66923217885285,0.00714678394722375,0.0042147700201576,0.00146600696353308,0.00659703133589885,0.311343228880337
258773.411807,2732866.126422,0.638465773536429,0.0012846393833731,0.00403743806202973,0.00367039823820885,0.0150486327766563,0.337493118003303
259273.411807,2732866.126422,0.713735558408216,0.00366770584999083,0.0177883733724555,0.00311754997249221,0.011186502842472,0.250504309554374
259773.411807,2732866.126422,0.388491845336265,0.0472787245739417,0,0.0648708081363387,0.0542422576507238,0.44511636430273
260273.411807,2732866.126422,0.162231602128831,0.0458799779776106,0,0.329051202055423,0.110111947146265,0.35272527069187
260773.411807,2732866.126422,0.468916192921328,0.0100861910874748,0,0.0370438290849074,0.0872913992297818,0.396662387676508
261273.411807,2732866.126422,0.6659336631849,0.0166758292101887,0.00293201392706615,0.00293201392706615,0.0130108118013561,0.298515667949423
261773.411807,2732866.126422,0.67627087538998,0.00367039823820885,0.000183519911910442,0.000734079647641769,0.00807487612405946,0.3110662506882
262273.411807,2732866.126422,0.667522464698331,0.00110031175499725,0,0.00256739409499358,0.00715202640748212,0.321657803044196
250273.411807,2732366.126422,0.47220693450743,0.0333883691065859,0.0831040176114474,0.0297193175564117,0.0563199412951752,0.32526141992295
250773.411807,2732366.126422,0.561904761904762,0.0157509157509158,0.0428571428571429,0.0188644688644689,0.0404761904761905,0.32014652014652
251273.411807,2732366.126422,0.610642201834862,0.00256880733944954,0.00330275229357798,0,0.00220183486238532,0.381284403669725
251773.411807,2732366.126422,0.68189323059989,0.00165107319757843,0,0.00146762062006971,0.00697119794533113,0.308016877637131
252273.411807,2732366.126422,0.61007326007326,0.00842490842490842,0,0.00201465201465201,0.0108058608058608,0.368681318681319
252773.411807,2732366.126422,0.709724770642202,0.0451376146788991,0.00018348623853211,0.00110091743119266,0.0137614678899083,0.230091743119266
253273.411807,2732366.126422,0.58631443771785,0.00330214639515685,0.00403595670519171,0.00550357732526142,0.0245826453861677,0.376261236470372
253773.411807,2732366.126422,0.408058608058608,0.0586080586080586,0.0133699633699634,0.0261904761904762,0.0368131868131868,0.456959706959707
254273.411807,2732366.126422,0.200917431192661,0.0856880733944954,0,0.0363302752293578,0.0957798165137615,0.581284403669725
254773.411807,2732366.126422,0.197945331131902,0.126582278481013,0.000183452577508714,0.0198128783709411,0.0436617134470739,0.611814345991561
255273.411807,2732366.126422,0.186996336996337,0.161904761904762,0,0.0408424908424908,0.0681318681318681,0.542124542124542
255773.411807,2732366.126422,0.256880733944954,0.0119266055045872,0,0.334862385321101,0.157247706422018,0.239082568807339
256273.411807,2732366.126422,0.760777838928637,0.00293524124013942,0.00293524124013942,0.00385250412768299,0.0111906072280316,0.21830856723537
256773.411807,2732366.126422,0.734249084249084,0.000915750915750916,0.000183150183150183,0.000732600732600733,0.000549450549450549,0.263369963369963
257273.411807,2732366.126422,0.734862385321101,0.00201834862385321,0.0157798165137615,0.018348623853211,0.0357798165137615,0.193211009174312
257773.411807,2732366.126422,0.873417721518987,0,0,0.000366905155017428,0.00476976701522656,0.121445606310769
258273.411807,2732366.126422,0.612820512820513,0.00641025641025641,0.00183150183150183,0.00311355311355311,0.0166666666666667,0.359157509157509
258773.411807,2732366.126422,0.694128440366973,0.0170642201834862,0,0.0055045871559633,0.0251376146788991,0.258165137614679
259273.411807,2732366.126422,0.867547239038708,0,0,0.000366905155017428,0.00293524124013942,0.129150614566135
259773.411807,2732366.126422,0.343589743589744,0.150732600732601,0.000549450549450549,0.0375457875457875,0.0445054945054945,0.423076923076923
260273.411807,2732366.126422,0.179082568807339,0.149174311926606,0,0.262752293577982,0.0968807339449541,0.312110091743119
260773.411807,2732366.126422,0.382498624105669,0.0121078701155751,0.002568336085122,0.0632911392405063,0.102366538249862,0.437167492203265
261273.411807,2732366.126422,0.619230769230769,0.00970695970695971,0,0.000732600732600733,0.0126373626373626,0.357692307692308
261773.411807,2732366.126422,0.898165137614679,0,0,0.00018348623853211,0.00018348623853211,0.101467889908257
262273.411807,2732366.126422,0.674004769767015,0.00201797835259585,0,0.00091726288754357,0.00366905155017428,0.319390937442671
250273.411807,2731866.126422,0.369230769230769,0.0106227106227106,0.000366300366300366,0.0139194139194139,0.0362637362637363,0.56959706959707
250773.411807,2731866.126422,0.130546387972131,0.0381371470480381,0.0792079207920792,0.00366703337000367,0.0364869820315365,0.711954528786212
251273.411807,2731866.126422,0.511172161172161,0.00695970695970696,0,0.00695970695970696,0.0335164835164835,0.441391941391941
251773.411807,2731866.126422,0.657509157509158,0.000915750915750916,0,0.0010989010989011,0.00549450549450549,0.334981684981685
252273.411807,2731866.126422,0.555555555555556,0.0011001100110011,0,0.00055005500550055,0.00311697836450312,0.43967730106344
252773.411807,2731866.126422,0.598901098901099,0,0,0.0010989010989011,0.00183150183150183,0.398168498168498
253273.411807,2731866.126422,0.269413919413919,0.030952380952381,0,0.0767399267399267,0.0994505494505494,0.523443223443223
253773.411807,2731866.126422,0.28034470113678,0.112211221122112,0.00586725339200587,0.0161349468280161,0.0243857719105244,0.561056105610561
254273.411807,2731866.126422,0.344871794871795,0.0443223443223443,0,0.0278388278388278,0.0604395604395604,0.522527472527473
254773.411807,2731866.126422,0.595970695970696,0.0146520146520147,0,0.00274725274725275,0.0159340659340659,0.370695970695971
255273.411807,2731866.126422,0.326732673267327,0.0848918225155849,0.000916758342500917,0.0845251191785845,0.0513384671800513,0.451595159515952
255773.411807,2731866.126422,0.638095238095238,0.000183150183150183,0,0.00641025641025641,0.0144688644688645,0.340842490842491
256273.411807,2731866.126422,0.87014652014652,0,0,0.0032967032967033,0.00494505494505494,0.121611721611722
256773.411807,2731866.126422,0.62999633296663,0.0163182984965163,0,0.00586725339200587,0.0165016501650165,0.331316464979831
257273.411807,2731866.126422,0.554029304029304,0.00769230769230769,0,0.00256410256410256,0.0153846153846154,0.42032967032967
