"x","y","forest","agri","water","built","other","grass"
237273.411807,2599366.126422,0.795683027794205,0.00827912477823773,0,0,0.00177409816676523,0.194263749260792
237773.411807,2599366.126422,0.872453661222243,0.00367039823820885,0,0,0,0.123875940539549
238273.411807,2599366.126422,0.934714835870163,0.00165046763249587,0,0,0,0.0636346964973409
238773.411807,2599366.126422,0.859263331500825,0.00256551218618288,0,0.00128275609309144,0,0.136888400219901
239273.411807,2599366.126422,0.72196733345568,0.0752431638832813,0,0,0,0.202789502661039
239773.411807,2599366.126422,0.683660370438291,0.0471300201723822,0,0.00788556757748029,0.0113698881349716,0.249954153676875
240273.411807,2599366.126422,0.813817115631299,0.00714678394722375,0,0.00641378046545721,0.0124610591900312,0.160161260765989
240773.411807,2599366.126422,0.914112681225913,0.0100935951550743,0,0.0047715177096715,0.0168838318957607,0.0541383740135805
241273.411807,2599366.126422,0.803777737025491,0.0194388410049514,0.00238400880249404,0.01998899688245,0.0260407115349349,0.128369704749679
241773.411807,2599366.126422,0.653472603994869,0.115081546637347,0.0542422576507238,0.0518599963349826,0.0238226131574125,0.101520982224666
242273.411807,2599366.126422,0.961093778674986,0.000183519911910442,0,0,0,0.0387227014131033
242773.411807,2599366.126422,0.956721070970108,0.0366770584999083,0,0,0,0.0066018705299835
243273.411807,2599366.126422,0.743082279640828,0.0819131390874107,0.000183250870441635,0.00678028220634048,0.0258383727322705,0.142202675462708
243773.411807,2599366.126422,0.886401174527436,0.0660671682877592,0,0,0,0.0475316571848046
244273.411807,2599366.126422,0.564276545021089,0.34788189987163,0.0130203557674674,0.0333761232349166,0.00385109114249037,0.037593984962406
244773.411807,2599366.126422,0.722191680410482,0.203041964449331,0.000549752611324904,0.00109950522264981,0.00678028220634048,0.0663368150998717
245273.411807,2599366.126422,0.622866581024041,0.223343732795008,0.0117452743622683,0.0356028629106258,0.0132134336575518,0.0932281152505047
245773.411807,2599366.126422,0.565560242068586,0.229415000916926,0.0533651201173666,0.00568494406748579,0.0128369704749679,0.133137722354667
246273.411807,2599366.126422,0.851200293201393,0.0940076965365585,0,0,0,0.0547920102620487
246773.411807,2599366.126422,0.846944393466691,0.0633143696091026,0,0,0,0.0897412369242063
247273.411807,2599366.126422,0.81606455162296,0.0968274344397579,0,0.000366770584999083,0,0.0867412433522831
247773.411807,2599366.126422,0.785046728971963,0.160161260765989,0.000183250870441635,0.00183250870441635,0.00109950522264981,0.051676745464541
248273.411807,2599366.126422,0.504496237841806,0.0484492567443568,0.0455129381537897,0.104606349788952,0.0915764360433107,0.205358781427785
248773.411807,2599366.126422,0.443242251971392,0.0814230698697964,0.229415000916926,0.113698881349716,0.0405281496423987,0.0916926462497708
249273.411807,2599366.126422,0.339563862928349,0.114898295766905,0.313542239325637,0.172255818215137,0.0219901044529962,0.0377496793109767
249773.411807,2599366.126422,0.699944331044721,0.0732974577843756,0.0694006309148265,0.034514752273149,0.0382260159584338,0.0846168120244943
237273.411807,2598866.126422,0.756205673758865,0.0135933806146572,0,0.00177304964539007,0.00975177304964539,0.218676122931442
237773.411807,2598866.126422,0.80256880733945,0.00770642201834862,0,0.00073394495412844,0.00623853211009174,0.182752293577982
238273.411807,2598866.126422,0.911392405063291,0.00165107319757843,0,0,0,0.0869565217391304
238773.411807,2598866.126422,0.829304029304029,0.00512820512820513,0,0,0.000915750915750916,0.164652014652015
239273.411807,2598866.126422,0.958899082568807,0,0,0.00018348623853211,0,0.0409174311926606
239773.411807,2598866.126422,0.917813245276096,0,0,0,0,0.0821867547239039
240273.411807,2598866.126422,0.855677655677656,0.00824175824175824,0.000366300366300366,0.00164835164835165,0.0192307692307692,0.114835164835165
240773.411807,2598866.126422,0.930275229357798,0.00807339449541284,0,0,0.0018348623853211,0.0598165137614679
241273.411807,2598866.126422,0.855806274078151,0.0434782608695652,0.00330214639515685,0.0199963309484498,0.00807191341038342,0.0693450742982939
241773.411807,2598866.126422,0.816117216117216,0.0743589743589744,0.0249084249084249,0.000915750915750916,0.0113553113553114,0.0723443223443224
242273.411807,2598866.126422,0.934678899082569,0.0348623853211009,0,0,0,0.0304587155963303
242773.411807,2598866.126422,0.922766464868831,0.00165107319757843,0,0.000183452577508714,0.000366905155017428,0.075032104201064
243273.411807,2598866.126422,0.794322344322344,0.021978021978022,0,0.000549450549450549,0.00384615384615385,0.179304029304029
243773.411807,2598866.126422,0.959082568807339,0.0130275229357798,0.00036697247706422,0.00036697247706422,0.00165137614678899,0.0255045871559633
244273.411807,2598866.126422,0.709778022381214,0.0810860392588516,0.00366905155017428,0.00220143093010457,0.01284168042561,0.190423775454045
244773.411807,2598866.126422,0.873443223443223,0.0534798534798535,0,0,0.000549450549450549,0.0725274725274725
245273.411807,2598866.126422,0.459449541284404,0.257064220183486,0.0143119266055046,0.0326605504587156,0.0504587155963303,0.18605504587156
245773.411807,2598866.126422,0.145661346541919,0.189323059988993,0.211704274445056,0.0939277196844616,0.0931939093744267,0.266189689965144
246273.411807,2598866.126422,0.697435897435897,0.0119047619047619,0,0.00732600732600733,0.0311355311355311,0.252197802197802
246773.411807,2598866.126422,0.770275229357798,0.0462385321100917,0.0073394495412844,0.00568807339449541,0.00605504587155963,0.164403669724771
247273.411807,2598866.126422,0.508713997431664,0.222894881673088,0.0616400660429279,0.0986974866996881,0.0341221794166208,0.0739313887360117
247773.411807,2598866.126422,0.393406593406593,0.18040293040293,0.000366300366300366,0.268681318681319,0.0663003663003663,0.0908424908424908
248273.411807,2598866.126422,0.241100917431193,0.0506422018348624,0.0113761467889908,0.311376146788991,0.0862385321100917,0.299266055045872
248773.411807,2598866.126422,0.000366905155017428,0.00550357732526142,0.639332232617868,0.336452027150981,0.01284168042561,0.00550357732526142
249273.411807,2598866.126422,0.392490842490842,0.122344322344322,0.236263736263736,0.0562271062271062,0.0153846153846154,0.177289377289377
249773.411807,2598866.126422,0.391465677179963,0.171799628942486,0.211873840445269,0.102968460111317,0.0157699443413729,0.106122448979592
237273.411807,2598366.126422,0.770617794856636,0.0487732781554833,0,0.00975465563109666,0.0212828850133018,0.149571386343482
237773.411807,2598366.126422,0.808974358974359,0.00256410256410256,0,0.00128205128205128,0.00402930402930403,0.183150183150183
238273.411807,2598366.126422,0.764468864468864,0,0,0,0,0.235531135531136
238773.411807,2598366.126422,0.793912724605794,0.01998533186652,0,0.00696736340300697,0.0174184085075174,0.161716171617162
239273.411807,2598366.126422,0.954578754578755,0,0,0,0,0.0454212454212454
239773.411807,2598366.126422,0.974908424908425,0,0,0,0,0.0250915750915751
240273.411807,2598366.126422,0.795379537953795,0.0652731939860653,0,0.00696736340300697,0.0139347268060139,0.118445177851118
240773.411807,2598366.126422,0.853113553113553,0.137362637362637,0.000366300366300366,0.000366300366300366,0,0.00879120879120879
241273.411807,2598366.126422,0.642490842490843,0.162454212454212,0.0186813186813187,0.103846153846154,0.0161172161172161,0.0564102564102564
241773.411807,2598366.126422,0.477264393105977,0.0359369270260359,0.0922258892555922,0.172900623395673,0.0643564356435644,0.157315731573157
242273.411807,2598366.126422,0.714835164835165,0.0351648351648352,0.121611721611722,0.0496336996336996,0.015018315018315,0.0637362637362637
242773.411807,2598366.126422,0.971245421245421,0.000183150183150183,0,0,0,0.0285714285714286
243273.411807,2598366.126422,0.956729006233957,0.00458379171250458,0,0,0,0.0386872020535387
243773.411807,2598366.126422,0.771062271062271,0.0214285714285714,0.000183150183150183,0.00164835164835165,0.0100732600732601,0.195604395604396
244273.411807,2598366.126422,0.628754578754579,0.122161172161172,0,0,0,0.249084249084249
244773.411807,2598366.126422,0.548221488815548,0.00183351668500183,0,0.00128346167950128,0.0104510451045105,0.438210487715438
245273.411807,2598366.126422,0.655494505494505,0.0247252747252747,0.00146520146520147,0.00457875457875458,0.0252747252747253,0.288461538461538
245773.411807,2598366.126422,0.0249084249084249,0.0690476190476191,0.0194139194139194,0.0648351648351648,0.139377289377289,0.682417582417582
246273.411807,2598366.126422,0.313348001466813,0.037953795379538,0,0.00201686835350202,0.0168683535020169,0.62981298129813
246773.411807,2598366.126422,0.713736263736264,0.056043956043956,0.00915750915750916,0.0184981684981685,0.0175824175824176,0.184981684981685
247273.411807,2598366.126422,0.402564102564103,0.0347985347985348,0,0.0551282051282051,0.0686813186813187,0.438827838827839
247773.411807,2598366.126422,0.73010634396773,0.0445544554455446,0,0.0636230289695636,0.0522552255225523,0.109460946094609
248273.411807,2598366.126422,0.416666666666667,0.0126373626373626,0,0.0516483516483516,0.0417582417582418,0.477289377289377
248773.411807,2598366.126422,0.333516483516483,0.0333333333333333,0.000549450549450549,0.0333333333333333,0.023992673992674,0.575274725274725
249273.411807,2598366.126422,0.107994132746608,0.000366703337000367,0,0,0,0.891639163916392
249773.411807,2598366.126422,0.151537606520934,0.000926268988514265,0,0.00111152278621712,0.00296406076324565,0.843460540941089
237273.411807,2597866.126422,0.911590774689533,0.0136014192785334,0,0,0,0.0748078060319338
237773.411807,2597866.126422,0.831895760690035,0.0132134336575518,0,0.00201871903101487,0.00220223894292531,0.150669847678473
238273.411807,2597866.126422,0.792407848890519,0.0203557674674491,0,0.00256739409499358,0.0110031175499725,0.173665871997066
238773.411807,2597866.126422,0.865310610225399,0.0225398570643211,0,0,0,0.11214953271028
239273.411807,2597866.126422,0.950816663608001,0,0,0,0,0.0491833363919985
239773.411807,2597866.126422,0.824500275077939,0.0126535851824684,0,0.00696864111498258,0.00861910874747845,0.147258389877132
240273.411807,2597866.126422,0.905809052593,0.0518599963349826,0,0.000183250870441635,0.00109950522264981,0.0410481949789262
240773.411807,2597866.126422,0.891539732060929,0.0785465222976693,0,0,0,0.0299137456414021
241273.411807,2597866.126422,0.904639647900238,0.0515312671923712,0.00366770584999083,0.00275077938749312,0.00238400880249404,0.0350265908674124
241773.411807,2597866.126422,0.673630199743449,0.186366135239142,0.00989554700384827,0.0426974528129009,0.00787978742899029,0.0795308777716694
242273.411807,2597866.126422,0.900715727656451,0.0106441548908057,0,0,0.00256927876674619,0.0860708386859974
242773.411807,2597866.126422,0.93178067119017,0.00128369704749679,0,0,0,0.0669356317623327
243273.411807,2597866.126422,0.943375481033535,0.00549752611324904,0,0.000183250870441635,0.000916254352208173,0.0500274876305662
243773.411807,2597866.126422,0.907505964397137,0.0133969535694623,0.000183519911910442,0.00220223894292531,0.00330335841438796,0.0734079647641769
244273.411807,2597866.126422,0.495323675041262,0.0179717586649551,0,0.00110031175499725,0.00586832935998533,0.479735925178801
244773.411807,2597866.126422,0.553600879604178,0,0,0,0,0.446399120395822
245273.411807,2597866.126422,0.649476968251055,0.00568911726922371,0.000367039823820885,0.00440447788585061,0.0148651128647458,0.325197283905304
245773.411807,2597866.126422,0.14414083990464,0.0603337612323492,0.0144874381074638,0.0926095727122685,0.128553090042179,0.5598752980011
246273.411807,2597866.126422,0.700384826827927,0.00274876305662452,0,0.00714678394722375,0.0241891148982958,0.265530511269929
246773.411807,2597866.126422,0.643604331069921,0,0,0.000734079647641769,0.00385391815011929,0.351807671132318
247273.411807,2597866.126422,0.60792224463598,0.00641848523748395,0,0.000366770584999083,0.00238400880249404,0.382908490739043
247773.411807,2597866.126422,0.830859446582371,0.0711013377313542,0,0.0122778083195895,0.00879604178119846,0.0769653655854865
248273.411807,2597866.126422,0.844558634611855,0.0389062213250138,0,0.000917599559552211,0.00605615709304459,0.109561387410534
248773.411807,2597866.126422,0.692646249770768,0.0297084173849257,0,0,0,0.277645332844306
249273.411807,2597866.126422,0.511636430273044,0.0478284771852666,0.0467289719626168,0.226864577606744,0.0177753344328386,0.149166208539491
249773.411807,2597866.126422,0.909816292447578,0.028391167192429,0,0,0,0.0617925403599926
237273.411807,2597366.126422,0.870567375886525,0.00236406619385343,0,0.00325059101654846,0.00620567375886525,0.117612293144208
237773.411807,2597366.126422,0.880917431192661,0.00788990825688073,0,0.00055045871559633,0.00477064220183486,0.105871559633028
238273.411807,2597366.126422,0.851036507062924,0.0708126949183636,0,0,0.00183452577508714,0.076316272243625
238773.411807,2597366.126422,0.802930402930403,0.0478021978021978,0,0,0,0.149267399267399
239273.411807,2597366.126422,0.871926605504587,0.00073394495412844,0,0,0,0.127339449541284
239773.411807,2597366.126422,0.833425059622088,0.0253164556962025,0,0.000550357732526142,0.00458631443771785,0.136121812511466
240273.411807,2597366.126422,0.87967032967033,0.0899267399267399,0,0,0,0.0304029304029304
240773.411807,2597366.126422,0.871926605504587,0.0488073394495413,0,0,0,0.0792660550458716
241273.411807,2597366.126422,0.889378095762245,0.0543019629425793,0,0,0,0.0563199412951752
241773.411807,2597366.126422,0.822710622710623,0.109157509157509,0,0.000366300366300366,0.00238095238095238,0.0653846153846154
242273.411807,2597366.126422,0.917431192660551,0.0205504587155963,0,0.00055045871559633,0,0.0614678899082569
242773.411807,2597366.126422,0.704274445055953,0.0926435516419006,0.0363236103467254,0.00642084021280499,0.0286186020913594,0.131718950651257
243273.411807,2597366.126422,0.844688644688645,0.0798534798534798,0.000366300366300366,0.000549450549450549,0.00366300366300366,0.0708791208791209
243773.411807,2597366.126422,0.879266055045872,0.0300917431192661,0,0.000917431192660551,0.00532110091743119,0.0844036697247706
244273.411807,2597366.126422,0.801137405980554,0.0344890845716382,0.000183452577508714,0.00348559897266557,0.00403595670519171,0.156668501192442
244773.411807,2597366.126422,0.891208791208791,0.00347985347985348,0,0,0.000549450549450549,0.104761904761905
245273.411807,2597366.126422,0.805871559633027,0.121467889908257,0.00110091743119266,0.0018348623853211,0.00440366972477064,0.0653211009174312
245773.411807,2597366.126422,0.39937626123647,0.209869748669969,0.0524674371674922,0.0277013392038158,0.0623738763529628,0.24821133736929
246273.411807,2597366.126422,0.616849816849817,0,0,0.00769230769230769,0.0032967032967033,0.372161172161172
246773.411807,2597366.126422,0.81302752293578,0.0260550458715596,0,0.00165137614678899,0.00293577981651376,0.156330275229358
247273.411807,2597366.126422,0.685378829572555,0.247844432214273,0.000183452577508714,0.0456796917996698,0.00403595670519171,0.0168776371308017
247773.411807,2597366.126422,0.8503663003663,0.00769230769230769,0,0.00421245421245421,0.0104395604395604,0.127289377289377
248273.411807,2597366.126422,0.354678899082569,0.0198165137614679,0,0.00201834862385321,0.0590825688073394,0.564403669724771
248773.411807,2597366.126422,0.719134103834159,0.123830489818382,0,0,0.00110071546505228,0.155934690882407
249273.411807,2597366.126422,0.8996336996337,0.0166666666666667,0.00384615384615385,0.0419413919413919,0.00421245421245421,0.0336996336996337
249773.411807,2597366.126422,0.734322820037106,0.0564007421150278,0.0025974025974026,0.0536178107606679,0.0346938775510204,0.118367346938776
237273.411807,2596866.126422,0.759680756724801,0.0109370381318356,0,0.0050251256281407,0.0100502512562814,0.214306828258942
237773.411807,2596866.126422,0.822893772893773,0.0611721611721612,0.00128205128205128,0.00952380952380952,0.03003663003663,0.0750915750915751
238273.411807,2596866.126422,0.67948717948718,0.0793040293040293,0,0,0,0.241208791208791
238773.411807,2596866.126422,0.419141914191419,0.0124679134580125,0,0,0,0.568390172350568
239273.411807,2596866.126422,0.460805860805861,0.0247252747252747,0,0.000366300366300366,0.00274725274725275,0.511355311355311
239773.411807,2596866.126422,0.616666666666667,0.000549450549450549,0,0.0179487179487179,0.0210622710622711,0.343772893772894
240273.411807,2596866.126422,0.351851851851852,0.000916758342500917,0,0,0.000733406674000733,0.646497983131647
240773.411807,2596866.126422,0.256959706959707,0.00146520146520147,0,0.00183150183150183,0.000549450549450549,0.739194139194139
241273.411807,2596866.126422,0.383150183150183,0.00183150183150183,0,0.0021978021978022,0.0043956043956044,0.608424908424908
241773.411807,2596866.126422,0.524935826916025,0.00421708837550422,0,0,0,0.470847084708471
242273.411807,2596866.126422,0.717765567765568,0.0234432234432234,0,0,0,0.258791208791209
242773.411807,2596866.126422,0.753113553113553,0.160805860805861,0.0315018315018315,0.0043956043956044,0.00567765567765568,0.0445054945054945
243273.411807,2596866.126422,0.508434176751008,0.200953428676201,0.180601393472681,0.0161349468280161,0.0181518151815182,0.0757242390905757
243773.411807,2596866.126422,0.851282051282051,0.00659340659340659,0,0.000183150183150183,0.00531135531135531,0.136630036630037
244273.411807,2596866.126422,0.871611721611722,0.0668498168498168,0,0,0,0.0615384615384615
244773.411807,2596866.126422,0.633296662999633,0.221305463879721,0.0518885221855519,0.000916758342500917,0.0111844517785112,0.0814081408140814
245273.411807,2596866.126422,0.48992673992674,0.307875457875458,0.0957875457875458,0.0141025641025641,0.017032967032967,0.0752747252747253
245773.411807,2596866.126422,0.498168498168498,0.0443223443223443,0,0.0157509157509158,0.0527472527472527,0.389010989010989
246273.411807,2596866.126422,0.685551888522186,0.201503483681702,0.0300696736340301,0.00183351668500183,0.00605060506050605,0.074990832416575
246773.411807,2596866.126422,0.441025641025641,0.390659340659341,0.05,0.0238095238095238,0.0183150183150183,0.0761904761904762
247273.411807,2596866.126422,0.673992673992674,0.119413919413919,0.0514652014652015,0.00622710622710623,0.0032967032967033,0.145604395604396
247773.411807,2596866.126422,0.593142647598093,0.011001100110011,0,0.00403373670700403,0.0245691235790246,0.367253392005867
248273.411807,2596866.126422,0.567399267399267,0.0236263736263736,0,0.000366300366300366,0.00256410256410256,0.406043956043956
248773.411807,2596866.126422,0.904029304029304,0.0382783882783883,0,0,0,0.0576923076923077
249273.411807,2596866.126422,0.676200953428676,0.0715071507150715,0.00366703337000367,0.0757242390905757,0.0674734140080675,0.105427209387605
249773.411807,2596866.126422,0.853093738421638,0.0324194145979993,0.0120414968506854,0.0203779177473138,0.0237124861059652,0.0583549462763987
237273.411807,2596366.126422,0.854523950325251,0.0567711413364873,0,0,0,0.0887049083382614
237773.411807,2596366.126422,0.803450174343916,0.127546338777757,0,0,0.000734079647641769,0.0682694072306845
238273.411807,2596366.126422,0.504492939666239,0.000916926462497708,0,0,0,0.494590133871264
238773.411807,2596366.126422,0.673996701484332,0.000549752611324904,0,0,0.000916254352208173,0.324537291552135
239273.411807,2596366.126422,0.835015599192512,0,0,0,0,0.164984400807488
239773.411807,2596366.126422,0.730423620025674,0.000183385292499542,0,0,0.00165046763249587,0.267742527049331
240273.411807,2596366.126422,0.497159611508155,0.00311526479750779,0,0.0131940626717977,0.0163093274693055,0.470221733553234
240773.411807,2596366.126422,0.770049550376216,0,0,0,0.000183519911910442,0.229766929711874
241273.411807,2596366.126422,0.406015037593985,0,0,0.00146708233999633,0.00128369704749679,0.591234183018522
241773.411807,2596366.126422,0.619387942092725,0,0,0,0,0.380612057907275
242273.411807,2596366.126422,0.695356946228666,0,0,0,0,0.304643053771334
242773.411807,2596366.126422,0.593618191821016,0.00586832935998533,0.0106363469649734,0.0053181734824867,0.0265908674124335,0.357968090959105
243273.411807,2596366.126422,0.772035917170607,0.0256551218618288,0.00146600696353308,0.0047645226314825,0.0142935678944475,0.181784863478102
243773.411807,2596366.126422,0.683428151954487,0,0,0,0,0.316571848045513
244273.411807,2596366.126422,0.744544287548139,0.061617458279846,0.0198056115899505,0.0210893086374473,0.0333761232349166,0.119567210709701
244773.411807,2596366.126422,0.316657504123145,0.385926333150082,0.0879604178119846,0.0267546270844787,0.0450797141286421,0.137621403701668
245273.411807,2596366.126422,0.0418425399155808,0.240227564690769,0.356212149018168,0.144063130849697,0.0682694072306845,0.1493852082951
245773.411807,2596366.126422,0.00256739409499358,0.130020172382175,0.088391710984779,0.442508710801394,0.163396295617092,0.173115716119567
246273.411807,2596366.126422,0.0463624702217336,0.0930914421843504,0.0703683342495877,0.128275609309144,0.161627267729522,0.500274876305662
246773.411807,2596366.126422,0.258763075793724,0.0367039823820885,0.0141310332171041,0.0761607634428336,0.18682327032483,0.42741787483942
247273.411807,2596366.126422,0.93196405648267,0.00366770584999083,0,0,0.00458463231248854,0.0597836053548505
247773.411807,2596366.126422,0.82059739783764,0.0183250870441635,0,0.0258383727322705,0.059190031152648,0.0760491112332784
248273.411807,2596366.126422,0.197283905303725,0.108276748027161,0,0,0.0034868783262984,0.690952468342815
248773.411807,2596366.126422,0.552906656886118,0.11186502842472,0,0,0,0.335228314689162
249273.411807,2596366.126422,0.848818031885651,0.00568077698369067,0,0,0,0.145501191130658
249773.411807,2596366.126422,0.726665429578772,0.0497309333828169,0.0128038597142327,0.0738541473371683,0.028391167192429,0.108554462794582
237273.411807,2595866.126422,0.503841607565012,0.0806737588652482,0,0,0,0.41548463356974
237773.411807,2595866.126422,0.515963302752294,0.124770642201835,0,0,0,0.359266055045872
238273.411807,2595866.126422,0.615299944964227,0.00110071546505228,0,0.00715465052283985,0.0130251330031187,0.363419556044762
238773.411807,2595866.126422,0.341025641025641,0.000366300366300366,0,0.00769230769230769,0.00897435897435897,0.641941391941392
239273.411807,2595866.126422,0.629908256880734,0.00018348623853211,0,0.00110091743119266,0.0036697247706422,0.365137614678899
239773.411807,2595866.126422,0.942212438084755,0,0,0,0,0.0577875619152449
240273.411807,2595866.126422,0.447619047619048,0.000915750915750916,0,0.0258241758241758,0.0223443223443223,0.503296703296703
240773.411807,2595866.126422,0.741467889908257,0,0,0,0,0.258532110091743
241273.411807,2595866.126422,0.733993762612365,0,0,0.00366905155017428,0.010273344340488,0.252063841496973
241773.411807,2595866.126422,0.811721611721612,0.000183150183150183,0,0.000183150183150183,0.000915750915750916,0.186996336996337
242273.411807,2595866.126422,0.786238532110092,0,0,0.00055045871559633,0.00238532110091743,0.210825688073394
242773.411807,2595866.126422,0.291506145661347,0.00275178866263071,0.0143093010456797,0.0106402494955054,0.0365070629242341,0.644285452210604
243273.411807,2595866.126422,0.796336996336996,0,0,0.0010989010989011,0.00146520146520147,0.201098901098901
243773.411807,2595866.126422,0.808256880733945,0.00623853211009174,0,0,0.00128440366972477,0.184220183486239
244273.411807,2595866.126422,0.562649055219226,0.000183452577508714,0,0,0.00513667217024399,0.432030820033021
244773.411807,2595866.126422,0.648717948717949,0.0503663003663004,0.00970695970695971,0.00970695970695971,0.0272893772893773,0.254212454212454
245273.411807,2595866.126422,0.33743119266055,0.0658715596330275,0.00018348623853211,0.046605504587156,0.0686238532110092,0.481284403669725
245773.411807,2595866.126422,0.00311869381764814,0.0818198495688864,0.0999816547422491,0.157218858924968,0.236286919831224,0.421574023115025
246273.411807,2595866.126422,0.778388278388278,0.00238095238095238,0,0.000915750915750916,0.00549450549450549,0.212820512820513
246773.411807,2595866.126422,0.71045871559633,0.00587155963302752,0,0.00275229357798165,0.0229357798165138,0.257981651376147
247273.411807,2595866.126422,0.681342872867364,0.00458631443771785,0.000366905155017428,0.0412768299394606,0.0405430196294258,0.231884057971014
247773.411807,2595866.126422,0.258241758241758,0.000183150183150183,0,0.00549450549450549,0.0611721611721612,0.674908424908425
248273.411807,2595866.126422,0.122201834862385,0.0537614678899083,0,0.00018348623853211,0.026605504587156,0.797247706422018
248773.411807,2595866.126422,0.725371491469455,0.00972298660796184,0,0,0,0.264905521922583
249273.411807,2595866.126422,0.982417582417582,0.000183150183150183,0,0,0,0.0173992673992674
249773.411807,2595866.126422,0.833580705009276,0.0155844155844156,0,0.0179962894248609,0.0293135435992579,0.103525046382189
237273.411807,2595366.126422,0.572568725982855,0,0,0,0.000295595625184747,0.42713567839196
237773.411807,2595366.126422,0.57032967032967,0.0111721611721612,0,0.000366300366300366,0.00311355311355311,0.415018315018315
238273.411807,2595366.126422,0.387912087912088,0.0139194139194139,0,0.0163003663003663,0.0503663003663004,0.531501831501832
238773.411807,2595366.126422,0.702970297029703,0.00366703337000367,0,0.0264026402640264,0.0148514851485149,0.252108544187752
239273.411807,2595366.126422,0.578388278388278,0.0117216117216117,0,0.0254578754578755,0.0597069597069597,0.324725274725275
239773.411807,2595366.126422,0.843772893772894,0.00128205128205128,0.00201465201465201,0.071978021978022,0.0175824175824176,0.0633699633699634
240273.411807,2595366.126422,0.887055372203887,0,0,0.000916758342500917,0.00256692335900257,0.109460946094609
240773.411807,2595366.126422,0.805494505494506,0,0,0.000183150183150183,0.00421245421245421,0.19010989010989
241273.411807,2595366.126422,0.678754578754579,0.00695970695970696,0,0.089010989010989,0.0613553113553114,0.163919413919414
241773.411807,2595366.126422,0.865053171983865,0.0106343967730106,0.00586725339200587,0.0188852218555189,0.00806747341400807,0.0914924825815915
242273.411807,2595366.126422,0.848534798534799,0.00531135531135531,0.00201465201465201,0.00915750915750916,0.0139194139194139,0.121062271062271
242773.411807,2595366.126422,0.576739926739927,0.00366300366300366,0,0.00366300366300366,0.0161172161172161,0.39981684981685
243273.411807,2595366.126422,0.687568756875688,0.00495049504950495,0,0,0.0011001100110011,0.306380638063806
243773.411807,2595366.126422,0.869047619047619,0.0179487179487179,0,0.000183150183150183,0.00164835164835165,0.111172161172161
244273.411807,2595366.126422,0.809157509157509,0.0886446886446886,0.00311355311355311,0.000366300366300366,0.00146520146520147,0.0972527472527473
244773.411807,2595366.126422,0.634946828016135,0.079024569123579,0.0265859919325266,0.0447378071140447,0.0302530253025303,0.184451778511184
245273.411807,2595366.126422,0.118131868131868,0.0875457875457875,0.0987179487179487,0.191391941391941,0.135347985347985,0.368864468864469
245773.411807,2595366.126422,0.416300366300366,0.00347985347985348,0,0.0302197802197802,0.0652014652014652,0.484798534798535
246273.411807,2595366.126422,0.677484415108177,0.00055005500550055,0,0.00128346167950128,0.013017968463513,0.307664099743308
246773.411807,2595366.126422,0.921062271062271,0,0,0,0,0.0789377289377289
247273.411807,2595366.126422,0.696520146520146,0.00586080586080586,0,0.00732600732600733,0.0106227106227106,0.27967032967033
247773.411807,2595366.126422,0.909057572423909,0.000916758342500917,0,0.00055005500550055,0.000366703337000367,0.0891089108910891
248273.411807,2595366.126422,0.790842490842491,0,0,0,0,0.209157509157509
248773.411807,2595366.126422,0.953296703296703,0,0,0,0,0.0467032967032967
249273.411807,2595366.126422,0.958745874587459,0,0,0,0,0.0412541254125413
249773.411807,2595366.126422,0.977399036680252,0,0,0,0,0.0226009633197481
237273.411807,2594866.126422,0.758722649319929,0.00118273211117682,0,0,0,0.240094618568894
237773.411807,2594866.126422,0.708019820150486,0.000367039823820885,0,0,0.000550559735731327,0.291062580289961
238273.411807,2594866.126422,0.825600586832936,0.00770218228498074,0,0,0,0.166697230882083
238773.411807,2594866.126422,0.845519516217702,0.00403151914971596,0,0.000183250870441635,0.0113615539673813,0.138904159794759
239273.411807,2594866.126422,0.866213984217288,0.00642319691686548,0.000367039823820885,0.00880895577170123,0.0165167920719398,0.101670031198385
239773.411807,2594866.126422,0.613423803410966,0.00330093526499175,0.00770218228498074,0.187052998349532,0.111498257839721,0.0770218228498075
240273.411807,2594866.126422,0.906725306945208,0.000366501740883269,0,0.00128275609309144,0.00787978742899029,0.083745647791827
240773.411807,2594866.126422,0.645806570012846,0.00697375665259681,0.0445953385942375,0.220774454028262,0.0332171040557901,0.0486327766562672
241273.411807,2594866.126422,0.80799559875298,0.0370438290849074,0.00128369704749679,0.0878415551072804,0.0185219145424537,0.0473134054648817
241773.411807,2594866.126422,0.829210188748397,0.0586402785413231,0.026571376214037,0.0229063588052043,0.00568077698369067,0.0569910207073484
242273.411807,2594866.126422,0.835566158928244,0.0486327766562672,0.00422095797394017,0.00991007524316388,0.0121123141860892,0.0895577170122958
242773.411807,2594866.126422,0.669172932330827,0.136255272327159,0.0216394645149459,0.00953603520997616,0.0115532734274711,0.15184302218962
243273.411807,2594866.126422,0.657870624885468,0.123511086677662,0,0.00128275609309144,0.00971229613340663,0.207623236210372
243773.411807,2594866.126422,0.815011928794274,0.0563406129565058,0.000550559735731327,0,0.00238575885483575,0.125711139658653
244273.411807,2594866.126422,0.469099578213827,0.00495140289748762,0,0.000916926462497708,0.00861910874747845,0.516412983678709
244773.411807,2594866.126422,0.233828110683526,0.000183250870441635,0,0.259666483415796,0.176104086494411,0.330218068535826
245273.411807,2594866.126422,0.00403743806202973,0.0106441548908057,0.000367039823820885,0.119838502477519,0.31124977060011,0.553863094145715
245773.411807,2594866.126422,0.53200073354117,0.000183385292499542,0,0.0399779937649001,0.122134604804695,0.305703282596736
246273.411807,2594866.126422,0.837639728788712,0,0,0.000183250870441635,0.000366501740883269,0.161810518599963
246773.411807,2594866.126422,0.907505964397137,0,0,0.000183519911910442,0.000550559735731327,0.0917599559552211
247273.411807,2594866.126422,0.869796442325325,0.000183385292499542,0,0,0,0.130020172382175
247773.411807,2594866.126422,0.927066153564229,0,0,0,0,0.0729338464357706
248273.411807,2594866.126422,0.928243714443017,0.00532207744540283,0,0,0,0.0664342081115801
248773.411807,2594866.126422,0.949935815147625,0.0102695763799743,0,0.000366770584999083,0.00275077938749312,0.0366770584999083
249273.411807,2594866.126422,0.950888766721642,0.0183250870441635,0,0,0,0.0307861462341946
249773.411807,2594866.126422,0.943403228799406,0.00482464279087029,0,0,0.00204119502690666,0.0497309333828169
237273.411807,2594366.126422,0.824468085106383,0.0203900709219858,0,0,0,0.155141843971631
237773.411807,2594366.126422,0.548440366972477,0.00146788990825688,0,0.00165137614678899,0.0148623853211009,0.433577981651376
238273.411807,2594366.126422,0.82021647404146,0.000550357732526142,0,0.0104567969179967,0.00678774536782242,0.161988625940194
238773.411807,2594366.126422,0.823992673992674,0,0,0,0,0.176007326007326
239273.411807,2594366.126422,0.645504587155963,0.0165137614678899,0.0018348623853211,0.0935779816513762,0.0822018348623853,0.160366972477064
239773.411807,2594366.126422,0.535131168592919,0.0288020546688681,0.071179600073381,0.121995964043295,0.0596220876903321,0.183269124931205
240273.411807,2594366.126422,0.747435897435897,0.0503663003663004,0.021978021978022,0.0388278388278388,0.0327838827838828,0.108608058608059
240773.411807,2594366.126422,0.925321100917431,0.0288073394495413,0,0.00018348623853211,0.00055045871559633,0.0451376146788991
241273.411807,2594366.126422,0.945331131902403,0.0337552742616034,0,0,0,0.0209135938359934
241773.411807,2594366.126422,0.936996336996337,0.0472527472527473,0,0,0.00201465201465201,0.0137362637362637
242273.411807,2594366.126422,0.818899082568807,0.068256880733945,0,0.00036697247706422,0.00220183486238532,0.110275229357798
242773.411807,2594366.126422,0.807925151348376,0.0618235186204366,0,0.000183452577508714,0.00293524124013942,0.127132636213539
243273.411807,2594366.126422,0.70970695970696,0.145421245421245,0.00146520146520147,0.0032967032967033,0.00970695970695971,0.13040293040293
243773.411807,2594366.126422,0.75743119266055,0.0588990825688073,0,0,0.00073394495412844,0.182935779816514
244273.411807,2594366.126422,0.744450559530361,0.0717299578059072,0,0.00183452577508714,0.00385250412768299,0.178132452760961
244773.411807,2594366.126422,0.574175824175824,0.127838827838828,0.0232600732600733,0.0212454212454212,0.0417582417582418,0.211721611721612
245273.411807,2594366.126422,0.14605504587156,0.0897247706422018,0.0522935779816514,0.0697247706422018,0.164770642201835,0.47743119266055
245773.411807,2594366.126422,0.783525958539718,0.00330214639515685,0,0.00568702990277013,0.0108237020730141,0.196661163089341
246273.411807,2594366.126422,0.563919413919414,0.164468864468864,0.00183150183150183,0.0124542124542125,0.0276556776556777,0.22967032967033
246773.411807,2594366.126422,0.761467889908257,0.0911926605504587,0.00788990825688073,0.00623853211009174,0.00770642201834862,0.125504587155963
247273.411807,2594366.126422,0.898550724637681,0.0471473124197395,0,0.000183452577508714,0.00275178866263071,0.0513667217024399
247773.411807,2594366.126422,0.954029304029304,0.0161172161172161,0,0,0,0.0298534798534799
248273.411807,2594366.126422,0.904587155963303,0.0194495412844037,0,0,0,0.0759633027522936
248773.411807,2594366.126422,0.929554210236654,0.0190790680609063,0,0,0,0.0513667217024399
249273.411807,2594366.126422,0.853479853479853,0,0,0,0,0.146520146520147
249773.411807,2594366.126422,0.819294990723562,0.0411873840445269,0.000556586270871985,0.00816326530612245,0.0215213358070501,0.109276437847866
237273.411807,2593866.126422,0.867277564292048,0,0,0,0,0.132722435707952
237773.411807,2593866.126422,0.393772893772894,0.0217948717948718,0,0.0512820512820513,0.0703296703296703,0.462820512820513
238273.411807,2593866.126422,0.825091575091575,0.000732600732600733,0,0.0271062271062271,0.0102564102564103,0.136813186813187
238773.411807,2593866.126422,0.749358269160249,0.00513384671800513,0.0022002200220022,0.0562889622295563,0.0319031903190319,0.155115511551155
239273.411807,2593866.126422,0.80018315018315,0.0186813186813187,0.00732600732600733,0.0542124542124542,0.0307692307692308,0.0888278388278388
239773.411807,2593866.126422,0.868864468864469,0.00860805860805861,0,0.00787545787545788,0.0208791208791209,0.0937728937728938
240273.411807,2593866.126422,0.747341400806747,0.0298863219655299,0.052988632196553,0.0353868720205354,0.0315364869820315,0.102860286028603
240773.411807,2593866.126422,0.777655677655678,0.0377289377289377,0.000915750915750916,0.0100732600732601,0.0296703296703297,0.143956043956044
241273.411807,2593866.126422,0.911904761904762,0.00805860805860806,0,0.00146520146520147,0.00421245421245421,0.0743589743589744
241773.411807,2593866.126422,0.873670700403374,0.00458379171250458,0,0,0,0.121745507884122
242273.411807,2593866.126422,0.633150183150183,0.0164835164835165,0.00238095238095238,0.0111721611721612,0.0203296703296703,0.316483516483516
242773.411807,2593866.126422,0.801282051282051,0.112271062271062,0.00128205128205128,0.00146520146520147,0.0043956043956044,0.0793040293040293
243273.411807,2593866.126422,0.391272460579391,0.202236890355702,0.0353868720205354,0.148514851485149,0.026952695269527,0.195636230289696
243773.411807,2593866.126422,0.603663003663004,0.121062271062271,0.0238095238095238,0.00366300366300366,0.0225274725274725,0.225274725274725
244273.411807,2593866.126422,0.590842490842491,0.146886446886447,0.00934065934065934,0.00659340659340659,0.0254578754578755,0.220879120879121
244773.411807,2593866.126422,0.0645397873120645,0.133846718005134,0.0551888522185552,0.234323432343234,0.15988265493216,0.352218555188852
245273.411807,2593866.126422,0.0454212454212454,0.0324175824175824,0.0976190476190476,0.209157509157509,0.343040293040293,0.272344322344322
245773.411807,2593866.126422,0.0111721611721612,0.14047619047619,0.105677655677656,0.280952380952381,0.217948717948718,0.243772893772894
246273.411807,2593866.126422,0.182434910157682,0.0788412174550788,0.0878254492115878,0.137513751375138,0.172533920058673,0.340850751741841
246773.411807,2593866.126422,0.50018315018315,0.11959706959707,0.023992673992674,0.0532967032967033,0.0853479853479854,0.217582417582418
247273.411807,2593866.126422,0.619413919413919,0.00183150183150183,0,0.00586080586080586,0.00549450549450549,0.367399267399267
247773.411807,2593866.126422,0.296846351301797,0.000183351668500183,0,0.00238357169050238,0.00366703337000367,0.696919691969197
248273.411807,2593866.126422,0.730952380952381,0,0,0.000366300366300366,0.000183150183150183,0.268498168498168
248773.411807,2593866.126422,0.98021978021978,0,0,0,0,0.0197802197802198
249273.411807,2593866.126422,0.993949394939494,0,0,0,0,0.00605060506050605
249773.411807,2593866.126422,0.875509447943683,0.012597258243794,0.0109299740644683,0.00741015190811412,0.0107447202667655,0.0828084475731753
237273.411807,2593366.126422,0.821998817267889,0.000591366055588409,0,0.00591366055588409,0.00857480780603193,0.162921348314607
237773.411807,2593366.126422,0.826206643420811,0.0034868783262984,0,0.0189025509267756,0.0102771150669848,0.14112681225913
238273.411807,2593366.126422,0.750045846323125,0.0066018705299835,0.000183385292499542,0.0858243168897854,0.0377773702549056,0.119567210709701
238773.411807,2593366.126422,0.712845886017959,0.023089609675646,0.0333516584203775,0.0634048011728056,0.0371999266996518,0.130108118013561
239273.411807,2593366.126422,0.80088089557717,0.0165167920719398,0.00385391815011929,0.0119287942741787,0.0288126261699394,0.138006973756653
239773.411807,2593366.126422,0.905006418485237,0.00495140289748762,0.000183385292499542,0.00861910874747845,0.0262240968274344,0.0550155877498625
240273.411807,2593366.126422,0.842770753161078,0.0128275609309144,0.00256551218618288,0.00256551218618288,0.0120945574491479,0.127176104086494
240773.411807,2593366.126422,0.941273628188658,0.00807487612405946,0,0,0.000367039823820885,0.0502844558634612
241273.411807,2593366.126422,0.926462497707684,0.0451127819548872,0,0,0,0.0284247203374289
241773.411807,2593366.126422,0.851200293201393,0.0192413413963716,0,0.000366501740883269,0.00568077698369067,0.123511086677662
242273.411807,2593366.126422,0.82583960359699,0.022389429253074,0,0,0.00422095797394017,0.147550009175996
242773.411807,2593366.126422,0.692462864478269,0.0309921144324225,0.00806895286997983,0.0201723821749496,0.0696864111498258,0.178617274894553
243273.411807,2593366.126422,0.268462525196995,0.144768187648891,0.205424225765072,0.185449880886934,0.0749496060106286,0.120945574491479
243773.411807,2593366.126422,0.15360616626904,0.260598274912828,0.0728574050284456,0.0645990089924757,0.0765278032666544,0.371811341530556
244273.411807,2593366.126422,0.104346231432239,0.0198056115899505,0,0.0929763432972676,0.221529433339446,0.561342380341097
244773.411807,2593366.126422,0.4753527579256,0,0,0.00751328568810702,0.032618654938611,0.484515301447682
245273.411807,2593366.126422,0.567443567627088,0.00642319691686548,0,0.0328500642319692,0.0600110111947146,0.333272160029363
245773.411807,2593366.126422,0.0337428938199156,0.123051531267192,0.000366770584999083,0.0456629378323858,0.312488538419219,0.484687328076288
246273.411807,2593366.126422,0.611141652922851,0.0128275609309144,0,0.00219901044529962,0.0212571009712296,0.352574674729705
246773.411807,2593366.126422,0.801247935400991,0.00201871903101487,0,0.000917599559552211,0.000917599559552211,0.19489814644889
