"x","y","forest","agri","water","built","other","grass"
250273.411807,2751866.126422,0.0334839224023386,0.045708211533351,0.0302949774116397,0.712729205421206,0.0930108955620516,0.0847727876694127
250773.411807,2751866.126422,0.130342447571011,0.0960976904698699,0.0581364481019379,0.578975311919299,0.0658348818688612,0.0706132200690204
251273.411807,2751866.126422,0.0513434424048949,0.0207501995211492,0.0311252992817239,0.805799414737962,0.0579941473796222,0.0329874966746475
251773.411807,2751866.126422,0.162370449109753,0.0366728673930375,0.00239170874302418,0.404464522986978,0.169811320754717,0.22428913101249
252273.411807,2751866.126422,0.128749668170958,0.0703477568356783,0.00610565436687019,0.57419697371914,0.0958322272365277,0.124767719670826
252773.411807,2751866.126422,0.177440808725725,0.133014099494546,0.00904495876562916,0.491088055333865,0.104283054003724,0.0851290236765097
253273.411807,2751866.126422,0.0661706085570024,0.0579325006643635,0.024448578262025,0.71326069625299,0.104969439277172,0.033218176986447
253773.411807,2751866.126422,0.0244226174674808,0.040881337934696,0.0783116538359437,0.741173347491372,0.0971595434032387,0.0180514998672684
254273.411807,2751866.126422,0.2902367650971,0.0274009044958766,0.0388401170524076,0.300345836658686,0.16999201915403,0.173184357541899
254773.411807,2751866.126422,0.566834972096731,0.0066436353972894,0.00239170874302418,0.250066436353973,0.0542120648418815,0.119851182567101
255273.411807,2751866.126422,0.523758959384125,0.00929121316697637,0,0.0313246615343775,0.04380143350146,0.391823732413061
255773.411807,2751866.126422,0.790635807395584,0.00532056397978186,0.00266028198989093,0.0180899175312583,0.0220803405160947,0.16121308858739
256273.411807,2751866.126422,0.843741695455753,0,0,0.008769598724422,0.0212596332713261,0.126229072548499
256773.411807,2751866.126422,0.856118927528537,0,0,0.00212370586673746,0.0045128749668171,0.137244491637908
257273.411807,2751866.126422,0.493482309124767,0.00186219739292365,0.000266028198989093,0.00984304336259643,0.014365522745411,0.480180899175313
257773.411807,2751866.126422,0.438214190805209,0.00132872707945788,0,0.0589954823279298,0.0566037735849057,0.444857826202498
258273.411807,2751866.126422,0.761083089992036,0.00132731616671091,0,0.00345102203344837,0.00902574993363419,0.22511282187417
258773.411807,2751866.126422,0.701516360734238,0.017291832934291,0,0.0955041234370843,0.031657355679702,0.154030327214685
259273.411807,2751866.126422,0.561254318363008,0.0348126494817964,0.000265745415891576,0.024448578262025,0.036938612808929,0.34228009566835
259773.411807,2751866.126422,0.577382532519246,0,0,0.00477833820015928,0.0045128749668171,0.413326254313778
260273.411807,2751866.126422,0.536046820963022,0.000266028198989093,0,0.0148975791433892,0.0140994945464219,0.434690077148178
260773.411807,2751866.126422,0.42997608291257,0.00930108955620516,0,0.0111613074674462,0.0135530162104704,0.536008503853309
261273.411807,2751866.126422,0.419166445447306,0.0106185293336873,0,0.0400849482346695,0.040881337934696,0.489248739049642
261773.411807,2751866.126422,0.876030859271083,0,0,0.00159616919393456,0.000532056397978186,0.121840915137005
262273.411807,2751866.126422,0.377889981397821,0.000531490831783152,0,0.0119585437151209,0.0100983258038799,0.599521658251395
250273.411807,2751366.126422,0.0195970695970696,0.0201465201465201,0.0217948717948718,0.853663003663004,0.0765567765567766,0.00824175824175824
250773.411807,2751366.126422,0.0308030803080308,0.0247524752475248,0.0335533553355336,0.786395306197286,0.0828749541620829,0.0416208287495416
251273.411807,2751366.126422,0.0177655677655678,0.00989010989010989,0.0241758241758242,0.909157509157509,0.0353479853479853,0.00366300366300366
251773.411807,2751366.126422,0.120695970695971,0.0734432234432234,0.0232600732600733,0.636263736263736,0.0855311355311355,0.0608058608058608
252273.411807,2751366.126422,0.0892922625595893,0.081041437477081,0.0533553355335534,0.624679134580125,0.0973597359735974,0.0542720938760543
252773.411807,2751366.126422,0.100549450549451,0.0642857142857143,0.00128205128205128,0.697069597069597,0.0970695970695971,0.0397435897435897
253273.411807,2751366.126422,0.1003663003663,0.0721611721611722,0.000183150183150183,0.684432234432234,0.0690476190476191,0.0738095238095238
253773.411807,2751366.126422,0.3001466813348,0.0320865419875321,0.00403373670700403,0.317931793179318,0.130913091309131,0.214888155482215
254273.411807,2751366.126422,0.665018315018315,0.00586080586080586,0.00604395604395604,0.0917582417582418,0.0489010989010989,0.182417582417582
254773.411807,2751366.126422,0.171062271062271,0.00915750915750916,0,0.356227106227106,0.101098901098901,0.362454212454212
255273.411807,2751366.126422,0.486615328199487,0.00275027502750275,0,0.184085075174184,0.0672900623395673,0.259259259259259
255773.411807,2751366.126422,0.608974358974359,0.00677655677655678,0.00128205128205128,0.0135531135531136,0.0388278388278388,0.330586080586081
256273.411807,2751366.126422,0.577838827838828,0.00347985347985348,0.00183150183150183,0.0197802197802198,0.0265567765567766,0.370512820512821
256773.411807,2751366.126422,0.588925559222589,0.00935093509350935,0,0.0194352768610194,0.0126512651265127,0.36963696369637
257273.411807,2751366.126422,0.55018315018315,0.0142857142857143,0,0.00750915750915751,0.021978021978022,0.406043956043956
257773.411807,2751366.126422,0.598717948717949,0.00164835164835165,0.0010989010989011,0.0021978021978022,0.0117216117216117,0.384615384615385
258273.411807,2751366.126422,0.541620828749542,0.00311697836450312,0.00165016501650165,0.0190685735240191,0.0518885221855519,0.382654932159883
258773.411807,2751366.126422,0.517765567765568,0.00586080586080586,0.00201465201465201,0.0249084249084249,0.0424908424908425,0.406959706959707
259273.411807,2751366.126422,0.694688644688645,0.000366300366300366,0,0.00769230769230769,0.0122710622710623,0.284981684981685
259773.411807,2751366.126422,0.738723872387239,0.00146681334800147,0,0.00476714338100477,0.00806747341400807,0.246974697469747
260273.411807,2751366.126422,0.629487179487179,0.000549450549450549,0.000732600732600733,0.00695970695970696,0.00805860805860806,0.354212454212454
260773.411807,2751366.126422,0.865384615384615,0.00146520146520147,0,0,0.000183150183150183,0.132967032967033
261273.411807,2751366.126422,0.591675834250092,0.00495049504950495,0,0.048038137147048,0.0355702236890356,0.31976530986432
261773.411807,2751366.126422,0.86007326007326,0.000183150183150183,0,0.000183150183150183,0.0010989010989011,0.138461538461538
262273.411807,2751366.126422,0.804761904761905,0,0,0.00421245421245421,0.0032967032967033,0.187728937728938
250273.411807,2750866.126422,0.0706033376123235,0.0322758114799193,0.0203557674674491,0.712818631945718,0.103062534384742,0.0608839171098478
250773.411807,2750866.126422,0.0164925783397471,0.0221733553234378,0.117647058823529,0.818948140003665,0.0221733553234378,0.00256551218618288
251273.411807,2750866.126422,0.102954670581758,0.0416590200036704,0.0974490732244448,0.614424665076161,0.0640484492567444,0.0794641218572215
251773.411807,2750866.126422,0.0414450761048964,0.0502475701448744,0.0696864111498258,0.737942417018155,0.0858243168897854,0.0148542086924629
252273.411807,2750866.126422,0.0811801356056441,0.0485614806670332,0.0243723657687374,0.730254718709914,0.0934579439252336,0.0221733553234378
252773.411807,2750866.126422,0.129748577720683,0.204257661956322,0.000550559735731327,0.408882363736465,0.100752431638833,0.155808405211966
253273.411807,2750866.126422,0.230331927379424,0.0627177700348432,0,0.275628094626811,0.0746378140473134,0.356684393911608
253773.411807,2750866.126422,0.523181235110867,0.0047645226314825,0.00183250870441635,0.0670698185816383,0.0984057174271578,0.304746197544438
254273.411807,2750866.126422,0.646540649660488,0.00146815929528354,0,0.038172141677372,0.0585428518994311,0.255276197467425
254773.411807,2750866.126422,0.317073170731707,0.000366770584999083,0,0.114982578397213,0.112781954887218,0.454795525398863
255273.411807,2750866.126422,0.422026754627084,0.00183250870441635,0.00164925783397471,0.0720175920835624,0.0754993586219534,0.426974528129009
255773.411807,2750866.126422,0.675169755918517,0.000734079647641769,0,0.0181684712791338,0.0154156726004772,0.29051202055423
256273.411807,2750866.126422,0.715019255455712,0.000916926462497708,0,0.013203741059967,0.0154043645699615,0.255455712451861
256773.411807,2750866.126422,0.713212387758842,0.00274876305662452,0,0.0489279824079164,0.0309693971046362,0.204141469671981
257273.411807,2750866.126422,0.576986603046431,0.00660671682877592,0,0.011194714626537,0.0400073407964764,0.36520462470178
257773.411807,2750866.126422,0.522281313038694,0.00146708233999633,0,0.0265908674124335,0.0258573262424354,0.42380341096644
258273.411807,2750866.126422,0.329118563313176,0.00256551218618288,0,0.114715044896463,0.0991387209089243,0.454462158695254
258773.411807,2750866.126422,0.626169939438429,0.00330335841438796,0.000917599559552211,0.000917599559552211,0.00238575885483575,0.366305744173243
259273.411807,2750866.126422,0.801026957637997,0,0,0,0,0.198973042362003
259773.411807,2750866.126422,0.640645043063955,0.00586402785413231,0,0.0351841671247938,0.0287703866593366,0.289536375297783
260273.411807,2750866.126422,0.865112864745825,0.000367039823820885,0,0.000734079647641769,0.000550559735731327,0.133235456046981
260773.411807,2750866.126422,0.866312121767834,0.00165046763249587,0,0.00696864111498258,0.00330093526499175,0.121767834219696
261273.411807,2750866.126422,0.873740150265714,0.00458127176104087,0,0.00769653655854865,0.00733003481766538,0.106652006597031
261773.411807,2750866.126422,0.78418058359332,0.000183519911910442,0,0.00403743806202973,0.00367039823820885,0.207928060194531
262273.411807,2750866.126422,0.850540986612874,0,0,0.000183385292499542,0.00183385292499542,0.147441775169631
250273.411807,2750366.126422,0.202898550724638,0.232984773436067,0.000183452577508714,0.0286186020913594,0.0258668134287287,0.509447807741699
250773.411807,2750366.126422,0.11043956043956,0.0978021978021978,0.00677655677655678,0.584432234432234,0.0901098901098901,0.11043956043956
251273.411807,2750366.126422,0.238165137614679,0.0532110091743119,0.0174311926605505,0.456330275229358,0.120733944954128,0.114128440366972
251773.411807,2750366.126422,0.0267840763162722,0.0508163639699138,0.0554026784076316,0.775637497706843,0.0645753072830673,0.0267840763162722
252273.411807,2750366.126422,0.171245421245421,0.148168498168498,0.00128205128205128,0.558608058608059,0.0600732600732601,0.0606227106227106
252773.411807,2750366.126422,0.391743119266055,0.127889908256881,0,0.143669724770642,0.108623853211009,0.228073394495413
253273.411807,2750366.126422,0.52357365620987,0.0352228948816731,0.072463768115942,0.0403595670519171,0.0781507980187122,0.250229315721886
253773.411807,2750366.126422,0.631135531135531,0.00512820512820513,0,0.0311355311355311,0.0738095238095238,0.258791208791209
254273.411807,2750366.126422,0.360183486238532,0.0143119266055046,0.0253211009174312,0.0411009174311927,0.0658715596330275,0.493211009174312
254773.411807,2750366.126422,0.245092643551642,0,0,0.0236653824986241,0.0506329113924051,0.680609062557329
255273.411807,2750366.126422,0.161172161172161,0.00695970695970696,0.00457875457875458,0.125641025641026,0.123260073260073,0.578388278388278
255773.411807,2750366.126422,0.445504587155963,0,0,0.0374311926605505,0.0423853211009174,0.474678899082569
256273.411807,2750366.126422,0.295542102366538,0.00165107319757843,0,0.0880572372041827,0.0594386351128233,0.555310952118877
256773.411807,2750366.126422,0.505311355311355,0.00183150183150183,0,0.0227106227106227,0.0261904761904762,0.443956043956044
257273.411807,2750366.126422,0.50697247706422,0.00715596330275229,0,0.00110091743119266,0.00422018348623853,0.480550458715596
257773.411807,2750366.126422,0.697670152265639,0,0,0,0,0.302329847734361
258273.411807,2750366.126422,0.545421245421245,0.00476190476190476,0,0.0010989010989011,0.0032967032967033,0.445421245421245
258773.411807,2750366.126422,0.666238532110092,0.0121100917431193,0,0.00458715596330275,0.00642201834862385,0.310642201834862
259273.411807,2750366.126422,0.715831957439002,0,0,0.00146762062006971,0.00366905155017428,0.279031370390754
259773.411807,2750366.126422,0.643772893772894,0.000732600732600733,0,0.00769230769230769,0.0128205128205128,0.334981684981685
260273.411807,2750366.126422,0.860917431192661,0,0,0.00256880733944954,0.00201834862385321,0.134495412844037
260773.411807,2750366.126422,0.61621720785177,0.0104567969179967,0,0.00862227114290956,0.00715465052283985,0.357549073564484
261273.411807,2750366.126422,0.661904761904762,0.000183150183150183,0,0.00238095238095238,0.00146520146520147,0.334065934065934
261773.411807,2750366.126422,0.860550458715596,0.00128440366972477,0.00220183486238532,0.00128440366972477,0.00165137614678899,0.13302752293578
262273.411807,2750366.126422,0.707943496606127,0.000550357732526142,0,0.00697119794533113,0.00532012474775271,0.279214822968263
250273.411807,2749866.126422,0.388278388278388,0.0963369963369963,0.00457875457875458,0.195970695970696,0.0646520146520147,0.25018315018315
250773.411807,2749866.126422,0.468830216354969,0.167950128346168,0,0.115328199486615,0.0506050605060506,0.197286395306197
251273.411807,2749866.126422,0.465201465201465,0.0375457875457875,0.0021978021978022,0.210805860805861,0.0794871794871795,0.204761904761905
251773.411807,2749866.126422,0.168681318681319,0.0578754578754579,0.00824175824175824,0.508974358974359,0.136080586080586,0.12014652014652
252273.411807,2749866.126422,0.231939860652732,0.0623395672900623,0.000366703337000367,0.271177117711771,0.16960029336267,0.264576457645765
252773.411807,2749866.126422,0.304578754578755,0.0192307692307692,0,0.131684981684982,0.14010989010989,0.404395604395604
253273.411807,2749866.126422,0.353846153846154,0.0217948717948718,0.00714285714285714,0.181501831501831,0.15018315018315,0.285531135531136
253773.411807,2749866.126422,0.12981298129813,0.0231023102310231,0,0.0988265493215988,0.162266226622662,0.585991932526586
254273.411807,2749866.126422,0.0518315018315018,0.000915750915750916,0,0.0985347985347985,0.120879120879121,0.727838827838828
254773.411807,2749866.126422,0.26007326007326,0.0783882783882784,0,0.010989010989011,0.0445054945054945,0.606043956043956
255273.411807,2749866.126422,0.18958562522919,0.0368536853685369,0,0.0353868720205354,0.0423542354235424,0.695819581958196
255773.411807,2749866.126422,0.35989010989011,0.00164835164835165,0.0010989010989011,0.000366300366300366,0.00274725274725275,0.634249084249084
256273.411807,2749866.126422,0.487362637362637,0.000915750915750916,0,0.000915750915750916,0.00183150183150183,0.508974358974359
256773.411807,2749866.126422,0.510817748441511,0.00128346167950128,0,0.0055005500550055,0.00696736340300697,0.475430876420975
257273.411807,2749866.126422,0.728754578754579,0.00183150183150183,0,0.00183150183150183,0.0010989010989011,0.266483516483516
257773.411807,2749866.126422,0.611172161172161,0.00183150183150183,0,0.00659340659340659,0.0104395604395604,0.36996336996337
258273.411807,2749866.126422,0.375687568756876,0.0185185185185185,0,0.0302530253025303,0.0372203887055372,0.538320498716538
258773.411807,2749866.126422,0.718864468864469,0.0010989010989011,0,0.00695970695970696,0.0124542124542125,0.260622710622711
259273.411807,2749866.126422,0.645238095238095,0,0.000183150183150183,0.0161172161172161,0.0368131868131868,0.301648351648352
259773.411807,2749866.126422,0.616061606160616,0.000183351668500183,0,0.00623395672900623,0.0108177484415108,0.366703337000367
260273.411807,2749866.126422,0.678754578754579,0.00311355311355311,0,0.00659340659340659,0.00897435897435897,0.302564102564103
260773.411807,2749866.126422,0.565750915750916,0.0322344322344322,0,0.0263736263736264,0.0353479853479853,0.34029304029304
261273.411807,2749866.126422,0.804363769710304,0,0,0.0055005500550055,0.00476714338100477,0.185368536853685
261773.411807,2749866.126422,0.668864468864469,0.00384615384615385,0,0.0113553113553114,0.013003663003663,0.302930402930403
262273.411807,2749866.126422,0.647069597069597,0.00476190476190476,0,0.0269230769230769,0.0172161172161172,0.304029304029304
250273.411807,2749366.126422,0.0770218228498075,0.059600220062351,0.0177883733724555,0.37997432605905,0.14395745461214,0.321657803044196
250773.411807,2749366.126422,0.0599230346344145,0.11434854315558,0.0434304562946674,0.279824079164376,0.108484515301448,0.393989371449514
251273.411807,2749366.126422,0.195632226096531,0.0965314736648926,0.0792806019453111,0.181317672967517,0.0866213984217288,0.360616626904019
251773.411807,2749366.126422,0.57216211259857,0.0370438290849074,0.0607005318173482,0.0962772785622593,0.0513478818998716,0.182468366037044
252273.411807,2749366.126422,0.577973245372916,0.00439802089059923,0,0.0371999266996518,0.0503939893714495,0.330034817665384
252773.411807,2749366.126422,0.58909891723252,0.0124793540099101,0,0.0321159845843274,0.0583593319875206,0.307946412185722
253273.411807,2749366.126422,0.328993214744178,0.198789657069503,0.000550155877498625,0.0353933614524115,0.046396479002384,0.389877131854025
253773.411807,2749366.126422,0.348359904709547,0.00458127176104087,0.000916254352208173,0.0941909474070002,0.119296316657504,0.432655305112699
254273.411807,2749366.126422,0.290695540466141,0.0924940356028629,0,0.0502844558634612,0.128096898513489,0.438429069554047
254773.411807,2749366.126422,0.328259673574179,0.102145607922245,0,0.0232899321474418,0.109847790207225,0.436456996148909
255273.411807,2749366.126422,0.755726589701301,0.0232728605460876,0,0.000183250870441635,0.00256551218618288,0.218251786695987
255773.411807,2749366.126422,0.590016516792072,0.000183519911910442,0,0.00238575885483575,0.00183519911910442,0.405579005322077
256273.411807,2749366.126422,0.348798826334128,0.00623509994498441,0,0.00256739409499358,0.00623509994498441,0.63616357968091
256773.411807,2749366.126422,0.40809968847352,0.0225398570643211,0,0.0108118013560564,0.0089792926516401,0.549569360454462
257273.411807,2749366.126422,0.511286474582492,0.00752431638832813,0.0012846393833731,0.00605615709304459,0.00935951550743256,0.464488897045329
257773.411807,2749366.126422,0.521364386576197,0.028791490922428,0,0.0260407115349349,0.0341096644049147,0.389693746561526
258273.411807,2749366.126422,0.442550852116548,0.017042330951072,0.00238226131574125,0.0355506688656771,0.0514934945940993,0.450980392156863
258773.411807,2749366.126422,0.491649844008075,0.011194714626537,0,0.0412919801798495,0.0579922921636998,0.397871169021839
259273.411807,2749366.126422,0.807628828167981,0.0022006235099945,0,0.00128369704749679,0.00293416467999266,0.185952686594535
259773.411807,2749366.126422,0.594649074583104,0.00238226131574125,0,0.00696353307678211,0.0119113065787062,0.384093824445666
260273.411807,2749366.126422,0.594420994677923,0.00146815929528354,0.000367039823820885,0.0220223894292531,0.0264268673151037,0.355294549458616
260773.411807,2749366.126422,0.672840638180818,0.0262240968274344,0,0.017604988079956,0.0141206675224647,0.269209609389327
261273.411807,2749366.126422,0.695253802455562,0.00109950522264981,0,0.00604727872457394,0.0104452996151732,0.287154113982041
261773.411807,2749366.126422,0.687649109928427,0.00532207744540283,0,0.00220223894292531,0.00256927876674619,0.302257294916498
262273.411807,2749366.126422,0.555474050981111,0.0115532734274711,0.00110031175499725,0.0518980377773703,0.0381441408399046,0.341830185219145
250273.411807,2748866.126422,0.0774169877086773,0.156118143459916,0.00293524124013942,0.487800403595671,0.122546321775821,0.153182902219776
250773.411807,2748866.126422,0.0943223443223443,0.105677655677656,0.00567765567765568,0.678937728937729,0.0617216117216117,0.0536630036630037
251273.411807,2748866.126422,0.0759633027522936,0.026605504587156,0.0179816513761468,0.579633027522936,0.149724770642202,0.150091743119266
251773.411807,2748866.126422,0.0887910475142176,0.0544854155200881,0.0399926618968997,0.51073197578426,0.105301779490002,0.200697119794533
252273.411807,2748866.126422,0.155128205128205,0.0406593406593407,0.0401098901098901,0.263919413919414,0.1003663003663,0.39981684981685
252773.411807,2748866.126422,0.274678899082569,0.0699082568807339,0.00256880733944954,0.197798165137615,0.139449541284404,0.315596330275229
253273.411807,2748866.126422,0.382865529260686,0.0234819299211154,0.00293524124013942,0.141625389836727,0.105301779490002,0.34379013025133
253773.411807,2748866.126422,0.401465201465201,0.0153846153846154,0.0032967032967033,0.110622710622711,0.171794871794872,0.297435897435897
254273.411807,2748866.126422,0.78348623853211,0.00018348623853211,0,0.016697247706422,0.0121100917431193,0.187522935779817
254773.411807,2748866.126422,0.667950834709228,0.00642084021280499,0,0.0161438268207668,0.0326545587965511,0.276829939460649
255273.411807,2748866.126422,0.814285714285714,0.000366300366300366,0,0.0173992673992674,0.0197802197802198,0.148168498168498
255773.411807,2748866.126422,0.555229357798165,0.00238532110091743,0,0.0121100917431193,0.0146788990825688,0.415596330275229
256273.411807,2748866.126422,0.583195743900202,0.00605393505778756,0,0.00587048248027885,0.0113740598055403,0.393505778756192
256773.411807,2748866.126422,0.402930402930403,0.00347985347985348,0,0.00970695970695971,0.0173992673992674,0.566483516483516
257273.411807,2748866.126422,0.319266055045872,0.0431192660550459,0,0.021651376146789,0.0273394495412844,0.588623853211009
257773.411807,2748866.126422,0.618418638781875,0.0396257567418822,0,0.010273344340488,0.0196294257934324,0.312052834342323
258273.411807,2748866.126422,0.783882783882784,0,0,0.000183150183150183,0.00238095238095238,0.213553113553114
258773.411807,2748866.126422,0.798348623853211,0,0,0,0.00036697247706422,0.201284403669725
259273.411807,2748866.126422,0.778389286369473,0.000733810310034856,0,0.002568336085122,0.00440286186020914,0.213905705375161
259773.411807,2748866.126422,0.792673992673993,0,0,0.000549450549450549,0.000732600732600733,0.206043956043956
260273.411807,2748866.126422,0.708440366972477,0.00128440366972477,0.00073394495412844,0.033394495412844,0.0277064220183486,0.228440366972477
260773.411807,2748866.126422,0.298293891029169,0.0966795083470923,0.00091726288754357,0.0722803155384333,0.0867730691616217,0.44505595303614
261273.411807,2748866.126422,0.123260073260073,0.18021978021978,0,0.0619047619047619,0.0644688644688645,0.57014652014652
261773.411807,2748866.126422,0.303853211009174,0.0411009174311927,0,0.113577981651376,0.0906422018348624,0.450825688073395
262273.411807,2748866.126422,0.569436800587048,0.00587048248027885,0,0.0335718216840947,0.0247660979636764,0.366354797284902
250273.411807,2748366.126422,0.0862637362637363,0.0406593406593407,0.0113553113553114,0.604212454212454,0.0864468864468864,0.171062271062271
250773.411807,2748366.126422,0.117895122845618,0.0597726439310598,0.00916758342500917,0.301063439677301,0.149064906490649,0.363036303630363
251273.411807,2748366.126422,0.102564102564103,0.0655677655677656,0.0628205128205128,0.448534798534799,0.0983516483516483,0.222161172161172
251773.411807,2748366.126422,0.0315018315018315,0.0582417582417582,0.11007326007326,0.697435897435897,0.0756410256410256,0.0271062271062271
252273.411807,2748366.126422,0.0592225889255592,0.324532453245325,0.00238357169050238,0.211587825449212,0.102493582691602,0.2997799779978
252773.411807,2748366.126422,0.0908424908424908,0.13003663003663,0.0587912087912088,0.0983516483516483,0.0516483516483516,0.57032967032967
253273.411807,2748366.126422,0.032051282051282,0.22014652014652,0.0122710622710623,0.263736263736264,0.140659340659341,0.331135531135531
253773.411807,2748366.126422,0.133846718005134,0.197653098643198,0.00293362669600293,0.27044371103777,0.12027869453612,0.274844151081775
254273.411807,2748366.126422,0.334798534798535,0.0769230769230769,0.00274725274725275,0.119413919413919,0.0813186813186813,0.384798534798535
254773.411807,2748366.126422,0.667399267399267,0.00586080586080586,0,0.0157509157509158,0.0201465201465201,0.290842490842491
255273.411807,2748366.126422,0.691602493582692,0.000733406674000733,0,0.0196186285295196,0.0207187385405207,0.267326732673267
255773.411807,2748366.126422,0.502747252747253,0,0,0.00457875457875458,0.00805860805860806,0.484615384615385
256273.411807,2748366.126422,0.278205128205128,0.0595238095238095,0.000183150183150183,0.156593406593407,0.112271062271062,0.393223443223443
256773.411807,2748366.126422,0.291529152915292,0.188668866886689,0,0.0401540154015402,0.061972863953062,0.417675100843418
257273.411807,2748366.126422,0.506593406593407,0.0234432234432234,0,0.00824175824175824,0.019047619047619,0.442673992673993
257773.411807,2748366.126422,0.742124542124542,0.0021978021978022,0,0.0247252747252747,0.0272893772893773,0.203663003663004
258273.411807,2748366.126422,0.747708104143748,0.00495049504950495,0,0.0111844517785112,0.0194352768610194,0.216721672167217
258773.411807,2748366.126422,0.695604395604396,0.000549450549450549,0,0.0230769230769231,0.0285714285714286,0.252197802197802
259273.411807,2748366.126422,0.88021978021978,0.000915750915750916,0,0,0,0.118864468864469
259773.411807,2748366.126422,0.890905757242391,0.0141180784745141,0,0.000183351668500183,0.00385038503850385,0.0909424275760909
260273.411807,2748366.126422,0.212454212454212,0.146336996336996,0,0.0666666666666667,0.056043956043956,0.518498168498169
260773.411807,2748366.126422,0.112820512820513,0.341208791208791,0.00293040293040293,0.0278388278388278,0.030952380952381,0.484249084249084
261273.411807,2748366.126422,0.197653098643198,0.294279427942794,0.0115511551155116,0.0227356068940227,0.0221855518885222,0.451595159515952
261773.411807,2748366.126422,0.128937728937729,0.447252747252747,0,0.0269230769230769,0.0336996336996337,0.363186813186813
262273.411807,2748366.126422,0.0831501831501831,0.333333333333333,0,0.0476190476190476,0.0545787545787546,0.481318681318681
250273.411807,2747866.126422,0.111498257839721,0.0364936732074088,0.0238400880249404,0.571061800843572,0.133321107647167,0.123785072437191
250773.411807,2747866.126422,0.0263881253435954,0.0183250870441635,0.0410481949789262,0.85761407366685,0.0478284771852666,0.00879604178119846
251273.411807,2747866.126422,0.0752431638832813,0.0245916681959993,0.0418425399155808,0.728941090108277,0.103505230317489,0.0258763075793724
251773.411807,2747866.126422,0.102328993214744,0.0289748762149276,0.024390243902439,0.675408032275811,0.103796075554741,0.0651017788373372
252273.411807,2747866.126422,0.0659703133589885,0.179769103903244,0.00879604178119846,0.298332417078981,0.149349459409932,0.297782664467656
252773.411807,2747866.126422,0.118920902917967,0.437511469994494,0.0012846393833731,0.14920168838319,0.0776289227381171,0.215452376582859
253273.411807,2747866.126422,0.0542820465798643,0.42398679625894,0.0394278378874014,0.105629928479736,0.0667522464698331,0.309921144324225
253773.411807,2747866.126422,0.0632215503023639,0.260582737768004,0.042147700201576,0.217335532343779,0.0929081913139087,0.323804288070368
254273.411807,2747866.126422,0.0482657368324463,0.676821435125711,0,0.0313819049366856,0.0376215819416407,0.205909341163516
254773.411807,2747866.126422,0.0682193288098294,0.371171832019072,0.00256739409499358,0.149825783972125,0.14414083990464,0.26407482119934
255273.411807,2747866.126422,0.362836723474437,0.0267546270844787,0.000733003481766538,0.121495327102804,0.113615539673813,0.374564779182701
255773.411807,2747866.126422,0.287759221875574,0.0816663608001468,0.0082583960359699,0.105707469260415,0.0860708386859974,0.430537713341898
256273.411807,2747866.126422,0.501558774986246,0.0106363469649734,0,0.0423620025673941,0.0242068586099395,0.421236016871447
256773.411807,2747866.126422,0.636613523914239,0.00916254352208173,0,0.00769653655854865,0.0144768187648891,0.332050577240242
257273.411807,2747866.126422,0.820701046063498,0,0,0.00440447788585061,0.00642319691686548,0.168471279133786
257773.411807,2747866.126422,0.667339079405832,0.0066018705299835,0.000366770584999083,0.00586832935998533,0.0183385292499542,0.301485420869246
258273.411807,2747866.126422,0.641194795675279,0.000733003481766538,0,0.0100787978742899,0.0179585853032802,0.330034817665384
258773.411807,2747866.126422,0.836483758487796,0.00110111947146265,0,0.0178014314553129,0.0238575885483575,0.120756102037071
259273.411807,2747866.126422,0.825967357417935,0.000183385292499542,0,0.00275077938749312,0.00586832935998533,0.165230148542087
259773.411807,2747866.126422,0.419644493311343,0.208905992303463,0,0.0540590067802822,0.0672530694520799,0.250137438152831
260273.411807,2747866.126422,0.123875940539549,0.271425949715544,0.000183519911910442,0.12883097816113,0.0879060378051019,0.387777573866765
260773.411807,2747866.126422,0.350265908674124,0.117733357784706,0.00183385292499542,0.0262240968274344,0.053181734824867,0.450761048963873
261273.411807,2747866.126422,0.452996151731721,0.175187832142203,0,0.0328019058090526,0.0390324354040682,0.299981674912956
261773.411807,2747866.126422,0.643787850981832,0.0827674802716095,0,0.0282620664342081,0.0203707102220591,0.224811892090292
262273.411807,2747866.126422,0.861360718870347,0.000550155877498625,0,0.0254905556574363,0.00605171465248487,0.106546854942234
250273.411807,2747366.126422,0.0713630526508897,0.0739313887360117,0.0311869381764814,0.543753439735828,0.144193725921849,0.13557145477894
250773.411807,2747366.126422,0.0505494505494506,0.0706959706959707,0.0413919413919414,0.725274725274725,0.0692307692307692,0.0428571428571429
251273.411807,2747366.126422,0.0337614678899083,0.0231192660550459,0.0141284403669725,0.867522935779817,0.0411009174311927,0.0203669724770642
251773.411807,2747366.126422,0.0332049165290772,0.0337552742616034,0.0137589433131535,0.856906989543203,0.0517336268574573,0.0106402494955054
252273.411807,2747366.126422,0.0778388278388278,0.0428571428571429,0.0153846153846154,0.506410256410256,0.151282051282051,0.206227106227106
252773.411807,2747366.126422,0.0746788990825688,0.148440366972477,0.00568807339449541,0.485688073394495,0.120183486238532,0.165321100917431
253273.411807,2747366.126422,0.0684278114107503,0.395340304531279,0.00275178866263071,0.122546321775821,0.12126215373326,0.289671619886259
253773.411807,2747366.126422,0.134249084249084,0.235714285714286,0,0.0595238095238095,0.0657509157509158,0.504761904761905
254273.411807,2747366.126422,0.0814678899082569,0.403853211009174,0.0328440366972477,0.116697247706422,0.0506422018348624,0.314495412844037
254773.411807,2747366.126422,0.0546688680975968,0.657860942946248,0.000733810310034856,0.0291689598238855,0.0409099247844432,0.216657494037791
255273.411807,2747366.126422,0.0681318681318681,0.584249084249084,0.000366300366300366,0.0503663003663004,0.0901098901098901,0.206776556776557
255773.411807,2747366.126422,0.0609174311926605,0.501467889908257,0.00055045871559633,0.147706422018349,0.0706422018348624,0.218715596330275
256273.411807,2747366.126422,0.40506329113924,0.155384333149881,0,0.0880572372041827,0.0774169877086773,0.274078150798019
256773.411807,2747366.126422,0.513736263736264,0.0124542124542125,0,0.0421245421245421,0.0637362637362637,0.367948717948718
257273.411807,2747366.126422,0.584403669724771,0.00678899082568807,0,0.0544954128440367,0.0510091743119266,0.303302752293578
257773.411807,2747366.126422,0.460465969546872,0.00623738763529628,0.000183452577508714,0.0355898000366905,0.0565033938726839,0.441019996330948
258273.411807,2747366.126422,0.454945054945055,0.00641025641025641,0,0.0972527472527473,0.0730769230769231,0.368315018315018
258773.411807,2747366.126422,0.595596330275229,0.00256880733944954,0,0.0427522935779817,0.0339449541284404,0.325137614678899
259273.411807,2747366.126422,0.279948633278298,0.218858924967896,0,0.0405430196294258,0.0576041093377362,0.403045312786645
259773.411807,2747366.126422,0.0697802197802198,0.534249084249084,0.0032967032967033,0.0324175824175824,0.0617216117216117,0.298534798534799
260273.411807,2747366.126422,0.636146788990826,0.0537614678899083,0.00018348623853211,0.00532110091743119,0.0328440366972477,0.271743119266055
260773.411807,2747366.126422,0.929921115391671,0.00513667217024399,0,0,0,0.0649422124380847
261273.411807,2747366.126422,0.738827838827839,0.00531135531135531,0,0.00989010989010989,0.00769230769230769,0.238278388278388
261773.411807,2747366.126422,0.86605504587156,0.00036697247706422,0,0.0110091743119266,0.00935779816513761,0.113211009174312
262273.411807,2747366.126422,0.764813795633829,0.00091726288754357,0,0.0066042927903137,0.00587048248027885,0.221794166208035
250273.411807,2746866.126422,0.0906593406593407,0.0318681318681319,0.0375457875457875,0.708974358974359,0.0873626373626374,0.0435897435897436
250773.411807,2746866.126422,0.121745507884122,0.0610561056105611,0.0170517051705171,0.62999633296663,0.111111111111111,0.059039237257059
251273.411807,2746866.126422,0.146336996336996,0.0992673992673993,0.0302197802197802,0.462271062271062,0.141758241758242,0.12014652014652
251773.411807,2746866.126422,0.0882783882783883,0.0684981684981685,0.0108058608058608,0.718681318681319,0.0796703296703297,0.0340659340659341
252273.411807,2746866.126422,0.13953061972864,0.107444077741107,0.00586725339200587,0.11972863953062,0.0902090209020902,0.537220388705537
252773.411807,2746866.126422,0.123076923076923,0.0853479853479854,0.00860805860805861,0.291025641025641,0.155311355311355,0.336630036630037
253273.411807,2746866.126422,0.197069597069597,0.0527472527472527,0.00732600732600733,0.263736263736264,0.146153846153846,0.332967032967033
253773.411807,2746866.126422,0.242757609094243,0.0540887422075541,0.0104510451045105,0.326549321598827,0.136596993032637,0.22955628896223
254273.411807,2746866.126422,0.167032967032967,0.108058608058608,0.0586080586080586,0.217399267399267,0.119047619047619,0.32985347985348
254773.411807,2746866.126422,0.0697802197802198,0.28974358974359,0.0551282051282051,0.1,0.0893772893772894,0.395970695970696
255273.411807,2746866.126422,0.0731573157315732,0.399156582324899,0.0478547854785479,0.135496883021635,0.0592225889255592,0.285111844517785
255773.411807,2746866.126422,0.0761904761904762,0.204761904761905,0.0847985347985348,0.374175824175824,0.0457875457875458,0.214285714285714
256273.411807,2746866.126422,0.122710622710623,0.284798534798535,0.0653846153846154,0.205494505494505,0.104029304029304,0.217582417582418
256773.411807,2746866.126422,0.158782544921159,0.0940594059405941,0.00055005500550055,0.388888888888889,0.105977264393106,0.251741840850752
257273.411807,2746866.126422,0.326373626373626,0.00824175824175824,0.00531135531135531,0.376923076923077,0.137179487179487,0.145970695970696
257773.411807,2746866.126422,0.382051282051282,0.00366300366300366,0.0021978021978022,0.392307692307692,0.0888278388278388,0.130952380952381
258273.411807,2746866.126422,0.378437843784378,0.0174184085075174,0.0033003300330033,0.301246791345801,0.141914191419142,0.157682434910158
258773.411807,2746866.126422,0.107142857142857,0.273443223443223,0.000183150183150183,0.152380952380952,0.0717948717948718,0.395054945054945
259273.411807,2746866.126422,0.104578754578755,0.426373626373626,0.0010989010989011,0.0624542124542125,0.0697802197802198,0.335714285714286
259773.411807,2746866.126422,0.773193986065273,0.055005500550055,0,0.00311697836450312,0.0148514851485149,0.153832049871654
260273.411807,2746866.126422,0.956776556776557,0,0,0,0,0.0432234432234432
260773.411807,2746866.126422,0.866300366300366,0.0241758241758242,0,0.000366300366300366,0,0.109157509157509
261273.411807,2746866.126422,0.912357902456912,0,0,0.0212687935460213,0.0113678034470114,0.055005500550055
261773.411807,2746866.126422,0.844871794871795,0,0,0.00934065934065934,0.00970695970695971,0.136080586080586
262273.411807,2746866.126422,0.658424908424908,0.0155677655677656,0,0.0124542124542125,0.0194139194139194,0.294139194139194
250273.411807,2746366.126422,0.070419952319824,0.169081239684577,0.0102695763799743,0.205024757014487,0.19200440124702,0.353200073354117
250773.411807,2746366.126422,0.0681693238042881,0.0760491112332784,0.0575407733186733,0.5739417262232,0.0850284038849184,0.139270661535642
251273.411807,2746366.126422,0.20756102037071,0.0466140576252523,0.0603780510185355,0.466874655900165,0.11635162415122,0.102220590934116
251773.411807,2746366.126422,0.145241151659637,0.0436456996148909,0.0335595085274161,0.418485237483954,0.213277095176967,0.145791307537136
252273.411807,2746366.126422,0.417811984606927,0.0406816932380429,0.0194245922668133,0.100971229613341,0.0584570276708814,0.362653472603995
252773.411807,2746366.126422,0.0607450908423564,0.0991007524316388,0.038172141677372,0.617360983666728,0.101486511286475,0.0831345200954303
253273.411807,2746366.126422,0.0377773702549056,0.0746378140473134,0.0205391527599487,0.456629378323858,0.161012286814597,0.249403997799376
253773.411807,2746366.126422,0.298882169690306,0.20065970313359,0.00256551218618288,0.0853949056258017,0.0595565328935312,0.352941176470588
254273.411807,2746366.126422,0.881629656817765,0.000734079647641769,0,0.017434391631492,0.0168838318957607,0.0833180400073408
254773.411807,2746366.126422,0.790757381258023,0.0278745644599303,0,0.0363102879149092,0.0383275261324042,0.106730240234733
255273.411807,2746366.126422,0.512735935495694,0.131757375847535,0.00128275609309144,0.197177936595199,0.0568077698369067,0.100238226131574
255773.411807,2746366.126422,0.133602495870802,0.0321159845843274,0.0238575885483575,0.724536612222426,0.0519361350706552,0.0339511837034318
256273.411807,2746366.126422,0.0861910874747845,0.37190537318907,0,0.221346048046947,0.0929763432972676,0.227581147991931
256773.411807,2746366.126422,0.0562580172255818,0.203958218801539,0.0564412680960235,0.155579989004948,0.101887483965549,0.425875022906359
257273.411807,2746366.126422,0.0524866948063865,0.365571664525601,0,0.102037071022206,0.0860708386859974,0.393833730959809
257773.411807,2746366.126422,0.0715202640748212,0.106180084357235,0.00586832935998533,0.386026040711535,0.15587749862461,0.274527782871814
258273.411807,2746366.126422,0.053142752428074,0.256367967747847,0,0.257284222100055,0.129741616272677,0.303463441451347
258773.411807,2746366.126422,0.116718663975041,0.136171774637548,0.000917599559552211,0.18241879243898,0.107175628555698,0.45659754083318
259273.411807,2746366.126422,0.423069869796442,0.0920594168347699,0.00366770584999083,0.176416651384559,0.100311754997249,0.204474601136989
259773.411807,2746366.126422,0.914605094374198,0,0,0.00293201392706615,0.00311526479750779,0.0793476269012278
260273.411807,2746366.126422,0.96678289594421,0.000183519911910442,0,0,0,0.0330335841438796
260773.411807,2746366.126422,0.644782688428388,0.0836236933797909,0,0.0201723821749496,0.0297084173849257,0.221712818631946
261273.411807,2746366.126422,0.542789078248122,0.00274876305662452,0,0.0432472054242258,0.030602895363753,0.380612057907275
261773.411807,2746366.126422,0.359882547256377,0.0557900532207745,0,0.0627638098733713,0.0486327766562672,0.47293081299321
262273.411807,2746366.126422,0.490188886851275,0.0960938932697598,0,0.0188886851274528,0.0190720704199523,0.375756464331561
250273.411807,2745866.126422,0.0144927536231884,0.128049899101082,0.242157402311502,0.271876719867914,0.0475142175747569,0.295909007521556
250773.411807,2745866.126422,0.0602564102564103,0.154395604395604,0.0531135531135531,0.352930402930403,0.0985347985347985,0.280769230769231
251273.411807,2745866.126422,0.107522935779817,0.0603669724770642,0.0671559633027523,0.538348623853211,0.133211009174312,0.093394495412844
251773.411807,2745866.126422,0.0744817464685379,0.0552192258301229,0.026967528893781,0.560447624289121,0.199046046596955,0.0838378279214823
252273.411807,2745866.126422,0.0573260073260073,0.0298534798534799,0.0712454212454212,0.636080586080586,0.106043956043956,0.0994505494505494
252773.411807,2745866.126422,0.0438532110091743,0.0935779816513762,0.0537614678899083,0.696330275229358,0.0840366972477064,0.0284403669724771
