"x","y","forest","agri","water","built","other","grass"
224773.411807,2543866.126422,0.458830001833853,0.0770218228498075,0.0291582615074271,0.260407115349349,0.0535485054098661,0.121034293049697
225273.411807,2543866.126422,0.816565878687924,0.0820963899578523,0.0157595748579806,0.0243723657687374,0.011544804837823,0.049660985889683
225773.411807,2543866.126422,0.861625986419526,0.106074509084236,0.00275279867865663,0.00110111947146265,0.00660671682877592,0.0218388695173426
226273.411807,2543866.126422,0.875114615807812,0.124701998899688,0.000183385292499542,0,0,0
226773.411807,2543866.126422,0.914605094374198,0.0822796408282939,0,0,0,0.00311526479750779
227273.411807,2543866.126422,0.89227381170857,0.065149568728207,0,0.000183519911910442,0.00220223894292531,0.0401908607083869
227773.411807,2543866.126422,0.962406015037594,0.00733541169998166,0,0.000916926462497708,0.00348432055749129,0.0258573262424354
228273.411807,2543866.126422,0.557815649624336,0.0282206340480117,0.017042330951072,0.209455744914788,0.0500274876305662,0.137438152831226
228773.411807,2543866.126422,0.616259864195265,0.0211047898697009,0.0357863828225362,0.180583593319875,0.0300972655533125,0.11616810423931
229273.411807,2543866.126422,0.573995965523565,0.0467632495873831,0.0465798642948836,0.227764533284431,0.0573995965523565,0.0474967907573813
229773.411807,2543866.126422,0.977643393806121,0.00201575957485798,0,0,0.000733003481766538,0.0196078431372549
230273.411807,2543866.126422,0.624701780143145,0.00972655533125344,0.0165167920719398,0.212516057992292,0.068452927142595,0.0680858873187741
230773.411807,2543866.126422,0.637814047313406,0.0599669906473501,0.015587749862461,0.0706033376123235,0.0434623143223913,0.172565560242069
231273.411807,2543866.126422,0.684258750229064,0.0524097489463075,0.0203408466190214,0.0696353307678211,0.0366501740883269,0.136705149349459
231773.411807,2543866.126422,0.771150669847678,0.0864378785098183,0.0473481372728941,0.015782712424298,0.0201871903101487,0.0590934116351624
232273.411807,2543866.126422,0.966440491472584,0.0311754997249221,0.000183385292499542,0,0,0.0022006235099945
232773.411807,2543866.126422,0.791094007696537,0.126809602345611,0.0403151914971596,0.000733003481766538,0.00641378046545721,0.0346344145134689
233273.411807,2543866.126422,0.90879060378051,0.0816663608001468,0,0,0,0.009543035419343
233773.411807,2543866.126422,0.757564643315606,0.106913625527233,0.0236567027324409,0.0221896203924445,0.0187052998349532,0.0709701081973226
234273.411807,2543866.126422,0.656587868792377,0.0764156129741616,0.0179585853032802,0.0324354040681693,0.0370166758292102,0.179585853032802
234773.411807,2543866.126422,0.791337860157827,0.00293631859056708,0.00752431638832813,0.0212883097816113,0.0238575885483575,0.153055606533309
235273.411807,2543866.126422,0.808545754630479,0.0227397762699432,0.0102695763799743,0.0506143407298735,0.0267742527049331,0.0810562992847974
235773.411807,2543866.126422,0.992853216052776,0,0,0,0,0.00714678394722375
236273.411807,2543866.126422,0.988621765461553,0,0,0,0,0.0113782345384474
236773.411807,2543866.126422,0.813497157527966,0.0198056115899505,0.00696864111498258,0.0555657436273611,0.0304419585549239,0.0737208875848157
224773.411807,2543366.126422,0.669601907906806,0.0368739680792515,0.000366905155017428,0.0539350577875619,0.0328380113740598,0.206384149697303
225273.411807,2543366.126422,0.564652014652015,0.028021978021978,0.0406593406593407,0.122344322344322,0.0600732600732601,0.184249084249084
225773.411807,2543366.126422,0.868073394495413,0.0264220183486239,0.00385321100917431,0.00275229357798165,0.0124770642201835,0.0864220183486239
226273.411807,2543366.126422,0.772335351311686,0.158503026967529,0.0476976701522656,0.000550357732526142,0.000366905155017428,0.020546688680976
226773.411807,2543366.126422,0.915567765567766,0.0600732600732601,0.00347985347985348,0.000183150183150183,0.0010989010989011,0.0195970695970696
227273.411807,2543366.126422,0.989357798165138,0.00678899082568807,0,0,0,0.00385321100917431
227773.411807,2543366.126422,0.955421023665383,0.00293524124013942,0,0.00440286186020914,0.00513667217024399,0.032104201064025
228273.411807,2543366.126422,0.681318681318681,0.0201465201465201,0,0.0840659340659341,0.08003663003663,0.134432234432234
228773.411807,2543366.126422,0.494311926605505,0.0313761467889908,0.0735779816513761,0.175412844036697,0.0664220183486239,0.158899082568807
229273.411807,2543366.126422,0.748669968813062,0.0335718216840947,0.002568336085122,0.0113740598055403,0.0275178866263071,0.176297926985874
229773.411807,2543366.126422,0.833333333333333,0.0212454212454212,0.00952380952380952,0.00567765567765568,0.0144688644688645,0.115750915750916
230273.411807,2543366.126422,0.979816513761468,0.00256880733944954,0,0,0,0.0176146788990826
230773.411807,2543366.126422,0.633645202715098,0.0260502660062374,0.00238488350761328,0.138873601174097,0.0658594753256283,0.133186571271326
231273.411807,2543366.126422,0.66959706959707,0.0382783882783883,0.0375457875457875,0.115934065934066,0.0531135531135531,0.0855311355311355
231773.411807,2543366.126422,0.74605504587156,0.0864220183486239,0.02,0.0460550458715596,0.0423853211009174,0.0590825688073394
232273.411807,2543366.126422,0.675472390387085,0.0508163639699138,0.0487983856173179,0.0807191341038342,0.0691616217207852,0.075032104201064
232773.411807,2543366.126422,0.932967032967033,0.0305860805860806,0.00238095238095238,0,0.000915750915750916,0.0331501831501832
233273.411807,2543366.126422,0.912110091743119,0.0829357798165138,0.00018348623853211,0,0,0.00477064220183486
233773.411807,2543366.126422,0.839662447257384,0.0772335351311686,0.000733810310034856,0.0155934690882407,0.0172445422858191,0.0495321959273528
234273.411807,2543366.126422,0.854395604395604,0.0120879120879121,0,0.00311355311355311,0.0163003663003663,0.114102564102564
234773.411807,2543366.126422,0.471743119266055,0.0225688073394495,0.0106422018348624,0.210275229357798,0.100550458715596,0.184220183486239
235273.411807,2543366.126422,0.971381397908641,0,0,0,0,0.0286186020913594
235773.411807,2543366.126422,0.702197802197802,0.043040293040293,0.010989010989011,0.126556776556777,0.0386446886446886,0.0785714285714286
236273.411807,2543366.126422,0.918348623853211,0.0205504587155963,0.00018348623853211,0.00348623853211009,0.00990825688073394,0.0475229357798165
236773.411807,2543366.126422,0.697303247110622,0.0887910475142176,0.000183452577508714,0.067327095945698,0.0539350577875619,0.0924600990643919
224773.411807,2542866.126422,0.895054945054945,0.056959706959707,0,0.000366300366300366,0.0021978021978022,0.0454212454212454
225273.411807,2542866.126422,0.727356068940227,0.147781444811148,0.00531719838650532,0.017968463513018,0.0190685735240191,0.0825082508250825
225773.411807,2542866.126422,0.634981684981685,0.108791208791209,0.0172161172161172,0.084981684981685,0.0413919413919414,0.112637362637363
226273.411807,2542866.126422,0.614285714285714,0.0952380952380952,0.0108058608058608,0.0128205128205128,0.0358974358974359,0.230952380952381
226773.411807,2542866.126422,0.979097909790979,0.000916758342500917,0,0.000366703337000367,0.00275027502750275,0.0168683535020169
227273.411807,2542866.126422,0.968498168498168,0.000549450549450549,0,0.00311355311355311,0.00201465201465201,0.0258241758241758
227773.411807,2542866.126422,0.765018315018315,0.0139194139194139,0,0.0452380952380952,0.0426739926739927,0.133150183150183
228273.411807,2542866.126422,0.985515218188486,0,0,0,0,0.0144847818115145
228773.411807,2542866.126422,0.553479853479854,0.0882783882783883,0.0701465201465201,0.0791208791208791,0.0505494505494506,0.158424908424908
229273.411807,2542866.126422,0.853663003663004,0.0978021978021978,0.00476190476190476,0.000183150183150183,0.00476190476190476,0.0388278388278388
229773.411807,2542866.126422,0.982581591492483,0.0122845617895123,0,0,0,0.00513384671800513
230273.411807,2542866.126422,0.984798534798535,0.000183150183150183,0,0.000183150183150183,0,0.0148351648351648
230773.411807,2542866.126422,0.968498168498168,0,0,0,0,0.0315018315018315
231273.411807,2542866.126422,0.797029702970297,0.0856252291895856,0.0306197286395306,0.0033003300330033,0.000733406674000733,0.0826916024935827
231773.411807,2542866.126422,0.946336996336996,0.0454212454212454,0.00274725274725275,0,0,0.00549450549450549
232273.411807,2542866.126422,0.826373626373626,0.0721611721611722,0.013003663003663,0.00457875457875458,0.0214285714285714,0.0624542124542125
232773.411807,2542866.126422,0.847268060139347,0.0771910524385772,0.00825082508250825,0.00128346167950128,0.00825082508250825,0.0577557755775578
233273.411807,2542866.126422,0.908974358974359,0.00879120879120879,0,0.000366300366300366,0.00128205128205128,0.0805860805860806
233773.411807,2542866.126422,0.885714285714286,0,0,0,0,0.114285714285714
234273.411807,2542866.126422,0.837550421708838,0.0562889622295563,0,0.0165016501650165,0.0313531353135314,0.0583058305830583
234773.411807,2542866.126422,0.643223443223443,0.0142857142857143,0.0269230769230769,0.145421245421245,0.0346153846153846,0.135531135531136
235273.411807,2542866.126422,0.625824175824176,0.0184981684981685,0.0282051282051282,0.161904761904762,0.0542124542124542,0.111355311355311
235773.411807,2542866.126422,0.844151081774844,0.028969563623029,0,0.00623395672900623,0.0300696736340301,0.0905757242390906
236273.411807,2542866.126422,0.770512820512821,0.0241758241758242,0.0043956043956044,0.0858974358974359,0.0305860805860806,0.0844322344322344
236773.411807,2542866.126422,0.396520146520146,0.0446886446886447,0.126373626373626,0.208241758241758,0.0622710622710623,0.161904761904762
224773.411807,2542366.126422,0.578580597836054,0.0467632495873831,0.0810562992847974,0.0517146524848707,0.052814964239868,0.189070236567027
225273.411807,2542366.126422,0.735568993952721,0.0536925050393989,0.0238226131574125,0.0414146967198094,0.0382994319223016,0.107201759208356
225773.411807,2542366.126422,0.729675169755919,0.0458799779776106,0.0189025509267756,0.0179849513672233,0.026977427050835,0.160579922921637
226273.411807,2542366.126422,0.778470566660554,0.0177883733724555,0.000183385292499542,0.0216394645149459,0.0130203557674674,0.168897854392078
226773.411807,2542366.126422,0.927982407916438,0.0047645226314825,0,0.0139270661535642,0.0166758292101887,0.0366501740883269
227273.411807,2542366.126422,0.988438245549642,0,0,0,0,0.0115617544503579
227773.411807,2542366.126422,0.726755914175683,0.0157711351549606,0,0.0337428938199156,0.0474967907573813,0.176233266092059
228273.411807,2542366.126422,0.676745464540957,0.0485614806670332,0.0133773135422393,0.0681693238042881,0.0459959684808503,0.147150448964633
228773.411807,2542366.126422,0.531840704716462,0.222059093411635,0.180767113231786,0.00293631859056708,0.00293631859056708,0.0594604514589833
229273.411807,2542366.126422,0.796625710618008,0.0286081056299285,0,0.0227397762699432,0.0436456996148909,0.108380707867229
229773.411807,2542366.126422,0.743448781381712,0.00769653655854865,0.000183250870441635,0.0109950522264981,0.0163093274693055,0.221367051493495
230273.411807,2542366.126422,0.728023490548725,0.0361534226463571,0.011194714626537,0.0625802899614608,0.0438612589465957,0.118186823270325
230773.411807,2542366.126422,0.966807262057583,0.017604988079956,0,0.000366770584999083,0.00843572345497891,0.00678525582248304
231273.411807,2542366.126422,0.812351108667766,0.0941909474070002,0.023089609675646,0.00879604178119846,0.00219901044529962,0.0593732820230896
231773.411807,2542366.126422,0.969168654799046,0.0152321526885667,0,0,0,0.0155991925123876
232273.411807,2542366.126422,0.771135154960572,0.133321107647167,0.0480469466348799,0.00256739409499358,0.00348432055749129,0.0414450761048964
232773.411807,2542366.126422,0.783763972878871,0.112699285321605,0.0771486164559282,0.00348176653839106,0.00549752611324904,0.0174088326919553
233273.411807,2542366.126422,0.927693154707286,0.0124793540099101,0,0.00110111947146265,0.00605615709304459,0.0526702147182969
233773.411807,2542366.126422,0.861360718870347,0.0278745644599303,0,0.00476801760498808,0.00678525582248304,0.099211443242252
234273.411807,2542366.126422,0.804654572109218,0.0238226131574125,0,0.043613707165109,0.0661535642294301,0.0617555433388309
234773.411807,2542366.126422,0.801798495136722,0.00256927876674619,0,0.0161497522481189,0.0233070288126262,0.156175445035786
235273.411807,2542366.126422,0.6400146708234,0.0135705116449661,0.0449293966623877,0.115716119567211,0.01998899688245,0.165780304419586
235773.411807,2542366.126422,0.947223749312809,0,0,0,0,0.0527762506871908
236273.411807,2542366.126422,0.870434942191228,0.0133969535694623,0.00367039823820885,0.0354193429987154,0.0334006239677005,0.0436777390346853
236773.411807,2542366.126422,0.598386209426004,0.0687694846873281,0.0179717586649551,0.185035760132037,0.0535485054098661,0.0762882816798093
224773.411807,2541866.126422,0.748303063658044,0.130801687763713,0.0706292423408549,0.00275178866263071,0.00898917629792699,0.0385250412768299
225273.411807,2541866.126422,0.648717948717949,0.226373626373626,0.117032967032967,0.00238095238095238,0.000732600732600733,0.00476190476190476
225773.411807,2541866.126422,0.361467889908257,0.116697247706422,0.48605504587156,0.00587155963302752,0.0209174311926606,0.00899082568807339
226273.411807,2541866.126422,0.877820583379196,0.0267840763162722,0.066042927903137,0.00275178866263071,0.0091726288754357,0.0174279948633278
226773.411807,2541866.126422,0.711904761904762,0.0177655677655678,0.0032967032967033,0.0981684981684982,0.0470695970695971,0.121794871794872
227273.411807,2541866.126422,0.948440366972477,0,0,0,0,0.0515596330275229
227773.411807,2541866.126422,0.698587415153183,0.0106402494955054,0,0.0522839845899835,0.0820033021463952,0.156485048614933
228273.411807,2541866.126422,0.622161172161172,0.182967032967033,0.0586080586080586,0.0401098901098901,0.0155677655677656,0.0805860805860806
228773.411807,2541866.126422,0.833394495412844,0.108256880733945,0.00201834862385321,0.00165137614678899,0.00899082568807339,0.0456880733944954
229273.411807,2541866.126422,0.833425059622088,0.0649422124380847,0.00275178866263071,0.00348559897266557,0.0130251330031187,0.0823702073014126
229773.411807,2541866.126422,0.85989010989011,0.0743589743589744,0.0141025641025641,0.0108058608058608,0.00970695970695971,0.0311355311355311
230273.411807,2541866.126422,0.877981651376147,0.0801834862385321,0.00422018348623853,0.00128440366972477,0.00477064220183486,0.0315596330275229
230773.411807,2541866.126422,0.977802238121446,0.00513667217024399,0,0.00110071546505228,0.00568702990277013,0.010273344340488
231273.411807,2541866.126422,0.909157509157509,0.0355311355311355,0,0.00476190476190476,0.0115384615384615,0.039010989010989
231773.411807,2541866.126422,0.837981651376147,0.00844036697247706,0,0.0293577981651376,0.0111926605504587,0.11302752293578
232273.411807,2541866.126422,0.866996881306182,0.0357732526141992,0.0100898917629793,0.00935608145294441,0.00697119794533113,0.0708126949183636
232773.411807,2541866.126422,0.901465201465201,0.0184981684981685,0.00238095238095238,0,0.000183150183150183,0.0774725274725275
233273.411807,2541866.126422,0.948073394495413,0,0,0.00018348623853211,0.00036697247706422,0.0513761467889908
233773.411807,2541866.126422,0.849568886442855,0.00972298660796184,0,0.00862227114290956,0.0238488350761328,0.108237020730141
234273.411807,2541866.126422,0.677289377289377,0.0368131868131868,0.00604395604395604,0.100549450549451,0.0597069597069597,0.11959706959707
234773.411807,2541866.126422,0.887522935779817,0.0539449541284404,0,0.00385321100917431,0.0141284403669725,0.0405504587155963
235273.411807,2541866.126422,0.63474591818015,0.0871399743166392,0.00385250412768299,0.0757659145110989,0.0787011557512383,0.11979453311319
235773.411807,2541866.126422,0.681135531135531,0.0289377289377289,0.0412087912087912,0.108058608058608,0.0391941391941392,0.101465201465201
236273.411807,2541866.126422,0.856697247706422,0.0115596330275229,0.00293577981651376,0.0155963302752294,0.0211009174311927,0.0921100917431193
236773.411807,2541866.126422,0.766464868831407,0.0300862227114291,0.00366905155017428,0.0366905155017428,0.0322876536415337,0.130801687763713
224773.411807,2541366.126422,0.932783882783883,0.0155677655677656,0,0,0,0.0516483516483516
225273.411807,2541366.126422,0.948844884488449,0.0148514851485149,0,0,0,0.0363036303630363
225773.411807,2541366.126422,0.955677655677656,0.0144688644688645,0,0.000549450549450549,0.00366300366300366,0.0256410256410256
226273.411807,2541366.126422,0.871978021978022,0.00970695970695971,0,0.0824175824175824,0.0137362637362637,0.0221611721611722
226773.411807,2541366.126422,0.351118445177851,0.0339200586725339,0.00311697836450312,0.286945361202787,0.112944627796113,0.211954528786212
227273.411807,2541366.126422,0.805860805860806,0.0227106227106227,0.000732600732600733,0.0223443223443223,0.0289377289377289,0.119413919413919
227773.411807,2541366.126422,0.563186813186813,0.114468864468864,0.0395604395604396,0.111904761904762,0.0686813186813187,0.102197802197802
228273.411807,2541366.126422,0.78016134946828,0.081041437477081,0.00476714338100477,0.011001100110011,0.0394206087275394,0.0836083608360836
228773.411807,2541366.126422,0.991391941391941,0.00256410256410256,0,0,0,0.00604395604395604
229273.411807,2541366.126422,0.946153846153846,0.00567765567765568,0,0.00164835164835165,0.00732600732600733,0.0391941391941392
229773.411807,2541366.126422,0.810597726439311,0.0168683535020169,0,0.000916758342500917,0.00385038503850385,0.167766776677668
230273.411807,2541366.126422,0.991025641025641,0.00164835164835165,0,0,0,0.00732600732600733
230773.411807,2541366.126422,0.942307692307692,0.00604395604395604,0,0.00567765567765568,0.0126373626373626,0.0333333333333333
231273.411807,2541366.126422,0.807297396406307,0.00605060506050605,0,0.0656398973230656,0.0491382471580491,0.0718738540520719
231773.411807,2541366.126422,0.856959706959707,0.00695970695970696,0,0.0358974358974359,0.0311355311355311,0.0690476190476191
232273.411807,2541366.126422,0.876923076923077,0,0,0.000915750915750916,0.000915750915750916,0.121245421245421
232773.411807,2541366.126422,0.783094976164283,0.00146681334800147,0,0.000183351668500183,0.00275027502750275,0.212504583791712
233273.411807,2541366.126422,0.959340659340659,0.00128205128205128,0,0.000183150183150183,0.00128205128205128,0.0379120879120879
233773.411807,2541366.126422,0.733333333333333,0.0172161172161172,0.0302197802197802,0.128754578754579,0.036996336996337,0.0534798534798535
234273.411807,2541366.126422,0.57004033736707,0.0616061606160616,0.0650898423175651,0.16006600660066,0.0594059405940594,0.0837917125045838
234773.411807,2541366.126422,0.490659340659341,0.0516483516483516,0.00421245421245421,0.27014652014652,0.0987179487179487,0.0846153846153846
235273.411807,2541366.126422,0.694139194139194,0.0307692307692308,0.0100732600732601,0.101465201465201,0.0518315018315018,0.111721611721612
235773.411807,2541366.126422,0.665199853318665,0.0154015401540154,0.0678401173450678,0.112211221122112,0.0408874220755409,0.0984598459845985
236273.411807,2541366.126422,0.368498168498169,0.0214285714285714,0.15952380952381,0.295054945054945,0.0818681318681319,0.0736263736263736
236773.411807,2541366.126422,0.361172161172161,0.0342490842490843,0.235714285714286,0.237728937728938,0.0514652014652015,0.0796703296703297
224773.411807,2540866.126422,0.78782321657803,0.000550155877498625,0,0.0053181734824867,0.010819732257473,0.195488721804511
225273.411807,2540866.126422,0.801356056441268,0.0131940626717977,0.00696353307678211,0.0463624702217336,0.0296866410115448,0.102437236576874
225773.411807,2540866.126422,0.536428702514223,0.0178014314553129,0.0144980730409249,0.249587080198201,0.0673518076711323,0.114332905120206
226273.411807,2540866.126422,0.74399413167064,0.0139372822299652,0.00165046763249587,0.120667522464698,0.0315422703099211,0.0882083256922795
226773.411807,2540866.126422,0.681326736301997,0.0141103170240059,0.0328019058090526,0.145317940260216,0.0441634597764339,0.0822796408282939
227273.411807,2540866.126422,0.577353642870251,0.0447788585061479,0.0578087722517893,0.126628739218205,0.0521196549825656,0.141310332171041
227773.411807,2540866.126422,0.753530166880616,0.0946268109297634,0.0196222262974509,0.0115532734274711,0.0144874381074638,0.106180084357235
228273.411807,2540866.126422,0.929448414879971,0.00568077698369067,0.000549752611324904,0.00219901044529962,0.0141103170240059,0.0480117280557083
228773.411807,2540866.126422,0.723435492750964,0.0216553496054322,0.00330335841438796,0.110662506881997,0.0383556615892824,0.102587630757937
229273.411807,2540866.126422,0.722171281863195,0.0726205758298184,0,0.00366770584999083,0.0166880616174583,0.184852374839538
229773.411807,2540866.126422,0.849367784496976,0.00568077698369067,0,0,0.000733003481766538,0.144218435037566
230273.411807,2540866.126422,0.982198568544687,0,0,0,0,0.0178014314553129
230773.411807,2540866.126422,0.872363836420319,0.00458463231248854,0,0.0286081056299285,0.0304419585549239,0.06400146708234
231273.411807,2540866.126422,0.77918270111783,0.0124610591900312,0.00256551218618288,0.062671797691039,0.0485614806670332,0.0945574491478835
231773.411807,2540866.126422,0.865112864745825,0.0299137456414021,0.000917599559552211,0.009543035419343,0.0225729491649844,0.0719398054688934
232273.411807,2540866.126422,0.954703832752613,0.0179717586649551,0,0,0.000366770584999083,0.0269576379974326
232773.411807,2540866.126422,0.94062671797691,0,0,0.000366501740883269,0.000366501740883269,0.0586402785413231
233273.411807,2540866.126422,0.841622316021288,0.0273444668746559,0,0.0436777390346853,0.0273444668746559,0.0600110111947146
233773.411807,2540866.126422,0.931230515312672,0.0319090408949202,0,0,0,0.0368604437924078
234273.411807,2540866.126422,0.969580355506689,0.0124610591900312,0,0.000183250870441635,0.000549752611324904,0.0172255818215137
234773.411807,2540866.126422,0.834465039456781,0.0495503762158194,0,0.0218388695173426,0.0383556615892824,0.0557900532207745
235273.411807,2540866.126422,0.872913992297818,0.0218228498074454,0.0113698881349716,0.00165046763249587,0.00990280579497524,0.0823399963322941
235773.411807,2540866.126422,0.730254718709914,0.0786146234194612,0.0212571009712296,0.0714678394722375,0.0425142019424592,0.0558915154846986
236273.411807,2540866.126422,0.75114699944944,0.07469260414755,0.000734079647641769,0.0100935951550743,0.017434391631492,0.145898329968802
236773.411807,2540866.126422,0.67614157344581,0.0893086374472767,0.0898587933247754,0.0403447643498991,0.0317256556024207,0.0726205758298184
224773.411807,2540366.126422,0.711612548156302,0.0326545587965511,0.010273344340488,0.0124747752705926,0.0324711062190424,0.200513667217024
225273.411807,2540366.126422,0.71025641025641,0.00824175824175824,0.000915750915750916,0.0611721611721612,0.0661172161172161,0.153296703296703
225773.411807,2540366.126422,0.878165137614679,0.00752293577981651,0,0.0165137614678899,0.028256880733945,0.0695412844036697
226273.411807,2540366.126422,0.671803338836911,0.0214639515685195,0,0.0809025866813429,0.0834709227664649,0.142359200146762
226773.411807,2540366.126422,0.800549450549451,0.017032967032967,0.0364468864468864,0.0835164835164835,0.00970695970695971,0.0527472527472527
227273.411807,2540366.126422,0.59394495412844,0.0244036697247706,0.111376146788991,0.131192660550459,0.0502752293577982,0.0888073394495413
227773.411807,2540366.126422,0.988442487616951,0,0,0.000366905155017428,0.000550357732526142,0.0106402494955054
228273.411807,2540366.126422,0.899084249084249,0.00970695970695971,0,0.000366300366300366,0.00256410256410256,0.0882783882783883
228773.411807,2540366.126422,0.735229357798165,0.0732110091743119,0.0132110091743119,0.0700917431192661,0.026605504587156,0.081651376146789
229273.411807,2540366.126422,0.751605210053201,0.0618235186204366,0.00403595670519171,0.00587048248027885,0.0289855072463768,0.147679324894515
229773.411807,2540366.126422,0.894139194139194,0.0205128205128205,0,0,0,0.0853479853479854
230273.411807,2540366.126422,0.947339449541284,0.00036697247706422,0,0.00697247706422018,0.0115596330275229,0.0337614678899083
230773.411807,2540366.126422,0.823702073014126,0.00770500825536599,0.001284168042561,0.0394423041643735,0.0300862227114291,0.0977802238121446
231273.411807,2540366.126422,0.880769230769231,0.0173992673992674,0.00146520146520147,0.0168498168498168,0.0294871794871795,0.054029304029304
231773.411807,2540366.126422,0.957614678899083,0.00018348623853211,0,0.00055045871559633,0.00238532110091743,0.0392660550458716
232273.411807,2540366.126422,0.813979086406164,0.00495321959273528,0,0.0454962392221611,0.0607228031553843,0.0748486516235553
232773.411807,2540366.126422,0.750915750915751,0.00805860805860806,0,0.0304029304029304,0.0421245421245421,0.168498168498169
233273.411807,2540366.126422,0.152844036697248,0.0119266055045872,0.252293577981651,0.500917431192661,0.0477064220183486,0.0343119266055046
233773.411807,2540366.126422,0.296275912676573,0.030820033021464,0.093010456796918,0.391304347826087,0.0997982021647404,0.0887910475142176
234273.411807,2540366.126422,0.861904761904762,0.00787545787545788,0,0.0195970695970696,0.0258241758241758,0.0847985347985348
234773.411807,2540366.126422,0.853761467889908,0.00770642201834862,0,0.00348623853211009,0.0163302752293578,0.118715596330275
235273.411807,2540366.126422,0.944597321592368,0.0409099247844432,0,0,0.000733810310034856,0.0137589433131535
235773.411807,2540366.126422,0.74029304029304,0.0454212454212454,0,0.013003663003663,0.0141025641025641,0.187179487179487
236273.411807,2540366.126422,0.944954128440367,0.00825688073394495,0,0.0018348623853211,0.00036697247706422,0.0445871559633028
236773.411807,2540366.126422,0.930471473124197,0,0,0.000733810310034856,0.00385250412768299,0.0649422124380847
224773.411807,2539866.126422,0.684432234432234,0.00604395604395604,0.000732600732600733,0.0228937728937729,0.0432234432234432,0.242673992673993
225273.411807,2539866.126422,0.889438943894389,0.017968463513018,0.00531719838650532,0.00366703337000367,0.0205353868720205,0.0630729739640631
225773.411807,2539866.126422,0.896703296703297,0.00164835164835165,0,0.0261904761904762,0.026007326007326,0.0494505494505494
226273.411807,2539866.126422,0.805677655677656,0.00659340659340659,0.00164835164835165,0.0637362637362637,0.052014652014652,0.0703296703296703
226773.411807,2539866.126422,0.864869820315365,0.00641730839750642,0,0.0344701136780345,0.0491382471580491,0.0451045104510451
227273.411807,2539866.126422,0.482967032967033,0.0373626373626374,0.0846153846153846,0.1496336996337,0.0846153846153846,0.160805860805861
227773.411807,2539866.126422,0.865567765567766,0.0010989010989011,0,0.00366300366300366,0.0155677655677656,0.114102564102564
228273.411807,2539866.126422,0.657132379904657,0.0731573157315732,0.0113678034470114,0.0735240190685735,0.0524385771910524,0.132379904657132
228773.411807,2539866.126422,0.732600732600733,0.105860805860806,0.00677655677655678,0.0032967032967033,0.0146520146520147,0.136813186813187
229273.411807,2539866.126422,0.788095238095238,0.124175824175824,0.000915750915750916,0,0,0.0868131868131868
229773.411807,2539866.126422,0.687385405207187,0.0597726439310598,0,0.0203520352035204,0.0190685735240191,0.213421342134213
230273.411807,2539866.126422,0.945604395604396,0.000732600732600733,0,0.00347985347985348,0.00915750915750916,0.041025641025641
230773.411807,2539866.126422,0.754212454212454,0.00567765567765568,0.00531135531135531,0.122527472527473,0.0336996336996337,0.0785714285714286
231273.411807,2539866.126422,0.94957829116245,0.00256692335900257,0,0,0.000183351668500183,0.0476714338100477
231773.411807,2539866.126422,0.945970695970696,0.00256410256410256,0,0.00128205128205128,0.00989010989010989,0.0402930402930403
232273.411807,2539866.126422,0.768681318681319,0.0139194139194139,0.000183150183150183,0.0307692307692308,0.0741758241758242,0.112271062271062
232773.411807,2539866.126422,0.875320865419875,0.000733406674000733,0,0,0,0.123945727906124
233273.411807,2539866.126422,0.644505494505495,0.0106227106227106,0.0897435897435897,0.113736263736264,0.0322344322344322,0.109157509157509
233773.411807,2539866.126422,0.0509157509157509,0.0153846153846154,0.29047619047619,0.572710622710623,0.0340659340659341,0.0364468864468864
234273.411807,2539866.126422,0.631279794646131,0.0188852218555189,0.000183351668500183,0.212321232123212,0.0632563256325633,0.0740740740740741
234773.411807,2539866.126422,0.915934065934066,0.0208791208791209,0,0.00421245421245421,0.01996336996337,0.039010989010989
235273.411807,2539866.126422,0.796336996336996,0.032051282051282,0,0.013003663003663,0.0360805860805861,0.122527472527473
235773.411807,2539866.126422,0.832966629996333,0.0238357169050238,0.026952695269527,0.0555555555555556,0.0163182984965163,0.0443711037770444
236273.411807,2539866.126422,0.417216117216117,0.065018315018315,0.173809523809524,0.231318681318681,0.0269230769230769,0.0857142857142857
236773.411807,2539866.126422,0.793406593406593,0.00805860805860806,0,0.0787545787545788,0.0412087912087912,0.0785714285714286
224773.411807,2539366.126422,0.5600586832936,0.1201173665872,0.0823399963322941,0.0361269026224097,0.0562992847973593,0.145057766367137
225273.411807,2539366.126422,0.874289902877039,0.0276708814366868,0.00623052959501558,0.0146600696353308,0.0370166758292102,0.040131940626718
225773.411807,2539366.126422,0.842906955404661,0.00330335841438796,0,0.0475316571848046,0.0425766195632226,0.0636814094329235
226273.411807,2539366.126422,0.453511828351366,0.0335595085274161,0.101778837337246,0.216394645149459,0.0605171465248487,0.134238034109664
226773.411807,2539366.126422,0.603811618105186,0.0672530694520799,0.197910940076965,0.081729888216969,0.0208905992303463,0.0284038849184534
227273.411807,2539366.126422,0.884198935584511,0.0594604514589833,0.00385391815011929,0.00403743806202973,0.00935951550743256,0.0390897412369242
227773.411807,2539366.126422,0.802494039977994,0.0709701081973226,0.00513478818998716,0.0148542086924629,0.0242068586099395,0.0823399963322941
228273.411807,2539366.126422,0.773135422393256,0.0940076965365585,0.0120945574491479,0.0106285504856148,0.0113615539673813,0.098772219168041
228773.411807,2539366.126422,0.783997063681409,0.129381537896862,0.00311983850247752,0.0236740686364471,0.0133969535694623,0.0464305377133419
229273.411807,2539366.126422,0.95213643865762,0.0284247203374289,0,0,0,0.0194388410049514
229773.411807,2539366.126422,0.947773501924134,0.00201575957485798,0,0,0,0.0502107385010079
230273.411807,2539366.126422,0.629106258028996,0.0218388695173426,0.00752431638832813,0.155441365388145,0.0484492567443568,0.137639933932832
230773.411807,2539366.126422,0.871080139372822,0.00806895286997983,0.0146708233999633,0.0467632495873831,0.0146708233999633,0.0447460113698881
231273.411807,2539366.126422,0.850467289719626,0.0042147700201576,0,0.0122778083195895,0.0207073483599047,0.112332783580722
231773.411807,2539366.126422,0.859240227564691,0.0139475133051936,0.00183519911910442,0.0455129381537897,0.0244081482840888,0.0550559735731327
232273.411807,2539366.126422,0.864661654135338,0.01998899688245,0.00146708233999633,0.0247570144874381,0.0256739409499358,0.0634513112048414
232773.411807,2539366.126422,0.889866226864578,0.00678028220634048,0,0,0,0.103353490929082
233273.411807,2539366.126422,0.856120389062213,0.00697375665259681,0.000917599559552211,0.0255092677555515,0.0152321526885667,0.0952468342815195
233773.411807,2539366.126422,0.36383642031909,0.0465798642948836,0.0858243168897854,0.293966623876765,0.0984779020722538,0.111314872547222
234273.411807,2539366.126422,0.612607659886384,0.0133773135422393,0.0520432472054242,0.132856881070185,0.0624885468205974,0.12662635147517
234773.411807,2539366.126422,0.953385942374748,0.0012846393833731,0,0.000734079647641769,0.0034868783262984,0.0411084602679391
235273.411807,2539366.126422,0.964423253255089,0.0119200440124702,0,0,0.000733541169998166,0.0229231615624427
235773.411807,2539366.126422,0.584753527579256,0.0641378046545721,0.0313358988455195,0.136338647608576,0.0668865677111966,0.11654755360088
236273.411807,2539366.126422,0.711873738300606,0.0673518076711323,0.0908423563956689,0.0682694072306845,0.0198201504863278,0.0418425399155808
236773.411807,2539366.126422,0.754263708050614,0.0524481936548689,0.00330093526499175,0.116449660737209,0.0110031175499725,0.0625343847423437
224773.411807,2538866.126422,0.922766464868831,0.00972298660796184,0,0.00201797835259585,0.00440286186020914,0.0610897083104018
225273.411807,2538866.126422,0.992490842490843,0.00164835164835165,0,0,0.000366300366300366,0.00549450549450549
225773.411807,2538866.126422,0.97743119266055,0,0,0,0,0.0225688073394495
226273.411807,2538866.126422,0.456246560264172,0.0539350577875619,0.13832324344157,0.220509998165474,0.0476976701522656,0.0832874701889562
226773.411807,2538866.126422,0.88974358974359,0.0714285714285714,0.000366300366300366,0.000549450549450549,0.00146520146520147,0.0364468864468864
227273.411807,2538866.126422,0.996146788990826,0.00055045871559633,0,0,0,0.00330275229357798
227773.411807,2538866.126422,0.827554577141809,0.066042927903137,0.0277013392038158,0.0198128783709411,0.0122913226930838,0.0465969546872134
228273.411807,2538866.126422,0.895421245421245,0.101831501831502,0.000366300366300366,0,0.000183150183150183,0.0021978021978022
228773.411807,2538866.126422,0.957981651376147,0.00073394495412844,0,0.00018348623853211,0.00165137614678899,0.0394495412844037
229273.411807,2538866.126422,0.839112089524858,0.00238488350761328,0.000733810310034856,0.00495321959273528,0.00495321959273528,0.147862777472023
229773.411807,2538866.126422,0.78040293040293,0.00238095238095238,0,0.015018315018315,0.0153846153846154,0.186813186813187
230273.411807,2538866.126422,0.718899082568807,0.00807339449541284,0.00678899082568807,0.0908256880733945,0.0405504587155963,0.134862385321101
230773.411807,2538866.126422,0.767749036873968,0.014125848468171,0.0341221794166208,0.0746651990460466,0.0398092093193909,0.0695285268758026
231273.411807,2538866.126422,0.989010989010989,0,0,0,0,0.010989010989011
231773.411807,2538866.126422,0.976146788990826,0.0143119266055046,0,0,0,0.00954128440366972
232273.411807,2538866.126422,0.92294991744634,0.00550357732526142,0,0.00183452577508714,0.001284168042561,0.0684278114107503
232773.411807,2538866.126422,0.993589743589744,0.000915750915750916,0,0,0,0.00549450549450549
233273.411807,2538866.126422,0.951192660550459,0.00128440366972477,0,0.00018348623853211,0,0.0473394495412844
233773.411807,2538866.126422,0.353329664281783,0.0996147495872317,0,0.306549257017061,0.129334067143643,0.111172261970281
234273.411807,2538866.126422,0.437545787545788,0.0122710622710623,0.0243589743589744,0.35,0.0652014652014652,0.110622710622711
234773.411807,2538866.126422,0.8,0.00385321100917431,0.00110091743119266,0.0372477064220183,0.0238532110091743,0.13394495412844
235273.411807,2538866.126422,0.748303063658044,0.0495321959273528,0.00091726288754357,0.118143459915612,0.0355898000366905,0.0475142175747569
235773.411807,2538866.126422,0.733699633699634,0.112087912087912,0.00842490842490842,0.0296703296703297,0.0333333333333333,0.0827838827838828
236273.411807,2538866.126422,0.888990825688073,0.0889908256880734,0,0.00275229357798165,0.00770642201834862,0.0115596330275229
236773.411807,2538866.126422,0.918363603008622,0.0203632361034673,0,0,0,0.0612731608879105
224773.411807,2538366.126422,0.654761904761905,0.017032967032967,0.0100732600732601,0.026007326007326,0.0573260073260073,0.234798534798535
225273.411807,2538366.126422,0.755408874220755,0.03997066373304,0.0324532453245325,0.0205353868720205,0.0119178584525119,0.13971397139714
225773.411807,2538366.126422,0.741941391941392,0.113186813186813,0.0628205128205128,0.0148351648351648,0.0135531135531136,0.0536630036630037
226273.411807,2538366.126422,0.756593406593407,0.102930402930403,0.0886446886446886,0.0313186813186813,0.00842490842490842,0.0120879120879121
226773.411807,2538366.126422,0.893656032269894,0.0704070407040704,0.00843417675100843,0.00183351668500183,0,0.0256692335900257
227273.411807,2538366.126422,0.915567765567766,0.00164835164835165,0,0.0181318681318681,0.0214285714285714,0.0432234432234432
227773.411807,2538366.126422,0.773076923076923,0.043040293040293,0.0384615384615385,0.0688644688644689,0.0241758241758242,0.0523809523809524
228273.411807,2538366.126422,0.905573890722406,0.00238357169050238,0,0.0251191785845251,0.0212687935460213,0.0456545654565457
228773.411807,2538366.126422,0.688644688644689,0.0131868131868132,0.00311355311355311,0.063003663003663,0.0465201465201465,0.185531135531136
229273.411807,2538366.126422,0.823626373626374,0.0124542124542125,0.00293040293040293,0.0181318681318681,0.0353479853479853,0.107509157509158
229773.411807,2538366.126422,0.887422075540887,0.0357535753575358,0.00256692335900257,0.00293362669600293,0.00843417675100843,0.0628896222955629
230273.411807,2538366.126422,0.685897435897436,0.117582417582418,0.0221611721611722,0.111904761904762,0.0161172161172161,0.0463369963369963
230773.411807,2538366.126422,0.901831501831502,0.0408424908424908,0.000732600732600733,0.00238095238095238,0.0100732600732601,0.0441391941391941
231273.411807,2538366.126422,0.896589658965897,0.0515218188485515,0.0011001100110011,0.00238357169050238,0.00715071507150715,0.0412541254125413
231773.411807,2538366.126422,0.96978021978022,0.0111721611721612,0,0,0,0.019047619047619
232273.411807,2538366.126422,0.944322344322344,0,0,0.00164835164835165,0.000732600732600733,0.0532967032967033
232773.411807,2538366.126422,0.989365603226989,0,0,0,0,0.0106343967730106
233273.411807,2538366.126422,0.869230769230769,0.00732600732600733,0,0.0531135531135531,0.0379120879120879,0.0324175824175824
233773.411807,2538366.126422,0.668315018315018,0.0445054945054945,0,0.0820512820512821,0.108974358974359,0.0961538461538462
234273.411807,2538366.126422,0.603226989365603,0.0267693436010268,0.00385038503850385,0.232673267326733,0.0676567656765677,0.0658232489915658
234773.411807,2538366.126422,0.351648351648352,0.0124542124542125,0.0254578754578755,0.453113553113553,0.0813186813186813,0.076007326007326
235273.411807,2538366.126422,0.585531135531136,0.103663003663004,0.0402930402930403,0.126739926739927,0.0467032967032967,0.0970695970695971
235773.411807,2538366.126422,0.554272093876054,0.154382104877154,0.00055005500550055,0.152548588192153,0.0711404473780711,0.0671067106710671
236273.411807,2538366.126422,0.792490842490842,0.052014652014652,0,0.0238095238095238,0.0353479853479853,0.0963369963369963
236773.411807,2538366.126422,0.692307692307692,0.0186813186813187,0.000915750915750916,0.0957875457875458,0.0494505494505494,0.142857142857143
224773.411807,2537866.126422,0.714835870163213,0.041995231982395,0.0102695763799743,0.0634513112048414,0.0315422703099211,0.137905739959655
225273.411807,2537866.126422,0.771486164559282,0.0247388675096207,0.051126992853216,0.0842954004031519,0.0141103170240059,0.0542422576507238
225773.411807,2537866.126422,0.862176546155258,0.00220223894292531,0.00165167920719398,0.011194714626537,0.0289961460818499,0.093778674986236
226273.411807,2537866.126422,0.91582615074271,0.0187052998349532,0,0.00311754997249221,0.0102695763799743,0.0520814230698698
226773.411807,2537866.126422,0.878687923767638,0.00384826827927433,0,0.017042330951072,0.0192413413963716,0.0811801356056441
227273.411807,2537866.126422,0.897595889153973,0.0121123141860892,0.00275279867865663,0.0244081482840888,0.0236740686364471,0.0394567810607451
227773.411807,2537866.126422,0.85989363653035,0.0603337612323492,0.00678525582248304,0.0240234733174399,0.0117366587199707,0.0372272143774069
228273.411807,2537866.126422,0.728422210005498,0.119662818398387,0.0331684075499359,0.05717427157779,0.0157595748579806,0.0458127176104087
228773.411807,2537866.126422,0.820884565975408,0.0697375665259681,0.0300972655533125,0.0249587080198202,0.0187190310148651,0.0356028629106258
