"x","y","forest","agri","water","built","other","grass"
326273.411807,2751866.126422,0.987339449541284,0,0,0,0,0.0126605504587156
326773.411807,2751866.126422,0.923133370023849,0.0271509814712897,0.000733810310034856,0.000183452577508714,0.000733810310034856,0.0480645753072831
327273.411807,2751866.126422,0.918131868131868,0.0664835164835165,0,0,0,0.0153846153846154
327773.411807,2751866.126422,0.875596330275229,0,0,0,0,0.124403669724771
328273.411807,2751866.126422,0.837461016327279,0.000733810310034856,0,0.0106402494955054,0.0139423958906623,0.137222527976518
328773.411807,2751866.126422,0.856959706959707,0.0855311355311355,0,0,0,0.0575091575091575
329273.411807,2751866.126422,0.89394495412844,0.0227522935779817,0,0,0,0.083302752293578
329773.411807,2751866.126422,0.914511098880939,0.000733810310034856,0,0,0,0.0847550908090259
330273.411807,2751866.126422,0.921245421245421,0.01996336996337,0,0.000366300366300366,0.000183150183150183,0.0582417582417582
330773.411807,2751866.126422,0.857981651376147,0.00018348623853211,0,0.00018348623853211,0.00073394495412844,0.140917431192661
331273.411807,2751866.126422,0.913960741148413,0,0,0,0,0.0860392588515869
331773.411807,2751866.126422,0.771611721611722,0.00659340659340659,0.000183150183150183,0.0227106227106227,0.0311355311355311,0.167765567765568
332273.411807,2751866.126422,0.908990825688073,0,0,0,0,0.0910091743119266
332773.411807,2751866.126422,0.841863878187489,0.000550357732526142,0,0.00110071546505228,0.00403595670519171,0.152449091909741
333273.411807,2751866.126422,0.93974358974359,0,0,0,0,0.0602564102564103
333773.411807,2751866.126422,0.846422018348624,0,0,0.000917431192660551,0.00128440366972477,0.151376146788991
334273.411807,2751866.126422,0.48504861493304,0.00972298660796184,0.00495321959273528,0.143276463034306,0.0566868464501926,0.300311869381765
334773.411807,2751866.126422,0.0952380952380952,0.121428571428571,0.056959706959707,0.132783882783883,0.133516483516484,0.46007326007326
326273.411807,2751366.126422,0.994139194139194,0.00476190476190476,0,0,0,0.0010989010989011
326773.411807,2751366.126422,0.964468864468864,0.0108058608058608,0,0,0,0.0247252747252747
327273.411807,2751366.126422,0.941327466079941,0.0152181884855152,0,0.000183351668500183,0.000183351668500183,0.0430876420975431
327773.411807,2751366.126422,0.89010989010989,0.0379120879120879,0,0,0,0.071978021978022
328273.411807,2751366.126422,0.813186813186813,0.0507326007326007,0,0.0113553113553114,0.0120879120879121,0.112637362637363
328773.411807,2751366.126422,0.760726072607261,0.000366703337000367,0,0.0011001100110011,0,0.237807114044738
329273.411807,2751366.126422,0.645604395604396,0.0584249084249084,0,0.000732600732600733,0.000915750915750916,0.294322344322344
329773.411807,2751366.126422,0.875457875457875,0,0,0,0,0.124542124542125
330273.411807,2751366.126422,0.926842684268427,0,0,0,0,0.0731573157315732
330773.411807,2751366.126422,0.925824175824176,0,0,0.000366300366300366,0.00274725274725275,0.0710622710622711
331273.411807,2751366.126422,0.916849816849817,0,0,0.000183150183150183,0.000732600732600733,0.0822344322344322
331773.411807,2751366.126422,0.777594426109278,0.0117345067840117,0.0011001100110011,0.0111844517785112,0.0104510451045105,0.187935460212688
332273.411807,2751366.126422,0.789194139194139,0.00293040293040293,0,0.0120879120879121,0.0175824175824176,0.178205128205128
332773.411807,2751366.126422,0.618131868131868,0.0355311355311355,0,0.0476190476190476,0.0404761904761905,0.258241758241758
333273.411807,2751366.126422,0.480564723138981,0.0137513751375138,0,0.028969563623029,0.0355702236890356,0.441144114411441
333773.411807,2751366.126422,0.279304029304029,0.0291208791208791,0.00256410256410256,0.131135531135531,0.0941391941391941,0.463736263736264
334273.411807,2751366.126422,0.0476190476190476,0.030952380952381,0.265201465201465,0.41996336996337,0.0631868131868132,0.173076923076923
326273.411807,2750866.126422,0.970636814094329,0.00311983850247752,0,0,0,0.0262433474031932
326773.411807,2750866.126422,0.976343297267559,0.000733541169998166,0,0,0,0.0229231615624427
327273.411807,2750866.126422,0.969580355506689,0.00329851566794942,0,0,0.000183250870441635,0.0269378779549203
327773.411807,2750866.126422,0.956872820701046,0.0163332721600294,0,0,0,0.0267939071389246
328273.411807,2750866.126422,0.866678892352833,0.0489638730973776,0,0.00586832935998533,0.00605171465248487,0.0724371905373189
328773.411807,2750866.126422,0.788894997251237,0.0144768187648891,0,0.000183250870441635,0.00604727872457394,0.190397654388858
329273.411807,2750866.126422,0.855019269590751,0.0271609469627455,0,0.00311983850247752,0.0108276748027161,0.10387227014131
329773.411807,2750866.126422,0.869246286447827,0.000183385292499542,0,0.010819732257473,0.0146708233999633,0.105079772602237
330273.411807,2750866.126422,0.941359721458677,0,0,0,0,0.0586402785413231
330773.411807,2750866.126422,0.806202973022573,0.0473481372728941,0,0.00660671682877592,0.017434391631492,0.122407781244265
331273.411807,2750866.126422,0.778653951953053,0.00916926462497708,0,0.0898587933247754,0.0333761232349166,0.0889418668622776
331773.411807,2750866.126422,0.213304013194063,0.0393989371449514,0.00256551218618288,0.175371083012644,0.0797141286421111,0.489646325820048
332273.411807,2750866.126422,0.357496788401542,0.0108276748027161,0.0288126261699394,0.205358781427785,0.0679023674068636,0.329601761791154
332773.411807,2750866.126422,0.179167430772052,0.0750045846323125,0.0143040528149642,0.277828718136805,0.0784889051898038,0.375206308454062
333273.411807,2750866.126422,0.13450613890416,0.0452629649990837,0.00568077698369067,0.187832142202675,0.111783030969397,0.514934945940993
333773.411807,2750866.126422,0.0548724536612222,0.0585428518994311,0.0425766195632226,0.307762892273812,0.16186456230501,0.374380620297302
326273.411807,2750366.126422,0.993211009174312,0.00073394495412844,0,0,0,0.00605504587155963
326773.411807,2750366.126422,0.968262704090992,0.001284168042561,0,0,0,0.0304531278664465
327273.411807,2750366.126422,0.9503663003663,0.00732600732600733,0,0,0.000183150183150183,0.0421245421245421
327773.411807,2750366.126422,0.874495412844037,0.0253211009174312,0,0.00036697247706422,0.00018348623853211,0.0996330275229358
328273.411807,2750366.126422,0.67767382131719,0.00311869381764814,0,0.0152265639332233,0.020546688680976,0.283434232250963
328773.411807,2750366.126422,0.846153846153846,0.0106227106227106,0,0.0010989010989011,0.0043956043956044,0.137728937728938
329273.411807,2750366.126422,0.839266055045872,0.0653211009174312,0,0,0,0.0954128440366973
329773.411807,2750366.126422,0.877637130801688,0.002568336085122,0,0.000366905155017428,0.00146762062006971,0.117960007338103
330273.411807,2750366.126422,0.847619047619048,0.00183150183150183,0,0.0128205128205128,0.0186813186813187,0.119047619047619
330773.411807,2750366.126422,0.728623853211009,0.0548623853211009,0,0.0379816513761468,0.0343119266055046,0.144220183486239
331273.411807,2750366.126422,0.102183085672354,0.301596037424326,0.000183452577508714,0.113006787745368,0.104751421757476,0.378279214822968
331773.411807,2750366.126422,0.0598901098901099,0.452014652014652,0,0.0296703296703297,0.0386446886446886,0.41978021978022
332273.411807,2750366.126422,0.227889908256881,0.0625688073394495,0.0574311926605505,0.250275229357798,0.0776146788990826,0.324220183486239
332773.411807,2750366.126422,0.139974316639149,0.0919097413318657,0.0337552742616034,0.306916162172079,0.117226197028068,0.310218308567235
333273.411807,2750366.126422,0.0315018315018315,0.0322344322344322,0.0565934065934066,0.676556776556777,0.0804029304029304,0.122710622710623
333773.411807,2750366.126422,0.0111926605504587,0.0627522935779816,0.026605504587156,0.188807339449541,0.144770642201835,0.565871559633027
334273.411807,2750366.126422,0.0124747752705926,0.246927169326729,0.285085305448542,0.230783342505962,0.0500825536598789,0.174646853788296
326273.411807,2749866.126422,0.991758241758242,0.00402930402930403,0,0,0,0.00421245421245421
326773.411807,2749866.126422,0.987179487179487,0.0021978021978022,0,0,0,0.0106227106227106
327273.411807,2749866.126422,0.914558122478915,0.0606894022735607,0,0,0,0.0247524752475248
327773.411807,2749866.126422,0.699084249084249,0.104029304029304,0,0,0.000183150183150183,0.196703296703297
328273.411807,2749866.126422,0.770512820512821,0.000183150183150183,0,0.00293040293040293,0.00146520146520147,0.224908424908425
328773.411807,2749866.126422,0.680784745141181,0.000366703337000367,0,0.00953428676200953,0.013017968463513,0.296296296296296
329273.411807,2749866.126422,0.928388278388278,0.0021978021978022,0,0.00238095238095238,0.00311355311355311,0.0639194139194139
329773.411807,2749866.126422,0.952564102564103,0.0021978021978022,0,0.00164835164835165,0.00622710622710623,0.0373626373626374
330273.411807,2749866.126422,0.897873120645398,0,0,0.00715071507150715,0.00458379171250458,0.0903923725705904
330773.411807,2749866.126422,0.401831501831502,0.136996336996337,0,0.0935897435897436,0.0582417582417582,0.309340659340659
331273.411807,2749866.126422,0.138461538461538,0.105677655677656,0.000366300366300366,0.105311355311355,0.0978021978021978,0.552380952380952
331773.411807,2749866.126422,0.101026769343601,0.365053171983865,0.00311697836450312,0.0922258892555922,0.0665566556655666,0.372020535386872
332273.411807,2749866.126422,0.133516483516484,0.125457875457875,0.00622710622710623,0.196153846153846,0.127838827838828,0.410805860805861
332773.411807,2749866.126422,0.124358974358974,0.0538461538461538,0.0232600732600733,0.308608058608059,0.141025641025641,0.348901098901099
333273.411807,2749866.126422,0.0702236890355702,0.0482214888155482,0.107627429409608,0.472680601393473,0.0955262192885955,0.205720572057206
333773.411807,2749866.126422,0.234798534798535,0.0952380952380952,0.0628205128205128,0.278021978021978,0.0846153846153846,0.244505494505494
326273.411807,2749366.126422,0.998348320792806,0.00165167920719398,0,0,0,0
326773.411807,2749366.126422,0.974692829635063,0.0247570144874381,0,0,0,0.000550155877498625
327273.411807,2749366.126422,0.853582554517134,0.0348176653839106,0,0.000366501740883269,0.00183250870441635,0.109400769653656
327773.411807,2749366.126422,0.890622132501376,0.0110111947146265,0,0,0,0.0983666727839971
328273.411807,2749366.126422,0.915275994865212,0.00641848523748395,0,0,0,0.0783055198973042
328773.411807,2749366.126422,0.798424042514202,0,0,0.0117280557082646,0.00989554700384827,0.179952354773685
329273.411807,2749366.126422,0.973389612772986,0,0,0.000183519911910442,0.000734079647641769,0.0256927876674619
329773.411807,2749366.126422,0.779020722538052,0.00348432055749129,0,0.0247570144874381,0.0260407115349349,0.166697230882083
330273.411807,2749366.126422,0.599963349825912,0.0168590800806304,0,0.143118929814917,0.0700018325087044,0.170056807769837
330773.411807,2749366.126422,0.0726738851165352,0.403927326114883,0.000917599559552211,0.0594604514589833,0.0456964580657001,0.417324279684346
331273.411807,2749366.126422,0.0894920227397763,0.414634146341463,0.0236567027324409,0.14799193104713,0.070786722904823,0.253438474234366
331773.411807,2749366.126422,0.0628550485614807,0.394539124060839,0.00439802089059923,0.0663368150998717,0.0657870624885468,0.406083928898662
332273.411807,2749366.126422,0.135437694989906,0.158928243714443,0.0108276748027161,0.191778307946412,0.0814828408882364,0.421545237658286
332773.411807,2749366.126422,0.046396479002384,0.397395928846506,0.00678525582248304,0.102512378507244,0.0808729139922978,0.366037043829085
333273.411807,2749366.126422,0.0280373831775701,0.174821330401319,0.0914421843503757,0.217152281473337,0.14238592633315,0.346160894264248
333773.411807,2749366.126422,0.256560836850798,0.0203707102220591,0.324096164433841,0.171774637548174,0.0690034868783263,0.158194164066801
326273.411807,2748866.126422,0.994495412844037,0.0055045871559633,0,0,0,0
326773.411807,2748866.126422,0.960924600990644,0.0207301412584847,0,0,0.000183452577508714,0.0181618051733627
327273.411807,2748866.126422,0.975457875457875,0.00824175824175824,0,0,0,0.0163003663003663
327773.411807,2748866.126422,0.909174311926605,0.00073394495412844,0,0,0,0.0900917431192661
328273.411807,2748866.126422,0.777838928636947,0.00146762062006971,0,0.00110071546505228,0.000366905155017428,0.219225830122913
328773.411807,2748866.126422,0.958058608058608,0,0,0,0,0.0419413919413919
329273.411807,2748866.126422,0.971559633027523,0,0,0,0,0.0284403669724771
329773.411807,2748866.126422,0.461016327279398,0.0152265639332233,0,0.102916895982389,0.111172261970281,0.309667950834709
330273.411807,2748866.126422,0.0941391941391941,0.15952380952381,0.00860805860805861,0.224908424908425,0.145054945054945,0.367765567765568
330773.411807,2748866.126422,0.0374311926605505,0.308073394495413,0.0055045871559633,0.0201834862385321,0.0394495412844037,0.589357798165138
331273.411807,2748866.126422,0.0322876536415337,0.624656026417171,0.00348559897266557,0.136121812511466,0.0504494588148963,0.152999449642267
331773.411807,2748866.126422,0.067032967032967,0.145421245421245,0.013003663003663,0.378754578754579,0.143223443223443,0.252564102564103
332273.411807,2748866.126422,0.11394495412844,0.200550458715596,0.0262385321100917,0.213394495412844,0.113761467889908,0.332110091743119
332773.411807,2748866.126422,0.0431113557145478,0.0944780774169877,0.300495321959274,0.149697303247111,0.111906072280316,0.300311869381765
333273.411807,2748866.126422,0.142857142857143,0.0721611721611722,0.197069597069597,0.184249084249084,0.104578754578755,0.299084249084249
326273.411807,2748366.126422,0.97032967032967,0.000732600732600733,0,0,0,0.0289377289377289
326773.411807,2748366.126422,0.750732600732601,0.00769230769230769,0,0,0,0.241575091575092
327273.411807,2748366.126422,0.92995966263293,0.00458379171250458,0,0,0,0.0654565456545655
327773.411807,2748366.126422,0.910622710622711,0,0,0.00183150183150183,0.00366300366300366,0.0838827838827839
328273.411807,2748366.126422,0.908791208791209,0.000915750915750916,0,0,0,0.0902930402930403
328773.411807,2748366.126422,0.824532453245325,0,0,0.0011001100110011,0.00348368170150348,0.170883755042171
329273.411807,2748366.126422,0.41043956043956,0.0179487179487179,0,0.130586080586081,0.0891941391941392,0.351831501831502
329773.411807,2748366.126422,0.203663003663004,0.0478021978021978,0.00293040293040293,0.229487179487179,0.116849816849817,0.399267399267399
330273.411807,2748366.126422,0.0737073707370737,0.311331133113311,0.0033003300330033,0.159332599926659,0.09002566923359,0.362302896956362
330773.411807,2748366.126422,0.0225274725274725,0.397985347985348,0.00256410256410256,0.161721611721612,0.0972527472527473,0.317948717948718
331273.411807,2748366.126422,0.0282051282051282,0.606043956043956,0,0.135897435897436,0.0666666666666667,0.163186813186813
331773.411807,2748366.126422,0.207554088742208,0.181334800146681,0.0282361569490282,0.0792079207920792,0.0691235790245691,0.434543454345435
332273.411807,2748366.126422,0.0342490842490843,0.0871794871794872,0.428388278388278,0.126007326007326,0.093956043956044,0.23021978021978
332773.411807,2748366.126422,0.0146520146520147,0.0338827838827839,0.494322344322344,0.313369963369963,0.0976190476190476,0.0461538461538462
333273.411807,2748366.126422,0.0553722038870554,0.0502383571690502,0.234690135680235,0.356068940227356,0.0795746241290796,0.224055738907224
326273.411807,2747866.126422,0.810423930996513,0.00587263718113415,0,0.000550559735731327,0.00403743806202973,0.179115434024592
326773.411807,2747866.126422,0.901705483220246,0,0,0,0,0.0982945167797543
327273.411807,2747866.126422,0.880703683342496,0,0,0,0,0.119296316657504
327773.411807,2747866.126422,0.892640851532391,0,0,0,0,0.107359148467609
328273.411807,2747866.126422,0.861177333577847,0.00110031175499725,0,0.0115532734274711,0.0339262791124152,0.0922428021272694
328773.411807,2747866.126422,0.498442367601246,0.00678028220634048,0,0.137804654572109,0.066703316840755,0.290269378779549
329273.411807,2747866.126422,0.110295467058176,0.16590200036704,0.00697375665259681,0.3444668746559,0.130666177280235,0.241695723986052
329773.411807,2747866.126422,0.101412066752246,0.155694113332111,0.0196222262974509,0.305886667889235,0.117916743077205,0.299468182651751
330273.411807,2747866.126422,0.0386659336631849,0.549752611324904,0.000733003481766538,0.197177936595199,0.0951072017592084,0.118563313175738
330773.411807,2747866.126422,0.0126628739218205,0.66801247935401,0.0337676637915214,0.100385391815012,0.0767113231785649,0.108460267939071
331273.411807,2747866.126422,0.0579497524298551,0.482486704566294,0.0115532734274711,0.179534201357051,0.0876581698147808,0.180817898404548
331773.411807,2747866.126422,0.0615722924683892,0.0311526479750779,0.0923584387025838,0.331317573758475,0.155946490745831,0.327652556349643
332273.411807,2747866.126422,0.00899247568361167,0.0328500642319692,0.357680308313452,0.524316388328134,0.0576252523398789,0.0185355111029547
332773.411807,2747866.126422,0.0133871263524665,0.0403447643498991,0.463598019438841,0.401430405281496,0.0506143407298735,0.0306253438474234
333273.411807,2747866.126422,0.117830309693971,0.0505772402418911,0.211654755360088,0.293018141836174,0.122045079714129,0.204874473153747
326273.411807,2747366.126422,0.911926605504587,0.00018348623853211,0,0,0.00018348623853211,0.0877064220183486
326773.411807,2747366.126422,0.946798752522473,0,0,0,0,0.0532012474775271
327273.411807,2747366.126422,0.924175824175824,0,0,0,0,0.0758241758241758
327773.411807,2747366.126422,0.528807339449541,0.0113761467889908,0.00018348623853211,0.130642201834862,0.0743119266055046,0.254678899082569
328273.411807,2747366.126422,0.212988442487617,0.0620069711979453,0.00385250412768299,0.350210970464135,0.144377178499358,0.226563933223262
328773.411807,2747366.126422,0.0895604395604396,0.166300366300366,0.00402930402930403,0.299084249084249,0.100732600732601,0.34029304029304
329273.411807,2747366.126422,0.0645871559633028,0.307522935779816,0.0205504587155963,0.168807339449541,0.109724770642202,0.328807339449541
329773.411807,2747366.126422,0.0398092093193909,0.438084755090809,0.0212804989910108,0.200513667217024,0.12694918363603,0.173362685745735
330273.411807,2747366.126422,0.0216117216117216,0.7003663003663,0.015018315018315,0.124908424908425,0.0576923076923077,0.0804029304029304
330773.411807,2747366.126422,0.0284403669724771,0.585688073394495,0.0570642201834862,0.121284403669725,0.10256880733945,0.104954128440367
331273.411807,2747366.126422,0.0524674371674922,0.390203632361035,0.106035589800037,0.165107319757843,0.100532012474775,0.185654008438819
331773.411807,2747366.126422,0.0304029304029304,0.0663003663003663,0.51996336996337,0.22014652014652,0.0851648351648352,0.078021978021978
332273.411807,2747366.126422,0.00385321100917431,0.036697247706422,0.477614678899083,0.413761467889908,0.0524770642201835,0.0155963302752294
332773.411807,2747366.126422,0.00605393505778756,0.0359567051917079,0.470188956154834,0.351862043661713,0.0541185103650706,0.0818198495688864
333273.411807,2747366.126422,0.161904761904762,0.05,0.376739926739927,0.174725274725275,0.0558608058608059,0.180769230769231
326273.411807,2746866.126422,0.506227106227106,0.0166666666666667,0,0.0432234432234432,0.0333333333333333,0.400549450549451
326773.411807,2746866.126422,0.584615384615385,0.0249084249084249,0,0.0428571428571429,0.0203296703296703,0.327289377289377
327273.411807,2746866.126422,0.460946094609461,0.0291529152915292,0.00146681334800147,0.252841950861753,0.088008800880088,0.167583425009168
327773.411807,2746866.126422,0.134249084249084,0.032051282051282,0.0106227106227106,0.61025641025641,0.124358974358974,0.0884615384615385
328273.411807,2746866.126422,0.0518315018315018,0.0681318681318681,0.00384615384615385,0.67032967032967,0.108791208791209,0.0970695970695971
328773.411807,2746866.126422,0.0236523652365237,0.481481481481481,0.00293362669600293,0.0815914924825816,0.0504217088375504,0.35991932526586
329273.411807,2746866.126422,0.0315018315018315,0.6,0.00750915750915751,0.0767399267399267,0.0708791208791209,0.213369963369963
329773.411807,2746866.126422,0.0509157509157509,0.0523809523809524,0,0.0937728937728938,0.0664835164835165,0.736446886446886
330273.411807,2746866.126422,0.0407040704070407,0.322148881554822,0.0476714338100477,0.0551888522185552,0.0533553355335534,0.480931426475981
330773.411807,2746866.126422,0.041025641025641,0.238278388278388,0.251098901098901,0.0948717948717949,0.0582417582417582,0.316483516483516
331273.411807,2746866.126422,0.0100732600732601,0.0761904761904762,0.600549450549451,0.191941391941392,0.0847985347985348,0.0364468864468864
331773.411807,2746866.126422,0.0033003300330033,0.0621562156215622,0.665383204987165,0.155115511551155,0.0775577557755776,0.0364869820315365
332273.411807,2746866.126422,0.00238095238095238,0.0294871794871795,0.599267399267399,0.280769230769231,0.06996336996337,0.0181318681318681
332773.411807,2746866.126422,0.032967032967033,0.0437728937728938,0.371428571428571,0.246336996336996,0.089010989010989,0.216483516483516
326273.411807,2746366.126422,0.393283171224078,0.0658836483758488,0.00220223894292531,0.105523949348504,0.090475316571848,0.342631675536796
326773.411807,2746366.126422,0.284980744544288,0.0342930496974143,0.000183385292499542,0.0777553640198056,0.0594168347698515,0.543370621676142
327273.411807,2746366.126422,0.35202492211838,0.0544255085211655,0.00916254352208173,0.214770020157596,0.09529045262965,0.274326553051127
327773.411807,2746366.126422,0.115434024591668,0.0273444668746559,0.00660671682877592,0.58506147917049,0.148100568911727,0.117452743622683
328273.411807,2746366.126422,0.0469466348798826,0.207041995231982,0.00733541169998166,0.179534201357051,0.114799193104713,0.444342563726389
328773.411807,2746366.126422,0.0765988638446033,0.593549569360454,0.00806303829943192,0.0927249404434671,0.0492944841487997,0.179769103903244
329273.411807,2746366.126422,0.0330335841438796,0.469994494402643,0.0403743806202973,0.193429987153606,0.0530372545421178,0.210130299137456
329773.411807,2746366.126422,0.0196222262974509,0.0592334494773519,0.310104529616725,0.228498074454429,0.0830735375022923,0.299468182651751
330273.411807,2746366.126422,0.00568077698369067,0.0348176653839106,0.693238042880704,0.152281473336998,0.0489279824079164,0.0650540590067803
330773.411807,2746366.126422,0.0139475133051936,0.0598274912828042,0.420627638098734,0.220223894292531,0.127362818865847,0.158010644154891
331273.411807,2746366.126422,0.00935264991747662,0.0665688611773336,0.469099578213827,0.218045112781955,0.0674857876398313,0.169448010269576
331773.411807,2746366.126422,0.0166758292101887,0.0648708081363387,0.51236943375481,0.116364302730438,0.122778083195895,0.166941542972329
332273.411807,2746366.126422,0.0130299137456414,0.047715177096715,0.541567260047715,0.192145347770233,0.0836850798311617,0.121857221508534
332773.411807,2746366.126422,0.0553823583348615,0.0447460113698881,0.273244085824317,0.231615624426921,0.134604804694663,0.260407115349349
326273.411807,2745866.126422,0.0530275229357798,0.310275229357798,0.00788990825688073,0.227889908256881,0.120550458715596,0.280366972477064
326773.411807,2745866.126422,0.0418271876719868,0.0959456980370574,0.00146762062006971,0.111906072280316,0.0893414052467437,0.659512016143827
327273.411807,2745866.126422,0.116117216117216,0.0690476190476191,0,0.0802197802197802,0.0987179487179487,0.635897435897436
327773.411807,2745866.126422,0.04,0.0311926605504587,0.0218348623853211,0.59651376146789,0.120183486238532,0.190275229357798
328273.411807,2745866.126422,0.0431113557145478,0.646670335718217,0.00513667217024399,0.091726288754357,0.0381581361218125,0.175197211520822
328773.411807,2745866.126422,0.043956043956044,0.59981684981685,0.00512820512820513,0.143956043956044,0.0626373626373626,0.144505494505494
329273.411807,2745866.126422,0.0293577981651376,0.754862385321101,0.00403669724770642,0.105504587155963,0.0396330275229358,0.066605504587156
329773.411807,2745866.126422,0.0108237020730141,0.223628691983122,0.321592368372776,0.093010456796918,0.0820033021463952,0.268941478627775
330273.411807,2745866.126422,0.0283882783882784,0.0664835164835165,0.393956043956044,0.251465201465201,0.112454212454212,0.147252747252747
330773.411807,2745866.126422,0.0165137614678899,0.0622018348623853,0.395596330275229,0.182018348623853,0.115779816513761,0.227889908256881
331273.411807,2745866.126422,0.0456796917996698,0.0741148413135205,0.383048981838195,0.248578242524307,0.113190240322877,0.135388002201431
331773.411807,2745866.126422,0.0247252747252747,0.0912087912087912,0.276007326007326,0.230769230769231,0.14010989010989,0.237179487179487
332273.411807,2745866.126422,0.0777981651376147,0.0528440366972477,0.257798165137615,0.229908256880734,0.125871559633028,0.255779816513761
332773.411807,2745866.126422,0.124931205283434,0.0783342505962209,0.219225830122913,0.254815630159604,0.120528343423225,0.202164740414603
326273.411807,2745366.126422,0.0673992673992674,0.122527472527473,0.000366300366300366,0.252380952380952,0.143040293040293,0.414285714285714
326773.411807,2745366.126422,0.0628205128205128,0.107142857142857,0,0.133333333333333,0.113186813186813,0.583516483516484
327273.411807,2745366.126422,0.0385038503850385,0.0847084708470847,0.00348368170150348,0.0872753942060873,0.0643564356435644,0.721672167216722
327773.411807,2745366.126422,0.194688644688645,0.143589743589744,0.00421245421245421,0.161538461538462,0.118131868131868,0.377838827838828
328273.411807,2745366.126422,0.0521978021978022,0.485714285714286,0.00476190476190476,0.207875457875458,0.104212454212454,0.145238095238095
328773.411807,2745366.126422,0.0229189585625229,0.771727172717272,0.00183351668500183,0.138980564723139,0.0418041804180418,0.0227356068940227
329273.411807,2745366.126422,0.00842490842490842,0.853296703296703,0.00238095238095238,0.0749084249084249,0.0195970695970696,0.0413919413919414
329773.411807,2745366.126422,0.0197802197802198,0.782967032967033,0.00366300366300366,0.0970695970695971,0.0346153846153846,0.0619047619047619
330273.411807,2745366.126422,0.0044004400440044,0.334250091675834,0.36963696369637,0.201136780344701,0.0584891822515585,0.0320865419875321
330773.411807,2745366.126422,0.052014652014652,0.25,0.286630036630037,0.1503663003663,0.0644688644688645,0.196520146520147
331273.411807,2745366.126422,0.0146520146520147,0.529487179487179,0.153479853479853,0.146886446886447,0.0331501831501832,0.122344322344322
331773.411807,2745366.126422,0.0344701136780345,0.157865786578658,0.412541254125413,0.211954528786212,0.0245691235790246,0.158599193252659
332273.411807,2745366.126422,0.0271062271062271,0.283150183150183,0.186630036630037,0.212820512820513,0.0952380952380952,0.195054945054945
332773.411807,2745366.126422,0.219230769230769,0.0866300366300366,0.136080586080586,0.236080586080586,0.0710622710622711,0.250915750915751
326273.411807,2744866.126422,0.660488162965682,0.0172508717195816,0,0.022389429253074,0.022389429253074,0.277482106808589
326773.411807,2744866.126422,0.0361269026224097,0.315239317806712,0.00513478818998716,0.21987896570695,0.105079772602237,0.318540253071704
327273.411807,2744866.126422,0.0447132123877588,0.418728238959135,0.00311526479750779,0.178669598680594,0.0883269195528679,0.266446765622137
327773.411807,2744866.126422,0.0741420444118187,0.463020737750046,0.00165167920719398,0.163699761424115,0.0886401174527436,0.208845659754083
328273.411807,2744866.126422,0.0232899321474418,0.672290482303319,0.00385109114249037,0.070419952319824,0.0612506876948469,0.168897854392078
328773.411807,2744866.126422,0.0513102437236577,0.481400036650174,0.00824628916987356,0.214037016675829,0.089792926516401,0.155213487264065
329273.411807,2744866.126422,0.0132134336575518,0.667094879794458,0.0592769315470729,0.144430170673518,0.0440447788585061,0.0719398054688934
329773.411807,2744866.126422,0.0364936732074088,0.402897487621493,0.111498257839721,0.217128186319457,0.0979277461947552,0.134054648817165
330273.411807,2744866.126422,0.0586402785413231,0.481033534909291,0.0956569543705333,0.141103170240059,0.0760491112332784,0.147516950705516
330773.411807,2744866.126422,0.0420260598274913,0.690218388695173,0.0820334006239677,0.0563406129565058,0.031932464672417,0.0974490732244448
331273.411807,2744866.126422,0.0194388410049514,0.69613057032826,0.0381441408399046,0.134054648817165,0.0403447643498991,0.0718870346598203
331773.411807,2744866.126422,0.0120945574491479,0.702583837273227,0.0630382994319223,0.156312992486714,0.0309693971046362,0.0350009162543522
332273.411807,2744866.126422,0.00844191594788034,0.463204257661956,0.0438612589465957,0.166819599926592,0.133051936135071,0.184621031381905
332773.411807,2744866.126422,0.232715936181918,0.0674857876398313,0.155327342747112,0.205024757014487,0.061617458279846,0.277828718136805
326273.411807,2744366.126422,0.696880733944954,0.13045871559633,0.000917431192660551,0.0278899082568807,0.0311926605504587,0.112660550458716
326773.411807,2744366.126422,0.024399192808659,0.700605393505779,0,0.0388919464318474,0.0346725371491469,0.201430930104568
327273.411807,2744366.126422,0.034981684981685,0.48992673992674,0.000366300366300366,0.143772893772894,0.0871794871794872,0.243772893772894
327773.411807,2744366.126422,0.024954128440367,0.498348623853211,0.0379816513761468,0.0598165137614679,0.0612844036697248,0.317614678899083
328273.411807,2744366.126422,0.0238488350761328,0.498073747936158,0.0590717299578059,0.184553292973766,0.0842047330764997,0.150247660979637
328773.411807,2744366.126422,0.0172161172161172,0.554945054945055,0.084981684981685,0.15018315018315,0.0644688644688645,0.128205128205128
329273.411807,2744366.126422,0.00844036697247706,0.770275229357798,0.0291743119266055,0.128623853211009,0.021651376146789,0.0418348623853211
329773.411807,2744366.126422,0.00440286186020914,0.75325628325078,0.0108237020730141,0.14841313520455,0.0385250412768299,0.0445789763346175
330273.411807,2744366.126422,0.000732600732600733,0.874908424908425,0.00512820512820513,0.0595238095238095,0.0177655677655678,0.0419413919413919
330773.411807,2744366.126422,0.00660550458715596,0.662385321100917,0.0726605504587156,0.11045871559633,0.044954128440367,0.102935779816514
331273.411807,2744366.126422,0.0143093010456797,0.66189689965144,0.086589616584113,0.0959456980370574,0.0607228031553843,0.0805356815263254
331773.411807,2744366.126422,0.0311355311355311,0.401282051282051,0.0906593406593407,0.167216117216117,0.115018315018315,0.194688644688645
332273.411807,2744366.126422,0.0177981651376147,0.0943119266055046,0.340550458715596,0.229908256880734,0.140733944954128,0.176697247706422
332773.411807,2744366.126422,0.0695285268758026,0.0807191341038342,0.199046046596955,0.340121078701156,0.067327095945698,0.243258117776555
326273.411807,2743866.126422,0.0730769230769231,0.51996336996337,0.000183150183150183,0.146520146520147,0.0882783882783883,0.171978021978022
326773.411807,2743866.126422,0.0434065934065934,0.575091575091575,0.000183150183150183,0.144505494505494,0.0897435897435897,0.147069597069597
327273.411807,2743866.126422,0.0238357169050238,0.421708837550422,0.0247524752475248,0.273193986065273,0.0958929226255959,0.160616061606161
327773.411807,2743866.126422,0.021978021978022,0.734798534798535,0.00311355311355311,0.124175824175824,0.0600732600732601,0.0558608058608059
328273.411807,2743866.126422,0.00659340659340659,0.922161172161172,0.00311355311355311,0.0318681318681319,0.00897435897435897,0.0272893772893773
328773.411807,2743866.126422,0.022002200220022,0.772093876054272,0.0176017601760176,0.113861386138614,0.0366703337000367,0.0377704437110378
329273.411807,2743866.126422,0.0282051282051282,0.675641025641026,0.0177655677655678,0.150549450549451,0.0628205128205128,0.065018315018315
329773.411807,2743866.126422,0.0424908424908425,0.671245421245421,0.000366300366300366,0.05,0.043040293040293,0.192857142857143
330273.411807,2743866.126422,0.028969563623029,0.755958929226256,0.000916758342500917,0.077007700770077,0.044004400440044,0.0931426475980931
330773.411807,2743866.126422,0.00915750915750916,0.817948717948718,0.00183150183150183,0.106593406593407,0.023992673992674,0.0404761904761905
331273.411807,2743866.126422,0.0102564102564103,0.810805860805861,0.0234432234432234,0.084981684981685,0.0241758241758242,0.0463369963369963
331773.411807,2743866.126422,0.0243857719105244,0.341034103410341,0.117161716171617,0.158965896589659,0.100843417675101,0.257609094242758
332273.411807,2743866.126422,0.0216117216117216,0.058974358974359,0.276556776556777,0.208608058608059,0.130952380952381,0.303296703296703
332773.411807,2743866.126422,0.0304029304029304,0.138827838827839,0.20018315018315,0.338644688644689,0.0586080586080586,0.233333333333333
326273.411807,2743366.126422,0.26151587447238,0.490548724536612,0.000734079647641769,0.0411084602679391,0.0897412369242063,0.11635162415122
326773.411807,2743366.126422,0.024390243902439,0.724555290665689,0.00568494406748579,0.0944434256372639,0.0649183935448377,0.086007702182285
327273.411807,2743366.126422,0.0503939893714495,0.498992120212571,0.00769653655854865,0.162360271211288,0.0980392156862745,0.182517866959868
327773.411807,2743366.126422,0.00183519911910442,0.91704899981648,0,0.0179849513672233,0.0110111947146265,0.0521196549825656
328273.411807,2743366.126422,0.00806895286997983,0.900421786172749,0.00110031175499725,0.0801393728222996,0.00696864111498258,0.00330093526499175
328773.411807,2743366.126422,0.024555616639179,0.715961150815466,0.0153930731170973,0.132673630199743,0.0522264980758659,0.059190031152648
329273.411807,2743366.126422,0.026977427050835,0.679390713892457,0.00623967700495504,0.138741053404294,0.0697375665259681,0.0789135621214902
329773.411807,2743366.126422,0.0689528699798276,0.614157344580965,0.00110031175499725,0.116449660737209,0.070786722904823,0.128553090042179
330273.411807,2743366.126422,0.0492944841487997,0.656221367051493,0.0089792926516401,0.114531794026022,0.049660985889683,0.121312076232362
330773.411807,2743366.126422,0.0108276748027161,0.850064231969169,0,0.0710222059093412,0.0154156726004772,0.0526702147182969
331273.411807,2743366.126422,0.0306253438474234,0.864478268842839,0.00311754997249221,0.0363102879149092,0.0267742527049331,0.0386942967174033
331773.411807,2743366.126422,0.0359171706065604,0.143302180685358,0.164009529045263,0.210555250137438,0.122411581455012,0.323804288070368
332273.411807,2743366.126422,0.0627638098733713,0.0594604514589833,0.302440814828409,0.206276380987337,0.105156909524683,0.263901633327216
332773.411807,2743366.126422,0.0216394645149459,0.120850907757198,0.367687511461581,0.23620025673941,0.0748211993398129,0.178800660187053
326273.411807,2742866.126422,0.026605504587156,0.724220183486239,0,0.08,0.064954128440367,0.104220183486239
326773.411807,2742866.126422,0.024399192808659,0.789212988442488,0.000550357732526142,0.0498991010823702,0.0374243258117777,0.0985140341221794
327273.411807,2742866.126422,0.0289377289377289,0.649267399267399,0.00695970695970696,0.124725274725275,0.0598901098901099,0.13021978021978
327773.411807,2742866.126422,0.0407339449541284,0.783302752293578,0,0.0436697247706422,0.0407339449541284,0.0915596330275229
328273.411807,2742866.126422,0.0254999082737112,0.781324527609613,0.00110071546505228,0.064758759860576,0.0379746835443038,0.0893414052467437
328773.411807,2742866.126422,0.0184981684981685,0.715750915750916,0.036996336996337,0.132051282051282,0.0256410256410256,0.0710622710622711
329273.411807,2742866.126422,0.0308256880733945,0.687155963302752,0.00458715596330275,0.167706422018349,0.0607339449541284,0.0489908256880734
329773.411807,2742866.126422,0.0133920381581361,0.835443037974684,0.00201797835259585,0.0572372041827188,0.0225646670335718,0.0693450742982939
330273.411807,2742866.126422,0.0441391941391941,0.79029304029304,0.00256410256410256,0.0761904761904762,0.0296703296703297,0.0571428571428571
330773.411807,2742866.126422,0.00899082568807339,0.838715596330275,0,0.0308256880733945,0.0258715596330275,0.0955963302752294
331273.411807,2742866.126422,0.0414602825169694,0.760044028618602,0.00495321959273528,0.0893414052467437,0.0486149330398092,0.0555861309851403
331773.411807,2742866.126422,0.0485347985347985,0.513003663003663,0.0432234432234432,0.158424908424908,0.0847985347985348,0.152014652014652
332273.411807,2742866.126422,0.0143119266055046,0.225504587155963,0.16256880733945,0.27045871559633,0.137247706422018,0.189908256880734
326273.411807,2742366.126422,0.0141025641025641,0.749084249084249,0.00238095238095238,0.0761904761904762,0.0238095238095238,0.134432234432234
326773.411807,2742366.126422,0.0782051282051282,0.106959706959707,0.0232600732600733,0.452014652014652,0.144505494505494,0.195054945054945
327273.411807,2742366.126422,0.0410707737440411,0.594976164283095,0.00055005500550055,0.181151448478181,0.0898423175650898,0.0924092409240924
327773.411807,2742366.126422,0.0311355311355311,0.757692307692308,0.000732600732600733,0.0703296703296703,0.0489010989010989,0.0912087912087912
328273.411807,2742366.126422,0.0289377289377289,0.810622710622711,0.000366300366300366,0.0406593406593407,0.0368131868131868,0.0826007326007326
328773.411807,2742366.126422,0.0157682434910158,0.72973964063073,0.0333700036670334,0.137513751375138,0.0315364869820315,0.0520718738540521
329273.411807,2742366.126422,0.0421245421245421,0.726373626373626,0.0124542124542125,0.0831501831501831,0.0672161172161172,0.0686813186813187
329773.411807,2742366.126422,0.0161172161172161,0.897435897435897,0.000183150183150183,0.0245421245421245,0.0188644688644689,0.0428571428571429
330273.411807,2742366.126422,0.0342867620095343,0.810964429776311,0.00183351668500183,0.0572057205720572,0.0322698936560323,0.0634396773010634
330773.411807,2742366.126422,0.0238095238095238,0.789010989010989,0.0305860805860806,0.0901098901098901,0.0358974358974359,0.0305860805860806
331273.411807,2742366.126422,0.00494505494505494,0.843406593406593,0.00274725274725275,0.0549450549450549,0.0194139194139194,0.0745421245421245
331773.411807,2742366.126422,0.0139347268060139,0.710854418775211,0.0121012101210121,0.148698203153649,0.03997066373304,0.0744407774110744
332273.411807,2742366.126422,0.0298534798534799,0.242673992673993,0.154945054945055,0.167948717948718,0.105494505494505,0.299084249084249
326273.411807,2741866.126422,0.0293631859056708,0.720132134336576,0.000183519911910442,0.0855202789502661,0.0691870067902367,0.0956138741053404
326773.411807,2741866.126422,0.046396479002384,0.44415917843389,0.0348432055749129,0.253805244819366,0.0898587933247754,0.130937098844673
327273.411807,2741866.126422,0.0298698918819864,0.663917903610042,0.0100787978742899,0.119662818398387,0.0628550485614807,0.113615539673813
327773.411807,2741866.126422,0.0315654248485961,0.768214351257111,0.000183519911910442,0.0886401174527436,0.0513855753349238,0.0600110111947146
328273.411807,2741866.126422,0.0313588850174216,0.705666605538236,0.000550155877498625,0.0546488171648634,0.0968274344397579,0.110948101962223
328773.411807,2741866.126422,0.0203408466190214,0.621586952538025,0.0470954737035001,0.168590800806304,0.081729888216969,0.0606560381161811
329273.411807,2741866.126422,0.0200036703982382,0.752064599008992,0.00679023674068636,0.0873554780693705,0.0592769315470729,0.0745090842356396
329773.411807,2741866.126422,0.0218228498074454,0.882816798092793,0.000550155877498625,0.0473134054648817,0.0275077938749312,0.01998899688245
330273.411807,2741866.126422,0.0333516584203775,0.843503756642844,0.000183250870441635,0.0568077698369067,0.0295033901411032,0.0366501740883269
330773.411807,2741866.126422,0.00201871903101487,0.944760506514957,0.00165167920719398,0.0401908607083869,0.00513855753349238,0.00623967700495504
331273.411807,2741866.126422,0.0097194205024757,0.960938932697598,0,0.0172382174949569,0.00366770584999083,0.00843572345497891
331773.411807,2741866.126422,0.0214403518416712,0.771486164559282,0,0.0709180868609126,0.0395821880153931,0.0965732087227414
