"x","y","forest","agri","water","built","other","grass"
250273.411807,2682366.126422,0.957326007326007,0,0,0,0,0.0426739926739927
250773.411807,2682366.126422,0.979464613127979,0,0,0.000733406674000733,0.0011001100110011,0.0187018701870187
251273.411807,2682366.126422,0.989194139194139,0,0,0,0,0.0108058608058608
251773.411807,2682366.126422,0.96959706959707,0,0,0.000366300366300366,0.00146520146520147,0.0285714285714286
252273.411807,2682366.126422,0.908507517418409,0.00605060506050605,0,0.000366703337000367,0.00366703337000367,0.0814081408140814
252773.411807,2682366.126422,0.993589743589744,0.000549450549450549,0,0,0,0.00586080586080586
253273.411807,2682366.126422,0.879487179487179,0.00128205128205128,0,0.0032967032967033,0.00622710622710623,0.10970695970696
253773.411807,2682366.126422,0.797213054638797,0.0181518151815182,0.00128346167950128,0.0493215988265493,0.0443711037770444,0.0896589658965897
254273.411807,2682366.126422,0.917216117216117,0.00622710622710623,0.0133699633699634,0.0188644688644689,0.0148351648351648,0.0294871794871795
254773.411807,2682366.126422,0.989194139194139,0.000549450549450549,0,0,0.00128205128205128,0.00897435897435897
255273.411807,2682366.126422,0.812247891455812,0.00146681334800147,0,0.0832416574990832,0.037037037037037,0.066006600660066
255773.411807,2682366.126422,0.842124542124542,0.00384615384615385,0,0.0336996336996337,0.030952380952381,0.0893772893772894
256273.411807,2682366.126422,0.485164835164835,0.0327838827838828,0.0761904761904762,0.164102564102564,0.0637362637362637,0.178021978021978
256773.411807,2682366.126422,0.649248258159149,0.0495049504950495,0.0504217088375504,0.0284195086175284,0.0748074807480748,0.147598093142648
257273.411807,2682366.126422,0.993956043956044,0,0,0,0,0.00604395604395604
257773.411807,2682366.126422,0.748901098901099,0.00384615384615385,0,0.0194139194139194,0.0294871794871795,0.198351648351648
258273.411807,2682366.126422,0.981298129812981,0,0,0,0,0.0187018701870187
258773.411807,2682366.126422,0.977838827838828,0.0010989010989011,0,0.00164835164835165,0.00695970695970696,0.0124542124542125
259273.411807,2682366.126422,0.990476190476191,0.000915750915750916,0,0,0,0.00860805860805861
259773.411807,2682366.126422,0.649248258159149,0.0201686835350202,0.033003300330033,0.265126512651265,0.0044004400440044,0.0280528052805281
260273.411807,2682366.126422,0.463003663003663,0.0283882783882784,0.0857142857142857,0.24981684981685,0.089010989010989,0.0840659340659341
260773.411807,2682366.126422,0.348534798534799,0.0697802197802198,0.0851648351648352,0.342124542124542,0.0626373626373626,0.0917582417582418
261273.411807,2682366.126422,0.974514118078475,0.000733406674000733,0,0.000366703337000367,0.000733406674000733,0.0236523652365237
261773.411807,2682366.126422,0.986996336996337,0,0,0,0,0.013003663003663
262273.411807,2682366.126422,0.694871794871795,0.00769230769230769,0,0.00183150183150183,0.013003663003663,0.282600732600733
250273.411807,2681866.126422,0.980561158995049,0.000183385292499542,0,0,0,0.0192554557124519
250773.411807,2681866.126422,0.986439435587319,0.000183250870441635,0,0.000366501740883269,0.00109950522264981,0.0119113065787062
251273.411807,2681866.126422,0.93356579188842,0.00220223894292531,0,0.000917599559552211,0.00385391815011929,0.0594604514589833
251773.411807,2681866.126422,0.95213643865762,0.00421786172748946,0,0.00256739409499358,0.00550155877498625,0.0355767467449111
252273.411807,2681866.126422,0.958218801539307,0.017042330951072,0,0,0,0.0247388675096207
252773.411807,2681866.126422,0.993943842906955,0,0,0,0,0.00605615709304459
253273.411807,2681866.126422,0.91600953603521,0,0,0,0,0.08399046396479
253773.411807,2681866.126422,0.589884551951622,0.0258383727322705,0.00806303829943192,0.110500274876306,0.0569910207073484,0.208722741433022
254273.411807,2681866.126422,0.793723619012663,0.00880895577170123,0.00385391815011929,0.0139475133051936,0.0255092677555515,0.154156726004772
254773.411807,2681866.126422,0.790390610673024,0.00476801760498808,0.00898587933247754,0.0473134054648817,0.0594168347698515,0.0891252521547772
255273.411807,2681866.126422,0.851750045812718,0.000549752611324904,0,0.0278541323071285,0.0293201392706615,0.0905259299981675
255773.411807,2681866.126422,0.711506698476785,0.00623967700495504,0,0.0653330886401175,0.0512020554230134,0.165718480455129
256273.411807,2681866.126422,0.61599119750596,0.00898587933247754,0.0445626260773886,0.14395745461214,0.0474967907573813,0.139006051714652
256773.411807,2681866.126422,0.708081363386476,0.00128275609309144,0,0.0674363203225215,0.0483782297965915,0.174821330401319
257273.411807,2681866.126422,0.906771884749495,0,0,0.0189025509267756,0.0106441548908057,0.0636814094329235
257773.411807,2681866.126422,0.588300018338529,0.00421786172748946,0.00843572345497891,0.129836787089675,0.0790390610673024,0.190170548322025
258273.411807,2681866.126422,0.737951255268463,0.011544804837823,0.0124610591900312,0.072200842954004,0.045629466739967,0.120212571009712
258773.411807,2681866.126422,0.595889153973206,0.0122958340979996,0.00110111947146265,0.189392549091576,0.0879060378051019,0.113415305560653
259273.411807,2681866.126422,0.934898221162663,0.00586832935998533,0,0.0135705116449661,0.0122868145974693,0.0333761232349166
259773.411807,2681866.126422,0.566611691405534,0.0370166758292102,0.0540590067802822,0.214770020157596,0.0302363936228697,0.097306212204508
260273.411807,2681866.126422,0.827674802716095,0.0124793540099101,0,0.00440447788585061,0.0334006239677005,0.122040741420444
260773.411807,2681866.126422,0.775719787273061,0.0300751879699248,0.0311754997249221,0.0289748762149276,0.0302585732624244,0.103796075554741
261273.411807,2681866.126422,0.687374015026571,0.0463624702217336,0.0478284771852666,0.0929081913139087,0.0168590800806304,0.108667766171889
261773.411807,2681866.126422,0.843273995228482,0.0690034868783263,0.00880895577170123,0.0326665443200587,0.0102771150669848,0.0359699027344467
262273.411807,2681866.126422,0.897671006785256,0,0,0,0,0.102328993214744
250273.411807,2681366.126422,0.946615299944964,0,0,0,0,0.0533847000550358
250773.411807,2681366.126422,0.981684981684982,0,0,0,0,0.0183150183150183
251273.411807,2681366.126422,0.98,0,0,0,0,0.02
251773.411807,2681366.126422,0.976884975233902,0,0,0,0,0.023115024766098
252273.411807,2681366.126422,0.987728937728938,0.000183150183150183,0,0,0,0.0120879120879121
252773.411807,2681366.126422,0.989357798165138,0,0,0,0.00018348623853211,0.0104587155963303
253273.411807,2681366.126422,0.933590166941845,0,0,0.00110071546505228,0.00183452577508714,0.063474591818015
253773.411807,2681366.126422,0.663369963369963,0.0221611721611722,0.00805860805860806,0.102197802197802,0.054029304029304,0.15018315018315
254273.411807,2681366.126422,0.965504587155963,0,0,0,0,0.0344954128440367
254773.411807,2681366.126422,0.816914327646303,0.00605393505778756,0,0.0330214639515685,0.0271509814712897,0.116859291873051
255273.411807,2681366.126422,0.942490842490842,0.000549450549450549,0,0.00146520146520147,0.00366300366300366,0.0518315018315018
255773.411807,2681366.126422,0.909908256880734,0.00165137614678899,0,0.0168807339449541,0.0137614678899083,0.0577981651376147
256273.411807,2681366.126422,0.695652173913043,0.0266006237387635,0.0066042927903137,0.0653091175931022,0.0489818381948266,0.15685195376995
256773.411807,2681366.126422,0.604945054945055,0.0620879120879121,0.0402930402930403,0.0805860805860806,0.0659340659340659,0.146153846153846
257273.411807,2681366.126422,0.515963302752294,0.044954128440367,0.0838532110091743,0.206788990825688,0.0561467889908257,0.0922935779816514
257773.411807,2681366.126422,0.40799853237938,0.0172445422858191,0.40231150247661,0.0825536598789213,0.028251696936342,0.0616400660429279
258273.411807,2681366.126422,0.37014652014652,0.0203296703296703,0.274725274725275,0.262820512820513,0.0380952380952381,0.0338827838827839
258773.411807,2681366.126422,0.282752293577982,0.0704587155963303,0.257981651376147,0.244403669724771,0.0572477064220183,0.0871559633027523
259273.411807,2681366.126422,0.438451660245826,0.017978352595854,0.268574573472757,0.225096312603192,0.0212804989910108,0.0286186020913594
259773.411807,2681366.126422,0.921794871794872,0.0172161172161172,0.00274725274725275,0.0128205128205128,0.0166666666666667,0.0287545787545788
260273.411807,2681366.126422,0.981834862385321,0.00073394495412844,0,0,0.00165137614678899,0.0157798165137615
260773.411807,2681366.126422,0.986607961841864,0.00568702990277013,0,0,0.000183452577508714,0.00752155567785727
261273.411807,2681366.126422,0.916666666666667,0.01996336996337,0.0120879120879121,0.0108058608058608,0.0111721611721612,0.0293040293040293
261773.411807,2681366.126422,0.793577981651376,0.0155963302752294,0.00128440366972477,0.0214678899082569,0.0754128440366972,0.0926605504587156
262273.411807,2681366.126422,0.489818381948266,0.0748486516235553,0.0651256650155935,0.126398825903504,0.0867730691616217,0.157035406347459
250273.411807,2680866.126422,0.873260073260073,0,0,0,0,0.126739926739927
250773.411807,2680866.126422,0.874220755408874,0,0,0.00183351668500183,0.00055005500550055,0.123395672900623
251273.411807,2680866.126422,0.984432234432234,0,0,0,0,0.0155677655677656
251773.411807,2680866.126422,0.833699633699634,0.00622710622710623,0,0.00549450549450549,0.010989010989011,0.143589743589744
252273.411807,2680866.126422,0.940960762742941,0,0,0,0,0.059039237257059
252773.411807,2680866.126422,0.939010989010989,0,0,0.0104395604395604,0.000183150183150183,0.0503663003663004
253273.411807,2680866.126422,0.908058608058608,0,0,0.000183150183150183,0.0010989010989011,0.0906593406593407
253773.411807,2680866.126422,0.6002933626696,0.0124679134580125,0.0137513751375138,0.0924092409240924,0.0821415474880821,0.198936560322699
254273.411807,2680866.126422,0.855311355311355,0.0100732600732601,0.000732600732600733,0.00897435897435897,0.010989010989011,0.113919413919414
254773.411807,2680866.126422,0.81007326007326,0.00750915750915751,0.00989010989010989,0.0258241758241758,0.0327838827838828,0.113919413919414
255273.411807,2680866.126422,0.787495416208287,0,0,0.0366703337000367,0.0313531353135314,0.144481114778144
255773.411807,2680866.126422,0.804578754578755,0.00146520146520147,0.000366300366300366,0.0415750915750916,0.0419413919413919,0.11007326007326
256273.411807,2680866.126422,0.704395604395604,0.00549450549450549,0.0228937728937729,0.143406593406593,0.0382783882783883,0.0855311355311355
256773.411807,2680866.126422,0.747524752475248,0.0190685735240191,0.015034836817015,0.102310231023102,0.0374037403740374,0.0786578657865787
257273.411807,2680866.126422,0.785531135531136,0.0593406593406593,0.015018315018315,0.0236263736263736,0.0161172161172161,0.1003663003663
257773.411807,2680866.126422,0.541941391941392,0.0774725274725275,0.203663003663004,0.0358974358974359,0.0217948717948718,0.119230769230769
258273.411807,2680866.126422,0.742574257425743,0.147048038137147,0.00935093509350935,0.0152181884855152,0.0291529152915292,0.0566556655665567
258773.411807,2680866.126422,0.810989010989011,0.0487179487179487,0.0010989010989011,0.0205128205128205,0.0263736263736264,0.0923076923076923
259273.411807,2680866.126422,0.806593406593407,0.0855311355311355,0.00128205128205128,0.0131868131868132,0.00897435897435897,0.0844322344322344
259773.411807,2680866.126422,0.948111477814448,0.0170517051705171,0,0,0.000366703337000367,0.0344701136780345
260273.411807,2680866.126422,0.534615384615385,0.0575091575091575,0.0100732600732601,0.0399267399267399,0.13021978021978,0.227655677655678
260773.411807,2680866.126422,0.885531135531135,0.0716117216117216,0.00164835164835165,0,0.00128205128205128,0.0399267399267399
261273.411807,2680866.126422,0.888338833883388,0.0163182984965163,0,0,0.00238357169050238,0.092959295929593
261773.411807,2680866.126422,0.96007326007326,0.00274725274725275,0,0,0.000183150183150183,0.036996336996337
262273.411807,2680866.126422,0.758058608058608,0.0106227106227106,0.0234432234432234,0.071978021978022,0.0351648351648352,0.100732600732601
250273.411807,2680366.126422,0.854575463047864,0.0144874381074638,0.000183385292499542,0.00165046763249587,0.00550155877498625,0.123601687144691
250773.411807,2680366.126422,0.762140370166758,0.00769653655854865,0,0.00641378046545721,0.0196078431372549,0.204141469671981
251273.411807,2680366.126422,0.968618095063314,0.000183519911910442,0,0,0.000183519911910442,0.0310148651128647
251773.411807,2680366.126422,0.988813497157528,0,0,0,0,0.011186502842472
252273.411807,2680366.126422,0.907458310426975,0.00568077698369067,0,0.0047645226314825,0.0109950522264981,0.0711013377313542
252773.411807,2680366.126422,0.897045329418242,0.00440447788585061,0,0.031932464672417,0.0225729491649844,0.0440447788585061
253273.411807,2680366.126422,0.994315055932514,0,0,0,0,0.00568494406748579
253773.411807,2680366.126422,0.621586952538025,0.00183250870441635,0.0042147700201576,0.211288253619205,0.062671797691039,0.0984057174271578
254273.411807,2680366.126422,0.673701596623234,0.0242246283721784,0.0143145531290145,0.0836850798311617,0.0491833363919985,0.154890805652413
254773.411807,2680366.126422,0.692462864478269,0.00293416467999266,0.00568494406748579,0.0603337612323492,0.033192737942417,0.205391527599487
255273.411807,2680366.126422,0.405534176287337,0.00751328568810702,0.00787978742899029,0.282206340480117,0.116364302730438,0.18050210738501
255773.411807,2680366.126422,0.496971921453478,0.085887318774087,0.0484492567443568,0.133051936135071,0.057258212516058,0.17838135437695
256273.411807,2680366.126422,0.47185035760132,0.166147075004585,0.0368604437924078,0.181734824867046,0.039611223179901,0.103796075554741
256773.411807,2680366.126422,0.526663001649258,0.118929814916621,0.0668865677111966,0.0787978742899029,0.0481949789261499,0.160527762506872
257273.411807,2680366.126422,0.503578638282254,0.129932097632593,0.0790970820334006,0.104055790053221,0.046063497889521,0.137272894109011
257773.411807,2680366.126422,0.777370254905557,0.108930863744728,0.013203741059967,0.00330093526499175,0.0188886851274528,0.0783055198973042
258273.411807,2680366.126422,0.960967564595932,0.017042330951072,0,0,0.000366501740883269,0.0216236027121129
258773.411807,2680366.126422,0.87135254175078,0.0155991925123876,0.00183519911910442,0.015782712424298,0.0209212699577904,0.0745090842356396
259273.411807,2680366.126422,0.904823033192738,0.0304419585549239,0,0.000183385292499542,0.00165046763249587,0.0629011553273428
259773.411807,2680366.126422,0.990837456477918,0.00513102437236577,0,0,0,0.00403151914971596
260273.411807,2680366.126422,0.883281336024959,0.0396403009726555,0,0.000367039823820885,0.00605615709304459,0.0706551660855203
260773.411807,2680366.126422,0.785072437190537,0.0918760315422703,0.00935264991747662,0.0166880616174583,0.0185219145424537,0.0784889051898038
261273.411807,2680366.126422,0.816932380428807,0.0467289719626168,0.000366501740883269,0.000733003481766538,0.00806303829943192,0.127176104086494
261773.411807,2680366.126422,0.960726738851165,0.000917599559552211,0,0,0,0.0383556615892824
262273.411807,2680366.126422,0.764349899138089,0.041995231982395,0,0.00623509994498441,0.0249403997799376,0.162479369154594
250273.411807,2679866.126422,0.809392771968446,0.00990643918547056,0.00146762062006971,0.00513667217024399,0.00733810310034856,0.166758392955421
250773.411807,2679866.126422,0.946703296703297,0.0221611721611722,0,0,0.000366300366300366,0.0307692307692308
251273.411807,2679866.126422,0.976697247706422,0,0,0.00110091743119266,0.00146788990825688,0.0207339449541284
251773.411807,2679866.126422,0.981287837094111,0,0,0,0,0.0187121629058888
252273.411807,2679866.126422,0.947619047619048,0.0021978021978022,0,0.00238095238095238,0.00714285714285714,0.0406593406593407
252773.411807,2679866.126422,0.956880733944954,0.00110091743119266,0,0,0.00110091743119266,0.0409174311926606
253273.411807,2679866.126422,0.9557879288204,0.000183452577508714,0,0.00421940928270042,0.00605393505778756,0.0337552742616034
253773.411807,2679866.126422,0.603663003663004,0.00293040293040293,0.000915750915750916,0.286080586080586,0.0481684981684982,0.0582417582417582
254273.411807,2679866.126422,0.441100917431193,0.0289908256880734,0.0776146788990826,0.360183486238532,0.0315596330275229,0.0605504587155963
254773.411807,2679866.126422,0.588515868647954,0.0691616217207852,0.0928270042194093,0.075032104201064,0.0434782608695652,0.130985140341222
255273.411807,2679866.126422,0.663919413919414,0.106593406593407,0.0234432234432234,0.0765567765567766,0.0446886446886447,0.0847985347985348
255773.411807,2679866.126422,0.647339449541284,0.0915596330275229,0.0185321100917431,0.0537614678899083,0.0475229357798165,0.141284403669725
256273.411807,2679866.126422,0.616400660429279,0.199046046596955,0.0858558062740782,0.0324711062190424,0.0106402494955054,0.0555861309851403
256773.411807,2679866.126422,0.829304029304029,0.115750915750916,0.0043956043956044,0.000183150183150183,0.00622710622710623,0.0441391941391941
257273.411807,2679866.126422,0.72954128440367,0.184770642201835,0.00018348623853211,0.00036697247706422,0.011743119266055,0.073394495412844
257773.411807,2679866.126422,0.865529260686113,0.0682443588332416,0.00110071546505228,0.00220143093010457,0.00898917629792699,0.0539350577875619
258273.411807,2679866.126422,0.746886446886447,0.110989010989011,0.00769230769230769,0.00567765567765568,0.0208791208791209,0.107875457875458
258773.411807,2679866.126422,0.881467889908257,0.0223853211009174,0,0,0.00073394495412844,0.0954128440366973
259273.411807,2679866.126422,0.911025499908274,0.0104567969179967,0,0.0170610897083104,0.0234819299211154,0.0379746835443038
259773.411807,2679866.126422,0.946153846153846,0.00293040293040293,0,0.000183150183150183,0.0010989010989011,0.0496336996336996
260273.411807,2679866.126422,0.970091743119266,0.0100917431192661,0,0,0,0.0198165137614679
260773.411807,2679866.126422,0.66758392955421,0.150064208402128,0.0168776371308017,0.00715465052283985,0.0421940928270042,0.116125481563016
261273.411807,2679866.126422,0.844322344322344,0.0311355311355311,0,0.000732600732600733,0.00915750915750916,0.114652014652015
261773.411807,2679866.126422,0.88348623853211,0.00275229357798165,0,0.00018348623853211,0.00293577981651376,0.110642201834862
262273.411807,2679866.126422,0.849935791597872,0.0288020546688681,0,0,0.00532012474775271,0.115942028985507
250273.411807,2679366.126422,0.57051282051282,0.0415750915750916,0.0868131868131868,0.0397435897435897,0.034981684981685,0.226373626373626
250773.411807,2679366.126422,0.764209754308764,0.0033003300330033,0.077007700770077,0.0352035203520352,0.0214521452145215,0.0988265493215988
251273.411807,2679366.126422,0.998351648351648,0,0,0,0,0.00164835164835165
251773.411807,2679366.126422,1,0,0,0,0,0
252273.411807,2679366.126422,0.732489915658233,0,0,0.0674734140080675,0.0515218188485515,0.148514851485149
252773.411807,2679366.126422,0.860622710622711,0.0148351648351648,0,0.015018315018315,0.0205128205128205,0.089010989010989
253273.411807,2679366.126422,0.811538461538462,0.0102564102564103,0,0.0294871794871795,0.0423076923076923,0.106410256410256
253773.411807,2679366.126422,0.628529519618629,0.0185185185185185,0.0469380271360469,0.16024935826916,0.0634396773010634,0.0823248991565823
254273.411807,2679366.126422,0.828205128205128,0.0448717948717949,0.023992673992674,0.0584249084249084,0.00531135531135531,0.0391941391941392
254773.411807,2679366.126422,0.988278388278388,0.0108058608058608,0,0,0,0.000915750915750916
255273.411807,2679366.126422,0.896773010634397,0.0344701136780345,0,0.0066006600660066,0.00843417675100843,0.0537220388705537
255773.411807,2679366.126422,0.782783882783883,0.0791208791208791,0.000732600732600733,0.0186813186813187,0.0214285714285714,0.0972527472527473
256273.411807,2679366.126422,0.767948717948718,0.0412087912087912,0.00256410256410256,0.0122710622710623,0.0225274725274725,0.153479853479853
256773.411807,2679366.126422,0.83956729006234,0.0484048404840484,0.00128346167950128,0.0214521452145215,0.0177851118445178,0.0715071507150715
257273.411807,2679366.126422,0.708058608058608,0.153113553113553,0.00897435897435897,0.0181318681318681,0.0175824175824176,0.0941391941391941
257773.411807,2679366.126422,0.828937728937729,0.0620879120879121,0.00384615384615385,0.00128205128205128,0.00842490842490842,0.0954212454212454
258273.411807,2679366.126422,0.609094242757609,0.00568390172350568,0.00495049504950495,0.0320865419875321,0.048038137147048,0.3001466813348
258773.411807,2679366.126422,0.83956043956044,0.0139194139194139,0.0338827838827839,0.00238095238095238,0.0153846153846154,0.0948717948717949
259273.411807,2679366.126422,0.916483516483516,0.00164835164835165,0,0.00421245421245421,0.0173992673992674,0.0602564102564103
259773.411807,2679366.126422,0.91015768243491,0.0168683535020169,0.00055005500550055,0.000733406674000733,0.0066006600660066,0.0650898423175651
260273.411807,2679366.126422,0.867032967032967,0.0357142857142857,0,0.000732600732600733,0.00567765567765568,0.0908424908424908
260773.411807,2679366.126422,0.902930402930403,0.0362637362637363,0,0.000183150183150183,0.00128205128205128,0.0593406593406593
261273.411807,2679366.126422,0.919141914191419,0.00476714338100477,0,0,0,0.0760909424275761
261773.411807,2679366.126422,0.82014652014652,0.0108058608058608,0,0.000366300366300366,0.00201465201465201,0.166666666666667
262273.411807,2679366.126422,0.903663003663004,0.0399267399267399,0,0,0.000183150183150183,0.0562271062271062
250273.411807,2678866.126422,0.797726022373006,0.0141206675224647,0.000183385292499542,0.00110031175499725,0.0119200440124702,0.174949569044563
250773.411807,2678866.126422,0.920469122228331,0,0,0,0.000183250870441635,0.0793476269012278
251273.411807,2678866.126422,0.97504129198018,0,0,0.000183519911910442,0.000183519911910442,0.0245916681959993
251773.411807,2678866.126422,0.983311938382542,0,0,0.000183385292499542,0.000733541169998166,0.0157711351549606
252273.411807,2678866.126422,0.517500458127176,0.00641378046545721,0.0152098222466557,0.118196811434854,0.0925416895730255,0.250137438152831
252773.411807,2678866.126422,0.951000183519912,0,0,0,0,0.0489998164800881
253273.411807,2678866.126422,0.891252521547772,0.0022006235099945,0,0.0271410232899321,0.0141206675224647,0.0652851641298368
253773.411807,2678866.126422,0.643027304379696,0.0685358255451713,0.0890599230346344,0.0925416895730255,0.0196078431372549,0.0872274143302181
254273.411807,2678866.126422,0.972655533125344,0.0047715177096715,0,0,0,0.0225729491649844
254773.411807,2678866.126422,0.957087841555107,0.0260407115349349,0,0,0,0.0168714469099578
255273.411807,2678866.126422,0.832325453545904,0.0850284038849184,0.00494777350192413,0.0108118013560564,0.0117280557082646,0.055158512002932
255773.411807,2678866.126422,0.942558267572032,0.0229399889888053,0,0,0,0.0345017434391632
256273.411807,2678866.126422,0.814964239867963,0.0390610673024023,0.00275077938749312,0.0192554557124519,0.0297084173849257,0.0942600403447643
256773.411807,2678866.126422,0.787062488546821,0.0124610591900312,0.00164925783397471,0.0122778083195895,0.0247388675096207,0.161810518599963
257273.411807,2678866.126422,0.975958891539732,0.000183519911910442,0.00146815929528354,0.0012846393833731,0.00550559735731327,0.0155991925123876
257773.411807,2678866.126422,0.950119200440125,0.00128369704749679,0,0.00183385292499542,0.00256739409499358,0.0441958554923895
258273.411807,2678866.126422,0.884368700751329,0.0240058640278541,0,0.00128275609309144,0.00329851566794942,0.0870441634597764
258773.411807,2678866.126422,0.936318590567077,0.0117452743622683,0,0,0.000734079647641769,0.0512020554230134
259273.411807,2678866.126422,0.857876398312855,0.0104529616724739,0,0.0124701998899688,0.0146708233999633,0.104529616724739
259773.411807,2678866.126422,0.894080996884735,0.0368334249587686,0,0.000183250870441635,0.00219901044529962,0.066703316840755
260273.411807,2678866.126422,0.94604514589833,0.0110111947146265,0,0,0,0.0429436593870435
260773.411807,2678866.126422,0.963322941500092,0.00916926462497708,0,0,0,0.0275077938749312
261273.411807,2678866.126422,0.92486714311893,0.00238226131574125,0,0.00256551218618288,0.00513102437236577,0.0650540590067803
261773.411807,2678866.126422,0.820884565975408,0.0647825289043861,0,0.000917599559552211,0.00568911726922371,0.10772618829143
262273.411807,2678866.126422,0.872363836420319,0.06400146708234,0,0,0.000550155877498625,0.0630845406198423
250273.411807,2678366.126422,0.748303063658044,0.0124747752705926,0,0.00458631443771785,0.002568336085122,0.232067510548523
250773.411807,2678366.126422,0.755677655677656,0.00567765567765568,0.000915750915750916,0.0276556776556777,0.0228937728937729,0.187179487179487
251273.411807,2678366.126422,0.694311926605505,0.0245871559633028,0.0647706422018349,0.0976146788990826,0.0185321100917431,0.100183486238532
251773.411807,2678366.126422,0.616584113006788,0.0165107319757843,0.210236653824986,0.0522839845899835,0.0174279948633278,0.0869565217391304
252273.411807,2678366.126422,0.354578754578755,0.0166666666666667,0.120512820512821,0.206593406593407,0.0602564102564103,0.241391941391941
252773.411807,2678366.126422,0.807889908256881,0.0236697247706422,0.0218348623853211,0.0559633027522936,0.00899082568807339,0.081651376146789
253273.411807,2678366.126422,0.687396807925151,0.0498991010823702,0.0640249495505412,0.0511832691249312,0.0354063474591818,0.112089524857824
253773.411807,2678366.126422,0.783150183150183,0.0974358974358974,0.00293040293040293,0.00457875457875458,0.0122710622710623,0.0996336996336996
254273.411807,2678366.126422,0.838899082568807,0.0563302752293578,0.00036697247706422,0.000917431192660551,0.0108256880733945,0.0926605504587156
254773.411807,2678366.126422,0.854705558613098,0.0671436433681893,0,0,0.00587048248027885,0.0722803155384333
255273.411807,2678366.126422,0.945054945054945,0.0302197802197802,0,0,0.000183150183150183,0.0245421245421245
255773.411807,2678366.126422,0.915779816513762,0.00770642201834862,0.00055045871559633,0,0.00678899082568807,0.0691743119266055
256273.411807,2678366.126422,0.860942946248395,0.0398092093193909,0.000366905155017428,0.00201797835259585,0.00843881856540084,0.0884241423592002
256773.411807,2678366.126422,0.863736263736264,0.0990842490842491,0.0117216117216117,0,0.00128205128205128,0.0241758241758242
257273.411807,2678366.126422,0.963853211009174,0.0176146788990826,0,0,0,0.0185321100917431
257773.411807,2678366.126422,0.969730324711062,0,0,0.00880572372041827,0.00330214639515685,0.0181618051733627
258273.411807,2678366.126422,0.880952380952381,0.0727106227106227,0,0.000183150183150183,0.000366300366300366,0.0457875457875458
258773.411807,2678366.126422,0.910275229357798,0.0445871559633028,0.0018348623853211,0.00018348623853211,0.00440366972477064,0.0387155963302752
259273.411807,2678366.126422,0.876719867914144,0.0245826453861677,0,0.00110071546505228,0.00421940928270042,0.0933773619519354
259773.411807,2678366.126422,0.836446886446886,0.0276556776556777,0.000549450549450549,0.00512820512820513,0.0194139194139194,0.110805860805861
260273.411807,2678366.126422,0.939816513761468,0.00660550458715596,0,0,0,0.0535779816513761
260773.411807,2678366.126422,0.970280682443588,0.00770500825536599,0,0,0,0.0220143093010457
261273.411807,2678366.126422,0.926556776556777,0.0141025641025641,0,0.000183150183150183,0.00146520146520147,0.0576923076923077
261773.411807,2678366.126422,0.909908256880734,0.0526605504587156,0,0.00110091743119266,0.00055045871559633,0.0357798165137615
262273.411807,2678366.126422,0.959640432948083,0.00990643918547056,0,0,0,0.0304531278664465
250273.411807,2677866.126422,0.856043956043956,0.00128205128205128,0,0.0010989010989011,0.00750915750915751,0.134065934065934
250773.411807,2677866.126422,0.642830949761643,0.0132013201320132,0.0445544554455446,0.104877154382105,0.0418041804180418,0.152731939860653
251273.411807,2677866.126422,0.575091575091575,0.00421245421245421,0.0901098901098901,0.151648351648352,0.05,0.128937728937729
251773.411807,2677866.126422,0.654395604395604,0.00769230769230769,0,0.0181318681318681,0.0247252747252747,0.295054945054945
252273.411807,2677866.126422,0.761642830949762,0.0238357169050238,0,0.00055005500550055,0.00311697836450312,0.210854418775211
252773.411807,2677866.126422,0.804029304029304,0.00860805860805861,0,0.00238095238095238,0.00366300366300366,0.181318681318681
253273.411807,2677866.126422,0.624908424908425,0.0487179487179487,0.00366300366300366,0.161721611721612,0.0432234432234432,0.117765567765568
253773.411807,2677866.126422,0.702970297029703,0.0456545654565457,0.00055005500550055,0.0407040704070407,0.0221855518885222,0.187935460212688
254273.411807,2677866.126422,0.922161172161172,0.00128205128205128,0,0.0043956043956044,0.00421245421245421,0.0679487179487179
254773.411807,2677866.126422,0.758974358974359,0.0461538461538462,0,0.00531135531135531,0.00842490842490842,0.181135531135531
255273.411807,2677866.126422,0.942060872753942,0.00715071507150715,0,0.00238357169050238,0.000366703337000367,0.048038137147048
255773.411807,2677866.126422,0.870695970695971,0.00915750915750916,0,0.0146520146520147,0.0177655677655678,0.0877289377289377
256273.411807,2677866.126422,0.83992673992674,0.00164835164835165,0,0.0181318681318681,0.00989010989010989,0.13040293040293
256773.411807,2677866.126422,0.905757242390906,0.00733406674000733,0.000183351668500183,0.0102676934360103,0.0066006600660066,0.0698569856985699
257273.411807,2677866.126422,0.991208791208791,0.0010989010989011,0,0,0,0.00769230769230769
257773.411807,2677866.126422,0.991391941391941,0.00347985347985348,0,0,0,0.00512820512820513
258273.411807,2677866.126422,0.963146314631463,0.0190685735240191,0,0.000183351668500183,0.000916758342500917,0.0166850018335167
258773.411807,2677866.126422,0.856043956043956,0.0864468864468864,0,0,0,0.0575091575091575
259273.411807,2677866.126422,0.891208791208791,0.0111721611721612,0.000549450549450549,0.000732600732600733,0.00494505494505494,0.0913919413919414
259773.411807,2677866.126422,0.77961129446278,0.115328199486615,0.00146681334800147,0.000733406674000733,0.0128346167950128,0.09002566923359
260273.411807,2677866.126422,0.768681318681319,0.176923076923077,0.00824175824175824,0.00457875457875458,0.00457875457875458,0.036996336996337
260773.411807,2677866.126422,0.83003663003663,0.067032967032967,0.000366300366300366,0.00183150183150183,0.0152014652014652,0.0855311355311355
261273.411807,2677866.126422,0.935643564356436,0.011001100110011,0.00201686835350202,0.00128346167950128,0.00605060506050605,0.044004400440044
261773.411807,2677866.126422,0.955128205128205,0.00750915750915751,0,0,0,0.0373626373626374
262273.411807,2677866.126422,0.966666666666667,0.0168498168498168,0,0,0,0.0164835164835165
250273.411807,2677366.126422,0.497891069136255,0.0225563909774436,0.0278745644599303,0.214377406931964,0.0614340729873464,0.17586649550706
250773.411807,2677366.126422,0.60197910940077,0.026571376214037,0.0159428257284222,0.102803738317757,0.066703316840755,0.185999633498259
251273.411807,2677366.126422,0.805652413286842,0.0278950266103872,0.0401908607083869,0.0260598274912828,0.00532207744540283,0.0948797944576987
251773.411807,2677366.126422,0.620759215110948,0.00806895286997983,0,0.0124701998899688,0.0128369704749679,0.345864661654135
252273.411807,2677366.126422,0.954187282389591,0,0,0,0,0.0458127176104087
252773.411807,2677366.126422,0.961277298586897,0.0185355111029547,0,0,0,0.0201871903101487
253273.411807,2677366.126422,0.905556574362736,0.0652851641298368,0,0.00110031175499725,0.004401247019989,0.0236567027324409
253773.411807,2677366.126422,0.812900861279091,0.159061755543339,0,0,0,0.0280373831775701
254273.411807,2677366.126422,0.829326481923289,0.125894659570563,0.0260598274912828,0.00165167920719398,0.000183519911910442,0.0168838318957607
254773.411807,2677366.126422,0.808729139922978,0.156794425087108,0,0,0,0.0344764349899138
255273.411807,2677366.126422,0.921018874839655,0.0403151914971596,0,0,0.000549752611324904,0.03811618105186
255773.411807,2677366.126422,0.915397320609286,0.0233070288126262,0,0.000183519911910442,0.00403743806202973,0.0570746926041475
256273.411807,2677366.126422,0.9598386209426,0.00605171465248487,0,0.000183385292499542,0.000550155877498625,0.0333761232349166
256773.411807,2677366.126422,0.881986439435587,0.00623052959501558,0,0.0122778083195895,0.0218068535825545,0.0776983690672531
257273.411807,2677366.126422,0.924756836116719,0.00697375665259681,0,0.00293631859056708,0.0159662323362085,0.049366856303909
257773.411807,2677366.126422,0.894553456812764,0.01998899688245,0.000550155877498625,0.00256739409499358,0.0143040528149642,0.0680359435173299
258273.411807,2677366.126422,0.869342129375115,0.017042330951072,0.00604727872457394,0.013560564412681,0.0254718709913872,0.0685358255451713
258773.411807,2677366.126422,0.903652046247018,0.000734079647641769,0,0.00587263718113415,0.00899247568361167,0.0807487612405946
259273.411807,2677366.126422,0.75187969924812,0.0022006235099945,0,0,0,0.245919677241885
259773.411807,2677366.126422,0.887483965548836,0.0139270661535642,0,0.000183250870441635,0.000916254352208173,0.0974894630749496
260273.411807,2677366.126422,0.85465222976693,0.0702881262616994,0.00385391815011929,0,0.00110111947146265,0.0701046063497889
260773.411807,2677366.126422,0.653585182468366,0.0988446726572529,0.0480469466348799,0.00605171465248487,0.0284247203374289,0.165046763249587
261273.411807,2677366.126422,0.9529045262965,0,0,0,0,0.0470954737035001
261773.411807,2677366.126422,0.996146081849881,0.0034868783262984,0,0,0,0.000367039823820885
262273.411807,2677366.126422,0.996699064735008,0.00293416467999266,0,0,0,0.000366770584999083
250273.411807,2676866.126422,0.632727939827555,0.0198128783709411,0.0396257567418822,0.0880572372041827,0.0432948082920565,0.176481379563383
250773.411807,2676866.126422,0.715384615384615,0.01996336996337,0.0131868131868132,0.0758241758241758,0.01996336996337,0.155677655677656
251273.411807,2676866.126422,0.775779816513761,0.0308256880733945,0.00788990825688073,0.0504587155963303,0.0335779816513761,0.101467889908257
251773.411807,2676866.126422,0.640249495505412,0.00843881856540084,0,0.00311869381764814,0.00550357732526142,0.342689414786278
252273.411807,2676866.126422,0.955494505494506,0.00128205128205128,0,0,0.000183150183150183,0.043040293040293
252773.411807,2676866.126422,0.992844036697248,0,0,0,0,0.00715596330275229
253273.411807,2676866.126422,0.849201981287837,0.115391671252981,0,0,0.000366905155017428,0.0350394423041644
253773.411807,2676866.126422,0.880769230769231,0.110805860805861,0,0,0,0.00842490842490842
254273.411807,2676866.126422,0.944036697247706,0.0420183486238532,0,0,0,0.0139449541284404
254773.411807,2676866.126422,0.963309484498257,0.0221977618785544,0,0,0,0.0144927536231884
255273.411807,2676866.126422,0.985714285714286,0,0,0,0,0.0142857142857143
255773.411807,2676866.126422,0.982201834862385,0.00055045871559633,0,0,0,0.0172477064220183
256273.411807,2676866.126422,0.989543203082003,0.00275178866263071,0,0,0,0.00770500825536599
256773.411807,2676866.126422,0.993772893772894,0,0,0,0.000183150183150183,0.00604395604395604
257273.411807,2676866.126422,0.90954128440367,0.06,0,0,0.00165137614678899,0.0288073394495413
257773.411807,2676866.126422,0.838011374059806,0.0886075949367089,0.000183452577508714,0.00110071546505228,0.00366905155017428,0.0684278114107503
258273.411807,2676866.126422,0.932234432234432,0.0267399267399267,0,0,0.000366300366300366,0.0406593406593407
258773.411807,2676866.126422,0.831743119266055,0.0814678899082569,0.00422018348623853,0.00256880733944954,0.00422018348623853,0.0757798165137615
259273.411807,2676866.126422,0.643001284168043,0.0242157402311502,0.00146762062006971,0.0176114474408365,0.0139423958906623,0.299761511649239
259773.411807,2676866.126422,0.486263736263736,0.184249084249084,0,0.00714285714285714,0.00695970695970696,0.315384615384615
260273.411807,2676866.126422,0.631376146788991,0.343853211009174,0,0,0,0.0247706422018349
260773.411807,2676866.126422,0.884057971014493,0.0790680609062557,0,0,0,0.0368739680792515
261273.411807,2676866.126422,0.936630036630037,0.000366300366300366,0,0,0.00238095238095238,0.0606227106227106
261773.411807,2676866.126422,0.945688073394495,0.0291743119266055,0,0,0,0.0251376146788991
262273.411807,2676866.126422,0.912309667950835,0.0794349660612732,0,0,0,0.00825536598789213
250273.411807,2676366.126422,0.869230769230769,0.0108058608058608,0,0.0021978021978022,0.0043956043956044,0.113369963369963
250773.411807,2676366.126422,0.957829116244958,0.00568390172350568,0,0,0.000183351668500183,0.0363036303630363
251273.411807,2676366.126422,0.909157509157509,0.00879120879120879,0,0.00164835164835165,0.00549450549450549,0.0749084249084249
251773.411807,2676366.126422,0.80989010989011,0.0119047619047619,0,0.0285714285714286,0.0126373626373626,0.136996336996337
252273.411807,2676366.126422,0.966263292995966,0,0,0.000183351668500183,0.000733406674000733,0.0328199486615328
252773.411807,2676366.126422,0.995238095238095,0.000183150183150183,0,0,0,0.00457875457875458
253273.411807,2676366.126422,0.96007326007326,0.000366300366300366,0,0.0168498168498168,0.00970695970695971,0.013003663003663
253773.411807,2676366.126422,0.981481481481482,0,0,0.000366703337000367,0,0.0181518151815182
254273.411807,2676366.126422,0.966300366300366,0.00293040293040293,0,0.00183150183150183,0.00787545787545788,0.0210622710622711
254773.411807,2676366.126422,0.991758241758242,0,0,0,0,0.00824175824175824
255273.411807,2676366.126422,0.896589658965897,0,0,0.00641730839750642,0.00165016501650165,0.0953428676200953
255773.411807,2676366.126422,0.903663003663004,0,0,0.00531135531135531,0.00531135531135531,0.0857142857142857
256273.411807,2676366.126422,0.981135531135531,0,0,0,0,0.0188644688644689
256773.411807,2676366.126422,0.993032636596993,0,0,0.000366703337000367,0.00128346167950128,0.00531719838650532
257273.411807,2676366.126422,0.938644688644689,0.00476190476190476,0,0.0021978021978022,0.0032967032967033,0.0510989010989011
257773.411807,2676366.126422,0.77985347985348,0.00604395604395604,0,0.00146520146520147,0.00384615384615385,0.208791208791209
258273.411807,2676366.126422,0.756692335900257,0.00971763843050972,0,0,0,0.233590025669234
258773.411807,2676366.126422,0.511721611721612,0.0137362637362637,0,0.000549450549450549,0.00201465201465201,0.471978021978022
259273.411807,2676366.126422,0.643223443223443,0.0873626373626374,0.00860805860805861,0.000915750915750916,0.00769230769230769,0.252197802197802
259773.411807,2676366.126422,0.877704437110378,0.0495049504950495,0.00586725339200587,0.00146681334800147,0.00293362669600293,0.0625229189585625
260273.411807,2676366.126422,0.78974358974359,0.208974358974359,0,0,0,0.00128205128205128
260773.411807,2676366.126422,0.802380952380952,0.16025641025641,0,0,0,0.0373626373626374
261273.411807,2676366.126422,0.933993399339934,0.0245691235790246,0,0,0.000183351668500183,0.0412541254125413
261773.411807,2676366.126422,0.94010989010989,0.00952380952380952,0,0.00384615384615385,0.00476190476190476,0.0417582417582418
262273.411807,2676366.126422,0.94047619047619,0.0366300366300366,0,0,0,0.0228937728937729
250273.411807,2675866.126422,0.964973409132588,0.000733541169998166,0,0,0,0.0342930496974143
250773.411807,2675866.126422,0.994319223016309,0,0,0,0,0.00568077698369067
251273.411807,2675866.126422,0.935217471095614,0.009543035419343,0.00165167920719398,0.00440447788585061,0.00991007524316388,0.0392732611488346
251773.411807,2675866.126422,0.911791674307721,0.0139372822299652,0,0.0229231615624427,0.0121034293049697,0.0392444525949019
252273.411807,2675866.126422,0.981491662085395,0.000916254352208173,0,0.000549752611324904,0.000549752611324904,0.0164925783397471
252773.411807,2675866.126422,0.989906404844926,0,0,0,0,0.0100935951550743
253273.411807,2675866.126422,0.888318356867779,0.00183385292499542,0,0.0232899321474418,0.0276911791674308,0.0588666788923528
253773.411807,2675866.126422,0.923584387025838,0,0,0,0.000366501740883269,0.0760491112332784
