"x","y","forest","agri","water","built","other","grass"
301273.411807,2654866.126422,0.926645883000183,0.0075187969924812,0,0.00128369704749679,0.0102695763799743,0.0542820465798643
301773.411807,2654866.126422,0.967747846802272,0.0320689023272861,0,0,0,0.000183250870441635
302273.411807,2654866.126422,0.957423380436777,0.0337676637915214,0,0,0,0.00880895577170123
302773.411807,2654866.126422,0.97194205024757,0.00201723821749496,0,0,0,0.0260407115349349
303273.411807,2654866.126422,0.944474986256185,0.0296866410115448,0,0,0,0.0258383727322705
303773.411807,2654866.126422,0.967333455679941,0.0326665443200587,0,0,0,0
304273.411807,2654866.126422,0.996332294150009,0.00366770584999083,0,0,0,0
304773.411807,2654866.126422,0.815649624335716,0.0106285504856148,0,0,0,0.17372182517867
305273.411807,2654866.126422,0.952284822903285,0,0,0,0,0.047715177096715
305773.411807,2654866.126422,0.850907757197873,0.000183385292499542,0,0.000550155877498625,0.00183385292499542,0.146524848707134
306273.411807,2654866.126422,0.650907091808686,0.00238226131574125,0,0.0384826827927433,0.0298698918819864,0.278358072200843
306773.411807,2654866.126422,0.212883097816113,0.0113782345384474,0.00550559735731327,0.313084969719215,0.11616810423931,0.340979996329602
307273.411807,2654866.126422,0.243352283146892,0.0157711351549606,0.000366770584999083,0.226114065651935,0.162295983862094,0.35209976159912
307773.411807,2654866.126422,0.544438336082096,0.00733003481766538,0.00604727872457394,0.118013560564413,0.0276708814366868,0.296499908374565
308273.411807,2654866.126422,0.184621031381905,0.0218388695173426,0.00697375665259681,0.416957239860525,0.122224261332355,0.247384841255276
308773.411807,2654866.126422,0.266092059416835,0.0674857876398313,0.000916926462497708,0.136988813497158,0.0702365670273244,0.458279845956354
309273.411807,2654866.126422,0.272310793476269,0.0194245922668133,0,0.0502107385010079,0.0359171706065604,0.622136705149349
309773.411807,2654866.126422,0.334740319324647,0.026977427050835,0.0047715177096715,0.149752248118921,0.0590934116351624,0.424665076160763
310273.411807,2654866.126422,0.183752063084541,0.0520814230698698,0.033192737942417,0.33981294700165,0.100311754997249,0.290849073904273
310773.411807,2654866.126422,0.0628550485614807,0.0254718709913872,0.165292285138354,0.593183067619571,0.0498442367601246,0.103353490929082
311273.411807,2654866.126422,0.0552394934850431,0.0277115066984768,0.076344283354744,0.652963846577354,0.0735914846760874,0.114149385208295
311773.411807,2654866.126422,0.0986612873647534,0.109847790207225,0.004401247019989,0.268659453511828,0.0836236933797909,0.434806528516413
312273.411807,2654866.126422,0.404068169323804,0.0632215503023639,0.0185083379146051,0.105919003115265,0.074216602528862,0.3340663368151
312773.411807,2654866.126422,0.41493852082951,0.046063497889521,0.0278950266103872,0.214718296935217,0.0901082767480272,0.206276380987337
313273.411807,2654866.126422,0.119750596002201,0.0284247203374289,0.138455895837154,0.439757931413901,0.132954337062168,0.140656519347148
301273.411807,2654366.126422,0.44358833241607,0.0414602825169694,0,0.00733810310034856,0.0302696752889378,0.477343606677674
301773.411807,2654366.126422,0.965934065934066,0.00476190476190476,0,0,0.000183150183150183,0.0291208791208791
302273.411807,2654366.126422,0.948256880733945,0.0253211009174312,0,0,0.00018348623853211,0.0262385321100917
302773.411807,2654366.126422,0.946982205099982,0.0254999082737112,0,0.000366905155017428,0,0.0271509814712897
303273.411807,2654366.126422,0.983882783882784,0.0115384615384615,0,0.000549450549450549,0,0.00402930402930403
303773.411807,2654366.126422,0.976330275229358,0.0236697247706422,0,0,0,0
304273.411807,2654366.126422,0.94147862777472,0.0130251330031187,0,0.000366905155017428,0.00110071546505228,0.0440286186020914
304773.411807,2654366.126422,0.8003663003663,0,0,0,0.000366300366300366,0.199267399267399
305273.411807,2654366.126422,0.911009174311927,0,0,0.00073394495412844,0,0.088256880733945
305773.411807,2654366.126422,0.842414235920015,0,0,0.00440286186020914,0.00421940928270042,0.148963492937076
306273.411807,2654366.126422,0.798717948717949,0,0,0.00750915750915751,0.00402930402930403,0.18974358974359
306773.411807,2654366.126422,0.203669724770642,0.0574311926605505,0.0108256880733945,0.204403669724771,0.124036697247706,0.399633027522936
307273.411807,2654366.126422,0.143459915611814,0.0893414052467437,0.0143093010456797,0.211520821867547,0.085305448541552,0.456063107686663
307773.411807,2654366.126422,0.123992673992674,0.0990842490842491,0.0122710622710623,0.302564102564103,0.12014652014652,0.341941391941392
308273.411807,2654366.126422,0.0655045871559633,0.0526605504587156,0.115779816513761,0.488990825688073,0.076697247706422,0.200366972477064
308773.411807,2654366.126422,0.101082370207301,0.0238488350761328,0.0985140341221794,0.516969363419556,0.0515501742799486,0.208035222894882
309273.411807,2654366.126422,0.411904761904762,0.0183150183150183,0.00366300366300366,0.0315018315018315,0.028021978021978,0.506593406593407
309773.411807,2654366.126422,0.364954128440367,0.0188990825688073,0.00935779816513761,0.155045871559633,0.0636697247706422,0.388073394495413
310273.411807,2654366.126422,0.0931939093744267,0.00843881856540084,0.114290955787929,0.613098514034122,0.0651256650155935,0.105852137222528
310773.411807,2654366.126422,0.0163003663003663,0.00989010989010989,0.249267399267399,0.673260073260073,0.034981684981685,0.0163003663003663
311273.411807,2654366.126422,0.0376146788990826,0.023302752293578,0.152660550458716,0.627339449541284,0.0768807339449541,0.0822018348623853
311773.411807,2654366.126422,0.0464135021097046,0.0676940011007155,0.0653091175931022,0.580260502660062,0.0986974866996881,0.141625389836727
312273.411807,2654366.126422,0.627838827838828,0.0102564102564103,0.00457875457875458,0.0921245421245421,0.043956043956044,0.221245421245421
312773.411807,2654366.126422,0.35651376146789,0.00660550458715596,0.0187155963302752,0.358532110091743,0.116330275229358,0.143302752293578
313273.411807,2654366.126422,0.17409649605577,0.0388919464318474,0.0277013392038158,0.385433865345808,0.164556962025316,0.209319390937443
301273.411807,2653866.126422,0.821062271062271,0.00421245421245421,0,0.00164835164835165,0.00494505494505494,0.168131868131868
301773.411807,2653866.126422,0.932709937660433,0.000733406674000733,0,0,0,0.0665566556655666
302273.411807,2653866.126422,0.992124542124542,0.00347985347985348,0,0,0,0.0043956043956044
302773.411807,2653866.126422,0.987362637362637,0.00897435897435897,0,0,0,0.00366300366300366
303273.411807,2653866.126422,0.979464613127979,0.0198019801980198,0,0,0,0.000733406674000733
303773.411807,2653866.126422,0.93992673992674,0.0448717948717949,0,0,0,0.0152014652014652
304273.411807,2653866.126422,0.913003663003663,0.00293040293040293,0,0,0,0.0840659340659341
304773.411807,2653866.126422,0.911257792445911,0,0,0,0,0.0887422075540887
305273.411807,2653866.126422,0.883150183150183,0,0,0,0,0.116849816849817
305773.411807,2653866.126422,0.842307692307692,0,0,0.00659340659340659,0.00677655677655678,0.144322344322344
306273.411807,2653866.126422,0.334066740007334,0.0115511551155116,0.00513384671800513,0.213054638797213,0.0779244591125779,0.358269160249358
306773.411807,2653866.126422,0.103846153846154,0.0785714285714286,0.0177655677655678,0.284981684981685,0.0904761904761905,0.424358974358974
307273.411807,2653866.126422,0.0858974358974359,0.225824175824176,0,0.0547619047619048,0.0659340659340659,0.567582417582418
307773.411807,2653866.126422,0.123395672900623,0.170883755042171,0.0139347268060139,0.143931059772644,0.096993032636597,0.450861752841951
308273.411807,2653866.126422,0.112087912087912,0.0831501831501831,0.0606227106227106,0.302197802197802,0.0774725274725275,0.364468864468864
308773.411807,2653866.126422,0.093956043956044,0.191391941391941,0.0142857142857143,0.253113553113553,0.0875457875457875,0.35970695970696
309273.411807,2653866.126422,0.0572057205720572,0.198203153648698,0.066006600660066,0.315914924825816,0.0924092409240924,0.27026035936927
309773.411807,2653866.126422,0.207692307692308,0.0412087912087912,0.0732600732600733,0.323992673992674,0.0584249084249084,0.295421245421245
310273.411807,2653866.126422,0.0120879120879121,0.00421245421245421,0.194505494505495,0.729304029304029,0.0434065934065934,0.0164835164835165
310773.411807,2653866.126422,0.026952695269527,0.00861752841950862,0.111294462779611,0.786762009534287,0.0465713237990466,0.0198019801980198
311273.411807,2653866.126422,0.0371794871794872,0.00860805860805861,0.139010989010989,0.652014652014652,0.0712454212454212,0.0919413919413919
311773.411807,2653866.126422,0.0478021978021978,0.0624542124542125,0.0717948717948718,0.459340659340659,0.0840659340659341,0.274542124542125
312273.411807,2653866.126422,0.701320132013201,0.00403373670700403,0.00513384671800513,0.0977264393105977,0.0337367070040337,0.158049138247158
312773.411807,2653866.126422,0.25952380952381,0.0413919413919414,0.00769230769230769,0.290842490842491,0.156043956043956,0.244505494505494
313273.411807,2653866.126422,0.181318681318681,0.0179487179487179,0.113369963369963,0.417216117216117,0.116300366300366,0.153846153846154
301273.411807,2653366.126422,0.853475151292866,0.004401247019989,0,0.000916926462497708,0.00788556757748029,0.133321107647167
301773.411807,2653366.126422,0.964815832875206,0,0,0,0,0.0351841671247938
302273.411807,2653366.126422,0.985501926959075,0.0122958340979996,0,0,0,0.00220223894292531
302773.411807,2653366.126422,0.993764900055016,0.00623509994498441,0,0,0,0
303273.411807,2653366.126422,0.971412864211105,0.028587135788895,0,0,0,0
303773.411807,2653366.126422,0.967516975591852,0.0324830244081483,0,0,0,0
304273.411807,2653366.126422,0.931047130020172,0.0148542086924629,0,0.000183385292499542,0,0.0539152759948652
304773.411807,2653366.126422,0.969397104636247,0.00146600696353308,0,0,0,0.0291368884002199
305273.411807,2653366.126422,0.827674802716095,0,0,0,0,0.172325197283905
305773.411807,2653366.126422,0.568677792041078,0.0649183935448377,0,0.0557491289198606,0.0188886851274528,0.291766000366771
306273.411807,2653366.126422,0.246838922484882,0.074216602528862,0.00128275609309144,0.0982224665567161,0.0318856514568444,0.547553600879604
306773.411807,2653366.126422,0.115617544503579,0.192695907505964,0.00110111947146265,0.135437694989906,0.0657001284639383,0.48944760506515
307273.411807,2653366.126422,0.0843572345497891,0.0412616908123968,0.0247570144874381,0.290665688611773,0.0922428021272694,0.466715569411333
307773.411807,2653366.126422,0.141103170240059,0.101520982224666,0.00916254352208173,0.329485065054059,0.0894264247755177,0.329301814183617
308273.411807,2653366.126422,0.0715727656450725,0.249587080198201,0.0251422279317306,0.0719398054688934,0.0783630023857589,0.503395118370343
308773.411807,2653366.126422,0.0878415551072804,0.196772418852008,0.00165046763249587,0.115165963689712,0.0878415551072804,0.510728039611223
309273.411807,2653366.126422,0.0725673446948873,0.146417445482866,0.0260216236027121,0.266263514751695,0.117280557082646,0.371449514385193
309773.411807,2653366.126422,0.0783630023857589,0.0469810974490732,0.222793173059277,0.401541567260048,0.063497889521013,0.18682327032483
310273.411807,2653366.126422,0.0682193288098294,0.0485971025123785,0.187786539519531,0.441408399046397,0.0673024023473317,0.186686227764533
310773.411807,2653366.126422,0.142569177203592,0.0089792926516401,0.0874106652006597,0.409015942825728,0.105185999633498,0.246838922484882
311273.411807,2653366.126422,0.0341347036153423,0.0110111947146265,0.266837951917783,0.595889153973206,0.0528537346302074,0.0392732611488346
311773.411807,2653366.126422,0.0770218228498075,0.0207225380524482,0.0931597285897671,0.61580781221346,0.117916743077205,0.0753713552173116
312273.411807,2653366.126422,0.30273043796958,0.0388491845336265,0.00696353307678211,0.190947407000183,0.109950522264981,0.350558915154847
312773.411807,2653366.126422,0.237841805835933,0.0310148651128647,0.0163332721600294,0.235089007157277,0.124793540099101,0.354927509634795
313273.411807,2653366.126422,0.15587749862461,0.053181734824867,0.0790390610673024,0.417018155143957,0.137905739959655,0.156977810379608
301273.411807,2652866.126422,0.844065309117593,0.00458631443771785,0,0.00165107319757843,0.00880572372041827,0.140891579526692
301773.411807,2652866.126422,0.981135531135531,0,0,0,0,0.0188644688644689
302273.411807,2652866.126422,0.984220183486239,0.0073394495412844,0,0,0,0.00844036697247706
302773.411807,2652866.126422,0.986974866996881,0.00146762062006971,0,0,0,0.011557512383049
303273.411807,2652866.126422,0.956959706959707,0.0173992673992674,0,0,0,0.0256410256410256
303773.411807,2652866.126422,0.969357798165138,0.00513761467889908,0,0,0,0.0255045871559633
304273.411807,2652866.126422,0.96716198862594,0.00091726288754357,0,0,0,0.0319207484865162
304773.411807,2652866.126422,0.955311355311355,0.000549450549450549,0,0,0,0.0441391941391941
305273.411807,2652866.126422,0.899266055045872,0.00036697247706422,0,0.00018348623853211,0.00036697247706422,0.0998165137614679
305773.411807,2652866.126422,0.818381948266373,0.000366905155017428,0,0.0159603742432581,0.00403595670519171,0.16125481563016
306273.411807,2652866.126422,0.268315018315018,0.0985347985347985,0,0.0254578754578755,0.0305860805860806,0.577106227106227
306773.411807,2652866.126422,0.0946788990825688,0.241100917431193,0,0.0313761467889908,0.0447706422018349,0.588073394495413
307273.411807,2652866.126422,0.0717299578059072,0.170060539350578,0.0216474041460283,0.20968629609246,0.0761328196661163,0.45074298293891
307773.411807,2652866.126422,0.0269230769230769,0.0115384615384615,0.127106227106227,0.716300366300366,0.0617216117216117,0.0564102564102564
308273.411807,2652866.126422,0.0653211009174312,0.167155963302752,0.0284403669724771,0.294311926605505,0.0724770642201835,0.372293577981651
308773.411807,2652866.126422,0.0843881856540084,0.157218858924968,0.0392588515868648,0.23683727756375,0.100348559897267,0.381948266373143
309273.411807,2652866.126422,0.0972527472527473,0.032967032967033,0.13003663003663,0.246703296703297,0.0635531135531135,0.429487179487179
309773.411807,2652866.126422,0.0464220183486239,0.0238532110091743,0.154128440366972,0.657064220183486,0.0675229357798165,0.0510091743119266
310273.411807,2652866.126422,0.120528343423225,0.135754907356448,0.0438451660245826,0.261419922949917,0.096862960924601,0.341588699321225
310773.411807,2652866.126422,0.0983516483516483,0.023992673992674,0.183516483516484,0.456043956043956,0.0862637362637363,0.151831501831502
311273.411807,2652866.126422,0.073394495412844,0.0073394495412844,0.180366972477064,0.628256880733945,0.075045871559633,0.0355963302752294
311773.411807,2652866.126422,0.0476976701522656,0.00862227114290956,0.274261603375527,0.590717299578059,0.0561364887176665,0.0225646670335718
312273.411807,2652866.126422,0.153113553113553,0.0694139194139194,0.0567765567765568,0.416849816849817,0.128754578754579,0.175091575091575
312773.411807,2652866.126422,0.180183486238532,0.0671559633027523,0.0730275229357798,0.24605504587156,0.148256880733945,0.285321100917431
313273.411807,2652866.126422,0.0803522289488167,0.0176114474408365,0.380664098330582,0.159970647587599,0.0460465969546872,0.315354980737479
301273.411807,2652366.126422,0.892857142857143,0,0,0,0,0.107142857142857
301773.411807,2652366.126422,0.95966263292996,0,0,0,0,0.0403373670700403
302273.411807,2652366.126422,0.931135531135531,0,0,0,0,0.0688644688644689
302773.411807,2652366.126422,0.98956043956044,0.00934065934065934,0,0,0,0.0010989010989011
303273.411807,2652366.126422,0.987715438210488,0.00678401173450678,0,0,0,0.0055005500550055
303773.411807,2652366.126422,0.895970695970696,0.0010989010989011,0,0,0,0.102930402930403
304273.411807,2652366.126422,0.901465201465201,0,0,0,0,0.0985347985347985
304773.411807,2652366.126422,0.931609827649432,0,0,0.0011001100110011,0.00055005500550055,0.0667400073340667
305273.411807,2652366.126422,0.886263736263736,0,0,0.00164835164835165,0.000549450549450549,0.111538461538462
305773.411807,2652366.126422,0.86007326007326,0.00128205128205128,0,0.00201465201465201,0.00311355311355311,0.133516483516484
306273.411807,2652366.126422,0.279427942794279,0.113127979464613,0.00293362669600293,0.0412541254125413,0.0449211587825449,0.518335166850018
306773.411807,2652366.126422,0.0783882783882784,0.238644688644689,0.00146520146520147,0.0278388278388278,0.028021978021978,0.625641025641026
307273.411807,2652366.126422,0.0983516483516483,0.147252747252747,0.00970695970695971,0.234615384615385,0.0961538461538462,0.413919413919414
307773.411807,2652366.126422,0.0641730839750642,0.143931059772644,0.00751741840850752,0.11037770443711,0.0496883021635497,0.624312431243124
308273.411807,2652366.126422,0.095970695970696,0.0454212454212454,0.0948717948717949,0.354761904761905,0.0761904761904762,0.332783882783883
308773.411807,2652366.126422,0.0608058608058608,0.0307692307692308,0.153479853479853,0.543040293040293,0.0608058608058608,0.151098901098901
309273.411807,2652366.126422,0.0436376971030436,0.0192519251925193,0.0977264393105977,0.665566556655666,0.0672900623395673,0.106527319398607
309773.411807,2652366.126422,0.0344322344322344,0.0580586080586081,0.134981684981685,0.627289377289377,0.0771062271062271,0.0681318681318681
310273.411807,2652366.126422,0.0507326007326007,0.039010989010989,0.184981684981685,0.562087912087912,0.0633699633699634,0.0998168498168498
310773.411807,2652366.126422,0.0344701136780345,0.0135680234690136,0.171617161716172,0.672533920058673,0.0434543454345435,0.0643564356435644
311273.411807,2652366.126422,0.0043956043956044,0.00750915750915751,0.175274725274725,0.78956043956044,0.0210622710622711,0.0021978021978022
311773.411807,2652366.126422,0.0265567765567766,0.0276556776556777,0.131135531135531,0.732600732600733,0.0521978021978022,0.0298534798534799
312273.411807,2652366.126422,0.0793912724605794,0.0302530253025303,0.0784745141180785,0.593876054272094,0.134213421342134,0.0837917125045838
312773.411807,2652366.126422,0.00750915750915751,0.0155677655677656,0.468864468864469,0.416483516483517,0.0534798534798535,0.0380952380952381
301273.411807,2651866.126422,0.981294700165047,0,0,0,0,0.0187052998349532
301773.411807,2651866.126422,0.663917903610042,0,0,0,0,0.336082096389958
302273.411807,2651866.126422,0.953569462286658,0.00422095797394017,0,0,0,0.0422095797394017
302773.411807,2651866.126422,0.948652118100128,0.0187052998349532,0,0,0,0.0326425820649184
303273.411807,2651866.126422,0.961517317207257,0,0,0,0,0.0384826827927433
303773.411807,2651866.126422,0.815929528353826,0,0,0,0,0.184070471646174
304273.411807,2651866.126422,0.902255639097744,0,0,0,0,0.0977443609022556
304773.411807,2651866.126422,0.912222833058457,0,0,0,0,0.087777166941543
305273.411807,2651866.126422,0.861442466507616,0,0,0,0,0.138557533492384
305773.411807,2651866.126422,0.827617825050431,0.000183385292499542,0,0.0187052998349532,0.00935264991747662,0.14414083990464
306273.411807,2651866.126422,0.280923584387026,0.0657870624885468,0.00971229613340663,0.0842954004031519,0.05717427157779,0.502107385010079
306773.411807,2651866.126422,0.0704716461736098,0.0781794824738484,0.0117452743622683,0.272527069187007,0.0647825289043861,0.50229399889888
307273.411807,2651866.126422,0.0810562992847974,0.013203741059967,0.0341096644049147,0.598569594718504,0.0682193288098294,0.204841371721988
307773.411807,2651866.126422,0.0749496060106286,0.262415246472421,0.00916254352208173,0.106652006597031,0.0399486897562763,0.506871907641561
308273.411807,2651866.126422,0.0952468342815195,0.113048265736832,0.0376215819416407,0.209946779225546,0.0688199669664159,0.475316571848045
308773.411807,2651866.126422,0.0647350082523382,0.0471300201723822,0.119750596002201,0.480286081056299,0.0841738492572896,0.20392444525949
309273.411807,2651866.126422,0.0540590067802822,0.0186915887850467,0.0514934945940993,0.614073666849917,0.0943741982774418,0.167308044713212
309773.411807,2651866.126422,0.0618462103138191,0.0139475133051936,0.181501192879427,0.543769498990641,0.0961644338410718,0.102771150669848
310273.411807,2651866.126422,0.0858243168897854,0.0298918026774253,0.0858243168897854,0.575096277278562,0.0746378140473134,0.148725472217128
310773.411807,2651866.126422,0.0458127176104087,0.0251053692505039,0.186915887850467,0.564229430089793,0.0738501007879787,0.104086494410848
311273.411807,2651866.126422,0.00844191594788034,0.00789135621214902,0.226647091209396,0.716278216186456,0.0297302257294917,0.0110111947146265
311773.411807,2651866.126422,0.0887584815697781,0.0674857876398313,0.0416284613973959,0.438290849073904,0.0905923344947735,0.273244085824317
312273.411807,2651866.126422,0.0318856514568444,0.0956569543705333,0.233095107201759,0.30602895363753,0.120212571009712,0.213120762323621
301273.411807,2651366.126422,0.953953403045313,0,0,0,0,0.0460465969546872
301773.411807,2651366.126422,0.878937728937729,0,0,0,0,0.121062271062271
302273.411807,2651366.126422,0.874128440366972,0.00018348623853211,0,0,0,0.125688073394495
302773.411807,2651366.126422,0.883507613281967,0,0,0.000733810310034856,0.000183452577508714,0.11557512383049
303273.411807,2651366.126422,0.764652014652015,0.0133699633699634,0,0,0,0.221978021978022
303773.411807,2651366.126422,0.883119266055046,0,0,0.00018348623853211,0,0.116697247706422
304273.411807,2651366.126422,0.927169326729041,0,0,0,0,0.0728306732709595
304773.411807,2651366.126422,0.901831501831502,0,0,0.000183150183150183,0.000183150183150183,0.0978021978021978
305273.411807,2651366.126422,0.857798165137615,0,0,0.0018348623853211,0,0.140366972477064
305773.411807,2651366.126422,0.759677123463585,0.0170610897083104,0,0.00165107319757843,0.000366905155017428,0.221243808475509
306273.411807,2651366.126422,0.0998168498168498,0.18040293040293,0.000549450549450549,0.0401098901098901,0.0247252747252747,0.654395604395604
306773.411807,2651366.126422,0.107522935779817,0.107339449541284,0.00844036697247706,0.204220183486239,0.0755963302752294,0.496880733944954
307273.411807,2651366.126422,0.0605393505778756,0.135204549623922,0.015410016510732,0.306182351862044,0.0546688680975968,0.42799486332783
307773.411807,2651366.126422,0.0391941391941392,0.168681318681319,0.00677655677655678,0.181684981684982,0.0551282051282051,0.548534798534799
308273.411807,2651366.126422,0.0664220183486239,0.126422018348624,0.0456880733944954,0.29302752293578,0.0737614678899083,0.394678899082569
308773.411807,2651366.126422,0.141625389836727,0.124380847550908,0.00642084021280499,0.144193725921849,0.0689781691432765,0.514401027334434
309273.411807,2651366.126422,0.0884615384615385,0.137179487179487,0.0210622710622711,0.25970695970696,0.093040293040293,0.400549450549451
309773.411807,2651366.126422,0.0820183486238532,0.105137614678899,0.112844036697248,0.332660550458716,0.0787155963302752,0.288623853211009
310273.411807,2651366.126422,0.0447624289121262,0.0196294257934324,0.213538800220143,0.568152632544487,0.0787011557512383,0.0752155567785727
310773.411807,2651366.126422,0.0206959706959707,0.041025641025641,0.0811355311355311,0.706593406593407,0.0807692307692308,0.0697802197802198
311273.411807,2651366.126422,0.0954128440366973,0.0935779816513762,0.0181651376146789,0.187522935779817,0.0743119266055046,0.531009174311927
311773.411807,2651366.126422,0.0838378279214823,0.163272793982755,0.010273344340488,0.15978719501009,0.10842047330765,0.474408365437534
301273.411807,2650866.126422,0.481318681318681,0.0243589743589744,0.00293040293040293,0.205494505494505,0.0818681318681319,0.204029304029304
301773.411807,2650866.126422,0.836450311697836,0.000183351668500183,0,0.00201686835350202,0.00458379171250458,0.156765676567657
302273.411807,2650866.126422,0.878754578754579,0.000549450549450549,0,0.000366300366300366,0.000183150183150183,0.12014652014652
302773.411807,2650866.126422,0.70018315018315,0.0197802197802198,0,0.000366300366300366,0.000915750915750916,0.278754578754579
303273.411807,2650866.126422,0.865053171983865,0.00165016501650165,0,0,0,0.133296662999633
303773.411807,2650866.126422,0.914652014652015,0,0,0,0,0.0853479853479854
304273.411807,2650866.126422,0.926373626373626,0,0,0,0,0.0736263736263736
304773.411807,2650866.126422,0.845251191785845,0,0,0,0,0.154748808214155
305273.411807,2650866.126422,0.76043956043956,0.000183150183150183,0,0.000366300366300366,0.000915750915750916,0.238095238095238
305773.411807,2650866.126422,0.285347985347985,0.147435897435897,0,0.0457875457875458,0.0307692307692308,0.490659340659341
306273.411807,2650866.126422,0.0493215988265493,0.203520352035204,0.00293362669600293,0.0559222588925559,0.037037037037037,0.651265126512651
306773.411807,2650866.126422,0.0423076923076923,0.231318681318681,0,0.0516483516483516,0.0298534798534799,0.644871794871795
307273.411807,2650866.126422,0.0532967032967033,0.184432234432234,0.000366300366300366,0.0730769230769231,0.0375457875457875,0.651282051282051
307773.411807,2650866.126422,0.0720572057205721,0.246057939127246,0.00586725339200587,0.0812247891455812,0.0595892922625596,0.535203520352035
308273.411807,2650866.126422,0.0945054945054945,0.123260073260073,0.0525641025641026,0.361355311355311,0.0710622710622711,0.297252747252747
308773.411807,2650866.126422,0.0864468864468864,0.229120879120879,0.00164835164835165,0.120695970695971,0.0547619047619048,0.507326007326007
309273.411807,2650866.126422,0.0806747341400807,0.283828382838284,0.00623395672900623,0.0766409974330766,0.044004400440044,0.508617528419509
309773.411807,2650866.126422,0.0946886446886447,0.16978021978022,0.0238095238095238,0.2,0.0708791208791209,0.440842490842491
310273.411807,2650866.126422,0.0673992673992674,0.0648351648351648,0.105128205128205,0.361721611721612,0.0763736263736264,0.324542124542125
310773.411807,2650866.126422,0.0647231389805647,0.107627429409608,0.0597726439310598,0.28951228456179,0.0925925925925926,0.385771910524386
311273.411807,2650866.126422,0.0467032967032967,0.192307692307692,0.0217948717948718,0.122344322344322,0.0710622710622711,0.545787545787546
311773.411807,2650866.126422,0.0675824175824176,0.026007326007326,0.410805860805861,0.24047619047619,0.095970695970696,0.159157509157509
301273.411807,2650366.126422,0.177333577847057,0.0165046763249587,0.200623509994498,0.402530717036494,0.0416284613973959,0.161379057399597
301773.411807,2650366.126422,0.680410481949789,0.00439802089059923,0.0192413413963716,0.0542422576507238,0.0350009162543522,0.206706981858164
302273.411807,2650366.126422,0.926775555147734,0,0,0,0,0.0732244448522665
302773.411807,2650366.126422,0.841371721987897,0.00513478818998716,0,0,0,0.153493489822116
303273.411807,2650366.126422,0.957852299798424,0,0,0,0,0.042147700201576
303773.411807,2650366.126422,0.846210313819049,0,0,0,0,0.153789686180951
304273.411807,2650366.126422,0.907207041995232,0,0,0,0,0.092792958004768
304773.411807,2650366.126422,0.611508154663735,0,0,0.0144768187648891,0.0100787978742899,0.363936228697086
305273.411807,2650366.126422,0.26573683244632,0.0278950266103872,0.0304643053771334,0.0699210864378785,0.0515690952468343,0.554413653881446
305773.411807,2650366.126422,0.136438657619659,0.116633046029708,0.000366770584999083,0.0790390610673024,0.0449293966623877,0.622593068035943
306273.411807,2650366.126422,0.0443467106468756,0.334982591167308,0.000549752611324904,0.0870441634597764,0.0364669232178853,0.49660985889683
306773.411807,2650366.126422,0.0438612589465957,0.302624334740319,0.000183519911910442,0.0699210864378785,0.039823820884566,0.54358597907873
307273.411807,2650366.126422,0.106730240234733,0.103612690262241,0.00275077938749312,0.201723821749496,0.0678525582248304,0.517329910141207
307773.411807,2650366.126422,0.0573575224482316,0.13560564412681,0.00549752611324904,0.286787612241158,0.108851017042331,0.405900678028221
308273.411807,2650366.126422,0.0701046063497889,0.230868049183336,0.000367039823820885,0.0748761240594605,0.0638649293448339,0.559919251238759
308773.411807,2650366.126422,0.0592334494773519,0.267375756464332,0.00550155877498625,0.109297634329727,0.0546488171648634,0.50394278378874
309273.411807,2650366.126422,0.0899761773868426,0.284222100054975,0.0089792926516401,0.16144401685908,0.0747663551401869,0.380612057907275
309773.411807,2650366.126422,0.087538997981281,0.245916681959993,0.0214718296935217,0.113782345384474,0.0752431638832813,0.456046981097449
310273.411807,2650366.126422,0.0546488171648634,0.0665688611773336,0.183201907207042,0.44782688428388,0.0520814230698698,0.195672107097011
310773.411807,2650366.126422,0.055158512002932,0.204874473153747,0.0155763239875389,0.199010445299615,0.0601062855048561,0.46527396005131
311273.411807,2650366.126422,0.0664342081115801,0.163332721600294,0.055606533308864,0.226463571297486,0.0721233253808038,0.416039640300973
301273.411807,2649866.126422,0.729407448174647,0,0,0.010273344340488,0.00605393505778756,0.254265272427078
301773.411807,2649866.126422,0.0503663003663004,0.00128205128205128,0.314102564102564,0.242307692307692,0.0463369963369963,0.345604395604396
302273.411807,2649866.126422,0.597064220183486,0.0161467889908257,0.214311926605505,0.104403669724771,0.0135779816513761,0.0544954128440367
302773.411807,2649866.126422,0.968446156668501,0,0,0,0,0.0315538433314988
303273.411807,2649866.126422,0.823809523809524,0.0285714285714286,0,0.00274725274725275,0.00256410256410256,0.142307692307692
303773.411807,2649866.126422,0.412660550458716,0.0236697247706422,0.00036697247706422,0.0291743119266055,0.0264220183486239,0.507706422018349
304273.411807,2649866.126422,0.270225646670336,0.0605393505778756,0,0.0438451660245826,0.0302696752889378,0.595120161438268
304773.411807,2649866.126422,0.135714285714286,0.115750915750916,0,0.041025641025641,0.0298534798534799,0.677655677655678
305273.411807,2649866.126422,0.0645871559633028,0.249357798165138,0,0.00917431192660551,0.00623853211009174,0.670642201834862
305773.411807,2649866.126422,0.141625389836727,0.0332049165290772,0.016694184553293,0.38800220143093,0.133553476426344,0.286919831223629
306273.411807,2649866.126422,0.0346153846153846,0.334981684981685,0.00256410256410256,0.0683150183150183,0.0357142857142857,0.523809523809524
306773.411807,2649866.126422,0.093394495412844,0.210642201834862,0.00018348623853211,0.0970642201834862,0.0554128440366972,0.543302752293578
307273.411807,2649866.126422,0.0607228031553843,0.221977618785544,0.000733810310034856,0.136305265088975,0.0709961474958723,0.50926435516419
307773.411807,2649866.126422,0.0397435897435897,0.387728937728938,0.00934065934065934,0.201098901098901,0.0706959706959707,0.291391941391941
308273.411807,2649866.126422,0.0686238532110092,0.440733944954128,0.00238532110091743,0.0904587155963303,0.0497247706422018,0.348073394495413
308773.411807,2649866.126422,0.103283801137406,0.161438268207668,0.0146762062006971,0.271142909557879,0.103467253714915,0.345991561181435
309273.411807,2649866.126422,0.193589743589744,0.0122710622710623,0.000366300366300366,0.120879120879121,0.0785714285714286,0.594322344322344
309773.411807,2649866.126422,0.129357798165138,0.187155963302752,0.0440366972477064,0.241651376146789,0.0706422018348624,0.327155963302752
310273.411807,2649866.126422,0.11263988259035,0.117593102183086,0.0990643918547056,0.35241240139424,0.0764997248211337,0.241790497156485
310773.411807,2649866.126422,0.0564102564102564,0.182967032967033,0.0604395604395604,0.258058608058608,0.0816849816849817,0.36043956043956
311273.411807,2649866.126422,0.0537614678899083,0.0411009174311927,0.0271559633027523,0.21302752293578,0.0886238532110092,0.576330275229358
301273.411807,2649366.126422,0.62967032967033,0.0269230769230769,0,0.010989010989011,0.0139194139194139,0.318498168498168
301773.411807,2649366.126422,0.279244591125779,0.0146681334800147,0.000366703337000367,0.165199853318665,0.0513384671800513,0.489182251558489
302273.411807,2649366.126422,0.18040293040293,0.114285714285714,0.121428571428571,0.191025641025641,0.0908424908424908,0.302014652014652
302773.411807,2649366.126422,0.0802197802197802,0.0274725274725275,0.442673992673993,0.341758241758242,0.0435897435897436,0.0642857142857143
303273.411807,2649366.126422,0.187018701870187,0.0689402273560689,0.00311697836450312,0.168316831683168,0.0863586358635864,0.486248624862486
303773.411807,2649366.126422,0.129304029304029,0.0547619047619048,0.0234432234432234,0.247985347985348,0.123992673992674,0.420512820512821
304273.411807,2649366.126422,0.10970695970696,0.150549450549451,0,0.0684981684981685,0.0492673992673993,0.621978021978022
304773.411807,2649366.126422,0.119361936193619,0.231389805647231,0.00128346167950128,0.0603226989365603,0.0282361569490282,0.559405940594059
305273.411807,2649366.126422,0.0794871794871795,0.276739926739927,0.000732600732600733,0.0446886446886447,0.0318681318681319,0.566483516483516
305773.411807,2649366.126422,0.224908424908425,0.0967032967032967,0.00457875457875458,0.141391941391941,0.0595238095238095,0.472893772893773
306273.411807,2649366.126422,0.217088375504217,0.0896589658965897,0.00806747341400807,0.197469746974697,0.0665566556655666,0.421158782544921
306773.411807,2649366.126422,0.134065934065934,0.162820512820513,0.000549450549450549,0.0961538461538462,0.0428571428571429,0.563553113553114
307273.411807,2649366.126422,0.08003663003663,0.327655677655678,0.0032967032967033,0.0967032967032967,0.0604395604395604,0.431868131868132
307773.411807,2649366.126422,0.0339200586725339,0.511734506784012,0.0011001100110011,0.085991932526586,0.0533553355335534,0.313898056472314
308273.411807,2649366.126422,0.0382783882783883,0.481868131868132,0,0.00934065934065934,0.0269230769230769,0.443589743589744
308773.411807,2649366.126422,0.151282051282051,0.0879120879120879,0.0186813186813187,0.312087912087912,0.143223443223443,0.286813186813187
309273.411807,2649366.126422,0.116061606160616,0.328382838283828,0.000366703337000367,0.12046204620462,0.0672900623395673,0.367436743674367
309773.411807,2649366.126422,0.138644688644689,0.0749084249084249,0.0335164835164835,0.278205128205128,0.0703296703296703,0.404395604395604
310273.411807,2649366.126422,0.0794871794871795,0.401648351648352,0.0183150183150183,0.182783882783883,0.076007326007326,0.241758241758242
310773.411807,2649366.126422,0.070957095709571,0.123028969563623,0.037037037037037,0.257975797579758,0.0764576457645765,0.434543454345435
311273.411807,2649366.126422,0.0639194139194139,0.199084249084249,0.0139194139194139,0.11978021978022,0.0712454212454212,0.532051282051282
311773.411807,2649366.126422,0.0657509157509158,0.0166666666666667,0.49047619047619,0.134798534798535,0.0454212454212454,0.246886446886447
301273.411807,2648866.126422,0.582798459563543,0.0139372822299652,0,0.0216394645149459,0.0188886851274528,0.362736108564093
301773.411807,2648866.126422,0.701484332050577,0.00109950522264981,0,0.000366501740883269,0.000916254352208173,0.296133406633681
302273.411807,2648866.126422,0.475133051936135,0.0181684712791338,0.009543035419343,0.0306478252890439,0.0161497522481189,0.450357863828225
302773.411807,2648866.126422,0.3198239501192,0.185035760132037,0.0489638730973776,0.0803227581147992,0.0353933614524115,0.330460297084174
303273.411807,2648866.126422,0.101154480483782,0.0291368884002199,0.432288803371816,0.28587135788895,0.034084661902144,0.117463807953088
303773.411807,2648866.126422,0.102220590934116,0.247201321343366,0.0106441548908057,0.160212883097816,0.13690585428519,0.342815195448706
304273.411807,2648866.126422,0.18411883366954,0.229048230331927,0.000550155877498625,0.0269576379974326,0.0275077938749312,0.53181734824867
304773.411807,2648866.126422,0.130657870624885,0.16144401685908,0.00641378046545721,0.0615722924683892,0.0236393622869709,0.616272677295217
305273.411807,2648866.126422,0.183886951734263,0.129381537896862,0.00146815929528354,0.0959809139291613,0.0350523031748945,0.554230133969536
305773.411807,2648866.126422,0.132770951769668,0.119750596002201,0.00605171465248487,0.208875848156978,0.105996699064735,0.426554190353934
306273.411807,2648866.126422,0.123144584936778,0.320689023272861,0.000183250870441635,0.0102620487447315,0.0053142752428074,0.54040681693238
306773.411807,2648866.126422,0.107359148467609,0.276748027160947,0.000183519911910442,0.039823820884566,0.0288126261699394,0.547072857405028
307273.411807,2648866.126422,0.134421419402164,0.232349165596919,0.000183385292499542,0.0720704199523198,0.046396479002384,0.514579130753714
307773.411807,2648866.126422,0.117097306212205,0.406816932380429,0.000183250870441635,0.03811618105186,0.0318856514568444,0.405900678028221
308273.411807,2648866.126422,0.0148651128647458,0.535878142778491,0,0.038172141677372,0.0341347036153423,0.376949899064048
308773.411807,2648866.126422,0.0289748762149276,0.461580781221346,0.000550155877498625,0.0449293966623877,0.0418118466898955,0.422152943333945
309273.411807,2648866.126422,0.115997800989555,0.189664650907092,0.00842954004031519,0.126259849734286,0.0720175920835624,0.48763056624519
309773.411807,2648866.126422,0.0893741971003854,0.212699577904203,0.0818498807120573,0.281152505046798,0.0631308496971921,0.271792989539365
310273.411807,2648866.126422,0.0706033376123235,0.288465065101779,0.0146708233999633,0.213277095176967,0.0823399963322941,0.330643682376673
310773.411807,2648866.126422,0.0705515851200293,0.112332783580722,0.0278541323071285,0.184350375664284,0.0756826094923951,0.529228513835441
311273.411807,2648866.126422,0.116718663975041,0.115434024591668,0.0317489447605065,0.0701046063497889,0.0379886217654616,0.628005138557533
311773.411807,2648866.126422,0.0361269026224097,0.0357601320374106,0.574546121401064,0.132770951769668,0.0328259673574179,0.18796992481203
301273.411807,2648366.126422,0.616767565584296,0.00953953403045313,0,0.0143093010456797,0.0170610897083104,0.34232250963126
301773.411807,2648366.126422,0.582417582417582,0,0,0.000183150183150183,0.000549450549450549,0.416849816849817
302273.411807,2648366.126422,0.858165137614679,0.00055045871559633,0,0.0018348623853211,0.00110091743119266,0.138348623853211
302773.411807,2648366.126422,0.787195010089892,0.00532012474775271,0,0.00146762062006971,0.00201797835259585,0.20399926618969
303273.411807,2648366.126422,0.0358974358974359,0.281868131868132,0.234798534798535,0.0441391941391941,0.00201465201465201,0.401282051282051
303773.411807,2648366.126422,0,0.0827522935779817,0.172477064220183,0.385321100917431,0.346605504587156,0.0128440366972477
304273.411807,2648366.126422,0.13557145477894,0.0675105485232067,0.00275178866263071,0.315354980737479,0.0377912309667951,0.441019996330948
304773.411807,2648366.126422,0.151831501831502,0.273443223443223,0,0.000915750915750916,0.00457875457875458,0.569230769230769
305273.411807,2648366.126422,0.11394495412844,0.167889908256881,0.00568807339449541,0.106788990825688,0.0486238532110092,0.557064220183486
305773.411807,2648366.126422,0.0480645753072831,0.371308016877637,0.00091726288754357,0.0337552742616034,0.0225646670335718,0.523390203632361
306273.411807,2648366.126422,0.034981684981685,0.22985347985348,0,0.00256410256410256,0.00421245421245421,0.728388278388278
306773.411807,2648366.126422,0.0403669724770642,0.399816513761468,0.00128440366972477,0.00954128440366972,0.023302752293578,0.525688073394495
307273.411807,2648366.126422,0.0306365804439552,0.418455329297377,0,0.010273344340488,0.0176114474408365,0.523023298477344
307773.411807,2648366.126422,0.0269230769230769,0.44981684981685,0,0.0483516483516484,0.0236263736263736,0.451282051282051
308273.411807,2648366.126422,0.08,0.338348623853211,0.00220183486238532,0.170091743119266,0.0770642201834862,0.332293577981651
308773.411807,2648366.126422,0.0498991010823702,0.482663731425427,0.00183452577508714,0.0225646670335718,0.0326545587965511,0.410383415886993
309273.411807,2648366.126422,0.115384615384615,0.120512820512821,0.0117216117216117,0.205128205128205,0.133516483516484,0.413736263736264
309773.411807,2648366.126422,0.101834862385321,0.0886238532110092,0.046605504587156,0.265871559633027,0.0904587155963303,0.406605504587156
