"x","y","forest","agri","water","built","other","grass"
300773.411807,2723866.126422,0.974364362260979,0.022063458709813,0,0,0,0.00357217902920782
301273.411807,2723866.126422,0.935448377040161,0.0159545204474601,0,0,0,0.0485971025123785
301773.411807,2723866.126422,0.9507055158512,0.00641378046545721,0,0,0,0.0428807036833425
302273.411807,2723866.126422,0.775371627821619,0.0183519911910442,0,0.0932281152505047,0.0133969535694623,0.0996513121673702
302773.411807,2723866.126422,0.856592701265358,0.0276911791674308,0,0.0022006235099945,0.000733541169998166,0.112781954887218
303273.411807,2723866.126422,0.775334432838556,0.01905809052593,0,0,0,0.205607476635514
303773.411807,2723866.126422,0.761791154340246,0.00256927876674619,0,0.00311983850247752,0.00550559735731327,0.227014131033217
304273.411807,2723866.126422,0.400146708234,0.0482303319273794,0,0.187052998349532,0.133687878232166,0.230882083256923
304773.411807,2723866.126422,0,0.0645043063954554,0,0.818581638262782,0.0974894630749496,0.0194245922668133
305273.411807,2723866.126422,0.556615892824371,0.0418425399155808,0.0012846393833731,0.369609102587631,0.00183519911910442,0.0288126261699394
305773.411807,2723866.126422,0.847790207225381,0.0342930496974143,0.000550155877498625,0.0053181734824867,0.0053181734824867,0.106730240234733
306273.411807,2723866.126422,0.742715777899945,0.0126443100604728,0,0.00586402785413231,0.00348176653839106,0.235294117647059
306773.411807,2723866.126422,0.940539548541017,0.00568911726922371,0,0.000734079647641769,0.00110111947146265,0.0519361350706552
307273.411807,2723866.126422,0.794241701815514,0.0317256556024207,0,0.00256739409499358,0.00458463231248854,0.166880616174583
307773.411807,2723866.126422,0.932563679677478,0.00934579439252336,0,0,0,0.0580905259299982
308273.411807,2723866.126422,0.902000367039824,0.0313819049366856,0,0,0,0.0666177280234905
308773.411807,2723866.126422,0.882816798092793,0.0225563909774436,0,0,0,0.0946268109297634
309273.411807,2723866.126422,0.911856331317574,0.0260216236027121,0,0,0,0.0621220450797141
309773.411807,2723866.126422,0.897595889153973,0,0,0,0,0.102404110846027
310273.411807,2723866.126422,0.790757381258023,0.0135705116449661,0.0124701998899688,0.0432789290298918,0.0234733174399413,0.116449660737209
310773.411807,2723866.126422,0.879237676378963,0.00696353307678211,0.0315191497159611,0.0155763239875389,0.00183250870441635,0.0648708081363387
311273.411807,2723866.126422,0.459166819599927,0.036520462470178,0.170857037988622,0.191594788034502,0.0152321526885667,0.126628739218205
311773.411807,2723866.126422,0.896570695030259,0.0209059233449477,0.000916926462497708,0.0022006235099945,0.00146708233999633,0.0779387493123052
312273.411807,2723866.126422,0.558915154846986,0.0218068535825545,0.1927799157046,0.0388491845336265,0.0337181601612608,0.153930731170973
312773.411807,2723866.126422,0.83391447972105,0.0330335841438796,0.00330335841438796,0.00146815929528354,0.00256927876674619,0.125711139658653
313273.411807,2723866.126422,0.736463056815151,0.0693518271539077,0,0,0,0.194185116030942
300773.411807,2723366.126422,0.959857082807902,0,0,0,0,0.0401429171920975
301273.411807,2723366.126422,0.928820399926619,0,0,0,0,0.071179600073381
301773.411807,2723366.126422,0.770512820512821,0,0,0,0,0.229487179487179
302273.411807,2723366.126422,0.901651376146789,0.0113761467889908,0,0,0,0.0869724770642202
302773.411807,2723366.126422,0.724821133736929,0.0199963309484498,0.00513667217024399,0.0541185103650706,0.0201797835259585,0.175747569253348
303273.411807,2723366.126422,0.536813186813187,0.0241758241758242,0.00641025641025641,0.0619047619047619,0.019047619047619,0.351648351648352
303773.411807,2723366.126422,0.247155963302752,0.136697247706422,0,0.0627522935779816,0.068256880733945,0.485137614678899
304273.411807,2723366.126422,0,0.0260502660062374,0,0.920748486516236,0.0387084938543387,0.0144927536231884
304773.411807,2723366.126422,0.03003663003663,0.00695970695970696,0.00512820512820513,0.952197802197802,0.00274725274725275,0.00293040293040293
305273.411807,2723366.126422,0.580183486238532,0.0286238532110092,0,0.0161467889908257,0.0165137614678899,0.358532110091743
305773.411807,2723366.126422,0.782058337919648,0.00330214639515685,0,0.000733810310034856,0.00110071546505228,0.212804989910108
306273.411807,2723366.126422,0.867948717948718,0.00476190476190476,0,0.000183150183150183,0,0.127106227106227
306773.411807,2723366.126422,0.863669724770642,0.011743119266055,0,0,0,0.124587155963303
307273.411807,2723366.126422,0.889194643184737,0.0221977618785544,0,0.00201797835259585,0.00091726288754357,0.0856723536965694
307773.411807,2723366.126422,0.954212454212454,0.0192307692307692,0,0,0,0.0265567765567766
308273.411807,2723366.126422,0.953394495412844,0.0135779816513761,0,0,0,0.0330275229357798
308773.411807,2723366.126422,0.889928453494772,0.0486149330398092,0,0,0.000366905155017428,0.0610897083104018
309273.411807,2723366.126422,0.575824175824176,0.0159340659340659,0.00238095238095238,0.293040293040293,0.0342490842490843,0.0785714285714286
309773.411807,2723366.126422,0.163853211009174,0.0842201834862385,0.187706422018349,0.230825688073394,0.108990825688073,0.224403669724771
310273.411807,2723366.126422,0.574756925334801,0.113924050632911,0.150798018712163,0.0354063474591818,0.0249495505411851,0.100165107319758
310773.411807,2723366.126422,0.871611721611722,0.00695970695970696,0.00293040293040293,0.00695970695970696,0.00567765567765568,0.105860805860806
311273.411807,2723366.126422,0.650275229357798,0.0447706422018349,0.0992660550458716,0.0365137614678899,0.0155963302752294,0.153577981651376
311773.411807,2723366.126422,0.686479545037608,0.0717299578059072,0.113006787745368,0.0157769216657494,0.00752155567785727,0.105485232067511
312273.411807,2723366.126422,0.838644688644689,0.0501831501831502,0,0,0,0.111172161172161
312773.411807,2723366.126422,0.832477064220184,0.0623853211009174,0,0,0,0.105137614678899
313273.411807,2723366.126422,0.782759540966106,0.0848678943154524,0,0.00133440085401655,0.000800640512409928,0.130237523352015
300773.411807,2722866.126422,0.89618288590604,0,0,0,0,0.10381711409396
301273.411807,2722866.126422,0.765384615384615,0,0,0,0,0.234615384615385
301773.411807,2722866.126422,0.524385771910524,0.00586725339200587,0,0.0022002200220022,0,0.467546754675468
302273.411807,2722866.126422,0.61996336996337,0.0547619047619048,0,0.00714285714285714,0.00549450549450549,0.312637362637363
302773.411807,2722866.126422,0.787545787545788,0.0188644688644689,0,0.0543956043956044,0.0236263736263736,0.115567765567766
303273.411807,2722866.126422,0.428859552621929,0.0383204987165383,0.00513384671800513,0.234140080674734,0.0449211587825449,0.248624862486249
303773.411807,2722866.126422,0.0010989010989011,0.264652014652015,0.0406593406593407,0.635164835164835,0.0214285714285714,0.036996336996337
304273.411807,2722866.126422,0,0,0.00494505494505494,0.995054945054945,0,0
304773.411807,2722866.126422,0.316098276494316,0.172167216721672,0,0.356068940227356,0.0154015401540154,0.14026402640264
305273.411807,2722866.126422,0.757875457875458,0.0316849816849817,0,0.0104395604395604,0.00769230769230769,0.192307692307692
305773.411807,2722866.126422,0.525091575091575,0.0384615384615385,0,0.028021978021978,0.0194139194139194,0.389010989010989
306273.411807,2722866.126422,0.683901723505684,0.0231023102310231,0,0.00165016501650165,0.000916758342500917,0.29042904290429
306773.411807,2722866.126422,0.853663003663004,0.0153846153846154,0,0.0216117216117216,0.00293040293040293,0.106410256410256
307273.411807,2722866.126422,0.840842490842491,0.0697802197802198,0,0,0,0.0893772893772894
307773.411807,2722866.126422,0.85955262192886,0.10964429776311,0,0,0,0.0308030803080308
308273.411807,2722866.126422,0.935897435897436,0.00787545787545788,0,0,0,0.0562271062271062
308773.411807,2722866.126422,0.96043956043956,0.00641025641025641,0,0,0,0.0331501831501832
309273.411807,2722866.126422,0.948661532819949,0.00128346167950128,0,0,0,0.0500550055005501
309773.411807,2722866.126422,0.57014652014652,0.0913919413919414,0.0397435897435897,0.127106227106227,0.0514652014652015,0.12014652014652
310273.411807,2722866.126422,0.841391941391941,0.0302197802197802,0.0148351648351648,0.0142857142857143,0.0126373626373626,0.0866300366300366
310773.411807,2722866.126422,0.877521085441878,0.0385038503850385,0.0344701136780345,0.00366703337000367,0.00513384671800513,0.0407040704070407
311273.411807,2722866.126422,0.698901098901099,0.113003663003663,0.0970695970695971,0.0148351648351648,0.00659340659340659,0.0695970695970696
311773.411807,2722866.126422,0.866849816849817,0.0375457875457875,0,0,0,0.0956043956043956
312273.411807,2722866.126422,0.752658599193253,0.0166850018335167,0,0,0,0.230656398973231
312773.411807,2722866.126422,0.874725274725275,0.000915750915750916,0,0,0,0.124358974358974
313273.411807,2722866.126422,0.789656091708878,0,0,0,0,0.210343908291122
300773.411807,2722366.126422,0.84702668627863,0,0,0.00273166631645304,0.00357217902920782,0.146669468375709
301273.411807,2722366.126422,0.826334128002934,0,0,0,0,0.173665871997066
301773.411807,2722366.126422,0.54480483782298,0.00769653655854865,0,0.00146600696353308,0.000916254352208173,0.44511636430273
302273.411807,2722366.126422,0.405579005322077,0.0104606349788952,0,0.00293631859056708,0.000550559735731327,0.580473481372729
302773.411807,2722366.126422,0.649734091325876,0.0172382174949569,0,0.0282413350449294,0.0434623143223913,0.261324041811847
303273.411807,2722366.126422,0.0764156129741616,0.0256551218618288,0.0881436686824262,0.768004398020891,0.00769653655854865,0.034084661902144
303773.411807,2722366.126422,0.0106441548908057,0.0543218939254909,0.0706551660855203,0.760873554780694,0.0466140576252523,0.0568911726922371
304273.411807,2722366.126422,0.0673024023473317,0.254355400696864,0.000183385292499542,0.276361635796809,0.117183201907207,0.284613973959288
304773.411807,2722366.126422,0.728605460875939,0.0247388675096207,0,0.0102620487447315,0.00733003481766538,0.229063588052043
305273.411807,2722366.126422,0.66379152138007,0.0155991925123876,0,0.00935951550743256,0.00330335841438796,0.307946412185722
305773.411807,2722366.126422,0.584448927196039,0.0374105996699065,0,0.00421786172748946,0.00256739409499358,0.371355217311572
306273.411807,2722366.126422,0.859996334982591,0.0225398570643211,0,0,0,0.117463807953088
306773.411807,2722366.126422,0.885300055055974,0.0515690952468343,0,0.000734079647641769,0.000917599559552211,0.0614791704899982
307273.411807,2722366.126422,0.847423436640381,0.0137538969374656,0,0,0,0.138822666422153
307773.411807,2722366.126422,0.824262415246472,0.00733003481766538,0,0.00623052959501558,0.00219901044529962,0.159978009895547
308273.411807,2722366.126422,0.97082033400624,0.00403743806202973,0,0.000367039823820885,0,0.0247751881079097
308773.411807,2722366.126422,0.74014304052815,0.0445626260773886,0.0163212910324592,0.0216394645149459,0.015587749862461,0.161745827984596
309273.411807,2722366.126422,0.675829210188748,0.0650540590067803,0.0207073483599047,0.0199743448781382,0.0207073483599047,0.197727689206524
309773.411807,2722366.126422,0.851532391264452,0.0409249403560286,0.000550559735731327,0.00991007524316388,0.00623967700495504,0.0908423563956689
310273.411807,2722366.126422,0.837704016137906,0.022006235099945,0.0119200440124702,0.0135705116449661,0.0100861910874748,0.104713002017238
310773.411807,2722366.126422,0.844053509254169,0.0357339197361187,0.000733003481766538,0.00623052959501558,0.0047645226314825,0.108484515301448
311273.411807,2722366.126422,0.888603413470362,0.0244081482840888,0,0,0,0.0869884382455496
311773.411807,2722366.126422,0.736475334678159,0.013203741059967,0,0,0,0.250320924261874
312273.411807,2722366.126422,0.747480300531428,0.00109950522264981,0,0.000733003481766538,0.00128275609309144,0.249404434671065
312773.411807,2722366.126422,0.801431455312901,0,0,0.000183519911910442,0.000367039823820885,0.198017984951367
313273.411807,2722366.126422,0.787143238196853,0.00266737796745799,0,0.00666844491864497,0.00533475593491598,0.198186182982129
300773.411807,2721866.126422,0.746321984026902,0.10634720470786,0.0121899957965532,0.00567465321563682,0.00735603194619588,0.122110130306852
301273.411807,2721866.126422,0.741698770867731,0.0132085855806274,0.00091726288754357,0.00458631443771785,0.00403595670519171,0.235553109521189
301773.411807,2721866.126422,0.628388278388278,0.000366300366300366,0,0.00586080586080586,0.00293040293040293,0.362454212454212
302273.411807,2721866.126422,0.328623853211009,0.0231192660550459,0,0.215779816513761,0.0280733944954128,0.404403669724771
302773.411807,2721866.126422,0.0183452577508714,0.00293524124013942,0.00275178866263071,0.900935608145294,0.00972298660796184,0.0653091175931022
303273.411807,2721866.126422,0,0.017032967032967,0.106410256410256,0.873443223443223,0.00293040293040293,0.000183150183150183
303773.411807,2721866.126422,0.301834862385321,0.0260550458715596,0.296697247706422,0.274495412844037,0.0181651376146789,0.0827522935779817
304273.411807,2721866.126422,0.882773802971932,0.0108237020730141,0,0,0,0.106402494955054
304773.411807,2721866.126422,0.657875457875458,0.0177655677655678,0,0,0,0.324358974358974
305273.411807,2721866.126422,0.725321100917431,0.0295412844036697,0,0,0,0.245137614678899
305773.411807,2721866.126422,0.879104751421757,0.00495321959273528,0,0,0,0.115942028985507
306273.411807,2721866.126422,0.837545787545788,0.0254578754578755,0,0.0032967032967033,0.0010989010989011,0.132600732600733
306773.411807,2721866.126422,0.904220183486239,0.0253211009174312,0,0.00055045871559633,0,0.0699082568807339
307273.411807,2721866.126422,0.849568886442855,0.0297193175564117,0,0,0,0.120711796000734
307773.411807,2721866.126422,0.727472527472527,0.0529304029304029,0.0100732600732601,0.0419413919413919,0.0173992673992674,0.15018315018315
308273.411807,2721866.126422,0.747155963302752,0.0530275229357798,0.000917431192660551,0.0245871559633028,0.0190825688073394,0.155229357798165
308773.411807,2721866.126422,0.761878554393689,0.119611080535682,0.00440286186020914,0.00091726288754357,0.000183452577508714,0.113006787745368
309273.411807,2721866.126422,0.871245421245421,0.0571428571428571,0.0142857142857143,0.00293040293040293,0.00457875457875458,0.0498168498168498
309773.411807,2721866.126422,0.921834862385321,0.0100917431192661,0,0,0,0.0680733944954128
310273.411807,2721866.126422,0.943129700972299,0.00293524124013942,0,0.00293524124013942,0.001284168042561,0.0497156485048615
310773.411807,2721866.126422,0.692673992673993,0.0282051282051282,0.0967032967032967,0.0380952380952381,0.0113553113553114,0.132967032967033
311273.411807,2721866.126422,0.559449541284404,0.0401834862385321,0.0313761467889908,0.146238532110092,0.0302752293577982,0.192477064220183
311773.411807,2721866.126422,0.791230966795083,0.0165107319757843,0.00330214639515685,0.0135754907356448,0.00770500825536599,0.167675655842965
312273.411807,2721866.126422,0.7503663003663,0.00915750915750916,0,0,0.000366300366300366,0.24010989010989
312773.411807,2721866.126422,0.650825688073394,0.0812844036697248,0.00073394495412844,0.0394495412844037,0.0242201834862385,0.20348623853211
313273.411807,2721866.126422,0.648785695222845,0.100080064051241,0.000266880170803309,0.0555110755270883,0.00320256204963971,0.192153722978383
300773.411807,2721366.126422,0.943162751677852,0.014261744966443,0,0,0,0.0425755033557047
301273.411807,2721366.126422,0.905494505494505,0.00128205128205128,0,0,0,0.0932234432234432
301773.411807,2721366.126422,0.741474147414741,0.0132013201320132,0.00146681334800147,0.0403373670700403,0.0221855518885222,0.181334800146681
302273.411807,2721366.126422,0.0525641025641026,0.0424908424908425,0.00146520146520147,0.72032967032967,0.0234432234432234,0.15970695970696
302773.411807,2721366.126422,0,0.00457875457875458,0.01996336996337,0.955128205128205,0.00183150183150183,0.0184981684981685
303273.411807,2721366.126422,0.0238357169050238,0.221672167216722,0.0238357169050238,0.292445911257792,0.122112211221122,0.316098276494316
303773.411807,2721366.126422,0.64047619047619,0.0684981684981685,0.00183150183150183,0.117216117216117,0.032051282051282,0.13992673992674
304273.411807,2721366.126422,0.476007326007326,0.0043956043956044,0.161172161172161,0.241758241758242,0.00970695970695971,0.106959706959707
304773.411807,2721366.126422,0.866519985331866,0.00275027502750275,0,0,0,0.130729739640631
305273.411807,2721366.126422,0.74029304029304,0.0144688644688645,0,0,0,0.245238095238095
305773.411807,2721366.126422,0.906410256410256,0.0289377289377289,0,0,0,0.0646520146520147
306273.411807,2721366.126422,0.961129446277961,0.0170517051705171,0,0,0,0.0218188485515218
306773.411807,2721366.126422,0.797619047619048,0.0575091575091575,0,0.0043956043956044,0.00366300366300366,0.136813186813187
307273.411807,2721366.126422,0.823809523809524,0.0624542124542125,0.00402930402930403,0.00622710622710623,0.00659340659340659,0.0968864468864469
307773.411807,2721366.126422,0.964796479647965,0.0022002200220022,0,0.000183351668500183,0,0.0328199486615328
308273.411807,2721366.126422,0.945787545787546,0.0100732600732601,0,0.00164835164835165,0.000549450549450549,0.0419413919413919
308773.411807,2721366.126422,0.904761904761905,0.0124542124542125,0,0.00915750915750916,0.00659340659340659,0.067032967032967
309273.411807,2721366.126422,0.824715804913825,0.00733406674000733,0,0.0304363769710304,0.0187018701870187,0.118811881188119
309773.411807,2721366.126422,0.783699633699634,0.00421245421245421,0.0032967032967033,0.0822344322344322,0.0163003663003663,0.11025641025641
310273.411807,2721366.126422,0.677289377289377,0.108424908424908,0.00677655677655678,0.0274725274725275,0.0322344322344322,0.147802197802198
310773.411807,2721366.126422,0.839017235056839,0.046021268793546,0.00183351668500183,0.0102676934360103,0.0121012101210121,0.0907590759075908
311273.411807,2721366.126422,0.475091575091575,0.0492673992673993,0.0968864468864469,0.0961538461538462,0.0203296703296703,0.262271062271062
311773.411807,2721366.126422,0.791391941391941,0.0238095238095238,0,0.00604395604395604,0.00256410256410256,0.176190476190476
312273.411807,2721366.126422,0.801980198019802,0.0088008800880088,0,0.00806747341400807,0.0055005500550055,0.175650898423176
312773.411807,2721366.126422,0.695421245421245,0.0571428571428571,0,0.0161172161172161,0.0164835164835165,0.214835164835165
313273.411807,2721366.126422,0.824046920821114,0.0303918954945348,0,0.000799786723540389,0.00133297787256732,0.143428419088243
300773.411807,2720866.126422,0.969321285984451,0,0,0,0,0.0306787140155495
301273.411807,2720866.126422,0.792774619475518,0.0113698881349716,0,0.0117366587199707,0.00403447643498991,0.18008435723455
301773.411807,2720866.126422,0.0500274876305662,0.0864944108484515,0.000183250870441635,0.631665750412314,0.125710097122961,0.105919003115265
302273.411807,2720866.126422,0,0,0.0115617544503579,0.988071205725821,0.000367039823820885,0
302773.411807,2720866.126422,0.06400146708234,0.176966807262058,0.0022006235099945,0.317990097194205,0.0581331377223547,0.380707867229048
303273.411807,2720866.126422,0.557815649624336,0.146234194612424,0,0.0278541323071285,0.0280373831775701,0.240058640278541
303773.411807,2720866.126422,0.915213800697376,0.00146815929528354,0,0,0,0.0833180400073408
304273.411807,2720866.126422,0.366403814414084,0.0733541169998166,0.209976159911975,0.182284980744544,0.0119200440124702,0.15606088391711
304773.411807,2720866.126422,0.843320505772402,0.0163093274693055,0,0,0,0.140370166758292
305273.411807,2720866.126422,0.881262616993944,0.0396403009726555,0,0,0,0.0790970820334006
305773.411807,2720866.126422,0.937465615257656,0.00953603520997616,0,0,0,0.0529983495323675
306273.411807,2720866.126422,0.957669048927982,0.00311526479750779,0,0,0,0.0392156862745098
306773.411807,2720866.126422,0.902367406863645,0.0249587080198202,0,0.0119287942741787,0.00568911726922371,0.0550559735731327
307273.411807,2720866.126422,0.91582615074271,0.0502475701448744,0.00110031175499725,0.000183385292499542,0.000366770584999083,0.0322758114799193
307773.411807,2720866.126422,0.948140003665017,0.0174088326919553,0,0.00146600696353308,0.00201575957485798,0.0309693971046362
308273.411807,2720866.126422,0.924573316204808,0.00256927876674619,0,0.00146815929528354,0.00330335841438796,0.0680858873187741
308773.411807,2720866.126422,0.762149275628095,0.0599669906473501,0.000183385292499542,0.0174216027874564,0.0183385292499542,0.141940216394645
309273.411807,2720866.126422,0.827744181784864,0.0568077698369067,0.00183250870441635,0.00861279091075683,0.0104452996151732,0.0945574491478835
309773.411807,2720866.126422,0.656450724903652,0.156542484859607,0.00513855753349238,0.0167003119838502,0.00862543585979079,0.156542484859607
310273.411807,2720866.126422,0.905923344947735,0.0669356317623327,0,0,0,0.0271410232899321
310773.411807,2720866.126422,0.97306212204508,0.000549752611324904,0,0,0,0.0263881253435954
311273.411807,2720866.126422,0.768214351257111,0.0699210864378785,0.0220223894292531,0.0453294182418792,0.0143145531290145,0.0801982015048633
311773.411807,2720866.126422,0.939116082890152,0.0232899321474418,0,0,0,0.037593984962406
312273.411807,2720866.126422,0.8543155579989,0.0201575957485798,0.00256551218618288,0.0269378779549203,0.0126443100604728,0.0833791460509437
312773.411807,2720866.126422,0.880528537346302,0.0521196549825656,0,0.000183519911910442,0.000183519911910442,0.0669847678473114
313273.411807,2720866.126422,0.917578020805548,0.0176046945852227,0,0.00346759135769539,0.00160042678047479,0.059749266471059
300773.411807,2720366.126422,0.752627154266499,0,0,0,0,0.247372845733501
301273.411807,2720366.126422,0.3452577508714,0.00348559897266557,0.0251330031186938,0.499357915978719,0.00843881856540084,0.118326912493121
301773.411807,2720366.126422,0,0.0175824175824176,0.0967032967032967,0.885531135531135,0.000183150183150183,0
302273.411807,2720366.126422,0.360917431192661,0.156146788990826,0.00862385321100917,0.245504587155963,0.0264220183486239,0.202385321100917
302773.411807,2720366.126422,0.891396074114841,0.00513667217024399,0,0,0.000366905155017428,0.103100348559897
303273.411807,2720366.126422,0.929304029304029,0.00366300366300366,0,0,0,0.067032967032967
303773.411807,2720366.126422,0.878715596330275,0.0073394495412844,0,0,0,0.11394495412844
304273.411807,2720366.126422,0.548706659328564,0.0352228948816731,0.0964960557695836,0.127682993946065,0.0130251330031187,0.178866263070996
304773.411807,2720366.126422,0.69047619047619,0.0104395604395604,0.0102564102564103,0.054029304029304,0.00421245421245421,0.230586080586081
305273.411807,2720366.126422,0.859266055045872,0.00311926605504587,0,0.00018348623853211,0,0.13743119266055
305773.411807,2720366.126422,0.953403045312787,0.00110071546505228,0,0,0,0.0454962392221611
306273.411807,2720366.126422,0.840659340659341,0.015018315018315,0.000183150183150183,0.0102564102564103,0.0115384615384615,0.122344322344322
306773.411807,2720366.126422,0.696880733944954,0.105321100917431,0.0196330275229358,0.021651376146789,0.0135779816513761,0.142935779816514
307273.411807,2720366.126422,0.964226747385801,0.00421940928270042,0,0,0,0.0315538433314988
307773.411807,2720366.126422,0.961904761904762,0,0,0,0,0.0380952380952381
308273.411807,2720366.126422,0.760917431192661,0.120366972477064,0.00110091743119266,0.0238532110091743,0.0106422018348624,0.0831192660550459
308773.411807,2720366.126422,0.876352962759127,0.0807191341038342,0,0,0,0.0429279031370391
309273.411807,2720366.126422,0.967948717948718,0.0163003663003663,0,0,0,0.0157509157509158
309773.411807,2720366.126422,0.957064220183486,0.0106422018348624,0,0,0,0.0322935779816514
310273.411807,2720366.126422,0.971931755641167,0,0,0,0,0.0280682443588332
310773.411807,2720366.126422,0.962637362637363,0,0,0,0,0.0373626373626374
311273.411807,2720366.126422,0.704036697247706,0.0700917431192661,0.0273394495412844,0.0651376146788991,0.00880733944954129,0.124587155963303
311773.411807,2720366.126422,0.819482663731425,0.00862227114290956,0,0.00476976701522656,0.00440286186020914,0.162722436250229
312273.411807,2720366.126422,0.886080586080586,0.0454212454212454,0,0,0.000549450549450549,0.0679487179487179
312773.411807,2720366.126422,0.806422018348624,0.127522935779817,0.00201834862385321,0.00201834862385321,0.00146788990825688,0.0605504587155963
313273.411807,2720366.126422,0.973311982919669,0.0085401654657059,0,0.000266880170803309,0,0.0178809714438217
300773.411807,2719866.126422,0.150587248322148,0.0106963087248322,0.0104865771812081,0.691065436241611,0.0134228187919463,0.123741610738255
301273.411807,2719866.126422,0,0.000915750915750916,0.0465201465201465,0.950915750915751,0.00164835164835165,0
301773.411807,2719866.126422,0.137147048038137,0.052988632196553,0.081041437477081,0.722588925559223,0.000366703337000367,0.00586725339200587
302273.411807,2719866.126422,0.747435897435897,0.0225274725274725,0.000366300366300366,0.00311355311355311,0.00421245421245421,0.222344322344322
302773.411807,2719866.126422,0.897985347985348,0.0173992673992674,0,0,0,0.0846153846153846
303273.411807,2719866.126422,0.932709937660433,0.0295196186285295,0,0,0,0.0377704437110378
303773.411807,2719866.126422,0.878754578754579,0.0128205128205128,0,0,0,0.108424908424908
304273.411807,2719866.126422,0.851282051282051,0.00769230769230769,0,0,0,0.141025641025641
304773.411807,2719866.126422,0.533920058672534,0.0137513751375138,0.0185185185185185,0.166666666666667,0.0227356068940227,0.244407774110744
305273.411807,2719866.126422,0.690659340659341,0.00366300366300366,0,0.0426739926739927,0.00274725274725275,0.26025641025641
305773.411807,2719866.126422,0.945787545787546,0,0,0,0,0.0542124542124542
306273.411807,2719866.126422,0.766043270993766,0.0144847818115145,0,0.0207187385405207,0.0143014301430143,0.184451778511184
306773.411807,2719866.126422,0.702197802197802,0.133882783882784,0.000183150183150183,0.000915750915750916,0.00421245421245421,0.158608058608059
307273.411807,2719866.126422,0.879304029304029,0.091025641025641,0,0,0,0.0296703296703297
307773.411807,2719866.126422,0.844884488448845,0.0601393472680601,0,0.0152181884855152,0.0122845617895123,0.0674734140080675
308273.411807,2719866.126422,0.778937728937729,0.0534798534798535,0,0.0256410256410256,0.0175824175824176,0.124358974358974
308773.411807,2719866.126422,0.954761904761905,0.0010989010989011,0,0.000183150183150183,0,0.043956043956044
309273.411807,2719866.126422,0.912724605793913,0.000183351668500183,0,0.00275027502750275,0.00146681334800147,0.0828749541620829
309773.411807,2719866.126422,0.92967032967033,0,0,0,0.000549450549450549,0.0697802197802198
310273.411807,2719866.126422,0.848168498168498,0.0192307692307692,0.0505494505494506,0.00128205128205128,0.00402930402930403,0.0767399267399267
310773.411807,2719866.126422,0.769160249358269,0.0735240190685735,0.046021268793546,0.0132013201320132,0.0174184085075174,0.0806747341400807
311273.411807,2719866.126422,0.607692307692308,0.112820512820513,0.0723443223443224,0.0507326007326007,0.03003663003663,0.126373626373626
311773.411807,2719866.126422,0.801831501831502,0.0445054945054945,0,0.0184981684981685,0.0122710622710623,0.122893772893773
312273.411807,2719866.126422,0.937293729372937,0.0238357169050238,0,0.00733406674000733,0.00421708837550422,0.0273193986065273
312773.411807,2719866.126422,0.972344322344322,0.0021978021978022,0,0,0,0.0254578754578755
313273.411807,2719866.126422,0.922687283391096,0,0,0,0,0.0773127166089043
300773.411807,2719366.126422,0,0.0621979407438537,0.249842403866358,0.672620298382013,0.0153393570077747,0
301273.411807,2719366.126422,0.210342930496974,0.107097010819732,0.0414450761048964,0.508710801393728,0.075187969924812,0.057216211259857
301773.411807,2719366.126422,0.722741433021807,0.0815466373465274,0.0271211288253619,0.0337181601612608,0.000916254352208173,0.133956386292835
302273.411807,2719366.126422,0.797577537162782,0.0372545421178198,0,0.00165167920719398,0.00146815929528354,0.162048082216921
302773.411807,2719366.126422,0.920960938932698,0.0293416467999266,0,0,0,0.0496974142673758
303273.411807,2719366.126422,0.938427707531611,0.00879604178119846,0,0,0,0.0527762506871908
303773.411807,2719366.126422,0.932281152505047,0,0,0,0,0.0677188474949532
304273.411807,2719366.126422,0.753713552173116,0.0359435173299101,0,0.0520814230698698,0.0293416467999266,0.128919860627178
304773.411807,2719366.126422,0.625618471687741,0.0727505955653289,0.000549752611324904,0.061205790727506,0.0295033901411032,0.210371999266997
305273.411807,2719366.126422,0.663424481556249,0.0906588364837585,0.0449623784180584,0.0583593319875206,0.00917599559552211,0.133418975958892
305773.411807,2719366.126422,0.724555290665689,0.0320924261874198,0.0161379057399597,0.0366770584999083,0.0137538969374656,0.176783421969558
306273.411807,2719366.126422,0.904526296499908,0.0146600696353308,0,0,0,0.0808136338647609
306773.411807,2719366.126422,0.977794090658836,0.00275279867865663,0,0,0,0.0194531106625069
307273.411807,2719366.126422,0.869796442325325,0.000366770584999083,0,0.00165046763249587,0.00183385292499542,0.126352466532184
307773.411807,2719366.126422,0.917720359171706,0.00274876305662452,0,0.000733003481766538,0,0.0787978742899029
308273.411807,2719366.126422,0.902183886951734,0.00715727656450725,0,0.00256927876674619,0.00201871903101487,0.0860708386859974
308773.411807,2719366.126422,0.75206308454062,0.0678525582248304,0,0.0172382174949569,0.00513478818998716,0.157711351549606
309273.411807,2719366.126422,0.346527396005131,0.180318856514568,0.127542605827378,0.108667766171889,0.0452629649990837,0.19168041048195
309773.411807,2719366.126422,0.75940539548541,0.0690034868783263,0.0376215819416407,0.0159662323362085,0.0100935951550743,0.10790970820334
310273.411807,2719366.126422,0.609022556390977,0.0891252521547772,0.0986612873647534,0.0273244085824317,0.0165046763249587,0.159361819182102
310773.411807,2719366.126422,0.953820780648708,0.0152098222466557,0,0,0,0.0309693971046362
311273.411807,2719366.126422,0.557717012295834,0.191961827858323,0,0.102037071022206,0.046063497889521,0.102220590934116
311773.411807,2719366.126422,0.673024023473317,0.134604804694663,0,0.0535485054098661,0.0524481936548689,0.0863744727672841
312273.411807,2719366.126422,0.847901777533443,0.0965732087227414,0,0.00696353307678211,0.00366501740883269,0.0448964632582005
312773.411807,2719366.126422,0.824004404477886,0.00458799779776106,0.00422095797394017,0.0282620664342081,0.0133969535694623,0.125527619746743
313273.411807,2719366.126422,0.95998933048813,0,0,0.000266737796745799,0,0.039743931715124
300773.411807,2718866.126422,0.327238335435057,0.217108028583438,0.0947877259352669,0.28604455653636,0.00420344682639765,0.0706179066834805
301273.411807,2718866.126422,0.861493303980921,0.0302696752889378,0,0.00091726288754357,0.000733810310034856,0.106585947532563
301773.411807,2718866.126422,0.835347985347985,0.0371794871794872,0,0,0,0.127472527472527
302273.411807,2718866.126422,0.88256880733945,0.0330275229357798,0,0,0,0.0844036697247706
302773.411807,2718866.126422,0.910291689598239,0.0361401577692167,0,0,0,0.0535681526325445
303273.411807,2718866.126422,0.921611721611722,0.00238095238095238,0,0,0,0.076007326007326
303773.411807,2718866.126422,0.842385321100917,0.0677064220183486,0,0.00568807339449541,0.00513761467889908,0.0790825688073395
304273.411807,2718866.126422,0.879104751421757,0.0781507980187122,0,0.00091726288754357,0.00201797835259585,0.0398092093193909
304773.411807,2718866.126422,0.645787545787546,0.0465201465201465,0.0119047619047619,0.0324175824175824,0.0278388278388278,0.235531135531136
305273.411807,2718866.126422,0.827339449541284,0.0392660550458716,0,0.00128440366972477,0.0018348623853211,0.130275229357798
305773.411807,2718866.126422,0.676756558429646,0.0328380113740598,0.0665932856356632,0.0335718216840947,0.0161438268207668,0.17409649605577
306273.411807,2718866.126422,0.803663003663004,0.0157509157509158,0.0032967032967033,0.00860805860805861,0.00402930402930403,0.164652014652015
306773.411807,2718866.126422,0.957247706422018,0.00055045871559633,0,0,0,0.0422018348623853
307273.411807,2718866.126422,0.758392955421024,0.0275178866263071,0.00532012474775271,0.0423775454045129,0.0275178866263071,0.138873601174097
307773.411807,2718866.126422,0.681135531135531,0.0847985347985348,0.0192307692307692,0.0249084249084249,0.0291208791208791,0.160805860805861
308273.411807,2718866.126422,0.855229357798165,0.053394495412844,0.00165137614678899,0.0132110091743119,0.0111926605504587,0.0653211009174312
308773.411807,2718866.126422,0.848651623555311,0.0568702990277013,0,0.00715465052283985,0.00348559897266557,0.0838378279214823
309273.411807,2718866.126422,0.864835164835165,0.0188644688644689,0.0562271062271062,0.0155677655677656,0.00952380952380952,0.034981684981685
309773.411807,2718866.126422,0.875412844036697,0.0110091743119266,0,0.0132110091743119,0.00642201834862385,0.0939449541284404
310273.411807,2718866.126422,0.675655842964594,0.0405430196294258,0.0289855072463768,0.0258668134287287,0.0220143093010457,0.206934507429829
310773.411807,2718866.126422,0.943956043956044,0.0228937728937729,0,0,0,0.0331501831501832
311273.411807,2718866.126422,0.605504587155963,0.22348623853211,0.0146788990825688,0.0609174311926605,0.0273394495412844,0.0680733944954128
311773.411807,2718866.126422,0.822417904971565,0.0603558980003669,0,0.0443955237571088,0.0390753990093561,0.0337552742616034
312273.411807,2718866.126422,0.822893772893773,0.114468864468864,0,0.0113553113553114,0.00732600732600733,0.043956043956044
312773.411807,2718866.126422,0.757247706422018,0.0979816513761468,0,0.0700917431192661,0.0185321100917431,0.0561467889908257
313273.411807,2718866.126422,0.605284227381906,0.220443021083534,0,0.0256204963971177,0.0280224179343475,0.120629837203096
300773.411807,2718366.126422,0.617869127516778,0.0356543624161074,0.207634228187919,0.0757130872483222,0.00335570469798658,0.0597734899328859
301273.411807,2718366.126422,0.481501831501832,0.00879120879120879,0.16959706959707,0.219413919413919,0.0188644688644689,0.101831501831502
301773.411807,2718366.126422,0.783828382838284,0.00788412174550788,0,0.00183351668500183,0.00201686835350202,0.204437110377704
302273.411807,2718366.126422,0.836446886446886,0.00201465201465201,0,0,0,0.161538461538462
302773.411807,2718366.126422,0.873809523809524,0.00824175824175824,0,0,0,0.117948717948718
303273.411807,2718366.126422,0.952145214521452,0,0,0,0,0.0478547854785479
303773.411807,2718366.126422,0.967032967032967,0.0230769230769231,0,0,0,0.00989010989010989
304273.411807,2718366.126422,0.901465201465201,0.0395604395604396,0,0.000915750915750916,0.0010989010989011,0.056959706959707
304773.411807,2718366.126422,0.383571690502384,0.118445177851118,0.0221855518885222,0.1001100110011,0.0438210487715438,0.331866519985332
305273.411807,2718366.126422,0.853663003663004,0.06996336996337,0.00128205128205128,0.00128205128205128,0.00311355311355311,0.0706959706959707
305773.411807,2718366.126422,0.908791208791209,0.0142857142857143,0,0,0,0.0769230769230769
306273.411807,2718366.126422,0.697103043637697,0.0434543454345435,0.0740740740740741,0.0278694536120279,0.0198019801980198,0.137697103043638
306773.411807,2718366.126422,0.736080586080586,0.0992673992673993,0.0688644688644689,0.00347985347985348,0.0113553113553114,0.080952380952381
307273.411807,2718366.126422,0.677838827838828,0.157509157509158,0.0820512820512821,0.0223443223443223,0.0115384615384615,0.0487179487179487
307773.411807,2718366.126422,0.800880088008801,0.0806747341400807,0.0977264393105977,0.0022002200220022,0.00165016501650165,0.0168683535020169
308273.411807,2718366.126422,0.872893772893773,0.0695970695970696,0,0.0230769230769231,0.0293040293040293,0.00512820512820513
308773.411807,2718366.126422,0.961721611721612,0.00695970695970696,0,0.000183150183150183,0,0.0311355311355311
309273.411807,2718366.126422,0.890722405573891,0.00311697836450312,0,0.00055005500550055,0.000183351668500183,0.105427209387605
309773.411807,2718366.126422,0.554212454212454,0.0584249084249084,0.1003663003663,0.097985347985348,0.028021978021978,0.160989010989011
310273.411807,2718366.126422,0.521245421245421,0.0712454212454212,0.0990842490842491,0.0789377289377289,0.0172161172161172,0.212271062271062
310773.411807,2718366.126422,0.811514484781812,0.0524385771910524,0.0161349468280161,0.0311697836450312,0.0214521452145215,0.0672900623395673
311273.411807,2718366.126422,0.904945054945055,0.0146520146520147,0,0.0335164835164835,0.0263736263736264,0.0205128205128205
311773.411807,2718366.126422,0.742124542124542,0.0608058608058608,0,0.0902930402930403,0.0723443223443224,0.0344322344322344
312273.411807,2718366.126422,0.857719105243858,0.088008800880088,0,0.0368536853685369,0.0113678034470114,0.00605060506050605
312773.411807,2718366.126422,0.572344322344322,0.118681318681319,0,0.165384615384615,0.117216117216117,0.0263736263736264
313273.411807,2718366.126422,0.783524393495068,0.118901626233005,0,0.00586510263929619,0.00799786723540389,0.0837110103972274
300773.411807,2717866.126422,0.896616936331162,0.00630384534566085,0,0,0,0.0970792183231771
301273.411807,2717866.126422,0.534201357051164,0.0284247203374289,0.0187052998349532,0.264441591784339,0.00366770584999083,0.150559325142124
301773.411807,2717866.126422,0.5246472420744,0.0934579439252336,0.053142752428074,0.209272494044347,0.00879604178119846,0.110683525746747
302273.411807,2717866.126422,0.783446503945678,0.000734079647641769,0,0.00165167920719398,0.000734079647641769,0.213433657551844
302773.411807,2717866.126422,0.587016321291032,0.0421786172748946,0.000733541169998166,0.0462130937098845,0.0275077938749312,0.296350632679259
303273.411807,2717866.126422,0.951438519332967,0.00659703133589885,0,0,0,0.0419644493311343
303773.411807,2717866.126422,0.993943842906955,0,0,0,0,0.00605615709304459
304273.411807,2717866.126422,0.978727306070053,0.00953603520997616,0,0,0,0.0117366587199707
304773.411807,2717866.126422,0.753527579256001,0.153380978559648,0.00861279091075683,0.00714678394722375,0.00806303829943192,0.0692688290269379
305273.411807,2717866.126422,0.927326114883465,0.0218388695173426,0,0,0.000183519911910442,0.0506514956872821
305773.411807,2717866.126422,0.880249403997799,0.00550155877498625,0,0.00586832935998533,0.00458463231248854,0.103796075554741
306273.411807,2717866.126422,0.792193512919186,0.0885101704233095,0.00696353307678211,0.0186915887850467,0.00842954004031519,0.0852116547553601
306773.411807,2717866.126422,0.727472930812993,0.0657001284639383,0.0517526151587447,0.0168838318957607,0.0082583960359699,0.129932097632593
307273.411807,2717866.126422,0.686594535118283,0.0416284613973959,0,0.0614340729873464,0.0410783055198973,0.169264624977077
307773.411807,2717866.126422,0.301814183617372,0.394539124060839,0.00128275609309144,0.170056807769837,0.0637713029136888,0.0685358255451713
308273.411807,2717866.126422,0.979629289777941,0.00220223894292531,0,0.00146815929528354,0.000917599559552211,0.015782712424298
308773.411807,2717866.126422,0.959105079772602,0.00953603520997616,0,0.000550155877498625,0.000183385292499542,0.0306253438474234
309273.411807,2717866.126422,0.805021073850101,0.0247388675096207,0.0295033901411032,0.0377496793109767,0.0128275609309144,0.0901594282572842
309773.411807,2717866.126422,0.609653147366489,0.285373463020738,0.0242246283721784,0.00935951550743256,0.00660671682877592,0.0647825289043861
310273.411807,2717866.126422,0.85219145424537,0.090408949202274,0,0.00146708233999633,0.00183385292499542,0.0540986612873648
310773.411807,2717866.126422,0.537841304746198,0.218251786695987,0.00934579439252336,0.0309693971046362,0.0307861462341946,0.172805570826461
311273.411807,2717866.126422,0.739768764910993,0.0886401174527436,0,0.0376215819416407,0.0262433474031932,0.10772618829143
311773.411807,2717866.126422,0.790757381258023,0.0302585732624244,0,0.0867412433522831,0.0733541169998166,0.0188886851274528
