"x","y","forest","agri","water","built","other","grass"
280273.411807,2779366.126422,0.000550155877498625,0.0311754997249221,0.322024573629195,0.63598019438841,0.00128369704749679,0.00898587933247754
280773.411807,2779366.126422,0.0489279824079164,0.107934762690123,0.229430089792927,0.340480117280557,0.0269378779549203,0.246289169873557
281273.411807,2779366.126422,0.19086070838686,0.126261699394384,0.188107909708203,0.273628188658469,0.0363369425582676,0.184804551293815
281773.411807,2779366.126422,0.0293416467999266,0.0759215110948102,0.353383458646617,0.39189437007152,0.0280579497524299,0.121401063634696
282273.411807,2779366.126422,0.00403151914971596,0.122411581455012,0.238592633315008,0.443833608209639,0.0412314458493678,0.149899212021257
282773.411807,2779366.126422,0.0293631859056708,0.194347586713158,0.163883281336025,0.182969352174711,0.0473481372728941,0.382088456597541
283273.411807,2779366.126422,0.044379240784889,0.148542086924629,0.0929763432972676,0.202273977626994,0.0612506876948469,0.450577663671374
283773.411807,2779366.126422,0.251603445116364,0.0934579439252336,0.0111783030969397,0.10756826094924,0.0386659336631849,0.497526113249038
284273.411807,2779366.126422,0.29895393650211,0.114332905120206,0.00660671682877592,0.0266103872270141,0.0155991925123876,0.537896861809506
284773.411807,2779366.126422,0.467265725288832,0.0168714469099578,0,0.0379607555474051,0.0350265908674124,0.442875481386393
285273.411807,2779366.126422,0.740883269195529,0.0727505955653289,0,0.00641378046545721,0.0144768187648891,0.165475536008796
285773.411807,2779366.126422,0.493301523215269,0.315837768397871,0,0.00935951550743256,0.0335841438796109,0.147917048999816
286273.411807,2779366.126422,0.509260957271227,0.0940766550522648,0,0.0377773702549056,0.059600220062351,0.299284797359252
286773.411807,2779366.126422,0.653472603994869,0.00678028220634048,0.0047645226314825,0.0218068535825545,0.0412314458493678,0.271944291735386
287273.411807,2779366.126422,0.293998898880529,0.0389062213250138,0.000734079647641769,0.154156726004772,0.055606533308864,0.45659754083318
287773.411807,2779366.126422,0.438699769644228,0.011005886869721,0,0.151778858459176,0.0964934732531354,0.302022011773739
275273.411807,2778866.126422,0.0192977753953364,0.286518359689091,0.0461002412221924,0.218172071830608,0.0538729563119807,0.376038595550791
275773.411807,2778866.126422,0.0432948082920565,0.240689781691433,0.0612731608879105,0.225096312603192,0.0577875619152449,0.371858374610163
276273.411807,2778866.126422,0.0250915750915751,0.122710622710623,0.0556776556776557,0.36007326007326,0.0272893772893773,0.409157509157509
276773.411807,2778866.126422,0.0256880733944954,0.177798165137615,0.0548623853211009,0.155779816513761,0.0242201834862385,0.561651376146789
277273.411807,2778866.126422,0.0168776371308017,0.122913226930838,0.304164373509448,0.152449091909741,0.0266006237387635,0.376995046780407
277773.411807,2778866.126422,0.00512820512820513,0.122527472527473,0.467582417582418,0.175091575091575,0.0194139194139194,0.21025641025641
279773.411807,2778866.126422,0.11651376146789,0.0981651376146789,0.0561467889908257,0.0726605504587156,0.026605504587156,0.629908256880734
280273.411807,2778866.126422,0.0693450742982939,0.064758759860576,0.163456246560264,0.531462117042744,0.0913593835993396,0.0796184186387819
280773.411807,2778866.126422,0.153296703296703,0.0485347985347985,0.0159340659340659,0.13974358974359,0.0782051282051282,0.564285714285714
281273.411807,2778866.126422,0.192293577981651,0.0401834862385321,0,0.0205504587155963,0.0260550458715596,0.72091743119266
281773.411807,2778866.126422,0.21830856723537,0.0587048248027885,0,0.0199963309484498,0.0328380113740598,0.670152265639332
282273.411807,2778866.126422,0.371978021978022,0.0461538461538462,0.000915750915750916,0.0221611721611722,0.0313186813186813,0.527472527472527
282773.411807,2778866.126422,0.0587155963302752,0.0196330275229358,0.0201834862385321,0.0302752293577982,0.0471559633027523,0.824036697247706
283273.411807,2778866.126422,0.522472940744817,0.0155934690882407,0,0.00807191341038342,0.015410016510732,0.438451660245826
283773.411807,2778866.126422,0.427838827838828,0.0346153846153846,0.000366300366300366,0.0516483516483516,0.0428571428571429,0.442673992673993
284273.411807,2778866.126422,0.407706422018349,0.0234862385321101,0,0.106788990825688,0.0827522935779817,0.379266055045872
284773.411807,2778866.126422,0.644285452210604,0.00146762062006971,0,0.00843881856540084,0.0157769216657494,0.330031186938176
285273.411807,2778866.126422,0.469047619047619,0.0212454212454212,0,0.00238095238095238,0.00750915750915751,0.49981684981685
285773.411807,2778866.126422,0.381651376146789,0.0201834862385321,0,0.0618348623853211,0.0722935779816514,0.464036697247706
286273.411807,2778866.126422,0.554577141808842,0.0108237020730141,0,0.0410933773619519,0.0311869381764814,0.36231884057971
286773.411807,2778866.126422,0.421978021978022,0.0104395604395604,0,0.146336996336996,0.0767399267399267,0.344505494505495
287273.411807,2778866.126422,0.125321100917431,0.0344954128440367,0,0.430825688073394,0.0759633027522936,0.333394495412844
287773.411807,2778866.126422,0.290396927016645,0.0314980793854033,0.00204865556978233,0.326504481434059,0.0535211267605634,0.296030729833547
275273.411807,2778366.126422,0.0155163188871054,0.27394328517924,0.0430711610486891,0.398341359015516,0.0807918673087212,0.188336008560728
275773.411807,2778366.126422,0.0509157509157509,0.131135531135531,0.0256410256410256,0.216300366300366,0.104945054945055,0.471062271062271
276273.411807,2778366.126422,0.0313531353135314,0.168316831683168,0.0808580858085809,0.576824349101577,0.0284195086175284,0.114228089475614
276773.411807,2778366.126422,0.0413919413919414,0.0745421245421245,0.111538461538462,0.518864468864469,0.0412087912087912,0.212454212454212
277273.411807,2778366.126422,0.0946886446886447,0.0635531135531135,0.00695970695970696,0.317948717948718,0.0877289377289377,0.429120879120879
277773.411807,2778366.126422,0.0385038503850385,0.102860286028603,0.000366703337000367,0.0205353868720205,0.0144847818115145,0.823248991565823
278273.411807,2778366.126422,0.0214285714285714,0.0820512820512821,0,0.000549450549450549,0.00274725274725275,0.893223443223443
278773.411807,2778366.126422,0.0785714285714286,0.113736263736264,0.00549450549450549,0.0683150183150183,0.0197802197802198,0.714102564102564
279273.411807,2778366.126422,0.356068940227356,0.0683901723505684,0.00311697836450312,0.0315364869820315,0.0155848918225156,0.525302530253025
279773.411807,2778366.126422,0.298717948717949,0.00805860805860806,0.0181318681318681,0.0021978021978022,0.00567765567765568,0.667216117216117
280273.411807,2778366.126422,0.235531135531136,0.0128205128205128,0.0446886446886447,0.0249084249084249,0.0316849816849817,0.6503663003663
280773.411807,2778366.126422,0.13971397139714,0.0856252291895856,0.00165016501650165,0.203703703703704,0.211954528786212,0.357352401906857
281273.411807,2778366.126422,0.343040293040293,0.0271062271062271,0.00860805860805861,0.119230769230769,0.0926739926739927,0.409340659340659
281773.411807,2778366.126422,0.578021978021978,0.00677655677655678,0.000732600732600733,0.0234432234432234,0.0271062271062271,0.363919413919414
282273.411807,2778366.126422,0.600660066006601,0.0106343967730106,0.00678401173450678,0.00128346167950128,0.0055005500550055,0.375137513751375
282773.411807,2778366.126422,0.143040293040293,0.0152014652014652,0.0798534798534798,0.0807692307692308,0.0465201465201465,0.634615384615385
283273.411807,2778366.126422,0.727838827838828,0.0128205128205128,0,0.0164835164835165,0.0142857142857143,0.228571428571429
283773.411807,2778366.126422,0.882654932159883,0.00311697836450312,0,0,0,0.114228089475614
284273.411807,2778366.126422,0.712820512820513,0.0021978021978022,0,0.0214285714285714,0.0315018315018315,0.232051282051282
284773.411807,2778366.126422,0.496336996336996,0.00805860805860806,0,0.034981684981685,0.0307692307692308,0.42985347985348
285273.411807,2778366.126422,0.665383204987165,0.000183351668500183,0,0.0170517051705171,0.0088008800880088,0.308580858085809
285773.411807,2778366.126422,0.688461538461538,0.00128205128205128,0,0.0120879120879121,0.0247252747252747,0.273443223443223
286273.411807,2778366.126422,0.624542124542125,0.00695970695970696,0,0.0276556776556777,0.021978021978022,0.318864468864469
286773.411807,2778366.126422,0.553722038870554,0.0132013201320132,0,0.0414374770810414,0.0346534653465347,0.356985698569857
287273.411807,2778366.126422,0.63003663003663,0.0137362637362637,0,0.0710622710622711,0.0344322344322344,0.250732600732601
287773.411807,2778366.126422,0.525709900230238,0.00997697620874904,0.0097211563059606,0.17677155282681,0.0406753645433615,0.237145049884881
275273.411807,2777866.126422,0.0969729440128583,0.133404768282882,0.0275917492633271,0.419501741226895,0.102062684168229,0.220466113045808
275773.411807,2777866.126422,0.0476801760498808,0.113332110764717,0.0324591967724189,0.502659086741243,0.0627177700348432,0.241151659636897
276273.411807,2777866.126422,0.0194245922668133,0.0586402785413231,0.0463624702217336,0.565328935312443,0.0489279824079164,0.261315741249771
276773.411807,2777866.126422,0.0324830244081483,0.138006973756653,0.16993943842907,0.560469810974491,0.0480822169205359,0.051018535511103
277273.411807,2777866.126422,0.0757381258023107,0.120484137172199,0.0289748762149276,0.342013570511645,0.113882266642215,0.318907023656703
277773.411807,2777866.126422,0.0842954004031519,0.12552684625252,0.0311526479750779,0.472420743998534,0.0896096756459593,0.196994685724757
278273.411807,2777866.126422,0.0908423563956689,0.0139475133051936,0.000183519911910442,0.0442282987704166,0.031932464672417,0.818865846944393
278773.411807,2777866.126422,0.154960572162113,0.0053181734824867,0,0.00128369704749679,0.004401247019989,0.834036310287915
279273.411807,2777866.126422,0.166941542972329,0.0201575957485798,0.0166758292101887,0.0659703133589885,0.0632215503023639,0.66703316840755
279773.411807,2777866.126422,0.418792438979629,0.00403743806202973,0.0154156726004772,0.0159662323362085,0.0185355111029547,0.527252706918701
280273.411807,2777866.126422,0.350449293966624,0.00201723821749496,0,0.000366770584999083,0.00293416467999266,0.644232532550889
280773.411807,2777866.126422,0.166575041231446,0.030602895363753,0.00458127176104087,0.111783030969397,0.0538757559098406,0.632582004764523
281273.411807,2777866.126422,0.302624334740319,0.0978161130482657,0.00183519911910442,0.0625802899614608,0.100568911726922,0.434575151403927
281773.411807,2777866.126422,0.270676691729323,0.055198973042362,0.0097194205024757,0.130570328259674,0.146891619292133,0.386942967174033
282273.411807,2777866.126422,0.754993586219534,0.00989554700384827,0.00219901044529962,0.0273043796958036,0.0320689023272861,0.173538574308228
282773.411807,2777866.126422,0.876858139108093,0.00587263718113415,0,0.00532207744540283,0.0155991925123876,0.0963479537529822
283273.411807,2777866.126422,0.801026957637997,0.00366770584999083,0,0.00568494406748579,0.0165046763249587,0.173115716119567
283773.411807,2777866.126422,0.564595931830676,0.00494777350192413,0,0.0139270661535642,0.0166758292101887,0.399853399303647
284273.411807,2777866.126422,0.581574600844192,0.00880895577170123,0,0.0357863828225362,0.044411818682327,0.329418241879244
284773.411807,2777866.126422,0.683660370438291,0.00953603520997616,0,0.0183385292499542,0.030808729139923,0.257656335961856
285273.411807,2777866.126422,0.554333883085945,0.0234561114165292,0,0.0128275609309144,0.0166758292101887,0.392706615356423
285773.411807,2777866.126422,0.576069003486878,0.00587263718113415,0,0.0280785465222977,0.0297302257294917,0.360249587080198
286273.411807,2777866.126422,0.626994315055933,0.00458463231248854,0,0.01998899688245,0.0119200440124702,0.336512011736659
286773.411807,2777866.126422,0.521165475536009,0.0197910940076965,0.000183250870441635,0.0558915154846986,0.0514934945940993,0.351475169507055
287273.411807,2777866.126422,0.705083501559919,0.0113782345384474,0.00165167920719398,0.0262433474031932,0.0115617544503579,0.244081482840888
287773.411807,2777866.126422,0.767596621448682,0.00665472229331968,0,0.0120296902994625,0.0115177885845918,0.202201177373944
275273.411807,2777366.126422,0.0238541945859019,0.138836772983114,0.0643259179844546,0.24953095684803,0.0656660412757974,0.457786116322702
275773.411807,2777366.126422,0.0420106402494955,0.122546321775821,0.0728306732709595,0.423775454045129,0.0594386351128233,0.279398275545771
276273.411807,2777366.126422,0.036996336996337,0.155311355311355,0.0401098901098901,0.486996336996337,0.0608058608058608,0.21978021978022
276773.411807,2777366.126422,0.031743119266055,0.235412844036697,0.0739449541284404,0.540917431192661,0.021651376146789,0.0963302752293578
277273.411807,2777366.126422,0.0491652907723353,0.0774169877086773,0.0796184186387819,0.496606127316089,0.068611263988259,0.228581911575858
277773.411807,2777366.126422,0.151831501831502,0.0296703296703297,0.0032967032967033,0.122893772893773,0.0778388278388278,0.614468864468865
278273.411807,2777366.126422,0.256146788990826,0.00880733944954129,0.0122935779816514,0.00348623853211009,0.00770642201834862,0.711559633027523
278773.411807,2777366.126422,0.249128600256834,0.00311869381764814,0,0.00165107319757843,0.00495321959273528,0.741148413135205
279273.411807,2777366.126422,0.203846153846154,0.0102564102564103,0,0.0106227106227106,0.0186813186813187,0.756593406593407
279773.411807,2777366.126422,0.394495412844037,0.0100917431192661,0.0359633027522936,0.0484403669724771,0.0372477064220183,0.473761467889908
280273.411807,2777366.126422,0.361218125114658,0.00476976701522656,0.00293524124013942,0.0482480278847918,0.0359567051917079,0.546872133553476
280773.411807,2777366.126422,0.201282051282051,0.00531135531135531,0.00842490842490842,0.00805860805860806,0.0163003663003663,0.760622710622711
281273.411807,2777366.126422,0.52954128440367,0.00385321100917431,0,0.00954128440366972,0.0102752293577982,0.446788990825688
281773.411807,2777366.126422,0.687396807925151,0.00458631443771785,0.000183452577508714,0.0284351495138507,0.0387084938543387,0.240689781691433
282273.411807,2777366.126422,0.558424908424908,0.0186813186813187,0.000549450549450549,0.0827838827838828,0.0666666666666667,0.272893772893773
282773.411807,2777366.126422,0.349908256880734,0.0374311926605505,0.00036697247706422,0.023302752293578,0.0497247706422018,0.539266055045872
283273.411807,2777366.126422,0.742616033755274,0.00183452577508714,0,0.0302696752889378,0.0326545587965511,0.19262520638415
283773.411807,2777366.126422,0.796520146520146,0.00586080586080586,0,0.00384615384615385,0.00366300366300366,0.19010989010989
284273.411807,2777366.126422,0.660366972477064,0.00128440366972477,0,0.137247706422018,0.021651376146789,0.179449541284404
284773.411807,2777366.126422,0.810860392588516,0.0108237020730141,0,0.00238488350761328,0.0091726288754357,0.166758392955421
285273.411807,2777366.126422,0.783333333333333,0.00238095238095238,0,0.0157509157509158,0.0124542124542125,0.186080586080586
285773.411807,2777366.126422,0.677798165137615,0.00587155963302752,0,0.0293577981651376,0.0220183486238532,0.264954128440367
286273.411807,2777366.126422,0.689414786277747,0.002568336085122,0,0.0066042927903137,0.00366905155017428,0.297743533296643
286773.411807,2777366.126422,0.569413919413919,0.00787545787545788,0.000366300366300366,0.0571428571428571,0.0415750915750916,0.323626373626374
287273.411807,2777366.126422,0.529357798165138,0.0036697247706422,0.00036697247706422,0.0675229357798165,0.0348623853211009,0.364220183486239
287773.411807,2777366.126422,0.626120358514725,0.00742637644046095,0,0.0248399487836108,0.0361075544174136,0.30550576184379
275273.411807,2776866.126422,0.0778491171749599,0.0888175494917068,0.120920278223649,0.279293739967897,0.0754414125200642,0.357677902621723
275773.411807,2776866.126422,0.0587912087912088,0.117948717948718,0.0445054945054945,0.221062271062271,0.0804029304029304,0.477289377289377
276273.411807,2776866.126422,0.088008800880088,0.144664466446645,0.013017968463513,0.302896956362303,0.0777411074440777,0.373670700403374
276773.411807,2776866.126422,0.0534798534798535,0.294688644688645,0.00934065934065934,0.17014652014652,0.0641025641025641,0.408241758241758
277273.411807,2776866.126422,0.102747252747253,0.0978021978021978,0.00641025641025641,0.162271062271062,0.0756410256410256,0.555128205128205
277773.411807,2776866.126422,0.0630729739640631,0.0665566556655666,0.00733406674000733,0.372203887055372,0.0968096809680968,0.394022735606894
278273.411807,2776866.126422,0.444139194139194,0.0104395604395604,0.0102564102564103,0.0368131868131868,0.023992673992674,0.474358974358974
278773.411807,2776866.126422,0.102197802197802,0.0021978021978022,0,0.0510989010989011,0.0373626373626374,0.807142857142857
279273.411807,2776866.126422,0.291162449578291,0.00788412174550788,0,0.0412541254125413,0.0462046204620462,0.613494682801613
279773.411807,2776866.126422,0.769230769230769,0.023992673992674,0,0.013003663003663,0.0137362637362637,0.18003663003663
280273.411807,2776866.126422,0.610805860805861,0.00183150183150183,0,0.01996336996337,0.0131868131868132,0.354212454212454
280773.411807,2776866.126422,0.563256325632563,0.000733406674000733,0,0.00201686835350202,0.0044004400440044,0.42959295929593
281273.411807,2776866.126422,0.175274725274725,0.0142857142857143,0.0950549450549451,0.00622710622710623,0.0197802197802198,0.689377289377289
281773.411807,2776866.126422,0.133882783882784,0.00604395604395604,0.0183150183150183,0.103663003663004,0.0727106227106227,0.665384615384615
282273.411807,2776866.126422,0.483865053171984,0.00586725339200587,0.0214521452145215,0.0210854418775211,0.0306197286395306,0.437110377704437
282773.411807,2776866.126422,0.884065934065934,0.0010989010989011,0,0.00787545787545788,0.00769230769230769,0.0992673992673993
283273.411807,2776866.126422,0.476923076923077,0.0476190476190476,0,0.023992673992674,0.0489010989010989,0.402564102564103
283773.411807,2776866.126422,0.729006233956729,0.00605060506050605,0,0.0672900623395673,0.0238357169050238,0.173817381738174
284273.411807,2776866.126422,0.663919413919414,0.00164835164835165,0,0.0512820512820513,0.0360805860805861,0.247069597069597
284773.411807,2776866.126422,0.574908424908425,0.00366300366300366,0,0.152380952380952,0.065018315018315,0.204029304029304
285273.411807,2776866.126422,0.801246791345801,0.000733406674000733,0,0.0077007700770077,0.00476714338100477,0.185551888522186
285773.411807,2776866.126422,0.702930402930403,0.00201465201465201,0,0.0261904761904762,0.0228937728937729,0.245970695970696
286273.411807,2776866.126422,0.593223443223443,0.0205128205128205,0,0.0283882783882784,0.023992673992674,0.333882783882784
286773.411807,2776866.126422,0.367986798679868,0.0111844517785112,0,0.0540887422075541,0.0381371470480381,0.528602860286029
287273.411807,2776866.126422,0.3503663003663,0.00164835164835165,0,0.152197802197802,0.0340659340659341,0.461721611721612
287773.411807,2776866.126422,0.638014837554362,0.00153491941673062,0,0.0841647480173957,0.0176515732924021,0.25863392171911
275273.411807,2776366.126422,0.0184837931958211,0.0929547281007233,0.0750066970265202,0.280739351727833,0.0715242432360032,0.461291186713099
275773.411807,2776366.126422,0.0462130937098845,0.0825233816247937,0.0750045846323125,0.491472583898771,0.0946268109297634,0.210159545204475
276273.411807,2776366.126422,0.0382994319223016,0.190397654388858,0.00842954004031519,0.0800806303829943,0.0709180868609126,0.611874656404618
276773.411807,2776366.126422,0.0436777390346853,0.123692420627638,0.00697375665259681,0.276013947513305,0.0794641218572215,0.470178014314553
277273.411807,2776366.126422,0.0128369704749679,0.048413717219879,0.0423620025673941,0.783421969558041,0.0509811113148725,0.061984228864845
277773.411807,2776366.126422,0.106285504856148,0.0951072017592084,0.0166758292101887,0.223016309327469,0.0656038116181052,0.49331134322888
278273.411807,2776366.126422,0.277298586896678,0.0119287942741787,0.0322995044962378,0.0693705267021472,0.0416590200036704,0.567443567627088
278773.411807,2776366.126422,0.112598569594719,0.00476801760498808,0.0366770584999083,0.0361269026224097,0.0557491289198606,0.754080322758115
279273.411807,2776366.126422,0.254718709913872,0.0120945574491479,0.00146600696353308,0.0621220450797141,0.0547920102620487,0.614806670331684
279773.411807,2776366.126422,0.648375848779593,0.0192695907505964,0.0012846393833731,0.0409249403560286,0.0205542301339695,0.26959075059644
280273.411807,2776366.126422,0.753530166880616,0,0,0.00201723821749496,0.00366770584999083,0.240784889051898
280773.411807,2776366.126422,0.783214220267546,0.00109950522264981,0.00513102437236577,0.00439802089059923,0.00989554700384827,0.196261682242991
281273.411807,2776366.126422,0.707652780326665,0.0271609469627455,0,0.00550559735731327,0.0148651128647458,0.24481556248853
281773.411807,2776366.126422,0.402714102328993,0.0163212910324592,0.0190720704199523,0.00843572345497891,0.0196222262974509,0.533834586466165
282273.411807,2776366.126422,0.220267546270845,0.0131940626717977,0.0747663551401869,0.0236393622869709,0.0339014110317024,0.634231262598497
282773.411807,2776366.126422,0.571481005689117,0.0194531106625069,0,0.0332171040557901,0.0458799779776106,0.329968801614975
283273.411807,2776366.126422,0.676875114615808,0.00238400880249404,0,0.0260407115349349,0.0388776820099028,0.25582248303686
283773.411807,2776366.126422,0.329485065054059,0.0252886201209456,0,0.0546087593916071,0.0582737768004398,0.532343778632948
284273.411807,2776366.126422,0.446503945678106,0.0220223894292531,0,0.0179849513672233,0.0227564690768948,0.490732244448523
284773.411807,2776366.126422,0.491105813313772,0.0106363469649734,0,0.0192554557124519,0.0467632495873831,0.432239134421419
285273.411807,2776366.126422,0.42037749679311,0.00751328568810702,0,0.0397654388858347,0.0353674179952355,0.496976360637713
285773.411807,2776366.126422,0.552578454762342,0.0104606349788952,0,0.0517526151587447,0.0304643053771334,0.354743989722885
286273.411807,2776366.126422,0.645332844305887,0.017604988079956,0,0.0130203557674674,0.0218228498074454,0.302218962039244
286773.411807,2776366.126422,0.594832325453546,0.0274876305662452,0,0.0414146967198094,0.0274876305662452,0.308777716694154
287273.411807,2776366.126422,0.65993760322995,0.00385391815011929,0,0.0611121306661773,0.022389429253074,0.252706918700679
287773.411807,2776366.126422,0.364985922702841,0.0258510366009726,0.00230355771691835,0.0790888149475301,0.0250831840286665,0.502687484003071
275273.411807,2775866.126422,0.0292146877512731,0.0962208523184133,0.131868131868132,0.509514875368534,0.0586974001608148,0.174484052532833
275773.411807,2775866.126422,0.0695285268758026,0.155567785727389,0.0548523206751055,0.205650339387268,0.0809025866813429,0.433498440653091
276273.411807,2775866.126422,0.156043956043956,0.145604395604396,0,0.0503663003663004,0.0952380952380952,0.552747252747253
276773.411807,2775866.126422,0.0524770642201835,0.240366972477064,0.00110091743119266,0.103853211009174,0.0946788990825688,0.507522935779817
277273.411807,2775866.126422,0.0355898000366905,0.156668501192442,0.0328380113740598,0.352595853971748,0.0687947165657677,0.353513116859292
277773.411807,2775866.126422,0.0456043956043956,0.107692307692308,0.0258241758241758,0.436080586080586,0.131318681318681,0.253479853479853
278273.411807,2775866.126422,0.256697247706422,0.0829357798165138,0.00513761467889908,0.0357798165137615,0.0548623853211009,0.564587155963303
278773.411807,2775866.126422,0.467620620069712,0.0220143093010457,0,0.190240322876536,0.0601724454228582,0.259952302329848
279273.411807,2775866.126422,0.336080586080586,0.0126373626373626,0.000183150183150183,0.113919413919414,0.0758241758241758,0.461355311355311
279773.411807,2775866.126422,0.708440366972477,0.0108256880733945,0.00165137614678899,0.018348623853211,0.0207339449541284,0.24
280273.411807,2775866.126422,0.502660062373876,0.0117409649605577,0.00476976701522656,0.0563199412951752,0.0409099247844432,0.383599339570721
280773.411807,2775866.126422,0.720695970695971,0.0010989010989011,0,0.0102564102564103,0.0141025641025641,0.253846153846154
281273.411807,2775866.126422,0.584403669724771,0.0227522935779817,0,0.0418348623853211,0.055045871559633,0.295963302752294
281773.411807,2775866.126422,0.767198679141442,0.00110071546505228,0.000183452577508714,0.0124747752705926,0.0121078701155751,0.206934507429829
282273.411807,2775866.126422,0.793772893772894,0.000366300366300366,0,0.00476190476190476,0.00641025641025641,0.194688644688645
282773.411807,2775866.126422,0.767706422018349,0.00587155963302752,0.00018348623853211,0.0225688073394495,0.0181651376146789,0.185504587155963
283273.411807,2775866.126422,0.372592184920198,0.015410016510732,0,0.371124564300128,0.0854889011190607,0.155384333149881
283773.411807,2775866.126422,0.68040293040293,0.00677655677655678,0.000549450549450549,0.0223443223443223,0.0252747252747253,0.264652014652015
284273.411807,2775866.126422,0.782385321100917,0.00678899082568807,0,0.00348623853211009,0.0110091743119266,0.196330275229358
284773.411807,2775866.126422,0.668134287286736,0.00201797835259585,0,0.0091726288754357,0.0144927536231884,0.306182351862044
285273.411807,2775866.126422,0.693040293040293,0.00274725274725275,0,0.0443223443223443,0.0203296703296703,0.23956043956044
285773.411807,2775866.126422,0.525504587155963,0.016697247706422,0,0.0495412844036697,0.0557798165137615,0.352477064220183
286273.411807,2775866.126422,0.647771051183269,0.00440286186020914,0,0.0473307649972482,0.0240322876536415,0.276463034305632
286773.411807,2775866.126422,0.528754578754579,0.0111721611721612,0,0.0646520146520147,0.0302197802197802,0.365201465201465
287273.411807,2775866.126422,0.337614678899083,0.00752293577981651,0,0.116146788990826,0.0422018348623853,0.49651376146789
287773.411807,2775866.126422,0.252240717029449,0.0148527528809219,0.00128040973111396,0.355185659411012,0.0906530089628681,0.285787451984635
275273.411807,2775366.126422,0.0609951845906902,0.246120920278224,0.00642054574638844,0.354467629748529,0.0187265917602996,0.313269127875869
275773.411807,2775366.126422,0.0580586080586081,0.171428571428571,0.0794871794871795,0.437362637362637,0.0465201465201465,0.207142857142857
276273.411807,2775366.126422,0.0931426475980931,0.0577557755775578,0.0227356068940227,0.164649798313165,0.0854418775210854,0.576274294096076
276773.411807,2775366.126422,0.128388278388278,0.0857142857142857,0.00128205128205128,0.1496336996337,0.11043956043956,0.524542124542125
277273.411807,2775366.126422,0.0811355311355311,0.117032967032967,0.00366300366300366,0.230586080586081,0.20970695970696,0.357875457875458
277773.411807,2775366.126422,0.0621562156215622,0.0977264393105977,0.0066006600660066,0.154198753208654,0.217638430509718,0.461679501283462
278273.411807,2775366.126422,0.0342490842490843,0.142307692307692,0.0527472527472527,0.285347985347985,0.166483516483516,0.318864468864469
278773.411807,2775366.126422,0.0296703296703297,0.0826007326007326,0.00952380952380952,0.511172161172161,0.0950549450549451,0.271978021978022
279273.411807,2775366.126422,0.0812247891455812,0.147781444811148,0.0170517051705171,0.24019068573524,0.144847818115145,0.368903557022369
279773.411807,2775366.126422,0.172893772893773,0.0899267399267399,0,0.216666666666667,0.0886446886446886,0.431868131868132
280273.411807,2775366.126422,0.25,0.0408424908424908,0.00549450549450549,0.082967032967033,0.097985347985348,0.522710622710623
280773.411807,2775366.126422,0.354968830216355,0.0106343967730106,0.0044004400440044,0.070957095709571,0.0577557755775578,0.501283461679501
281273.411807,2775366.126422,0.871245421245421,0.0316849816849817,0.000183150183150183,0.00256410256410256,0.0032967032967033,0.091025641025641
281773.411807,2775366.126422,0.612637362637363,0.0164835164835165,0,0.0512820512820513,0.0347985347985348,0.284798534798535
282273.411807,2775366.126422,0.71030436376971,0.00256692335900257,0.000183351668500183,0.0412541254125413,0.0293362669600293,0.216354968830216
282773.411807,2775366.126422,0.819047619047619,0.00567765567765568,0.000366300366300366,0.0159340659340659,0.0181318681318681,0.140842490842491
283273.411807,2775366.126422,0.635164835164835,0.000915750915750916,0.000183150183150183,0.0467032967032967,0.0483516483516484,0.268681318681319
283773.411807,2775366.126422,0.563256325632563,0.0113678034470114,0,0.0726072607260726,0.0403373670700403,0.312431243124312
284273.411807,2775366.126422,0.681868131868132,0.00164835164835165,0,0.0358974358974359,0.0201465201465201,0.26043956043956
284773.411807,2775366.126422,0.444322344322344,0.0261904761904762,0.00366300366300366,0.279487179487179,0.0864468864468864,0.15989010989011
285273.411807,2775366.126422,0.285845251191786,0.0104510451045105,0.00146681334800147,0.240740740740741,0.0848918225155849,0.376604327099377
285773.411807,2775366.126422,0.723076923076923,0.00293040293040293,0,0.0249084249084249,0.032051282051282,0.217032967032967
286273.411807,2775366.126422,0.659157509157509,0.00622710622710623,0,0.0234432234432234,0.0181318681318681,0.293040293040293
286773.411807,2775366.126422,0.525485881921525,0.00458379171250458,0,0.0595892922625596,0.0319031903190319,0.378437843784378
287273.411807,2775366.126422,0.207509157509158,0.0272893772893773,0.00457875457875458,0.294139194139194,0.034981684981685,0.431501831501832
287773.411807,2775366.126422,0.0851880276285495,0.0936300844205679,0.0133026349449987,0.353031465848043,0.139677666922487,0.315170120235354
275273.411807,2774866.126422,0,0.622555585320118,0,0.0340208947227431,0.00348245379051701,0.339941066166622
275773.411807,2774866.126422,0.0485971025123785,0.136255272327159,0.00183385292499542,0.244269209609389,0.0905923344947735,0.478452228131304
276273.411807,2774866.126422,0.0819131390874107,0.0498442367601246,0.0229063588052043,0.218984790177753,0.0487447315374748,0.577606743632032
276773.411807,2774866.126422,0.0673518076711323,0.100018351991191,0.05395485410167,0.0935951550743256,0.0792806019453111,0.60579922921637
277273.411807,2774866.126422,0.00641848523748395,0.0995782138272511,0.0535485054098661,0.60407115349349,0.0775719787273061,0.158811663304603
277773.411807,2774866.126422,0.0760491112332784,0.0729338464357706,0.101704233095107,0.151731720725673,0.0403151914971596,0.557265897013011
278273.411807,2774866.126422,0.0449623784180584,0.147550009175996,0.0480822169205359,0.259313635529455,0.0917599559552211,0.408331804000734
278773.411807,2774866.126422,0.048413717219879,0.0821566110397946,0.00421786172748946,0.40381441408399,0.130020172382175,0.331377223546672
279273.411807,2774866.126422,0.0599230346344145,0.188015393073117,0.0157595748579806,0.163093274693055,0.123694337548103,0.44951438519333
279773.411807,2774866.126422,0.0723068452927143,0.179849513672233,0.00201871903101487,0.245366122224261,0.129565057808772,0.370893741971004
280273.411807,2774866.126422,0.0652851641298368,0.121401063634696,0.013203741059967,0.132220795892169,0.109481019622226,0.558408215661104
280773.411807,2774866.126422,0.148982957669049,0.140370166758292,0.0042147700201576,0.15246472420744,0.155213487264065,0.398753894080997
281273.411807,2774866.126422,0.175812075610204,0.0631308496971921,0.00311983850247752,0.172141677371995,0.0897412369242063,0.496054321893926
281773.411807,2774866.126422,0.641848523748395,0.0053181734824867,0.000916926462497708,0.0779387493123052,0.0498807995598753,0.22409682743444
282273.411807,2774866.126422,0.938061205790727,0.000549752611324904,0,0.00568077698369067,0.00623052959501558,0.0494777350192413
282773.411807,2774866.126422,0.762341714075977,0.00110111947146265,0,0.0152321526885667,0.0117452743622683,0.209579739401725
283273.411807,2774866.126422,0.770951769668073,0.00146708233999633,0,0.0251237850724372,0.0207225380524482,0.181734824867046
283773.411807,2774866.126422,0.698369067253069,0.0126443100604728,0.000183250870441635,0.0153930731170973,0.0196078431372549,0.253802455561664
284273.411807,2774866.126422,0.530189025509268,0.0244081482840888,0,0.0282620664342081,0.0420260598274913,0.375114699944944
284773.411807,2774866.126422,0.618741976893453,0.0194388410049514,0,0.028791490922428,0.0357601320374106,0.297267559141757
285273.411807,2774866.126422,0.302180685358255,0.0300531427524281,0.00366501740883269,0.316840754993586,0.0648708081363387,0.282389591350559
285773.411807,2774866.126422,0.387594053954854,0.00991007524316388,0,0.391080932281152,0.0675353275830428,0.143879610937787
286273.411807,2774866.126422,0.443609022556391,0.00770218228498074,0,0.229415000916926,0.0467632495873831,0.272510544654319
286773.411807,2774866.126422,0.511453179402602,0.0131940626717977,0,0.0764156129741616,0.0463624702217336,0.352574674729705
287273.411807,2774866.126422,0.110111947146265,0.0770783630023858,0.00679023674068636,0.511102954670582,0.142778491466324,0.152138006973757
287773.411807,2774866.126422,0.0360890708983875,0.186588175070386,0.0314819554645508,0.501407729715895,0.0985410801126184,0.145891988738162
275273.411807,2774366.126422,0.032967032967033,0.21978021978022,0.00804073974805682,0.128651835968909,0.106673813990887,0.503886357544894
275773.411807,2774366.126422,0.0561364887176665,0.167308750687947,0.00275178866263071,0.254632177582095,0.130067877453678,0.389102916895982
276273.411807,2774366.126422,0.0489010989010989,0.0565934065934066,0.00347985347985348,0.588644688644689,0.0992673992673993,0.203113553113553
276773.411807,2774366.126422,0.0708256880733945,0.258165137614679,0.00275229357798165,0.129174311926606,0.0361467889908257,0.502935779816514
277273.411807,2774366.126422,0.0704457897633462,0.0675105485232067,0.030820033021464,0.0508163639699138,0.0403595670519171,0.740047697670152
277773.411807,2774366.126422,0.0404761904761905,0.311355311355311,0.041025641025641,0.0184981684981685,0.0241758241758242,0.564468864468864
278273.411807,2774366.126422,0.0376146788990826,0.177981651376147,0.0409174311926606,0.161100917431193,0.0818348623853211,0.500550458715596
278773.411807,2774366.126422,0.0909924784443221,0.0311869381764814,0.0453127866446524,0.495138506696019,0.110988809392772,0.226380480645753
279273.411807,2774366.126422,0.486080586080586,0.0238095238095238,0,0.0194139194139194,0.023992673992674,0.446703296703297
279773.411807,2774366.126422,0.58348623853211,0.0275229357798165,0.00477064220183486,0.0255045871559633,0.0188990825688073,0.339816513761468
280273.411807,2774366.126422,0.55494404696386,0.0291689598238855,0.00476976701522656,0.0462300495321959,0.0412768299394606,0.323610346725371
280773.411807,2774366.126422,0.562087912087912,0.0624542124542125,0,0.0201465201465201,0.01996336996337,0.335347985347985
281273.411807,2774366.126422,0.477798165137615,0.122018348623853,0.00201834862385321,0.0570642201834862,0.0656880733944954,0.275412844036697
281773.411807,2774366.126422,0.155384333149881,0.19977985690699,0.00678774536782242,0.190607228031554,0.0974133186571271,0.350027517886626
282273.411807,2774366.126422,0.235531135531136,0.0353479853479853,0,0.127655677655678,0.0908424908424908,0.510622710622711
282773.411807,2774366.126422,0.438899082568807,0.0137614678899083,0.00146788990825688,0.0744954128440367,0.0519266055045872,0.419449541284404
283273.411807,2774366.126422,0.3010456796918,0.0121078701155751,0.00091726288754357,0.0952118877270226,0.0649422124380847,0.525775087139974
283773.411807,2774366.126422,0.267032967032967,0.00695970695970696,0,0.0783882783882784,0.0608058608058608,0.586813186813187
284273.411807,2774366.126422,0.574862385321101,0.00532110091743119,0,0.0609174311926605,0.0377981651376147,0.321100917431193
284773.411807,2774366.126422,0.591267657310585,0.0148596587782058,0,0.0588882773802972,0.024399192808659,0.310585213722253
285273.411807,2774366.126422,0.19029304029304,0.0249084249084249,0.00256410256410256,0.468498168498168,0.0853479853479854,0.228388278388278
285773.411807,2774366.126422,0.245688073394495,0.0275229357798165,0.00018348623853211,0.379816513761468,0.1,0.246788990825688
286273.411807,2774366.126422,0.0952118877270226,0.193175564116676,0.0111906072280316,0.320308200330215,0.128967161988626,0.251146578609429
286773.411807,2774366.126422,0.266849816849817,0.097985347985348,0.034981684981685,0.285164835164835,0.108974358974359,0.206043956043956
287273.411807,2774366.126422,0.0519266055045872,0.200366972477064,0.0214678899082569,0.424770642201835,0.12348623853211,0.177981651376147
287773.411807,2774366.126422,0.0481434058898848,0.152368758002561,0.13854033290653,0.592317541613316,0.0348271446862996,0.0338028169014084
275273.411807,2773866.126422,0.0436062065275548,0.156500802568218,0,0.124130551096843,0.173889780631354,0.50187265917603
275773.411807,2773866.126422,0.0267399267399267,0.144688644688645,0.0155677655677656,0.325824175824176,0.176190476190476,0.310989010989011
276273.411807,2773866.126422,0.0410707737440411,0.0555555555555556,0.193619361936194,0.477264393105977,0.0775577557755776,0.154932159882655
276773.411807,2773866.126422,0.118864468864469,0.0681318681318681,0.0265567765567766,0.0827838827838828,0.0611721611721612,0.642490842490843
277273.411807,2773866.126422,0.0758241758241758,0.0457875457875458,0.0523809523809524,0.326556776556777,0.0915750915750916,0.407875457875458
277773.411807,2773866.126422,0.0979097909790979,0.125779244591126,0.0154015401540154,0.202053538687202,0.0856252291895856,0.473230656398973
278273.411807,2773866.126422,0.0681318681318681,0.201282051282051,0.00512820512820513,0.423626373626374,0.0886446886446886,0.213186813186813
278773.411807,2773866.126422,0.0882783882783883,0.0269230769230769,0.0388278388278388,0.647435897435897,0.0875457875457875,0.110989010989011
279273.411807,2773866.126422,0.218738540520719,0.0170517051705171,0.0196186285295196,0.238540520718739,0.0902090209020902,0.415841584158416
279773.411807,2773866.126422,0.578205128205128,0.00457875457875458,0,0.00604395604395604,0.00970695970695971,0.401465201465201
280273.411807,2773866.126422,0.804395604395604,0.00989010989010989,0,0.000183150183150183,0.000732600732600733,0.184798534798535
280773.411807,2773866.126422,0.818481848184819,0.0033003300330033,0,0.00421708837550422,0.00531719838650532,0.168683535020169
281273.411807,2773866.126422,0.781318681318681,0.000366300366300366,0,0.0122710622710623,0.0133699633699634,0.192673992673993
281773.411807,2773866.126422,0.707509157509158,0.00641025641025641,0,0.00146520146520147,0.00787545787545788,0.276739926739927
282273.411807,2773866.126422,0.626145947928126,0.015951595159516,0.00238357169050238,0.0612394572790612,0.0592225889255592,0.235056839017235
282773.411807,2773866.126422,0.351648351648352,0.0115384615384615,0.000732600732600733,0.130586080586081,0.0697802197802198,0.435714285714286
283273.411807,2773866.126422,0.433516483516484,0.00183150183150183,0.0133699633699634,0.0111721611721612,0.0108058608058608,0.529304029304029
283773.411807,2773866.126422,0.221488815548222,0.00201686835350202,0.000366703337000367,0.00751741840850752,0.0066006600660066,0.762009534286762
284273.411807,2773866.126422,0.276190476190476,0.0141025641025641,0.0108058608058608,0.0360805860805861,0.0382783882783883,0.624542124542125
284773.411807,2773866.126422,0.443956043956044,0.0155677655677656,0.000549450549450549,0.154945054945055,0.0692307692307692,0.315750915750916
285273.411807,2773866.126422,0.533370003667033,0.0209020902090209,0,0.111111111111111,0.0335533553355336,0.301063439677301
285773.411807,2773866.126422,0.164652014652015,0.0672161172161172,0.000183150183150183,0.268681318681319,0.146520146520147,0.352747252747253
286273.411807,2773866.126422,0.0203296703296703,0.144139194139194,0.0285714285714286,0.47032967032967,0.166666666666667,0.16996336996337
286773.411807,2773866.126422,0.0344701136780345,0.202603593692703,0.066006600660066,0.390539053905391,0.0946094609460946,0.211771177117712
287273.411807,2773866.126422,0.0902930402930403,0.177838827838828,0.0750915750915751,0.45,0.0620879120879121,0.144688644688645
