"x","y","forest","agri","water","built","other","grass"
173273.411807,2557866.126422,0.0698420533070089,0.288993089832182,0,0.2677690029615,0.191263573543929,0.18213228035538
173773.411807,2557866.126422,0.0965201465201465,0.195054945054945,0.00934065934065934,0.326739926739927,0.201831501831502,0.170512820512821
174273.411807,2557866.126422,0.0903923725705904,0.0306197286395306,0.00201686835350202,0.577741107444078,0.152365236523652,0.146864686468647
174773.411807,2557866.126422,0.0236263736263736,0.028021978021978,0.144139194139194,0.707142857142857,0.0754578754578755,0.0216117216117216
175273.411807,2557866.126422,0.1003663003663,0.0183150183150183,0,0.499267399267399,0.265201465201465,0.116849816849817
175773.411807,2557866.126422,0.0561056105610561,0.0253025302530253,0.00128346167950128,0.68995232856619,0.193802713604694,0.0335533553355336
176273.411807,2557866.126422,0.0573260073260073,0.0483516483516484,0.00146520146520147,0.587362637362637,0.219230769230769,0.0862637362637363
176773.411807,2557866.126422,0.0847985347985348,0.378021978021978,0,0.106227106227106,0.19047619047619,0.24047619047619
177273.411807,2557866.126422,0.0320865419875321,0.286578657865787,0,0.271727172717272,0.19031903190319,0.219288595526219
177773.411807,2557866.126422,0.0355311355311355,0.284249084249084,0.000366300366300366,0.414285714285714,0.208608058608059,0.056959706959707
178273.411807,2557866.126422,0.0230769230769231,0.548901098901099,0,0.1,0.140659340659341,0.187362637362637
178773.411807,2557866.126422,0.0247524752475248,0.490649064906491,0,0.167216721672167,0.115511551155116,0.201870187018702
179273.411807,2557866.126422,0.0186813186813187,0.574175824175824,0,0.100732600732601,0.151465201465201,0.154945054945055
179773.411807,2557866.126422,0.0278388278388278,0.393772893772894,0.000183150183150183,0.302380952380952,0.194322344322344,0.0815018315018315
180273.411807,2557866.126422,0.0832416574990832,0.130729739640631,0,0.486798679867987,0.0968096809680968,0.202420242024202
180773.411807,2557866.126422,0.0470695970695971,0.212637362637363,0,0.127289377289377,0.131135531135531,0.481868131868132
181273.411807,2557866.126422,0.0937728937728938,0.0382783882783883,0,0.262637362637363,0.0706959706959707,0.534615384615385
181773.411807,2557866.126422,0.0803080308030803,0.197103043637697,0,0.382838283828383,0.0630729739640631,0.276677667766777
182273.411807,2557866.126422,0.104029304029304,0.197802197802198,0,0.244505494505494,0.093956043956044,0.35970695970696
182773.411807,2557866.126422,0.0206959706959707,0.192673992673993,0.000915750915750916,0.205311355311355,0.139010989010989,0.441391941391941
183273.411807,2557866.126422,0.130913091309131,0.0718738540520719,0,0.0812247891455812,0.0676567656765677,0.648331499816648
183773.411807,2557866.126422,0.261904761904762,0.0289377289377289,0,0.26007326007326,0.0494505494505494,0.3996336996337
184273.411807,2557866.126422,0.152930402930403,0.0152014652014652,0,0.534432234432234,0.101098901098901,0.196336996336996
184773.411807,2557866.126422,0.656765676567657,0,0,0.0346534653465347,0.00935093509350935,0.299229922992299
185273.411807,2557866.126422,0.643040293040293,0.0282051282051282,0,0.043956043956044,0.0159340659340659,0.268864468864469
185773.411807,2557866.126422,0.290495867768595,0.0433884297520661,0,0.0663223140495868,0.0497933884297521,0.55
173273.411807,2557366.126422,0.0328719723183391,0.324270884824518,0,0.26643598615917,0.228126544735541,0.148294611962432
173773.411807,2557366.126422,0.0386942967174033,0.236750412616908,0,0.280946268109298,0.275261324041812,0.168347698514579
174273.411807,2557366.126422,0.171706065603812,0.103353490929082,0.00219901044529962,0.319589518050211,0.124060839288987,0.279091075682609
174773.411807,2557366.126422,0.0994677922554597,0.0638649293448339,0,0.3444668746559,0.315837768397871,0.176362635345935
175273.411807,2557366.126422,0.0465798642948836,0.0106363469649734,0.0630845406198423,0.620209059233449,0.18393544837704,0.0755547405098111
175773.411807,2557366.126422,0.0652373098772219,0.0183250870441635,0.0668865677111966,0.707165109034268,0.12442734102987,0.0179585853032802
176273.411807,2557366.126422,0.0759772435309231,0.0255092677555515,0,0.519544870618462,0.342264635712975,0.0367039823820885
176773.411807,2557366.126422,0.0408949202273978,0.353933614524115,0,0.194571795342014,0.242251971391894,0.168347698514579
177273.411807,2557366.126422,0.0153930731170973,0.571559464907458,0,0.110500274876306,0.147516950705516,0.155030236393623
177773.411807,2557366.126422,0.0185355111029547,0.354376949899064,0.000183519911910442,0.34868783262984,0.196366305744173,0.0818498807120573
178273.411807,2557366.126422,0.0363102879149092,0.194205024757014,0,0.333761232349166,0.158261507427104,0.277461947551806
178773.411807,2557366.126422,0.123877588418545,0.180685358255452,0,0.407916437603079,0.135972145867693,0.151548469855232
179273.411807,2557366.126422,0.0679023674068636,0.17012295834098,0,0.276380987337126,0.12846393833731,0.357129748577721
179773.411807,2557366.126422,0.0207225380524482,0.465615257656336,0,0.0737208875848157,0.171648633779571,0.268292682926829
180273.411807,2557366.126422,0.0500274876305662,0.127176104086494,0.00109950522264981,0.471870991387209,0.156129741616273,0.193696170056808
180773.411807,2557366.126422,0.0201871903101487,0.333088640117453,0,0.0545054138374014,0.120572582125161,0.471646173609837
181273.411807,2557366.126422,0.129286631212177,0.101228681459747,0,0.0949935815147625,0.0573995965523565,0.617091509260957
181773.411807,2557366.126422,0.170789811251603,0.1927799157046,0,0.330951072017592,0.0820963899578523,0.223382811068353
182273.411807,2557366.126422,0.185905670765278,0.196549825656084,0.00146815929528354,0.312350890071573,0.130849697192145,0.172875757019637
182773.411807,2557366.126422,0.113515496057216,0.154227030992114,0,0.252888318356868,0.169448010269576,0.309921144324225
183273.411807,2557366.126422,0.0155763239875389,0.20853949056258,0.000733003481766538,0.219901044529962,0.104819497892615,0.450430639545538
183773.411807,2557366.126422,0.212149018168471,0.057258212516058,0,0.0306478252890439,0.0220223894292531,0.677922554597174
184273.411807,2557366.126422,0.270860077021823,0.0115532734274711,0,0.216394645149459,0.057216211259857,0.44397579314139
184773.411807,2557366.126422,0.166941542972329,0.0131940626717977,0,0.471687740516767,0.131574124977094,0.216602528862012
185273.411807,2557366.126422,0.487245366122224,0.00880895577170123,0,0.0750596439713709,0.025325747843641,0.403560286291063
185773.411807,2557366.126422,0.252947259565667,0.00558428128231644,0,0.216132368148914,0.0614270941054809,0.463908996897621
173273.411807,2556866.126422,0.0608308605341246,0.29055390702275,0,0.233926805143422,0.242087042532146,0.172601384767557
173773.411807,2556866.126422,0.145844799119428,0.0687947165657677,0.178499357915979,0.251513483764447,0.164923867180334,0.190423775454045
174273.411807,2556866.126422,0.251282051282051,0.0481684981684982,0.0961538461538462,0.206227106227106,0.161172161172161,0.236996336996337
174773.411807,2556866.126422,0.0255045871559633,0.0693577981651376,0.248256880733945,0.544954128440367,0.0987155963302752,0.0132110091743119
175273.411807,2556866.126422,0.0341221794166208,0.0157769216657494,0.282333516785911,0.569987158319574,0.0953953403045313,0.00238488350761328
175773.411807,2556866.126422,0.151098901098901,0.0494505494505494,0.10952380952381,0.527472527472527,0.133882783882784,0.0285714285714286
176273.411807,2556866.126422,0.0170642201834862,0.0135779816513761,0.04,0.689724770642202,0.233761467889908,0.00587155963302752
176773.411807,2556866.126422,0.0605393505778756,0.238855255916346,0,0.285085305448542,0.20399926618969,0.211520821867547
177273.411807,2556866.126422,0.0135531135531136,0.285164835164835,0,0.162454212454212,0.248168498168498,0.290659340659341
177773.411807,2556866.126422,0.00018348623853211,0.311192660550459,0,0.32697247706422,0.188807339449541,0.172844036697248
178273.411807,2556866.126422,0.163639699137773,0.132819666116309,0,0.250963126031921,0.13410383415887,0.318473674555127
178773.411807,2556866.126422,0.155311355311355,0.0606227106227106,0.0395604395604396,0.315750915750916,0.155494505494505,0.273260073260073
179273.411807,2556866.126422,0.0537614678899083,0.117064220183486,0,0.357614678899083,0.195412844036697,0.276146788990826
179773.411807,2556866.126422,0.0421940928270042,0.409649605576958,0,0.203632361034673,0.166208035222895,0.17831590533847
180273.411807,2556866.126422,0.0291208791208791,0.0961538461538462,0.067032967032967,0.557509157509158,0.126190476190476,0.123992673992674
180773.411807,2556866.126422,0.0768807339449541,0.165688073394495,0,0.269724770642202,0.326422018348624,0.161284403669725
181273.411807,2556866.126422,0.0370574206567602,0.0254999082737112,0,0.158503026967529,0.0654925701706109,0.713447073931389
181773.411807,2556866.126422,0.104578754578755,0.0983516483516483,0.000366300366300366,0.468498168498168,0.163369963369963,0.164835164835165
182273.411807,2556866.126422,0.0176146788990826,0.0258715596330275,0.0836697247706422,0.734862385321101,0.0691743119266055,0.0688073394495413
182773.411807,2556866.126422,0.104384516602458,0.0726472206934507,0.000550357732526142,0.510915428361769,0.10695285268758,0.204549623922216
183273.411807,2556866.126422,0.0688644688644689,0.414285714285714,0,0.0855311355311355,0.105128205128205,0.326190476190476
183773.411807,2556866.126422,0.0376146788990826,0.249357798165138,0,0.138532110091743,0.15743119266055,0.417064220183486
184273.411807,2556866.126422,0.233718583746102,0.0168776371308017,0,0.0427444505595304,0.029535864978903,0.677123463584663
184773.411807,2556866.126422,0.252747252747253,0.0100732600732601,0,0.192490842490843,0.0783882783882784,0.466300366300366
185273.411807,2556866.126422,0.37302752293578,0.00862385321100917,0,0.0464220183486239,0.0152293577981651,0.556697247706422
185773.411807,2556866.126422,0.423546451479412,0.00227601903579557,0,0.0169666873577488,0.0140699358576454,0.543140906269398
173273.411807,2556366.126422,0.040720631786772,0.205083909180652,0.0328232971372162,0.248519249753208,0.192991115498519,0.279861796643633
173773.411807,2556366.126422,0.0842490842490843,0.0990842490842491,0.362454212454212,0.108241758241758,0.167765567765568,0.178205128205128
174273.411807,2556366.126422,0.0551888522185552,0.033003300330033,0.178034470113678,0.381004767143381,0.266043270993766,0.0867253392005867
174773.411807,2556366.126422,0.0271062271062271,0.0873626373626374,0.138644688644689,0.601648351648352,0.0923076923076923,0.0529304029304029
175273.411807,2556366.126422,0.036996336996337,0.0113553113553114,0.0884615384615385,0.608241758241758,0.221428571428571,0.0335164835164835
175773.411807,2556366.126422,0.0588558855885589,0.0452878621195453,0.0176017601760176,0.690869086908691,0.151998533186652,0.0353868720205354
176273.411807,2556366.126422,0.0741758241758242,0.0186813186813187,0.0860805860805861,0.617216117216117,0.18992673992674,0.0139194139194139
176773.411807,2556366.126422,0.113186813186813,0.0716117216117216,0.00641025641025641,0.476007326007326,0.212454212454212,0.12032967032967
177273.411807,2556366.126422,0.0262192885955262,0.059039237257059,0.0991932526585992,0.490832416574991,0.144847818115145,0.17986798679868
177773.411807,2556366.126422,0.0582417582417582,0.29010989010989,0,0.315018315018315,0.139010989010989,0.197619047619048
178273.411807,2556366.126422,0.0362637362637363,0.356776556776557,0.000915750915750916,0.256043956043956,0.145970695970696,0.204029304029304
178773.411807,2556366.126422,0.0520718738540521,0.121928859552622,0.138430509717638,0.297213054638797,0.132196552988632,0.258159149248258
179273.411807,2556366.126422,0.0173992673992674,0.408241758241758,0,0.203113553113553,0.161904761904762,0.209340659340659
179773.411807,2556366.126422,0.0115384615384615,0.513003663003663,0.000366300366300366,0.13021978021978,0.142124542124542,0.202747252747253
180273.411807,2556366.126422,0.0562889622295563,0.0762742940960763,0,0.440777411074441,0.0946094609460946,0.332049871653832
180773.411807,2556366.126422,0.0296703296703297,0.0901098901098901,0,0.672161172161172,0.115201465201465,0.0928571428571429
181273.411807,2556366.126422,0.0307692307692308,0.0272893772893773,0,0.442490842490842,0.124358974358974,0.375091575091575
181773.411807,2556366.126422,0.0850751741840851,0.0927759442610928,0,0.367253392005867,0.136963696369637,0.317931793179318
182273.411807,2556366.126422,0.0688644688644689,0.129304029304029,0.00952380952380952,0.512820512820513,0.109340659340659,0.17014652014652
182773.411807,2556366.126422,0.0494505494505494,0.284798534798535,0,0.0967032967032967,0.12032967032967,0.448717948717949
183273.411807,2556366.126422,0.0568390172350568,0.124129079574624,0,0.422258892555922,0.173634030069674,0.223138980564723
183773.411807,2556366.126422,0.0538461538461538,0.141391941391941,0,0.15970695970696,0.124175824175824,0.520879120879121
184273.411807,2556366.126422,0.0428571428571429,0.0972527472527473,0.0384615384615385,0.530952380952381,0.0990842490842491,0.191391941391941
184773.411807,2556366.126422,0.131463146314631,0.0458379171250458,0,0.193069306930693,0.141364136413641,0.488265493215988
185273.411807,2556366.126422,0.294688644688645,0.000366300366300366,0,0.125824175824176,0.0203296703296703,0.558791208791209
185773.411807,2556366.126422,0.26797520661157,0.00247933884297521,0,0.113223140495868,0.0274793388429752,0.588842975206612
173273.411807,2555866.126422,0.037073652990608,0.408057340583292,0.0175481957488878,0.271379139891251,0.173504695996045,0.092436974789916
173773.411807,2555866.126422,0.0647350082523382,0.0163212910324592,0.0425453878598936,0.533101045296167,0.171281863194572,0.17201540436457
174273.411807,2555866.126422,0.0392156862745098,0.015026571376214,0.00256551218618288,0.65017408832692,0.21751878321422,0.0754993586219534
174773.411807,2555866.126422,0.262984033767664,0.129014498073041,0,0.222426133235456,0.16993943842907,0.21563589649477
175273.411807,2555866.126422,0.218595268659454,0.0258573262424354,0.0198056115899505,0.247570144874381,0.090408949202274,0.397762699431506
175773.411807,2555866.126422,0.163826278174821,0.0124610591900312,0.0124610591900312,0.510536925050394,0.114715044896463,0.185999633498259
176273.411807,2555866.126422,0.0627638098733713,0.0150486327766563,0.0124793540099101,0.673151036887502,0.205909341163516,0.0306478252890439
176773.411807,2555866.126422,0.0583165230148542,0.0498807995598753,0.00366770584999083,0.48817164863378,0.274894553456813,0.125068769484687
177273.411807,2555866.126422,0.0703683342495877,0.116730804471321,0,0.536008796041781,0.20065970313359,0.07623236210372
177773.411807,2555866.126422,0.115434024591668,0.131583776839787,0.000917599559552211,0.330519361350707,0.100385391815012,0.321159845843274
178273.411807,2555866.126422,0.0348432055749129,0.582798459563543,0,0.0757381258023107,0.145607922244636,0.161012286814597
178773.411807,2555866.126422,0.0302363936228697,0.653472603994869,0.00623052959501558,0.0395821880153931,0.117647058823529,0.152831225948323
179273.411807,2555866.126422,0.0451458983299688,0.437511469994494,0.00165167920719398,0.21985685446871,0.180216553496054,0.115617544503579
179773.411807,2555866.126422,0.0353933614524115,0.29616724738676,0.024390243902439,0.309370988446727,0.157161195672107,0.177516963139556
180273.411807,2555866.126422,0.104819497892615,0.20175920835624,0.000733003481766538,0.295766904892798,0.0892431739050761,0.307678211471504
180773.411807,2555866.126422,0.0159662323362085,0.101670031198385,0,0.108093228115251,0.133418975958892,0.640851532391264
181273.411807,2555866.126422,0.104529616724739,0.0717036493673207,0,0.25215477718687,0.122317990097194,0.449293966623877
181773.411807,2555866.126422,0.0892431739050761,0.0700018325087044,0,0.358438702583837,0.126443100604728,0.355873190397654
182273.411807,2555866.126422,0.04147550009176,0.127546338777757,0,0.448706184621031,0.199669664158561,0.18260231235089
182773.411807,2555866.126422,0.0515312671923712,0.145057766367137,0.00403447643498991,0.321107647166697,0.177700348432056,0.300568494406749
183273.411807,2555866.126422,0.0311526479750779,0.105735752244823,0,0.38904159794759,0.183983873923401,0.290086127909108
183773.411807,2555866.126422,0.0451458983299688,0.0811158010644155,0,0.498256560836851,0.133786015782712,0.241695723986052
184273.411807,2555866.126422,0.183018521914542,0.0410783055198973,0,0.294150009169265,0.115165963689712,0.366587199706584
184773.411807,2555866.126422,0.211471504489646,0.0602895363752978,0.0601062855048561,0.237309877221917,0.0811801356056441,0.349642660802639
185273.411807,2555866.126422,0.139842172875757,0.0405579005322077,0,0.0939621948981464,0.0394567810607451,0.686180950633144
185773.411807,2555866.126422,0.129886246122027,0.040124095139607,0,0.0237849017580145,0.0382626680455016,0.76794208893485
173273.411807,2555366.126422,0.0620672601384768,0.226261127596439,0.0190405539070228,0.305885262116716,0.143916913946588,0.242828882294758
173773.411807,2555366.126422,0.0339387268391121,0.020546688680976,0.0643918547055586,0.372959090075216,0.151715281599706,0.356448358099431
174273.411807,2555366.126422,0.0227106227106227,0.0173992673992674,0.00366300366300366,0.646153846153846,0.134615384615385,0.175457875457875
174773.411807,2555366.126422,0.155596330275229,0.0332110091743119,0.0377981651376147,0.225504587155963,0.333211009174312,0.214678899082569
175273.411807,2555366.126422,0.111355714547789,0.201064024949551,0,0.132269308383783,0.11704274445056,0.438268207668318
175773.411807,2555366.126422,0.155311355311355,0.102014652014652,0.028021978021978,0.387912087912088,0.154761904761905,0.171978021978022
176273.411807,2555366.126422,0.061651376146789,0.0403669724770642,0.0192660550458716,0.571559633027523,0.272293577981651,0.0348623853211009
176773.411807,2555366.126422,0.0416437350944781,0.0579710144927536,0.0232984773436067,0.61768482847184,0.216290588882774,0.0431113557145478
177273.411807,2555366.126422,0.0917582417582418,0.145238095238095,0.0836996336996337,0.347619047619048,0.181868131868132,0.14981684981685
177773.411807,2555366.126422,0.0680733944954128,0.205871559633028,0.00660550458715596,0.451559633027523,0.0990825688073395,0.168807339449541
178273.411807,2555366.126422,0.00330214639515685,0.599523023298477,0,0.090442120711796,0.181801504311136,0.124931205283434
178773.411807,2555366.126422,0.0606227106227106,0.477289377289377,0.00164835164835165,0.189377289377289,0.15970695970696,0.111355311355311
179273.411807,2555366.126422,0.0258715596330275,0.145321100917431,0,0.568807339449541,0.156146788990826,0.103853211009174
179773.411807,2555366.126422,0.0517336268574573,0.170243991928087,0,0.4336818932306,0.175564116675839,0.168776371308017
180273.411807,2555366.126422,0.0487179487179487,0.121428571428571,0.0043956043956044,0.649267399267399,0.0919413919413919,0.0842490842490843
180773.411807,2555366.126422,0.0548623853211009,0.407706422018349,0,0.102935779816514,0.175045871559633,0.259449541284404
181273.411807,2555366.126422,0.108053568152633,0.175931021830857,0,0.19977985690699,0.180700788846083,0.335534764263438
181773.411807,2555366.126422,0.173809523809524,0.187728937728938,0,0.149450549450549,0.144505494505494,0.344505494505495
182273.411807,2555366.126422,0.0427522935779817,0.28954128440367,0,0.181284403669725,0.190642201834862,0.295779816513761
182773.411807,2555366.126422,0.002568336085122,0.355898000366905,0,0.101632727939828,0.0961291506145661,0.443771784993579
183273.411807,2555366.126422,0.0206959706959707,0.179487179487179,0,0.103846153846154,0.115567765567766,0.58040293040293
183773.411807,2555366.126422,0.0691743119266055,0.0992660550458716,0,0.328807339449541,0.185504587155963,0.317247706422018
184273.411807,2555366.126422,0.287837094111172,0.00807191341038342,0,0.268391120895249,0.0843881856540084,0.351311685929187
184773.411807,2555366.126422,0.346886446886447,0.00274725274725275,0,0.214468864468864,0.0412087912087912,0.394688644688645
185273.411807,2555366.126422,0.25651376146789,0.0658715596330275,0.00844036697247706,0.280183486238532,0.0504587155963303,0.338532110091743
185773.411807,2555366.126422,0.195944547899855,0.0324849989654459,0,0.204220980757294,0.0331057314297538,0.534243740947652
173273.411807,2554866.126422,0.0695952615992103,0.0138203356367226,0.433366238894373,0.25888450148075,0.0984698914116486,0.125863770977295
173773.411807,2554866.126422,0.286080586080586,0.0181318681318681,0.0833333333333333,0.353663003663004,0.134065934065934,0.124725274725275
174273.411807,2554866.126422,0.12962962962963,0.0111844517785112,0,0.342500916758342,0.171433810047671,0.345251191785845
174773.411807,2554866.126422,0.116483516483516,0.100732600732601,0.109157509157509,0.412271062271062,0.222527472527473,0.0388278388278388
175273.411807,2554866.126422,0.0822344322344322,0.0243589743589744,0.017032967032967,0.610989010989011,0.0932234432234432,0.172161172161172
175773.411807,2554866.126422,0.0423542354235424,0.0412541254125413,0.163366336633663,0.493399339933993,0.110744407774111,0.148881554822149
176273.411807,2554866.126422,0.0935897435897436,0.0375457875457875,0.0454212454212454,0.606043956043956,0.184249084249084,0.0331501831501832
176773.411807,2554866.126422,0.0873626373626374,0.0470695970695971,0.0249084249084249,0.532234432234432,0.174725274725275,0.133699633699634
177273.411807,2554866.126422,0.0828749541620829,0.241474147414741,0.00275027502750275,0.382288228822882,0.136596993032637,0.154015401540154
177773.411807,2554866.126422,0.0291208791208791,0.273260073260073,0.00494505494505494,0.367765567765568,0.13003663003663,0.194871794871795
178273.411807,2554866.126422,0.0858974358974359,0.276373626373626,0.00952380952380952,0.33003663003663,0.140842490842491,0.157326007326007
178773.411807,2554866.126422,0.0229189585625229,0.057022368903557,0.0825082508250825,0.715988265493216,0.0441877521085442,0.0773744041070774
179273.411807,2554866.126422,0.0538461538461538,0.137728937728938,0.00238095238095238,0.509340659340659,0.160989010989011,0.135714285714286
179773.411807,2554866.126422,0.0516483516483516,0.115934065934066,0.000915750915750916,0.453663003663004,0.136813186813187,0.241025641025641
180273.411807,2554866.126422,0.0322698936560323,0.244774477447745,0,0.284561789512285,0.128162816281628,0.31023102310231
180773.411807,2554866.126422,0.013003663003663,0.413553113553114,0,0.0970695970695971,0.18992673992674,0.286446886446886
181273.411807,2554866.126422,0.0919413919413919,0.258241758241758,0,0.125457875457875,0.12985347985348,0.394505494505494
181773.411807,2554866.126422,0.0526219288595526,0.378621195452879,0,0.0304363769710304,0.134030069673634,0.404290429042904
182273.411807,2554866.126422,0.0157509157509158,0.245787545787546,0.000732600732600733,0.108424908424908,0.173076923076923,0.456227106227106
182773.411807,2554866.126422,0.0406593406593407,0.144688644688645,0,0.0778388278388278,0.086996336996337,0.64981684981685
183273.411807,2554866.126422,0.0375870920425376,0.217821782178218,0,0.0687568756875688,0.156582324899157,0.519251925192519
183773.411807,2554866.126422,0.0996336996336996,0.167032967032967,0,0.219230769230769,0.103846153846154,0.41025641025641
184273.411807,2554866.126422,0.113919413919414,0.0421245421245421,0,0.363919413919414,0.109157509157509,0.370879120879121
184773.411807,2554866.126422,0.332416574990832,0.026035936927026,0.000183351668500183,0.153648698203154,0.081958195819582,0.405757242390906
185273.411807,2554866.126422,0.417582417582418,0.0527472527472527,0,0.0815018315018315,0.0344322344322344,0.413736263736264
185773.411807,2554866.126422,0.286157024793388,0.0597107438016529,0,0.230371900826446,0.0776859504132231,0.346074380165289
173273.411807,2554366.126422,0.074147305981216,0.0328719723183391,0.0247157686604053,0.382105783489867,0.213297083539298,0.272862086010875
173773.411807,2554366.126422,0.088391710984779,0.0154043645699615,0.0467632495873831,0.51219512195122,0.14395745461214,0.193288098294517
174273.411807,2554366.126422,0.0333516584203775,0.0546087593916071,0.00403151914971596,0.809785596481583,0.0760491112332784,0.0221733553234378
174773.411807,2554366.126422,0.0541383740135805,0.0978161130482657,0.031932464672417,0.43971370893742,0.246650761607634,0.129748577720683
175273.411807,2554366.126422,0.122134604804695,0.137905739959655,0.0214560792224464,0.473134054648817,0.136255272327159,0.109114249037227
175773.411807,2554366.126422,0.0315191497159611,0.00714678394722375,0.0949239508887667,0.831042697452813,0.0296866410115448,0.00568077698369067
176273.411807,2554366.126422,0.15764360433107,0.0363369425582676,0.031932464672417,0.498256560836851,0.170673518076711,0.105156909524683
176773.411807,2554366.126422,0.0418118466898955,0.033192737942417,0.154227030992114,0.469099578213827,0.198606271777003,0.103062534384742
177273.411807,2554366.126422,0.0459959684808503,0.223932563679677,0.0419644493311343,0.394355873190398,0.166025288620121,0.127725856697819
177773.411807,2554366.126422,0.0102771150669848,0.115801064415489,0.000367039823820885,0.619379702697743,0.17838135437695,0.0757937236190127
178273.411807,2554366.126422,0.00623509994498441,0.443425637263891,0,0.268476068219329,0.18393544837704,0.0979277461947552
178773.411807,2554366.126422,0.0183250870441635,0.177203591717061,0.0260216236027121,0.633131757375847,0.102437236576874,0.0428807036833425
179273.411807,2554366.126422,0.0352358230868049,0.241879243897963,0.00752431638832813,0.528353826390163,0.106992108643788,0.0800146815929528
179773.411807,2554366.126422,0.0267742527049331,0.267192371171832,0.00165046763249587,0.376306620209059,0.182835136622043,0.145241151659637
180273.411807,2554366.126422,0.0359171706065604,0.0835623969213854,0.00164925783397471,0.66703316840755,0.144035184167125,0.0678028220634048
180773.411807,2554366.126422,0.0352358230868049,0.250504679757754,0.00789135621214902,0.237658285924023,0.160029363185906,0.308680491833364
181273.411807,2554366.126422,0.0744544287548139,0.351182835136622,0,0.166697230882083,0.105263157894737,0.302402347331744
181773.411807,2554366.126422,0.0186915887850467,0.413230712845886,0,0.0652373098772219,0.11544804837823,0.387392340113616
182273.411807,2554366.126422,0.0416590200036704,0.26133235456047,0,0.079647641769132,0.10387227014131,0.513488713525417
182773.411807,2554366.126422,0.0876581698147808,0.0742710434623143,0.0586832935998533,0.233266092059417,0.133687878232166,0.412433522831469
183273.411807,2554366.126422,0.0787978742899029,0.043613707165109,0,0.242807403335166,0.193329668315924,0.441451346893898
183773.411807,2554366.126422,0.0488162965681776,0.38190493668563,0,0.0288126261699394,0.143879610937787,0.396586529638466
184273.411807,2554366.126422,0.247386759581882,0.0368604437924078,0,0.0717036493673207,0.0680359435173299,0.57601320374106
184773.411807,2554366.126422,0.559098405717427,0.00989554700384827,0,0.0339014110317024,0.0364669232178853,0.360637713029137
185273.411807,2554366.126422,0.250137639933933,0.0622132501376399,0,0.114516425032116,0.0412919801798495,0.531840704716462
185773.411807,2554366.126422,0.336297828335057,0.131127197518097,0,0.0790072388831437,0.0692864529472596,0.384281282316443
173273.411807,2553866.126422,0.0880316518298714,0.0472304648862512,0,0.506923837784372,0.13946587537092,0.218348170128586
173773.411807,2553866.126422,0.0185287103283801,0.0952118877270226,0.0350394423041644,0.720234819299211,0.0689781691432765,0.0620069711979453
174273.411807,2553866.126422,0.0173992673992674,0.076007326007326,0,0.404761904761905,0.345421245421245,0.156410256410256
174773.411807,2553866.126422,0.0743119266055046,0.0269724770642202,0,0.625504587155963,0.13394495412844,0.139266055045872
175273.411807,2553866.126422,0.0632911392405063,0.39937626123647,0.00458631443771785,0.208585580627408,0.208585580627408,0.11557512383049
175773.411807,2553866.126422,0.0269230769230769,0.53040293040293,0,0.144505494505494,0.184798534798535,0.113369963369963
176273.411807,2553866.126422,0.103853211009174,0.086605504587156,0.00293577981651376,0.470091743119266,0.200366972477064,0.136146788990826
176773.411807,2553866.126422,0.0491652907723353,0.221427261053018,0.117593102183086,0.256283250779673,0.208035222894882,0.147495872317006
177273.411807,2553866.126422,0.0269230769230769,0.396886446886447,0,0.108424908424908,0.107142857142857,0.360622710622711
177773.411807,2553866.126422,0.0489908256880734,0.161467889908257,0.000917431192660551,0.356330275229358,0.103853211009174,0.328440366972477
178273.411807,2553866.126422,0.0403595670519171,0.32526141992295,0.00183452577508714,0.271693267290405,0.161805173362686,0.199046046596955
178773.411807,2553866.126422,0.0489010989010989,0.164835164835165,0.00769230769230769,0.524725274725275,0.168498168498169,0.0853479853479854
179273.411807,2553866.126422,0.00660550458715596,0.41394495412844,0,0.237247706422018,0.295963302752294,0.0462385321100917
179773.411807,2553866.126422,0.0143093010456797,0.261786828104935,0.00183452577508714,0.451843698403963,0.217758209502844,0.0524674371674922
180273.411807,2553866.126422,0.032967032967033,0.31043956043956,0,0.314835164835165,0.25,0.0917582417582418
180773.411807,2553866.126422,0.0152293577981651,0.478532110091743,0,0.207339449541284,0.164587155963303,0.134311926605505
181273.411807,2553866.126422,0.0623738763529628,0.253531462117043,0,0.162172078517703,0.152265639332233,0.369656943680059
181773.411807,2553866.126422,0.0347985347985348,0.0826007326007326,0,0.265750915750916,0.151465201465201,0.465384615384615
182273.411807,2553866.126422,0.171009174311927,0.135779816513761,0,0.131559633027523,0.096697247706422,0.464954128440367
182773.411807,2553866.126422,0.228948816730875,0.0427444505595304,0,0.113190240322877,0.0640249495505412,0.551091542836177
183273.411807,2553866.126422,0.217216117216117,0.0514652014652015,0.00183150183150183,0.0734432234432234,0.0424908424908425,0.613553113553114
183773.411807,2553866.126422,0.424036697247706,0.0809174311926606,0,0.0185321100917431,0.0326605504587156,0.443853211009174
184273.411807,2553866.126422,0.515685195376995,0.00421940928270042,0.000183452577508714,0.0506329113924051,0.0139423958906623,0.415336635479728
184773.411807,2553866.126422,0.443223443223443,0.232051282051282,0,0.0173992673992674,0.0108058608058608,0.296520146520147
185273.411807,2553866.126422,0.613211009174312,0.154495412844037,0,0.0295412844036697,0.0304587155963303,0.172293577981651
185773.411807,2553866.126422,0.576660459342024,0.000620732464307883,0,0.104696875646596,0.0297951582867784,0.288226774260294
173273.411807,2553366.126422,0.211994076999013,0.0153010858835143,0,0.309476801579467,0.155725567620928,0.307502467917078
173773.411807,2553366.126422,0.105677655677656,0.113736263736264,0,0.454395604395604,0.149267399267399,0.176923076923077
174273.411807,2553366.126422,0.0249358269160249,0.0152181884855152,0,0.703887055372204,0.150898423175651,0.105060506050605
174773.411807,2553366.126422,0.00989010989010989,0.293406593406593,0,0.334981684981685,0.301831501831502,0.0598901098901099
175273.411807,2553366.126422,0.0553113553113553,0.398901098901099,0,0.248534798534799,0.228388278388278,0.0688644688644689
175773.411807,2553366.126422,0.041987532086542,0.284928492849285,0.00128346167950128,0.251191785845251,0.278327832783278,0.142280894756142
176273.411807,2553366.126422,0.0206959706959707,0.351831501831502,0,0.263369963369963,0.180586080586081,0.183516483516484
176773.411807,2553366.126422,0.0155677655677656,0.206043956043956,0.0021978021978022,0.521245421245421,0.150549450549451,0.104395604395604
177273.411807,2553366.126422,0.0115511551155116,0.0511551155115512,0.0522552255225523,0.801063439677301,0.0764576457645765,0.00751741840850752
177773.411807,2553366.126422,0.00824175824175824,0.0265567765567766,0.107875457875458,0.782417582417582,0.0432234432234432,0.0316849816849817
178273.411807,2553366.126422,0.0115384615384615,0.00347985347985348,0.135531135531136,0.762454212454212,0.0501831501831502,0.0368131868131868
178773.411807,2553366.126422,0.0124679134580125,0.32984965163183,0.00531719838650532,0.339200586725339,0.178951228456179,0.134213421342134
179273.411807,2553366.126422,0.0236263736263736,0.465384615384615,0.0258241758241758,0.198534798534799,0.199084249084249,0.0875457875457875
179773.411807,2553366.126422,0.00787545787545788,0.492490842490843,0,0.145970695970696,0.258608058608059,0.0950549450549451
180273.411807,2553366.126422,0.0155848918225156,0.329116244957829,0.00458379171250458,0.274294096076274,0.246791345801247,0.12962962962963
180773.411807,2553366.126422,0.0142857142857143,0.417948717948718,0,0.190842490842491,0.223992673992674,0.152930402930403
181273.411807,2553366.126422,0.0838827838827839,0.161355311355311,0.00201465201465201,0.304945054945055,0.163919413919414,0.283882783882784
181773.411807,2553366.126422,0.141364136413641,0.101026769343601,0,0.226806013934727,0.158232489915658,0.372570590392373
182273.411807,2553366.126422,0.344322344322344,0.107692307692308,0,0.0576923076923077,0.047985347985348,0.442307692307692
182773.411807,2553366.126422,0.466117216117216,0.0406593406593407,0,0.0864468864468864,0.0756410256410256,0.331135531135531
183273.411807,2553366.126422,0.526402640264026,0.132013201320132,0,0.0141180784745141,0.0396039603960396,0.287862119545288
183773.411807,2553366.126422,0.455494505494505,0.112454212454212,0.000549450549450549,0.0227106227106227,0.0163003663003663,0.392490842490842
184273.411807,2553366.126422,0.313736263736264,0.00256410256410256,0,0.288278388278388,0.0655677655677656,0.32985347985348
184773.411807,2553366.126422,0.367986798679868,0.265676567656766,0,0.0135680234690136,0.0100843417675101,0.342684268426843
185273.411807,2553366.126422,0.363369963369963,0.40018315018315,0,0.0941391941391941,0.0578754578754579,0.0844322344322344
185773.411807,2553366.126422,0.193388429752066,0.0613636363636364,0,0.0925619834710744,0.0619834710743802,0.590702479338843
173273.411807,2552866.126422,0.162382600098863,0.0254572417202175,0,0.256549678695007,0.0951557093425606,0.460454770143351
173773.411807,2552866.126422,0.0544654318723638,0.0592334494773519,0.00843572345497891,0.302035576746745,0.143590684027141,0.432239134421419
174273.411807,2552866.126422,0.0256551218618288,0.337364852483049,0,0.167857797324537,0.16364302730438,0.305479201026205
174773.411807,2552866.126422,0.146448889704533,0.233804367773903,0.000183519911910442,0.197100385391815,0.170489998164801,0.251972839053037
175273.411807,2552866.126422,0.033192737942417,0.267742527049331,0,0.23198239501192,0.243352283146892,0.223730056849441
175773.411807,2552866.126422,0.0260216236027121,0.201942459226681,0.0179585853032802,0.380795308777717,0.210188748396555,0.163093274693055
176273.411807,2552866.126422,0.0783630023857589,0.1036887502294,0.00110111947146265,0.526335107359148,0.171958157460084,0.118553863094146
176773.411807,2552866.126422,0.0269576379974326,0.072803961122318,0.0053181734824867,0.719053731890702,0.110031175499725,0.0658353200073354
177273.411807,2552866.126422,0.0348176653839106,0.0472787245739417,0.0183250870441635,0.809235843870258,0.0751328568810702,0.0152098222466557
177773.411807,2552866.126422,0.0231235089007157,0.0172508717195816,0.0688199669664159,0.782528904386126,0.0833180400073408,0.0249587080198202
178273.411807,2552866.126422,0.0491472583898771,0.0280579497524299,0.00696864111498258,0.777920410783055,0.0970108197322575,0.0408949202273978
178773.411807,2552866.126422,0.0197910940076965,0.428990287703867,0,0.329668315924501,0.163826278174821,0.0577240241891149
179273.411807,2552866.126422,0.039823820884566,0.456781060745091,0,0.167370159662323,0.181501192879427,0.154523765828592
179773.411807,2552866.126422,0.0638180817898405,0.30790390610673,0.00146708233999633,0.237117183201907,0.20814230698698,0.181551439574546
180273.411807,2552866.126422,0.030602895363753,0.166758292101887,0.00934579439252336,0.483415796225032,0.222100054975261,0.087777166941543
180773.411807,2552866.126422,0.0486327766562672,0.0801982015048633,0.000734079647641769,0.560836850798312,0.135070655166086,0.174527436226831
181273.411807,2552866.126422,0.172382174949569,0.0759215110948102,0,0.326242435356684,0.109481019622226,0.31597285897671
181773.411807,2552866.126422,0.219351291918637,0.0879604178119846,0,0.205057724024189,0.0908924317390508,0.396738134506139
182273.411807,2552866.126422,0.156726004771518,0.241695723986052,0,0.0574417324279684,0.087538997981281,0.45659754083318
182773.411807,2552866.126422,0.0130203557674674,0.609389326975976,0,0.0326425820649184,0.0977443609022556,0.247203374289382
183273.411807,2552866.126422,0.229430089792927,0.145501191130658,0,0.0348176653839106,0.0590067802822063,0.531244273410299
183773.411807,2552866.126422,0.69719214534777,0.00917599559552211,0,0.0122958340979996,0.030280785465223,0.251055239493485
184273.411807,2552866.126422,0.562992847973593,0.0825233816247937,0,0.00770218228498074,0.0289748762149276,0.317806711901706
184773.411807,2552866.126422,0.197544438336082,0.181968114348543,0,0.222833058457028,0.0881436686824262,0.309510720175921
185273.411807,2552866.126422,0.357313268489631,0.076344283354744,0,0.310515690952468,0.100935951550743,0.154890805652413
185773.411807,2552866.126422,0.49100310237849,0.00455015511892451,0,0.148914167528438,0.0370217166494312,0.318510858324716
173273.411807,2552366.126422,0.124629080118694,0.112512363996044,0,0.256429277942631,0.125370919881306,0.381058358061325
173773.411807,2552366.126422,0.0339387268391121,0.234635846633645,0.00678774536782242,0.261603375527426,0.197761878554394,0.2652724270776
174273.411807,2552366.126422,0.0344322344322344,0.164285714285714,0,0.421062271062271,0.182967032967033,0.197252747252747
174773.411807,2552366.126422,0.112844036697248,0.231009174311927,0,0.163119266055046,0.152110091743119,0.340917431192661
175273.411807,2552366.126422,0.0926435516419006,0.100348559897267,0,0.263254448725005,0.176481379563383,0.367272060172445
175773.411807,2552366.126422,0.0282051282051282,0.422161172161172,0,0.0666666666666667,0.155860805860806,0.327106227106227
176273.411807,2552366.126422,0.0620183486238532,0.298715596330275,0.00018348623853211,0.246238532110092,0.134862385321101,0.257981651376147
176773.411807,2552366.126422,0.0343056319941295,0.348559897266557,0.00201797835259585,0.279398275545771,0.140524674371675,0.195193542469272
177273.411807,2552366.126422,0.0408424908424908,0.112820512820513,0.0435897435897436,0.573809523809524,0.147619047619048,0.0813186813186813
177773.411807,2552366.126422,0.0214678899082569,0.0108256880733945,0.106788990825688,0.758899082568807,0.0858715596330275,0.0161467889908257
178273.411807,2552366.126422,0.0820033021463952,0.185287103283801,0,0.379563382865529,0.137405980554027,0.215740231150248
178773.411807,2552366.126422,0.0620879120879121,0.437179487179487,0.000366300366300366,0.151831501831502,0.146886446886447,0.201648351648352
179273.411807,2552366.126422,0.0201834862385321,0.192844036697248,0,0.402385321100917,0.183119266055046,0.201467889908257
179773.411807,2552366.126422,0.080168776371308,0.323977251880389,0,0.119977985690699,0.160704457897633,0.315171528159971
180273.411807,2552366.126422,0.0836996336996337,0.393589743589744,0,0.167399267399267,0.24047619047619,0.114835164835165
180773.411807,2552366.126422,0.121651376146789,0.232844036697248,0,0.178715596330275,0.237247706422018,0.22954128440367
181273.411807,2552366.126422,0.0555861309851403,0.257017061089708,0,0.134470739313887,0.127682993946065,0.425243074665199
181773.411807,2552366.126422,0.132417582417582,0.138278388278388,0,0.203296703296703,0.136630036630037,0.389377289377289
182273.411807,2552366.126422,0.115779816513761,0.201284403669725,0,0.124220183486239,0.0955963302752294,0.463119266055046
182773.411807,2552366.126422,0.0963126031920749,0.427261053017795,0,0.0322876536415337,0.121812511465786,0.32232617868281
183273.411807,2552366.126422,0.310622710622711,0.0492673992673993,0,0.101831501831502,0.0732600732600733,0.465018315018315
183773.411807,2552366.126422,0.226605504587156,0.0607339449541284,0,0.0955963302752294,0.0508256880733945,0.566238532110092
