"x","y","forest","agri","water","built","other","grass"
263273.411807,2557866.126422,0.98040293040293,0.000915750915750916,0,0,0,0.0186813186813187
263773.411807,2557866.126422,0.866300366300366,0.01996336996337,0,0,0,0.113736263736264
264273.411807,2557866.126422,0.691602493582692,0.0319031903190319,0,0.000183351668500183,0.000183351668500183,0.276127612761276
264773.411807,2557866.126422,0.901282051282051,0.000366300366300366,0,0,0,0.0983516483516483
265273.411807,2557866.126422,0.778205128205128,0.00366300366300366,0,0.000183150183150183,0,0.217948717948718
265773.411807,2557866.126422,0.812797946461313,0.00733406674000733,0,0.000366703337000367,0.000366703337000367,0.179134580124679
266273.411807,2557866.126422,0.747619047619048,0.000915750915750916,0,0,0,0.251465201465201
266773.411807,2557866.126422,0.44029304029304,0.126556776556777,0,0.039010989010989,0.0362637362637363,0.357875457875458
267273.411807,2557866.126422,0.0133846718005134,0.693069306930693,0.137147048038137,0.0383204987165383,0.0122845617895123,0.105793912724606
267773.411807,2557866.126422,0,0.165750915750916,0.483150183150183,0.281135531135531,0.0135531135531136,0.0564102564102564
268273.411807,2557866.126422,0.0326007326007326,0.359340659340659,0.0835164835164835,0.458974358974359,0.0120879120879121,0.0534798534798535
268773.411807,2557866.126422,0.0764576457645765,0.196186285295196,0,0,0.000183351668500183,0.727172717271727
269273.411807,2557866.126422,0.0133699633699634,0,0,0,0,0.986630036630037
269773.411807,2557866.126422,0.0452380952380952,0,0,0,0,0.954761904761905
270273.411807,2557866.126422,0.133663366336634,0.0128346167950128,0.00146681334800147,0.00788412174550788,0.0115511551155116,0.832599926659333
270773.411807,2557866.126422,0.373809523809524,0.237912087912088,0,0.00659340659340659,0.017032967032967,0.364652014652015
271273.411807,2557866.126422,0.204945054945055,0.343040293040293,0.0010989010989011,0.0291208791208791,0.0307692307692308,0.391025641025641
271773.411807,2557866.126422,0.141180784745141,0.224972497249725,0.0451045104510451,0.153832049871654,0.081041437477081,0.353868720205354
272273.411807,2557866.126422,0.0606227106227106,0.133150183150183,0.191941391941392,0.362820512820513,0.0782051282051282,0.173260073260073
272773.411807,2557866.126422,0.0659340659340659,0.5496336996337,0.013003663003663,0.0661172161172161,0.0399267399267399,0.265384615384615
273273.411807,2557866.126422,0.0168683535020169,0.87953795379538,0.00366703337000367,0.0471213788045471,0.0135680234690136,0.0392372570590392
273773.411807,2557866.126422,0.268681318681319,0.179487179487179,0.00311355311355311,0.122344322344322,0.0750915750915751,0.351282051282051
274273.411807,2557866.126422,0.324542124542125,0.316117216117216,0,0.00805860805860806,0.0201465201465201,0.331135531135531
274773.411807,2557866.126422,0.518151815181518,0.12009534286762,0,0.00403373670700403,0.0066006600660066,0.351118445177851
275273.411807,2557866.126422,0.643772893772894,0.0322344322344322,0,0.00128205128205128,0.00421245421245421,0.318498168498168
263273.411807,2557366.126422,0.972655533125344,0,0,0,0,0.0273444668746559
263773.411807,2557366.126422,0.916926462497708,0,0,0,0,0.0830735375022923
264273.411807,2557366.126422,0.885284955103537,0,0,0,0,0.114715044896463
264773.411807,2557366.126422,0.907322444485227,0,0,0,0,0.0926775555147734
265273.411807,2557366.126422,0.84412250137539,0.00476801760498808,0,0,0,0.151109481019622
265773.411807,2557366.126422,0.811251603445116,0.013560564412681,0,0,0,0.175187832142203
266273.411807,2557366.126422,0.922371077261883,0.00165167920719398,0,0,0,0.0759772435309231
266773.411807,2557366.126422,0.582064918393545,0.0262240968274344,0,0.00788556757748029,0.00825233816247937,0.375573079039061
267273.411807,2557366.126422,0.122594832325454,0.319039765438886,0.00109950522264981,0.0822796408282939,0.0885101704233095,0.386476085761407
267773.411807,2557366.126422,0.140576252523399,0.544870618462103,0.00311983850247752,0.0227564690768948,0.0266103872270141,0.262066434208112
268273.411807,2557366.126422,0.0353933614524115,0.170181551439575,0.574362736108564,0.0880249403997799,0.0192554557124519,0.112781954887218
268773.411807,2557366.126422,0.0560747663551402,0.0357339197361187,0.361370716510903,0.298515667949423,0.00806303829943192,0.240241891148983
269273.411807,2557366.126422,0.109928427234355,0.000734079647641769,0,0.0144980730409249,0.00770783630023858,0.86713158377684
269773.411807,2557366.126422,0.165780304419586,0.00421786172748946,0,0.0168714469099578,0.0104529616724739,0.802677425270493
270273.411807,2557366.126422,0.25453545904343,0.0896096756459593,0,0.00934579439252336,0.017042330951072,0.629466739967015
270773.411807,2557366.126422,0.135804734813727,0.272343549275096,0.00220223894292531,0.0550559735731327,0.0458799779776106,0.488713525417508
271273.411807,2557366.126422,0.0680359435173299,0.626627544470933,0.00128369704749679,0.0225563909774436,0.0333761232349166,0.24812030075188
271773.411807,2557366.126422,0.119113065787062,0.23657687374015,0.0406816932380429,0.242990654205607,0.119662818398387,0.24097489463075
272273.411807,2557366.126422,0.0260598274912828,0.839236557166453,0.000367039823820885,0.0255092677555515,0.0167003119838502,0.092126995779042
272773.411807,2557366.126422,0.0566660553823583,0.421602787456446,0.178433889602054,0.00183385292499542,0.00476801760498808,0.336695397029158
273273.411807,2557366.126422,0.108118013560564,0.208905992303463,0.128825361920469,0.0148433205057724,0.015026571376214,0.524280740333517
273773.411807,2557366.126422,0.783262984033768,0.0034868783262984,0,0.00220223894292531,0.00458799779776106,0.206459900899248
274273.411807,2557366.126422,0.411516596368971,0.174032642582065,0.000183385292499542,0.00458463231248854,0.00715202640748212,0.402530717036494
274773.411807,2557366.126422,0.650723840938244,0.00164925783397471,0,0.00219901044529962,0.00366501740883269,0.341762873373649
275273.411807,2557366.126422,0.834832079280602,0.000917599559552211,0,0.0012846393833731,0.00311983850247752,0.159845843273995
263273.411807,2556866.126422,0.971743119266055,0,0,0,0,0.028256880733945
263773.411807,2556866.126422,0.946615299944964,0,0,0,0,0.0533847000550358
264273.411807,2556866.126422,0.973260073260073,0,0,0,0,0.0267399267399267
264773.411807,2556866.126422,0.871376146788991,0,0,0,0,0.128623853211009
265273.411807,2556866.126422,0.68336085121996,0.00348559897266557,0,0,0,0.313153549807375
265773.411807,2556866.126422,0.675274725274725,0.00567765567765568,0,0,0,0.319047619047619
266273.411807,2556866.126422,0.838348623853211,0.00605504587155963,0,0,0,0.155596330275229
266773.411807,2556866.126422,0.785543936892313,0.000366905155017428,0,0,0.000550357732526142,0.213538800220143
267273.411807,2556866.126422,0.855128205128205,0.00970695970695971,0,0,0,0.135164835164835
267773.411807,2556866.126422,0.77651376146789,0.0442201834862385,0.00110091743119266,0.00954128440366972,0.00660550458715596,0.162018348623853
268273.411807,2556866.126422,0.0236653824986241,0.786461199779857,0.00165107319757843,0.0194459732159237,0.0245826453861677,0.144193725921849
268773.411807,2556866.126422,0.026007326007326,0.0783882783882784,0.714285714285714,0.0624542124542125,0.0102564102564103,0.108608058608059
269273.411807,2556866.126422,0.0895412844036697,0.00972477064220183,0.196146788990826,0.37045871559633,0.0185321100917431,0.315596330275229
269773.411807,2556866.126422,0.16969363419556,0.00733810310034856,0,0.00110071546505228,0.00183452577508714,0.820033021463952
270273.411807,2556866.126422,0.177289377289377,0.0141025641025641,0,0,0.000183150183150183,0.808424908424908
270773.411807,2556866.126422,0.129174311926606,0.242018348623853,0.0332110091743119,0.0596330275229358,0.0460550458715596,0.489908256880734
271273.411807,2556866.126422,0.0414602825169694,0.640249495505412,0.0267840763162722,0.0752155567785727,0.0442120711796001,0.172078517703174
271773.411807,2556866.126422,0.032967032967033,0.780952380952381,0.0032967032967033,0.039010989010989,0.0234432234432234,0.12032967032967
272273.411807,2556866.126422,0.0036697247706422,0.97651376146789,0,0.00238532110091743,0.00128440366972477,0.0161467889908257
272773.411807,2556866.126422,0.0260502660062374,0.736378646119978,0,0.000183452577508714,0.00220143093010457,0.235186204366171
273273.411807,2556866.126422,0.336996336996337,0.168864468864469,0.00128205128205128,0.00769230769230769,0.0153846153846154,0.46978021978022
273773.411807,2556866.126422,0.400366972477064,0.0255045871559633,0.00073394495412844,0.00770642201834862,0.00880733944954129,0.556880733944954
274273.411807,2556866.126422,0.237387635296276,0.325077967345441,0,0.00110071546505228,0.00183452577508714,0.434599156118143
274773.411807,2556866.126422,0.6503663003663,0.126556776556777,0,0.000366300366300366,0.000732600732600733,0.221978021978022
275273.411807,2556866.126422,0.836146788990826,0,0,0,0,0.163853211009174
263273.411807,2556366.126422,0.961721611721612,0,0,0,0,0.0382783882783883
263773.411807,2556366.126422,0.949084249084249,0,0,0,0,0.0509157509157509
264273.411807,2556366.126422,0.963879721305464,0,0,0,0,0.0361202786945361
264773.411807,2556366.126422,0.978571428571429,0,0,0,0,0.0214285714285714
265273.411807,2556366.126422,0.845421245421245,0.00842490842490842,0,0,0,0.146153846153846
265773.411807,2556366.126422,0.84011734506784,0.00421708837550422,0,0,0,0.155665566556656
266273.411807,2556366.126422,0.913736263736264,0,0,0,0,0.0862637362637363
266773.411807,2556366.126422,0.837912087912088,0,0,0,0,0.162087912087912
267273.411807,2556366.126422,0.72002200220022,0.0287862119545288,0,0.00293362669600293,0.00476714338100477,0.243491015768244
267773.411807,2556366.126422,0.392490842490842,0.0714285714285714,0.000183150183150183,0.0293040293040293,0.0342490842490843,0.472344322344322
268273.411807,2556366.126422,0.0135531135531136,0.796703296703297,0.00183150183150183,0.0141025641025641,0.0274725274725275,0.146336996336996
268773.411807,2556366.126422,0.0374037403740374,0.747708104143748,0.0474880821415475,0.0429042904290429,0.00696736340300697,0.117528419508618
269273.411807,2556366.126422,0,0.0139194139194139,0.618131868131868,0.338644688644689,0.0206959706959707,0.00860805860805861
269773.411807,2556366.126422,0.300549450549451,0.0133699633699634,0.0010989010989011,0.157875457875458,0.0108058608058608,0.516300366300366
270273.411807,2556366.126422,0.244407774110744,0.0704070407040704,0.0044004400440044,0.132746607994133,0.0665566556655666,0.481481481481481
270773.411807,2556366.126422,0.148717948717949,0.36978021978022,0.00604395604395604,0.0992673992673993,0.0968864468864469,0.279304029304029
271273.411807,2556366.126422,0.0256410256410256,0.777838827838828,0.00238095238095238,0.0443223443223443,0.0265567765567766,0.123260073260073
271773.411807,2556366.126422,0.0137513751375138,0.905207187385405,0.000366703337000367,0.015034836817015,0.00935093509350935,0.0562889622295563
272273.411807,2556366.126422,0.000549450549450549,0.99010989010989,0,0.00128205128205128,0.00164835164835165,0.00641025641025641
272773.411807,2556366.126422,0.043040293040293,0.826556776556777,0,0.00622710622710623,0.0102564102564103,0.113919413919414
273273.411807,2556366.126422,0.34965163182985,0.138430509717638,0.0157682434910158,0.00275027502750275,0.00971763843050972,0.483681701503484
273773.411807,2556366.126422,0.517582417582418,0.155494505494505,0,0,0,0.326923076923077
274273.411807,2556366.126422,0.747985347985348,0.000366300366300366,0,0.000183150183150183,0.000732600732600733,0.250732600732601
274773.411807,2556366.126422,0.647964796479648,0.0821415474880821,0,0.000366703337000367,0.00201686835350202,0.267510084341767
275273.411807,2556366.126422,0.88003663003663,0.00256410256410256,0.000915750915750916,0,0.000366300366300366,0.116117216117216
263273.411807,2555866.126422,0.978711690218389,0.0012846393833731,0,0,0,0.0200036703982382
263773.411807,2555866.126422,0.954887218045113,0.000366770584999083,0,0,0,0.0447460113698881
264273.411807,2555866.126422,0.959135055891515,0.000183250870441635,0,0,0,0.0406816932380429
264773.411807,2555866.126422,0.964030097265553,0,0,0,0,0.0359699027344467
265273.411807,2555866.126422,0.973042362002567,0.00183385292499542,0,0,0,0.0251237850724372
265773.411807,2555866.126422,0.938977460142936,0,0,0,0,0.0610225398570643
266273.411807,2555866.126422,0.931547072857405,0,0,0,0,0.068452927142595
266773.411807,2555866.126422,0.885017421602787,0.000550155877498625,0,0,0,0.114432422519714
267273.411807,2555866.126422,0.893347993402969,0.00751328568810702,0,0,0,0.0991387209089243
267773.411807,2555866.126422,0.873554780693705,0,0,0,0,0.126445219306295
268273.411807,2555866.126422,0.0485971025123785,0.672290482303319,0.00275077938749312,0.0647350082523382,0.0364936732074088,0.175132954337062
268773.411807,2555866.126422,0.00183250870441635,0.987355689939527,0,0.00146600696353308,0.00274876305662452,0.00659703133589885
269273.411807,2555866.126422,0.011194714626537,0.234171407597724,0.0178014314553129,0.517342631675537,0.114883464855937,0.104606349788952
269773.411807,2555866.126422,0.0665688611773336,0.130570328259674,0.0275077938749312,0.654685494223363,0.0300751879699248,0.0905923344947735
270273.411807,2555866.126422,0.345427890782481,0.182334616089426,0.000366501740883269,0.0956569543705333,0.0568077698369067,0.319406267179769
270773.411807,2555866.126422,0.0133969535694623,0.856487428886034,0.00110111947146265,0.0267939071389246,0.0201871903101487,0.0820334006239677
271273.411807,2555866.126422,0.0330093526499175,0.74784522281313,0.0126535851824684,0.0665688611773336,0.0335595085274161,0.106363469649734
271773.411807,2555866.126422,0.0260216236027121,0.922484881803189,0.000733003481766538,0.00879604178119846,0.00439802089059923,0.0375664284405351
272273.411807,2555866.126422,0.00165167920719398,0.993026243347403,0,0.000367039823820885,0,0.00495503762158194
272773.411807,2555866.126422,0.176233266092059,0.358885017421603,0.00861910874747845,0.105629928479736,0.059600220062351,0.291032459196772
273273.411807,2555866.126422,0.568993952721275,0.0174088326919553,0.00696353307678211,0.000916254352208173,0.00219901044529962,0.403518416712479
273773.411807,2555866.126422,0.629289777940907,0.0141310332171041,0,0,0.00110111947146265,0.355478069370527
274273.411807,2555866.126422,0.495690445626261,0.0621676141573446,0,0.00165046763249587,0.0022006235099945,0.438290849073904
274773.411807,2555866.126422,0.822246655671614,0.0212571009712296,0,0,0.000733003481766538,0.155763239875389
275273.411807,2555866.126422,0.766562672049917,0.00330335841438796,0,0,0,0.230133969535695
263273.411807,2555366.126422,0.912477064220183,0.00825688073394495,0,0,0,0.0792660550458716
263773.411807,2555366.126422,0.971748303063658,0,0,0,0,0.028251696936342
264273.411807,2555366.126422,0.97032967032967,0.00622710622710623,0,0,0,0.0234432234432234
264773.411807,2555366.126422,0.96605504587156,0.00238532110091743,0,0,0,0.0315596330275229
265273.411807,2555366.126422,0.949367088607595,0.000550357732526142,0,0,0,0.0500825536598789
265773.411807,2555366.126422,0.947435897435897,0,0,0,0,0.0525641025641026
266273.411807,2555366.126422,0.844220183486239,0,0,0,0,0.155779816513761
266773.411807,2555366.126422,0.917629792698587,0,0,0,0,0.0823702073014126
267273.411807,2555366.126422,0.868681318681319,0.000915750915750916,0,0,0,0.13040293040293
267773.411807,2555366.126422,0.72697247706422,0.00477064220183486,0,0.00899082568807339,0.0165137614678899,0.242752293577982
268273.411807,2555366.126422,0.0915428361768483,0.462300495321959,0.00770500825536599,0.116859291873051,0.0728306732709595,0.248761695101816
268773.411807,2555366.126422,0.00366300366300366,0.969047619047619,0,0.00238095238095238,0.00256410256410256,0.0223443223443223
269273.411807,2555366.126422,0.00165137614678899,0.547522935779816,0.00330275229357798,0.253394495412844,0.0823853211009174,0.111743119266055
269773.411807,2555366.126422,0.000183452577508714,0.252981104384517,0.0566868464501926,0.46927169326729,0.0504494588148963,0.170427444505595
270273.411807,2555366.126422,0.00695970695970696,0.830586080586081,0.00476190476190476,0.0648351648351648,0.0241758241758242,0.0686813186813187
270773.411807,2555366.126422,0.0236697247706422,0.883669724770642,0.00385321100917431,0.0311926605504587,0.0144954128440367,0.0431192660550459
271273.411807,2555366.126422,0.0293524124013942,0.939460649422124,0,0.00091726288754357,0.000366905155017428,0.0299027701339204
271773.411807,2555366.126422,0,0.968315018315018,0,0.0102564102564103,0.000732600732600733,0.0206959706959707
272273.411807,2555366.126422,0.0427522935779817,0.886788990825688,0.00403669724770642,0.00807339449541284,0.00605504587155963,0.0522935779816514
272773.411807,2555366.126422,0.400660429279031,0.085305448541552,0.00293524124013942,0.0348559897266557,0.0344890845716382,0.441753806640983
273273.411807,2555366.126422,0.356227106227106,0.0796703296703297,0.000183150183150183,0.000549450549450549,0.00256410256410256,0.560805860805861
273773.411807,2555366.126422,0.359816513761468,0.240183486238532,0.00055045871559633,0.00256880733944954,0.00513761467889908,0.391743119266055
274273.411807,2555366.126422,0.449825720051367,0.0187121629058888,0,0.00146762062006971,0.00348559897266557,0.526508897450009
274773.411807,2555366.126422,0.696520146520146,0.0010989010989011,0,0,0,0.302380952380952
275273.411807,2555366.126422,0.873394495412844,0.00862385321100917,0,0.00018348623853211,0.00110091743119266,0.116697247706422
263273.411807,2554866.126422,0.976739926739927,0.00183150183150183,0,0,0,0.0214285714285714
263773.411807,2554866.126422,0.947435897435897,0.00750915750915751,0,0,0,0.0450549450549451
264273.411807,2554866.126422,0.981664833149982,0.000733406674000733,0,0,0,0.0176017601760176
264773.411807,2554866.126422,0.975641025641026,0.000732600732600733,0,0,0,0.0236263736263736
265273.411807,2554866.126422,0.947619047619048,0,0,0,0,0.0523809523809524
265773.411807,2554866.126422,0.898789878987899,0,0,0,0,0.101210121012101
266273.411807,2554866.126422,0.844139194139194,0,0,0,0,0.155860805860806
266773.411807,2554866.126422,0.848351648351648,0,0,0,0,0.151648351648352
267273.411807,2554866.126422,0.900990099009901,0.000366703337000367,0,0.000916758342500917,0.000916758342500917,0.0968096809680968
267773.411807,2554866.126422,0.651098901098901,0.0128205128205128,0.00201465201465201,0.056043956043956,0.0296703296703297,0.248351648351648
268273.411807,2554866.126422,0.0397435897435897,0.626007326007326,0.0032967032967033,0.0582417582417582,0.0567765567765568,0.215934065934066
268773.411807,2554866.126422,0.0245691235790246,0.855152181884855,0.00183351668500183,0.024019068573524,0.0168683535020169,0.0775577557755776
269273.411807,2554866.126422,0.0263736263736264,0.736080586080586,0.00622710622710623,0.0510989010989011,0.0353479853479853,0.144871794871795
269773.411807,2554866.126422,0.0205128205128205,0.175091575091575,0.186630036630037,0.381868131868132,0.0926739926739927,0.143223443223443
270273.411807,2554866.126422,0.0456545654565457,0.7000366703337,0.0832416574990832,0.0496883021635497,0.00953428676200953,0.111844517785112
270773.411807,2554866.126422,0.000915750915750916,0.976373626373626,0,0.00311355311355311,0.0010989010989011,0.0184981684981685
271273.411807,2554866.126422,0.000183150183150183,0.968498168498168,0,0.00879120879120879,0.00183150183150183,0.0206959706959707
271773.411807,2554866.126422,0.00183351668500183,0.991565823248992,0,0.00256692335900257,0.000733406674000733,0.0033003300330033
272273.411807,2554866.126422,0.112087912087912,0.506593406593407,0.00769230769230769,0.0668498168498168,0.0492673992673993,0.257509157509157
272773.411807,2554866.126422,0.472710622710623,0.0721611721611722,0.0250915750915751,0.0135531135531136,0.0214285714285714,0.395054945054945
273273.411807,2554866.126422,0.192152548588192,0.242390905757242,0.00421708837550422,0.00165016501650165,0.00421708837550422,0.555372203887055
273773.411807,2554866.126422,0.233516483516484,0.221062271062271,0.0135531135531136,0.00659340659340659,0.0194139194139194,0.505860805860806
274273.411807,2554866.126422,0.592490842490842,0.00183150183150183,0,0,0.000183150183150183,0.405494505494505
274773.411807,2554866.126422,0.65951595159516,0,0,0,0,0.34048404840484
275273.411807,2554866.126422,0.913186813186813,0.00567765567765568,0,0,0,0.0811355311355311
263273.411807,2554366.126422,0.902734446687466,0,0,0,0,0.0972655533125344
263773.411807,2554366.126422,0.980927929580048,0,0,0,0,0.0190720704199523
264273.411807,2554366.126422,0.973978376397288,0,0,0,0,0.0260216236027121
264773.411807,2554366.126422,0.977427050835016,0,0,0,0,0.0225729491649844
265273.411807,2554366.126422,0.952686594535118,0,0,0,0,0.0473134054648817
265773.411807,2554366.126422,0.855231812351109,0,0,0,0,0.144768187648891
266273.411807,2554366.126422,0.739401725087172,0,0,0,0,0.260598274912828
266773.411807,2554366.126422,0.790757381258023,0.0130203557674674,0,0,0,0.196222262974509
267273.411807,2554366.126422,0.747297049660986,0.00219901044529962,0,0.000366501740883269,0.00238226131574125,0.24775517683709
267773.411807,2554366.126422,0.330335841438796,0.510001835199119,0,0.000183519911910442,0.00110111947146265,0.158377683978712
268273.411807,2554366.126422,0.0284247203374289,0.690629011553273,0.00513478818998716,0.0713368787823217,0.037593984962406,0.166880616174583
268773.411807,2554366.126422,0.015026571376214,0.884368700751329,0.000733003481766538,0.0192413413963716,0.0188748396554884,0.0617555433388309
269273.411807,2554366.126422,0,0.98752064599009,0,0.000550559735731327,0.009543035419343,0.00238575885483575
269773.411807,2554366.126422,0.0761048963873097,0.181368054282047,0.191637630662021,0.142306986979644,0.0739042728773152,0.334678158811663
270273.411807,2554366.126422,0.0729338464357706,0.380245556166392,0.315191497159612,0.0617555433388309,0.0353674179952355,0.13450613890416
270773.411807,2554366.126422,0.0278950266103872,0.739585244999082,0,0.0601945311066251,0.00679023674068636,0.165534960543219
271273.411807,2554366.126422,0.00165046763249587,0.971025123785072,0,0,0.00110031175499725,0.0262240968274344
271773.411807,2554366.126422,0.0181418361737218,0.868975627634231,0.000366501740883269,0.0273043796958036,0.0155763239875389,0.0696353307678211
272273.411807,2554366.126422,0,0.966415856120389,0,0,0,0.0335841438796109
272773.411807,2554366.126422,0.0276911791674308,0.666055382358335,0.0022006235099945,0.01998899688245,0.0146708233999633,0.269392994681827
273273.411807,2554366.126422,0.314824995418728,0.273776800439802,0.00384826827927433,0.00916254352208173,0.0164925783397471,0.381894814000367
273773.411807,2554366.126422,0.831345200954304,0.0222059093411635,0.00220223894292531,0.000917599559552211,0.000367039823820885,0.142962011378235
274273.411807,2554366.126422,0.80396112231799,0.00110031175499725,0,0.00183385292499542,0.00403447643498991,0.189070236567027
274773.411807,2554366.126422,0.656404617921935,0.00494777350192413,0,0.00183250870441635,0.00934579439252336,0.327469305479201
275273.411807,2554366.126422,0.942741787483942,0.0278950266103872,0,0,0,0.0293631859056708
263273.411807,2553866.126422,0.969357798165138,0.00036697247706422,0,0,0,0.0302752293577982
263773.411807,2553866.126422,0.973582828838745,0,0,0,0,0.0264171711612548
264273.411807,2553866.126422,0.912271062271062,0,0,0,0,0.0877289377289377
264773.411807,2553866.126422,0.947706422018349,0,0,0,0,0.0522935779816514
265273.411807,2553866.126422,0.915428361768483,0,0,0,0,0.0845716382315172
265773.411807,2553866.126422,0.745787545787546,0,0,0,0,0.254212454212454
266273.411807,2553866.126422,0.819266055045872,0,0,0,0,0.180733944954128
266773.411807,2553866.126422,0.652357365620987,0.0377912309667951,0,0,0.00146762062006971,0.308383782792148
267273.411807,2553866.126422,0.779120879120879,0.00531135531135531,0,0.000366300366300366,0.000732600732600733,0.214468864468864
267773.411807,2553866.126422,0.00220183486238532,0.968990825688073,0,0,0.0128440366972477,0.0159633027522936
268273.411807,2553866.126422,0.0150431113557145,0.835076132819666,0.000550357732526142,0.0174279948633278,0.0187121629058888,0.113190240322877
268773.411807,2553866.126422,0.00750915750915751,0.927655677655678,0.00128205128205128,0.00970695970695971,0.00952380952380952,0.0443223443223443
269273.411807,2553866.126422,0.00165137614678899,0.98348623853211,0,0.00128440366972477,0.00642201834862385,0.00715596330275229
269773.411807,2553866.126422,0.0629242340854889,0.560447624289121,0.0431113557145478,0.0988809392771968,0.0484314804623005,0.186204366171345
270273.411807,2553866.126422,0.0384615384615385,0.232234432234432,0.517399267399267,0.0534798534798535,0.0168498168498168,0.141575091575092
270773.411807,2553866.126422,0.0787155963302752,0.748440366972477,0,0,0.00678899082568807,0.16605504587156
271273.411807,2553866.126422,0.0078884608328747,0.950467804072647,0,0,0.000550357732526142,0.0410933773619519
271773.411807,2553866.126422,0.0104395604395604,0.82032967032967,0,0.00842490842490842,0.00989010989010989,0.150915750915751
272273.411807,2553866.126422,0.0198165137614679,0.71045871559633,0.0036697247706422,0.0269724770642202,0.0236697247706422,0.215412844036697
272773.411807,2553866.126422,0.190790680609063,0.256099798202165,0.00403595670519171,0.0779673454412034,0.0390753990093561,0.432030820033021
273273.411807,2553866.126422,0.383333333333333,0.0315018315018315,0.00897435897435897,0.00494505494505494,0.00732600732600733,0.563919413919414
273773.411807,2553866.126422,0.847339449541284,0.00018348623853211,0,0.00018348623853211,0.00055045871559633,0.151743119266055
274273.411807,2553866.126422,0.909924784443221,0.000183452577508714,0,0,0,0.0898917629792699
274773.411807,2553866.126422,0.813369963369963,0,0,0,0,0.186630036630037
275273.411807,2553866.126422,0.933394495412844,0.0253211009174312,0,0,0,0.0412844036697248
263273.411807,2553366.126422,0.961172161172161,0.0108058608058608,0,0,0,0.028021978021978
263773.411807,2553366.126422,0.948534798534798,0,0,0,0,0.0514652014652015
264273.411807,2553366.126422,0.935826916024936,0,0,0,0,0.0641730839750642
264773.411807,2553366.126422,0.922893772893773,0,0,0,0,0.0771062271062271
265273.411807,2553366.126422,0.831318681318681,0,0,0,0,0.168681318681319
265773.411807,2553366.126422,0.868720205353869,0,0,0,0,0.131279794646131
266273.411807,2553366.126422,0.819230769230769,0,0,0,0,0.180769230769231
266773.411807,2553366.126422,0.418864468864469,0.043040293040293,0,0.00128205128205128,0.0043956043956044,0.532417582417582
267273.411807,2553366.126422,0.171800513384672,0.354968830216355,0,0.0121012101210121,0.0265859919325266,0.434543454345435
267773.411807,2553366.126422,0.00604395604395604,0.927106227106227,0.000732600732600733,0.0324175824175824,0.00695970695970696,0.0267399267399267
268273.411807,2553366.126422,0.0274725274725275,0.767032967032967,0.00769230769230769,0.0534798534798535,0.0245421245421245,0.11978021978022
268773.411807,2553366.126422,0.0106343967730106,0.952145214521452,0.00568390172350568,0.0117345067840117,0.00348368170150348,0.0163182984965163
269273.411807,2553366.126422,0.00164835164835165,0.986080586080586,0,0.00256410256410256,0.00586080586080586,0.00384615384615385
269773.411807,2553366.126422,0.0637362637362637,0.554578754578755,0.208424908424908,0.0534798534798535,0.00531135531135531,0.114468864468864
270273.411807,2553366.126422,0.0520718738540521,0.0357535753575358,0.520535386872021,0.227172717271727,0.00531719838650532,0.159149248258159
270773.411807,2553366.126422,0.304761904761905,0.108608058608059,0,0,0.000915750915750916,0.585714285714286
271273.411807,2553366.126422,0.0128205128205128,0.785164835164835,0,0.000366300366300366,0.0166666666666667,0.184981684981685
271773.411807,2553366.126422,0.0022002200220022,0.954528786211955,0,0.000183351668500183,0.000916758342500917,0.0421708837550422
272273.411807,2553366.126422,0.0146520146520147,0.728021978021978,0.026007326007326,0.0335164835164835,0.0163003663003663,0.181501831501831
272773.411807,2553366.126422,0.227838827838828,0.203479853479853,0.00128205128205128,0.0360805860805861,0.0404761904761905,0.490842490842491
273273.411807,2553366.126422,0.856618995232857,0,0,0,0,0.143381004767143
273773.411807,2553366.126422,0.789377289377289,0.000183150183150183,0,0,0.0010989010989011,0.209340659340659
274273.411807,2553366.126422,0.737545787545788,0.00164835164835165,0,0.000183150183150183,0.000915750915750916,0.25970695970696
274773.411807,2553366.126422,0.755958929226256,0.116428309497616,0,0,0,0.127612761276128
275273.411807,2553366.126422,0.96043956043956,0.0119047619047619,0,0,0,0.0276556776556777
263273.411807,2552866.126422,0.973573132684896,0.00275279867865663,0,0,0,0.0236740686364471
263773.411807,2552866.126422,0.929763432972676,0,0,0,0,0.0702365670273244
264273.411807,2552866.126422,0.896463258200476,0.0102620487447315,0,0,0,0.093274693054792
264773.411807,2552866.126422,0.915030280785465,0,0,0,0,0.0849697192145348
265273.411807,2552866.126422,0.873464148175316,0,0,0,0,0.126535851824684
265773.411807,2552866.126422,0.82059739783764,0.000183250870441635,0,0.00201575957485798,0.00274876305662452,0.174454828660436
266273.411807,2552866.126422,0.679390713892457,0.0322995044962378,0,0.00403743806202973,0.00238575885483575,0.281886584694439
266773.411807,2552866.126422,0.800660187052998,0.0315422703099211,0,0.000550155877498625,0.00403447643498991,0.163212910324592
267273.411807,2552866.126422,0.0139270661535642,0.872823895913506,0.000733003481766538,0.00714678394722375,0.00366501740883269,0.101704233095107
267773.411807,2552866.126422,0.0222059093411635,0.75518443751147,0.00146815929528354,0.0748761240594605,0.0403743806202973,0.105890989172325
268273.411807,2552866.126422,0.0370438290849074,0.765633596185586,0.00165046763249587,0.0348432055749129,0.0522648083623693,0.108564093159729
268773.411807,2552866.126422,0.01905809052593,0.913872090892432,0.0042147700201576,0.0232728605460876,0.00751328568810702,0.0320689023272861
269273.411807,2552866.126422,0,0.987704165902,0,0.00330335841438796,0.00568911726922371,0.00330335841438796
269773.411807,2552866.126422,0.0269576379974326,0.620209059233449,0.268659453511828,0.0128369704749679,0.0097194205024757,0.061617458279846
270273.411807,2552866.126422,0.00549752611324904,0.119479567527946,0.358255451713396,0.460875939160711,0.0196078431372549,0.0362836723474437
270773.411807,2552866.126422,0.348137272894109,0.00110111947146265,0,0.000550559735731327,0.00587263718113415,0.644338410717563
271273.411807,2552866.126422,0.0144874381074638,0.820832569227948,0,0.0022006235099945,0.00916926462497708,0.153310104529617
271773.411807,2552866.126422,0.0111783030969397,0.805754077331867,0,0.00384826827927433,0.0117280557082646,0.167491295583654
272273.411807,2552866.126422,0.0205542301339695,0.853000550559736,0,0.0106441548908057,0.00752431638832813,0.108276748027161
272773.411807,2552866.126422,0.298918026774253,0.339446176416651,0.000183385292499542,0.00513478818998716,0.0117366587199707,0.344580964606639
273273.411807,2552866.126422,0.742532527029503,0,0,0,0,0.257467472970497
273773.411807,2552866.126422,0.877408698843825,0,0,0,0,0.122591301156175
274273.411807,2552866.126422,0.871263524665322,0.000366770584999083,0,0.000183385292499542,0.000183385292499542,0.12800293416468
274773.411807,2552866.126422,0.797874289902877,0.105735752244823,0,0,0,0.0963899578522998
275273.411807,2552866.126422,0.951734263167554,0.0346852633510736,0,0,0.00183519911910442,0.0117452743622683
263273.411807,2552366.126422,0.918165137614679,0.00660550458715596,0,0.00036697247706422,0.000917431192660551,0.0739449541284404
263773.411807,2552366.126422,0.951751972115208,0.00293524124013942,0,0,0,0.0453127866446524
264273.411807,2552366.126422,0.923626373626374,0.00293040293040293,0,0,0.00146520146520147,0.071978021978022
264773.411807,2552366.126422,0.874128440366972,0.00036697247706422,0,0,0,0.125504587155963
265273.411807,2552366.126422,0.708860759493671,0.00110071546505228,0,0,0,0.290038525041277
265773.411807,2552366.126422,0.684981684981685,0.000183150183150183,0,0.000732600732600733,0.00274725274725275,0.311355311355311
266273.411807,2552366.126422,0.37045871559633,0.0658715596330275,0,0.00256880733944954,0.00623853211009174,0.554862385321101
266773.411807,2552366.126422,0.207668317739864,0.327095945698037,0,0.00458631443771785,0.0159603742432581,0.444689047881123
267273.411807,2552366.126422,0.0184981684981685,0.8003663003663,0,0.00146520146520147,0.00146520146520147,0.178205128205128
267773.411807,2552366.126422,0.0471559633027523,0.658715596330275,0.00954128440366972,0.112477064220183,0.0614678899082569,0.110642201834862
268273.411807,2552366.126422,0.0838378279214823,0.514034122179417,0.00623738763529628,0.120895248578243,0.0810860392588516,0.193909374426711
268773.411807,2552366.126422,0.0131868131868132,0.881501831501831,0,0.0128205128205128,0.0106227106227106,0.0818681318681319
269273.411807,2552366.126422,0,0.979449541284404,0,0.0128440366972477,0.00458715596330275,0.00311926605504587
269773.411807,2552366.126422,0.0300862227114291,0.577508713997432,0.284534947716015,0.0304531278664465,0.019262520638415,0.0581544670702623
270273.411807,2552366.126422,0.00879120879120879,0.08003663003663,0.501465201465201,0.334615384615385,0.0567765567765568,0.0183150183150183
270773.411807,2552366.126422,0.0478899082568807,0.0403669724770642,0,0.248073394495413,0.123669724770642,0.54
271273.411807,2552366.126422,0.0201797835259585,0.623555310952119,0,0.0412768299394606,0.00953953403045313,0.305448541552009
271773.411807,2552366.126422,0.0258241758241758,0.697435897435897,0.0163003663003663,0.0271062271062271,0.0360805860805861,0.197252747252747
272273.411807,2552366.126422,0.19302752293578,0.384403669724771,0.00055045871559633,0.0231192660550459,0.0310091743119266,0.367889908256881
272773.411807,2552366.126422,0.580077050082554,0.0423775454045129,0,0.00165107319757843,0.002568336085122,0.373325995230233
273273.411807,2552366.126422,0.872344322344322,0.000183150183150183,0,0.000366300366300366,0.000549450549450549,0.126556776556777
273773.411807,2552366.126422,0.801651376146789,0.00165137614678899,0,0.00073394495412844,0.00036697247706422,0.195596330275229
274273.411807,2552366.126422,0.791964777105118,0.0454962392221611,0,0,0,0.162538983672721
274773.411807,2552366.126422,0.879304029304029,0.0351648351648352,0,0,0,0.0855311355311355
275273.411807,2552366.126422,0.942201834862385,0.0137614678899083,0,0,0,0.0440366972477064
263273.411807,2551866.126422,0.990476190476191,0,0,0,0,0.00952380952380952
263773.411807,2551866.126422,0.896520146520147,0.000549450549450549,0,0,0,0.102930402930403
264273.411807,2551866.126422,0.759442610927759,0,0,0,0,0.240557389072241
264773.411807,2551866.126422,0.770695970695971,0.0021978021978022,0,0.00549450549450549,0.00915750915750916,0.212454212454212
265273.411807,2551866.126422,0.676739926739927,0.00274725274725275,0,0,0.00183150183150183,0.318681318681319
265773.411807,2551866.126422,0.588925559222589,0.00733406674000733,0,0.00843417675100843,0.0139347268060139,0.381371470480381
266273.411807,2551866.126422,0.498168498168498,0.0355311355311355,0,0.00860805860805861,0.0153846153846154,0.442307692307692
266773.411807,2551866.126422,0.210805860805861,0.273992673992674,0.000732600732600733,0.013003663003663,0.0252747252747253,0.476190476190476
267273.411807,2551866.126422,0.0143014301430143,0.840850751741841,0,0.00861752841950862,0.0033003300330033,0.132929959662633
267773.411807,2551866.126422,0.0380952380952381,0.801648351648352,0.00366300366300366,0.0604395604395604,0.0313186813186813,0.0648351648351648
268273.411807,2551866.126422,0.0137362637362637,0.858241758241758,0.0250915750915751,0.0228937728937729,0.013003663003663,0.067032967032967
268773.411807,2551866.126422,0.0212687935460213,0.798313164649798,0.0124679134580125,0.0542720938760543,0.0152181884855152,0.0984598459845985
269273.411807,2551866.126422,0.0010989010989011,0.957692307692308,0.00311355311355311,0.00842490842490842,0.0128205128205128,0.0168498168498168
269773.411807,2551866.126422,0.0353479853479853,0.458241758241758,0.328571428571429,0.0293040293040293,0.0287545787545788,0.11978021978022
270273.411807,2551866.126422,0,0.0595892922625596,0.589292262559589,0.303447011367803,0.0416208287495416,0.00605060506050605
270773.411807,2551866.126422,0.00787545787545788,0.27967032967033,0.0177655677655678,0.351282051282051,0.0736263736263736,0.26978021978022
271273.411807,2551866.126422,0.00622710622710623,0.619413919413919,0.00384615384615385,0.0258241758241758,0.0476190476190476,0.297069597069597
271773.411807,2551866.126422,0.34011734506784,0.203520352035204,0.00165016501650165,0.00623395672900623,0.00678401173450678,0.441694169416942
272273.411807,2551866.126422,0.579304029304029,0.0879120879120879,0,0.0142857142857143,0.0164835164835165,0.302014652014652
272773.411807,2551866.126422,0.770695970695971,0.00622710622710623,0,0,0.000549450549450549,0.222527472527473
273273.411807,2551866.126422,0.647048038137147,0.00183351668500183,0,0,0.000183351668500183,0.350935093509351
273773.411807,2551866.126422,0.393589743589744,0.0558608058608059,0,0.00549450549450549,0.0126373626373626,0.532417582417582
274273.411807,2551866.126422,0.736813186813187,0.0217948717948718,0,0.000366300366300366,0.00366300366300366,0.237362637362637
274773.411807,2551866.126422,0.84965163182985,0.0636230289695636,0,0,0.000366703337000367,0.0863586358635864
275273.411807,2551866.126422,0.930952380952381,0.0358974358974359,0,0,0,0.0331501831501832
263273.411807,2551366.126422,0.973573132684896,0,0,0,0,0.0264268673151037
263773.411807,2551366.126422,0.933797909407665,0,0,0,0,0.0662020905923345
264273.411807,2551366.126422,0.859996334982591,0,0,0,0,0.140003665017409
264773.411807,2551366.126422,0.726555331253441,0,0,0,0,0.273444668746559
265273.411807,2551366.126422,0.555657436273611,0.0214560792224464,0,0,0,0.422886484503943
265773.411807,2551366.126422,0.720359171706066,0.00604727872457394,0,0,0,0.27359354956936
266273.411807,2551366.126422,0.776472747293081,0.00550559735731327,0,0.00880895577170123,0.00972655533125344,0.199486144246651
266773.411807,2551366.126422,0.0993948285347515,0.673207408765817,0,0.0106363469649734,0.0133871263524665,0.203374289381992
267273.411807,2551366.126422,0.040131940626718,0.662085394905626,0,0.015026571376214,0.0366501740883269,0.246105919003115
267773.411807,2551366.126422,0.0196366305744173,0.766929711873738,0.0251422279317306,0.00770783630023858,0.0113782345384474,0.169205358781428
268273.411807,2551366.126422,0.0117366587199707,0.874197689345314,0.000916926462497708,0.00550155877498625,0.00550155877498625,0.102145607922245
268773.411807,2551366.126422,0.00513102437236577,0.949239508887667,0,0,0.00623052959501558,0.0393989371449514
269273.411807,2551366.126422,0.000734079647641769,0.958157460084419,0,0.009543035419343,0.0108276748027161,0.02073775004588
269773.411807,2551366.126422,0.00733541169998166,0.448377040161379,0.320557491289199,0.0441958554923895,0.0473134054648817,0.132220795892169
270273.411807,2551366.126422,0,0.013560564412681,0.826461425691772,0.154113982041415,0.0053142752428074,0.000549752611324904
270773.411807,2551366.126422,0.0552394934850431,0.422279317305928,0.0172508717195816,0.288309781611305,0.109010827674803,0.10790970820334
271273.411807,2551366.126422,0.177150192554557,0.324408582431689,0,0.00238400880249404,0.00513478818998716,0.490922428021273
271773.411807,2551366.126422,0.728971962616822,0,0,0,0,0.271028037383178
272273.411807,2551366.126422,0.898513488713525,0,0,0,0,0.101486511286475
272773.411807,2551366.126422,0.786539519530534,0.000366770584999083,0,0.000550155877498625,0.00128369704749679,0.211259856959472
273273.411807,2551366.126422,0.427707531610775,0.00109950522264981,0,0.000183250870441635,0.000733003481766538,0.570276708814367
273773.411807,2551366.126422,0.565424848596073,0.0135804734813727,0,0.00201871903101487,0.00770783630023858,0.411268122591301
274273.411807,2551366.126422,0.527232715936182,0.0654685494223363,0,0.0022006235099945,0.00275077938749312,0.402347331743994
