"x","y","forest","agri","water","built","other","grass"
173773.411807,2613366.126422,0.0490842490842491,0.643772893772894,0.00824175824175824,0.00750915750915751,0.0386446886446886,0.252747252747253
174273.411807,2613366.126422,0.0528052805280528,0.644847818115145,0,0.0544554455445545,0.0636230289695636,0.184268426842684
174773.411807,2613366.126422,0.0978021978021978,0.278754578754579,0.000183150183150183,0.278021978021978,0.145970695970696,0.199267399267399
175273.411807,2613366.126422,0.0195970695970696,0.558424908424908,0,0.0210622710622711,0.0736263736263736,0.327289377289377
175773.411807,2613366.126422,0.0592225889255592,0.468280161349468,0,0.0650898423175651,0.103410341034103,0.303997066373304
176273.411807,2613366.126422,0.0637362637362637,0.147069597069597,0.00659340659340659,0.443223443223443,0.13974358974359,0.1996336996337
176773.411807,2613366.126422,0.0032967032967033,0.323809523809524,0,0.377289377289377,0.185347985347985,0.11025641025641
177273.411807,2613366.126422,0.0363036303630363,0.881371470480381,0,0.0122845617895123,0.0126512651265127,0.0573890722405574
177773.411807,2613366.126422,0.01996336996337,0.573626373626374,0,0.0384615384615385,0.113369963369963,0.254578754578755
178273.411807,2613366.126422,0.0738095238095238,0.606776556776557,0,0.0227106227106227,0.0836996336996337,0.213003663003663
178773.411807,2613366.126422,0.0579391272460579,0.542720938760543,0,0.0971763843050972,0.0968096809680968,0.205353868720205
179273.411807,2613366.126422,0.0521978021978022,0.335714285714286,0.000366300366300366,0.341208791208791,0.15989010989011,0.110622710622711
179773.411807,2613366.126422,0.0194139194139194,0.767032967032967,0.000366300366300366,0.0745421245421245,0.0152014652014652,0.123443223443223
180273.411807,2613366.126422,0.0473047304730473,0.634396773010634,0,0.155482214888155,0.0847084708470847,0.0781078107810781
180773.411807,2613366.126422,0.119047619047619,0.441391941391941,0.0289377289377289,0.303479853479853,0.0620879120879121,0.0450549450549451
181273.411807,2613366.126422,0.127655677655678,0.644139194139194,0.0249084249084249,0.0509157509157509,0.0663003663003663,0.0860805860805861
181773.411807,2613366.126422,0.0232856618995233,0.823982398239824,0,0.0355702236890356,0.0456545654565457,0.0715071507150715
182273.411807,2613366.126422,0.0924908424908425,0.548901098901099,0.00164835164835165,0.136080586080586,0.0727106227106227,0.148168498168498
182773.411807,2613366.126422,0.00897435897435897,0.697252747252747,0,0.103113553113553,0.0899267399267399,0.100732600732601
183273.411807,2613366.126422,0.015034836817015,0.957095709570957,0,0.0221855518885222,0.00476714338100477,0.000916758342500917
183773.411807,2613366.126422,0.0296703296703297,0.562271062271062,0,0.136630036630037,0.119413919413919,0.152014652014652
184273.411807,2613366.126422,0.0617216117216117,0.408424908424908,0,0.0835164835164835,0.129304029304029,0.317032967032967
184773.411807,2613366.126422,0.0467546754675468,0.330766409974331,0,0.243307664099743,0.163182984965163,0.215988265493216
185273.411807,2613366.126422,0.0135531135531136,0.627289377289377,0,0.0463369963369963,0.100915750915751,0.211904761904762
185773.411807,2613366.126422,0.00586080586080586,0.613369963369963,0,0.0723443223443224,0.101831501831502,0.206593406593407
173773.411807,2612866.126422,0.101412066752246,0.509994498441225,0.0053181734824867,0.108564093159729,0.0889418668622776,0.185769301302036
174273.411807,2612866.126422,0.0185083379146051,0.731903976543889,0,0.0252886201209456,0.0375664284405351,0.186732636980026
174773.411807,2612866.126422,0.0315654248485961,0.56028629106258,0,0.0385391815011929,0.0701046063497889,0.299504496237842
175273.411807,2612866.126422,0.0154043645699615,0.723088208325692,0,0.015587749862461,0.0335595085274161,0.212360168714469
175773.411807,2612866.126422,0.100787978742899,0.305112699285322,0,0.339563862928349,0.164009529045263,0.0905259299981675
176273.411807,2612866.126422,0.07469260414755,0.512571113965865,0.000550559735731327,0.135254175077996,0.0943292347219673,0.18260231235089
176773.411807,2612866.126422,0.0190720704199523,0.955437373922611,0,0.0254905556574363,0,0
177273.411807,2612866.126422,0.00824628916987356,0.927432655305113,0.00769653655854865,0.0525929998167491,0.00384826827927433,0.000183250870441635
177773.411807,2612866.126422,0.036520462470178,0.768948430904753,0,0.0743255643237291,0.0557900532207745,0.0644154890805652
178273.411807,2612866.126422,0.0100861910874748,0.700898587933248,0,0.0341096644049147,0.0632679259123418,0.191637630662021
178773.411807,2612866.126422,0.00586402785413231,0.736668499175371,0,0.0503939893714495,0.0542422576507238,0.152831225948323
179273.411807,2612866.126422,0.036520462470178,0.718296935217471,0.000917599559552211,0.0645990089924757,0.0568911726922371,0.122774821068086
179773.411807,2612866.126422,0.108930863744728,0.474784522281313,0.0410783055198973,0.10416284613974,0.0737208875848157,0.197322574729507
180273.411807,2612866.126422,0.114898295766905,0.700934579439252,0.00348176653839106,0.0518599963349826,0.0500274876305662,0.0787978742899029
180773.411807,2612866.126422,0.0642319691686548,0.894292530739585,0,0.0313819049366856,0.00495503762158194,0.00513855753349238
181273.411807,2612866.126422,0.0667522464698331,0.668256005868329,0.00715202640748212,0.0762882816798093,0.0359435173299101,0.145607922244636
181773.411807,2612866.126422,0.0756826094923951,0.462525196994686,0.00458127176104087,0.175554333883086,0.11214953271028,0.169507055158512
182273.411807,2612866.126422,0.209212699577904,0.37768397871169,0.00587263718113415,0.175812075610204,0.109561387410534,0.121857221508534
182773.411807,2612866.126422,0.0834403080872914,0.511278195488722,0,0.145057766367137,0.110581331377224,0.149642398679626
183273.411807,2612866.126422,0.103536741799524,0.706615356422943,0,0.0604727872457394,0.0650540590067803,0.0643210555250137
183773.411807,2612866.126422,0.0614791704899982,0.440814828408882,0.00367039823820885,0.176913195081666,0.161314002569279,0.155808405211966
184273.411807,2612866.126422,0.0445626260773886,0.686594535118283,0,0.039611223179901,0.0564826700898588,0.172748945534568
184773.411807,2612866.126422,0.0296866410115448,0.459409932197178,0,0.164559281656588,0.128092358438703,0.218251786695987
185273.411807,2612866.126422,0.0205542301339695,0.540833180400073,0,0.0205542301339695,0.0803817214167737,0.337676637915214
185773.411807,2612866.126422,0.0265908674124335,0.620575829818449,0,0.148542086924629,0.0871080139372822,0.117183201907207
173773.411807,2612366.126422,0.0352228948816731,0.600073381031003,0,0.0944780774169877,0.0722803155384333,0.197945331131902
174273.411807,2612366.126422,0.0445054945054945,0.665201465201465,0,0.0236263736263736,0.0677655677655678,0.198901098901099
174773.411807,2612366.126422,0.0471559633027523,0.505871559633028,0,0.096697247706422,0.0856880733944954,0.264587155963303
175273.411807,2612366.126422,0.0176114474408365,0.699871583195744,0,0.0396257567418822,0.0528343423225096,0.190056870299028
175773.411807,2612366.126422,0.0234432234432234,0.63974358974359,0,0.0454212454212454,0.0716117216117216,0.21978021978022
176273.411807,2612366.126422,0.0462385321100917,0.673394495412844,0,0.0269724770642202,0.058348623853211,0.195045871559633
176773.411807,2612366.126422,0.020546688680976,0.703724087323427,0,0.062190423775454,0.0731975784259769,0.140341221794166
177273.411807,2612366.126422,0.0604395604395604,0.447069597069597,0.000183150183150183,0.20952380952381,0.163919413919414,0.118864468864469
177773.411807,2612366.126422,0.0792660550458716,0.18605504587156,0.00018348623853211,0.367889908256881,0.196146788990826,0.17045871559633
178273.411807,2612366.126422,0.0335718216840947,0.366905155017428,0,0.182718767198679,0.147495872317006,0.269308383782792
178773.411807,2612366.126422,0.0358974358974359,0.525457875457875,0,0.0917582417582418,0.109157509157509,0.237728937728938
179273.411807,2612366.126422,0.0394495412844037,0.624587155963303,0,0.0722935779816514,0.114862385321101,0.148807339449541
179773.411807,2612366.126422,0.176481379563383,0.315354980737479,0.011557512383049,0.0484314804623005,0.0508163639699138,0.397358282883875
180273.411807,2612366.126422,0.0384615384615385,0.777838827838828,0,0.0490842490842491,0.0457875457875458,0.0888278388278388
180773.411807,2612366.126422,0.013394495412844,0.849908256880734,0,0.00238532110091743,0.0154128440366972,0.118899082568807
181273.411807,2612366.126422,0.0996147495872317,0.6063107686663,0.00348559897266557,0.0225646670335718,0.0631076866629976,0.204916529077234
181773.411807,2612366.126422,0.0717948717948718,0.27967032967033,0.0304029304029304,0.422893772893773,0.108791208791209,0.0864468864468864
182273.411807,2612366.126422,0.0770642201834862,0.630825688073394,0,0.0499082568807339,0.0877064220183486,0.154495412844037
182773.411807,2612366.126422,0.0247660979636764,0.848468170977802,0,0.0216474041460283,0.0196294257934324,0.0854889011190607
183273.411807,2612366.126422,0.0358974358974359,0.868681318681319,0,0.0206959706959707,0.0139194139194139,0.0608058608058608
183773.411807,2612366.126422,0.0154128440366972,0.625137614678899,0,0.0590825688073394,0.0559633027522936,0.244403669724771
184273.411807,2612366.126422,0.00385250412768299,0.667767382131719,0,0.0133920381581361,0.0355898000366905,0.279398275545771
184773.411807,2612366.126422,0.00512820512820513,0.693589743589744,0,0.0195970695970696,0.0353479853479853,0.246336996336996
185273.411807,2612366.126422,0.00477064220183486,0.595045871559633,0,0.0343119266055046,0.0304587155963303,0.335412844036697
185773.411807,2612366.126422,0.030820033021464,0.725188038891946,0.00733810310034856,0.0928270042194093,0.0475142175747569,0.0963126031920749
173773.411807,2611866.126422,0.0131868131868132,0.851831501831502,0,0.000549450549450549,0.00659340659340659,0.127838827838828
174273.411807,2611866.126422,0.0427209387605427,0.701136780344701,0,0.0584891822515585,0.083975064173084,0.113678034470114
174773.411807,2611866.126422,0.0774725274725275,0.418864468864469,0,0.136263736263736,0.146336996336996,0.221062271062271
175273.411807,2611866.126422,0.0934065934065934,0.397619047619048,0.000183150183150183,0.147985347985348,0.124175824175824,0.236630036630037
175773.411807,2611866.126422,0.0359369270260359,0.616611661166117,0,0.041987532086542,0.0487715438210488,0.256692335900257
176273.411807,2611866.126422,0.0263736263736264,0.702747252747253,0,0.0503663003663004,0.0503663003663004,0.17014652014652
176773.411807,2611866.126422,0.00934065934065934,0.710622710622711,0,0.0249084249084249,0.0393772893772894,0.215750915750916
177273.411807,2611866.126422,0.0808580858085809,0.509350935093509,0,0.0702236890355702,0.121928859552622,0.217638430509718
177773.411807,2611866.126422,0.0146520146520147,0.785347985347985,0,0.0144688644688645,0.0457875457875458,0.13974358974359
178273.411807,2611866.126422,0.028021978021978,0.608608058608059,0.000183150183150183,0.0749084249084249,0.0990842490842491,0.189194139194139
178773.411807,2611866.126422,0.00788412174550788,0.794279427942794,0,0.0456545654565457,0.0194352768610194,0.132746607994133
179273.411807,2611866.126422,0.0639194139194139,0.89047619047619,0,0.00274725274725275,0.00641025641025641,0.0364468864468864
179773.411807,2611866.126422,0.13003663003663,0.772344322344322,0,0.0232600732600733,0.0201465201465201,0.0542124542124542
180273.411807,2611866.126422,0,0.861202786945361,0,0.00055005500550055,0.00366703337000367,0.134580124679135
180773.411807,2611866.126422,0.015018315018315,0.834615384615385,0,0.0194139194139194,0.0177655677655678,0.113186813186813
181273.411807,2611866.126422,0.105677655677656,0.239194139194139,0.000732600732600733,0.232600732600733,0.172893772893773,0.248901098901099
181773.411807,2611866.126422,0.0605060506050605,0.347451411807847,0.00128346167950128,0.363036303630363,0.127062706270627,0.100660066006601
182273.411807,2611866.126422,0.21025641025641,0.467032967032967,0,0.0692307692307692,0.058974358974359,0.194505494505495
182773.411807,2611866.126422,0.0371794871794872,0.739377289377289,0,0.0175824175824176,0.032051282051282,0.173809523809524
183273.411807,2611866.126422,0.0617895122845618,0.637697103043638,0,0.0623395672900623,0.0999266593325999,0.138247158049138
183773.411807,2611866.126422,0.0847985347985348,0.605860805860806,0,0.0426739926739927,0.0765567765567766,0.19010989010989
184273.411807,2611866.126422,0.028021978021978,0.607692307692308,0.0549450549450549,0.0628205128205128,0.0771062271062271,0.169413919413919
184773.411807,2611866.126422,0.0223689035570224,0.867436743674367,0,0.0122845617895123,0.0148514851485149,0.0830583058305831
185273.411807,2611866.126422,0.0311355311355311,0.574908424908425,0.00274725274725275,0.0767399267399267,0.0661172161172161,0.248351648351648
185773.411807,2611866.126422,0.0249084249084249,0.511721611721612,0.00531135531135531,0.312820512820513,0.0796703296703297,0.0655677655677656
173773.411807,2611366.126422,0.0234733174399413,0.769301302035577,0.000733541169998166,0.0599669906473501,0.0379607555474051,0.108564093159729
174273.411807,2611366.126422,0.0525929998167491,0.707714861645593,0,0.045629466739967,0.0544255085211655,0.139637163276526
174773.411807,2611366.126422,0.0137639933932832,0.902367406863645,0,0.00623967700495504,0.00422095797394017,0.0734079647641769
175273.411807,2611366.126422,0.0425453878598936,0.620942600403448,0,0.0309921144324225,0.0750045846323125,0.230515312671924
175773.411807,2611366.126422,0.0348176653839106,0.589518050210739,0,0.070734835990471,0.110317024005864,0.194612424409016
176273.411807,2611366.126422,0.0748761240594605,0.660121123141861,0.000183519911910442,0.0647825289043861,0.0919434758671316,0.108093228115251
176773.411807,2611366.126422,0.0566660553823583,0.504309554373739,0,0.013203741059967,0.0460297084173849,0.379790940766551
177273.411807,2611366.126422,0.0194245922668133,0.512186182884369,0,0.00769653655854865,0.0395821880153931,0.421110500274876
177773.411807,2611366.126422,0.0550559735731327,0.73426316755368,0,0.0179849513672233,0.0234905487245366,0.169205358781428
178273.411807,2611366.126422,0.0253071703649367,0.854942233632863,0,0.00568494406748579,0.0500641848523748,0.06400146708234
178773.411807,2611366.126422,0.0426974528129009,0.763972878871175,0,0.0835623969213854,0.0503939893714495,0.0593732820230896
179273.411807,2611366.126422,0.0455129381537897,0.811892090291797,0,0.135804734813727,0.00605615709304459,0.000734079647641769
179773.411807,2611366.126422,0.101228681459747,0.687694846873281,0,0.0700531817348249,0.0629011553273428,0.0781221346048047
180273.411807,2611366.126422,0.0483782297965915,0.629466739967015,0,0.000549752611324904,0.0227231079347627,0.298882169690306
180773.411807,2611366.126422,0.0392732611488346,0.862543585979079,0,0.00183519911910442,0.0102771150669848,0.0860708386859974
181273.411807,2611366.126422,0.0161379057399597,0.869062901155327,0,0.00146708233999633,0.0102695763799743,0.103062534384742
181773.411807,2611366.126422,0.0445299615173172,0.743082279640828,0,0.0166758292101887,0.0350009162543522,0.160711013377314
182273.411807,2611366.126422,0.0950633143696091,0.575701963663057,0,0.0427601394751331,0.0664342081115801,0.22004037438062
182773.411807,2611366.126422,0.0179717586649551,0.669356317623327,0,0.0179717586649551,0.0682193288098294,0.226480836236934
183273.411807,2611366.126422,0.0362836723474437,0.696903060289536,0,0.0241891148982958,0.0839288986622686,0.158695253802456
183773.411807,2611366.126422,0.0117452743622683,0.616259864195265,0,0.0860708386859974,0.100201871903101,0.185722150853368
184273.411807,2611366.126422,0.0493306436823767,0.506326792591234,0.00201723821749496,0.072803961122318,0.0981111314872547,0.271410232899321
184773.411807,2611366.126422,0.00659703133589885,0.797324537291552,0,0.0273043796958036,0.0350009162543522,0.133773135422393
185273.411807,2611366.126422,0.011194714626537,0.716645256010277,0.00807487612405946,0.148651128647458,0.0387227014131033,0.0767113231785649
185773.411807,2611366.126422,0.0867412433522831,0.0645516229598386,0.000366770584999083,0.535668439391161,0.188886851274528,0.123785072437191
173773.411807,2610866.126422,0.0495321959273528,0.277196844615667,0.000366905155017428,0.411300678774537,0.133553476426344,0.128049899101082
174273.411807,2610866.126422,0.0465201465201465,0.513186813186813,0.00128205128205128,0.285164835164835,0.080952380952381,0.0728937728937729
174773.411807,2610866.126422,0.0337614678899083,0.775963302752294,0,0.0251376146788991,0.0313761467889908,0.133761467889908
175273.411807,2610866.126422,0.0460465969546872,0.802971931755641,0,0.0649422124380847,0.0565033938726839,0.029535864978903
175773.411807,2610866.126422,0.0489010989010989,0.615201465201465,0.00274725274725275,0.113003663003663,0.08003663003663,0.14010989010989
176273.411807,2610866.126422,0.126422018348624,0.222201834862385,0.00146788990825688,0.424036697247706,0.139082568807339,0.0867889908256881
176773.411807,2610866.126422,0.106585947532563,0.560264171711613,0.0214639515685195,0.0805356815263254,0.0796184186387819,0.151531829022198
177273.411807,2610866.126422,0.0153846153846154,0.813553113553114,0,0.0318681318681319,0.028021978021978,0.111172161172161
177773.411807,2610866.126422,0.0055045871559633,0.797981651376147,0,0.00146788990825688,0.0205504587155963,0.174495412844037
178273.411807,2610866.126422,0.0247660979636764,0.892680242157402,0,0.00495321959273528,0.0238488350761328,0.0537516052100532
178773.411807,2610866.126422,0.0701465201465201,0.468498168498168,0.000549450549450549,0.273260073260073,0.116117216117216,0.0714285714285714
179273.411807,2610866.126422,0.0348623853211009,0.654862385321101,0,0.124770642201835,0.0974311926605505,0.0880733944954128
179773.411807,2610866.126422,0.0260502660062374,0.704641350210971,0.000733810310034856,0.0471473124197395,0.0730141258484682,0.14841313520455
180273.411807,2610866.126422,0.0553113553113553,0.691758241758242,0,0.00915750915750916,0.030952380952381,0.212820512820513
180773.411807,2610866.126422,0.118165137614679,0.687155963302752,0,0.00642201834862385,0.038348623853211,0.149908256880734
181273.411807,2610866.126422,0.0176114474408365,0.773436066776738,0,0.015410016510732,0.0225646670335718,0.170977802238121
181773.411807,2610866.126422,0.058974358974359,0.756959706959707,0,0.0186813186813187,0.0304029304029304,0.134981684981685
182273.411807,2610866.126422,0.0686238532110092,0.694128440366973,0,0.0073394495412844,0.0273394495412844,0.20256880733945
182773.411807,2610866.126422,0.0412768299394606,0.79178132452761,0,0.00275178866263071,0.0176114474408365,0.146578609429462
183273.411807,2610866.126422,0.0335164835164835,0.724725274725275,0,0.0212454212454212,0.0355311355311355,0.184981684981685
183773.411807,2610866.126422,0.0374311926605505,0.52348623853211,0,0.123853211009174,0.118532110091743,0.196697247706422
184273.411807,2610866.126422,0.0381581361218125,0.432948082920565,0,0.181067694001101,0.124747752705926,0.223078334250596
184773.411807,2610866.126422,0.0344322344322344,0.488644688644689,0,0.128388278388278,0.0501831501831502,0.298351648351648
185273.411807,2610866.126422,0.0159633027522936,0.635596330275229,0,0.11045871559633,0.0862385321100917,0.151743119266055
185773.411807,2610866.126422,0.0541185103650706,0.532379379930288,0,0.080168776371308,0.080168776371308,0.253164556962025
173773.411807,2610366.126422,0.0631868131868132,0.558424908424908,0.000183150183150183,0.169230769230769,0.097985347985348,0.110989010989011
174273.411807,2610366.126422,0.0207187385405207,0.776494316098276,0,0.0493215988265493,0.0276861019435277,0.125779244591126
174773.411807,2610366.126422,0.0289377289377289,0.891758241758242,0,0.0100732600732601,0.00695970695970696,0.0622710622710623
175273.411807,2610366.126422,0.0353479853479853,0.9496336996337,0,0.00402930402930403,0.00677655677655678,0.00421245421245421
175773.411807,2610366.126422,0.0491382471580491,0.931609827649432,0,0.00825082508250825,0.00476714338100477,0.00623395672900623
176273.411807,2610366.126422,0.0232600732600733,0.729304029304029,0,0.0111721611721612,0.0653846153846154,0.170879120879121
176773.411807,2610366.126422,0.0576923076923077,0.404578754578755,0.00293040293040293,0.226556776556777,0.14010989010989,0.168131868131868
177273.411807,2610366.126422,0.0276861019435277,0.785478547854785,0,0.00623395672900623,0.0168683535020169,0.163733039970664
177773.411807,2610366.126422,0.0996336996336996,0.645970695970696,0,0.0137362637362637,0.03003663003663,0.210622710622711
178273.411807,2610366.126422,0.0362637362637363,0.695238095238095,0,0.0223443223443223,0.0772893772893773,0.168864468864469
178773.411807,2610366.126422,0.0581224789145581,0.571323799046571,0,0.155848918225156,0.0823248991565823,0.132379904657132
179273.411807,2610366.126422,0.143040293040293,0.3503663003663,0.000732600732600733,0.181135531135531,0.113553113553114,0.211172161172161
179773.411807,2610366.126422,0.00952380952380952,0.623443223443223,0.000732600732600733,0.0639194139194139,0.136996336996337,0.165384615384615
180273.411807,2610366.126422,0.0638063806380638,0.534470113678034,0.00201686835350202,0.0979097909790979,0.109460946094609,0.192335900256692
180773.411807,2610366.126422,0.0316849816849817,0.547435897435897,0,0.254761904761905,0.0970695970695971,0.0690476190476191
181273.411807,2610366.126422,0.0489010989010989,0.660989010989011,0,0.0510989010989011,0.0606227106227106,0.178388278388278
181773.411807,2610366.126422,0.0953428676200953,0.438943894389439,0.011001100110011,0.105243857719105,0.0528052805280528,0.296662999633297
182273.411807,2610366.126422,0.0445054945054945,0.706043956043956,0,0.0463369963369963,0.0695970695970696,0.133516483516484
182773.411807,2610366.126422,0.0241758241758242,0.653479853479853,0,0.0401098901098901,0.0847985347985348,0.197435897435897
183273.411807,2610366.126422,0.00751741840850752,0.721488815548222,0,0.0188852218555189,0.0579391272460579,0.194169416941694
183773.411807,2610366.126422,0.0399267399267399,0.592124542124542,0,0.0263736263736264,0.0695970695970696,0.271978021978022
184273.411807,2610366.126422,0.0710622710622711,0.443956043956044,0.0287545787545788,0.213736263736264,0.0913919413919414,0.151098901098901
184773.411807,2610366.126422,0.035020168683535,0.506233956729006,0.0104510451045105,0.128346167950128,0.0682068206820682,0.251741840850752
185273.411807,2610366.126422,0.0282051282051282,0.657142857142857,0,0.00860805860805861,0.0708791208791209,0.235164835164835
185773.411807,2610366.126422,0.0335164835164835,0.684432234432234,0.000183150183150183,0.0208791208791209,0.0615384615384615,0.199450549450549
173773.411807,2609866.126422,0.0740876581698148,0.647533467815881,0,0.0821566110397946,0.0700531817348249,0.126169081239685
174273.411807,2609866.126422,0.0197910940076965,0.836173721825179,0,0.0197910940076965,0.0412314458493678,0.0830126443100605
174773.411807,2609866.126422,0.0289961460818499,0.805468893374931,0,0.00532207744540283,0.0187190310148651,0.141493852082951
175273.411807,2609866.126422,0.0146708233999633,0.70419952319824,0,0.052814964239868,0.0717036493673207,0.156611039794608
175773.411807,2609866.126422,0.0705515851200293,0.786512735935496,0.000183250870441635,0.00842954004031519,0.0139270661535642,0.120395821880154
176273.411807,2609866.126422,0.0350523031748945,0.709120939621949,0.000183519911910442,0.0367039823820885,0.0603780510185355,0.158561203890622
176773.411807,2609866.126422,0.0592334494773519,0.622776453328443,0.000183385292499542,0.0278745644599303,0.0414450761048964,0.248487071336879
177273.411807,2609866.126422,0.0256551218618288,0.502840388491845,0.00238226131574125,0.0875939160711013,0.0901594282572842,0.291368884002199
177773.411807,2609866.126422,0.0680858873187741,0.2987704165902,0.000734079647641769,0.371811341530556,0.152138006973757,0.108460267939071
178273.411807,2609866.126422,0.0423620025673941,0.700531817348249,0,0.022006235099945,0.0458463231248854,0.189253621859527
178773.411807,2609866.126422,0.0720175920835624,0.609309144218435,0.00146600696353308,0.153380978559648,0.0765988638446033,0.0872274143302181
179273.411807,2609866.126422,0.246283721783814,0.113782345384474,0.000183519911910442,0.239309965131217,0.147550009175996,0.252890438612589
179773.411807,2609866.126422,0.0154043645699615,0.501375389693747,0,0.0784889051898038,0.122134604804695,0.282596735741794
180273.411807,2609866.126422,0.00751328568810702,0.755543338830859,0,0.0296866410115448,0.0403151914971596,0.166941542972329
180773.411807,2609866.126422,0.0308313452009543,0.616076344283355,0.000183519911910442,0.162048082216921,0.0899247568361167,0.100935951550743
181273.411807,2609866.126422,0.0830735375022923,0.59618558591601,0.0245736291949386,0.115349348982212,0.0383275261324042,0.142490372272144
181773.411807,2609866.126422,0.0733003481766538,0.702400586402785,0.000916254352208173,0.0384826827927433,0.0155763239875389,0.16932380428807
182273.411807,2609866.126422,0.0326665443200587,0.721233253808038,0.0198201504863278,0.0800146815929528,0.015782712424298,0.130482657368324
182773.411807,2609866.126422,0.0344764349899138,0.484687328076288,0.0434623143223913,0.108930863744728,0.04401247019989,0.284430588666789
183273.411807,2609866.126422,0.028587135788895,0.450064137804655,0.0144768187648891,0.134872640645043,0.0769653655854865,0.295033901411032
183773.411807,2609866.126422,0.0378051018535511,0.484309047531657,0.00110111947146265,0.160763442833547,0.104606349788952,0.21141493852083
184273.411807,2609866.126422,0.0634513112048414,0.18008435723455,0,0.470566660553824,0.15587749862461,0.130020172382175
184773.411807,2609866.126422,0.0260216236027121,0.52574674729705,0,0.0562580172255818,0.107934762690123,0.284038849184534
185273.411807,2609866.126422,0.00201871903101487,0.611671866397504,0,0.012846393833731,0.0403743806202973,0.333088640117453
185773.411807,2609866.126422,0.0148542086924629,0.773335778470567,0,0.00128369704749679,0.0240234733174399,0.186502842472034
173773.411807,2609366.126422,0.0412768299394606,0.848101265822785,0,0.0695285268758026,0.0150431113557145,0.0260502660062374
174273.411807,2609366.126422,0.0153846153846154,0.749084249084249,0,0.0245421245421245,0.0512820512820513,0.15970695970696
174773.411807,2609366.126422,0.0475229357798165,0.674678899082569,0,0.0291743119266055,0.0972477064220184,0.151376146788991
175273.411807,2609366.126422,0.0785177031737296,0.635479728490185,0.00201797835259585,0.0497156485048615,0.0352228948816731,0.199046046596955
175773.411807,2609366.126422,0.0756410256410256,0.715750915750916,0.000183150183150183,0.0155677655677656,0.0426739926739927,0.15018315018315
176273.411807,2609366.126422,0.0576146788990826,0.601467889908257,0,0.0790825688073395,0.0755963302752294,0.186238532110092
176773.411807,2609366.126422,0.0304531278664465,0.738580077050083,0,0.00476976701522656,0.0172445422858191,0.208952485782425
177273.411807,2609366.126422,0.0344322344322344,0.544871794871795,0.00695970695970696,0.136996336996337,0.0628205128205128,0.213919413919414
177773.411807,2609366.126422,0.073394495412844,0.440366972477064,0.00752293577981651,0.207706422018349,0.0680733944954128,0.202935779816514
178273.411807,2609366.126422,0.0533847000550358,0.62190423775454,0,0.115391671252981,0.0632911392405063,0.146028251696936
178773.411807,2609366.126422,0.123076923076923,0.226007326007326,0.0104395604395604,0.367032967032967,0.112087912087912,0.161355311355311
179273.411807,2609366.126422,0.0790825688073395,0.45394495412844,0.00055045871559633,0.147706422018349,0.0552293577981651,0.26348623853211
179773.411807,2609366.126422,0.0546688680975968,0.648321408915795,0,0.0161438268207668,0.0335718216840947,0.247294074481746
180273.411807,2609366.126422,0.101648351648352,0.31996336996337,0,0.174542124542125,0.138095238095238,0.265750915750916
180773.411807,2609366.126422,0.0508256880733945,0.324770642201835,0,0.348073394495413,0.140550458715596,0.135779816513761
181273.411807,2609366.126422,0.024399192808659,0.763896532746285,0.0174279948633278,0.0908090258668134,0.0165107319757843,0.0869565217391304
181773.411807,2609366.126422,0.0137362637362637,0.763186813186813,0,0.0606227106227106,0.0677655677655678,0.0946886446886447
182273.411807,2609366.126422,0.016697247706422,0.628440366972477,0,0.0427522935779817,0.0739449541284404,0.238165137614679
182773.411807,2609366.126422,0.0245826453861677,0.70042194092827,0,0.0185287103283801,0.0515501742799486,0.204916529077234
183273.411807,2609366.126422,0.0126373626373626,0.654029304029304,0,0.0133699633699634,0.0635531135531135,0.256410256410256
183773.411807,2609366.126422,0.0100917431192661,0.628073394495413,0,0.0165137614678899,0.0761467889908257,0.269174311926606
184273.411807,2609366.126422,0.0148596587782058,0.591634562465603,0,0.0543019629425793,0.0731975784259769,0.266006237387635
184773.411807,2609366.126422,0.0247252747252747,0.556593406593407,0,0.0172161172161172,0.0642857142857143,0.337179487179487
185273.411807,2609366.126422,0.0592660550458716,0.255412844036697,0.00073394495412844,0.201284403669725,0.185688073394495,0.297614678899083
185773.411807,2609366.126422,0.0361401577692167,0.432948082920565,0,0.129150614566135,0.127682993946065,0.274078150798019
173773.411807,2608866.126422,0.0166666666666667,0.915750915750916,0,0.0324175824175824,0.0175824175824176,0.0175824175824176
174273.411807,2608866.126422,0.0427209387605427,0.692335900256692,0,0.0768243491015768,0.0689402273560689,0.119178584525119
174773.411807,2608866.126422,0.0421245421245421,0.760622710622711,0,0.0236263736263736,0.0575091575091575,0.116117216117216
175273.411807,2608866.126422,0.0340659340659341,0.68021978021978,0.000915750915750916,0.0695970695970696,0.0507326007326007,0.164468864468864
175773.411807,2608866.126422,0.0474880821415475,0.51980198019802,0,0.165749908324166,0.0693069306930693,0.197653098643198
176273.411807,2608866.126422,0.0576923076923077,0.525457875457875,0,0.0717948717948718,0.0928571428571429,0.252197802197802
176773.411807,2608866.126422,0.0525641025641026,0.662454212454212,0,0.0877289377289377,0.0617216117216117,0.135531135531136
177273.411807,2608866.126422,0.0848918225155849,0.521085441877521,0,0.0881921525485882,0.0768243491015768,0.229006233956729
177773.411807,2608866.126422,0.0703296703296703,0.317765567765568,0.0179487179487179,0.47014652014652,0.0534798534798535,0.0703296703296703
178273.411807,2608866.126422,0.111721611721612,0.253479853479853,0.0131868131868132,0.276739926739927,0.0617216117216117,0.283150183150183
178773.411807,2608866.126422,0.0977264393105977,0.156215621562156,0.0100843417675101,0.51045104510451,0.0812247891455812,0.144297763109644
179273.411807,2608866.126422,0.181501831501831,0.244688644688645,0.00494505494505494,0.231684981684982,0.107142857142857,0.23003663003663
179773.411807,2608866.126422,0.0943223443223443,0.661172161172161,0.000549450549450549,0.01996336996337,0.0159340659340659,0.208058608058608
180273.411807,2608866.126422,0.03997066373304,0.603960396039604,0,0.026952695269527,0.0628896222955629,0.266226622662266
180773.411807,2608866.126422,0.0216117216117216,0.723809523809524,0,0.0254578754578755,0.0470695970695971,0.182051282051282
181273.411807,2608866.126422,0.0282051282051282,0.646703296703297,0.0195970695970696,0.111721611721612,0.0276556776556777,0.166117216117216
181773.411807,2608866.126422,0.0088008800880088,0.637330399706637,0,0.0698569856985699,0.0786578657865787,0.205353868720205
182273.411807,2608866.126422,0,0.774542124542125,0,0.0021978021978022,0.013003663003663,0.21025641025641
182773.411807,2608866.126422,0.0736263736263736,0.582783882783883,0.000183150183150183,0.0836996336996337,0.0917582417582418,0.167948717948718
183273.411807,2608866.126422,0.00531719838650532,0.648514851485149,0,0.00751741840850752,0.0579391272460579,0.280711404473781
183773.411807,2608866.126422,0.00604395604395604,0.702014652014652,0,0.00787545787545788,0.0276556776556777,0.256410256410256
184273.411807,2608866.126422,0.00146520146520147,0.662637362637363,0,0.00347985347985348,0.0287545787545788,0.303663003663004
184773.411807,2608866.126422,0.0183351668500183,0.734873487348735,0,0.0253025302530253,0.0449211587825449,0.176567656765677
185273.411807,2608866.126422,0.015018315018315,0.64029304029304,0,0.00293040293040293,0.0225274725274725,0.319230769230769
185773.411807,2608866.126422,0.0282051282051282,0.628754578754579,0,0.0146520146520147,0.0245421245421245,0.303846153846154
173773.411807,2608366.126422,0.0286081056299285,0.786906290115533,0,0.0053181734824867,0.0297084173849257,0.149459013387126
174273.411807,2608366.126422,0.0120945574491479,0.790544255085212,0,0.0833791460509437,0.0542422576507238,0.0597397837639729
174773.411807,2608366.126422,0.0172508717195816,0.722701413103322,0,0.0998348320792806,0.0677188474949532,0.0924940356028629
175273.411807,2608366.126422,0.0353933614524115,0.81606455162296,0,0.0163212910324592,0.0535485054098661,0.0786722904823033
175773.411807,2608366.126422,0.0624885468205974,0.539490562580172,0.00348176653839106,0.139270661535642,0.112699285321605,0.142569177203592
176273.411807,2608366.126422,0.120022022389429,0.292714259497155,0.000367039823820885,0.201321343365755,0.125344099834832,0.260231235089007
176773.411807,2608366.126422,0.0394278378874014,0.497707683843756,0,0.0500641848523748,0.0764716669723088,0.336328626444159
177273.411807,2608366.126422,0.137438152831226,0.378046545721092,0.00183250870441635,0.205790727505956,0.0751328568810702,0.20175920835624
177773.411807,2608366.126422,0.0851532391264452,0.0372545421178198,0.158744723802533,0.636814094329235,0.0504679757753716,0.0315654248485961
178273.411807,2608366.126422,0.0408949202273978,0.0242068586099395,0.0405281496423987,0.790023840088025,0.0445626260773886,0.0597836053548505
178773.411807,2608366.126422,0.182884368700751,0.0219901044529962,0.0124610591900312,0.526479750778816,0.133773135422393,0.122411581455012
179273.411807,2608366.126422,0.147550009175996,0.104606349788952,0.0546889337493118,0.444301706735181,0.105156909524683,0.143696091025876
179773.411807,2608366.126422,0.116816431322208,0.473317439941317,0.0821566110397946,0.0594168347698515,0.0480469466348799,0.220245736291949
180273.411807,2608366.126422,0.0399486897562763,0.493677844969764,0,0.114715044896463,0.10646875572659,0.245189664650907
180773.411807,2608366.126422,0.047715177096715,0.451458983299688,0.000183519911910442,0.202422462837218,0.118737383006056,0.179482473848413
181273.411807,2608366.126422,0.0275077938749312,0.779020722538052,0.0324591967724189,0.0566660553823583,0.0227397762699432,0.081606455162296
181773.411807,2608366.126422,0.0157595748579806,0.488546820597398,0,0.139637163276526,0.0941909474070002,0.261865493861096
182273.411807,2608366.126422,0.00238575885483575,0.530005505597357,0,0.111029546705818,0.0952468342815195,0.26133235456047
182773.411807,2608366.126422,0.0295250320924262,0.556757748028608,0,0.00586832935998533,0.0487804878048781,0.359068402714102
183273.411807,2608366.126422,0.0258383727322705,0.629283489096573,0.000366501740883269,0.0164925783397471,0.0929081913139087,0.235110866776617
183773.411807,2608366.126422,0.0282620664342081,0.698843824554964,0,0.022389429253074,0.109194347586713,0.141310332171041
184273.411807,2608366.126422,0.0190720704199523,0.496607372088758,0,0.0214560792224464,0.0808729139922978,0.381991564276545
184773.411807,2608366.126422,0.0207073483599047,0.592816565878688,0,0.000733003481766538,0.0141103170240059,0.371632765255635
185273.411807,2608366.126422,0.0488162965681776,0.683428151954487,0,0.0275279867865663,0.0664342081115801,0.173793356579189
185773.411807,2608366.126422,0.0201723821749496,0.774436090225564,0,0.00110031175499725,0.0227397762699432,0.181551439574546
173773.411807,2607866.126422,0.0407264722069345,0.318473674555127,0.000366905155017428,0.164740414602825,0.10842047330765,0.367272060172445
174273.411807,2607866.126422,0.0435897435897436,0.418498168498169,0.000183150183150183,0.303663003663004,0.148901098901099,0.0851648351648352
174773.411807,2607866.126422,0.0192660550458716,0.687706422018349,0,0.10697247706422,0.0917431192660551,0.0943119266055046
175273.411807,2607866.126422,0.0260502660062374,0.625573289304715,0.000183452577508714,0.19977985690699,0.0908090258668134,0.0576041093377362
175773.411807,2607866.126422,0.00677655677655678,0.46025641025641,0,0.282051282051282,0.0608058608058608,0.19010989010989
176273.411807,2607866.126422,0.0480733944954128,0.429174311926605,0.00018348623853211,0.253761467889908,0.0581651376146789,0.210642201834862
176773.411807,2607866.126422,0.0299027701339204,0.466703357182168,0,0.367088607594937,0.0484314804623005,0.087873784626674
177273.411807,2607866.126422,0.0412087912087912,0.362087912087912,0,0.192857142857143,0.184798534798535,0.219047619047619
177773.411807,2607866.126422,0.0946788990825688,0.321100917431193,0.00018348623853211,0.46256880733945,0.0510091743119266,0.0704587155963303
178273.411807,2607866.126422,0.0627407815079802,0.222894881673088,0.0066042927903137,0.627407815079802,0.0620069711979453,0.0183452577508714
178773.411807,2607866.126422,0.0435897435897436,0.0265567765567766,0.0133699633699634,0.824175824175824,0.0652014652014652,0.0271062271062271
179273.411807,2607866.126422,0.0497247706422018,0.429357798165138,0.0715596330275229,0.165137614678899,0.0500917431192661,0.234128440366972
179773.411807,2607866.126422,0.0390753990093561,0.420106402494955,0,0.0343056319941295,0.0146762062006971,0.491836360300862
180273.411807,2607866.126422,0.0388278388278388,0.525641025641026,0.0794871794871795,0.0567765567765568,0.0404761904761905,0.258791208791209
180773.411807,2607866.126422,0.0258715596330275,0.56954128440367,0.0438532110091743,0.120183486238532,0.0811009174311927,0.159449541284404
181273.411807,2607866.126422,0.00550357732526142,0.594019445973216,0,0.322509631260319,0.0216474041460283,0.0563199412951752
181773.411807,2607866.126422,0.0435897435897436,0.411538461538462,0.0326007326007326,0.140842490842491,0.130769230769231,0.240659340659341
182273.411807,2607866.126422,0.0660550458715596,0.322201834862385,0.0130275229357798,0.0943119266055046,0.140550458715596,0.363853211009174
182773.411807,2607866.126422,0.0216474041460283,0.528893780957622,0,0.112089524857824,0.151531829022198,0.185837461016327
183273.411807,2607866.126422,0.00293040293040293,0.711721611721612,0.00732600732600733,0.0402930402930403,0.0961538461538462,0.141575091575092
183773.411807,2607866.126422,0.0308256880733945,0.584954128440367,0.00165137614678899,0.0427522935779817,0.0807339449541284,0.259082568807339
184273.411807,2607866.126422,0.0581544670702623,0.642817831590534,0,0.00550357732526142,0.0273344340487984,0.266189689965144
184773.411807,2607866.126422,0.0100732600732601,0.693772893772894,0,0.00622710622710623,0.0148351648351648,0.275091575091575
185273.411807,2607866.126422,0.0447706422018349,0.762752293577982,0,0.0264220183486239,0.0458715596330275,0.120183486238532
185773.411807,2607866.126422,0.0111906072280316,0.756191524490919,0,0.00385250412768299,0.0199963309484498,0.208769033204917
173773.411807,2607366.126422,0.0452380952380952,0.631868131868132,0,0.0153846153846154,0.0549450549450549,0.252564102564103
174273.411807,2607366.126422,0.0652731939860653,0.324532453245325,0.0152181884855152,0.201136780344701,0.157682434910158,0.236156949028236
174773.411807,2607366.126422,0.0366300366300366,0.434065934065934,0.00549450549450549,0.219230769230769,0.133516483516484,0.171062271062271
175273.411807,2607366.126422,0.078021978021978,0.323992673992674,0.00641025641025641,0.313186813186813,0.16007326007326,0.118315018315018
175773.411807,2607366.126422,0.111844517785112,0.395306197286395,0,0.0408874220755409,0.0429042904290429,0.409057572423909
176273.411807,2607366.126422,0.120879120879121,0.501465201465201,0,0.0225274725274725,0.0774725274725275,0.277655677655678
176773.411807,2607366.126422,0.0747252747252747,0.359157509157509,0.00293040293040293,0.204945054945055,0.0653846153846154,0.292857142857143
177273.411807,2607366.126422,0.0361202786945361,0.335716905023836,0.00605060506050605,0.0781078107810781,0.189035570223689,0.354968830216355
