"x","y","forest","agri","water","built","other","grass"
185773.411807,2488866.126422,0.0295566502463054,0.0840175150519978,0.100164203612479,0.569239189928845,0.0782703886152162,0.138752052545156
186273.411807,2488866.126422,0.0529891304347826,0.0729813664596273,0.0271739130434783,0.572204968944099,0.133928571428571,0.140722049689441
186773.411807,2488866.126422,0.0486811481768813,0.170674941815361,0.0415050426687355,0.43366951124903,0.111132660977502,0.19433669511249
187273.411807,2488866.126422,0.0248206321504751,0.287570292805895,0.0188093853015319,0.311227457824316,0.208842350203607,0.148729881714175
187773.411807,2488866.126422,0.0900621118012422,0.201086956521739,0.0444487577639752,0.299689440993789,0.119565217391304,0.24514751552795
188273.411807,2488866.126422,0.13944918541505,0.279092319627618,0.124515128006206,0.366757176105508,0.0155159038013964,0.0746702870442203
188773.411807,2488866.126422,0.14717859220477,0.275741710296684,0.140003878223773,0.436494085708745,0,0.00058173356602676
189273.411807,2488866.126422,0.0745341614906832,0.314829192546584,0.0873447204968944,0.518827639751553,0.00077639751552795,0.00368788819875776
189773.411807,2488866.126422,0.0304499612102405,0.132467028704422,0.273273855702095,0.563421256788208,0.000193948797517455,0.000193948797517455
190273.411807,2488866.126422,0.00504169090556525,0.246655031995346,0.313942214465775,0.425635059142913,0,0.0087260034904014
190773.411807,2488866.126422,0.0335791925465838,0.324728260869565,0.171195652173913,0.212344720496894,0.0401785714285714,0.217973602484472
191273.411807,2488866.126422,0.0316136539953452,0.350271528316524,0.00465477114041893,0.113653995345229,0.0529480217222653,0.446858029480217
191773.411807,2488866.126422,0.0345161915842544,0.47450067868916,0,0.113438045375218,0.0603063796781074,0.31723870467326
192273.411807,2488866.126422,0.0881211180124224,0.128493788819876,0.124223602484472,0.351125776397516,0.100737577639752,0.207298136645963
192773.411807,2488866.126422,0.0696276183087665,0.145461598138092,0.091155934833204,0.265709852598914,0.121799844840962,0.306245151280062
193273.411807,2488866.126422,0.0236571650184216,0.474888501066512,0.00445995733953849,0.159201085902657,0.0500290866783013,0.28776420399457
193773.411807,2488866.126422,0.0805512422360248,0.453804347826087,0,0.00194099378881988,0.0386257763975155,0.425077639751553
194273.411807,2488866.126422,0.0484871993793638,0.367920868890613,0,0.0554693560899922,0.054499612102405,0.473622963537626
194773.411807,2488866.126422,0.0593368237347295,0.145239480318014,0.249369788636804,0.175683536940081,0.0979251502811712,0.272445220089199
195273.411807,2488866.126422,0.106948757763975,0.310364906832298,0.0267857142857143,0.0279503105590062,0.0601708074534162,0.46777950310559
195773.411807,2488866.126422,0.0341349883630721,0.399340574088441,0.0182311869666408,0.0816524437548487,0.0909619860356866,0.375678820791311
196273.411807,2488866.126422,0.0325770796974985,0.230948225712624,0.00155128950940469,0.0636028698855924,0.0641846034516192,0.607135931743262
196773.411807,2488866.126422,0.0262034161490683,0.507569875776398,0.00679347826086957,0.0493012422360248,0.015139751552795,0.394992236024845
197273.411807,2488866.126422,0.052366175329713,0.341737781225756,0,0.089022498060512,0.10744763382467,0.409425911559348
197773.411807,2488866.126422,0.0967616831491177,0.284079891409734,0.000775644754702346,0.0238510762070972,0.0360674810936591,0.558464223385689
198273.411807,2488866.126422,0.0580808080808081,0.382284382284382,0,0.114996114996115,0.0967365967365967,0.347902097902098
186273.411807,2488366.126422,0.0247388675096207,0.0588235294117647,0.0262048744731537,0.71192963166575,0.0943741982774418,0.0839288986622686
186773.411807,2488366.126422,0.0451458983299688,0.0699210864378785,0.0596439713708937,0.611304826573683,0.107175628555698,0.106808588731877
187273.411807,2488366.126422,0.0445626260773886,0.116816431322208,0.0229231615624427,0.344580964606639,0.133321107647167,0.337795708784155
187773.411807,2488366.126422,0.0716510903426791,0.0778816199376947,0.186182884368701,0.263881253435954,0.0969397104636247,0.303463441451347
188273.411807,2488366.126422,0.165167920719398,0.163883281336025,0.090475316571848,0.359331987520646,0.0407414204441182,0.180400073407965
188773.411807,2488366.126422,0.0438290849073904,0.0836236933797909,0.364569961489089,0.498991380891253,0.00715202640748212,0.00183385292499542
189273.411807,2488366.126422,0.074216602528862,0.341396371632765,0.225581821513652,0.358438702583837,0.000183250870441635,0.000183250870441635
189773.411807,2488366.126422,0.0394567810607451,0.190493668563039,0.296751697559185,0.473297852817031,0,0
190273.411807,2488366.126422,0,0.00110031175499725,0.503025857326242,0.49587383091876,0,0
190773.411807,2488366.126422,0.015026571376214,0.273776800439802,0.126076598863845,0.3340663368151,0.0868609125893348,0.164192779915705
191273.411807,2488366.126422,0.0691870067902367,0.393099651312167,0.0469810974490732,0.0339511837034318,0.049366856303909,0.407414204441182
191773.411807,2488366.126422,0.0372272143774069,0.169081239684577,0.184485604254539,0.0456629378323858,0.0861910874747845,0.477351916376307
192273.411807,2488366.126422,0.0527762506871908,0.17042330951072,0.138537658053876,0.277441817848635,0.104636247022173,0.256184716877405
192773.411807,2488366.126422,0.159478803450174,0.38997981280969,0.0216553496054322,0.238208845659754,0.0644154890805652,0.126261699394384
193273.411807,2488366.126422,0.0460297084173849,0.531083807078672,0.0185219145424537,0.220245736291949,0.0539152759948652,0.130203557674674
193773.411807,2488366.126422,0.0888766721641928,0.585853032801906,0,0.0804471321238776,0.0505772402418911,0.194245922668133
194273.411807,2488366.126422,0.0614791704899982,0.405579005322077,0.000367039823820885,0.367590383556616,0.0702881262616994,0.0946962745457882
194773.411807,2488366.126422,0.0460297084173849,0.284797359251788,0.170548322024574,0.122317990097194,0.0808729139922978,0.295433706216761
195273.411807,2488366.126422,0.0249221183800623,0.156129741616273,0.363019974344878,0.124244090159428,0.0604727872457394,0.271211288253619
195773.411807,2488366.126422,0.0618462103138191,0.487979445769866,0.0255092677555515,0.0467975775371628,0.065149568728207,0.312717929895394
196273.411807,2488366.126422,0.0106363469649734,0.630845406198423,0.00128369704749679,0.00733541169998166,0.0377773702549056,0.31212176783422
196773.411807,2488366.126422,0.0624885468205974,0.378779549202859,0,0.013560564412681,0.0335349092908191,0.511636430273044
197273.411807,2488366.126422,0.0155991925123876,0.544503578638282,0.000183519911910442,0.0122958340979996,0.0288126261699394,0.398605248669481
197773.411807,2488366.126422,0.0797726022373006,0.187236383642032,0,0.0982945167797543,0.0898587933247754,0.544837704016138
198273.411807,2488366.126422,0.0561261922230374,0.514123257520176,0.000917094644167278,0.053558327219369,0.0407190022010271,0.334556126192223
187273.411807,2487866.126422,0.0502660062373876,0.0731975784259769,0.0348559897266557,0.592551825353146,0.115024766097964,0.13410383415887
187773.411807,2487866.126422,0.0706959706959707,0.0424908424908425,0.0564102564102564,0.521611721611722,0.114835164835165,0.193956043956044
188273.411807,2487866.126422,0.0873394495412844,0.0570642201834862,0.0893577981651376,0.438348623853211,0.109724770642202,0.218165137614679
188773.411807,2487866.126422,0.0438451660245826,0.0719134103834159,0.298660796184186,0.465602641717116,0.0864061640066043,0.0335718216840947
189273.411807,2487866.126422,0.0139194139194139,0.183882783882784,0.213369963369963,0.405860805860806,0.0838827838827839,0.0990842490842491
189773.411807,2487866.126422,0.0275229357798165,0.205688073394495,0.406238532110092,0.356330275229358,0.00220183486238532,0.00201834862385321
190273.411807,2487866.126422,0,0,0.293524124013942,0.706475875986058,0,0
190773.411807,2487866.126422,0.00256410256410256,0.186996336996337,0.526923076923077,0.204212454212454,0.00915750915750916,0.0701465201465201
191273.411807,2487866.126422,0.0776146788990826,0.249724770642202,0.114678899082569,0.0721100917431193,0.0322935779816514,0.453577981651376
191773.411807,2487866.126422,0.068611263988259,0.0489818381948266,0.398458998348927,0.0944780774169877,0.0964960557695836,0.292973766281416
192273.411807,2487866.126422,0.0965201465201465,0.08003663003663,0.202747252747253,0.250549450549451,0.131868131868132,0.238278388278388
192773.411807,2487866.126422,0.129357798165138,0.25743119266055,0.0343119266055046,0.0998165137614679,0.120366972477064,0.358715596330275
193273.411807,2487866.126422,0.0831040176114474,0.543936892313337,0,0.00440286186020914,0.024399192808659,0.344157035406347
193773.411807,2487866.126422,0.0608058608058608,0.526923076923077,0,0.0347985347985348,0.0311355311355311,0.346336996336996
194273.411807,2487866.126422,0.0743119266055046,0.165688073394495,0.00293577981651376,0.509908256880734,0.0596330275229358,0.187522935779817
194773.411807,2487866.126422,0.0845716382315172,0.127866446523574,0.0772335351311686,0.453494771601541,0.085305448541552,0.171528159970648
195273.411807,2487866.126422,0.0296703296703297,0.195238095238095,0.115018315018315,0.364102564102564,0.0457875457875458,0.25018315018315
195773.411807,2487866.126422,0.108256880733945,0.081651376146789,0.00403669724770642,0.357614678899083,0.118532110091743,0.329908256880734
196273.411807,2487866.126422,0.0893414052467437,0.368923133370024,0,0.0645753072830673,0.0522839845899835,0.424876169510182
196773.411807,2487866.126422,0.0336996336996337,0.515201465201465,0.0032967032967033,0.0871794871794872,0.0706959706959707,0.28992673992674
197273.411807,2487866.126422,0.0673394495412844,0.151926605504587,0,0.203669724770642,0.117247706422018,0.459816513761468
197773.411807,2487866.126422,0.0517336268574573,0.43514951385067,0,0.106219042377545,0.0897083104017612,0.317189506512566
198273.411807,2487866.126422,0.0683776351970669,0.203299725022915,0,0.061961503208066,0.06012832263978,0.606232813932172
187773.411807,2487366.126422,0.101943527686102,0.105977264393106,0.0209020902090209,0.562889622295563,0.0995599559955996,0.108727539420609
188273.411807,2487366.126422,0.0551282051282051,0.0197802197802198,0.100915750915751,0.551465201465202,0.0642857142857143,0.208424908424908
188773.411807,2487366.126422,0.141025641025641,0.102014652014652,0.142490842490842,0.397802197802198,0.0549450549450549,0.161721611721612
189273.411807,2487366.126422,0.163182984965163,0.0628896222955629,0.213237990465713,0.303447011367803,0.0588558855885589,0.198386505317198
189773.411807,2487366.126422,0.183516483516484,0.0818681318681319,0.180952380952381,0.301648351648352,0.0664835164835165,0.185531135531136
190273.411807,2487366.126422,0.00274725274725275,0.00347985347985348,0.257326007326007,0.676007326007326,0.010989010989011,0.0494505494505494
190773.411807,2487366.126422,0,0.174550788412175,0.543270993766043,0.247341400806747,0.00165016501650165,0.0331866519985332
191273.411807,2487366.126422,0.0252747252747253,0.191208791208791,0.358974358974359,0.0884615384615385,0.045970695970696,0.29010989010989
191773.411807,2487366.126422,0.00476190476190476,0.110805860805861,0.575091575091575,0.0476190476190476,0.104212454212454,0.157509157509158
192273.411807,2487366.126422,0.14979831316465,0.0737073707370737,0.105243857719105,0.162632929959663,0.112394572790612,0.396222955628896
192773.411807,2487366.126422,0.252014652014652,0.135714285714286,0,0.178388278388278,0.103663003663004,0.33021978021978
193273.411807,2487366.126422,0.0223443223443223,0.744688644688645,0.0152014652014652,0.00421245421245421,0.0163003663003663,0.197252747252747
193773.411807,2487366.126422,0.0383204987165383,0.414191419141914,0.00201686835350202,0.123212321232123,0.0938760542720939,0.328382838283828
194273.411807,2487366.126422,0.0360805860805861,0.191941391941392,0.00238095238095238,0.478388278388278,0.0970695970695971,0.194139194139194
194773.411807,2487366.126422,0.032967032967033,0.0516483516483516,0.433150183150183,0.186446886446886,0.0672161172161172,0.228571428571429
195273.411807,2487366.126422,0.0638063806380638,0.173083975064173,0.0979097909790979,0.29006233956729,0.0870920425375871,0.288045471213788
195773.411807,2487366.126422,0.11978021978022,0.084981684981685,0.0598901098901099,0.307326007326007,0.0776556776556777,0.3503663003663
196273.411807,2487366.126422,0.109340659340659,0.440659340659341,0,0.00366300366300366,0.0128205128205128,0.433516483516484
196773.411807,2487366.126422,0.0667400073340667,0.753392005867253,0.00256692335900257,0.0117345067840117,0.00898423175650898,0.156582324899157
197273.411807,2487366.126422,0.0891941391941392,0.507692307692308,0.0184981684981685,0.242124542124542,0.0598901098901099,0.0826007326007326
197773.411807,2487366.126422,0.0395604395604396,0.404761904761905,0,0.0617216117216117,0.0648351648351648,0.429120879120879
198273.411807,2487366.126422,0.0838532110091743,0.0798165137614679,0,0.00256880733944954,0.0244036697247706,0.809357798165138
188773.411807,2486866.126422,0.0238400880249404,0.154410416284614,0.187052998349532,0.39189437007152,0.0489638730973776,0.193838254172015
189273.411807,2486866.126422,0.0716510903426791,0.0905259299981675,0.0445299615173172,0.415063221550302,0.133956386292835,0.244273410298699
189773.411807,2486866.126422,0.0189025509267756,0.0965314736648926,0.490365204624702,0.246283721783814,0.0350523031748945,0.112864745824922
190273.411807,2486866.126422,0,0,0.89602053915276,0.10397946084724,0,0
190773.411807,2486866.126422,0,0,0.860912589334799,0.139087410665201,0,0
191273.411807,2486866.126422,0.00422095797394017,0.114332905120206,0.390713892457332,0.387410534042944,0.0170673518076711,0.0862543585979079
191773.411807,2486866.126422,0,0.133137722354667,0.600586832935999,0.0856409315972859,0.0764716669723088,0.10416284613974
192273.411807,2486866.126422,0.0797141286421111,0.0503939893714495,0.066703316840755,0.458310426974528,0.157595748579806,0.187282389591351
192773.411807,2486866.126422,0.0877225178931914,0.175077995962562,0.00201871903101487,0.524866948063865,0.093778674986236,0.116535144063131
193273.411807,2486866.126422,0.141756831102146,0.161379057399597,0.0344764349899138,0.353566843939116,0.0861910874747845,0.222629745094443
193773.411807,2486866.126422,0.0185083379146051,0.214403518416712,0.165842037749679,0.223749312809236,0.104452996151732,0.273043796958036
194273.411807,2486866.126422,0.0370710222059093,0.293998898880529,0.134703615342265,0.1616810423931,0.0710222059093412,0.301523215268857
194773.411807,2486866.126422,0.0183385292499542,0.0610673024023473,0.381074637814047,0.421602787456446,0.0636346964973409,0.0542820465798643
195273.411807,2486866.126422,0.0976727139453912,0.380795308777717,0.0234561114165292,0.344328385559831,0.0379329301814184,0.115814550119113
195773.411807,2486866.126422,0.0660671682877592,0.585612038906221,0,0.0119287942741787,0.0247751881079097,0.311616810423931
196273.411807,2486866.126422,0.0388776820099028,0.560425453878599,0.000183385292499542,0.01998899688245,0.0370438290849074,0.343480652851641
196773.411807,2486866.126422,0.0278541323071285,0.822063404801173,0,0.00219901044529962,0.00183250870441635,0.146050943741983
197273.411807,2486866.126422,0.0185355111029547,0.906221325013764,0.000183519911910442,0.0222059093411635,0.00917599559552211,0.0436777390346853
197773.411807,2486866.126422,0.0260407115349349,0.714285714285714,0,0.000183385292499542,0.00385109114249037,0.255639097744361
198273.411807,2486866.126422,0.00953778429933969,0.0720836390315481,0,0.00843727072633896,0.0506236243580337,0.85931768158474
189773.411807,2486366.126422,0.00844036697247706,0.064954128440367,0.309174311926605,0.551192660550459,0.031743119266055,0.0344954128440367
191273.411807,2486366.126422,0,0,0.00458715596330275,0.995412844036697,0,0
191773.411807,2486366.126422,0.00293524124013942,0.180517336268575,0.0201797835259585,0.642634379013025,0.0453127866446524,0.10842047330765
192273.411807,2486366.126422,0.0593406593406593,0.0565934065934066,0.141575091575092,0.542307692307692,0.106043956043956,0.0941391941391941
192773.411807,2486366.126422,0.0935779816513762,0.0607339449541284,0.0609174311926605,0.468256880733945,0.114128440366972,0.202385321100917
193273.411807,2486366.126422,0.0587048248027885,0.266556595120161,0.138506696019079,0.402494955054119,0.026967528893781,0.106769400110072
193773.411807,2486366.126422,0.0157509157509158,0.117582417582418,0.334065934065934,0.369230769230769,0.032967032967033,0.13040293040293
194273.411807,2486366.126422,0.0297247706422018,0.0372477064220183,0.530642201834862,0.295045871559633,0.0444036697247706,0.0629357798165138
194773.411807,2486366.126422,0.0423775454045129,0.0909924784443221,0.0401761144744084,0.512933406714364,0.14125848468171,0.172261970280682
195273.411807,2486366.126422,0.0701465201465201,0.293589743589744,0.00714285714285714,0.19981684981685,0.131868131868132,0.297435897435897
195773.411807,2486366.126422,0,0.89743119266055,0,0,0,0.10256880733945
196273.411807,2486366.126422,0.00311869381764814,0.789212988442488,0.000183452577508714,0.0117409649605577,0.0249495505411851,0.170794349660613
196773.411807,2486366.126422,0.00567765567765568,0.585531135531136,0,0,0.0183150183150183,0.39047619047619
197273.411807,2486366.126422,0.0181651376146789,0.565137614678899,0.00220183486238532,0.0346788990825688,0.0910091743119266,0.288807339449541
197773.411807,2486366.126422,0.00990643918547056,0.505595303614016,0.000183452577508714,0.000366905155017428,0.0212804989910108,0.462667400476977
198273.411807,2486366.126422,0.0100824931255729,0.180934922089826,0,0.00219981668194317,0.0170485792850596,0.789734188817598
191773.411807,2485866.126422,0.0161172161172161,0.0655677655677656,0,0.884615384615385,0.0135531135531136,0.0201465201465201
192273.411807,2485866.126422,0.0033003300330033,0.0957095709570957,0.113127979464613,0.736523652365237,0.0298863219655299,0.0214521452145215
192773.411807,2485866.126422,0.0195970695970696,0.0144688644688645,0.706593406593407,0.165750915750916,0.034981684981685,0.0586080586080586
193273.411807,2485866.126422,0.0155677655677656,0.0432234432234432,0.525824175824176,0.272893772893773,0.0619047619047619,0.0805860805860806
193773.411807,2485866.126422,0.0869086908690869,0.0465713237990466,0.217088375504217,0.460946094609461,0.108360836083608,0.0801246791345801
194273.411807,2485866.126422,0.0450549450549451,0.0523809523809524,0.222710622710623,0.597435897435897,0.0514652014652015,0.030952380952381
194773.411807,2485866.126422,0.0904761904761905,0.0747252747252747,0.030952380952381,0.424175824175824,0.145604395604396,0.234065934065934
195273.411807,2485866.126422,0.070957095709571,0.287678767876788,0.0366703337000367,0.126696002933627,0.0883755042170884,0.38962229556289
195773.411807,2485866.126422,0.0666666666666667,0.632783882783883,0.0686813186813187,0.0327838827838828,0.0173992673992674,0.181684981684982
196273.411807,2485866.126422,0.0131868131868132,0.618131868131868,0,0.0106227106227106,0.0384615384615385,0.31959706959707
196773.411807,2485866.126422,0.0161349468280161,0.7000366703337,0,0.00201686835350202,0.0363036303630363,0.245507884121746
197273.411807,2485866.126422,0.0128205128205128,0.306410256410256,0,0.0600732600732601,0.0743589743589744,0.546336996336996
197773.411807,2485866.126422,0.00238095238095238,0.2996336996337,0,0.00164835164835165,0.0274725274725275,0.668864468864469
198273.411807,2485866.126422,0.00954128440366972,0.27302752293578,0,0.00073394495412844,0.0346788990825688,0.682018348623853
192273.411807,2485366.126422,0.0197910940076965,0.0153930731170973,0.0665200659703134,0.866410115448048,0.0241891148982958,0.00769653655854865
192773.411807,2485366.126422,0.0117452743622683,0.00679023674068636,0.227197650945128,0.71774637548174,0.0266103872270141,0.00991007524316388
193273.411807,2485366.126422,0.00935264991747662,0.00568494406748579,0.362552723271594,0.592884650651018,0.0242068586099395,0.0053181734824867
193773.411807,2485366.126422,0.0645043063954554,0.0243723657687374,0.193512919186366,0.529411764705882,0.0962067069818582,0.0919919369617006
194273.411807,2485366.126422,0.0669847678473114,0.0658836483758488,0.085887318774087,0.628372178381354,0.0860708386859974,0.066801247935401
194773.411807,2485366.126422,0.0920594168347699,0.229965156794425,0.0166880616174583,0.360535485054099,0.0823399963322941,0.218411883366954
195273.411807,2485366.126422,0.0262048744731537,0.348176653839106,0.0489279824079164,0.250137438152831,0.0967564595931831,0.22979659153381
195773.411807,2485366.126422,0.0359699027344467,0.256193797026977,0.115066984767847,0.220223894292531,0.107359148467609,0.265186272710589
196273.411807,2485366.126422,0.0179717586649551,0.17201540436457,0.000183385292499542,0.0592334494773519,0.157711351549606,0.592884650651018
196773.411807,2485366.126422,0.0203408466190214,0.322338281106835,0.0635880520432472,0.0291368884002199,0.10646875572659,0.458127176104086
197273.411807,2485366.126422,0.0194531106625069,0.380803817214168,0.000183519911910442,0.0264268673151037,0.0827674802716095,0.490365204624702
197773.411807,2485366.126422,0.0221896203924445,0.327526132404181,0.000183385292499542,0.0148542086924629,0.0425453878598936,0.592701265358518
198273.411807,2485366.126422,0.00568598679383712,0.490645634629494,0,0.0016507703595011,0.0119222303741746,0.490095377842993
192273.411807,2484866.126422,0.0386446886446886,0.0353479853479853,0.702747252747253,0.145787545787546,0.0450549450549451,0.0324175824175824
192773.411807,2484866.126422,0.0414678899082569,0.0139449541284404,0.0451376146788991,0.824220183486238,0.0460550458715596,0.0291743119266055
193273.411807,2484866.126422,0.0412768299394606,0.0324711062190424,0.21537332599523,0.64190056870299,0.0414602825169694,0.0275178866263071
193773.411807,2484866.126422,0.236630036630037,0.0987179487179487,0.0106227106227106,0.320695970695971,0.142490842490842,0.190842490842491
194273.411807,2484866.126422,0.0765137614678899,0.078348623853211,0.063302752293578,0.441284403669725,0.124770642201835,0.215779816513761
194773.411807,2484866.126422,0.0752155567785727,0.130985140341222,0.107319757842598,0.411667583929554,0.0658594753256283,0.208952485782425
195273.411807,2484866.126422,0.0772893772893773,0.0899267399267399,0.0285714285714286,0.406410256410256,0.105128205128205,0.292673992673993
195773.411807,2484866.126422,0.0385321100917431,0.130825688073395,0.120733944954128,0.150091743119266,0.163669724770642,0.396146788990826
196273.411807,2484866.126422,0.00807191341038342,0.106402494955054,0.42799486332783,0.146211704274445,0.100348559897267,0.210970464135021
196773.411807,2484866.126422,0.0315018315018315,0.154212454212454,0.0532967032967033,0.13040293040293,0.131501831501832,0.499084249084249
197273.411807,2484866.126422,0.0519266055045872,0.296146788990826,0.0073394495412844,0.155045871559633,0.124587155963303,0.364954128440367
197773.411807,2484866.126422,0.0900752155567786,0.124197394973399,0.002568336085122,0.473491102549991,0.132819666116309,0.1768482847184
198273.411807,2484866.126422,0.0128322639780018,0.64967919340055,0,0.0201649862511457,0.0269477543538038,0.290375802016499
192773.411807,2484366.126422,0.0787545787545788,0.0291208791208791,0.218498168498168,0.257692307692308,0.0985347985347985,0.317399267399267
193273.411807,2484366.126422,0.0523809523809524,0.0435897435897436,0.183150183150183,0.443589743589744,0.110805860805861,0.166483516483516
193773.411807,2484366.126422,0.0319031903190319,0.0669233590025669,0.164649798313165,0.468280161349468,0.0964429776310964,0.171800513384672
194273.411807,2484366.126422,0.00842490842490842,0.0587912087912088,0.558608058608059,0.182600732600733,0.0628205128205128,0.128754578754579
194773.411807,2484366.126422,0.0131868131868132,0.026007326007326,0.643406593406593,0.224542124542125,0.0267399267399267,0.0661172161172161
195273.411807,2484366.126422,0.0128346167950128,0.0601393472680601,0.464429776310964,0.265126512651265,0.0988265493215988,0.0986431976530986
195773.411807,2484366.126422,0.0322344322344322,0.0553113553113553,0.375641025641026,0.31978021978022,0.0956043956043956,0.121428571428571
196273.411807,2484366.126422,0.0428571428571429,0.0928571428571429,0.344322344322344,0.247069597069597,0.129120879120879,0.143772893772894
196773.411807,2484366.126422,0.0352035203520352,0.0515218188485515,0.388705537220389,0.261276127612761,0.138063806380638,0.125229189585625
197273.411807,2484366.126422,0.0247252747252747,0.143956043956044,0.312820512820513,0.152014652014652,0.157326007326007,0.209157509157509
197773.411807,2484366.126422,0.0397435897435897,0.315018315018315,0.0736263736263736,0.187362637362637,0.067032967032967,0.317216117216117
198273.411807,2484366.126422,0.0414678899082569,0.411743119266055,0.126605504587156,0.12348623853211,0.118348623853211,0.178348623853211
193273.411807,2483866.126422,0.0278745644599303,0.0682193288098294,0.303502659086741,0.381258023106547,0.0718870346598203,0.147258389877132
193773.411807,2483866.126422,0.0175920835623969,0.0196078431372549,0.645592816565879,0.171156312992487,0.0718343412131208,0.074216602528862
194273.411807,2483866.126422,0.0117452743622683,0.0310148651128647,0.68049183336392,0.11616810423931,0.085887318774087,0.07469260414755
194773.411807,2483866.126422,0,0,0.907573812580231,0.0924261874197689,0,0
195273.411807,2483866.126422,0.00146600696353308,0.0227231079347627,0.53362653472604,0.418544988088693,0.0106285504856148,0.0130108118013561
195773.411807,2483866.126422,0.0012846393833731,0.0143145531290145,0.584694439346669,0.388144613690585,0.00495503762158194,0.00660671682877592
196273.411807,2483866.126422,0.0137538969374656,0.0185219145424537,0.590500641848524,0.259673574179351,0.0691362552723272,0.048413717219879
196773.411807,2483866.126422,0.0520432472054242,0.0467289719626168,0.0529595015576324,0.541689573025472,0.199743448781382,0.106835257467473
197273.411807,2483866.126422,0.0688199669664159,0.0289961460818499,0.166636080014682,0.340612956505781,0.18663975041292,0.208295100018352
197773.411807,2483866.126422,0.0221896203924445,0.0434623143223913,0.330643682376673,0.375389693746562,0.108380707867229,0.1199339812947
198273.411807,2483866.126422,0.086940572267058,0.055575935436537,0.0873074101247249,0.108033749082905,0.102531181217902,0.559611151870873
193773.411807,2483366.126422,0.00659340659340659,0.0587912087912088,0.406043956043956,0.369047619047619,0.0663003663003663,0.0932234432234432
194273.411807,2483366.126422,0.00752293577981651,0.035045871559633,0.659816513761468,0.163853211009174,0.0653211009174312,0.0684403669724771
194773.411807,2483366.126422,0,0,0.805173362685746,0.194826637314254,0,0
195273.411807,2483366.126422,0,0,0.00787545787545788,0.992124542124542,0,0
195773.411807,2483366.126422,0,0,0,1,0,0
196273.411807,2483366.126422,0.00972298660796184,0.00201797835259585,0.0066042927903137,0.955971381397909,0.0130251330031187,0.0126582278481013
196773.411807,2483366.126422,0.00494505494505494,0.0567765567765568,0.00622710622710623,0.734798534798535,0.0838827838827839,0.113369963369963
197273.411807,2483366.126422,0.00990825688073394,0.0284403669724771,0.295779816513761,0.459816513761468,0.151559633027523,0.0544954128440367
197773.411807,2483366.126422,0,0.0203632361034673,0.650706292423408,0.282700421940928,0.0317372959090075,0.0144927536231884
198273.411807,2483366.126422,0.0166819431714024,0.0359303391384051,0.66672777268561,0.0566452795600367,0.0894592117323556,0.134555453712191
194273.411807,2482866.126422,0.0305860805860806,0.0446886446886447,0.185164835164835,0.558974358974359,0.0855311355311355,0.0950549450549451
194773.411807,2482866.126422,0.0100732600732601,0.0305860805860806,0.398901098901099,0.447802197802198,0.0714285714285714,0.0412087912087912
195273.411807,2482866.126422,0,0.00201686835350202,0.557755775577558,0.435826916024936,0.00403373670700403,0.000366703337000367
195773.411807,2482866.126422,0,0,0,1,0,0
196273.411807,2482866.126422,0,0,0,1,0,0
196773.411807,2482866.126422,0,0,0,1,0,0
197273.411807,2482866.126422,0.023992673992674,0.0252747252747253,0.127472527472527,0.591391941391941,0.145787545787546,0.0860805860805861
197773.411807,2482866.126422,0.0272893772893773,0.0833333333333333,0.443956043956044,0.142490842490842,0.123076923076923,0.17985347985348
198273.411807,2482866.126422,0.0126605504587156,0.173211009174312,0.462018348623853,0.044954128440367,0.119266055045872,0.187889908256881
195273.411807,2482366.126422,0.0355506688656771,0.0513102437236577,0.196811434854316,0.450247388675096,0.122961334066337,0.143118929814917
195773.411807,2482366.126422,0.00623967700495504,0.0211047898697009,0.514222793173059,0.339878876858139,0.0517526151587447,0.066801247935401
196273.411807,2482366.126422,0,0,0.308454061984229,0.691545938015771,0,0
196773.411807,2482366.126422,0,0,0,1,0,0
197273.411807,2482366.126422,0,0,0,1,0,0
197773.411807,2482366.126422,0.022006235099945,0.0568494406748579,0.171465248487071,0.373005684944067,0.0955437373922611,0.281129653401797
198273.411807,2482366.126422,0.02494497432135,0.076485693323551,0.459464416727806,0.203044754218635,0.103448275862069,0.132611885546588
195773.411807,2481866.126422,0.0121100917431193,0.0706422018348624,0.131559633027523,0.499266055045872,0.081651376146789,0.204770642201835
196273.411807,2481866.126422,0.0137589433131535,0.0521005320124748,0.542469271693267,0.245276096129151,0.0656760227481196,0.0807191341038342
196773.411807,2481866.126422,0,0.00879120879120879,0.344688644688645,0.616483516483517,0.023992673992674,0.00604395604395604
197273.411807,2481866.126422,0.00110091743119266,0.023302752293578,0.0702752293577982,0.798348623853211,0.0499082568807339,0.0570642201834862
197773.411807,2481866.126422,0.0155934690882407,0.180150431113557,0.0875068794716566,0.437717849935792,0.0607228031553843,0.21830856723537
198273.411807,2481866.126422,0.0106324472960587,0.118423464711274,0.279010082493126,0.264161319890009,0.117140238313474,0.210632447296059
196773.411807,2481366.126422,0.0254858819215255,0.0539053905390539,0.285295196186285,0.446094609460946,0.0716905023835717,0.117528419508618
197273.411807,2481366.126422,0.0421245421245421,0.0565934065934066,0.238461538461538,0.206410256410256,0.136996336996337,0.319413919413919
197773.411807,2481366.126422,0.00164835164835165,0.0697802197802198,0.543956043956044,0.184615384615385,0.0564102564102564,0.143589743589744
198273.411807,2481366.126422,0.0102752293577982,0.128256880733945,0.307706422018349,0.156146788990826,0.0944954128440367,0.303119266055046
197773.411807,2480866.126422,0.0651017788373372,0.0720704199523198,0.20410783055199,0.36383642031909,0.127452778287181,0.167430772052081
198273.411807,2480866.126422,0.0489728539985326,0.0673147468818782,0.464233308877476,0.181401320616288,0.0674981658107117,0.170579603815114
