"x","y","forest","agri","water","built","other","grass"
300773.411807,2765866.126422,0.052072627612196,0.0184994861253854,0.00376841384035629,0.88968824940048,0.0274066461116821,0.00856457690990065
301273.411807,2765866.126422,0.0366689513365319,0.0106237148732008,0.0394105551747772,0.87731322823852,0.0226182316655243,0.0133653187114462
301773.411807,2765866.126422,0.125384352579433,0.0102494021182098,0.00307482063546293,0.732148957977451,0.0276733857191664,0.101469080970277
302273.411807,2765866.126422,0.00719424460431655,0.00719424460431655,0.00274066461116821,0.958204864679685,0.0171291538198013,0.00753682768071257
302773.411807,2765866.126422,0.108978752570254,0.0411240575736806,0.026045236463331,0.720356408498972,0.0750514050719671,0.0284441398217957
303273.411807,2765866.126422,0.0228903313973352,0.0222070379227878,0.0495387769046806,0.855825076870516,0.0372394943628288,0.0122992825418517
303773.411807,2765866.126422,0.13532031517643,0.0832476875642343,0.152449468996232,0.0308324768756423,0.0315176430284344,0.566632408359027
304273.411807,2765866.126422,0.129540781357094,0.0555174777244688,0.0047978067169294,0.60726525017135,0.121658670322138,0.0812200137080192
304773.411807,2765866.126422,0.0399726682610181,0.0406559617355654,0.0225486846600615,0.772463272975743,0.0720874615647421,0.0522719508028698
305273.411807,2765866.126422,0.0626927029804728,0.053100376841384,0.0181569030489894,0.788968824940048,0.0558410414525522,0.0212401507365536
305773.411807,2765866.126422,0.105209047292666,0.0490061686086361,0.000342700479780672,0.76525017135024,0.0524331734064428,0.0277587388622344
306273.411807,2765866.126422,0.127775879740348,0.0208404509736932,0.00273317389818927,0.678168773488213,0.0960027331738982,0.0744789887256577
306773.411807,2765866.126422,0.548818088386434,0.0746831106543337,0.00548132922233642,0.203836930455636,0.0715998629667694,0.0955806783144913
307273.411807,2765866.126422,0.529129540781357,0.123372172721042,0,0.144962302947224,0.0270733379026731,0.175462645647704
307773.411807,2765866.126422,0.38093611206013,0.109326955927571,0.00341646737273659,0.309873590707209,0.0495387769046806,0.146908097027673
308273.411807,2765866.126422,0.0236382322713258,0.0931825967797191,0.0311750599520384,0.441589585474478,0.0897567660157588,0.32065775950668
308773.411807,2765866.126422,0.467100753941055,0.0167923235092529,0,0.230294722412611,0.0795065113091158,0.206305688827964
309273.411807,2765866.126422,0.635121284591732,0.0211820977109669,0.00204988042364195,0.0936112060129826,0.0652545268192689,0.182781004441408
309773.411807,2765866.126422,0.221651250428229,0.0462487153134635,0.0154162384378212,0.305926687221651,0.121274409044193,0.289482699554642
310273.411807,2765866.126422,0.527758738862234,0.0493488690884167,0.0119945167923235,0.0517477724468814,0.0589444825222755,0.300205620287868
310773.411807,2765866.126422,0.854458489921421,0.00478305432183123,0,0.0286983259309874,0.0222070379227878,0.0898530919029723
311273.411807,2765866.126422,0.381294964028777,0.0626927029804728,0.0253511476533059,0.151079136690647,0.0907845152449469,0.28879753340185
311773.411807,2765866.126422,0.27553118574366,0.0805346127484578,0.00342700479780672,0.169294037011652,0.175462645647704,0.29575051405072
312273.411807,2765866.126422,0.410659378202938,0.0464639562692176,0.00478305432183123,0.10454390160574,0.0744789887256577,0.359070720874616
312773.411807,2765866.126422,0.440219253168893,0.0369989722507708,0.0181569030489894,0.24220623501199,0.111682082905104,0.150736553614251
300773.411807,2765366.126422,0.0322935779816514,0.021651376146789,0.0152293577981651,0.898348623853211,0.0227522935779817,0.00972477064220183
301273.411807,2765366.126422,0.0229315721885892,0.0137589433131535,0.00275178866263071,0.909190974133187,0.0377912309667951,0.0135754907356448
301773.411807,2765366.126422,0.0278388278388278,0.0340659340659341,0.00201465201465201,0.889010989010989,0.0371794871794872,0.00989010989010989
302273.411807,2765366.126422,0.024954128440367,0.0194495412844037,0.0212844036697248,0.884587155963303,0.0363302752293578,0.013394495412844
302773.411807,2765366.126422,0.0715465052283985,0.026967528893781,0.0240322876536415,0.766281416253898,0.0642084021280499,0.0469638598422308
303273.411807,2765366.126422,0.0357142857142857,0.0426739926739927,0.00915750915750916,0.56959706959707,0.0805860805860806,0.262271062271062
303773.411807,2765366.126422,0.0506422018348624,0.0339449541284404,0.109908256880734,0.254678899082569,0.0957798165137615,0.455045871559633
304273.411807,2765366.126422,0.150247660979637,0.0498991010823702,0.0161438268207668,0.515134837644469,0.0996147495872317,0.168959823885526
304773.411807,2765366.126422,0.115018315018315,0.0335164835164835,0.00824175824175824,0.676739926739927,0.0840659340659341,0.0824175824175824
305273.411807,2765366.126422,0.354495412844037,0.0335779816513761,0.00055045871559633,0.527706422018349,0.0493577981651376,0.0343119266055046
305773.411807,2765366.126422,0.684278114107503,0.029535864978903,0,0.0717299578059072,0.0478811227297744,0.166574940377912
306273.411807,2765366.126422,0.453663003663004,0.0822344322344322,0.00256410256410256,0.222344322344322,0.104578754578755,0.134615384615385
306773.411807,2765366.126422,0.414311926605505,0.115963302752294,0.0018348623853211,0.412477064220183,0.00752293577981651,0.0478899082568807
307273.411807,2765366.126422,0.811410750321042,0.0161438268207668,0,0.00275178866263071,0.00843881856540084,0.16125481563016
307773.411807,2765366.126422,0.145054945054945,0.0983516483516483,0.021978021978022,0.283882783882784,0.108058608058608,0.342673992673993
308273.411807,2765366.126422,0.704770642201835,0.0211009174311927,0.0055045871559633,0.171743119266055,0.0198165137614679,0.0770642201834862
308773.411807,2765366.126422,0.772702256466703,0.0289855072463768,0.00476976701522656,0.0185287103283801,0.0194459732159237,0.155567785727389
309273.411807,2765366.126422,0.633150183150183,0.0100732600732601,0,0.0688644688644689,0.0897435897435897,0.198168498168498
309773.411807,2765366.126422,0.678899082568807,0.0409174311926606,0.00422018348623853,0.0601834862385321,0.0480733944954128,0.167706422018349
310273.411807,2765366.126422,0.870299027701339,0.00807191341038342,0,0.000183452577508714,0.00220143093010457,0.119244175380664
310773.411807,2765366.126422,0.857692307692308,0.000732600732600733,0,0.000732600732600733,0.000366300366300366,0.14047619047619
311273.411807,2765366.126422,0.7,0.00458715596330275,0,0.0111926605504587,0.0122935779816514,0.271926605504587
311773.411807,2765366.126422,0.555310952118877,0.0225646670335718,0.00330214639515685,0.0587048248027885,0.0766831773986425,0.283434232250963
312273.411807,2765366.126422,0.693040293040293,0.00146520146520147,0,0.00549450549450549,0.00641025641025641,0.293589743589744
312773.411807,2765366.126422,0.931009174311927,0,0,0,0,0.0689908256880734
300773.411807,2764866.126422,0.0840659340659341,0.0271062271062271,0.00531135531135531,0.812820512820513,0.0397435897435897,0.030952380952381
301273.411807,2764866.126422,0.0265567765567766,0.0119047619047619,0.0122710622710623,0.916849816849817,0.0221611721611722,0.0102564102564103
301773.411807,2764866.126422,0.0209020902090209,0.0163182984965163,0.00678401173450678,0.933810047671434,0.0141180784745141,0.00806747341400807
302273.411807,2764866.126422,0.144505494505494,0.0104395604395604,0.0487179487179487,0.682600732600733,0.0494505494505494,0.0642857142857143
302773.411807,2764866.126422,0.0882783882783883,0.0115384615384615,0.0225274725274725,0.799267399267399,0.0236263736263736,0.0547619047619048
303273.411807,2764866.126422,0.0614228089475614,0.0562889622295563,0.147964796479648,0.395122845617895,0.0986431976530986,0.240557389072241
303773.411807,2764866.126422,0.0985347985347985,0.0532967032967033,0.115567765567766,0.45952380952381,0.0732600732600733,0.19981684981685
304273.411807,2764866.126422,0.147435897435897,0.0725274725274725,0.0175824175824176,0.475641025641026,0.0624542124542125,0.224358974358974
304773.411807,2764866.126422,0.271360469380271,0.0229189585625229,0.0342867620095343,0.613311331133113,0.0231023102310231,0.035020168683535
305273.411807,2764866.126422,0.558241758241758,0.0201465201465201,0.00384615384615385,0.249267399267399,0.0851648351648352,0.0833333333333333
305773.411807,2764866.126422,0.707326007326007,0.0434065934065934,0.0010989010989011,0.10970695970696,0.0523809523809524,0.0860805860805861
306273.411807,2764866.126422,0.462046204620462,0.0733406674000733,0.00055005500550055,0.274294096076274,0.0610561056105611,0.128712871287129
306773.411807,2764866.126422,0.33021978021978,0.0836996336996337,0.00567765567765568,0.449084249084249,0.0523809523809524,0.0789377289377289
307273.411807,2764866.126422,0.165384615384615,0.0844322344322344,0.0274725274725275,0.581135531135531,0.0382783882783883,0.103296703296703
307773.411807,2764866.126422,0.116244957829116,0.101026769343601,0.0254858819215255,0.398973230656399,0.131829849651632,0.226439310597726
308273.411807,2764866.126422,0.462820512820513,0.0712454212454212,0.00311355311355311,0.226190476190476,0.114102564102564,0.122527472527473
308773.411807,2764866.126422,0.860989010989011,0.0146520146520147,0.000183150183150183,0.01996336996337,0.0186813186813187,0.0855311355311355
309273.411807,2764866.126422,0.717821782178218,0.0374037403740374,0.00055005500550055,0.0674734140080675,0.0297029702970297,0.147048038137147
309773.411807,2764866.126422,0.755494505494505,0.0263736263736264,0,0.0168498168498168,0.0173992673992674,0.183882783882784
310273.411807,2764866.126422,0.608791208791209,0.0304029304029304,0,0.00402930402930403,0.00805860805860806,0.348717948717949
310773.411807,2764866.126422,0.917308397506417,0.00531719838650532,0.00055005500550055,0.00293362669600293,0.00421708837550422,0.0696736340300697
311273.411807,2764866.126422,0.715934065934066,0.00879120879120879,0,0.0206959706959707,0.0197802197802198,0.234798534798535
311773.411807,2764866.126422,0.921611721611722,0.000366300366300366,0,0,0.000183150183150183,0.0778388278388278
312273.411807,2764866.126422,0.798129812981298,0.0033003300330033,0,0.0108177484415108,0.0108177484415108,0.176934360102677
312773.411807,2764866.126422,0.776190476190476,0.00164835164835165,0,0.00384615384615385,0.00787545787545788,0.21043956043956
300773.411807,2764366.126422,0.579005322077445,0.0104606349788952,0,0.269407230684529,0.0324830244081483,0.108643787850982
301273.411807,2764366.126422,0.163579680909591,0.0150375939849624,0.00476801760498808,0.732807628828168,0.0526315789473684,0.0311754997249221
301773.411807,2764366.126422,0.101887483965549,0.0111783030969397,0.0157595748579806,0.842037749679311,0.0177753344328386,0.0113615539673813
302273.411807,2764366.126422,0.298403376766379,0.0214718296935217,0.0082583960359699,0.565424848596073,0.0407414204441182,0.0657001284639383
302773.411807,2764366.126422,0.207225380524482,0.0836236933797909,0.152759948652118,0.282046579864295,0.0456629378323858,0.228681459746928
303273.411807,2764366.126422,0.0117280557082646,0.0705515851200293,0.215869525380246,0.457577423492762,0.0569910207073484,0.187282389591351
303773.411807,2764366.126422,0.154340245916682,0.0293631859056708,0.0800146815929528,0.544320058726372,0.0785465222976693,0.113415305560653
304273.411807,2764366.126422,0.108747478452228,0.0471300201723822,0.0429121584448927,0.597652668256006,0.0935264991747662,0.110031175499725
304773.411807,2764366.126422,0.0463624702217336,0.0617555433388309,0.055158512002932,0.690489279824079,0.0525929998167491,0.0936411947956753
305273.411807,2764366.126422,0.235639566893008,0.0456964580657001,0.00660671682877592,0.596072673885117,0.073040924940356,0.0429436593870435
305773.411807,2764366.126422,0.101045296167247,0.057216211259857,0.0761048963873097,0.451494590133871,0.0812396845772969,0.232899321474418
306273.411807,2764366.126422,0.251420194245923,0.0472787245739417,0.00201575957485798,0.490929081913139,0.0846619021440352,0.123694337548103
306773.411807,2764366.126422,0.175261515874472,0.0868049183336392,0.0108276748027161,0.553679574233804,0.0998348320792806,0.0735914846760874
307273.411807,2764366.126422,0.103612690262241,0.0465798642948836,0.0273244085824317,0.63194571795342,0.102879149092243,0.0876581698147808
307773.411807,2764366.126422,0.101337731354224,0.0513102437236577,0.034084661902144,0.395272127542606,0.146050943741983,0.271944291735386
308273.411807,2764366.126422,0.315654248485961,0.0721233253808038,0.00752431638832813,0.344833914479721,0.141677371994861,0.118186823270325
308773.411807,2764366.126422,0.517696680726206,0.0865578580597836,0.00348432055749129,0.157711351549606,0.0962772785622593,0.138272510544654
309273.411807,2764366.126422,0.407183434121312,0.0736668499175371,0.0089792926516401,0.176653839105736,0.0888766721641928,0.244639912039582
309773.411807,2764366.126422,0.820150486327767,0.0143145531290145,0,0.00440447788585061,0.000734079647641769,0.160396403009727
310273.411807,2764366.126422,0.859526865945351,0.00733541169998166,0,0.00935264991747662,0.00586832935998533,0.117916743077205
310773.411807,2764366.126422,0.727139453912406,0.000366501740883269,0,0.000916254352208173,0.00384826827927433,0.267729521715228
311273.411807,2764366.126422,0.76748027160947,0.00275279867865663,0,0.00238575885483575,0.00293631859056708,0.224444852266471
311773.411807,2764366.126422,0.879515862827801,0.00110031175499725,0,0.00421786172748946,0.00421786172748946,0.110948101962223
312273.411807,2764366.126422,0.718160161260766,0.000549752611324904,0,0.0168590800806304,0.017042330951072,0.247388675096207
312773.411807,2764366.126422,0.704349421912277,0.00679023674068636,0,0.00752431638832813,0.0205542301339695,0.260781794824739
300773.411807,2763866.126422,0.226605504587156,0.0181651376146789,0,0.587522935779817,0.071743119266055,0.0959633027522936
301273.411807,2763866.126422,0.0730141258484682,0.0183452577508714,0.00605393505778756,0.809392771968446,0.0715465052283985,0.0216474041460283
301773.411807,2763866.126422,0.644505494505495,0.0184981684981685,0.000915750915750916,0.208424908424908,0.0285714285714286,0.0990842490842491
302273.411807,2763866.126422,0.24,0.0414678899082569,0.0209174311926606,0.481834862385321,0.0647706422018349,0.151009174311927
302773.411807,2763866.126422,0.0770500825536599,0.0456796917996698,0.127866446523574,0.32232617868281,0.089157952669235,0.337919647771051
303273.411807,2763866.126422,0.278205128205128,0.0111721611721612,0.00512820512820513,0.196153846153846,0.0646520146520147,0.444688644688645
303773.411807,2763866.126422,0.273577981651376,0.0223853211009174,0.04,0.348623853211009,0.0418348623853211,0.273577981651376
304273.411807,2763866.126422,0.0546688680975968,0.0258668134287287,0.0333883691065859,0.852320675105485,0.0275178866263071,0.00623738763529628
304773.411807,2763866.126422,0.0181318681318681,0.00769230769230769,0.0111721611721612,0.939010989010989,0.0227106227106227,0.00128205128205128
305273.411807,2763866.126422,0.058348623853211,0.0330275229357798,0.0785321100917431,0.651743119266055,0.0842201834862385,0.0941284403669725
305773.411807,2763866.126422,0.0893414052467437,0.0418271876719868,0.0599889928453495,0.574573472757292,0.0715465052283985,0.162722436250229
306273.411807,2763866.126422,0.0754578754578755,0.0296703296703297,0.0119047619047619,0.703846153846154,0.118315018315018,0.0608058608058608
306773.411807,2763866.126422,0.0510091743119266,0.0278899082568807,0.0546788990825688,0.699266055045872,0.0897247706422018,0.0774311926605505
307273.411807,2763866.126422,0.0625573289304715,0.0390753990093561,0.0486149330398092,0.562282150064208,0.0908090258668134,0.196661163089341
307773.411807,2763866.126422,0.379120879120879,0.0380952380952381,0.0327838827838828,0.141391941391941,0.0875457875457875,0.321062271062271
308273.411807,2763866.126422,0.659633027522936,0.0394495412844037,0.00385321100917431,0.0405504587155963,0.0223853211009174,0.234128440366972
308773.411807,2763866.126422,0.678407631627224,0.0176114474408365,0.00110071546505228,0.0394423041643735,0.0203632361034673,0.243074665199046
309273.411807,2763866.126422,0.801465201465202,0.00787545787545788,0,0.0265567765567766,0.0184981684981685,0.145604395604396
309773.411807,2763866.126422,0.86954128440367,0.00018348623853211,0,0.00348623853211009,0.00330275229357798,0.12348623853211
310273.411807,2763866.126422,0.882590350394423,0,0,0.001284168042561,0.00091726288754357,0.115208218675472
310773.411807,2763866.126422,0.953113553113553,0.00201465201465201,0,0,0,0.0448717948717949
311273.411807,2763866.126422,0.915045871559633,0,0,0,0,0.084954128440367
311773.411807,2763866.126422,0.89157952669235,0.00532012474775271,0,0.000733810310034856,0.00201797835259585,0.100348559897267
312273.411807,2763866.126422,0.865567765567766,0.00183150183150183,0,0.00402930402930403,0.00476190476190476,0.123809523809524
312773.411807,2763866.126422,0.983119266055046,0,0,0,0,0.0168807339449541
300773.411807,2763366.126422,0.53956043956044,0.01996336996337,0,0.104029304029304,0.0915750915750916,0.244871794871795
301273.411807,2763366.126422,0.538827838827839,0.0884615384615385,0.000915750915750916,0.168315018315018,0.0358974358974359,0.167582417582418
301773.411807,2763366.126422,0.533736707004034,0.0181518151815182,0.00586725339200587,0.202603593692703,0.0533553355335534,0.186285295196186
302273.411807,2763366.126422,0.0554945054945055,0.0316849816849817,0.0153846153846154,0.504212454212454,0.0855311355311355,0.307692307692308
302773.411807,2763366.126422,0.0313186813186813,0.039010989010989,0.168315018315018,0.312271062271062,0.0441391941391941,0.404945054945055
303273.411807,2763366.126422,0.236340300696736,0.0192519251925193,0.000733406674000733,0.342134213421342,0.0636230289695636,0.337917125045838
303773.411807,2763366.126422,0.136263736263736,0.021978021978022,0.0245421245421245,0.563919413919414,0.0556776556776557,0.197619047619048
304273.411807,2763366.126422,0.103296703296703,0.026007326007326,0.0152014652014652,0.717948717948718,0.0778388278388278,0.0597069597069597
304773.411807,2763366.126422,0.0339200586725339,0.0341034103410341,0.0403373670700403,0.848184818481848,0.0355702236890356,0.00788412174550788
305273.411807,2763366.126422,0.0445054945054945,0.0298534798534799,0.0901098901098901,0.676190476190476,0.0798534798534798,0.0794871794871795
305773.411807,2763366.126422,0.0666666666666667,0.0274725274725275,0.0401098901098901,0.387179487179487,0.0747252747252747,0.403846153846154
306273.411807,2763366.126422,0.226072607260726,0.0553722038870554,0.0687568756875688,0.368353502016868,0.111111111111111,0.17033370003667
306773.411807,2763366.126422,0.480769230769231,0.0443223443223443,0.00842490842490842,0.0633699633699634,0.0395604395604396,0.363553113553114
307273.411807,2763366.126422,0.560622710622711,0.0283882783882784,0,0.0254578754578755,0.0575091575091575,0.328021978021978
307773.411807,2763366.126422,0.381921525485882,0.0187018701870187,0,0.0432709937660433,0.0678401173450678,0.488265493215988
308273.411807,2763366.126422,0.906776556776557,0.000915750915750916,0,0.0146520146520147,0.00860805860805861,0.0690476190476191
308773.411807,2763366.126422,0.560622710622711,0.00531135531135531,0,0.0437728937728938,0.0558608058608059,0.334432234432234
309273.411807,2763366.126422,0.795929592959296,0.00201686835350202,0,0.0209020902090209,0.0122845617895123,0.168866886688669
309773.411807,2763366.126422,0.922710622710623,0.000732600732600733,0,0.00494505494505494,0.00421245421245421,0.0673992673992674
310273.411807,2763366.126422,0.956227106227106,0,0,0.00183150183150183,0.00146520146520147,0.0404761904761905
310773.411807,2763366.126422,0.978547854785479,0,0,0,0,0.0214521452145215
311273.411807,2763366.126422,0.926923076923077,0,0,0,0.000183150183150183,0.0728937728937729
311773.411807,2763366.126422,0.882600732600733,0,0,0.00256410256410256,0.00366300366300366,0.111172161172161
312273.411807,2763366.126422,0.916941694169417,0.0033003300330033,0.000916758342500917,0.00275027502750275,0.0121012101210121,0.063989732306564
312773.411807,2763366.126422,0.954578754578755,0,0,0,0,0.0454212454212454
300773.411807,2762866.126422,0.882914296201138,0.0113782345384474,0,0.00201871903101487,0.0047715177096715,0.0989172325197284
301273.411807,2762866.126422,0.819182101595452,0.00238400880249404,0,0.00275077938749312,0.00385109114249037,0.17183201907207
301773.411807,2762866.126422,0.797691039032435,0.0042147700201576,0.00256551218618288,0.0624885468205974,0.0161260765988638,0.116914055341763
302273.411807,2762866.126422,0.0836850798311617,0.0526702147182969,0.02073775004588,0.699944944026427,0.058909891723252,0.0840521196549826
302773.411807,2762866.126422,0.0568494406748579,0.0269576379974326,0.0871080139372822,0.437190537318907,0.0964606638547588,0.295433706216761
303273.411807,2762866.126422,0.0921751878321422,0.043613707165109,0.123877588418545,0.443467106468756,0.0659703133589885,0.23089609675646
303773.411807,2762866.126422,0.0757937236190127,0.0211047898697009,0.0326665443200587,0.780510185355111,0.0532207744540283,0.0367039823820885
304273.411807,2762866.126422,0.0920594168347699,0.0377773702549056,0.0137538969374656,0.756831102145608,0.0783055198973042,0.0212726939299468
304773.411807,2762866.126422,0.0711013377313542,0.0199743448781382,0.0181418361737218,0.799157045995968,0.0558915154846986,0.0357339197361187
305273.411807,2762866.126422,0.118553863094146,0.0374380620297302,0.0941457148100569,0.677555514773353,0.0420260598274913,0.030280785465223
305773.411807,2762866.126422,0.322758114799193,0.0766550522648084,0.033192737942417,0.225013753896937,0.0674857876398313,0.274894553456813
306273.411807,2762866.126422,0.695803555066887,0.00568077698369067,0.000183250870441635,0.00696353307678211,0.0157595748579806,0.275609309144218
306773.411807,2762866.126422,0.644521930629473,0.00256927876674619,0.00256927876674619,0.0519361350706552,0.0233070288126262,0.275096347953753
307273.411807,2762866.126422,0.607005318173482,0.00128369704749679,0,0.00550155877498625,0.004401247019989,0.381808178984045
307773.411807,2762866.126422,0.703316840754994,0.0122778083195895,0.000183250870441635,0.0128275609309144,0.0119113065787062,0.259483232545355
308273.411807,2762866.126422,0.645072490365205,0.00220223894292531,0,0.0104606349788952,0.0119287942741787,0.330335841438796
308773.411807,2762866.126422,0.678525582248304,0.000550155877498625,0,0.0102695763799743,0.0110031175499725,0.299651567944251
309273.411807,2762866.126422,0.771486164559282,0.0335349092908191,0,0.00916254352208173,0.00787978742899029,0.177936595198827
309773.411807,2762866.126422,0.712057258212516,0.00293631859056708,0,0.015782712424298,0.0115617544503579,0.257661956322261
310273.411807,2762866.126422,0.679442508710801,0.000366770584999083,0,0.00788556757748029,0.0141206675224647,0.298184485604255
310773.411807,2762866.126422,0.887117463807953,0,0,0.00201575957485798,0.00238226131574125,0.108484515301448
311273.411807,2762866.126422,0.958891539732061,0.000183519911910442,0,0.00201871903101487,0.000917599559552211,0.0379886217654616
311773.411807,2762866.126422,0.973959288465065,0,0,0,0.000183385292499542,0.0258573262424354
312273.411807,2762866.126422,0.969946857247572,0,0,0,0,0.0300531427524281
312773.411807,2762866.126422,0.955221141493852,0,0,0,0,0.0447788585061479
300773.411807,2762366.126422,0.948256880733945,0.00018348623853211,0,0,0,0.0515596330275229
301273.411807,2762366.126422,0.944230416437351,0,0,0.000366905155017428,0.001284168042561,0.0541185103650706
301773.411807,2762366.126422,0.617765567765568,0.0119047619047619,0.00457875457875458,0.11007326007326,0.0534798534798535,0.202197802197802
302273.411807,2762366.126422,0.108073394495413,0.0227522935779817,0.0264220183486239,0.709724770642202,0.0577981651376147,0.0752293577981651
302773.411807,2762366.126422,0.153366354797285,0.0238488350761328,0.00403595670519171,0.163639699137773,0.100348559897267,0.554760594386351
303273.411807,2762366.126422,0.0879120879120879,0.0413919413919414,0.0316849816849817,0.288095238095238,0.129120879120879,0.421794871794872
303773.411807,2762366.126422,0.152110091743119,0.0304587155963303,0.134128440366972,0.19302752293578,0.0462385321100917,0.444036697247706
304273.411807,2762366.126422,0.149880755824619,0.0396257567418822,0.0216474041460283,0.604292790313704,0.100715465052284,0.0838378279214823
304773.411807,2762366.126422,0.0847985347985348,0.0304029304029304,0.032051282051282,0.747435897435897,0.0673992673992674,0.0379120879120879
305273.411807,2762366.126422,0.447339449541284,0.0491743119266055,0.00587155963302752,0.326422018348624,0.0935779816513762,0.0776146788990826
305773.411807,2762366.126422,0.780590717299578,0.00880572372041827,0,0.00476976701522656,0.00807191341038342,0.197761878554394
306273.411807,2762366.126422,0.668315018315018,0,0,0.00879120879120879,0,0.322893772893773
306773.411807,2762366.126422,0.751376146788991,0.00110091743119266,0,0.00055045871559633,0.00055045871559633,0.246422018348624
307273.411807,2762366.126422,0.509998165474225,0.00513667217024399,0,0.0264171711612548,0.0223812144560631,0.436066776738213
307773.411807,2762366.126422,0.927655677655678,0,0,0.000549450549450549,0.00274725274725275,0.0690476190476191
308273.411807,2762366.126422,0.718899082568807,0.00532110091743119,0,0.0036697247706422,0.00660550458715596,0.265504587155963
308773.411807,2762366.126422,0.470188956154834,0.00587048248027885,0,0.0247660979636764,0.0267840763162722,0.472390387084939
309273.411807,2762366.126422,0.521245421245421,0.00531135531135531,0,0.0472527472527473,0.0501831501831502,0.376007326007326
309773.411807,2762366.126422,0.706422018348624,0.00146788990825688,0,0.00660550458715596,0.0154128440366972,0.270091743119266
310273.411807,2762366.126422,0.684461566685012,0.00293524124013942,0.000366905155017428,0.016694184553293,0.023115024766098,0.27242707760044
310773.411807,2762366.126422,0.96978021978022,0.000366300366300366,0,0,0,0.0298534798534799
311273.411807,2762366.126422,0.943669724770642,0.00018348623853211,0,0.00128440366972477,0.00458715596330275,0.0502752293577982
311773.411807,2762366.126422,0.993946064942212,0,0,0,0,0.00605393505778756
312273.411807,2762366.126422,0.996153846153846,0,0,0,0,0.00384615384615385
312773.411807,2762366.126422,0.963669724770642,0,0,0,0,0.0363302752293578
300773.411807,2761866.126422,0.943040293040293,0,0,0,0,0.056959706959707
301273.411807,2761866.126422,0.808974358974359,0.00860805860805861,0.0032967032967033,0.0547619047619048,0.0313186813186813,0.093040293040293
301773.411807,2761866.126422,0.122295562889622,0.118995232856619,0.0122845617895123,0.55958929226256,0.0836083608360836,0.103226989365603
302273.411807,2761866.126422,0.084981684981685,0.00952380952380952,0.0675824175824176,0.569230769230769,0.0761904761904762,0.192490842490843
302773.411807,2761866.126422,0.0888278388278388,0.0122710622710623,0.0293040293040293,0.511538461538461,0.100549450549451,0.257509157509157
303273.411807,2761866.126422,0.214704803813715,0.0144847818115145,0.00715071507150715,0.391822515584892,0.103410341034103,0.268426842684268
303773.411807,2761866.126422,0.100915750915751,0.0161172161172161,0.0461538461538462,0.446153846153846,0.084981684981685,0.305677655677656
304273.411807,2761866.126422,0.120695970695971,0.0443223443223443,0.058974358974359,0.475091575091575,0.102014652014652,0.198901098901099
304773.411807,2761866.126422,0.372570590392373,0.0172350568390172,0.000733406674000733,0.543087642097543,0.0449211587825449,0.0214521452145215
305273.411807,2761866.126422,0.652747252747253,0.0238095238095238,0.000549450549450549,0.0805860805860806,0.0584249084249084,0.183882783882784
305773.411807,2761866.126422,0.681318681318681,0.0113553113553114,0.00549450549450549,0.0133699633699634,0.0210622710622711,0.267399267399267
306273.411807,2761866.126422,0.33039970663733,0.00055005500550055,0.000366703337000367,0.046021268793546,0.0203520352035204,0.602310231023102
306773.411807,2761866.126422,0.509340659340659,0.00347985347985348,0,0.00476190476190476,0.00952380952380952,0.472893772893773
307273.411807,2761866.126422,0.832051282051282,0.0010989010989011,0,0.00238095238095238,0.00293040293040293,0.161538461538462
307773.411807,2761866.126422,0.845801246791346,0.0011001100110011,0,0.00183351668500183,0.00403373670700403,0.147231389805647
308273.411807,2761866.126422,0.914835164835165,0.00128205128205128,0,0,0.0010989010989011,0.0827838827838828
308773.411807,2761866.126422,0.775274725274725,0.000549450549450549,0,0.00164835164835165,0.00402930402930403,0.218498168498168
309273.411807,2761866.126422,0.947561422808948,0,0,0,0,0.0524385771910524
309773.411807,2761866.126422,0.994322344322344,0,0,0,0,0.00567765567765568
310273.411807,2761866.126422,0.928205128205128,0.00238095238095238,0,0.00183150183150183,0.00824175824175824,0.0593406593406593
310773.411807,2761866.126422,0.988815548221489,0,0,0,0,0.0111844517785112
311273.411807,2761866.126422,0.902747252747253,0,0,0.000732600732600733,0.000732600732600733,0.0957875457875458
311773.411807,2761866.126422,0.983699633699634,0,0,0.000366300366300366,0,0.0159340659340659
312273.411807,2761866.126422,0.945727906123946,0,0,0.00531719838650532,0.00201686835350202,0.0469380271360469
312773.411807,2761866.126422,0.954212454212454,0.000915750915750916,0,0.000549450549450549,0.000549450549450549,0.0437728937728938
300773.411807,2761366.126422,0.584694439346669,0.0139475133051936,0.0012846393833731,0.17434391631492,0.071389245733162,0.154340245916682
301273.411807,2761366.126422,0.154227030992114,0.026407482119934,0.00495140289748762,0.554557124518614,0.105996699064735,0.153860260407115
301773.411807,2761366.126422,0.258200476452263,0.0500274876305662,0.0047645226314825,0.514385193329668,0.10536925050394,0.0672530694520799
302273.411807,2761366.126422,0.310148651128647,0.0205542301339695,0.00440447788585061,0.341347036153423,0.100018351991191,0.223527252706919
302773.411807,2761366.126422,0.358885017421603,0.0113698881349716,0.0102695763799743,0.304969741426738,0.0882083256922795,0.226297450944434
303273.411807,2761366.126422,0.288436870075133,0.0705515851200293,0.00549752611324904,0.0470954737035001,0.0350009162543522,0.553417628733736
303773.411807,2761366.126422,0.184070471646174,0.0240411084602679,0.0275279867865663,0.525050467975775,0.0768948430904753,0.162415122040741
304273.411807,2761366.126422,0.0990280579497524,0.033192737942417,0.137355584082157,0.617274894553457,0.0504309554373739,0.0627177700348432
304773.411807,2761366.126422,0.924500641378047,0.015026571376214,0.000733003481766538,0.0273043796958036,0.00586402785413231,0.026571376214037
305273.411807,2761366.126422,0.786933382271977,0.00367039823820885,0,0.00844191594788034,0.0135804734813727,0.187373830060562
305773.411807,2761366.126422,0.737759031725656,0.00733541169998166,0.0104529616724739,0.059600220062351,0.0229231615624427,0.161929213277095
306273.411807,2761366.126422,0.761590617555433,0.00238226131574125,0,0.00348176653839106,0.00384826827927433,0.22869708631116
306773.411807,2761366.126422,0.977060011011195,0,0,0,0,0.0229399889888053
307273.411807,2761366.126422,0.640381441408399,0.00201723821749496,0,0.0148542086924629,0.0174216027874564,0.325325508894187
307773.411807,2761366.126422,0.899395272127543,0,0,0.00568077698369067,0.00384826827927433,0.0910756826094924
308273.411807,2761366.126422,0.874839420077078,0,0,0.00935951550743256,0.0106441548908057,0.105156909524683
308773.411807,2761366.126422,0.882450027507794,0.00605171465248487,0,0.00403447643498991,0.00825233816247937,0.099211443242252
309273.411807,2761366.126422,0.979292651640095,0,0,0,0,0.0207073483599047
309773.411807,2761366.126422,0.990456964580657,0,0,0.000550559735731327,0.000367039823820885,0.00862543585979079
310273.411807,2761366.126422,0.937098844672657,0.000366770584999083,0,0.000183385292499542,0.000733541169998166,0.061617458279846
310773.411807,2761366.126422,0.976360637713029,0,0,0,0,0.0236393622869709
311273.411807,2761366.126422,0.82161864562305,0.000917599559552211,0,0.0341347036153423,0.022389429253074,0.120939621948981
311773.411807,2761366.126422,0.837704016137906,0.000733541169998166,0,0.00678525582248304,0.0146708233999633,0.14010636346965
312273.411807,2761366.126422,0.85981308411215,0.000549752611324904,0,0.00366501740883269,0.00586402785413231,0.130108118013561
312773.411807,2761366.126422,0.878693338227198,0.00201871903101487,0,0.0082583960359699,0.0148651128647458,0.0961644338410718
300773.411807,2760866.126422,0.348440366972477,0.0260550458715596,0.00055045871559633,0.213761467889908,0.107155963302752,0.304036697247706
301273.411807,2760866.126422,0.366905155017428,0.0100898917629793,0.00697119794533113,0.2168409466153,0.105118326912493,0.294074481746469
301773.411807,2760866.126422,0.337728937728938,0.0234432234432234,0,0.276190476190476,0.150732600732601,0.211904761904762
302273.411807,2760866.126422,0.43743119266055,0.0710091743119266,0.0222018348623853,0.180550458715596,0.0678899082568807,0.220917431192661
302773.411807,2760866.126422,0.419922949917446,0.0078884608328747,0,0.146211704274445,0.0522839845899835,0.37369290038525
303273.411807,2760866.126422,0.573443223443223,0.021978021978022,0.00732600732600733,0.12985347985348,0.0714285714285714,0.195970695970696
303773.411807,2760866.126422,0.637981651376147,0.0291743119266055,0.00036697247706422,0.107339449541284,0.0458715596330275,0.179266055045872
304273.411807,2760866.126422,0.101632727939828,0.0273344340487984,0.165290772335351,0.570904421207118,0.0838378279214823,0.0509998165474225
304773.411807,2760866.126422,0.57014652014652,0.0148351648351648,0.000366300366300366,0.175457875457875,0.0846153846153846,0.154578754578755
305273.411807,2760866.126422,0.595963302752294,0.00899082568807339,0.00073394495412844,0.173577981651376,0.058348623853211,0.162385321100917
305773.411807,2760866.126422,0.583012291322693,0.020546688680976,0.00495321959273528,0.172445422858191,0.0649422124380847,0.15410016510732
306273.411807,2760866.126422,0.576373626373626,0.0155677655677656,0.00659340659340659,0.250732600732601,0.0785714285714286,0.0721611721611722
306773.411807,2760866.126422,0.493394495412844,0.0277064220183486,0.00055045871559633,0.259633027522936,0.0811009174311927,0.137614678899083
307273.411807,2760866.126422,0.675472390387085,0.00972298660796184,0,0.0735644835809943,0.0697119794533113,0.171528159970648
307773.411807,2760866.126422,0.965567765567766,0.0021978021978022,0,0.00183150183150183,0.00293040293040293,0.0274725274725275
308273.411807,2760866.126422,0.990275229357798,0.00055045871559633,0,0,0,0.00917431192660551
308773.411807,2760866.126422,0.946982205099982,0.0273344340487984,0,0,0.000183452577508714,0.0254999082737112
309273.411807,2760866.126422,0.804761904761905,0.00915750915750916,0,0.0142857142857143,0.0173992673992674,0.154395604395604
309773.411807,2760866.126422,0.792844036697248,0.00275229357798165,0,0.00917431192660551,0.0229357798165138,0.172293577981651
310273.411807,2760866.126422,0.918363603008622,0,0,0.000733810310034856,0.000183452577508714,0.0807191341038342
310773.411807,2760866.126422,0.777838827838828,0.00183150183150183,0,0.0210622710622711,0.0230769230769231,0.176190476190476
311273.411807,2760866.126422,0.944403669724771,0.000917431192660551,0,0.00055045871559633,0.00146788990825688,0.0526605504587156
311773.411807,2760866.126422,0.987892129884425,0,0,0,0,0.0121078701155751
312273.411807,2760866.126422,0.983333333333333,0,0,0,0,0.0166666666666667
312773.411807,2760866.126422,0.985688073394495,0,0,0,0,0.0143119266055046
300773.411807,2760366.126422,0.455677655677656,0.0163003663003663,0.000915750915750916,0.184615384615385,0.0822344322344322,0.26025641025641
301273.411807,2760366.126422,0.464102564102564,0.0188644688644689,0.000732600732600733,0.138095238095238,0.086996336996337,0.291208791208791
301773.411807,2760366.126422,0.35001833516685,0.0258525852585259,0.0355702236890356,0.231939860652732,0.207554088742208,0.149064906490649
302273.411807,2760366.126422,0.48003663003663,0.0108058608058608,0.0210622710622711,0.153479853479853,0.144322344322344,0.19029304029304
302773.411807,2760366.126422,0.516483516483517,0.00805860805860806,0,0.112820512820513,0.0514652014652015,0.311172161172161
303273.411807,2760366.126422,0.714154748808214,0.0264026402640264,0.000733406674000733,0.0759075907590759,0.0740740740740741,0.108727539420609
303773.411807,2760366.126422,0.761721611721612,0.00952380952380952,0.000183150183150183,0.120512820512821,0.0142857142857143,0.0937728937728938
304273.411807,2760366.126422,0.5,0.00915750915750916,0.131868131868132,0.0703296703296703,0.0382783882783883,0.2503663003663
304773.411807,2760366.126422,0.368536853685369,0.0286028602860286,0.169050238357169,0.0962596259625963,0.0231023102310231,0.314448111477814
305273.411807,2760366.126422,0.471062271062271,0.0241758241758242,0.0108058608058608,0.244871794871795,0.0714285714285714,0.177655677655678
305773.411807,2760366.126422,0.472893772893773,0.0366300366300366,0.00238095238095238,0.187362637362637,0.0875457875457875,0.213186813186813
306273.411807,2760366.126422,0.766593325999267,0.0203520352035204,0.000366703337000367,0.0656398973230656,0.0271360469380271,0.11991199119912
306773.411807,2760366.126422,0.873076923076923,0.00750915750915751,0,0.00366300366300366,0.00787545787545788,0.107875457875458
307273.411807,2760366.126422,0.69981684981685,0.0133699633699634,0,0.0294871794871795,0.0399267399267399,0.217399267399267
307773.411807,2760366.126422,0.812247891455812,0.0154015401540154,0,0.0192519251925193,0.0221855518885222,0.130913091309131
308273.411807,2760366.126422,0.676007326007326,0.0529304029304029,0,0.0212454212454212,0.0576923076923077,0.192124542124542
308773.411807,2760366.126422,0.856959706959707,0.00805860805860806,0,0.00732600732600733,0.0139194139194139,0.113736263736264
309273.411807,2760366.126422,0.827649431609828,0.0099009900990099,0,0.00935093509350935,0.0256692335900257,0.127429409607627
309773.411807,2760366.126422,0.897069597069597,0.0120879120879121,0,0.00531135531135531,0.00750915750915751,0.078021978021978
310273.411807,2760366.126422,0.86043956043956,0.000366300366300366,0,0.000183150183150183,0.00293040293040293,0.136080586080586
310773.411807,2760366.126422,0.875137513751375,0,0,0,0,0.124862486248625
311273.411807,2760366.126422,0.909340659340659,0.000183150183150183,0,0.00146520146520147,0.00384615384615385,0.0851648351648352
311773.411807,2760366.126422,0.984432234432234,0,0,0,0,0.0155677655677656
312273.411807,2760366.126422,0.996149614961496,0,0,0,0,0.00385038503850385
312773.411807,2760366.126422,0.906227106227106,0,0,0.00238095238095238,0.000915750915750916,0.0904761904761905
300773.411807,2759866.126422,0.414020921269958,0.0642319691686548,0.0012846393833731,0.290695540466141,0.110662506881997,0.119104422829877
301273.411807,2759866.126422,0.874381074637814,0.00165046763249587,0,0.0115532734274711,0.0066018705299835,0.105813313772235
301773.411807,2759866.126422,0.874289902877039,0.0273043796958036,0,0.0214403518416712,0.0320689023272861,0.0448964632582005
302273.411807,2759866.126422,0.607817948247385,0.0247751881079097,0,0.0741420444118187,0.117085703798862,0.176179115434025
302773.411807,2759866.126422,0.586832935998533,0.0128369704749679,0.0298918026774253,0.0414450761048964,0.0275077938749312,0.301485420869246
303273.411807,2759866.126422,0.319956019791094,0.0196078431372549,0.126443100604728,0.259483232545355,0.0417811984606927,0.232728605460876
303773.411807,2759866.126422,0.148651128647458,0.0317489447605065,0.138924573316205,0.34850431271793,0.0677188474949532,0.264452193062947
304273.411807,2759866.126422,0.580781221346048,0.01998899688245,0.119567210709701,0.0555657436273611,0.053181734824867,0.170915092609573
304773.411807,2759866.126422,0.591350558915155,0.009529045262965,0.000549752611324904,0.0588235294117647,0.0346344145134689,0.305112699285322
305273.411807,2759866.126422,0.77573866764544,0.0130299137456414,0.051018535511103,0.0495503762158194,0.0121123141860892,0.0985501926959075
305773.411807,2759866.126422,0.925912341830185,0.000916926462497708,0,0,0,0.0731707317073171
