"x","y","forest","agri","water","built","other","grass"
160773.411807,2571866.126422,0.0512820512820513,0.398351648351648,0.0846153846153846,0.245238095238095,0.126739926739927,0.0937728937728938
161273.411807,2571866.126422,0.0385321100917431,0.239449541284404,0.274862385321101,0.159449541284404,0.100366972477064,0.187339449541284
161773.411807,2571866.126422,0.0203632361034673,0.274628508530545,0.188589249678958,0.196477710511833,0.0876903320491653,0.232250963126032
162273.411807,2571866.126422,0.0234432234432234,0.45952380952381,0.000549450549450549,0.295787545787546,0.113553113553114,0.107142857142857
162773.411807,2571866.126422,0.0161467889908257,0.542935779816514,0.00348623853211009,0.384770642201835,0.0319266055045872,0.0207339449541284
163273.411807,2571866.126422,0.0249495505411851,0.377545404512933,0.015410016510732,0.335534764263438,0.110071546505228,0.136488717666483
163773.411807,2571866.126422,0.0598901098901099,0.193772893772894,0.00714285714285714,0.461538461538462,0.164835164835165,0.112820512820513
164273.411807,2571866.126422,0.0390825688073395,0.461100917431193,0.00018348623853211,0.240550458715596,0.130091743119266,0.128990825688073
164773.411807,2571866.126422,0.0299027701339204,0.489818381948266,0.0717299578059072,0.172445422858191,0.0975967712346359,0.138506696019079
165273.411807,2571866.126422,0.00384615384615385,0.642307692307692,0.0926739926739927,0.111721611721612,0.0842490842490843,0.0652014652014652
165773.411807,2571866.126422,0.0130275229357798,0.508623853211009,0.0289908256880734,0.285321100917431,0.113761467889908,0.0502752293577982
166273.411807,2571866.126422,0.116492386718033,0.27958172812328,0.104017611447441,0.141992294991745,0.0952118877270226,0.262704090992478
166773.411807,2571866.126422,0.0120879120879121,0.226556776556777,0.397069597069597,0.198168498168498,0.102747252747253,0.0633699633699634
167273.411807,2571866.126422,0.0763302752293578,0.168073394495413,0.165871559633028,0.23743119266055,0.149724770642202,0.20256880733945
167773.411807,2571866.126422,0.149697303247111,0.271509814712897,0.0429279031370391,0.0871399743166392,0.100898917629793,0.347826086956522
168273.411807,2571866.126422,0.0263736263736264,0.593406593406593,0.0122710622710623,0.215934065934066,0.0441391941391941,0.107875457875458
168773.411807,2571866.126422,0.0299082568807339,0.519082568807339,0.0055045871559633,0.164220183486239,0.0891743119266055,0.192110091743119
169273.411807,2571866.126422,0.00807191341038342,0.182902219776188,0.261786828104935,0.354246927169327,0.0544854155200881,0.138506696019079
169773.411807,2571866.126422,0.00494505494505494,0.181135531135531,0.350549450549451,0.326373626373626,0.0565934065934066,0.0804029304029304
170273.411807,2571866.126422,0.0108256880733945,0.14605504587156,0.480550458715596,0.136697247706422,0.0601834862385321,0.165688073394495
170773.411807,2571866.126422,0.0163272793982755,0.175197211520822,0.504678040726472,0.114474408365438,0.120711796000734,0.068611263988259
171273.411807,2571866.126422,0.0271062271062271,0.83003663003663,0.00476190476190476,0.0582417582417582,0.0181318681318681,0.0617216117216117
171773.411807,2571866.126422,0.0205504587155963,0.890091743119266,0.0155963302752294,0.00330275229357798,0.0207339449541284,0.0497247706422018
172273.411807,2571866.126422,0.00935608145294441,0.936525408181985,0,0.00220143093010457,0.0245826453861677,0.0273344340487984
172773.411807,2571866.126422,0.0144688644688645,0.93040293040293,0.0164835164835165,0.0141025641025641,0.00695970695970696,0.0175824175824176
160773.411807,2571366.126422,0.0474880821415475,0.384305097176384,0.00513384671800513,0.378621195452879,0.137147048038137,0.0473047304730473
161273.411807,2571366.126422,0.0549450549450549,0.263919413919414,0.056043956043956,0.380586080586081,0.122527472527473,0.121978021978022
161773.411807,2571366.126422,0.0943223443223443,0.191208791208791,0.00293040293040293,0.399267399267399,0.187179487179487,0.125091575091575
162273.411807,2571366.126422,0.0282361569490282,0.411991199119912,0.000916758342500917,0.28016134946828,0.186835350201687,0.0918591859185919
162773.411807,2571366.126422,0.0294871794871795,0.472893772893773,0,0.227655677655678,0.166117216117216,0.103846153846154
163273.411807,2571366.126422,0.073992673992674,0.42014652014652,0,0.146153846153846,0.176739926739927,0.182967032967033
163773.411807,2571366.126422,0.0392372570590392,0.215071507150715,0.00751741840850752,0.396589658965897,0.228272827282728,0.113311331133113
164273.411807,2571366.126422,0.0772893772893773,0.281868131868132,0.00146520146520147,0.315018315018315,0.160989010989011,0.163369963369963
164773.411807,2571366.126422,0.0782051282051282,0.578388278388278,0.00366300366300366,0.124542124542125,0.0906593406593407,0.124542124542125
165273.411807,2571366.126422,0.0443711037770444,0.529519618628529,0,0.143564356435644,0.101026769343601,0.181518151815182
165773.411807,2571366.126422,0.0307692307692308,0.541758241758242,0,0.171978021978022,0.133150183150183,0.122344322344322
166273.411807,2571366.126422,0.0507326007326007,0.423076923076923,0.0820512820512821,0.0937728937728938,0.114468864468864,0.235897435897436
166773.411807,2571366.126422,0.142464246424642,0.121012101210121,0.132013201320132,0.261092775944261,0.138980564723139,0.204437110377704
167273.411807,2571366.126422,0.0798534798534798,0.150915750915751,0.141208791208791,0.354578754578755,0.0637362637362637,0.20970695970696
167773.411807,2571366.126422,0.0476190476190476,0.218498168498168,0.382417582417582,0.172710622710623,0.0657509157509158,0.113003663003663
168273.411807,2571366.126422,0.0493215988265493,0.257059039237257,0.166850018335167,0.289145581224789,0.108544187752109,0.129079574624129
168773.411807,2571366.126422,0.0119047619047619,0.511355311355311,0.0661172161172161,0.182234432234432,0.0862637362637363,0.142124542124542
169273.411807,2571366.126422,0.0217948717948718,0.208058608058608,0.249450549450549,0.331501831501831,0.0857142857142857,0.103479853479853
169773.411807,2571366.126422,0.0102676934360103,0.202786945361203,0.306563989732307,0.420975430876421,0.0361202786945361,0.0232856618995233
170273.411807,2571366.126422,0.00805860805860806,0.307875457875458,0.045970695970696,0.473443223443223,0.056959706959707,0.107692307692308
170773.411807,2571366.126422,0.0203296703296703,0.282417582417582,0.305494505494506,0.17014652014652,0.0521978021978022,0.169413919413919
171273.411807,2571366.126422,0.0190685735240191,0.418041804180418,0.183168316831683,0.147414741474147,0.0735240190685735,0.158782544921159
171773.411807,2571366.126422,0.0236263736263736,0.291575091575092,0.127472527472527,0.247802197802198,0.133699633699634,0.175824175824176
172273.411807,2571366.126422,0.0161172161172161,0.513186813186813,0.292490842490843,0.0637362637362637,0.0730769230769231,0.0413919413919414
172773.411807,2571366.126422,0.037953795379538,0.475064173083975,0.0806747341400807,0.191419141914191,0.0540887422075541,0.160799413274661
160773.411807,2570866.126422,0.00549752611324904,0.262415246472421,0,0.636980025655122,0.0711013377313542,0.0240058640278541
161273.411807,2570866.126422,0.00367039823820885,0.318774086988438,0,0.547256377316939,0.0965314736648926,0.0337676637915214
161773.411807,2570866.126422,0.0181551439574546,0.494039977993765,0,0.302585732624244,0.118283513662204,0.0669356317623327
162273.411807,2570866.126422,0.00384826827927433,0.601429356789445,0.000733003481766538,0.162726772952172,0.163276525563496,0.0679860729338464
162773.411807,2570866.126422,0.011194714626537,0.497155441365388,0.011194714626537,0.188841989355845,0.214351257111397,0.0772618829142962
163273.411807,2570866.126422,0.0348432055749129,0.472767284063818,0.0506143407298735,0.152393178067119,0.144874381074638,0.144507610489639
163773.411807,2570866.126422,0.059190031152648,0.268279274326553,0.175554333883086,0.17940260216236,0.132856881070185,0.184716877405168
164273.411807,2570866.126422,0.0623967700495504,0.243347403193246,0.193613507065517,0.156175445035786,0.0989172325197284,0.245549642136172
164773.411807,2570866.126422,0.0674857876398313,0.51604621309371,0.0504309554373739,0.0893086374472767,0.061617458279846,0.215110948101962
165273.411807,2570866.126422,0.0828293934396188,0.360087960417812,0,0.231629100238226,0.135055891515485,0.190397654388858
165773.411807,2570866.126422,0.0636814094329235,0.0910258763075794,0.0343182235272527,0.548357496788402,0.187740869884382,0.0748761240594605
166273.411807,2570866.126422,0.059600220062351,0.0737208875848157,0.0403447643498991,0.598936365303503,0.140473134054649,0.0869246286447827
166773.411807,2570866.126422,0.101337731354224,0.416529228513835,0.0247388675096207,0.225581821513652,0.0463624702217336,0.185449880886934
167273.411807,2570866.126422,0.0787300422095797,0.238392365571665,0.139108093228115,0.428151954487062,0.0627638098733713,0.0528537346302074
167773.411807,2570866.126422,0.117733357784706,0.119200440124702,0.0330093526499175,0.313588850174216,0.152393178067119,0.26407482119934
168273.411807,2570866.126422,0.0718343412131208,0.2354773685175,0.0998717243906908,0.179036100421477,0.110317024005864,0.303463441451347
168773.411807,2570866.126422,0.113048265736832,0.376582859240228,0.0750596439713709,0.126995779042026,0.0792806019453111,0.229032850064232
169273.411807,2570866.126422,0.0652851641298368,0.492939666238768,0.000916926462497708,0.173665871997066,0.06400146708234,0.203190904089492
169773.411807,2570866.126422,0.0980392156862745,0.275426058273777,0.16254352208173,0.162360271211288,0.0771486164559282,0.224482316291002
170273.411807,2570866.126422,0.0275279867865663,0.231969168654799,0.119471462653698,0.388511653514406,0.0728574050284456,0.159662323362085
170773.411807,2570866.126422,0.01998899688245,0.223179900971942,0.184668989547038,0.350632679259123,0.0797726022373006,0.141756831102146
171273.411807,2570866.126422,0.0181418361737218,0.141836173721825,0.386659336631849,0.228880337181602,0.0815466373465274,0.142935678944475
171773.411807,2570866.126422,0.0082583960359699,0.0893741971003854,0.387961093778675,0.347036153422646,0.0803817214167737,0.0869884382455496
172273.411807,2570866.126422,0.0188886851274528,0.269392994681827,0.145057766367137,0.324775353016688,0.139189437007152,0.102695763799743
172773.411807,2570866.126422,0.0443467106468756,0.34414513468939,0.062671797691039,0.19168041048195,0.111966281839839,0.245189664650907
160773.411807,2570366.126422,0.00366300366300366,0.252564102564103,0.208241758241758,0.361172161172161,0.121062271062271,0.0532967032967033
161273.411807,2570366.126422,0.0188990825688073,0.28,0.127155963302752,0.336880733944954,0.137064220183486,0.1
161773.411807,2570366.126422,0.0132085855806274,0.603008622271143,0.0370574206567602,0.153549807374794,0.123280132085856,0.06989543203082
162273.411807,2570366.126422,0.00915750915750916,0.312637362637363,0.381501831501831,0.0957875457875458,0.127106227106227,0.0738095238095238
162773.411807,2570366.126422,0.0110091743119266,0.246422018348624,0.431192660550459,0.0981651376146789,0.0765137614678899,0.136697247706422
163273.411807,2570366.126422,0.0126582278481013,0.341772151898734,0.0533847000550358,0.198128783709411,0.111355714547789,0.282700421940928
163773.411807,2570366.126422,0.00677655677655678,0.489010989010989,0.0168498168498168,0.19010989010989,0.173626373626374,0.123626373626374
164273.411807,2570366.126422,0.0728440366972477,0.456880733944954,0.0264220183486239,0.111192660550459,0.0952293577981651,0.23743119266055
164773.411807,2570366.126422,0.0480645753072831,0.244542285819116,0.263254448725005,0.0383415886993212,0.0838378279214823,0.321959273527793
165273.411807,2570366.126422,0.0106227106227106,0.807509157509158,0,0.0597069597069597,0.0485347985347985,0.0736263736263736
165773.411807,2570366.126422,0.038348623853211,0.173211009174312,0.0803669724770642,0.535779816513761,0.0598165137614679,0.112477064220183
166273.411807,2570366.126422,0.0130251330031187,0.0143093010456797,0.0898917629792699,0.844799119427628,0.0348559897266557,0.00311869381764814
166773.411807,2570366.126422,0.101465201465201,0.192490842490843,0.00915750915750916,0.437545787545788,0.125274725274725,0.134065934065934
167273.411807,2570366.126422,0.028256880733945,0.290825688073394,0.10605504587156,0.289174311926606,0.102201834862385,0.18348623853211
167773.411807,2570366.126422,0.0359567051917079,0.269124931205283,0.100715465052284,0.31095211887727,0.131352045496239,0.151898734177215
168273.411807,2570366.126422,0.0194139194139194,0.214652014652015,0.297069597069597,0.275641025641026,0.105677655677656,0.0875457875457875
168773.411807,2570366.126422,0.0297247706422018,0.102385321100917,0.426788990825688,0.093394495412844,0.084954128440367,0.262752293577982
169273.411807,2570366.126422,0.00990643918547056,0.539717483030637,0.118877270225647,0.141992294991745,0.0941111722619703,0.0953953403045313
169773.411807,2570366.126422,0.0576923076923077,0.447619047619048,0.05,0.181135531135531,0.0714285714285714,0.192124542124542
170273.411807,2570366.126422,0.0293577981651376,0.62256880733945,0.00036697247706422,0.0779816513761468,0.088256880733945,0.181467889908257
170773.411807,2570366.126422,0.0377912309667951,0.350394423041644,0.0447624289121262,0.311685929187305,0.096862960924601,0.158503026967529
171273.411807,2570366.126422,0.0575091575091575,0.198534798534799,0.197802197802198,0.177472527472527,0.128754578754579,0.23992673992674
171773.411807,2570366.126422,0.0856880733944954,0.234128440366972,0.114128440366972,0.301100917431193,0.147522935779817,0.11743119266055
172273.411807,2570366.126422,0.0491652907723353,0.365987892129884,0.00678774536782242,0.317923316822601,0.158136121812511,0.101999633094845
172773.411807,2570366.126422,0.0761904761904762,0.52967032967033,0,0.136446886446886,0.0769230769230769,0.180769230769231
160773.411807,2569866.126422,0.0137513751375138,0.193069306930693,0.536853685368537,0.0636230289695636,0.0496883021635497,0.143014301430143
161273.411807,2569866.126422,0.0448717948717949,0.15970695970696,0.513003663003663,0.0847985347985348,0.0501831501831502,0.147435897435897
161773.411807,2569866.126422,0.0467032967032967,0.110805860805861,0.33974358974359,0.176739926739927,0.112454212454212,0.213553113553114
162273.411807,2569866.126422,0.0447378071140447,0.206453978731206,0.3005133846718,0.0748074807480748,0.0737073707370737,0.2997799779978
162773.411807,2569866.126422,0.0206959706959707,0.446520146520147,0.12967032967033,0.089010989010989,0.101648351648352,0.212454212454212
163273.411807,2569866.126422,0.0152014652014652,0.560622710622711,0.000366300366300366,0.103846153846154,0.111355311355311,0.208608058608059
163773.411807,2569866.126422,0.0397873120645398,0.594609460946095,0,0.0753575357535754,0.138247158049138,0.151998533186652
164273.411807,2569866.126422,0.0518315018315018,0.564102564102564,0,0.131135531135531,0.101282051282051,0.151648351648352
164773.411807,2569866.126422,0.0454212454212454,0.366666666666667,0.135347985347985,0.0443223443223443,0.093040293040293,0.315201465201465
165273.411807,2569866.126422,0.0205353868720205,0.401173450678401,0.176384305097176,0.0423542354235424,0.0905757242390906,0.268976897689769
165773.411807,2569866.126422,0.0789377289377289,0.175641025641026,0.0302197802197802,0.467032967032967,0.122344322344322,0.125824175824176
166273.411807,2569866.126422,0.0716117216117216,0.0593406593406593,0.0347985347985348,0.642673992673993,0.146886446886447,0.0446886446886447
166773.411807,2569866.126422,0.0575724239090576,0.408507517418409,0,0.292262559589292,0.10964429776311,0.132013201320132
167273.411807,2569866.126422,0.0571428571428571,0.663369963369963,0.00659340659340659,0.0747252747252747,0.0534798534798535,0.144688644688645
167773.411807,2569866.126422,0.12014652014652,0.203479853479853,0.0802197802197802,0.15970695970696,0.0897435897435897,0.346703296703297
168273.411807,2569866.126422,0.0331866519985332,0.1996699669967,0.244957829116245,0.307114044737807,0.148514851485149,0.0665566556655666
168773.411807,2569866.126422,0.00732600732600733,0.152930402930403,0.374725274725275,0.261172161172161,0.0340659340659341,0.16978021978022
169273.411807,2569866.126422,0.0157509157509158,0.288644688644689,0.320512820512821,0.152380952380952,0.0318681318681319,0.190842490842491
169773.411807,2569866.126422,0.0100843417675101,0.252841950861753,0.33021635496883,0.228456178951228,0.0973597359735974,0.081041437477081
170273.411807,2569866.126422,0.0212454212454212,0.196886446886447,0.377289377289377,0.208058608058608,0.0485347985347985,0.147985347985348
170773.411807,2569866.126422,0.0604395604395604,0.428205128205128,0.145054945054945,0.101465201465201,0.0622710622710623,0.202564102564103
171273.411807,2569866.126422,0.00935093509350935,0.771543821048772,0.000366703337000367,0.0753575357535754,0.0451045104510451,0.0982764943160983
171773.411807,2569866.126422,0.0315018315018315,0.337728937728938,0.183333333333333,0.191391941391941,0.138278388278388,0.117765567765568
172273.411807,2569866.126422,0.0582417582417582,0.125091575091575,0.18974358974359,0.26996336996337,0.0763736263736264,0.280586080586081
172773.411807,2569866.126422,0.118628529519619,0.346901356802347,0,0.238723872387239,0.106343967730106,0.189402273560689
160773.411807,2569366.126422,0.00549752611324904,0.341762873373649,0.215686274509804,0.17830309693971,0.0954737035000916,0.163276525563496
161273.411807,2569366.126422,0.0343182235272527,0.55606533308864,0.106808588731877,0.0440447788585061,0.0374380620297302,0.221325013763993
161773.411807,2569366.126422,0.0451127819548872,0.580414450761049,0.0665688611773336,0.0821566110397946,0.0753713552173116,0.150375939849624
162273.411807,2569366.126422,0.0113615539673813,0.75114531794026,0,0.0481949789261499,0.0723840938244457,0.116914055341763
162773.411807,2569366.126422,0.0247751881079097,0.55166085520279,0,0.130666177280235,0.165534960543219,0.127362818865847
163273.411807,2569366.126422,0.0429121584448927,0.46818265175133,0.00201723821749496,0.259673574179351,0.119200440124702,0.10801393728223
163773.411807,2569366.126422,0.0634048011728056,0.391057357522448,0,0.262048744731537,0.147883452446399,0.13560564412681
164273.411807,2569366.126422,0.0528537346302074,0.492016883831896,0.000734079647641769,0.121490181684713,0.144613690585429,0.188291429620114
164773.411807,2569366.126422,0.0786722904823033,0.544837704016138,0.0113698881349716,0.0658353200073354,0.0770218228498075,0.222262974509444
165273.411807,2569366.126422,0.0745831042697453,0.288436870075133,0.123144584936778,0.204507971412864,0.137804654572109,0.17152281473337
165773.411807,2569366.126422,0.122958340979996,0.432556432372912,0.0473481372728941,0.118370343182235,0.0743255643237291,0.204441181868233
166273.411807,2569366.126422,0.0515312671923712,0.435173299101412,0.0231065468549422,0.378690629011553,0.0566660553823583,0.0548322024573629
166773.411807,2569366.126422,0.0850284038849184,0.326919552867876,0,0.319772768920652,0.117463807953088,0.150815466373465
167273.411807,2569366.126422,0.0633143696091026,0.735731326848963,0.000550559735731327,0.087538997981281,0.0495503762158194,0.0633143696091026
167773.411807,2569366.126422,0.0801393728222996,0.383275261324042,0.0313588850174216,0.232899321474418,0.124518613607189,0.14780854575463
168273.411807,2569366.126422,0.0388491845336265,0.144951438519333,0.182151365218985,0.278724573941726,0.129741616272677,0.225581821513652
168773.411807,2569366.126422,0.00642319691686548,0.167920719398055,0.36502110478987,0.276013947513305,0.0932281152505047,0.0913929161314003
169273.411807,2569366.126422,0.0100861910874748,0.267742527049331,0.345497891069136,0.0720704199523198,0.0276911791674308,0.276911791674308
169773.411807,2569366.126422,0.0199743448781382,0.175737584753528,0.391973611874656,0.083745647791827,0.0632215503023639,0.265347260399487
170273.411807,2569366.126422,0.0647825289043861,0.142044411818682,0.255643237291246,0.212149018168471,0.118920902917967,0.206459900899248
170773.411807,2569366.126422,0.0232899321474418,0.118833669539703,0.352466532184119,0.225197139189437,0.127452778287181,0.152759948652118
171273.411807,2569366.126422,0.0254718709913872,0.356422943008979,0.233644859813084,0.150448964632582,0.114715044896463,0.119296316657504
171773.411807,2569366.126422,0.036520462470178,0.782345384474215,0,0.0133969535694623,0.0299137456414021,0.137823453844742
172273.411807,2569366.126422,0.0143040528149642,0.667155694113332,0.00476801760498808,0.0957271226847607,0.0573995965523565,0.160645516229598
172773.411807,2569366.126422,0.0161260765988638,0.744548286604361,0,0.0690855781564962,0.0503939893714495,0.119846069268829
160773.411807,2568866.126422,0.0161172161172161,0.621428571428571,0,0.195054945054945,0.105860805860806,0.0615384615384615
161273.411807,2568866.126422,0.0544954128440367,0.470275229357798,0.0988990825688073,0.0557798165137615,0.0651376146788991,0.255412844036697
161773.411807,2568866.126422,0.0421940928270042,0.536782241790497,0.00697119794533113,0.15263254448725,0.126031920748487,0.135388002201431
162273.411807,2568866.126422,0.0137362637362637,0.603479853479853,0,0.13003663003663,0.0868131868131868,0.165934065934066
162773.411807,2568866.126422,0.0607339449541284,0.590091743119266,0,0.0968807339449541,0.107339449541284,0.144954128440367
163273.411807,2568866.126422,0.0579710144927536,0.259768849752339,0.0774169877086773,0.273527793065493,0.146395156851954,0.184920198128784
163773.411807,2568866.126422,0.0558608058608059,0.3496336996337,0.00732600732600733,0.257142857142857,0.145787545787546,0.184249084249084
164273.411807,2568866.126422,0.0642201834862385,0.179449541284404,0.00036697247706422,0.387706422018349,0.187889908256881,0.180366972477064
164773.411807,2568866.126422,0.0504494588148963,0.236103467253715,0.000733810310034856,0.412401394239589,0.160154100165107,0.140157769216657
165273.411807,2568866.126422,0.0597069597069597,0.648351648351648,0,0.0461538461538462,0.0952380952380952,0.150549450549451
165773.411807,2568866.126422,0.0321100917431193,0.354495412844037,0.214311926605505,0.125321100917431,0.0897247706422018,0.184036697247706
166273.411807,2568866.126422,0.0245826453861677,0.640799853237938,0,0.145661346541919,0.0671436433681893,0.121812511465786
166773.411807,2568866.126422,0.0404761904761905,0.681318681318681,0.0128205128205128,0.0641025641025641,0.0434065934065934,0.157875457875458
167273.411807,2568866.126422,0.0163302752293578,0.875229357798165,0,0.0262385321100917,0.0187155963302752,0.0634862385321101
167773.411807,2568866.126422,0.0368739680792515,0.70188956154834,0.000183452577508714,0.0625573289304715,0.0922766464868831,0.106219042377545
168273.411807,2568866.126422,0.0293040293040293,0.136630036630037,0.173260073260073,0.437362637362637,0.114102564102564,0.109340659340659
168773.411807,2568866.126422,0.043302752293578,0.327889908256881,0.309908256880734,0.119633027522936,0.046605504587156,0.152660550458716
169273.411807,2568866.126422,0.000550357732526142,0.327462850853054,0.358833241607045,0.0897083104017612,0.0328380113740598,0.190607228031554
169773.411807,2568866.126422,0.0468864468864469,0.223443223443223,0.357875457875458,0.117582417582418,0.0644688644688645,0.18974358974359
170273.411807,2568866.126422,0.0627522935779816,0.150825688073394,0.282935779816514,0.137064220183486,0.113577981651376,0.252844036697248
170773.411807,2568866.126422,0.125848468170978,0.1284168042561,0.15116492386718,0.193909374426711,0.138139790864062,0.26252063841497
171273.411807,2568866.126422,0.0375457875457875,0.113553113553114,0.422161172161172,0.205860805860806,0.0749084249084249,0.145970695970696
171773.411807,2568866.126422,0.0645871559633028,0.249174311926605,0.0495412844036697,0.354678899082569,0.147339449541284,0.134678899082569
172273.411807,2568866.126422,0.0897083104017612,0.328013208585581,0,0.182351862043662,0.113006787745368,0.286919831223629
172773.411807,2568866.126422,0.0234432234432234,0.762087912087912,0,0.0684981684981685,0.0706959706959707,0.0752747252747253
160773.411807,2568366.126422,0.057022368903557,0.611661166116612,0.00146681334800147,0.171250458379171,0.0784745141180785,0.0801246791345801
161273.411807,2568366.126422,0.0276556776556777,0.612454212454212,0.00989010989010989,0.128937728937729,0.08003663003663,0.141025641025641
161773.411807,2568366.126422,0.056959706959707,0.182417582417582,0.0126373626373626,0.433333333333333,0.214835164835165,0.0998168498168498
162273.411807,2568366.126422,0.0559222588925559,0.421525485881922,0,0.214154748808214,0.0795746241290796,0.228822882288229
162773.411807,2568366.126422,0.0523809523809524,0.603296703296703,0,0.0221611721611722,0.0741758241758242,0.247985347985348
163273.411807,2568366.126422,0.0119047619047619,0.572161172161172,0.0551282051282051,0.125824175824176,0.117765567765568,0.117216117216117
163773.411807,2568366.126422,0.0133846718005134,0.30968096809681,0.160799413274661,0.317565089842318,0.099009900990099,0.0995599559955996
164273.411807,2568366.126422,0.0443223443223443,0.536630036630037,0.000549450549450549,0.197985347985348,0.117032967032967,0.103479853479853
164773.411807,2568366.126422,0.0487179487179487,0.498534798534799,0,0.214652014652015,0.144688644688645,0.0934065934065934
165273.411807,2568366.126422,0.0315364869820315,0.599193252658599,0,0.134946828016135,0.103960396039604,0.13036303630363
165773.411807,2568366.126422,0.0186813186813187,0.397252747252747,0.247619047619048,0.0505494505494506,0.118864468864469,0.167032967032967
166273.411807,2568366.126422,0.0184981684981685,0.788461538461538,0,0.0624542124542125,0.0478021978021978,0.0827838827838828
166773.411807,2568366.126422,0.0438210487715438,0.665016501650165,0,0.0922258892555922,0.105060506050605,0.0938760542720939
167273.411807,2568366.126422,0.05,0.762820512820513,0,0.0177655677655678,0.0494505494505494,0.11996336996337
167773.411807,2568366.126422,0.0234432234432234,0.197619047619048,0.237179487179487,0.356776556776557,0.121978021978022,0.063003663003663
168273.411807,2568366.126422,0.0441877521085442,0.14008067473414,0.233590025669234,0.346167950128346,0.102310231023102,0.133663366336634
168773.411807,2568366.126422,0.0384615384615385,0.178754578754579,0.228754578754579,0.284432234432234,0.0897435897435897,0.17985347985348
169273.411807,2568366.126422,0.0119047619047619,0.163553113553114,0.447985347985348,0.0626373626373626,0.058974358974359,0.254945054945055
169773.411807,2568366.126422,0.0621562156215622,0.158782544921159,0.271727172717272,0.245691235790246,0.118261826182618,0.143381004767143
170273.411807,2568366.126422,0.0490842490842491,0.168131868131868,0.313736263736264,0.155494505494505,0.0919413919413919,0.221611721611722
170773.411807,2568366.126422,0.154395604395604,0.0901098901098901,0.201465201465201,0.173443223443223,0.150549450549451,0.23003663003663
171273.411807,2568366.126422,0.0291529152915292,0.133846718005134,0.253208654198753,0.34048404840484,0.0896589658965897,0.153648698203154
171773.411807,2568366.126422,0.039010989010989,0.152564102564103,0.266849816849817,0.30018315018315,0.118131868131868,0.123260073260073
172273.411807,2568366.126422,0.032967032967033,0.191575091575092,0.156410256410256,0.368864468864469,0.0913919413919414,0.158791208791209
172773.411807,2568366.126422,0.0275027502750275,0.667216721672167,0.057022368903557,0.164099743307664,0.0243857719105244,0.0597726439310598
160773.411807,2567866.126422,0.0313358988455195,0.553051126992853,0.000183250870441635,0.167124793842771,0.136521898479018,0.111783030969397
161273.411807,2567866.126422,0.0139475133051936,0.648008808955772,0,0.21563589649477,0.0789135621214902,0.0434942191227748
161773.411807,2567866.126422,0.0121034293049697,0.670273244085824,0.00678525582248304,0.181001283697047,0.0759215110948102,0.0539152759948652
162273.411807,2567866.126422,0.00329851566794942,0.683708997617739,0,0.0886934212937511,0.0731170973062122,0.151181968114349
162773.411807,2567866.126422,0.0803817214167737,0.450908423563957,0.0214718296935217,0.115801064415489,0.108827307762892,0.222609653147366
163273.411807,2567866.126422,0.0636346964973409,0.332477535301669,0.000366770584999083,0.25618925362186,0.194571795342014,0.152759948652118
163773.411807,2567866.126422,0.0291368884002199,0.574857980575408,0.000733003481766538,0.102253985706432,0.10207073483599,0.190947407000183
164273.411807,2567866.126422,0.0574417324279684,0.342264635712975,0.0133969535694623,0.416406680124794,0.111213066617728,0.0592769315470729
164773.411807,2567866.126422,0.0363102879149092,0.352283146891619,0.00550155877498625,0.315422703099211,0.18796992481203,0.102512378507244
165273.411807,2567866.126422,0.00146600696353308,0.318306761957119,0,0.517133956386293,0.146600696353308,0.0164925783397471
165773.411807,2567866.126422,0.0161497522481189,0.392549091576436,0.200954303541934,0.0862543585979079,0.156542484859607,0.147550009175996
166273.411807,2567866.126422,0.0221896203924445,0.630662020905923,0,0.0959105079772602,0.100678525582248,0.150559325142124
166773.411807,2567866.126422,0.0630382994319223,0.264431006047279,0,0.397104636247022,0.150448964632582,0.124977093641195
167273.411807,2567866.126422,0.0501009359515507,0.367406863644705,0.147917048999816,0.155441365388145,0.0690034868783263,0.210130299137456
167773.411807,2567866.126422,0.0223730056849441,0.103062534384742,0.434989913808912,0.228498074454429,0.120484137172199,0.0905923344947735
168273.411807,2567866.126422,0.0569910207073484,0.136338647608576,0.306578706248855,0.14458493677845,0.10426974528129,0.251236943375481
168773.411807,2567866.126422,0.0664342081115801,0.121306661772802,0.375665259680675,0.264819232886768,0.0855202789502661,0.0862543585979079
169273.411807,2567866.126422,0.0436456996148909,0.165413533834586,0.343480652851641,0.240234733174399,0.127452778287181,0.0797726022373006
169773.411807,2567866.126422,0.0109950522264981,0.187648891332234,0.381894814000367,0.106285504856148,0.036100421477002,0.277075316107751
170273.411807,2567866.126422,0.00642319691686548,0.174710956138741,0.397137089374197,0.0638649293448339,0.0614791704899982,0.296384657735364
170773.411807,2567866.126422,0.0152209792774619,0.120667522464698,0.374289381991564,0.206858609939483,0.0493306436823767,0.233632862644416
171273.411807,2567866.126422,0.00769653655854865,0.15356422943009,0.425325270295034,0.232728605460876,0.0718343412131208,0.108851017042331
171773.411807,2567866.126422,0.034868783262984,0.148284088823637,0.297118737383006,0.277298586896678,0.101670031198385,0.140759772435309
172273.411807,2567866.126422,0.0258573262424354,0.209426004034476,0.248487071336879,0.31597285897671,0.0828901522097928,0.117366587199707
172773.411807,2567866.126422,0.0335349092908191,0.109217518783214,0.306395455378413,0.266080263881253,0.137987905442551,0.146783947223749
160773.411807,2567366.126422,0.00549450549450549,0.3996336996337,0.117216117216117,0.171611721611722,0.0646520146520147,0.241391941391941
161273.411807,2567366.126422,0.0348623853211009,0.324770642201835,0.0721100917431193,0.355779816513761,0.109908256880734,0.10256880733945
161773.411807,2567366.126422,0.0706292423408549,0.467804072647221,0,0.130434782608696,0.142542652724271,0.188589249678958
162273.411807,2567366.126422,0.0322344322344322,0.571611721611722,0,0.13956043956044,0.134432234432234,0.122161172161172
162773.411807,2567366.126422,0.0614678899082569,0.531192660550459,0.00293577981651376,0.126788990825688,0.110642201834862,0.16697247706422
163273.411807,2567366.126422,0.0810860392588516,0.39515685195377,0.00330214639515685,0.21537332599523,0.170060539350578,0.135021097046413
163773.411807,2567366.126422,0.0553113553113553,0.235164835164835,0.0188644688644689,0.429120879120879,0.144688644688645,0.116849816849817
164273.411807,2567366.126422,0.0196330275229358,0.385321100917431,0.0174311926605505,0.262385321100917,0.146422018348624,0.168807339449541
164773.411807,2567366.126422,0.0150431113557145,0.228581911575858,0.0185287103283801,0.392405063291139,0.126765731058521,0.218675472390387
165273.411807,2567366.126422,0.00952380952380952,0.508424908424908,0,0.347802197802198,0.103479853479853,0.0307692307692308
165773.411807,2567366.126422,0.0214678899082569,0.422752293577982,0.0418348623853211,0.0730275229357798,0.130825688073395,0.310091743119266
166273.411807,2567366.126422,0.0280682443588332,0.228581911575858,0.108237020730141,0.302146395156852,0.166758392955421,0.166208035222895
166773.411807,2567366.126422,0.0553113553113553,0.350915750915751,0,0.204029304029304,0.118131868131868,0.271611721611722
167273.411807,2567366.126422,0.0324770642201835,0.344036697247706,0.142201834862385,0.173577981651376,0.115963302752294,0.191743119266055
167773.411807,2567366.126422,0.0537516052100532,0.206567602274812,0.234268941478628,0.271509814712897,0.0898917629792699,0.14401027334434
168273.411807,2567366.126422,0.0423076923076923,0.203113553113553,0.191025641025641,0.273443223443223,0.0961538461538462,0.193956043956044
168773.411807,2567366.126422,0.108256880733945,0.232844036697248,0.11302752293578,0.253577981651376,0.132477064220183,0.159816513761468
169273.411807,2567366.126422,0.0687947165657677,0.11704274445056,0.219409282700422,0.274995413685562,0.0988809392771968,0.220876903320492
169773.411807,2567366.126422,0.010989010989011,0.130952380952381,0.397069597069597,0.273992673992674,0.0899267399267399,0.0970695970695971
170273.411807,2567366.126422,0.0754128440366972,0.124220183486239,0.402201834862385,0.137247706422018,0.0845871559633028,0.176330275229358
170773.411807,2567366.126422,0.0511832691249312,0.217758209502844,0.339754173546138,0.10842047330765,0.121995964043295,0.160887910475142
171273.411807,2567366.126422,0.0195970695970696,0.334249084249084,0.19047619047619,0.292673992673993,0.080952380952381,0.0820512820512821
171773.411807,2567366.126422,0.0478899082568807,0.26348623853211,0.112110091743119,0.228440366972477,0.107155963302752,0.240917431192661
172273.411807,2567366.126422,0.060906255732893,0.210236653824986,0.263254448725005,0.199412951751972,0.105668684645019,0.160521005320125
172773.411807,2567366.126422,0.0307692307692308,0.314468864468864,0.0913919413919414,0.0525641025641026,0.0467032967032967,0.464102564102564
160773.411807,2566866.126422,0.0121012101210121,0.175650898423176,0.345434543454345,0.143197653098643,0.0777411074440777,0.245874587458746
161273.411807,2566866.126422,0.0402930402930403,0.400732600732601,0.00659340659340659,0.233333333333333,0.137728937728938,0.181318681318681
161773.411807,2566866.126422,0.0117216117216117,0.576190476190476,0.0456043956043956,0.221978021978022,0.0888278388278388,0.0556776556776557
162273.411807,2566866.126422,0.0245691235790246,0.672533920058673,0,0.0889255592225889,0.0658232489915658,0.148148148148148
162773.411807,2566866.126422,0.0133699633699634,0.69981684981685,0,0.0771062271062271,0.0756410256410256,0.134065934065934
163273.411807,2566866.126422,0.0173992673992674,0.460805860805861,0.0912087912087912,0.144322344322344,0.13040293040293,0.155860805860806
163773.411807,2566866.126422,0.0760909424275761,0.083975064173084,0.0210854418775211,0.54968830216355,0.183718371837184,0.0854418775210854
164273.411807,2566866.126422,0.0501831501831502,0.436446886446886,0,0.118864468864469,0.123443223443223,0.271062271062271
164773.411807,2566866.126422,0.00787545787545788,0.515567765567766,0.010989010989011,0.266117216117216,0.15,0.0494505494505494
165273.411807,2566866.126422,0.0033003300330033,0.73010634396773,0.00201686835350202,0.123395672900623,0.120645397873121,0.0205353868720205
165773.411807,2566866.126422,0.0293040293040293,0.379487179487179,0.0767399267399267,0.126739926739927,0.134981684981685,0.252747252747253
166273.411807,2566866.126422,0.0175824175824176,0.44047619047619,0.071978021978022,0.0804029304029304,0.10952380952381,0.28003663003663
166773.411807,2566866.126422,0.0432709937660433,0.303997066373304,0.0744407774110744,0.235240190685735,0.148148148148148,0.194902823615695
167273.411807,2566866.126422,0.0518315018315018,0.478388278388278,0.0120879120879121,0.221428571428571,0.0891941391941392,0.147069597069597
167773.411807,2566866.126422,0.0787545787545788,0.249267399267399,0.032967032967033,0.125641025641026,0.151465201465201,0.361904761904762
168273.411807,2566866.126422,0.0368536853685369,0.361202786945361,0.105060506050605,0.161532819948662,0.0902090209020902,0.245141180784745
168773.411807,2566866.126422,0.0756410256410256,0.417582417582418,0,0.188278388278388,0.147802197802198,0.170695970695971
169273.411807,2566866.126422,0.0584249084249084,0.224908424908425,0.080952380952381,0.319047619047619,0.164102564102564,0.152564102564103
169773.411807,2566866.126422,0.0720572057205721,0.132013201320132,0.161349468280161,0.353135313531353,0.172900623395673,0.108544187752109
170273.411807,2566866.126422,0.0177655677655678,0.130586080586081,0.351648351648352,0.356227106227106,0.0921245421245421,0.0516483516483516
170773.411807,2566866.126422,0.0628205128205128,0.185714285714286,0.0750915750915751,0.258058608058608,0.148534798534799,0.26978021978022
171273.411807,2566866.126422,0.0154015401540154,0.5997433076641,0,0.114961496149615,0.15951595159516,0.11037770443711
171773.411807,2566866.126422,0.0401098901098901,0.401098901098901,0.0661172161172161,0.226923076923077,0.132967032967033,0.132783882783883
172273.411807,2566866.126422,0.0672161172161172,0.197069597069597,0.153846153846154,0.195054945054945,0.143040293040293,0.243772893772894
172773.411807,2566866.126422,0.0685735240190686,0.332233223322332,0.0177851118445178,0.0830583058305831,0.143381004767143,0.354968830216355
160773.411807,2566366.126422,0.156129741616273,0.178486347810152,0.176104086494411,0.074216602528862,0.0621220450797141,0.352941176470588
161273.411807,2566366.126422,0.0368875022939989,0.459166819599927,0.102587630757937,0.129381537896862,0.0697375665259681,0.202238942925307
161773.411807,2566366.126422,0.0339262791124152,0.561525765633596,0,0.0634513112048414,0.0687694846873281,0.272327159361819
162273.411807,2566366.126422,0.0346344145134689,0.465457210921752,0.000183250870441635,0.248671431189298,0.162177020340847,0.0888766721641928
162773.411807,2566366.126422,0.0179849513672233,0.499541200220224,0,0.194164066801248,0.180033033584144,0.108276748027161
163273.411807,2566366.126422,0.052814964239868,0.205024757014487,0.000183385292499542,0.610489638730974,0.109664404914726,0.0218228498074454
163773.411807,2566366.126422,0.081729888216969,0.0885101704233095,0.021073850100788,0.564229430089793,0.168774051676745,0.0756826094923951
164273.411807,2566366.126422,0.0781794824738484,0.29895393650211,0,0.288860341347036,0.169572398605249,0.164433841071756
164773.411807,2566366.126422,0.0198056115899505,0.421052631578947,0,0.195488721804511,0.223179900971942,0.140473134054649
165273.411807,2566366.126422,0.0212571009712296,0.533260032985157,0.000183250870441635,0.0604727872457394,0.118563313175738,0.266263514751695
165773.411807,2566366.126422,0.00201871903101487,0.571848045512938,0,0.0645990089924757,0.143329051202055,0.218205175261516
166273.411807,2566366.126422,0.0221896203924445,0.350449293966624,0.00568494406748579,0.181184668989547,0.190170548322025,0.250320924261874
166773.411807,2566366.126422,0.0317024005864028,0.399303646692322,0,0.11544804837823,0.143302180685358,0.310243723657687
167273.411807,2566366.126422,0.0844191594788034,0.515690952468343,0,0.09543035419343,0.0948797944576987,0.209579739401725
167773.411807,2566366.126422,0.0335595085274161,0.548872180451128,0,0.0729873464148175,0.13185402530717,0.212726939299468
168273.411807,2566366.126422,0.0254718709913872,0.51676745464541,0,0.0665200659703134,0.0943741982774418,0.296866410115448
168773.411807,2566366.126422,0.0200036703982382,0.667461919618279,0,0.0258763075793724,0.0638649293448339,0.222793173059277
169273.411807,2566366.126422,0.0849073904272877,0.370438290849074,0.00715202640748212,0.250320924261874,0.125802310654686,0.161379057399597
169773.411807,2566366.126422,0.0683525746747297,0.38794209272494,0.00934579439252336,0.294117647058824,0.105735752244823,0.13450613890416
