"x","y","forest","agri","water","built","other","grass"
216773.411807,2710366.126422,0.162638469284995,0.0488418932527694,0.553121852970796,0.112789526686808,0.0377643504531722,0.0848439073514602
217273.411807,2710366.126422,0.0440473194059904,0.182230052856783,0.272338283413038,0.326201862572363,0.0848225522275359,0.090359929524289
217773.411807,2710366.126422,0.134924623115578,0.042964824120603,0,0.10678391959799,0.0972361809045226,0.618090452261307
218273.411807,2710366.126422,0.436052366565962,0.0226586102719033,0.000251762336354481,0.167925478348439,0.0725075528700906,0.300604229607251
218773.411807,2710366.126422,0.280140951422099,0.0332242637805185,0.000251698968034231,0.207651648628241,0.100931286181727,0.377800151019381
219273.411807,2710366.126422,0.176130653266332,0.145979899497487,0,0.135929648241206,0.0756281407035176,0.466331658291457
219773.411807,2710366.126422,0.209214501510574,0.074269889224572,0.000251762336354481,0.0498489425981873,0.0450654582074522,0.62134944612286
220273.411807,2710366.126422,0.129624968537629,0.0470677070224012,0,0.264535615403977,0.150767681852504,0.408004027183489
220773.411807,2710366.126422,0.042964824120603,0.22964824120603,0.000251256281407035,0.15,0.15929648241206,0.417839195979899
221273.411807,2710366.126422,0.0911379657603223,0.249244712990937,0.0027693856998993,0.0687311178247734,0.100956696878147,0.487160120845921
221773.411807,2710366.126422,0.299773470928769,0.00629247420085578,0.0284419833878681,0.0961490057890763,0.0558771709035993,0.513465894789831
222273.411807,2710366.126422,0.627638190954774,0.0231155778894472,0,0.00879396984924623,0.0276381909547739,0.312814070351759
222773.411807,2710366.126422,0.784491440080564,0,0,0,0.000503524672708963,0.215005035246727
223273.411807,2710366.126422,0.439466398187767,0.0218978102189781,0,0.0405235338535112,0.0324691668764158,0.465643090863327
223773.411807,2710366.126422,0.247738693467337,0.0912060301507538,0,0.0530150753768844,0.0477386934673367,0.560301507537688
224273.411807,2710366.126422,0.233887210473313,0.0765357502517623,0,0.0702416918429003,0.0644511581067472,0.554884189325277
216773.411807,2709866.126422,0.351192660550459,0.0245871559633028,0.148623853211009,0.229174311926606,0.0943119266055046,0.152110091743119
217273.411807,2709866.126422,0.190423775454045,0.0616400660429279,0.0332049165290772,0.277747202348193,0.0764997248211337,0.360484314804623
217773.411807,2709866.126422,0.268864468864469,0.0212454212454212,0.00238095238095238,0.176556776556777,0.0965201465201465,0.434432234432234
218273.411807,2709866.126422,0.365321100917431,0.0211009174311927,0.00752293577981651,0.19302752293578,0.0631192660550459,0.349908256880734
218773.411807,2709866.126422,0.086589616584113,0.0887910475142176,0.000550357732526142,0.40799853237938,0.129517519721152,0.286552926068611
219273.411807,2709866.126422,0.028021978021978,0.178571428571429,0.000183150183150183,0.129304029304029,0.115018315018315,0.548901098901099
219773.411807,2709866.126422,0.0877064220183486,0.11045871559633,0.00036697247706422,0.158348623853211,0.0862385321100917,0.556880733944954
220273.411807,2709866.126422,0.0554026784076316,0.114657860942946,0.002568336085122,0.161438268207668,0.121812511465786,0.544120344890846
220773.411807,2709866.126422,0.155494505494505,0.0934065934065934,0,0.0619047619047619,0.0743589743589744,0.614835164835165
221273.411807,2709866.126422,0.346605504587156,0.0251376146788991,0,0.0541284403669725,0.0603669724770642,0.513761467889908
221773.411807,2709866.126422,0.253348009539534,0.0521005320124748,0,0.09557879288204,0.0845716382315172,0.514401027334434
222273.411807,2709866.126422,0.452930402930403,0.0254578754578755,0,0.021978021978022,0.0344322344322344,0.465201465201465
222773.411807,2709866.126422,0.528440366972477,0.0231192660550459,0,0.02,0.0352293577981651,0.393211009174312
223273.411807,2709866.126422,0.500642084021281,0.0508163639699138,0.00495321959273528,0.0220143093010457,0.0214639515685195,0.400110071546505
223773.411807,2709866.126422,0.501282051282051,0.00860805860805861,0.000366300366300366,0.0115384615384615,0.0115384615384615,0.466666666666667
224273.411807,2709866.126422,0.438348623853211,0.035045871559633,0,0.0412844036697248,0.0299082568807339,0.455412844036697
216273.411807,2709366.126422,0.0174184085075174,0.00953428676200953,0.601393472680601,0.327099376604327,0.0335533553355336,0.011001100110011
216773.411807,2709366.126422,0.0322344322344322,0.0452380952380952,0.0377289377289377,0.765201465201465,0.0743589743589744,0.0452380952380952
217273.411807,2709366.126422,0.0967032967032967,0.0391941391941392,0.019047619047619,0.50989010989011,0.134615384615385,0.200549450549451
217773.411807,2709366.126422,0.0704070407040704,0.0297029702970297,0.0256692335900257,0.722772277227723,0.0821415474880821,0.0693069306930693
218273.411807,2709366.126422,0.0188644688644689,0.12967032967033,0.00567765567765568,0.342857142857143,0.22032967032967,0.282600732600733
218773.411807,2709366.126422,0.0366300366300366,0.227472527472527,0.00128205128205128,0.135164835164835,0.155128205128205,0.444322344322344
219273.411807,2709366.126422,0.167950128346168,0.0793912724605794,0.000366703337000367,0.123945727906124,0.0826916024935827,0.545654565456546
219773.411807,2709366.126422,0.257326007326007,0.0177655677655678,0.000549450549450549,0.113919413919414,0.0587912087912088,0.551648351648352
220273.411807,2709366.126422,0.422893772893773,0.0463369963369963,0.00201465201465201,0.00641025641025641,0.0108058608058608,0.511538461538461
220773.411807,2709366.126422,0.41987532086542,0.000366703337000367,0,0.00366703337000367,0.00128346167950128,0.574807480748075
221273.411807,2709366.126422,0.405677655677656,0.00476190476190476,0,0.00897435897435897,0.026007326007326,0.554578754578755
221773.411807,2709366.126422,0.561355311355311,0.00860805860805861,0,0.0117216117216117,0.00860805860805861,0.40970695970696
222273.411807,2709366.126422,0.24972497249725,0.0682068206820682,0,0.0817748441510818,0.0848918225155849,0.515401540154015
222773.411807,2709366.126422,0.505677655677656,0.00989010989010989,0,0.0254578754578755,0.0250915750915751,0.433882783882784
223273.411807,2709366.126422,0.597985347985348,0.00274725274725275,0,0.0184981684981685,0.0161172161172161,0.364652014652015
223773.411807,2709366.126422,0.456729006233957,0.0337367070040337,0,0.0144847818115145,0.0253025302530253,0.46974697469747
224273.411807,2709366.126422,0.680952380952381,0.00476190476190476,0.000183150183150183,0.0032967032967033,0.00293040293040293,0.307875457875458
216773.411807,2708866.126422,0.0561570930445953,0.0627638098733713,0.186272710589099,0.39401725087172,0.135437694989906,0.165351440631308
217273.411807,2708866.126422,0.0764716669723088,0.10012836970475,0.0469466348798826,0.405648267008986,0.129653401797176,0.241151659636897
217773.411807,2708866.126422,0.144768187648891,0.0278541323071285,0.00164925783397471,0.47645226314825,0.101704233095107,0.247571925966648
218273.411807,2708866.126422,0.0919434758671316,0.20334006239677,0.00513855753349238,0.17012295834098,0.120022022389429,0.409432923472197
218773.411807,2708866.126422,0.177333577847057,0.0553823583348615,0.000183385292499542,0.0394278378874014,0.0467632495873831,0.680909591050798
219273.411807,2708866.126422,0.213853765805388,0.0778816199376947,0,0.0491112332783581,0.043613707165109,0.615539673813451
219773.411807,2708866.126422,0.148100568911727,0.0412919801798495,0.00238575885483575,0.141493852082951,0.112864745824922,0.553863094145715
220273.411807,2708866.126422,0.344947735191638,0.0284247203374289,0,0.0198056115899505,0.0198056115899505,0.587016321291032
220773.411807,2708866.126422,0.649990837456478,0,0,0.00568077698369067,0.0047645226314825,0.339563862928349
221273.411807,2708866.126422,0.467241695723986,0.057258212516058,0,0.0231235089007157,0.0765278032666544,0.375848779592586
221773.411807,2708866.126422,0.437373922611407,0.0124701998899688,0,0.0342930496974143,0.0304419585549239,0.485420869246286
222273.411807,2708866.126422,0.455744914788345,0.0148433205057724,0,0.000366501740883269,0.000916254352208173,0.528129008612791
222773.411807,2708866.126422,0.420627638098734,0.0240411084602679,0.000183519911910442,0.00587263718113415,0.00642319691686548,0.542851899431088
223273.411807,2708866.126422,0.449660737208876,0.0236567027324409,0,0.0113698881349716,0.00586832935998533,0.509444342563726
223773.411807,2708866.126422,0.568444200109951,0.0089792926516401,0,0.01905809052593,0.0196078431372549,0.383910573575224
224273.411807,2708866.126422,0.841255276197467,0.0012846393833731,0,0.000550559735731327,0.00110111947146265,0.155808405211966
216273.411807,2708366.126422,0.0769230769230769,0.198168498168498,0.0141025641025641,0.263553113553114,0.091025641025641,0.356227106227106
216773.411807,2708366.126422,0.0414678899082569,0.0634862385321101,0.00256880733944954,0.214311926605505,0.0976146788990826,0.580550458715596
217273.411807,2708366.126422,0.0357732526141992,0.0988809392771968,0.00165107319757843,0.424325811777655,0.0886075949367089,0.350761328196661
217773.411807,2708366.126422,0.08003663003663,0.161355311355311,0,0.250732600732601,0.100732600732601,0.407142857142857
218273.411807,2708366.126422,0.118532110091743,0.0524770642201835,0.00018348623853211,0.192293577981651,0.0737614678899083,0.562752293577982
218773.411807,2708366.126422,0.155567785727389,0.024399192808659,0.0350394423041644,0.0203632361034673,0.0121078701155751,0.752522472940745
219273.411807,2708366.126422,0.3,0.0194139194139194,0.00695970695970696,0.0598901098901099,0.0446886446886447,0.569047619047619
219773.411807,2708366.126422,0.35302752293578,0.0240366972477064,0,0.0196330275229358,0.0214678899082569,0.581834862385321
220273.411807,2708366.126422,0.332782975600807,0.0210970464135021,0,0.0324711062190424,0.0319207484865162,0.581728123280132
220773.411807,2708366.126422,0.238644688644689,0.0452380952380952,0,0.084981684981685,0.0772893772893773,0.553846153846154
221273.411807,2708366.126422,0.543119266055046,0.00954128440366972,0.00146788990825688,0.0343119266055046,0.0348623853211009,0.376697247706422
221773.411807,2708366.126422,0.502476609796368,0.00825536598789213,0,0.0392588515868648,0.0264171711612548,0.423592001467621
222273.411807,2708366.126422,0.524175824175824,0.0423076923076923,0,0.0113553113553114,0.00201465201465201,0.42014652014652
222773.411807,2708366.126422,0.71302752293578,0.0055045871559633,0,0.00128440366972477,0.00110091743119266,0.279082568807339
223273.411807,2708366.126422,0.367088607594937,0.00311869381764814,0,0.00825536598789213,0.0100898917629793,0.611447440836544
223773.411807,2708366.126422,0.58040293040293,0.0021978021978022,0,0.0217948717948718,0.00934065934065934,0.386263736263736
224273.411807,2708366.126422,0.833577981651376,0,0,0.00477064220183486,0.00311926605504587,0.158532110091743
215773.411807,2707866.126422,0.0912087912087912,0.0932234432234432,0.273443223443223,0.192673992673993,0.0754578754578755,0.273992673992674
216273.411807,2707866.126422,0.0518885221855519,0.171250458379171,0,0.122295562889622,0.182618261826183,0.471947194719472
216773.411807,2707866.126422,0.0776556776556777,0.103113553113553,0,0.172161172161172,0.134798534798535,0.512271062271062
217273.411807,2707866.126422,0.183150183150183,0.0307692307692308,0.000183150183150183,0.155494505494505,0.0758241758241758,0.554578754578755
217773.411807,2707866.126422,0.0938760542720939,0.0968096809680968,0,0.128896222955629,0.0641730839750642,0.616244957829116
218273.411807,2707866.126422,0.076007326007326,0.151465201465201,0.000915750915750916,0.186446886446886,0.116117216117216,0.469047619047619
218773.411807,2707866.126422,0.216300366300366,0.226190476190476,0.00256410256410256,0.184065934065934,0.110989010989011,0.25989010989011
219273.411807,2707866.126422,0.269343601026769,0.168316831683168,0,0.0850751741840851,0.101576824349102,0.375687568756876
219773.411807,2707866.126422,0.357692307692308,0.0144688644688645,0,0.0293040293040293,0.0152014652014652,0.583333333333333
220273.411807,2707866.126422,0.420879120879121,0.119413919413919,0,0.00732600732600733,0.00586080586080586,0.446520146520147
220773.411807,2707866.126422,0.544371103777044,0.0196186285295196,0,0.00458379171250458,0.0381371470480381,0.393289328932893
221273.411807,2707866.126422,0.374542124542125,0.0382783882783883,0,0.0249084249084249,0.0657509157509158,0.496520146520147
221773.411807,2707866.126422,0.511538461538461,0.0489010989010989,0.000366300366300366,0.0254578754578755,0.0208791208791209,0.392857142857143
222273.411807,2707866.126422,0.532086541987532,0.00495049504950495,0,0.0099009900990099,0.0146681334800147,0.438393839383938
222773.411807,2707866.126422,0.584798534798535,0.000366300366300366,0,0.00128205128205128,0.00183150183150183,0.411721611721612
223273.411807,2707866.126422,0.712454212454212,0,0,0.00457875457875458,0.000915750915750916,0.282051282051282
223773.411807,2707866.126422,0.755592225889256,0,0,0,0,0.244407774110744
224273.411807,2707866.126422,0.615934065934066,0.00347985347985348,0,0.00604395604395604,0.00586080586080586,0.368681318681319
215273.411807,2707366.126422,0.0857037988621766,0.0383556615892824,0.516975591851716,0.111029546705818,0.0515690952468343,0.196366305744173
215773.411807,2707366.126422,0.0339262791124152,0.104896387309738,0.00348432055749129,0.170181551439575,0.142306986979644,0.545204474601137
216273.411807,2707366.126422,0.115631299248671,0.0452629649990837,0.00696353307678211,0.494227597581089,0.124977093641195,0.212937511453179
216773.411807,2707366.126422,0.0400073407964764,0.15360616626904,0.0345017434391632,0.626353459350339,0.085887318774087,0.0596439713708937
217273.411807,2707366.126422,0.21602787456446,0.0363102879149092,0.000550155877498625,0.105446543187236,0.0693196405648267,0.572345497891069
217773.411807,2707366.126422,0.141103170240059,0.100054975261132,0.00183250870441635,0.155763239875389,0.138171156312992,0.463074949606011
218273.411807,2707366.126422,0.1493852082951,0.0767113231785649,0.00110111947146265,0.115434024591668,0.0778124426500275,0.579555881813177
218773.411807,2707366.126422,0.0689528699798276,0.0935264991747662,0.000916926462497708,0.114799193104713,0.0880249403997799,0.633779570878416
219273.411807,2707366.126422,0.0628550485614807,0.142935678944475,0,0.143668682426242,0.0553417628733736,0.595198827194429
219773.411807,2707366.126422,0.0946962745457882,0.110111947146265,0,0.202789502661039,0.117636263534593,0.474766012112314
220273.411807,2707366.126422,0.118833669539703,0.154227030992114,0.000183385292499542,0.106913625527233,0.0872913992297818,0.532550889418669
220773.411807,2707366.126422,0.299248671431189,0.074216602528862,0,0.0454462158695254,0.0377496793109767,0.543338830859447
221273.411807,2707366.126422,0.472380253257478,0.00587263718113415,0,0.0245916681959993,0.0143145531290145,0.482840888236374
221773.411807,2707366.126422,0.518796992481203,0.0221896203924445,0,0.0143040528149642,0.0168714469099578,0.42783788740143
222273.411807,2707366.126422,0.520065970313359,0.00183250870441635,0,0.00824628916987356,0.0177753344328386,0.452079897379513
222773.411807,2707366.126422,0.570196366305744,0.00220223894292531,0,0.00734079647641769,0.00550559735731327,0.4147550009176
223273.411807,2707366.126422,0.586649550706033,0.000733541169998166,0,0.0368604437924078,0.0192554557124519,0.356501008619109
223773.411807,2707366.126422,0.737584753527579,0.00586402785413231,0,0.0042147700201576,0.0053142752428074,0.247022173355323
224273.411807,2707366.126422,0.723251972839053,0,0,0.000550559735731327,0.000183519911910442,0.276013947513305
214773.411807,2706866.126422,0,0.076007326007326,0.815018315018315,0.106959706959707,0.00128205128205128,0.000732600732600733
215273.411807,2706866.126422,0.0845871559633028,0.143853211009174,0.119816513761468,0.197064220183486,0.0790825688073395,0.375596330275229
215773.411807,2706866.126422,0.000366905155017428,0.0836543753439736,0,0.0341221794166208,0.107503210420106,0.774353329664282
216273.411807,2706866.126422,0.0961538461538462,0.0163003663003663,0.000366300366300366,0.172893772893773,0.0686813186813187,0.645604395604396
216773.411807,2706866.126422,0.0363302752293578,0.558715596330275,0,0.00275229357798165,0.0106422018348624,0.391559633027523
217273.411807,2706866.126422,0.086589616584113,0.117593102183086,0.00348559897266557,0.0952118877270226,0.0939277196844616,0.603192074848652
217773.411807,2706866.126422,0.448534798534799,0.0168498168498168,0,0.0761904761904762,0.0401098901098901,0.418315018315018
218273.411807,2706866.126422,0.237981651376147,0.00623853211009174,0,0.0211009174311927,0.0300917431192661,0.704587155963303
218773.411807,2706866.126422,0.193542469271693,0.0225646670335718,0.00091726288754357,0.0543019629425793,0.0495321959273528,0.679141441937259
219273.411807,2706866.126422,0.156043956043956,0.019047619047619,0,0.0516483516483516,0.0450549450549451,0.728205128205128
219773.411807,2706866.126422,0.185871559633028,0.00642201834862385,0,0.071743119266055,0.046605504587156,0.689357798165138
220273.411807,2706866.126422,0.115942028985507,0.0675105485232067,0.000550357732526142,0.189139607411484,0.0847550908090259,0.54210236653825
220773.411807,2706866.126422,0.0307692307692308,0.347802197802198,0,0.123443223443223,0.104212454212454,0.393772893772894
221273.411807,2706866.126422,0.148807339449541,0.101100917431193,0,0.0346788990825688,0.0262385321100917,0.689174311926605
221773.411807,2706866.126422,0.511282333516786,0.0293524124013942,0,0.0146762062006971,0.00843881856540084,0.436250229315722
222273.411807,2706866.126422,0.474175824175824,0.0108058608058608,0,0.0305860805860806,0.0315018315018315,0.452930402930403
222773.411807,2706866.126422,0.692293577981651,0.00220183486238532,0.00018348623853211,0.00238532110091743,0.00311926605504587,0.299816513761468
223273.411807,2706866.126422,0.70610897083104,0.000366905155017428,0,0.00201797835259585,0.00110071546505228,0.290405430196294
223773.411807,2706866.126422,0.766300366300366,0,0,0,0,0.233699633699634
224273.411807,2706866.126422,0.514678899082569,0.00201834862385321,0,0.0214678899082569,0.0130275229357798,0.448807339449541
214773.411807,2706366.126422,0.0331866519985332,0.142647598093143,0.351851851851852,0.3995232856619,0.0317198386505317,0.0410707737440411
215273.411807,2706366.126422,0.0604395604395604,0.323443223443223,0.00384615384615385,0.138278388278388,0.0721611721611722,0.401831501831502
215773.411807,2706366.126422,0.0523809523809524,0.252197802197802,0.000183150183150183,0.154578754578755,0.0921245421245421,0.448534798534799
216273.411807,2706366.126422,0.0726072607260726,0.0242024202420242,0,0.0542720938760543,0.0295196186285295,0.819398606527319
216773.411807,2706366.126422,0.0181318681318681,0.260805860805861,0,0.000366300366300366,0.00366300366300366,0.717032967032967
217273.411807,2706366.126422,0.197435897435897,0.118864468864469,0.000915750915750916,0.0725274725274725,0.0873626373626374,0.522893772893773
217773.411807,2706366.126422,0.416941694169417,0.0152181884855152,0.000183351668500183,0.00733406674000733,0.0207187385405207,0.53960396039604
218273.411807,2706366.126422,0.295970695970696,0.00421245421245421,0.000183150183150183,0.00750915750915751,0.0252747252747253,0.666849816849817
218773.411807,2706366.126422,0.118498168498168,0.00860805860805861,0,0.0963369963369963,0.052014652014652,0.724542124542125
219273.411807,2706366.126422,0.122845617895123,0.0242024202420242,0,0.140997433076641,0.0597726439310598,0.652181884855152
219773.411807,2706366.126422,0.42967032967033,0.000183150183150183,0,0.00384615384615385,0.00714285714285714,0.559157509157509
220273.411807,2706366.126422,0.407509157509158,0.0249084249084249,0,0.0131868131868132,0.0250915750915751,0.529304029304029
220773.411807,2706366.126422,0.156949028236157,0.0878254492115878,0,0.0102676934360103,0.0194352768610194,0.725522552255226
221273.411807,2706366.126422,0.0804029304029304,0.137728937728938,0,0.164102564102564,0.132783882783883,0.484981684981685
221773.411807,2706366.126422,0.292673992673993,0.0527472527472527,0,0.120512820512821,0.117216117216117,0.416849816849817
222273.411807,2706366.126422,0.271910524385772,0.0845251191785845,0.000183351668500183,0.0705903923725706,0.0801246791345801,0.492665933259993
222773.411807,2706366.126422,0.410989010989011,0.0968864468864469,0,0.0446886446886447,0.0441391941391941,0.403296703296703
223273.411807,2706366.126422,0.509523809523809,0.0278388278388278,0,0.00970695970695971,0.010989010989011,0.441941391941392
223773.411807,2706366.126422,0.615328199486615,0.0022002200220022,0,0.0100843417675101,0.00953428676200953,0.362852951961863
224273.411807,2706366.126422,0.620512820512821,0.000366300366300366,0,0.00805860805860806,0.0131868131868132,0.357875457875458
214273.411807,2705866.126422,0.0865578580597836,0.0630845406198423,0.275261324041812,0.274161012286815,0.0920594168347699,0.208875848156978
214773.411807,2705866.126422,0.100421477002016,0.168590800806304,0.00183250870441635,0.285138354407183,0.128458860179586,0.315557998900495
215273.411807,2705866.126422,0.0154156726004772,0.32795008258396,0.00256927876674619,0.0855202789502661,0.0812993209763259,0.487245366122224
215773.411807,2705866.126422,0.111314872547222,0.0968274344397579,0.000550155877498625,0.242068586099395,0.0841738492572896,0.465065101778837
216273.411807,2705866.126422,0.145317940260216,0.184350375664284,0,0.00366501740883269,0.0047645226314825,0.661902144035184
216773.411807,2705866.126422,0.135070655166086,0.333272160029363,0,0.000183519911910442,0.0407414204441182,0.490732244448523
217273.411807,2705866.126422,0.204474601136989,0.156977810379608,0.000183385292499542,0.103429304969741,0.10397946084724,0.430955437373923
217773.411807,2705866.126422,0.269378779549203,0.0256551218618288,0,0.0474619754443834,0.0406816932380429,0.616822429906542
218273.411807,2705866.126422,0.150669847678473,0.0673518076711323,0,0.0200036703982382,0.0467975775371628,0.715177096714994
218773.411807,2705866.126422,0.154410416284614,0.0282413350449294,0.000183385292499542,0.0174216027874564,0.0135705116449661,0.786172748945535
219273.411807,2705866.126422,0.0989554700384827,0.0216236027121129,0.000733003481766538,0.130291368884002,0.098772219168041,0.649624335715595
219773.411807,2705866.126422,0.363552945494586,0.0341347036153423,0,0.0557900532207745,0.0642319691686548,0.482290328500642
220273.411807,2705866.126422,0.666422152943334,0.00788556757748029,0,0.0280579497524299,0.0141206675224647,0.283513662204291
220773.411807,2705866.126422,0.403701667582921,0.0126443100604728,0,0.0350009162543522,0.0547920102620487,0.493861095840205
221273.411807,2705866.126422,0.1036887502294,0.209212699577904,0,0.0732244448522665,0.115801064415489,0.49807304092494
221773.411807,2705866.126422,0.586832935998533,0.0276911791674308,0,0.0841738492572896,0.0471300201723822,0.254172015404365
222273.411807,2705866.126422,0.549935862195345,0.00494777350192413,0,0.00568077698369067,0.00641378046545721,0.433021806853583
222773.411807,2705866.126422,0.18260231235089,0.129748577720683,0.000734079647641769,0.0594604514589833,0.0739585244999082,0.553496054321894
223273.411807,2705866.126422,0.342930496974143,0.0225563909774436,0,0.0207225380524482,0.0242068586099395,0.589583715386026
223773.411807,2705866.126422,0.662085394905626,0,0,0.00109950522264981,0.00146600696353308,0.335349092908191
224273.411807,2705866.126422,0.619563222609653,0,0,0.00256927876674619,0,0.377867498623601
213773.411807,2705366.126422,0.0792660550458716,0.0979816513761468,0.320733944954128,0.233577981651376,0.0732110091743119,0.195229357798165
214273.411807,2705366.126422,0.0291689598238855,0.201064024949551,0.00440286186020914,0.164556962025316,0.104384516602458,0.49642267473858
214773.411807,2705366.126422,0.0234432234432234,0.316300366300366,0.000183150183150183,0.0769230769230769,0.084981684981685,0.498168498168498
215273.411807,2705366.126422,0.0201834862385321,0.0710091743119266,0,0.160366972477064,0.0932110091743119,0.655229357798165
215773.411807,2705366.126422,0.401394239589066,0.0221977618785544,0.002568336085122,0.0792515134837644,0.0566868464501926,0.4379013025133
216273.411807,2705366.126422,0.276556776556777,0.0538461538461538,0,0.0351648351648352,0.021978021978022,0.612454212454212
216773.411807,2705366.126422,0.144403669724771,0.128073394495413,0,0.0244036697247706,0.0326605504587156,0.67045871559633
217273.411807,2705366.126422,0.239405613648872,0.0627407815079802,0.000183452577508714,0.0741148413135205,0.0421940928270042,0.581361218125115
217773.411807,2705366.126422,0.104212454212454,0.0673992673992674,0.00164835164835165,0.0208791208791209,0.0445054945054945,0.761355311355311
218273.411807,2705366.126422,0.303669724770642,0.0280733944954128,0,0.0128440366972477,0.0271559633027523,0.628256880733945
218773.411807,2705366.126422,0.216290588882774,0.165107319757843,0,0.0330214639515685,0.0574206567602275,0.528159970647588
219273.411807,2705366.126422,0.331135531135531,0.00256410256410256,0,0.00641025641025641,0.0128205128205128,0.647069597069597
219773.411807,2705366.126422,0.114128440366972,0.0532110091743119,0,0.162018348623853,0.140183486238532,0.53045871559633
220273.411807,2705366.126422,0.361401577692167,0.0387084938543387,0,0.0926435516419006,0.0495321959273528,0.457714180884241
220773.411807,2705366.126422,0.389194139194139,0.115201465201465,0,0.0144688644688645,0.0111721611721612,0.46996336996337
221273.411807,2705366.126422,0.271559633027523,0.138532110091743,0,0.126788990825688,0.0392660550458716,0.423853211009174
221773.411807,2705366.126422,0.39937626123647,0.0522839845899835,0.000183452577508714,0.0928270042194093,0.0590717299578059,0.396257567418822
222273.411807,2705366.126422,0.73040293040293,0.00750915750915751,0,0.0133699633699634,0.00750915750915751,0.241208791208791
222773.411807,2705366.126422,0.420366972477064,0.0163302752293578,0,0.0218348623853211,0.0255045871559633,0.515963302752294
223273.411807,2705366.126422,0.381581361218125,0.0337552742616034,0.000183452577508714,0.0728306732709595,0.0445789763346175,0.467070262337186
223773.411807,2705366.126422,0.494139194139194,0.0677655677655678,0,0.0298534798534799,0.0269230769230769,0.381318681318681
224273.411807,2705366.126422,0.726422018348624,0.00128440366972477,0,0,0,0.272293577981651
213273.411807,2704866.126422,0.00605060506050605,0.257059039237257,0.286028602860286,0.153281994866153,0.0806747341400807,0.216905023835717
213773.411807,2704866.126422,0.0287545787545788,0.288827838827839,0.013003663003663,0.250915750915751,0.138461538461538,0.28003663003663
214273.411807,2704866.126422,0.0476190476190476,0.208424908424908,0.000366300366300366,0.152747252747253,0.164835164835165,0.426007326007326
214773.411807,2704866.126422,0.0467546754675468,0.100660066006601,0.00825082508250825,0.355702236890356,0.141914191419142,0.346718005133847
215273.411807,2704866.126422,0.0838827838827839,0.10018315018315,0.00641025641025641,0.363003663003663,0.102747252747253,0.343772893772894
215773.411807,2704866.126422,0.467582417582418,0.0351648351648352,0,0.00457875457875458,0.00586080586080586,0.486813186813187
216273.411807,2704866.126422,0.318848551521819,0.0033003300330033,0,0.00586725339200587,0.00385038503850385,0.668133480014668
216773.411807,2704866.126422,0.334615384615385,0.00750915750915751,0,0.019047619047619,0.0102564102564103,0.628571428571429
217273.411807,2704866.126422,0.380586080586081,0.00934065934065934,0,0.0692307692307692,0.0490842490842491,0.491758241758242
217773.411807,2704866.126422,0.307664099743308,0.033003300330033,0.00476714338100477,0.122112211221122,0.0456545654565457,0.486798679867987
218273.411807,2704866.126422,0.342490842490842,0.0179487179487179,0,0.0291208791208791,0.0161172161172161,0.594322344322344
218773.411807,2704866.126422,0.48974358974359,0.0366300366300366,0,0.0197802197802198,0.0161172161172161,0.437728937728938
219273.411807,2704866.126422,0.288962229556289,0.0500550055005501,0.000916758342500917,0.0328199486615328,0.0586725339200587,0.568573524019069
219773.411807,2704866.126422,0.141575091575092,0.0842490842490843,0.000366300366300366,0.0967032967032967,0.0897435897435897,0.587362637362637
220273.411807,2704866.126422,0.0994505494505494,0.194688644688645,0,0.152930402930403,0.102380952380952,0.450549450549451
220773.411807,2704866.126422,0.236890355702237,0.172350568390172,0.000916758342500917,0.0597726439310598,0.0418041804180418,0.488265493215988
221273.411807,2704866.126422,0.16959706959707,0.207875457875458,0,0.125274725274725,0.0485347985347985,0.448717948717949
221773.411807,2704866.126422,0.231318681318681,0.13956043956044,0,0.120695970695971,0.0721611721611722,0.436263736263736
222273.411807,2704866.126422,0.416758342500917,0.0238357169050238,0.00238357169050238,0.061972863953062,0.0352035203520352,0.45984598459846
222773.411807,2704866.126422,0.567765567765568,0.0102564102564103,0.000366300366300366,0.0238095238095238,0.0163003663003663,0.381501831501831
223273.411807,2704866.126422,0.68992673992674,0.0245421245421245,0.00128205128205128,0.00293040293040293,0.00164835164835165,0.27967032967033
223773.411807,2704866.126422,0.435643564356436,0.0471213788045471,0,0.0322698936560323,0.0276861019435277,0.457279061239457
224273.411807,2704866.126422,0.571428571428571,0.0010989010989011,0,0.0010989010989011,0.00128205128205128,0.425091575091575
212773.411807,2704366.126422,0.0053181734824867,0.102695763799743,0.432422519713919,0.23620025673941,0.0335595085274161,0.189803777737026
213273.411807,2704366.126422,0.0328019058090526,0.22191680410482,0.00806303829943192,0.330584570276709,0.142019424592267,0.26461425691772
213773.411807,2704366.126422,0.0214718296935217,0.290879060378051,0.00440447788585061,0.189943108827308,0.113048265736832,0.380253257478436
214273.411807,2704366.126422,0.0130203557674674,0.256922794791858,0.0053181734824867,0.267008985879332,0.107647166697231,0.350082523381625
214773.411807,2704366.126422,0.0249221183800623,0.0582737768004398,0.0289536375297783,0.73538574308228,0.0974894630749496,0.0549752611324904
215273.411807,2704366.126422,0.129381537896862,0.0790970820334006,0.000550559735731327,0.327032483024408,0.122774821068086,0.341163516241512
215773.411807,2704366.126422,0.305519897304236,0.0163212910324592,0.000183385292499542,0.0561158995048597,0.0326425820649184,0.589216944801027
216273.411807,2704366.126422,0.18160161260766,0.0527762506871908,0.000183250870441635,0.272860546087594,0.132123877588419,0.360454462158695
216773.411807,2704366.126422,0.208295100018352,0.0205542301339695,0,0.118553863094146,0.0785465222976693,0.574050284455863
217273.411807,2704366.126422,0.377773702549056,0.0157711351549606,0,0.028791490922428,0.0298918026774253,0.547771868696131
217773.411807,2704366.126422,0.360454462158695,0.0280373831775701,0.000366501740883269,0.221367051493495,0.0808136338647609,0.308960967564596
218273.411807,2704366.126422,0.467058175812076,0.0712057258212516,0.00220223894292531,0.009543035419343,0.00880895577170123,0.441181868232703
218773.411807,2704366.126422,0.417751696313956,0.0673024023473317,0,0.0148542086924629,0.015587749862461,0.484503942783789
219273.411807,2704366.126422,0.424409015942826,0.00549752611324904,0.000183250870441635,0.00989554700384827,0.0126443100604728,0.547370350009163
219773.411807,2704366.126422,0.31932464672417,0.0308313452009543,0,0.0135804734813727,0.0297302257294917,0.606533308864012
220273.411807,2704366.126422,0.165046763249587,0.0726205758298184,0,0.194938565927013,0.115349348982212,0.45204474601137
220773.411807,2704366.126422,0.0879604178119846,0.241707898112516,0.0117280557082646,0.24665567161444,0.121861828843687,0.290086127909108
221273.411807,2704366.126422,0.423930996513122,0.0623967700495504,0,0.0167003119838502,0.0144980730409249,0.482473848412553
221773.411807,2704366.126422,0.106363469649734,0.232715936181918,0,0.154043645699615,0.0847240051347882,0.422152943333945
222273.411807,2704366.126422,0.288986622686458,0.0287703866593366,0.00201575957485798,0.0696353307678211,0.0322521531977277,0.578339747113799
222773.411807,2704366.126422,0.54780693705267,0.000917599559552211,0.00165167920719398,0.0374380620297302,0.0236740686364471,0.388511653514406
223273.411807,2704366.126422,0.737759031725656,0.000733541169998166,0,0.00605171465248487,0.00385109114249037,0.251604621309371
223773.411807,2704366.126422,0.511819681143485,0.00494777350192413,0.000366501740883269,0.000549752611324904,0.00458127176104087,0.477735019241341
224273.411807,2704366.126422,0.567810607450908,0.009543035419343,0.00146815929528354,0.00734079647641769,0.00660671682877592,0.407230684529271
212273.411807,2703866.126422,0.144954128440367,0.0924770642201835,0.107889908256881,0.182752293577982,0.0801834862385321,0.391743119266055
212773.411807,2703866.126422,0.0671436433681893,0.273527793065493,0.000733810310034856,0.137589433131535,0.0576041093377362,0.463401210787012
213273.411807,2703866.126422,0.0340659340659341,0.239377289377289,0.00897435897435897,0.232600732600733,0.0891941391941392,0.395787545787546
213773.411807,2703866.126422,0.0223853211009174,0.310825688073395,0.00146788990825688,0.0915596330275229,0.125871559633028,0.447889908256881
214273.411807,2703866.126422,0.0577875619152449,0.123830489818382,0.0066042927903137,0.354797284901853,0.157769216657494,0.299211153916713
214773.411807,2703866.126422,0.017032967032967,0.0159340659340659,0.0327838827838828,0.805677655677656,0.0864468864468864,0.0421245421245421
215273.411807,2703866.126422,0.0590825688073394,0.0590825688073394,0.00752293577981651,0.575412844036697,0.121467889908257,0.17743119266055
215773.411807,2703866.126422,0.104384516602458,0.0640249495505412,0.00146762062006971,0.213355347642634,0.128233351678591,0.488534213905705
216273.411807,2703866.126422,0.0664835164835165,0.182234432234432,0.000183150183150183,0.0421245421245421,0.060989010989011,0.647985347985348
216773.411807,2703866.126422,0.0860550458715596,0.107522935779817,0,0.107522935779817,0.0801834862385321,0.618715596330275
217273.411807,2703866.126422,0.292973766281416,0.0897083104017612,0,0.0368739680792515,0.0565033938726839,0.523940561364887
217773.411807,2703866.126422,0.288644688644689,0.0291208791208791,0.0862637362637363,0.106410256410256,0.0591575091575092,0.43040293040293
218273.411807,2703866.126422,0.513394495412844,0.0148623853211009,0.00036697247706422,0.0603669724770642,0.0308256880733945,0.380183486238532
218773.411807,2703866.126422,0.646486883140708,0.00348559897266557,0,0.00146762062006971,0.00183452577508714,0.346725371491469
219273.411807,2703866.126422,0.546520146520146,0.00366300366300366,0,0.00860805860805861,0.0249084249084249,0.416300366300366
219773.411807,2703866.126422,0.457798165137615,0.0110091743119266,0,0.0436697247706422,0.0377981651376147,0.449724770642202
220273.411807,2703866.126422,0.227848101265823,0.0220143093010457,0,0.0731975784259769,0.0339387268391121,0.643001284168043
220773.411807,2703866.126422,0.265567765567766,0.0758241758241758,0,0.0617216117216117,0.0913919413919414,0.505494505494505
221273.411807,2703866.126422,0.576880733944954,0.0526605504587156,0,0.0121100917431193,0.011743119266055,0.346605504587156
221773.411807,2703866.126422,0.288570904421207,0.223628691983122,0,0.0709961474958723,0.0341221794166208,0.382682076683177
222273.411807,2703866.126422,0.288095238095238,0.0989010989010989,0,0.110805860805861,0.0631868131868132,0.439010989010989
222773.411807,2703866.126422,0.662018348623853,0.00568807339449541,0.00018348623853211,0.0179816513761468,0.023302752293578,0.290825688073394
223273.411807,2703866.126422,0.825169693634196,0.000733810310034856,0,0.00238488350761328,0.00201797835259585,0.16969363419556
223773.411807,2703866.126422,0.694139194139194,0.000366300366300366,0,0.0236263736263736,0.0238095238095238,0.258058608058608
224273.411807,2703866.126422,0.527522935779816,0.00899082568807339,0.00018348623853211,0.00752293577981651,0.00770642201834862,0.448073394495413
212273.411807,2703366.126422,0.0619047619047619,0.161721611721612,0.00695970695970696,0.111172161172161,0.13974358974359,0.518498168498169
212773.411807,2703366.126422,0.00421245421245421,0.262087912087912,0.000366300366300366,0.196703296703297,0.105677655677656,0.430952380952381
213273.411807,2703366.126422,0.0133846718005134,0.220755408874221,0.000183351668500183,0.102126879354602,0.0636230289695636,0.5999266593326
213773.411807,2703366.126422,0.0208791208791209,0.285897435897436,0.0166666666666667,0.0906593406593407,0.0941391941391941,0.491758241758242
214273.411807,2703366.126422,0.0386446886446886,0.13003663003663,0.00494505494505494,0.4996336996337,0.138095238095238,0.188644688644689
214773.411807,2703366.126422,0.0267693436010268,0.22955628896223,0.0163182984965163,0.261276127612761,0.115144847818115,0.350935093509351
215273.411807,2703366.126422,0.0644688644688645,0.0683150183150183,0.00256410256410256,0.506043956043956,0.165934065934066,0.192673992673993
215773.411807,2703366.126422,0.0384615384615385,0.191575091575092,0.000549450549450549,0.256593406593407,0.124725274725275,0.388095238095238
216273.411807,2703366.126422,0.0627062706270627,0.226072607260726,0,0.0612394572790612,0.0716905023835717,0.578291162449578
216773.411807,2703366.126422,0.15018315018315,0.0529304029304029,0,0.0661172161172161,0.0652014652014652,0.665567765567766
217273.411807,2703366.126422,0.30989010989011,0.0675824175824176,0.0010989010989011,0.0344322344322344,0.0335164835164835,0.553479853479854
217773.411807,2703366.126422,0.327466079941327,0.0315364869820315,0,0.161532819948662,0.0830583058305831,0.396406307297396
218273.411807,2703366.126422,0.317582417582418,0.0360805860805861,0,0.0467032967032967,0.0716117216117216,0.528021978021978
218773.411807,2703366.126422,0.332234432234432,0.0576923076923077,0,0.101098901098901,0.0712454212454212,0.437728937728938
219273.411807,2703366.126422,0.457829116244958,0.00421708837550422,0.00531719838650532,0.0361202786945361,0.0363036303630363,0.46021268793546
219773.411807,2703366.126422,0.63040293040293,0.00183150183150183,0.000183150183150183,0.00494505494505494,0.0032967032967033,0.359340659340659
220273.411807,2703366.126422,0.548534798534799,0.0100732600732601,0,0.00787545787545788,0.00805860805860806,0.425457875457875
220773.411807,2703366.126422,0.468280161349468,0.00476714338100477,0,0.0201686835350202,0.026952695269527,0.47983131646498
221273.411807,2703366.126422,0.342490842490842,0.0283882783882784,0,0.047985347985348,0.0507326007326007,0.53040293040293
221773.411807,2703366.126422,0.337545787545788,0.0536630036630037,0.000183150183150183,0.0708791208791209,0.0399267399267399,0.497802197802198
222273.411807,2703366.126422,0.225889255592226,0.159149248258159,0,0.102676934360103,0.0738907224055739,0.438393839383938
222773.411807,2703366.126422,0.666849816849817,0.000732600732600733,0,0.00238095238095238,0.000732600732600733,0.329304029304029
223273.411807,2703366.126422,0.733882783882784,0.00714285714285714,0,0.0122710622710623,0.00732600732600733,0.239377289377289
223773.411807,2703366.126422,0.72020535386872,0,0,0.00128346167950128,0.0011001100110011,0.277411074440777
224273.411807,2703366.126422,0.642124542124542,0.00457875457875458,0,0.0258241758241758,0.0166666666666667,0.310805860805861
212273.411807,2702866.126422,0.00679023674068636,0.302073775004588,0.0220223894292531,0.375665259680675,0.193246467241696,0.100201871903101
212773.411807,2702866.126422,0.0198056115899505,0.265908674124335,0.000550155877498625,0.207592151109481,0.147625160462131,0.358518246836604
213273.411807,2702866.126422,0.0120945574491479,0.426241524647242,0.000366501740883269,0.116914055341763,0.0864944108484515,0.357888949972512
213773.411807,2702866.126422,0.0598274912828042,0.176362635345935,0.0047715177096715,0.182235272527069,0.152138006973757,0.424665076160763
214273.411807,2702866.126422,0.01998899688245,0.0768384375573079,0.0179717586649551,0.601870529983495,0.0933431138822666,0.189987163029525
214773.411807,2702866.126422,0.0868609125893348,0.179769103903244,0.000916254352208173,0.0505772402418911,0.0536925050393989,0.628183983873923
