"x","y","forest","agri","water","built","other","grass"
288273.411807,2640866.126422,0.982500634034999,0.000760841998478316,0,0,0,0.016738523966523
288773.411807,2640866.126422,0.832660550458716,0.00311926605504587,0,0.0539449541284404,0.0161467889908257,0.0941284403669725
289273.411807,2640866.126422,0.860759493670886,0.00568702990277013,0,0.0471473124197395,0.0216474041460283,0.064758759860576
289773.411807,2640866.126422,0.995604395604396,0,0,0,0,0.0043956043956044
290273.411807,2640866.126422,0.980733944954128,0,0,0,0,0.0192660550458716
290773.411807,2640866.126422,0.895248578242524,0.00348559897266557,0,0.000366905155017428,0,0.100898917629793
291273.411807,2640866.126422,0.885897435897436,0.0241758241758242,0.00238095238095238,0.00769230769230769,0.00494505494505494,0.0749084249084249
291773.411807,2640866.126422,0.887522935779817,0.0223853211009174,0.00036697247706422,0.0036697247706422,0.00220183486238532,0.0838532110091743
292273.411807,2640866.126422,0.984223078334251,0.00623738763529628,0,0,0,0.00953953403045313
292773.411807,2640866.126422,0.989377289377289,0.00238095238095238,0,0,0,0.00824175824175824
293273.411807,2640866.126422,0.992660550458716,0,0,0,0,0.0073394495412844
293773.411807,2640866.126422,0.991010823702073,0.00110071546505228,0,0,0,0.0078884608328747
294273.411807,2640866.126422,0.965384615384615,0,0,0,0,0.0346153846153846
294773.411807,2640866.126422,0.927522935779816,0,0,0.00036697247706422,0,0.0721100917431193
295273.411807,2640866.126422,0.975417354613832,0,0,0,0,0.0245826453861677
295773.411807,2640866.126422,0.95952380952381,0.000366300366300366,0,0.00274725274725275,0.000366300366300366,0.036996336996337
296273.411807,2640866.126422,0.973761467889908,0,0,0,0,0.0262385321100917
296773.411807,2640866.126422,0.937442671069528,0.000183452577508714,0,0,0,0.0623738763529628
297273.411807,2640866.126422,0.943772893772894,0.00274725274725275,0,0,0,0.0534798534798535
297773.411807,2640866.126422,0.92256880733945,0,0,0,0,0.0774311926605505
298273.411807,2640866.126422,0.765914511098881,0,0,0,0,0.234085488901119
298773.411807,2640866.126422,0.882051282051282,0.00641025641025641,0,0.00274725274725275,0.00164835164835165,0.107142857142857
299273.411807,2640866.126422,0.770275229357798,0.0286238532110092,0,0.00348623853211009,0.00256880733944954,0.195045871559633
299773.411807,2640866.126422,0.847000550357732,0.00605393505778756,0,0.001284168042561,0.00146762062006971,0.144193725921849
300273.411807,2640866.126422,0.747619047619048,0.0250915750915751,0,0.00256410256410256,0.00146520146520147,0.223260073260073
300773.411807,2640866.126422,0.929631771737035,0.000192789666473877,0,0,0,0.0701754385964912
288273.411807,2640366.126422,0.894496576211007,0.00253613999492772,0,0,0,0.102967283794065
288773.411807,2640366.126422,0.936813186813187,0.00970695970695971,0,0,0,0.0534798534798535
289273.411807,2640366.126422,0.979487179487179,0.00201465201465201,0,0,0,0.0184981684981685
289773.411807,2640366.126422,0.995049504950495,0.000183351668500183,0,0,0,0.00476714338100477
290273.411807,2640366.126422,0.967399267399267,0.00274725274725275,0,0,0,0.0298534798534799
290773.411807,2640366.126422,0.899450549450549,0.00604395604395604,0,0,0,0.0945054945054945
291273.411807,2640366.126422,0.903373670700403,0.0192519251925193,0.00055005500550055,0.00806747341400807,0.0066006600660066,0.0621562156215622
291773.411807,2640366.126422,0.877655677655678,0.00989010989010989,0,0.0108058608058608,0.00604395604395604,0.0956043956043956
292273.411807,2640366.126422,0.964652014652015,0.00512820512820513,0,0,0,0.0302197802197802
292773.411807,2640366.126422,0.982764943160983,0.000183351668500183,0,0,0,0.0170517051705171
293273.411807,2640366.126422,0.996153846153846,0,0,0,0,0.00384615384615385
293773.411807,2640366.126422,0.991391941391941,0,0,0,0,0.00860805860805861
294273.411807,2640366.126422,0.893289328932893,0,0,0,0,0.106710671067107
294773.411807,2640366.126422,0.954945054945055,0.00201465201465201,0,0,0,0.043040293040293
295273.411807,2640366.126422,0.977472527472527,0.00256410256410256,0,0,0,0.01996336996337
295773.411807,2640366.126422,0.892555922258893,0,0,0.000183351668500183,0.000183351668500183,0.107077374404107
296273.411807,2640366.126422,0.917032967032967,0.00695970695970696,0,0.000915750915750916,0.000732600732600733,0.0743589743589744
296773.411807,2640366.126422,0.843406593406593,0.00457875457875458,0,0.0032967032967033,0.0010989010989011,0.147619047619048
297273.411807,2640366.126422,0.795746241290796,0.0113678034470114,0.00366703337000367,0.0229189585625229,0.00568390172350568,0.160616061606161
297773.411807,2640366.126422,0.831135531135531,0.017032967032967,0.000183150183150183,0.0113553113553114,0.00549450549450549,0.134798534798535
298273.411807,2640366.126422,0.839010989010989,0.00531135531135531,0,0.00128205128205128,0.000732600732600733,0.153663003663004
298773.411807,2640366.126422,0.883755042170884,0.00128346167950128,0,0,0,0.114961496149615
299273.411807,2640366.126422,0.936996336996337,0,0,0,0,0.063003663003663
299773.411807,2640366.126422,0.934981684981685,0,0,0,0,0.065018315018315
300273.411807,2640366.126422,0.89017235056839,0,0,0,0,0.10982764943161
300773.411807,2640366.126422,0.797843665768194,0.00173276857912977,0.00288794763188294,0.00385059684251059,0.003273007316134,0.190412013862149
288273.411807,2639866.126422,0.956102512052779,0.00279116975386958,0,0,0,0.0411063181933519
288773.411807,2639866.126422,0.96696641585612,0.00293631859056708,0,0,0,0.0300972655533125
289273.411807,2639866.126422,0.984228864845039,0,0,0.000733541169998166,0.000366770584999083,0.0146708233999633
289773.411807,2639866.126422,0.990470954737035,0,0,0,0,0.009529045262965
290273.411807,2639866.126422,0.992659203523582,0.00110111947146265,0,0,0,0.00623967700495504
290773.411807,2639866.126422,0.552356501008619,0.00330093526499175,0,0.0231065468549422,0.00733541169998166,0.413900605171465
291273.411807,2639866.126422,0.730254718709914,0.0393989371449514,0.00769653655854865,0.0529595015576324,0.00842954004031519,0.161260765988638
291773.411807,2639866.126422,0.68049183336392,0.0212883097816113,0,0.0047715177096715,0.00385391815011929,0.289594420994678
292273.411807,2639866.126422,0.940949935815148,0.00916926462497708,0.000183385292499542,0.00275077938749312,0.0053181734824867,0.0416284613973959
292773.411807,2639866.126422,0.96188381894814,0.00513102437236577,0,0,0,0.0329851566794942
293273.411807,2639866.126422,1,0,0,0,0,0
293773.411807,2639866.126422,0.998349532367504,0,0,0,0,0.00165046763249587
294273.411807,2639866.126422,0.997067986072934,0,0,0,0,0.00293201392706615
294773.411807,2639866.126422,0.989172325197284,0,0,0,0,0.0108276748027161
295273.411807,2639866.126422,0.982578397212544,0,0,0,0,0.0174216027874564
295773.411807,2639866.126422,0.965548836356973,0,0,0,0,0.0344511636430273
296273.411807,2639866.126422,0.811708570379886,0.00422095797394017,0,0.000183519911910442,0.000550559735731327,0.183336391998532
296773.411807,2639866.126422,0.777003484320557,0.00678525582248304,0,0,0,0.216211259856959
297273.411807,2639866.126422,0.846619021440352,0,0,0,0,0.153380978559648
297773.411807,2639866.126422,0.786933382271977,0.00220223894292531,0,0.000917599559552211,0.000917599559552211,0.209029179665994
298273.411807,2639866.126422,0.893453145057766,0.000733541169998166,0,0.000366770584999083,0.000366770584999083,0.105079772602237
298773.411807,2639866.126422,0.835807220084295,0.000183250870441635,0,0.00183250870441635,0.00146600696353308,0.160711013377314
299273.411807,2639866.126422,0.85887318774087,0.00165167920719398,0,0,0,0.139475133051936
299773.411807,2639866.126422,0.787273060700532,0.00165046763249587,0.000550155877498625,0.00898587933247754,0.00311754997249221,0.198422886484504
300273.411807,2639866.126422,0.639545537841305,0.0434304562946674,0.00183250870441635,0.0144768187648891,0.0126443100604728,0.28807036833425
300773.411807,2639866.126422,0.0786733513305052,0.187813343617432,0.0825298881604319,0.0586193598148862,0.0308522946394138,0.561511762437331
288273.411807,2639366.126422,0.939132640121735,0.00608673598782653,0,0,0,0.0547806238904388
288773.411807,2639366.126422,0.969357798165138,0.00513761467889908,0,0,0,0.0255045871559633
289273.411807,2639366.126422,0.940928270042194,0.0176114474408365,0.00403595670519171,0.00385250412768299,0.002568336085122,0.0310034855989727
289773.411807,2639366.126422,0.985897435897436,0.000183150183150183,0,0,0,0.0139194139194139
290273.411807,2639366.126422,0.976880733944954,0.00954128440366972,0,0,0,0.0135779816513761
290773.411807,2639366.126422,0.966795083470923,0,0,0,0,0.0332049165290772
291273.411807,2639366.126422,0.821611721611722,0.0194139194139194,0.00201465201465201,0.0291208791208791,0.00677655677655678,0.121062271062271
291773.411807,2639366.126422,0.932844036697248,0.00385321100917431,0,0.00165137614678899,0.00073394495412844,0.0609174311926605
292273.411807,2639366.126422,0.967345441203449,0.00165107319757843,0,0,0,0.0310034855989727
292773.411807,2639366.126422,0.988095238095238,0,0,0,0,0.0119047619047619
293273.411807,2639366.126422,0.978165137614679,0.000917431192660551,0,0,0,0.0209174311926606
293773.411807,2639366.126422,0.997798569069895,0.000366905155017428,0,0,0,0.00183452577508714
294273.411807,2639366.126422,0.995421245421245,0,0,0,0,0.00457875457875458
294773.411807,2639366.126422,0.989908256880734,0.00055045871559633,0,0,0,0.00954128440366972
295273.411807,2639366.126422,0.98715831957439,0,0,0,0,0.01284168042561
295773.411807,2639366.126422,0.847985347985348,0.000183150183150183,0,0,0,0.151831501831502
296273.411807,2639366.126422,0.904036697247706,0.00238532110091743,0,0,0,0.0935779816513762
296773.411807,2639366.126422,0.942212438084755,0.000366905155017428,0,0,0,0.0574206567602275
297273.411807,2639366.126422,0.825274725274725,0.000732600732600733,0,0,0,0.173992673992674
297773.411807,2639366.126422,0.829174311926606,0.000917431192660551,0,0,0,0.169908256880734
298273.411807,2639366.126422,0.907356448358099,0,0,0,0,0.0926435516419006
298773.411807,2639366.126422,0.913186813186813,0,0,0,0,0.0868131868131868
299273.411807,2639366.126422,0.385871559633028,0.0781651376146789,0.00036697247706422,0.083302752293578,0.0445871559633028,0.407706422018349
299773.411807,2639366.126422,0.06989543203082,0.0629242340854889,0.0423775454045129,0.121812511465786,0.0458631443771785,0.657127132636214
300273.411807,2639366.126422,0.164468864468864,0.0677655677655678,0.0452380952380952,0.0664835164835165,0.0401098901098901,0.615934065934066
300773.411807,2639366.126422,0.0589936379410064,0.370541738962792,0.00520532099479468,0.0283400809716599,0.0190861769809138,0.517833044148834
288273.411807,2638866.126422,0.755008876489982,0.045650519908699,0.0197818919604362,0.0864823738270352,0.00786203398427593,0.0852143038295714
288773.411807,2638866.126422,0.904761904761905,0.0122710622710623,0.000183150183150183,0.00238095238095238,0.00274725274725275,0.0776556776556777
289273.411807,2638866.126422,0.953663003663004,0.00457875457875458,0.000915750915750916,0.000366300366300366,0.00128205128205128,0.0391941391941392
289773.411807,2638866.126422,0.977631096442978,0.00403373670700403,0,0,0,0.0183351668500183
290273.411807,2638866.126422,0.997252747252747,0,0,0,0,0.00274725274725275
290773.411807,2638866.126422,0.986996336996337,0.000183150183150183,0,0.000915750915750916,0.000183150183150183,0.0117216117216117
291273.411807,2638866.126422,0.878804547121379,0.00128346167950128,0,0,0,0.11991199119912
291773.411807,2638866.126422,0.796703296703297,0.0285714285714286,0.00293040293040293,0.0157509157509158,0.00714285714285714,0.148901098901099
292273.411807,2638866.126422,0.984615384615385,0.00201465201465201,0,0,0,0.0133699633699634
292773.411807,2638866.126422,0.966446644664466,0,0,0,0,0.0335533553355336
293273.411807,2638866.126422,0.967765567765568,0,0,0,0,0.0322344322344322
293773.411807,2638866.126422,0.986813186813187,0,0,0,0,0.0131868131868132
294273.411807,2638866.126422,0.996149614961496,0,0,0,0,0.00385038503850385
294773.411807,2638866.126422,0.98992673992674,0.000183150183150183,0,0,0,0.00989010989010989
295273.411807,2638866.126422,0.924908424908425,0,0,0,0,0.0750915750915751
295773.411807,2638866.126422,0.743307664099743,0.00421708837550422,0,0.0011001100110011,0.00165016501650165,0.24972497249725
296273.411807,2638866.126422,0.989010989010989,0.000183150183150183,0,0,0,0.0108058608058608
296773.411807,2638866.126422,0.799084249084249,0.0234432234432234,0,0.000183150183150183,0.000183150183150183,0.177106227106227
297273.411807,2638866.126422,0.883021635496883,0,0,0,0,0.116978364503117
297773.411807,2638866.126422,0.88021978021978,0,0,0,0,0.11978021978022
298273.411807,2638866.126422,0.894688644688645,0,0,0,0,0.105311355311355
298773.411807,2638866.126422,0.616061606160616,0.0106343967730106,0,0.00403373670700403,0.00275027502750275,0.366519985331867
299273.411807,2638866.126422,0.16007326007326,0.058974358974359,0.00842490842490842,0.0347985347985348,0.0168498168498168,0.720879120879121
299773.411807,2638866.126422,0.147252747252747,0.245604395604396,0.0021978021978022,0.0860805860805861,0.034981684981685,0.483882783882784
300273.411807,2638866.126422,0.0742574257425743,0.382104877154382,0.00953428676200953,0.111294462779611,0.0368536853685369,0.385955262192886
300773.411807,2638866.126422,0.08182518290335,0.396418944936465,0.0157874470542934,0.145745090489026,0.0398536773199846,0.320369657296881
288273.411807,2638366.126422,0.122557726465364,0.040091347373763,0.472215173813753,0.315148439482365,0.0124333925399645,0.0375539203247907
288773.411807,2638366.126422,0.940356028629106,0.0100935951550743,0,0.000183519911910442,0.000550559735731327,0.0488162965681776
289273.411807,2638366.126422,0.973225747295067,0.00495140289748762,0.000183385292499542,0.00311754997249221,0.000550155877498625,0.0179717586649551
289773.411807,2638366.126422,0.938427707531611,0.00274876305662452,0,0.00678028220634048,0.00219901044529962,0.0498442367601246
290273.411807,2638366.126422,0.449256744356763,0.103321710405579,0.0390897412369242,0.165534960543219,0.0234905487245366,0.219306294732979
290773.411807,2638366.126422,0.657803044195855,0.0335595085274161,0,0.0438290849073904,0.0177883733724555,0.247019988996882
291273.411807,2638366.126422,0.823162910023823,0.00109950522264981,0,0,0,0.175737584753528
291773.411807,2638366.126422,0.672416957239861,0.030280785465223,0,0.00495503762158194,0.00311983850247752,0.289227381170857
292273.411807,2638366.126422,0.691729323308271,0.0295250320924262,0.0188886851274528,0.0601503759398496,0.0335595085274161,0.166147075004585
292773.411807,2638366.126422,0.956752794575774,0,0,0,0,0.0432472054242258
293273.411807,2638366.126422,0.983850247751881,0,0,0,0,0.0161497522481189
293773.411807,2638366.126422,0.991564276545021,0.000183385292499542,0,0,0,0.00825233816247937
294273.411807,2638366.126422,0.993952721275426,0,0,0,0,0.00604727872457394
294773.411807,2638366.126422,0.981464488897045,0,0,0,0,0.0185355111029547
295273.411807,2638366.126422,0.990830735375023,0.000550155877498625,0,0,0,0.00861910874747845
295773.411807,2638366.126422,0.870075132856881,0.00641378046545721,0.000183250870441635,0.000916254352208173,0.000366501740883269,0.122045079714129
296273.411807,2638366.126422,0.880895577170123,0,0,0,0,0.119104422829877
296773.411807,2638366.126422,0.858059783605355,0,0,0,0,0.141940216394645
297273.411807,2638366.126422,0.78138171156313,0.00696353307678211,0,0,0,0.211654755360088
297773.411807,2638366.126422,0.855202789502661,0,0,0,0,0.144797210497339
298273.411807,2638366.126422,0.705666605538236,0.00293416467999266,0,0.000733541169998166,0.000733541169998166,0.289932147441775
298773.411807,2638366.126422,0.264797507788162,0.16144401685908,0,0.024555616639179,0.0133773135422393,0.53582554517134
299273.411807,2638366.126422,0.264819232886768,0.0910258763075794,0.000550559735731327,0.0341347036153423,0.0249587080198202,0.584510919434759
299773.411807,2638366.126422,0.136622042912158,0.341280029341647,0.000366770584999083,0.0430955437373923,0.0225563909774436,0.45607922244636
300273.411807,2638366.126422,0.100971229613341,0.101520982224666,0.109767271394539,0.406267179769104,0.0773318673263698,0.204141469671981
300773.411807,2638366.126422,0.0983416891631315,0.289625915927497,0.0377940609332819,0.231199382954107,0.0721172387196298,0.270921712302353
288273.411807,2637866.126422,0.404514329190971,0.0497083439005833,0.267055541465889,0.118437737763125,0.0169921379660157,0.143291909713416
288773.411807,2637866.126422,0.698715596330275,0.0146788990825688,0.166238532110092,0.0388990825688073,0.00715596330275229,0.0743119266055046
289273.411807,2637866.126422,0.966244725738397,0.000366905155017428,0,0.001284168042561,0.000366905155017428,0.0317372959090075
289773.411807,2637866.126422,0.618315018315018,0.0492673992673993,0.0608058608058608,0.106227106227106,0.0192307692307692,0.146153846153846
290273.411807,2637866.126422,0.683669724770642,0.0442201834862385,0,0.0273394495412844,0.011743119266055,0.23302752293578
290773.411807,2637866.126422,0.790680609062557,0.0126582278481013,0,0.00715465052283985,0.00550357732526142,0.18400293524124
291273.411807,2637866.126422,0.377655677655678,0.0252747252747253,0.312271062271062,0.172893772893773,0.0113553113553114,0.100549450549451
291773.411807,2637866.126422,0.347339449541284,0.026605504587156,0.284587155963303,0.250275229357798,0.0231192660550459,0.0680733944954128
292273.411807,2637866.126422,0.194826637314254,0.0209135938359934,0.260135754907356,0.392955421023665,0.00752155567785727,0.123647037240873
292773.411807,2637866.126422,0.194505494505495,0.021978021978022,0.150915750915751,0.566117216117216,0.000549450549450549,0.0659340659340659
293273.411807,2637866.126422,0.909357798165138,0.00220183486238532,0,0,0,0.0884403669724771
293773.411807,2637866.126422,0.982572005136672,0.00091726288754357,0,0,0,0.0165107319757843
294273.411807,2637866.126422,0.97985347985348,0.000549450549450549,0,0,0,0.0195970695970696
294773.411807,2637866.126422,0.978532110091743,0.0018348623853211,0,0.00018348623853211,0.00018348623853211,0.0192660550458716
295273.411807,2637866.126422,0.939644101999633,0,0,0,0,0.0603558980003669
295773.411807,2637866.126422,0.742124542124542,0.00311355311355311,0,0,0,0.254761904761905
296273.411807,2637866.126422,0.771009174311927,0.00073394495412844,0,0,0,0.228256880733945
296773.411807,2637866.126422,0.80168776371308,0.000183452577508714,0,0,0,0.198128783709411
297273.411807,2637866.126422,0.68021978021978,0,0,0.000183150183150183,0.000183150183150183,0.319413919413919
297773.411807,2637866.126422,0.476880733944954,0.0148623853211009,0,0.00477064220183486,0.00293577981651376,0.500550458715596
298273.411807,2637866.126422,0.330581544670703,0.075032104201064,0,0.0302696752889378,0.0196294257934324,0.544487250045863
298773.411807,2637866.126422,0.267032967032967,0.171428571428571,0.000549450549450549,0.028021978021978,0.017032967032967,0.515934065934066
299273.411807,2637866.126422,0.166605504587156,0.352844036697248,0.000917431192660551,0.0974311926605505,0.0214678899082569,0.360733944954128
299773.411807,2637866.126422,0.0467804072647221,0.546872133553476,0,0.0449458814896349,0.0159603742432581,0.345441203448908
300273.411807,2637866.126422,0.173076923076923,0.263186813186813,0.0271062271062271,0.183150183150183,0.0489010989010989,0.304578754578755
300773.411807,2637866.126422,0.135145556198188,0.361673414304993,0.0075187969924812,0.105648737227685,0.0408714092924619,0.349142085984191
288273.411807,2637366.126422,0.904387522191225,0.0314481359371037,0.00557950798884098,0.0164849099670302,0.00583312198833376,0.0362668019274664
288773.411807,2637366.126422,0.807326007326007,0.058974358974359,0.030952380952381,0.0954212454212454,0.000183150183150183,0.00714285714285714
289273.411807,2637366.126422,0.50018315018315,0.0221611721611722,0.24010989010989,0.103846153846154,0.00750915750915751,0.126190476190476
289773.411807,2637366.126422,0.336083608360836,0.0320865419875321,0.0997433076640997,0.432159882654932,0.0181518151815182,0.0817748441510818
290273.411807,2637366.126422,0.708974358974359,0.0195970695970696,0.0549450549450549,0.146153846153846,0.00201465201465201,0.0683150183150183
290773.411807,2637366.126422,0.734065934065934,0.00457875457875458,0.0419413919413919,0.146703296703297,0.00512820512820513,0.0675824175824176
291273.411807,2637366.126422,0.64979831316465,0.00825082508250825,0.187935460212688,0.059039237257059,0.00293362669600293,0.092042537587092
291773.411807,2637366.126422,0.711721611721612,0.0311355311355311,0.00970695970695971,0.0591575091575092,0.0021978021978022,0.186080586080586
292273.411807,2637366.126422,0.713919413919414,0.0620879120879121,0,0.000183150183150183,0.000183150183150183,0.223626373626374
292773.411807,2637366.126422,0.503483681701503,0.0104510451045105,0.11954528786212,0.135130179684635,0.00696736340300697,0.224422442244224
293273.411807,2637366.126422,0.498717948717949,0.0186813186813187,0.323626373626374,0.122161172161172,0.00238095238095238,0.0344322344322344
293773.411807,2637366.126422,0.978205128205128,0.00549450549450549,0,0,0,0.0163003663003663
294273.411807,2637366.126422,0.991199119911991,0.00128346167950128,0,0,0,0.00751741840850752
294773.411807,2637366.126422,0.98956043956044,0,0,0,0,0.0104395604395604
295273.411807,2637366.126422,0.969413919413919,0,0,0,0,0.0305860805860806
295773.411807,2637366.126422,0.887605427209388,0.0055005500550055,0,0,0,0.106894022735607
296273.411807,2637366.126422,0.801282051282051,0.0152014652014652,0,0.000183150183150183,0,0.183333333333333
296773.411807,2637366.126422,0.811355311355311,0.00256410256410256,0,0,0,0.186080586080586
297273.411807,2637366.126422,0.693252658599193,0.0099009900990099,0,0.000183351668500183,0.000366703337000367,0.296296296296296
297773.411807,2637366.126422,0.742307692307692,0.00256410256410256,0,0.00952380952380952,0.00549450549450549,0.24010989010989
298273.411807,2637366.126422,0.44010989010989,0.0172161172161172,0.0010989010989011,0.00915750915750916,0.00549450549450549,0.526923076923077
298773.411807,2637366.126422,0.166666666666667,0.173267326732673,0,0.0165016501650165,0.013017968463513,0.630546387972131
299273.411807,2637366.126422,0.0384615384615385,0.268681318681319,0.015018315018315,0.249084249084249,0.0538461538461538,0.374908424908425
299773.411807,2637366.126422,0.0556776556776557,0.308791208791209,0.00824175824175824,0.125091575091575,0.0426739926739927,0.45952380952381
300273.411807,2637366.126422,0.105610561056106,0.44976164283095,0.0210854418775211,0.110744407774111,0.0689402273560689,0.243857719105244
300773.411807,2637366.126422,0.170581440123219,0.170773969965345,0.0136696187909126,0.0704659222179438,0.0346553715825953,0.539853677319985
288273.411807,2636866.126422,0.976909413854352,0.00355239786856128,0,0,0,0.019538188277087
288773.411807,2636866.126422,0.97504129198018,0.00165167920719398,0,0,0,0.0233070288126262
289273.411807,2636866.126422,0.845406198422886,0.00550155877498625,0,0,0,0.149092242802127
289773.411807,2636866.126422,0.728055708264614,0.0335349092908191,0.00568077698369067,0.0109950522264981,0.00403151914971596,0.217702034084662
290273.411807,2636866.126422,0.916131400256928,0.00807487612405946,0.00201871903101487,0.00605615709304459,0.00165167920719398,0.0660671682877592
290773.411807,2636866.126422,0.733907940583165,0.0275077938749312,0.0533651201173666,0.0559325142123602,0.00641848523748395,0.122868145974693
291273.411807,2636866.126422,0.952721275426058,0.000733003481766538,0,0,0,0.0465457210921752
291773.411807,2636866.126422,0.923839236557166,0.00220223894292531,0,0,0,0.0739585244999082
292273.411807,2636866.126422,0.591234183018522,0.0066018705299835,0,0,0,0.402163946451495
292773.411807,2636866.126422,0.551035367417995,0.0152098222466557,0,0.0126443100604728,0.00439802089059923,0.416712479384277
293273.411807,2636866.126422,0.384107175628556,0.063497889521013,0.322628005138558,0.124059460451459,0.00146815929528354,0.104239309965131
293773.411807,2636866.126422,0.882633412800293,0.00825233816247937,0,0.0227397762699432,0.000366770584999083,0.086007702182285
294273.411807,2636866.126422,0.981674912955837,0,0,0,0,0.0183250870441635
294773.411807,2636866.126422,0.972104973389613,0,0,0,0,0.0278950266103872
295273.411807,2636866.126422,0.929763432972676,0.00825233816247937,0,0,0,0.061984228864845
295773.411807,2636866.126422,0.916254352208173,0.000549752611324904,0,0,0,0.0831958951805021
296273.411807,2636866.126422,0.68030831345201,0.0691870067902367,0,0.000734079647641769,0.00183519911910442,0.247935400991008
296773.411807,2636866.126422,0.727489455345681,0.00293416467999266,0,0,0.000183385292499542,0.269392994681827
297273.411807,2636866.126422,0.640461792193513,0.0153930731170973,0,0.00183250870441635,0.000549752611324904,0.341762873373649
297773.411807,2636866.126422,0.863828225362452,0.000367039823820885,0,0,0,0.135804734813727
298273.411807,2636866.126422,0.526682560058683,0.0421786172748946,0,0.0232899321474418,0.0174216027874564,0.390427287731524
298773.411807,2636866.126422,0.23089609675646,0.135972145867693,0.00128275609309144,0.0584570276708814,0.032618654938611,0.540773318673264
299273.411807,2636866.126422,0.292530739585245,0.245549642136172,0.009543035419343,0.0972655533125344,0.0354193429987154,0.31969168654799
299773.411807,2636866.126422,0.0529983495323675,0.500641848523748,0,0.0671190170548322,0.0427287731523932,0.336512011736659
300273.411807,2636866.126422,0.0547920102620487,0.532893531244273,0.000549752611324904,0.0300531427524281,0.0225398570643211,0.359171706065604
300773.411807,2636866.126422,0.0985345160046278,0.247204010798303,0.0401079830312379,0.204010798303124,0.0890860007713074,0.3210566910914
288273.411807,2636366.126422,0.982247020035506,0.00101445599797109,0,0,0,0.016738523966523
288773.411807,2636366.126422,0.994862385321101,0,0,0,0,0.00513761467889908
289273.411807,2636366.126422,0.956154833975417,0.000733810310034856,0,0,0,0.0431113557145478
289773.411807,2636366.126422,0.726556776556777,0.0419413919413919,0.00164835164835165,0.00879120879120879,0.00952380952380952,0.211538461538462
290273.411807,2636366.126422,0.931743119266055,0.00990825688073394,0,0,0,0.058348623853211
290773.411807,2636366.126422,0.921298844248762,0.00311869381764814,0,0.00440286186020914,0.00220143093010457,0.0689781691432765
291273.411807,2636366.126422,0.952930402930403,0.000732600732600733,0,0,0,0.0463369963369963
291773.411807,2636366.126422,0.975596330275229,0.00055045871559633,0,0,0,0.0238532110091743
292273.411807,2636366.126422,0.722986607961842,0.0667767382131719,0,0.0110071546505228,0.00532012474775271,0.193909374426711
292773.411807,2636366.126422,0.674908424908425,0.0163003663003663,0,0,0.000183150183150183,0.308608058608059
293273.411807,2636366.126422,0.667155963302752,0.0165137614678899,0.0794495412844037,0.10954128440367,0.00330275229357798,0.124036697247706
293773.411807,2636366.126422,0.331498807558246,0.00330214639515685,0.420656760227481,0.221794166208035,0.00275178866263071,0.0199963309484498
294273.411807,2636366.126422,0.933699633699634,0,0,0,0,0.0663003663003663
294773.411807,2636366.126422,0.940366972477064,0.00165137614678899,0,0,0,0.0579816513761468
295273.411807,2636366.126422,0.972115208218675,0.001284168042561,0,0,0,0.0266006237387635
295773.411807,2636366.126422,0.973076923076923,0.000366300366300366,0,0,0,0.0265567765567766
296273.411807,2636366.126422,0.86348623853211,0,0,0.00036697247706422,0.00146788990825688,0.134678899082569
296773.411807,2636366.126422,0.812328013208586,0.000183452577508714,0,0,0,0.187488534213906
297273.411807,2636366.126422,0.756593406593407,0,0,0,0,0.243406593406593
297773.411807,2636366.126422,0.804220183486239,0.00660550458715596,0,0,0,0.189174311926605
298273.411807,2636366.126422,0.192992111539167,0.217207851770317,0,0.0163272793982755,0.0137589433131535,0.559713813979086
298773.411807,2636366.126422,0.178021978021978,0.252380952380952,0,0.0315018315018315,0.0201465201465201,0.517948717948718
299273.411807,2636366.126422,0.0642201834862385,0.353211009174312,0.00513761467889908,0.111743119266055,0.0429357798165138,0.422752293577982
299773.411807,2636366.126422,0.067327095945698,0.448541552008806,0.000183452577508714,0.0676940011007155,0.0322876536415337,0.383966244725738
300273.411807,2636366.126422,0.0915750915750916,0.489377289377289,0.000366300366300366,0.192673992673993,0.0432234432234432,0.182783882783883
300773.411807,2636366.126422,0.105455947561211,0.365143628301523,0.000192789666473877,0.116444958550222,0.073645652593021,0.33911702332755
288273.411807,2635866.126422,0.993659650012681,0.00152168399695663,0,0,0,0.00481866599036267
288773.411807,2635866.126422,0.985531135531136,0.000732600732600733,0,0,0,0.0137362637362637
289273.411807,2635866.126422,0.923076923076923,0.00604395604395604,0,0,0,0.0708791208791209
289773.411807,2635866.126422,0.940960762742941,0.0119178584525119,0,0,0,0.0471213788045471
290273.411807,2635866.126422,0.945604395604396,0.0111721611721612,0,0.000732600732600733,0.00183150183150183,0.0406593406593407
290773.411807,2635866.126422,0.80952380952381,0.0133699633699634,0,0.00622710622710623,0.00201465201465201,0.168864468864469
291273.411807,2635866.126422,0.898239823982398,0.0022002200220022,0,0,0,0.0995599559955996
291773.411807,2635866.126422,0.979487179487179,0.0032967032967033,0,0,0,0.0172161172161172
292273.411807,2635866.126422,0.932967032967033,0.00586080586080586,0,0,0,0.0611721611721612
292773.411807,2635866.126422,0.895856252291896,0,0,0,0,0.104143747708104
293273.411807,2635866.126422,0.743772893772894,0.0428571428571429,0,0.00457875457875458,0.00256410256410256,0.206227106227106
293773.411807,2635866.126422,0.0893772893772894,0.0315018315018315,0.495421245421245,0.206593406593407,0.0208791208791209,0.156227106227106
294273.411807,2635866.126422,0.550788412174551,0.00385038503850385,0.104510451045105,0.248991565823249,0.00605060506050605,0.0858085808580858
294773.411807,2635866.126422,0.95970695970696,0.000549450549450549,0,0,0,0.0397435897435897
295273.411807,2635866.126422,0.951465201465201,0,0,0,0,0.0485347985347985
295773.411807,2635866.126422,0.968646864686469,0,0,0,0,0.0313531353135314
296273.411807,2635866.126422,0.912271062271062,0,0,0,0,0.0877289377289377
296773.411807,2635866.126422,0.833882783882784,0.0032967032967033,0,0,0,0.162820512820513
297273.411807,2635866.126422,0.844701136780345,0.000366703337000367,0,0,0,0.154932159882655
297773.411807,2635866.126422,0.380586080586081,0.143406593406593,0.00311355311355311,0.0397435897435897,0.0214285714285714,0.411721611721612
298273.411807,2635866.126422,0.0536630036630037,0.324542124542125,0.000366300366300366,0.0358974358974359,0.0192307692307692,0.566300366300366
298773.411807,2635866.126422,0.0649064906490649,0.414374770810414,0.00495049504950495,0.160982764943161,0.0484048404840484,0.306380638063806
299273.411807,2635866.126422,0.145604395604396,0.293589743589744,0.00457875457875458,0.0807692307692308,0.0243589743589744,0.451098901098901
299773.411807,2635866.126422,0.149450549450549,0.388827838827839,0.000732600732600733,0.0225274725274725,0.0205128205128205,0.417948717948718
300273.411807,2635866.126422,0.0368536853685369,0.523102310231023,0,0.0854418775210854,0.0295196186285295,0.325082508250825
300773.411807,2635866.126422,0.0467847516365037,0.386984982672314,0.051983057373893,0.108394301116673,0.0317674239507124,0.374085483249904
288273.411807,2635366.126422,0.988835320984522,0.000507485409794468,0,0,0,0.0106571936056838
288773.411807,2635366.126422,0.986970086254359,0.000734079647641769,0,0,0,0.0122958340979996
289273.411807,2635366.126422,0.848523748395379,0.00385109114249037,0,0,0,0.147625160462131
289773.411807,2635366.126422,0.894080996884735,0.0251053692505039,0,0,0,0.0808136338647609
290273.411807,2635366.126422,0.902734446687466,0.0168838318957607,0,0,0,0.0803817214167737
290773.411807,2635366.126422,0.935448377040161,0.00550155877498625,0,0.000366770584999083,0.000366770584999083,0.0583165230148542
291273.411807,2635366.126422,0.921751878321422,0.00311526479750779,0,0,0,0.0751328568810702
291773.411807,2635366.126422,0.946962745457882,0.00183519911910442,0,0,0,0.0512020554230134
292273.411807,2635366.126422,0.905006418485237,0,0,0,0,0.0949935815147625
292773.411807,2635366.126422,0.822246655671614,0.00164925783397471,0,0,0,0.176104086494411
293273.411807,2635366.126422,0.738851165351441,0.00697375665259681,0,0,0,0.254175077995963
293773.411807,2635366.126422,0.402897487621493,0.130203557674674,0.00238400880249404,0.048413717219879,0.0196222262974509,0.396479002384009
294273.411807,2635366.126422,0.0753161077515118,0.0745831042697453,0.432105552501374,0.253985706432106,0.0124610591900312,0.151548469855232
294773.411807,2635366.126422,0.345567994127363,0.00513855753349238,0.063497889521013,0.503211598458433,0.0126628739218205,0.0699210864378785
295273.411807,2635366.126422,0.799926645883,0.00568494406748579,0,0.0718870346598203,0.000733541169998166,0.121767834219696
295773.411807,2635366.126422,0.940809968847352,0,0,0,0,0.059190031152648
296273.411807,2635366.126422,0.98348320792806,0,0,0,0,0.0165167920719398
296773.411807,2635366.126422,0.858426554190354,0,0,0,0,0.141573445809646
297273.411807,2635366.126422,0.899945024738868,0.000733003481766538,0,0,0,0.099321971779366
297773.411807,2635366.126422,0.296935217471096,0.189209029179666,0,0.00293631859056708,0.0108276748027161,0.500091759955955
298273.411807,2635366.126422,0.116633046029708,0.136438657619659,0.0159545204474601,0.234733174399413,0.06400146708234,0.432239134421419
298773.411807,2635366.126422,0.0808136338647609,0.182151365218985,0.0295033901411032,0.205790727505956,0.0610225398570643,0.440718343412131
299273.411807,2635366.126422,0.13286841622316,0.271058909891723,0.019086070838686,0.0677188474949532,0.0328500642319692,0.476417691319508
299773.411807,2635366.126422,0.180634513112048,0.298918026774253,0.00421786172748946,0.133871263524665,0.070419952319824,0.31193838254172
300273.411807,2635366.126422,0.0681693238042881,0.462525196994686,0.103719992669965,0.0733003481766538,0.0339014110317024,0.258383727322705
300773.411807,2635366.126422,0.01947551099113,0.548592364057077,0.00713459313536444,0.12475896644813,0.0401079830312379,0.259930582337061
288273.411807,2634866.126422,0.988333756023333,0.000507227998985544,0,0,0,0.011159015977682
288773.411807,2634866.126422,0.966422018348624,0.0102752293577982,0,0,0,0.023302752293578
289273.411807,2634866.126422,0.918913960741148,0.0111906072280316,0,0,0,0.06989543203082
289773.411807,2634866.126422,0.967948717948718,0.00238095238095238,0,0,0,0.0296703296703297
290273.411807,2634866.126422,0.822385321100917,0.0018348623853211,0,0,0,0.175779816513761
290773.411807,2634866.126422,0.859108420473308,0.00990643918547056,0,0.000733810310034856,0.001284168042561,0.128967161988626
291273.411807,2634866.126422,0.832234432234432,0.00952380952380952,0,0,0,0.158241758241758
291773.411807,2634866.126422,0.951192660550459,0.00587155963302752,0,0,0,0.0429357798165138
292273.411807,2634866.126422,0.906439185470556,0,0,0,0,0.0935608145294441
292773.411807,2634866.126422,0.845054945054945,0.00238095238095238,0,0,0,0.152564102564103
293273.411807,2634866.126422,0.861100917431193,0.00036697247706422,0,0,0,0.138532110091743
293773.411807,2634866.126422,0.67767382131719,0.0139423958906623,0,0.001284168042561,0.00110071546505228,0.305998899284535
294273.411807,2634866.126422,0.394505494505494,0.111355311355311,0,0.0529304029304029,0.0243589743589744,0.416849816849817
294773.411807,2634866.126422,0.120733944954128,0.0831192660550459,0.21302752293578,0.39394495412844,0.0139449541284404,0.175229357798165
295273.411807,2634866.126422,0,0.00293524124013942,0.0258668134287287,0.963309484498257,0.0078884608328747,0
295773.411807,2634866.126422,0.443040293040293,0.00732600732600733,0,0.437179487179487,0.00457875457875458,0.107875457875458
296273.411807,2634866.126422,0.741651376146789,0.00825688073394495,0.00238532110091743,0.0526605504587156,0.0073394495412844,0.187706422018349
296773.411807,2634866.126422,0.485782425243075,0.0511832691249312,0,0.00568702990277013,0.00275178866263071,0.454595487066593
297273.411807,2634866.126422,0.717948717948718,0.0661172161172161,0,0.00384615384615385,0.00201465201465201,0.21007326007326
297773.411807,2634866.126422,0.839633027522936,0.00642201834862385,0.00110091743119266,0.0106422018348624,0.00385321100917431,0.138348623853211
298273.411807,2634866.126422,0.230049532195927,0.0539350577875619,0.0618235186204366,0.265822784810127,0.0768666299761512,0.311502476609796
298773.411807,2634866.126422,0.0862637362637363,0.305677655677656,0.0148351648351648,0.112454212454212,0.0413919413919414,0.439377289377289
299273.411807,2634866.126422,0.0678899082568807,0.238348623853211,0.0157798165137615,0.106238532110092,0.0429357798165138,0.528807339449541
299773.411807,2634866.126422,0.142909557879288,0.301596037424326,0.0317372959090075,0.0975967712346359,0.0335718216840947,0.392588515868648
300273.411807,2634866.126422,0.0827838827838828,0.286996336996337,0.0690476190476191,0.0771062271062271,0.0358974358974359,0.448168498168498
300773.411807,2634866.126422,0.0628494312704839,0.425872373240794,0.00655484866011182,0.116444958550222,0.0231347599768652,0.365143628301523
288273.411807,2634366.126422,0.980978950038042,0.00152168399695663,0,0,0,0.0174993659650013
288773.411807,2634366.126422,0.995604395604396,0,0,0,0,0.0043956043956044
289273.411807,2634366.126422,0.992307692307692,0,0,0,0,0.00769230769230769
289773.411807,2634366.126422,0.978547854785479,0.00055005500550055,0,0,0,0.0209020902090209
290273.411807,2634366.126422,0.855860805860806,0.00146520146520147,0,0,0,0.142673992673993
290773.411807,2634366.126422,0.844139194139194,0.00695970695970696,0,0.000732600732600733,0.000183150183150183,0.147985347985348
291273.411807,2634366.126422,0.926842684268427,0.00806747341400807,0,0,0,0.0650898423175651
291773.411807,2634366.126422,0.955311355311355,0.00128205128205128,0,0,0,0.0434065934065934
292273.411807,2634366.126422,0.962271062271062,0,0,0,0,0.0377289377289377
292773.411807,2634366.126422,0.984231756508984,0,0,0,0,0.0157682434910158
293273.411807,2634366.126422,0.874725274725275,0,0,0,0,0.125274725274725
293773.411807,2634366.126422,0.723076923076923,0.0131868131868132,0,0.000549450549450549,0.000915750915750916,0.262271062271062
294273.411807,2634366.126422,0.791345801246791,0.0221855518885222,0,0.00476714338100477,0.00256692335900257,0.179134580124679
294773.411807,2634366.126422,0.307875457875458,0.139377289377289,0.00311355311355311,0.137728937728938,0.0346153846153846,0.377289377289377
295273.411807,2634366.126422,0.188095238095238,0.131501831501832,0.0380952380952381,0.261538461538462,0.06996336996337,0.310805860805861
295773.411807,2634366.126422,0.00806747341400807,0.00953428676200953,0.11991199119912,0.786762009534287,0.0601393472680601,0.0155848918225156
296273.411807,2634366.126422,0.152930402930403,0.0102564102564103,0.0177655677655678,0.685714285714286,0.0146520146520147,0.118681318681319
296773.411807,2634366.126422,0.276923076923077,0.0137362637362637,0.000366300366300366,0.193772893772894,0.0353479853479853,0.47985347985348
297273.411807,2634366.126422,0.332599926659333,0.0423542354235424,0.000733406674000733,0.276677667766777,0.0975430876420975,0.25009167583425
297773.411807,2634366.126422,0.137728937728938,0.0992673992673993,0.137728937728938,0.242124542124542,0.0807692307692308,0.302380952380952
298273.411807,2634366.126422,0.31007326007326,0.0895604395604396,0.0818681318681319,0.15970695970696,0.0322344322344322,0.326556776556777
298773.411807,2634366.126422,0.142647598093143,0.18976897689769,0.00806747341400807,0.162816281628163,0.0654565456545655,0.431243124312431
299273.411807,2634366.126422,0.11959706959707,0.348717948717949,0.00183150183150183,0.0353479853479853,0.0283882783882784,0.466117216117216
299773.411807,2634366.126422,0.0787545787545788,0.345054945054945,0.091025641025641,0.11007326007326,0.0355311355311355,0.33956043956044
