"x","y","forest","agri","water","built","other","grass"
224773.411807,2585366.126422,0.947532562832508,0.000733810310034856,0,0,0,0.0517336268574573
225273.411807,2585366.126422,0.96978021978022,0.00604395604395604,0,0,0,0.0241758241758242
225773.411807,2585366.126422,0.968440366972477,0.00146788990825688,0,0,0,0.0300917431192661
226273.411807,2585366.126422,0.893597505044946,0.00110071546505228,0,0,0,0.105301779490002
226773.411807,2585366.126422,0.793040293040293,0.0139194139194139,0.000183150183150183,0.0490842490842491,0.0159340659340659,0.127838827838828
227273.411807,2585366.126422,0.64697247706422,0.041651376146789,0,0.101651376146789,0.0724770642201835,0.137247706422018
227773.411807,2585366.126422,0.688130618235186,0,0,0,0,0.311869381764814
228273.411807,2585366.126422,0.898717948717949,0,0,0,0,0.101282051282051
228773.411807,2585366.126422,0.774678899082569,0.0196330275229358,0,0.00018348623853211,0.00330275229357798,0.202201834862385
229273.411807,2585366.126422,0.642634379013025,0.0146762062006971,0,0.0456796917996698,0.0284351495138507,0.268574573472757
229773.411807,2585366.126422,0.367216117216117,0.0562271062271062,0.013003663003663,0.3496336996337,0.0965201465201465,0.117399267399267
230273.411807,2585366.126422,0.737614678899083,0.0455045871559633,0.00788990825688073,0.0611009174311927,0.0146788990825688,0.133211009174312
230773.411807,2585366.126422,0.585030269675289,0.0465969546872134,0.0330214639515685,0.170977802238121,0.0460465969546872,0.118326912493121
231273.411807,2585366.126422,0.583150183150183,0.0701465201465201,0.0335164835164835,0.208608058608059,0.0212454212454212,0.0833333333333333
231773.411807,2585366.126422,0.617981651376147,0.0862385321100917,0.0177981651376147,0.116697247706422,0.0291743119266055,0.132110091743119
232273.411807,2585366.126422,0.825536598789213,0.066042927903137,0.0203632361034673,0.0601724454228582,0.00550357732526142,0.0223812144560631
232773.411807,2585366.126422,0.764285714285714,0.0785714285714286,0.0296703296703297,0.0164835164835165,0.0256410256410256,0.0853479853479854
233273.411807,2585366.126422,0.802385321100917,0.00935779816513761,0.00073394495412844,0.00752293577981651,0.0100917431192661,0.169908256880734
233773.411807,2585366.126422,0.547239038708494,0.0249495505411851,0.000183452577508714,0.134837644468905,0.0598055402678408,0.232984773436067
234273.411807,2585366.126422,0.846153846153846,0.015018315018315,0,0,0,0.138827838827839
234773.411807,2585366.126422,0.657614678899083,0.134495412844037,0.0359633027522936,0.0467889908256881,0.0141284403669725,0.111009174311927
235273.411807,2585366.126422,0.837094111172262,0.0884241423592002,0.00733810310034856,0.00220143093010457,0.00807191341038342,0.0568702990277013
235773.411807,2585366.126422,0.921978021978022,0.05,0,0,0.000183150183150183,0.0278388278388278
236273.411807,2585366.126422,0.867339449541284,0.0504587155963303,0,0.00036697247706422,0.000917431192660551,0.0809174311926606
236773.411807,2585366.126422,0.66758392955421,0.084021280498991,0.0821867547239039,0.0284351495138507,0.0207301412584847,0.11704274445056
224773.411807,2584866.126422,0.970879120879121,0.00970695970695971,0,0,0,0.0194139194139194
225273.411807,2584866.126422,0.975614228089476,0.00201686835350202,0,0,0,0.0223689035570224
225773.411807,2584866.126422,0.885164835164835,0.0192307692307692,0,0,0,0.0956043956043956
226273.411807,2584866.126422,0.576739926739927,0.0164835164835165,0,0,0.00183150183150183,0.404945054945055
226773.411807,2584866.126422,0.954162082874954,0,0,0,0,0.0458379171250458
227273.411807,2584866.126422,0.932417582417582,0.0010989010989011,0,0,0.000732600732600733,0.0657509157509158
227773.411807,2584866.126422,0.706776556776557,0.0175824175824176,0,0.110622710622711,0.0364468864468864,0.128571428571429
228273.411807,2584866.126422,0.325632563256326,0.0407040704070407,0.0830583058305831,0.121562156215622,0.0595892922625596,0.369453612027869
228773.411807,2584866.126422,0.68992673992674,0,0,0,0,0.31007326007326
229273.411807,2584866.126422,0.835714285714286,0.0186813186813187,0,0.0322344322344322,0.0232600732600733,0.0901098901098901
229773.411807,2584866.126422,0.564356435643564,0.0685735240190686,0.0152181884855152,0.163733039970664,0.0397873120645398,0.148331499816648
230273.411807,2584866.126422,0.724358974358974,0.0679487179487179,0.0597069597069597,0.0620879120879121,0.0021978021978022,0.0836996336996337
230773.411807,2584866.126422,0.710622710622711,0.0978021978021978,0.0608058608058608,0.00421245421245421,0.0245421245421245,0.102014652014652
231273.411807,2584866.126422,0.960762742940961,0.00806747341400807,0,0,0,0.0311697836450312
231773.411807,2584866.126422,0.63021978021978,0.0747252747252747,0.0844322344322344,0.0774725274725275,0.0287545787545788,0.104395604395604
232273.411807,2584866.126422,0.706043956043956,0.116483516483516,0.0311355311355311,0.0686813186813187,0.0232600732600733,0.0543956043956044
232773.411807,2584866.126422,0.492849284928493,0.0826916024935827,0.117161716171617,0.147048038137147,0.0452878621195453,0.114961496149615
233273.411807,2584866.126422,0.618681318681319,0.0443223443223443,0.00732600732600733,0.0448717948717949,0.0743589743589744,0.21043956043956
233773.411807,2584866.126422,0.534249084249084,0.0553113553113553,0.010989010989011,0.137545787545788,0.0434065934065934,0.218498168498168
234273.411807,2584866.126422,0.756875687568757,0.0117345067840117,0,0,0.00568390172350568,0.225705903923726
234773.411807,2584866.126422,0.958974358974359,0,0,0,0,0.041025641025641
235273.411807,2584866.126422,0.986263736263736,0.000366300366300366,0,0,0,0.0133699633699634
235773.411807,2584866.126422,0.95049504950495,0.0152181884855152,0,0,0.000183351668500183,0.0341034103410341
236273.411807,2584866.126422,0.981501831501831,0.00915750915750916,0,0,0,0.00934065934065934
236773.411807,2584866.126422,0.913736263736264,0.0465201465201465,0.0021978021978022,0.00183150183150183,0.0043956043956044,0.0313186813186813
224773.411807,2584366.126422,0.9600220062351,0.00513478818998716,0,0,0,0.0348432055749129
225273.411807,2584366.126422,0.787245739417262,0.00293201392706615,0,0.000366501740883269,0.00641378046545721,0.203041964449331
225773.411807,2584366.126422,0.817214167737199,0.0012846393833731,0,0.000367039823820885,0.00201871903101487,0.179115434024592
226273.411807,2584366.126422,0.885200806895287,0.0187052998349532,0,0.0102695763799743,0.004401247019989,0.0814230698697964
226773.411807,2584366.126422,0.502657137621404,0.083745647791827,0,0.0089792926516401,0.0738501007879787,0.33076782114715
227273.411807,2584366.126422,0.977060011011195,0,0,0,0,0.0229399889888053
227773.411807,2584366.126422,0.881166330460297,0.00366770584999083,0.00146708233999633,0.0502475701448744,0.0097194205024757,0.0537318907023657
228273.411807,2584366.126422,0.480117280557083,0.0219901044529962,0.0053142752428074,0.116914055341763,0.0392156862745098,0.336448598130841
228773.411807,2584366.126422,0.739034685263351,0,0,0,0,0.260965314736649
229273.411807,2584366.126422,0.673574179350816,0.0911424903722722,0.0128369704749679,0.0803227581147992,0.00990280579497524,0.132220795892169
229773.411807,2584366.126422,0.475902510536925,0.0276708814366868,0.0269378779549203,0.340296866410115,0.0370166758292102,0.0921751878321422
230273.411807,2584366.126422,0.893558451091943,0.00513855753349238,0,0,0,0.101302991374564
230773.411807,2584366.126422,0.876765083440308,0.0247570144874381,0,0,0,0.0984779020722538
231273.411807,2584366.126422,0.915154846985523,0.00916254352208173,0,0,0,0.0756826094923951
231773.411807,2584366.126422,0.87538997981281,0.0159662323362085,0,0,0,0.108643787850982
232273.411807,2584366.126422,0.828534751512929,0.100678525582248,0.00275077938749312,0,0.000183385292499542,0.0678525582248304
232773.411807,2584366.126422,0.78816199376947,0.00311526479750779,0,0.000733003481766538,0.00384826827927433,0.204141469671981
233273.411807,2584366.126422,0.589649476968251,0.0456964580657001,0.0800146815929528,0.125894659570563,0.0469810974490732,0.111763626353459
233773.411807,2584366.126422,0.699798276178251,0.0491472583898771,0.0478635613423803,0.0271410232899321,0.0341096644049147,0.141940216394645
234273.411807,2584366.126422,0.78028220634048,0.0441634597764339,0.000916254352208173,0.00109950522264981,0.00329851566794942,0.170240058640279
234773.411807,2584366.126422,0.780326665443201,0.022389429253074,0.00587263718113415,0.0205542301339695,0.0260598274912828,0.144797210497339
235273.411807,2584366.126422,0.855492389510361,0.00110031175499725,0,0.00201723821749496,0.00275077938749312,0.138639281129653
235773.411807,2584366.126422,0.916437603078615,0.00219901044529962,0,0,0.000916254352208173,0.0804471321238776
236273.411807,2584366.126422,0.928610754266838,0.00165167920719398,0,0,0,0.0697375665259681
236773.411807,2584366.126422,0.990463964790024,0.000183385292499542,0,0,0,0.00935264991747662
224773.411807,2583866.126422,0.986791414419373,0,0,0,0,0.0132085855806274
225273.411807,2583866.126422,0.827655677655678,0.0263736263736264,0,0,0.000366300366300366,0.145604395604396
225773.411807,2583866.126422,0.867889908256881,0.00055045871559633,0,0.00073394495412844,0.00073394495412844,0.130091743119266
226273.411807,2583866.126422,0.644468904788112,0.0620069711979453,0.0212804989910108,0.0190790680609063,0.0585213722252798,0.194643184736746
226773.411807,2583866.126422,0.834615384615385,0.0214285714285714,0,0.0787545787545788,0.00567765567765568,0.0595238095238095
227273.411807,2583866.126422,0.853211009174312,0,0,0,0,0.146788990825688
227773.411807,2583866.126422,0.977985690698954,0,0,0,0,0.0220143093010457
228273.411807,2583866.126422,0.698534798534798,0.00695970695970696,0,0.182234432234432,0.0384615384615385,0.0738095238095238
228773.411807,2583866.126422,0.569908256880734,0.0354128440366972,0.0211009174311927,0.258715596330275,0.0271559633027523,0.0877064220183486
229273.411807,2583866.126422,0.57494037791231,0.0944780774169877,0.0847550908090259,0.165841130067877,0.0155934690882407,0.0643918547055586
229773.411807,2583866.126422,0.594322344322344,0.0932234432234432,0.105311355311355,0.0252747252747253,0.0287545787545788,0.153113553113553
230273.411807,2583866.126422,0.680183486238532,0.141284403669725,0.0302752293577982,0.00036697247706422,0.00532110091743119,0.14256880733945
230773.411807,2583866.126422,0.921849201981288,0.0489818381948266,0,0,0,0.0291689598238855
231273.411807,2583866.126422,0.983150183150183,0.00366300366300366,0,0,0,0.0131868131868132
231773.411807,2583866.126422,0.955229357798165,0.0170642201834862,0.00055045871559633,0,0.00036697247706422,0.0267889908256881
232273.411807,2583866.126422,0.988809392771968,0.000183452577508714,0,0,0,0.0110071546505228
232773.411807,2583866.126422,0.848717948717949,0.0113553113553114,0.0214285714285714,0.0467032967032967,0.023992673992674,0.0478021978021978
233273.411807,2583866.126422,0.168990825688073,0.0453211009174312,0.236330275229358,0.182752293577982,0.133211009174312,0.233394495412844
233773.411807,2583866.126422,0.82021647404146,0.0576041093377362,0.0431113557145478,0.00495321959273528,0.0078884608328747,0.0662263804806457
234273.411807,2583866.126422,0.904212454212454,0.0736263736263736,0.000366300366300366,0,0.000915750915750916,0.0208791208791209
234773.411807,2583866.126422,0.847155963302752,0.0124770642201835,0.00036697247706422,0.00623853211009174,0.00715596330275229,0.126605504587156
235273.411807,2583866.126422,0.744450559530361,0.113006787745368,0.00697119794533113,0.0104567969179967,0.0117409649605577,0.113373692900385
235773.411807,2583866.126422,0.772344322344322,0.0197802197802198,0.00934065934065934,0.00604395604395604,0.0144688644688645,0.178021978021978
236273.411807,2583866.126422,0.893211009174312,0,0,0,0,0.106788990825688
236773.411807,2583866.126422,0.909190974133187,0,0,0,0,0.0908090258668134
224773.411807,2583366.126422,0.989377289377289,0,0,0,0,0.0106227106227106
225273.411807,2583366.126422,0.75045837917125,0.0102676934360103,0,0.00183351668500183,0.0177851118445178,0.21965529886322
225773.411807,2583366.126422,0.957875457875458,0.000549450549450549,0,0.000183150183150183,0.000915750915750916,0.0404761904761905
226273.411807,2583366.126422,0.636446886446886,0.0331501831501832,0.0133699633699634,0.0412087912087912,0.0575091575091575,0.218315018315018
226773.411807,2583366.126422,0.935276861019435,0,0,0,0,0.0647231389805647
227273.411807,2583366.126422,0.764285714285714,0.000549450549450549,0,0,0,0.235164835164835
227773.411807,2583366.126422,0.816483516483516,0.0507326007326007,0,0.0159340659340659,0.00897435897435897,0.107875457875458
228273.411807,2583366.126422,0.192885955262193,0.041987532086542,0.081958195819582,0.484781811514485,0.0636230289695636,0.134763476347635
228773.411807,2583366.126422,0.701648351648352,0.0353479853479853,0.0311355311355311,0.176007326007326,0.0195970695970696,0.0362637362637363
229273.411807,2583366.126422,0.911355311355311,0.0163003663003663,0,0,0,0.0723443223443224
229773.411807,2583366.126422,0.491382471580491,0.0363036303630363,0.169233590025669,0.129079574624129,0.0430876420975431,0.130913091309131
230273.411807,2583366.126422,0.605677655677656,0.0408424908424908,0.0208791208791209,0.112637362637363,0.0483516483516484,0.171611721611722
230773.411807,2583366.126422,0.930586080586081,0.000549450549450549,0.000183150183150183,0.0010989010989011,0.00311355311355311,0.0644688644688645
231273.411807,2583366.126422,0.975430876420975,0.000183351668500183,0,0,0,0.0243857719105244
231773.411807,2583366.126422,0.984432234432234,0.00256410256410256,0,0,0,0.013003663003663
232273.411807,2583366.126422,0.800732600732601,0.0155677655677656,0,0.0805860805860806,0.0289377289377289,0.0741758241758242
232773.411807,2583366.126422,0.719288595526219,0.0704070407040704,0.00586725339200587,0.0535386872020535,0.0372203887055372,0.113678034470114
233273.411807,2583366.126422,0.598901098901099,0.0556776556776557,0.0437728937728938,0.0556776556776557,0.0641025641025641,0.181868131868132
233773.411807,2583366.126422,0.706043956043956,0.0247252747252747,0.0282051282051282,0.0315018315018315,0.0402930402930403,0.169230769230769
234273.411807,2583366.126422,0.896773010634397,0.00128346167950128,0.0161349468280161,0.0144847818115145,0.0141180784745141,0.0572057205720572
234773.411807,2583366.126422,0.980769230769231,0.00824175824175824,0,0,0,0.010989010989011
235273.411807,2583366.126422,0.946520146520146,0.0205128205128205,0,0.000183150183150183,0.000549450549450549,0.0322344322344322
235773.411807,2583366.126422,0.861386138613861,0.0947928126145948,0,0,0.000183351668500183,0.0436376971030436
236273.411807,2583366.126422,0.823626373626374,0.023992673992674,0.00311355311355311,0.000915750915750916,0.00952380952380952,0.138827838827839
236773.411807,2583366.126422,0.886263736263736,0.0106227106227106,0,0,0.000732600732600733,0.102380952380952
224773.411807,2582866.126422,0.858793324775353,0.0102695763799743,0,0,0.000183385292499542,0.130753713552173
225273.411807,2582866.126422,0.71412864211105,0.0192413413963716,0,0.00109950522264981,0.0584570276708814,0.207073483599047
225773.411807,2582866.126422,0.898697008625436,0.000734079647641769,0,0,0.000734079647641769,0.0998348320792806
226273.411807,2582866.126422,0.789840454795525,0.0386942967174033,0.0198056115899505,0.0317256556024207,0.0383275261324042,0.081606455162296
226773.411807,2582866.126422,0.926149899212021,0.000366501740883269,0,0,0,0.0734835990470955
227273.411807,2582866.126422,0.873004220957974,0.0100935951550743,0,0.0133969535694623,0.0192695907505964,0.084235639566893
227773.411807,2582866.126422,0.857509627727856,0.0102695763799743,0.000183385292499542,0.0438290849073904,0.0053181734824867,0.0828901522097928
228273.411807,2582866.126422,0.155030236393623,0.130291368884002,0.109217518783214,0.500458127176104,0.0362836723474437,0.068719076415613
228773.411807,2582866.126422,0.907689484309048,0.038172141677372,0,0,0,0.0541383740135805
229273.411807,2582866.126422,0.847790207225381,0.0053181734824867,0,0,0,0.146891619292133
229773.411807,2582866.126422,0.683342495876855,0.0214403518416712,0.0291368884002199,0.0262048744731537,0.0183250870441635,0.221550302363936
230273.411807,2582866.126422,0.735547806937053,0.0137639933932832,0.0214718296935217,0.000734079647641769,0.0082583960359699,0.220223894292531
230773.411807,2582866.126422,0.939116082890152,0.00165046763249587,0,0,0,0.0592334494773519
231273.411807,2582866.126422,0.820047645226315,0.0208905992303463,0.00109950522264981,0.00109950522264981,0.00384826827927433,0.153014476818765
231773.411807,2582866.126422,0.972472013213434,0.00734079647641769,0,0,0,0.0201871903101487
232273.411807,2582866.126422,0.984412250137539,0,0,0,0,0.015587749862461
232773.411807,2582866.126422,0.881253435953821,0.00659703133589885,0,0.000366501740883269,0.0240058640278541,0.087777166941543
233273.411807,2582866.126422,0.67204991741604,0.039823820884566,0.00899247568361167,0.0126628739218205,0.030280785465223,0.236190126628739
233773.411807,2582866.126422,0.875114615807812,0.0355767467449111,0.0350265908674124,0.0218228498074454,0.00476801760498808,0.0276911791674308
234273.411807,2582866.126422,0.881986439435587,0.0269378779549203,0.00256551218618288,0.000366501740883269,0.0042147700201576,0.0839288986622686
234773.411807,2582866.126422,0.965314736648926,0.00789135621214902,0,0,0,0.0267939071389246
235273.411807,2582866.126422,0.934714835870163,0.0401613790573996,0,0.00165046763249587,0.00275077938749312,0.0207225380524482
235773.411807,2582866.126422,0.967198094190947,0.0234561114165292,0,0,0,0.00934579439252336
236273.411807,2582866.126422,0.877592218755735,0.0633143696091026,0.00183519911910442,0.000183519911910442,0.00146815929528354,0.055606533308864
236773.411807,2582866.126422,0.803777737025491,0.0929763432972676,0.0265908674124335,0.00586832935998533,0.00586832935998533,0.0649183935448377
224773.411807,2582366.126422,0.773802971931756,0.0566868464501926,0,0,0.000550357732526142,0.168959823885526
225273.411807,2582366.126422,0.413919413919414,0.0932234432234432,0.000366300366300366,0.282600732600733,0.00970695970695971,0.20018315018315
225773.411807,2582366.126422,0.712660550458716,0.0722935779816514,0,0.093394495412844,0.0374311926605505,0.0842201834862385
226273.411807,2582366.126422,0.526141992294992,0.0570537516052101,0.00110071546505228,0.212804989910108,0.014125848468171,0.188772702256467
226773.411807,2582366.126422,0.60989010989011,0.0677655677655678,0.0113553113553114,0.203479853479853,0.0122710622710623,0.0952380952380952
227273.411807,2582366.126422,0.629908256880734,0.0609174311926605,0.0524770642201835,0.13045871559633,0.0299082568807339,0.0963302752293578
227773.411807,2582366.126422,0.395890662263805,0.104567969179967,0.0146762062006971,0.241607044578976,0.0247660979636764,0.218492019812878
228273.411807,2582366.126422,0.786996336996337,0.106593406593407,0.030952380952381,0.0434065934065934,0.00366300366300366,0.0283882783882784
228773.411807,2582366.126422,0.876697247706422,0.0251376146788991,0,0,0,0.0981651376146789
229273.411807,2582366.126422,0.948449825720051,0.0194459732159237,0,0,0,0.032104201064025
229773.411807,2582366.126422,0.867032967032967,0.0249084249084249,0.0192307692307692,0.00860805860805861,0.00805860805860806,0.0721611721611722
230273.411807,2582366.126422,0.507706422018349,0.0700917431192661,0.0990825688073395,0.0888073394495413,0.0495412844036697,0.184770642201835
230773.411807,2582366.126422,0.794716565767749,0.00807191341038342,0,0.000183452577508714,0.00238488350761328,0.194643184736746
231273.411807,2582366.126422,0.944139194139194,0.00567765567765568,0,0,0,0.0501831501831502
231773.411807,2582366.126422,0.978899082568807,0.00275229357798165,0,0,0,0.018348623853211
232273.411807,2582366.126422,0.90295358649789,0.000733810310034856,0,0,0,0.0963126031920749
232773.411807,2582366.126422,0.881684981684982,0.0206959706959707,0,0.000732600732600733,0.00366300366300366,0.0932234432234432
233273.411807,2582366.126422,0.907522935779816,0.018348623853211,0,0.00146788990825688,0.00697247706422018,0.0656880733944954
233773.411807,2582366.126422,0.755090809025867,0.0313703907539901,0.0185287103283801,0.0238488350761328,0.0458631443771785,0.125298110438452
234273.411807,2582366.126422,0.974358974358974,0.00238095238095238,0,0,0,0.0232600732600733
234773.411807,2582366.126422,0.981284403669725,0.0073394495412844,0,0,0,0.0113761467889908
235273.411807,2582366.126422,0.948266373142543,0.020546688680976,0,0.00403595670519171,0.0066042927903137,0.020546688680976
235773.411807,2582366.126422,0.974542124542125,0.00274725274725275,0,0,0,0.0227106227106227
236273.411807,2582366.126422,0.881834862385321,0.066605504587156,0,0,0,0.0515596330275229
236773.411807,2582366.126422,0.913593835993396,0.0625573289304715,0,0,0,0.0238488350761328
224773.411807,2581866.126422,0.846886446886447,0.00128205128205128,0,0.00293040293040293,0.00146520146520147,0.147435897435897
225273.411807,2581866.126422,0.454712137880455,0.0346534653465347,0.0141180784745141,0.390905757242391,0.0451045104510451,0.0605060506050605
225773.411807,2581866.126422,0.930769230769231,0.0393772893772894,0.00494505494505494,0.0100732600732601,0.000366300366300366,0.0144688644688645
226273.411807,2581866.126422,0.963369963369963,0.0291208791208791,0,0,0,0.00750915750915751
226773.411807,2581866.126422,0.962046204620462,0.026952695269527,0,0,0,0.011001100110011
227273.411807,2581866.126422,0.951465201465201,0.032051282051282,0,0,0,0.0164835164835165
227773.411807,2581866.126422,0.833699633699634,0.0364468864468864,0.00421245421245421,0.01996336996337,0.0128205128205128,0.0928571428571429
228273.411807,2581866.126422,0.907590759075908,0.026035936927026,0,0.000366703337000367,0.00403373670700403,0.061972863953062
228773.411807,2581866.126422,0.935531135531136,0.00567765567765568,0,0,0,0.0587912087912088
229273.411807,2581866.126422,0.990476190476191,0,0,0,0,0.00952380952380952
229773.411807,2581866.126422,0.994499449944995,0.00275027502750275,0,0,0,0.00275027502750275
230273.411807,2581866.126422,0.411904761904762,0.0820512820512821,0.127472527472527,0.103479853479853,0.0673992673992674,0.207692307692308
230773.411807,2581866.126422,0.532234432234432,0.108424908424908,0.0375457875457875,0.0210622710622711,0.0212454212454212,0.279487179487179
231273.411807,2581866.126422,0.825265859919325,0.130729739640631,0,0,0,0.044004400440044
231773.411807,2581866.126422,0.994322344322344,0,0,0,0,0.00567765567765568
232273.411807,2581866.126422,0.980769230769231,0.0010989010989011,0,0,0,0.0181318681318681
232773.411807,2581866.126422,0.946828016134947,0.0115511551155116,0,0,0,0.0416208287495416
233273.411807,2581866.126422,0.94981684981685,0.0197802197802198,0.000183150183150183,0,0.000183150183150183,0.03003663003663
233773.411807,2581866.126422,0.732234432234432,0.131135531135531,0.0648351648351648,0.00274725274725275,0.0117216117216117,0.0573260073260073
234273.411807,2581866.126422,0.940777411074441,0.0198019801980198,0,0.000183351668500183,0.00201686835350202,0.0372203887055372
234773.411807,2581866.126422,0.887179487179487,0.0177655677655678,0,0.0388278388278388,0.0195970695970696,0.0366300366300366
235273.411807,2581866.126422,0.988095238095238,0,0,0,0,0.0119047619047619
235773.411807,2581866.126422,0.914558122478915,0,0,0,0,0.0854418775210854
236273.411807,2581866.126422,0.88003663003663,0.0124542124542125,0,0,0,0.107509157509158
236773.411807,2581866.126422,0.825091575091575,0.00695970695970696,0,0,0.000183150183150183,0.167765567765568
224773.411807,2581366.126422,0.942050247570145,0.000183385292499542,0,0.000916926462497708,0.00311754997249221,0.0537318907023657
225273.411807,2581366.126422,0.541872823895914,0.0940076965365585,0.00641378046545721,0.280740333516584,0.00623052959501558,0.070734835990471
225773.411807,2581366.126422,0.906037805101853,0.00568911726922371,0,0.00734079647641769,0.0155991925123876,0.0653330886401175
226273.411807,2581366.126422,0.975242985512562,0.0066018705299835,0,0,0,0.0181551439574546
226773.411807,2581366.126422,0.963349825911673,0.00238226131574125,0,0,0,0.0342679127725857
227273.411807,2581366.126422,0.95834097999633,0.00458799779776106,0,0,0.000367039823820885,0.0367039823820885
227773.411807,2581366.126422,0.865761965890336,0.01998899688245,0.000366770584999083,0.000183385292499542,0.00550155877498625,0.10819732257473
228273.411807,2581366.126422,0.906725306945208,0.055158512002932,0,0,0.000183250870441635,0.0379329301814184
228773.411807,2581366.126422,0.710405579005322,0.0662506881996697,0.0326665443200587,0.0458799779776106,0.0203707102220591,0.12442650027528
229273.411807,2581366.126422,0.86796258940033,0.0106363469649734,0.00275077938749312,0.00550155877498625,0.00421786172748946,0.108930863744728
229773.411807,2581366.126422,0.977826644676562,0.00274876305662452,0,0,0,0.0194245922668133
230273.411807,2581366.126422,0.980730409249404,0.0121123141860892,0,0,0,0.00715727656450725
230773.411807,2581366.126422,0.781404731340546,0.039611223179901,0.125252154777187,0.00201723821749496,0.00770218228498074,0.04401247019989
231273.411807,2581366.126422,0.986805937328202,0,0,0,0,0.0131940626717977
231773.411807,2581366.126422,0.962928977794091,0,0,0,0,0.0370710222059093
232273.411807,2581366.126422,0.958371538602604,0,0,0,0,0.0416284613973959
232773.411807,2581366.126422,0.982591167308045,0,0,0,0,0.0174088326919553
233273.411807,2581366.126422,0.948981464488897,0,0,0,0,0.051018535511103
233773.411807,2581366.126422,0.708784155510728,0.0221896203924445,0,0.0779387493123052,0.0249403997799376,0.166147075004585
234273.411807,2581366.126422,0.728055708264614,0.0152098222466557,0.0146600696353308,0.0212571009712296,0.0227231079347627,0.198094190947407
234773.411807,2581366.126422,0.843090475316572,0.00220223894292531,0.000183519911910442,0.0300972655533125,0.0179849513672233,0.106441548908057
235273.411807,2581366.126422,0.982945167797543,0,0,0,0,0.0170548322024574
235773.411807,2581366.126422,0.917537108301264,0.000183250870441635,0,0.00164925783397471,0.00623052959501558,0.0743998533993036
236273.411807,2581366.126422,0.845476234171408,0.012846393833731,0.0012846393833731,0.0034868783262984,0.0117452743622683,0.125160579922922
236773.411807,2581366.126422,0.797542637080506,0.00550155877498625,0,0,0,0.196955804144508
224773.411807,2580866.126422,0.221060355898,0.063474591818015,0.024399192808659,0.546138323243442,0.0284351495138507,0.116492386718033
225273.411807,2580866.126422,0.91025641025641,0.0142857142857143,0.000549450549450549,0,0,0.0749084249084249
225773.411807,2580866.126422,0.868256880733945,0.031743119266055,0.00532110091743119,0.0100917431192661,0.0168807339449541,0.0677064220183486
226273.411807,2580866.126422,0.777288570904421,0.0563199412951752,0.0253164556962025,0.00697119794533113,0.028251696936342,0.105852137222528
226773.411807,2580866.126422,0.94029304029304,0.0424908424908425,0,0,0.000549450549450549,0.0166666666666667
227273.411807,2580866.126422,0.945688073394495,0.00532110091743119,0,0,0.00018348623853211,0.0488073394495413
227773.411807,2580866.126422,0.878370941111723,0.0366905155017428,0,0.00385250412768299,0.00880572372041827,0.0722803155384333
228273.411807,2580866.126422,0.921794871794872,0.015018315018315,0,0.000366300366300366,0.0043956043956044,0.0584249084249084
228773.411807,2580866.126422,0.501834862385321,0.0310091743119266,0.00256880733944954,0.0174311926605505,0.0414678899082569,0.405688073394495
229273.411807,2580866.126422,0.802971931755641,0.0416437350944781,0.00825536598789213,0.0194459732159237,0.0223812144560631,0.105301779490002
229773.411807,2580866.126422,0.971611721611722,0.00128205128205128,0,0,0,0.0271062271062271
230273.411807,2580866.126422,0.992293577981651,0,0,0,0,0.00770642201834862
230773.411807,2580866.126422,0.977618785543937,0.00110071546505228,0,0,0,0.0212804989910108
231273.411807,2580866.126422,0.7496336996337,0.00164835164835165,0,0.0402930402930403,0.0298534798534799,0.178571428571429
231773.411807,2580866.126422,0.915596330275229,0.00055045871559633,0,0,0,0.0838532110091743
232273.411807,2580866.126422,0.948082920565034,0.00091726288754357,0,0,0,0.0509998165474225
232773.411807,2580866.126422,0.951648351648352,0,0,0,0,0.0483516483516484
233273.411807,2580866.126422,0.946238532110092,0,0,0,0,0.0537614678899083
233773.411807,2580866.126422,0.666850119244175,0.0297193175564117,0.0210970464135021,0.0577875619152449,0.0420106402494955,0.18253531462117
234273.411807,2580866.126422,0.905677655677656,0.00201465201465201,0,0.00586080586080586,0.00659340659340659,0.0798534798534798
234773.411807,2580866.126422,0.883302752293578,0.00110091743119266,0,0,0.00220183486238532,0.113394495412844
235273.411807,2580866.126422,0.951385066960191,0.000550357732526142,0,0,0,0.0480645753072831
235773.411807,2580866.126422,0.920879120879121,0.0133699633699634,0,0,0,0.0657509157509158
236273.411807,2580866.126422,0.891192660550459,0.0187155963302752,0.0277064220183486,0.000917431192660551,0.0104587155963303,0.0510091743119266
236773.411807,2580866.126422,0.849201981287837,0.00110071546505228,0,0,0,0.149697303247111
224773.411807,2580366.126422,0.504945054945055,0.0576923076923077,0.0108058608058608,0.37014652014652,0.00494505494505494,0.0514652014652015
225273.411807,2580366.126422,0.86963696369637,0.0421708837550422,0,0.000733406674000733,0.00751741840850752,0.0799413274660799
225773.411807,2580366.126422,0.955494505494506,0,0,0,0,0.0445054945054945
226273.411807,2580366.126422,0.844688644688645,0.0708791208791209,0.0166666666666667,0,0.00238095238095238,0.0653846153846154
226773.411807,2580366.126422,0.952511917858452,0.00128346167950128,0,0.0011001100110011,0.000733406674000733,0.0443711037770444
227273.411807,2580366.126422,0.97985347985348,0.00805860805860806,0,0.000366300366300366,0,0.0117216117216117
227773.411807,2580366.126422,0.81025641025641,0.0943223443223443,0,0.00201465201465201,0.00695970695970696,0.0864468864468864
228273.411807,2580366.126422,0.905023835716905,0.0100843417675101,0.000183351668500183,0.00055005500550055,0.00458379171250458,0.0795746241290796
228773.411807,2580366.126422,0.77032967032967,0.0457875457875458,0.00402930402930403,0.0258241758241758,0.0216117216117216,0.132417582417582
229273.411807,2580366.126422,0.96978021978022,0.00989010989010989,0,0,0,0.0203296703296703
229773.411807,2580366.126422,0.806930693069307,0.0493215988265493,0.00843417675100843,0.0262192885955262,0.022002200220022,0.0870920425375871
230273.411807,2580366.126422,0.981868131868132,0.00347985347985348,0,0,0,0.0146520146520147
230773.411807,2580366.126422,0.977106227106227,0,0,0,0,0.0228937728937729
231273.411807,2580366.126422,0.898423175650898,0.00183351668500183,0,0.00146681334800147,0.00586725339200587,0.0924092409240924
231773.411807,2580366.126422,0.92014652014652,0.00238095238095238,0.00311355311355311,0.0032967032967033,0.00915750915750916,0.0619047619047619
232273.411807,2580366.126422,0.909157509157509,0.0126373626373626,0,0.00934065934065934,0.0395604395604396,0.0293040293040293
232773.411807,2580366.126422,0.877887788778878,0.00696736340300697,0,0.0146681334800147,0.0656398973230656,0.0348368170150348
233273.411807,2580366.126422,0.924908424908425,0,0,0,0,0.0750915750915751
233773.411807,2580366.126422,0.579304029304029,0.0126373626373626,0,0.0379120879120879,0.0384615384615385,0.331684981684982
234273.411807,2580366.126422,0.604693802713605,0.0236523652365237,0.00403373670700403,0.048954895489549,0.0641730839750642,0.254492115878254
234773.411807,2580366.126422,0.975457875457875,0,0,0,0.000366300366300366,0.0241758241758242
235273.411807,2580366.126422,0.814468864468864,0.0230769230769231,0,0.0144688644688645,0.0282051282051282,0.11978021978022
235773.411807,2580366.126422,0.985881921525486,0.000733406674000733,0,0,0,0.0133846718005134
236273.411807,2580366.126422,0.895787545787546,0.000549450549450549,0,0,0,0.103663003663004
236773.411807,2580366.126422,0.85952380952381,0.00201465201465201,0,0.000183150183150183,0.0021978021978022,0.136080586080586
224773.411807,2579866.126422,0.967174032642582,0.00806895286997983,0,0,0,0.0247570144874381
225273.411807,2579866.126422,0.957119296316657,0.00513102437236577,0,0,0,0.0377496793109767
225773.411807,2579866.126422,0.944209946779226,0.0225729491649844,0.000734079647641769,0,0.00165167920719398,0.0308313452009543
226273.411807,2579866.126422,0.929029891802677,0.0256739409499358,0.000916926462497708,0,0,0.044379240784889
226773.411807,2579866.126422,0.965732087227414,0.00678028220634048,0,0,0,0.0274876305662452
227273.411807,2579866.126422,0.984400807487612,0.00899247568361167,0,0,0,0.00660671682877592
227773.411807,2579866.126422,0.990280579497524,0.000183385292499542,0,0,0,0.00953603520997616
228273.411807,2579866.126422,0.977093641194796,0.00238226131574125,0,0,0,0.0205240974894631
228773.411807,2579866.126422,0.837217838135438,0.0115617544503579,0.000367039823820885,0.00550559735731327,0.0225729491649844,0.122774821068086
229273.411807,2579866.126422,0.978177150192555,0.00586832935998533,0,0.000183385292499542,0.000183385292499542,0.015587749862461
229773.411807,2579866.126422,0.628733736485248,0.0425142019424592,0.072200842954004,0.0910756826094924,0.0452629649990837,0.120212571009712
230273.411807,2579866.126422,0.966232336208479,0.000367039823820885,0,0,0,0.0334006239677005
230773.411807,2579866.126422,0.910507977260224,0,0,0,0,0.0894920227397763
231273.411807,2579866.126422,0.80263881253436,0.00458127176104087,0,0.00219901044529962,0.00439802089059923,0.186182884368701
231773.411807,2579866.126422,0.968434575151404,0,0,0,0,0.0315654248485961
232273.411807,2579866.126422,0.923344947735192,0.000183385292499542,0,0.00311754997249221,0.00256739409499358,0.070786722904823
232773.411807,2579866.126422,0.941176470588235,0.00604727872457394,0,0.0053142752428074,0.00678028220634048,0.0406816932380429
233273.411807,2579866.126422,0.75940539548541,0.0082583960359699,0.017434391631492,0.0400073407964764,0.0504679757753716,0.12442650027528
233773.411807,2579866.126422,0.728773152393178,0.0143040528149642,0.000366770584999083,0.0286081056299285,0.0223730056849441,0.205574912891986
234273.411807,2579866.126422,0.940443467106469,0,0,0,0,0.0595565328935312
234773.411807,2579866.126422,0.988988805285373,0,0,0,0,0.0110111947146265
235273.411807,2579866.126422,0.950485971025124,0.00110031175499725,0,0.000183385292499542,0.000733541169998166,0.0474967907573813
235773.411807,2579866.126422,0.84643577056991,0.0152098222466557,0.000366501740883269,0.0109950522264981,0.0315191497159611,0.0954737035000916
236273.411807,2579866.126422,0.716645256010277,0.0563406129565058,0.0311983850247752,0.030280785465223,0.0528537346302074,0.112681225913012
236773.411807,2579866.126422,0.701998899688245,0.000916926462497708,0,0.000550155877498625,0.00605171465248487,0.290482303319274
224773.411807,2579366.126422,0.961291506145661,0.0117409649605577,0,0,0,0.026967528893781
225273.411807,2579366.126422,0.873260073260073,0.0412087912087912,0,0,0,0.0855311355311355
225773.411807,2579366.126422,0.965321100917431,0.00201834862385321,0,0,0,0.0326605504587156
226273.411807,2579366.126422,0.943680058704825,0.002568336085122,0,0.00091726288754357,0.000550357732526142,0.0522839845899835
226773.411807,2579366.126422,0.913003663003663,0.0228937728937729,0,0.00238095238095238,0.00842490842490842,0.0532967032967033
227273.411807,2579366.126422,0.972660550458716,0.00623853211009174,0,0,0,0.0211009174311927
227773.411807,2579366.126422,0.969730324711062,0.00091726288754357,0,0.00201797835259585,0.00513667217024399,0.0221977618785544
228273.411807,2579366.126422,0.906776556776557,0.00274725274725275,0,0.00274725274725275,0.00604395604395604,0.0816849816849817
228773.411807,2579366.126422,0.809174311926605,0.0513761467889908,0.00458715596330275,0.00036697247706422,0.00623853211009174,0.128256880733945
229273.411807,2579366.126422,0.945147679324895,0.00678774536782242,0,0.000733810310034856,0.00220143093010457,0.0451293340671436
229773.411807,2579366.126422,0.886263736263736,0.00347985347985348,0,0.0161172161172161,0.0126373626373626,0.0815018315018315
230273.411807,2579366.126422,0.782935779816514,0.00128440366972477,0,0.000917431192660551,0.00568807339449541,0.209174311926606
230773.411807,2579366.126422,0.968813061823519,0,0,0,0,0.0311869381764814
231273.411807,2579366.126422,0.788278388278388,0.013003663003663,0,0.0234432234432234,0.0446886446886447,0.130586080586081
231773.411807,2579366.126422,0.680366972477064,0.0172477064220183,0,0.00128440366972477,0.00752293577981651,0.293577981651376
232273.411807,2579366.126422,0.951018161805173,0.000183452577508714,0,0,0,0.0487983856173179
232773.411807,2579366.126422,0.917399267399267,0.000366300366300366,0,0.00677655677655678,0.00421245421245421,0.0712454212454212
233273.411807,2579366.126422,0.387155963302752,0.0198165137614679,0.0190825688073394,0.307155963302752,0.0502752293577982,0.21651376146789
233773.411807,2579366.126422,0.771601541001651,0.000733810310034856,0,0.001284168042561,0.00587048248027885,0.220509998165474
234273.411807,2579366.126422,0.852380952380952,0.0159340659340659,0.0195970695970696,0.0166666666666667,0.01996336996337,0.0754578754578755
234773.411807,2579366.126422,0.992293577981651,0,0,0,0,0.00770642201834862
235273.411807,2579366.126422,0.803705742065676,0.00587048248027885,0.00165107319757843,0.0221977618785544,0.0212804989910108,0.145294441386901
235773.411807,2579366.126422,0.982783882783883,0.0021978021978022,0,0,0,0.015018315018315
236273.411807,2579366.126422,0.948623853211009,0.000917431192660551,0,0,0,0.0504587155963303
236773.411807,2579366.126422,0.831957439002018,0,0,0,0,0.168042560997982
224773.411807,2578866.126422,0.324725274725275,0.0761904761904762,0.296336996336996,0.161721611721612,0.0375457875457875,0.103479853479853
225273.411807,2578866.126422,0.945727906123946,0.00825082508250825,0,0,0,0.046021268793546
225773.411807,2578866.126422,0.991391941391941,0.00238095238095238,0,0,0,0.00622710622710623
226273.411807,2578866.126422,0.976007326007326,0.00311355311355311,0,0,0.000732600732600733,0.0201465201465201
226773.411807,2578866.126422,0.981481481481482,0.0137513751375138,0,0,0,0.00476714338100477
227273.411807,2578866.126422,0.976556776556777,0.00604395604395604,0,0,0,0.0173992673992674
227773.411807,2578866.126422,0.99010989010989,0,0,0,0,0.00989010989010989
228273.411807,2578866.126422,0.934910157682435,0.00201686835350202,0,0,0,0.0630729739640631
228773.411807,2578866.126422,0.967032967032967,0.0201465201465201,0,0,0,0.0128205128205128
229273.411807,2578866.126422,0.873260073260073,0.00787545787545788,0,0.0120879120879121,0.0120879120879121,0.0946886446886447
229773.411807,2578866.126422,0.466996699669967,0.0487715438210488,0,0.167766776677668,0.107627429409608,0.208837550421709
230273.411807,2578866.126422,0.680952380952381,0.0276556776556777,0.0010989010989011,0.0575091575091575,0.0490842490842491,0.183699633699634
230773.411807,2578866.126422,0.86025641025641,0.00512820512820513,0,0.00787545787545788,0.0181318681318681,0.108608058608059
231273.411807,2578866.126422,0.557205720572057,0.0583058305830583,0.0253025302530253,0.0698569856985699,0.0775577557755776,0.211771177117712
231773.411807,2578866.126422,0.62032967032967,0.0214285714285714,0.0481684981684982,0.0245421245421245,0.0613553113553114,0.224175824175824
232273.411807,2578866.126422,0.988461538461539,0,0,0,0,0.0115384615384615
232773.411807,2578866.126422,0.991932526585992,0.000916758342500917,0,0,0,0.00715071507150715
233273.411807,2578866.126422,0.46978021978022,0.0415750915750916,0.041025641025641,0.263003663003663,0.0538461538461538,0.130769230769231
233773.411807,2578866.126422,0.468315018315018,0.0637362637362637,0.0298534798534799,0.166849816849817,0.0565934065934066,0.214652014652015
234273.411807,2578866.126422,0.729006233956729,0.0364869820315365,0.00256692335900257,0.0914924825815915,0.0276861019435277,0.112761276127613
234773.411807,2578866.126422,0.978021978021978,0.000549450549450549,0,0,0,0.0214285714285714
