"x","y","forest","agri","water","built","other","grass"
275273.411807,2765366.126422,0.100645539906103,0.130575117370892,0.200704225352113,0.17693661971831,0.111795774647887,0.279342723004695
275773.411807,2765366.126422,0.123647037240873,0.115208218675472,0.0163272793982755,0.20968629609246,0.0988809392771968,0.436250229315722
276273.411807,2765366.126422,0.0833333333333333,0.158058608058608,0.0021978021978022,0.11978021978022,0.0954212454212454,0.541208791208791
276773.411807,2765366.126422,0.0647706422018349,0.190825688073395,0.0187155963302752,0.208073394495413,0.0704587155963303,0.447155963302752
277273.411807,2765366.126422,0.119427627958173,0.121629058888277,0.015410016510732,0.158136121812511,0.100165107319758,0.485232067510549
277773.411807,2765366.126422,0.0573260073260073,0.130769230769231,0.253663003663004,0.125824175824176,0.132234432234432,0.30018315018315
278273.411807,2765366.126422,0.138715596330275,0.346605504587156,0.0128440366972477,0.279449541284404,0.0537614678899083,0.168623853211009
278773.411807,2765366.126422,0.0889745000917263,0.262337185837461,0.0438451660245826,0.375343973582829,0.0548523206751055,0.174646853788296
279273.411807,2765366.126422,0.0924908424908425,0.0386446886446886,0.0446886446886447,0.698534798534798,0.095970695970696,0.0296703296703297
279773.411807,2765366.126422,0.04,0.0827522935779817,0.0667889908256881,0.78954128440367,0.0192660550458716,0.00165137614678899
280273.411807,2765366.126422,0.0442120711796001,0.0365070629242341,0.0539350577875619,0.816547422491286,0.0284351495138507,0.0203632361034673
280773.411807,2765366.126422,0.0752747252747253,0.0452380952380952,0.0728937728937729,0.72967032967033,0.0523809523809524,0.0245421245421245
281273.411807,2765366.126422,0.02,0.0231192660550459,0.0115596330275229,0.93302752293578,0.0106422018348624,0.00165137614678899
281773.411807,2765366.126422,0.0838378279214823,0.0662263804806457,0.00752155567785727,0.811777655476059,0.0253164556962025,0.00532012474775271
282273.411807,2765366.126422,0.225641025641026,0.0794871794871795,0.0408424908424908,0.526923076923077,0.0706959706959707,0.0564102564102564
282773.411807,2765366.126422,0.115779816513761,0.0776146788990826,0.112660550458716,0.495963302752294,0.116697247706422,0.0812844036697248
283273.411807,2765366.126422,0.191341038341589,0.108053568152633,0.0328380113740598,0.346175013758943,0.125298110438452,0.196294257934324
283773.411807,2765366.126422,0.093040293040293,0.0538461538461538,0.0173992673992674,0.608241758241758,0.11025641025641,0.117216117216117
284273.411807,2765366.126422,0.0579816513761468,0.036697247706422,0.0161467889908257,0.632844036697248,0.131009174311927,0.125321100917431
284773.411807,2765366.126422,0.451109888093928,0.014125848468171,0.00898917629792699,0.392588515868648,0.0636580443955238,0.0695285268758026
285273.411807,2765366.126422,0.560805860805861,0,0,0,0,0.439194139194139
285773.411807,2765366.126422,0.413211009174312,0.0130275229357798,0.00275229357798165,0.17743119266055,0.0440366972477064,0.34954128440367
286273.411807,2765366.126422,0.348926802421574,0.0078884608328747,0.00532012474775271,0.331315354980737,0.0983305815446707,0.20821867547239
286773.411807,2765366.126422,0.394688644688645,0.0164835164835165,0.0225274725274725,0.289010989010989,0.0465201465201465,0.230769230769231
287273.411807,2765366.126422,0.774128440366972,0.00018348623853211,0,0.00055045871559633,0.000917431192660551,0.224220183486239
287773.411807,2765366.126422,0.875395033860045,0,0,0.000225733634311512,0,0.124379232505643
275273.411807,2764866.126422,0.0436310395314788,0.0500732064421669,0.116251830161054,0.6199121522694,0.115959004392387,0.0541727672035139
275773.411807,2764866.126422,0.0932234432234432,0.0754578754578755,0.129120879120879,0.377106227106227,0.112454212454212,0.212637362637363
276273.411807,2764866.126422,0.0601393472680601,0.31041437477081,0.0485881921525486,0.128162816281628,0.103043637697103,0.34965163182985
276773.411807,2764866.126422,0.0769230769230769,0.0994505494505494,0.0296703296703297,0.464835164835165,0.13040293040293,0.198717948717949
277273.411807,2764866.126422,0.132417582417582,0.131318681318681,0.0122710622710623,0.350915750915751,0.0882783882783883,0.284798534798535
277773.411807,2764866.126422,0.0823248991565823,0.0537220388705537,0.0905757242390906,0.547488082141548,0.07004033736707,0.155848918225156
278273.411807,2764866.126422,0.078021978021978,0.165567765567766,0.0417582417582418,0.638278388278388,0.0573260073260073,0.019047619047619
278773.411807,2764866.126422,0.0791208791208791,0.0904761904761905,0.0587912087912088,0.707326007326007,0.0221611721611722,0.0421245421245421
279273.411807,2764866.126422,0.079024569123579,0.0474880821415475,0.0669233590025669,0.675100843417675,0.0498716538320499,0.0815914924825816
279773.411807,2764866.126422,0.0880952380952381,0.0576923076923077,0.0646520146520147,0.771245421245421,0.0133699633699634,0.00494505494505494
280273.411807,2764866.126422,0.065018315018315,0.0771062271062271,0.111721611721612,0.71043956043956,0.0172161172161172,0.0184981684981685
280773.411807,2764866.126422,0.0731573157315732,0.0221855518885222,0.0775577557755776,0.763843050971764,0.0471213788045471,0.0161349468280161
281273.411807,2764866.126422,0.0895604395604396,0.0538461538461538,0.054029304029304,0.753113553113553,0.0342490842490843,0.0152014652014652
281773.411807,2764866.126422,0.0478021978021978,0.0344322344322344,0.0631868131868132,0.813919413919414,0.0316849816849817,0.00897435897435897
282273.411807,2764866.126422,0.175100843417675,0.126329299596626,0.0467546754675468,0.51008434176751,0.0694902823615695,0.0722405573890722
282773.411807,2764866.126422,0.0347985347985348,0.0302197802197802,0.078021978021978,0.703113553113553,0.0648351648351648,0.089010989010989
283273.411807,2764866.126422,0.0417582417582418,0.0148351648351648,0.0313186813186813,0.754395604395604,0.0816849816849817,0.076007326007326
283773.411807,2764866.126422,0.113678034470114,0.0287862119545288,0.0561056105610561,0.702053538687202,0.0586725339200587,0.0407040704070407
284273.411807,2764866.126422,0.327289377289377,0.120512820512821,0.0102564102564103,0.357326007326007,0.0772893772893773,0.107326007326007
284773.411807,2764866.126422,0.304761904761905,0.0172161172161172,0.00531135531135531,0.449450549450549,0.0838827838827839,0.139377289377289
285273.411807,2764866.126422,0.663916391639164,0.000366703337000367,0,0.00256692335900257,0.00586725339200587,0.327282728272827
285773.411807,2764866.126422,0.573443223443223,0.00402930402930403,0.00512820512820513,0.0113553113553114,0.0146520146520147,0.391391941391941
286273.411807,2764866.126422,0.338461538461538,0.0258241758241758,0.015018315018315,0.2003663003663,0.052014652014652,0.368315018315018
286773.411807,2764866.126422,0.563806380638064,0.0298863219655299,0.000366703337000367,0.171983865053172,0.0467546754675468,0.187202053538687
287273.411807,2764866.126422,0.825274725274725,0.0010989010989011,0,0.0241758241758242,0.0227106227106227,0.126739926739927
287773.411807,2764866.126422,0.776375112714157,0.00135256988277728,0,0.0520739404869252,0.024346257889991,0.14585211902615
275273.411807,2764366.126422,0.136656891495601,0.149853372434018,0.0586510263929619,0.306744868035191,0.106451612903226,0.241642228739003
275773.411807,2764366.126422,0.0742710434623143,0.25618925362186,0.0509811113148725,0.22409682743444,0.0856409315972859,0.308820832569228
276273.411807,2764366.126422,0.0870441634597764,0.191863661352391,0.00934579439252336,0.101704233095107,0.0826461425691772,0.527396005131024
276773.411807,2764366.126422,0.0489998164800881,0.185722150853368,0.00880895577170123,0.25325747843641,0.10772618829143,0.395485410167003
277273.411807,2764366.126422,0.0418118466898955,0.215661103979461,0.00953603520997616,0.155510728039611,0.0709701081973226,0.506510177883734
277773.411807,2764366.126422,0.234377863294851,0.0982224665567161,0.049660985889683,0.116730804471321,0.0610225398570643,0.439985339930365
278273.411807,2764366.126422,0.0647825289043861,0.111213066617728,0.0278950266103872,0.640117452743623,0.0383556615892824,0.117636263534593
278773.411807,2764366.126422,0.124335228314689,0.146158078122135,0.0788556757748029,0.48798826334128,0.081606455162296,0.0810562992847974
279273.411807,2764366.126422,0.0527762506871908,0.0579072750595565,0.0568077698369067,0.759574857980575,0.0463624702217336,0.026571376214037
279773.411807,2764366.126422,0.07469260414755,0.118186823270325,0.0669847678473114,0.654982565608369,0.0267939071389246,0.0583593319875206
280273.411807,2764366.126422,0.0542820465798643,0.204657986429488,0.0599669906473501,0.536585365853659,0.0304419585549239,0.114065651934715
280773.411807,2764366.126422,0.0555250137438153,0.0225398570643211,0.0192413413963716,0.707165109034268,0.0701850833791461,0.125343595382078
281273.411807,2764366.126422,0.0846026793907139,0.0519361350706552,0.0581758120756102,0.683611671866397,0.0647825289043861,0.0568911726922371
281773.411807,2764366.126422,0.115716119567211,0.0647350082523382,0.0491472583898771,0.589216944801027,0.0786722904823033,0.102512378507244
282273.411807,2764366.126422,0.0458127176104087,0.015026571376214,0.061205790727506,0.77808319589518,0.0775151181968114,0.0223566061938794
282773.411807,2764366.126422,0.0578087722517893,0.0664342081115801,0.105340429436594,0.679757753716278,0.0644154890805652,0.0262433474031932
283273.411807,2764366.126422,0.06400146708234,0.0353933614524115,0.08399046396479,0.662571061800844,0.0812396845772969,0.072803961122318
283773.411807,2764366.126422,0.226314824995419,0.011544804837823,0.00549752611324904,0.333150082462892,0.0445299615173172,0.3789628000733
284273.411807,2764366.126422,0.448522664709121,0.00440447788585061,0.00201871903101487,0.142044411818682,0.036520462470178,0.366489264085153
284773.411807,2764366.126422,0.333944617641665,0.00916926462497708,0.0168714469099578,0.245002750779387,0.0838070786722905,0.311204841371722
285273.411807,2764366.126422,0.330951072017592,0.00714678394722375,0.00787978742899029,0.373648524830493,0.110317024005864,0.170056807769837
285773.411807,2764366.126422,0.435309231051569,0.00917599559552211,0.000550559735731327,0.147733529087906,0.0767113231785649,0.330519361350707
286273.411807,2764366.126422,0.514945901338713,0.00238400880249404,0,0.0810562992847974,0.0540986612873648,0.347515129286631
286773.411807,2764366.126422,0.681509987172439,0.00384826827927433,0.00201575957485798,0.101520982224666,0.0278541323071285,0.183250870441635
287273.411807,2764366.126422,0.878142778491466,0.000734079647641769,0,0.00789135621214902,0.00917599559552211,0.104055790053221
287773.411807,2764366.126422,0.767373646209386,0.00157942238267148,0,0.0236913357400722,0.0191787003610108,0.188176895306859
275273.411807,2763866.126422,0.0786384976525822,0.0425469483568075,0.0214201877934272,0.680164319248826,0.0927230046948357,0.0845070422535211
275773.411807,2763866.126422,0.0886075949367089,0.0383415886993212,0.0227481196110805,0.305448541552009,0.0748486516235553,0.470005503577325
276273.411807,2763866.126422,0.20952380952381,0.0375457875457875,0.00549450549450549,0.197069597069597,0.0937728937728938,0.456593406593407
276773.411807,2763866.126422,0.0434862385321101,0.174678899082569,0.0018348623853211,0.126788990825688,0.063302752293578,0.589908256880734
277273.411807,2763866.126422,0.0623738763529628,0.101449275362319,0.0333883691065859,0.525591634562466,0.0880572372041827,0.189139607411484
277773.411807,2763866.126422,0.0335164835164835,0.086996336996337,0.0831501831501831,0.643406593406593,0.0516483516483516,0.101282051282051
278273.411807,2763866.126422,0.0486238532110092,0.129357798165138,0.0104587155963303,0.360550458715596,0.0878899082568807,0.363119266055046
278773.411807,2763866.126422,0.0796184186387819,0.193725921849202,0.01284168042561,0.204549623922216,0.0796184186387819,0.429645936525408
279273.411807,2763866.126422,0.0820512820512821,0.115567765567766,0.15952380952381,0.266300366300366,0.0862637362637363,0.29029304029304
279773.411807,2763866.126422,0.0827522935779817,0.134128440366972,0.0856880733944954,0.107155963302752,0.0721100917431193,0.518165137614679
280273.411807,2763866.126422,0.149697303247111,0.177582095028435,0.00898917629792699,0.216657494037791,0.120711796000734,0.326362135388002
280773.411807,2763866.126422,0.0954212454212454,0.0402930402930403,0.0236263736263736,0.739194139194139,0.0481684981684982,0.0532967032967033
281273.411807,2763866.126422,0.115963302752294,0.0513761467889908,0.00825688073394495,0.631743119266055,0.061651376146789,0.131009174311927
281773.411807,2763866.126422,0.14125848468171,0.0359567051917079,0.0447624289121262,0.589433131535498,0.090442120711796,0.098147128967162
282273.411807,2763866.126422,0.0366300366300366,0.0120879120879121,0.0723443223443224,0.813186813186813,0.0507326007326007,0.015018315018315
282773.411807,2763866.126422,0.043302752293578,0.0209174311926606,0.0811009174311927,0.773211009174312,0.0688073394495413,0.0126605504587156
283273.411807,2763866.126422,0.026967528893781,0.0187121629058888,0.0970464135021097,0.825169693634196,0.0302696752889378,0.00183452577508714
283773.411807,2763866.126422,0.315384615384615,0.0177655677655678,0.00476190476190476,0.314468864468864,0.0831501831501831,0.264468864468864
284273.411807,2763866.126422,0.498532110091743,0.00238532110091743,0.00036697247706422,0.0269724770642202,0.0253211009174312,0.446422018348624
284773.411807,2763866.126422,0.257383966244726,0.0225646670335718,0.0346725371491469,0.357365620986975,0.0864061640066043,0.241607044578976
285273.411807,2763866.126422,0.409340659340659,0.0100732600732601,0.00274725274725275,0.252380952380952,0.0816849816849817,0.243772893772894
285773.411807,2763866.126422,0.373211009174312,0.0144954128440367,0.0102752293577982,0.431009174311927,0.064954128440367,0.10605504587156
286273.411807,2763866.126422,0.892863694734911,0.00201797835259585,0,0.0273344340487984,0.0126582278481013,0.0651256650155935
286773.411807,2763866.126422,0.956043956043956,0.000366300366300366,0,0.0010989010989011,0.00384615384615385,0.0386446886446886
287273.411807,2763866.126422,0.986238532110092,0,0,0,0,0.0137614678899083
287773.411807,2763866.126422,0.908803611738149,0,0,0.00338600451467269,0.00270880361173815,0.0851015801354402
275273.411807,2763366.126422,0.0802342606149341,0.0313323572474378,0.0427525622254758,0.672620790629575,0.0518301610541728,0.121229868228404
275773.411807,2763366.126422,0.0789377289377289,0.0386446886446886,0.0532967032967033,0.652380952380952,0.0796703296703297,0.0970695970695971
276273.411807,2763366.126422,0.0865419875320865,0.0161349468280161,0.0238357169050238,0.634213421342134,0.0814081408140814,0.157865786578658
276773.411807,2763366.126422,0.093040293040293,0.0985347985347985,0.0355311355311355,0.284432234432234,0.112454212454212,0.376007326007326
277273.411807,2763366.126422,0.0952380952380952,0.0628205128205128,0.0457875457875458,0.542490842490842,0.116849816849817,0.136813186813187
277773.411807,2763366.126422,0.0445544554455446,0.0368536853685369,0.0452878621195453,0.786028602860286,0.0385038503850385,0.0487715438210488
278273.411807,2763366.126422,0.115567765567766,0.177838827838828,0.0747252747252747,0.0778388278388278,0.104761904761905,0.449267399267399
278773.411807,2763366.126422,0.0664835164835165,0.27985347985348,0.00256410256410256,0.110989010989011,0.0855311355311355,0.454578754578755
279273.411807,2763366.126422,0.09002566923359,0.148514851485149,0.0614228089475614,0.33003300330033,0.115511551155116,0.254492115878254
279773.411807,2763366.126422,0.0915750915750916,0.464835164835165,0.000732600732600733,0.0886446886446886,0.0483516483516484,0.305860805860806
280273.411807,2763366.126422,0.167948717948718,0.168864468864469,0.00952380952380952,0.388827838827839,0.0692307692307692,0.195604395604396
280773.411807,2763366.126422,0.163549688302164,0.23028969563623,0.0108177484415108,0.50953428676201,0.0454712137880455,0.0403373670700403
281273.411807,2763366.126422,0.0772893772893773,0.0564102564102564,0.0164835164835165,0.518498168498169,0.0776556776556777,0.253663003663004
281773.411807,2763366.126422,0.107326007326007,0.0858974358974359,0.019047619047619,0.424908424908425,0.111538461538462,0.251282051282051
282273.411807,2763366.126422,0.0517051705170517,0.0432709937660433,0.0229189585625229,0.695269526952695,0.0726072607260726,0.114228089475614
282773.411807,2763366.126422,0.0485347985347985,0.0232600732600733,0.0351648351648352,0.788827838827839,0.0686813186813187,0.0355311355311355
283273.411807,2763366.126422,0.106959706959707,0.0866300366300366,0.0646520146520147,0.537362637362637,0.0826007326007326,0.121794871794872
283773.411807,2763366.126422,0.167583425009168,0.0194352768610194,0.0152181884855152,0.530619728639531,0.152915291529153,0.114228089475614
284273.411807,2763366.126422,0.449450549450549,0.0119047619047619,0.00879120879120879,0.258058608058608,0.0465201465201465,0.225274725274725
284773.411807,2763366.126422,0.53003663003663,0.00476190476190476,0.00128205128205128,0.060989010989011,0.0351648351648352,0.367765567765568
285273.411807,2763366.126422,0.310781078107811,0.0115511551155116,0.00183351668500183,0.251008434176751,0.0898423175650898,0.334983498349835
285773.411807,2763366.126422,0.544505494505494,0.00824175824175824,0.00549450549450549,0.111721611721612,0.032051282051282,0.297985347985348
286273.411807,2763366.126422,0.947985347985348,0,0,0.000732600732600733,0.0021978021978022,0.0490842490842491
286773.411807,2763366.126422,0.935460212687935,0.000183351668500183,0,0.0055005500550055,0.0022002200220022,0.0566556655665567
287273.411807,2763366.126422,0.933150183150183,0.000183150183150183,0,0,0,0.0666666666666667
287773.411807,2763366.126422,0.876014427412083,0.000450856627592426,0,0,0.000225428313796213,0.123309287646528
275273.411807,2762866.126422,0.0847507331378299,0.0853372434017595,0.0821114369501466,0.556598240469208,0.095307917888563,0.0958944281524927
275773.411807,2762866.126422,0.0405281496423987,0.024390243902439,0.0194388410049514,0.846506510177884,0.0559325142123602,0.013203741059967
276273.411807,2762866.126422,0.0729338464357706,0.0734835990470955,0.0284038849184534,0.729521715228147,0.0637713029136888,0.0318856514568444
276773.411807,2762866.126422,0.117452743622683,0.0488162965681776,0.0249587080198202,0.459900899247568,0.0812993209763259,0.267572031565425
277273.411807,2762866.126422,0.117549972492206,0.0724371905373189,0.0141206675224647,0.453328443058867,0.119383825417202,0.223179900971942
277773.411807,2762866.126422,0.0465457210921752,0.0342679127725857,0.0454462158695254,0.750229063588052,0.0540590067802822,0.0694520798973795
278273.411807,2762866.126422,0.0563406129565058,0.28207010460635,0.00513855753349238,0.1036887502294,0.131033217104056,0.421728757570196
278773.411807,2762866.126422,0.0462130937098845,0.0762882816798093,0.0559325142123602,0.503759398496241,0.104346231432239,0.213460480469466
279273.411807,2762866.126422,0.0729338464357706,0.250870441634598,0.0188748396554884,0.285504856148067,0.0962067069818582,0.275609309144218
279773.411807,2762866.126422,0.0994677922554597,0.454762341714076,0.0196366305744173,0.211231418608919,0.0587263718113415,0.156175445035786
280273.411807,2762866.126422,0.037593984962406,0.0533651201173666,0.0251237850724372,0.794425087108014,0.0353933614524115,0.0540986612873648
280773.411807,2762866.126422,0.12112882536192,0.478284771852666,0.0218068535825545,0.35422393256368,0.0146600696353308,0.00989554700384827
281273.411807,2762866.126422,0.100935951550743,0.17434391631492,0.0396403009726555,0.312350890071573,0.0934116351624151,0.279317305927693
281773.411807,2762866.126422,0.12781954887218,0.162846139739593,0.0493306436823767,0.193471483587016,0.0905923344947735,0.37593984962406
282273.411807,2762866.126422,0.0769653655854865,0.0542422576507238,0.083745647791827,0.496976360637713,0.101704233095107,0.186366135239142
282773.411807,2762866.126422,0.0218388695173426,0.0324830244081483,0.0877225178931914,0.718296935217471,0.100385391815012,0.0392732611488346
283273.411807,2762866.126422,0.0612506876948469,0.350999449844123,0.00550155877498625,0.256556024206859,0.0623509994498441,0.263341280029342
283773.411807,2762866.126422,0.0309693971046362,0.396921385376581,0.0133773135422393,0.270478284771853,0.13230712845886,0.155946490745831
284273.411807,2762866.126422,0.152872086621398,0.0187190310148651,0.0297302257294917,0.48541016700312,0.10790970820334,0.205358781427785
284773.411807,2762866.126422,0.388226664221529,0.0133871263524665,0.0119200440124702,0.227030992114432,0.0496974142673758,0.309737759031726
285273.411807,2762866.126422,0.362653472603995,0.00659703133589885,0.00238226131574125,0.220267546270845,0.0765988638446033,0.331500824628917
285773.411807,2762866.126422,0.442466507616076,0.0119287942741787,0.00367039823820885,0.141493852082951,0.060561570930446,0.339878876858139
286273.411807,2762866.126422,0.522831468916193,0.00275077938749312,0,0.0746378140473134,0.0414450761048964,0.358334861544104
286773.411807,2762866.126422,0.810335349092908,0.00164925783397471,0,0.0131940626717977,0.0155763239875389,0.15924500641378
287273.411807,2762866.126422,0.960359699027344,0,0,0,0,0.0396403009726555
287773.411807,2762866.126422,0.945848375451264,0,0,0,0,0.0541516245487365
275273.411807,2762366.126422,0.164025821596244,0.118544600938967,0.0698356807511737,0.507629107981221,0.0707159624413145,0.0692488262910798
275773.411807,2762366.126422,0.214639515685195,0.103467253714915,0.0416437350944781,0.408181984956889,0.101999633094845,0.130067877453678
276273.411807,2762366.126422,0.0688644688644689,0.0212454212454212,0.032051282051282,0.756959706959707,0.0681318681318681,0.0527472527472527
276773.411807,2762366.126422,0.350091743119266,0.0315596330275229,0.00880733944954129,0.282935779816514,0.0777981651376147,0.248807339449541
277273.411807,2762366.126422,0.130618235186204,0.15831957439002,0.0399926618968997,0.38800220143093,0.0988809392771968,0.184186387818749
277773.411807,2762366.126422,0.0798534798534798,0.107142857142857,0.0327838827838828,0.435531135531136,0.108241758241758,0.236446886446886
278273.411807,2762366.126422,0.0359633027522936,0.0899082568807339,0.0456880733944954,0.498348623853211,0.102752293577982,0.227339449541284
278773.411807,2762366.126422,0.117960007338103,0.138873601174097,0.0165107319757843,0.13979086406164,0.120711796000734,0.466152999449642
279273.411807,2762366.126422,0.0906593406593407,0.12014652014652,0.0882783882783883,0.173992673992674,0.0961538461538462,0.430769230769231
279773.411807,2762366.126422,0.0478899082568807,0.0508256880733945,0.0376146788990826,0.697247706422018,0.0390825688073395,0.127339449541284
280273.411807,2762366.126422,0.0412768299394606,0.0398092093193909,0.0568702990277013,0.63052650889745,0.111722619702807,0.11979453311319
280773.411807,2762366.126422,0.0598901098901099,0.0769230769230769,0.0296703296703297,0.535347985347985,0.0824175824175824,0.215750915750916
281273.411807,2762366.126422,0.0752293577981651,0.150275229357798,0.0271559633027523,0.360183486238532,0.12,0.267155963302752
281773.411807,2762366.126422,0.158503026967529,0.130985140341222,0.0319207484865162,0.250779673454412,0.129517519721152,0.298293891029169
282273.411807,2762366.126422,0.0754578754578755,0.067032967032967,0.0765567765567766,0.481135531135531,0.0921245421245421,0.207692307692308
282773.411807,2762366.126422,0.0911926605504587,0.0889908256880734,0.0339449541284404,0.45743119266055,0.0403669724770642,0.288073394495413
283273.411807,2762366.126422,0.0359567051917079,0.0359567051917079,0.0122913226930838,0.790130251330031,0.0662263804806457,0.0594386351128233
283773.411807,2762366.126422,0.104395604395604,0.229120879120879,0.028021978021978,0.345054945054945,0.0913919413919414,0.202014652014652
284273.411807,2762366.126422,0.191009174311927,0.0126605504587156,0.0168807339449541,0.214862385321101,0.0642201834862385,0.500366972477064
284773.411807,2762366.126422,0.284718400293524,0.0209135938359934,0.0396257567418822,0.35241240139424,0.0649422124380847,0.237387635296276
285273.411807,2762366.126422,0.784249084249084,0.000915750915750916,0.000366300366300366,0.0206959706959707,0.00641025641025641,0.187362637362637
285773.411807,2762366.126422,0.465688073394495,0.00623853211009174,0.00018348623853211,0.106238532110092,0.0355963302752294,0.38605504587156
286273.411807,2762366.126422,0.715098147128967,0.00421940928270042,0.000183452577508714,0.016694184553293,0.0137589433131535,0.250045863144377
286773.411807,2762366.126422,0.909157509157509,0,0,0.0021978021978022,0.0010989010989011,0.0875457875457875
287273.411807,2762366.126422,0.872660550458716,0.00385321100917431,0,0.0121100917431193,0.00752293577981651,0.103853211009174
287773.411807,2762366.126422,0.872460496613995,0.000677200902934537,0,0.00609480812641084,0.0128668171557562,0.107900677200903
275273.411807,2761866.126422,0.120644216691069,0.0366032210834553,0.0535871156661786,0.708345534407028,0.0371888726207906,0.0436310395314788
275773.411807,2761866.126422,0.101282051282051,0.0668498168498168,0.0313186813186813,0.683699633699634,0.0512820512820513,0.0655677655677656
276273.411807,2761866.126422,0.0154015401540154,0.0273193986065273,0.0300696736340301,0.883388338833883,0.0304363769710304,0.0133846718005134
276773.411807,2761866.126422,0.176923076923077,0.116666666666667,0.00750915750915751,0.392857142857143,0.0694139194139194,0.236630036630037
277273.411807,2761866.126422,0.10018315018315,0.164468864468864,0.0657509157509158,0.0835164835164835,0.105494505494505,0.480586080586081
277773.411807,2761866.126422,0.107444077741107,0.0573890722405574,0.0368536853685369,0.199119911991199,0.0777411074440777,0.521452145214521
278273.411807,2761866.126422,0.0587912087912088,0.0509157509157509,0.143589743589744,0.593956043956044,0.0833333333333333,0.0694139194139194
278773.411807,2761866.126422,0.0846153846153846,0.174908424908425,0.0617216117216117,0.181684981684982,0.112820512820513,0.384249084249084
279273.411807,2761866.126422,0.166116611661166,0.0869086908690869,0.0344701136780345,0.212137880454712,0.0768243491015768,0.423542354235424
279773.411807,2761866.126422,0.0598901098901099,0.0877289377289377,0.0811355311355311,0.718681318681319,0.0228937728937729,0.0296703296703297
280273.411807,2761866.126422,0.0386446886446886,0.0673992673992674,0.0655677655677656,0.676007326007326,0.0983516483516483,0.054029304029304
280773.411807,2761866.126422,0.028969563623029,0.0298863219655299,0.0423542354235424,0.786028602860286,0.0537220388705537,0.059039237257059
281273.411807,2761866.126422,0.045970695970696,0.0611721611721612,0.0417582417582418,0.598534798534799,0.131135531135531,0.121428571428571
281773.411807,2761866.126422,0.0708791208791209,0.327289377289377,0.00989010989010989,0.212271062271062,0.15018315018315,0.229487179487179
282273.411807,2761866.126422,0.05995599559956,0.0960762742940961,0.0126512651265127,0.553171983865053,0.0808580858085809,0.197286395306197
282773.411807,2761866.126422,0.0793040293040293,0.0901098901098901,0.0937728937728938,0.251465201465201,0.101648351648352,0.383699633699634
283273.411807,2761866.126422,0.0384615384615385,0.0426739926739927,0.0516483516483516,0.727289377289377,0.056043956043956,0.0838827838827839
283773.411807,2761866.126422,0.0914924825815915,0.0137513751375138,0.00293362669600293,0.678584525119179,0.0484048404840484,0.164833149981665
284273.411807,2761866.126422,0.16007326007326,0.0307692307692308,0.0157509157509158,0.315934065934066,0.0805860805860806,0.396886446886447
284773.411807,2761866.126422,0.482783882783883,0.00366300366300366,0.00989010989010989,0.229120879120879,0.0347985347985348,0.23974358974359
285273.411807,2761866.126422,0.851668500183352,0,0,0.00385038503850385,0.00458379171250458,0.13989732306564
285773.411807,2761866.126422,0.911538461538462,0.000183150183150183,0,0.000915750915750916,0.000549450549450549,0.0868131868131868
286273.411807,2761866.126422,0.977655677655678,0,0,0,0,0.0223443223443223
286773.411807,2761866.126422,0.922625595892923,0,0,0,0,0.0773744041070774
287273.411807,2761866.126422,0.882051282051282,0.00128205128205128,0,0.00366300366300366,0.00512820512820513,0.107875457875458
287773.411807,2761866.126422,0.912308385933273,0,0,0.00112714156898106,0.00202885482416592,0.0845356176735798
275273.411807,2761366.126422,0.13841642228739,0.0143695014662757,0.0272727272727273,0.393841642228739,0.0580645161290323,0.368035190615836
275773.411807,2761366.126422,0.148358701632129,0.0298918026774253,0.0159545204474601,0.314505776636714,0.0711534934898221,0.42013570511645
276273.411807,2761366.126422,0.0930914421843504,0.0251053692505039,0.0771486164559282,0.654938610958402,0.043613707165109,0.106102253985706
276773.411807,2761366.126422,0.184988071205726,0.031932464672417,0.0148651128647458,0.430904753165718,0.0712057258212516,0.266103872270141
277273.411807,2761366.126422,0.0940766550522648,0.181001283697047,0.028791490922428,0.202640748211993,0.122868145974693,0.370621676141573
277773.411807,2761366.126422,0.0954737035000916,0.161993769470405,0.0815466373465274,0.293934396188382,0.085761407366685,0.281290086127909
278273.411807,2761366.126422,0.0945127546338778,0.0690034868783263,0.0818498807120573,0.476601211231419,0.105890989172325,0.172141677371995
278773.411807,2761366.126422,0.0755547405098111,0.243719053731891,0.0265908674124335,0.305886667889235,0.0979277461947552,0.250320924261874
279273.411807,2761366.126422,0.0404984423676012,0.0406816932380429,0.0309693971046362,0.546270844786513,0.0965732087227414,0.245006413780465
279773.411807,2761366.126422,0.135254175077996,0.0233070288126262,0.0401908607083869,0.707836300238576,0.0264268673151037,0.0669847678473114
280273.411807,2761366.126422,0.0700531817348249,0.0165046763249587,0.00880249403997799,0.728589767100679,0.0812396845772969,0.094810196222263
280773.411807,2761366.126422,0.116364302730438,0.0555250137438153,0.017042330951072,0.581638262781748,0.150998717243907,0.0784313725490196
281273.411807,2761366.126422,0.105890989172325,0.244265002752799,0.178014314553129,0.260047715177097,0.066801247935401,0.144980730409249
281773.411807,2761366.126422,0.101595452044746,0.148725472217128,0.00825233816247937,0.163029525032092,0.112415184302219,0.465982028241335
282273.411807,2761366.126422,0.0711013377313542,0.0804471321238776,0.00219901044529962,0.404251420194246,0.0883269195528679,0.353674179952355
282773.411807,2761366.126422,0.0636814094329235,0.0445953385942375,0.0772618829142962,0.572215085336759,0.0864378785098183,0.155808405211966
283273.411807,2761366.126422,0.0333761232349166,0.0320924261874198,0.0187052998349532,0.760682193288098,0.0509811113148725,0.10416284613974
283773.411807,2761366.126422,0.0853949056258017,0.0133773135422393,0.0221733553234378,0.720359171706066,0.0689023272860546,0.089792926516401
284273.411807,2761366.126422,0.205542301339695,0.0289961460818499,0.0154156726004772,0.378968618095063,0.131950816663608,0.239126445219306
284773.411807,2761366.126422,0.500458463231249,0.0066018705299835,0.00513478818998716,0.0810562992847974,0.0403447643498991,0.366403814414084
285273.411807,2761366.126422,0.714311892981492,0.00329851566794942,0.00311526479750779,0.0698185816382628,0.036100421477002,0.173355323437786
285773.411807,2761366.126422,0.66397504129198,0.00660671682877592,0.0034868783262984,0.132134336575518,0.0466140576252523,0.147182969352175
286273.411807,2761366.126422,0.864845039427838,0.000550155877498625,0.000366770584999083,0.0260407115349349,0.0135705116449661,0.0946268109297634
286773.411807,2761366.126422,0.759208356239692,0.00109950522264981,0,0.0357339197361187,0.0273043796958036,0.176653839105736
287273.411807,2761366.126422,0.462286658102404,0.0154156726004772,0.00183519911910442,0.163516241512204,0.0622132501376399,0.29473297852817
287773.411807,2761366.126422,0.476985559566787,0.0171480144404332,0.00654332129963899,0.12206678700361,0.0469314079422383,0.330324909747292
275273.411807,2760866.126422,0.121772300469484,0.0129107981220657,0.00264084507042254,0.509683098591549,0.0601525821596244,0.292840375586854
275773.411807,2760866.126422,0.136672170243992,0.0387084938543387,0.0964960557695836,0.332049165290772,0.0632911392405063,0.332782975600807
276273.411807,2760866.126422,0.12985347985348,0.0457875457875458,0.0250915750915751,0.474908424908425,0.0913919413919414,0.232967032967033
276773.411807,2760866.126422,0.0752293577981651,0.0315596330275229,0.00385321100917431,0.624036697247706,0.102018348623853,0.163302752293578
277273.411807,2760866.126422,0.0513667217024399,0.287653641533664,0.0201797835259585,0.119611080535682,0.0755824619335902,0.445606310768666
277773.411807,2760866.126422,0.0877289377289377,0.162820512820513,0.045970695970696,0.168498168498169,0.0815018315018315,0.453479853479853
278273.411807,2760866.126422,0.0820183486238532,0.144036697247706,0.00880733944954129,0.205504587155963,0.118899082568807,0.440733944954128
278773.411807,2760866.126422,0.066042927903137,0.131718950651257,0.00220143093010457,0.201981287837094,0.183452577508714,0.414602825169694
279273.411807,2760866.126422,0.0518315018315018,0.191208791208791,0.0723443223443224,0.336630036630037,0.168681318681319,0.179304029304029
279773.411807,2760866.126422,0.0708256880733945,0.0493577981651376,0.0453211009174312,0.677798165137615,0.0730275229357798,0.0836697247706422
280273.411807,2760866.126422,0.186754723903871,0.0403595670519171,0.0221977618785544,0.478994679875252,0.102183085672354,0.169510181618052
280773.411807,2760866.126422,0.0565934065934066,0.165934065934066,0.0183150183150183,0.564468864468864,0.0673992673992674,0.127289377289377
281273.411807,2760866.126422,0.115596330275229,0.111009174311927,0.12,0.288256880733945,0.0673394495412844,0.297798165137615
281773.411807,2760866.126422,0.14547789396441,0.0337552742616034,0.0341221794166208,0.463951568519538,0.0972298660796184,0.22546321775821
282273.411807,2760866.126422,0.0673992673992674,0.0793040293040293,0.0205128205128205,0.471428571428571,0.0655677655677656,0.295787545787546
282773.411807,2760866.126422,0.103669724770642,0.0401834862385321,0.0374311926605505,0.496697247706422,0.0985321100917431,0.22348623853211
283273.411807,2760866.126422,0.304714731241974,0.1326362135388,0.0249495505411851,0.336085121995964,0.091726288754357,0.10988809392772
283773.411807,2760866.126422,0.325824175824176,0.139194139194139,0.00787545787545788,0.191208791208791,0.043040293040293,0.292857142857143
284273.411807,2760866.126422,0.0827522935779817,0.0361467889908257,0.0319266055045872,0.589174311926606,0.100183486238532,0.159816513761468
284773.411807,2760866.126422,0.066042927903137,0.0209135938359934,0.0310034855989727,0.696019079068061,0.104751421757476,0.0812694918363603
285273.411807,2760866.126422,0.0483516483516484,0.0206959706959707,0.0126373626373626,0.78956043956044,0.0602564102564103,0.0684981684981685
285773.411807,2760866.126422,0.0321100917431193,0.0242201834862385,0.0176146788990826,0.812110091743119,0.0774311926605505,0.0365137614678899
286273.411807,2760866.126422,0.08273711245643,0.0146762062006971,0.00091726288754357,0.33516785910842,0.103467253714915,0.463034305631994
286773.411807,2760866.126422,0.107509157509158,0.0205128205128205,0.136080586080586,0.161721611721612,0.0586080586080586,0.515567765567766
287273.411807,2760866.126422,0.0845871559633028,0.0504587155963303,0.0662385321100917,0.505504587155963,0.0513761467889908,0.241834862385321
287773.411807,2760866.126422,0.131602708803612,0.0392776523702032,0.0214446952595937,0.208803611738149,0.114221218961625,0.484650112866817
275273.411807,2760366.126422,0.0571010248901903,0.0512445095168375,0.00146412884333821,0.101610541727672,0.123279648609078,0.665300146412884
275773.411807,2760366.126422,0.0992673992673993,0.0862637362637363,0.0100732600732601,0.319047619047619,0.0758241758241758,0.40952380952381
276273.411807,2760366.126422,0.0377704437110378,0.0438210487715438,0.0181518151815182,0.792812614594793,0.0496883021635497,0.0577557755775578
276773.411807,2760366.126422,0.15018315018315,0.121978021978022,0.0155677655677656,0.41959706959707,0.0534798534798535,0.239194139194139
277273.411807,2760366.126422,0.0371794871794872,0.314102564102564,0.0263736263736264,0.162454212454212,0.225824175824176,0.234065934065934
277773.411807,2760366.126422,0.0386872020535387,0.266960029336267,0.0643564356435644,0.0850751741840851,0.182068206820682,0.362852951961863
278273.411807,2760366.126422,0.043040293040293,0.266483516483516,0.0346153846153846,0.111721611721612,0.13003663003663,0.414102564102564
278773.411807,2760366.126422,0.1003663003663,0.122710622710623,0.0708791208791209,0.275457875457875,0.134065934065934,0.296520146520147
279273.411807,2760366.126422,0.123395672900623,0.0984598459845985,0.0247524752475248,0.418408507517418,0.0773744041070774,0.257609094242758
279773.411807,2760366.126422,0.0893772893772894,0.117948717948718,0.0144688644688645,0.408241758241758,0.0932234432234432,0.276739926739927
280273.411807,2760366.126422,0.225641025641026,0.0728937728937729,0.0175824175824176,0.378021978021978,0.0802197802197802,0.225641025641026
280773.411807,2760366.126422,0.124312431243124,0.373120645397873,0,0.115511551155116,0.0876420975430876,0.299413274660799
281273.411807,2760366.126422,0.0776556776556777,0.136813186813187,0.0175824175824176,0.314835164835165,0.127289377289377,0.325824175824176
281773.411807,2760366.126422,0.198901098901099,0.0866300366300366,0.0706959706959707,0.243589743589744,0.0847985347985348,0.315384615384615
282273.411807,2760366.126422,0.131646497983132,0.0337367070040337,0.0443711037770444,0.402456912357902,0.0896589658965897,0.298129812981298
282773.411807,2760366.126422,0.352014652014652,0.0293040293040293,0.0124542124542125,0.156410256410256,0.0668498168498168,0.382967032967033
283273.411807,2760366.126422,0.145970695970696,0.108241758241758,0.000366300366300366,0.581501831501832,0.08003663003663,0.0838827838827839
283773.411807,2760366.126422,0.352585258525853,0.0205353868720205,0.00623395672900623,0.17986798679868,0.0711404473780711,0.36963696369637
284273.411807,2760366.126422,0.0474358974358974,0.0205128205128205,0.0283882783882784,0.745054945054945,0.0692307692307692,0.0893772893772894
284773.411807,2760366.126422,0.124542124542125,0.0384615384615385,0.0173992673992674,0.630952380952381,0.102747252747253,0.0858974358974359
285273.411807,2760366.126422,0.135680234690136,0.0223689035570224,0.0341034103410341,0.628712871287129,0.0924092409240924,0.0867253392005867
285773.411807,2760366.126422,0.143956043956044,0.0296703296703297,0.0311355311355311,0.356410256410256,0.1,0.338827838827839
286273.411807,2760366.126422,0.0510989010989011,0.0505494505494506,0.136813186813187,0.249450549450549,0.0600732600732601,0.452014652014652
286773.411807,2760366.126422,0.167950128346168,0.0625229189585625,0.0788412174550788,0.0894756142280895,0.0515218188485515,0.54968830216355
287273.411807,2760366.126422,0.135164835164835,0.0353479853479853,0.0148351648351648,0.196886446886447,0.0641025641025641,0.553663003663004
287773.411807,2760366.126422,0.17200180342651,0.0437330928764653,0.0164562669071235,0.315825067628494,0.0944544634806132,0.357529305680793
275273.411807,2759866.126422,0.103225806451613,0.0316715542521994,0.241935483870968,0.198826979472141,0.0944281524926686,0.329912023460411
275773.411807,2759866.126422,0.0792224463598019,0.0511644966073721,0.0242068586099395,0.314505776636714,0.103796075554741,0.427104346231432
276273.411807,2759866.126422,0.0683525746747297,0.0930914421843504,0.00439802089059923,0.519699468572476,0.0716510903426791,0.242807403335166
276773.411807,2759866.126422,0.199669664158561,0.0356028629106258,0,0.0756102037071022,0.0361534226463571,0.652963846577354
277273.411807,2759866.126422,0.0302585732624244,0.289015220979277,0.00348432055749129,0.130570328259674,0.197322574729507,0.349348982211627
277773.411807,2759866.126422,0.0295033901411032,0.328019058090526,0.000733003481766538,0.093274693054792,0.137254901960784,0.411214953271028
