"x","y","forest","agri","water","built","other","grass"
326273.411807,2724366.126422,0.36379746835443,0.0488607594936709,0,0.117215189873418,0.0518987341772152,0.418227848101266
326773.411807,2724366.126422,0.719493670886076,0.00278481012658228,0,0.0207594936708861,0.0136708860759494,0.243291139240506
327273.411807,2724366.126422,0.72467071935157,0.00227963525835866,0,0.00658561296859169,0.00506585612968592,0.261398176291793
327773.411807,2724366.126422,0.585822784810127,0.00936708860759494,0.0020253164556962,0.0853164556962025,0.0288607594936709,0.288607594936709
328273.411807,2724366.126422,0.872151898734177,0.00151898734177215,0,0.0010126582278481,0.000253164556962025,0.125063291139241
328773.411807,2724366.126422,0.233535967578521,0.00557244174265451,0,0.040273556231003,0.0139311043566363,0.706686930091185
329273.411807,2724366.126422,0.547848101265823,0.0217721518987342,0.0030379746835443,0.104303797468354,0.0336708860759494,0.289367088607595
329773.411807,2724366.126422,0.220506329113924,0.0784810126582278,0.0931645569620253,0.262278481012658,0.0792405063291139,0.266329113924051
330273.411807,2724366.126422,0.364741641337386,0.102330293819656,0.00354609929078014,0.116514690982776,0.0425531914893617,0.370314083080041
330773.411807,2724366.126422,0.0726582278481013,0.369620253164557,0.000253164556962025,0.160506329113924,0.0718987341772152,0.32506329113924
331273.411807,2724366.126422,0.050379746835443,0.324810126582278,0.0531645569620253,0.275696202531646,0.0951898734177215,0.200759493670886
331773.411807,2724366.126422,0.0623100303951368,0.0701621073961499,0.198581560283688,0.447315096251266,0.0430597771023303,0.178571428571429
332273.411807,2724366.126422,0.0362025316455696,0.0478481012658228,0.35873417721519,0.458987341772152,0.0427848101265823,0.0554430379746835
332773.411807,2724366.126422,0.0235443037974684,0.0665822784810127,0.284050632911392,0.546329113924051,0.0443037974683544,0.0351898734177215
333273.411807,2724366.126422,0.10258358662614,0.0233029381965552,0.170212765957447,0.3112968591692,0.0420466058763931,0.350557244174265
333773.411807,2724366.126422,0.220253164556962,0.214430379746835,0.000253164556962025,0.125822784810127,0.0706329113924051,0.368607594936709
334273.411807,2724366.126422,0.0878481012658228,0.0789873417721519,0.0622784810126582,0.394430379746835,0.0812658227848101,0.295189873417722
334773.411807,2724366.126422,0.0643363728470111,0.149442755825735,0.0478723404255319,0.450607902735562,0.0944782168186424,0.193262411347518
335273.411807,2724366.126422,0.0220253164556962,0.607341772151899,0.0341772151898734,0.177721518987342,0.0407594936708861,0.117974683544304
335773.411807,2724366.126422,0.0356962025316456,0.366075949367089,0.099493670886076,0.255443037974684,0.0521518987341772,0.191139240506329
336273.411807,2724366.126422,0.321681864235056,0.0230496453900709,0.102836879432624,0.145136778115502,0.0369807497467072,0.370314083080041
326273.411807,2723866.126422,0.338410717562856,0.0416590200036704,0.000550559735731327,0.0427601394751331,0.0260598274912828,0.550559735731327
326773.411807,2723866.126422,0.833669539702916,0.00586832935998533,0,0,0,0.160462130937099
327273.411807,2723866.126422,0.798790544255085,0.0322521531977277,0,0.00842954004031519,0.00439802089059923,0.156129741616273
327773.411807,2723866.126422,0.65957056340613,0.0117452743622683,0,0.0748761240594605,0.0209212699577904,0.232886768214351
328273.411807,2723866.126422,0.90390610673024,0.00146708233999633,0,0,0.000183385292499542,0.0944434256372639
328773.411807,2723866.126422,0.562396921385377,0.013560564412681,0,0.0366501740883269,0.0252886201209456,0.36210371999267
329273.411807,2723866.126422,0.883464855936869,0.000183519911910442,0,0,0.000183519911910442,0.11616810423931
329773.411807,2723866.126422,0.68787823216578,0.0150375939849624,0,0.0097194205024757,0.00586832935998533,0.281496423986796
330273.411807,2723866.126422,0.523364485981308,0.0197910940076965,0,0.0775151181968114,0.0249221183800623,0.354407183434121
330773.411807,2723866.126422,0.515140392732611,0.0442282987704166,0,0.0679023674068636,0.0345017434391632,0.338227197650945
331273.411807,2723866.126422,0.516963139556208,0.052814964239868,0.000183385292499542,0.0737208875848157,0.0394278378874014,0.316889785439208
331773.411807,2723866.126422,0.240425142019425,0.0720175920835624,0.243357155946491,0.24665567161444,0.0417811984606927,0.155763239875389
332273.411807,2723866.126422,0.188291429620114,0.134153055606533,0.0458799779776106,0.109928427234355,0.0519361350706552,0.469810974490732
332773.411807,2723866.126422,0.079589216944801,0.0709701081973226,0.137905739959655,0.357968090959105,0.0685860993948285,0.284980744544288
333273.411807,2723866.126422,0.113798790544255,0.0982224665567161,0.10317024005864,0.234377863294851,0.0844786512735936,0.365951988271944
333773.411807,2723866.126422,0.0664342081115801,0.267204991741604,0.0405579005322077,0.309414571481006,0.0693705267021472,0.247017801431455
334273.411807,2723866.126422,0.0673024023473317,0.139556207592151,0.0753713552173116,0.446909957821383,0.101412066752246,0.169448010269576
334773.411807,2723866.126422,0.0723840938244457,0.122778083195895,0.0945574491478835,0.451530144768188,0.0758658603628367,0.182884368700751
335273.411807,2723866.126422,0.063497889521013,0.282437144430171,0.0201871903101487,0.312167370159662,0.0739585244999082,0.247751881079097
335773.411807,2723866.126422,0.046396479002384,0.341646799926646,0.0339262791124152,0.213827251054465,0.0821566110397946,0.282046579864295
336273.411807,2723866.126422,0.247388675096207,0.051676745464541,0.153930731170973,0.0599230346344145,0.030602895363753,0.456477918270112
336773.411807,2723866.126422,0.186272710589099,0.00587263718113415,0.498807120572582,0.120756102037071,0.00679023674068636,0.181501192879427
326273.411807,2723366.126422,0.731926605504587,0.0245871559633028,0,0.00220183486238532,0.00201834862385321,0.239266055045872
326773.411807,2723366.126422,0.824986241056687,0.0532012474775271,0,0,0,0.121812511465786
327273.411807,2723366.126422,0.78021978021978,0.0454212454212454,0,0,0,0.174358974358974
327773.411807,2723366.126422,0.838715596330275,0.0379816513761468,0,0.00330275229357798,0.00165137614678899,0.118348623853211
328273.411807,2723366.126422,0.868831407081269,0.00110071546505228,0,0.00146762062006971,0.00201797835259585,0.126582278481013
328773.411807,2723366.126422,0.471245421245421,0.0225274725274725,0,0.0565934065934066,0.0175824175824176,0.432051282051282
329273.411807,2723366.126422,0.832110091743119,0.00110091743119266,0,0.00036697247706422,0,0.166422018348624
329773.411807,2723366.126422,0.891029168959824,0.00825536598789213,0,0,0,0.100715465052284
330273.411807,2723366.126422,0.615750915750916,0.0100732600732601,0.000183150183150183,0.0716117216117216,0.0206959706959707,0.281684981684982
330773.411807,2723366.126422,0.830091743119266,0.00623853211009174,0.00146788990825688,0.0355963302752294,0.0124770642201835,0.114128440366972
331273.411807,2723366.126422,0.794900018345258,0.0139423958906623,0,0.00935608145294441,0.00366905155017428,0.178132452760961
331773.411807,2723366.126422,0.613553113553114,0.0269230769230769,0.00586080586080586,0.058974358974359,0.0142857142857143,0.28040293040293
332273.411807,2723366.126422,0.217798165137615,0.0779816513761468,0.0497247706422018,0.349174311926606,0.075045871559633,0.230275229357798
332773.411807,2723366.126422,0.399192808658962,0.0798018712162906,0.00678774536782242,0.273711245643001,0.06989543203082,0.170610897083104
333273.411807,2723366.126422,0.210989010989011,0.165750915750916,0.0432234432234432,0.357692307692308,0.0622710622710623,0.16007326007326
333773.411807,2723366.126422,0.0541284403669725,0.278899082568807,0.0686238532110092,0.368990825688073,0.0792660550458716,0.150091743119266
334273.411807,2723366.126422,0.0139423958906623,0.303247110621904,0.107503210420106,0.396441019996331,0.0746651990460466,0.10420106402495
334773.411807,2723366.126422,0.052014652014652,0.150549450549451,0.0573260073260073,0.503846153846154,0.0871794871794872,0.149084249084249
335273.411807,2723366.126422,0.0122935779816514,0.186422018348624,0.0236697247706422,0.254311926605505,0.0777981651376147,0.445504587155963
335773.411807,2723366.126422,0.0557695835626491,0.359567051917079,0.00550357732526142,0.212804989910108,0.0521005320124748,0.314254265272427
336273.411807,2723366.126422,0.214468864468864,0.135531135531136,0.00714285714285714,0.192490842490843,0.0840659340659341,0.366300366300366
336773.411807,2723366.126422,0.381284403669725,0.0242201834862385,0.0798165137614679,0.103302752293578,0.0264220183486239,0.384954128440367
326273.411807,2722866.126422,0.678937728937729,0.017032967032967,0,0,0,0.304029304029304
326773.411807,2722866.126422,0.889377289377289,0.00604395604395604,0,0.000732600732600733,0.00128205128205128,0.102564102564103
327273.411807,2722866.126422,0.88045471213788,0.00366703337000367,0,0,0,0.115878254492116
327773.411807,2722866.126422,0.839377289377289,0.0545787545787546,0,0.00586080586080586,0.0032967032967033,0.0968864468864469
328273.411807,2722866.126422,0.865201465201465,0.0364468864468864,0,0.00421245421245421,0.00164835164835165,0.0924908424908425
328773.411807,2722866.126422,0.912174550788412,0.0177851118445178,0,0,0,0.07004033736707
329273.411807,2722866.126422,0.85952380952381,0.0331501831501832,0,0,0,0.107326007326007
329773.411807,2722866.126422,0.936813186813187,0.00805860805860806,0,0,0,0.0551282051282051
330273.411807,2722866.126422,0.736523652365237,0.0022002200220022,0,0.00421708837550422,0.00311697836450312,0.253942060872754
330773.411807,2722866.126422,0.747985347985348,0.0347985347985348,0.000183150183150183,0.0152014652014652,0.0106227106227106,0.191208791208791
331273.411807,2722866.126422,0.888827838827839,0.00677655677655678,0,0.000366300366300366,0.000549450549450549,0.103479853479853
331773.411807,2722866.126422,0.735240190685735,0.0126512651265127,0,0.00201686835350202,0.000366703337000367,0.24972497249725
332273.411807,2722866.126422,0.382051282051282,0.0243589743589744,0,0.191758241758242,0.0694139194139194,0.332417582417582
332773.411807,2722866.126422,0.617399267399267,0.0272893772893773,0.0205128205128205,0.0813186813186813,0.0238095238095238,0.22967032967033
333273.411807,2722866.126422,0.808214154748808,0.0201686835350202,0.00146681334800147,0.0421708837550422,0.00916758342500917,0.118811881188119
333773.411807,2722866.126422,0.432783882783883,0.0197802197802198,0.0494505494505494,0.358608058608059,0.0315018315018315,0.107875457875458
334273.411807,2722866.126422,0.622527472527473,0.0703296703296703,0.0120879120879121,0.0716117216117216,0.0142857142857143,0.209157509157509
334773.411807,2722866.126422,0.131829849651632,0.283278327832783,0.0236523652365237,0.225522552255226,0.048038137147048,0.287678767876788
335273.411807,2722866.126422,0.308241758241758,0.444871794871795,0.00769230769230769,0.111904761904762,0.00842490842490842,0.118864468864469
335773.411807,2722866.126422,0.432234432234432,0.10018315018315,0,0.0642857142857143,0.0602564102564103,0.343040293040293
336273.411807,2722866.126422,0.218371837183718,0.156949028236157,0,0.151448478181151,0.0878254492115878,0.385405207187385
336773.411807,2722866.126422,0.19010989010989,0.111355311355311,0.0115384615384615,0.275274725274725,0.0902930402930403,0.321428571428571
337273.411807,2722866.126422,0.29047619047619,0.12014652014652,0.0721611721611722,0.0926739926739927,0.0342490842490843,0.39029304029304
326273.411807,2722366.126422,0.821985685446871,0.0194531106625069,0,0.00183519911910442,0.000367039823820885,0.156358964947697
326773.411807,2722366.126422,0.890335595085274,0.0313588850174216,0,0,0,0.0783055198973042
327273.411807,2722366.126422,0.821147150448965,0.0053142752428074,0,0.000366501740883269,0.00128275609309144,0.171889316474253
327773.411807,2722366.126422,0.815195448706185,0.0170673518076711,0,0.00458799779776106,0.0034868783262984,0.159662323362085
328273.411807,2722366.126422,0.798826334128003,0.0462130937098845,0,0.000916926462497708,0.000733541169998166,0.153310104529617
328773.411807,2722366.126422,0.903976543888584,0.0157595748579806,0,0,0,0.0802638812534359
329273.411807,2722366.126422,0.730042209579739,0.009543035419343,0,0,0,0.260414755000918
329773.411807,2722366.126422,0.737392261140656,0.000916926462497708,0,0,0,0.261690812396846
330273.411807,2722366.126422,0.805204324720542,0.0042147700201576,0,0,0,0.1905809052593
330773.411807,2722366.126422,0.855202789502661,0.0311983850247752,0,0.00201871903101487,0.00275279867865663,0.108827307762892
331273.411807,2722366.126422,0.849624060150376,0,0,0,0,0.150375939849624
331773.411807,2722366.126422,0.809968847352025,0.00751328568810702,0,0.000183250870441635,0.000183250870441635,0.182151365218985
332273.411807,2722366.126422,0.490365204624702,0.0425766195632226,0.0170673518076711,0.129932097632593,0.0458799779776106,0.274178748394201
332773.411807,2722366.126422,0.440491472583899,0.107463781404731,0.017604988079956,0.0999449844122501,0.0342930496974143,0.300201723821749
333273.411807,2722366.126422,0.4753527579256,0.0656038116181052,0.0289536375297783,0.185449880886934,0.0384826827927433,0.206157229246839
333773.411807,2722366.126422,0.592218755734997,0.0218388695173426,0.0165167920719398,0.219306294732979,0.0425766195632226,0.107542668379519
334273.411807,2722366.126422,0.413533834586466,0.102328993214744,0.0144874381074638,0.279479185769301,0.0388776820099028,0.151292866312122
334773.411807,2722366.126422,0.374198277441818,0.151914971596115,0.011544804837823,0.217702034084662,0.0527762506871908,0.191863661352391
335273.411807,2722366.126422,0.848779592585796,0.0242246283721784,0.00238575885483575,0.0209212699577904,0.00220223894292531,0.101486511286475
335773.411807,2722366.126422,0.732624243535668,0.0209059233449477,0,0,0,0.246469833119384
336273.411807,2722366.126422,0.705882352941177,0.0172255818215137,0,0.00219901044529962,0.000183250870441635,0.274509803921569
336773.411807,2722366.126422,0.671315837768398,0.0152321526885667,0,0.0117452743622683,0.00789135621214902,0.293815378968618
337273.411807,2722366.126422,0.320924261874198,0.0234733174399413,0.0550155877498625,0.184668989547038,0.0210893086374473,0.394828534751513
337773.411807,2722366.126422,0.145867692871541,0.0179585853032802,0.0108118013560564,0.445666116914055,0.0203408466190214,0.359354956936045
338273.411807,2722366.126422,0.240411084602679,0.034868783262984,0.00880895577170123,0.0752431638832813,0.0209212699577904,0.619746742521564
326273.411807,2721866.126422,0.871559633027523,0.0653211009174312,0,0,0,0.0631192660550459
326773.411807,2721866.126422,0.764446890478811,0.016694184553293,0,0.00201797835259585,0.000733810310034856,0.216107136305265
327273.411807,2721866.126422,0.878937728937729,0.00677655677655678,0,0.000183150183150183,0,0.114102564102564
327773.411807,2721866.126422,0.953761467889908,0.00073394495412844,0,0,0,0.0455045871559633
328273.411807,2721866.126422,0.812328013208586,0.002568336085122,0,0,0,0.185103650706292
328773.411807,2721866.126422,0.771611721611722,0.000549450549450549,0,0,0,0.227838827838828
329273.411807,2721866.126422,0.903853211009174,0.00110091743119266,0,0.00073394495412844,0.00073394495412844,0.0935779816513762
329773.411807,2721866.126422,0.905521922583012,0.00091726288754357,0,0.00165107319757843,0.00165107319757843,0.0902586681342873
330273.411807,2721866.126422,0.91025641025641,0.0146520146520147,0,0,0,0.0750915750915751
330773.411807,2721866.126422,0.866605504587156,0.0113761467889908,0,0.0122935779816514,0.0102752293577982,0.0994495412844037
331273.411807,2721866.126422,0.918363603008622,0,0,0,0,0.0816363969913777
331773.411807,2721866.126422,0.878021978021978,0.00549450549450549,0,0.0021978021978022,0.00164835164835165,0.112637362637363
332273.411807,2721866.126422,0.659633027522936,0.0504587155963303,0.0326605504587156,0.0796330275229358,0.0207339449541284,0.156880733944954
332773.411807,2721866.126422,0.868831407081269,0.0078884608328747,0,0.00110071546505228,0.000366905155017428,0.121812511465786
333273.411807,2721866.126422,0.904578754578755,0.00787545787545788,0,0.000549450549450549,0.000549450549450549,0.0864468864468864
333773.411807,2721866.126422,0.935963302752294,0.00458715596330275,0,0,0,0.0594495412844037
334273.411807,2721866.126422,0.644101999633095,0.0139423958906623,0.000183452577508714,0.0447624289121262,0.0328380113740598,0.264171711612548
334773.411807,2721866.126422,0.403113553113553,0.21043956043956,0.00164835164835165,0.132783882783883,0.060989010989011,0.191025641025641
335273.411807,2721866.126422,0.852293577981651,0.0148623853211009,0,0,0,0.132844036697248
335773.411807,2721866.126422,0.798018712162906,0.00605393505778756,0.00165107319757843,0.0566868464501926,0.0111906072280316,0.126398825903504
336273.411807,2721866.126422,0.782783882783883,0.00824175824175824,0,0.0234432234432234,0.0108058608058608,0.174725274725275
336773.411807,2721866.126422,0.373761467889908,0.0238532110091743,0.178348623853211,0.184036697247706,0.0398165137614679,0.200183486238532
326273.411807,2721366.126422,0.852380952380952,0.0432234432234432,0,0.00934065934065934,0.00183150183150183,0.0932234432234432
326773.411807,2721366.126422,0.887179487179487,0.0043956043956044,0,0.000549450549450549,0.0010989010989011,0.106776556776557
327273.411807,2721366.126422,0.83039970663733,0.0372203887055372,0,0,0.000183351668500183,0.132196552988632
327773.411807,2721366.126422,0.832967032967033,0.0587912087912088,0,0.000366300366300366,0,0.107875457875458
328273.411807,2721366.126422,0.931318681318681,0.00787545787545788,0,0.00183150183150183,0.0021978021978022,0.0567765567765568
328773.411807,2721366.126422,0.914741474147415,0.00696736340300697,0,0.00513384671800513,0.00568390172350568,0.0674734140080675
329273.411807,2721366.126422,0.949450549450549,0.0021978021978022,0,0,0,0.0483516483516484
329773.411807,2721366.126422,0.948168498168498,0.00384615384615385,0,0.000549450549450549,0.000732600732600733,0.0467032967032967
330273.411807,2721366.126422,0.95966263292996,0.00055005500550055,0,0.000183351668500183,0.000183351668500183,0.0394206087275394
330773.411807,2721366.126422,0.91025641025641,0.00769230769230769,0.000366300366300366,0.0126373626373626,0.00750915750915751,0.0615384615384615
331273.411807,2721366.126422,0.899084249084249,0.0122710622710623,0.000915750915750916,0.0043956043956044,0.00586080586080586,0.0774725274725275
331773.411807,2721366.126422,0.618995232856619,0.124679134580125,0.0122845617895123,0.0506050605060506,0.0320865419875321,0.161349468280161
332273.411807,2721366.126422,0.631135531135531,0.0891941391941392,0,0.0529304029304029,0.0241758241758242,0.202564102564103
332773.411807,2721366.126422,0.882783882783883,0.0152014652014652,0,0,0,0.102014652014652
333273.411807,2721366.126422,0.924642464246425,0.00843417675100843,0,0.000733406674000733,0.000366703337000367,0.0658232489915658
333773.411807,2721366.126422,0.93956043956044,0.000915750915750916,0,0,0,0.0595238095238095
334273.411807,2721366.126422,0.423809523809524,0.0274725274725275,0.0111721611721612,0.322893772893773,0.052014652014652,0.162637362637363
334773.411807,2721366.126422,0.222222222222222,0.0352035203520352,0.0502383571690502,0.516318298496516,0.0586725339200587,0.117345067840117
335273.411807,2721366.126422,0.465384615384615,0.036996336996337,0.00714285714285714,0.290659340659341,0.0659340659340659,0.133882783882784
335773.411807,2721366.126422,0.224358974358974,0.0521978021978022,0.0461538461538462,0.527289377289377,0.056043956043956,0.093956043956044
336273.411807,2721366.126422,0.115328199486615,0.050971763843051,0.0958929226255959,0.590759075907591,0.0588558855885589,0.0881921525485882
336773.411807,2721366.126422,0.0441391941391941,0.0379120879120879,0.30952380952381,0.479120879120879,0.0567765567765568,0.0725274725274725
337773.411807,2721366.126422,0,0,0,1,0,0
326273.411807,2720866.126422,0.817030647825289,0.0756102037071022,0,0.00385391815011929,0.00165167920719398,0.101853551110295
326773.411807,2720866.126422,0.901522097927746,0.030808729139923,0,0.000366770584999083,0.000183385292499542,0.0671190170548322
327273.411807,2720866.126422,0.913505589151548,0.0278541323071285,0,0,0.000183250870441635,0.0584570276708814
327773.411807,2720866.126422,0.96256193797027,0.0106441548908057,0,0,0,0.0267939071389246
328273.411807,2720866.126422,0.928663121217678,0.0075187969924812,0,0.00183385292499542,0.000916926462497708,0.0610673024023473
328773.411807,2720866.126422,0.970496609858897,0.00146600696353308,0,0,0,0.0280373831775701
329273.411807,2720866.126422,0.809689851348871,0.0442282987704166,0.00844191594788034,0.00917599559552211,0.0082583960359699,0.12020554230134
329773.411807,2720866.126422,0.848340363102879,0.0806895286997983,0.00110031175499725,0.00330093526499175,0.00550155877498625,0.0610673024023473
330273.411807,2720866.126422,0.82627817482133,0.0546087593916071,0.00384826827927433,0.0232728605460876,0.0188748396554884,0.0731170973062122
330773.411807,2720866.126422,0.825289043861259,0.0765278032666544,0.0133969535694623,0.0196366305744173,0.0130299137456414,0.0521196549825656
331273.411807,2720866.126422,0.807078672290482,0.0918760315422703,0.0100861910874748,0.0161379057399597,0.0126535851824684,0.0621676141573446
331773.411807,2720866.126422,0.9529045262965,0.00274876305662452,0,0.000183250870441635,0.000733003481766538,0.0434304562946674
332273.411807,2720866.126422,0.636997614241145,0.0458799779776106,0.00220223894292531,0.0708386859974307,0.0196366305744173,0.224444852266471
332773.411807,2720866.126422,0.901338712635247,0.00146708233999633,0,0,0,0.097194205024757
333273.411807,2720866.126422,0.867326369800257,0.0159428257284222,0,0.00641378046545721,0.00384826827927433,0.10646875572659
333773.411807,2720866.126422,0.917783079464122,0.00201871903101487,0,0.000183519911910442,0,0.0800146815929528
334273.411807,2720866.126422,0.759031725655602,0.0168714469099578,0.000183385292499542,0.0496974142673758,0.0102695763799743,0.16394645149459
334773.411807,2720866.126422,0.344511636430273,0.0824628916987356,0.0102620487447315,0.268279274326553,0.0595565328935312,0.234927615906176
335273.411807,2720866.126422,0.21159845843274,0.0367039823820885,0.0209212699577904,0.323362084786199,0.0495503762158194,0.357863828225362
335773.411807,2720866.126422,0.45204474601137,0.0676691729323308,0.0183385292499542,0.21181001283697,0.0286081056299285,0.221529433339446
336273.411807,2720866.126422,0.111416529228514,0.0676195711929632,0.066703316840755,0.536558548653106,0.0831958951805021,0.13450613890416
336773.411807,2720866.126422,0.495687282070105,0.0623967700495504,0.00605615709304459,0.122224261332355,0.0330335841438796,0.280601945311066
337273.411807,2720866.126422,0.00385109114249037,0.0265908674124335,0.37190537318907,0.323675041261691,0.0333761232349166,0.240601503759398
326273.411807,2720366.126422,0.905871559633028,0.0344954128440367,0,0,0,0.0596330275229358
326773.411807,2720366.126422,0.908090258668134,0.0319207484865162,0,0,0,0.0599889928453495
327273.411807,2720366.126422,0.934981684981685,0.00934065934065934,0.000549450549450549,0.0124542124542125,0.00549450549450549,0.0371794871794872
327773.411807,2720366.126422,0.956697247706422,0,0,0,0,0.043302752293578
328273.411807,2720366.126422,0.794166208035223,0.0480645753072831,0.00385250412768299,0.019262520638415,0.0144927536231884,0.120161438268208
328773.411807,2720366.126422,0.78956043956044,0.047985347985348,0.00402930402930403,0.00970695970695971,0.010989010989011,0.137728937728938
329273.411807,2720366.126422,0.821467889908257,0.0357798165137615,0.00568807339449541,0.021651376146789,0.0157798165137615,0.0996330275229358
329773.411807,2720366.126422,0.933223261786828,0.0194459732159237,0.00110071546505228,0.001284168042561,0.00091726288754357,0.0440286186020914
330273.411807,2720366.126422,0.93003663003663,0.00274725274725275,0,0.000549450549450549,0.000183150183150183,0.0664835164835165
330773.411807,2720366.126422,0.979266055045872,0,0,0,0,0.0207339449541284
331273.411807,2720366.126422,0.800587048248028,0.0319207484865162,0,0.0357732526141992,0.0210970464135021,0.110621904237755
331773.411807,2720366.126422,0.735897435897436,0.0697802197802198,0.000366300366300366,0.0782051282051282,0.0254578754578755,0.0902930402930403
332273.411807,2720366.126422,0.933394495412844,0.0104587155963303,0,0.00018348623853211,0.00018348623853211,0.0557798165137615
332773.411807,2720366.126422,0.946798752522473,0.0266006237387635,0,0,0,0.0266006237387635
333273.411807,2720366.126422,0.944139194139194,0.000366300366300366,0,0,0,0.0554945054945055
333773.411807,2720366.126422,0.924036697247706,0.00110091743119266,0,0,0,0.0748623853211009
334273.411807,2720366.126422,0.779856906989543,0.0354063474591818,0,0.0091726288754357,0.00770500825536599,0.167859108420473
334773.411807,2720366.126422,0.824908424908425,0.00952380952380952,0,0,0,0.165567765567766
335273.411807,2720366.126422,0.761834862385321,0.0170642201834862,0,0.0258715596330275,0.0126605504587156,0.18256880733945
335773.411807,2720366.126422,0.216474041460283,0.0427444505595304,0.147128967161989,0.470372408732343,0.0249495505411851,0.0983305815446707
336273.411807,2720366.126422,0.194139194139194,0.0631868131868132,0.14010989010989,0.451282051282051,0.056959706959707,0.0943223443223443
336773.411807,2720366.126422,0.717614678899083,0.00660550458715596,0.00201834862385321,0.0515596330275229,0.0111926605504587,0.211009174311927
337273.411807,2720366.126422,0.410016510731976,0.0574206567602275,0.0438451660245826,0.200146762062007,0.0500825536598789,0.238488350761328
326273.411807,2719866.126422,0.963553113553114,0,0,0,0,0.0364468864468864
326773.411807,2719866.126422,0.942307692307692,0.00128205128205128,0,0.00164835164835165,0.00201465201465201,0.0527472527472527
327273.411807,2719866.126422,0.982214888155482,0.00733406674000733,0,0,0,0.0104510451045105
327773.411807,2719866.126422,0.943772893772894,0.00787545787545788,0,0.000366300366300366,0.000183150183150183,0.0478021978021978
328273.411807,2719866.126422,0.941941391941392,0.0172161172161172,0,0.000732600732600733,0.000183150183150183,0.0399267399267399
328773.411807,2719866.126422,0.946277961129446,0.0100843417675101,0,0,0,0.0436376971030436
329273.411807,2719866.126422,0.964652014652015,0.0131868131868132,0,0,0,0.0221611721611722
329773.411807,2719866.126422,0.965567765567766,0.0172161172161172,0,0,0,0.0172161172161172
330273.411807,2719866.126422,0.943344334433443,0.0126512651265127,0,0.000183351668500183,0,0.0438210487715438
330773.411807,2719866.126422,0.933150183150183,0.0179487179487179,0,0,0,0.0489010989010989
331273.411807,2719866.126422,0.789194139194139,0.0419413919413919,0,0.0399267399267399,0.0216117216117216,0.107326007326007
331773.411807,2719866.126422,0.929042904290429,0.00586725339200587,0,0,0.00311697836450312,0.061972863953062
332273.411807,2719866.126422,0.95018315018315,0.00805860805860806,0,0,0,0.0417582417582418
332773.411807,2719866.126422,0.907326007326007,0.00146520146520147,0,0,0,0.0912087912087912
333273.411807,2719866.126422,0.866153281994866,0.000733406674000733,0,0,0,0.133113311331133
333773.411807,2719866.126422,0.88040293040293,0.00695970695970696,0,0,0.000183150183150183,0.112454212454212
334273.411807,2719866.126422,0.620879120879121,0.00677655677655678,0,0.000366300366300366,0.000183150183150183,0.371794871794872
334773.411807,2719866.126422,0.783645031169784,0.0154015401540154,0,0.000183351668500183,0,0.200770077007701
335273.411807,2719866.126422,0.864468864468865,0.00860805860805861,0,0.00366300366300366,0.00457875457875458,0.118681318681319
335773.411807,2719866.126422,0.245604395604396,0.0498168498168498,0.135347985347985,0.336630036630037,0.0485347985347985,0.184065934065934
336273.411807,2719866.126422,0.614594792812615,0.0656398973230656,0.0221855518885222,0.19013568023469,0.0192519251925193,0.0881921525485882
336773.411807,2719866.126422,0.861721611721612,0.0283882783882784,0,0.0141025641025641,0.00604395604395604,0.0897435897435897
337273.411807,2719866.126422,0.639377289377289,0.0265567765567766,0.00622710622710623,0.104395604395604,0.0225274725274725,0.200915750915751
337773.411807,2719866.126422,0.0143014301430143,0.00165016501650165,0.235606894022736,0.736890355702237,0.0102676934360103,0.00128346167950128
338273.411807,2719866.126422,0.12967032967033,0.0600732600732601,0.23040293040293,0.414652014652015,0.0445054945054945,0.120695970695971
326273.411807,2719366.126422,0.972472013213434,0.00293631859056708,0,0,0,0.0245916681959993
326773.411807,2719366.126422,0.981111314872547,0.00403447643498991,0,0,0,0.0148542086924629
327273.411807,2719366.126422,0.963716327652556,0.00219901044529962,0,0,0,0.034084661902144
327773.411807,2719366.126422,0.935951550743256,0.000183519911910442,0,0,0,0.0638649293448339
328273.411807,2719366.126422,0.951769668072621,0.0102695763799743,0,0,0,0.0379607555474051
328773.411807,2719366.126422,0.966465090709181,0.0109950522264981,0,0,0,0.0225398570643211
329273.411807,2719366.126422,0.933015232152689,0.0133969535694623,0,0,0,0.0535878142778491
329773.411807,2719366.126422,0.941866862277645,0.0203557674674491,0,0.00495140289748762,0.0053181734824867,0.0275077938749312
330273.411807,2719366.126422,0.943008979292652,0.0370166758292102,0,0,0,0.0199743448781382
330773.411807,2719366.126422,0.968985134887135,0.00642319691686548,0,0,0,0.0245916681959993
331273.411807,2719366.126422,0.791490922428021,0.0513478818998716,0,0.0517146524848707,0.0273244085824317,0.0781221346048047
331773.411807,2719366.126422,0.888949972512369,0.0309693971046362,0,0.0141103170240059,0.00219901044529962,0.0637713029136888
332273.411807,2719366.126422,0.888419893558451,0.0200036703982382,0,0,0,0.0915764360433107
332773.411807,2719366.126422,0.850357601320374,0.00366770584999083,0,0,0,0.145974692829635
333273.411807,2719366.126422,0.833241707898112,0.0392156862745098,0,0.00219901044529962,0.00274876305662452,0.122594832325454
333773.411807,2719366.126422,0.908423563956689,0.0034868783262984,0,0,0,0.0880895577170123
334273.411807,2719366.126422,0.895470383275261,0,0,0.00165046763249587,0.000550155877498625,0.102328993214744
334773.411807,2719366.126422,0.835807220084295,0.00311526479750779,0,0.0146600696353308,0.00494777350192413,0.141469671980942
335273.411807,2719366.126422,0.841255276197467,0.000550559735731327,0,0,0,0.158194164066801
335773.411807,2719366.126422,0.380524481936549,0.0702365670273244,0.0386942967174033,0.276545021089309,0.039611223179901,0.194388410049514
336273.411807,2719366.126422,0.214953271028037,0.0852116547553601,0.0886934212937511,0.437053326003298,0.0348176653839106,0.139270661535642
336773.411807,2719366.126422,0.729675169755919,0.0126628739218205,0,0.0264268673151037,0.0137639933932832,0.217471095613874
337273.411807,2719366.126422,0.752980011003118,0.0315422703099211,0,0.0706033376123235,0.0166880616174583,0.12818631945718
337773.411807,2719366.126422,0.568260949239509,0.0459959684808503,0.0335349092908191,0.239325636796775,0.0238226131574125,0.0890599230346344
338273.411807,2719366.126422,0.0860708386859974,0.0346852633510736,0.43989722884933,0.288126261699394,0.0251422279317306,0.126078179482474
326273.411807,2718866.126422,0.935229357798165,0.0174311926605505,0,0.00036697247706422,0.00018348623853211,0.0467889908256881
326773.411807,2718866.126422,0.964777105118327,0.0111906072280316,0,0,0.000366905155017428,0.0236653824986241
327273.411807,2718866.126422,0.942307692307692,0.0137362637362637,0,0.000732600732600733,0.00128205128205128,0.0419413919413919
327773.411807,2718866.126422,0.900366972477064,0.0363302752293578,0.00018348623853211,0.00440366972477064,0.00385321100917431,0.0548623853211009
328273.411807,2718866.126422,0.947716015410016,0.0133920381581361,0,0,0,0.0388919464318474
328773.411807,2718866.126422,0.961904761904762,0.0278388278388278,0,0,0,0.0102564102564103
329273.411807,2718866.126422,0.945871559633027,0.0385321100917431,0,0.00018348623853211,0.00036697247706422,0.015045871559633
329773.411807,2718866.126422,0.965144010273344,0.0137589433131535,0,0,0,0.0210970464135021
330273.411807,2718866.126422,0.945054945054945,0.0267399267399267,0,0.00128205128205128,0.000366300366300366,0.0265567765567766
330773.411807,2718866.126422,0.972110091743119,0.00532110091743119,0,0,0,0.0225688073394495
331273.411807,2718866.126422,0.747936158503027,0.0581544670702623,0.00091726288754357,0.0581544670702623,0.0236653824986241,0.111172261970281
331773.411807,2718866.126422,0.921062271062271,0.00842490842490842,0,0.000183150183150183,0.000549450549450549,0.0697802197802198
332273.411807,2718866.126422,0.938715596330275,0.0113761467889908,0,0,0,0.0499082568807339
332773.411807,2718866.126422,0.916895982388553,0.0396257567418822,0,0,0.000366905155017428,0.0431113557145478
333273.411807,2718866.126422,0.938095238095238,0.0163003663003663,0,0.00183150183150183,0.00256410256410256,0.0412087912087912
333773.411807,2718866.126422,0.848990825688073,0.0135779816513761,0,0.0113761467889908,0.0194495412844037,0.106605504587156
334273.411807,2718866.126422,0.459548706659329,0.0592551825353146,0.00201797835259585,0.1326362135388,0.0691616217207852,0.277380297193176
334773.411807,2718866.126422,0.45970695970696,0.0794871794871795,0,0.152197802197802,0.0413919413919414,0.267216117216117
335273.411807,2718866.126422,0.39651376146789,0.0588990825688073,0.00036697247706422,0.140917431192661,0.0500917431192661,0.353211009174312
335773.411807,2718866.126422,0.305631994129518,0.0717299578059072,0.00201797835259585,0.271326362135388,0.0656760227481196,0.283617684828472
336273.411807,2718866.126422,0.532967032967033,0.0307692307692308,0.0413919413919414,0.182417582417582,0.0402930402930403,0.172161172161172
336773.411807,2718866.126422,0.777981651376147,0.00972477064220183,0.0308256880733945,0.0770642201834862,0.00715596330275229,0.0972477064220184
337273.411807,2718866.126422,0.732342689414786,0.00293524124013942,0,0.000183452577508714,0.001284168042561,0.263254448725005
337773.411807,2718866.126422,0.778021978021978,0.0119047619047619,0.0010989010989011,0.0567765567765568,0.0245421245421245,0.127655677655678
326273.411807,2718366.126422,0.968498168498168,0.0163003663003663,0,0,0,0.0152014652014652
326773.411807,2718366.126422,0.937362637362637,0.0307692307692308,0,0.000366300366300366,0.000183150183150183,0.0313186813186813
327273.411807,2718366.126422,0.884488448844885,0.0172350568390172,0.00055005500550055,0.0108177484415108,0.00696736340300697,0.0799413274660799
327773.411807,2718366.126422,0.991025641025641,0.00531135531135531,0,0,0,0.00366300366300366
328273.411807,2718366.126422,0.972344322344322,0.0166666666666667,0,0,0,0.010989010989011
328773.411807,2718366.126422,0.91987532086542,0.0555555555555556,0,0,0,0.0245691235790246
329273.411807,2718366.126422,0.906410256410256,0.0542124542124542,0,0,0,0.0393772893772894
329773.411807,2718366.126422,0.900915750915751,0.056959706959707,0,0,0,0.0421245421245421
330273.411807,2718366.126422,0.963329666299963,0.0111844517785112,0,0,0,0.0254858819215255
330773.411807,2718366.126422,0.946520146520146,0.015018315018315,0,0,0,0.0384615384615385
331273.411807,2718366.126422,0.844505494505495,0.032967032967033,0.000366300366300366,0.0318681318681319,0.0163003663003663,0.073992673992674
331773.411807,2718366.126422,0.962779611294463,0.0172350568390172,0,0,0,0.01998533186652
332273.411807,2718366.126422,0.922710622710623,0.0137362637362637,0,0,0,0.0635531135531135
332773.411807,2718366.126422,0.915018315018315,0.00366300366300366,0,0.000366300366300366,0.000183150183150183,0.0807692307692308
333273.411807,2718366.126422,0.982948294829483,0.00128346167950128,0,0,0,0.0157682434910158
333773.411807,2718366.126422,0.881318681318681,0.00860805860805861,0,0.000183150183150183,0,0.10989010989011
334273.411807,2718366.126422,0.617032967032967,0.0395604395604396,0,0.0750915750915751,0.0386446886446886,0.22967032967033
334773.411807,2718366.126422,0.696186285295196,0.035020168683535,0,0,0.000733406674000733,0.268060139347268
335273.411807,2718366.126422,0.926190476190476,0.00549450549450549,0,0.000183150183150183,0,0.0681318681318681
335773.411807,2718366.126422,0.477655677655678,0.056959706959707,0.000915750915750916,0.164652014652015,0.0313186813186813,0.268498168498168
336273.411807,2718366.126422,0.837733773377338,0.0099009900990099,0.00275027502750275,0.00458379171250458,0.00403373670700403,0.140997433076641
336773.411807,2718366.126422,0.83956043956044,0.019047619047619,0,0.0443223443223443,0.00641025641025641,0.0906593406593407
337273.411807,2718366.126422,0.771245421245421,0.0384615384615385,0.00256410256410256,0.00512820512820513,0.00183150183150183,0.180769230769231
337773.411807,2718366.126422,0.762742940960763,0.0280528052805281,0,0.0121012101210121,0.00476714338100477,0.192335900256692
326273.411807,2717866.126422,0.929711873738301,0.055606533308864,0,0.000367039823820885,0.000734079647641769,0.0135804734813727
326773.411807,2717866.126422,0.948652118100128,0.0289748762149276,0,0,0,0.0223730056849441
327273.411807,2717866.126422,0.877405167674546,0.0139270661535642,0.000549752611324904,0.009529045262965,0.00751328568810702,0.0910756826094924
327773.411807,2717866.126422,0.977610570746926,0,0,0,0,0.022389429253074
328273.411807,2717866.126422,0.951769668072621,0.0322758114799193,0,0,0,0.0159545204474601
328773.411807,2717866.126422,0.917720359171706,0.0384826827927433,0,0,0,0.0437969580355507
329273.411807,2717866.126422,0.845292714259497,0.0293631859056708,0,0.0260598274912828,0.0144980730409249,0.0847861993026243
329773.411807,2717866.126422,0.904456262607739,0.057582981844856,0,0,0,0.0379607555474051
330273.411807,2717866.126422,0.974344878138171,0.00604727872457394,0,0,0,0.0196078431372549
330773.411807,2717866.126422,0.828775922187557,0.0258763075793724,0.00789135621214902,0.0482657368324463,0.0141310332171041,0.0750596439713709
331273.411807,2717866.126422,0.726205758298184,0.0447460113698881,0.000366770584999083,0.0612506876948469,0.0341096644049147,0.133321107647167
331773.411807,2717866.126422,0.931097672713945,0.0183250870441635,0,0.000183250870441635,0.000183250870441635,0.0502107385010079
332273.411807,2717866.126422,0.893374931180033,0.0238575885483575,0,0.000917599559552211,0.00146815929528354,0.0803817214167737
332773.411807,2717866.126422,0.807628828167981,0.0130203557674674,0.000550155877498625,0.0188886851274528,0.0126535851824684,0.147258389877132
333273.411807,2717866.126422,0.889866226864578,0,0,0.00238226131574125,0.00256551218618288,0.105185999633498
333773.411807,2717866.126422,0.965314736648926,0.000183519911910442,0,0.000367039823820885,0,0.0341347036153423
334273.411807,2717866.126422,0.78012103429305,0.0348432055749129,0,0.0309921144324225,0.0405281496423987,0.113515496057216
334773.411807,2717866.126422,0.638079530877772,0.0452629649990837,0,0.000733003481766538,0.000366501740883269,0.315557998900495
335273.411807,2717866.126422,0.597173793356579,0.0297302257294917,0.00495503762158194,0.157093044595339,0.0370710222059093,0.173976876491099
335773.411807,2717866.126422,0.662204291215844,0.0838070786722905,0,0.127086007702182,0.0141206675224647,0.112781954887218
336273.411807,2717866.126422,0.893897746014294,0.017042330951072,0,0.000183250870441635,0,0.0888766721641928
336773.411807,2717866.126422,0.928427234354927,0.0100935951550743,0,0,0,0.0614791704899982
337273.411807,2717866.126422,0.885017421602787,0.0221896203924445,0,0.000550155877498625,0,0.0922428021272694
337773.411807,2717866.126422,0.812717610408649,0.0212571009712296,0,0.000549752611324904,0.000733003481766538,0.16474253252703
326273.411807,2717366.126422,0.75651376146789,0.0187155963302752,0,0.00935779816513761,0.00330275229357798,0.212110091743119
326773.411807,2717366.126422,0.912126215373326,0.0423775454045129,0.000183452577508714,0.000550357732526142,0.000183452577508714,0.0445789763346175
327273.411807,2717366.126422,0.948534798534798,0.0164835164835165,0,0.000915750915750916,0.00146520146520147,0.0326007326007326
