"x","y","forest","agri","water","built","other","grass"
173773.411807,2627366.126422,0.0721876879887708,0.173049929817526,0,0.706436735512332,0.0483256466813716,0
174273.411807,2627366.126422,0.102344992050874,0.127980922098569,0.000596184419713831,0.671303656597774,0.0860492845786963,0.011724960254372
174773.411807,2627366.126422,0.109318996415771,0.255077658303465,0,0.48984468339307,0.10294703305456,0.0428116288331342
175273.411807,2627366.126422,0.0421974522292994,0.444864649681529,0.00179140127388535,0.208399681528662,0.125995222929936,0.176751592356688
175773.411807,2627366.126422,0.0431240063593005,0.588235294117647,0,0.169316375198728,0.137122416534181,0.0622019077901431
176273.411807,2627366.126422,0.027479091995221,0.641975308641975,0,0.0844285145360414,0.115491835921943,0.130625248904819
176773.411807,2627366.126422,0.012937898089172,0.53343949044586,0.00457802547770701,0.217754777070064,0.119227707006369,0.112062101910828
177273.411807,2627366.126422,0.0174880763116057,0.468600953895072,0,0.245627980922099,0.161565977742448,0.106717011128776
177773.411807,2627366.126422,0.0127439267224213,0.556352050975707,0.001194743130227,0.163480684986061,0.105336519315014,0.16089207487057
178273.411807,2627366.126422,0.0189092356687898,0.371616242038217,0,0.271894904458599,0.176552547770701,0.161027070063694
178773.411807,2627366.126422,0.0395468998410175,0.559817170111288,0,0.103537360890302,0.0971780604133545,0.199920508744038
179273.411807,2627366.126422,0.0240939864595779,0.583034647550777,0,0.0848267622461171,0.108721624850657,0.199322978892871
179773.411807,2627366.126422,0.0869824840764331,0.165207006369427,0,0.451035031847134,0.0682722929936306,0.228503184713376
180273.411807,2627366.126422,0.223370429252782,0.0170906200317965,0,0.128378378378378,0.142885532591415,0.488275039745628
180773.411807,2627366.126422,0.0758661887694146,0.0876144962166468,0.000398247710075667,0.467343687773795,0.122660294703305,0.246117084826762
181273.411807,2627366.126422,0.0111464968152866,0.438893312101911,0,0.290605095541401,0.0826035031847134,0.176751592356688
181773.411807,2627366.126422,0.0542527821939587,0.374602543720191,0,0.19912559618442,0.1810413354531,0.190977742448331
182273.411807,2627366.126422,0.0242931103146157,0.603942652329749,0,0.045400238948626,0.0679012345679012,0.258462763839108
182773.411807,2627366.126422,0.0276671974522293,0.604100318471338,0,0.0338375796178344,0.0710589171974522,0.263335987261146
183273.411807,2627366.126422,0.0190779014308426,0.529809220985692,0,0.068362480127186,0.14010333863275,0.242647058823529
183773.411807,2627366.126422,0.0324571883711669,0.446037435284747,0,0.105933890880127,0.10573476702509,0.309836718438869
184273.411807,2627366.126422,0.044984076433121,0.404657643312102,0,0.138335987261146,0.134156050955414,0.277866242038217
184773.411807,2627366.126422,0.026033386327504,0.492050874403816,0,0.121224165341812,0.124006359300477,0.236685214626391
185273.411807,2627366.126422,0.00995619275189168,0.437275985663082,0,0.133014735165273,0.233572281959379,0.186180804460374
185773.411807,2627366.126422,0.0473726114649682,0.347929936305732,0,0.0812101910828025,0.130175159235669,0.393312101910828
173773.411807,2626866.126422,0.0986356932153392,0.592182890855457,0,0.21773598820059,0.0545722713864307,0.0368731563421829
174273.411807,2626866.126422,0.106160616061606,0.197286395306197,0,0.572240557389072,0.114044737807114,0.0102676934360103
174773.411807,2626866.126422,0.0562271062271062,0.375824175824176,0,0.216300366300366,0.0752747252747253,0.276373626373626
175273.411807,2626866.126422,0.0401098901098901,0.516483516483517,0,0.11959706959707,0.101465201465201,0.222344322344322
175773.411807,2626866.126422,0.052988632196553,0.520902090209021,0,0.0964429776310964,0.187568756875688,0.142097543087642
176273.411807,2626866.126422,0.041025641025641,0.587179487179487,0,0.0622710622710623,0.160989010989011,0.148534798534799
176773.411807,2626866.126422,0.00989010989010989,0.664285714285714,0,0.063003663003663,0.161172161172161,0.101648351648352
177273.411807,2626866.126422,0.0311697836450312,0.646497983131647,0,0.0905757242390906,0.10964429776311,0.122112211221122
177773.411807,2626866.126422,0.0032967032967033,0.742673992673993,0,0.030952380952381,0.0884615384615385,0.134615384615385
178273.411807,2626866.126422,0.0164835164835165,0.605494505494505,0,0.0934065934065934,0.135531135531136,0.149084249084249
178773.411807,2626866.126422,0.0284195086175284,0.592592592592593,0,0.0427209387605427,0.109277594426109,0.226989365603227
179273.411807,2626866.126422,0.145238095238095,0.406593406593407,0.00201465201465201,0.0708791208791209,0.111721611721612,0.263553113553114
179773.411807,2626866.126422,0.172161172161172,0.344139194139194,0.0159340659340659,0.126739926739927,0.162271062271062,0.178754578754579
180273.411807,2626866.126422,0.112944627796113,0.522735606894023,0.00458379171250458,0.0498716538320499,0.107994132746608,0.201870187018702
180773.411807,2626866.126422,0.0586080586080586,0.57967032967033,0.00146520146520147,0.0443223443223443,0.0950549450549451,0.220879120879121
181273.411807,2626866.126422,0.0712454212454212,0.502564102564103,0.00201465201465201,0.0608058608058608,0.118315018315018,0.245054945054945
181773.411807,2626866.126422,0.169233590025669,0.402640264026403,0.0011001100110011,0.0759075907590759,0.167583425009168,0.183535020168684
182273.411807,2626866.126422,0.0357142857142857,0.630769230769231,0,0.0298534798534799,0.0620879120879121,0.241575091575092
182773.411807,2626866.126422,0.0166666666666667,0.47032967032967,0,0.104578754578755,0.112271062271062,0.296153846153846
183273.411807,2626866.126422,0.050971763843051,0.48991565823249,0,0.0847084708470847,0.0968096809680968,0.277594426109278
183773.411807,2626866.126422,0.1003663003663,0.341758241758242,0,0.120512820512821,0.111538461538462,0.325824175824176
184273.411807,2626866.126422,0.132417582417582,0.356593406593407,0.000915750915750916,0.0661172161172161,0.156227106227106,0.287728937728938
184773.411807,2626866.126422,0.0742574257425743,0.37990465713238,0.00568390172350568,0.0964429776310964,0.136046938027136,0.307664099743308
185273.411807,2626866.126422,0.143223443223443,0.289010989010989,0.00311355311355311,0.0877289377289377,0.181318681318681,0.295604395604396
185773.411807,2626866.126422,0.122893772893773,0.325091575091575,0,0.116483516483516,0.170879120879121,0.264652014652015
173773.411807,2626366.126422,0.125369276218612,0.501107828655835,0,0.192762186115214,0.0829025110782866,0.0978581979320532
174273.411807,2626366.126422,0.109950522264981,0.394172622319956,0,0.251053692505039,0.0787978742899029,0.166025288620121
174773.411807,2626366.126422,0.0622132501376399,0.38190493668563,0,0.139658652963847,0.126078179482474,0.290144980730409
175273.411807,2626366.126422,0.0898587933247754,0.260957271226848,0.000550155877498625,0.311571611956721,0.178617274894553,0.158444892719604
175773.411807,2626366.126422,0.0619387942092725,0.556532893531244,0.0225398570643211,0.115631299248671,0.16034451163643,0.0830126443100605
176273.411807,2626366.126422,0.142594971554414,0.471646173609837,0,0.0609286107542668,0.140392732611488,0.184437511469994
176773.411807,2626366.126422,0.161012286814597,0.473500825233816,0.011186502842472,0.0546488171648634,0.119383825417202,0.180267742527049
177273.411807,2626366.126422,0.101520982224666,0.336448598130841,0.00201575957485798,0.0689023272860546,0.115631299248671,0.375481033534909
177773.411807,2626366.126422,0.204441181868233,0.294182418792439,0.00403743806202973,0.0734079647641769,0.146448889704533,0.277482106808589
178273.411807,2626366.126422,0.103062534384742,0.258023106546855,0.000366770584999083,0.0801393728222996,0.204474601136989,0.353933614524115
178773.411807,2626366.126422,0.204324720542423,0.174821330401319,0,0.130841121495327,0.120395821880154,0.369617005680777
179273.411807,2626366.126422,0.0952468342815195,0.23637364654065,0,0.1493852082951,0.19930262433474,0.31969168654799
179773.411807,2626366.126422,0.0893086374472767,0.217678342196956,0,0.133871263524665,0.0933431138822666,0.465798642948835
180273.411807,2626366.126422,0.0126443100604728,0.162726772952172,0,0.285138354407183,0.21861828843687,0.320872274143302
180773.411807,2626366.126422,0.00568911726922371,0.153055606533309,0,0.0467975775371628,0.0528537346302074,0.741603964030097
181273.411807,2626366.126422,0.00898587933247754,0.367504126169081,0,0.269759765266826,0.275261324041812,0.0784889051898038
181773.411807,2626366.126422,0.013560564412681,0.486164559281657,0,0.118013560564413,0.126809602345611,0.255451713395639
182273.411807,2626366.126422,0.111580106441549,0.409616443384107,0,0.0726738851165352,0.127179298953937,0.278950266103872
182773.411807,2626366.126422,0.118466898954704,0.404547955253989,0,0.126352466532184,0.140473134054649,0.210159545204475
183273.411807,2626366.126422,0.119113065787062,0.305295950155763,0.00329851566794942,0.10646875572659,0.130108118013561,0.335715594649075
183773.411807,2626366.126422,0.0478986970086254,0.451275463387778,0,0.10790970820334,0.134520095430354,0.258396035969903
184273.411807,2626366.126422,0.0115532734274711,0.514762516046213,0,0.130203557674674,0.166147075004585,0.177333577847057
184773.411807,2626366.126422,0.0130108118013561,0.462891698735569,0.00109950522264981,0.136155396738135,0.138354407183434,0.248488180318857
185273.411807,2626366.126422,0.00220223894292531,0.534960543218939,0,0.123325380803817,0.137823453844742,0.201688383189576
185773.411807,2626366.126422,0.00880249403997799,0.377406931964057,0,0.142123601687145,0.183018521914542,0.288648450394278
173773.411807,2625866.126422,0.109900258588844,0.255079423716291,0.01865533801256,0.244366457332841,0.179719246398227,0.192279275951238
174273.411807,2625866.126422,0.0917582417582418,0.314102564102564,0.00860805860805861,0.236813186813187,0.155677655677656,0.193040293040293
174773.411807,2625866.126422,0.100550458715596,0.434128440366972,0.0407339449541284,0.125688073394495,0.172844036697248,0.12605504587156
175273.411807,2625866.126422,0.0842047330764997,0.327279398275546,0.0150431113557145,0.289488167308751,0.181067694001101,0.102916895982389
175773.411807,2625866.126422,0.171428571428571,0.448901098901099,0.0177655677655678,0.0664835164835165,0.16043956043956,0.134981684981685
176273.411807,2625866.126422,0.188073394495413,0.239082568807339,0.0137614678899083,0.10605504587156,0.196697247706422,0.256330275229358
176773.411807,2625866.126422,0.150064208402128,0.0821867547239039,0,0.127866446523574,0.156485048614933,0.483397541735461
177273.411807,2625866.126422,0.0364468864468864,0.288644688644689,0,0.257509157509157,0.0173992673992674,0.4
177773.411807,2625866.126422,0.00256880733944954,0.46605504587156,0,0.385688073394495,0.0831192660550459,0.0625688073394495
178273.411807,2625866.126422,0.220693450742983,0.167125298110438,0,0.187121629058888,0.184369840396258,0.240689781691433
178773.411807,2625866.126422,0.0827838827838828,0.162820512820513,0,0.173260073260073,0.145970695970696,0.435164835164835
179273.411807,2625866.126422,0.0710091743119266,0.0744954128440367,0,0.118532110091743,0.0445871559633028,0.691376146788991
179773.411807,2625866.126422,0.149146945514584,0.102916895982389,0,0.0495321959273528,0.0339387268391121,0.664465235736562
180273.411807,2625866.126422,0.0483516483516484,0.0183150183150183,0,0.252930402930403,0.0864468864468864,0.593956043956044
180773.411807,2625866.126422,0.0511926605504587,0.134311926605505,0,0.488440366972477,0.119082568807339,0.20697247706422
181273.411807,2625866.126422,0.00348559897266557,0.0310034855989727,0,0.0816363969913777,0.0436617134470739,0.84021280498991
181773.411807,2625866.126422,0.0271062271062271,0.00659340659340659,0,0.0311355311355311,0.0368131868131868,0.898351648351648
182273.411807,2625866.126422,0,0.562018348623853,0,0.0405504587155963,0.128623853211009,0.268807339449541
182773.411807,2625866.126422,0.0478811227297744,0.305081636396991,0,0.0616400660429279,0.181984956888644,0.403412217941662
183273.411807,2625866.126422,0.156776556776557,0.286813186813187,0,0.122893772893773,0.100915750915751,0.332600732600733
183773.411807,2625866.126422,0.0403669724770642,0.533211009174312,0,0.0368807339449541,0.112293577981651,0.277247706422018
184273.411807,2625866.126422,0.000733810310034856,0.541368556228215,0,0.0948449825720051,0.157218858924968,0.205833791964777
184773.411807,2625866.126422,0.0155677655677656,0.542124542124542,0,0.0582417582417582,0.133333333333333,0.250732600732601
185273.411807,2625866.126422,0.00623853211009174,0.526422018348624,0,0.124954128440367,0.178348623853211,0.164036697247706
185773.411807,2625866.126422,0.0262337185837461,0.242891212621537,0,0.222711429095579,0.198495688864429,0.309667950834709
173773.411807,2625366.126422,0.060287610619469,0.418879056047198,0.0208333333333333,0.251106194690265,0.183628318584071,0.0652654867256637
174273.411807,2625366.126422,0.0251191785845251,0.48001466813348,0.00568390172350568,0.218921892189219,0.144664466446645,0.125595892922626
174773.411807,2625366.126422,0.0212454212454212,0.637179487179487,0.000183150183150183,0.0646520146520147,0.15,0.126739926739927
175273.411807,2625366.126422,0.0298534798534799,0.528937728937729,0,0.143040293040293,0.150549450549451,0.147619047619048
175773.411807,2625366.126422,0.103960396039604,0.262009534286762,0,0.112027869453612,0.178951228456179,0.343050971763843
176273.411807,2625366.126422,0.0639194139194139,0.0122710622710623,0,0,0.00347985347985348,0.92032967032967
176773.411807,2625366.126422,0.0805860805860806,0.230769230769231,0,0.246153846153846,0.0804029304029304,0.362087912087912
177273.411807,2625366.126422,0.0337367070040337,0.116978364503117,0,0.0968096809680968,0.083975064173084,0.668500183351668
177773.411807,2625366.126422,0.032051282051282,0.0362637362637363,0,0.387545787545788,0.0639194139194139,0.48021978021978
178273.411807,2625366.126422,0.0166666666666667,0.00879120879120879,0,0.0741758241758242,0.0228937728937729,0.877472527472527
178773.411807,2625366.126422,0.0262192885955262,0.00623395672900623,0,0.324165749908324,0.0315364869820315,0.611844517785112
179273.411807,2625366.126422,0.0686813186813187,0.00531135531135531,0,0.180586080586081,0.036996336996337,0.708424908424908
179773.411807,2625366.126422,0.388827838827839,0.000366300366300366,0,0.0326007326007326,0.00897435897435897,0.569230769230769
180273.411807,2625366.126422,0.0022002200220022,0.0335533553355336,0,0.11001100110011,0.154565456545655,0.6996699669967
180773.411807,2625366.126422,0.0631868131868132,0.147069597069597,0,0.0728937728937729,0.167216117216117,0.5496336996337
181273.411807,2625366.126422,0.0434065934065934,0.0238095238095238,0,0.437362637362637,0.0948717948717949,0.400549450549451
181773.411807,2625366.126422,0.0022002200220022,0.0429042904290429,0,0.0792079207920792,0.0658232489915658,0.80986431976531
182273.411807,2625366.126422,0.0043956043956044,0,0,0.150549450549451,0.039010989010989,0.806043956043956
182773.411807,2625366.126422,0.0516483516483516,0.00146520146520147,0,0.05,0.0201465201465201,0.876739926739927
183273.411807,2625366.126422,0.0302530253025303,0.138613861386139,0,0.448478181151448,0.20957095709571,0.173083975064173
183773.411807,2625366.126422,0.00860805860805861,0.532234432234432,0,0.0763736263736264,0.0981684981684982,0.284615384615385
184273.411807,2625366.126422,0.0102564102564103,0.560989010989011,0,0.114102564102564,0.165567765567766,0.149084249084249
184773.411807,2625366.126422,0.0124679134580125,0.48038137147048,0,0.0777411074440777,0.154565456545655,0.274844151081775
185273.411807,2625366.126422,0.0827838827838828,0.400915750915751,0,0.0822344322344322,0.146520146520147,0.287545787545788
185773.411807,2625366.126422,0.0608058608058608,0.355311355311355,0,0.174358974358974,0.202014652014652,0.207509157509158
173773.411807,2624866.126422,0.0245568685376662,0.585856720827179,0,0.206794682422452,0.134416543574594,0.0483751846381093
174273.411807,2624866.126422,0.024555616639179,0.556899395272128,0,0.176653839105736,0.153197727689207,0.0886934212937511
174773.411807,2624866.126422,0.0183519911910442,0.588548357496788,0,0.118003303358414,0.132134336575518,0.142962011378235
175273.411807,2624866.126422,0.0304419585549239,0.477535301668806,0,0.170731707317073,0.120484137172199,0.200806895286998
175773.411807,2624866.126422,0.0604727872457394,0.440901594282573,0.009529045262965,0.196811434854316,0.19168041048195,0.100604727872457
176273.411807,2624866.126422,0.082583960359699,0.161497522481189,0,0.0655166085520279,0.153239126445219,0.537162782161865
176773.411807,2624866.126422,0.0634513112048414,0.000366770584999083,0,0.000183385292499542,0.00275077938749312,0.933247753530167
177273.411807,2624866.126422,0.0698185816382628,0.0379329301814184,0,0.0754993586219534,0.0597397837639729,0.757009345794392
177773.411807,2624866.126422,0.182051752615159,0.35272527069187,0,0.0992842723435493,0.102587630757937,0.263351073591485
178273.411807,2624866.126422,0.10416284613974,0.0568494406748579,0,0.127086007702182,0.118283513662204,0.593618191821016
178773.411807,2624866.126422,0.102437236576874,0.270295033901411,0.0104452996151732,0.117647058823529,0.0980392156862745,0.401136155396738
179273.411807,2624866.126422,0.309414571481006,0.111213066617728,0,0.0480822169205359,0.047715177096715,0.483574967884015
179773.411807,2624866.126422,0.184852374839538,0.119383825417202,0,0.0931597285897671,0.205391527599487,0.397212543554007
180273.411807,2624866.126422,0.0166758292101887,0.330034817665384,0,0.226314824995419,0.169140553417629,0.25783397471138
180773.411807,2624866.126422,0.0458799779776106,0.417140759772435,0,0.0710222059093412,0.0880895577170123,0.377867498623601
181273.411807,2624866.126422,0.00861910874747845,0.37593984962406,0,0.0608839171098478,0.0717036493673207,0.482853475151293
181773.411807,2624866.126422,0.0947407000183251,0.0373831775700935,0,0.139270661535642,0.157412497709364,0.571192963166575
182273.411807,2624866.126422,0.0943292347219673,0.00568911726922371,0,0.109010827674803,0.066801247935401,0.724169572398605
182773.411807,2624866.126422,0.16394645149459,0.138089125252155,0,0.104346231432239,0.208875848156978,0.384742343664038
183273.411807,2624866.126422,0.00586402785413231,0.0685358255451713,0,0.501740883269196,0.293384643577057,0.130474619754444
183773.411807,2624866.126422,0.0526702147182969,0.0811158010644155,0,0.127362818865847,0.257478436410351,0.48137272894109
184273.411807,2624866.126422,0.0656519347148359,0.373739226114066,0,0.0682193288098294,0.10783055198973,0.384558958371539
184773.411807,2624866.126422,0.0426974528129009,0.477918270111783,0,0.0716510903426791,0.122961334066337,0.2847718526663
185273.411807,2624866.126422,0.0324830244081483,0.573683244632043,0,0.0499174160396403,0.106808588731877,0.237107726188291
185773.411807,2624866.126422,0.0487804878048781,0.566660553823583,0,0.0581331377223547,0.137355584082157,0.189070236567027
173773.411807,2624366.126422,0.0751754710011082,0.317325452530477,0,0.236793498337643,0.224972294052457,0.145733284078315
174273.411807,2624366.126422,0.028021978021978,0.400732600732601,0,0.149084249084249,0.243589743589744,0.178571428571429
174773.411807,2624366.126422,0.0607339449541284,0.471926605504587,0,0.100366972477064,0.156880733944954,0.210091743119266
175273.411807,2624366.126422,0.0293524124013942,0.464868831407081,0,0.197394973399376,0.188222344523941,0.120161438268208
175773.411807,2624366.126422,0.0377289377289377,0.469047619047619,0,0.135531135531136,0.188827838827839,0.168864468864469
176273.411807,2624366.126422,0.0420183486238532,0.449357798165138,0,0.240550458715596,0.162018348623853,0.10605504587156
176773.411807,2624366.126422,0.0232984773436067,0.420656760227481,0,0.149513850669602,0.143276463034306,0.263254448725005
177273.411807,2624366.126422,0.0688644688644689,0.17967032967033,0.000183150183150183,0.233882783882784,0.137362637362637,0.38003663003663
177773.411807,2624366.126422,0.0420183486238532,0.294862385321101,0.000917431192660551,0.285321100917431,0.215596330275229,0.161284403669725
178273.411807,2624366.126422,0.398642450926436,0.15410016510732,0.001284168042561,0.0550357732526142,0.111539167125298,0.279398275545771
178773.411807,2624366.126422,0.234798534798535,0.137179487179487,0,0.0476190476190476,0.0853479853479854,0.495054945054945
179273.411807,2624366.126422,0.279816513761468,0.176330275229358,0,0.0719266055045872,0.108256880733945,0.363669724770642
179773.411807,2624366.126422,0.118693817648138,0.308383782792148,0,0.237020730141258,0.206751054852321,0.129150614566135
180273.411807,2624366.126422,0.023992673992674,0.570879120879121,0,0.0796703296703297,0.125824175824176,0.1996336996337
180773.411807,2624366.126422,0.0965137614678899,0.248256880733945,0.00018348623853211,0.367339449541284,0.177614678899083,0.110091743119266
181273.411807,2624366.126422,0.0403595670519171,0.614933039809209,0,0.144744083654375,0.0849385433865346,0.115024766097964
181773.411807,2624366.126422,0.104945054945055,0.277106227106227,0,0.0657509157509158,0.080952380952381,0.471245421245421
182273.411807,2624366.126422,0.0229357798165138,0.440366972477064,0.00715596330275229,0.171559633027523,0.233211009174312,0.124770642201835
182773.411807,2624366.126422,0.0629242340854889,0.132269308383783,0,0.0478811227297744,0.100348559897267,0.656576774903687
183273.411807,2624366.126422,0.060989010989011,0.199450549450549,0,0.0258241758241758,0.0688644688644689,0.644871794871795
183773.411807,2624366.126422,0.0187155963302752,0.400183486238532,0,0.0856880733944954,0.264954128440367,0.23045871559633
184273.411807,2624366.126422,0.304714731241974,0.118510365070629,0,0.130251330031187,0.160521005320125,0.286002568336085
184773.411807,2624366.126422,0.40952380952381,0.105494505494505,0.00805860805860806,0.159340659340659,0.0895604395604396,0.228021978021978
185273.411807,2624366.126422,0.250642201834862,0.0627522935779816,0,0.0988990825688073,0.119082568807339,0.468623853211009
185773.411807,2624366.126422,0.0752155567785727,0.299027701339204,0.000550357732526142,0.135754907356448,0.190423775454045,0.299027701339204
173773.411807,2623866.126422,0.0558628318584071,0.196533923303835,0,0.484697640117994,0.182337758112094,0.0805678466076696
174273.411807,2623866.126422,0.0355702236890356,0.604510451045104,0,0.0885588558855886,0.127429409607627,0.143931059772644
174773.411807,2623866.126422,0.0521978021978022,0.547802197802198,0,0.147252747252747,0.152380952380952,0.1003663003663
175273.411807,2623866.126422,0.0307692307692308,0.38974358974359,0.000366300366300366,0.233882783882784,0.112271062271062,0.232967032967033
175773.411807,2623866.126422,0.0187018701870187,0.575540887422076,0,0.171983865053172,0.154932159882655,0.0788412174550788
176273.411807,2623866.126422,0.0152014652014652,0.61996336996337,0,0.162820512820513,0.101465201465201,0.100549450549451
176773.411807,2623866.126422,0.0177655677655678,0.349084249084249,0.0104395604395604,0.298168498168498,0.137728937728938,0.186813186813187
177273.411807,2623866.126422,0.00861752841950862,0.283828382838284,0.0432709937660433,0.526035936927026,0.0363036303630363,0.101943527686102
177773.411807,2623866.126422,0.0254578754578755,0.493040293040293,0.00146520146520147,0.173809523809524,0.143406593406593,0.162820512820513
178273.411807,2623866.126422,0.0397435897435897,0.464102564102564,0,0.0785714285714286,0.116666666666667,0.300915750915751
178773.411807,2623866.126422,0.208470847084708,0.0674734140080675,0,0.162082874954162,0.101943527686102,0.46002933626696
179273.411807,2623866.126422,0.0509157509157509,0.458791208791209,0,0.16043956043956,0.107509157509158,0.222344322344322
179773.411807,2623866.126422,0.0595238095238095,0.502197802197802,0,0.157509157509158,0.105128205128205,0.175641025641026
180273.411807,2623866.126422,0.0363036303630363,0.506050605060506,0,0.109094242757609,0.0773744041070774,0.271177117711771
180773.411807,2623866.126422,0.0434065934065934,0.577655677655678,0,0.104029304029304,0.0908424908424908,0.184065934065934
181273.411807,2623866.126422,0.0195970695970696,0.445787545787546,0,0.173076923076923,0.141025641025641,0.220512820512821
181773.411807,2623866.126422,0.0133846718005134,0.58030803080308,0.00183351668500183,0.113494682801613,0.116244957829116,0.174734140080675
182273.411807,2623866.126422,0.0283882783882784,0.545604395604396,0,0.1503663003663,0.111721611721612,0.163919413919414
182773.411807,2623866.126422,0.00677655677655678,0.586996336996337,0,0.0684981684981685,0.144322344322344,0.193406593406593
183273.411807,2623866.126422,0.000366703337000367,0.683168316831683,0,0.0284195086175284,0.0762742940960763,0.211771177117712
183773.411807,2623866.126422,0.0184981684981685,0.561904761904762,0,0.0747252747252747,0.0968864468864469,0.247985347985348
184273.411807,2623866.126422,0.019047619047619,0.515384615384615,0,0.0871794871794872,0.174175824175824,0.204212454212454
184773.411807,2623866.126422,0.0496883021635497,0.327282728272827,0,0.165566556655666,0.135863586358636,0.321598826549322
185273.411807,2623866.126422,0.0203296703296703,0.182417582417582,0,0.1,0.108424908424908,0.588827838827839
185773.411807,2623866.126422,0.0505494505494506,0.0855311355311355,0,0.0357142857142857,0.0465201465201465,0.781684981684982
173773.411807,2623366.126422,0.0481905465288035,0.480428360413589,0,0.203286558345643,0.149926144756278,0.118168389955687
174273.411807,2623366.126422,0.0218068535825545,0.427524280740333,0,0.152647975077882,0.139087410665201,0.25893347993403
174773.411807,2623366.126422,0.00807487612405946,0.411635162415122,0.0170673518076711,0.291980179849514,0.107542668379519,0.163699761424115
175273.411807,2623366.126422,0.0350265908674124,0.431322207958922,0.00806895286997983,0.283513662204291,0.140656519347148,0.101412066752246
175773.411807,2623366.126422,0.0141103170240059,0.561847168774052,0.00183250870441635,0.102986989188199,0.126076598863845,0.193146417445483
176273.411807,2623366.126422,0.0234905487245366,0.455863461185539,0.00422095797394017,0.152505046797578,0.151036887502294,0.212883097816113
176773.411807,2623366.126422,0.0302585732624244,0.42783788740143,0.00825233816247937,0.141390060517147,0.135521731157161,0.256739409499358
177273.411807,2623366.126422,0.0175920835623969,0.527396005131024,0,0.126992853216053,0.106285504856148,0.221733553234378
177773.411807,2623366.126422,0.082583960359699,0.442466507616076,0.00752431638832813,0.16186456230501,0.114332905120206,0.191227748210681
178273.411807,2623366.126422,0.00421786172748946,0.563359618558592,0,0.0673024023473317,0.0856409315972859,0.279479185769301
178773.411807,2623366.126422,0,0.0328019058090526,0,0.55048561480667,0.0661535642294301,0.350558915154847
179273.411807,2623366.126422,0.0203707102220591,0.419710038539181,0,0.0357863828225362,0.0612956505780877,0.462837217838135
179773.411807,2623366.126422,0.0201723821749496,0.572895653768568,0,0.15606088391711,0.0960938932697598,0.154777186869613
180273.411807,2623366.126422,0.00934579439252336,0.590434304562947,0,0.0601062855048561,0.0700018325087044,0.270111783030969
180773.411807,2623366.126422,0.0163332721600294,0.547256377316939,0.00330335841438796,0.19067718847495,0.0818498807120573,0.160579922921637
181273.411807,2623366.126422,0.0350265908674124,0.604437924078489,0,0.0678525582248304,0.0975609756097561,0.195121951219512
181773.411807,2623366.126422,0.0131940626717977,0.518416712479384,0.000549752611324904,0.225765072384094,0.0919919369617006,0.150082462891699
182273.411807,2623366.126422,0.0423930996513122,0.185355111029547,0.011194714626537,0.356579188841989,0.165351440631308,0.239126445219306
182773.411807,2623366.126422,0.026407482119934,0.530166880616175,0,0.0658353200073354,0.125435540069686,0.25215477718687
183273.411807,2623366.126422,0.0273043796958036,0.48323254535459,0,0.113065787062489,0.168407549935862,0.207989737951255
183773.411807,2623366.126422,0.0578087722517893,0.404844925674436,0.00311983850247752,0.177280234905487,0.146448889704533,0.210497338961277
184273.411807,2623366.126422,0.0408949202273978,0.368237667339079,0,0.236567027324409,0.121217678342197,0.233082706766917
184773.411807,2623366.126422,0.0315191497159611,0.594099321971779,0,0.0809968847352025,0.100971229613341,0.192413413963716
185273.411807,2623366.126422,0.0102771150669848,0.542484859607267,0.000550559735731327,0.0803817214167737,0.167920719398055,0.198385024775188
185773.411807,2623366.126422,0.0247570144874381,0.493306436823767,0,0.0467632495873831,0.109481019622226,0.325692279479186
173773.411807,2622866.126422,0.0171776874769117,0.637236793498338,0,0.0714813446619874,0.106206132249723,0.16789804211304
174273.411807,2622866.126422,0.0184981684981685,0.436263736263736,0,0.23040293040293,0.103479853479853,0.211355311355311
174773.411807,2622866.126422,0.0111926605504587,0.369174311926605,0.00311926605504587,0.183669724770642,0.108990825688073,0.323853211009174
175273.411807,2622866.126422,0.071179600073381,0.078884608328747,0.000550357732526142,0.543936892313337,0.201981287837094,0.103467253714915
175773.411807,2622866.126422,0.0236263736263736,0.393406593406593,0.0419413919413919,0.162271062271062,0.166483516483516,0.212271062271062
176273.411807,2622866.126422,0.0655045871559633,0.269908256880734,0.0365137614678899,0.231926605504587,0.163302752293578,0.232844036697248
176773.411807,2622866.126422,0.208402128049899,0.183269124931205,0.000550357732526142,0.183452577508714,0.146395156851954,0.277930654925702
177273.411807,2622866.126422,0.0298534798534799,0.244505494505494,0.00549450549450549,0.386996336996337,0.160622710622711,0.172527472527473
177773.411807,2622866.126422,0.0284403669724771,0.265321100917431,0.0132110091743119,0.317614678899083,0.134128440366972,0.241284403669725
178273.411807,2622866.126422,0.0322876536415337,0.234452394056136,0.00953953403045313,0.09557879288204,0.0988809392771968,0.52926068611264
178773.411807,2622866.126422,0.021978021978022,0.334065934065934,0,0.0774725274725275,0.0701465201465201,0.496336996336996
179273.411807,2622866.126422,0.191009174311927,0.139449541284404,0,0.105688073394495,0.068256880733945,0.495596330275229
179773.411807,2622866.126422,0.093010456796918,0.481746468537883,0.00146762062006971,0.163272793982755,0.105118326912493,0.155384333149881
180273.411807,2622866.126422,0.0452380952380952,0.307509157509158,0,0.334065934065934,0.16007326007326,0.153113553113553
180773.411807,2622866.126422,0.0311926605504587,0.299633027522936,0,0.14256880733945,0.136880733944954,0.389724770642202
181273.411807,2622866.126422,0.0253164556962025,0.459181801504311,0,0.0605393505778756,0.0742982938910292,0.380664098330582
181773.411807,2622866.126422,0.0221611721611722,0.417032967032967,0.0225274725274725,0.178205128205128,0.117765567765568,0.242307692307692
182273.411807,2622866.126422,0.0192660550458716,0.38348623853211,0,0.121651376146789,0.15743119266055,0.318165137614679
182773.411807,2622866.126422,0.0188956154833975,0.589433131535498,0.00091726288754357,0.0913593835993396,0.0871399743166392,0.212254632177582
183273.411807,2622866.126422,0.0441391941391941,0.337912087912088,0.000915750915750916,0.186446886446886,0.142124542124542,0.288461538461538
183773.411807,2622866.126422,0.0326605504587156,0.174311926605505,0.00128440366972477,0.497981651376147,0.179082568807339,0.114678899082569
184273.411807,2622866.126422,0.0258668134287287,0.0805356815263254,0.00165107319757843,0.679691799669785,0.151348376444689,0.060906255732893
184773.411807,2622866.126422,0.0267399267399267,0.185531135531136,0.000366300366300366,0.357326007326007,0.168681318681319,0.261355311355311
185273.411807,2622866.126422,0.0640366972477064,0.41743119266055,0,0.0761467889908257,0.0684403669724771,0.37394495412844
185773.411807,2622866.126422,0.0139423958906623,0.600440286186021,0,0.0576041093377362,0.114841313520455,0.213171895065126
173773.411807,2622366.126422,0.0604719764011799,0.212020648967552,0,0.464970501474926,0.202617994100295,0.0599188790560472
174273.411807,2622366.126422,0.0161349468280161,0.42977631096443,0.000366703337000367,0.14008067473414,0.157315731573157,0.256325632563256
174773.411807,2622366.126422,0.0412087912087912,0.323076923076923,0.0115384615384615,0.239194139194139,0.165750915750916,0.219230769230769
175273.411807,2622366.126422,0.058974358974359,0.355128205128205,0.00256410256410256,0.212820512820513,0.154212454212454,0.216300366300366
175773.411807,2622366.126422,0.0165016501650165,0.54968830216355,0,0.107077374404107,0.134946828016135,0.191785845251192
176273.411807,2622366.126422,0.036996336996337,0.61959706959707,0.00604395604395604,0.0668498168498168,0.0668498168498168,0.203663003663004
176773.411807,2622366.126422,0.089010989010989,0.313919413919414,0.000183150183150183,0.175091575091575,0.154212454212454,0.267582417582418
177273.411807,2622366.126422,0.0342867620095343,0.48991565823249,0.00751741840850752,0.123762376237624,0.142280894756142,0.202236890355702
177773.411807,2622366.126422,0.0642857142857143,0.506776556776557,0.00860805860805861,0.161721611721612,0.0901098901098901,0.168498168498169
178273.411807,2622366.126422,0.0267399267399267,0.281501831501832,0.0864468864468864,0.244505494505494,0.108424908424908,0.252380952380952
178773.411807,2622366.126422,0.0854418775210854,0.466996699669967,0.0539053905390539,0.124679134580125,0.121195452878621,0.147781444811148
179273.411807,2622366.126422,0.0247252747252747,0.464652014652015,0.0428571428571429,0.132783882783883,0.108791208791209,0.226190476190476
179773.411807,2622366.126422,0.0315018315018315,0.518315018315018,0,0.0728937728937729,0.0882783882783883,0.289010989010989
180273.411807,2622366.126422,0.0363036303630363,0.408140814081408,0,0.16006600660066,0.103043637697103,0.292445911257792
180773.411807,2622366.126422,0.0666666666666667,0.384798534798535,0,0.186996336996337,0.0989010989010989,0.262637362637363
181273.411807,2622366.126422,0.0232600732600733,0.552930402930403,0,0.043956043956044,0.107326007326007,0.272527472527473
181773.411807,2622366.126422,0.0216354968830216,0.41987532086542,0,0.0572057205720572,0.116795012834617,0.384488448844884
182273.411807,2622366.126422,0.00293040293040293,0.442857142857143,0,0.0545787545787546,0.137179487179487,0.362454212454212
182773.411807,2622366.126422,0.0192307692307692,0.287545787545788,0,0.229120879120879,0.17967032967033,0.284432234432234
183273.411807,2622366.126422,0.0242024202420242,0.324899156582325,0.00201686835350202,0.399156582324899,0.146131279794646,0.103593692702604
183773.411807,2622366.126422,0.0472527472527473,0.383516483516484,0,0.254029304029304,0.149267399267399,0.165934065934066
184273.411807,2622366.126422,0.0333333333333333,0.101098901098901,0.00311355311355311,0.647985347985348,0.139010989010989,0.0754578754578755
184773.411807,2622366.126422,0.0201686835350202,0.208654198753209,0,0.535203520352035,0.158965896589659,0.077007700770077
185273.411807,2622366.126422,0.0606227106227106,0.326556776556777,0,0.238278388278388,0.141941391941392,0.232600732600733
185773.411807,2622366.126422,0.0388278388278388,0.281684981684982,0,0.360622710622711,0.149084249084249,0.16978021978022
173773.411807,2621866.126422,0.0389586410635155,0.401033973412112,0,0.205871491875923,0.125923190546529,0.22821270310192
174273.411807,2621866.126422,0.0348176653839106,0.417445482866044,0,0.223382811068353,0.173355323437786,0.150998717243907
174773.411807,2621866.126422,0.0567076527803267,0.262066434208112,0.000734079647641769,0.331069921086438,0.170489998164801,0.178931914112681
175273.411807,2621866.126422,0.00880249403997799,0.575279662571062,0,0.166880616174583,0.0645516229598386,0.184485604254539
175773.411807,2621866.126422,0.028587135788895,0.588052043247205,0,0.127359354956936,0.0778816199376947,0.178119846069269
176273.411807,2621866.126422,0.107542668379519,0.244081482840888,0.0225729491649844,0.287575701963663,0.205725821251606,0.132501376399339
176773.411807,2621866.126422,0.0267742527049331,0.514028974876215,0.000550155877498625,0.189803777737026,0.0823399963322941,0.186502842472034
177273.411807,2621866.126422,0.0177753344328386,0.599230346344145,0.00293201392706615,0.106285504856148,0.0711013377313542,0.202675462708448
177773.411807,2621866.126422,0.0082583960359699,0.725087171958157,0,0.0467975775371628,0.113048265736832,0.106808588731877
178273.411807,2621866.126422,0.0225563909774436,0.43205574912892,0.0370438290849074,0.108380707867229,0.105263157894737,0.294700165046763
178773.411807,2621866.126422,0.0219901044529962,0.347626901227781,0.00971229613340663,0.17262231995602,0.138537658053876,0.309510720175921
179273.411807,2621866.126422,0.0260598274912828,0.560836850798312,0,0.0657001284639383,0.0890071572765645,0.258396035969903
179773.411807,2621866.126422,0.0687694846873281,0.221162662754447,0.00348432055749129,0.377223546671557,0.179534201357051,0.149825783972125
180273.411807,2621866.126422,0.036100421477002,0.39343961883819,0.0287703866593366,0.281656587868792,0.0743998533993036,0.185633131757376
180773.411807,2621866.126422,0.0354193429987154,0.271058909891723,0.0339511837034318,0.390530372545421,0.109561387410534,0.159478803450174
181273.411807,2621866.126422,0.0621676141573446,0.486154410416285,0,0.10819732257473,0.101962222629745,0.241518430221896
181773.411807,2621866.126422,0.0126443100604728,0.452996151731721,0.00219901044529962,0.138354407183434,0.13450613890416,0.259299981674913
182273.411807,2621866.126422,0.0717562855569829,0.441181868232703,0,0.0629473297852817,0.106808588731877,0.317305927693155
182773.411807,2621866.126422,0.0168714469099578,0.507243719053732,0,0.0882083256922795,0.121767834219696,0.265908674124335
183273.411807,2621866.126422,0.0221733553234378,0.573758475352758,0,0.0711013377313542,0.140003665017409,0.192963166575041
183773.411807,2621866.126422,0.00403743806202973,0.542484859607267,0,0.0890071572765645,0.107359148467609,0.25711139658653
184273.411807,2621866.126422,0.0113698881349716,0.520997615991198,0,0.142490372272144,0.122684760682193,0.202457362919494
184773.411807,2621866.126422,0.0122778083195895,0.492578339747114,0,0.133956386292835,0.169507055158512,0.19168041048195
185273.411807,2621866.126422,0.0122958340979996,0.463204257661956,0.00183519911910442,0.163332721600294,0.154707285740503,0.204624701780143
185773.411807,2621866.126422,0.0641848523748395,0.405831652301485,0.000366770584999083,0.216761415734458,0.171648633779571,0.141206675224647
173773.411807,2621366.126422,0.0749907646841522,0.371074990764684,0.00018470631695604,0.258034724787588,0.116919098633173,0.178795714813447
174273.411807,2621366.126422,0.0283882783882784,0.389010989010989,0.00549450549450549,0.147435897435897,0.161538461538462,0.268131868131868
174773.411807,2621366.126422,0.0361467889908257,0.452110091743119,0.00055045871559633,0.231559633027523,0.138165137614679,0.141467889908257
175273.411807,2621366.126422,0.0066042927903137,0.662447257383966,0,0.0752155567785727,0.10842047330765,0.147312419739497
175773.411807,2621366.126422,0.0144688644688645,0.695421245421245,0,0.0293040293040293,0.0754578754578755,0.185347985347985
176273.411807,2621366.126422,0.0757798165137615,0.391009174311927,0,0.258532110091743,0.157247706422018,0.11743119266055
176773.411807,2621366.126422,0.0225646670335718,0.588699321225463,0.000183452577508714,0.0935608145294441,0.128600256833609,0.166391487800404
177273.411807,2621366.126422,0.00586080586080586,0.719230769230769,0,0.0476190476190476,0.114835164835165,0.112454212454212
177773.411807,2621366.126422,0.081651376146789,0.435963302752294,0.00220183486238532,0.169724770642202,0.0959633027522936,0.214495412844037
178273.411807,2621366.126422,0.0563199412951752,0.442487616951018,0.0124747752705926,0.0928270042194093,0.0713630526508897,0.324527609612915
178773.411807,2621366.126422,0.122344322344322,0.293589743589744,0.00128205128205128,0.146703296703297,0.120695970695971,0.315384615384615
179273.411807,2621366.126422,0.0425688073394495,0.433211009174312,0.00348623853211009,0.324770642201835,0.120183486238532,0.0757798165137615
