"x","y","forest","agri","water","built","other","grass"
288273.411807,2765366.126422,0.860622710622711,0.00256410256410256,0,0.00238095238095238,0.00293040293040293,0.131501831501832
288773.411807,2765366.126422,0.881834862385321,0.00073394495412844,0.00018348623853211,0.00330275229357798,0.00495412844036697,0.108990825688073
289273.411807,2765366.126422,0.83874518436984,0.00201797835259585,0,0.00201797835259585,0.00311869381764814,0.15410016510732
289773.411807,2765366.126422,0.878754578754579,0.00146520146520147,0,0.00146520146520147,0.00164835164835165,0.116666666666667
290273.411807,2765366.126422,0.896880733944954,0,0,0.00422018348623853,0.00146788990825688,0.0974311926605505
290773.411807,2765366.126422,0.820766831773986,0.000550357732526142,0,0.00715465052283985,0.0135754907356448,0.157952669235003
291273.411807,2765366.126422,0.736996336996337,0.000915750915750916,0,0.028021978021978,0.0208791208791209,0.213186813186813
291773.411807,2765366.126422,0.642018348623853,0.00587155963302752,0.00128440366972477,0.0330275229357798,0.0300917431192661,0.287706422018349
292273.411807,2765366.126422,0.145294441386901,0.0317372959090075,0.0242157402311502,0.491286002568336,0.10420106402495,0.203265455879655
292773.411807,2765366.126422,0.017032967032967,0.0216117216117216,0.0172161172161172,0.906227106227106,0.0316849816849817,0.00622710622710623
293273.411807,2765366.126422,0.100733944954128,0.0464220183486239,0.0242201834862385,0.601651376146789,0.0737614678899083,0.153211009174312
293773.411807,2765366.126422,0.133736929003853,0.0396257567418822,0.0563199412951752,0.486149330398092,0.107136305265089,0.177031737295909
294273.411807,2765366.126422,0.065018315018315,0.0536630036630037,0.18974358974359,0.0935897435897436,0.0342490842490843,0.563736263736264
294773.411807,2765366.126422,0.0377981651376147,0.0299082568807339,0.184036697247706,0.541467889908257,0.0922935779816514,0.114495412844037
295273.411807,2765366.126422,0.0761328196661163,0.0658594753256283,0.0906255732893047,0.538433314988076,0.0957622454595487,0.133186571271326
295773.411807,2765366.126422,0.047985347985348,0.0338827838827839,0.0782051282051282,0.745054945054945,0.0556776556776557,0.0391941391941392
296273.411807,2765366.126422,0.0322935779816514,0.0157798165137615,0.0724770642201835,0.817064220183486,0.0429357798165138,0.0194495412844037
296773.411807,2765366.126422,0.0847550908090259,0.0550357732526142,0.0385250412768299,0.724821133736929,0.0583379196477711,0.0385250412768299
297273.411807,2765366.126422,0.119230769230769,0.0298534798534799,0.0509157509157509,0.619047619047619,0.0606227106227106,0.12032967032967
297773.411807,2765366.126422,0.354862385321101,0.0104587155963303,0.0339449541284404,0.208990825688073,0.0464220183486239,0.345321100917431
298273.411807,2765366.126422,0.348559897266557,0.0177949000183453,0.0207301412584847,0.433314988075582,0.062190423775454,0.117409649605577
298773.411807,2765366.126422,0.0144688644688645,0.0227106227106227,0.0183150183150183,0.873626373626374,0.0534798534798535,0.0173992673992674
299273.411807,2765366.126422,0.016697247706422,0.0137614678899083,0.0587155963302752,0.866605504587156,0.0355963302752294,0.00862385321100917
299773.411807,2765366.126422,0.0392588515868648,0.0383415886993212,0.0638414969730325,0.780223812144561,0.0623738763529628,0.0159603742432581
300273.411807,2765366.126422,0.0899267399267399,0.0423076923076923,0.0423076923076923,0.713003663003663,0.0518315018315018,0.0606227106227106
288273.411807,2764866.126422,0.767876787678768,0.00183351668500183,0,0.0243857719105244,0.0254858819215255,0.18041804180418
288773.411807,2764866.126422,0.695604395604396,0.00164835164835165,0,0.0139194139194139,0.0126373626373626,0.276190476190476
289273.411807,2764866.126422,0.772344322344322,0.000915750915750916,0,0.00274725274725275,0.00293040293040293,0.221062271062271
289773.411807,2764866.126422,0.890539053905391,0.000366703337000367,0,0.00385038503850385,0.00421708837550422,0.101026769343601
290273.411807,2764866.126422,0.870879120879121,0,0,0.000366300366300366,0.000549450549450549,0.128205128205128
290773.411807,2764866.126422,0.786263736263736,0.00494505494505494,0,0.00915750915750916,0.0166666666666667,0.182967032967033
291273.411807,2764866.126422,0.585991932526586,0.00898423175650898,0,0.178584525119179,0.0726072607260726,0.153832049871654
291773.411807,2764866.126422,0.752747252747253,0.00750915750915751,0,0.0311355311355311,0.0318681318681319,0.176739926739927
292273.411807,2764866.126422,0.100549450549451,0.0336996336996337,0.0108058608058608,0.744505494505495,0.0769230769230769,0.0335164835164835
292773.411807,2764866.126422,0.0496883021635497,0.0216354968830216,0.0594059405940594,0.811881188118812,0.0374037403740374,0.01998533186652
293273.411807,2764866.126422,0.0567765567765568,0.0168498168498168,0.0228937728937729,0.814835164835165,0.054029304029304,0.0346153846153846
293773.411807,2764866.126422,0.0274725274725275,0.0261904761904762,0.0166666666666667,0.734981684981685,0.0613553113553114,0.133333333333333
294273.411807,2764866.126422,0.00201686835350202,0.0196186285295196,0.134030069673634,0.0731573157315732,0.072973964063073,0.698203153648698
294773.411807,2764866.126422,0.137362637362637,0.0804029304029304,0.0457875457875458,0.328021978021978,0.146336996336996,0.262087912087912
295273.411807,2764866.126422,0.162820512820513,0.0608058608058608,0.0445054945054945,0.418315018315018,0.0846153846153846,0.228937728937729
295773.411807,2764866.126422,0.153281994866153,0.0795746241290796,0.0352035203520352,0.426842684268427,0.0777411074440777,0.227356068940227
296273.411807,2764866.126422,0.0542124542124542,0.0236263736263736,0.0456043956043956,0.717032967032967,0.0738095238095238,0.0857142857142857
296773.411807,2764866.126422,0.142307692307692,0.0976190476190476,0.0463369963369963,0.478937728937729,0.0917582417582418,0.143040293040293
297273.411807,2764866.126422,0.0359369270260359,0.0088008800880088,0.0247524752475248,0.882471580491383,0.0271360469380271,0.0209020902090209
297773.411807,2764866.126422,0.13974358974359,0.00915750915750916,0.0194139194139194,0.557509157509158,0.104395604395604,0.16978021978022
298273.411807,2764866.126422,0.354029304029304,0.0192307692307692,0.0289377289377289,0.208424908424908,0.0750915750915751,0.314285714285714
298773.411807,2764866.126422,0.140814081408141,0.0282361569490282,0.0484048404840484,0.343967730106344,0.0883755042170884,0.35020168683535
299273.411807,2764866.126422,0.373076923076923,0.0225274725274725,0.0186813186813187,0.307875457875458,0.0776556776556777,0.20018315018315
299773.411807,2764866.126422,0.103479853479853,0.0338827838827839,0.0195970695970696,0.724908424908425,0.0703296703296703,0.0478021978021978
300273.411807,2764866.126422,0.452695269526953,0.0324532453245325,0.0254858819215255,0.377704437110378,0.0462046204620462,0.0654565456545655
288273.411807,2764366.126422,0.872823895913506,0.0042147700201576,0,0.00641378046545721,0.00494777350192413,0.111599780098955
288773.411807,2764366.126422,0.923105156909525,0,0,0.00146815929528354,0.00110111947146265,0.0743255643237291
289273.411807,2764366.126422,0.864478268842839,0.00110031175499725,0,0.00385109114249037,0.00201723821749496,0.128553090042179
289773.411807,2764366.126422,0.788528495510354,0.00201575957485798,0,0.00183250870441635,0.00513102437236577,0.202492211838006
290273.411807,2764366.126422,0.827858322628005,0.00440447788585061,0,0.00201871903101487,0.00293631859056708,0.162782161864562
290773.411807,2764366.126422,0.913625527232716,0.00165046763249587,0,0.00110031175499725,0.00183385292499542,0.0817898404547955
291273.411807,2764366.126422,0.838189481400037,0.013560564412681,0,0.00219901044529962,0.00366501740883269,0.14238592633315
291773.411807,2764366.126422,0.298403376766379,0.0392732611488346,0.0242246283721784,0.515874472380253,0.0704716461736098,0.0517526151587447
292273.411807,2764366.126422,0.0190720704199523,0.013203741059967,0.059600220062351,0.865761965890336,0.0390610673024023,0.00330093526499175
292773.411807,2764366.126422,0.0593732820230896,0.0582737768004398,0.0729338464357706,0.653106102253986,0.0991387209089243,0.05717427157779
293273.411807,2764366.126422,0.0653330886401175,0.019086070838686,0.0376215819416407,0.833547439897229,0.0233070288126262,0.0211047898697009
293773.411807,2764366.126422,0.0880249403997799,0.0568494406748579,0.116816431322208,0.358701632129103,0.10783055198973,0.271777003484321
294273.411807,2764366.126422,0.0111783030969397,0.0540590067802822,0.10207073483599,0.123511086677662,0.0650540590067803,0.644126809602346
294773.411807,2764366.126422,0.0425766195632226,0.0330335841438796,0.0464305377133419,0.749678840154157,0.0592769315470729,0.0690034868783263
295273.411807,2764366.126422,0.0495140289748762,0.0273244085824317,0.0205391527599487,0.786722904823033,0.0673024023473317,0.0485971025123785
295773.411807,2764366.126422,0.0835623969213854,0.043613707165109,0.0089792926516401,0.787795492028587,0.0555250137438153,0.0205240974894631
296273.411807,2764366.126422,0.115617544503579,0.0321159845843274,0.0473481372728941,0.640851532391264,0.089190677188475,0.0748761240594605
296773.411807,2764366.126422,0.0898587933247754,0.046396479002384,0.057216211259857,0.661470750045846,0.103245919677242,0.0418118466898955
297273.411807,2764366.126422,0.0161260765988638,0.0148433205057724,0.0199743448781382,0.90251053692505,0.0333516584203775,0.0131940626717977
297773.411807,2764366.126422,0.169021838869517,0.0225729491649844,0.0291796659937603,0.579555881813177,0.0756102037071022,0.124059460451459
298273.411807,2764366.126422,0.651201173665872,0.0188886851274528,0,0.0739042728773152,0.0449293966623877,0.211076471666972
298773.411807,2764366.126422,0.333516584203775,0.051126992853216,0.0692688290269379,0.18948140003665,0.0784313725490196,0.278174821330401
299273.411807,2764366.126422,0.405211965498257,0.0363369425582676,0.0185355111029547,0.209579739401725,0.0926775555147734,0.237658285924023
299773.411807,2764366.126422,0.558408215661104,0.0256739409499358,0.0053181734824867,0.168897854392078,0.0915092609572712,0.150192554557125
300273.411807,2764366.126422,0.779732453729155,0.0139270661535642,0.00219901044529962,0.0736668499175371,0.0263881253435954,0.104086494410848
288273.411807,2763866.126422,0.89981684981685,0,0,0.000915750915750916,0.00256410256410256,0.0967032967032967
288773.411807,2763866.126422,0.941467889908257,0,0,0.00018348623853211,0.00055045871559633,0.0577981651376147
289273.411807,2763866.126422,0.829205650339387,0.00183452577508714,0.000183452577508714,0.02568336085122,0.010273344340488,0.132819666116309
289773.411807,2763866.126422,0.978021978021978,0.000549450549450549,0,0,0,0.0214285714285714
290273.411807,2763866.126422,0.834862385321101,0.0130275229357798,0.00018348623853211,0.00917431192660551,0.013394495412844,0.129357798165138
290773.411807,2763866.126422,0.791230966795083,0.0150431113557145,0.00348559897266557,0.0588882773802972,0.032104201064025,0.0992478444322143
291273.411807,2763866.126422,0.484798534798535,0.0144688644688645,0.03003663003663,0.320695970695971,0.0285714285714286,0.121428571428571
291773.411807,2763866.126422,0.0255045871559633,0.0119266055045872,0.0368807339449541,0.878532110091743,0.0411009174311927,0.00605504587155963
292273.411807,2763866.126422,0.0871399743166392,0.0196294257934324,0.0267840763162722,0.751605210053201,0.0739313887360117,0.0409099247844432
292773.411807,2763866.126422,0.0902930402930403,0.043040293040293,0.0256410256410256,0.700549450549451,0.0807692307692308,0.0597069597069597
293273.411807,2763866.126422,0.168807339449541,0.026605504587156,0.0148623853211009,0.474311926605505,0.114311926605505,0.201100917431193
293773.411807,2763866.126422,0.0603558980003669,0.0913593835993396,0.275178866263071,0.0755824619335902,0.0368739680792515,0.460649422124381
294273.411807,2763866.126422,0.0470695970695971,0.073992673992674,0.0723443223443224,0.228754578754579,0.104395604395604,0.473443223443223
294773.411807,2763866.126422,0.0937614678899083,0.0552293577981651,0.0177981651376147,0.629908256880734,0.0955963302752294,0.107706422018349
295273.411807,2763866.126422,0.0787011557512383,0.114657860942946,0.0662263804806457,0.544120344890846,0.0794349660612732,0.116859291873051
295773.411807,2763866.126422,0.123626373626374,0.0600732600732601,0.0258241758241758,0.540842490842491,0.095970695970696,0.153663003663004
296273.411807,2763866.126422,0.101834862385321,0.0537614678899083,0.0427522935779817,0.646605504587156,0.0715596330275229,0.0834862385321101
296773.411807,2763866.126422,0.190423775454045,0.0467804072647221,0.030820033021464,0.439919280865896,0.089157952669235,0.202898550724638
297273.411807,2763866.126422,0.191208791208791,0.0357142857142857,0.0489010989010989,0.466117216117216,0.0681318681318681,0.18992673992674
297773.411807,2763866.126422,0.561467889908257,0.0128440366972477,0.00440366972477064,0.152293577981651,0.0306422018348624,0.238348623853211
298273.411807,2763866.126422,0.739864245092644,0.00421940928270042,0.000733810310034856,0.0144927536231884,0.0126582278481013,0.228031553843331
298773.411807,2763866.126422,0.652564102564103,0.0108058608058608,0.0161172161172161,0.0653846153846154,0.0375457875457875,0.217582417582418
299273.411807,2763866.126422,0.660550458715596,0.0223853211009174,0.00036697247706422,0.093394495412844,0.0647706422018349,0.158532110091743
299773.411807,2763866.126422,0.636396991377729,0.0176114474408365,0.00165107319757843,0.0931939093744267,0.0777838928636947,0.173362685745735
300273.411807,2763866.126422,0.806593406593407,0.00402930402930403,0,0.0261904761904762,0.0232600732600733,0.13992673992674
288273.411807,2763366.126422,0.902823615694903,0,0,0.000183351668500183,0.00275027502750275,0.0942427576090942
288773.411807,2763366.126422,0.946520146520146,0.0010989010989011,0,0,0.000183150183150183,0.0521978021978022
289273.411807,2763366.126422,0.859340659340659,0.000183150183150183,0,0.00347985347985348,0.00714285714285714,0.12985347985348
289773.411807,2763366.126422,0.905207187385405,0,0,0.00146681334800147,0.00128346167950128,0.092042537587092
290273.411807,2763366.126422,0.365018315018315,0.0397435897435897,0.0021978021978022,0.0353479853479853,0.0635531135531135,0.494139194139194
290773.411807,2763366.126422,0.164835164835165,0.0333333333333333,0.0575091575091575,0.553846153846154,0.0531135531135531,0.137362637362637
291273.411807,2763366.126422,0.0394206087275394,0.0163182984965163,0.0223689035570224,0.843967730106344,0.0388705537220389,0.0390539053905391
291773.411807,2763366.126422,0.0382783882783883,0.019047619047619,0.0342490842490843,0.738644688644689,0.0580586080586081,0.111721611721612
292273.411807,2763366.126422,0.0225274725274725,0.0111721611721612,0.00457875457875458,0.805494505494506,0.0379120879120879,0.118315018315018
292773.411807,2763366.126422,0.102493582691602,0.0850751741840851,0.0106343967730106,0.351485148514851,0.0999266593325999,0.35038503850385
293273.411807,2763366.126422,0.0857142857142857,0.0767399267399267,0.227838827838828,0.136813186813187,0.0558608058608059,0.417032967032967
293773.411807,2763366.126422,0.0602564102564103,0.133699633699634,0.0860805860805861,0.101648351648352,0.0346153846153846,0.583699633699634
294273.411807,2763366.126422,0.0984598459845985,0.0925925925925926,0.0947928126145948,0.466629996332967,0.103593692702604,0.143931059772644
294773.411807,2763366.126422,0.0573260073260073,0.043040293040293,0.065018315018315,0.69981684981685,0.102197802197802,0.0326007326007326
295273.411807,2763366.126422,0.175457875457875,0.0978021978021978,0.0468864468864469,0.36959706959707,0.128021978021978,0.182234432234432
295773.411807,2763366.126422,0.288412174550788,0.0146681334800147,0.0782911624495783,0.306563989732307,0.100843417675101,0.211221122112211
296273.411807,2763366.126422,0.109157509157509,0.0355311355311355,0.0391941391941392,0.483333333333333,0.086996336996337,0.245787545787546
296773.411807,2763366.126422,0.276007326007326,0.0230769230769231,0.0128205128205128,0.432600732600733,0.0672161172161172,0.188278388278388
297273.411807,2763366.126422,0.339017235056839,0.0245691235790246,0.0203520352035204,0.384121745507884,0.0964429776310964,0.135496883021635
297773.411807,2763366.126422,0.431135531135531,0.0192307692307692,0.0159340659340659,0.29981684981685,0.0686813186813187,0.165201465201465
298273.411807,2763366.126422,0.882600732600733,0.00238095238095238,0,0.00146520146520147,0.0021978021978022,0.111355311355311
298773.411807,2763366.126422,0.711771177117712,0.0102676934360103,0,0.0507884121745508,0.0397873120645398,0.187385405207187
299273.411807,2763366.126422,0.800915750915751,0.00457875457875458,0,0.0326007326007326,0.00934065934065934,0.152564102564103
299773.411807,2763366.126422,0.455677655677656,0.0108058608058608,0,0.282051282051282,0.1003663003663,0.151098901098901
300273.411807,2763366.126422,0.566740007334067,0.0102676934360103,0.00403373670700403,0.132746607994133,0.0716905023835717,0.214521452145215
288273.411807,2762866.126422,0.823895913505589,0.00384826827927433,0,0.0141103170240059,0.017042330951072,0.141103170240059
288773.411807,2762866.126422,0.90053220774454,0.000183519911910442,0,0,0,0.0992842723435493
289273.411807,2762866.126422,0.667705849990831,0.0201723821749496,0.000550155877498625,0.0737208875848157,0.0647350082523382,0.173115716119567
289773.411807,2762866.126422,0.374015026571376,0.0278541323071285,0.0155763239875389,0.358438702583837,0.0791643760307861,0.144951438519333
290273.411807,2762866.126422,0.139842172875757,0.0491833363919985,0.0196366305744173,0.609653147366489,0.0743255643237291,0.107359148467609
290773.411807,2762866.126422,0.0566660553823583,0.0203557674674491,0.0713368787823217,0.758481569778104,0.0517146524848707,0.0414450761048964
291273.411807,2762866.126422,0.0610225398570643,0.0280373831775701,0.0414146967198094,0.654205607476635,0.064687557265897,0.150632215503024
291773.411807,2762866.126422,0.129014498073041,0.0295467058175812,0.0357863828225362,0.392365571664526,0.0787300422095797,0.334556799412736
292273.411807,2762866.126422,0.121217678342197,0.026407482119934,0.0242068586099395,0.416284613973959,0.0812396845772969,0.330643682376673
292773.411807,2762866.126422,0.119846069268829,0.27689206523731,0.0661535642294301,0.0861279091075683,0.0350009162543522,0.415979475902511
293273.411807,2762866.126422,0.0893741971003854,0.0620297302257295,0.220223894292531,0.149752248118921,0.017434391631492,0.461185538630941
293773.411807,2762866.126422,0.039611223179901,0.061984228864845,0.106913625527233,0.583532000733541,0.0458463231248854,0.162112598569595
294273.411807,2762866.126422,0.0359171706065604,0.028587135788895,0.0229063588052043,0.860912589334799,0.0373831775700935,0.0142935678944475
294773.411807,2762866.126422,0.168104239309965,0.0295467058175812,0.0209212699577904,0.564690768948431,0.0972655533125344,0.119471462653698
295273.411807,2762866.126422,0.506326792591234,0.0447460113698881,0.00568494406748579,0.132587566477169,0.0366770584999083,0.273977626994315
295773.411807,2762866.126422,0.500091625435221,0.0148433205057724,0.00219901044529962,0.113798790544255,0.0743998533993036,0.294667399670148
296273.411807,2762866.126422,0.287759221875574,0.0196366305744173,0.0159662323362085,0.409065883648376,0.0708386859974307,0.196733345567994
296773.411807,2762866.126422,0.782138272510545,0.0066018705299835,0.000916926462497708,0.0386942967174033,0.0187052998349532,0.152943333944618
297273.411807,2762866.126422,0.879604178119846,0.0100787978742899,0,0.00568077698369067,0.00274876305662452,0.101887483965549
297773.411807,2762866.126422,0.815195448706185,0.00367039823820885,0.000550559735731327,0.0245916681959993,0.0122958340979996,0.143696091025876
298273.411807,2762866.126422,0.773702549055566,0.004401247019989,0.000183385292499542,0.0526315789473684,0.0157711351549606,0.153310104529617
298773.411807,2762866.126422,0.753161077515118,0.00183250870441635,0,0.0302363936228697,0.0212571009712296,0.193512919186366
299273.411807,2762866.126422,0.736465406496605,0.00623967700495504,0.00146815929528354,0.0326665443200587,0.0339511837034318,0.189209029179666
299773.411807,2762866.126422,0.706766917293233,0.0128369704749679,0.00128369704749679,0.0355767467449111,0.0196222262974509,0.22391344214194
300273.411807,2762866.126422,0.655671614440169,0.036100421477002,0.000183250870441635,0.0956569543705333,0.0469122228330585,0.165475536008796
288273.411807,2762366.126422,0.648717948717949,0.019047619047619,0.00384615384615385,0.0683150183150183,0.0424908424908425,0.217582417582418
288773.411807,2762366.126422,0.57045871559633,0.0187155963302752,0.00073394495412844,0.12,0.0699082568807339,0.220183486238532
289273.411807,2762366.126422,0.205283434232251,0.0220143093010457,0.00532012474775271,0.226563933223262,0.129150614566135,0.411667583929554
289773.411807,2762366.126422,0.0727106227106227,0.0586080586080586,0.0866300366300366,0.447252747252747,0.0562271062271062,0.278571428571429
290273.411807,2762366.126422,0.06,0.0699082568807339,0.253761467889908,0.408623853211009,0.04,0.167706422018349
290773.411807,2762366.126422,0.0346725371491469,0.100532012474775,0.204733076499725,0.401944597321592,0.0645753072830673,0.193542469271693
291273.411807,2762366.126422,0.0536630036630037,0.0703296703296703,0.158791208791209,0.393589743589744,0.0571428571428571,0.266483516483516
291773.411807,2762366.126422,0.00422018348623853,0.0302752293577982,0.316880733944954,0.22256880733945,0.0594495412844037,0.366605504587156
292273.411807,2762366.126422,0.0199963309484498,0.0388919464318474,0.343056319941295,0.0944780774169877,0.0130251330031187,0.490552192258301
292773.411807,2762366.126422,0.122893772893773,0.0327838827838828,0.375641025641026,0.249267399267399,0.039010989010989,0.18040293040293
293273.411807,2762366.126422,0.0719266055045872,0.0269724770642202,0.0596330275229358,0.638532110091743,0.104220183486239,0.0987155963302752
293773.411807,2762366.126422,0.230599889928453,0.0341221794166208,0.0849385433865346,0.408732342689415,0.0911759310218309,0.150431113557145
294273.411807,2762366.126422,0.0855311355311355,0.0227106227106227,0.0641025641025641,0.705128205128205,0.0871794871794872,0.0353479853479853
294773.411807,2762366.126422,0.168623853211009,0.0165137614678899,0.0222018348623853,0.383853211009174,0.0651376146788991,0.343669724770642
295273.411807,2762366.126422,0.301412584846817,0.024399192808659,0.0126582278481013,0.165657677490369,0.0825536598789213,0.413318657127133
295773.411807,2762366.126422,0.701831501831502,0.0126373626373626,0,0.0287545787545788,0.0243589743589744,0.232417582417582
296273.411807,2762366.126422,0.498715596330275,0.0315596330275229,0.00440366972477064,0.18,0.0805504587155963,0.204770642201835
296773.411807,2762366.126422,0.767015226563933,0.00623738763529628,0.000183452577508714,0.00476976701522656,0.00935608145294441,0.212438084755091
297273.411807,2762366.126422,0.932967032967033,0.000732600732600733,0,0,0.000183150183150183,0.0661172161172161
297773.411807,2762366.126422,0.852844036697248,0.00018348623853211,0,0.000917431192660551,0.00422018348623853,0.141834862385321
298273.411807,2762366.126422,0.825353146211704,0.001284168042561,0,0.0078884608328747,0.00568702990277013,0.15978719501009
298773.411807,2762366.126422,0.852564102564103,0.0102564102564103,0,0.00293040293040293,0.00347985347985348,0.130769230769231
299273.411807,2762366.126422,0.74697247706422,0.00899082568807339,0.00018348623853211,0.00660550458715596,0.00917431192660551,0.228073394495413
299773.411807,2762366.126422,0.929921115391671,0.00752155567785727,0.00146762062006971,0.00807191341038342,0.00532012474775271,0.0476976701522656
300273.411807,2762366.126422,0.930769230769231,0.0010989010989011,0,0,0.000732600732600733,0.0673992673992674
288273.411807,2761866.126422,0.409424275760909,0.03997066373304,0.000733406674000733,0.0311697836450312,0.0674734140080675,0.451228456178951
288773.411807,2761866.126422,0.0672161172161172,0.0232600732600733,0.0619047619047619,0.0580586080586081,0.0347985347985348,0.754761904761905
289273.411807,2761866.126422,0.0573260073260073,0.0360805860805861,0.34010989010989,0.107326007326007,0.0293040293040293,0.42985347985348
289773.411807,2761866.126422,0.0366703337000367,0.0247524752475248,0.192519251925193,0.558672533920059,0.0702236890355702,0.117161716171617
290273.411807,2761866.126422,0.0880952380952381,0.080952380952381,0.0192307692307692,0.367765567765568,0.112637362637363,0.331318681318681
290773.411807,2761866.126422,0.0990842490842491,0.156593406593407,0.0311355311355311,0.277838827838828,0.0657509157509158,0.36959706959707
291273.411807,2761866.126422,0.157865786578658,0.119178584525119,0.0551888522185552,0.216354968830216,0.0691235790245691,0.382288228822882
291773.411807,2761866.126422,0.0115384615384615,0.0159340659340659,0.0115384615384615,0.309340659340659,0.0503663003663004,0.601282051282051
292273.411807,2761866.126422,0.015018315018315,0.0448717948717949,0.0192307692307692,0.748717948717949,0.0840659340659341,0.0880952380952381
292773.411807,2761866.126422,0.0429042904290429,0.0174184085075174,0.0588558855885589,0.792812614594793,0.0737073707370737,0.0143014301430143
293273.411807,2761866.126422,0.0796703296703297,0.026007326007326,0.0415750915750916,0.637362637362637,0.105128205128205,0.11025641025641
293773.411807,2761866.126422,0.113553113553114,0.0197802197802198,0.144871794871795,0.528388278388278,0.0633699633699634,0.13003663003663
294273.411807,2761866.126422,0.0955262192885955,0.0188852218555189,0.01998533186652,0.709020902090209,0.0694902823615695,0.0870920425375871
294773.411807,2761866.126422,0.236446886446886,0.0283882783882784,0.00622710622710623,0.160805860805861,0.0855311355311355,0.482600732600733
295273.411807,2761866.126422,0.613919413919414,0.0217948717948718,0.0243589743589744,0.0397435897435897,0.0250915750915751,0.275091575091575
295773.411807,2761866.126422,0.946644664466447,0.00128346167950128,0,0.00055005500550055,0.000733406674000733,0.0507884121745508
296273.411807,2761866.126422,0.636630036630037,0.0173992673992674,0.00366300366300366,0.102564102564103,0.0681318681318681,0.171611721611722
296773.411807,2761866.126422,0.885897435897436,0.00274725274725275,0,0.00879120879120879,0.00714285714285714,0.0954212454212454
297273.411807,2761866.126422,0.738540520718739,0.00513384671800513,0,0.0326365969930326,0.028969563623029,0.194719471947195
297773.411807,2761866.126422,0.841391941391941,0.00274725274725275,0.000366300366300366,0.0148351648351648,0.0100732600732601,0.130586080586081
298273.411807,2761866.126422,0.782051282051282,0.0111721611721612,0.00164835164835165,0.0661172161172161,0.0498168498168498,0.0891941391941392
298773.411807,2761866.126422,0.533736707004034,0.0100843417675101,0,0.193436010267693,0.116428309497616,0.146314631463146
299273.411807,2761866.126422,0.718131868131868,0.00384615384615385,0,0.10952380952381,0.0564102564102564,0.112087912087912
299773.411807,2761866.126422,0.87014652014652,0.0021978021978022,0,0.00769230769230769,0.0194139194139194,0.100549450549451
300273.411807,2761866.126422,0.933993399339934,0,0,0.000366703337000367,0.00055005500550055,0.0650898423175651
288273.411807,2761366.126422,0.0639545537841305,0.0120945574491479,0.0753161077515118,0.171889316474253,0.026571376214037,0.65017408832692
288773.411807,2761366.126422,0.118553863094146,0.0227564690768948,0.128280418425399,0.353459350339512,0.0745090842356396,0.302440814828409
289273.411807,2761366.126422,0.0612506876948469,0.030808729139923,0.0137538969374656,0.524848707133688,0.0557491289198606,0.313588850174216
289773.411807,2761366.126422,0.0853949056258017,0.0309693971046362,0.0467289719626168,0.529411764705882,0.0720175920835624,0.2354773685175
290273.411807,2761366.126422,0.115801064415489,0.129565057808772,0.0390897412369242,0.2530739585245,0.0787300422095797,0.383740135804735
290773.411807,2761366.126422,0.196222262974509,0.0742710434623143,0.00990280579497524,0.314689161929213,0.0808729139922978,0.32404181184669
291273.411807,2761366.126422,0.15026571376214,0.0652373098772219,0.0758658603628367,0.266080263881253,0.0765988638446033,0.365951988271944
291773.411807,2761366.126422,0.0948797944576987,0.0378051018535511,0.138374013580473,0.578638282253625,0.0943292347219673,0.0559735731326849
292273.411807,2761366.126422,0.0755547405098111,0.0487804878048781,0.0342930496974143,0.662204291215844,0.0827067669172932,0.0964606638547588
292773.411807,2761366.126422,0.357888949972512,0.0188748396554884,0.0483782297965915,0.348909657320872,0.0558915154846986,0.170056807769837
293273.411807,2761366.126422,0.274912828041843,0.0137639933932832,0.0328500642319692,0.314920168838319,0.0778124426500275,0.285740502844559
293773.411807,2761366.126422,0.298367870896754,0.0210893086374473,0.0480469466348799,0.253071703649367,0.0982945167797543,0.281129653401797
294273.411807,2761366.126422,0.604911123327836,0.00568077698369067,0.0236393622869709,0.0743998533993036,0.0351841671247938,0.256184716877405
294773.411807,2761366.126422,0.612405946045146,0.00440447788585061,0.00146815929528354,0.137639933932832,0.0484492567443568,0.195632226096531
295273.411807,2761366.126422,0.512928663121218,0.00165046763249587,0,0.0286081056299285,0.0289748762149276,0.42783788740143
295773.411807,2761366.126422,0.811618105186,0.00586402785413231,0,0.00568077698369067,0.00623052959501558,0.170606560381162
296273.411807,2761366.126422,0.696091025876308,0.00935951550743256,0.000367039823820885,0.0471646173609837,0.0438612589465957,0.20315654248486
296773.411807,2761366.126422,0.63616357968091,0.0190720704199523,0.00183385292499542,0.0359435173299101,0.0592334494773519,0.247753530166881
297273.411807,2761366.126422,0.780648708081363,0.0131940626717977,0.00494777350192413,0.0373831775700935,0.0185083379146051,0.145317940260216
297773.411807,2761366.126422,0.662506881996697,0.0143145531290145,0.000183519911910442,0.0959809139291613,0.073040924940356,0.153973206092861
298273.411807,2761366.126422,0.405831652301485,0.0249403997799376,0,0.238217494956904,0.175132954337062,0.15587749862461
298773.411807,2761366.126422,0.507421660252886,0.0186915887850467,0.000366501740883269,0.241341396371633,0.110317024005864,0.121861828843687
299273.411807,2761366.126422,0.707102220590934,0.0201871903101487,0,0.0218388695173426,0.0277115066984768,0.223160212883098
299773.411807,2761366.126422,0.925178800660187,0.000183385292499542,0,0.000366770584999083,0.00146708233999633,0.072803961122318
300273.411807,2761366.126422,0.686457760674363,0.0146600696353308,0.0100787978742899,0.0991387209089243,0.0426974528129009,0.146967198094191
288273.411807,2760866.126422,0.153846153846154,0.034981684981685,0.0126373626373626,0.104029304029304,0.0406593406593407,0.653846153846154
288773.411807,2760866.126422,0.0976146788990826,0.0807339449541284,0.00862385321100917,0.350642201834862,0.0972477064220184,0.365137614678899
289273.411807,2760866.126422,0.0915428361768483,0.0513667217024399,0.00843881856540084,0.396441019996331,0.0860392588515869,0.366171344707393
289773.411807,2760866.126422,0.0714285714285714,0.0688644688644689,0.00457875457875458,0.247435897435897,0.0490842490842491,0.558608058608059
290273.411807,2760866.126422,0.126422018348624,0.111009174311927,0.0651376146788991,0.260183486238532,0.0658715596330275,0.371376146788991
290773.411807,2760866.126422,0.0823702073014126,0.104934874334984,0.0313703907539901,0.286552926068611,0.0616400660429279,0.433131535498074
291273.411807,2760866.126422,0.11978021978022,0.0452380952380952,0.0871794871794872,0.30952380952381,0.095970695970696,0.342307692307692
291773.411807,2760866.126422,0.150642201834862,0.0372477064220183,0.028256880733945,0.492844036697248,0.0770642201834862,0.21394495412844
292273.411807,2760866.126422,0.348192992111539,0.0091726288754357,0.0275178866263071,0.201981287837094,0.0728306732709595,0.340304531278664
292773.411807,2760866.126422,0.647069597069597,0.00549450549450549,0.0139194139194139,0.132783882783883,0.019047619047619,0.181684981684982
293273.411807,2760866.126422,0.681284403669725,0.000917431192660551,0,0.0236697247706422,0.0165137614678899,0.277614678899083
293773.411807,2760866.126422,0.774903687396808,0.0210970464135021,0,0.00550357732526142,0.00880572372041827,0.18968996514401
294273.411807,2760866.126422,0.816117216117216,0.00586080586080586,0,0.000183150183150183,0.000366300366300366,0.177472527472527
294773.411807,2760866.126422,0.875779816513761,0.00110091743119266,0,0.00458715596330275,0.00825688073394495,0.110275229357798
295273.411807,2760866.126422,0.536231884057971,0.0247660979636764,0.00275178866263071,0.125848468170978,0.106402494955054,0.20399926618969
295773.411807,2760866.126422,0.91025641025641,0.0043956043956044,0,0.00311355311355311,0.0043956043956044,0.0778388278388278
296273.411807,2760866.126422,0.85743119266055,0.00256880733944954,0,0.00825688073394495,0.00532110091743119,0.126422018348624
296773.411807,2760866.126422,0.984039625756742,0.00421940928270042,0,0,0,0.0117409649605577
297273.411807,2760866.126422,0.919230769230769,0.00457875457875458,0.00512820512820513,0.00256410256410256,0.0032967032967033,0.0652014652014652
297773.411807,2760866.126422,0.63651376146789,0.0179816513761468,0.000917431192660551,0.0688073394495413,0.0414678899082569,0.234311926605505
298273.411807,2760866.126422,0.685378829572555,0.0317372959090075,0,0.0383415886993212,0.0396257567418822,0.204916529077234
298773.411807,2760866.126422,0.933150183150183,0.00128205128205128,0,0.0021978021978022,0.00750915750915751,0.0558608058608059
299273.411807,2760866.126422,0.920183486238532,0.00128440366972477,0,0.00036697247706422,0.0018348623853211,0.0763302752293578
299773.411807,2760866.126422,0.636763896532746,0.0078884608328747,0.00421940928270042,0.12694918363603,0.0509998165474225,0.173179233168226
300273.411807,2760866.126422,0.26025641025641,0.0175824175824176,0.00989010989010989,0.497802197802198,0.124542124542125,0.0899267399267399
288273.411807,2760366.126422,0.177851118445178,0.118995232856619,0.0280528052805281,0.366886688668867,0.0737073707370737,0.234506784011734
288773.411807,2760366.126422,0.183516483516484,0.104395604395604,0.0135531135531136,0.252197802197802,0.121062271062271,0.325274725274725
289273.411807,2760366.126422,0.117582417582418,0.056959706959707,0.0402930402930403,0.378754578754579,0.115201465201465,0.291208791208791
289773.411807,2760366.126422,0.10964429776311,0.0559222588925559,0.0964429776310964,0.374587458745875,0.11019435276861,0.253208654198753
290273.411807,2760366.126422,0.136996336996337,0.0379120879120879,0.0985347985347985,0.258241758241758,0.0791208791208791,0.389194139194139
290773.411807,2760366.126422,0.155494505494505,0.0635531135531135,0.107692307692308,0.333882783882784,0.0712454212454212,0.268131868131868
291273.411807,2760366.126422,0.207920792079208,0.0496883021635497,0.137880454712138,0.253942060872754,0.10982764943161,0.240740740740741
291773.411807,2760366.126422,0.452014652014652,0.0282051282051282,0.0241758241758242,0.095970695970696,0.036996336996337,0.362637362637363
292273.411807,2760366.126422,0.818498168498168,0.0043956043956044,0,0.0120879120879121,0.00714285714285714,0.157875457875458
292773.411807,2760366.126422,0.891272460579391,0.00385038503850385,0,0.000183351668500183,0,0.104693802713605
293273.411807,2760366.126422,0.83003663003663,0.0021978021978022,0,0.000366300366300366,0.000183150183150183,0.167216117216117
293773.411807,2760366.126422,0.838827838827839,0.00146520146520147,0,0.000549450549450549,0.000549450549450549,0.158608058608059
294273.411807,2760366.126422,0.818848551521819,0.00898423175650898,0,0.0139347268060139,0.0077007700770077,0.150531719838651
294773.411807,2760366.126422,0.858241758241758,0,0,0.000549450549450549,0.00201465201465201,0.139194139194139
295273.411807,2760366.126422,0.706043956043956,0.00293040293040293,0,0.0261904761904762,0.0272893772893773,0.237545787545788
295773.411807,2760366.126422,0.947194719471947,0.00275027502750275,0,0.000366703337000367,0.0011001100110011,0.0485881921525486
296273.411807,2760366.126422,0.903296703296703,0.00311355311355311,0,0.00366300366300366,0.00805860805860806,0.0818681318681319
296773.411807,2760366.126422,0.976923076923077,0.00146520146520147,0,0.000366300366300366,0,0.0212454212454212
297273.411807,2760366.126422,0.962046204620462,0.00055005500550055,0,0.000733406674000733,0.00128346167950128,0.0353868720205354
297773.411807,2760366.126422,0.89047619047619,0.000366300366300366,0,0.00769230769230769,0.00659340659340659,0.0948717948717949
298273.411807,2760366.126422,0.956043956043956,0,0,0,0.000915750915750916,0.043040293040293
298773.411807,2760366.126422,0.523652365236524,0.0132013201320132,0.0033003300330033,0.214521452145215,0.081958195819582,0.163366336633663
299273.411807,2760366.126422,0.200549450549451,0.0195970695970696,0.00805860805860806,0.434798534798535,0.155311355311355,0.181684981684982
299773.411807,2760366.126422,0.307509157509158,0.0307692307692308,0.0128205128205128,0.336080586080586,0.117399267399267,0.195421245421245
300273.411807,2760366.126422,0.414741474147415,0.00788412174550788,0.011001100110011,0.256692335900257,0.0858085808580858,0.223872387238724
288273.411807,2759866.126422,0.0513102437236577,0.0962067069818582,0.126443100604728,0.591533809785596,0.0853949056258017,0.0491112332783581
288773.411807,2759866.126422,0.123325380803817,0.114149385208295,0.0550559735731327,0.459717379335658,0.112497706001101,0.135254175077996
289273.411807,2759866.126422,0.0984779020722538,0.141573445809646,0.0185219145424537,0.160645516229598,0.0845406198422887,0.496240601503759
289773.411807,2759866.126422,0.100421477002016,0.0775151181968114,0.089792926516401,0.391607110133773,0.074216602528862,0.266446765622137
290273.411807,2759866.126422,0.0968985134887135,0.0715727656450725,0.0737750045879978,0.29473297852817,0.0737750045879978,0.389245733162048
290773.411807,2759866.126422,0.238767650834403,0.0509811113148725,0.0750045846323125,0.228498074454429,0.0918760315422703,0.314872547221713
291273.411807,2759866.126422,0.904343045629467,0.00256551218618288,0,0.00714678394722375,0.00238226131574125,0.0835623969213854
291773.411807,2759866.126422,0.674252156358965,0.00605615709304459,0,0.0798311616810424,0.0499174160396403,0.189943108827308
292273.411807,2759866.126422,0.903722721437741,0.000183385292499542,0,0.000916926462497708,0.00146708233999633,0.0937098844672657
292773.411807,2759866.126422,0.935495693604545,0.000183250870441635,0,0.000366501740883269,0.00128275609309144,0.062671797691039
293273.411807,2759866.126422,0.983116168104239,0,0,0,0.000734079647641769,0.0161497522481189
293773.411807,2759866.126422,0.940766550522648,0,0,0.000183385292499542,0.000183385292499542,0.0588666788923528
294273.411807,2759866.126422,0.926882902693788,0.000733003481766538,0,0.000366501740883269,0.000916254352208173,0.0711013377313542
294773.411807,2759866.126422,0.930996513121674,0.000550559735731327,0,0.000550559735731327,0.000183519911910442,0.0677188474949532
295273.411807,2759866.126422,0.849624060150376,0.00330093526499175,0,0.00110031175499725,0.00330093526499175,0.142673757564643
295773.411807,2759866.126422,0.935312442734103,0.00403151914971596,0,0.000916254352208173,0.00164925783397471,0.0580905259299982
296273.411807,2759866.126422,0.957973940172509,0.000550559735731327,0,0,0.000183519911910442,0.0412919801798495
296773.411807,2759866.126422,0.613423803410966,0.00183385292499542,0,0.0221896203924445,0.0133871263524665,0.349165596919127
297273.411807,2759866.126422,0.887483965548836,0.00201575957485798,0,0.000183250870441635,0.000916254352208173,0.109400769653656
297773.411807,2759866.126422,0.920902917966599,0.000734079647641769,0,0,0,0.0783630023857589
298273.411807,2759866.126422,0.468732807628828,0.0146708233999633,0.00183385292499542,0.170915092609573,0.0689528699798276,0.274894553456813
298773.411807,2759866.126422,0.386842587502291,0.0089792926516401,0.00183250870441635,0.319772768920652,0.089792926516401,0.1927799157046
