"x","y","forest","agri","water","built","other","grass"
160773.411807,2599866.126422,0.0908199934661875,0.128062724599804,0,0.000326690623979092,0.00588043123162365,0.774910160078406
161273.411807,2599866.126422,0.200385356454721,0,0,0,0,0.799614643545279
161773.411807,2599866.126422,0.123038810900083,0.00715661987338288,0.0134874759152216,0.00770712909441233,0.0217451142306634,0.826864849986237
162273.411807,2599866.126422,0.144037455246489,0,0,0,0,0.855962544753511
162773.411807,2599866.126422,0.162124965593174,0.000550509221029452,0.00247729149463253,0.0011010184420589,0.00220203688411781,0.831544178364988
163273.411807,2599866.126422,0.147811725846408,0.0666116157445637,0.116983209468759,0.0344068263143408,0.0897330030278007,0.544453619598128
163773.411807,2599866.126422,0,0.23134122831176,0.284494629578628,0.102451115395208,0.0539796199394106,0.327733406774993
164273.411807,2599866.126422,0.0074318744838976,0.204238921001927,0.340489953206716,0.0619322873658134,0.0856041838700798,0.300302780071566
164773.411807,2599866.126422,0.0209193503991192,0.238645747316268,0.0800990916597853,0.117258464079273,0.103495733553537,0.439581612992018
165273.411807,2599866.126422,0.025612778848802,0.335444781052052,0.0154227485541173,0.157532360231341,0.0663729000275406,0.399614431286147
165773.411807,2599866.126422,0.0209193503991192,0.443985686760253,0,0.0250481695568401,0.0514726121662538,0.458574181117534
166273.411807,2599866.126422,0.0286264794935315,0.0891824938067713,0.0184420589044866,0.214973850812001,0.192953481970823,0.455821635012386
166773.411807,2599866.126422,0.652437345083999,0.0550812448361333,0.000275406224180667,0.000275406224180667,0.006609749380336,0.28532084825117
167273.411807,2599866.126422,0.374621524910542,0.186897880539499,0,0.0283512248830168,0.0484448114505918,0.36168455821635
167773.411807,2599866.126422,0.155243600330306,0.344343517753922,0,0.103770988164052,0.108725571153317,0.287916322598403
168273.411807,2599866.126422,0.0209308730377307,0.64472597080694,0,0.006609749380336,0.0217570917102727,0.30597631506472
168773.411807,2599866.126422,0.00688136526286815,0.578585191301954,0,0.00770712909441233,0.0220203688411781,0.384805945499587
169273.411807,2599866.126422,0.000550509221029452,0.540324800440407,0,0.0107349298100743,0.083402146985962,0.364987613542527
169773.411807,2599866.126422,0.0212062792619113,0.483062517212889,0,0.0451666207656293,0.0754613054255026,0.375103277334068
170273.411807,2599866.126422,0.0569777043765483,0.452793834296724,0,0.0677126341866226,0.131846958436554,0.290668868703551
170773.411807,2599866.126422,0.0971648775116983,0.521882741535921,0,0.0891824938067713,0.0759702725020644,0.215799614643545
171273.411807,2599866.126422,0.054530432387772,0.675846874139356,0,0.0804186174607546,0.0481960892316166,0.141007986780501
171773.411807,2599866.126422,0.0451417561244151,0.459399944949078,0,0.206991467107074,0.11065235342692,0.177814478392513
172273.411807,2599866.126422,0.0181668042939719,0.611615744563721,0,0.00247729149463253,0.0074318744838976,0.360308285163776
172773.411807,2599866.126422,0.0134949049848527,0.624621316441752,0,0.0608647755439273,0.0457174332139906,0.255301569815478
173273.411807,2599866.126422,0.0016827934371056,0.820361800588978,0,0,0,0.177955405973917
160773.411807,2599366.126422,0.0706638115631692,0.133404710920771,0.342184154175589,0.0588865096359743,0.0197002141327623,0.375160599571734
161273.411807,2599366.126422,0.226280051385575,0.00605615709304459,0,0,0.000550559735731327,0.767113231785649
161773.411807,2599366.126422,0.227581147991931,0.00366770584999083,0,0.0022006235099945,0.00898587933247754,0.757564643315606
162273.411807,2599366.126422,0.152281473336998,0.0144768187648891,0.272310793476269,0.00109950522264981,0.00568077698369067,0.554150632215503
162773.411807,2599366.126422,0.178748394200771,0.0356028629106258,0.37346302073775,0.0150486327766563,0.0205542301339695,0.376582859240228
163273.411807,2599366.126422,0.114432422519714,0.141756831102146,0.248303686044379,0.0496974142673758,0.0693196405648267,0.376490005501559
163773.411807,2599366.126422,0.00128275609309144,0.158328752061572,0.483782297965915,0.142202675462708,0.0529595015576324,0.16144401685908
164273.411807,2599366.126422,0.00367039823820885,0.168287759221876,0.261148834648559,0.240044044778859,0.105707469260415,0.221141493852083
164773.411807,2599366.126422,0.00476801760498808,0.263341280029342,0.267375756464332,0.174582798459564,0.0590500641848524,0.230882083256923
165273.411807,2599366.126422,0.0524097489463075,0.252886201209456,0.0850284038849184,0.245006413780465,0.101154480483782,0.263514751695071
165773.411807,2599366.126422,0.0387227014131033,0.158744723802533,0.101119471462654,0.285373463020738,0.178748394200771,0.237291246100202
166273.411807,2599366.126422,0.275077938749312,0.0430955437373923,0.0128369704749679,0.0405281496423987,0.0654685494223363,0.562992847973593
166773.411807,2599366.126422,0.371449514385193,0.00549752611324904,0.00274876305662452,0.334249587685542,0.135422393256368,0.150632215503024
167273.411807,2599366.126422,0.434942191227748,0.0102771150669848,0,0.0308313452009543,0.0574417324279684,0.466507616076344
167773.411807,2599366.126422,0.470933431138823,0.0495140289748762,0.00495140289748762,0.0423620025673941,0.0540986612873648,0.378140473134055
168273.411807,2599366.126422,0.127725856697819,0.441451346893898,0,0.0163093274693055,0.0615722924683892,0.352941176470588
168773.411807,2599366.126422,0.0275279867865663,0.68049183336392,0,0.00862543585979079,0.0264268673151037,0.256927876674619
169273.411807,2599366.126422,0.028791490922428,0.447643498991381,0,0.124518613607189,0.109847790207225,0.289198606271777
169773.411807,2599366.126422,0.0148433205057724,0.573025471870991,0.0207073483599047,0.00861279091075683,0.0624885468205974,0.320322521531977
170273.411807,2599366.126422,0.02073775004588,0.415305560653331,0.0431271792989539,0.0662506881996697,0.104422829877042,0.350155991925124
170773.411807,2599366.126422,0.0465798642948836,0.618558591600954,0,0.0271410232899321,0.0592334494773519,0.248487071336879
171273.411807,2599366.126422,0.0324354040681693,0.665017408832692,0,0.00842954004031519,0.0331684075499359,0.260949239508888
171773.411807,2599366.126422,0.101670031198385,0.544687098550193,0,0.0194531106625069,0.0627638098733713,0.271425949715544
172273.411807,2599366.126422,0.00898587933247754,0.663121217678342,0,0.000733541169998166,0.0218228498074454,0.305336512011737
172773.411807,2599366.126422,0.0122778083195895,0.681876488913322,0,0.00348176653839106,0.0157595748579806,0.286604361370716
173273.411807,2599366.126422,0.164911308203991,0.389135254988914,0,0.0365853658536585,0.0562638580931264,0.35310421286031
160773.411807,2598866.126422,0.0098458904109589,0.111943493150685,0.651327054794521,0.0346746575342466,0.0308219178082192,0.16138698630137
161273.411807,2598866.126422,0.00422018348623853,0.228440366972477,0.398165137614679,0.0143119266055046,0.0411009174311927,0.313761467889908
161773.411807,2598866.126422,0.0130251330031187,0.0867730691616217,0.68904788112273,0.0194459732159237,0.0715465052283985,0.120161438268208
162273.411807,2598866.126422,0,0.039010989010989,0.872893772893773,0.0305860805860806,0.023992673992674,0.0335164835164835
163773.411807,2598866.126422,0.00860805860805861,0.0489010989010989,0.693223443223443,0.166300366300366,0.0364468864468864,0.0465201465201465
164273.411807,2598866.126422,0.0110091743119266,0.186605504587156,0.588440366972477,0.148073394495413,0.0212844036697248,0.0445871559633028
164773.411807,2598866.126422,0.00550357732526142,0.0966795083470923,0.549623922216107,0.187121629058888,0.0434782608695652,0.117593102183086
165273.411807,2598866.126422,0.0183150183150183,0.120512820512821,0.537545787545788,0.219230769230769,0.0567765567765568,0.0476190476190476
165773.411807,2598866.126422,0.0231192660550459,0.156880733944954,0.277981651376147,0.357798165137615,0.0911926605504587,0.0930275229357798
166273.411807,2598866.126422,0.0922766464868831,0.0631076866629976,0.245092643551642,0.110438451660246,0.120344890845716,0.368739680792515
166773.411807,2598866.126422,0.0666666666666667,0.0553113553113553,0.191391941391941,0.333516483516483,0.25,0.103113553113553
167273.411807,2598866.126422,0.200183486238532,0.0174311926605505,0.105137614678899,0.221651376146789,0.112660550458716,0.342935779816514
167773.411807,2598866.126422,0.348192992111539,0.102366538249862,0.100715465052284,0.0293524124013942,0.0687947165657677,0.350577875619152
168273.411807,2598866.126422,0.0853479853479854,0.368864468864469,0.134065934065934,0.0747252747252747,0.0990842490842491,0.237912087912088
168773.411807,2598866.126422,0.0297247706422018,0.407339449541284,0.124954128440367,0.0453211009174312,0.0642201834862385,0.328440366972477
169273.411807,2598866.126422,0.0739313887360117,0.303614015776922,0.164373509447808,0.0509998165474225,0.0658594753256283,0.341221794166208
169773.411807,2598866.126422,0.0516483516483516,0.399450549450549,0.0811355311355311,0.158974358974359,0.0776556776556777,0.231135531135531
170273.411807,2598866.126422,0.0185321100917431,0.551192660550459,0.0227522935779817,0.0506422018348624,0.06,0.296880733944954
170773.411807,2598866.126422,0.0596220876903321,0.543753439735828,0.0959456980370574,0.0225646670335718,0.0427444505595304,0.23536965694368
171273.411807,2598866.126422,0.041025641025641,0.6003663003663,0,0.0377289377289377,0.0362637362637363,0.284615384615385
171773.411807,2598866.126422,0.0297247706422018,0.770825688073394,0,0.00018348623853211,0.00146788990825688,0.197798165137615
172273.411807,2598866.126422,0.0223812144560631,0.760594386351128,0,0,0.00715465052283985,0.209869748669969
172773.411807,2598866.126422,0.0474358974358974,0.438827838827839,0.00586080586080586,0.0305860805860806,0.0347985347985348,0.442490842490842
173273.411807,2598866.126422,0.0119113573407202,0.622160664819945,0,0.0121883656509695,0.0365650969529086,0.317174515235457
164273.411807,2598366.126422,0.00695970695970696,0.243040293040293,0.31025641025641,0.162637362637363,0.0675824175824176,0.20952380952381
164773.411807,2598366.126422,0.00769230769230769,0.194139194139194,0.235897435897436,0.0796703296703297,0.0446886446886447,0.437912087912088
165273.411807,2598366.126422,0.0353868720205354,0.111844517785112,0.0858085808580858,0.379354602126879,0.117528419508618,0.27007700770077
165773.411807,2598366.126422,0.0873626373626374,0.208974358974359,0.131501831501832,0.129487179487179,0.116300366300366,0.326373626373626
166273.411807,2598366.126422,0.0227106227106227,0.243406593406593,0.137179487179487,0.15952380952381,0.117216117216117,0.31996336996337
166773.411807,2598366.126422,0.0170517051705171,0.337733773377338,0.158599193252659,0.0375870920425376,0.0881921525485882,0.360836083608361
167273.411807,2598366.126422,0.0128205128205128,0.319413919413919,0.0505494505494506,0.0593406593406593,0.116849816849817,0.441025641025641
167773.411807,2598366.126422,0.0324175824175824,0.251648351648352,0.0688644688644689,0.127289377289377,0.157326007326007,0.362454212454212
168273.411807,2598366.126422,0.0562889622295563,0.245691235790246,0.00201686835350202,0.236156949028236,0.194536120278695,0.265309864319765
168773.411807,2598366.126422,0.0928571428571429,0.155860805860806,0.0734432234432234,0.241208791208791,0.182967032967033,0.253663003663004
169273.411807,2598366.126422,0.0553113553113553,0.105494505494505,0.186263736263736,0.106776556776557,0.0622710622710623,0.483882783882784
169773.411807,2598366.126422,0.108544187752109,0.305280528052805,0.161349468280161,0.0891089108910891,0.0782911624495783,0.257425742574257
170273.411807,2598366.126422,0.0822344322344322,0.52967032967033,0,0.0212454212454212,0.0531135531135531,0.313736263736264
170773.411807,2598366.126422,0.0928571428571429,0.39029304029304,0,0.203663003663004,0.144688644688645,0.168498168498169
171273.411807,2598366.126422,0.0616061606160616,0.318665199853319,0.0726072607260726,0.108727539420609,0.083975064173084,0.354418775210854
171773.411807,2598366.126422,0.0485347985347985,0.595238095238095,0.030952380952381,0.0146520146520147,0.0192307692307692,0.291391941391941
172273.411807,2598366.126422,0.0208791208791209,0.493223443223443,0.0111721611721612,0.0272893772893773,0.034981684981685,0.412454212454212
172773.411807,2598366.126422,0.0628896222955629,0.338650531719839,0.00275027502750275,0.114594792812615,0.127246057939127,0.353868720205354
173273.411807,2598366.126422,0.023783185840708,0.532356194690266,0,0.0807522123893805,0.0713495575221239,0.291758849557522
163773.411807,2597866.126422,0.000549752611324904,0.160527762506872,0.643760307861462,0.125893347993403,0.0238226131574125,0.0454462158695254
164273.411807,2597866.126422,0,0.164800880895577,0.425215635896495,0.153239126445219,0.0565241328684162,0.200220223894293
164773.411807,2597866.126422,0.0227397762699432,0.201907207041995,0.230148542086925,0.118100128369705,0.0993948285347515,0.327709517696681
165273.411807,2597866.126422,0.0395821880153931,0.24665567161444,0.0808136338647609,0.130841121495327,0.160894264247755,0.341213120762324
165773.411807,2597866.126422,0.0392732611488346,0.378051018535511,0.0370710222059093,0.131583776839787,0.123508900715728,0.29051202055423
166273.411807,2597866.126422,0.0854575463047864,0.241151659636897,0.00825233816247937,0.286997982761783,0.146524848707134,0.231615624426921
166773.411807,2597866.126422,0.0219901044529962,0.425325270295034,0.00971229613340663,0.0789811251603445,0.0846619021440352,0.379329301814184
167273.411807,2597866.126422,0.0308313452009543,0.559185171591118,0.0317489447605065,0.0271609469627455,0.0467975775371628,0.304276013947513
167773.411807,2597866.126422,0.0997615991197506,0.486887951586283,0.004401247019989,0.0300751879699248,0.0687694846873281,0.310104529616725
168273.411807,2597866.126422,0.0615722924683892,0.213853765805388,0.129741616272677,0.151914971596115,0.0503939893714495,0.392523364485981
168773.411807,2597866.126422,0.0374380620297302,0.556432372912461,0.00330335841438796,0.00862543585979079,0.0205542301339695,0.37364654064966
169273.411807,2597866.126422,0.0227397762699432,0.697230882083257,0,0.0275077938749312,0.0143040528149642,0.238217494956904
169773.411807,2597866.126422,0.0267546270844787,0.739234011361554,0,0.0122778083195895,0.0218068535825545,0.199926699651823
170273.411807,2597866.126422,0.0280785465222977,0.48559368691503,0.131033217104056,0.0675353275830428,0.0282620664342081,0.259497155441365
170773.411807,2597866.126422,0.0412616908123968,0.452594901888869,0.0740876581698148,0.106913625527233,0.0871080139372822,0.238034109664405
171273.411807,2597866.126422,0.0289536375297783,0.662085394905626,0,0.0247388675096207,0.0557082646142569,0.228513835440718
171773.411807,2597866.126422,0.0209212699577904,0.629473297852817,0,0.039823820884566,0.0412919801798495,0.268489631124977
172273.411807,2597866.126422,0.0480469466348799,0.232349165596919,0,0.20814230698698,0.185035760132037,0.326425820649184
172773.411807,2597866.126422,0.0203408466190214,0.438519332966832,0.000549752611324904,0.138354407183434,0.0709180868609126,0.331317573758475
173273.411807,2597866.126422,0.0321507760532151,0.213691796008869,0,0.117516629711752,0.113913525498891,0.522727272727273
163273.411807,2597366.126422,0.00238488350761328,0.0552192258301229,0.715465052283985,0.196477710511833,0.0196294257934324,0.0108237020730141
163773.411807,2597366.126422,0.0010989010989011,0.117399267399267,0.577838827838828,0.175274725274725,0.0408424908424908,0.0875457875457875
164273.411807,2597366.126422,0.0119266055045872,0.105871559633028,0.24605504587156,0.106788990825688,0.111192660550459,0.418165137614679
164773.411807,2597366.126422,0.0337552742616034,0.0818198495688864,0.194459732159237,0.223628691983122,0.0941111722619703,0.372225279765181
165273.411807,2597366.126422,0.0371794871794872,0.118315018315018,0.238461538461538,0.107509157509158,0.0950549450549451,0.403479853479853
165773.411807,2597366.126422,0.0515596330275229,0.30697247706422,0.0994495412844037,0.127889908256881,0.10954128440367,0.304587155963303
166273.411807,2597366.126422,0.015410016510732,0.496055769583563,0.067327095945698,0.0500825536598789,0.0961291506145661,0.274995413685562
166773.411807,2597366.126422,0.0738095238095238,0.483516483516484,0.00256410256410256,0.0597069597069597,0.0626373626373626,0.317765567765568
167273.411807,2597366.126422,0.0130275229357798,0.716330275229358,0,0.00293577981651376,0.0188990825688073,0.248807339449541
167773.411807,2597366.126422,0.0774169877086773,0.266373142542653,0.292239955971381,0.0429279031370391,0.0561364887176665,0.264905521922583
168273.411807,2597366.126422,0.0516483516483516,0.302380952380952,0.0844322344322344,0.0186813186813187,0.0318681318681319,0.510989010989011
168773.411807,2597366.126422,0.0152293577981651,0.560733944954128,0.0146788990825688,0.00880733944954129,0.0244036697247706,0.376146788990826
169273.411807,2597366.126422,0.0117409649605577,0.627040909924784,0.00495321959273528,0.0262337185837461,0.0379746835443038,0.292056503393873
169773.411807,2597366.126422,0.026007326007326,0.462271062271062,0.00164835164835165,0.101831501831502,0.0639194139194139,0.344322344322344
170273.411807,2597366.126422,0.0376146788990826,0.608623853211009,0,0.0412844036697248,0.0422018348623853,0.270275229357798
170773.411807,2597366.126422,0.0610897083104018,0.332049165290772,0.263621353880022,0.0359567051917079,0.0464135021097046,0.260869565217391
171273.411807,2597366.126422,0.0725274725274725,0.483516483516484,0.0175824175824176,0.0725274725274725,0.0379120879120879,0.315934065934066
171773.411807,2597366.126422,0.0568807339449541,0.48954128440367,0,0.0812844036697248,0.0715596330275229,0.300733944954128
172273.411807,2597366.126422,0.113190240322877,0.36378646119978,0,0.0665932856356632,0.0665932856356632,0.389836727206017
172773.411807,2597366.126422,0.111721611721612,0.292490842490843,0.0481684981684982,0.162087912087912,0.0888278388278388,0.296703296703297
173273.411807,2597366.126422,0.0858725761772853,0.418559556786704,0,0.227146814404432,0.0368421052631579,0.231578947368421
162773.411807,2596866.126422,0.00421245421245421,0.0804029304029304,0.464652014652015,0.311721611721612,0.08003663003663,0.058974358974359
163273.411807,2596866.126422,0.0214285714285714,0.0913919413919414,0.089010989010989,0.408424908424908,0.161721611721612,0.228021978021978
163773.411807,2596866.126422,0.00843417675100843,0.0595892922625596,0.421342134213421,0.199119911991199,0.083975064173084,0.227539420608728
164273.411807,2596866.126422,0.000183150183150183,0.0743589743589744,0.713919413919414,0.0457875457875458,0.0197802197802198,0.145970695970696
164773.411807,2596866.126422,0.013003663003663,0.11978021978022,0.291391941391941,0.0880952380952381,0.0578754578754579,0.42985347985348
165273.411807,2596866.126422,0.0641730839750642,0.0683901723505684,0.0313531353135314,0.288228822882288,0.177667766776678,0.37018701870187
165773.411807,2596866.126422,0.036996336996337,0.23992673992674,0.000183150183150183,0.153663003663004,0.171978021978022,0.397252747252747
166273.411807,2596866.126422,0.0368131868131868,0.474908424908425,0.0021978021978022,0.0318681318681319,0.0611721611721612,0.393040293040293
166773.411807,2596866.126422,0.0223689035570224,0.375687568756876,0.00825082508250825,0.0601393472680601,0.114044737807114,0.41950861752842
167273.411807,2596866.126422,0.0338827838827839,0.405494505494505,0.00128205128205128,0.0432234432234432,0.0549450549450549,0.461172161172161
167773.411807,2596866.126422,0.0441391941391941,0.0225274725274725,0.211172161172161,0.0485347985347985,0.0573260073260073,0.616300366300366
168273.411807,2596866.126422,0.0473047304730473,0.0999266593325999,0.126696002933627,0.00531719838650532,0.0344701136780345,0.686285295196186
168773.411807,2596866.126422,0.23974358974359,0.333150183150183,0.000366300366300366,0.0263736263736264,0.0326007326007326,0.367765567765568
169273.411807,2596866.126422,0.573992673992674,0.145604395604396,0,0.00402930402930403,0.0137362637362637,0.262637362637363
169773.411807,2596866.126422,0.0641730839750642,0.327649431609828,0.00898423175650898,0.145947928126146,0.131829849651632,0.321415474880821
170273.411807,2596866.126422,0.0225274725274725,0.590842490842491,0.00567765567765568,0.0901098901098901,0.0441391941391941,0.246703296703297
170773.411807,2596866.126422,0.0994505494505494,0.308974358974359,0.174908424908425,0.0584249084249084,0.0483516483516484,0.30989010989011
171273.411807,2596866.126422,0.0207187385405207,0.74019068573524,0,0.0108177484415108,0.0383204987165383,0.18995232856619
171773.411807,2596866.126422,0.0765567765567766,0.640842490842491,0,0.0326007326007326,0.0364468864468864,0.213553113553114
172273.411807,2596866.126422,0.184432234432234,0.222893772893773,0.0135531135531136,0.196703296703297,0.0408424908424908,0.341575091575092
172773.411807,2596866.126422,0.103593692702604,0.360652731939861,0,0.12009534286762,0.0768243491015768,0.338833883388339
173273.411807,2596866.126422,0.161780973451327,0.199944690265487,0.0353982300884956,0.168694690265487,0.0342920353982301,0.399889380530973
162773.411807,2596366.126422,0.0150486327766563,0.0458799779776106,0.263718113415306,0.502844558634612,0.0974490732244448,0.0750596439713709
163273.411807,2596366.126422,0,0.0673024023473317,0.444892719603888,0.36401980561159,0.0423620025673941,0.0814230698697964
163773.411807,2596366.126422,0.00971229613340663,0.0938244456661169,0.0960234561114165,0.061205790727506,0.0883269195528679,0.650907091808686
164273.411807,2596366.126422,0.000183519911910442,0.164984400807488,0.528904386125895,0.0326665443200587,0.0495503762158194,0.223710772618829
164773.411807,2596366.126422,0.0104529616724739,0.210893086374473,0.321291032459197,0.155327342747112,0.0937098844672657,0.208325692279479
165273.411807,2596366.126422,0.0419644493311343,0.160527762506872,0.0853949056258017,0.165292285138354,0.130291368884002,0.416529228513835
165773.411807,2596366.126422,0.0403743806202973,0.432556432372912,0,0.0133969535694623,0.0359699027344467,0.477702330702881
166273.411807,2596366.126422,0.0520814230698698,0.177150192554557,0.187419768934531,0.0553823583348615,0.052814964239868,0.475151292866312
166773.411807,2596366.126422,0.0461792193512919,0.19736118746564,0.105919003115265,0.157045995968481,0.112699285321605,0.380795308777717
167273.411807,2596366.126422,0.00385391815011929,0.396586529638466,0.0458799779776106,0.0495503762158194,0.0717562855569829,0.432372912461002
167773.411807,2596366.126422,0.0865578580597836,0.0456629378323858,0.304236200256739,0.157344580964607,0.0513478818998716,0.354850540986613
168273.411807,2596366.126422,0.0934579439252336,0.24097489463075,0.0692688290269379,0.0806303829943192,0.100421477002016,0.415246472420744
168773.411807,2596366.126422,0.122040741420444,0.308680491833364,0,0.0185355111029547,0.0311983850247752,0.519544870618462
169273.411807,2596366.126422,0.514945901338713,0.0148542086924629,0,0.0320924261874198,0.0225563909774436,0.415551072803961
169773.411807,2596366.126422,0.0947407000183251,0.307678211471504,0.0815466373465274,0.0661535642294301,0.0375664284405351,0.412314458493678
170273.411807,2596366.126422,0.0453294182418792,0.368507983116168,0.00275279867865663,0.163883281336025,0.1159845843274,0.303541934299872
170773.411807,2596366.126422,0.178617274894553,0.333944617641665,0,0.116449660737209,0.119383825417202,0.251604621309371
171273.411807,2596366.126422,0.127725856697819,0.384277075316108,0.144401685908008,0.0364669232178853,0.0276708814366868,0.279457577423493
171773.411807,2596366.126422,0.191594788034502,0.186456230501009,0.115434024591668,0.0638649293448339,0.0673518076711323,0.375298219856854
172273.411807,2596366.126422,0.11589950485971,0.229965156794425,0.00843572345497891,0.280396112231799,0.0878415551072804,0.277461947551806
172773.411807,2596366.126422,0.059190031152648,0.0172255818215137,0.00842954004031519,0.726772952171523,0.144401685908008,0.0439802089059923
173273.411807,2596366.126422,0.166574279379157,0.0620842572062084,0.00138580931263858,0.467294900221729,0.171008869179601,0.131651884700665
162773.411807,2595866.126422,0.000917431192660551,0.031743119266055,0.822385321100917,0.126238532110092,0.00752293577981651,0.0111926605504587
163273.411807,2595866.126422,0.00990643918547056,0.0897083104017612,0.188772702256467,0.376261236470372,0.134837644468905,0.200513667217024
163773.411807,2595866.126422,0.00512820512820513,0.0782051282051282,0.291758241758242,0.0842490842490843,0.13003663003663,0.410622710622711
164273.411807,2595866.126422,0.00073394495412844,0.125688073394495,0.665504587155963,0.145504587155963,0.00972477064220183,0.0528440366972477
164773.411807,2595866.126422,0.00146762062006971,0.147679324894515,0.487433498440653,0.205833791964777,0.0464135021097046,0.111172261970281
165273.411807,2595866.126422,0.0122710622710623,0.156043956043956,0.298717948717949,0.151098901098901,0.0985347985347985,0.283333333333333
165773.411807,2595866.126422,0.0568807339449541,0.115596330275229,0.18605504587156,0.271376146788991,0.128807339449541,0.241284403669725
166273.411807,2595866.126422,0.161988625940194,0.0335718216840947,0.501559346908824,0.091726288754357,0.0445789763346175,0.166574940377912
166773.411807,2595866.126422,0.188278388278388,0.0732600732600733,0.346336996336996,0.125274725274725,0.0602564102564103,0.206593406593407
167273.411807,2595866.126422,0.203669724770642,0.0431192660550459,0.225688073394495,0.0875229357798165,0.0304587155963303,0.40954128440367
167773.411807,2595866.126422,0.0997982021647404,0.303430563199413,0.0909924784443221,0.103100348559897,0.0796184186387819,0.323059988992845
168273.411807,2595866.126422,0.0990842490842491,0.357326007326007,0.000732600732600733,0.122893772893773,0.123443223443223,0.296520146520147
168773.411807,2595866.126422,0.287522935779817,0.236146788990826,0,0.0223853211009174,0.0291743119266055,0.424770642201835
169273.411807,2595866.126422,0.541552008805724,0.00201797835259585,0,0.0550357732526142,0.0311869381764814,0.370207301412585
169773.411807,2595866.126422,0.186080586080586,0.131868131868132,0.0318681318681319,0.263919413919414,0.112454212454212,0.273809523809524
170273.411807,2595866.126422,0.0388990825688073,0.297247706422018,0.00165137614678899,0.250275229357798,0.073394495412844,0.338532110091743
170773.411807,2595866.126422,0.0886075949367089,0.304714731241974,0,0.206934507429829,0.100715465052284,0.299027701339204
171273.411807,2595866.126422,0.0677655677655678,0.171245421245421,0.000549450549450549,0.317216117216117,0.128754578754579,0.314468864468864
171773.411807,2595866.126422,0.041651376146789,0.0891743119266055,0.00036697247706422,0.537798165137615,0.149357798165138,0.181651376146789
172273.411807,2595866.126422,0.0603558980003669,0.0275178866263071,0.00807191341038342,0.681342872867364,0.15116492386718,0.0715465052283985
172773.411807,2595866.126422,0.0179487179487179,0.00824175824175824,0.0186813186813187,0.874358974358974,0.0683150183150183,0.0124542124542125
173273.411807,2595866.126422,0.0745152354570637,0.0351800554016621,0.00498614958448753,0.665927977839335,0.167036011080332,0.0523545706371191
162773.411807,2595366.126422,0.065018315018315,0.082967032967033,0.505494505494505,0.121245421245421,0.0399267399267399,0.185347985347985
163273.411807,2595366.126422,0.0217948717948718,0.0822344322344322,0.135164835164835,0.382967032967033,0.110622710622711,0.267216117216117
163773.411807,2595366.126422,0.0154015401540154,0.0333700036670334,0.571873854052072,0.285661899523286,0.0381371470480381,0.0555555555555556
164273.411807,2595366.126422,0.00146520146520147,0.0915750915750916,0.75,0.130952380952381,0.00641025641025641,0.0195970695970696
164773.411807,2595366.126422,0.00531135531135531,0.0913919413919414,0.67051282051282,0.168131868131868,0.0287545787545788,0.0358974358974359
165273.411807,2595366.126422,0.072973964063073,0.103410341034103,0.179134580124679,0.274110744407774,0.155848918225156,0.214521452145215
165773.411807,2595366.126422,0.175824175824176,0.0941391941391941,0.0794871794871795,0.207692307692308,0.0901098901098901,0.352747252747253
166273.411807,2595366.126422,0.106410256410256,0.138461538461538,0.232051282051282,0.170879120879121,0.0950549450549451,0.257142857142857
166773.411807,2595366.126422,0.0830583058305831,0.12027869453612,0.224055738907224,0.228456178951228,0.118078474514118,0.226072607260726
167273.411807,2595366.126422,0.0380952380952381,0.266666666666667,0.039010989010989,0.147985347985348,0.178205128205128,0.33003663003663
167773.411807,2595366.126422,0.0496336996336996,0.369230769230769,0.00164835164835165,0.134065934065934,0.0937728937728938,0.351648351648352
168273.411807,2595366.126422,0.544737807114045,0.0531719838650532,0,0.0968096809680968,0.0487715438210488,0.256508984231756
168773.411807,2595366.126422,0.568681318681319,0.0514652014652015,0,0.0615384615384615,0.0443223443223443,0.273992673992674
169273.411807,2595366.126422,0.0996336996336996,0.289194139194139,0.00787545787545788,0.272161172161172,0.110805860805861,0.22032967032967
169773.411807,2595366.126422,0.05995599559956,0.322698936560323,0,0.228272827282728,0.131463146314631,0.257609094242758
170273.411807,2595366.126422,0.0327838827838828,0.578571428571429,0.000366300366300366,0.0858974358974359,0.0446886446886447,0.257692307692308
170773.411807,2595366.126422,0.0728937728937729,0.298351648351648,0,0.0822344322344322,0.0851648351648352,0.461355311355311
171273.411807,2595366.126422,0.0430876420975431,0.432159882654932,0,0.0476714338100477,0.0577557755775578,0.419325265859919
171773.411807,2595366.126422,0.073992673992674,0.458791208791209,0.0192307692307692,0.0470695970695971,0.0298534798534799,0.371062271062271
172273.411807,2595366.126422,0.143223443223443,0.0723443223443224,0.000915750915750916,0.405677655677656,0.164285714285714,0.213553113553114
172773.411807,2595366.126422,0.0592225889255592,0.0212687935460213,0.00275027502750275,0.716171617161716,0.140630729739641,0.05995599559956
173273.411807,2595366.126422,0.211006637168142,0.0990044247787611,0,0.377212389380531,0.104258849557522,0.208517699115044
161773.411807,2594866.126422,0.219695580414451,0.0328259673574179,0.28388043278929,0.0627177700348432,0.0753713552173116,0.325508894186686
162273.411807,2594866.126422,0.0318856514568444,0.0910756826094924,0.0544255085211655,0.218435037566428,0.202125710097123,0.402052409748946
162773.411807,2594866.126422,0.0179849513672233,0.0895577170122958,0.176179115434025,0.341347036153423,0.152688566709488,0.222242613323546
163773.411807,2594866.126422,0,0,0.486714311892981,0.513285688107018,0,0
164273.411807,2594866.126422,0.000917599559552211,0.0341347036153423,0.770049550376216,0.182051752615159,0.0034868783262984,0.00935951550743256
164773.411807,2594866.126422,0.0104529616724739,0.141390060517147,0.634879882633413,0.0750045846323125,0.0414450761048964,0.0968274344397579
165273.411807,2594866.126422,0.021073850100788,0.116914055341763,0.420560747663551,0.104086494410848,0.120395821880154,0.216969030602895
165773.411807,2594866.126422,0.220407414204441,0.0636814094329235,0.288309781611305,0.0838685997430721,0.0833180400073408,0.260414755000918
166273.411807,2594866.126422,0.0669356317623327,0.118833669539703,0.403264258206492,0.148908857509628,0.129103245919677,0.132954337062168
166773.411807,2594866.126422,0.015026571376214,0.178486347810152,0.200476452263148,0.384826827927433,0.131024372365769,0.0901594282572842
167273.411807,2594866.126422,0.0469810974490732,0.419710038539181,0.0750596439713709,0.210864378785098,0.0627638098733713,0.184621031381905
167773.411807,2594866.126422,0.0493306436823767,0.131120484137172,0.106363469649734,0.227397762699432,0.185035760132037,0.300751879699248
168273.411807,2594866.126422,0.0824628916987356,0.35990470954737,0.0514934945940993,0.147333699835074,0.099321971779366,0.259483232545355
168773.411807,2594866.126422,0.0343182235272527,0.320425766195632,0.115801064415489,0.116902183886952,0.0860708386859974,0.326481923288677
169273.411807,2594866.126422,0.041995231982395,0.350632679259123,0.149275628094627,0.131303869429672,0.077205208142307,0.249587383091876
169773.411807,2594866.126422,0.0282206340480117,0.464907458310427,0.0364669232178853,0.0723840938244457,0.09529045262965,0.30273043796958
170273.411807,2594866.126422,0.0198201504863278,0.549275096347954,0.0212883097816113,0.026977427050835,0.076344283354744,0.306294732978528
170773.411807,2594866.126422,0.0553823583348615,0.289932147441775,0.00623509994498441,0.158811663304603,0.0949935815147625,0.394645149459013
171273.411807,2594866.126422,0.0492944841487997,0.252519699468573,0.00403151914971596,0.193879420927249,0.112516034451164,0.387758841854499
171773.411807,2594866.126422,0.112681225913012,0.104789869700863,0.00789135621214902,0.181134153055607,0.118003303358414,0.475500091759956
172273.411807,2594866.126422,0.0399779937649001,0.456445993031359,0.0100861910874748,0.0298918026774253,0.0467632495873831,0.416834769851458
172773.411807,2594866.126422,0.091258933479934,0.147150448964633,0,0.297782664467656,0.172439069085578,0.291368884002199
173273.411807,2594866.126422,0.0731707317073171,0.410476718403548,0,0.0512749445676275,0.0435144124168514,0.421563192904656
163773.411807,2594366.126422,0,0,0.986996336996337,0.013003663003663,0,0
164273.411807,2594366.126422,0.00036697247706422,0.0018348623853211,0.994495412844037,0.00275229357798165,0.00055045871559633,0
164773.411807,2594366.126422,0.00110071546505228,0.0854889011190607,0.738029719317556,0.152449091909741,0.0121078701155751,0.0108237020730141
165273.411807,2594366.126422,0.017032967032967,0.132234432234432,0.550732600732601,0.190659340659341,0.0545787545787546,0.0547619047619048
165773.411807,2594366.126422,0.0526605504587156,0.0471559633027523,0.753394495412844,0.0491743119266055,0.0297247706422018,0.0678899082568807
166273.411807,2594366.126422,0.0124747752705926,0.0678774536782242,0.589433131535498,0.230232984773436,0.0697119794533113,0.0302696752889378
166773.411807,2594366.126422,0.00934065934065934,0.0816849816849817,0.557326007326007,0.268131868131868,0.0412087912087912,0.0423076923076923
167273.411807,2594366.126422,0.00862385321100917,0.11743119266055,0.56348623853211,0.22,0.051743119266055,0.0387155963302752
167773.411807,2594366.126422,0.0359567051917079,0.131718950651257,0.2568336085122,0.302513300311869,0.135021097046413,0.137956338286553
168273.411807,2594366.126422,0.0315018315018315,0.272344322344322,0.290842490842491,0.18956043956044,0.0456043956043956,0.17014652014652
168773.411807,2594366.126422,0.0289908256880734,0.483853211009174,0.105504587155963,0.122752293577982,0.0370642201834862,0.221834862385321
169273.411807,2594366.126422,0.023115024766098,0.445239405613649,0.118693817648138,0.0522839845899835,0.0640249495505412,0.296642817831591
169773.411807,2594366.126422,0.047985347985348,0.457142857142857,0.0401098901098901,0.045970695970696,0.0373626373626374,0.371428571428571
170273.411807,2594366.126422,0.0135779816513761,0.398348623853211,0.0495412844036697,0.0572477064220183,0.0464220183486239,0.434862385321101
170773.411807,2594366.126422,0.0201797835259585,0.237204182718767,0.0702623371858375,0.114841313520455,0.0697119794533113,0.487800403595671
171273.411807,2594366.126422,0.0584249084249084,0.154761904761905,0.0278388278388278,0.154945054945055,0.182417582417582,0.421611721611722
171773.411807,2594366.126422,0.0462385321100917,0.299082568807339,0.0344954128440367,0.135779816513761,0.088256880733945,0.396146788990826
172273.411807,2594366.126422,0.0550357732526142,0.161988625940194,0.0225646670335718,0.281966611630893,0.153733259952302,0.324711062190424
172773.411807,2594366.126422,0.0527472527472527,0.195054945054945,0,0.182051282051282,0.142673992673993,0.427472527472527
173273.411807,2594366.126422,0.0182825484764543,0.344598337950139,0.00415512465373961,0.178393351800554,0.061218836565097,0.393351800554017
163773.411807,2593866.126422,0.00476714338100477,0.0412541254125413,0.757242390905757,0.15016501650165,0.0331866519985332,0.0133846718005134
164273.411807,2593866.126422,0.00164835164835165,0.0186813186813187,0.843772893772894,0.095970695970696,0.0032967032967033,0.0366300366300366
164773.411807,2593866.126422,0.0032967032967033,0.00402930402930403,0.967948717948718,0.0214285714285714,0.00274725274725275,0.000549450549450549
165273.411807,2593866.126422,0.00586725339200587,0.015034836817015,0.850568390172351,0.102860286028603,0.0172350568390172,0.00843417675100843
165773.411807,2593866.126422,0.00769230769230769,0.041025641025641,0.757875457875458,0.15952380952381,0.026007326007326,0.00787545787545788
166273.411807,2593866.126422,0.0168498168498168,0.13021978021978,0.51043956043956,0.226373626373626,0.0445054945054945,0.0716117216117216
166773.411807,2593866.126422,0.0119178584525119,0.1002933626696,0.377154382104877,0.376604327099377,0.0352035203520352,0.0988265493215988
167273.411807,2593866.126422,0.0126373626373626,0.131868131868132,0.437545787545788,0.229304029304029,0.0633699633699634,0.125274725274725
167773.411807,2593866.126422,0.0249084249084249,0.157692307692308,0.423260073260073,0.149450549450549,0.0774725274725275,0.167216117216117
168273.411807,2593866.126422,0.0225522552255226,0.415841584158416,0.0628896222955629,0.164283094976164,0.0830583058305831,0.251375137513751
168773.411807,2593866.126422,0.0115384615384615,0.272893772893773,0.178021978021978,0.35,0.0639194139194139,0.123626373626374
169273.411807,2593866.126422,0.0294871794871795,0.268315018315018,0.214102564102564,0.187728937728938,0.0743589743589744,0.226007326007326
169773.411807,2593866.126422,0.0157682434910158,0.402273560689402,0,0.0293362669600293,0.0445544554455446,0.508067473414008
170273.411807,2593866.126422,0.0435897435897436,0.322710622710623,0,0.0408424908424908,0.0344322344322344,0.558424908424908
170773.411807,2593866.126422,0.0527472527472527,0.156776556776557,0.0021978021978022,0.117399267399267,0.0802197802197802,0.590659340659341
171273.411807,2593866.126422,0.0438210487715438,0.152365236523652,0.00971763843050972,0.275210854418775,0.158599193252659,0.36028602860286
171773.411807,2593866.126422,0.0395604395604396,0.378937728937729,0.00183150183150183,0.108424908424908,0.0782051282051282,0.393040293040293
172273.411807,2593866.126422,0.0906593406593407,0.26043956043956,0.0336996336996337,0.151282051282051,0.135714285714286,0.328205128205128
172773.411807,2593866.126422,0.12999633296663,0.148514851485149,0.00165016501650165,0.290979097909791,0.198203153648698,0.230656398973231
173273.411807,2593866.126422,0.102323008849558,0.227046460176991,0,0.104811946902655,0.154037610619469,0.411780973451327
163273.411807,2593366.126422,0,0.00146708233999633,0.885567577480286,0.100678525582248,0.0121034293049697,0.000183385292499542
163773.411807,2593366.126422,0.00787978742899029,0.0500274876305662,0.622686457760674,0.227047828477185,0.0262048744731537,0.0661535642294301
164273.411807,2593366.126422,0.00385391815011929,0.102771150669848,0.554964213617178,0.173242796843458,0.0376215819416407,0.127546338777757
164773.411807,2593366.126422,0.00256739409499358,0.0893086374472767,0.659453511828351,0.191454245369521,0.0353933614524115,0.0218228498074454
165273.411807,2593366.126422,0.0144768187648891,0.0760491112332784,0.583104269745281,0.274143302180685,0.0329851566794942,0.0192413413963716
165773.411807,2593366.126422,0.0130299137456414,0.10387227014131,0.487061846210314,0.251238759405395,0.097082033400624,0.047715177096715
166273.411807,2593366.126422,0.0629011553273428,0.212360168714469,0.214744177516963,0.273610856409316,0.102695763799743,0.133687878232166
166773.411807,2593366.126422,0.026571376214037,0.359538207806487,0.233828110683526,0.29704966098589,0.0318856514568444,0.051126992853216
167273.411807,2593366.126422,0.0256927876674619,0.561387410534043,0.113598825472564,0.109010827674803,0.0240411084602679,0.166269040190861
167773.411807,2593366.126422,0.0267742527049331,0.302952503209243,0.219695580414451,0.150742710434623,0.11608289015221,0.183752063084541
