"x","y","forest","agri","water","built","other","grass"
173273.411807,2516366.126422,0.0185321100917431,0.370275229357798,0.00293577981651376,0.452660550458716,0.102752293577982,0.0528440366972477
173773.411807,2516366.126422,0.104567969179967,0.163456246560264,0.023115024766098,0.541918913960741,0.0783342505962209,0.0886075949367089
174273.411807,2516366.126422,0.0717948717948718,0.121611721611722,0.0503663003663004,0.625824175824176,0.0694139194139194,0.060989010989011
174773.411807,2516366.126422,0.0324770642201835,0.310091743119266,0,0.449908256880734,0.0919266055045872,0.115596330275229
175273.411807,2516366.126422,0.0480645753072831,0.220693450742983,0.0515501742799486,0.529627591267657,0.0649422124380847,0.0851219959640433
175773.411807,2516366.126422,0.0434065934065934,0.23040293040293,0.00494505494505494,0.614102564102564,0.0826007326007326,0.0245421245421245
176273.411807,2516366.126422,0.0508256880733945,0.219082568807339,0.0271559633027523,0.57743119266055,0.0785321100917431,0.0469724770642202
176773.411807,2516366.126422,0.0278847917813245,0.271142909557879,0.00587048248027885,0.583562649055219,0.0843881856540084,0.0271509814712897
177273.411807,2516366.126422,0.00787545787545788,0.258424908424908,0.00934065934065934,0.610622710622711,0.0727106227106227,0.041025641025641
177773.411807,2516366.126422,0.0165137614678899,0.27743119266055,0.00807339449541284,0.522752293577982,0.0988990825688073,0.0763302752293578
178273.411807,2516366.126422,0.0753990093560815,0.22821500642084,0.00146762062006971,0.522839845899835,0.0893414052467437,0.08273711245643
178773.411807,2516366.126422,0.113186813186813,0.232783882783883,0.000183150183150183,0.324358974358974,0.0844322344322344,0.245054945054945
179273.411807,2516366.126422,0.136697247706422,0.236697247706422,0,0.140183486238532,0.0844036697247706,0.402018348623853
179773.411807,2516366.126422,0.0691616217207852,0.334067143643368,0.00275178866263071,0.286186020913594,0.073747936158503,0.234085488901119
180273.411807,2516366.126422,0.231135531135531,0.190842490842491,0,0.056959706959707,0.0382783882783883,0.482783882783883
180773.411807,2516366.126422,0.0954128440366973,0.319633027522936,0,0.126605504587156,0.104954128440367,0.353394495412844
181273.411807,2516366.126422,0.0671436433681893,0.133736929003853,0.00311869381764814,0.536048431480462,0.149146945514584,0.110805356815263
181773.411807,2516366.126422,0.251831501831502,0.0772893772893773,0.000366300366300366,0.390842490842491,0.0542124542124542,0.225457875457875
182273.411807,2516366.126422,0.185137614678899,0.124403669724771,0.0157798165137615,0.313394495412844,0.0572477064220183,0.304036697247706
182773.411807,2516366.126422,0.0420106402494955,0.0552192258301229,0.155200880572372,0.673637864611998,0.0431113557145478,0.030820033021464
183273.411807,2516366.126422,0.0858974358974359,0.145421245421245,0.0111721611721612,0.608608058608059,0.0694139194139194,0.0794871794871795
183773.411807,2516366.126422,0.212293577981651,0.117614678899083,0.00055045871559633,0.316697247706422,0.0974311926605505,0.255412844036697
184273.411807,2516366.126422,0.144193725921849,0.178866263070996,0,0.283801137405981,0.110071546505228,0.283067327095946
184773.411807,2516366.126422,0.258424908424908,0.0833333333333333,0.000366300366300366,0.35989010989011,0.097985347985348,0.2
185273.411807,2516366.126422,0.144587155963303,0.129908256880734,0,0.0673394495412844,0.0488073394495413,0.609357798165138
173273.411807,2515866.126422,0.0571428571428571,0.221611721611722,0.00384615384615385,0.632051282051282,0.0622710622710623,0.0230769230769231
173773.411807,2515866.126422,0.0450549450549451,0.334615384615385,0.000549450549450549,0.457509157509157,0.0891941391941392,0.0730769230769231
174273.411807,2515866.126422,0.0935093509350935,0.208287495416208,0.0104510451045105,0.55977264393106,0.061972863953062,0.066006600660066
174773.411807,2515866.126422,0.158424908424908,0.227289377289377,0.0401098901098901,0.361172161172161,0.0776556776556777,0.135347985347985
175273.411807,2515866.126422,0.0653846153846154,0.210989010989011,0.00164835164835165,0.616483516483517,0.080952380952381,0.0245421245421245
175773.411807,2515866.126422,0.022002200220022,0.226439310597726,0.000733406674000733,0.607994132746608,0.107260726072607,0.0355702236890356
176273.411807,2515866.126422,0.00311355311355311,0.278754578754579,0,0.633699633699634,0.080952380952381,0.00347985347985348
176773.411807,2515866.126422,0.0142857142857143,0.256593406593407,0.0252747252747253,0.626373626373626,0.0659340659340659,0.0115384615384615
177273.411807,2515866.126422,0.0425375870920425,0.0980931426475981,0.0385038503850385,0.752841950861753,0.044004400440044,0.024019068573524
177773.411807,2515866.126422,0.0721611721611722,0.162087912087912,0.00622710622710623,0.587362637362637,0.0952380952380952,0.0769230769230769
178273.411807,2515866.126422,0.183150183150183,0.202197802197802,0,0.283333333333333,0.0946886446886447,0.236630036630037
178773.411807,2515866.126422,0.112761276127613,0.481848184818482,0,0.0804913824715805,0.0476714338100477,0.277227722772277
179273.411807,2515866.126422,0.0710622710622711,0.468864468864469,0,0.0752747252747253,0.0413919413919414,0.343406593406593
179773.411807,2515866.126422,0.0827838827838828,0.321428571428571,0,0.191758241758242,0.0503663003663004,0.353663003663004
180273.411807,2515866.126422,0.165199853318665,0.396039603960396,0.00183351668500183,0.246607994132747,0.101210121012101,0.0891089108910891
180773.411807,2515866.126422,0.114652014652015,0.292490842490843,0.0591575091575092,0.261172161172161,0.105311355311355,0.167216117216117
181273.411807,2515866.126422,0.139010989010989,0.193772893772894,0.0197802197802198,0.36007326007326,0.0536630036630037,0.233699633699634
181773.411807,2515866.126422,0.116611661166117,0.0764576457645765,0.0408874220755409,0.686835350201687,0.0473047304730473,0.0319031903190319
182273.411807,2515866.126422,0.0639194139194139,0.0871794871794872,0.00824175824175824,0.425457875457875,0.0968864468864469,0.318315018315018
182773.411807,2515866.126422,0.247435897435897,0.119230769230769,0.000183150183150183,0.274908424908425,0.0695970695970696,0.288644688644689
183273.411807,2515866.126422,0.0718738540520719,0.185551888522186,0,0.36010267693436,0.118261826182618,0.264209754308764
183773.411807,2515866.126422,0.380586080586081,0.15952380952381,0,0.056959706959707,0.0578754578754579,0.345054945054945
184273.411807,2515866.126422,0.221245421245421,0.171794871794872,0.000915750915750916,0.291941391941392,0.0622710622710623,0.251831501831502
184773.411807,2515866.126422,0.143381004767143,0.208654198753209,0.00165016501650165,0.26971030436377,0.088008800880088,0.288595526219289
185273.411807,2515866.126422,0.223809523809524,0.158424908424908,0,0.146886446886447,0.0937728937728938,0.377106227106227
173273.411807,2515366.126422,0.0341347036153423,0.335841438796109,0.0466140576252523,0.447421545237658,0.0829510001835199,0.0530372545421178
173773.411807,2515366.126422,0.0357601320374106,0.205391527599487,0.0225563909774436,0.604988079955988,0.0577663671373556,0.0735375022923162
174273.411807,2515366.126422,0.0652373098772219,0.185266630016493,0.128092358438703,0.489463074949606,0.0553417628733736,0.0765988638446033
174773.411807,2515366.126422,0.0480822169205359,0.144613690585429,0.159111763626353,0.588364837584878,0.030280785465223,0.0295467058175812
175273.411807,2515366.126422,0.00733541169998166,0.20392444525949,0.105813313772235,0.606455162295984,0.0634513112048414,0.0130203557674674
175773.411807,2515366.126422,0.0764156129741616,0.248121678577973,0.0965732087227414,0.422026754627084,0.0938244456661169,0.0630382994319223
176273.411807,2515366.126422,0.07469260414755,0.285373463020738,0.0280785465222977,0.463387777573867,0.11194714626537,0.036520462470178
176773.411807,2515366.126422,0.0634513112048414,0.43609022556391,0.00843572345497891,0.280396112231799,0.114799193104713,0.0968274344397579
177273.411807,2515366.126422,0.102620487447315,0.245922668132674,0.00201575957485798,0.39912039582188,0.085761407366685,0.164559281656588
177773.411807,2515366.126422,0.12864745824922,0.323178564874289,0,0.271242429803634,0.0735914846760874,0.20334006239677
178273.411807,2515366.126422,0.0636346964973409,0.320924261874198,0,0.313588850174216,0.0454795525398863,0.256372638914359
178773.411807,2515366.126422,0.0703683342495877,0.216969030602895,0,0.48433205057724,0.106102253985706,0.12222833058457
179273.411807,2515366.126422,0.093778674986236,0.238575885483575,0,0.258579555881813,0.0972655533125344,0.311800330335841
179773.411807,2515366.126422,0.235466715569411,0.211259856959472,0,0.269943150559325,0.066385475884834,0.216944801026958
180273.411807,2515366.126422,0.103719992669965,0.0731170973062122,0.0267546270844787,0.655305112699285,0.0806303829943192,0.0604727872457394
180773.411807,2515366.126422,0.130115617544504,0.139842172875757,0.0600110111947146,0.52266470912094,0.0706551660855203,0.0767113231785649
181273.411807,2515366.126422,0.0187052998349532,0.0586832935998533,0.0629011553273428,0.829451677975426,0.0262240968274344,0.00403447643498991
181773.411807,2515366.126422,0.0254718709913872,0.0498442367601246,0.0980392156862745,0.798057540773319,0.0223566061938794,0.00623052959501558
182273.411807,2515366.126422,0.0504679757753716,0.146999449440264,0.0012846393833731,0.357680308313452,0.106258028996146,0.337309598091393
182773.411807,2515366.126422,0.0386942967174033,0.258756647716853,0.00311754997249221,0.240784889051898,0.133687878232166,0.324958738309188
183273.411807,2515366.126422,0.113065787062489,0.187099138720909,0.000183250870441635,0.204507971412864,0.108851017042331,0.386292834890966
183773.411807,2515366.126422,0.212332538080382,0.254725637731694,0.000550559735731327,0.186272710589099,0.0844191594788034,0.261699394384291
184273.411807,2515366.126422,0.0843572345497891,0.152576563359619,0.0100861910874748,0.465982028241335,0.10012836970475,0.186869613057033
184773.411807,2515366.126422,0.0969397104636247,0.242807403335166,0.00348176653839106,0.383177570093458,0.116730804471321,0.156862745098039
185273.411807,2515366.126422,0.169572398605249,0.108276748027161,0,0.199853184070472,0.0912093962194898,0.431088273077629
173273.411807,2514866.126422,0.068256880733945,0.125137614678899,0.147522935779817,0.578165137614679,0.0381651376146789,0.0427522935779817
173773.411807,2514866.126422,0.0302696752889378,0.364336818932306,0.000183452577508714,0.415886993212255,0.105301779490002,0.084021280498991
174273.411807,2514866.126422,0.0225274725274725,0.48021978021978,0.0142857142857143,0.31978021978022,0.0912087912087912,0.071978021978022
174773.411807,2514866.126422,0.0618348623853211,0.145504587155963,0.151009174311927,0.500550458715596,0.0568807339449541,0.0842201834862385
175273.411807,2514866.126422,0.0339387268391121,0.191341038341589,0.153733259952302,0.404146028251697,0.0620069711979453,0.154833975417355
175773.411807,2514866.126422,0.147985347985348,0.28956043956044,0.0487179487179487,0.303113553113553,0.0899267399267399,0.120695970695971
176273.411807,2514866.126422,0.205688073394495,0.210825688073394,0.00587155963302752,0.275229357798165,0.0943119266055046,0.208073394495413
176773.411807,2514866.126422,0.20968629609246,0.318840579710145,0,0.219409282700422,0.09557879288204,0.156485048614933
177273.411807,2514866.126422,0.108791208791209,0.298717948717949,0.00347985347985348,0.371062271062271,0.0703296703296703,0.147619047619048
177773.411807,2514866.126422,0.231009174311927,0.205871559633028,0.00036697247706422,0.213761467889908,0.0781651376146789,0.270825688073395
178273.411807,2514866.126422,0.0735644835809943,0.269491836360301,0.00697119794533113,0.271142909557879,0.0487983856173179,0.330031186938176
178773.411807,2514866.126422,0.264835164835165,0.514468864468864,0,0.0119047619047619,0.00622710622710623,0.202564102564103
179273.411807,2514866.126422,0.375412844036697,0.0544954128440367,0,0.100366972477064,0.0757798165137615,0.39394495412844
179773.411807,2514866.126422,0.516235553109521,0.186204366171345,0.00238488350761328,0.0996147495872317,0.0363236103467254,0.159236837277564
180273.411807,2514866.126422,0.0994505494505494,0.202197802197802,0.0122710622710623,0.533333333333333,0.0684981684981685,0.0842490842490843
180773.411807,2514866.126422,0.0278899082568807,0.385321100917431,0.0176146788990826,0.404587155963303,0.0499082568807339,0.114678899082569
181273.411807,2514866.126422,0.117226197028068,0.160521005320125,0.0999816547422491,0.504678040726472,0.0809025866813429,0.0366905155017428
181773.411807,2514866.126422,0.115934065934066,0.326190476190476,0.0633699633699634,0.418131868131868,0.0289377289377289,0.0474358974358974
182273.411807,2514866.126422,0.101651376146789,0.188807339449541,0.0651376146788991,0.355229357798165,0.0915596330275229,0.197614678899083
182773.411807,2514866.126422,0.0610897083104018,0.142175747569253,0.0695285268758026,0.542836176848285,0.0476976701522656,0.136672170243992
183273.411807,2514866.126422,0.0822344322344322,0.101465201465201,0.0899267399267399,0.663369963369963,0.0311355311355311,0.0318681318681319
183773.411807,2514866.126422,0.195963302752294,0.142201834862385,0.00972477064220183,0.453577981651376,0.0394495412844037,0.159082568807339
184273.411807,2514866.126422,0.0796184186387819,0.131718950651257,0.0214639515685195,0.564300128416804,0.0805356815263254,0.122362869198312
184773.411807,2514866.126422,0.184981684981685,0.188827838827839,0,0.22032967032967,0.080952380952381,0.324908424908425
185273.411807,2514866.126422,0.391559633027523,0.104036697247706,0.0388990825688073,0.0588990825688073,0.0377981651376147,0.368807339449541
173273.411807,2514366.126422,0.0492673992673993,0.0598901098901099,0.430769230769231,0.431501831501832,0.0159340659340659,0.0126373626373626
173773.411807,2514366.126422,0.112087912087912,0.107142857142857,0.0108058608058608,0.699450549450549,0.0384615384615385,0.032051282051282
174273.411807,2514366.126422,0.0372203887055372,0.145581224789146,0.326916024935827,0.405757242390906,0.0383204987165383,0.0462046204620462
174773.411807,2514366.126422,0.183882783882784,0.22967032967033,0.310805860805861,0.0761904761904762,0.0247252747252747,0.174725274725275
175273.411807,2514366.126422,0.0518315018315018,0.287545787545788,0.177838827838828,0.222161172161172,0.0663003663003663,0.194322344322344
175773.411807,2514366.126422,0.115694902823616,0.2995966263293,0.0011001100110011,0.379171250458379,0.110927759442611,0.0935093509350935
176273.411807,2514366.126422,0.105128205128205,0.163736263736264,0.00238095238095238,0.528021978021978,0.0840659340659341,0.116666666666667
176773.411807,2514366.126422,0.160805860805861,0.374908424908425,0,0.261355311355311,0.0763736263736264,0.126556776556777
177273.411807,2514366.126422,0.143197653098643,0.215071507150715,0.0163182984965163,0.43949394939494,0.0951595159515952,0.0907590759075908
177773.411807,2514366.126422,0.125274725274725,0.320512820512821,0.0655677655677656,0.362820512820513,0.0571428571428571,0.0686813186813187
178273.411807,2514366.126422,0.0857142857142857,0.2496336996337,0.0677655677655678,0.497435897435897,0.0397435897435897,0.0597069597069597
178773.411807,2514366.126422,0.188118811881188,0.175284195086175,0.0792079207920792,0.431793179317932,0.0148514851485149,0.110744407774111
179273.411807,2514366.126422,0.18956043956044,0.166117216117216,0.0294871794871795,0.463186813186813,0.054029304029304,0.0976190476190476
179773.411807,2514366.126422,0.0875457875457875,0.304212454212454,0.0358974358974359,0.396886446886447,0.0884615384615385,0.086996336996337
180273.411807,2514366.126422,0.0447378071140447,0.0601393472680601,0.16978364503117,0.685368536853685,0.022002200220022,0.017968463513018
180773.411807,2514366.126422,0.0727106227106227,0.0626373626373626,0.164102564102564,0.660805860805861,0.0192307692307692,0.0205128205128205
181273.411807,2514366.126422,0.0598901098901099,0.0679487179487179,0.213736263736264,0.617032967032967,0.0340659340659341,0.00732600732600733
181773.411807,2514366.126422,0.0726072607260726,0.0493215988265493,0.157499083241658,0.679501283461679,0.0236523652365237,0.0174184085075174
182273.411807,2514366.126422,0.0578754578754579,0.078021978021978,0.22985347985348,0.611172161172161,0.0197802197802198,0.0032967032967033
182773.411807,2514366.126422,0.128388278388278,0.0842490842490843,0.0692307692307692,0.629487179487179,0.0619047619047619,0.0267399267399267
183273.411807,2514366.126422,0.0364869820315365,0.0451045104510451,0.0588558855885589,0.843967730106344,0.0133846718005134,0.0022002200220022
183773.411807,2514366.126422,0.16007326007326,0.134615384615385,0.0172161172161172,0.631868131868132,0.0362637362637363,0.01996336996337
184273.411807,2514366.126422,0.0853479853479854,0.172161172161172,0.00604395604395604,0.607509157509157,0.052014652014652,0.0769230769230769
184773.411807,2514366.126422,0.197103043637697,0.244407774110744,0.00055005500550055,0.174184085075174,0.0991932526585992,0.284561789512285
185273.411807,2514366.126422,0.492307692307692,0.102197802197802,0,0.160622710622711,0.0840659340659341,0.160805860805861
173773.411807,2513866.126422,0.0794058316523015,0.181368054282047,0.147441775169631,0.392444525949019,0.0634513112048414,0.13588850174216
174273.411807,2513866.126422,0.0683525746747297,0.300897929265164,0.0949239508887667,0.323254535459043,0.0557082646142569,0.156862745098039
174773.411807,2513866.126422,0.0271609469627455,0.230501009359516,0.48981464488897,0.0768948430904753,0.0343182235272527,0.141310332171041
175273.411807,2513866.126422,0.055198973042362,0.19200440124702,0.296717403264258,0.133321107647167,0.0612506876948469,0.261507427104346
175773.411807,2513866.126422,0.0417811984606927,0.0819131390874107,0.0102620487447315,0.720908924317391,0.0698185816382628,0.0753161077515118
176273.411807,2513866.126422,0.0447788585061479,0.247935400991008,0.00550559735731327,0.457698660304643,0.1159845843274,0.128096898513489
176773.411807,2513866.126422,0.186502842472034,0.255088941866862,0.0555657436273611,0.378690629011553,0.0370438290849074,0.0871080139372822
177273.411807,2513866.126422,0.113982041414697,0.174821330401319,0.187282389591351,0.475902510536925,0.0263881253435954,0.0216236027121129
177773.411807,2513866.126422,0.0812993209763259,0.0890071572765645,0.146265369792623,0.652963846577354,0.022389429253074,0.00807487612405946
178273.411807,2513866.126422,0.0713368787823217,0.0949935815147625,0.244269209609389,0.552723271593618,0.0256739409499358,0.0110031175499725
178773.411807,2513866.126422,0.0703683342495877,0.0723840938244457,0.127725856697819,0.695437053326003,0.0287703866593366,0.0053142752428074
179273.411807,2513866.126422,0.108643787850982,0.0816663608001468,0.11194714626537,0.630390897412369,0.0462470178014315,0.0211047898697009
179773.411807,2513866.126422,0.188520080689529,0.225930680359435,0.0194388410049514,0.54410416284614,0.0198056115899505,0.0022006235099945
180273.411807,2513866.126422,0.0786146234194612,0.252336448598131,0.0223566061938794,0.569177203591717,0.0527762506871908,0.0247388675096207
180773.411807,2513866.126422,0.104606349788952,0.125894659570563,0.0567076527803267,0.626904019086071,0.05395485410167,0.031932464672417
181273.411807,2513866.126422,0.112231799009719,0.100311754997249,0.0254905556574363,0.706766917293233,0.039611223179901,0.015587749862461
181773.411807,2513866.126422,0.10207073483599,0.138904159794759,0.0692688290269379,0.656404617921935,0.0238226131574125,0.009529045262965
182273.411807,2513866.126422,0.0515690952468343,0.0737750045879978,0.168104239309965,0.680858873187741,0.02073775004588,0.00495503762158194
182773.411807,2513866.126422,0.107097010819732,0.214744177516963,0.0240234733174399,0.467265725288832,0.0522648083623693,0.134604804694663
183273.411807,2513866.126422,0.0524097489463075,0.106285504856148,0.0249221183800623,0.79714128642111,0.0174088326919553,0.00183250870441635
183773.411807,2513866.126422,0.100568911726922,0.119471462653698,0.00220223894292531,0.67204991741604,0.0372545421178198,0.068452927142595
184273.411807,2513866.126422,0.0298918026774253,0.115716119567211,0.0130203557674674,0.740509811113149,0.0425453878598936,0.0583165230148542
184773.411807,2513866.126422,0.158145501191131,0.181051859996335,0.00641378046545721,0.319956019791094,0.102803738317757,0.231629100238226
185273.411807,2513866.126422,0.586529638465774,0.0568911726922371,0.00440447788585061,0.0264268673151037,0.0231235089007157,0.302624334740319
173773.411807,2513366.126422,0.0108237020730141,0.242157402311502,0.302513300311869,0.152082186754724,0.0421940928270042,0.250229315721886
174273.411807,2513366.126422,0.00402930402930403,0.276739926739927,0.5003663003663,0.106593406593407,0.0236263736263736,0.0886446886446886
174773.411807,2513366.126422,0.0284403669724771,0.235229357798165,0.374678899082569,0.197981651376147,0.0352293577981651,0.128440366972477
175273.411807,2513366.126422,0.0607228031553843,0.139057053751605,0.0348559897266557,0.564667033571822,0.0332049165290772,0.167492203265456
175773.411807,2513366.126422,0.0732600732600733,0.177655677655678,0.0811355311355311,0.357875457875458,0.0655677655677656,0.244505494505494
176273.411807,2513366.126422,0.0240366972477064,0.0902752293577982,0.144220183486239,0.712844036697248,0.0201834862385321,0.00844036697247706
176773.411807,2513366.126422,0.0590717299578059,0.101082370207301,0.173362685745735,0.649972482113374,0.0139423958906623,0.002568336085122
177273.411807,2513366.126422,0.0857142857142857,0.132600732600733,0.17985347985348,0.50989010989011,0.045970695970696,0.045970695970696
177773.411807,2513366.126422,0.126238532110092,0.0743119266055046,0.121467889908257,0.601100917431193,0.0376146788990826,0.0392660550458716
178273.411807,2513366.126422,0.14125848468171,0.0961291506145661,0.101449275362319,0.591634562465603,0.0447624289121262,0.0247660979636764
178773.411807,2513366.126422,0.121794871794872,0.0815018315018315,0.153663003663004,0.572893772893773,0.0542124542124542,0.0159340659340659
179273.411807,2513366.126422,0.00752293577981651,0.00844036697247706,0.254311926605505,0.716330275229358,0.013394495412844,0
179773.411807,2513366.126422,0.0823702073014126,0.0726472206934507,0.0933773619519354,0.704090992478444,0.030820033021464,0.016694184553293
180273.411807,2513366.126422,0.131868131868132,0.301282051282051,0.00897435897435897,0.498717948717949,0.041025641025641,0.0181318681318681
180773.411807,2513366.126422,0.135412844036697,0.358348623853211,0.00311926605504587,0.388440366972477,0.0511926605504587,0.0634862385321101
181273.411807,2513366.126422,0.201247477527059,0.174646853788296,0.0847550908090259,0.454228581911576,0.0420106402494955,0.0431113557145478
181773.411807,2513366.126422,0.0355311355311355,0.0745421245421245,0.253846153846154,0.611904761904762,0.00897435897435897,0.0152014652014652
182273.411807,2513366.126422,0.0471559633027523,0.130825688073395,0.278532110091743,0.509174311926605,0.0218348623853211,0.0124770642201835
182773.411807,2513366.126422,0.105118326912493,0.129150614566135,0.06989543203082,0.651256650155935,0.0297193175564117,0.0148596587782058
183273.411807,2513366.126422,0.097985347985348,0.183516483516484,0.0010989010989011,0.459157509157509,0.0725274725274725,0.185714285714286
183773.411807,2513366.126422,0.114678899082569,0.315779816513761,0,0.232660550458716,0.0891743119266055,0.247706422018349
184273.411807,2513366.126422,0.106769400110072,0.117226197028068,0.00935608145294441,0.640799853237938,0.0629242340854889,0.0629242340854889
184773.411807,2513366.126422,0.50970695970696,0.0921245421245421,0.00128205128205128,0.0706959706959707,0.0338827838827839,0.292307692307692
185273.411807,2513366.126422,0.528256880733945,0.0359633027522936,0.00036697247706422,0.0106422018348624,0.0108256880733945,0.41394495412844
173773.411807,2512866.126422,0.056043956043956,0.195238095238095,0.522161172161172,0.102197802197802,0.0183150183150183,0.106043956043956
174273.411807,2512866.126422,0.0267693436010268,0.260542720938761,0.335350201686835,0.224055738907224,0.0493215988265493,0.103960396039604
174773.411807,2512866.126422,0.133333333333333,0.0706959706959707,0.0512820512820513,0.254578754578755,0.0258241758241758,0.464285714285714
175273.411807,2512866.126422,0.0417582417582418,0.1,0.0415750915750916,0.0626373626373626,0.0804029304029304,0.673626373626374
175773.411807,2512866.126422,0.00513384671800513,0.387055372203887,0.0551888522185552,0.113861386138614,0.048038137147048,0.390722405573891
176273.411807,2512866.126422,0.0399267399267399,0.0864468864468864,0.0787545787545788,0.744139194139194,0.0168498168498168,0.0338827838827839
176773.411807,2512866.126422,0.0611721611721612,0.0413919413919414,0.0617216117216117,0.787545787545788,0.0230769230769231,0.0250915750915751
177273.411807,2512866.126422,0.137330399706637,0.118078474514118,0.0669233590025669,0.57994132746608,0.0496883021635497,0.048038137147048
177773.411807,2512866.126422,0.158424908424908,0.181501831501831,0.00457875457875458,0.571428571428571,0.0302197802197802,0.0538461538461538
178273.411807,2512866.126422,0.133516483516484,0.176923076923077,0.0523809523809524,0.540659340659341,0.063003663003663,0.0335164835164835
178773.411807,2512866.126422,0.135313531353135,0.174000733406674,0.0364869820315365,0.503483681701503,0.0883755042170884,0.0623395672900623
179273.411807,2512866.126422,0.13040293040293,0.126556776556777,0.0692307692307692,0.56025641025641,0.0483516483516484,0.0652014652014652
179773.411807,2512866.126422,0.15,0.126739926739927,0.0263736263736264,0.648168498168498,0.0331501831501832,0.0155677655677656
180273.411807,2512866.126422,0.015951595159516,0.0562889622295563,0.01998533186652,0.886505317198387,0.0163182984965163,0.00495049504950495
180773.411807,2512866.126422,0.176373626373626,0.210989010989011,0.0413919413919414,0.440659340659341,0.045970695970696,0.0846153846153846
181273.411807,2512866.126422,0.315201465201465,0.107692307692308,0.0970695970695971,0.407509157509158,0.0210622710622711,0.0514652014652015
181773.411807,2512866.126422,0.0308030803080308,0.037037037037037,0.526769343601027,0.404840484048405,0.00055005500550055,0
182273.411807,2512866.126422,0.0507326007326007,0.126923076923077,0.124908424908425,0.672710622710623,0.0144688644688645,0.0102564102564103
182773.411807,2512866.126422,0.268681318681319,0.0888278388278388,0.0333333333333333,0.543040293040293,0.0228937728937729,0.0432234432234432
183273.411807,2512866.126422,0.56949028236157,0.0704070407040704,0,0.0869086908690869,0.0227356068940227,0.25045837917125
183773.411807,2512866.126422,0.199267399267399,0.161721611721612,0.000366300366300366,0.269230769230769,0.102380952380952,0.267032967032967
184273.411807,2512866.126422,0.0919413919413919,0.15970695970696,0.00586080586080586,0.546703296703297,0.0741758241758242,0.121611721611722
184773.411807,2512866.126422,0.324165749908324,0.0515218188485515,0.0100843417675101,0.25045837917125,0.0520718738540521,0.311697836450312
185273.411807,2512866.126422,0.60989010989011,0.0142857142857143,0,0.0126373626373626,0.00641025641025641,0.356776556776557
174273.411807,2512366.126422,0.028587135788895,0.374748030053143,0.00696353307678211,0.227414330218069,0.124977093641195,0.237309877221917
174773.411807,2512366.126422,0.00587263718113415,0.155808405211966,0.148467608735548,0.43989722884933,0.0704716461736098,0.179482473848413
175273.411807,2512366.126422,0.0260407115349349,0.351366220429122,0.12396845772969,0.253621859526866,0.0891252521547772,0.15587749862461
175773.411807,2512366.126422,0.0357339197361187,0.223932563679677,0,0.0941909474070002,0.11654755360088,0.529595015576324
176273.411807,2512366.126422,0.0913929161314003,0.126445219306295,0.0135804734813727,0.409065883648376,0.0141310332171041,0.345384474215452
176773.411807,2512366.126422,0.0320924261874198,0.0680359435173299,0.0781221346048047,0.79204107830552,0.017604988079956,0.0121034293049697
177273.411807,2512366.126422,0.0815466373465274,0.078248121678578,0.0535092541689573,0.76122411581455,0.0174088326919553,0.00806303829943192
177773.411807,2512366.126422,0.0194531106625069,0.0242246283721784,0.0880895577170123,0.855569829326482,0.00917599559552211,0.0034868783262984
178273.411807,2512366.126422,0.227214377406932,0.216578030441959,0.00641848523748395,0.37593984962406,0.0750045846323125,0.0988446726572529
178773.411807,2512366.126422,0.163459776433938,0.190214403518417,0.0186915887850467,0.499358621953454,0.0743998533993036,0.0538757559098406
179273.411807,2512366.126422,0.0322995044962378,0.112314186089191,0.328500642319692,0.506147917049,0.0189025509267756,0.00183519911910442
179773.411807,2512366.126422,0.0203557674674491,0.0858243168897854,0.168714469099578,0.67595818815331,0.0245736291949386,0.0245736291949386
180273.411807,2512366.126422,0.00751328568810702,0.0668865677111966,0.0225398570643211,0.836540223566062,0.0586402785413231,0.00787978742899029
180773.411807,2512366.126422,0.0255092677555515,0.164617360983667,0.0212883097816113,0.730042209579739,0.0220223894292531,0.036520462470178
181273.411807,2512366.126422,0.039611223179901,0.0960938932697598,0.0960938932697598,0.760315422703099,0.0075187969924812,0.000366770584999083
181773.411807,2512366.126422,0.078248121678578,0.100421477002016,0.250320689023273,0.528862012094557,0.0258383727322705,0.0163093274693055
182273.411807,2512366.126422,0.0471646173609837,0.0811158010644155,0.00752431638832813,0.86309414571481,0.00110111947146265,0
182773.411807,2512366.126422,0.21217678342197,0.261874197689345,0.00330093526499175,0.515679442508711,0.0066018705299835,0.000366770584999083
183273.411807,2512366.126422,0.354040681693238,0.21183800623053,0,0.260216236027121,0.0377496793109767,0.136155396738135
183773.411807,2512366.126422,0.0822169205358781,0.339695356946229,0.000734079647641769,0.410534042943659,0.0552394934850431,0.111580106441549
184273.411807,2512366.126422,0.0627177700348432,0.123234916559692,0.015587749862461,0.729690078855676,0.0421786172748946,0.0265908674124335
184773.411807,2512366.126422,0.396554883635697,0.197177936595199,0.0212571009712296,0.211654755360088,0.0452629649990837,0.128092358438703
185273.411807,2512366.126422,0.211047898697009,0.104606349788952,0.325931363552945,0.151036887502294,0.00458799779776106,0.202789502661039
174273.411807,2511866.126422,0.115384615384615,0.391575091575092,0.165934065934066,0.184249084249084,0.0679487179487179,0.0749084249084249
175773.411807,2511866.126422,0.0465201465201465,0.329304029304029,0,0.258974358974359,0.0967032967032967,0.268498168498168
176273.411807,2511866.126422,0.124954128440367,0.263669724770642,0,0.242752293577982,0.0774311926605505,0.291192660550459
176773.411807,2511866.126422,0.164556962025316,0.128967161988626,0.0271509814712897,0.490552192258301,0.0498991010823702,0.138873601174097
177273.411807,2511866.126422,0.204761904761905,0.204212454212454,0.0010989010989011,0.428388278388278,0.076007326007326,0.0855311355311355
177773.411807,2511866.126422,0.189908256880734,0.148807339449541,0.00513761467889908,0.430275229357798,0.0418348623853211,0.184036697247706
178273.411807,2511866.126422,0.236286919831224,0.160337552742616,0,0.359016694184553,0.135204549623922,0.109154283617685
178773.411807,2511866.126422,0.102014652014652,0.216849816849817,0.0032967032967033,0.424908424908425,0.0996336996336996,0.153296703296703
179273.411807,2511866.126422,0.0873394495412844,0.191009174311927,0.0994495412844037,0.561100917431193,0.026605504587156,0.0344954128440367
179773.411807,2511866.126422,0.209135938359934,0.294808292056503,0.00201797835259585,0.382498624105669,0.0532012474775271,0.0583379196477711
180273.411807,2511866.126422,0.131868131868132,0.204945054945055,0.000915750915750916,0.560989010989011,0.0844322344322344,0.0168498168498168
180773.411807,2511866.126422,0.071743119266055,0.238348623853211,0.00917431192660551,0.618348623853211,0.0262385321100917,0.0361467889908257
181273.411807,2511866.126422,0.0234819299211154,0.0421940928270042,0.256650155934691,0.662997615116492,0.00715465052283985,0.00752155567785727
181773.411807,2511866.126422,0.0545787545787546,0.0485347985347985,0.223443223443223,0.652197802197802,0.0148351648351648,0.00641025641025641
182273.411807,2511866.126422,0.0605504587155963,0.0853211009174312,0.160733944954128,0.677247706422018,0.0111926605504587,0.00495412844036697
182773.411807,2511866.126422,0.0898917629792699,0.225646670335718,0.0302696752889378,0.549807374793616,0.0344890845716382,0.06989543203082
183273.411807,2511866.126422,0.0858974358974359,0.425091575091575,0.0384615384615385,0.385714285714286,0.0256410256410256,0.0391941391941392
183773.411807,2511866.126422,0.046605504587156,0.548440366972477,0.00275229357798165,0.284770642201835,0.0445871559633028,0.0728440366972477
184273.411807,2511866.126422,0.119060722803155,0.268391120895249,0.00201797835259585,0.571821684094661,0.023115024766098,0.0155934690882407
184773.411807,2511866.126422,0.119413919413919,0.213919413919414,0.0985347985347985,0.496703296703297,0.0322344322344322,0.0391941391941392
185273.411807,2511866.126422,0.134862385321101,0.299816513761468,0.118165137614679,0.370275229357798,0.0247706422018349,0.0521100917431193
174273.411807,2511366.126422,0.0397873120645398,0.107994132746608,0.686285295196186,0.113494682801613,0.00953428676200953,0.0429042904290429
175773.411807,2511366.126422,0.166850018335167,0.154748808214155,0,0.340667400073341,0.127979464613128,0.20975430876421
176273.411807,2511366.126422,0.141758241758242,0.130952380952381,0,0.385347985347985,0.0820512820512821,0.25989010989011
176773.411807,2511366.126422,0.324175824175824,0.173626373626374,0.00256410256410256,0.232783882783883,0.0996336996336996,0.167216117216117
177273.411807,2511366.126422,0.181884855152182,0.202053538687202,0,0.396222955628896,0.110744407774111,0.109094242757609
177773.411807,2511366.126422,0.234432234432234,0.237912087912088,0.00915750915750916,0.226739926739927,0.0893772893772894,0.202380952380952
178273.411807,2511366.126422,0.236263736263736,0.173809523809524,0.0032967032967033,0.303846153846154,0.116300366300366,0.166483516483516
178773.411807,2511366.126422,0.408874220755409,0.114961496149615,0.0418041804180418,0.198753208654199,0.0471213788045471,0.188485515218188
179273.411807,2511366.126422,0.673626373626374,0.0291208791208791,0,0.000732600732600733,0.000183150183150183,0.296336996336996
179773.411807,2511366.126422,0.576556776556777,0.162454212454212,0.00531135531135531,0.124908424908425,0.0113553113553114,0.119413919413919
180273.411807,2511366.126422,0.0579391272460579,0.114044737807114,0.0867253392005867,0.682984965163183,0.0401540154015402,0.0181518151815182
180773.411807,2511366.126422,0.0675824175824176,0.215018315018315,0.152380952380952,0.469413919413919,0.0593406593406593,0.0362637362637363
181273.411807,2511366.126422,0.0357142857142857,0.114468864468864,0.187362637362637,0.598717948717949,0.0353479853479853,0.0283882783882784
181773.411807,2511366.126422,0.0099009900990099,0.0551888522185552,0.366336633663366,0.555555555555556,0.00366703337000367,0.00935093509350935
182273.411807,2511366.126422,0.010989010989011,0.017032967032967,0.406776556776557,0.563003663003663,0.00183150183150183,0.000366300366300366
182773.411807,2511366.126422,0.0307692307692308,0.0597069597069597,0.189377289377289,0.688095238095238,0.0135531135531136,0.0184981684981685
183273.411807,2511366.126422,0.0727906123945728,0.114228089475614,0.0735240190685735,0.703153648698203,0.0229189585625229,0.0133846718005134
183773.411807,2511366.126422,0.114285714285714,0.221611721611722,0.00402930402930403,0.544871794871795,0.0851648351648352,0.03003663003663
184273.411807,2511366.126422,0.0917582417582418,0.16025641025641,0.00146520146520147,0.596336996336996,0.0454212454212454,0.104761904761905
184773.411807,2511366.126422,0.09002566923359,0.133663366336634,0,0.688118811881188,0.0425375870920425,0.0456545654565457
185273.411807,2511366.126422,0.207142857142857,0.20970695970696,0.0010989010989011,0.452930402930403,0.084981684981685,0.0441391941391941
175273.411807,2510866.126422,0.0645516229598386,0.0821566110397946,0,0.819365486887952,0.0187052998349532,0.0152209792774619
175773.411807,2510866.126422,0.261865493861096,0.168224299065421,0,0.302547187099139,0.0745831042697453,0.1927799157046
176273.411807,2510866.126422,0.197283905303725,0.135254175077996,0.00146815929528354,0.116718663975041,0.0508350155991925,0.498440080748761
176773.411807,2510866.126422,0.144507610489639,0.216944801026958,0,0.424536952136439,0.097194205024757,0.116816431322208
177273.411807,2510866.126422,0.206340480117281,0.170606560381162,0,0.366868242624152,0.153197727689207,0.102986989188199
177773.411807,2510866.126422,0.152688566709488,0.144246650761608,0.00513855753349238,0.463938337309598,0.0594604514589833,0.174527436226831
178273.411807,2510866.126422,0.137172198789657,0.116633046029708,0.00715202640748212,0.555290665688612,0.0781221346048047,0.105629928479736
178773.411807,2510866.126422,0.781748213304013,0.00623052959501558,0,0.0509437419827744,0.00641378046545721,0.15466373465274
179273.411807,2510866.126422,0.649844008074876,0.00917599559552211,0,0.0357863828225362,0.00513855753349238,0.300055055973573
179773.411807,2510866.126422,0.118833669539703,0.0902255639097744,0.079589216944801,0.59618558591601,0.0599669906473501,0.055198973042362
180273.411807,2510866.126422,0.0470954737035001,0.127542605827378,0.163276525563496,0.604361370716511,0.0432472054242258,0.0144768187648891
180773.411807,2510866.126422,0.0552394934850431,0.231969168654799,0.0693705267021472,0.614975224811892,0.0247751881079097,0.00367039823820885
181273.411807,2510866.126422,0.0341096644049147,0.378140473134055,0.00128369704749679,0.550155877498625,0.0271410232899321,0.00916926462497708
181773.411807,2510866.126422,0.0289536375297783,0.356056441268096,0.0822796408282939,0.492944841487997,0.0216236027121129,0.0181418361737218
182273.411807,2510866.126422,0.017434391631492,0.214901816847128,0.294182418792439,0.426683795191778,0.0256927876674619,0.0211047898697009
182773.411807,2510866.126422,0.0562992847973593,0.186319457179534,0.0748211993398129,0.607372088758482,0.0458463231248854,0.0293416467999266
183273.411807,2510866.126422,0.0929081913139087,0.136155396738135,0.0240058640278541,0.672530694520799,0.0309693971046362,0.0434304562946674
183773.411807,2510866.126422,0.369058542851899,0.080932281152505,0.00293631859056708,0.350890071572766,0.0691870067902367,0.126995779042026
184273.411807,2510866.126422,0.263341280029342,0.112965340179718,0.000550155877498625,0.237850724371905,0.0269576379974326,0.358334861544104
184773.411807,2510866.126422,0.489463074949606,0.103719992669965,0,0.168224299065421,0.0161260765988638,0.222466556716144
185273.411807,2510866.126422,0.109928427234355,0.187006790236741,0.000367039823820885,0.557533492383924,0.0546889337493118,0.090475316571848
175773.411807,2510366.126422,0.271611721611722,0.140659340659341,0,0.298351648351648,0.0968864468864469,0.192490842490843
176273.411807,2510366.126422,0.286238532110092,0.107889908256881,0,0.110275229357798,0.0577981651376147,0.437798165137615
176773.411807,2510366.126422,0.394239589066226,0.167125298110438,0,0.167859108420473,0.0845716382315172,0.186204366171345
177273.411807,2510366.126422,0.276190476190476,0.114102564102564,0.00293040293040293,0.42032967032967,0.095970695970696,0.0904761904761905
177773.411807,2510366.126422,0.121467889908257,0.0913761467889908,0.0677064220183486,0.629908256880734,0.0519266055045872,0.0376146788990826
178273.411807,2510366.126422,0.268024215740231,0.0834709227664649,0.00605393505778756,0.388369106585948,0.0731975784259769,0.180884241423592
178773.411807,2510366.126422,0.615018315018315,0.0333333333333333,0.0448717948717949,0.0824175824175824,0.0122710622710623,0.212087912087912
179273.411807,2510366.126422,0.109908256880734,0.176146788990826,0.00220183486238532,0.470275229357798,0.0831192660550459,0.158348623853211
179773.411807,2510366.126422,0.102916895982389,0.280315538433315,0.0258668134287287,0.396441019996331,0.12272977435333,0.0717299578059072
