"x","y","forest","agri","water","built","other","grass"
186273.411807,2599366.126422,0.0539331135186057,0.017428167687235,0.0435704192180876,0.808996702779086,0.0501648610456901,0.0259067357512953
186773.411807,2599366.126422,0.0387227014131033,0.0537713341897596,0.0137639933932832,0.768214351257111,0.076344283354744,0.0491833363919985
187273.411807,2599366.126422,0.0535485054098661,0.139372822299652,0.0106363469649734,0.609756097560976,0.116266275444709,0.070419952319824
187773.411807,2599366.126422,0.0754993586219534,0.23089609675646,0,0.223382811068353,0.0820963899578523,0.388125343595382
188273.411807,2599366.126422,0.0741420444118187,0.307762892273812,0.000183519911910442,0.285556982932648,0.085887318774087,0.246467241695724
188773.411807,2599366.126422,0.0322758114799193,0.612873647533468,0,0.0553823583348615,0.0223730056849441,0.277095176966807
189273.411807,2599366.126422,0.181968114348543,0.400036650174088,0.00109950522264981,0.0274876305662452,0.0203408466190214,0.369067253069452
189773.411807,2599366.126422,0.0967149935768031,0.285556982932648,0,0.142411451642503,0.0590934116351624,0.416223160212883
190273.411807,2599366.126422,0.013203741059967,0.858059783605355,0,0.00843572345497891,0.00550155877498625,0.114799193104713
190773.411807,2599366.126422,0.0309693971046362,0.769836906725307,0,0.0808136338647609,0.0287703866593366,0.0896096756459593
191273.411807,2599366.126422,0.0765278032666544,0.338410717562856,0.000550559735731327,0.379886217654615,0.0965314736648926,0.108093228115251
191773.411807,2599366.126422,0.0902255639097744,0.373005684944067,0.00348432055749129,0.331743994131671,0.0629011553273428,0.138639281129653
192273.411807,2599366.126422,0.0725673446948873,0.679860729338464,0.00219901044529962,0.0826461425691772,0.0346344145134689,0.128092358438703
192773.411807,2599366.126422,0.0879060378051019,0.446503945678106,0.00146815929528354,0.232152688566709,0.0871719581574601,0.144797210497339
193273.411807,2599366.126422,0.224646983311938,0.129286631212177,0.00128369704749679,0.341463414634146,0.086007702182285,0.217311571611957
193773.411807,2599366.126422,0.119846069268829,0.0881436686824262,0.00751328568810702,0.472420743998534,0.10646875572659,0.205607476635514
194273.411807,2599366.126422,0.0341347036153423,0.017434391631492,0.0260598274912828,0.862727105890989,0.0372545421178198,0.022389429253074
194773.411807,2599366.126422,0.155694113332111,0.196772418852008,0.000183385292499542,0.163763066202091,0.0476801760498808,0.43590684027141
195273.411807,2599366.126422,0.0925416895730255,0.233278358072201,0.000366501740883269,0.1456844420011,0.0562580172255818,0.471870991387209
195773.411807,2599366.126422,0.297118737383006,0.0178014314553129,0.000183519911910442,0.299504496237842,0.071389245733162,0.314002569278767
196273.411807,2599366.126422,0.351182835136622,0.133504492939666,0,0.0533651201173666,0.0309921144324225,0.430955437373923
196773.411807,2599366.126422,0.404434671064688,0.0122778083195895,0,0.108484515301448,0.0443467106468756,0.4304562946674
197273.411807,2599366.126422,0.4024591668196,0.0273444668746559,0,0.0959809139291613,0.066801247935401,0.407414204441182
197773.411807,2599366.126422,0.2400513478819,0.0284247203374289,0,0.114615807812213,0.0882083256922795,0.528699798276178
198273.411807,2599366.126422,0.179036100421477,0.0804471321238776,0,0.188015393073117,0.0498442367601246,0.502657137621404
198773.411807,2599366.126422,0.389536212017363,0.00776787754169523,0,0.199451679232351,0.0728809687000228,0.330363262508568
186273.411807,2598866.126422,0.00588512241054614,0.326271186440678,0.00164783427495292,0.185499058380414,0.0324858757062147,0.448210922787194
186773.411807,2598866.126422,0.043302752293578,0.450825688073395,0.00715596330275229,0.218899082568807,0.048256880733945,0.231559633027523
187273.411807,2598866.126422,0.0495321959273528,0.359567051917079,0.000183452577508714,0.237020730141258,0.0873234268941479,0.266373142542653
187773.411807,2598866.126422,0.0542124542124542,0.342490842490842,0,0.135714285714286,0.0684981684981685,0.399084249084249
188273.411807,2598866.126422,0.0944954128440367,0.0922935779816514,0.00055045871559633,0.54605504587156,0.0944954128440367,0.172110091743119
188773.411807,2598866.126422,0.0543019629425793,0.29957805907173,0.001284168042561,0.288570904421207,0.104017611447441,0.252247294074482
189273.411807,2598866.126422,0.0921245421245421,0.456959706959707,0.00201465201465201,0.226007326007326,0.111355311355311,0.111538461538462
189773.411807,2598866.126422,0.0625688073394495,0.406605504587156,0,0.265688073394495,0.1,0.165137614678899
190273.411807,2598866.126422,0.0642084021280499,0.386167675655843,0.000366905155017428,0.269858741515318,0.0913593835993396,0.188038891946432
190773.411807,2598866.126422,0.0756410256410256,0.372527472527473,0,0.25018315018315,0.0853479853479854,0.216300366300366
191273.411807,2598866.126422,0.133211009174312,0.24697247706422,0.00568807339449541,0.268440366972477,0.061651376146789,0.284036697247706
191773.411807,2598866.126422,0.118326912493121,0.0365070629242341,0.0122913226930838,0.664832140891579,0.105852137222528,0.062190423775454
192273.411807,2598866.126422,0.113736263736264,0.0249084249084249,0.0241758241758242,0.725641025641026,0.0884615384615385,0.0230769230769231
192773.411807,2598866.126422,0.0414678899082569,0.0464220183486239,0.0242201834862385,0.760733944954128,0.088256880733945,0.0388990825688073
193273.411807,2598866.126422,0.158686479545038,0.0330214639515685,0.0187121629058888,0.485232067510549,0.142359200146762,0.161988625940194
193773.411807,2598866.126422,0.241575091575092,0.0478021978021978,0.0131868131868132,0.374908424908425,0.163553113553114,0.158974358974359
194273.411807,2598866.126422,0.103302752293578,0.0726605504587156,0.0211009174311927,0.619816513761468,0.124036697247706,0.0590825688073394
194773.411807,2598866.126422,0.157952669235003,0.0306365804439552,0.000366905155017428,0.487250045863144,0.0953953403045313,0.228398458998349
195273.411807,2598866.126422,0.284249084249084,0.0223443223443223,0.00164835164835165,0.348168498168498,0.0761904761904762,0.267399267399267
195773.411807,2598866.126422,0.119633027522936,0.0308256880733945,0.00165137614678899,0.684954128440367,0.114311926605505,0.0486238532110092
196273.411807,2598866.126422,0.342689414786278,0.0326545587965511,0,0.228398458998349,0.0977802238121446,0.298477343606678
196773.411807,2598866.126422,0.126556776556777,0.0327838827838828,0.00274725274725275,0.567216117216117,0.10970695970696,0.160989010989011
197273.411807,2598866.126422,0.272660550458716,0.0311926605504587,0.00018348623853211,0.152844036697248,0.0897247706422018,0.453394495412844
197773.411807,2598866.126422,0.474041460282517,0.00880572372041827,0,0.102366538249862,0.0676940011007155,0.347092276646487
198273.411807,2598866.126422,0.424542124542125,0.00915750915750916,0,0.149450549450549,0.0725274725274725,0.344322344322344
198773.411807,2598866.126422,0.643069193879881,0.00593742863667504,0,0.0415620004567253,0.0244348024663165,0.284996574560402
186273.411807,2598366.126422,0.04261831881328,0.396279726866023,0,0.0120084765716977,0.0153049211207911,0.533788556628208
186773.411807,2598366.126422,0.0384615384615385,0.352930402930403,0.00183150183150183,0.125274725274725,0.0379120879120879,0.443589743589744
187273.411807,2598366.126422,0.084981684981685,0.163369963369963,0,0.406043956043956,0.101831501831502,0.243772893772894
187773.411807,2598366.126422,0.0612394572790612,0.27997799779978,0,0.102493582691602,0.0848918225155849,0.471397139713971
188273.411807,2598366.126422,0.0302197802197802,0.615567765567766,0,0.0919413919413919,0.0404761904761905,0.221794871794872
188773.411807,2598366.126422,0.0452380952380952,0.625091575091575,0.000183150183150183,0.111355311355311,0.0694139194139194,0.148717948717949
189273.411807,2598366.126422,0.0254858819215255,0.824899156582325,0,0.0544554455445545,0.0577557755775578,0.0374037403740374
189773.411807,2598366.126422,0.054029304029304,0.426373626373626,0.000732600732600733,0.195238095238095,0.0857142857142857,0.237912087912088
190273.411807,2598366.126422,0.117399267399267,0.168498168498169,0.00787545787545788,0.450549450549451,0.0992673992673993,0.156410256410256
190773.411807,2598366.126422,0.185918591859186,0.159149248258159,0.00201686835350202,0.22992299229923,0.0892922625595893,0.333700036670334
191273.411807,2598366.126422,0.224542124542125,0.136630036630037,0.0104395604395604,0.311538461538462,0.093040293040293,0.223809523809524
191773.411807,2598366.126422,0.045970695970696,0.0357142857142857,0.0880952380952381,0.754395604395604,0.0554945054945055,0.0203296703296703
192273.411807,2598366.126422,0.0916758342500917,0.0403373670700403,0.0511551155115512,0.684085075174184,0.0742574257425743,0.0584891822515585
192773.411807,2598366.126422,0.124175824175824,0.054029304029304,0.0322344322344322,0.627838827838828,0.0943223443223443,0.0673992673992674
193273.411807,2598366.126422,0.0573260073260073,0.0461538461538462,0.05,0.791025641025641,0.0446886446886447,0.0108058608058608
193773.411807,2598366.126422,0.183351668500183,0.0617895122845618,0.00861752841950862,0.382471580491382,0.127979464613128,0.235790245691236
194273.411807,2598366.126422,0.186263736263736,0.0672161172161172,0.023992673992674,0.473809523809524,0.14981684981685,0.0989010989010989
194773.411807,2598366.126422,0.142490842490842,0.0527472527472527,0.00677655677655678,0.521794871794872,0.155677655677656,0.120512820512821
195273.411807,2598366.126422,0.193436010267693,0.0403373670700403,0.013017968463513,0.449394939493949,0.156949028236157,0.146864686468647
195773.411807,2598366.126422,0.213186813186813,0.0556776556776557,0.00293040293040293,0.567216117216117,0.0897435897435897,0.0712454212454212
196273.411807,2598366.126422,0.643040293040293,0.00366300366300366,0.000732600732600733,0.0483516483516484,0.0406593406593407,0.263553113553114
196773.411807,2598366.126422,0.490649064906491,0.00348368170150348,0,0.134946828016135,0.0579391272460579,0.312981298129813
197273.411807,2598366.126422,0.452380952380952,0.0141025641025641,0,0.114285714285714,0.0754578754578755,0.343772893772894
197773.411807,2598366.126422,0.333516483516483,0.00989010989010989,0,0.0628205128205128,0.0514652014652015,0.542307692307692
198273.411807,2598366.126422,0.426109277594426,0.00898423175650898,0,0.0924092409240924,0.0601393472680601,0.412357902456912
198773.411807,2598366.126422,0.638603696098563,0.00365046771617614,0,0.0132329454711385,0.00958247775496235,0.33493041295916
186273.411807,2597866.126422,0.0275553462081959,0.0784267545925577,0,0.0748940178991993,0.0261422515308526,0.792981629769195
186773.411807,2597866.126422,0.00256927876674619,0.038172141677372,0,0.14920168838319,0.246834281519545,0.563222609653147
187273.411807,2597866.126422,0.0662020905923345,0.186136071887035,0,0.0564826700898588,0.0144874381074638,0.676691729323308
187773.411807,2597866.126422,0.105185999633498,0.186549386109584,0,0.0503939893714495,0.0606560381161811,0.597214586769287
188273.411807,2597866.126422,0.00899247568361167,0.927326114883465,0,0.00293631859056708,0.00917599559552211,0.0515690952468343
188773.411807,2597866.126422,0.0368604437924078,0.782321657803044,0,0.00715202640748212,0.0135705116449661,0.1600953603521
189273.411807,2597866.126422,0.0344511636430273,0.625984973428624,0,0.176470588235294,0.0582737768004398,0.104819497892615
189773.411807,2597866.126422,0.0352358230868049,0.276197467425216,0.000550559735731327,0.449623784180584,0.105523949348504,0.13286841622316
190273.411807,2597866.126422,0.0441958554923895,0.489455345681276,0,0.227030992114432,0.0768384375573079,0.162479369154594
190773.411807,2597866.126422,0.204324720542423,0.194429173538574,0.00146600696353308,0.225948323254535,0.10207073483599,0.271761040864944
191273.411807,2597866.126422,0.0757937236190127,0.044411818682327,0.0280785465222977,0.672416957239861,0.105523949348504,0.0737750045879978
191773.411807,2597866.126422,0.061617458279846,0.0601503759398496,0.0711534934898221,0.688978543920778,0.0909591050797726,0.0271410232899321
192273.411807,2597866.126422,0.0260216236027121,0.0234561114165292,0.103719992669965,0.812351108667766,0.0258383727322705,0.00861279091075683
192773.411807,2597866.126422,0.0873554780693705,0.068452927142595,0.0245916681959993,0.652963846577354,0.0787300422095797,0.0879060378051019
193273.411807,2597866.126422,0.0265908674124335,0.0278745644599303,0.0843572345497891,0.797726022373006,0.0425453878598936,0.0209059233449477
193773.411807,2597866.126422,0.0412314458493678,0.0304196444933113,0.0284038849184534,0.824079164376031,0.0447132123877588,0.0311526479750779
194273.411807,2597866.126422,0.0532207744540283,0.0335841438796109,0.0671682877592219,0.736832446320426,0.0724903652046247,0.0367039823820885
194773.411807,2597866.126422,0.0570328259673574,0.0144874381074638,0.0713368787823217,0.78818998716303,0.057216211259857,0.0117366587199707
195273.411807,2597866.126422,0.282572842221001,0.0208905992303463,0.00439802089059923,0.454278907824812,0.149349459409932,0.0885101704233095
195773.411807,2597866.126422,0.734079647641769,0.0491833363919985,0,0.0267939071389246,0.0328500642319692,0.157093044595339
196273.411807,2597866.126422,0.210709701081973,0.0605171465248487,0,0.099211443242252,0.104713002017238,0.524848707133688
196773.411807,2597866.126422,0.324720542422577,0.0188748396554884,0.0047645226314825,0.268096023456111,0.139270661535642,0.244273410298699
197273.411807,2597866.126422,0.173242796843458,0.0212883097816113,0.00238575885483575,0.451091943475867,0.144430170673518,0.20756102037071
197773.411807,2597866.126422,0.238767650834403,0.0100861910874748,0.000733541169998166,0.447460113698881,0.150559325142124,0.152393178067119
198273.411807,2597866.126422,0.510170423309511,0.00604727872457394,0,0.0492944841487997,0.0463624702217336,0.388125343595382
198773.411807,2597866.126422,0.381082933516107,0.0258167694768106,0.000685400959561343,0.219785241032671,0.135937856979666,0.236691798035184
186273.411807,2597366.126422,0.0388418079096045,0.398540489642185,0,0.0522598870056497,0.0449623352165725,0.465395480225989
186773.411807,2597366.126422,0.0544954128440367,0.547155963302752,0,0.0728440366972477,0.0664220183486239,0.259082568807339
187273.411807,2597366.126422,0.0108237020730141,0.837277563749771,0,0.0066042927903137,0.0110071546505228,0.134287286736379
187773.411807,2597366.126422,0.0223443223443223,0.107326007326007,0.0139194139194139,0.272161172161172,0.0813186813186813,0.502930402930403
188273.411807,2597366.126422,0.121651376146789,0.22,0.0308256880733945,0.169357798165138,0.0932110091743119,0.364954128440367
188773.411807,2597366.126422,0.0476976701522656,0.714547789396441,0.00330214639515685,0.0504494588148963,0.0313703907539901,0.15263254448725
189273.411807,2597366.126422,0.0527472527472527,0.650915750915751,0,0.0639194139194139,0.0397435897435897,0.192673992673993
189773.411807,2597366.126422,0.0110091743119266,0.794495412844037,0.00073394495412844,0.0469724770642202,0.0343119266055046,0.112477064220183
190273.411807,2597366.126422,0.0432948082920565,0.442671069528527,0.000183452577508714,0.0961291506145661,0.0886075949367089,0.329113924050633
190773.411807,2597366.126422,0.259157509157509,0.247802197802198,0.00677655677655678,0.156776556776557,0.144505494505494,0.184981684981685
191273.411807,2597366.126422,0.12256880733945,0.0724770642201835,0.0104587155963303,0.471376146788991,0.164954128440367,0.158165137614679
191773.411807,2597366.126422,0.0783342505962209,0.0770500825536599,0.0643918547055586,0.602274811961108,0.089157952669235,0.0887910475142176
192273.411807,2597366.126422,0.0613553113553114,0.0595238095238095,0.152014652014652,0.625824175824176,0.0705128205128205,0.0307692307692308
192773.411807,2597366.126422,0.024954128440367,0.0188990825688073,0.0948623853211009,0.791743119266055,0.0576146788990826,0.0119266055045872
193273.411807,2597366.126422,0.0220143093010457,0.0124747752705926,0.0454962392221611,0.900568702990277,0.0130251330031187,0.00642084021280499
193773.411807,2597366.126422,0.0173992673992674,0.00421245421245421,0.0313186813186813,0.939377289377289,0.00769230769230769,0
194273.411807,2597366.126422,0.0341284403669725,0.0110091743119266,0.0311926605504587,0.898348623853211,0.0192660550458716,0.00605504587155963
194773.411807,2597366.126422,0.0601724454228582,0.0365070629242341,0.0697119794533113,0.7431663914878,0.0491652907723353,0.0412768299394606
195273.411807,2597366.126422,0.201465201465201,0.0626373626373626,0.0208791208791209,0.453113553113553,0.152930402930403,0.108974358974359
195773.411807,2597366.126422,0.186605504587156,0.0212844036697248,0.00880733944954129,0.59651376146789,0.128440366972477,0.058348623853211
196273.411807,2597366.126422,0.428361768482847,0.0100898917629793,0.00275178866263071,0.356448358099431,0.0926435516419006,0.109704641350211
196773.411807,2597366.126422,0.376373626373626,0.0241758241758242,0.175274725274725,0.169230769230769,0.0705128205128205,0.184432234432234
197273.411807,2597366.126422,0.555045871559633,0.0146788990825688,0.0926605504587156,0.101284403669725,0.0708256880733945,0.165504587155963
197773.411807,2597366.126422,0.649238671803339,0.0209135938359934,0.224545954870666,0.00678774536782242,0.0100898917629793,0.0884241423592002
198273.411807,2597366.126422,0.885897435897436,0.000183150183150183,0,0.000366300366300366,0.000366300366300366,0.113186813186813
198773.411807,2597366.126422,0.817994976021923,0.00159853847910482,0,0.0027403516784654,0.00662251655629139,0.171043617264216
186273.411807,2596866.126422,0.0598069225335531,0.264421944902284,0,0.309159406639981,0.149988226983753,0.216623498940429
186773.411807,2596866.126422,0.0617216117216117,0.611721611721612,0.00201465201465201,0.047985347985348,0.0371794871794872,0.239377289377289
187273.411807,2596866.126422,0.174908424908425,0.356959706959707,0,0.0373626373626374,0.032051282051282,0.398717948717949
187773.411807,2596866.126422,0.00843417675100843,0.00953428676200953,0,0.231939860652732,0.0445544554455446,0.705537220388706
188273.411807,2596866.126422,0.118131868131868,0.132417582417582,0,0.25952380952381,0.0415750915750916,0.448351648351648
188773.411807,2596866.126422,0.127472527472527,0.0293040293040293,0,0.12985347985348,0.0542124542124542,0.659157509157509
189273.411807,2596866.126422,0.0469380271360469,0.467546754675468,0,0.216354968830216,0.101026769343601,0.168133480014668
189773.411807,2596866.126422,0.0461538461538462,0.462087912087912,0.00732600732600733,0.236263736263736,0.08003663003663,0.168131868131868
190273.411807,2596866.126422,0.0644688644688645,0.26959706959707,0.00586080586080586,0.451831501831502,0.103479853479853,0.104761904761905
190773.411807,2596866.126422,0.156765676567657,0.162632929959663,0.0044004400440044,0.427026035936927,0.111294462779611,0.137880454712138
191273.411807,2596866.126422,0.0542124542124542,0.056043956043956,0.0448717948717949,0.717399267399267,0.0745421245421245,0.0529304029304029
191773.411807,2596866.126422,0.0688644688644689,0.0772893772893773,0.0510989010989011,0.671428571428571,0.084981684981685,0.0463369963369963
192273.411807,2596866.126422,0.0716905023835717,0.0396039603960396,0.109277594426109,0.658965896589659,0.0696736340300697,0.0507884121745508
192773.411807,2596866.126422,0.0391941391941392,0.0214285714285714,0.108608058608059,0.782600732600733,0.0384615384615385,0.00970695970695971
193273.411807,2596866.126422,0.0395604395604396,0.0217948717948718,0.0708791208791209,0.838278388278388,0.0243589743589744,0.00512820512820513
193773.411807,2596866.126422,0.108177484415108,0.0315364869820315,0.0104510451045105,0.678034470113678,0.0843417675100843,0.0874587458745875
194273.411807,2596866.126422,0.0774725274725275,0.0402930402930403,0.0294871794871795,0.708608058608059,0.0851648351648352,0.058974358974359
194773.411807,2596866.126422,0.060989010989011,0.0258241758241758,0.0124542124542125,0.826190476190476,0.054029304029304,0.0205128205128205
195273.411807,2596866.126422,0.207370737073707,0.0416208287495416,0.000183351668500183,0.547671433810048,0.0979097909790979,0.105243857719105
195773.411807,2596866.126422,0.406959706959707,0.0749084249084249,0.000366300366300366,0.202564102564103,0.103663003663004,0.211538461538462
196273.411807,2596866.126422,0.398717948717949,0.0331501831501832,0.000366300366300366,0.170695970695971,0.0672161172161172,0.32985347985348
196773.411807,2596866.126422,0.206453978731206,0.0066006600660066,0.641914191419142,0.048954895489549,0.0137513751375138,0.0823248991565823
197273.411807,2596866.126422,0.502014652014652,0.0183150183150183,0.323076923076923,0.0342490842490843,0.0316849816849817,0.0906593406593407
197773.411807,2596866.126422,0.632967032967033,0.00293040293040293,0.0148351648351648,0.108608058608059,0.0545787545787546,0.186080586080586
198273.411807,2596866.126422,0.960946094609461,0,0,0,0,0.0390539053905391
198773.411807,2596866.126422,0.872689938398357,0,0,0,0.000912616929044034,0.126397444672599
186273.411807,2596366.126422,0.0169571361281206,0.0638247762600094,0,0.451483749411211,0.115402731983043,0.352331606217617
186773.411807,2596366.126422,0.12864745824922,0.0704716461736098,0,0.0266103872270141,0.00935951550743256,0.764910992842723
187273.411807,2596366.126422,0.286997982761783,0.00348432055749129,0,0.0265908674124335,0.0154043645699615,0.667522464698331
187773.411807,2596366.126422,0.021073850100788,0.0223566061938794,0,0.255818215136522,0.101704233095107,0.599047095473703
188273.411807,2596366.126422,0.256377316938888,0.084235639566893,0,0.175628555698293,0.0321159845843274,0.451642503211598
188773.411807,2596366.126422,0.0841738492572896,0.184668989547038,0,0.164313222079589,0.0773885934348065,0.489455345681276
189273.411807,2596366.126422,0.0533260032985157,0.395455378413047,0.00109950522264981,0.365768737401503,0.115631299248671,0.068719076415613
189773.411807,2596366.126422,0.0677188474949532,0.258028996146082,0.00734079647641769,0.366856303908974,0.106441548908057,0.193613507065517
190273.411807,2596366.126422,0.134971575279663,0.100311754997249,0.00880249403997799,0.446726572528883,0.130020172382175,0.179167430772052
190773.411807,2596366.126422,0.132856881070185,0.206523730987722,0.0133773135422393,0.34982591167308,0.0996884735202492,0.197727689206524
191273.411807,2596366.126422,0.183336391998532,0.0717562855569829,0.0100935951550743,0.389062213250138,0.15342264635713,0.192328867682144
191773.411807,2596366.126422,0.201173665871997,0.0678525582248304,0.0298918026774253,0.564643315606088,0.0564826700898588,0.0799559875298001
192273.411807,2596366.126422,0.0866776617188932,0.042147700201576,0.0894264247755177,0.713395638629283,0.0331684075499359,0.0351841671247938
192773.411807,2596366.126422,0.0264268673151037,0.0299137456414021,0.0688199669664159,0.833547439897229,0.0324830244081483,0.00880895577170123
193273.411807,2596366.126422,0.121951219512195,0.0573995965523565,0.0487804878048781,0.678892352833303,0.0700531817348249,0.0229231615624427
193773.411807,2596366.126422,0.138720908924317,0.0373831775700935,0.0461792193512919,0.627450980392157,0.0918086860912589,0.0584570276708814
194273.411807,2596366.126422,0.100018351991191,0.0359699027344467,0.047715177096715,0.69700862543586,0.0688199669664159,0.0504679757753716
194773.411807,2596366.126422,0.101595452044746,0.0313588850174216,0.0135705116449661,0.714835870163213,0.10012836970475,0.0385109114249037
195273.411807,2596366.126422,0.104452996151732,0.045629466739967,0.0227231079347627,0.59758108851017,0.135055891515485,0.0945574491478835
195773.411807,2596366.126422,0.261699394384291,0.0266103872270141,0.009543035419343,0.446320425766196,0.0783630023857589,0.177463754817398
196273.411807,2596366.126422,0.715752796625711,0.00605171465248487,0.004401247019989,0.0564826700898588,0.0482303319273794,0.169081239684577
196773.411807,2596366.126422,0.0124610591900312,0.0208905992303463,0.89243173905076,0.0328019058090526,0.009529045262965,0.0318856514568444
197273.411807,2596366.126422,0.408331804000734,0.0130299137456414,0.106808588731877,0.207744540282621,0.128280418425399,0.135804734813727
197773.411807,2596366.126422,0.830918760315423,0.00165046763249587,0.00146708233999633,0.0286081056299285,0.0177883733724555,0.119567210709701
198273.411807,2596366.126422,0.889866226864578,0.000366501740883269,0,0.00623052959501558,0.00641378046545721,0.0971229613340663
198773.411807,2596366.126422,0.639707562257254,0.00114233493260224,0,0.0653415581448481,0.0178204249485949,0.275988119716701
186273.411807,2595866.126422,0.10075329566855,0.0211864406779661,0,0.220809792843691,0.219868173258004,0.437382297551789
186773.411807,2595866.126422,0.305504587155963,0.0959633027522936,0,0.0177981651376147,0.0335779816513761,0.547155963302752
187273.411807,2595866.126422,0.90295358649789,0.00183452577508714,0,0.00110071546505228,0,0.0941111722619703
187773.411807,2595866.126422,0.0291208791208791,0.017032967032967,0,0.182417582417582,0.0395604395604396,0.731868131868132
188273.411807,2595866.126422,0.0684403669724771,0.0242201834862385,0,0.258899082568807,0.0708256880733945,0.577614678899083
188773.411807,2595866.126422,0.0172445422858191,0.609796367638965,0,0.0291689598238855,0.0821867547239039,0.261603375527426
189273.411807,2595866.126422,0.00842490842490842,0.577655677655678,0,0.010989010989011,0.158424908424908,0.244505494505494
189773.411807,2595866.126422,0.0187155963302752,0.324770642201835,0.00128440366972477,0.18256880733945,0.0724770642201835,0.400183486238532
190273.411807,2595866.126422,0.0651256650155935,0.125665015593469,0.00752155567785727,0.459732159236837,0.112823335167859,0.229132269308384
190773.411807,2595866.126422,0.0606227106227106,0.182234432234432,0.0106227106227106,0.581684981684982,0.0749084249084249,0.0899267399267399
191273.411807,2595866.126422,0.157981651376147,0.117247706422018,0.00844036697247706,0.390825688073395,0.105321100917431,0.220183486238532
191773.411807,2595866.126422,0.0838378279214823,0.0959456980370574,0.0366905155017428,0.546505228398459,0.0948449825720051,0.142175747569253
192273.411807,2595866.126422,0.043040293040293,0.0166666666666667,0.0408424908424908,0.846153846153846,0.0402930402930403,0.013003663003663
192773.411807,2595866.126422,0.19394495412844,0.0601834862385321,0.0203669724770642,0.446788990825688,0.139266055045872,0.139449541284404
193273.411807,2595866.126422,0.178499357915979,0.030820033021464,0.016694184553293,0.533113190240323,0.114657860942946,0.126215373325995
193773.411807,2595866.126422,0.0838827838827839,0.0311355311355311,0.0661172161172161,0.671245421245421,0.0820512820512821,0.0655677655677656
194273.411807,2595866.126422,0.0988990825688073,0.0271559633027523,0.0240366972477064,0.697798165137615,0.0862385321100917,0.0658715596330275
194773.411807,2595866.126422,0.12126215373326,0.029535864978903,0.0251330031186938,0.635112823335168,0.0941111722619703,0.0948449825720051
195273.411807,2595866.126422,0.122710622710623,0.0379120879120879,0.000366300366300366,0.632783882783883,0.121428571428571,0.0847985347985348
195773.411807,2595866.126422,0.347339449541284,0.0187155963302752,0.00018348623853211,0.311376146788991,0.0812844036697248,0.241100917431193
196273.411807,2595866.126422,0.446707026233719,0.00862227114290956,0,0.0665932856356632,0.0388919464318474,0.439185470555861
196773.411807,2595866.126422,0.311721611721612,0.0474358974358974,0.10970695970696,0.132417582417582,0.0840659340659341,0.314652014652015
197273.411807,2595866.126422,0.403853211009174,0.0124770642201835,0.00532110091743119,0.202752293577982,0.131559633027523,0.244036697247706
197773.411807,2595866.126422,0.625573289304715,0.00293524124013942,0,0.032104201064025,0.0187121629058888,0.320675105485232
198273.411807,2595866.126422,0.83956043956044,0.000183150183150183,0,0.0043956043956044,0.00512820512820513,0.150732600732601
198773.411807,2595866.126422,0.677780315140443,0.000456725279744234,0,0.0824389129938342,0.0324274948618406,0.206896551724138
186273.411807,2595366.126422,0.032258064516129,0.0364963503649635,0,0.0986578761478691,0.0565104779844596,0.776077230986579
186773.411807,2595366.126422,0.0402930402930403,0.594139194139194,0,0.00714285714285714,0.0441391941391941,0.314285714285714
187273.411807,2595366.126422,0.772893772893773,0.034981684981685,0,0.00750915750915751,0.0111721611721612,0.173443223443223
187773.411807,2595366.126422,0.0242024202420242,0.00403373670700403,0,0.155848918225156,0.0363036303630363,0.77961129446278
188273.411807,2595366.126422,0.010989010989011,0.0267399267399267,0,0.259157509157509,0.0826007326007326,0.620512820512821
188773.411807,2595366.126422,0.0752747252747253,0.36043956043956,0.00421245421245421,0.219047619047619,0.0908424908424908,0.25018315018315
189273.411807,2595366.126422,0.0185185185185185,0.345434543454345,0,0.0515218188485515,0.0559222588925559,0.528602860286029
189773.411807,2595366.126422,0.0287545787545788,0.325457875457875,0.00238095238095238,0.124542124542125,0.165567765567766,0.353296703296703
190273.411807,2595366.126422,0.0470695970695971,0.217216117216117,0.00421245421245421,0.291025641025641,0.104761904761905,0.335714285714286
190773.411807,2595366.126422,0.0562889622295563,0.118261826182618,0.00458379171250458,0.426109277594426,0.120645397873121,0.274110744407774
191273.411807,2595366.126422,0.067032967032967,0.21043956043956,0.00164835164835165,0.199450549450549,0.108424908424908,0.413003663003663
191773.411807,2595366.126422,0.0727106227106227,0.268498168498168,0.0212454212454212,0.356776556776557,0.0948717948717949,0.185897435897436
192273.411807,2595366.126422,0.204803813714705,0.114594792812615,0.00183351668500183,0.325265859919325,0.126879354602127,0.226622662266227
192773.411807,2595366.126422,0.241758241758242,0.0534798534798535,0.0111721611721612,0.446886446886447,0.106959706959707,0.13974358974359
193273.411807,2595366.126422,0.0987179487179487,0.0659340659340659,0.0478021978021978,0.608974358974359,0.0972527472527473,0.0813186813186813
193773.411807,2595366.126422,0.0397873120645398,0.207187385405207,0.0242024202420242,0.640997433076641,0.0458379171250458,0.041987532086542
194273.411807,2595366.126422,0.15970695970696,0.128937728937729,0.00128205128205128,0.424358974358974,0.132417582417582,0.153296703296703
194773.411807,2595366.126422,0.106776556776557,0.056959706959707,0.010989010989011,0.343956043956044,0.0868131868131868,0.394505494505494
195273.411807,2595366.126422,0.182251558489182,0.0372203887055372,0.0022002200220022,0.173634030069674,0.153465346534653,0.451228456178951
195773.411807,2595366.126422,0.184432234432234,0.0276556776556777,0.0932234432234432,0.361721611721612,0.115567765567766,0.217399267399267
196273.411807,2595366.126422,0.246153846153846,0.0384615384615385,0.0470695970695971,0.212087912087912,0.0591575091575092,0.397069597069597
196773.411807,2595366.126422,0.314264759809314,0.0429042904290429,0.00165016501650165,0.134580124679135,0.037037037037037,0.46956362302897
197273.411807,2595366.126422,0.223076923076923,0.089010989010989,0.00183150183150183,0.124908424908425,0.0858974358974359,0.475274725274725
197773.411807,2595366.126422,0.342857142857143,0.0730769230769231,0.000366300366300366,0.103479853479853,0.0884615384615385,0.391758241758242
198273.411807,2595366.126422,0.417675100843418,0.015034836817015,0,0.0830583058305831,0.0465713237990466,0.437660432709938
198773.411807,2595366.126422,0.675564681724846,0.00570385580652521,0,0.00775724389687429,0.00616016427104723,0.304814054300707
186273.411807,2594866.126422,0.00682995760715968,0.262364578426755,0,0.017428167687235,0.0247291568535092,0.688648139425342
186773.411807,2594866.126422,0.0759772435309231,0.0163332721600294,0,0.0478986970086254,0.0148651128647458,0.844925674435676
187273.411807,2594866.126422,0.66018705299835,0,0,0.00110031175499725,0.00110031175499725,0.337612323491656
187773.411807,2594866.126422,0.0423309510720176,0.00146600696353308,0,0.191863661352391,0.042147700201576,0.722191680410482
188273.411807,2594866.126422,0,0.0271609469627455,0,0.258396035969903,0.057258212516058,0.657184804551294
188773.411807,2594866.126422,0.0962772785622593,0.0181551439574546,0.0150375939849624,0.604621309370988,0.13203741059967,0.133871263524665
189273.411807,2594866.126422,0.159428257284222,0.0820963899578523,0.00329851566794942,0.343961883818948,0.144218435037566,0.266996518233462
189773.411807,2594866.126422,0.082583960359699,0.187006790236741,0.000183519911910442,0.263534593503395,0.0983666727839971,0.368324463204258
190273.411807,2594866.126422,0.0649183935448377,0.216944801026958,0.00275077938749312,0.264991747661838,0.0900421786172749,0.360352099761599
190773.411807,2594866.126422,0.10646875572659,0.100421477002016,0.0047645226314825,0.340113615539674,0.105735752244823,0.342495876855415
191273.411807,2594866.126422,0.0868049183336392,0.151587447238025,0.00110111947146265,0.148834648559369,0.0877225178931914,0.523949348504313
191773.411807,2594866.126422,0.0861910874747845,0.405464881716486,0.00311754997249221,0.217128186319457,0.0627177700348432,0.225380524481937
192273.411807,2594866.126422,0.117830309693971,0.194062671797691,0.0199743448781382,0.321422026754627,0.0951072017592084,0.251603445116364
192773.411807,2594866.126422,0.0849697192145348,0.0594604514589833,0.0247751881079097,0.68471279133786,0.0923105156909525,0.0537713341897596
193273.411807,2594866.126422,0.0366770584999083,0.0993948285347515,0.0295250320924262,0.534201357051164,0.104896387309738,0.195305336512012
193773.411807,2594866.126422,0.242074399853399,0.250870441634598,0,0.139637163276526,0.0637713029136888,0.303646692321789
194273.411807,2594866.126422,0.218021655349605,0.104606349788952,0.00495503762158194,0.334923839236557,0.0961644338410718,0.241328684162232
194773.411807,2594866.126422,0.050797726022373,0.0348432055749129,0.0480469466348799,0.739226114065652,0.0445626260773886,0.0825233816247937
195273.411807,2594866.126422,0.0795308777716694,0.0168590800806304,0.0207073483599047,0.759574857980575,0.0593732820230896,0.0639545537841305
195773.411807,2594866.126422,0.1493852082951,0.119654982565608,0.00238575885483575,0.242980363369426,0.0677188474949532,0.417874839420077
196273.411807,2594866.126422,0.165046763249587,0.175132954337062,0.000733541169998166,0.300751879699248,0.0691362552723272,0.289198606271777
196773.411807,2594866.126422,0.140553417628734,0.0907091808686091,0,0.152831225948323,0.0734835990470955,0.542422576507238
197273.411807,2594866.126422,0.197100385391815,0.0697375665259681,0.0176179115434025,0.218205175261516,0.087538997981281,0.409799963296018
197773.411807,2594866.126422,0.31615624426921,0.0403447643498991,0.0148542086924629,0.317806711901706,0.059600220062351,0.251237850724372
198273.411807,2594866.126422,0.319223016309327,0.0758658603628367,0,0.026571376214037,0.0304196444933113,0.547920102620487
198773.411807,2594866.126422,0.594471098926205,0.0125656842586246,0,0.0287868403015764,0.0155357550833905,0.348640621430203
186273.411807,2594366.126422,0.00918079096045198,0.397128060263653,0,0.048728813559322,0.129472693032015,0.415489642184557
186773.411807,2594366.126422,0.213394495412844,0.297981651376147,0,0.0502752293577982,0.0521100917431193,0.386238532110092
187273.411807,2594366.126422,0.348743349844065,0.010273344340488,0,0.257934323977252,0.120895248578243,0.262153733259952
187773.411807,2594366.126422,0.0161172161172161,0.0573260073260073,0,0.402747252747253,0.0437728937728938,0.48003663003663
188273.411807,2594366.126422,0.0196330275229358,0.136146788990826,0,0.205504587155963,0.0590825688073394,0.579633027522936
188773.411807,2594366.126422,0.0678774536782242,0.111906072280316,0.014125848468171,0.294624839478995,0.0895248578242524,0.421940928270042
189273.411807,2594366.126422,0.0619047619047619,0.295421245421245,0.0010989010989011,0.210989010989011,0.0917582417582418,0.338827838827839
189773.411807,2594366.126422,0.0554128440366972,0.294678899082569,0.00036697247706422,0.268073394495413,0.102935779816514,0.278532110091743
190273.411807,2594366.126422,0.103650706292423,0.186204366171345,0.00843881856540084,0.318473674555127,0.0889745000917263,0.294257934323977
190773.411807,2594366.126422,0.0562271062271062,0.426556776556777,0,0.0347985347985348,0.0598901098901099,0.422527472527473
191273.411807,2594366.126422,0.0264220183486239,0.317798165137615,0.00018348623853211,0.122752293577982,0.0801834862385321,0.452660550458716
191773.411807,2594366.126422,0.130801687763713,0.168592918730508,0.014125848468171,0.36378646119978,0.0708126949183636,0.251880388919464
192273.411807,2594366.126422,0.0241758241758242,0.100732600732601,0.000915750915750916,0.151098901098901,0.028021978021978,0.695054945054945
192773.411807,2594366.126422,0.0563302752293578,0.0902752293577982,0.00348623853211009,0.128256880733945,0.0572477064220183,0.664403669724771
193273.411807,2594366.126422,0.00678774536782242,0.196477710511833,0,0.13557145477894,0.0983305815446707,0.562832507796735
193773.411807,2594366.126422,0.162820512820513,0.146886446886447,0.000366300366300366,0.161538461538462,0.0838827838827839,0.444505494505494
194273.411807,2594366.126422,0.197247706422018,0.0403669724770642,0.00697247706422018,0.445871559633028,0.0781651376146789,0.231376146788991
194773.411807,2594366.126422,0.0498991010823702,0.0284351495138507,0.0209135938359934,0.819482663731425,0.0566868464501926,0.0245826453861677
195273.411807,2594366.126422,0.086996336996337,0.0435897435897436,0.00293040293040293,0.599267399267399,0.0967032967032967,0.170512820512821
195773.411807,2594366.126422,0.14348623853211,0.0526605504587156,0.00293577981651376,0.519449541284404,0.12348623853211,0.157981651376147
196273.411807,2594366.126422,0.1768482847184,0.091726288754357,0.00678774536782242,0.292239955971381,0.115208218675472,0.317189506512566
196773.411807,2594366.126422,0.134249084249084,0.0926739926739927,0.0102564102564103,0.433699633699634,0.114468864468864,0.214652014652015
197273.411807,2594366.126422,0.202385321100917,0.078348623853211,0.00146788990825688,0.252477064220184,0.104036697247706,0.361284403669725
197773.411807,2594366.126422,0.190607228031554,0.134837644468905,0.00935608145294441,0.264538616767566,0.0803522289488167,0.320308200330215
198273.411807,2594366.126422,0.298351648351648,0.0514652014652015,0.0382783882783883,0.190659340659341,0.0298534798534799,0.391391941391941
198773.411807,2594366.126422,0.467458323818223,0.0420187257364695,0.056633934688285,0.100707924183604,0.0219228134277232,0.311258278145695
186273.411807,2593866.126422,0.0569813986343301,0.291499882269838,0,0.0475629856369202,0.0769955262538262,0.526960207205086
186773.411807,2593866.126422,0.0119047619047619,0.126556776556777,0,0.0282051282051282,0.019047619047619,0.814285714285714
187273.411807,2593866.126422,0.010989010989011,0.263186813186813,0,0.0842490842490843,0.0326007326007326,0.608974358974359
187773.411807,2593866.126422,0.0077007700770077,0.0346534653465347,0,0.0797579757975798,0.0273193986065273,0.850568390172351
188273.411807,2593866.126422,0.148351648351648,0.00641025641025641,0,0.0906593406593407,0.0362637362637363,0.718315018315018
188773.411807,2593866.126422,0.0776556776556777,0.325457875457875,0,0.0573260073260073,0.056959706959707,0.482600732600733
189273.411807,2593866.126422,0.0238357169050238,0.468646864686469,0.0113678034470114,0.0672900623395673,0.0718738540520719,0.356985698569857
189773.411807,2593866.126422,0.0437728937728938,0.267399267399267,0.000915750915750916,0.237545787545788,0.119047619047619,0.331318681318681
190273.411807,2593866.126422,0.112087912087912,0.32967032967033,0.0010989010989011,0.189194139194139,0.0813186813186813,0.286630036630037
190773.411807,2593866.126422,0.0385038503850385,0.446461312797946,0.0104510451045105,0.158232489915658,0.0771910524385772,0.269160249358269
191273.411807,2593866.126422,0.0606227106227106,0.195238095238095,0.00970695970695971,0.406227106227106,0.0833333333333333,0.244871794871795
191773.411807,2593866.126422,0.089010989010989,0.0721611721611722,0.00732600732600733,0.628754578754579,0.0897435897435897,0.113003663003663
