"x","y","forest","agri","water","built","other","grass"
250273.411807,2626866.126422,0.962820512820513,0,0,0,0,0.0371794871794872
250773.411807,2626866.126422,0.889255592225889,0.013017968463513,0,0.00806747341400807,0.00385038503850385,0.0858085808580858
251273.411807,2626866.126422,0.930769230769231,0.00402930402930403,0,0.00384615384615385,0.00677655677655678,0.0545787545787546
251773.411807,2626866.126422,0.950915750915751,0.00293040293040293,0,0.00164835164835165,0.00293040293040293,0.0415750915750916
252273.411807,2626866.126422,0.564356435643564,0.0238357169050238,0.0115511551155116,0.17986798679868,0.0605060506050605,0.15988265493216
252773.411807,2626866.126422,0.716300366300366,0.0578754578754579,0.0639194139194139,0.0203296703296703,0.0452380952380952,0.0963369963369963
253273.411807,2626866.126422,0.622161172161172,0.0510989010989011,0.0313186813186813,0.0728937728937729,0.0652014652014652,0.157326007326007
253773.411807,2626866.126422,0.563623028969564,0.0463879721305464,0.0225522552255226,0.0394206087275394,0.0408874220755409,0.287128712871287
254273.411807,2626866.126422,0.837362637362637,0.00934065934065934,0,0,0.00274725274725275,0.150549450549451
254773.411807,2626866.126422,0.925641025641026,0.0144688644688645,0,0,0,0.0598901098901099
255273.411807,2626866.126422,0.870920425375871,0.0044004400440044,0.00348368170150348,0.0207187385405207,0.0141180784745141,0.0863586358635864
255773.411807,2626866.126422,0.6003663003663,0.0860805860805861,0.118131868131868,0.0551282051282051,0.0336996336996337,0.106593406593407
256273.411807,2626866.126422,0.286446886446886,0.0882783882783883,0.151465201465201,0.226190476190476,0.0745421245421245,0.173076923076923
256773.411807,2626866.126422,0.584525119178585,0.0606894022735607,0.0828749541620829,0.0676567656765677,0.0174184085075174,0.186835350201687
257273.411807,2626866.126422,0.641208791208791,0.0296703296703297,0.0747252747252747,0.0487179487179487,0.0206959706959707,0.184981684981685
257773.411807,2626866.126422,0.803663003663004,0.0133699633699634,0.000366300366300366,0.00183150183150183,0.00732600732600733,0.173443223443223
258273.411807,2626866.126422,0.737440410707737,0.00311697836450312,0,0.00055005500550055,0.00421708837550422,0.254675467546755
258773.411807,2626866.126422,0.874358974358974,0,0,0,0,0.125641025641026
259273.411807,2626866.126422,0.789194139194139,0.00659340659340659,0,0.0333333333333333,0.0126373626373626,0.158241758241758
259773.411807,2626866.126422,0.621195452878621,0.00916758342500917,0.000183351668500183,0.0231023102310231,0.00916758342500917,0.337183718371837
260273.411807,2626866.126422,0.336080586080586,0.0360805860805861,0.00402930402930403,0.0412087912087912,0.0501831501831502,0.532417582417582
260773.411807,2626866.126422,0.862454212454212,0.109157509157509,0,0.00750915750915751,0,0.0208791208791209
261273.411807,2626866.126422,0.36028602860286,0.192885955262193,0.141730839750642,0.232489915658232,0.01998533186652,0.0526219288595526
261773.411807,2626866.126422,0.784615384615385,0.00952380952380952,0.00604395604395604,0.00201465201465201,0.0108058608058608,0.186996336996337
262273.411807,2626866.126422,0.631135531135531,0.116666666666667,0.0278388278388278,0,0.00622710622710623,0.218131868131868
250273.411807,2626366.126422,0.465982028241335,0.0135705116449661,0,0.0306253438474234,0.0368604437924078,0.452961672473868
250773.411807,2626366.126422,0.453729155213487,0.0408649441084845,0.0542422576507238,0.205240974894631,0.0498442367601246,0.196078431372549
251273.411807,2626366.126422,0.642319691686548,0.00422095797394017,0,0.0271609469627455,0.0108276748027161,0.31547072857405
251773.411807,2626366.126422,0.89198606271777,0.000366770584999083,0,0.000183385292499542,0.00110031175499725,0.106363469649734
252273.411807,2626366.126422,0.706065603811618,0.0393989371449514,0.00549752611324904,0.0487447315374748,0.0648708081363387,0.135422393256368
252773.411807,2626366.126422,0.978711690218389,0.00422095797394017,0,0,0,0.0170673518076711
253273.411807,2626366.126422,0.887401430405282,0,0,0,0,0.112598569594719
253773.411807,2626366.126422,0.625618471687741,0.0382994319223016,0.0188748396554884,0.0179585853032802,0.0284038849184534,0.270844786512736
254273.411807,2626366.126422,0.733712607817948,0.038172141677372,0.00752431638832813,0.0113782345384474,0.012846393833731,0.196366305744173
254773.411807,2626366.126422,0.943517329910141,0,0,0,0,0.0564826700898588
255273.411807,2626366.126422,0.72200842954004,0.0106285504856148,0.0128275609309144,0.142752428074033,0.0243723657687374,0.0874106652006597
255773.411807,2626366.126422,0.70948797944577,0.071389245733162,0.0631308496971921,0.0271609469627455,0.0249587080198202,0.10387227014131
256273.411807,2626366.126422,0.876581698147809,0.0053181734824867,0.00110031175499725,0.0201723821749496,0.00806895286997983,0.0887584815697781
256773.411807,2626366.126422,0.763056624518966,0.00861279091075683,0.000549752611324904,0.0243723657687374,0.0229063588052043,0.18050210738501
257273.411807,2626366.126422,0.524499908240044,0.0346852633510736,0.0161497522481189,0.036520462470178,0.0280785465222977,0.360066067168288
257773.411807,2626366.126422,0.60388776820099,0.0982945167797543,0.0452961672473868,0.0320924261874198,0.0190720704199523,0.201357051164497
258273.411807,2626366.126422,0.35312442734103,0.190397654388858,0.0201575957485798,0.055158512002932,0.12332783580722,0.25783397471138
258773.411807,2626366.126422,0.786382822536245,0.0295467058175812,0.00367039823820885,0.0255092677555515,0.00513855753349238,0.149752248118921
259273.411807,2626366.126422,0.516963139556208,0.072803961122318,0.0232899321474418,0.024390243902439,0.0480469466348799,0.314505776636714
259773.411807,2626366.126422,0.785596481583288,0.00733003481766538,0,0.00109950522264981,0.0089792926516401,0.196994685724757
260273.411807,2626366.126422,0.360616626904019,0.0282620664342081,0.000550559735731327,0.0168838318957607,0.0345017434391632,0.559185171591118
260773.411807,2626366.126422,0.285530900421786,0.166513845589584,0.00146708233999633,0.070419952319824,0.0856409315972859,0.390427287731524
261273.411807,2626366.126422,0.19846069268829,0.542789078248122,0.00806303829943192,0.078248121678578,0.0346344145134689,0.137804654572109
261773.411807,2626366.126422,0.509451275463388,0.0176179115434025,0.028629106258029,0.00752431638832813,0.0189025509267756,0.417874839420077
262273.411807,2626366.126422,0.632495873830919,0.022006235099945,0.00458463231248854,0.00330093526499175,0.011186502842472,0.326425820649184
250273.411807,2625866.126422,0.753806640983306,0.0100898917629793,0,0.0392588515868648,0.0458631443771785,0.150981471289672
250773.411807,2625866.126422,0.846886446886447,0.00622710622710623,0,0.000366300366300366,0.00769230769230769,0.138827838827839
251273.411807,2625866.126422,0.825504587155963,0.0139449541284404,0.00385321100917431,0.0223853211009174,0.0128440366972477,0.121467889908257
251773.411807,2625866.126422,0.889011190607228,0.00183452577508714,0.000550357732526142,0.00990643918547056,0.020546688680976,0.0781507980187122
252273.411807,2625866.126422,0.94981684981685,0,0,0,0.000549450549450549,0.0496336996336996
252773.411807,2625866.126422,0.98,0,0,0,0,0.02
253273.411807,2625866.126422,0.926618968996514,0,0,0.000183452577508714,0.000183452577508714,0.0730141258484682
253773.411807,2625866.126422,0.717032967032967,0.00531135531135531,0,0.0216117216117216,0.0402930402930403,0.215750915750916
254273.411807,2625866.126422,0.68697247706422,0.0242201834862385,0.0302752293577982,0.0572477064220183,0.0302752293577982,0.171009174311927
254773.411807,2625866.126422,0.881306182351862,0.00568702990277013,0.0146762062006971,0.0187121629058888,0.00568702990277013,0.0739313887360117
255273.411807,2625866.126422,0.865201465201465,0.0205128205128205,0,0.00183150183150183,0.00787545787545788,0.104578754578755
255773.411807,2625866.126422,0.792660550458716,0.00293577981651376,0,0.00256880733944954,0.0108256880733945,0.191009174311927
256273.411807,2625866.126422,0.717299578059072,0.0264171711612548,0.0341221794166208,0.0816363969913777,0.032104201064025,0.10842047330765
256773.411807,2625866.126422,0.46978021978022,0.206959706959707,0.0862637362637363,0.0659340659340659,0.0336996336996337,0.137362637362637
257273.411807,2625866.126422,0.28697247706422,0.305321100917431,0.294495412844037,0.0438532110091743,0.00128440366972477,0.0680733944954128
257773.411807,2625866.126422,0.599339570720969,0.132269308383783,0.0475142175747569,0.0818198495688864,0.0273344340487984,0.111722619702807
258273.411807,2625866.126422,0.611172161172161,0.253479853479853,0.0263736263736264,0.00952380952380952,0.00476190476190476,0.0946886446886447
258773.411807,2625866.126422,0.564403669724771,0.243302752293578,0.0473394495412844,0.058348623853211,0.0188990825688073,0.0677064220183486
259273.411807,2625866.126422,0.799486332782976,0.0223812144560631,0,0.000183452577508714,0.0133920381581361,0.164556962025316
259773.411807,2625866.126422,0.655494505494505,0.0963369963369963,0.0331501831501832,0.0250915750915751,0.0139194139194139,0.176007326007326
260273.411807,2625866.126422,0.240550458715596,0.215229357798165,0.0897247706422018,0.0368807339449541,0.0801834862385321,0.33743119266055
260773.411807,2625866.126422,0.370023848835076,0.133186571271326,0.0317372959090075,0.0700788846083287,0.0996147495872317,0.29535864978903
261273.411807,2625866.126422,0.467765567765568,0.364652014652015,0.0886446886446886,0.0417582417582418,0.00256410256410256,0.0346153846153846
261773.411807,2625866.126422,0.33045871559633,0.0528440366972477,0.0976146788990826,0.0594495412844037,0.0405504587155963,0.419082568807339
262273.411807,2625866.126422,0.555861309851403,0.0212804989910108,0,0.00403595670519171,0.00330214639515685,0.415520088057237
250273.411807,2625366.126422,0.960989010989011,0,0,0,0,0.039010989010989
250773.411807,2625366.126422,0.914008067473414,0,0,0.000183351668500183,0,0.0858085808580858
251273.411807,2625366.126422,0.884798534798535,0,0,0,0.0010989010989011,0.114102564102564
251773.411807,2625366.126422,0.631135531135531,0.0010989010989011,0,0.028021978021978,0.0296703296703297,0.31007326007326
252273.411807,2625366.126422,0.673817381738174,0.0163182984965163,0,0.0236523652365237,0.0392372570590392,0.246974697469747
252773.411807,2625366.126422,0.853296703296703,0,0,0.00311355311355311,0.00970695970695971,0.133882783882784
253273.411807,2625366.126422,0.710622710622711,0.028021978021978,0.00293040293040293,0.0413919413919414,0.041025641025641,0.176007326007326
253773.411807,2625366.126422,0.402456912357902,0.0984598459845985,0.0238357169050238,0.0465713237990466,0.0815914924825816,0.347084708470847
254273.411807,2625366.126422,0.666117216117216,0.0465201465201465,0.0582417582417582,0.0404761904761905,0.030952380952381,0.157692307692308
254773.411807,2625366.126422,0.771978021978022,0.0602564102564103,0.0181318681318681,0.00805860805860806,0.0184981684981685,0.123076923076923
255273.411807,2625366.126422,0.81994866153282,0.12027869453612,0.00165016501650165,0,0.000183351668500183,0.0579391272460579
255773.411807,2625366.126422,0.808424908424908,0.034981684981685,0,0.00879120879120879,0.017032967032967,0.130769230769231
256273.411807,2625366.126422,0.846886446886447,0.0434065934065934,0.0135531135531136,0.0243589743589744,0.0115384615384615,0.0602564102564103
256773.411807,2625366.126422,0.662266226622662,0.162266226622662,0.0916758342500917,0.0388705537220389,0.00183351668500183,0.0430876420975431
257273.411807,2625366.126422,0.632783882783883,0.184249084249084,0.0972527472527473,0.036996336996337,0.00567765567765568,0.043040293040293
257773.411807,2625366.126422,0.846336996336996,0.0155677655677656,0.00457875457875458,0.000366300366300366,0.00384615384615385,0.129304029304029
258273.411807,2625366.126422,0.904290429042904,0.0133846718005134,0.00311697836450312,0.000366703337000367,0.0033003300330033,0.0755408874220755
258773.411807,2625366.126422,0.803846153846154,0.093956043956044,0.00402930402930403,0.000183150183150183,0.010989010989011,0.086996336996337
259273.411807,2625366.126422,0.355311355311355,0.113553113553114,0.0747252747252747,0.124175824175824,0.0419413919413919,0.29029304029304
259773.411807,2625366.126422,0.666116611661166,0.248808214154749,0.028969563623029,0.00641730839750642,0.0022002200220022,0.0474880821415475
260273.411807,2625366.126422,0.705311355311355,0.21025641025641,0.0131868131868132,0,0.00274725274725275,0.0684981684981685
260773.411807,2625366.126422,0.787728937728938,0.0413919413919414,0.000183150183150183,0,0.000366300366300366,0.17032967032967
261273.411807,2625366.126422,0.668316831683168,0.203153648698203,0.00055005500550055,0.0066006600660066,0.0166850018335167,0.104693802713605
261773.411807,2625366.126422,0.457326007326007,0.120879120879121,0.0963369963369963,0.0820512820512821,0.0510989010989011,0.192307692307692
262273.411807,2625366.126422,0.614285714285714,0.0388278388278388,0.000732600732600733,0.0010989010989011,0.00860805860805861,0.336446886446886
250273.411807,2624866.126422,0.804878048780488,0.00311754997249221,0,0.0187052998349532,0.0214560792224464,0.15184302218962
250773.411807,2624866.126422,0.814916620853949,0.00164925783397471,0,0.00842954004031519,0.0124610591900312,0.16254352208173
251273.411807,2624866.126422,0.795191778307946,0.0082583960359699,0,0.00770783630023858,0.0159662323362085,0.172875757019637
251773.411807,2624866.126422,0.651017788373372,0.0454795525398863,0.00201723821749496,0.0284247203374289,0.0245736291949386,0.248487071336879
252273.411807,2624866.126422,0.717427157778999,0.00183250870441635,0.00329851566794942,0.051676745464541,0.0256551218618288,0.200109950522265
252773.411807,2624866.126422,0.691319508166636,0.0631308496971921,0.025325747843641,0.0324830244081483,0.0480822169205359,0.139658652963847
253273.411807,2624866.126422,0.836420319090409,0.00788556757748029,0,0.0154043645699615,0.0221896203924445,0.118100128369705
253773.411807,2624866.126422,0.881070185083379,0.0430639545537841,0,0,0,0.0758658603628367
254273.411807,2624866.126422,0.857405028445586,0.0499174160396403,0,0,0.000183519911910442,0.0924940356028629
254773.411807,2624866.126422,0.818265175132954,0.0788556757748029,0,0.00165046763249587,0.00348432055749129,0.0977443609022556
255273.411807,2624866.126422,0.731537474803005,0.193879420927249,0.00256551218618288,0.00384826827927433,0.00201575957485798,0.0661535642294301
255773.411807,2624866.126422,0.860524866948064,0.00275279867865663,0,0.00110111947146265,0.0047715177096715,0.130849697192145
256273.411807,2624866.126422,0.92389510361269,0.00256739409499358,0,0,0,0.0735375022923162
256773.411807,2624866.126422,0.970679860729338,0.00641378046545721,0.000183250870441635,0,0.000366501740883269,0.0223566061938794
257273.411807,2624866.126422,0.894109010827675,0.0012846393833731,0,0.00146815929528354,0.00587263718113415,0.0972655533125344
257773.411807,2624866.126422,0.94406748578764,0.0306253438474234,0,0,0,0.0253071703649367
258273.411807,2624866.126422,0.835074216602529,0.00329851566794942,0,0,0.00238226131574125,0.15924500641378
258773.411807,2624866.126422,0.765278032666544,0.0288126261699394,0.00422095797394017,0.044411818682327,0.0220223894292531,0.135254175077996
259273.411807,2624866.126422,0.718136805428205,0.218595268659454,0.0232899321474418,0.00916926462497708,0.00275077938749312,0.0280579497524299
259773.411807,2624866.126422,0.858530328019058,0.121495327102804,0.0106285504856148,0,0.000183250870441635,0.00916254352208173
260273.411807,2624866.126422,0.893007891356212,0.0625802899614608,0.00623967700495504,0,0,0.038172141677372
260773.411807,2624866.126422,0.903722721437741,0.0414450761048964,0,0,0.000550155877498625,0.0542820465798643
261273.411807,2624866.126422,0.905809052593,0.0157595748579806,0,0.000183250870441635,0.00568077698369067,0.0725673446948873
261773.411807,2624866.126422,0.694072306845293,0.0515690952468343,0.00587263718113415,0.0339511837034318,0.039823820884566,0.174710956138741
262273.411807,2624866.126422,0.577113515496057,0.162112598569595,0.0408949202273978,0.0214560792224464,0.037593984962406,0.160828901522098
250273.411807,2624366.126422,0.812878370941112,0.00715465052283985,0,0.0187121629058888,0.023115024766098,0.138139790864062
250773.411807,2624366.126422,0.654029304029304,0.0157509157509158,0,0.0221611721611722,0.0446886446886447,0.263369963369963
251273.411807,2624366.126422,0.681284403669725,0.0179816513761468,0.00844036697247706,0.0537614678899083,0.064954128440367,0.173577981651376
251773.411807,2624366.126422,0.805540267840763,0.0297193175564117,0.00587048248027885,0.0100898917629793,0.0126582278481013,0.136121812511466
252273.411807,2624366.126422,0.571062271062271,0.138095238095238,0.126556776556777,0.0249084249084249,0.0230769230769231,0.116300366300366
252773.411807,2624366.126422,0.477064220183486,0.215596330275229,0.142752293577982,0.00825688073394495,0.0242201834862385,0.132110091743119
253273.411807,2624366.126422,0.917079434966061,0.00330214639515685,0,0,0,0.0796184186387819
253773.411807,2624366.126422,0.811538461538462,0.00970695970695971,0.000183150183150183,0.00347985347985348,0.0113553113553114,0.163736263736264
254273.411807,2624366.126422,0.83045871559633,0.0293577981651376,0.00146788990825688,0.00788990825688073,0.0111926605504587,0.119633027522936
254773.411807,2624366.126422,0.765180700788846,0.0291689598238855,0.00862227114290956,0.0155934690882407,0.0122913226930838,0.169143276463034
255273.411807,2624366.126422,0.75970695970696,0.0873626373626374,0.000183150183150183,0.00512820512820513,0.0161172161172161,0.131501831501832
255773.411807,2624366.126422,0.852110091743119,0,0,0,0,0.147889908256881
256273.411807,2624366.126422,0.815263254448725,0.00880572372041827,0.0132085855806274,0.00898917629792699,0.0194459732159237,0.134287286736379
256773.411807,2624366.126422,0.978937728937729,0.00274725274725275,0,0,0,0.0183150183150183
257273.411807,2624366.126422,0.918532110091743,0.026605504587156,0,0.00018348623853211,0.00073394495412844,0.0539449541284404
257773.411807,2624366.126422,0.941662080352229,0.00715465052283985,0,0,0,0.0511832691249312
258273.411807,2624366.126422,0.895238095238095,0,0,0,0,0.104761904761905
258773.411807,2624366.126422,0.895779816513761,0.0326605504587156,0,0,0,0.0715596330275229
259273.411807,2624366.126422,0.939827554577142,0.0554026784076316,0,0,0,0.00476976701522656
259773.411807,2624366.126422,0.961172161172161,0.03003663003663,0,0,0,0.00879120879120879
260273.411807,2624366.126422,0.880550458715596,0.00422018348623853,0,0.000917431192660551,0.00715596330275229,0.107155963302752
260773.411807,2624366.126422,0.970831040176114,0.0148596587782058,0,0,0,0.0143093010456797
261273.411807,2624366.126422,0.966849816849817,0.0230769230769231,0,0,0,0.0100732600732601
261773.411807,2624366.126422,0.840183486238532,0.044954128440367,0,0,0,0.114862385321101
262273.411807,2624366.126422,0.523206751054852,0.131718950651257,0.136305265088975,0.096862960924601,0.0199963309484498,0.0919097413318657
250273.411807,2623866.126422,0.86978021978022,0.00421245421245421,0,0.00146520146520147,0.00934065934065934,0.115201465201465
250773.411807,2623866.126422,0.783278327832783,0.00055005500550055,0,0.0117345067840117,0.00825082508250825,0.196186285295196
251273.411807,2623866.126422,0.681501831501832,0.0172161172161172,0.0441391941391941,0.0441391941391941,0.0313186813186813,0.181684981684982
251773.411807,2623866.126422,0.641758241758242,0.047985347985348,0.041025641025641,0.0754578754578755,0.0470695970695971,0.146703296703297
252273.411807,2623866.126422,0.88008800880088,0.00293362669600293,0.00165016501650165,0,0.00055005500550055,0.114778144481115
252773.411807,2623866.126422,0.922161172161172,0.000549450549450549,0,0.000915750915750916,0.00421245421245421,0.0721611721611722
253273.411807,2623866.126422,0.957692307692308,0.000366300366300366,0,0,0,0.0419413919413919
253773.411807,2623866.126422,0.961129446277961,0.00293362669600293,0,0,0,0.0359369270260359
254273.411807,2623866.126422,0.841025641025641,0.00659340659340659,0.00256410256410256,0.00824175824175824,0.0119047619047619,0.12967032967033
254773.411807,2623866.126422,0.824908424908425,0,0,0.000366300366300366,0.00293040293040293,0.171794871794872
255273.411807,2623866.126422,0.4004400440044,0.0724239090575724,0.0313531353135314,0.0218188485515218,0.0579391272460579,0.416024935826916
255773.411807,2623866.126422,0.88021978021978,0.00915750915750916,0,0,0,0.110622710622711
256273.411807,2623866.126422,0.914102564102564,0.0173992673992674,0,0,0.000366300366300366,0.0681318681318681
256773.411807,2623866.126422,0.996149614961496,0.00146681334800147,0,0,0,0.00238357169050238
257273.411807,2623866.126422,0.837362637362637,0.00201465201465201,0,0.000183150183150183,0.000915750915750916,0.15952380952381
257773.411807,2623866.126422,0.938461538461538,0.00164835164835165,0,0,0,0.0598901098901099
258273.411807,2623866.126422,0.932343234323432,0.000916758342500917,0,0.000366703337000367,0.0011001100110011,0.0652731939860653
258773.411807,2623866.126422,0.791208791208791,0.0851648351648352,0.0152014652014652,0.0465201465201465,0.0153846153846154,0.0465201465201465
259273.411807,2623866.126422,0.924175824175824,0.0139194139194139,0,0,0.00146520146520147,0.0604395604395604
259773.411807,2623866.126422,0.892189218921892,0.0183351668500183,0,0,0.0022002200220022,0.0872753942060873
260273.411807,2623866.126422,0.896520146520147,0.0181318681318681,0.00421245421245421,0,0.00128205128205128,0.0798534798534798
260773.411807,2623866.126422,0.953479853479854,0.0316849816849817,0,0,0.000915750915750916,0.0139194139194139
261273.411807,2623866.126422,0.936193619361936,0.0308030803080308,0,0,0,0.033003300330033
261773.411807,2623866.126422,0.87032967032967,0.0615384615384615,0.0010989010989011,0.00457875457875458,0.00146520146520147,0.060989010989011
262273.411807,2623866.126422,0.901831501831502,0.0402930402930403,0,0,0,0.0578754578754579
250273.411807,2623366.126422,0.873280762882817,0.00348432055749129,0,0.00165046763249587,0.00568494406748579,0.11589950485971
250773.411807,2623366.126422,0.757192596664834,0.0163093274693055,0.0461792193512919,0.0194245922668133,0.0131940626717977,0.147700201575957
251273.411807,2623366.126422,0.592952835382639,0.100935951550743,0.0679023674068636,0.0396403009726555,0.0420260598274913,0.156542484859607
251773.411807,2623366.126422,0.810562992847974,0.0902255639097744,0.00806895286997983,0.00183385292499542,0.00238400880249404,0.0869246286447827
252273.411807,2623366.126422,0.783030969397105,0.0863111599780099,0.0203408466190214,0.00164925783397471,0.00604727872457394,0.102620487447315
252773.411807,2623366.126422,0.836483758487796,0.00697375665259681,0,0,0,0.156542484859607
253273.411807,2623366.126422,0.942050247570145,0,0,0,0,0.0579497524298551
253773.411807,2623366.126422,0.915521348726406,0.00348176653839106,0,0.000549752611324904,0.00219901044529962,0.078248121678578
254273.411807,2623366.126422,0.887502293998899,0.0047715177096715,0.00293631859056708,0.00146815929528354,0.00991007524316388,0.0934116351624151
254773.411807,2623366.126422,0.706583532000734,0.0053181734824867,0.000183385292499542,0.00128369704749679,0.00458463231248854,0.282046579864295
255273.411807,2623366.126422,0.810701850833791,0.000549752611324904,0,0,0.000366501740883269,0.188381894814
255773.411807,2623366.126422,0.841805835933199,0.00110111947146265,0,0,0.00293631859056708,0.154156726004772
256273.411807,2623366.126422,0.953420135705116,0.00238400880249404,0,0,0,0.0441958554923895
256773.411807,2623366.126422,0.987905442550852,0.000549752611324904,0,0,0,0.011544804837823
257273.411807,2623366.126422,0.793173059276932,0.0119287942741787,0,0.00935951550743256,0.00917599559552211,0.176362635345935
257773.411807,2623366.126422,0.968457729690079,0.0139372822299652,0,0,0.000550155877498625,0.0170548322024574
258273.411807,2623366.126422,0.951621770203408,0.00513102437236577,0.000733003481766538,0.000733003481766538,0.00458127176104087,0.0371999266996518
258773.411807,2623366.126422,0.929161314002569,0.0227564690768948,0,0,0.000183519911910442,0.0478986970086254
259273.411807,2623366.126422,0.879515862827801,0.0188886851274528,0,0,0.000183385292499542,0.101412066752246
259773.411807,2623366.126422,0.943192230163093,0.00769653655854865,0.000916254352208173,0.000183250870441635,0.00256551218618288,0.0454462158695254
260273.411807,2623366.126422,0.97907873004221,0.000367039823820885,0,0,0.000550559735731327,0.0200036703982382
260773.411807,2623366.126422,0.995048597102512,0.00311754997249221,0,0,0,0.00183385292499542
261273.411807,2623366.126422,0.986989188198644,0.0042147700201576,0,0,0,0.00879604178119846
261773.411807,2623366.126422,0.949164984400807,0.0133969535694623,0,0,0,0.0374380620297302
262273.411807,2623366.126422,0.977076838437557,0,0,0,0,0.0229231615624427
250273.411807,2622866.126422,0.960557695835626,0,0,0,0,0.0394423041643735
250773.411807,2622866.126422,0.92051282051282,0.0166666666666667,0,0,0.0010989010989011,0.0617216117216117
251273.411807,2622866.126422,0.666422018348624,0.0126605504587156,0.0231192660550459,0.108990825688073,0.0348623853211009,0.15394495412844
251773.411807,2622866.126422,0.720968629609246,0.017978352595854,0.0374243258117777,0.0350394423041644,0.0152265639332233,0.173362685745735
252273.411807,2622866.126422,0.903296703296703,0.00641025641025641,0,0,0.000366300366300366,0.0899267399267399
252773.411807,2622866.126422,0.925871559633027,0.00477064220183486,0,0,0,0.0693577981651376
253273.411807,2622866.126422,0.847000550357732,0.00165107319757843,0,0,0.000733810310034856,0.150614566134654
253773.411807,2622866.126422,0.853296703296703,0.0128205128205128,0,0,0,0.133882783882784
254273.411807,2622866.126422,0.89743119266055,0.0174311926605505,0,0,0.00110091743119266,0.0840366972477064
254773.411807,2622866.126422,0.855622821500642,0.00403595670519171,0,0.000183452577508714,0.00220143093010457,0.137956338286553
255273.411807,2622866.126422,0.833699633699634,0.0302197802197802,0,0,0,0.136080586080586
255773.411807,2622866.126422,0.825504587155963,0.00807339449541284,0.00146788990825688,0.00238532110091743,0.00513761467889908,0.15743119266055
256273.411807,2622866.126422,0.733443404879839,0.002568336085122,0,0.001284168042561,0.00458631443771785,0.258117776554761
256773.411807,2622866.126422,0.908424908424908,0.000732600732600733,0,0,0,0.0908424908424908
257273.411807,2622866.126422,0.924587155963303,0.0286238532110092,0,0,0,0.0467889908256881
257773.411807,2622866.126422,0.949000183452578,0.0157769216657494,0,0,0,0.0352228948816731
258273.411807,2622866.126422,0.954029304029304,0,0,0,0,0.045970695970696
258773.411807,2622866.126422,0.911009174311927,0.00348623853211009,0,0.00128440366972477,0.00385321100917431,0.0803669724770642
259273.411807,2622866.126422,0.956154833975417,0.0113740598055403,0,0,0,0.0324711062190424
259773.411807,2622866.126422,0.834615384615385,0.0274725274725275,0.0115384615384615,0.0043956043956044,0.0261904761904762,0.0957875457875458
260273.411807,2622866.126422,0.907522935779816,0.0357798165137615,0.00128440366972477,0,0.00073394495412844,0.0546788990825688
260773.411807,2622866.126422,0.968079251513484,0.0288020546688681,0,0,0,0.00311869381764814
261273.411807,2622866.126422,0.984249084249084,0.00164835164835165,0,0,0,0.0141025641025641
261773.411807,2622866.126422,0.98954128440367,0.00128440366972477,0,0,0,0.00917431192660551
262273.411807,2622866.126422,0.973582828838745,0.00091726288754357,0,0,0,0.0254999082737112
250273.411807,2622366.126422,0.955860805860806,0.000183150183150183,0,0.000366300366300366,0.000549450549450549,0.043040293040293
250773.411807,2622366.126422,0.878987898789879,0.00183351668500183,0,0.00256692335900257,0.00715071507150715,0.109460946094609
251273.411807,2622366.126422,0.660805860805861,0.0183150183150183,0.0205128205128205,0.112637362637363,0.0412087912087912,0.146520146520147
251773.411807,2622366.126422,0.669230769230769,0.0391941391941392,0.08003663003663,0.0728937728937729,0.0311355311355311,0.107509157509158
252273.411807,2622366.126422,0.905390539053905,0.00458379171250458,0.00128346167950128,0.00238357169050238,0.00183351668500183,0.0845251191785845
252773.411807,2622366.126422,0.884065934065934,0.00128205128205128,0,0.000915750915750916,0.00146520146520147,0.112271062271062
253273.411807,2622366.126422,0.656776556776557,0.0122710622710623,0.03003663003663,0.0175824175824176,0.0274725274725275,0.255860805860806
253773.411807,2622366.126422,0.768060139347268,0.0196186285295196,0,0,0.00495049504950495,0.207370737073707
254273.411807,2622366.126422,0.627106227106227,0.0304029304029304,0,0,0.00164835164835165,0.340842490842491
254773.411807,2622366.126422,0.606410256410256,0.0432234432234432,0.0598901098901099,0.140842490842491,0.026007326007326,0.123626373626374
255273.411807,2622366.126422,0.778694536120279,0.017968463513018,0,0.0077007700770077,0.0185185185185185,0.177117711771177
255773.411807,2622366.126422,0.707509157509158,0.0498168498168498,0.0866300366300366,0.0598901098901099,0.0186813186813187,0.0774725274725275
256273.411807,2622366.126422,0.907509157509158,0,0,0.00164835164835165,0.00366300366300366,0.0871794871794872
256773.411807,2622366.126422,0.8995232856619,0,0,0,0,0.1004767143381
257273.411807,2622366.126422,0.743223443223443,0.00274725274725275,0,0.000366300366300366,0.00769230769230769,0.245970695970696
257773.411807,2622366.126422,0.890842490842491,0.00659340659340659,0,0,0,0.102564102564103
258273.411807,2622366.126422,0.938760542720939,0.000183351668500183,0,0,0,0.0610561056105611
258773.411807,2622366.126422,0.938827838827839,0.00164835164835165,0,0.000549450549450549,0.00457875457875458,0.0543956043956044
259273.411807,2622366.126422,0.918498168498168,0.0157509157509158,0,0.000366300366300366,0.00860805860805861,0.0567765567765568
259773.411807,2622366.126422,0.962596259625963,0.00256692335900257,0,0,0,0.0348368170150348
260273.411807,2622366.126422,0.942490842490842,0.0135531135531136,0,0.000366300366300366,0.00274725274725275,0.0408424908424908
260773.411807,2622366.126422,0.978754578754579,0.0183150183150183,0,0,0,0.00293040293040293
261273.411807,2622366.126422,0.994499449944995,0,0,0,0,0.0055005500550055
261773.411807,2622366.126422,0.968864468864469,0,0,0,0,0.0311355311355311
262273.411807,2622366.126422,0.982783882783883,0.000366300366300366,0,0,0,0.0168498168498168
250273.411807,2621866.126422,0.921511094810196,0.00183385292499542,0,0.00348432055749129,0.00495140289748762,0.0682193288098294
250773.411807,2621866.126422,0.874656404617922,0.0089792926516401,0.00293201392706615,0.0447132123877588,0.0166758292101887,0.0520432472054242
251273.411807,2621866.126422,0.854468709855019,0.0102771150669848,0.0170673518076711,0.0172508717195816,0.011194714626537,0.0897412369242063
251773.411807,2621866.126422,0.642765450210893,0.0894920227397763,0.0392444525949019,0.0177883733724555,0.0397946084724005,0.170915092609573
252273.411807,2621866.126422,0.897746014293568,0.0399486897562763,0.00128275609309144,0.000183250870441635,0.00164925783397471,0.059190031152648
252773.411807,2621866.126422,0.672783997063681,0.0220223894292531,0.0669847678473114,0.0501009359515507,0.0341347036153423,0.153973206092861
253273.411807,2621866.126422,0.846873280762883,0.00568494406748579,0.0143040528149642,0.00733541169998166,0.0115532734274711,0.114249037227214
253773.411807,2621866.126422,0.991203958218802,0,0,0,0,0.00879604178119846
254273.411807,2621866.126422,0.889153973206093,0.000183519911910442,0,0,0.0012846393833731,0.109377867498624
254773.411807,2621866.126422,0.248670456629378,0.0165046763249587,0.511461580781221,0.142857142857143,0.0447460113698881,0.0357601320374106
255273.411807,2621866.126422,0.360087960417812,0.0293201392706615,0.0214403518416712,0.0542422576507238,0.0786146234194612,0.45629466739967
255773.411807,2621866.126422,0.408515323912645,0.129748577720683,0.0880895577170123,0.0322995044962378,0.121123141860892,0.220223894292531
256273.411807,2621866.126422,0.769301302035577,0.00366770584999083,0,0.0022006235099945,0.0075187969924812,0.217311571611957
256773.411807,2621866.126422,0.887117463807953,0.00458127176104087,0.000366501740883269,0.0234561114165292,0.00311526479750779,0.0813633864760858
257273.411807,2621866.126422,0.573866764543953,0.00220223894292531,0,0.000367039823820885,0.0119287942741787,0.411635162415122
257773.411807,2621866.126422,0.829451677975426,0.00421786172748946,0,0.00165046763249587,0.0066018705299835,0.158078122134605
258273.411807,2621866.126422,0.893347993402969,0.00238226131574125,0,0,0,0.10426974528129
258773.411807,2621866.126422,0.89612772985869,0.00935951550743256,0,0,0,0.0945127546338778
259273.411807,2621866.126422,0.928479735925179,0.0403447643498991,0,0,0.000183385292499542,0.0309921144324225
259773.411807,2621866.126422,0.861645592816566,0.000549752611324904,0,0,0,0.137804654572109
260273.411807,2621866.126422,0.904936685630391,0.00752431638832813,0,0,0.00165167920719398,0.085887318774087
260773.411807,2621866.126422,0.94003300935265,0.0491472583898771,0,0.000916926462497708,0.000183385292499542,0.0097194205024757
261273.411807,2621866.126422,0.858896829759941,0.00458127176104087,0,0.000183250870441635,0.000549752611324904,0.135788894997251
261773.411807,2621866.126422,0.916498440080749,0,0,0,0,0.0835015599192512
262273.411807,2621866.126422,0.91600953603521,0,0,0,0,0.08399046396479
250273.411807,2621366.126422,0.910658594753256,0.00146762062006971,0,0.00366905155017428,0.00935608145294441,0.0748486516235553
250773.411807,2621366.126422,0.930769230769231,0.03003663003663,0,0,0,0.0391941391941392
251273.411807,2621366.126422,0.718165137614679,0.00917431192660551,0.0207339449541284,0.0710091743119266,0.031743119266055,0.149174311926606
251773.411807,2621366.126422,0.738396624472574,0.0227481196110805,0.0434782608695652,0.0267840763162722,0.02568336085122,0.142909557879288
252273.411807,2621366.126422,0.928754578754579,0.00476190476190476,0.00549450549450549,0.00714285714285714,0.00421245421245421,0.0496336996336996
252773.411807,2621366.126422,0.788073394495413,0.0326605504587156,0.0234862385321101,0.0190825688073394,0.0207339449541284,0.115963302752294
253273.411807,2621366.126422,0.746835443037975,0.0119244175380664,0.0220143093010457,0.0570537516052101,0.0254999082737112,0.136672170243992
253773.411807,2621366.126422,0.765934065934066,0.00183150183150183,0,0.00347985347985348,0.00622710622710623,0.222527472527473
254273.411807,2621366.126422,0.840917431192661,0.00201834862385321,0,0.00110091743119266,0.00623853211009174,0.149724770642202
254773.411807,2621366.126422,0.800403595670519,0.010273344340488,0,0.00623738763529628,0.0232984773436067,0.15978719501009
255273.411807,2621366.126422,0.397802197802198,0.0351648351648352,0.175274725274725,0.0457875457875458,0.0659340659340659,0.28003663003663
255773.411807,2621366.126422,0.295045871559633,0.0913761467889908,0.00348623853211009,0.125321100917431,0.114678899082569,0.370091743119266
256273.411807,2621366.126422,0.71179600073381,0.00513667217024399,0.000366905155017428,0.0106402494955054,0.0133920381581361,0.258668134287287
256773.411807,2621366.126422,0.458974358974359,0.0163003663003663,0.0311355311355311,0.0847985347985348,0.0435897435897436,0.365201465201465
257273.411807,2621366.126422,0.609724770642202,0.024954128440367,0,0.00018348623853211,0.0177981651376147,0.347339449541284
257773.411807,2621366.126422,0.892863694734911,0.0163272793982755,0,0,0.000183452577508714,0.0906255732893047
258273.411807,2621366.126422,0.896520146520147,0,0,0,0,0.103479853479853
258773.411807,2621366.126422,0.829174311926606,0.00018348623853211,0,0,0,0.170642201834862
259273.411807,2621366.126422,0.953586497890295,0.002568336085122,0,0,0.000733810310034856,0.0431113557145478
259773.411807,2621366.126422,0.811538461538462,0,0,0,0,0.188461538461538
260273.411807,2621366.126422,0.970091743119266,0.00110091743119266,0,0,0,0.0288073394495413
260773.411807,2621366.126422,0.77031737295909,0.14547789396441,0.00972298660796184,0.0539350577875619,0.0133920381581361,0.00715465052283985
261273.411807,2621366.126422,0.696886446886447,0.0562271062271062,0.0351648351648352,0.0232600732600733,0.0435897435897436,0.144871794871795
261773.411807,2621366.126422,0.720183486238532,0.0605504587155963,0.0269724770642202,0.0405504587155963,0.0245871559633028,0.127155963302752
262273.411807,2621366.126422,0.841130067877454,0.0669601907906806,0.00348559897266557,0.0348559897266557,0.0113740598055403,0.0421940928270042
250273.411807,2620866.126422,0.851465201465201,0.0135531135531136,0,0.0117216117216117,0.00897435897435897,0.114285714285714
250773.411807,2620866.126422,0.670700403373671,0.00733406674000733,0,0.00146681334800147,0.00476714338100477,0.315731573157316
251273.411807,2620866.126422,0.819230769230769,0.00531135531135531,0.000915750915750916,0.00732600732600733,0.00586080586080586,0.161355311355311
251773.411807,2620866.126422,0.765750915750916,0.0705128205128205,0.0472527472527473,0.015018315018315,0.00915750915750916,0.0923076923076923
252273.411807,2620866.126422,0.914558122478915,0.0333700036670334,0.000183351668500183,0.000183351668500183,0.0044004400440044,0.0473047304730473
252773.411807,2620866.126422,0.919413919413919,0.0296703296703297,0.0161172161172161,0.00622710622710623,0.00384615384615385,0.0247252747252747
253273.411807,2620866.126422,0.822344322344322,0.0633699633699634,0.0203296703296703,0.0128205128205128,0.00989010989010989,0.0712454212454212
253773.411807,2620866.126422,0.580674734140081,0.015951595159516,0.191052438577191,0.103593692702604,0.0205353868720205,0.0881921525485882
254273.411807,2620866.126422,0.854029304029304,0.00549450549450549,0.0252747252747253,0.0124542124542125,0.00311355311355311,0.0996336996336996
254773.411807,2620866.126422,0.53003663003663,0.0153846153846154,0.24981684981685,0.05,0.0254578754578755,0.129304029304029
255273.411807,2620866.126422,0.389438943894389,0.070957095709571,0.27026035936927,0.061972863953062,0.0234690135680235,0.183901723505684
255773.411807,2620866.126422,0.478021978021978,0.0728937728937729,0.0778388278388278,0.105311355311355,0.0417582417582418,0.224175824175824
256273.411807,2620866.126422,0.578571428571429,0.00750915750915751,0.00146520146520147,0.0362637362637363,0.0353479853479853,0.340842490842491
256773.411807,2620866.126422,0.634213421342134,0.0221855518885222,0.0425375870920425,0.0410707737440411,0.0262192885955262,0.233773377337734
257273.411807,2620866.126422,0.823260073260073,0.0304029304029304,0.0181318681318681,0.00402930402930403,0.0148351648351648,0.109340659340659
257773.411807,2620866.126422,0.931501831501832,0.00934065934065934,0.00183150183150183,0,0.00256410256410256,0.0547619047619048
258273.411807,2620866.126422,0.96039603960396,0.000183351668500183,0,0.000183351668500183,0.000183351668500183,0.0390539053905391
258773.411807,2620866.126422,0.886080586080586,0.000732600732600733,0,0.000366300366300366,0.00256410256410256,0.11025641025641
259273.411807,2620866.126422,0.967582417582418,0,0,0,0,0.0324175824175824
259773.411807,2620866.126422,0.904840484048405,0,0,0,0,0.0951595159515952
260273.411807,2620866.126422,0.944139194139194,0.015018315018315,0.000366300366300366,0.0128205128205128,0.00879120879120879,0.0188644688644689
260773.411807,2620866.126422,0.817765567765568,0.0882783882783883,0.0135531135531136,0.0408424908424908,0.0115384615384615,0.028021978021978
261273.411807,2620866.126422,0.957462412907957,0.00678401173450678,0,0,0,0.0357535753575358
261773.411807,2620866.126422,0.994871794871795,0.00256410256410256,0,0,0,0.00256410256410256
262273.411807,2620866.126422,0.978937728937729,0.00146520146520147,0,0,0,0.0195970695970696
250273.411807,2620366.126422,0.821566110397946,0.00311754997249221,0,0.0100861910874748,0.0128369704749679,0.152393178067119
250773.411807,2620366.126422,0.843137254901961,0.0089792926516401,0,0.00256551218618288,0.00513102437236577,0.14018691588785
