"x","y","forest","agri","water","built","other","grass"
166273.411807,2627366.126422,0,0.000183452577508714,0.153366354797285,0.845716382315172,0.000733810310034856,0
166773.411807,2627366.126422,0,0.00604395604395604,0.842307692307692,0.151282051282051,0.000366300366300366,0
167273.411807,2627366.126422,0,0.00036697247706422,0.932844036697248,0.0664220183486239,0.00036697247706422,0
167773.411807,2627366.126422,0,0.00348559897266557,0.923133370023849,0.0713630526508897,0.00201797835259585,0
168273.411807,2627366.126422,0.00146520146520147,0.0406593406593407,0.852014652014652,0.0791208791208791,0.0186813186813187,0.00805860805860806
168773.411807,2627366.126422,0,0.028256880733945,0.904587155963303,0.0596330275229358,0.00605504587155963,0.00146788990825688
169273.411807,2627366.126422,0,0.0596220876903321,0.743533296642818,0.0509998165474225,0.0221977618785544,0.123647037240873
169773.411807,2627366.126422,0,0.0210622710622711,0.902747252747253,0.056959706959707,0.0175824175824176,0.00164835164835165
170273.411807,2627366.126422,0.00513761467889908,0.0719266055045872,0.547522935779816,0.127339449541284,0.0963302752293578,0.151743119266055
170773.411807,2627366.126422,0.0642084021280499,0.190607228031554,0.0471473124197395,0.106769400110072,0.0939277196844616,0.497339937626124
171273.411807,2627366.126422,0.236996336996337,0.118864468864469,0.0194139194139194,0.258424908424908,0.110622710622711,0.255677655677656
171773.411807,2627366.126422,0.116880733944954,0.438348623853211,0.00018348623853211,0.112660550458716,0.108623853211009,0.223302752293578
172273.411807,2627366.126422,0.168409466152999,0.270042194092827,0.0172445422858191,0.167859108420473,0.15116492386718,0.225279765180701
172773.411807,2627366.126422,0.137179487179487,0.217399267399267,0.0282051282051282,0.11043956043956,0.0996336996336996,0.407142857142857
173273.411807,2627366.126422,0.176346962170424,0.102789453572793,0.0143293847917463,0.271685135651509,0.110431792128391,0.324417271685136
166273.411807,2626866.126422,0,0.00860805860805861,0.407142857142857,0.578754578754579,0.00549450549450549,0
166773.411807,2626866.126422,0,0.00183351668500183,0.60964429776311,0.386688668866887,0.00183351668500183,0
167273.411807,2626866.126422,0,0,0.578754578754579,0.421245421245421,0,0
167773.411807,2626866.126422,0,0.0113553113553114,0.774908424908425,0.206410256410256,0.00732600732600733,0
168273.411807,2626866.126422,0.00146681334800147,0.024019068573524,0.867620095342868,0.0940594059405941,0.0077007700770077,0.00513384671800513
168773.411807,2626866.126422,0,0.00238095238095238,0.95018315018315,0.0461538461538462,0.00128205128205128,0
169273.411807,2626866.126422,0.00293040293040293,0.0663003663003663,0.731501831501831,0.102930402930403,0.056959706959707,0.0393772893772894
169773.411807,2626866.126422,0,0.0656398973230656,0.662632929959663,0.0872753942060873,0.104693802713605,0.0797579757975798
170273.411807,2626866.126422,0.0474358974358974,0.0811355311355311,0.172893772893773,0.128571428571429,0.0967032967032967,0.473260073260073
170773.411807,2626866.126422,0.108974358974359,0.284798534798535,0,0.147802197802198,0.111538461538462,0.346886446886447
171273.411807,2626866.126422,0.0667400073340667,0.369270260359369,0.00165016501650165,0.110744407774111,0.0528052805280528,0.398789878987899
171773.411807,2626866.126422,0.107875457875458,0.448351648351648,0.000366300366300366,0.101465201465201,0.0529304029304029,0.289010989010989
172273.411807,2626866.126422,0.11025641025641,0.368131868131868,0,0.209340659340659,0.0858974358974359,0.226373626373626
172773.411807,2626866.126422,0.128162816281628,0.252291895856252,0.0711404473780711,0.0647231389805647,0.0788412174550788,0.404840484048405
173273.411807,2626866.126422,0.117321632964517,0.332315909958031,0,0.149370469286532,0.118657001144601,0.282334986646318
166273.411807,2626366.126422,0,0.011186502842472,0.517146524848707,0.460847240051348,0.010819732257473,0
166773.411807,2626366.126422,0,0,0.843320505772402,0.156679494227598,0,0
167273.411807,2626366.126422,0,0.0122958340979996,0.376032299504496,0.594237474766012,0.0163332721600294,0.00110111947146265
167773.411807,2626366.126422,0.000183385292499542,0.0273244085824317,0.585365853658537,0.355217311571612,0.0275077938749312,0.004401247019989
168273.411807,2626366.126422,0,0.0153930731170973,0.881619937694704,0.0989554700384827,0.00146600696353308,0.00256551218618288
168773.411807,2626366.126422,0,0.0110111947146265,0.924756836116719,0.060561570930446,0.00367039823820885,0
169273.411807,2626366.126422,0.000366770584999083,0.0441958554923895,0.807262057582982,0.0687694846873281,0.035209976159912,0.0441958554923895
169773.411807,2626366.126422,0.000733003481766538,0.0313358988455195,0.810335349092908,0.10426974528129,0.0357339197361187,0.0175920835623969
170273.411807,2626366.126422,0.134336575518444,0.100018351991191,0.0917599559552211,0.224995412002202,0.102954670581758,0.345935033951184
170773.411807,2626366.126422,0.0762882816798093,0.324225197139189,0.0381441408399046,0.218411883366954,0.127452778287181,0.215477718686961
171273.411807,2626366.126422,0.101887483965549,0.425142019424592,0.000366501740883269,0.124244090159428,0.0839288986622686,0.264431006047279
171773.411807,2626366.126422,0.147733529087906,0.267939071389246,0,0.149935768030831,0.0989172325197284,0.335474398972288
172273.411807,2626366.126422,0.166697230882083,0.302402347331744,0.000550155877498625,0.114249037227214,0.0841738492572896,0.33192737942417
172773.411807,2626366.126422,0.172255818215137,0.262231995601979,0.000733003481766538,0.220634048011728,0.120395821880154,0.223749312809236
173273.411807,2626366.126422,0.0846550735715651,0.337091534492643,0.0493025033441621,0.124785018154023,0.0787311293712975,0.32543474106631
165273.411807,2625866.126422,0,0.213369963369963,0.289194139194139,0.450732600732601,0.0238095238095238,0.0228937728937729
165773.411807,2625866.126422,0.00458715596330275,0.0357798165137615,0.462018348623853,0.327522935779817,0.0877064220183486,0.0823853211009174
166273.411807,2625866.126422,0.026967528893781,0.0190790680609063,0.708493854338653,0.0759493670886076,0.0273344340487984,0.142175747569253
166773.411807,2625866.126422,0.0338827838827839,0.0177655677655678,0.685347985347985,0.0798534798534798,0.0188644688644689,0.164285714285714
167273.411807,2625866.126422,0.0141284403669725,0.0174311926605505,0.680917431192661,0.0680733944954128,0.0190825688073394,0.200366972477064
167773.411807,2625866.126422,0.0104567969179967,0.0232984773436067,0.771418088424142,0.0944780774169877,0.0194459732159237,0.0809025866813429
168273.411807,2625866.126422,0,0.0124542124542125,0.923260073260073,0.0633699633699634,0.000915750915750916,0
168773.411807,2625866.126422,0,0.00954128440366972,0.814495412844037,0.167889908256881,0.00752293577981651,0.00055045871559633
169273.411807,2625866.126422,0,0.021830856723537,0.835076132819666,0.130985140341222,0.00752155567785727,0.00458631443771785
169773.411807,2625866.126422,0.00989010989010989,0.118864468864469,0.64047619047619,0.147252747252747,0.0338827838827839,0.0496336996336996
170273.411807,2625866.126422,0.0603669724770642,0.172293577981651,0.206605504587156,0.289357798165138,0.0787155963302752,0.192660550458716
170773.411807,2625866.126422,0.108237020730141,0.300678774536782,0.0871399743166392,0.103100348559897,0.078884608328747,0.321959273527793
171273.411807,2625866.126422,0.0893772893772894,0.462637362637363,0.0195970695970696,0.1496336996337,0.0758241758241758,0.202930402930403
171773.411807,2625866.126422,0.055045871559633,0.412293577981651,0,0.139816513761468,0.0588990825688073,0.33394495412844
172273.411807,2625866.126422,0.0821867547239039,0.406164006604293,0.001284168042561,0.230599889928453,0.111355714547789,0.168409466152999
172773.411807,2625866.126422,0.122527472527473,0.388644688644689,0.000549450549450549,0.0659340659340659,0.0655677655677656,0.356776556776557
173273.411807,2625866.126422,0.108139090561712,0.341039358043561,0,0.102598395108903,0.0930454719144058,0.355177684371418
164773.411807,2625366.126422,0.0223443223443223,0.21043956043956,0.00128205128205128,0.243406593406593,0.117765567765568,0.404761904761905
165773.411807,2625366.126422,0,0.0679487179487179,0.783333333333333,0.0873626373626374,0.0545787545787546,0.00677655677655678
166273.411807,2625366.126422,0,0.00128205128205128,0.963919413919414,0.0346153846153846,0.000183150183150183,0
166773.411807,2625366.126422,0,0.00385038503850385,0.957462412907957,0.0383204987165383,0.000366703337000367,0
167273.411807,2625366.126422,0,0.00164835164835165,0.982051282051282,0.0163003663003663,0,0
167773.411807,2625366.126422,0,0.0021978021978022,0.976190476190476,0.0203296703296703,0.0010989010989011,0.000183150183150183
168273.411807,2625366.126422,0.000183351668500183,0.00421708837550422,0.956912357902457,0.0385038503850385,0.000183351668500183,0
168773.411807,2625366.126422,0.0010989010989011,0.0188644688644689,0.882967032967033,0.0772893772893773,0.013003663003663,0.00677655677655678
169273.411807,2625366.126422,0.000366300366300366,0.0598901098901099,0.819047619047619,0.0789377289377289,0.041025641025641,0.000732600732600733
169773.411807,2625366.126422,0.0273193986065273,0.153465346534653,0.333149981664833,0.15951595159516,0.110927759442611,0.215621562156216
170273.411807,2625366.126422,0.0216117216117216,0.453479853479853,0.00952380952380952,0.05,0.0450549450549451,0.42032967032967
170773.411807,2625366.126422,0.0501831501831502,0.410805860805861,0.000366300366300366,0.235347985347985,0.0712454212454212,0.232051282051282
171273.411807,2625366.126422,0.0474880821415475,0.274660799413275,0.0650898423175651,0.327466079941327,0.103226989365603,0.182068206820682
171773.411807,2625366.126422,0.036996336996337,0.477472527472527,0.0492673992673993,0.113553113553114,0.0747252747252747,0.247985347985348
172273.411807,2625366.126422,0.0860805860805861,0.324542124542125,0.0324175824175824,0.197985347985348,0.0917582417582418,0.267216117216117
172773.411807,2625366.126422,0.0500550055005501,0.334983498349835,0.0544554455445545,0.268060139347268,0.0916758342500917,0.200770077007701
173273.411807,2625366.126422,0.112743227775658,0.450782144219763,0.0343380389164441,0.0898512018313621,0.09690957649752,0.215375810759252
165773.411807,2624866.126422,0,0.0497338961277299,0.5975408331804,0.264085153239126,0.0798311616810424,0.00880895577170123
166273.411807,2624866.126422,0,0,0.987529800110031,0.0124701998899688,0,0
166773.411807,2624866.126422,0,0.00311526479750779,0.728422210005498,0.267363019974345,0.00109950522264981,0
167273.411807,2624866.126422,0,0,0.834465039456781,0.165534960543219,0,0
167773.411807,2624866.126422,0,0.0110031175499725,0.930130203557675,0.0568494406748579,0.00201723821749496,0
168273.411807,2624866.126422,0,0.00311526479750779,0.934762690122778,0.0602895363752978,0.00146600696353308,0.000366501740883269
168773.411807,2624866.126422,0,0.0401908607083869,0.848045512938154,0.0884565975408332,0.0135804734813727,0.00972655533125344
169273.411807,2624866.126422,0.0181551439574546,0.122134604804695,0.432972675591418,0.193471483587016,0.105446543187236,0.12781954887218
169773.411807,2624866.126422,0.0582737768004398,0.144218435037566,0.0698185816382628,0.301630932746931,0.0896096756459593,0.336448598130841
170273.411807,2624866.126422,0.0880895577170123,0.393833730959809,0.00495503762158194,0.122774821068086,0.120572582125161,0.26977427050835
170773.411807,2624866.126422,0.0410783055198973,0.602237300568494,0,0.0696864111498258,0.0539152759948652,0.233082706766917
171273.411807,2624866.126422,0.0692688290269379,0.345427890782481,0.000366501740883269,0.174454828660436,0.0963899578522998,0.314091991936962
171773.411807,2624866.126422,0.0504679757753716,0.584143879610938,0,0.11616810423931,0.0935951550743256,0.155624885300055
172273.411807,2624866.126422,0.0278745644599303,0.450944434256373,0.0480469466348799,0.145057766367137,0.0724371905373189,0.255639097744361
172773.411807,2624866.126422,0.0798973795125527,0.378046545721092,0,0.223932563679677,0.15136521898479,0.166758292101887
173273.411807,2624866.126422,0.0429963691954902,0.575769157271164,0,0.141601375883814,0.0875214981845977,0.152111599464934
164273.411807,2624366.126422,0.0073394495412844,0.208256880733945,0.00073394495412844,0.195596330275229,0.088256880733945,0.499816513761468
165773.411807,2624366.126422,0.00770642201834862,0.0346788990825688,0.46348623853211,0.318715596330275,0.0770642201834862,0.098348623853211
166273.411807,2624366.126422,0.0194459732159237,0.0238488350761328,0.667400476976702,0.0931939093744267,0.0196294257934324,0.176481379563383
166773.411807,2624366.126422,0.00512820512820513,0.0236263736263736,0.624725274725275,0.121611721611722,0.021978021978022,0.202930402930403
167273.411807,2624366.126422,0.00293577981651376,0.0385321100917431,0.713394495412844,0.127155963302752,0.0352293577981651,0.0827522935779817
167773.411807,2624366.126422,0,0.0236653824986241,0.837644468904788,0.113924050632911,0.00348559897266557,0.0212804989910108
168273.411807,2624366.126422,0.000366300366300366,0.0512820512820513,0.596336996336996,0.0668498168498168,0.0510989010989011,0.234065934065934
168773.411807,2624366.126422,0.00165137614678899,0.0807339449541284,0.329174311926606,0.0899082568807339,0.108990825688073,0.38954128440367
169273.411807,2624366.126422,0.0487983856173179,0.0854889011190607,0.234268941478628,0.325444872500459,0.137405980554027,0.168592918730508
169773.411807,2624366.126422,0.054029304029304,0.0915750915750916,0.0641025641025641,0.563736263736264,0.100732600732601,0.125824175824176
170273.411807,2624366.126422,0.0719266055045872,0.371926605504587,0.00587155963302752,0.184587155963303,0.0998165137614679,0.265871559633027
170773.411807,2624366.126422,0.075032104201064,0.386718033388369,0,0.103283801137406,0.0836543753439736,0.351311685929187
171273.411807,2624366.126422,0.0648351648351648,0.481501831501832,0.00146520146520147,0.032967032967033,0.0487179487179487,0.370512820512821
171773.411807,2624366.126422,0.0513761467889908,0.355596330275229,0.00495412844036697,0.23651376146789,0.136697247706422,0.214862385321101
172273.411807,2624366.126422,0.0939277196844616,0.371674922032655,0,0.0742982938910292,0.132085855806274,0.328013208585581
172773.411807,2624366.126422,0.0771062271062271,0.310989010989011,0,0.289377289377289,0.170879120879121,0.151648351648352
173273.411807,2624366.126422,0.0406954528085594,0.341612533435231,0.00286587695834925,0.251623996943065,0.112724493695071,0.250477646159725
165773.411807,2623866.126422,0,0.00915750915750916,0.858424908424908,0.131318681318681,0.0010989010989011,0
166273.411807,2623866.126422,0,0.0120879120879121,0.943772893772894,0.0423076923076923,0.00183150183150183,0
166773.411807,2623866.126422,0,0.00256692335900257,0.969013568023469,0.0282361569490282,0.000183351668500183,0
167273.411807,2623866.126422,0.00164835164835165,0.0293040293040293,0.823076923076923,0.122893772893773,0.0124542124542125,0.0106227106227106
167773.411807,2623866.126422,0,0.0501831501831502,0.707326007326007,0.217216117216117,0.0177655677655678,0.00750915750915751
168273.411807,2623866.126422,0.011001100110011,0.122845617895123,0.210671067106711,0.408140814081408,0.0836083608360836,0.163733039970664
168773.411807,2623866.126422,0.00915750915750916,0.135714285714286,0.0606227106227106,0.34010989010989,0.124358974358974,0.33003663003663
169273.411807,2623866.126422,0.0313186813186813,0.14029304029304,0.0507326007326007,0.435347985347985,0.144688644688645,0.197619047619048
169773.411807,2623866.126422,0.0348368170150348,0.447561422808948,0,0.12046204620462,0.101210121012101,0.295929592959296
170273.411807,2623866.126422,0.0538461538461538,0.478571428571429,0,0.0771062271062271,0.063003663003663,0.327472527472527
170773.411807,2623866.126422,0.0619047619047619,0.502014652014652,0,0.0816849816849817,0.0952380952380952,0.259157509157509
171273.411807,2623866.126422,0.136413641364136,0.532269893656032,0,0.0473047304730473,0.0612394572790612,0.222772277227723
171773.411807,2623866.126422,0.0710622710622711,0.56043956043956,0.00128205128205128,0.116666666666667,0.0957875457875458,0.154761904761905
172273.411807,2623866.126422,0.0489010989010989,0.611721611721612,0,0.147985347985348,0.0917582417582418,0.0996336996336996
172773.411807,2623866.126422,0.181884855152182,0.364686468646865,0.000183351668500183,0.173083975064173,0.141364136413641,0.138797213054639
173273.411807,2623866.126422,0.0824112933994658,0.389736741701641,0.00476917207172835,0.1674933231591,0.109500190766883,0.246089278901183
165773.411807,2623366.126422,0,0.0034868783262984,0.789135621214902,0.206643420811158,0.000734079647641769,0
166273.411807,2623366.126422,0,0.00238400880249404,0.898037777370255,0.0993948285347515,0.000183385292499542,0
166773.411807,2623366.126422,0,0.000916254352208173,0.983690672530695,0.0153930731170973,0,0
167273.411807,2623366.126422,0.00165167920719398,0.0139475133051936,0.795008258396036,0.144797210497339,0.038172141677372,0.00642319691686548
167773.411807,2623366.126422,0,0.0408949202273978,0.355584082156611,0.362552723271594,0.0718870346598203,0.169081239684577
168273.411807,2623366.126422,0.00989554700384827,0.0881436686824262,0.0560747663551402,0.219351291918637,0.181784863478102,0.444749862561847
168773.411807,2623366.126422,0.00495503762158194,0.21141493852083,0.0187190310148651,0.152138006973757,0.0690034868783263,0.543769498990641
169273.411807,2623366.126422,0.0416284613973959,0.34806528516413,0.0022006235099945,0.151109481019622,0.0871080139372822,0.369888134971575
169773.411807,2623366.126422,0.0322521531977277,0.337731354223933,0,0.19956019791094,0.091258933479934,0.339197361187466
170273.411807,2623366.126422,0.036520462470178,0.392916131400257,0.000734079647641769,0.196733345567994,0.0939621948981464,0.279133786015783
170773.411807,2623366.126422,0.046396479002384,0.38400880249404,0.000366770584999083,0.238217494956904,0.0812396845772969,0.249770768384376
171273.411807,2623366.126422,0.0491112332783581,0.384643577056991,0.00329851566794942,0.178486347810152,0.0809968847352025,0.303463441451347
171773.411807,2623366.126422,0.0785465222976693,0.528904386125895,0,0.153055606533309,0.0862543585979079,0.153239126445219
172273.411807,2623366.126422,0.0669356317623327,0.447093343113882,0,0.157894736842105,0.13607188703466,0.19200440124702
172773.411807,2623366.126422,0.0608392889866227,0.446032618654939,0.0415979475902511,0.181784863478102,0.093274693054792,0.176470588235294
173273.411807,2623366.126422,0.0171985476781961,0.583795146187655,0.0395566596598509,0.101853621249761,0.0892413529524173,0.168354672272119
165773.411807,2622866.126422,0,0.00256880733944954,0.741651376146789,0.250275229357798,0.0055045871559633,0
166273.411807,2622866.126422,0,0.00733810310034856,0.442671069528527,0.548339754173546,0.00165107319757843,0
166773.411807,2622866.126422,0.000549450549450549,0.0115384615384615,0.404761904761905,0.572344322344322,0.0106227106227106,0.000183150183150183
167273.411807,2622866.126422,0,0.023302752293578,0.76605504587156,0.111376146788991,0.078348623853211,0.0209174311926606
167773.411807,2622866.126422,0.001284168042561,0.0616400660429279,0.305815446707026,0.0588882773802972,0.0330214639515685,0.539350577875619
168273.411807,2622866.126422,0.0192307692307692,0.238461538461538,0.0155677655677656,0.139194139194139,0.0952380952380952,0.492307692307692
168773.411807,2622866.126422,0.0036697247706422,0.192293577981651,0,0.0917431192660551,0.111192660550459,0.601100917431193
169273.411807,2622866.126422,0.00550357732526142,0.563199412951752,0,0.0471473124197395,0.0348559897266557,0.349293707576591
169773.411807,2622866.126422,0.0227106227106227,0.486996336996337,0,0.117948717948718,0.125274725274725,0.247069597069597
170273.411807,2622866.126422,0.0313761467889908,0.284587155963303,0.00018348623853211,0.28256880733945,0.0893577981651376,0.311926605504587
170773.411807,2622866.126422,0.0805356815263254,0.358649789029536,0.000366905155017428,0.136855622821501,0.137589433131535,0.286002568336085
171273.411807,2622866.126422,0.0380952380952381,0.516849816849817,0,0.137912087912088,0.0586080586080586,0.248534798534799
171773.411807,2622866.126422,0.0055045871559633,0.542385321100917,0,0.128440366972477,0.0829357798165138,0.240733944954128
172273.411807,2622866.126422,0.0187121629058888,0.424325811777655,0.0436617134470739,0.243258117776555,0.0992478444322143,0.170794349660613
172773.411807,2622866.126422,0.0287545787545788,0.443956043956044,0.0265567765567766,0.277106227106227,0.0880952380952381,0.135531135531136
173273.411807,2622866.126422,0.0389759266335499,0.473633931983187,0.073175391669851,0.125334352311807,0.0838746656476882,0.205005731753917
166773.411807,2622366.126422,0,0,0.748624862486249,0.251375137513751,0,0
167273.411807,2622366.126422,0.00586080586080586,0.0333333333333333,0.513003663003663,0.168864468864469,0.0926739926739927,0.186263736263736
167773.411807,2622366.126422,0.0335164835164835,0.0946886446886447,0.0172161172161172,0.238644688644689,0.136630036630037,0.479304029304029
168273.411807,2622366.126422,0.0280528052805281,0.188302163549688,0.00751741840850752,0.347634763476348,0.136596993032637,0.291895856252292
168773.411807,2622366.126422,0.00494505494505494,0.254761904761905,0,0.0197802197802198,0.0600732600732601,0.66043956043956
169273.411807,2622366.126422,0.0558608058608059,0.441025641025641,0.00347985347985348,0.104945054945055,0.0891941391941392,0.305494505494506
169773.411807,2622366.126422,0.0375870920425376,0.574257425742574,0,0.0876420975430876,0.0925925925925926,0.207920792079208
170273.411807,2622366.126422,0.118315018315018,0.452197802197802,0.00274725274725275,0.177289377289377,0.065018315018315,0.184432234432234
170773.411807,2622366.126422,0.0688644688644689,0.647802197802198,0,0.0236263736263736,0.0393772893772894,0.22032967032967
171273.411807,2622366.126422,0.046021268793546,0.663366336633663,0,0.0209020902090209,0.022002200220022,0.247708104143748
171773.411807,2622366.126422,0.021978021978022,0.591391941391941,0.00164835164835165,0.123626373626374,0.0692307692307692,0.192124542124542
172273.411807,2622366.126422,0.0366300366300366,0.581501831501832,0.0010989010989011,0.217032967032967,0.0761904761904762,0.0875457875457875
172773.411807,2622366.126422,0.0496883021635497,0.53960396039604,0.000733406674000733,0.206270627062706,0.0867253392005867,0.116978364503117
173273.411807,2622366.126422,0.0505532239603205,0.555703929797787,0.0246089278901183,0.183326974437238,0.0938573063716139,0.0919496375429226
166273.411807,2621866.126422,0.000366770584999083,0.0909591050797726,0.648817164863378,0.114065651934715,0.0520814230698698,0.0937098844672657
166773.411807,2621866.126422,0,0.00769653655854865,0.833241707898112,0.151731720725673,0.00714678394722375,0.000183250870441635
167273.411807,2621866.126422,0.0196366305744173,0.0266103872270141,0.619746742521564,0.217104055790053,0.0434942191227748,0.0734079647641769
167773.411807,2621866.126422,0.0412616908123968,0.148542086924629,0.0487804878048781,0.470199889968825,0.109664404914726,0.181551439574546
168273.411807,2621866.126422,0.0474619754443834,0.0575407733186733,0.0249221183800623,0.647791827011178,0.115631299248671,0.106652006597031
168773.411807,2621866.126422,0.0449623784180584,0.116902183886952,0.00293631859056708,0.27399522848229,0.0879060378051019,0.473297852817031
169273.411807,2621866.126422,0.0423620025673941,0.314322391344214,0,0.262424353566844,0.126352466532184,0.254538785989364
169773.411807,2621866.126422,0.0547920102620487,0.358621953454279,0.00256551218618288,0.10207073483599,0.0760491112332784,0.405900678028221
170273.411807,2621866.126422,0.0466140576252523,0.340979996329602,0.00587263718113415,0.271058909891723,0.193797026977427,0.141677371994861
170773.411807,2621866.126422,0.0113698881349716,0.525949018888685,0,0.0880249403997799,0.168531083807079,0.206125068769485
171273.411807,2621866.126422,0.0417811984606927,0.69726956203042,0,0.127176104086494,0.0700018325087044,0.0637713029136888
171773.411807,2621866.126422,0.0447788585061479,0.641769131950817,0.0508350155991925,0.249954120022022,0.00935951550743256,0.00330335841438796
172273.411807,2621866.126422,0.0454795525398863,0.612873647533468,0.011186502842472,0.282780121034293,0.0177883733724555,0.0298918026774253
172773.411807,2621866.126422,0.00586402785413231,0.691955286787612,0,0.142935678944475,0.0562580172255818,0.102986989188199
173273.411807,2621866.126422,0.0131855532199503,0.69119052168928,0,0.0504490731893751,0.0676476208675712,0.177527231033824
165773.411807,2621366.126422,0.0376146788990826,0.0284403669724771,0.712110091743119,0.0728440366972477,0.0447706422018349,0.104220183486239
166273.411807,2621366.126422,0.00165107319757843,0.133920381581361,0.632361034672537,0.165841130067877,0.026967528893781,0.0392588515868648
166773.411807,2621366.126422,0.00457875457875458,0.0203296703296703,0.755128205128205,0.0919413919413919,0.0510989010989011,0.0769230769230769
167273.411807,2621366.126422,0.015045871559633,0.128440366972477,0.132660550458716,0.240183486238532,0.296697247706422,0.18697247706422
167773.411807,2621366.126422,0.0236653824986241,0.0880572372041827,0.351862043661713,0.138139790864062,0.077600440286186,0.320675105485232
168273.411807,2621366.126422,0.060989010989011,0.151831501831502,0.000915750915750916,0.159340659340659,0.078021978021978,0.548901098901099
168773.411807,2621366.126422,0.0429357798165138,0.362018348623853,0,0.0788990825688073,0.102385321100917,0.413761467889908
169273.411807,2621366.126422,0.117409649605577,0.162905888827738,0,0.208769033204917,0.146395156851954,0.364520271509815
169773.411807,2621366.126422,0.0673992673992674,0.32014652014652,0.00879120879120879,0.176007326007326,0.122710622710623,0.304945054945055
170273.411807,2621366.126422,0.0981651376146789,0.405321100917431,0,0.146422018348624,0.0992660550458716,0.250825688073395
170773.411807,2621366.126422,0.0332049165290772,0.519537699504678,0.000183452577508714,0.072463768115942,0.144560631076867,0.230049532195927
171273.411807,2621366.126422,0.0653846153846154,0.461172161172161,0.00238095238095238,0.292124542124542,0.0946886446886447,0.0842490842490843
171773.411807,2621366.126422,0.0972477064220184,0.566238532110092,0,0.235963302752294,0.0862385321100917,0.0143119266055046
172273.411807,2621366.126422,0.0810860392588516,0.609246009906439,0.00091726288754357,0.277930654925702,0.0110071546505228,0.0198128783709411
172773.411807,2621366.126422,0.0358974358974359,0.604029304029304,0,0.153663003663004,0.0804029304029304,0.126007326007326
173273.411807,2621366.126422,0.0173863202139855,0.380779518532671,0.0252197172334734,0.200993504012228,0.0783339701948796,0.297286969812763
165273.411807,2620866.126422,0.193619361936194,0.0628896222955629,0.315364869820315,0.262926292629263,0.01998533186652,0.145214521452145
165773.411807,2620866.126422,0.00293040293040293,0.15018315018315,0.294688644688645,0.126007326007326,0.0465201465201465,0.37967032967033
166273.411807,2620866.126422,0,0.0827838827838828,0.665201465201465,0.128388278388278,0.0573260073260073,0.0663003663003663
166773.411807,2620866.126422,0.024019068573524,0.0925925925925926,0.2002200220022,0.27026035936927,0.125962596259626,0.286945361202787
167273.411807,2620866.126422,0.0456043956043956,0.0725274725274725,0.115201465201465,0.324908424908425,0.212271062271062,0.229487179487179
167773.411807,2620866.126422,0.0380952380952381,0.115567765567766,0.325641025641026,0.16043956043956,0.08003663003663,0.28021978021978
168273.411807,2620866.126422,0.0333700036670334,0.29042904290429,0.0935093509350935,0.258709204253759,0.101943527686102,0.222038870553722
168773.411807,2620866.126422,0.0926739926739927,0.239377289377289,0.000183150183150183,0.0527472527472527,0.0487179487179487,0.566300366300366
169273.411807,2620866.126422,0.0807692307692308,0.381135531135531,0,0.115934065934066,0.110989010989011,0.311172161172161
169773.411807,2620866.126422,0.118261826182618,0.471763843050972,0,0.124129079574624,0.11991199119912,0.165933259992666
170273.411807,2620866.126422,0.117765567765568,0.312820512820513,0,0.0928571428571429,0.0880952380952381,0.388461538461538
170773.411807,2620866.126422,0.0657509157509158,0.425091575091575,0,0.243040293040293,0.100549450549451,0.165567765567766
171273.411807,2620866.126422,0.072973964063073,0.188668866886689,0.0119178584525119,0.466446644664466,0.170883755042171,0.0891089108910891
171773.411807,2620866.126422,0.116300366300366,0.335347985347985,0,0.272527472527473,0.12014652014652,0.155677655677656
172273.411807,2620866.126422,0.0694139194139194,0.439377289377289,0.00402930402930403,0.346153846153846,0.11025641025641,0.0307692307692308
172773.411807,2620866.126422,0.146864686468647,0.25980931426476,0.017968463513018,0.372020535386872,0.0968096809680968,0.106527319398607
173273.411807,2620866.126422,0.0417779473483403,0.446585272796643,0,0.119229301793209,0.0936665394887448,0.298740938573064
165273.411807,2620366.126422,0.159611508154664,0.324354040681693,0.0172255818215137,0.172255818215137,0.0690855781564962,0.257467472970497
165773.411807,2620366.126422,0.00403743806202973,0.506698476784731,0.0201871903101487,0.184437511469994,0.082583960359699,0.202055423013397
166273.411807,2620366.126422,0.0133871263524665,0.0441958554923895,0.526132404181185,0.0687694846873281,0.0755547405098111,0.27196038877682
166773.411807,2620366.126422,0.0498442367601246,0.0604727872457394,0.00164925783397471,0.210005497526113,0.120395821880154,0.557632398753894
167273.411807,2620366.126422,0.0702881262616994,0.134153055606533,0.0124793540099101,0.217287575701964,0.1370893741971,0.428702514222793
167773.411807,2620366.126422,0.0597836053548505,0.234916559691913,0.0315422703099211,0.0821566110397946,0.0957271226847607,0.49587383091876
168273.411807,2620366.126422,0.0892431739050761,0.154297232911856,0.0524097489463075,0.13340663368151,0.134689389774601,0.435953820780649
168773.411807,2620366.126422,0.104239309965131,0.225178931914113,0.015782712424298,0.118370343182235,0.0974490732244448,0.438979629289778
169273.411807,2620366.126422,0.0843572345497891,0.328443058866679,0.0174216027874564,0.136622042912158,0.0559325142123602,0.377223546671557
169773.411807,2620366.126422,0.0392156862745098,0.434671064687557,0.0443467106468756,0.20175920835624,0.089792926516401,0.190214403518417
170273.411807,2620366.126422,0.112864745824922,0.404294365938704,0.0227564690768948,0.182051752615159,0.0559735731326849,0.222059093411635
170773.411807,2620366.126422,0.0981111314872547,0.352283146891619,0.00238400880249404,0.185585916009536,0.117366587199707,0.244269209609389
171273.411807,2620366.126422,0.0668865677111966,0.348176653839106,0.0042147700201576,0.175920835623969,0.106102253985706,0.298698918819864
171773.411807,2620366.126422,0.0212883097816113,0.608184988071206,0,0.28225362451826,0.039823820884566,0.0484492567443568
172273.411807,2620366.126422,0.0588666788923528,0.366953970291583,0.00128369704749679,0.311204841371722,0.10397946084724,0.157711351549606
172773.411807,2620366.126422,0.070734835990471,0.298515667949423,0.0042147700201576,0.332783580722008,0.145134689389775,0.148616455928166
173273.411807,2620366.126422,0.0844639785973629,0.430919166825912,0.000382189948404357,0.21842155551309,0.109115230269444,0.156697878845786
164773.411807,2619866.126422,0.341038341588699,0.0691616217207852,0.00146762062006971,0.164740414602825,0.0618235186204366,0.361768482847184
165273.411807,2619866.126422,0.00952380952380952,0.444322344322344,0.00366300366300366,0.354212454212454,0.0637362637362637,0.124542124542125
165773.411807,2619866.126422,0.00385321100917431,0.440183486238532,0.0194495412844037,0.38605504587156,0.0647706422018349,0.0856880733944954
166273.411807,2619866.126422,0.001284168042561,0.176481379563383,0.210236653824986,0.175564116675839,0.168776371308017,0.267657310585214
166773.411807,2619866.126422,0.056959706959707,0.345970695970696,0.00402930402930403,0.125641025641026,0.0983516483516483,0.369047619047619
167273.411807,2619866.126422,0.0862385321100917,0.0926605504587156,0.00807339449541284,0.284587155963303,0.160917431192661,0.367522935779817
167773.411807,2619866.126422,0.0319207484865162,0.593285635663181,0.00697119794533113,0.073747936158503,0.0566868464501926,0.237387635296276
168273.411807,2619866.126422,0.0435897435897436,0.509340659340659,0,0.0683150183150183,0.0791208791208791,0.2996336996337
168773.411807,2619866.126422,0.0957798165137615,0.471376146788991,0,0.126238532110092,0.103853211009174,0.202752293577982
169273.411807,2619866.126422,0.0620069711979453,0.453861676756558,0,0.188038891946432,0.0935608145294441,0.20253164556962
169773.411807,2619866.126422,0.105128205128205,0.207692307692308,0.000183150183150183,0.307326007326007,0.126923076923077,0.252747252747253
170273.411807,2619866.126422,0.0543119266055046,0.390091743119266,0.0055045871559633,0.208990825688073,0.107706422018349,0.233394495412844
170773.411807,2619866.126422,0.0669601907906806,0.337185837461016,0.00476976701522656,0.226013575490736,0.157585764079985,0.207484865162356
171273.411807,2619866.126422,0.0732600732600733,0.425824175824176,0,0.0679487179487179,0.105677655677656,0.327289377289377
171773.411807,2619866.126422,0.0759633027522936,0.36,0,0.234128440366972,0.105504587155963,0.224403669724771
172273.411807,2619866.126422,0.0548523206751055,0.330214639515685,0.00458631443771785,0.278664465235737,0.142909557879288,0.188772702256467
172773.411807,2619866.126422,0.026007326007326,0.563736263736264,0,0.152380952380952,0.114468864468864,0.143406593406593
173273.411807,2619866.126422,0.0733664501337409,0.371226595338173,0.00611387084447841,0.256591517004203,0.131066106228506,0.161635460450898
164773.411807,2619366.126422,0.0902930402930403,0.320695970695971,0.0032967032967033,0.26025641025641,0.0895604395604396,0.235897435897436
165273.411807,2619366.126422,0.0108177484415108,0.554272093876054,0,0.166483314998166,0.0914924825815915,0.176934360102677
165773.411807,2619366.126422,0.00641025641025641,0.489010989010989,0.00531135531135531,0.278754578754579,0.0681318681318681,0.152380952380952
166273.411807,2619366.126422,0.0269230769230769,0.211355311355311,0.0184981684981685,0.375641025641026,0.142857142857143,0.224725274725275
166773.411807,2619366.126422,0.0531719838650532,0.25980931426476,0.0735240190685735,0.164283094976164,0.0795746241290796,0.36963696369637
167273.411807,2619366.126422,0.0413919413919414,0.332600732600733,0.0144688644688645,0.12032967032967,0.0989010989010989,0.392307692307692
167773.411807,2619366.126422,0.036996336996337,0.435714285714286,0.00164835164835165,0.0835164835164835,0.0957875457875458,0.346336996336996
168273.411807,2619366.126422,0.0383204987165383,0.578291162449578,0,0.128346167950128,0.0720572057205721,0.182984965163183
168773.411807,2619366.126422,0.0681318681318681,0.412820512820513,0.00128205128205128,0.26043956043956,0.121794871794872,0.135531135531136
169273.411807,2619366.126422,0.0245421245421245,0.377289377289377,0,0.202197802197802,0.128205128205128,0.267765567765568
169773.411807,2619366.126422,0.0194352768610194,0.443527686101944,0,0.214154748808214,0.0881921525485882,0.234690135680235
170273.411807,2619366.126422,0.0716117216117216,0.357509157509158,0,0.175091575091575,0.0888278388278388,0.306959706959707
170773.411807,2619366.126422,0.0481684981684982,0.382967032967033,0.0285714285714286,0.199267399267399,0.0847985347985348,0.256227106227106
171273.411807,2619366.126422,0.00385038503850385,0.561239457279061,0.0011001100110011,0.153098643197653,0.0616061606160616,0.219105243857719
171773.411807,2619366.126422,0.0994505494505494,0.341391941391941,0.00567765567765568,0.178754578754579,0.116666666666667,0.258058608058608
172273.411807,2619366.126422,0.0221611721611722,0.23974358974359,0.0375457875457875,0.156959706959707,0.0934065934065934,0.45018315018315
172773.411807,2619366.126422,0.0256692335900257,0.628712871287129,0.0137513751375138,0.114044737807114,0.0705903923725706,0.147231389805647
173273.411807,2619366.126422,0.0719191148416635,0.379626096909576,0.0568485310950019,0.19381915299504,0.123807706982068,0.17397939717665
164273.411807,2618866.126422,0.150302807854652,0.113965865296385,0.207010460634979,0.121123141860892,0.0645990089924757,0.342998715360617
164773.411807,2618866.126422,0.00128369704749679,0.416467999266459,0.208692462864478,0.192554557124519,0.0630845406198423,0.117916743077205
165273.411807,2618866.126422,0.00219901044529962,0.396921385376581,0.0373831775700935,0.289902877038666,0.100971229613341,0.17262231995602
165773.411807,2618866.126422,0.0370710222059093,0.245916681959993,0.00293631859056708,0.382822536245183,0.144430170673518,0.18682327032483
166273.411807,2618866.126422,0.0198056115899505,0.0982945167797543,0.0370438290849074,0.576563359618559,0.126352466532184,0.141940216394645
166773.411807,2618866.126422,0.0269378779549203,0.540773318673264,0,0.207256734469489,0.0787978742899029,0.146234194612424
167273.411807,2618866.126422,0.0754266837951918,0.43989722884933,0.0768948430904753,0.201321343365755,0.0526702147182969,0.153789686180951
167773.411807,2618866.126422,0.0495140289748762,0.451494590133871,0.000366770584999083,0.16779754263708,0.0687694846873281,0.262057582981845
168273.411807,2618866.126422,0.0602895363752978,0.450430639545538,0.000733003481766538,0.262781748213304,0.103536741799524,0.12222833058457
168773.411807,2618866.126422,0.0110111947146265,0.589649476968251,0.00330335841438796,0.205725821251606,0.0636814094329235,0.126628739218205
169273.411807,2618866.126422,0.0190720704199523,0.522831468916193,0,0.163396295617092,0.0920594168347699,0.202640748211993
169773.411807,2618866.126422,0.0280373831775701,0.507238409382445,0,0.137621403701668,0.0883269195528679,0.23877588418545
170273.411807,2618866.126422,0.0811158010644155,0.271242429803634,0.181684712791338,0.148467608735548,0.0882730776289227,0.229216369976142
170773.411807,2618866.126422,0.0515312671923712,0.307720520814231,0.0363102879149092,0.2398679625894,0.101045296167247,0.263524665321841
171273.411807,2618866.126422,0.00806303829943192,0.44841487997068,0.036100421477002,0.197177936595199,0.0778816199376947,0.232362103719993
171773.411807,2618866.126422,0.0565241328684162,0.529087906037805,0.0418425399155808,0.0772618829142962,0.0506514956872821,0.24463204257662
172273.411807,2618866.126422,0.0102695763799743,0.491655969191271,0.0181551439574546,0.041995231982395,0.0408949202273978,0.397029158261507
172773.411807,2618866.126422,0.165658786879238,0.442550852116548,0,0.0718343412131208,0.0899761773868426,0.229979842404251
173273.411807,2618866.126422,0.023504681826868,0.804318746416969,0.000191094974202178,0.0936365373590675,0.0483470284731512,0.030001910949742
164273.411807,2618366.126422,0.0660550458715596,0.201467889908257,0.00293577981651376,0.428807339449541,0.0888073394495413,0.211926605504587
164773.411807,2618366.126422,0.001284168042561,0.183819482663731,0.350210970464135,0.141441937259218,0.123830489818382,0.199412951751972
165273.411807,2618366.126422,0.00860805860805861,0.16959706959707,0.144322344322344,0.287912087912088,0.165567765567766,0.223992673992674
165773.411807,2618366.126422,0.0137614678899083,0.480183486238532,0,0.134128440366972,0.0855045871559633,0.286422018348624
166273.411807,2618366.126422,0.0381581361218125,0.349844065309118,0.00385250412768299,0.245459548706659,0.111172261970281,0.251513483764447
166773.411807,2618366.126422,0.0344322344322344,0.462271062271062,0,0.29981684981685,0.100732600732601,0.102747252747253
167273.411807,2618366.126422,0.0473394495412844,0.537064220183486,0.00532110091743119,0.241467889908257,0.0851376146788991,0.0836697247706422
167773.411807,2618366.126422,0.0790680609062557,0.574023115024766,0.00238488350761328,0.118143459915612,0.0742982938910292,0.152082186754724
168273.411807,2618366.126422,0.10018315018315,0.298717948717949,0.00293040293040293,0.214285714285714,0.149084249084249,0.234798534798535
