"x","y","forest","agri","water","built","other","grass"
160773.411807,2558366.126422,0.0115697310819262,0.584740462789243,0.00469043151969981,0.0675422138836773,0.092245153220763,0.23921200750469
161273.411807,2558366.126422,0.115324349733626,0.364149169539329,0.0288310874334065,0.0962080852397368,0.0554685051707929,0.340018802883109
161773.411807,2558366.126422,0.0287949921752739,0.344287949921753,0.140845070422535,0.142723004694836,0.101408450704225,0.241940532081377
162273.411807,2558366.126422,0.042526579111945,0.238899312070044,0.25609756097561,0.143839899937461,0.114133833646029,0.204502814258912
162773.411807,2558366.126422,0.026010654967095,0.676590410529615,0.0188028831087433,0.0799122532121592,0.0861798809150736,0.112503917267314
163273.411807,2558366.126422,0.0291079812206573,0.503286384976526,0,0.202816901408451,0.100156494522692,0.164632237871674
163773.411807,2558366.126422,0.0706691682301438,0.344277673545966,0.0121951219512195,0.0884928080050031,0.136022514071295,0.348342714196373
164273.411807,2558366.126422,0.0933876527734253,0.23879661548104,0.0162958320275776,0.345346286430586,0.154497022876841,0.15167659041053
164773.411807,2558366.126422,0.0591549295774648,0.407511737089202,0.00187793427230047,0.242253521126761,0.162128325508607,0.127073552425665
165273.411807,2558366.126422,0.0203252032520325,0.656660412757974,0,0.104440275171982,0.0925578486554096,0.126016260162602
165773.411807,2558366.126422,0.062049514258853,0.680350987151363,0,0.0084612973989345,0.0473205891570041,0.201817612033845
166273.411807,2558366.126422,0.0729264475743349,0.475117370892019,0,0.16056338028169,0.1320813771518,0.159311424100157
166773.411807,2558366.126422,0.0791119449656035,0.313946216385241,0.00218886804252658,0.285803627267042,0.222013758599124,0.0969355847404628
167273.411807,2558366.126422,0.0808523973675964,0.486994672516453,0.0028204324663115,0.172673143215293,0.0949545596991539,0.161704794735193
167773.411807,2558366.126422,0.0535211267605634,0.486384976525822,0.00187793427230047,0.144287949921753,0.117370892018779,0.196557120500782
168273.411807,2558366.126422,0.0656660412757974,0.111006879299562,0.033458411507192,0.548467792370231,0.132270168855535,0.109130706691682
168773.411807,2558366.126422,0.0692572861172046,0.182701347539956,0.000313381385145722,0.393920401128173,0.154497022876841,0.199310560952679
169273.411807,2558366.126422,0.0131455399061033,0.815649452269171,0,0.0497652582159624,0.0262910798122066,0.0951486697965571
169773.411807,2558366.126422,0.0297060662914321,0.613821138211382,0,0.184177611006879,0.100375234521576,0.0719199499687305
170273.411807,2558366.126422,0.0529614540896271,0.859605139454716,0,0.048574114697587,0.0115951112503917,0.0272641805076778
170773.411807,2558366.126422,0.0109546165884194,0.446948356807512,0.106103286384977,0.105790297339593,0.0579029733959311,0.272300469483568
171273.411807,2558366.126422,0,0.161976235146967,0.394934333958724,0.333333333333333,0.0384615384615385,0.0712945590994371
171773.411807,2558366.126422,0.028204324663115,0.50987151363209,0.0930742713882795,0.281103102475713,0.0401128172986525,0.0476339705421498
172273.411807,2558366.126422,0.110485133020344,0.500469483568075,0,0.135211267605634,0.0870109546165884,0.166823161189358
172773.411807,2558366.126422,0.149781113195747,0.225453408380238,0.0178236397748593,0.200125078173859,0.178861788617886,0.227954971857411
160773.411807,2557866.126422,0.402823615694903,0.01998533186652,0.0346534653465347,0.0297029702970297,0.0221855518885222,0.490649064906491
161273.411807,2557866.126422,0.266849816849817,0.0836996336996337,0.0133699633699634,0.0428571428571429,0.0454212454212454,0.547802197802198
161773.411807,2557866.126422,0.0532967032967033,0.254578754578755,0.260622710622711,0.137912087912088,0.0631868131868132,0.23040293040293
162273.411807,2557866.126422,0.0366703337000367,0.206453978731206,0.469196919691969,0.11037770443711,0.0876420975430876,0.0896589658965897
162773.411807,2557866.126422,0.0456043956043956,0.178388278388278,0.266300366300366,0.208608058608059,0.103296703296703,0.197802197802198
163273.411807,2557866.126422,0.086996336996337,0.415567765567766,0.0172161172161172,0.161904761904762,0.0666666666666667,0.251648351648352
163773.411807,2557866.126422,0.0579391272460579,0.536486982031536,0,0.0696736340300697,0.0583058305830583,0.277594426109278
164273.411807,2557866.126422,0.065018315018315,0.488461538461538,0.00824175824175824,0.215567765567766,0.0858974358974359,0.136813186813187
164773.411807,2557866.126422,0.0467032967032967,0.57014652014652,0,0.205311355311355,0.0747252747252747,0.103113553113553
165273.411807,2557866.126422,0.00861752841950862,0.62981298129813,0,0.112394572790612,0.115328199486615,0.133846718005134
165773.411807,2557866.126422,0.0238095238095238,0.6496336996337,0.00714285714285714,0.0774725274725275,0.047985347985348,0.193956043956044
166273.411807,2557866.126422,0.0223443223443223,0.581135531135531,0,0.141758241758242,0.0906593406593407,0.164102564102564
166773.411807,2557866.126422,0.0577557755775578,0.23964063072974,0.00385038503850385,0.364319765309864,0.201320132013201,0.133113311331133
167273.411807,2557866.126422,0.0467032967032967,0.604212454212454,0.00714285714285714,0.0785714285714286,0.0681318681318681,0.195238095238095
167773.411807,2557866.126422,0.121611721611722,0.350549450549451,0.0102564102564103,0.329120879120879,0.1003663003663,0.0880952380952381
168273.411807,2557866.126422,0.030986431976531,0.0612394572790612,0.0537220388705537,0.774844151081775,0.0687568756875688,0.0104510451045105
168773.411807,2557866.126422,0.0525641025641026,0.403479853479853,0.00274725274725275,0.325457875457875,0.112637362637363,0.103113553113553
169273.411807,2557866.126422,0.0311355311355311,0.614835164835165,0,0.184615384615385,0.0534798534798535,0.115934065934066
169773.411807,2557866.126422,0.0434543454345435,0.261826182618262,0.00275027502750275,0.387605427209388,0.18976897689769,0.114594792812615
170273.411807,2557866.126422,0.0267399267399267,0.319047619047619,0.218315018315018,0.243223443223443,0.0756410256410256,0.117032967032967
170773.411807,2557866.126422,0.000549450549450549,0.672710622710623,0.147985347985348,0.147802197802198,0.0278388278388278,0.00311355311355311
171273.411807,2557866.126422,0.00825082508250825,0.520718738540521,0,0.238907224055739,0.156215621562156,0.0759075907590759
171773.411807,2557866.126422,0.0267399267399267,0.112271062271062,0.0124542124542125,0.7503663003663,0.0888278388278388,0.00934065934065934
172273.411807,2557866.126422,0.125641025641026,0.276190476190476,0.00293040293040293,0.304761904761905,0.132600732600733,0.157875457875458
172773.411807,2557866.126422,0.057022368903557,0.322515584891823,0,0.227722772277228,0.149431609827649,0.243307664099743
160773.411807,2557366.126422,0.0172255818215137,0.193696170056808,0.388125343595382,0.0566245189664651,0.0568077698369067,0.287520615722925
161273.411807,2557366.126422,0.21178197834465,0.0229399889888053,0.00238575885483575,0.031932464672417,0.0196366305744173,0.711323178564874
161773.411807,2557366.126422,0.259673574179351,0.0260407115349349,0,0.0673024023473317,0.0922428021272694,0.554740509811113
162273.411807,2557366.126422,0.453545904343046,0.00348176653839106,0,0.0397654388858347,0.0705515851200293,0.432655305112699
162773.411807,2557366.126422,0.281152505046798,0.0601945311066251,0.0578087722517893,0.0849697192145348,0.0855202789502661,0.430354193429987
163273.411807,2557366.126422,0.0115532734274711,0.349348982211627,0.152209792774619,0.241701815514396,0.11608289015221,0.129103245919677
163773.411807,2557366.126422,0.0716510903426791,0.470038482682793,0.00201575957485798,0.136888400219901,0.126443100604728,0.192963166575041
164273.411807,2557366.126422,0.0387227014131033,0.515874472380253,0.0113782345384474,0.200587263718113,0.0623967700495504,0.171040557900532
164773.411807,2557366.126422,0.0119200440124702,0.595452044746011,0,0.157894736842105,0.0652851641298368,0.169448010269576
165273.411807,2557366.126422,0.0448964632582005,0.366501740883269,0.00824628916987356,0.264980758658604,0.142752428074033,0.17262231995602
165773.411807,2557366.126422,0.0620297302257295,0.473664892640852,0,0.0864378785098183,0.110478986970086,0.267388511653514
166273.411807,2557366.126422,0.0289748762149276,0.571428571428571,0,0.0612506876948469,0.0856409315972859,0.252704933064368
166773.411807,2557366.126422,0.097306212204508,0.41249770936412,0.000183250870441635,0.130657870624885,0.142569177203592,0.216785779732454
167273.411807,2557366.126422,0.0774454028262066,0.2407781244265,0.0144980730409249,0.313819049366856,0.142962011378235,0.210497338961277
167773.411807,2557366.126422,0.0762882816798093,0.327159361819182,0.000366770584999083,0.385475884834036,0.125435540069686,0.0852741610122868
168273.411807,2557366.126422,0.0824628916987356,0.451713395638629,0.000916254352208173,0.289169873556899,0.0654205607476635,0.110317024005864
168773.411807,2557366.126422,0.0792806019453111,0.340979996329602,0.00311983850247752,0.289410901082767,0.11616810423931,0.171040557900532
169273.411807,2557366.126422,0.0229231615624427,0.632679259123418,0,0.0959105079772602,0.070786722904823,0.177700348432056
169773.411807,2557366.126422,0.0375664284405351,0.214953271028037,0.309327469305479,0.104086494410848,0.0443467106468756,0.289719626168224
170273.411807,2557366.126422,0.0102771150669848,0.328317122407781,0.0504679757753716,0.229399889888053,0.077995962561938,0.303541934299872
170773.411807,2557366.126422,0.050797726022373,0.508894186686228,0,0.0753713552173116,0.123234916559692,0.241701815514396
171273.411807,2557366.126422,0.034084661902144,0.490012827560931,0.000916254352208173,0.0947407000183251,0.135239142385926,0.245006413780465
171773.411807,2557366.126422,0.0535878142778491,0.10772618829143,0.000550559735731327,0.616443384107176,0.140576252523399,0.0811158010644155
172273.411807,2557366.126422,0.0739042728773152,0.549605721621126,0,0.198789657069503,0.0902255639097744,0.0874747845222813
172773.411807,2557366.126422,0.0615722924683892,0.398387392340114,0.000183250870441635,0.142569177203592,0.104819497892615,0.292468389224849
160773.411807,2556866.126422,0.0428571428571429,0.0913919413919414,0.367399267399267,0.11043956043956,0.112637362637363,0.275274725274725
161273.411807,2556866.126422,0.108440366972477,0.0073394495412844,0,0.0988990825688073,0.0493577981651376,0.735963302752294
161773.411807,2556866.126422,0.00990643918547056,0.123830489818382,0,0.368923133370024,0.0708126949183636,0.42652724270776
162273.411807,2556866.126422,0.132600732600733,0.0705128205128205,0,0.429120879120879,0.0584249084249084,0.309340659340659
162773.411807,2556866.126422,0.0108256880733945,0.266788990825688,0,0.473394495412844,0.0930275229357798,0.155963302752294
163273.411807,2556866.126422,0.0227481196110805,0.518436984039626,0.00165107319757843,0.176481379563383,0.117226197028068,0.163456246560264
163773.411807,2556866.126422,0.0446886446886447,0.364652014652015,0.0135531135531136,0.261355311355311,0.153296703296703,0.162454212454212
164273.411807,2556866.126422,0.035045871559633,0.513577981651376,0.00495412844036697,0.214678899082569,0.086605504587156,0.145137614678899
164773.411807,2556866.126422,0.0322876536415337,0.520088057237204,0.00293524124013942,0.197761878554394,0.106769400110072,0.140157769216657
165273.411807,2556866.126422,0.0386446886446886,0.402564102564103,0.0115384615384615,0.297619047619048,0.143956043956044,0.105677655677656
165773.411807,2556866.126422,0.0609174311926605,0.346788990825688,0.055045871559633,0.165321100917431,0.128623853211009,0.243302752293578
166273.411807,2556866.126422,0.0227481196110805,0.666666666666667,0.00091726288754357,0.0706292423408549,0.105485232067511,0.133553476426344
166773.411807,2556866.126422,0.0336996336996337,0.607509157509157,0,0.0355311355311355,0.120695970695971,0.202564102564103
167273.411807,2556866.126422,0.0231192660550459,0.473211009174312,0,0.104770642201835,0.144954128440367,0.25394495412844
167773.411807,2556866.126422,0.0198128783709411,0.568702990277013,0.000366905155017428,0.06989543203082,0.0816363969913777,0.25958539717483
168273.411807,2556866.126422,0.05,0.463919413919414,0,0.169230769230769,0.106593406593407,0.21025641025641
168773.411807,2556866.126422,0.061651376146789,0.278532110091743,0.116146788990826,0.164220183486239,0.0519266055045872,0.327522935779817
169273.411807,2556866.126422,0.00476976701522656,0.0926435516419006,0.294074481746469,0.101632727939828,0.0264171711612548,0.480462300495322
169773.411807,2556866.126422,0.0807692307692308,0.121062271062271,0.00714285714285714,0.0551282051282051,0.0791208791208791,0.656776556776557
170273.411807,2556866.126422,0.0304587155963303,0.44697247706422,0,0.109174311926606,0.175596330275229,0.237798165137615
170773.411807,2556866.126422,0.0363236103467254,0.455329297376628,0,0.0946615299944964,0.145661346541919,0.268024215740231
171273.411807,2556866.126422,0.0217948717948718,0.371245421245421,0.0010989010989011,0.144871794871795,0.188644688644689,0.272344322344322
171773.411807,2556866.126422,0.0546788990825688,0.222018348623853,0.00385321100917431,0.471743119266055,0.127706422018349,0.12
172273.411807,2556866.126422,0.0431113557145478,0.456063107686663,0.00568702990277013,0.193175564116676,0.13832324344157,0.163639699137773
172773.411807,2556866.126422,0.0646520146520147,0.418315018315018,0.000366300366300366,0.174725274725275,0.16043956043956,0.181501831501831
160773.411807,2556366.126422,0.318115144847818,0.0971763843050972,0.153648698203154,0.172900623395673,0.0352035203520352,0.222955628896223
161273.411807,2556366.126422,0.0324175824175824,0.0734432234432234,0,0.123443223443223,0.147435897435897,0.623260073260073
161773.411807,2556366.126422,0.106043956043956,0.147252747252747,0,0.0738095238095238,0.0476190476190476,0.625274725274725
162273.411807,2556366.126422,0.00641730839750642,0.599193252658599,0,0.182251558489182,0.0913091309130913,0.120828749541621
162773.411807,2556366.126422,0.0274725274725275,0.248351648351648,0.116300366300366,0.272710622710623,0.148717948717949,0.186446886446886
163273.411807,2556366.126422,0.0646520146520147,0.38003663003663,0,0.208608058608059,0.121794871794872,0.224908424908425
163773.411807,2556366.126422,0.0111844517785112,0.579207920792079,0,0.154565456545655,0.09002566923359,0.165016501650165
164273.411807,2556366.126422,0.0437728937728938,0.372527472527473,0.0217948717948718,0.162454212454212,0.11007326007326,0.289377289377289
164773.411807,2556366.126422,0.0397435897435897,0.504395604395604,0.00146520146520147,0.170512820512821,0.0901098901098901,0.193772893772894
165273.411807,2556366.126422,0.0451045104510451,0.442427576090942,0.00385038503850385,0.149431609827649,0.116795012834617,0.242390905757242
165773.411807,2556366.126422,0.0523809523809524,0.104029304029304,0.0419413919413919,0.413553113553114,0.193223443223443,0.194871794871795
166273.411807,2556366.126422,0.0604395604395604,0.462454212454212,0.0212454212454212,0.205494505494505,0.133333333333333,0.117032967032967
166773.411807,2556366.126422,0.0473047304730473,0.512834616795013,0.000366703337000367,0.144847818115145,0.127429409607627,0.167216721672167
167273.411807,2556366.126422,0.0186813186813187,0.273809523809524,0.0043956043956044,0.270879120879121,0.192673992673993,0.23956043956044
167773.411807,2556366.126422,0.0245421245421245,0.246520146520147,0.00274725274725275,0.117216117216117,0.108241758241758,0.500732600732601
168273.411807,2556366.126422,0.0264026402640264,0.125779244591126,0.391822515584892,0.0638063806380638,0.0366703337000367,0.355518885221856
168773.411807,2556366.126422,0.0331501831501832,0.305494505494506,0.216666666666667,0.0478021978021978,0.0690476190476191,0.327838827838828
169273.411807,2556366.126422,0.017032967032967,0.237728937728938,0,0.0899267399267399,0.20018315018315,0.455128205128205
169773.411807,2556366.126422,0.057022368903557,0.210671067106711,0.000366703337000367,0.352585258525853,0.194902823615695,0.184451778511184
170273.411807,2556366.126422,0.0554945054945055,0.321978021978022,0,0.348168498168498,0.193589743589744,0.0807692307692308
170773.411807,2556366.126422,0.0553113553113553,0.467216117216117,0,0.152564102564103,0.191758241758242,0.133150183150183
171273.411807,2556366.126422,0.0511551155115512,0.568390172350568,0.0113678034470114,0.163182984965163,0.101210121012101,0.104693802713605
171773.411807,2556366.126422,0.0424908424908425,0.374175824175824,0.00677655677655678,0.526556776556777,0.0391941391941392,0.0108058608058608
172273.411807,2556366.126422,0.0249084249084249,0.534249084249084,0.00238095238095238,0.176556776556777,0.115567765567766,0.146336996336996
172773.411807,2556366.126422,0.0390539053905391,0.49028236156949,0.00348368170150348,0.155665566556656,0.167766776677668,0.143747708104144
160773.411807,2555866.126422,0.0459959684808503,0.0353674179952355,0.00311526479750779,0.623419461242441,0.12222833058457,0.169873556899395
161273.411807,2555866.126422,0.0504679757753716,0.00880895577170123,0,0.532024224628372,0.0557900532207745,0.35290879060378
161773.411807,2555866.126422,0.0198056115899505,0.366587199706584,0.0185219145424537,0.38015771135155,0.115165963689712,0.0997615991197506
162273.411807,2555866.126422,0.0701850833791461,0.245739417262232,0.00568077698369067,0.360271211288254,0.17830309693971,0.139820414146967
162773.411807,2555866.126422,0.038172141677372,0.267572031565425,0.248118920902918,0.194164066801248,0.0913929161314003,0.160579922921637
163273.411807,2555866.126422,0.0550155877498625,0.306070053181735,0.138089125252155,0.153860260407115,0.132770951769668,0.214194021639465
163773.411807,2555866.126422,0.0558915154846986,0.343228880337182,0.000916254352208173,0.242624152464724,0.193512919186366,0.163826278174821
164273.411807,2555866.126422,0.0640484492567444,0.277298586896678,0.0194531106625069,0.329418241879244,0.176546155257845,0.133235456046981
164773.411807,2555866.126422,0.026407482119934,0.563176233266092,0,0.136438657619659,0.112781954887218,0.161195672107097
165273.411807,2555866.126422,0.0153930731170973,0.641561297416163,0,0.105919003115265,0.111599780098955,0.12552684625252
165773.411807,2555866.126422,0.0106441548908057,0.590750596439714,0.00110111947146265,0.113965865296385,0.106625068819967,0.176913195081666
166273.411807,2555866.126422,0.0265908674124335,0.596552356501009,0.000733541169998166,0.0940766550522648,0.11589950485971,0.166147075004585
166773.411807,2555866.126422,0.00109950522264981,0.671797691039032,0,0.0700018325087044,0.0656038116181052,0.191497159611508
167273.411807,2555866.126422,0.036520462470178,0.245916681959993,0.125160579922922,0.0994677922554597,0.0370710222059093,0.455863461185539
167773.411807,2555866.126422,0.0117366587199707,0.041995231982395,0.351732991014121,0.119200440124702,0.022006235099945,0.453328443058867
168273.411807,2555866.126422,0.0628550485614807,0.171706065603812,0.00329851566794942,0.0282206340480117,0.0337181601612608,0.700201575957486
168773.411807,2555866.126422,0.0756102037071022,0.215452376582859,0.00330335841438796,0.164800880895577,0.144246650761608,0.396586529638466
169273.411807,2555866.126422,0.0324591967724189,0.309370988446727,0.0150375939849624,0.194938565927013,0.210159545204475,0.238034109664405
169773.411807,2555866.126422,0.0866776617188932,0.351291918636614,0,0.11324903793293,0.171156312992487,0.277625068719076
170273.411807,2555866.126422,0.0339511837034318,0.40264268673151,0.000550559735731327,0.0965314736648926,0.152688566709488,0.313635529454946
170773.411807,2555866.126422,0.0359435173299101,0.239317806711902,0.00330093526499175,0.366953970291583,0.20814230698698,0.146341463414634
171273.411807,2555866.126422,0.0205240974894631,0.348359904709547,0.0100787978742899,0.360087960417812,0.156312992486714,0.104636247022173
171773.411807,2555866.126422,0.047715177096715,0.287025142227932,0.011194714626537,0.451642503211598,0.155991925123876,0.0464305377133419
172273.411807,2555866.126422,0.0152209792774619,0.472950669356318,0.0066018705299835,0.293783238584266,0.127636163579681,0.0838070786722905
172773.411807,2555866.126422,0.00842954004031519,0.435404068169324,0.00164925783397471,0.141836173721825,0.173905076049111,0.23877588418545
160773.411807,2555366.126422,0.368498168498169,0.0705128205128205,0.0032967032967033,0.371062271062271,0.0600732600732601,0.126556776556777
161273.411807,2555366.126422,0.24,0.0447706422018349,0,0.145321100917431,0.043302752293578,0.526605504587156
161773.411807,2555366.126422,0.22968262704091,0.0528343423225096,0.0161438268207668,0.0871399743166392,0.0339387268391121,0.580260502660062
162273.411807,2555366.126422,0.0573260073260073,0.0639194139194139,0.0373626373626374,0.38974358974359,0.170512820512821,0.281135531135531
162773.411807,2555366.126422,0.0319266055045872,0.39651376146789,0.0188990825688073,0.209724770642202,0.155229357798165,0.187706422018349
163273.411807,2555366.126422,0.0341221794166208,0.328196661163089,0.170794349660613,0.153916712529811,0.0975967712346359,0.21537332599523
163773.411807,2555366.126422,0.0886446886446886,0.301098901098901,0.0952380952380952,0.0327838827838828,0.06996336996337,0.412271062271062
164273.411807,2555366.126422,0.00899082568807339,0.579633027522936,0,0.058348623853211,0.0836697247706422,0.269357798165138
164773.411807,2555366.126422,0.0139423958906623,0.562282150064208,0,0.0933773619519354,0.0565033938726839,0.27389469822051
165273.411807,2555366.126422,0.00366300366300366,0.651282051282051,0,0.0494505494505494,0.105677655677656,0.18992673992674
165773.411807,2555366.126422,0,0.611009174311927,0,0.0543119266055046,0.0840366972477064,0.250642201834862
166273.411807,2555366.126422,0.0394423041643735,0.460282516969363,0.0625573289304715,0.0458631443771785,0.0475142175747569,0.344340487983856
166773.411807,2555366.126422,0.00622710622710623,0.114652014652015,0.48003663003663,0.11025641025641,0.0419413919413919,0.246886446886447
167273.411807,2555366.126422,0.0135779816513761,0.304587155963303,0.164587155963303,0.0818348623853211,0.0486238532110092,0.386788990825688
167773.411807,2555366.126422,0.0478811227297744,0.358833241607045,0.010273344340488,0.157585764079985,0.093010456796918,0.33241607044579
168273.411807,2555366.126422,0.0545787545787546,0.351098901098901,0.117765567765568,0.0987179487179487,0.143956043956044,0.233882783882784
168773.411807,2555366.126422,0.0585321100917431,0.359266055045872,0.0055045871559633,0.199082568807339,0.149174311926606,0.228440366972477
169273.411807,2555366.126422,0.0453127866446524,0.0577875619152449,0.0170610897083104,0.680975967712346,0.147495872317006,0.0513667217024399
169773.411807,2555366.126422,0.0450549450549451,0.329120879120879,0.00146520146520147,0.243406593406593,0.16959706959707,0.211355311355311
170273.411807,2555366.126422,0.0844036697247706,0.279449541284404,0,0.188256880733945,0.128623853211009,0.319266055045872
170773.411807,2555366.126422,0.0880572372041827,0.216107136305265,0.00550357732526142,0.260686112639883,0.203082003302146,0.226563933223262
171273.411807,2555366.126422,0.0510989010989011,0.532783882783883,0.00256410256410256,0.18040293040293,0.0919413919413919,0.141208791208791
171773.411807,2555366.126422,0.0163302752293578,0.472293577981651,0.00073394495412844,0.246238532110092,0.158348623853211,0.10605504587156
172273.411807,2555366.126422,0.0201797835259585,0.286919831223629,0.000183452577508714,0.47642634379013,0.192808658961658,0.0234819299211154
172773.411807,2555366.126422,0.0271062271062271,0.472527472527473,0,0.20018315018315,0.240842490842491,0.0593406593406593
160773.411807,2554866.126422,0.0718738540520719,0.0865419875320865,0.015951595159516,0.332049871653832,0.138247158049138,0.355335533553355
161273.411807,2554866.126422,0.0377289377289377,0.20018315018315,0.00732600732600733,0.225091575091575,0.108424908424908,0.421245421245421
161773.411807,2554866.126422,0.0210622710622711,0.261355311355311,0,0.0250915750915751,0.0428571428571429,0.6496336996337
162273.411807,2554866.126422,0.0254858819215255,0.124495782911624,0,0.0273193986065273,0.0484048404840484,0.774294096076274
162773.411807,2554866.126422,0.010989010989011,0.252747252747253,0.0263736263736264,0.125274725274725,0.0602564102564103,0.524358974358974
163273.411807,2554866.126422,0.00824175824175824,0.225091575091575,0.0545787545787546,0.148534798534799,0.0732600732600733,0.49029304029304
163773.411807,2554866.126422,0.0223689035570224,0.253025302530253,0.077007700770077,0.0812247891455812,0.0366703337000367,0.52970297029703
164273.411807,2554866.126422,0,0.51996336996337,0,0.117948717948718,0.0684981684981685,0.293589743589744
164773.411807,2554866.126422,0.0342490842490843,0.275274725274725,0.026007326007326,0.0624542124542125,0.0730769230769231,0.528937728937729
165273.411807,2554866.126422,0.0247524752475248,0.428309497616428,0.0295196186285295,0.0559222588925559,0.100660066006601,0.360836083608361
165773.411807,2554866.126422,0.0232600732600733,0.255311355311355,0.364285714285714,0.153296703296703,0.0485347985347985,0.155311355311355
166273.411807,2554866.126422,0.0131868131868132,0.197069597069597,0.32032967032967,0.193589743589744,0.0562271062271062,0.21959706959707
166773.411807,2554866.126422,0.0621562156215622,0.417491749174917,0,0.204070407040704,0.0773744041070774,0.238907224055739
167273.411807,2554866.126422,0.0547619047619048,0.307142857142857,0.00586080586080586,0.237728937728938,0.156959706959707,0.237545787545788
167773.411807,2554866.126422,0.0188644688644689,0.456043956043956,0,0.0945054945054945,0.163553113553114,0.267032967032967
168273.411807,2554866.126422,0.0326365969930326,0.571873854052072,0,0.0867253392005867,0.127062706270627,0.181701503483682
168773.411807,2554866.126422,0.0413919413919414,0.228021978021978,0.0307692307692308,0.261538461538462,0.181135531135531,0.257142857142857
169273.411807,2554866.126422,0.0785714285714286,0.226190476190476,0.0195970695970696,0.252564102564103,0.206593406593407,0.216483516483516
169773.411807,2554866.126422,0.0456545654565457,0.34965163182985,0,0.0826916024935827,0.155298863219655,0.366703337000367
170273.411807,2554866.126422,0.0679487179487179,0.326556776556777,0.0163003663003663,0.160622710622711,0.125274725274725,0.303296703296703
170773.411807,2554866.126422,0.0664835164835165,0.475824175824176,0,0.121062271062271,0.108974358974359,0.227655677655678
171273.411807,2554866.126422,0.0229189585625229,0.0911257792445911,0.0144847818115145,0.695269526952695,0.157132379904657,0.0190685735240191
171773.411807,2554866.126422,0.0456043956043956,0.160989010989011,0.0117216117216117,0.480952380952381,0.187179487179487,0.113553113553114
172273.411807,2554866.126422,0.106776556776557,0.0538461538461538,0.0485347985347985,0.595238095238095,0.13003663003663,0.0655677655677656
172773.411807,2554866.126422,0.0830583058305831,0.108177484415108,0.0418041804180418,0.38008800880088,0.137330399706637,0.24954162082875
160773.411807,2554366.126422,0.0269378779549203,0.124244090159428,0.28587135788895,0.0769653655854865,0.0529595015576324,0.433021806853583
161273.411807,2554366.126422,0.0726738851165352,0.159478803450174,0.143696091025876,0.179849513672233,0.0890071572765645,0.355294549458616
161773.411807,2554366.126422,0.0405281496423987,0.133871263524665,0.162846139739593,0.171281863194572,0.0803227581147992,0.411149825783972
162273.411807,2554366.126422,0.00219901044529962,0.17262231995602,0.192230163093275,0.309693971046362,0.0890599230346344,0.234194612424409
162773.411807,2554366.126422,0.0205542301339695,0.200587263718113,0.2653697926225,0.215452376582859,0.0578087722517893,0.240227564690769
163273.411807,2554366.126422,0.00293416467999266,0.161929213277095,0.27599486521181,0.357051164496607,0.0555657436273611,0.146524848707134
163773.411807,2554366.126422,0.0428807036833425,0.128275609309144,0.458127176104086,0.0934579439252336,0.00586402785413231,0.271394539124061
164273.411807,2554366.126422,0.00146815929528354,0.0724903652046247,0.379702697742705,0.247017801431455,0.0185355111029547,0.280785465222977
164773.411807,2554366.126422,0.0370438290849074,0.119567210709701,0.420319090408949,0.193471483587016,0.04401247019989,0.185585916009536
165273.411807,2554366.126422,0.0047645226314825,0.266080263881253,0.300164925783397,0.16364302730438,0.110133773135422,0.155213487264065
165773.411807,2554366.126422,0.0245916681959993,0.43549275096348,0.049366856303909,0.125527619746743,0.123692420627638,0.241328684162232
166273.411807,2554366.126422,0.1201173665872,0.320557491289199,0.0295250320924262,0.209976159911975,0.131670640014671,0.18815331010453
166773.411807,2554366.126422,0.0450797141286421,0.316474253252703,0.000916254352208173,0.254352208172989,0.12662635147517,0.256551218618288
167273.411807,2554366.126422,0.0278950266103872,0.278950266103872,0.0256927876674619,0.219306294732979,0.120572582125161,0.327583042760139
167773.411807,2554366.126422,0.0322758114799193,0.445076104896387,0,0.046396479002384,0.0867412433522831,0.389510361269026
168273.411807,2554366.126422,0.0903426791277259,0.294667399670148,0.00329851566794942,0.181235110866777,0.136888400219901,0.293567894447499
168773.411807,2554366.126422,0.0616626904019086,0.177647274729308,0.0179849513672233,0.314920168838319,0.113782345384474,0.314002569278767
169273.411807,2554366.126422,0.0513478818998716,0.160645516229598,0.0550155877498625,0.483770401613791,0.13588850174216,0.113332110764717
169773.411807,2554366.126422,0.0756826094923951,0.269928532160528,0.000549752611324904,0.355140186915888,0.162910023822613,0.135788894997251
170273.411807,2554366.126422,0.0688199669664159,0.242062763809873,0.00201871903101487,0.206276380987337,0.171591117636264,0.309231051569095
170773.411807,2554366.126422,0.0397946084724005,0.350632679259123,0.00366770584999083,0.180451127819549,0.180817898404548,0.244635980194388
171273.411807,2554366.126422,0.0276708814366868,0.0775151181968114,0.0133773135422393,0.659703133589885,0.187648891332234,0.034084661902144
171773.411807,2554366.126422,0.0633143696091026,0.12461002018719,0.00110111947146265,0.46870985501927,0.202422462837218,0.139842172875757
172273.411807,2554366.126422,0.0548322024573629,0.238584265541904,0.136988813497158,0.44782688428388,0.0689528699798276,0.052814964239868
172773.411807,2554366.126422,0.0908924317390508,0.0894264247755177,0.108484515301448,0.469305479201026,0.105735752244823,0.136155396738135
160773.411807,2553866.126422,0.00567765567765568,0.332967032967033,0.275824175824176,0.288278388278388,0.0415750915750916,0.0556776556776557
161273.411807,2553866.126422,0.0110091743119266,0.263119266055046,0.219816513761468,0.276880733944954,0.0642201834862385,0.164954128440367
161773.411807,2553866.126422,0.0148596587782058,0.432948082920565,0.142359200146762,0.20253164556962,0.0924600990643919,0.114841313520455
162273.411807,2553866.126422,0.126007326007326,0.315934065934066,0.054029304029304,0.166483516483516,0.0714285714285714,0.266117216117216
162773.411807,2553866.126422,0.0273394495412844,0.537247706422018,0.00055045871559633,0.119266055045872,0.0651376146788991,0.25045871559633
163273.411807,2553866.126422,0.0170610897083104,0.310401761144744,0.000366905155017428,0.112456430012842,0.0645753072830673,0.495138506696019
163773.411807,2553866.126422,0.0186813186813187,0.354029304029304,0.00549450549450549,0.0924908424908425,0.106593406593407,0.422710622710623
164273.411807,2553866.126422,0.0877064220183486,0.336880733944954,0.00311926605504587,0.131192660550459,0.105321100917431,0.335779816513761
164773.411807,2553866.126422,0.0498991010823702,0.297926985874152,0,0.104384516602458,0.157035406347459,0.390753990093561
165273.411807,2553866.126422,0.0472527472527473,0.396886446886447,0.00183150183150183,0.0853479853479854,0.125274725274725,0.343406593406593
165773.411807,2553866.126422,0.0234862385321101,0.377614678899083,0.0921100917431193,0.11651376146789,0.131743119266055,0.258532110091743
166273.411807,2553866.126422,0.107319757842598,0.19262520638415,0.170243991928087,0.181251146578609,0.0913593835993396,0.257200513667217
166773.411807,2553866.126422,0.0419413919413919,0.245970695970696,0.00146520146520147,0.389377289377289,0.18003663003663,0.141208791208791
167273.411807,2553866.126422,0.00165137614678899,0.468990825688073,0,0.131559633027523,0.0968807339449541,0.300917431192661
167773.411807,2553866.126422,0.0289855072463768,0.348559897266557,0.000550357732526142,0.299944964226747,0.14547789396441,0.176481379563383
168273.411807,2553866.126422,0.0547619047619048,0.354945054945055,0.0043956043956044,0.215201465201465,0.153113553113553,0.217582417582418
168773.411807,2553866.126422,0.038348623853211,0.22256880733945,0.00532110091743119,0.407339449541284,0.222018348623853,0.104403669724771
169273.411807,2553866.126422,0.066042927903137,0.204916529077234,0.0146762062006971,0.507246376811594,0.153916712529811,0.0532012474775271
169773.411807,2553866.126422,0.0263736263736264,0.653663003663004,0,0.103479853479853,0.106227106227106,0.11025641025641
170273.411807,2553866.126422,0.0242201834862385,0.253394495412844,0.00917431192660551,0.45743119266055,0.11045871559633,0.145321100917431
170773.411807,2553866.126422,0.0486149330398092,0.252981104384517,0.000366905155017428,0.417721518987342,0.115391671252981,0.164923867180334
171273.411807,2553866.126422,0.0379120879120879,0.267216117216117,0.000183150183150183,0.237728937728938,0.226739926739927,0.23021978021978
171773.411807,2553866.126422,0.0411009174311927,0.287889908256881,0.0143119266055046,0.222935779816514,0.100183486238532,0.333577981651376
172273.411807,2553866.126422,0.0370574206567602,0.512383048981838,0.123280132085856,0.139607411484131,0.0355898000366905,0.152082186754724
172773.411807,2553866.126422,0.0677655677655678,0.435164835164835,0.204029304029304,0.151098901098901,0.052014652014652,0.0899267399267399
160773.411807,2553366.126422,0.0210854418775211,0.123212321232123,0.108727539420609,0.542720938760543,0.0885588558855886,0.115694902823616
161273.411807,2553366.126422,0.0397435897435897,0.249267399267399,0.0122710622710623,0.528754578754579,0.0661172161172161,0.103846153846154
161773.411807,2553366.126422,0.0648351648351648,0.38956043956044,0.0166666666666667,0.394505494505494,0.0655677655677656,0.0688644688644689
162273.411807,2553366.126422,0.0553722038870554,0.398056472313898,0.0124679134580125,0.383755042170884,0.0815914924825816,0.0687568756875688
162773.411807,2553366.126422,0.0432234432234432,0.464652014652015,0.0043956043956044,0.283333333333333,0.0805860805860806,0.123809523809524
163273.411807,2553366.126422,0.0710622710622711,0.378937728937729,0.000732600732600733,0.121062271062271,0.11025641025641,0.317948717948718
163773.411807,2553366.126422,0.026035936927026,0.397323065639897,0,0.0385038503850385,0.0683901723505684,0.46974697469747
164273.411807,2553366.126422,0.0749084249084249,0.248901098901099,0.0173992673992674,0.157875457875458,0.158791208791209,0.342124542124542
164773.411807,2553366.126422,0.0545787545787546,0.30970695970696,0.0413919413919414,0.158058608058608,0.113553113553114,0.322710622710623
165273.411807,2553366.126422,0.0295196186285295,0.216538320498717,0.328566189952329,0.181701503483682,0.0933259992665933,0.15034836817015
165773.411807,2553366.126422,0.0157509157509158,0.174725274725275,0.444139194139194,0.1496336996337,0.0919413919413919,0.123809523809524
166273.411807,2553366.126422,0.0478021978021978,0.157326007326007,0.304761904761905,0.192124542124542,0.201282051282051,0.0967032967032967
166773.411807,2553366.126422,0.154565456545655,0.281994866153282,0,0.0951595159515952,0.0779244591125779,0.39035570223689
167273.411807,2553366.126422,0.0765567765567766,0.421611721611722,0.0108058608058608,0.195054945054945,0.0978021978021978,0.198168498168498
167773.411807,2553366.126422,0.0523809523809524,0.297619047619048,0.000183150183150183,0.336813186813187,0.161172161172161,0.151831501831502
168273.411807,2553366.126422,0.0341034103410341,0.367253392005867,0.000183351668500183,0.26971030436377,0.178767876787679,0.14998166483315
168773.411807,2553366.126422,0.0611721611721612,0.328571428571429,0.00311355311355311,0.288827838827839,0.198168498168498,0.12014652014652
169273.411807,2553366.126422,0.0824175824175824,0.203663003663004,0.0318681318681319,0.443040293040293,0.143223443223443,0.0957875457875458
169773.411807,2553366.126422,0.0958929226255959,0.588192152548588,0.0144847818115145,0.29006233956729,0.0088008800880088,0.00256692335900257
170273.411807,2553366.126422,0.0402930402930403,0.196520146520147,0.00604395604395604,0.679120879120879,0.0641025641025641,0.0139194139194139
170773.411807,2553366.126422,0.056043956043956,0.383882783882784,0,0.186996336996337,0.118498168498168,0.254578754578755
171273.411807,2553366.126422,0.0773744041070774,0.191602493582692,0.00348368170150348,0.271910524385772,0.219288595526219,0.236340300696736
171773.411807,2553366.126422,0.161538461538462,0.0902930402930403,0,0.11959706959707,0.0688644688644689,0.55970695970696
172273.411807,2553366.126422,0.146336996336996,0.189194139194139,0,0.093956043956044,0.191941391941392,0.378571428571429
172773.411807,2553366.126422,0.0738907224055739,0.187935460212688,0,0.265126512651265,0.174184085075174,0.298863219655299
160773.411807,2552866.126422,0.03811618105186,0.162910023822613,0.133773135422393,0.473336998350742,0.0896096756459593,0.102253985706432
161273.411807,2552866.126422,0.0735914846760874,0.270691870067902,0.0315654248485961,0.384107175628556,0.0939621948981464,0.146081849880712
161773.411807,2552866.126422,0.0425453878598936,0.453328443058867,0.0022006235099945,0.350632679259123,0.0539152759948652,0.0973775903172566
162273.411807,2552866.126422,0.0824628916987356,0.345977643393806,0.0718343412131208,0.281839838739234,0.108667766171889,0.109217518783214
162773.411807,2552866.126422,0.0629473297852817,0.328867682143513,0.00642319691686548,0.338410717562856,0.0835015599192512,0.179849513672233
163273.411807,2552866.126422,0.0462130937098845,0.248487071336879,0.0319090408949202,0.410049514028975,0.0876581698147808,0.175683110214561
163773.411807,2552866.126422,0.0938244456661169,0.241158145501191,0.00861279091075683,0.241891148982958,0.155946490745831,0.258566978193146
164273.411807,2552866.126422,0.0743255643237291,0.409249403560286,0,0.1493852082951,0.136538814461369,0.230501009359516
164773.411807,2552866.126422,0.0621676141573446,0.32404181184669,0,0.176966807262058,0.169998166147075,0.266825600586833
165273.411807,2552866.126422,0.0536925050393989,0.289169873556899,0.0128275609309144,0.0676195711929632,0.0852116547553601,0.491478834524464
165773.411807,2552866.126422,0.0939621948981464,0.0814828408882364,0.194347586713158,0.113048265736832,0.143879610937787,0.37327950082584
166273.411807,2552866.126422,0.024390243902439,0.312305153126719,0.0143040528149642,0.362002567394095,0.150926095727123,0.13607188703466
166773.411807,2552866.126422,0.0674363203225215,0.153380978559648,0,0.0597397837639729,0.0478284771852666,0.671614440168591
167273.411807,2552866.126422,0.026977427050835,0.430721233253808,0,0.221875573499725,0.147733529087906,0.172692237107726
167773.411807,2552866.126422,0.0366770584999083,0.357968090959105,0,0.241335044929397,0.178250504309554,0.185769301302036
168273.411807,2552866.126422,0.0558915154846986,0.319589518050211,0.00128275609309144,0.269562030419644,0.174821330401319,0.178852849551035
168773.411807,2552866.126422,0.0871719581574601,0.143329051202055,0.0932281152505047,0.299320976325931,0.135621214901817,0.241328684162232
169273.411807,2552866.126422,0.0542820465798643,0.0379607555474051,0.201723821749496,0.592517880066019,0.0823399963322941,0.0311754997249221
169773.411807,2552866.126422,0.0798973795125527,0.423859263331501,0,0.283122594832325,0.118013560564413,0.0951072017592084
170273.411807,2552866.126422,0.082583960359699,0.216553496054322,0,0.4358597907873,0.119654982565608,0.14534777023307
170773.411807,2552866.126422,0.0597836053548505,0.25215477718687,0.00403447643498991,0.258940033009353,0.194205024757014,0.230882083256923
