"x","y","forest","agri","water","built","other","grass"
288273.411807,2779366.126422,0.698918819864394,0.00109950522264981,0,0.030602895363753,0.0324354040681693,0.236943375481034
288773.411807,2779366.126422,0.643604331069921,0.000367039823820885,0,0.0104606349788952,0.00844191594788034,0.337126078179482
289273.411807,2779366.126422,0.309187603154227,0.0159545204474601,0,0.0900421786172749,0.0577663671373556,0.527049330643682
289773.411807,2779366.126422,0.202125710097123,0.0344511636430273,0.00146600696353308,0.130291368884002,0.0558915154846986,0.575774234927616
290273.411807,2779366.126422,0.405579005322077,0.00146815929528354,0,0.0289961460818499,0.0201871903101487,0.543769498990641
290773.411807,2779366.126422,0.546671556941133,0.00293416467999266,0,0.102512378507244,0.0871080139372822,0.260773885934348
291273.411807,2779366.126422,0.442001099505223,0.00586402785413231,0,0.0179585853032802,0.0214403518416712,0.512735935495694
291773.411807,2779366.126422,0.420811158010644,0.00275279867865663,0,0.0567076527803267,0.0361534226463571,0.483574967884015
292273.411807,2779366.126422,0.499724922061251,0.00146708233999633,0,0.000733541169998166,0.00348432055749129,0.494590133871264
292773.411807,2779366.126422,0.560930914421844,0.00494777350192413,0,0.0388491845336265,0.0423309510720176,0.352941176470588
293273.411807,2779366.126422,0.667461919618279,0.0146815929528354,0,0.0117452743622683,0.046063497889521,0.260047715177097
293773.411807,2779366.126422,0.427654502108931,0.00935264991747662,0.00568494406748579,0.0144874381074638,0.0515312671923712,0.491289198606272
294273.411807,2779366.126422,0.33296683159245,0.0163093274693055,0,0.0207073483599047,0.0674363203225215,0.562580172255818
294773.411807,2779366.126422,0.451091943475867,0.108276748027161,0,0.00789135621214902,0.114149385208295,0.318590567076528
295273.411807,2779366.126422,0.470933431138823,0.0786722904823033,0,0.013203741059967,0.0695030258573262,0.367687511461581
295773.411807,2779366.126422,0.158878504672897,0.0492944841487997,0.028587135788895,0.260216236027121,0.151548469855232,0.351475169507055
296273.411807,2779366.126422,0.00422095797394017,0.00201871903101487,0.926775555147734,0.0462470178014315,0.00697375665259681,0.0137639933932832
296773.411807,2779366.126422,0.317990097194205,0.0260407115349349,0.0368604437924078,0.249954153676875,0.103796075554741,0.265358518246837
297273.411807,2779366.126422,0.064687557265897,0.0322521531977277,0.0903426791277259,0.634964266080264,0.0828293934396188,0.0949239508887667
297773.411807,2779366.126422,0.131583776839787,0.130482657368324,0.00752431638832813,0.236190126628739,0.135804734813727,0.358414387961094
298273.411807,2779366.126422,0.0430955437373923,0.150375939849624,0.00128369704749679,0.103245919677242,0.0695030258573262,0.632495873830919
298773.411807,2779366.126422,0.12662635147517,0.0839288986622686,0.00128275609309144,0.109584020524097,0.0923584387025838,0.586219534542789
299273.411807,2779366.126422,0.134336575518444,0.0743255643237291,0.00220223894292531,0.178748394200771,0.0950633143696091,0.515323912644522
299773.411807,2779366.126422,0.150009169264625,0.0467632495873831,0.0401613790573996,0.309554373739226,0.0970108197322575,0.356501008619109
300273.411807,2779366.126422,0.0723608445297505,0.0403071017274472,0.109404990403071,0.516314779270633,0.114971209213052,0.146641074856046
288273.411807,2778866.126422,0.74029304029304,0.0144688644688645,0,0.0483516483516484,0.0318681318681319,0.165018315018315
288773.411807,2778866.126422,0.818532110091743,0.00055045871559633,0,0.00293577981651376,0.00403669724770642,0.17394495412844
289273.411807,2778866.126422,0.61915244909191,0.00110071546505228,0,0.0258668134287287,0.0291689598238855,0.324711062190424
289773.411807,2778866.126422,0.197802197802198,0.0250915750915751,0.0104395604395604,0.265934065934066,0.082967032967033,0.417765567765568
290273.411807,2778866.126422,0.582752293577982,0.00165137614678899,0,0.0405504587155963,0.0363302752293578,0.338715596330275
290773.411807,2778866.126422,0.426894147862777,0.00183452577508714,0,0.0937442671069529,0.0379746835443038,0.439552375710879
291273.411807,2778866.126422,0.331684981684982,0.000366300366300366,0,0.101465201465201,0.0391941391941392,0.527289377289377
291773.411807,2778866.126422,0.405688073394495,0.00256880733944954,0,0.121100917431193,0.0478899082568807,0.422752293577982
292273.411807,2778866.126422,0.40946615299945,0.00165107319757843,0,0.076316272243625,0.0513667217024399,0.461199779856907
292773.411807,2778866.126422,0.546703296703297,0.000366300366300366,0,0.00549450549450549,0.00750915750915751,0.43992673992674
293273.411807,2778866.126422,0.676880733944954,0.00440366972477064,0,0.035045871559633,0.0352293577981651,0.248440366972477
293773.411807,2778866.126422,0.399743166391488,0.00146762062006971,0,0.0447624289121262,0.0532012474775271,0.500825536598789
294273.411807,2778866.126422,0.391575091575092,0.0102564102564103,0,0.0102564102564103,0.100915750915751,0.486996336996337
294773.411807,2778866.126422,0.387889908256881,0.0928440366972477,0,0.00678899082568807,0.123853211009174,0.388623853211009
295273.411807,2778866.126422,0.112089524857824,0.154650522839846,0.00146762062006971,0.0403595670519171,0.332049165290772,0.359383599339571
295773.411807,2778866.126422,0.234249084249084,0.0666666666666667,0.00989010989010989,0.113003663003663,0.225274725274725,0.350915750915751
296273.411807,2778866.126422,0.0374311926605505,0.0198165137614679,0.564587155963303,0.204954128440367,0.0337614678899083,0.139449541284404
296773.411807,2778866.126422,0.142175747569253,0.0717299578059072,0.211887727022565,0.26674004769767,0.0886075949367089,0.218858924967896
297273.411807,2778866.126422,0.158424908424908,0.143223443223443,0.0181318681318681,0.171794871794872,0.0450549450549451,0.463369963369963
297773.411807,2778866.126422,0.0242201834862385,0.279266055045872,0.046605504587156,0.0154128440366972,0.044954128440367,0.58954128440367
298273.411807,2778866.126422,0.121629058888277,0.0935608145294441,0.00733810310034856,0.00605393505778756,0.00953953403045313,0.761878554393689
298773.411807,2778866.126422,0.148901098901099,0.0175824175824176,0.00476190476190476,0.19981684981685,0.0882783882783883,0.540659340659341
299273.411807,2778866.126422,0.23302752293578,0.0163302752293578,0.0812844036697248,0.164954128440367,0.0801834862385321,0.424220183486239
299773.411807,2778866.126422,0.155017427994863,0.0447624289121262,0.000183452577508714,0.00862227114290956,0.014125848468171,0.777288570904421
300273.411807,2778866.126422,0.0730865144830232,0.0306924995204297,0.0115096873201611,0.325532323038557,0.112794935737579,0.446384039900249
288273.411807,2778366.126422,0.260542720938761,0.00971763843050972,0.0044004400440044,0.187568756875688,0.112577924459113,0.425192519251925
288773.411807,2778366.126422,0.412454212454212,0.0111721611721612,0.0135531135531136,0.0139194139194139,0.0175824175824176,0.531318681318681
289273.411807,2778366.126422,0.705311355311355,0.00311355311355311,0,0.0197802197802198,0.0108058608058608,0.260989010989011
289773.411807,2778366.126422,0.537220388705537,0.0212687935460213,0,0.0586725339200587,0.0297029702970297,0.353135313531353
290273.411807,2778366.126422,0.458241758241758,0.0021978021978022,0,0.0404761904761905,0.0241758241758242,0.474908424908425
290773.411807,2778366.126422,0.562271062271062,0.000183150183150183,0.000183150183150183,0.0032967032967033,0.00641025641025641,0.427655677655678
291273.411807,2778366.126422,0.504767143381005,0.0033003300330033,0,0.0458379171250458,0.0177851118445178,0.428309497616428
291773.411807,2778366.126422,0.367399267399267,0.00146520146520147,0,0.0646520146520147,0.0386446886446886,0.527838827838828
292273.411807,2778366.126422,0.474358974358974,0.000915750915750916,0.000183150183150183,0.05,0.0423076923076923,0.432234432234432
292773.411807,2778366.126422,0.293362669600293,0.00898423175650898,0.00055005500550055,0.206453978731206,0.110927759442611,0.37972130546388
293273.411807,2778366.126422,0.370695970695971,0.00787545787545788,0.00183150183150183,0.132783882783883,0.0461538461538462,0.440659340659341
293773.411807,2778366.126422,0.56996336996337,0.00238095238095238,0.000183150183150183,0.036996336996337,0.0206959706959707,0.36978021978022
294273.411807,2778366.126422,0.453428676200953,0.0022002200220022,0,0.118628529519619,0.0852585258525853,0.34048404840484
294773.411807,2778366.126422,0.321428571428571,0.0580586080586081,0,0.060989010989011,0.0631868131868132,0.496336996336996
295273.411807,2778366.126422,0.129304029304029,0.0463369963369963,0.00586080586080586,0.113003663003663,0.17967032967033,0.525824175824176
295773.411807,2778366.126422,0.106527319398607,0.0155848918225156,0.00806747341400807,0.178034470113678,0.18005133846718,0.511734506784012
296273.411807,2778366.126422,0.143223443223443,0.0111721611721612,0.445970695970696,0.133882783882784,0.0445054945054945,0.221245421245421
296773.411807,2778366.126422,0.1003663003663,0.00201465201465201,0.401648351648352,0.367399267399267,0.00952380952380952,0.119047619047619
297273.411807,2778366.126422,0.46002933626696,0.00861752841950862,0.124679134580125,0.0408874220755409,0.0108177484415108,0.354968830216355
297773.411807,2778366.126422,0.268864468864469,0.00384615384615385,0.198351648351648,0.139010989010989,0.00805860805860806,0.381868131868132
298273.411807,2778366.126422,0.116849816849817,0.00970695970695971,0.473076923076923,0.0582417582417582,0.0194139194139194,0.322710622710623
298773.411807,2778366.126422,0.0394206087275394,0.0656398973230656,0.373303997066373,0.151998533186652,0.115511551155116,0.254125412541254
299273.411807,2778366.126422,0.102380952380952,0.0631868131868132,0.0963369963369963,0.152747252747253,0.105494505494505,0.47985347985348
299773.411807,2778366.126422,0.0663003663003663,0.107142857142857,0.315201465201465,0.178205128205128,0.0833333333333333,0.24981684981685
300273.411807,2778366.126422,0.0528033794162826,0.0364823348694316,0.0364823348694316,0.348502304147465,0.0971582181259601,0.428571428571429
288273.411807,2777866.126422,0.699835074216603,0.0104452996151732,0,0.0119113065787062,0.0104452996151732,0.267363019974345
288773.411807,2777866.126422,0.35694622866581,0.00311983850247752,0.000550559735731327,0.112314186089191,0.0666177280234905,0.4604514589833
289273.411807,2777866.126422,0.534017971758665,0.00146708233999633,0.000183385292499542,0.0130203557674674,0.0271410232899321,0.42417018155144
289773.411807,2777866.126422,0.70514934945941,0,0,0.00164925783397471,0.000916254352208173,0.292285138354407
290273.411807,2777866.126422,0.699761424114516,0.00550559735731327,0,0.017434391631492,0.012846393833731,0.264452193062947
290773.411807,2777866.126422,0.591050797726022,0.00421786172748946,0,0.0465798642948836,0.0286081056299285,0.329543370621676
291273.411807,2777866.126422,0.564595931830676,0.00604727872457394,0,0.072200842954004,0.023089609675646,0.3340663368151
291773.411807,2777866.126422,0.46870985501927,0.00238575885483575,0,0.00330335841438796,0.00568911726922371,0.519911910442283
292273.411807,2777866.126422,0.422336328626444,0.00238400880249404,0.000366770584999083,0.0238400880249404,0.0238400880249404,0.527232715936182
292773.411807,2777866.126422,0.59868059373282,0.00439802089059923,0,0.042147700201576,0.0183250870441635,0.336448598130841
293273.411807,2777866.126422,0.387594053954854,0.025325747843641,0.00330335841438796,0.263167553679574,0.0673518076711323,0.25325747843641
293773.411807,2777866.126422,0.506326792591234,0.0104529616724739,0,0.0995782138272511,0.037593984962406,0.346048046946635
294273.411807,2777866.126422,0.347260399486898,0.00128275609309144,0,0.030602895363753,0.0443467106468756,0.576507238409382
294773.411807,2777866.126422,0.531840704716462,0.00367039823820885,0,0.0818498807120573,0.0756102037071022,0.30702881262617
295273.411807,2777866.126422,0.299101412066752,0.0113698881349716,0.000183385292499542,0.170364936732074,0.107463781404731,0.411516596368971
295773.411807,2777866.126422,0.1927799157046,0.0241891148982958,0.0348176653839106,0.319223016309327,0.0991387209089243,0.329851566794942
296273.411807,2777866.126422,0,0.0234905487245366,0.289410901082767,0.590383556615893,0.0082583960359699,0.0884565975408332
296773.411807,2777866.126422,0,0.000916926462497708,0.245369521364387,0.710067852558225,0.00256739409499358,0.0410783055198973
297273.411807,2777866.126422,0.0645043063954554,0.0370166758292102,0.184900128275609,0.334799340296866,0.115081546637347,0.263698002565512
297773.411807,2777866.126422,0.119104422829877,0.0583593319875206,0.0974490732244448,0.298403376766379,0.108827307762892,0.317856487428886
298273.411807,2777866.126422,0.199523198239501,0.0480469466348799,0.0232899321474418,0.208509077571979,0.0893086374472767,0.431322207958922
298773.411807,2777866.126422,0.12332783580722,0.0978559648158329,0.0163093274693055,0.218435037566428,0.0984057174271578,0.445666116914055
299273.411807,2777866.126422,0.0959809139291613,0.0412919801798495,0.0146815929528354,0.304459533859424,0.134703615342265,0.408882363736465
299773.411807,2777866.126422,0.108930863744728,0.0629011553273428,0.0196222262974509,0.385109114249037,0.106363469649734,0.317073170731707
300273.411807,2777866.126422,0.0527831094049904,0.0324376199616123,0.31573896353167,0.32725527831094,0.0585412667946257,0.213243761996161
288273.411807,2777366.126422,0.5503663003663,0.0113553113553114,0.0010989010989011,0.0923076923076923,0.0269230769230769,0.317948717948718
288773.411807,2777366.126422,0.271559633027523,0.00238532110091743,0.00660550458715596,0.275412844036697,0.0669724770642202,0.377064220183486
289273.411807,2777366.126422,0.518620436617134,0.00275178866263071,0.00862227114290956,0.00183452577508714,0.00330214639515685,0.464868831407081
289773.411807,2777366.126422,0.864468864468865,0.000366300366300366,0,0.00860805860805861,0.00183150183150183,0.124725274725275
290273.411807,2777366.126422,0.720366972477064,0.0192660550458716,0,0.0108256880733945,0.00862385321100917,0.240917431192661
290773.411807,2777366.126422,0.541185103650706,0.0539350577875619,0.0110071546505228,0.120528343423225,0.02568336085122,0.247660979636764
291273.411807,2777366.126422,0.461172161172161,0.00531135531135531,0.0032967032967033,0.21959706959707,0.0421245421245421,0.268498168498168
291773.411807,2777366.126422,0.491926605504587,0.00844036697247706,0.00678899082568807,0.245137614678899,0.0493577981651376,0.198348623853211
292273.411807,2777366.126422,0.427077600440286,0.00385250412768299,0,0.00623738763529628,0.00990643918547056,0.552926068611264
292773.411807,2777366.126422,0.434432234432234,0.00293040293040293,0.0043956043956044,0.0155677655677656,0.0161172161172161,0.526556776556777
293273.411807,2777366.126422,0.488073394495413,0.0055045871559633,0,0.0278899082568807,0.0328440366972477,0.445688073394495
293773.411807,2777366.126422,0.390387084938543,0.00935608145294441,0.002568336085122,0.217024399192809,0.105301779490002,0.27536231884058
294273.411807,2777366.126422,0.252564102564103,0.0164835164835165,0.0115384615384615,0.354212454212454,0.104578754578755,0.260622710622711
294773.411807,2777366.126422,0.295779816513761,0.00844036697247706,0.00385321100917431,0.444220183486239,0.0693577981651376,0.178348623853211
295273.411807,2777366.126422,0.119244175380664,0.0306365804439552,0.00953953403045313,0.633461750137589,0.0625573289304715,0.144560631076867
295773.411807,2777366.126422,0.0659340659340659,0.0767399267399267,0.0950549450549451,0.398351648351648,0.0886446886446886,0.275274725274725
296273.411807,2777366.126422,0,0,0.905688073394495,0.0943119266055046,0,0
296773.411807,2777366.126422,0,0,0.448541552008806,0.551458447991194,0,0
297273.411807,2777366.126422,0,0,0.116300366300366,0.883699633699634,0,0
297773.411807,2777366.126422,0.0278899082568807,0.00440366972477064,0.0985321100917431,0.789908256880734,0.0218348623853211,0.0574311926605505
298273.411807,2777366.126422,0.0416437350944781,0.0121078701155751,0.091726288754357,0.662814162538984,0.0524674371674922,0.139240506329114
298773.411807,2777366.126422,0.0576923076923077,0.0214285714285714,0.0298534798534799,0.57032967032967,0.127106227106227,0.193589743589744
299273.411807,2777366.126422,0.127339449541284,0.0618348623853211,0.0192660550458716,0.284954128440367,0.147706422018349,0.358899082568807
299773.411807,2777366.126422,0.126215373325995,0.0596220876903321,0.00201797835259585,0.216474041460283,0.118693817648138,0.476976701522656
300273.411807,2777366.126422,0.0680989833109534,0.0214847496643008,0.338768463456743,0.252253980433532,0.0784577018990984,0.240936121235373
288273.411807,2776866.126422,0.506417308397506,0.117161716171617,0.00806747341400807,0.0478547854785479,0.0119178584525119,0.308580858085809
288773.411807,2776866.126422,0.308424908424908,0.0179487179487179,0.0214285714285714,0.297252747252747,0.0948717948717949,0.26007326007326
289273.411807,2776866.126422,0.263736263736264,0.00677655677655678,0.00549450549450549,0.163553113553114,0.0478021978021978,0.512637362637363
289773.411807,2776866.126422,0.601026769343601,0.00421708837550422,0.00715071507150715,0.00183351668500183,0.00531719838650532,0.38045471213788
290273.411807,2776866.126422,0.587362637362637,0,0.00164835164835165,0.00769230769230769,0.00201465201465201,0.401282051282051
290773.411807,2776866.126422,0.158608058608059,0.0435897435897436,0.0131868131868132,0.332600732600733,0.0906593406593407,0.361355311355311
291273.411807,2776866.126422,0.278327832783278,0.0181518151815182,0.0168683535020169,0.339383938393839,0.103410341034103,0.243857719105244
291773.411807,2776866.126422,0.556959706959707,0.00714285714285714,0.0340659340659341,0.175274725274725,0.043956043956044,0.182600732600733
292273.411807,2776866.126422,0.496336996336996,0.0135531135531136,0.00531135531135531,0.132051282051282,0.0399267399267399,0.312820512820513
292773.411807,2776866.126422,0.664283094976164,0.000183351668500183,0.0022002200220022,0.0507884121745508,0.0196186285295196,0.262926292629263
293273.411807,2776866.126422,0.457875457875458,0.000915750915750916,0,0.0291208791208791,0.0247252747252747,0.487362637362637
293773.411807,2776866.126422,0.430952380952381,0.00659340659340659,0.000549450549450549,0.0415750915750916,0.0377289377289377,0.482600732600733
294273.411807,2776866.126422,0.398789878987899,0.0099009900990099,0,0.0126512651265127,0.0135680234690136,0.565089842317565
294773.411807,2776866.126422,0.241025641025641,0.0120879120879121,0.0010989010989011,0.198534798534799,0.0915750915750916,0.455677655677656
295273.411807,2776866.126422,0.234249084249084,0.0450549450549451,0.00769230769230769,0.410622710622711,0.0787545787545788,0.223626373626374
295773.411807,2776866.126422,0.0559222588925559,0.0533553355335534,0.147231389805647,0.218371837183718,0.0804913824715805,0.444627796112945
296273.411807,2776866.126422,0.0184981684981685,0.0195970695970696,0.241391941391941,0.125091575091575,0.0710622710622711,0.524358974358974
296773.411807,2776866.126422,0.0516483516483516,0.0272893772893773,0.25018315018315,0.336630036630037,0.106227106227106,0.228021978021978
297273.411807,2776866.126422,0.0231023102310231,0.0287862119545288,0.267143381004767,0.506050605060506,0.0650898423175651,0.10982764943161
297773.411807,2776866.126422,0.104578754578755,0.0586080586080586,0.297802197802198,0.305311355311355,0.0234432234432234,0.21025641025641
298273.411807,2776866.126422,0.0404761904761905,0.0454212454212454,0.451648351648352,0.267032967032967,0.0205128205128205,0.174908424908425
298773.411807,2776866.126422,0,0.00623395672900623,0.290795746241291,0.692335900256692,0.000916758342500917,0.00971763843050972
299273.411807,2776866.126422,0.0617216117216117,0.0142857142857143,0.0622710622710623,0.623260073260073,0.080952380952381,0.157509157509158
299773.411807,2776866.126422,0.0749084249084249,0.0238095238095238,0.0104395604395604,0.471978021978022,0.138278388278388,0.280586080586081
300273.411807,2776866.126422,0.0234254992319508,0.0286098310291859,0.418010752688172,0.258832565284178,0.0539554531490015,0.217165898617512
288273.411807,2776366.126422,0.198643943558732,0.0175920835623969,0.0291368884002199,0.371816016126077,0.0863111599780099,0.296499908374565
288773.411807,2776366.126422,0.154890805652413,0.00623967700495504,0.0189025509267756,0.240044044778859,0.110662506881997,0.469260414755001
289273.411807,2776366.126422,0.0518980377773703,0.0122868145974693,0.0421786172748946,0.374289381991564,0.16816431322208,0.351182835136622
289773.411807,2776366.126422,0.142935678944475,0.0232728605460876,0,0.138904159794759,0.17372182517867,0.521165475536009
290273.411807,2776366.126422,0.686547990456965,0.00403743806202973,0,0.0394567810607451,0.0119287942741787,0.258028996146082
290773.411807,2776366.126422,0.442875481386393,0.00990280579497524,0.0113698881349716,0.224280212726939,0.0500641848523748,0.261507427104346
291273.411807,2776366.126422,0.544071834341213,0.0175920835623969,0.0111783030969397,0.0956569543705333,0.0415979475902511,0.289902877038666
291773.411807,2776366.126422,0.694072306845293,0.00367039823820885,0,0.00403743806202973,0.00422095797394017,0.293998898880529
292273.411807,2776366.126422,0.502108930863745,0.0115532734274711,0.00586832935998533,0.194021639464515,0.0806895286997983,0.205758298184486
292773.411807,2776366.126422,0.315924500641378,0.043613707165109,0.00238226131574125,0.350742166025289,0.0513102437236577,0.236027121128825
293273.411807,2776366.126422,0.593686915030281,0.00752431638832813,0.009543035419343,0.108643787850982,0.0308313452009543,0.249770600110112
293773.411807,2776366.126422,0.504492939666239,0.00110031175499725,0,0.00513478818998716,0.00183385292499542,0.487438107463781
294273.411807,2776366.126422,0.32618654938611,0.0183250870441635,0.00348176653839106,0.188565145684442,0.0467289719626168,0.416712479384277
294773.411807,2776366.126422,0.297669297118737,0.0189025509267756,0.00110111947146265,0.284822903285006,0.103505230317489,0.293998898880529
295273.411807,2776366.126422,0.0451127819548872,0.057216211259857,0.0871080139372822,0.392811296534018,0.0711534934898221,0.346598202824134
295773.411807,2776366.126422,0.00604727872457394,0.0216236027121129,0.181784863478102,0.070734835990471,0.0437969580355507,0.67601246105919
296273.411807,2776366.126422,0.0293631859056708,0.0278950266103872,0.235639566893008,0.414571481005689,0.103505230317489,0.189025509267756
296773.411807,2776366.126422,0.0636346964973409,0.0106363469649734,0.0188886851274528,0.740876581698148,0.0744544287548139,0.0915092609572712
297273.411807,2776366.126422,0.0525929998167491,0.0293201392706615,0.0685358255451713,0.695620304196445,0.0813633864760858,0.0725673446948873
297773.411807,2776366.126422,0.0209212699577904,0.0189025509267756,0.0255092677555515,0.839787116902184,0.0412919801798495,0.0535878142778491
298273.411807,2776366.126422,0.094810196222263,0.0231065468549422,0.0333761232349166,0.546488171648634,0.0792224463598019,0.222996515679443
298773.411807,2776366.126422,0.0522264980758659,0.0507604911123328,0.0111783030969397,0.473520249221184,0.105185999633498,0.30712845886018
299273.411807,2776366.126422,0.00220223894292531,0.0315654248485961,0.383740135804735,0.148467608735548,0.0502844558634612,0.383740135804735
299773.411807,2776366.126422,0.0128369704749679,0.00275077938749312,0.385659270126536,0.53200073354117,0.0394278378874014,0.0273244085824317
300273.411807,2776366.126422,0.0414587332053743,0.0310940499040307,0.118618042226488,0.595393474088292,0.133013435700576,0.0804222648752399
288273.411807,2775866.126422,0.0221611721611722,0.122161172161172,0.0173992673992674,0.27967032967033,0.19029304029304,0.368315018315018
288773.411807,2775866.126422,0.0519266055045872,0.023302752293578,0.0515596330275229,0.468990825688073,0.155963302752294,0.248256880733945
289273.411807,2775866.126422,0.288754356998716,0.00935608145294441,0.0273344340487984,0.257200513667217,0.0873234268941479,0.330031186938176
289773.411807,2775866.126422,0.221978021978022,0.0543956043956044,0.00641025641025641,0.184981684981685,0.0855311355311355,0.446703296703297
290273.411807,2775866.126422,0.528440366972477,0.00788990825688073,0.0332110091743119,0.140917431192661,0.0289908256880734,0.260550458715596
290773.411807,2775866.126422,0.106769400110072,0.0401761144744084,0.019262520638415,0.523390203632361,0.0849385433865346,0.22546321775821
291273.411807,2775866.126422,0.488827838827839,0.00293040293040293,0.00934065934065934,0.200915750915751,0.032967032967033,0.265018315018315
291773.411807,2775866.126422,0.783669724770642,0.00165137614678899,0,0.0414678899082569,0.0110091743119266,0.162201834862385
292273.411807,2775866.126422,0.816914327646303,0.00330214639515685,0,0.0471473124197395,0.0181618051733627,0.114474408365438
292773.411807,2775866.126422,0.667582417582418,0.00952380952380952,0.000732600732600733,0.141941391941392,0.0402930402930403,0.13992673992674
293273.411807,2775866.126422,0.179082568807339,0.0565137614678899,0.0352293577981651,0.539449541284404,0.104954128440367,0.0847706422018349
293773.411807,2775866.126422,0.192441753806641,0.0152265639332233,0.0100898917629793,0.515868647954504,0.0631076866629976,0.203265455879655
294273.411807,2775866.126422,0.296336996336996,0.00970695970695971,0.0043956043956044,0.151831501831502,0.0388278388278388,0.498901098901099
294773.411807,2775866.126422,0.0691743119266055,0.115229357798165,0.0214678899082569,0.567339449541284,0.0706422018348624,0.156146788990826
295273.411807,2775866.126422,0.0429279031370391,0.128600256833609,0.181984956888644,0.179233168226014,0.0442120711796001,0.423041643735094
295773.411807,2775866.126422,0.00842490842490842,0.0256410256410256,0.318864468864469,0.123626373626374,0.0728937728937729,0.450549450549451
296273.411807,2775866.126422,0.0244036697247706,0.0295412844036697,0.0436697247706422,0.832660550458716,0.0422018348623853,0.0275229357798165
296773.411807,2775866.126422,0.0401761144744084,0.0590717299578059,0.168592918730508,0.587231700605394,0.0785177031737296,0.0664098330581545
297273.411807,2775866.126422,0.0734432234432234,0.0340659340659341,0.0357142857142857,0.704761904761905,0.0661172161172161,0.0858974358974359
297773.411807,2775866.126422,0.0253211009174312,0.0187155963302752,0.0256880733944954,0.891926605504587,0.0299082568807339,0.00844036697247706
298273.411807,2775866.126422,0.0409099247844432,0.0414602825169694,0.0104567969179967,0.738580077050083,0.0475142175747569,0.121078701155751
298773.411807,2775866.126422,0.0258241758241758,0.0278388278388278,0.0778388278388278,0.708974358974359,0.0827838827838828,0.0767399267399267
299273.411807,2775866.126422,0.0462385321100917,0.0977981651376147,0.0339449541284404,0.541284403669725,0.0965137614678899,0.184220183486239
299773.411807,2775866.126422,0.0139423958906623,0.0961291506145661,0.204549623922216,0.279031370390754,0.139607411484131,0.26674004769767
300273.411807,2775866.126422,0.0111260310761558,0.00959140610013428,0.276232495683867,0.673700364473432,0.0199501246882793,0.00939957797813159
288273.411807,2775366.126422,0.0441877521085442,0.0878254492115878,0.0588558855885589,0.424459112577924,0.0801246791345801,0.304547121378805
288773.411807,2775366.126422,0.0267399267399267,0.039010989010989,0.0272893772893773,0.422527472527473,0.138278388278388,0.346153846153846
289273.411807,2775366.126422,0.267582417582418,0.0241758241758242,0.0100732600732601,0.345604395604396,0.185897435897436,0.166666666666667
289773.411807,2775366.126422,0.469196919691969,0.0190685735240191,0.0044004400440044,0.199303263659699,0.0557389072240557,0.252291895856252
290273.411807,2775366.126422,0.398351648351648,0.00989010989010989,0.0194139194139194,0.181318681318681,0.0355311355311355,0.355494505494506
290773.411807,2775366.126422,0.0961538461538462,0.0141025641025641,0.0223443223443223,0.603663003663004,0.0967032967032967,0.167032967032967
291273.411807,2775366.126422,0.567290062339567,0.00495049504950495,0.0044004400440044,0.164466446644664,0.0438210487715438,0.215071507150715
291773.411807,2775366.126422,0.563919413919414,0.00915750915750916,0.000549450549450549,0.142307692307692,0.0706959706959707,0.213369963369963
292273.411807,2775366.126422,0.573626373626374,0.00567765567765568,0.00347985347985348,0.0527472527472527,0.0173992673992674,0.347069597069597
292773.411807,2775366.126422,0.691052438577191,0.00293362669600293,0.00183351668500183,0.0293362669600293,0.00916758342500917,0.265676567656766
293273.411807,2775366.126422,0.642490842490843,0.00714285714285714,0.00714285714285714,0.0476190476190476,0.0238095238095238,0.271794871794872
293773.411807,2775366.126422,0.266849816849817,0.0159340659340659,0.0197802197802198,0.486263736263736,0.056043956043956,0.155128205128205
294273.411807,2775366.126422,0.0465713237990466,0.0524385771910524,0.124312431243124,0.658965896589659,0.068023469013568,0.0496883021635497
294773.411807,2775366.126422,0.0111721611721612,0.127289377289377,0.156043956043956,0.489010989010989,0.0820512820512821,0.134432234432234
295273.411807,2775366.126422,0.034981684981685,0.0663003663003663,0.093956043956044,0.113186813186813,0.0424908424908425,0.649084249084249
295773.411807,2775366.126422,0.0133846718005134,0.0315364869820315,0.293912724605794,0.214521452145215,0.101026769343601,0.345617895122846
296273.411807,2775366.126422,0.0463369963369963,0.021978021978022,0.0608058608058608,0.814468864468864,0.0364468864468864,0.01996336996337
296773.411807,2775366.126422,0.0434065934065934,0.0571428571428571,0.0575091575091575,0.765018315018315,0.0481684981684982,0.0287545787545788
297273.411807,2775366.126422,0.0650898423175651,0.033003300330033,0.0262192885955262,0.698936560322699,0.11001100110011,0.0667400073340667
297773.411807,2775366.126422,0.0957875457875458,0.0496336996336996,0.0573260073260073,0.626556776556777,0.0994505494505494,0.0712454212454212
298273.411807,2775366.126422,0.0269230769230769,0.0164835164835165,0.0124542124542125,0.915567765567766,0.021978021978022,0.00659340659340659
298773.411807,2775366.126422,0.0542720938760543,0.0762742940960763,0.0452878621195453,0.747708104143748,0.0441877521085442,0.0322698936560323
299273.411807,2775366.126422,0.0816849816849817,0.0928571428571429,0.0223443223443223,0.618315018315018,0.11025641025641,0.0745421245421245
299773.411807,2775366.126422,0.0641025641025641,0.0366300366300366,0.0307692307692308,0.713919413919414,0.0688644688644689,0.0857142857142857
300273.411807,2775366.126422,0.0117127496159754,0.0312980030721966,0.348310291858679,0.398233486943164,0.0806451612903226,0.129800307219662
288273.411807,2774866.126422,0.0426974528129009,0.126443100604728,0.0236393622869709,0.5717427157779,0.120212571009712,0.115264797507788
288773.411807,2774866.126422,0.0491833363919985,0.0587263718113415,0.0126628739218205,0.602862910625803,0.157276564507249,0.119287942741787
289273.411807,2774866.126422,0.10819732257473,0.0190720704199523,0.0232899321474418,0.584815697781038,0.141206675224647,0.123418301852191
289773.411807,2774866.126422,0.514934945940993,0.0229063588052043,0.0225398570643211,0.18948140003665,0.0694520798973795,0.180685358255452
290273.411807,2774866.126422,0.222426133235456,0.00789135621214902,0.044411818682327,0.541383740135805,0.0691870067902367,0.114699944944026
290773.411807,2774866.126422,0.471116816431322,0.0152209792774619,0.0110031175499725,0.261140656519347,0.06400146708234,0.177516963139556
291273.411807,2774866.126422,0.654938610958402,0.0047645226314825,0.0197910940076965,0.112882536192047,0.0256551218618288,0.181968114348543
291773.411807,2774866.126422,0.80932281152505,0.000550559735731327,0,0.0108276748027161,0.0047715177096715,0.174527436226831
292273.411807,2774866.126422,0.538969374656153,0.00623509994498441,0.00421786172748946,0.0300751879699248,0.0170548322024574,0.403447643498991
292773.411807,2774866.126422,0.396738134506139,0.00329851566794942,0.000183250870441635,0.0527762506871908,0.0635880520432472,0.483415796225032
293273.411807,2774866.126422,0.797761057074693,0.00715727656450725,0,0.0172508717195816,0.0152321526885667,0.162598641952652
293773.411807,2774866.126422,0.439024390243902,0.0253071703649367,0.00348432055749129,0.230882083256923,0.0783055198973042,0.222996515679443
294273.411807,2774866.126422,0.0366501740883269,0.0298698918819864,0.09529045262965,0.643027304379696,0.0575407733186733,0.137621403701668
294773.411807,2774866.126422,0.046063497889521,0.0488162965681776,0.14534777023307,0.56836116718664,0.0820334006239677,0.109377867498624
295273.411807,2774866.126422,0.0667522464698331,0.0746378140473134,0.075187969924812,0.189803777737026,0.0603337612323492,0.533284430588667
295773.411807,2774866.126422,0.0142935678944475,0.064687557265897,0.21861828843687,0.146600696353308,0.0826461425691772,0.473153747480301
296273.411807,2774866.126422,0.00679023674068636,0.0159662323362085,0.076344283354744,0.87116902183887,0.0247751881079097,0.00495503762158194
296773.411807,2774866.126422,0.0130203557674674,0.00953603520997616,0.0282413350449294,0.92811296534018,0.017604988079956,0.00348432055749129
297273.411807,2774866.126422,0.0168590800806304,0.0241891148982958,0.0137438152831226,0.921385376580539,0.0216236027121129,0.00219901044529962
297773.411807,2774866.126422,0.0400073407964764,0.00605615709304459,0.0240411084602679,0.875757019636631,0.0431271792989539,0.0110111947146265
298273.411807,2774866.126422,0.0269576379974326,0.0146708233999633,0.0254905556574363,0.841921877865395,0.0559325142123602,0.0350265908674124
298773.411807,2774866.126422,0.028587135788895,0.00696353307678211,0.00824628916987356,0.921385376580539,0.0229063588052043,0.0119113065787062
299273.411807,2774866.126422,0.0082583960359699,0.00935951550743256,0.0183519911910442,0.949532024224628,0.0122958340979996,0.00220223894292531
299773.411807,2774866.126422,0.0350265908674124,0.0130203557674674,0.0157711351549606,0.867595818815331,0.0500641848523748,0.0185219145424537
300273.411807,2774866.126422,0.0535508637236084,0.0170825335892514,0.0205374280230326,0.687907869481766,0.131861804222649,0.0890595009596929
288273.411807,2774366.126422,0.0835164835164835,0.106593406593407,0.000366300366300366,0.383699633699634,0.132783882783883,0.293040293040293
288773.411807,2774366.126422,0.0669724770642202,0.0486238532110092,0.0143119266055046,0.584220183486238,0.106605504587156,0.179266055045872
289273.411807,2774366.126422,0.0583379196477711,0.0328380113740598,0.0242157402311502,0.706659328563566,0.0843881856540084,0.0935608145294441
289773.411807,2774366.126422,0.0441391941391941,0.0498168498168498,0.019047619047619,0.694139194139194,0.0778388278388278,0.115018315018315
290273.411807,2774366.126422,0.169908256880734,0.0262385321100917,0.016697247706422,0.635596330275229,0.0776146788990826,0.0739449541284404
290773.411807,2774366.126422,0.395890662263805,0.00880572372041827,0.0262337185837461,0.41368556228215,0.0464135021097046,0.108970831040176
291273.411807,2774366.126422,0.578205128205128,0.00879120879120879,0.0175824175824176,0.0864468864468864,0.0305860805860806,0.278388278388278
291773.411807,2774366.126422,0.697064220183486,0.00165137614678899,0.00018348623853211,0.0414678899082569,0.0319266055045872,0.227706422018349
292273.411807,2774366.126422,0.335534764263438,0.0163272793982755,0.00275178866263071,0.126215373325995,0.0566868464501926,0.462483947899468
292773.411807,2774366.126422,0.245238095238095,0.00695970695970696,0.00128205128205128,0.108608058608059,0.0730769230769231,0.564835164835165
293273.411807,2774366.126422,0.686238532110092,0.00477064220183486,0,0.0297247706422018,0.0227522935779817,0.25651376146789
293773.411807,2774366.126422,0.28820399926619,0.0291689598238855,0.0216474041460283,0.397174830306366,0.104384516602458,0.159420289855072
294273.411807,2774366.126422,0.0564102564102564,0.028021978021978,0.151648351648352,0.510805860805861,0.100549450549451,0.152564102564103
294773.411807,2774366.126422,0.0638532110091743,0.0715596330275229,0.134128440366972,0.475963302752294,0.0937614678899083,0.160733944954128
295273.411807,2774366.126422,0.0539350577875619,0.112456430012842,0.12548156301596,0.402128049899101,0.0996147495872317,0.206384149697303
295773.411807,2774366.126422,0.0177655677655678,0.0402930402930403,0.150915750915751,0.0672161172161172,0.0358974358974359,0.687912087912088
296273.411807,2774366.126422,0.0480733944954128,0.021651376146789,0.0794495412844037,0.596146788990826,0.0656880733944954,0.188990825688073
296773.411807,2774366.126422,0.0350394423041644,0.0216474041460283,0.116125481563016,0.727022564667034,0.0410933773619519,0.0590717299578059
297273.411807,2774366.126422,0.0294871794871795,0.0333333333333333,0.0932234432234432,0.821062271062271,0.0192307692307692,0.00366300366300366
297773.411807,2774366.126422,0.0543119266055046,0.0223853211009174,0.0135779816513761,0.75743119266055,0.0590825688073394,0.0932110091743119
298273.411807,2774366.126422,0.0299027701339204,0.0348559897266557,0.00990643918547056,0.804806457530728,0.0730141258484682,0.0475142175747569
298773.411807,2774366.126422,0.0302197802197802,0.0203296703296703,0.0238095238095238,0.872893772893773,0.0326007326007326,0.0201465201465201
299273.411807,2774366.126422,0.0299082568807339,0.0205504587155963,0.0363302752293578,0.850275229357798,0.04,0.0229357798165138
299773.411807,2774366.126422,0.0687947165657677,0.0372408732342689,0.0423775454045129,0.7347275729224,0.0528343423225096,0.0640249495505412
300273.411807,2774366.126422,0.103203529637445,0.0303088432764243,0.0565892959907923,0.654901208517169,0.0763475925570689,0.0786495300211011
288273.411807,2773866.126422,0.301246791345801,0.01998533186652,0.000183351668500183,0.188852218555189,0.0815914924825816,0.408140814081408
288773.411807,2773866.126422,0.206593406593407,0.0571428571428571,0.000915750915750916,0.361355311355311,0.145238095238095,0.228754578754579
289273.411807,2773866.126422,0.0302197802197802,0.0712454212454212,0.00695970695970696,0.365384615384615,0.151282051282051,0.374908424908425
289773.411807,2773866.126422,0.556839017235057,0.015951595159516,0.00146681334800147,0.163182984965163,0.0592225889255592,0.203337000366703
290273.411807,2773866.126422,0.430769230769231,0.028021978021978,0.00274725274725275,0.172893772893773,0.0840659340659341,0.281501831501832
290773.411807,2773866.126422,0.804761904761905,0.0043956043956044,0,0.0111721611721612,0.0203296703296703,0.159340659340659
291273.411807,2773866.126422,0.77979464613128,0.00568390172350568,0.00495049504950495,0.0418041804180418,0.0317198386505317,0.136046938027136
291773.411807,2773866.126422,0.674175824175824,0.00421245421245421,0,0.0172161172161172,0.0214285714285714,0.282967032967033
292273.411807,2773866.126422,0.551098901098901,0.0032967032967033,0.0032967032967033,0.173992673992674,0.045970695970696,0.222344322344322
292773.411807,2773866.126422,0.770810414374771,0.00385038503850385,0.000366703337000367,0.0746241290795746,0.0304363769710304,0.11991199119912
293273.411807,2773866.126422,0.385164835164835,0.0375457875457875,0.0141025641025641,0.287728937728938,0.0846153846153846,0.190842490842491
293773.411807,2773866.126422,0.0796703296703297,0.0172161172161172,0.0476190476190476,0.745421245421245,0.0750915750915751,0.034981684981685
294273.411807,2773866.126422,0.0850751741840851,0.0627062706270627,0.0935093509350935,0.500550055005501,0.0815914924825816,0.176567656765677
294773.411807,2773866.126422,0.0686813186813187,0.0454212454212454,0.114835164835165,0.614285714285714,0.0655677655677656,0.0912087912087912
295273.411807,2773866.126422,0.0221611721611722,0.0602564102564103,0.215750915750916,0.569230769230769,0.0586080586080586,0.073992673992674
295773.411807,2773866.126422,0.0245691235790246,0.0737073707370737,0.265126512651265,0.420792079207921,0.0484048404840484,0.167400073340667
296273.411807,2773866.126422,0.015018315018315,0.0752747252747253,0.0765567765567766,0.201098901098901,0.183516483516484,0.448534798534799
296773.411807,2773866.126422,0.00714285714285714,0.0146520146520147,0.0305860805860806,0.725641025641026,0.0619047619047619,0.16007326007326
