"x","y","forest","agri","water","built","other","grass"
167273.411807,2530366.126422,0.0335841438796109,0.179115434024592,0.144613690585429,0.43549275096348,0.0943292347219673,0.112864745824922
167773.411807,2530366.126422,0.066385475884834,0.112598569594719,0.070419952319824,0.336695397029158,0.116999816614707,0.296900788556758
168273.411807,2530366.126422,0,0.0375664284405351,0.520065970313359,0.326736301997434,0.0727505955653289,0.0428807036833425
168773.411807,2530366.126422,0,0.00623967700495504,0.516241512204074,0.453110662506882,0.0122958340979996,0.0121123141860892
169273.411807,2530366.126422,0.0944434256372639,0.0286081056299285,0.169631395562076,0.33192737942417,0.191454245369521,0.18393544837704
169773.411807,2530366.126422,0.0201575957485798,0.144951438519333,0.234011361553967,0.444933113432289,0.0624885468205974,0.0934579439252336
170273.411807,2530366.126422,0.019086070838686,0.0989172325197284,0.38172141677372,0.261699394384291,0.0983666727839971,0.140209212699578
170773.411807,2530366.126422,0.0383275261324042,0.146158078122135,0.215110948101962,0.266458830001834,0.114432422519714,0.219512195121951
171273.411807,2530366.126422,0.0771486164559282,0.278358072200843,0.0221733553234378,0.172255818215137,0.118929814916621,0.331134322888034
171773.411807,2530366.126422,0.173609836667278,0.0644154890805652,0,0.407047164617361,0.0750596439713709,0.279867865663424
172273.411807,2530366.126422,0.195488721804511,0.107097010819732,0,0.0280579497524299,0.0594168347698515,0.609939482853475
172773.411807,2530366.126422,0.268974700399467,0.109568194787902,0,0.128590450827468,0.0768499143998478,0.416016739585315
167273.411807,2529866.126422,0.00477064220183486,0.0201834862385321,0.697064220183486,0.234862385321101,0.0319266055045872,0.0111926605504587
167773.411807,2529866.126422,0.0480645753072831,0.0671436433681893,0.137222527976518,0.313520454962392,0.0812694918363603,0.352779306549257
168273.411807,2529866.126422,0.00732600732600733,0.0217948717948718,0.604395604395604,0.245054945054945,0.0844322344322344,0.036996336996337
168773.411807,2529866.126422,0.0106422018348624,0.0411009174311927,0.35394495412844,0.492293577981651,0.0528440366972477,0.0491743119266055
169273.411807,2529866.126422,0,0.0785177031737296,0.611080535681526,0.298844248761695,0.0091726288754357,0.00238488350761328
169773.411807,2529866.126422,0.010989010989011,0.143406593406593,0.387545787545788,0.350915750915751,0.0276556776556777,0.0794871794871795
170273.411807,2529866.126422,0.0229357798165138,0.106788990825688,0.546788990825688,0.151009174311927,0.066605504587156,0.105871559633028
170773.411807,2529866.126422,0.149880755824619,0.208035222894882,0.0779673454412034,0.149146945514584,0.112272977435333,0.302696752889378
171273.411807,2529866.126422,0.0833333333333333,0.314835164835165,0.0241758241758242,0.237545787545788,0.13992673992674,0.20018315018315
171773.411807,2529866.126422,0.0642201834862385,0.305321100917431,0.00422018348623853,0.245871559633028,0.0453211009174312,0.335045871559633
172273.411807,2529866.126422,0.0225646670335718,0.516785910842047,0,0.0365070629242341,0.0961291506145661,0.328013208585581
172773.411807,2529866.126422,0.205893536121673,0.217300380228137,0,0.0380228136882129,0.104562737642586,0.434220532319392
167273.411807,2529366.126422,0.0163003663003663,0.0827838827838828,0.647985347985348,0.174542124542125,0.0375457875457875,0.0408424908424908
167773.411807,2529366.126422,0,0.0179487179487179,0.480586080586081,0.46996336996337,0.0142857142857143,0.0172161172161172
168273.411807,2529366.126422,0,0.00348368170150348,0.597176384305097,0.399339933993399,0,0
168773.411807,2529366.126422,0.00732600732600733,0.0565934065934066,0.517399267399267,0.356043956043956,0.0443223443223443,0.0183150183150183
169273.411807,2529366.126422,0.000549450549450549,0.0705128205128205,0.413919413919414,0.402197802197802,0.0679487179487179,0.0448717948717949
169773.411807,2529366.126422,0.00403373670700403,0.00733406674000733,0.766043270993766,0.196186285295196,0.0242024202420242,0.0022002200220022
170273.411807,2529366.126422,0.00274725274725275,0.0423076923076923,0.575274725274725,0.323260073260073,0.0424908424908425,0.0139194139194139
170773.411807,2529366.126422,0.0507326007326007,0.106410256410256,0.0551282051282051,0.41978021978022,0.147069597069597,0.220879120879121
171273.411807,2529366.126422,0.117345067840117,0.263292995966263,0.0339200586725339,0.118445177851118,0.104143747708104,0.362852951961863
171773.411807,2529366.126422,0.0836996336996337,0.330952380952381,0,0.0875457875457875,0.110622710622711,0.387179487179487
172273.411807,2529366.126422,0.0276556776556777,0.426190476190476,0,0.0767399267399267,0.118864468864469,0.350549450549451
172773.411807,2529366.126422,0.0538637228778074,0.344880091358965,0,0.181766273315569,0.167872097449562,0.251617814998097
167273.411807,2528866.126422,0.0629473297852817,0.111580106441549,0.31528720866214,0.227564690768948,0.079647641769132,0.202973022572949
167773.411807,2528866.126422,0.163029525032092,0.0335595085274161,0.0687694846873281,0.343297267559142,0.111498257839721,0.2798459563543
168273.411807,2528866.126422,0.0196078431372549,0.0119113065787062,0.806487080813634,0.117830309693971,0.0183250870441635,0.0258383727322705
168773.411807,2528866.126422,0,0.0148651128647458,0.839603596990273,0.136722334373279,0.00807487612405946,0.000734079647641769
169273.411807,2528866.126422,0.0119200440124702,0.0627177700348432,0.600953603520998,0.202457362919494,0.0568494406748579,0.0651017788373372
169773.411807,2528866.126422,0.0194245922668133,0.0408649441084845,0.722374931280924,0.124060839288987,0.059190031152648,0.034084661902144
170273.411807,2528866.126422,0.0244081482840888,0.0645990089924757,0.371811341530556,0.38190493668563,0.0695540466140576,0.0877225178931914
170773.411807,2528866.126422,0.0441958554923895,0.0937098844672657,0.00476801760498808,0.505593251421236,0.130386942967174,0.221346048046947
171273.411807,2528866.126422,0.072200842954004,0.285321605277625,0.0205240974894631,0.235843870258384,0.135239142385926,0.250870441634598
171773.411807,2528866.126422,0.0814828408882364,0.231969168654799,0.0176179115434025,0.203890622132501,0.113598825472564,0.351440631308497
172273.411807,2528866.126422,0.0786722904823033,0.203557674674491,0.000550155877498625,0.385842655419035,0.13185402530717,0.199523198239501
172773.411807,2528866.126422,0.0437511888910025,0.303024538710291,0.0254898230930188,0.216092828609473,0.156362944645235,0.25527867605098
167273.411807,2528366.126422,0.0055045871559633,0.081651376146789,0.683119266055046,0.185871559633028,0.0139449541284404,0.0299082568807339
167773.411807,2528366.126422,0.0539350577875619,0.0491652907723353,0.219776187855439,0.464501926252064,0.0867730691616217,0.125848468170978
168273.411807,2528366.126422,0.0432234432234432,0.0598901098901099,0.377838827838828,0.352564102564103,0.0794871794871795,0.086996336996337
168773.411807,2528366.126422,0,0.0157798165137615,0.84954128440367,0.132293577981651,0.00128440366972477,0.00110091743119266
169273.411807,2528366.126422,0.000550357732526142,0.0240322876536415,0.719684461566685,0.24252430746652,0.0108237020730141,0.00238488350761328
169773.411807,2528366.126422,0.00347985347985348,0.0304029304029304,0.73040293040293,0.182783882783883,0.0399267399267399,0.013003663003663
170273.411807,2528366.126422,0.0139449541284404,0.125137614678899,0.518532110091743,0.234128440366972,0.0508256880733945,0.0574311926605505
170773.411807,2528366.126422,0.12126215373326,0.22252797651807,0.00311869381764814,0.198495688864429,0.124931205283434,0.329664281783159
171273.411807,2528366.126422,0.0512820512820513,0.511904761904762,0.0186813186813187,0.0787545787545788,0.0880952380952381,0.251282051282051
171773.411807,2528366.126422,0.0269724770642202,0.245321100917431,0.166788990825688,0.294862385321101,0.0638532110091743,0.202201834862385
172273.411807,2528366.126422,0.0504494588148963,0.439919280865896,0.00550357732526142,0.168959823885526,0.116492386718033,0.218675472390387
172773.411807,2528366.126422,0.0372623574144487,0.519961977186312,0.000190114068441065,0.0885931558935361,0.169961977186312,0.184030418250951
167773.411807,2527866.126422,0.0754578754578755,0.0902930402930403,0.153113553113553,0.269047619047619,0.0996336996336996,0.312454212454212
168273.411807,2527866.126422,0.085991932526586,0.046021268793546,0.234140080674734,0.310964429776311,0.0572057205720572,0.265676567656766
168773.411807,2527866.126422,0.000366300366300366,0.103663003663004,0.459340659340659,0.4,0.0245421245421245,0.0120879120879121
169273.411807,2527866.126422,0,0.0272893772893773,0.861904761904762,0.105128205128205,0.00476190476190476,0.000915750915750916
169773.411807,2527866.126422,0.00366703337000367,0.114594792812615,0.666299963329666,0.190869086908691,0.0139347268060139,0.0106343967730106
170273.411807,2527866.126422,0.00146520146520147,0.0565934065934066,0.663736263736264,0.226923076923077,0.0450549450549451,0.00622710622710623
170773.411807,2527866.126422,0.0549450549450549,0.163919413919414,0.0278388278388278,0.395970695970696,0.154029304029304,0.203296703296703
171273.411807,2527866.126422,0.0522552255225523,0.503116978364503,0.00201686835350202,0.138247158049138,0.12046204620462,0.183901723505684
171773.411807,2527866.126422,0.0428571428571429,0.426739926739927,0.0021978021978022,0.0974358974358974,0.0992673992673993,0.331501831501831
172273.411807,2527866.126422,0.0276556776556777,0.217216117216117,0.142857142857143,0.352380952380952,0.0633699633699634,0.196520146520147
172773.411807,2527866.126422,0.0807004187285877,0.161781499809669,0.021888085268367,0.485915492957746,0.104682146935668,0.145032356299962
167773.411807,2527366.126422,0.0495140289748762,0.04401247019989,0.540986612873648,0.230515312671924,0.0491472583898771,0.0858243168897854
168273.411807,2527366.126422,0.0247388675096207,0.0568077698369067,0.402235660619388,0.233095107201759,0.097306212204508,0.185816382627817
168773.411807,2527366.126422,0.00256927876674619,0.0466140576252523,0.138006973756653,0.746191961827858,0.058909891723252,0.00770783630023858
169273.411807,2527366.126422,0,0.0594168347698515,0.80781221346048,0.0944434256372639,0.0188886851274528,0.0194388410049514
169773.411807,2527366.126422,0.00164925783397471,0.0879604178119846,0.737584753527579,0.13120762323621,0.0282206340480117,0.0133773135422393
170273.411807,2527366.126422,0.00734079647641769,0.0198201504863278,0.749311800330336,0.145531290144981,0.0590934116351624,0.0189025509267756
170773.411807,2527366.126422,0.0304419585549239,0.0698697964423253,0.325142123601687,0.319273794241702,0.110764716669723,0.144507610489639
171273.411807,2527366.126422,0.141836173721825,0.194245922668133,0.000916254352208173,0.199193696170057,0.17152281473337,0.292285138354407
171773.411807,2527366.126422,0.0607450908423564,0.223343732795008,0,0.073040924940356,0.0864378785098183,0.556432372912461
172273.411807,2527366.126422,0.0432789290298918,0.183201907207042,0.0372272143774069,0.400696864111498,0.121767834219696,0.213827251054465
172773.411807,2527366.126422,0.104241963096823,0.266121361993532,0,0.178999429332319,0.12763933802549,0.322997907551836
168273.411807,2526866.126422,0.0124542124542125,0.0919413919413919,0.328571428571429,0.382967032967033,0.0723443223443224,0.111721611721612
168773.411807,2526866.126422,0.0018348623853211,0.0605504587155963,0.234495412844037,0.615045871559633,0.0768807339449541,0.0111926605504587
169273.411807,2526866.126422,0.001284168042561,0.00275178866263071,0.023115024766098,0.96294257934324,0.00953953403045313,0.000366905155017428
169773.411807,2526866.126422,0.0043956043956044,0.0564102564102564,0.471428571428571,0.414652014652015,0.0454212454212454,0.00769230769230769
170273.411807,2526866.126422,0,0.0201834862385321,0.767339449541284,0.209174311926606,0.00330275229357798,0
170773.411807,2526866.126422,0.0554026784076316,0.0465969546872134,0.546138323243442,0.115391671252981,0.0583379196477711,0.178132452760961
171273.411807,2526866.126422,0.178205128205128,0.137179487179487,0.0294871794871795,0.0805860805860806,0.114835164835165,0.45970695970696
171773.411807,2526866.126422,0.0640366972477064,0.388440366972477,0,0.0313761467889908,0.056697247706422,0.459449541284404
172273.411807,2526866.126422,0.0559530361401578,0.185103650706292,0.000366905155017428,0.384333149880756,0.136855622821501,0.237387635296276
172773.411807,2526866.126422,0.0678707224334601,0.192015209125475,0,0.306653992395437,0.106273764258555,0.327186311787072
168273.411807,2526366.126422,0.00843417675100843,0.132196552988632,0.55023835716905,0.195269526952695,0.0553722038870554,0.0584891822515585
168773.411807,2526366.126422,0.052014652014652,0.154945054945055,0.247619047619048,0.386446886446886,0.0613553113553114,0.0976190476190476
169273.411807,2526366.126422,0.0141025641025641,0.0750915750915751,0.343589743589744,0.437545787545788,0.0745421245421245,0.0551282051282051
169773.411807,2526366.126422,0.00385038503850385,0.0638063806380638,0.534836817015035,0.325815914924826,0.0449211587825449,0.0267693436010268
170273.411807,2526366.126422,0.0435897435897436,0.0833333333333333,0.545238095238095,0.203113553113553,0.0543956043956044,0.0703296703296703
170773.411807,2526366.126422,0.032967032967033,0.111355311355311,0.460622710622711,0.135531135531136,0.0826007326007326,0.176923076923077
171273.411807,2526366.126422,0.147048038137147,0.0764576457645765,0.239273927392739,0.307847451411808,0.0903923725705904,0.138980564723139
171773.411807,2526366.126422,0.076007326007326,0.248168498168498,0.0197802197802198,0.226007326007326,0.114468864468864,0.315567765567766
172273.411807,2526366.126422,0.0509157509157509,0.194322344322344,0.112637362637363,0.480769230769231,0.0510989010989011,0.11025641025641
172773.411807,2526366.126422,0.175866006851922,0.147125999238675,0.00342596117244005,0.290064712599924,0.108679101636848,0.27483821850019
168773.411807,2525866.126422,0.000734079647641769,0.0387227014131033,0.520829510001835,0.361534226463571,0.058909891723252,0.0192695907505964
169273.411807,2525866.126422,0.00256739409499358,0.0445626260773886,0.599853291766,0.328626444159178,0.0194388410049514,0.00495140289748762
169773.411807,2525866.126422,0.00604727872457394,0.0236393622869709,0.636063771302914,0.274143302180685,0.0452629649990837,0.0148433205057724
170273.411807,2525866.126422,0.0231235089007157,0.128280418425399,0.546705817581208,0.0910258763075794,0.0868049183336392,0.124059460451459
170773.411807,2525866.126422,0.0390610673024023,0.0810562992847974,0.471483587016321,0.273794241701815,0.0654685494223363,0.0691362552723272
171273.411807,2525866.126422,0.0447132123877588,0.119296316657504,0.227964082829393,0.380245556166392,0.0815466373465274,0.146234194612424
171773.411807,2525866.126422,0.0658836483758488,0.253808038172142,0,0.220774454028262,0.13690585428519,0.322628005138558
172273.411807,2525866.126422,0.0588666788923528,0.287731523931781,0.0117366587199707,0.273610856409316,0.0755547405098111,0.292499541536769
172773.411807,2525866.126422,0.203728362183755,0.101388624690888,0,0.0216853718851056,0.0374738443979456,0.635723796842306
168773.411807,2525366.126422,0.0132110091743119,0.0642201834862385,0.504770642201835,0.289357798165138,0.0357798165137615,0.0926605504587156
169273.411807,2525366.126422,0.00146762062006971,0.0535681526325445,0.581911575857641,0.273160887910475,0.0491652907723353,0.0407264722069345
169773.411807,2525366.126422,0.00164835164835165,0.0624542124542125,0.587179487179487,0.274725274725275,0.0461538461538462,0.0278388278388278
170273.411807,2525366.126422,0.00788990825688073,0.0423853211009174,0.747155963302752,0.17743119266055,0.0190825688073394,0.00605504587155963
170773.411807,2525366.126422,0.0537516052100532,0.0774169877086773,0.570354063474592,0.121629058888277,0.0577875619152449,0.119060722803155
171273.411807,2525366.126422,0.0377289377289377,0.206227106227106,0.357692307692308,0.0653846153846154,0.0767399267399267,0.256227106227106
171773.411807,2525366.126422,0.106788990825688,0.208073394495413,0.00256880733944954,0.152844036697248,0.124220183486239,0.405504587155963
172273.411807,2525366.126422,0.0928270042194093,0.266373142542653,0,0.0638414969730325,0.147862777472023,0.429095578792882
172773.411807,2525366.126422,0.0878326996197719,0.250380228136882,0.0136882129277567,0.0520912547528517,0.0929657794676806,0.503041825095057
168773.411807,2524866.126422,0.0333333333333333,0.0935897435897436,0.383516483516484,0.282783882783883,0.0836996336996337,0.123076923076923
169273.411807,2524866.126422,0.00164835164835165,0.0282051282051282,0.568681318681319,0.364835164835165,0.0351648351648352,0.00146520146520147
169773.411807,2524866.126422,0,0.0423542354235424,0.767876787678768,0.172533920058673,0.015951595159516,0.00128346167950128
170273.411807,2524866.126422,0,0.0402930402930403,0.684981684981685,0.252197802197802,0.0223443223443223,0.000183150183150183
170773.411807,2524866.126422,0.0360805860805861,0.0921245421245421,0.461355311355311,0.216483516483516,0.0663003663003663,0.127655677655678
171273.411807,2524866.126422,0.0581224789145581,0.192335900256692,0.165566556655666,0.0672900623395673,0.0823248991565823,0.434360102676934
171773.411807,2524866.126422,0.182600732600733,0.0864468864468864,0.0166666666666667,0.304395604395604,0.107142857142857,0.302747252747253
172273.411807,2524866.126422,0.101282051282051,0.16959706959707,0,0.0802197802197802,0.0906593406593407,0.558241758241758
172773.411807,2524866.126422,0.0862200228397411,0.215264560334983,0.0567186905215074,0.112676056338028,0.0963075751808146,0.432813094784926
169273.411807,2524366.126422,0.00293416467999266,0.0889418668622776,0.28809829451678,0.526315789473684,0.0485971025123785,0.0451127819548872
169773.411807,2524366.126422,0.00274876305662452,0.0921751878321422,0.640461792193513,0.212021257100971,0.0359171706065604,0.0166758292101887
170273.411807,2524366.126422,0.0201871903101487,0.0467975775371628,0.21563589649477,0.602128830978161,0.0587263718113415,0.0565241328684162
170773.411807,2524366.126422,0.00458463231248854,0.152393178067119,0.374289381991564,0.29983495323675,0.0852741610122868,0.0836236933797909
171273.411807,2524366.126422,0.127176104086494,0.111050027487631,0.362653472603995,0.17042330951072,0.0447132123877588,0.183983873923401
171773.411807,2524366.126422,0.0846026793907139,0.0739585244999082,0.248118920902918,0.364103505230317,0.0592769315470729,0.16993943842907
172273.411807,2524366.126422,0.176783421969558,0.0935264991747662,0,0.0959105079772602,0.0852741610122868,0.548505409866129
172773.411807,2524366.126422,0.0534525394711813,0.301692980787521,0.032147612706867,0.102910405174054,0.12193266121362,0.387863800646757
168773.411807,2523866.126422,0.0126605504587156,0.113394495412844,0.0146788990825688,0.431192660550459,0.108990825688073,0.319082568807339
169273.411807,2523866.126422,0.00807191341038342,0.0834709227664649,0.433314988075582,0.387635296275913,0.0445789763346175,0.0429279031370391
169773.411807,2523866.126422,0.000549450549450549,0.00732600732600733,0.72985347985348,0.246886446886447,0.0148351648351648,0.000549450549450549
170273.411807,2523866.126422,0.00788990825688073,0.0251376146788991,0.556880733944954,0.320733944954128,0.0702752293577982,0.0190825688073394
170773.411807,2523866.126422,0.00201797835259585,0.22399559713814,0.146762062006971,0.507429829389103,0.0610897083104018,0.0587048248027885
171273.411807,2523866.126422,0.0342490842490843,0.186446886446886,0.312820512820513,0.316666666666667,0.0593406593406593,0.0904761904761905
171773.411807,2523866.126422,0.016697247706422,0.101467889908257,0.404587155963303,0.290275229357798,0.0609174311926605,0.12605504587156
172273.411807,2523866.126422,0.0864061640066043,0.128049899101082,0.119244175380664,0.190056870299028,0.105668684645019,0.370574206567602
172773.411807,2523866.126422,0.100760456273764,0.152471482889734,0.0623574144486692,0.33745247148289,0.0684410646387833,0.27851711026616
168273.411807,2523366.126422,0.035020168683535,0.134580124679135,0,0.605977264393106,0.0975430876420975,0.126879354602127
168773.411807,2523366.126422,0.0631868131868132,0.175091575091575,0.0234432234432234,0.431135531135531,0.13974358974359,0.167399267399267
169273.411807,2523366.126422,0.0476190476190476,0.131684981684982,0.0628205128205128,0.508608058608059,0.102014652014652,0.147252747252747
169773.411807,2523366.126422,0,0.0806747341400807,0.573524019068574,0.332966629996333,0.0066006600660066,0.00623395672900623
170273.411807,2523366.126422,0,0.0734432234432234,0.550549450549451,0.363553113553114,0.00732600732600733,0.00512820512820513
170773.411807,2523366.126422,0,0.0741758241758242,0.597619047619048,0.311355311355311,0.00732600732600733,0.00952380952380952
171273.411807,2523366.126422,0,0.0205353868720205,0.673817381738174,0.29042904290429,0.0148514851485149,0.000366703337000367
171773.411807,2523366.126422,0.00677655677655678,0.132600732600733,0.456593406593407,0.261721611721612,0.0811355311355311,0.0611721611721612
172273.411807,2523366.126422,0.0543956043956044,0.193772893772894,0.164102564102564,0.262820512820513,0.089010989010989,0.235897435897436
172773.411807,2523366.126422,0.0586220022839741,0.183288922725542,0.0116102017510468,0.390559573658165,0.104682146935668,0.251237152645603
169773.411807,2522866.126422,0.00164925783397471,0.0808136338647609,0.470588235294118,0.397104636247022,0.0197910940076965,0.0300531427524281
170273.411807,2522866.126422,0.000183519911910442,0.104239309965131,0.596806753532758,0.247017801431455,0.0229399889888053,0.0288126261699394
170773.411807,2522866.126422,0.00146708233999633,0.184485604254539,0.607555474050981,0.140289748762149,0.0379607555474051,0.0282413350449294
171273.411807,2522866.126422,0.000916254352208173,0.0610225398570643,0.661718893164743,0.238592633315008,0.021073850100788,0.0166758292101887
171773.411807,2522866.126422,0.00513855753349238,0.0866213984217288,0.621398421728758,0.214901816847128,0.0295467058175812,0.0423930996513122
172273.411807,2522866.126422,0.0550155877498625,0.239684577296901,0.125252154777187,0.161195672107097,0.0797726022373006,0.339079405831652
172773.411807,2522866.126422,0.0776108046414305,0.305497431995435,0.000190222560395663,0.241011984021305,0.127829560585885,0.247859996195549
169773.411807,2522366.126422,0.00128205128205128,0.136630036630037,0.491025641025641,0.164285714285714,0.0302197802197802,0.176556776556777
170273.411807,2522366.126422,0.00036697247706422,0.10605504587156,0.511559633027523,0.295596330275229,0.0453211009174312,0.0411009174311927
170773.411807,2522366.126422,0.0207301412584847,0.0952118877270226,0.355347642634379,0.381764813795634,0.0643918547055586,0.0825536598789213
171273.411807,2522366.126422,0.0227106227106227,0.16978021978022,0.316666666666667,0.254212454212454,0.101831501831502,0.134798534798535
171773.411807,2522366.126422,0.0152293577981651,0.0748623853211009,0.548073394495413,0.297614678899083,0.0205504587155963,0.0436697247706422
172273.411807,2522366.126422,0.0511832691249312,0.179233168226014,0.211887727022565,0.289304714731242,0.073747936158503,0.194643184736746
172773.411807,2522366.126422,0.116730038022814,0.138212927756654,0.00399239543726236,0.0745247148288973,0.187642585551331,0.478897338403042
170273.411807,2521866.126422,0.000732600732600733,0.084981684981685,0.575274725274725,0.321062271062271,0.00842490842490842,0.00952380952380952
170773.411807,2521866.126422,0.00128205128205128,0.134615384615385,0.62032967032967,0.174725274725275,0.026007326007326,0.043040293040293
171273.411807,2521866.126422,0.0291529152915292,0.112577924459113,0.22973964063073,0.41987532086542,0.0865419875320865,0.122112211221122
171773.411807,2521866.126422,0.0391941391941392,0.0844322344322344,0.236446886446886,0.394322344322344,0.105677655677656,0.13992673992674
172273.411807,2521866.126422,0.106227106227106,0.113919413919414,0.152564102564103,0.299084249084249,0.0723443223443224,0.255860805860806
172773.411807,2521866.126422,0.071374191092501,0.119718309859155,0.109821088694328,0.23144271031595,0.157403882755995,0.310239817282071
170273.411807,2521366.126422,0.000183519911910442,0.205542301339695,0.534042943659387,0.210864378785098,0.0119287942741787,0.0374380620297302
170773.411807,2521366.126422,0.000916926462497708,0.0775719787273061,0.7199706583532,0.17990097194205,0.0117366587199707,0.00990280579497524
171273.411807,2521366.126422,0.00146600696353308,0.0727505955653289,0.673080447132124,0.175554333883086,0.0251053692505039,0.0520432472054242
171773.411807,2521366.126422,0.00495503762158194,0.0578087722517893,0.475867131583777,0.378051018535511,0.0434942191227748,0.039823820884566
172273.411807,2521366.126422,0.0359435173299101,0.125068769484687,0.0911424903722722,0.549055565743627,0.0832569227947919,0.115532734274711
172773.411807,2521366.126422,0.0758988015978695,0.196309682328324,0.00932090545938748,0.241963096823283,0.145710481263078,0.330797032528058
170273.411807,2520866.126422,0.00458715596330275,0.109174311926606,0.705871559633028,0.127155963302752,0.015045871559633,0.0381651376146789
170773.411807,2520866.126422,0.00311869381764814,0.137222527976518,0.567969179966978,0.207668317739864,0.020546688680976,0.063474591818015
171273.411807,2520866.126422,0.00201465201465201,0.0653846153846154,0.636446886446886,0.189194139194139,0.0379120879120879,0.0690476190476191
171773.411807,2520866.126422,0.00899082568807339,0.11651376146789,0.605321100917431,0.183669724770642,0.04,0.0455045871559633
172273.411807,2520866.126422,0.0225646670335718,0.0286186020913594,0.20253164556962,0.630709961474959,0.0838378279214823,0.0317372959090075
172773.411807,2520866.126422,0.0454372623574145,0.0465779467680608,0.0321292775665399,0.614638783269962,0.0817490494296578,0.179467680608365
170773.411807,2520366.126422,0.0113553113553114,0.217582417582418,0.48040293040293,0.141208791208791,0.0402930402930403,0.109157509157509
171273.411807,2520366.126422,0.00586725339200587,0.116244957829116,0.664466446644664,0.141364136413641,0.0368536853685369,0.0352035203520352
171773.411807,2520366.126422,0.013003663003663,0.206410256410256,0.525641025641026,0.188095238095238,0.0358974358974359,0.030952380952381
172273.411807,2520366.126422,0.0485347985347985,0.126739926739927,0.233882783882784,0.335347985347985,0.131135531135531,0.124358974358974
172773.411807,2520366.126422,0.0669965740388276,0.0462504758279406,0.0334982870194138,0.629234868671488,0.122573277502855,0.101446516939475
170773.411807,2519866.126422,0.00678525582248304,0.115532734274711,0.689895470383275,0.121401063634696,0.0254905556574363,0.0408949202273978
171273.411807,2519866.126422,0.0106285504856148,0.129191863661352,0.606193879420927,0.204141469671981,0.0280373831775701,0.0218068535825545
171773.411807,2519866.126422,0.00293631859056708,0.108276748027161,0.578271242429804,0.169021838869517,0.0489998164800881,0.0924940356028629
172273.411807,2519866.126422,0.0313588850174216,0.125252154777187,0.291766000366771,0.354116999816615,0.0937098844672657,0.103796075554741
172773.411807,2519866.126422,0.0749476887958912,0.0787521400038045,0.00684801217424387,0.510367129541564,0.14647137150466,0.182613657979836
171273.411807,2519366.126422,0.000183150183150183,0.0481684981684982,0.680769230769231,0.261355311355311,0.00805860805860806,0.00146520146520147
171773.411807,2519366.126422,0.0104587155963303,0.16,0.565871559633027,0.122018348623853,0.0198165137614679,0.121834862385321
172273.411807,2519366.126422,0.00843881856540084,0.117226197028068,0.400293524124014,0.098147128967162,0.0792515134837644,0.296642817831591
172773.411807,2519366.126422,0.101330798479087,0.269961977186312,0.00741444866920152,0.12148288973384,0.156083650190114,0.343726235741445
171273.411807,2518866.126422,0,0.12962962962963,0.633296662999633,0.150715071507151,0.0315364869820315,0.0548221488815548
171773.411807,2518866.126422,0.00421245421245421,0.0333333333333333,0.707509157509158,0.216117216117216,0.0177655677655678,0.0210622710622711
172273.411807,2518866.126422,0.0360805860805861,0.139194139194139,0.280586080586081,0.317032967032967,0.114835164835165,0.112271062271062
172773.411807,2518866.126422,0.262086029691664,0.145032356299962,0,0.0907879710696612,0.0869813475447278,0.415112295393986
171273.411807,2518366.126422,0.00989554700384827,0.03811618105186,0.793293018141836,0.106835257467473,0.0174088326919553,0.0344511636430273
171773.411807,2518366.126422,0.0130299137456414,0.121306661772802,0.335107359148468,0.302257294916498,0.0901082767480272,0.138190493668563
172273.411807,2518366.126422,0.086007702182285,0.0827067669172932,0.066385475884834,0.3200073354117,0.125435540069686,0.319457179534201
172773.411807,2518366.126422,0.217043941411451,0.0709530150275823,0,0.226555069431235,0.11051930758988,0.374928666539852
171773.411807,2517866.126422,0.0451376146788991,0.139816513761468,0.100183486238532,0.430825688073394,0.103853211009174,0.180183486238532
172273.411807,2517866.126422,0.0794349660612732,0.182902219776188,0,0.20821867547239,0.167492203265456,0.361951935424693
172773.411807,2517866.126422,0.102091254752852,0.231939163498099,0.00247148288973384,0.0606463878326996,0.101140684410646,0.50171102661597
171773.411807,2517366.126422,0.0379120879120879,0.155311355311355,0.369413919413919,0.137545787545788,0.0510989010989011,0.248717948717949
172273.411807,2517366.126422,0.131684981684982,0.188095238095238,0.000366300366300366,0.13992673992674,0.093040293040293,0.446886446886447
172773.411807,2517366.126422,0.0424438523030072,0.260182717929197,0.000570993528740008,0.215264560334983,0.133612485725162,0.347925390178911
172273.411807,2516866.126422,0.0686427457098284,0.197607904316173,0,0.0735829433177327,0.0725429017160686,0.587623504940198
172773.411807,2516866.126422,0.0490998363338789,0.285870158210584,0.0158210583742499,0.154391707583197,0.100109110747409,0.394708128750682
