"x","y","forest","agri","water","built","other","grass"
186273.411807,2516366.126422,0.117582417582418,0.407142857142857,0,0.0230769230769231,0.0633699633699634,0.388827838827839
186773.411807,2516366.126422,0.218532110091743,0.0737614678899083,0,0.0559633027522936,0.147155963302752,0.504587155963303
187273.411807,2516366.126422,0.431847367455513,0.0845716382315172,0,0.0678774536782242,0.10273344340488,0.312970097229866
187773.411807,2516366.126422,0.356593406593407,0.0483516483516484,0,0.0708791208791209,0.0888278388278388,0.435347985347985
188273.411807,2516366.126422,0.495596330275229,0.0185321100917431,0,0.0299082568807339,0.0394495412844037,0.41651376146789
188773.411807,2516366.126422,0.670335718216841,0.0350394423041644,0,0.0100898917629793,0.0108237020730141,0.273711245643001
189273.411807,2516366.126422,0.608608058608059,0.00641025641025641,0,0.0146520146520147,0.0175824175824176,0.352747252747253
189773.411807,2516366.126422,0.763302752293578,0,0,0,0,0.236697247706422
190273.411807,2516366.126422,0.623738763529628,0.0335718216840947,0,0.000183452577508714,0.000183452577508714,0.34232250963126
190773.411807,2516366.126422,0.767582417582418,0.052014652014652,0,0,0,0.18040293040293
191273.411807,2516366.126422,0.674678899082569,0.227706422018349,0,0,0,0.0976146788990826
191773.411807,2516366.126422,0.232067510548523,0.0258668134287287,0,0.00146762062006971,0.00678774536782242,0.733810310034856
192273.411807,2516366.126422,0.274175824175824,0.0664835164835165,0,0.000549450549450549,0.0032967032967033,0.655494505494505
192773.411807,2516366.126422,0.389724770642202,0.0124770642201835,0,0.0922935779816514,0.0532110091743119,0.452293577981651
193273.411807,2516366.126422,0.127316088791048,0.0275178866263071,0,0.320858558062741,0.103100348559897,0.421207117960007
193773.411807,2516366.126422,0.010989010989011,0.0203296703296703,0.777106227106227,0.125641025641026,0.00567765567765568,0.0602564102564103
194273.411807,2516366.126422,0.0139449541284404,0.143119266055046,0.506238532110092,0.127339449541284,0.0372477064220183,0.172110091743119
194773.411807,2516366.126422,0.0370574206567602,0.458631443771785,0.0548523206751055,0.146762062006971,0.0820033021463952,0.220693450742983
195273.411807,2516366.126422,0.111172161172161,0.247985347985348,0.0730769230769231,0.211172161172161,0.0756410256410256,0.280952380952381
195773.411807,2516366.126422,0.105871559633028,0.123302752293578,0.0335779816513761,0.255229357798165,0.103302752293578,0.378715596330275
196273.411807,2516366.126422,0.116125481563016,0.193542469271693,0.021830856723537,0.229315721885892,0.111539167125298,0.327646303430563
196773.411807,2516366.126422,0.0913919413919414,0.123992673992674,0.0311355311355311,0.369047619047619,0.128205128205128,0.256227106227106
197273.411807,2516366.126422,0.0708256880733945,0.146605504587156,0.00146788990825688,0.447339449541284,0.126238532110092,0.207522935779817
197773.411807,2516366.126422,0.0902586681342873,0.13979086406164,0.0332049165290772,0.441203448908457,0.10273344340488,0.192808658961658
198273.411807,2516366.126422,0.0659340659340659,0.151282051282051,0.0736263736263736,0.401648351648352,0.118498168498168,0.189010989010989
186273.411807,2515866.126422,0.445544554455446,0.231206453978731,0,0.0221855518885222,0.0278694536120279,0.273193986065273
186773.411807,2515866.126422,0.57967032967033,0.0360805860805861,0,0.0278388278388278,0.0725274725274725,0.283882783882784
187273.411807,2515866.126422,0.776373626373626,0.167765567765568,0,0.0032967032967033,0.00164835164835165,0.0509157509157509
187773.411807,2515866.126422,0.550971763843051,0.0678401173450678,0,0.0236523652365237,0.0276861019435277,0.32984965163183
188273.411807,2515866.126422,0.503846153846154,0.082967032967033,0,0.0269230769230769,0.0331501831501832,0.353113553113553
188773.411807,2515866.126422,0.707142857142857,0.00989010989010989,0,0.00934065934065934,0.0120879120879121,0.261538461538462
189273.411807,2515866.126422,0.519251925192519,0.0264026402640264,0,0.00165016501650165,0.00238357169050238,0.45031169783645
189773.411807,2515866.126422,0.734981684981685,0.0415750915750916,0,0.000732600732600733,0.00201465201465201,0.220695970695971
190273.411807,2515866.126422,0.712271062271062,0.209340659340659,0,0.000549450549450549,0.000732600732600733,0.0771062271062271
190773.411807,2515866.126422,0.881188118811881,0.0751741840850752,0,0.000733406674000733,0.000916758342500917,0.041987532086542
191273.411807,2515866.126422,0.811355311355311,0.0604395604395604,0,0.0010989010989011,0.00146520146520147,0.125641025641026
191773.411807,2515866.126422,0.463736263736264,0.00659340659340659,0,0.0210622710622711,0.0338827838827839,0.474725274725275
192273.411807,2515866.126422,0.254492115878254,0.00238357169050238,0,0.0177851118445178,0.0242024202420242,0.701136780344701
192773.411807,2515866.126422,0.414652014652015,0.00347985347985348,0,0.0205128205128205,0.0285714285714286,0.532783882783883
193273.411807,2515866.126422,0.0531135531135531,0.0483516483516484,0,0.325641025641026,0.116483516483516,0.456410256410256
193773.411807,2515866.126422,0.0265859919325266,0.0704070407040704,0.513017968463513,0.192152548588192,0.0363036303630363,0.161532819948662
194273.411807,2515866.126422,0.0269230769230769,0.0298534798534799,0.696153846153846,0.0452380952380952,0.017032967032967,0.184798534798535
194773.411807,2515866.126422,0.0192307692307692,0.348351648351648,0.0393772893772894,0.138644688644689,0.0838827838827839,0.370512820512821
195273.411807,2515866.126422,0.108910891089109,0.236156949028236,0.00825082508250825,0.127612761276128,0.0746241290795746,0.444444444444444
195773.411807,2515866.126422,0.11959706959707,0.240842490842491,0.00879120879120879,0.161721611721612,0.0888278388278388,0.38021978021978
196273.411807,2515866.126422,0.0474358974358974,0.156959706959707,0.00531135531135531,0.355128205128205,0.16025641025641,0.274908424908425
196773.411807,2515866.126422,0.0594059405940594,0.224605793912725,0.0227356068940227,0.278694536120279,0.115144847818115,0.299413274660799
197273.411807,2515866.126422,0.161355311355311,0.119413919413919,0.0474358974358974,0.350549450549451,0.120695970695971,0.200549450549451
197773.411807,2515866.126422,0.0794871794871795,0.0956043956043956,0.00457875457875458,0.382417582417582,0.1,0.337912087912088
198273.411807,2515866.126422,0.146681334800147,0.15951595159516,0.0192519251925193,0.210854418775211,0.115328199486615,0.348368170150348
186273.411807,2515366.126422,0.671431189298149,0.0203408466190214,0,0.011544804837823,0.0131940626717977,0.283489096573209
186773.411807,2515366.126422,0.565057808772252,0.017434391631492,0,0.0535878142778491,0.131033217104056,0.232886768214351
187273.411807,2515366.126422,0.715752796625711,0.00495140289748762,0,0.004401247019989,0.00513478818998716,0.269759765266826
187773.411807,2515366.126422,0.606926882902694,0.10646875572659,0,0.0131940626717977,0.0432472054242258,0.230163093274693
188273.411807,2515366.126422,0.496604881629657,0.0100935951550743,0,0.00715727656450725,0.00844191594788034,0.477702330702881
188773.411807,2515366.126422,0.395745461214011,0.0781221346048047,0.00641848523748395,0.039611223179901,0.0392444525949019,0.440858243168898
189273.411807,2515366.126422,0.507421660252886,0.124977093641195,0,0.00164925783397471,0.00256551218618288,0.363386476085761
189773.411807,2515366.126422,0.637915213800697,0.00513855753349238,0,0.000550559735731327,0.00165167920719398,0.354743989722885
190273.411807,2515366.126422,0.868512745277829,0.0518980377773703,0,0,0,0.079589216944801
190773.411807,2515366.126422,0.518050210738501,0.0109950522264981,0,0,0,0.470954737035001
191273.411807,2515366.126422,0.726922371077262,0.000917599559552211,0,0.00991007524316388,0.0135804734813727,0.248669480638649
191773.411807,2515366.126422,0.688795158628278,0.0137538969374656,0,0.0242068586099395,0.0372272143774069,0.23601687144691
192273.411807,2515366.126422,0.426974528129009,0.00439802089059923,0,0.0141103170240059,0.0212571009712296,0.533260032985157
192773.411807,2515366.126422,0.316755367957423,0.0317489447605065,0,0.0332171040557901,0.0267939071389246,0.591484676087355
193273.411807,2515366.126422,0.0502475701448744,0.0416284613973959,0,0.136622042912158,0.0799559875298001,0.691545938015771
193773.411807,2515366.126422,0.0282206340480117,0.117647058823529,0.363936228697086,0.190214403518417,0.062671797691039,0.237309877221917
194273.411807,2515366.126422,0,0.00146815929528354,0.934483391447972,0.063497889521013,0,0.000550559735731327
194773.411807,2515366.126422,0.0097194205024757,0.437007152026407,0,0.112598569594719,0.114432422519714,0.326242435356684
195273.411807,2515366.126422,0.0668865677111966,0.27469305479201,0.000366501740883269,0.112516034451164,0.0923584387025838,0.453179402602162
195773.411807,2515366.126422,0.0880895577170123,0.101670031198385,0.00458799779776106,0.332538080381721,0.154523765828592,0.318590567076528
196273.411807,2515366.126422,0.0898587933247754,0.223546671556941,0.00366770584999083,0.261874197689345,0.138272510544654,0.282780121034293
196773.411807,2515366.126422,0.0738501007879787,0.16364302730438,0.0328019058090526,0.326919552867876,0.16034451163643,0.242440901594283
197273.411807,2515366.126422,0.0513855753349238,0.132501376399339,0.0143145531290145,0.315837768397871,0.134887135254175,0.351073591484676
197773.411807,2515366.126422,0.0641848523748395,0.070419952319824,0.00586832935998533,0.465248487071337,0.128553090042179,0.265725288831836
198273.411807,2515366.126422,0.0579072750595565,0.145317940260216,0.0047645226314825,0.26681326736302,0.138354407183434,0.386842587502291
186273.411807,2514866.126422,0.754945054945055,0.0208791208791209,0,0.0043956043956044,0.00402930402930403,0.215750915750916
186773.411807,2514866.126422,0.697981651376147,0.0104587155963303,0,0.00788990825688073,0.00587155963302752,0.277798165137615
187273.411807,2514866.126422,0.737662814162539,0.127682993946065,0,0.00568702990277013,0.0066042927903137,0.122362869198312
187773.411807,2514866.126422,0.767582417582418,0.130769230769231,0,0.0021978021978022,0.0102564102564103,0.0891941391941392
188273.411807,2514866.126422,0.627155963302752,0.0658715596330275,0,0.0264220183486239,0.0225688073394495,0.257981651376147
188773.411807,2514866.126422,0.308016877637131,0.060906255732893,0,0.0719134103834159,0.0675105485232067,0.491652907723354
189273.411807,2514866.126422,0.489194139194139,0.0210622710622711,0.000915750915750916,0.0228937728937729,0.0194139194139194,0.446520146520147
189773.411807,2514866.126422,0.541467889908257,0.330825688073395,0,0.00678899082568807,0.00293577981651376,0.117981651376147
190273.411807,2514866.126422,0.529444138690149,0.131535498073748,0,0.00275178866263071,0.0155934690882407,0.320675105485232
190773.411807,2514866.126422,0.238278388278388,0.0302197802197802,0,0.0368131868131868,0.0467032967032967,0.647985347985348
191273.411807,2514866.126422,0.395596330275229,0.00128440366972477,0,0.00055045871559633,0.00055045871559633,0.602018348623853
191773.411807,2514866.126422,0.53641533663548,0.00532012474775271,0,0.0383415886993212,0.0326545587965511,0.387268391120895
192273.411807,2514866.126422,0.51007326007326,0.0245421245421245,0,0.11043956043956,0.16043956043956,0.194505494505495
192773.411807,2514866.126422,0.315229357798165,0.0196330275229358,0,0.100917431192661,0.0809174311926606,0.483302752293578
193273.411807,2514866.126422,0.0682443588332416,0.0209135938359934,0,0.290405430196294,0.10988809392772,0.510548523206751
193773.411807,2514866.126422,0.0210622710622711,0.0873626373626374,0.336813186813187,0.194139194139194,0.0406593406593407,0.31996336996337
194273.411807,2514866.126422,0,0.0155963302752294,0.951926605504587,0.0313761467889908,0.00110091743119266,0
194773.411807,2514866.126422,0.0201797835259585,0.15831957439002,0.144193725921849,0.232984773436067,0.072463768115942,0.371858374610163
195273.411807,2514866.126422,0.023992673992674,0.451831501831502,0.00769230769230769,0.124542124542125,0.091025641025641,0.300915750915751
195773.411807,2514866.126422,0.0737614678899083,0.0869724770642202,0.00201834862385321,0.2,0.108440366972477,0.528807339449541
196273.411807,2514866.126422,0.0344890845716382,0.199963309484498,0.002568336085122,0.238671803338837,0.118143459915612,0.406164006604293
196773.411807,2514866.126422,0.191391941391941,0.0913919413919414,0.00164835164835165,0.318498168498168,0.116483516483516,0.280586080586081
197273.411807,2514866.126422,0.0530275229357798,0.0574311926605505,0.00311926605504587,0.70954128440367,0.0899082568807339,0.0869724770642202
197773.411807,2514866.126422,0.062190423775454,0.067327095945698,0.00880572372041827,0.587598605760411,0.132819666116309,0.14125848468171
198273.411807,2514866.126422,0.0562271062271062,0.154578754578755,0.00128205128205128,0.489010989010989,0.132051282051282,0.166849816849817
186273.411807,2514366.126422,0.747524752475248,0.208287495416208,0,0.0022002200220022,0.0044004400440044,0.0375870920425376
186773.411807,2514366.126422,0.703113553113553,0.280586080586081,0,0,0.00293040293040293,0.0133699633699634
187273.411807,2514366.126422,0.513369963369963,0.26043956043956,0,0.0258241758241758,0.0452380952380952,0.155128205128205
187773.411807,2514366.126422,0.802163549688302,0.0456545654565457,0,0.00201686835350202,0.00385038503850385,0.146314631463146
188273.411807,2514366.126422,0.635897435897436,0.0234432234432234,0,0.113736263736264,0.0626373626373626,0.164285714285714
188773.411807,2514366.126422,0.056959706959707,0.00989010989010989,0.000366300366300366,0.658791208791209,0.154212454212454,0.11978021978022
189273.411807,2514366.126422,0.533736707004034,0.0342867620095343,0.00165016501650165,0.241840850751742,0.0658232489915658,0.122662266226623
189773.411807,2514366.126422,0.762637362637363,0.236446886446886,0,0,0,0.000915750915750916
190273.411807,2514366.126422,0.430769230769231,0.505860805860806,0,0.000366300366300366,0.00146520146520147,0.0615384615384615
190773.411807,2514366.126422,0.342867620095343,0.0245691235790246,0,0.0341034103410341,0.0583058305830583,0.54015401540154
191273.411807,2514366.126422,0.441208791208791,0.00347985347985348,0,0.0117216117216117,0.0119047619047619,0.531684981684982
191773.411807,2514366.126422,0.19029304029304,0.0195970695970696,0,0.0272893772893773,0.0351648351648352,0.727655677655678
192273.411807,2514366.126422,0.436193619361936,0.0392372570590392,0,0.00696736340300697,0.0826916024935827,0.434910157682435
192773.411807,2514366.126422,0.228937728937729,0.0236263736263736,0,0.198901098901099,0.201831501831502,0.346703296703297
193273.411807,2514366.126422,0.0721611721611722,0.0622710622710623,0,0.127289377289377,0.0886446886446886,0.6496336996337
193773.411807,2514366.126422,0.0401540154015402,0.066006600660066,0.142280894756142,0.404840484048405,0.0581224789145581,0.288595526219289
194273.411807,2514366.126422,0,0.0245421245421245,0.866666666666667,0.0950549450549451,0.00842490842490842,0.00531135531135531
194773.411807,2514366.126422,0.0148351648351648,0.0727106227106227,0.095970695970696,0.487728937728938,0.124725274725275,0.204029304029304
195273.411807,2514366.126422,0.0304363769710304,0.372203887055372,0.00476714338100477,0.234323432343234,0.124312431243124,0.233956729006234
195773.411807,2514366.126422,0.0379120879120879,0.113003663003663,0.000915750915750916,0.356043956043956,0.105860805860806,0.386263736263736
196273.411807,2514366.126422,0.0754578754578755,0.236996336996337,0.0177655677655678,0.263186813186813,0.107875457875458,0.298717948717949
196773.411807,2514366.126422,0.11037770443711,0.11019435276861,0.0011001100110011,0.189218921892189,0.114044737807114,0.475064173083975
197273.411807,2514366.126422,0.0873626373626374,0.041025641025641,0.00164835164835165,0.619413919413919,0.118681318681319,0.131868131868132
197773.411807,2514366.126422,0.101648351648352,0.158424908424908,0.000183150183150183,0.339194139194139,0.107326007326007,0.293223443223443
198273.411807,2514366.126422,0.117711771177118,0.266593325999267,0.00238357169050238,0.151631829849652,0.0896589658965897,0.372020535386872
186273.411807,2513866.126422,0.747846802272311,0.0448964632582005,0,0.00513102437236577,0.00733003481766538,0.194795675279458
186773.411807,2513866.126422,0.718296935217471,0.161314002569279,0,0.000183519911910442,0.000367039823820885,0.119838502477519
187273.411807,2513866.126422,0.577113515496057,0.0383275261324042,0,0.0232899321474418,0.0271410232899321,0.334128002934165
187773.411807,2513866.126422,0.450980392156863,0.167674546454096,0,0.0469122228330585,0.0503939893714495,0.284038849184534
188273.411807,2513866.126422,0.795375298219857,0.0139475133051936,0,0.00532207744540283,0.0108276748027161,0.174527436226831
188773.411807,2513866.126422,0.505593251421236,0.00898587933247754,0,0.130570328259674,0.0993948285347515,0.255455712451861
189273.411807,2513866.126422,0.590434304562947,0.0141103170240059,0,0.099321971779366,0.0756826094923951,0.220450797141286
189773.411807,2513866.126422,0.705083501559919,0.065149568728207,0,0,0.000183519911910442,0.229583409799963
190273.411807,2513866.126422,0.612873647533468,0.358885017421603,0,0,0.00128369704749679,0.0269576379974326
190773.411807,2513866.126422,0.4282572842221,0.0943741982774418,0,0.0053142752428074,0.00604727872457394,0.466006963533077
191273.411807,2513866.126422,0.258946595705634,0.31124977060011,0,0.0229399889888053,0.0442282987704166,0.362635345935034
191773.411807,2513866.126422,0.364936732074088,0.0493306436823767,0,0.0121034293049697,0.0227397762699432,0.550889418668623
192273.411807,2513866.126422,0.369433754810335,0.0661535642294301,0,0.0128275609309144,0.0109950522264981,0.540590067802822
192773.411807,2513866.126422,0.15342264635713,0.0438612589465957,0,0.178931914112681,0.139658652963847,0.484125527619747
193273.411807,2513866.126422,0.0425453878598936,0.106546854942234,0,0.105263157894737,0.0452961672473868,0.700348432055749
193773.411807,2513866.126422,0.0128275609309144,0.199376947040498,0.113615539673813,0.348543155579989,0.0318856514568444,0.29375114531794
194273.411807,2513866.126422,0,0.0122958340979996,0.876307579372362,0.0985501926959075,0.00770783630023858,0.00513855753349238
194773.411807,2513866.126422,0.004401247019989,0.0390610673024023,0.0416284613973959,0.673757564643316,0.114065651934715,0.127086007702182
195273.411807,2513866.126422,0.0166758292101887,0.389957852299798,0.000183250870441635,0.14238592633315,0.0841121495327103,0.366684991753711
195773.411807,2513866.126422,0.115066984767847,0.131583776839787,0.0332171040557901,0.233070288126262,0.0928610754266838,0.39420077078363
196273.411807,2513866.126422,0.175316339629562,0.0834403080872914,0.00678525582248304,0.122317990097194,0.0783055198973042,0.533834586466165
196773.411807,2513866.126422,0.158878504672897,0.10207073483599,0.000733003481766538,0.325820047645226,0.138720908924317,0.273776800439802
197273.411807,2513866.126422,0.117269223710773,0.0600110111947146,0.00146815929528354,0.476968251055239,0.111029546705818,0.233253808038172
197773.411807,2513866.126422,0.0938932697597653,0.172565560242069,0.00366770584999083,0.209426004034476,0.106363469649734,0.414083990463965
198273.411807,2513866.126422,0.105002748763057,0.110317024005864,0.00403151914971596,0.297599413597215,0.112516034451164,0.370533260032985
186273.411807,2513366.126422,0.556776556776557,0.181868131868132,0,0.0161172161172161,0.0736263736263736,0.171611721611722
186773.411807,2513366.126422,0.683669724770642,0.276697247706422,0,0.00165137614678899,0.00385321100917431,0.0341284403669725
187273.411807,2513366.126422,0.62483947899468,0.0376077783892864,0,0.0194459732159237,0.0385250412768299,0.27958172812328
187773.411807,2513366.126422,0.394322344322344,0.0269230769230769,0,0.0578754578754579,0.0705128205128205,0.4503663003663
188273.411807,2513366.126422,0.551192660550459,0.0310091743119266,0,0.0159633027522936,0.0113761467889908,0.39045871559633
188773.411807,2513366.126422,0.676756558429646,0.101449275362319,0,0.000183452577508714,0.000550357732526142,0.221060355898
189273.411807,2513366.126422,0.574542124542124,0.411538461538462,0,0,0,0.0139194139194139
189773.411807,2513366.126422,0.587155963302752,0.165321100917431,0,0,0.00220183486238532,0.245321100917431
190273.411807,2513366.126422,0.297560080719134,0.221243808475509,0,0,0,0.481196110805357
190773.411807,2513366.126422,0.1996336996337,0.0166666666666667,0,0.00842490842490842,0.0146520146520147,0.760622710622711
191273.411807,2513366.126422,0.242018348623853,0.0346788990825688,0,0.0332110091743119,0.0451376146788991,0.644954128440367
191773.411807,2513366.126422,0.376811594202899,0.00568702990277013,0,0.0150431113557145,0.0185287103283801,0.583929554210237
192273.411807,2513366.126422,0.194688644688645,0.0822344322344322,0,0.097985347985348,0.109157509157509,0.515934065934066
192773.411807,2513366.126422,0.0941284403669725,0.170091743119266,0,0.18697247706422,0.172660550458716,0.376146788990826
193273.411807,2513366.126422,0.128783709411117,0.0500825536598789,0,0.0642084021280499,0.0596220876903321,0.697303247110622
193773.411807,2513366.126422,0.0296703296703297,0.238278388278388,0.028021978021978,0.447802197802198,0.0815018315018315,0.174725274725275
194273.411807,2513366.126422,0.00073394495412844,0.00532110091743119,0.890091743119266,0.0979816513761468,0.00036697247706422,0.0055045871559633
194773.411807,2513366.126422,0.00568702990277013,0.0315538433314988,0.0631076866629976,0.688680975967712,0.111172261970281,0.0997982021647404
195273.411807,2513366.126422,0.0395604395604396,0.117765567765568,0.000366300366300366,0.231501831501832,0.112271062271062,0.498534798534799
195773.411807,2513366.126422,0.0361467889908257,0.154128440366972,0.0506422018348624,0.347339449541284,0.0968807339449541,0.314862385321101
196273.411807,2513366.126422,0.0816363969913777,0.211704274445056,0.016694184553293,0.12548156301596,0.0465969546872134,0.5178866263071
196773.411807,2513366.126422,0.10952380952381,0.403296703296703,0,0.093040293040293,0.0604395604395604,0.333699633699634
197273.411807,2513366.126422,0.157798165137615,0.171743119266055,0.00165137614678899,0.139082568807339,0.0640366972477064,0.465688073394495
197773.411807,2513366.126422,0.1326362135388,0.103467253714915,0.0508163639699138,0.27958172812328,0.114474408365438,0.319024032287654
198273.411807,2513366.126422,0.128021978021978,0.645604395604396,0.00641025641025641,0.0368131868131868,0.0397435897435897,0.143406593406593
186273.411807,2512866.126422,0.398973230656399,0.176751008434177,0,0.0447378071140447,0.0638063806380638,0.315731573157316
186773.411807,2512866.126422,0.556959706959707,0.0536630036630037,0,0.0106227106227106,0.0177655677655678,0.360989010989011
187273.411807,2512866.126422,0.346153846153846,0.0868131868131868,0,0.0611721611721612,0.0771062271062271,0.428754578754579
187773.411807,2512866.126422,0.569123579024569,0.0099009900990099,0,0.0166850018335167,0.022002200220022,0.382288228822882
188273.411807,2512866.126422,0.808241758241758,0.0010989010989011,0,0.0021978021978022,0.00293040293040293,0.185531135531136
188773.411807,2512866.126422,0.56007326007326,0.232967032967033,0,0.000366300366300366,0.0032967032967033,0.203296703296703
189273.411807,2512866.126422,0.546021268793546,0.178217821782178,0,0.00421708837550422,0.00825082508250825,0.263292995966263
189773.411807,2512866.126422,0.598901098901099,0.00256410256410256,0,0,0,0.398534798534799
190273.411807,2512866.126422,0.362271062271062,0.0835164835164835,0,0.00860805860805861,0.0128205128205128,0.532783882783883
190773.411807,2512866.126422,0.288962229556289,0.00806747341400807,0,0.0022002200220022,0.0044004400440044,0.696369636963696
191273.411807,2512866.126422,0.145421245421245,0.0289377289377289,0,0.0173992673992674,0.0282051282051282,0.78003663003663
191773.411807,2512866.126422,0.286263736263736,0.0032967032967033,0,0.00824175824175824,0.00549450549450549,0.696703296703297
192273.411807,2512866.126422,0.163733039970664,0.015034836817015,0,0.104510451045105,0.081958195819582,0.634763476347635
192773.411807,2512866.126422,0.0954212454212454,0.0388278388278388,0,0.306227106227106,0.11996336996337,0.43956043956044
193273.411807,2512866.126422,0.097985347985348,0.265018315018315,0,0.226007326007326,0.0904761904761905,0.320512820512821
193773.411807,2512866.126422,0.0375870920425376,0.316464979831316,0.0364869820315365,0.533370003667033,0.0342867620095343,0.0418041804180418
194273.411807,2512866.126422,0,0.00952380952380952,0.778754578754579,0.211721611721612,0,0
194773.411807,2512866.126422,0.00879120879120879,0.0672161172161172,0.0131868131868132,0.406410256410256,0.199084249084249,0.305311355311355
195273.411807,2512866.126422,0.00678401173450678,0.314264759809314,0,0.207004033736707,0.0665566556655666,0.405390539053905
195773.411807,2512866.126422,0.0249084249084249,0.31007326007326,0.0102564102564103,0.133882783882784,0.0558608058608059,0.465018315018315
196273.411807,2512866.126422,0.0322344322344322,0.08003663003663,0,0.187545787545788,0.0503663003663004,0.64981684981685
196773.411807,2512866.126422,0.0764576457645765,0.100660066006601,0.017968463513018,0.269343601026769,0.123579024569124,0.411991199119912
197273.411807,2512866.126422,0.039010989010989,0.163003663003663,0.0595238095238095,0.42967032967033,0.0908424908424908,0.217948717948718
197773.411807,2512866.126422,0.0254578754578755,0.605494505494505,0.00732600732600733,0.102564102564103,0.0893772893772894,0.16978021978022
198273.411807,2512866.126422,0.0099009900990099,0.951045104510451,0,0,0.00055005500550055,0.0385038503850385
186273.411807,2512366.126422,0.29265164009529,0.0800806303829943,0,0.149899212021257,0.140736668499175,0.336631849001283
186773.411807,2512366.126422,0.363369425582676,0.100752431638833,0,0.122591301156175,0.0824004404477886,0.330886401174527
187273.411807,2512366.126422,0.191637630662021,0.0234733174399413,0.0548322024573629,0.289565376856776,0.12781954887218,0.312671923711718
187773.411807,2512366.126422,0.146234194612424,0.0166758292101887,0.00842954004031519,0.585120029320139,0.126992853216053,0.11654755360088
188273.411807,2512366.126422,0.650027527986787,0.0124793540099101,0,0.0497338961277299,0.0723068452927143,0.215452376582859
188773.411807,2512366.126422,0.485604254538786,0.337795708784155,0,0.0154043645699615,0.0144874381074638,0.146708233999633
189273.411807,2512366.126422,0.482866043613707,0.400952904526297,0,0.000733003481766538,0.0042147700201576,0.111233278358072
189773.411807,2512366.126422,0.502477518810791,0.0376215819416407,0,0.000550559735731327,0.000550559735731327,0.458799779776106
190273.411807,2512366.126422,0.221346048046947,0.00275077938749312,0,0.00476801760498808,0.0115532734274711,0.759581881533101
190773.411807,2512366.126422,0.207073483599047,0.0111783030969397,0,0.0289536375297783,0.0371999266996518,0.715594649074583
191273.411807,2512366.126422,0.317672967516976,0.000183519911910442,0,0.00256927876674619,0.000734079647641769,0.678840154156726
191773.411807,2512366.126422,0.342196955804144,0.00146708233999633,0,0.00256739409499358,0.00403447643498991,0.649734091325876
192273.411807,2512366.126422,0.102437236576874,0.0634048011728056,0,0.0984057174271578,0.0597397837639729,0.67601246105919
192773.411807,2512366.126422,0.0383556615892824,0.071389245733162,0,0.182051752615159,0.114149385208295,0.594053954854102
193273.411807,2512366.126422,0.0425453878598936,0.335778470566661,0,0.290665688611773,0.0981111314872547,0.232899321474418
193773.411807,2512366.126422,0.0309693971046362,0.212387758841855,0.194062671797691,0.316840754993586,0.045629466739967,0.200109950522265
194273.411807,2512366.126422,0,0,0.761607634428335,0.238208845659754,0.000183519911910442,0
194773.411807,2512366.126422,0.00183385292499542,0.0669356317623327,0.238767650834403,0.569961489088575,0.0709701081973226,0.0515312671923712
195273.411807,2512366.126422,0.0289536375297783,0.448964632582005,0.0205240974894631,0.0580905259299982,0.0443467106468756,0.39912039582188
195773.411807,2512366.126422,0.108827307762892,0.255643237291246,0,0.0163332721600294,0.0352358230868049,0.583960359699027
196273.411807,2512366.126422,0.0386942967174033,0.156977810379608,0.00825233816247937,0.300568494406749,0.122684760682193,0.372822299651568
196773.411807,2512366.126422,0.0313358988455195,0.150082462891699,0.00879604178119846,0.355873190397654,0.122045079714129,0.3318673263698
197273.411807,2512366.126422,0.11616810423931,0.110111947146265,0.00532207744540283,0.331620480822169,0.0774454028262066,0.359331987520646
197773.411807,2512366.126422,0.0104529616724739,0.955804144507611,0,0.000366770584999083,0.00128369704749679,0.0320924261874198
198273.411807,2512366.126422,0.0053142752428074,0.993219717793659,0,0,0.000183250870441635,0.00128275609309144
186273.411807,2511866.126422,0.259340659340659,0.188095238095238,0,0.103479853479853,0.0813186813186813,0.367765567765568
186773.411807,2511866.126422,0.327522935779817,0.354678899082569,0,0.137981651376147,0.0655045871559633,0.114311926605505
187273.411807,2511866.126422,0.216290588882774,0.0898917629792699,0.00752155567785727,0.24674371674922,0.15978719501009,0.279765180700789
187773.411807,2511866.126422,0.31996336996337,0.00604395604395604,0,0.121062271062271,0.105494505494505,0.447435897435897
188273.411807,2511866.126422,0.419266055045872,0.0693577981651376,0,0.164954128440367,0.0524770642201835,0.29394495412844
188773.411807,2511866.126422,0.563566318106769,0.237937993028802,0,0.141992294991745,0.0245826453861677,0.0319207484865162
189273.411807,2511866.126422,0.524175824175824,0.413919413919414,0,0.00183150183150183,0.00457875457875458,0.0554945054945055
189773.411807,2511866.126422,0.679082568807339,0.0502752293577982,0,0.00587155963302752,0.00880733944954129,0.255963302752294
190273.411807,2511866.126422,0.337185837461016,0.0350394423041644,0,0.0876903320491653,0.111355714547789,0.428728673637865
190773.411807,2511866.126422,0.635347985347985,0.00512820512820513,0,0.0177655677655678,0.0313186813186813,0.31043956043956
191273.411807,2511866.126422,0.371376146788991,0.0177981651376147,0,0.0284403669724771,0.0504587155963303,0.531926605504587
191773.411807,2511866.126422,0.180517336268575,0.028251696936342,0,0.184553292973766,0.134470739313887,0.47220693450743
192273.411807,2511866.126422,0.15,0.0584249084249084,0,0.132783882783883,0.105494505494505,0.553296703296703
192773.411807,2511866.126422,0.153577981651376,0.0823853211009174,0,0.138348623853211,0.075045871559633,0.550642201834862
193273.411807,2511866.126422,0.0326545587965511,0.348743349844065,0,0.1726288754357,0.0898917629792699,0.356081452944414
193773.411807,2511866.126422,0.00860805860805861,0.0961538461538462,0.345054945054945,0.425274725274725,0.0194139194139194,0.105494505494505
194273.411807,2511866.126422,0,0,0.882385321100917,0.117614678899083,0,0
194773.411807,2511866.126422,0.00385250412768299,0.230783342505962,0.13979086406164,0.433865345808109,0.0950284351495139,0.0966795083470923
195273.411807,2511866.126422,0.0208791208791209,0.521794871794872,0.0228937728937729,0.0470695970695971,0.0538461538461538,0.333516483516483
195773.411807,2511866.126422,0.141467889908257,0.185137614678899,0,0.0456880733944954,0.0489908256880734,0.578715596330275
196273.411807,2511866.126422,0.0957622454595487,0.143276463034306,0,0.0410933773619519,0.0693450742982939,0.6505228398459
196773.411807,2511866.126422,0.0758241758241758,0.0148351648351648,0,0.0668498168498168,0.0494505494505494,0.793040293040293
197273.411807,2511866.126422,0.202385321100917,0.0407339449541284,0,0.0814678899082569,0.0396330275229358,0.635779816513761
197773.411807,2511866.126422,0.0986974866996881,0.130251330031187,0,0.179233168226014,0.0590717299578059,0.532746285085305
198273.411807,2511866.126422,0.0943223443223443,0.312454212454212,0.000366300366300366,0.300549450549451,0.0956043956043956,0.196703296703297
186273.411807,2511366.126422,0.202786945361203,0.0467546754675468,0,0.291345801246791,0.134213421342134,0.324899156582325
186773.411807,2511366.126422,0.144322344322344,0.0556776556776557,0.000366300366300366,0.319230769230769,0.103846153846154,0.376556776556777
187273.411807,2511366.126422,0.283699633699634,0.0111721611721612,0,0.420695970695971,0.0816849816849817,0.202747252747253
187773.411807,2511366.126422,0.130913091309131,0.12027869453612,0,0.516318298496516,0.134763476347635,0.0977264393105977
188273.411807,2511366.126422,0.593772893772894,0.145421245421245,0,0.0144688644688645,0.0315018315018315,0.214835164835165
188773.411807,2511366.126422,0.21025641025641,0.183150183150183,0,0.339010989010989,0.0888278388278388,0.178754578754579
189273.411807,2511366.126422,0.724422442244224,0.0320865419875321,0,0.000183351668500183,0.000916758342500917,0.242390905757242
189773.411807,2511366.126422,0.455677655677656,0.395054945054945,0,0.00164835164835165,0.00384615384615385,0.143772893772894
190273.411807,2511366.126422,0.322527472527473,0.0476190476190476,0,0.153663003663004,0.124725274725275,0.351465201465201
190773.411807,2511366.126422,0.586358635863586,0.00531719838650532,0,0.0298863219655299,0.0331866519985332,0.345251191785845
191273.411807,2511366.126422,0.667765567765568,0.00402930402930403,0,0.0318681318681319,0.0397435897435897,0.256593406593407
191773.411807,2511366.126422,0.249084249084249,0.0382783882783883,0,0.202014652014652,0.10989010989011,0.400732600732601
192273.411807,2511366.126422,0.105427209387605,0.0687568756875688,0,0.0991932526585992,0.109460946094609,0.617161716171617
192773.411807,2511366.126422,0.121428571428571,0.0278388278388278,0,0.0690476190476191,0.0487179487179487,0.732967032967033
193273.411807,2511366.126422,0.0342490842490843,0.184065934065934,0.0815018315018315,0.272710622710623,0.0576923076923077,0.36978021978022
193773.411807,2511366.126422,0,0,0.988265493215988,0.0117345067840117,0,0
194273.411807,2511366.126422,0.0010989010989011,0.0128205128205128,0.714652014652015,0.165567765567766,0.034981684981685,0.0708791208791209
194773.411807,2511366.126422,0.00659340659340659,0.696153846153846,0,0.0225274725274725,0.0238095238095238,0.250915750915751
195273.411807,2511366.126422,0.0392372570590392,0.469380271360469,0.0196186285295196,0.0361202786945361,0.0396039603960396,0.396039603960396
195773.411807,2511366.126422,0.095970695970696,0.0571428571428571,0,0.139010989010989,0.058974358974359,0.648901098901099
196273.411807,2511366.126422,0.106593406593407,0.0789377289377289,0,0.11996336996337,0.0496336996336996,0.644871794871795
196773.411807,2511366.126422,0.0388705537220389,0.0654565456545655,0,0.165383204987165,0.0493215988265493,0.680968096809681
197273.411807,2511366.126422,0.000915750915750916,0.181318681318681,0,0.306593406593407,0.078021978021978,0.433150183150183
197773.411807,2511366.126422,0,0.34047619047619,0,0.356593406593407,0.0265567765567766,0.276373626373626
198273.411807,2511366.126422,0.0683901723505684,0.0832416574990832,0,0.146131279794646,0.059039237257059,0.643197653098643
186273.411807,2510866.126422,0.341579622503207,0.055158512002932,0.0175920835623969,0.306578706248855,0.0907091808686091,0.188381894814
186773.411807,2510866.126422,0.470728574050284,0.0688199669664159,0,0.104055790053221,0.0609286107542668,0.295467058175812
187273.411807,2510866.126422,0.22813130386943,0.0258573262424354,0,0.259123418301852,0.0607005318173482,0.426187419768935
187773.411807,2510866.126422,0.497526113249038,0.0711013377313542,0,0.0300531427524281,0.0284038849184534,0.372915521348726
188273.411807,2510866.126422,0.798311616810424,0,0,0,0,0.201688383189576
188773.411807,2510866.126422,0.726572528883184,0.00201723821749496,0,0.00990280579497524,0.00806895286997983,0.253438474234366
189273.411807,2510866.126422,0.357155946490746,0.0947407000183251,0,0.0269378779549203,0.0296866410115448,0.491478834524464
189773.411807,2510866.126422,0.354743989722885,0.267939071389246,0,0.0774454028262066,0.113782345384474,0.186089190677188
190273.411807,2510866.126422,0.0988446726572529,0.224280212726939,0,0.266275444709334,0.177700348432056,0.232899321474418
190773.411807,2510866.126422,0.393806120579073,0.01905809052593,0,0.103353490929082,0.106835257467473,0.376947040498442
191273.411807,2510866.126422,0.180583593319875,0.0211047898697009,0,0.101119471462654,0.223343732795008,0.473848412552762
191773.411807,2510866.126422,0.141940216394645,0.0355767467449111,0,0.302952503209243,0.120667522464698,0.398863011186503
192273.411807,2510866.126422,0.093274693054792,0.104819497892615,0,0.11324903793293,0.0967564595931831,0.59190031152648
192773.411807,2510866.126422,0.0341347036153423,0.142778491466324,0,0.147366489264085,0.0985501926959075,0.577170122958341
193273.411807,2510866.126422,0.00806895286997983,0.0346598202824134,0.726939299468183,0.154777186869613,0.0100861910874748,0.0654685494223363
193773.411807,2510866.126422,0,0,0.971046362470222,0.028587135788895,0.000366501740883269,0
194273.411807,2510866.126422,0.00330335841438796,0.329601761791154,0.168838318957607,0.198017984951367,0.0379886217654616,0.262249954120022
194773.411807,2510866.126422,0.0097194205024757,0.576563359618559,0.00366770584999083,0.0201723821749496,0.0196222262974509,0.370254905556574
195273.411807,2510866.126422,0.0282206340480117,0.147150448964633,0,0.161993769470405,0.13450613890416,0.528129008612791
195773.411807,2510866.126422,0.0256927876674619,0.246467241695724,0,0.345017434391632,0.0550559735731327,0.32776656267205
196273.411807,2510866.126422,0.0163212910324592,0.499174766183752,0.000183385292499542,0.316523014854209,0.0262240968274344,0.141573445809646
196773.411807,2510866.126422,0.25673446948873,0.300897929265164,0,0.200109950522265,0.0282206340480117,0.214037016675829
197273.411807,2510866.126422,0.358414387961094,0.0761607634428336,0,0.150119287942742,0.0170673518076711,0.39823820884566
197773.411807,2510866.126422,0.299101412066752,0.0786722904823033,0,0.158811663304603,0.0383275261324042,0.425087108013937
198273.411807,2510866.126422,0.140553417628734,0.0586402785413231,0,0.452996151731721,0.0989554700384827,0.24885468205974
186273.411807,2510366.126422,0.305128205128205,0.104578754578755,0,0.159340659340659,0.0706959706959707,0.36025641025641
186773.411807,2510366.126422,0.393761467889908,0.0143119266055046,0,0.106238532110092,0.0275229357798165,0.458165137614679
187273.411807,2510366.126422,0.365437534397358,0.0752155567785727,0,0.132085855806274,0.0576041093377362,0.369656943680059
187773.411807,2510366.126422,0.419413919413919,0.041025641025641,0,0.0571428571428571,0.0298534798534799,0.452564102564103
188273.411807,2510366.126422,0.657981651376147,0.211376146788991,0,0,0,0.130642201834862
188773.411807,2510366.126422,0.514401027334434,0.0236653824986241,0,0.0122913226930838,0.0150431113557145,0.434599156118143
189273.411807,2510366.126422,0.477472527472527,0.12014652014652,0,0.0148351648351648,0.0221611721611722,0.365384615384615
189773.411807,2510366.126422,0.271376146788991,0.152477064220183,0,0.00825688073394495,0.0194495412844037,0.548440366972477
190273.411807,2510366.126422,0.314254265272427,0.0568702990277013,0,0.0152265639332233,0.0232984773436067,0.590350394423042
190773.411807,2510366.126422,0.196336996336996,0.0293040293040293,0,0.193040293040293,0.145421245421245,0.435897435897436
191273.411807,2510366.126422,0.226422018348624,0.0163302752293578,0,0.186422018348624,0.121467889908257,0.449357798165138
191773.411807,2510366.126422,0.077600440286186,0.0297193175564117,0.000550357732526142,0.570720968629609,0.094294624839479,0.227114290955788
192273.411807,2510366.126422,0.19047619047619,0.0782051282051282,0.0236263736263736,0.0549450549450549,0.0578754578754579,0.594871794871795
192773.411807,2510366.126422,0.0172477064220183,0.0462385321100917,0.713211009174312,0.119633027522936,0.0267889908256881,0.0768807339449541
193273.411807,2510366.126422,0,0,0.959640432948083,0.0403595670519171,0,0
193773.411807,2510366.126422,0.0179487179487179,0.0115384615384615,0.234432234432234,0.178205128205128,0.0822344322344322,0.475641025641026
