"x","y","forest","agri","water","built","other","grass"
262773.411807,2751866.126422,0.837302814723167,0.00154655119084442,0,0.00092793071450665,0.00804206619239097,0.152180637179091
263273.411807,2751866.126422,0.669619593538301,0.00755601875977071,0,0.032569046378322,0.0263157894736842,0.263939551849922
263773.411807,2751866.126422,0.678292555960437,0.0062467464862051,0,0.00338365434669443,0.017178552837064,0.294898490369599
264273.411807,2751866.126422,0.612324492979719,0.0221008840353614,0,0.0015600624024961,0.015080603224129,0.348933957358294
264773.411807,2751866.126422,0.871287128712871,0,0,0,0,0.128712871287129
265273.411807,2751866.126422,0.916189484643415,0,0,0,0,0.0838105153565851
265773.411807,2751866.126422,0.74544981799272,0.00806032241289652,0,0.0015600624024961,0.015340613624545,0.229589183567343
266273.411807,2751866.126422,0.331162063574779,0.00937988535695675,0,0.04794163626889,0.100312662845232,0.511203751954143
266773.411807,2751866.126422,0.344612181155648,0.00546590317542946,0,0.00494534096824571,0.0294117647058824,0.615564809994794
267273.411807,2751866.126422,0.361154446177847,0.00078003120124805,0,0.00078003120124805,0.00884035361414457,0.628445137805512
267773.411807,2751866.126422,0.455445544554455,0.066440854611777,0,0.0164147993746743,0.022146951537259,0.439551849921834
268273.411807,2751866.126422,0.723321186881832,0.0075481520041645,0,0.000780843310775638,0.00156168662155128,0.266788131181676
268773.411807,2751866.126422,0.698387935517421,0.00130005200208008,0.000520020800832033,0.00260010400416017,0.00884035361414457,0.288351534061362
269273.411807,2751866.126422,0.237623762376238,0.149296508598228,0.00651380927566441,0.051068264721209,0.0713913496612819,0.484106305367379
269773.411807,2751866.126422,0.226184279021343,0.0614263404476835,0.0382613222280062,0.213170223841749,0.0468505986465383,0.41410723581468
270273.411807,2751866.126422,0.106344253770151,0.108424336973479,0.135985439417577,0.283151326053042,0.0582423296931877,0.307852314092564
270773.411807,2751866.126422,0.410369984366858,0.0401250651380928,0.00156331422615946,0.127149557060969,0.0351745700885878,0.385617509119333
271273.411807,2751866.126422,0.268349817803227,0.121290994273816,0.0268089536699636,0.219156689224362,0.0606454971369079,0.303748047891723
271773.411807,2751866.126422,0.168746749869995,0.141965678627145,0.0111804472178887,0.141185647425897,0.0928237129485179,0.444097763910556
272273.411807,2751866.126422,0.2686294945284,0.0810317873892652,0.00156331422615946,0.0659197498697238,0.0784262636789995,0.504429390307452
272773.411807,2751866.126422,0.127537740760021,0.0304528891202499,0.010671525247267,0.357886517438834,0.064549713690786,0.408901613742842
273273.411807,2751866.126422,0.0249609984399376,0.0429017160686427,0.0231409256370255,0.739209568382735,0.0423816952678107,0.127405096203848
273773.411807,2751866.126422,0.106044815007817,0.0388223032829599,0.00781657113079729,0.748045857217301,0.0495049504950495,0.0497655028660761
274273.411807,2751866.126422,0.231389901093181,0.036699635606455,0.0598646538261322,0.332899531494014,0.123373243102551,0.215773034877668
274773.411807,2751866.126422,0.254810192407696,0.0501820072802912,0.202288091523661,0.11752470098804,0.0423816952678107,0.332813312532501
275273.411807,2751866.126422,0.345882352941176,0.0235294117647059,0.00847058823529412,0.188235294117647,0.0362352941176471,0.397647058823529
262773.411807,2751366.126422,0.722329265681867,0,0,0,0,0.277670734318133
263273.411807,2751366.126422,0.711355311355311,0.000183150183150183,0,0.000366300366300366,0.00164835164835165,0.286446886446886
263773.411807,2751366.126422,0.558974358974359,0.0432234432234432,0.00128205128205128,0.00879120879120879,0.0247252747252747,0.363003663003663
264273.411807,2751366.126422,0.820682068206821,0.00311697836450312,0,0.000183351668500183,0.00311697836450312,0.172900623395673
264773.411807,2751366.126422,0.82985347985348,0.000183150183150183,0,0,0,0.16996336996337
265273.411807,2751366.126422,0.844505494505495,0.000366300366300366,0,0.000366300366300366,0.000915750915750916,0.153846153846154
265773.411807,2751366.126422,0.488998899889989,0.00568390172350568,0,0.00825082508250825,0.0319031903190319,0.465163182984965
266273.411807,2751366.126422,0.40018315018315,0.0021978021978022,0,0.0032967032967033,0.0183150183150183,0.576007326007326
266773.411807,2751366.126422,0.527838827838828,0.0155677655677656,0.000183150183150183,0.0395604395604396,0.0595238095238095,0.357326007326007
267273.411807,2751366.126422,0.603777044371104,0.00605060506050605,0.0011001100110011,0.022002200220022,0.0287862119545288,0.338283828382838
267773.411807,2751366.126422,0.241941391941392,0.0406593406593407,0.000183150183150183,0.272344322344322,0.0908424908424908,0.354029304029304
268273.411807,2751366.126422,0.25970695970696,0.0692307692307692,0,0.146336996336996,0.0836996336996337,0.441025641025641
268773.411807,2751366.126422,0.567840117345068,0.0218188485515218,0,0.00806747341400807,0.0115511551155116,0.390722405573891
269273.411807,2751366.126422,0.521611721611722,0.0868131868131868,0.000732600732600733,0.0177655677655678,0.043956043956044,0.329120879120879
269773.411807,2751366.126422,0.272710622710623,0.026007326007326,0.00787545787545788,0.157326007326007,0.0258241758241758,0.51025641025641
270273.411807,2751366.126422,0.178584525119179,0.0892922625595893,0.0385038503850385,0.215988265493216,0.131646497983132,0.345984598459846
270773.411807,2751366.126422,0.106959706959707,0.0395604395604396,0.0391941391941392,0.638827838827839,0.0827838827838828,0.0926739926739927
271273.411807,2751366.126422,0.184615384615385,0.0727106227106227,0.0206959706959707,0.139377289377289,0.0915750915750916,0.491025641025641
271773.411807,2751366.126422,0.106710671067107,0.079024569123579,0.0535386872020535,0.481481481481481,0.0828749541620829,0.196369636963696
272273.411807,2751366.126422,0.196336996336996,0.0716117216117216,0.0382783882783883,0.429487179487179,0.118131868131868,0.146153846153846
272773.411807,2751366.126422,0.167582417582418,0.0358974358974359,0.015018315018315,0.414468864468864,0.0686813186813187,0.298351648351648
273273.411807,2751366.126422,0.201686835350202,0.0661899523285662,0.00825082508250825,0.202786945361203,0.0652731939860653,0.455812247891456
273773.411807,2751366.126422,0.206593406593407,0.0606227106227106,0.00494505494505494,0.340659340659341,0.130952380952381,0.256227106227106
274273.411807,2751366.126422,0.292124542124542,0.0498168498168498,0.00183150183150183,0.110805860805861,0.0690476190476191,0.476373626373626
274773.411807,2751366.126422,0.415474880821415,0.00861752841950862,0.00293362669600293,0.0174184085075174,0.0201686835350202,0.535386872020535
275273.411807,2751366.126422,0.319973718791064,0.0505913272010513,0.00854139290407359,0.115308804204993,0.0568331143232589,0.448751642575558
262773.411807,2750866.126422,0.88372591006424,0,0,0,0,0.11627408993576
263273.411807,2750866.126422,0.519544870618462,0.00844191594788034,0.000550559735731327,0.00807487612405946,0.0264268673151037,0.436960910258763
263773.411807,2750866.126422,0.702365670273244,0.00715202640748212,0,0.0075187969924812,0.0341096644049147,0.248853841921878
264273.411807,2750866.126422,0.747113798790544,0,0,0.000183250870441635,0.000366501740883269,0.252336448598131
264773.411807,2750866.126422,0.692237107726188,0.0189025509267756,0.00532207744540283,0.00183519911910442,0.00972655533125344,0.271976509451275
265273.411807,2750866.126422,0.66807262057583,0.00275077938749312,0,0.00165046763249587,0.0135705116449661,0.313955620759215
265773.411807,2750866.126422,0.620120945574491,0.00366501740883269,0,0.00274876305662452,0.0100787978742899,0.363386476085761
266273.411807,2750866.126422,0.512754633877776,0.00311983850247752,0,0.00422095797394017,0.00972655533125344,0.470178014314553
266773.411807,2750866.126422,0.806895286997983,0,0,0.000550155877498625,0.00201723821749496,0.190537318907024
267273.411807,2750866.126422,0.766904892798241,0.00256551218618288,0,0.0089792926516401,0.0197910940076965,0.20175920835624
267773.411807,2750866.126422,0.426867315103689,0.0159662323362085,0.000183519911910442,0.254725637731694,0.0677188474949532,0.234538447421545
268273.411807,2750866.126422,0.64386576196589,0.0053181734824867,0,0.0231065468549422,0.013203741059967,0.314505776636714
268773.411807,2750866.126422,0.153747480300531,0.0293201392706615,0,0.0296866410115448,0.053142752428074,0.734102986989188
269273.411807,2750866.126422,0.025325747843641,0.219489814644889,0,0.00201871903101487,0.019086070838686,0.734079647641769
269773.411807,2750866.126422,0.314689161929213,0.00293416467999266,0,0.0161379057399597,0.0053181734824867,0.660920594168348
270273.411807,2750866.126422,0.328385559831409,0.030602895363753,0.00604727872457394,0.0630382994319223,0.0502107385010079,0.521715228147334
270773.411807,2750866.126422,0.227748210680859,0.0901082767480272,0.00403743806202973,0.0939621948981464,0.0778124426500275,0.50633143696091
271273.411807,2750866.126422,0.0852741610122868,0.048413717219879,0.0997615991197506,0.597836053548505,0.0518980377773703,0.116816431322208
271773.411807,2750866.126422,0.0359171706065604,0.0214403518416712,0.0276708814366868,0.862561847168774,0.0388491845336265,0.013560564412681
272273.411807,2750866.126422,0.166452560102771,0.0644154890805652,0.0422095797394017,0.438245549642136,0.0943292347219673,0.194347586713158
272773.411807,2750866.126422,0.29213277095177,0.0641848523748395,0.0416284613973959,0.214010636346965,0.0882083256922795,0.29983495323675
273273.411807,2750866.126422,0.269928532160528,0.132673630199743,0.0053142752428074,0.113798790544255,0.0474619754443834,0.430822796408283
273773.411807,2750866.126422,0.416590200036704,0.0521196549825656,0.0047715177096715,0.0585428518994311,0.0284455863461186,0.439530189025509
274273.411807,2750866.126422,0.327159361819182,0.0122868145974693,0.0179717586649551,0.00678525582248304,0.0110031175499725,0.624793691545938
274773.411807,2750866.126422,0.449880886934213,0.00549752611324904,0,0.0536925050393989,0.0130108118013561,0.477918270111783
275273.411807,2750866.126422,0.120672601384768,0.0903395977579954,0.0385756676557863,0.0698977909660402,0.0956149027365645,0.584899439498846
262773.411807,2750366.126422,0.625,0.00834760273972603,0,0.011986301369863,0.0267551369863014,0.32791095890411
263273.411807,2750366.126422,0.730275229357798,0.00642201834862385,0.000917431192660551,0.00788990825688073,0.0192660550458716,0.235229357798165
263773.411807,2750366.126422,0.97284901852871,0.000733810310034856,0,0,0,0.0264171711612548
264273.411807,2750366.126422,0.619230769230769,0.00128205128205128,0.000915750915750916,0.00164835164835165,0.0108058608058608,0.366117216117216
264773.411807,2750366.126422,0.795596330275229,0,0,0.00018348623853211,0.00220183486238532,0.202018348623853
265273.411807,2750366.126422,0.585947532562832,0.000550357732526142,0,0.00366905155017428,0.00532012474775271,0.404512933406714
265773.411807,2750366.126422,0.908241758241758,0,0,0,0.00201465201465201,0.0897435897435897
266273.411807,2750366.126422,0.80348623853211,0.00110091743119266,0,0.00110091743119266,0.00587155963302752,0.188440366972477
266773.411807,2750366.126422,0.754723903870849,0.001284168042561,0,0.000366905155017428,0.00293524124013942,0.240689781691433
267273.411807,2750366.126422,0.757692307692308,0.000183150183150183,0,0.000549450549450549,0.00146520146520147,0.24010989010989
267773.411807,2750366.126422,0.769357798165138,0.000917431192660551,0,0.00201834862385321,0.00642201834862385,0.221284403669725
268273.411807,2750366.126422,0.700788846083288,0.00091726288754357,0,0.000366905155017428,0.00990643918547056,0.288020546688681
268773.411807,2750366.126422,0.534981684981685,0.0172161172161172,0.000549450549450549,0.0728937728937729,0.0492673992673993,0.325091575091575
269273.411807,2750366.126422,0.429174311926605,0.129908256880734,0,0.0179816513761468,0.0284403669724771,0.394495412844037
269773.411807,2750366.126422,0.450376077783893,0.086589616584113,0.000733810310034856,0.028251696936342,0.0416437350944781,0.392405063291139
270273.411807,2750366.126422,0.36007326007326,0.0445054945054945,0.0113553113553114,0.101648351648352,0.0937728937728938,0.388644688644689
270773.411807,2750366.126422,0.141284403669725,0.0592660550458716,0.00752293577981651,0.219082568807339,0.117981651376147,0.454862385321101
271273.411807,2750366.126422,0.152449091909741,0.0535681526325445,0.251146578609429,0.242157402311502,0.0526508897450009,0.248027884791781
271773.411807,2750366.126422,0.103113553113553,0.0996336996336996,0.0474358974358974,0.624908424908425,0.0758241758241758,0.0490842490842491
272273.411807,2750366.126422,0.14256880733945,0.0592660550458716,0.0372477064220183,0.530275229357798,0.0478899082568807,0.182752293577982
272773.411807,2750366.126422,0.306182351862044,0.0473307649972482,0.0155934690882407,0.137589433131535,0.0726472206934507,0.420656760227481
273273.411807,2750366.126422,0.255494505494505,0.0573260073260073,0.00586080586080586,0.0428571428571429,0.0357142857142857,0.602747252747253
273773.411807,2750366.126422,0.486605504587156,0.0401834862385321,0,0.0588990825688073,0.0609174311926605,0.353394495412844
274273.411807,2750366.126422,0.300128416804256,0.0387084938543387,0.00275178866263071,0.197578425976885,0.0568702990277013,0.403962575674188
274773.411807,2750366.126422,0.53040293040293,0.0139194139194139,0.00293040293040293,0.0250915750915751,0.0375457875457875,0.39010989010989
275273.411807,2750366.126422,0.142951251646904,0.123188405797101,0.0359025032938076,0.0230566534914361,0.0928853754940712,0.58201581027668
262773.411807,2749866.126422,0.718903874973239,0.0117747805609077,0,0.00535217298223079,0.0171269535431385,0.246842217940484
263273.411807,2749866.126422,0.811904761904762,0.0021978021978022,0,0.00238095238095238,0.00256410256410256,0.180952380952381
263773.411807,2749866.126422,0.577289377289377,0.0507326007326007,0,0.00494505494505494,0.058974358974359,0.308058608058608
264273.411807,2749866.126422,0.783278327832783,0.000366703337000367,0,0.00055005500550055,0.00256692335900257,0.213237990465713
264773.411807,2749866.126422,0.758241758241758,0.00897435897435897,0,0.000366300366300366,0.00311355311355311,0.229304029304029
265273.411807,2749866.126422,0.564285714285714,0.013003663003663,0,0.00567765567765568,0.0194139194139194,0.397619047619048
265773.411807,2749866.126422,0.784195086175284,0.0011001100110011,0,0.00055005500550055,0.00421708837550422,0.20993766043271
266273.411807,2749866.126422,0.7996336996337,0.000549450549450549,0,0.000915750915750916,0.00549450549450549,0.193406593406593
266773.411807,2749866.126422,0.721978021978022,0.00128205128205128,0,0.00183150183150183,0.00586080586080586,0.269047619047619
267273.411807,2749866.126422,0.640814081408141,0.0022002200220022,0,0.0141180784745141,0.0216354968830216,0.321232123212321
267773.411807,2749866.126422,0.73974358974359,0.00384615384615385,0,0.0021978021978022,0.00860805860805861,0.245604395604396
268273.411807,2749866.126422,0.531868131868132,0.00659340659340659,0.00311355311355311,0.000915750915750916,0.00476190476190476,0.452747252747253
268773.411807,2749866.126422,0.835166850018335,0.0166850018335167,0,0.0170517051705171,0.0141180784745141,0.116978364503117
269273.411807,2749866.126422,0.321428571428571,0.146336996336996,0.0184981684981685,0.291575091575092,0.0734432234432234,0.148717948717949
269773.411807,2749866.126422,0.286813186813187,0.026007326007326,0.00366300366300366,0.13040293040293,0.0456043956043956,0.507509157509157
270273.411807,2749866.126422,0.277411074440777,0.109460946094609,0.0066006600660066,0.198019801980198,0.123579024569124,0.284928492849285
270773.411807,2749866.126422,0.258974358974359,0.137912087912088,0.00512820512820513,0.15,0.0813186813186813,0.366666666666667
271273.411807,2749866.126422,0.222893772893773,0.221978021978022,0.0124542124542125,0.12014652014652,0.0727106227106227,0.34981684981685
271773.411807,2749866.126422,0.18041804180418,0.0953428676200953,0.0181518151815182,0.227172717271727,0.112211221122112,0.366703337000367
272273.411807,2749866.126422,0.111904761904762,0.073992673992674,0.0804029304029304,0.454395604395604,0.0908424908424908,0.188461538461538
272773.411807,2749866.126422,0.328571428571429,0.036996336996337,0.00457875457875458,0.271428571428571,0.137545787545788,0.220879120879121
273273.411807,2749866.126422,0.243674367436744,0.0977264393105977,0.00366703337000367,0.249174917491749,0.0713237990465713,0.334433443344334
273773.411807,2749866.126422,0.192673992673993,0.0683150183150183,0.0227106227106227,0.402564102564103,0.0283882783882784,0.285347985347985
274273.411807,2749866.126422,0.542124542124542,0.13021978021978,0,0.0974358974358974,0.0291208791208791,0.201098901098901
274773.411807,2749866.126422,0.336817015034837,0.057022368903557,0.00751741840850752,0.026952695269527,0.044004400440044,0.527686101943528
275273.411807,2749866.126422,0.228318002628121,0.157358738501971,0,0.0565045992115637,0.0423784494086728,0.515440210249671
262773.411807,2749366.126422,0.846680942184154,0.000856531049250535,0,0.00321199143468951,0.00920770877944325,0.140042826552463
263273.411807,2749366.126422,0.665076160763443,0.00165167920719398,0,0.0034868783262984,0.0155991925123876,0.314186089190677
263773.411807,2749366.126422,0.595452044746011,0.0212726939299468,0,0.000183385292499542,0.00183385292499542,0.381258023106547
264273.411807,2749366.126422,0.552134872640645,0.00128275609309144,0,0.0102620487447315,0.0212571009712296,0.415063221550302
264773.411807,2749366.126422,0.628922738117086,0.0034868783262984,0,0.0152321526885667,0.0394567810607451,0.312901449807304
265273.411807,2749366.126422,0.581698147808546,0.00110031175499725,0,0.0139372822299652,0.01998899688245,0.383275261324042
265773.411807,2749366.126422,0.614806670331684,0.00366501740883269,0,0.00696353307678211,0.0249221183800623,0.349642660802639
266273.411807,2749366.126422,0.743255643237291,0,0,0.00605615709304459,0.0113782345384474,0.239309965131217
266773.411807,2749366.126422,0.626994315055933,0.00110031175499725,0,0.00348432055749129,0.00696864111498258,0.361452411516596
267273.411807,2749366.126422,0.516584203774968,0.00146600696353308,0,0.00696353307678211,0.0188748396554884,0.456111416529228
267773.411807,2749366.126422,0.613140025692788,0.0122958340979996,0.00311983850247752,0.0133969535694623,0.0422095797394017,0.315837768397871
268273.411807,2749366.126422,0.567027324408582,0.0141206675224647,0,0.013203741059967,0.0302585732624244,0.375389693746562
268773.411807,2749366.126422,0.574674729704966,0.0153930731170973,0.000733003481766538,0.0284038849184534,0.0883269195528679,0.292468389224849
269273.411807,2749366.126422,0.617544503578638,0.0919434758671316,0,0.000183519911910442,0.00807487612405946,0.28225362451826
269773.411807,2749366.126422,0.405281496423987,0.0144874381074638,0.000183385292499542,0.0915092609572712,0.0687694846873281,0.419768934531451
270273.411807,2749366.126422,0.283489096573209,0.0602895363752978,0.00201575957485798,0.226864577606744,0.132856881070185,0.294484148799707
270773.411807,2749366.126422,0.520462470178014,0.0411084602679391,0.0110111947146265,0.113598825472564,0.0671682877592219,0.246650761607634
271273.411807,2749366.126422,0.110948101962223,0.118833669539703,0.00128369704749679,0.0471300201723822,0.0581331377223547,0.663671373555841
271773.411807,2749366.126422,0.220267546270845,0.0536925050393989,0.00238226131574125,0.176653839105736,0.130474619754444,0.416529228513835
272273.411807,2749366.126422,0.289043861258947,0.0317489447605065,0.00422095797394017,0.0965314736648926,0.0831345200954303,0.495320242246284
272773.411807,2749366.126422,0.222079589216945,0.0643682376673391,0.000183385292499542,0.244635980194388,0.0918760315422703,0.376856776086558
273273.411807,2749366.126422,0.238959135055892,0.0434304562946674,0.0333516584203775,0.157412497709364,0.126992853216053,0.399853399303647
273773.411807,2749366.126422,0.136538814461369,0.0409249403560286,0.0289961460818499,0.316388328133603,0.058909891723252,0.418241879243898
274273.411807,2749366.126422,0.314689161929213,0.0177883733724555,0,0.0210893086374473,0.0297084173849257,0.616724738675958
274773.411807,2749366.126422,0.378779549202859,0.0399486897562763,0.0117280557082646,0.146050943741983,0.0793476269012278,0.34414513468939
275273.411807,2749366.126422,0.445763270689087,0.0392350807781075,0.022090339597758,0.147708539399934,0.078470161556215,0.266732607978899
262773.411807,2748866.126422,0.756635273972603,0.00492294520547945,0,0.0038527397260274,0.0226883561643836,0.211900684931507
263273.411807,2748866.126422,0.685137614678899,0.0187155963302752,0,0.00697247706422018,0.0242201834862385,0.264954128440367
263773.411807,2748866.126422,0.541552008805724,0.014125848468171,0,0.0207301412584847,0.0493487433498441,0.374243258117777
264273.411807,2748866.126422,0.491941391941392,0.00274725274725275,0,0.0141025641025641,0.0397435897435897,0.451465201465201
264773.411807,2748866.126422,0.398899082568807,0.0190825688073394,0,0.0196330275229358,0.071743119266055,0.490642201834862
265273.411807,2748866.126422,0.387451843698404,0.0902586681342873,0,0.0108237020730141,0.0317372959090075,0.479728490185287
265773.411807,2748866.126422,0.504578754578755,0.0441391941391941,0,0.00347985347985348,0.0115384615384615,0.436263736263736
266273.411807,2748866.126422,0.316330275229358,0.0867889908256881,0,0.0144954128440367,0.0574311926605505,0.524954128440367
266773.411807,2748866.126422,0.326178682810494,0.0454962392221611,0.00110071546505228,0.0236653824986241,0.0676940011007155,0.535864978902954
267273.411807,2748866.126422,0.507875457875458,0.078021978021978,0,0.00384615384615385,0.0364468864468864,0.373809523809524
267773.411807,2748866.126422,0.681834862385321,0.0115596330275229,0.00403669724770642,0.00752293577981651,0.0445871559633028,0.25045871559633
268273.411807,2748866.126422,0.79746835443038,0.00403595670519171,0,0.0143093010456797,0.026967528893781,0.157218858924968
268773.411807,2748866.126422,0.338278388278388,0.0827838827838828,0.00164835164835165,0.24029304029304,0.107509157509158,0.229487179487179
269273.411807,2748866.126422,0.494311926605505,0.120366972477064,0.000917431192660551,0.154128440366972,0.101100917431193,0.129174311926606
269773.411807,2748866.126422,0.33241607044579,0.00953953403045313,0.00935608145294441,0.0713630526508897,0.089157952669235,0.488167308750688
270273.411807,2748866.126422,0.364835164835165,0.0155677655677656,0.000183150183150183,0.251648351648352,0.0858974358974359,0.281868131868132
270773.411807,2748866.126422,0.422935779816514,0.00385321100917431,0,0.0100917431192661,0.0355963302752294,0.527522935779816
271273.411807,2748866.126422,0.337552742616034,0.0761328196661163,0.00165107319757843,0.0300862227114291,0.0504494588148963,0.504127682993946
271773.411807,2748866.126422,0.242490842490842,0.0833333333333333,0.00311355311355311,0.128205128205128,0.107875457875458,0.434981684981685
272273.411807,2748866.126422,0.159449541284404,0.0772477064220184,0.00715596330275229,0.148623853211009,0.0812844036697248,0.526238532110092
272773.411807,2748866.126422,0.150247660979637,0.0429279031370391,0.0066042927903137,0.372225279765181,0.113557145477894,0.314437717849936
273273.411807,2748866.126422,0.256593406593407,0.0686813186813187,0.00146520146520147,0.252197802197802,0.114468864468864,0.306593406593407
273773.411807,2748866.126422,0.245871559633028,0.0377981651376147,0.00128440366972477,0.177798165137615,0.102752293577982,0.434495412844037
274273.411807,2748866.126422,0.344890845716382,0.0199963309484498,0.0146762062006971,0.165290772335351,0.146028251696936,0.309117593102183
274773.411807,2748866.126422,0.371428571428571,0.026007326007326,0.00494505494505494,0.191758241758242,0.0954212454212454,0.31043956043956
275273.411807,2748866.126422,0.557971014492754,0.0121870882740448,0.00329380764163373,0.0965085638998682,0.058300395256917,0.271739130434783
262773.411807,2748366.126422,0.170841361592807,0.250909869406979,0,0.0387497323913509,0.109826589595376,0.429672447013488
263273.411807,2748366.126422,0.164102564102564,0.279487179487179,0,0.00695970695970696,0.0538461538461538,0.495604395604396
263773.411807,2748366.126422,0.25989010989011,0.26025641025641,0,0.0230769230769231,0.0741758241758242,0.382600732600733
264273.411807,2748366.126422,0.322515584891823,0.217271727172717,0,0.00843417675100843,0.0311697836450312,0.420608727539421
264773.411807,2748366.126422,0.344871794871795,0.174358974358974,0,0.0179487179487179,0.0547619047619048,0.408058608058608
265273.411807,2748366.126422,0.423992673992674,0.192673992673993,0,0.0294871794871795,0.060989010989011,0.292857142857143
265773.411807,2748366.126422,0.487898789878988,0.0575724239090576,0,0.00458379171250458,0.0403373670700403,0.40960762742941
266273.411807,2748366.126422,0.818681318681319,0.000732600732600733,0,0.000183150183150183,0.00146520146520147,0.178937728937729
266773.411807,2748366.126422,0.676373626373626,0.000732600732600733,0,0.00128205128205128,0.00366300366300366,0.317948717948718
267273.411807,2748366.126422,0.818665199853319,0.0011001100110011,0,0.0055005500550055,0.0410707737440411,0.133663366336634
267773.411807,2748366.126422,0.480586080586081,0.0234432234432234,0,0.0705128205128205,0.147252747252747,0.278205128205128
268273.411807,2748366.126422,0.432417582417582,0.0485347985347985,0.000183150183150183,0.121062271062271,0.223443223443223,0.174358974358974
268773.411807,2748366.126422,0.392922625595893,0.0132013201320132,0,0.0806747341400807,0.103410341034103,0.40979097909791
269273.411807,2748366.126422,0.256776556776557,0.163186813186813,0.00128205128205128,0.182967032967033,0.0785714285714286,0.317216117216117
269773.411807,2748366.126422,0.307509157509158,0.0223443223443223,0.0252747252747253,0.138461538461538,0.0597069597069597,0.446703296703297
270273.411807,2748366.126422,0.325999266593326,0.0254858819215255,0.0066006600660066,0.161166116611661,0.0947928126145948,0.385955262192886
270773.411807,2748366.126422,0.278205128205128,0.0358974358974359,0.0032967032967033,0.105677655677656,0.0712454212454212,0.505677655677656
271273.411807,2748366.126422,0.433882783882784,0.0261904761904762,0.0139194139194139,0.196336996336996,0.0934065934065934,0.236263736263736
271773.411807,2748366.126422,0.293729372937294,0.104143747708104,0.0205353868720205,0.0828749541620829,0.0520718738540521,0.446644664466447
272273.411807,2748366.126422,0.206593406593407,0.0206959706959707,0.174358974358974,0.0542124542124542,0.0712454212454212,0.472893772893773
272773.411807,2748366.126422,0.251465201465201,0.0382783882783883,0.0417582417582418,0.08003663003663,0.0846153846153846,0.503846153846154
273273.411807,2748366.126422,0.273560689402274,0.0471213788045471,0.00201686835350202,0.13017968463513,0.0856252291895856,0.461496149614961
273773.411807,2748366.126422,0.187545787545788,0.0333333333333333,0.0210622710622711,0.502564102564103,0.104212454212454,0.151282051282051
274273.411807,2748366.126422,0.326190476190476,0.0443223443223443,0.00805860805860806,0.195604395604396,0.128571428571429,0.297252747252747
274773.411807,2748366.126422,0.253758709204254,0.161716171617162,0.00293362669600293,0.110744407774111,0.0918591859185919,0.378987898789879
275273.411807,2748366.126422,0.159658344283837,0.156044678055191,0,0.109724047306176,0.0883705650459921,0.486202365308804
262773.411807,2747866.126422,0.848608137044968,0.00149892933618844,0,0.0169164882226981,0.0394004282655246,0.093576017130621
263273.411807,2747866.126422,0.957606900348688,0,0,0,0,0.0423930996513122
263773.411807,2747866.126422,0.910507977260224,0.000183385292499542,0,0.00256739409499358,0.0075187969924812,0.0792224463598019
264273.411807,2747866.126422,0.901777533443284,0.026571376214037,0.0227231079347627,0.000549752611324904,0.00146600696353308,0.0469122228330585
264773.411807,2747866.126422,0.902917966599376,0,0,0,0,0.097082033400624
265273.411807,2747866.126422,0.908857509627728,0,0,0.000183385292499542,0.0106363469649734,0.0803227581147992
265773.411807,2747866.126422,0.829759941359721,0.00989554700384827,0,0,0.0148433205057724,0.145501191130658
266273.411807,2747866.126422,0.589465957056341,0.0803817214167737,0,0.00201871903101487,0.0179849513672233,0.310148651128647
266773.411807,2747866.126422,0.651751329543371,0.00201723821749496,0.00165046763249587,0.00128369704749679,0.00916926462497708,0.334128002934165
267273.411807,2747866.126422,0.646692321788529,0.00219901044529962,0,0.0139270661535642,0.0359171706065604,0.301264431006047
267773.411807,2747866.126422,0.564874288860341,0.00513855753349238,0,0.0247751881079097,0.0363369425582676,0.368875022939989
268273.411807,2747866.126422,0.434806528516413,0.00935264991747662,0,0.0867412433522831,0.06400146708234,0.405098111131487
268773.411807,2747866.126422,0.232362103719993,0.0494777350192413,0.000183250870441635,0.111233278358072,0.0842954004031519,0.5224482316291
269273.411807,2747866.126422,0.285373463020738,0.179665993760323,0,0.0267939071389246,0.0324830244081483,0.475683611671866
269773.411807,2747866.126422,0.210526315789474,0.0209059233449477,0.00586832935998533,0.224830368604438,0.0984779020722538,0.439391160828902
270273.411807,2747866.126422,0.317024005864028,0.0126443100604728,0,0.21971779365952,0.0536925050393989,0.396921385376581
270773.411807,2747866.126422,0.177830794641219,0.0400073407964764,0,0.292163699761424,0.0941457148100569,0.395852449990824
271273.411807,2747866.126422,0.202090592334495,0.026407482119934,0.00183385292499542,0.354850540986613,0.103796075554741,0.311021456079222
271773.411807,2747866.126422,0.620120945574491,0.00787978742899029,0.00586402785413231,0.0375664284405351,0.0362836723474437,0.292285138354407
272273.411807,2747866.126422,0.476968251055239,0.017434391631492,0.052303174894476,0.00256927876674619,0.00862543585979079,0.442099467792255
272773.411807,2747866.126422,0.270309921144324,0.0544654318723638,0.0218228498074454,0.0368604437924078,0.0271410232899321,0.589400330093527
273273.411807,2747866.126422,0.269378779549203,0.0672530694520799,0,0.0549752611324904,0.0610225398570643,0.547370350009163
273773.411807,2747866.126422,0.242796843457515,0.0669847678473114,0.0196366305744173,0.335657918884199,0.151587447238025,0.183336391998532
274273.411807,2747866.126422,0.336878782321658,0.0282413350449294,0.00256739409499358,0.225197139189437,0.14780854575463,0.259306803594352
274773.411807,2747866.126422,0.578156496243357,0.0701850833791461,0,0.051676745464541,0.0841121495327103,0.215869525380246
275273.411807,2747866.126422,0.0698977909660402,0.464226838114078,0,0.056379821958457,0.0497856907352456,0.359709858226179
262773.411807,2747366.126422,0.763484589041096,0.00535102739726027,0,0.0100599315068493,0.0224743150684932,0.198630136986301
263273.411807,2747366.126422,0.380366972477064,0.0128440366972477,0.0137614678899083,0.00110091743119266,0.0143119266055046,0.577614678899083
263773.411807,2747366.126422,0.271142909557879,0.00238488350761328,0,0.0104567969179967,0.0346725371491469,0.681342872867364
264273.411807,2747366.126422,0.43040293040293,0.0124542124542125,0,0.0888278388278388,0.0954212454212454,0.372893772893773
264773.411807,2747366.126422,0.334495412844037,0.0267889908256881,0,0.00036697247706422,0.00788990825688073,0.63045871559633
265273.411807,2747366.126422,0.184736745551275,0.0695285268758026,0,0.0143093010456797,0.0886075949367089,0.642817831590534
265773.411807,2747366.126422,0.521611721611722,0.0476190476190476,0,0.0195970695970696,0.11025641025641,0.300915750915751
266273.411807,2747366.126422,0.833211009174312,0,0,0,0.00201834862385321,0.164770642201835
266773.411807,2747366.126422,0.79453311319024,0.000550357732526142,0,0.00495321959273528,0.0163272793982755,0.183636030086223
267273.411807,2747366.126422,0.707692307692308,0.0108058608058608,0,0.00476190476190476,0.0161172161172161,0.260622710622711
267773.411807,2747366.126422,0.566422018348624,0.0124770642201835,0,0.00697247706422018,0.0229357798165138,0.391192660550459
268273.411807,2747366.126422,0.334617501375894,0.0409099247844432,0,0.0820033021463952,0.0603558980003669,0.4821133736929
268773.411807,2747366.126422,0.242124542124542,0.0261904761904762,0.0163003663003663,0.10018315018315,0.102014652014652,0.513186813186813
269273.411807,2747366.126422,0.198348623853211,0.193394495412844,0,0.140550458715596,0.0902752293577982,0.37743119266055
269773.411807,2747366.126422,0.210236653824986,0.105118326912493,0.00458631443771785,0.154283617684828,0.0715465052283985,0.454228581911576
270273.411807,2747366.126422,0.235897435897436,0.0214285714285714,0.000915750915750916,0.258974358974359,0.132600732600733,0.35018315018315
270773.411807,2747366.126422,0.215045871559633,0.0387155963302752,0.00954128440366972,0.171192660550459,0.0904587155963303,0.475045871559633
271273.411807,2747366.126422,0.287653641533664,0.0566868464501926,0.00733810310034856,0.235186204366171,0.0658594753256283,0.347275729223996
271773.411807,2747366.126422,0.499450549450549,0.0128205128205128,0.0010989010989011,0.0948717948717949,0.0608058608058608,0.330952380952381
272273.411807,2747366.126422,0.675229357798165,0.00201834862385321,0.00073394495412844,0.0394495412844037,0.0321100917431193,0.25045871559633
272773.411807,2747366.126422,0.308750687947166,0.0225646670335718,0.0443955237571088,0.0221977618785544,0.0199963309484498,0.582095028435149
273273.411807,2747366.126422,0.227838827838828,0.0393772893772894,0.000183150183150183,0.110989010989011,0.0935897435897436,0.528021978021978
273773.411807,2747366.126422,0.274311926605505,0.0407339449541284,0.0212844036697248,0.167889908256881,0.142201834862385,0.353577981651376
274273.411807,2747366.126422,0.382865529260686,0.0199963309484498,0.000366905155017428,0.131535498073748,0.156118143459916,0.309117593102183
274773.411807,2747366.126422,0.33974358974359,0.026007326007326,0.00641025641025641,0.196886446886447,0.10018315018315,0.330769230769231
275273.411807,2747366.126422,0.303030303030303,0.129776021080369,0,0.038866930171278,0.0368906455862978,0.491436100131752
262773.411807,2746866.126422,0.876685934489403,0.00107043459644616,0,0.000428173838578463,0.00706486833654464,0.114750588739028
263273.411807,2746866.126422,0.671611721611722,0.00366300366300366,0,0.00183150183150183,0.0133699633699634,0.30952380952381
263773.411807,2746866.126422,0.832417582417582,0.0010989010989011,0,0.00293040293040293,0.0043956043956044,0.159157509157509
264273.411807,2746866.126422,0.790979097909791,0.000183351668500183,0,0.0022002200220022,0.00568390172350568,0.200953428676201
264773.411807,2746866.126422,0.736813186813187,0.00934065934065934,0,0.00622710622710623,0.0375457875457875,0.21007326007326
265273.411807,2746866.126422,0.322710622710623,0.0532967032967033,0,0.0120879120879121,0.0580586080586081,0.553846153846154
265773.411807,2746866.126422,0.497799779977998,0.0100843417675101,0,0.00366703337000367,0.0317198386505317,0.456729006233957
266273.411807,2746866.126422,0.381868131868132,0.0131868131868132,0,0.0230769230769231,0.0826007326007326,0.499267399267399
266773.411807,2746866.126422,0.337179487179487,0.0139194139194139,0.000183150183150183,0.102930402930403,0.116117216117216,0.42967032967033
267273.411807,2746866.126422,0.228089475614228,0.0348368170150348,0,0.0803080308030803,0.0280528052805281,0.628712871287129
267773.411807,2746866.126422,0.560622710622711,0.00146520146520147,0,0.0417582417582418,0.052014652014652,0.344139194139194
268273.411807,2746866.126422,0.615934065934066,0.00586080586080586,0,0.063003663003663,0.0626373626373626,0.252564102564103
268773.411807,2746866.126422,0.266776677667767,0.00605060506050605,0,0.256325632563256,0.130729739640631,0.34011734506784
269273.411807,2746866.126422,0.176556776556777,0.139010989010989,0.00366300366300366,0.174358974358974,0.0666666666666667,0.43974358974359
269773.411807,2746866.126422,0.327655677655678,0.0335164835164835,0.0157509157509158,0.117399267399267,0.0998168498168498,0.405860805860806
270273.411807,2746866.126422,0.46021268793546,0.00733406674000733,0,0.125779244591126,0.0539053905390539,0.352768610194353
270773.411807,2746866.126422,0.496886446886447,0.00750915750915751,0.000183150183150183,0.136630036630037,0.0844322344322344,0.274358974358974
271273.411807,2746866.126422,0.358791208791209,0.0135531135531136,0.0106227106227106,0.103296703296703,0.0461538461538462,0.467582417582418
271773.411807,2746866.126422,0.436193619361936,0.00641730839750642,0,0.0713237990465713,0.0416208287495416,0.444444444444444
272273.411807,2746866.126422,0.423809523809524,0.00659340659340659,0.00311355311355311,0.150915750915751,0.104029304029304,0.311538461538462
272773.411807,2746866.126422,0.553113553113553,0.0010989010989011,0,0.0195970695970696,0.0153846153846154,0.410805860805861
273273.411807,2746866.126422,0.327282728272827,0.00953428676200953,0.000366703337000367,0.0854418775210854,0.0643564356435644,0.513017968463513
273773.411807,2746866.126422,0.406410256410256,0.0842490842490843,0.00787545787545788,0.043956043956044,0.0686813186813187,0.388827838827839
274273.411807,2746866.126422,0.544139194139194,0.0194139194139194,0.00805860805860806,0.0498168498168498,0.0545787545787546,0.323992673992674
274773.411807,2746866.126422,0.202420242024202,0.0687568756875688,0.000916758342500917,0.266593325999267,0.119178584525119,0.342134213421342
275273.411807,2746866.126422,0.127792378449409,0.186268068331143,0.00229960578186597,0.0374507227332457,0.0492772667542707,0.596911957950066
262773.411807,2746366.126422,0.701713062098501,0.0222698072805139,0,0.00256959314775161,0.00792291220556745,0.265524625267666
263273.411807,2746366.126422,0.865663424481556,0.0012846393833731,0,0.00752431638832813,0.0179849513672233,0.107542668379519
263773.411807,2746366.126422,0.774802860810563,0.00788556757748029,0,0.00733541169998166,0.0319090408949202,0.178067119017055
264273.411807,2746366.126422,0.808686091258933,0.0225398570643211,0,0.0362836723474437,0.0289536375297783,0.103536741799524
264773.411807,2746366.126422,0.688016149752248,0.00568911726922371,0,0.00183519911910442,0.0192695907505964,0.285189943108827
265273.411807,2746366.126422,0.794241701815514,0.00128369704749679,0,0.0022006235099945,0.0194388410049514,0.182835136622043
265773.411807,2746366.126422,0.519332966831592,0.0153930731170973,0,0.0047645226314825,0.0414146967198094,0.419094740700018
266273.411807,2746366.126422,0.47311433290512,0.00201871903101487,0,0.0502844558634612,0.0627638098733713,0.411818682327033
266773.411807,2746366.126422,0.659453511828351,0,0,0.0221896203924445,0.0297084173849257,0.288648450394278
267273.411807,2746366.126422,0.674179952354774,0.00714678394722375,0,0.053142752428074,0.0588235294117647,0.206706981858164
267773.411807,2746366.126422,0.349054872453661,0.012846393833731,0,0.101670031198385,0.0827674802716095,0.453661222242613
268273.411807,2746366.126422,0.435540069686411,0.00311754997249221,0.000733541169998166,0.195121951219512,0.134971575279663,0.230515312671924
268773.411807,2746366.126422,0.411764705882353,0.0106285504856148,0,0.120762323621037,0.0921751878321422,0.364669232178853
269273.411807,2746366.126422,0.410167003119839,0.159662323362085,0.0148651128647458,0.0884565975408332,0.0304643053771334,0.296384657735364
269773.411807,2746366.126422,0.504676324958738,0.0229231615624427,0.00476801760498808,0.0876581698147808,0.0438290849073904,0.33614524115166
270273.411807,2746366.126422,0.643210555250137,0.0203408466190214,0,0.0844786512735936,0.0454462158695254,0.206523730987722
270773.411807,2746366.126422,0.446870985501927,0.00495503762158194,0.00550559735731327,0.184070471646174,0.0603780510185355,0.298219856854469
271273.411807,2746366.126422,0.221896203924445,0.0359435173299101,0.00605171465248487,0.23216578030442,0.112231799009719,0.391710984779021
271773.411807,2746366.126422,0.249404434671065,0.0133773135422393,0.00128275609309144,0.106285504856148,0.0756826094923951,0.553967381345061
