"x","y","forest","agri","water","built","other","grass"
251773.411807,2765366.126422,0.080168776371308,0.011557512383049,0.500091726288754,0.394239589066226,0.00403595670519171,0.00990643918547056
252273.411807,2765366.126422,0.336263736263736,0.142673992673993,0.01996336996337,0.0133699633699634,0.041025641025641,0.446703296703297
252773.411807,2765366.126422,0.147889908256881,0.278899082568807,0,0.0203669724770642,0.0354128440366972,0.51743119266055
253273.411807,2765366.126422,0.172445422858191,0.101632727939828,0.14401027334434,0.0596220876903321,0.125848468170978,0.396441019996331
253773.411807,2765366.126422,0.147619047619048,0.0159340659340659,0,0.0419413919413919,0.0642857142857143,0.73021978021978
254273.411807,2765366.126422,0.0190825688073394,0.179082568807339,0.00036697247706422,0.0710091743119266,0.180733944954128,0.549724770642202
254773.411807,2765366.126422,0.0445789763346175,0.207301412584847,0.000183452577508714,0.0392588515868648,0.0726472206934507,0.636030086222711
255273.411807,2765366.126422,0.0201465201465201,0.056043956043956,0.468864468864469,0.0263736263736264,0.0516483516483516,0.376923076923077
255773.411807,2765366.126422,0.0607339449541284,0.270275229357798,0.0409174311926606,0.0253211009174312,0.0765137614678899,0.526238532110092
256273.411807,2765366.126422,0.0497156485048615,0.299944964226747,0,0.0568702990277013,0.0574206567602275,0.536048431480462
256773.411807,2765366.126422,0.043956043956044,0.347069597069597,0,0.0483516483516484,0.0952380952380952,0.465384615384615
257273.411807,2765366.126422,0.0908256880733945,0.148256880733945,0.207339449541284,0.0414678899082569,0.0803669724770642,0.431743119266055
257773.411807,2765366.126422,0.0651256650155935,0.229866079618419,0,0.0796184186387819,0.0862227114290956,0.53916712529811
258273.411807,2765366.126422,0.0902930402930403,0.130586080586081,0.121245421245421,0.0489010989010989,0.0802197802197802,0.528754578754579
258773.411807,2765366.126422,0.0737614678899083,0.206238532110092,0.117798165137615,0.0921100917431193,0.0706422018348624,0.439449541284404
259273.411807,2765366.126422,0.0381581361218125,0.319941295175197,0.00293524124013942,0.187671986791414,0.10695285268758,0.344340487983856
259773.411807,2765366.126422,0.0562271062271062,0.335347985347985,0.0443223443223443,0.0322344322344322,0.0472527472527473,0.484615384615385
260273.411807,2765366.126422,0.106605504587156,0.269724770642202,0.215779816513761,0.0326605504587156,0.0585321100917431,0.316697247706422
260773.411807,2765366.126422,0.08273711245643,0.321592368372776,0.00183452577508714,0.0832874701889562,0.105668684645019,0.404879838561732
261273.411807,2765366.126422,0.0807692307692308,0.365018315018315,0,0.0467032967032967,0.0783882783882784,0.429120879120879
261773.411807,2765366.126422,0.0504587155963303,0.165504587155963,0.00055045871559633,0.112477064220183,0.0911926605504587,0.579816513761468
262273.411807,2765366.126422,0.0790680609062557,0.0744817464685379,0.00238488350761328,0.106219042377545,0.115758576407999,0.622087690332049
251773.411807,2764866.126422,0.241575091575092,0.0652014652014652,0.206776556776557,0.257692307692308,0.0672161172161172,0.161538461538462
252273.411807,2764866.126422,0.124495782911624,0.378621195452879,0.0011001100110011,0.0430876420975431,0.033003300330033,0.41969196919692
252773.411807,2764866.126422,0.105860805860806,0.2996336996337,0.00183150183150183,0.160989010989011,0.105128205128205,0.326556776556777
253273.411807,2764866.126422,0.0261904761904762,0.154578754578755,0.352930402930403,0.102380952380952,0.0789377289377289,0.284981684981685
253773.411807,2764866.126422,0.103226989365603,0.134030069673634,0.00495049504950495,0.0630729739640631,0.096993032636597,0.597726439310598
254273.411807,2764866.126422,0.15970695970696,0.147252747252747,0.173626373626374,0.0395604395604396,0.0452380952380952,0.434615384615385
254773.411807,2764866.126422,0.0521978021978022,0.337179487179487,0.0010989010989011,0.0428571428571429,0.0679487179487179,0.498717948717949
255273.411807,2764866.126422,0.0594059405940594,0.250641730839751,0,0.0652731939860653,0.092042537587092,0.532636596993033
255773.411807,2764866.126422,0.0487179487179487,0.20018315018315,0.258791208791209,0.034981684981685,0.0549450549450549,0.402380952380952
256273.411807,2764866.126422,0.063003663003663,0.484065934065934,0,0.0263736263736264,0.0582417582417582,0.368315018315018
256773.411807,2764866.126422,0.0630729739640631,0.222405573890722,0,0.0821415474880821,0.0738907224055739,0.558489182251559
257273.411807,2764866.126422,0.0454212454212454,0.228754578754579,0.283882783882784,0.0470695970695971,0.063003663003663,0.331868131868132
257773.411807,2764866.126422,0.140842490842491,0.101098901098901,0.000549450549450549,0.0626373626373626,0.0663003663003663,0.628571428571429
258273.411807,2764866.126422,0.01998533186652,0.284378437843784,0.123395672900623,0.0513384671800513,0.061972863953062,0.458929226255959
258773.411807,2764866.126422,0.110989010989011,0.281318681318681,0,0.0238095238095238,0.0351648351648352,0.548717948717949
259273.411807,2764866.126422,0.0324175824175824,0.472161172161172,0,0.0368131868131868,0.0767399267399267,0.381868131868132
259773.411807,2764866.126422,0.0496883021635497,0.261276127612761,0,0.157132379904657,0.10982764943161,0.422075540887422
260273.411807,2764866.126422,0.0556776556776557,0.336813186813187,0.000732600732600733,0.22967032967033,0.0908424908424908,0.286263736263736
260773.411807,2764866.126422,0.0408424908424908,0.409340659340659,0,0.0858974358974359,0.131868131868132,0.332051282051282
261273.411807,2764866.126422,0.0757242390905757,0.204803813714705,0.0011001100110011,0.148698203153649,0.0781078107810781,0.491565823248992
261773.411807,2764866.126422,0.0368131868131868,0.216300366300366,0,0.117948717948718,0.153846153846154,0.475091575091575
262273.411807,2764866.126422,0.0472527472527473,0.208058608058608,0,0.139010989010989,0.118864468864469,0.486813186813187
251273.411807,2764366.126422,0,0,0.22407781244265,0.77573866764544,0.000183519911910442,0
251773.411807,2764366.126422,0.108930863744728,0.0372272143774069,0.147075004584632,0.479002384008803,0.0667522464698331,0.161012286814597
252273.411807,2764366.126422,0.204691222283306,0.0787978742899029,0.0423309510720176,0.129008612790911,0.0958402052409749,0.449331134322888
252773.411807,2764366.126422,0.0847861993026243,0.14112681225913,0.0124793540099101,0.385024775188108,0.084235639566893,0.292347219673335
253273.411807,2764366.126422,0.108564093159729,0.0289748762149276,0.0386942967174033,0.320557491289199,0.0761048963873097,0.427104346231432
253773.411807,2764366.126422,0.10317024005864,0.104086494410848,0.000366501740883269,0.118196811434854,0.100238226131574,0.5739417262232
254273.411807,2764366.126422,0.12038906221325,0.0728574050284456,0.000734079647641769,0.200770783630024,0.143145531290145,0.462103138190494
254773.411807,2764366.126422,0.0856409315972859,0.0973775903172566,0.000366770584999083,0.266825600586833,0.117183201907207,0.432605905006418
255273.411807,2764366.126422,0.0249221183800623,0.376214037016676,0.000733003481766538,0.0925416895730255,0.169690306028954,0.335898845519516
255773.411807,2764366.126422,0.0458799779776106,0.351807671132318,0,0.0620297302257295,0.0846026793907139,0.455679941273628
256273.411807,2764366.126422,0.0638180817898405,0.333577847056666,0.030808729139923,0.0262240968274344,0.0456629378323858,0.49990830735375
256773.411807,2764366.126422,0.0513102437236577,0.2354773685175,0.350742166025289,0.0346344145134689,0.0524097489463075,0.275426058273777
257273.411807,2764366.126422,0.0620297302257295,0.221692053587814,0.129014498073041,0.0695540466140576,0.0853367590383557,0.432372912461002
257773.411807,2764366.126422,0.0601503759398496,0.296350632679259,0,0.070419952319824,0.0878415551072804,0.485237483953787
258273.411807,2764366.126422,0.0390324354040682,0.262415246472421,0,0.0562580172255818,0.0853949056258017,0.556899395272128
258773.411807,2764366.126422,0.0794641218572215,0.247935400991008,0.000917599559552211,0.0497338961277299,0.0756102037071022,0.546338777757387
259273.411807,2764366.126422,0.0476801760498808,0.371355217311572,0,0.0610673024023473,0.0592334494773519,0.460663854758848
259773.411807,2764366.126422,0.0293201392706615,0.201575957485798,0.000366501740883269,0.0991387209089243,0.114531794026022,0.555066886567711
260273.411807,2764366.126422,0.0277115066984768,0.19489814644889,0.000550559735731327,0.0877225178931914,0.0893741971003854,0.599743072123325
260773.411807,2764366.126422,0.0632679259123418,0.0748211993398129,0.024390243902439,0.459380157711352,0.139372822299652,0.238767650834403
261273.411807,2764366.126422,0.0767821147150449,0.173172072567345,0.0335349092908191,0.124060839288987,0.0969397104636247,0.49551035367418
261773.411807,2764366.126422,0.0409249403560286,0.202055423013397,0.115066984767847,0.0862543585979079,0.180950633143696,0.374747660121123
262273.411807,2764366.126422,0.0482303319273794,0.0924261874197689,0.216394645149459,0.102695763799743,0.0909591050797726,0.449293966623877
251273.411807,2763866.126422,0,0,0.441100917431193,0.558899082568807,0,0
251773.411807,2763866.126422,0.261603375527426,0.0258668134287287,0.133003118693818,0.157769216657494,0.0985140341221794,0.323243441570354
252273.411807,2763866.126422,0.158791208791209,0.127655677655678,0.0155677655677656,0.178937728937729,0.0970695970695971,0.421978021978022
252773.411807,2763866.126422,0.0746788990825688,0.12697247706422,0.011743119266055,0.30697247706422,0.107339449541284,0.372293577981651
253273.411807,2763866.126422,0.119060722803155,0.147312419739497,0.00110071546505228,0.125114657860943,0.093010456796918,0.514401027334434
253773.411807,2763866.126422,0.0622710622710623,0.171794871794872,0.0159340659340659,0.458058608058608,0.0778388278388278,0.214102564102564
254273.411807,2763866.126422,0.0484403669724771,0.041651376146789,0.00018348623853211,0.318532110091743,0.0544954128440367,0.536697247706422
254773.411807,2763866.126422,0.0423775454045129,0.287286736378646,0,0.0399926618968997,0.0532012474775271,0.577141808842414
255273.411807,2763866.126422,0.0615384615384615,0.171978021978022,0,0.102930402930403,0.0844322344322344,0.579120879120879
255773.411807,2763866.126422,0.0361467889908257,0.228807339449541,0,0.0941284403669725,0.0908256880733945,0.550091743119266
256273.411807,2763866.126422,0.0432948082920565,0.281966611630893,0,0.100898917629793,0.075032104201064,0.498807558246193
256773.411807,2763866.126422,0.0608058608058608,0.195604395604396,0.000183150183150183,0.073992673992674,0.0749084249084249,0.594505494505495
257273.411807,2763866.126422,0.0308256880733945,0.29651376146789,0,0.0768807339449541,0.0757798165137615,0.52
257773.411807,2763866.126422,0.0550357732526142,0.226013575490736,0.0319207484865162,0.135021097046413,0.121445606310769,0.430563199412952
258273.411807,2763866.126422,0.0686813186813187,0.237728937728938,0.0010989010989011,0.0950549450549451,0.102564102564103,0.494871794871795
258773.411807,2763866.126422,0.0759633027522936,0.251192660550459,0.00018348623853211,0.0772477064220184,0.0777981651376147,0.517614678899083
259273.411807,2763866.126422,0.0583379196477711,0.140891579526692,0.328013208585581,0.0469638598422308,0.0693450742982939,0.356448358099431
259773.411807,2763866.126422,0.091025641025641,0.0963369963369963,0.253663003663004,0.0622710622710623,0.0681318681318681,0.428571428571429
260273.411807,2763866.126422,0.0467889908256881,0.16348623853211,0.102752293577982,0.0348623853211009,0.0574311926605505,0.594678899082569
260773.411807,2763866.126422,0.0530177949000183,0.0596220876903321,0.163456246560264,0.418455329297377,0.0933773619519354,0.212071179600073
261273.411807,2763866.126422,0.0631868131868132,0.121062271062271,0.292490842490843,0.0417582417582418,0.0584249084249084,0.423076923076923
261773.411807,2763866.126422,0.0488073394495413,0.191926605504587,0.225688073394495,0.0530275229357798,0.113761467889908,0.366788990825688
262273.411807,2763866.126422,0.0653091175931022,0.270225646670336,0.0126582278481013,0.142909557879288,0.121445606310769,0.387451843698404
251773.411807,2763366.126422,0.216300366300366,0.177838827838828,0.026007326007326,0.134065934065934,0.144505494505494,0.301282051282051
252273.411807,2763366.126422,0.0533553355335534,0.316281628162816,0,0.0284195086175284,0.055005500550055,0.546938027136047
252773.411807,2763366.126422,0.0847985347985348,0.223626373626374,0.0267399267399267,0.0941391941391941,0.0695970695970696,0.501098901098901
253273.411807,2763366.126422,0.0534798534798535,0.296336996336996,0.000549450549450549,0.0282051282051282,0.0611721611721612,0.56025641025641
253773.411807,2763366.126422,0.0537220388705537,0.164466446644664,0,0.0731573157315732,0.0896589658965897,0.618995232856619
254273.411807,2763366.126422,0.0789377289377289,0.0688644688644689,0.0148351648351648,0.434432234432234,0.0573260073260073,0.345604395604396
254773.411807,2763366.126422,0.104395604395604,0.218864468864469,0.0298534798534799,0.0727106227106227,0.0761904761904762,0.497985347985348
255273.411807,2763366.126422,0.0630729739640631,0.257059039237257,0.00935093509350935,0.0262192885955262,0.0359369270260359,0.608360836083608
255773.411807,2763366.126422,0.0492673992673993,0.245238095238095,0.000183150183150183,0.0417582417582418,0.0586080586080586,0.604945054945055
256273.411807,2763366.126422,0.0448717948717949,0.165018315018315,0.00934065934065934,0.0296703296703297,0.0553113553113553,0.695787545787546
256773.411807,2763366.126422,0.0713237990465713,0.183351668500183,0.000916758342500917,0.0302530253025303,0.0592225889255592,0.654932159882655
257273.411807,2763366.126422,0.100732600732601,0.218131868131868,0,0.141025641025641,0.106776556776557,0.433333333333333
257773.411807,2763366.126422,0.0644688644688645,0.153663003663004,0.336996336996337,0.133150183150183,0.0976190476190476,0.214102564102564
258273.411807,2763366.126422,0.0718738540520719,0.284561789512285,0,0.142280894756142,0.0742574257425743,0.427026035936927
258773.411807,2763366.126422,0.105128205128205,0.122161172161172,0,0.054029304029304,0.06996336996337,0.648717948717949
259273.411807,2763366.126422,0.0886446886446886,0.178937728937729,0.102564102564103,0.0736263736263736,0.082967032967033,0.473260073260073
259773.411807,2763366.126422,0.0502383571690502,0.215071507150715,0,0.0979097909790979,0.0735240190685735,0.563256325632563
260273.411807,2763366.126422,0.063003663003663,0.127289377289377,0,0.0604395604395604,0.0783882783882784,0.670879120879121
260773.411807,2763366.126422,0.0745421245421245,0.183882783882784,0.00897435897435897,0.18956043956044,0.135164835164835,0.407875457875458
261273.411807,2763366.126422,0.0771910524385772,0.205170517051705,0,0.0315364869820315,0.0493215988265493,0.636780344701137
261773.411807,2763366.126422,0.10018315018315,0.13021978021978,0.0738095238095238,0.0987179487179487,0.0983516483516483,0.498717948717949
262273.411807,2763366.126422,0.0336996336996337,0.257509157509157,0.345421245421245,0.0282051282051282,0.0602564102564103,0.274908424908425
251273.411807,2762866.126422,0.0282620664342081,0.00899247568361167,0.270875389979813,0.631675536795742,0.0150486327766563,0.0451458983299688
251773.411807,2762866.126422,0.0966440491472584,0.202640748211993,0.0097194205024757,0.079589216944801,0.104896387309738,0.506510177883734
252273.411807,2762866.126422,0.0635880520432472,0.162910023822613,0.0159428257284222,0.0393989371449514,0.0910756826094924,0.627084478651274
252773.411807,2762866.126422,0.0735914846760874,0.106808588731877,0.148284088823637,0.137639933932832,0.0945127546338778,0.439163149201688
253273.411807,2762866.126422,0.175132954337062,0.266092059416835,0.00110031175499725,0.0462130937098845,0.0495140289748762,0.461947551806345
253773.411807,2762866.126422,0.0822796408282939,0.190397654388858,0,0.0315191497159611,0.0850284038849184,0.610775151181968
254273.411807,2762866.126422,0.0926775555147734,0.164433841071756,0.00110111947146265,0.0824004404477886,0.105890989172325,0.553496054321894
254773.411807,2762866.126422,0.0641848523748395,0.42380341096644,0.0166880616174583,0.0651017788373372,0.0674857876398313,0.362736108564093
255273.411807,2762866.126422,0.115631299248671,0.300897929265164,0.00238226131574125,0.0399486897562763,0.0711013377313542,0.470038482682793
255773.411807,2762866.126422,0.0829510001835199,0.204257661956322,0.0196366305744173,0.0229399889888053,0.0334006239677005,0.636814094329235
256273.411807,2762866.126422,0.0761048963873097,0.369154593801577,0.004401247019989,0.0418118466898955,0.0654685494223363,0.443058866678892
256773.411807,2762866.126422,0.0547920102620487,0.370716510903427,0.0256551218618288,0.0965732087227414,0.0624885468205974,0.389774601429357
257273.411807,2762866.126422,0.0359699027344467,0.224995412002202,0,0.0818498807120573,0.108460267939071,0.548724536612222
257773.411807,2762866.126422,0.0544654318723638,0.195305336512012,0,0.0506143407298735,0.0876581698147808,0.61195672107097
258273.411807,2762866.126422,0.110133773135422,0.183983873923401,0,0.13120762323621,0.122411581455012,0.452263148249954
258773.411807,2762866.126422,0.0983666727839971,0.238575885483575,0.00201871903101487,0.130666177280235,0.107175628555698,0.42319691686548
259273.411807,2762866.126422,0.0685860993948285,0.154593801577114,0.00990280579497524,0.165230148542087,0.094810196222263,0.506876948468733
259773.411807,2762866.126422,0.0712845886017959,0.0500274876305662,0.00183250870441635,0.273410298698919,0.10207073483599,0.501374381528312
260273.411807,2762866.126422,0.0471646173609837,0.0161497522481189,0.0108276748027161,0.674068636447055,0.101670031198385,0.150119287942742
260773.411807,2762866.126422,0.0577663671373556,0.0113698881349716,0.00330093526499175,0.588850174216028,0.0902255639097744,0.248487071336879
261273.411807,2762866.126422,0.0575407733186733,0.226681326736302,0.000183250870441635,0.064687557265897,0.0500274876305662,0.60087960417812
261773.411807,2762866.126422,0.0445953385942375,0.0908423563956689,0.000367039823820885,0.0862543585979079,0.0811158010644155,0.696825105523949
262273.411807,2762866.126422,0.0240234733174399,0.27214377406932,0.249770768384376,0.0643682376673391,0.0649183935448377,0.324775353016688
251273.411807,2762366.126422,0.328807339449541,0.0277064220183486,0.202385321100917,0.0875229357798165,0.0486238532110092,0.304954128440367
251773.411807,2762366.126422,0.081452944413869,0.0977802238121446,0,0.0821867547239039,0.098147128967162,0.640432948082921
252273.411807,2762366.126422,0.0611721611721612,0.211172161172161,0,0.0877289377289377,0.111172161172161,0.528754578754579
252773.411807,2762366.126422,0.04,0.170825688073394,0.00275229357798165,0.0209174311926606,0.0385321100917431,0.72697247706422
253273.411807,2762366.126422,0.0761328196661163,0.207117960007338,0,0.0177949000183453,0.0366905155017428,0.662263804806458
253773.411807,2762366.126422,0.0701465201465201,0.184981684981685,0.230769230769231,0.0250915750915751,0.0501831501831502,0.438827838827839
254273.411807,2762366.126422,0.051743119266055,0.172660550458716,0.298348623853211,0.0267889908256881,0.035045871559633,0.415412844036697
254773.411807,2762366.126422,0.030820033021464,0.205833791964777,0.000183452577508714,0.0785177031737296,0.117776554760594,0.566868464501926
255273.411807,2762366.126422,0.063003663003663,0.28992673992674,0.0972527472527473,0.0758241758241758,0.106776556776557,0.367216117216117
255773.411807,2762366.126422,0.0594495412844037,0.347339449541284,0,0.0267889908256881,0.0425688073394495,0.523853211009174
256273.411807,2762366.126422,0.0715465052283985,0.296092460099064,0,0.0313703907539901,0.0434782608695652,0.557512383048982
256773.411807,2762366.126422,0.0622710622710623,0.193406593406593,0.103663003663004,0.177655677655678,0.0686813186813187,0.394322344322344
257273.411807,2762366.126422,0.0922935779816514,0.167889908256881,0.00073394495412844,0.192844036697248,0.0899082568807339,0.456330275229358
257773.411807,2762366.126422,0.0587048248027885,0.170427444505595,0.0289855072463768,0.0671436433681893,0.0515501742799486,0.623188405797101
258273.411807,2762366.126422,0.0754578754578755,0.211355311355311,0.00183150183150183,0.0457875457875458,0.0694139194139194,0.596153846153846
258773.411807,2762366.126422,0.122752293577982,0.144770642201835,0.00238532110091743,0.0462385321100917,0.0798165137614679,0.604036697247706
259273.411807,2762366.126422,0.0739313887360117,0.24252430746652,0.0264171711612548,0.0680609062557329,0.0676940011007155,0.521372225279765
259773.411807,2762366.126422,0.065018315018315,0.0796703296703297,0.366300366300366,0.191575091575092,0.0586080586080586,0.238827838827839
260273.411807,2762366.126422,0.0888073394495413,0.0209174311926606,0.00513761467889908,0.384220183486239,0.105688073394495,0.395229357798165
260773.411807,2762366.126422,0.0594386351128233,0.077600440286186,0.226747385800771,0.200513667217024,0.0845716382315172,0.351128233351679
261273.411807,2762366.126422,0.126556776556777,0.118681318681319,0.00366300366300366,0.198351648351648,0.108424908424908,0.444322344322344
261773.411807,2762366.126422,0.0640366972477064,0.194678899082569,0.0106422018348624,0.421651376146789,0.110275229357798,0.198715596330275
262273.411807,2762366.126422,0.0706292423408549,0.193359016694185,0.0820033021463952,0.222711429095579,0.0851219959640433,0.346175013758943
250773.411807,2761866.126422,0.264943160982765,0.0271360469380271,0.163549688302164,0.165566556655666,0.0291529152915292,0.34965163182985
251273.411807,2761866.126422,0.0512820512820513,0.18974358974359,0,0.0230769230769231,0.0628205128205128,0.673076923076923
251773.411807,2761866.126422,0.147619047619048,0.0826007326007326,0,0.0556776556776557,0.0501831501831502,0.663919413919414
252273.411807,2761866.126422,0.0676567656765677,0.119178584525119,0.00806747341400807,0.085991932526586,0.117345067840117,0.601760176017602
252773.411807,2761866.126422,0.0408424908424908,0.0761904761904762,0.362820512820513,0.023992673992674,0.097985347985348,0.398168498168498
253273.411807,2761866.126422,0.0485347985347985,0.32967032967033,0.000183150183150183,0.0587912087912088,0.0485347985347985,0.514285714285714
253773.411807,2761866.126422,0.0414374770810414,0.185918591859186,0,0.0526219288595526,0.0634396773010634,0.656582324899157
254273.411807,2761866.126422,0.0664835164835165,0.243772893772894,0,0.0294871794871795,0.105494505494505,0.554761904761905
254773.411807,2761866.126422,0.0217948717948718,0.27014652014652,0.0113553113553114,0.0805860805860806,0.0921245421245421,0.523992673992674
255273.411807,2761866.126422,0.0705903923725706,0.275210854418775,0.081958195819582,0.0792079207920792,0.0685735240190686,0.424459112577924
255773.411807,2761866.126422,0.0155677655677656,0.348717948717949,0.0021978021978022,0.0840659340659341,0.0954212454212454,0.454029304029304
256273.411807,2761866.126422,0.0448717948717949,0.315018315018315,0.00238095238095238,0.0624542124542125,0.116117216117216,0.459157509157509
256773.411807,2761866.126422,0.0894756142280895,0.251558489182252,0.000183351668500183,0.0408874220755409,0.0617895122845618,0.556105610561056
257273.411807,2761866.126422,0.05,0.424358974358974,0,0.0252747252747253,0.0496336996336996,0.450732600732601
257773.411807,2761866.126422,0.117582417582418,0.377106227106227,0,0.0236263736263736,0.0448717948717949,0.436813186813187
258273.411807,2761866.126422,0.0913091309130913,0.367986798679868,0.115511551155116,0.0181518151815182,0.0405207187385405,0.366519985331867
258773.411807,2761866.126422,0.0981684981684982,0.268131868131868,0.0186813186813187,0.107142857142857,0.0844322344322344,0.423443223443223
259273.411807,2761866.126422,0.1,0.0331501831501832,0.0205128205128205,0.349450549450549,0.104945054945055,0.391941391941392
259773.411807,2761866.126422,0.0815914924825816,0.171067106710671,0.024019068573524,0.235790245691236,0.161716171617162,0.325815914924826
260273.411807,2761866.126422,0.0633699633699634,0.251282051282051,0.00366300366300366,0.0853479853479854,0.103296703296703,0.493040293040293
260773.411807,2761866.126422,0.0745421245421245,0.0965201465201465,0.000915750915750916,0.0386446886446886,0.0509157509157509,0.738461538461539
261273.411807,2761866.126422,0.0531719838650532,0.166666666666667,0.0814081408140814,0.11037770443711,0.079024569123579,0.509350935093509
261773.411807,2761866.126422,0.0602564102564103,0.262637362637363,0.164835164835165,0.0313186813186813,0.132417582417582,0.348534798534799
262273.411807,2761866.126422,0.0542124542124542,0.176190476190476,0.167216117216117,0.0695970695970696,0.0802197802197802,0.452564102564103
250773.411807,2761366.126422,0.0379329301814184,0.026571376214037,0,0.042147700201576,0.0513102437236577,0.842037749679311
251273.411807,2761366.126422,0.0724903652046247,0.134153055606533,0,0.0824004404477886,0.115250504679758,0.595705634061296
251773.411807,2761366.126422,0.101962222629745,0.229048230331927,0.120667522464698,0.059600220062351,0.0645516229598386,0.42417018155144
252273.411807,2761366.126422,0.0430639545537841,0.213670514934946,0,0.0289536375297783,0.0989554700384827,0.615356422943009
252773.411807,2761366.126422,0.0952468342815195,0.100385391815012,0.0012846393833731,0.066801247935401,0.14094329234722,0.595338594237475
253273.411807,2761366.126422,0.0586832935998533,0.211626627544471,0,0.0364936732074088,0.0500641848523748,0.643132220795892
253773.411807,2761366.126422,0.0509437419827744,0.137254901960784,0,0.162726772952172,0.108301264431006,0.540773318673264
254273.411807,2761366.126422,0.0519361350706552,0.281152505046798,0,0.0961644338410718,0.0688199669664159,0.50192695907506
254773.411807,2761366.126422,0.04401247019989,0.265541903539336,0.139006051714652,0.0253071703649367,0.0702365670273244,0.45589583715386
255273.411807,2761366.126422,0.0608392889866227,0.308044713212388,0,0.0262048744731537,0.0577240241891149,0.547187099138721
255773.411807,2761366.126422,0.0315654248485961,0.237658285924023,0.0449623784180584,0.0394567810607451,0.0642319691686548,0.582125160579923
256273.411807,2761366.126422,0.01998899688245,0.440308087291399,0.15184302218962,0.0124701998899688,0.0267742527049331,0.348615441041628
256773.411807,2761366.126422,0.0463624702217336,0.446765622136705,0,0.0122778083195895,0.0258383727322705,0.468755726589701
257273.411807,2761366.126422,0.0524866948063865,0.2407781244265,0,0.0396403009726555,0.051018535511103,0.616076344283355
257773.411807,2761366.126422,0.0854575463047864,0.30808729139923,0.0854575463047864,0.048413717219879,0.0599669906473501,0.412616908123968
258273.411807,2761366.126422,0.0505772402418911,0.383544071834341,0.000366501740883269,0.0568077698369067,0.0502107385010079,0.45849367784497
258773.411807,2761366.126422,0.0512020554230134,0.296384657735364,0.079647641769132,0.113782345384474,0.0521196549825656,0.406863644705451
259273.411807,2761366.126422,0.0933431138822666,0.178617274894553,0.00623509994498441,0.226480836236934,0.0938932697597653,0.401430405281496
259773.411807,2761366.126422,0.11324903793293,0.199743448781382,0.0311526479750779,0.132123877588419,0.102437236576874,0.421293751145318
260273.411807,2761366.126422,0.0732244448522665,0.164433841071756,0.00568911726922371,0.202605982749128,0.109010827674803,0.445035786382823
260773.411807,2761366.126422,0.0739042728773152,0.20410783055199,0.00256739409499358,0.0539152759948652,0.0636346964973409,0.601870529983495
261273.411807,2761366.126422,0.0602895363752978,0.0452629649990837,0.0425142019424592,0.478834524463991,0.0364669232178853,0.336631849001283
261773.411807,2761366.126422,0.10387227014131,0.168838318957607,0.00513855753349238,0.331436960910259,0.106074509084236,0.284639383373096
262273.411807,2761366.126422,0.0544654318723638,0.388593434806529,0,0.0386942967174033,0.0951769668072621,0.423069869796442
250273.411807,2760866.126422,0.130618235186204,0.0731975784259769,0.0851219959640433,0.0746651990460466,0.0783342505962209,0.558062740781508
250773.411807,2760866.126422,0.0456043956043956,0.373076923076923,0,0.0216117216117216,0.0456043956043956,0.514102564102564
251273.411807,2760866.126422,0.155779816513761,0.0504587155963303,0.0484403669724771,0.107155963302752,0.0726605504587156,0.565504587155963
251773.411807,2760866.126422,0.0779673454412034,0.245276096129151,0.00165107319757843,0.0465969546872134,0.0972298660796184,0.531278664465236
252273.411807,2760866.126422,0.0470695970695971,0.353296703296703,0,0.0228937728937729,0.0388278388278388,0.537912087912088
252773.411807,2760866.126422,0.0414678899082569,0.149724770642202,0.395045871559633,0.0275229357798165,0.0845871559633028,0.301651376146789
253273.411807,2760866.126422,0.0478811227297744,0.240689781691433,0.0163272793982755,0.0442120711796001,0.180150431113557,0.47073931388736
253773.411807,2760866.126422,0.0534798534798535,0.245604395604396,0.216666666666667,0.0437728937728938,0.0622710622710623,0.378205128205128
254273.411807,2760866.126422,0.08,0.288440366972477,0.0253211009174312,0.061651376146789,0.0867889908256881,0.457798165137615
254773.411807,2760866.126422,0.0409099247844432,0.270776004402862,0.172445422858191,0.01284168042561,0.0401761144744084,0.462850853054485
255273.411807,2760866.126422,0.0340659340659341,0.23974358974359,0,0.0573260073260073,0.0655677655677656,0.603296703296703
255773.411807,2760866.126422,0.0280733944954128,0.428073394495413,0,0.0277064220183486,0.0612844036697248,0.454862385321101
256273.411807,2760866.126422,0.0603558980003669,0.408181984956889,0.170610897083104,0.0139423958906623,0.0416437350944781,0.3052650889745
256773.411807,2760866.126422,0.0437728937728938,0.175641025641026,0.248534798534799,0.0177655677655678,0.0448717948717949,0.469413919413919
257273.411807,2760866.126422,0.0477064220183486,0.228990825688073,0.00238532110091743,0.0565137614678899,0.103853211009174,0.560550458715596
257773.411807,2760866.126422,0.0682443588332416,0.258301229132269,0.182168409466153,0.0277013392038158,0.063474591818015,0.400110071546505
258273.411807,2760866.126422,0.0593406593406593,0.314652014652015,0,0.113369963369963,0.147435897435897,0.365201465201465
258773.411807,2760866.126422,0.137981651376147,0.194495412844037,0.00917431192660551,0.24,0.131009174311927,0.287339449541284
259273.411807,2760866.126422,0.0521005320124748,0.344340487983856,0.086589616584113,0.0739313887360117,0.0713630526508897,0.371674922032655
259773.411807,2760866.126422,0.102380952380952,0.241575091575092,0.00824175824175824,0.0754578754578755,0.0710622710622711,0.501282051282051
260273.411807,2760866.126422,0.0853211009174312,0.174495412844037,0.140183486238532,0.0258715596330275,0.0456880733944954,0.528440366972477
260773.411807,2760866.126422,0.0761328196661163,0.18693817648138,0.157585764079985,0.0526508897450009,0.063474591818015,0.463217758209503
261273.411807,2760866.126422,0.120879120879121,0.0514652014652015,0.111721611721612,0.207509157509158,0.130586080586081,0.377838827838828
261773.411807,2760866.126422,0.0464220183486239,0.172660550458716,0.149357798165138,0.11045871559633,0.0965137614678899,0.424587155963303
262273.411807,2760866.126422,0.239955971381398,0.0498991010823702,0,0.161071363052651,0.0794349660612732,0.469638598422308
250273.411807,2760366.126422,0.0981684981684982,0.224908424908425,0,0.0296703296703297,0.0622710622710623,0.584981684981685
250773.411807,2760366.126422,0.0273193986065273,0.256325632563256,0.373120645397873,0.046021268793546,0.044004400440044,0.253208654198753
251273.411807,2760366.126422,0.039010989010989,0.267032967032967,0.179120879120879,0.0582417582417582,0.0538461538461538,0.402747252747253
251773.411807,2760366.126422,0.0393772893772894,0.311172161172161,0,0.102014652014652,0.115018315018315,0.432417582417582
252273.411807,2760366.126422,0.0476714338100477,0.41034103410341,0,0.0443711037770444,0.107077374404107,0.390539053905391
252773.411807,2760366.126422,0.0846153846153846,0.191758241758242,0.0282051282051282,0.147985347985348,0.115384615384615,0.432051282051282
253273.411807,2760366.126422,0.0543956043956044,0.328205128205128,0.00695970695970696,0.136263736263736,0.149267399267399,0.324908424908425
253773.411807,2760366.126422,0.048038137147048,0.532636596993033,0.0801246791345801,0.0346534653465347,0.099009900990099,0.205537220388706
254273.411807,2760366.126422,0.0576923076923077,0.300915750915751,0.198717948717949,0.0402930402930403,0.0602564102564103,0.342124542124542
254773.411807,2760366.126422,0.0267399267399267,0.47985347985348,0.0446886446886447,0.0468864468864469,0.0470695970695971,0.354761904761905
255273.411807,2760366.126422,0.0342867620095343,0.251558489182252,0.257425742574257,0.00513384671800513,0.0396039603960396,0.411991199119912
255773.411807,2760366.126422,0.0358974358974359,0.477655677655678,0,0.0272893772893773,0.0492673992673993,0.40989010989011
256273.411807,2760366.126422,0.0347985347985348,0.216117216117216,0.132600732600733,0.0578754578754579,0.0597069597069597,0.498901098901099
256773.411807,2760366.126422,0.0430876420975431,0.179134580124679,0,0.0366703337000367,0.0980931426475981,0.643014301430143
257273.411807,2760366.126422,0.0437728937728938,0.174358974358974,0.171428571428571,0.105128205128205,0.106593406593407,0.398717948717949
257773.411807,2760366.126422,0.0527472527472527,0.122527472527473,0.103296703296703,0.0316849816849817,0.158791208791209,0.530952380952381
258273.411807,2760366.126422,0.0368536853685369,0.497983131646498,0.00715071507150715,0.0183351668500183,0.0155848918225156,0.424092409240924
258773.411807,2760366.126422,0.0487179487179487,0.173992673992674,0.461904761904762,0.0723443223443224,0.0725274725274725,0.170512820512821
259273.411807,2760366.126422,0.0304029304029304,0.165201465201465,0.0327838827838828,0.0391941391941392,0.0653846153846154,0.667032967032967
259773.411807,2760366.126422,0.0537220388705537,0.253758709204254,0.000183351668500183,0.0394206087275394,0.0606894022735607,0.592225889255592
260273.411807,2760366.126422,0.103296703296703,0.0787545787545788,0.0104395604395604,0.0805860805860806,0.0912087912087912,0.635714285714286
260773.411807,2760366.126422,0.0426739926739927,0.297252747252747,0,0.0217948717948718,0.0406593406593407,0.597619047619048
261273.411807,2760366.126422,0.0654565456545655,0.159149248258159,0.148331499816648,0.112577924459113,0.0951595159515952,0.419325265859919
261773.411807,2760366.126422,0.0532967032967033,0.198717948717949,0.00146520146520147,0.218131868131868,0.0946886446886447,0.433699633699634
262273.411807,2760366.126422,0.071978021978022,0.0836996336996337,0.0133699633699634,0.170695970695971,0.0948717948717949,0.565384615384615
250273.411807,2759866.126422,0.0436456996148909,0.22006235099945,0,0.099211443242252,0.0770218228498075,0.5600586832936
250773.411807,2759866.126422,0.0985889682975994,0.14018691588785,0.000366501740883269,0.0683525746747297,0.0850284038849184,0.607476635514019
251273.411807,2759866.126422,0.117819783446504,0.409249403560286,0,0.00605615709304459,0.0209212699577904,0.445953385942375
251773.411807,2759866.126422,0.0315422703099211,0.511094810196222,0,0.0504309554373739,0.0843572345497891,0.322574729506694
252273.411807,2759866.126422,0.0613890415979476,0.205607476635514,0.00274876305662452,0.0586402785413231,0.15136521898479,0.520249221183801
252773.411807,2759866.126422,0.0403743806202973,0.29858689667829,0.226463571297486,0.0183519911910442,0.0728574050284456,0.343365755184438
253273.411807,2759866.126422,0.048413717219879,0.359618558591601,0.004401247019989,0.0339262791124152,0.0964606638547588,0.457179534201357
253773.411807,2759866.126422,0.0483782297965915,0.362470221733553,0.0201575957485798,0.0725673446948873,0.0786146234194612,0.417811984606927
254273.411807,2759866.126422,0.0478986970086254,0.357129748577721,0.0330335841438796,0.0928610754266838,0.135254175077996,0.333822719765095
254773.411807,2759866.126422,0.0421786172748946,0.311204841371722,0,0.0509811113148725,0.149642398679626,0.445993031358885
255273.411807,2759866.126422,0.0595565328935312,0.402052409748946,0,0.0229063588052043,0.0425142019424592,0.472970496609859
255773.411807,2759866.126422,0.0278950266103872,0.306478252890439,0,0.0212883097816113,0.0273444668746559,0.616993943842907
256273.411807,2759866.126422,0.075187969924812,0.224280212726939,0.000183385292499542,0.0374105996699065,0.06400146708234,0.598936365303503
256773.411807,2759866.126422,0.085761407366685,0.229063588052043,0,0.0359171706065604,0.0535092541689573,0.595748579805754
257273.411807,2759866.126422,0.136171774637548,0.262066434208112,0.00917599559552211,0.046063497889521,0.0585428518994311,0.487979445769866
257773.411807,2759866.126422,0.106180084357235,0.340729873464148,0.046396479002384,0.0370438290849074,0.0276911791674308,0.441958554923895
258273.411807,2759866.126422,0.0685358255451713,0.256001466006964,0.00623052959501558,0.0403151914971596,0.0855781564962434,0.543338830859447
258773.411807,2759866.126422,0.058909891723252,0.471829693521747,0.00256927876674619,0.0633143696091026,0.071389245733162,0.33198752064599
259273.411807,2759866.126422,0.0566660553823583,0.272327159361819,0.0280579497524299,0.0599669906473501,0.0537318907023657,0.529249954153677
259773.411807,2759866.126422,0.106835257467473,0.212387758841855,0.0888766721641928,0.0216236027121129,0.0377496793109767,0.53252702950339
260273.411807,2759866.126422,0.0741420444118187,0.365755184437511,0.0455129381537897,0.0484492567443568,0.0345017434391632,0.43163883281336
260773.411807,2759866.126422,0.107097010819732,0.100311754997249,0.0146708233999633,0.0836236933797909,0.0753713552173116,0.618925362185953
261273.411807,2759866.126422,0.0740333516584204,0.175554333883086,0.00861279091075683,0.105185999633498,0.0883269195528679,0.548286604361371
261773.411807,2759866.126422,0.0530372545421178,0.521930629473298,0,0.0313819049366856,0.0317489447605065,0.361901266287392
262273.411807,2759866.126422,0.0418118466898955,0.354850540986613,0.0346598202824134,0.0337428938199156,0.0698697964423253,0.465065101778837
250273.411807,2759366.126422,0.173913043478261,0.0862227114290956,0.00972298660796184,0.0669601907906806,0.0678774536782242,0.595303614015777
250773.411807,2759366.126422,0.10952380952381,0.149450549450549,0.0210622710622711,0.102747252747253,0.0538461538461538,0.563369963369963
251273.411807,2759366.126422,0.0414678899082569,0.337614678899083,0.00018348623853211,0.0293577981651376,0.0543119266055046,0.537064220183486
251773.411807,2759366.126422,0.0565033938726839,0.432764630343056,0.00293524124013942,0.0335718216840947,0.0599889928453495,0.414235920014676
252273.411807,2759366.126422,0.0195970695970696,0.365750915750916,0.00402930402930403,0.0461538461538462,0.0967032967032967,0.467765567765568
252773.411807,2759366.126422,0.0491743119266055,0.310091743119266,0.00422018348623853,0.0508256880733945,0.084954128440367,0.500733944954128
253273.411807,2759366.126422,0.0277013392038158,0.359383599339571,0,0.0436617134470739,0.0664098330581545,0.502843514951385
253773.411807,2759366.126422,0.0276556776556777,0.326923076923077,0,0.0333333333333333,0.0855311355311355,0.526556776556777
254273.411807,2759366.126422,0.024954128440367,0.515412844036697,0.0174311926605505,0.0704587155963303,0.0535779816513761,0.318165137614679
254773.411807,2759366.126422,0.100348559897267,0.185103650706292,0.000183452577508714,0.0462300495321959,0.0598055402678408,0.608328747018896
255273.411807,2759366.126422,0.0212454212454212,0.335164835164835,0.00347985347985348,0.00549450549450549,0.0441391941391941,0.59047619047619
255773.411807,2759366.126422,0.0401834862385321,0.308807339449541,0.0605504587155963,0.0187155963302752,0.0275229357798165,0.544220183486239
256273.411807,2759366.126422,0.110805356815263,0.320675105485232,0.0234819299211154,0.0348559897266557,0.0453127866446524,0.464868831407081
256773.411807,2759366.126422,0.126190476190476,0.0774725274725275,0.103296703296703,0.203479853479853,0.0934065934065934,0.396153846153846
257273.411807,2759366.126422,0.215963302752294,0.0227522935779817,0.0188990825688073,0.354311926605505,0.155963302752294,0.232110091743119
