"x","y","forest","agri","water","built","other","grass"
250273.411807,2516366.126422,0.95494667157043,0,0,0,0,0.0450533284295697
250773.411807,2516366.126422,0.889113273361483,0.0119331742243437,0,0.000367174591518267,0.0033045713236644,0.0952818064989903
251273.411807,2516366.126422,0.683097296303108,0.0454294647783704,0.00275887437925326,0.0522346882471951,0.0198638955306235,0.196615780761449
251773.411807,2516366.126422,0.894998161088636,0.0242736300110335,0.00331004045605002,0.00331004045605002,0.0055167340934167,0.0685913938948143
252273.411807,2516366.126422,0.968055810537911,0,0,0,0,0.0319441894620892
252773.411807,2516366.126422,0.975537980503954,0.00110354975170131,0,0,0,0.0233584697443443
253273.411807,2516366.126422,0.882677454946672,0,0,0,0,0.117322545053328
253773.411807,2516366.126422,0.926748668992106,0,0,0,0,0.0732513310078943
254273.411807,2516366.126422,0.945374287290785,0,0,0,0,0.0546257127092146
254773.411807,2516366.126422,0.794961382861346,0,0,0,0,0.205038617138654
255273.411807,2516366.126422,0.863227464659446,0.000367174591518267,0,0.00257022214062787,0.0033045713236644,0.130530567284744
255773.411807,2516366.126422,0.366194592606217,0.0790877322052602,0.0134265219790326,0.077984182453559,0.0735699834467537,0.389736987309178
256273.411807,2516366.126422,0.104817947774917,0.0296064729680029,0,0.00331004045605002,0.0055167340934167,0.856748804707613
256773.411807,2516366.126422,0.0686616486139159,0.0146869836607307,0,0.0492013952634478,0.0607673948962732,0.806682577565632
257273.411807,2516366.126422,0.00441419900680522,0.183741033658267,0.187603457789222,0.320581202869229,0.0358653669302924,0.267794739746184
257773.411807,2516366.126422,0.0917616770871644,0.0943361529974255,0.189959543949982,0.0853254873115116,0.0468922397940419,0.491724898859875
258273.411807,2516366.126422,0.217367358178814,0.0216633008995777,0.000367174591518267,0.0433266017991555,0.02753809436387,0.689737470167064
258773.411807,2516366.126422,0.156520139782969,0.0152657715652014,0.0320029427993379,0.0272208938752989,0.0351296670958249,0.733860584881368
259273.411807,2516366.126422,0.039536594336153,0.0167340934166973,0.0228025009194557,0.0476278043398308,0.0904744391320338,0.782824567855829
259773.411807,2516366.126422,0.0405727923627685,0.0102808885625115,0.000183587295759133,0.187993390857353,0.0749036166697265,0.686065724251882
260273.411807,2516366.126422,0.13279382012139,0.0154496965238183,0.0345778922199743,0.0592238366746368,0.0829501563362148,0.675004598123965
260773.411807,2516366.126422,0.0524089738874586,0.0404560500183891,0.132769400514895,0.109047443913203,0.0785215152629643,0.586796616403089
261273.411807,2516366.126422,0.059115109234441,0.116210758215531,0.100238663484487,0.262897007527079,0.124839361116211,0.336699100422251
261773.411807,2516366.126422,0.0917785543498253,0.338421923855067,0.119551223100975,0.145116792348722,0.119735148059592,0.185396358285819
262273.411807,2516366.126422,0.0382493563810224,0.514159617506436,0.115667524825303,0.115299742552409,0.0924972416329533,0.124126517101876
262773.411807,2516366.126422,0.0511760144740243,0.705091754975446,0.0547945205479452,0.0390281726544327,0.0403204962522616,0.10958904109589
250273.411807,2515866.126422,0.781501831501832,0.0476190476190476,0,0.0184981684981685,0.0102564102564103,0.142124542124542
250773.411807,2515866.126422,0.884855152181885,0.00403373670700403,0,0,0.000733406674000733,0.11037770443711
251273.411807,2515866.126422,0.95952380952381,0.00695970695970696,0,0,0,0.0335164835164835
251773.411807,2515866.126422,0.897802197802198,0.0032967032967033,0,0,0.000366300366300366,0.0985347985347985
252273.411807,2515866.126422,0.984598459845985,0.0077007700770077,0,0,0,0.0077007700770077
252773.411807,2515866.126422,0.988827838827839,0.0111721611721612,0,0,0,0
253273.411807,2515866.126422,0.945970695970696,0.00274725274725275,0,0,0,0.0512820512820513
253773.411807,2515866.126422,0.698936560322699,0,0,0,0,0.301063439677301
254273.411807,2515866.126422,0.695421245421245,0.00201465201465201,0,0,0.00146520146520147,0.301098901098901
254773.411807,2515866.126422,0.58040293040293,0.0010989010989011,0,0.000366300366300366,0.00128205128205128,0.416849816849817
255273.411807,2515866.126422,0.628529519618629,0.00586725339200587,0,0.00348368170150348,0.00256692335900257,0.35955262192886
255773.411807,2515866.126422,0.585531135531136,0.00549450549450549,0.00256410256410256,0.0487179487179487,0.0415750915750916,0.316117216117216
256273.411807,2515866.126422,0.161721611721612,0.122161172161172,0.0412087912087912,0.0333333333333333,0.0549450549450549,0.586630036630037
256773.411807,2515866.126422,0.355702236890356,0.0902090209020902,0,0.0352035203520352,0.0315364869820315,0.487348734873487
257273.411807,2515866.126422,0.128937728937729,0.319230769230769,0.0727106227106227,0.139010989010989,0.0184981684981685,0.321611721611722
257773.411807,2515866.126422,0.0510989010989011,0.0267399267399267,0.192124542124542,0.300549450549451,0.0208791208791209,0.408608058608059
258273.411807,2515866.126422,0.083975064173084,0.0308030803080308,0.015951595159516,0.0581224789145581,0.037953795379538,0.773193986065273
258773.411807,2515866.126422,0.115934065934066,0.0183150183150183,0.0413919413919414,0.0120879120879121,0.071978021978022,0.74029304029304
259273.411807,2515866.126422,0.0802197802197802,0.0613553113553114,0.0238095238095238,0.0553113553113553,0.0847985347985348,0.694505494505494
259773.411807,2515866.126422,0.160982764943161,0.00476714338100477,0.0885588558855886,0.0454712137880455,0.0605060506050605,0.63971397139714
260273.411807,2515866.126422,0.0483516483516484,0.0518315018315018,0.223076923076923,0.0915750915750916,0.104395604395604,0.480769230769231
260773.411807,2515866.126422,0.0551282051282051,0.0128205128205128,0.123443223443223,0.0644688644688645,0.103663003663004,0.64047619047619
261273.411807,2515866.126422,0.0496883021635497,0.372203887055372,0.148881554822149,0.0520718738540521,0.0667400073340667,0.31041437477081
261773.411807,2515866.126422,0.0897435897435897,0.311904761904762,0.0895604395604396,0.0553113553113553,0.0816849816849817,0.371794871794872
262273.411807,2515866.126422,0.0562271062271062,0.508424908424908,0.112454212454212,0.0741758241758242,0.0582417582417582,0.19047619047619
262773.411807,2515866.126422,0.0445876288659794,0.540979381443299,0.0824742268041237,0.075,0.0471649484536082,0.20979381443299
250273.411807,2515366.126422,0.952503209242619,0.00458463231248854,0,0,0,0.0429121584448927
250773.411807,2515366.126422,0.950522264980759,0,0,0,0,0.0494777350192413
251273.411807,2515366.126422,0.956872820701046,0.0012846393833731,0,0,0,0.0418425399155808
251773.411807,2515366.126422,0.979094076655052,0.00238400880249404,0,0,0,0.0185219145424537
252273.411807,2515366.126422,0.988638446032619,0.00678028220634048,0,0,0,0.00458127176104087
252773.411807,2515366.126422,0.878693338227198,0.009543035419343,0,0,0,0.111763626353459
253273.411807,2515366.126422,0.867779204107831,0,0,0,0,0.132220795892169
253773.411807,2515366.126422,0.954187282389591,0,0,0,0,0.0458127176104087
254273.411807,2515366.126422,0.853734630207377,0.00110111947146265,0,0.00275279867865663,0.0133969535694623,0.129014498073041
254773.411807,2515366.126422,0.763432972675591,0,0,0,0,0.236567027324409
255273.411807,2515366.126422,0.742899028770387,0.00934579439252336,0,0.00494777350192413,0.00733003481766538,0.2354773685175
255773.411807,2515366.126422,0.491649844008075,0.0594604514589833,0.0132134336575518,0.0568911726922371,0.039823820884566,0.338961277298587
256273.411807,2515366.126422,0.353566843939116,0.0454795525398863,0.0181551439574546,0.0328259673574179,0.0335595085274161,0.516412983678709
256773.411807,2515366.126422,0.355873190397654,0.102437236576874,0.00806303829943192,0.186732636980026,0.125343595382078,0.221550302363936
257273.411807,2515366.126422,0.100935951550743,0.265920352358231,0,0.0640484492567444,0.0356028629106258,0.533492383923656
257773.411807,2515366.126422,0.115716119567211,0.311754997249221,0.0097194205024757,0.0223730056849441,0.0256739409499358,0.514762516046213
258273.411807,2515366.126422,0.0491112332783581,0.114165292285138,0.19168041048195,0.343412131207623,0.0958402052409749,0.205790727505956
258773.411807,2515366.126422,0.0535878142778491,0.0176179115434025,0.068452927142595,0.199669664158561,0.0671682877592219,0.59350339511837
259273.411807,2515366.126422,0.0794058316523015,0.028791490922428,0.0561158995048597,0.0746378140473134,0.0390610673024023,0.721987896570695
259773.411807,2515366.126422,0.0557082646142569,0.0733003481766538,0.0700018325087044,0.0179585853032802,0.0470954737035001,0.735935495693605
260273.411807,2515366.126422,0.0521196549825656,0.0456964580657001,0.202789502661039,0.118920902917967,0.104973389612773,0.475500091759956
260773.411807,2515366.126422,0.0383275261324042,0.358701632129103,0.197505960022006,0.066018705299835,0.088391710984779,0.251054465431872
261273.411807,2515366.126422,0.0733003481766538,0.35312442734103,0.191863661352391,0.0848451530144768,0.070734835990471,0.226131574124977
261773.411807,2515366.126422,0.0350523031748945,0.354009910075243,0.0739585244999082,0.139291613140026,0.0959809139291613,0.301706735180767
262273.411807,2515366.126422,0.0405281496423987,0.281313038694297,0.215661103979461,0.15202640748212,0.0759215110948102,0.234549789106914
262773.411807,2515366.126422,0.0579896907216495,0.251546391752577,0.153350515463918,0.250515463917526,0.12680412371134,0.15979381443299
250273.411807,2514866.126422,0.9600073381031,0,0,0,0,0.0399926618968997
250773.411807,2514866.126422,0.970879120879121,0,0,0,0,0.0291208791208791
251273.411807,2514866.126422,0.974678899082569,0.00348623853211009,0,0,0,0.0218348623853211
251773.411807,2514866.126422,1,0,0,0,0,0
252273.411807,2514866.126422,0.974175824175824,0.0172161172161172,0,0,0,0.00860805860805861
252773.411807,2514866.126422,0.911192660550459,0.00311926605504587,0,0,0,0.0856880733944954
253273.411807,2514866.126422,0.902770133920382,0.00165107319757843,0,0,0,0.09557879288204
253773.411807,2514866.126422,0.975641025641026,0,0,0,0,0.0243589743589744
254273.411807,2514866.126422,0.737247706422018,0.00036697247706422,0,0,0.00146788990825688,0.260917431192661
254773.411807,2514866.126422,0.509998165474225,0.0497156485048615,0,0,0.001284168042561,0.439002017978353
255273.411807,2514866.126422,0.559340659340659,0.000915750915750916,0,0.00512820512820513,0.00860805860805861,0.426007326007326
255773.411807,2514866.126422,0.263119266055046,0.111926605504587,0.00256880733944954,0.0623853211009174,0.0640366972477064,0.495963302752294
256273.411807,2514866.126422,0.258851586864795,0.00385250412768299,0,0.0225646670335718,0.0238488350761328,0.690882406897817
256773.411807,2514866.126422,0.188827838827839,0.026007326007326,0.0635531135531135,0.204761904761905,0.12985347985348,0.386996336996337
257273.411807,2514866.126422,0.190275229357798,0.287889908256881,0.0122935779816514,0.0667889908256881,0.0807339449541284,0.362018348623853
257773.411807,2514866.126422,0.0242157402311502,0.850119244175381,0,0.0155934690882407,0.00843881856540084,0.101632727939828
258273.411807,2514866.126422,0.0221611721611722,0.776007326007326,0,0.000183150183150183,0.00824175824175824,0.193406593406593
258773.411807,2514866.126422,0.16605504587156,0.0185321100917431,0.386788990825688,0.151926605504587,0.0427522935779817,0.23394495412844
259273.411807,2514866.126422,0.0361401577692167,0.030820033021464,0.342689414786278,0.277930654925702,0.106585947532563,0.205833791964777
259773.411807,2514866.126422,0.0847985347985348,0.125824175824176,0.0357142857142857,0.0344322344322344,0.0646520146520147,0.654578754578755
260273.411807,2514866.126422,0.0429357798165138,0.328256880733945,0.0922935779816514,0.0638532110091743,0.0878899082568807,0.384770642201835
260773.411807,2514866.126422,0.099431297009723,0.353513116859292,0.120344890845716,0.0986974866996881,0.0983305815446707,0.22968262704091
261273.411807,2514866.126422,0.0412087912087912,0.464102564102564,0.166483516483516,0.0512820512820513,0.0531135531135531,0.223809523809524
261773.411807,2514866.126422,0.058348623853211,0.297247706422018,0.239633027522936,0.202385321100917,0.076697247706422,0.125688073394495
262273.411807,2514866.126422,0.029535864978903,0.131352045496239,0.357182168409466,0.317556411667584,0.101999633094845,0.0623738763529628
262773.411807,2514866.126422,0.0458526532715095,0.459041731066461,0.13961875321999,0.128799587841319,0.0798557444616177,0.146831530139104
250273.411807,2514366.126422,0.978205128205128,0.0106227106227106,0,0,0,0.0111721611721612
250773.411807,2514366.126422,0.924275760909424,0.0584891822515585,0,0,0,0.0172350568390172
251273.411807,2514366.126422,0.983150183150183,0.0120879120879121,0,0,0,0.00476190476190476
251773.411807,2514366.126422,0.939194139194139,0.0608058608058608,0,0,0,0
252273.411807,2514366.126422,0.94004400440044,0.0102676934360103,0,0,0,0.0496883021635497
252773.411807,2514366.126422,0.889377289377289,0,0,0,0,0.110622710622711
253273.411807,2514366.126422,0.942857142857143,0,0,0,0,0.0571428571428571
253773.411807,2514366.126422,0.984598459845985,0,0,0,0,0.0154015401540154
254273.411807,2514366.126422,0.657326007326007,0.0467032967032967,0,0.00238095238095238,0.00549450549450549,0.288095238095238
254773.411807,2514366.126422,0.724358974358974,0.0115384615384615,0,0.0021978021978022,0.00659340659340659,0.255311355311355
255273.411807,2514366.126422,0.489365603226989,0.0207187385405207,0,0.0137513751375138,0.0229189585625229,0.453245324532453
255773.411807,2514366.126422,0.222161172161172,0.111355311355311,0.00677655677655678,0.080952380952381,0.0553113553113553,0.523443223443223
256273.411807,2514366.126422,0.0992673992673993,0.00421245421245421,0.0304029304029304,0.095970695970696,0.0847985347985348,0.685347985347985
256773.411807,2514366.126422,0.123395672900623,0.324899156582325,0,0.0331866519985332,0.0245691235790246,0.493949394939494
257273.411807,2514366.126422,0.0727106227106227,0.610805860805861,0,0.00860805860805861,0.0159340659340659,0.291941391941392
257773.411807,2514366.126422,0.0631868131868132,0.361172161172161,0,0.032051282051282,0.0336996336996337,0.50989010989011
258273.411807,2514366.126422,0.138980564723139,0.686468646864686,0,0.00128346167950128,0.00348368170150348,0.16978364503117
258773.411807,2514366.126422,0.17014652014652,0.0291208791208791,0.0021978021978022,0.0428571428571429,0.0351648351648352,0.720512820512821
259273.411807,2514366.126422,0.231868131868132,0.0250915750915751,0.25970695970696,0.118315018315018,0.0666666666666667,0.298351648351648
259773.411807,2514366.126422,0.0826916024935827,0.142097543087642,0.234873487348735,0.112394572790612,0.070957095709571,0.356985698569857
260273.411807,2514366.126422,0.043040293040293,0.556043956043956,0.121428571428571,0.0804029304029304,0.0754578754578755,0.123626373626374
260773.411807,2514366.126422,0.0902930402930403,0.274175824175824,0.0805860805860806,0.167399267399267,0.0899267399267399,0.297619047619048
261273.411807,2514366.126422,0.0616061606160616,0.382471580491382,0.125045837917125,0.0986431976530986,0.0742574257425743,0.257975797579758
261773.411807,2514366.126422,0.0434065934065934,0.274358974358974,0.213736263736264,0.151098901098901,0.102930402930403,0.214468864468864
262273.411807,2514366.126422,0.0358974358974359,0.113919413919414,0.304578754578755,0.317582417582418,0.117765567765568,0.11025641025641
262773.411807,2514366.126422,0.0149484536082474,0.17139175257732,0.417783505154639,0.142010309278351,0.115721649484536,0.138144329896907
250273.411807,2513866.126422,0.993764900055016,0.00623509994498441,0,0,0,0
250773.411807,2513866.126422,0.927432655305113,0.0725673446948873,0,0,0,0
251273.411807,2513866.126422,0.761607634428335,0.238392365571665,0,0,0,0
251773.411807,2513866.126422,0.800293416467999,0.141206675224647,0,0,0,0.0584999083073537
252273.411807,2513866.126422,0.939893714495144,0.00238226131574125,0,0,0,0.0577240241891149
252773.411807,2513866.126422,0.975591851715911,0.00220223894292531,0,0,0,0.0222059093411635
253273.411807,2513866.126422,0.956537685677609,0,0,0,0,0.0434623143223913
253773.411807,2513866.126422,0.76122411581455,0.00439802089059923,0,0.00329851566794942,0.00733003481766538,0.223749312809236
254273.411807,2513866.126422,0.340796476417691,0.0102771150669848,0,0.0135804734813727,0.0139475133051936,0.621398421728758
254773.411807,2513866.126422,0.785439207775536,0.00403447643498991,0,0.00733541169998166,0.0117366587199707,0.191454245369521
255273.411807,2513866.126422,0.457027670881437,0.0131940626717977,0.000366501740883269,0.0522264980758659,0.0820963899578523,0.395088876672164
255773.411807,2513866.126422,0.160579922921637,0.0489998164800881,0.0154156726004772,0.0392732611488346,0.0759772435309231,0.65975408331804
256273.411807,2513866.126422,0.0573995965523565,0.055198973042362,0.157344580964607,0.0828901522097928,0.0940766550522648,0.553090042178617
256773.411807,2513866.126422,0.105002748763057,0.0745831042697453,0.00787978742899029,0.00989554700384827,0.0119113065787062,0.790727505955653
257273.411807,2513866.126422,0.0293631859056708,0.607083868599743,0,0.00587263718113415,0.0133969535694623,0.34428335474399
257773.411807,2513866.126422,0.10819732257473,0.650100861910875,0,0.0139372822299652,0.0236567027324409,0.20410783055199
258273.411807,2513866.126422,0.0901594282572842,0.422393256367968,0.0139270661535642,0.0472787245739417,0.0560747663551402,0.370166758292102
258773.411807,2513866.126422,0.115434024591668,0.0869884382455496,0.0440447788585061,0.0968985134887135,0.0767113231785649,0.579922921636998
259273.411807,2513866.126422,0.107463781404731,0.173665871997066,0.0722538052448194,0.0269576379974326,0.0561158995048597,0.563543003851091
259773.411807,2513866.126422,0.116730804471321,0.0615722924683892,0.342679127725857,0.347260399486898,0.0507604911123328,0.0809968847352025
260273.411807,2513866.126422,0.126628739218205,0.302073775004588,0.102587630757937,0.191411268122591,0.0957973940172509,0.181501192879427
260773.411807,2513866.126422,0.0478635613423803,0.37190537318907,0.137355584082157,0.0821566110397946,0.10801393728223,0.252704933064368
261273.411807,2513866.126422,0.0428807036833425,0.497526113249038,0.0601062855048561,0.102986989188199,0.0879604178119846,0.20853949056258
261773.411807,2513866.126422,0.0579922921636998,0.451642503211598,0.0884565975408332,0.0857037988621766,0.11194714626537,0.204257661956322
262273.411807,2513866.126422,0.0823399963322941,0.186869613057033,0.371355217311572,0.153493489822116,0.0693196405648267,0.136622042912158
262773.411807,2513866.126422,0.0654639175257732,0.168556701030928,0.412113402061856,0.0930412371134021,0.104123711340206,0.156701030927835
250273.411807,2513366.126422,0.829756008071913,0.170243991928087,0,0,0,0
250773.411807,2513366.126422,0.861355311355311,0.138644688644689,0,0,0,0
251273.411807,2513366.126422,0.693211009174312,0.306788990825688,0,0,0,0
251773.411807,2513366.126422,0.666850119244175,0.25389836727206,0,0,0,0.0792515134837644
252273.411807,2513366.126422,0.616666666666667,0.00384615384615385,0,0.00952380952380952,0.00915750915750916,0.360805860805861
252773.411807,2513366.126422,0.821284403669725,0.00752293577981651,0,0,0,0.171192660550459
253273.411807,2513366.126422,0.845166024582645,0,0,0,0,0.154833975417355
253773.411807,2513366.126422,0.765201465201465,0,0,0.000183150183150183,0.000366300366300366,0.234249084249084
254273.411807,2513366.126422,0.278715596330275,0.0271559633027523,0,0.0234862385321101,0.0335779816513761,0.637064220183486
254773.411807,2513366.126422,0.189323059988993,0.0429279031370391,0.00550357732526142,0.0144927536231884,0.0288020546688681,0.71895065125665
255273.411807,2513366.126422,0.0765567765567766,0.00970695970695971,0.00238095238095238,0.272893772893773,0.143406593406593,0.495054945054945
255773.411807,2513366.126422,0.22697247706422,0.051743119266055,0.00256880733944954,0.0689908256880734,0.10256880733945,0.547155963302752
256273.411807,2513366.126422,0.134287286736379,0.0495321959273528,0.00311869381764814,0.0928270042194093,0.110988809392772,0.609246009906439
256773.411807,2513366.126422,0.300915750915751,0.0021978021978022,0,0.0206959706959707,0.0212454212454212,0.654945054945055
257273.411807,2513366.126422,0.0873394495412844,0.46605504587156,0,0.0258715596330275,0.036697247706422,0.384036697247706
257773.411807,2513366.126422,0.236103467253715,0.161805173362686,0,0.0565033938726839,0.0574206567602275,0.488167308750688
258273.411807,2513366.126422,0.0467032967032967,0.302197802197802,0.00238095238095238,0.0551282051282051,0.0443223443223443,0.549267399267399
258773.411807,2513366.126422,0.0932110091743119,0.167522935779817,0.0170642201834862,0.224403669724771,0.109908256880734,0.387889908256881
259273.411807,2513366.126422,0.0271509814712897,0.418455329297377,0.0414602825169694,0.102916895982389,0.072463768115942,0.337552742616034
259773.411807,2513366.126422,0.0289377289377289,0.363553113553114,0.2003663003663,0.0642857142857143,0.0423076923076923,0.300549450549451
260273.411807,2513366.126422,0.0390825688073395,0.0834862385321101,0.309908256880734,0.305688073394495,0.0897247706422018,0.172110091743119
260773.411807,2513366.126422,0.0300862227114291,0.701155751238305,0.0322876536415337,0.020546688680976,0.029535864978903,0.186387818748853
261273.411807,2513366.126422,0.0227106227106227,0.366666666666667,0.172344322344322,0.100915750915751,0.106959706959707,0.23040293040293
261773.411807,2513366.126422,0.0568807339449541,0.424587155963303,0.137614678899083,0.0910091743119266,0.107889908256881,0.182018348623853
262273.411807,2513366.126422,0.0372408732342689,0.281416253898367,0.223078334250596,0.137772885709044,0.089157952669235,0.231333700238488
262773.411807,2513366.126422,0.0311695002575992,0.342606903657908,0.115146831530139,0.0579598145285935,0.047655847501288,0.405461102524472
250273.411807,2512866.126422,0.595604395604396,0.404395604395604,0,0,0,0
250773.411807,2512866.126422,0.758525852585259,0.241474147414741,0,0,0,0
251273.411807,2512866.126422,0.779304029304029,0.220695970695971,0,0,0,0
251773.411807,2512866.126422,0.758241758241758,0.222527472527473,0,0.00293040293040293,0.00549450549450549,0.0108058608058608
252273.411807,2512866.126422,0.392005867253392,0.163916391639164,0,0.00385038503850385,0.0066006600660066,0.433626696002934
252773.411807,2512866.126422,0.714468864468864,0,0,0.0010989010989011,0.00164835164835165,0.282783882783883
253273.411807,2512866.126422,0.748351648351648,0,0,0,0,0.251648351648352
253773.411807,2512866.126422,0.26952695269527,0.0623395672900623,0.00238357169050238,0.0198019801980198,0.0561056105610561,0.58984231756509
254273.411807,2512866.126422,0.14010989010989,0.0135531135531136,0.00457875457875458,0.0217948717948718,0.0536630036630037,0.766300366300366
254773.411807,2512866.126422,0.167765567765568,0.0252747252747253,0,0.0481684981684982,0.0393772893772894,0.719413919413919
255273.411807,2512866.126422,0.0427209387605427,0.103226989365603,0.0359369270260359,0.125595892922626,0.079024569123579,0.613494682801613
255773.411807,2512866.126422,0.056043956043956,0.0902930402930403,0.0108058608058608,0.0435897435897436,0.0659340659340659,0.733333333333333
256273.411807,2512866.126422,0.108424908424908,0.0591575091575092,0.0131868131868132,0.073992673992674,0.0921245421245421,0.653113553113553
256773.411807,2512866.126422,0.0999266593325999,0.0161349468280161,0.198019801980198,0.103960396039604,0.138430509717638,0.443527686101944
257273.411807,2512866.126422,0.0313186813186813,0.416666666666667,0.015018315018315,0.0404761904761905,0.0421245421245421,0.454395604395604
257773.411807,2512866.126422,0.0716117216117216,0.287912087912088,0.0188644688644689,0.111904761904762,0.103113553113553,0.406593406593407
258273.411807,2512866.126422,0.0372203887055372,0.273010634396773,0.0364869820315365,0.111294462779611,0.074990832416575,0.466996699669967
258773.411807,2512866.126422,0.0437728937728938,0.226739926739927,0.0749084249084249,0.0675824175824176,0.0804029304029304,0.506593406593407
259273.411807,2512866.126422,0.0282051282051282,0.507326007326007,0.0531135531135531,0.0512820512820513,0.0525641025641026,0.307509157509158
259773.411807,2512866.126422,0.0287862119545288,0.424459112577924,0.111844517785112,0.0491382471580491,0.0397873120645398,0.345984598459846
260273.411807,2512866.126422,0.0032967032967033,0.0716117216117216,0.455860805860806,0.386263736263736,0.0256410256410256,0.0573260073260073
260773.411807,2512866.126422,0.0146520146520147,0.679304029304029,0.00659340659340659,0.151098901098901,0.0227106227106227,0.125641025641026
261273.411807,2512866.126422,0.0124679134580125,0.376420975430876,0.184085075174184,0.170883755042171,0.068023469013568,0.188118811881188
261773.411807,2512866.126422,0.052014652014652,0.537179487179487,0.12032967032967,0.0163003663003663,0.0346153846153846,0.23956043956044
262273.411807,2512866.126422,0.102930402930403,0.138461538461538,0.358608058608059,0.06996336996337,0.0402930402930403,0.28974358974359
250273.411807,2512366.126422,0.725655602420686,0.270309921144324,0,0,0,0.00403447643498991
250773.411807,2512366.126422,0.665383910573575,0.304196444933113,0,0,0,0.0304196444933113
251273.411807,2512366.126422,0.780693705267021,0.217654615525785,0,0,0,0.00165167920719398
251773.411807,2512366.126422,0.796258940033009,0.0887584815697781,0,0,0,0.114982578397213
252273.411807,2512366.126422,0.345061389041598,0.0568077698369067,0,0.00513102437236577,0.00733003481766538,0.585669781931464
252773.411807,2512366.126422,0.209029179665994,0.0326665443200587,0.0214718296935217,0.0528537346302074,0.0669847678473114,0.616993943842907
253273.411807,2512366.126422,0.355767467449111,0.0359435173299101,0.000183385292499542,0.0130203557674674,0.0282413350449294,0.566843939116083
253773.411807,2512366.126422,0.156679494227598,0.040131940626718,0.00513102437236577,0.0727505955653289,0.0393989371449514,0.685908008063038
254273.411807,2512366.126422,0.122591301156175,0.0699210864378785,0.0530372545421178,0.113415305560653,0.127729858689668,0.513305193613507
254773.411807,2512366.126422,0.0726205758298184,0.295066935631762,0.0429121584448927,0.0753713552173116,0.103612690262241,0.410416284613974
255273.411807,2512366.126422,0.0318856514568444,0.385743082279641,0.0613890415979476,0.0238226131574125,0.0384826827927433,0.458676928715411
255773.411807,2512366.126422,0.103138190493669,0.268122591301156,0,0.0840521196549826,0.0706551660855203,0.474031932464672
256273.411807,2512366.126422,0.145424536952136,0.0223730056849441,0.0075187969924812,0.101778837337246,0.0957271226847607,0.627177700348432
256773.411807,2512366.126422,0.195345427890782,0.0514934945940993,0.100971229613341,0.129008612790911,0.118929814916621,0.404251420194246
257273.411807,2512366.126422,0.116718663975041,0.0563406129565058,0.028629106258029,0.151036887502294,0.125894659570563,0.521380069737567
257773.411807,2512366.126422,0.0724371905373189,0.230882083256923,0.0291582615074271,0.168897854392078,0.0817898404547955,0.416834769851458
258273.411807,2512366.126422,0.0406816932380429,0.397837639728789,0.0668865677111966,0.0593732820230896,0.0623052959501558,0.372915521348726
258773.411807,2512366.126422,0.05395485410167,0.280234905487245,0.0701046063497889,0.0959809139291613,0.089190677188475,0.410534042943659
259273.411807,2512366.126422,0.0511644966073721,0.263708050614341,0.150559325142124,0.0671190170548322,0.108380707867229,0.359068402714102
259773.411807,2512366.126422,0.0161260765988638,0.0874106652006597,0.31610775151182,0.0692688290269379,0.0344511636430273,0.476635514018692
260273.411807,2512366.126422,0.152688566709488,0.00715727656450725,0.29454945861626,0.144063130849697,0.0330335841438796,0.368507983116168
260773.411807,2512366.126422,0.0414450761048964,0.113882266642215,0.233816247936915,0.0584999083073537,0.0273244085824317,0.525032092426187
261273.411807,2512366.126422,0.0560747663551402,0.139087410665201,0.258200476452263,0.233461608942642,0.0419644493311343,0.271211288253619
250273.411807,2511866.126422,0.654008438818565,0.184186387818749,0,0,0,0.161805173362686
250773.411807,2511866.126422,0.616300366300366,0.000183150183150183,0,0,0,0.383516483516484
251273.411807,2511866.126422,0.684770642201835,0.0115596330275229,0,0,0,0.303669724770642
251773.411807,2511866.126422,0.849568886442855,0,0,0,0,0.150431113557145
252273.411807,2511866.126422,0.210622710622711,0.0163003663003663,0,0.0117216117216117,0.0175824175824176,0.743772893772894
252773.411807,2511866.126422,0.288440366972477,0.0622018348623853,0.000917431192660551,0.0677064220183486,0.0568807339449541,0.523853211009174
253273.411807,2511866.126422,0.174463401210787,0.0236653824986241,0.00862227114290956,0.0232984773436067,0.0363236103467254,0.733626857457347
253773.411807,2511866.126422,0.271062271062271,0.015018315018315,0.0606227106227106,0.0992673992673993,0.0886446886446886,0.465384615384615
254273.411807,2511866.126422,0.126788990825688,0.0332110091743119,0.0631192660550459,0.339633027522936,0.111926605504587,0.325321100917431
254773.411807,2511866.126422,0.140157769216657,0.179966978536048,0.0526508897450009,0.133736929003853,0.101449275362319,0.392038158136122
255273.411807,2511866.126422,0.0749084249084249,0.0364468864468864,0.0518315018315018,0.435531135531136,0.126373626373626,0.274908424908425
255773.411807,2511866.126422,0.105504587155963,0.0245871559633028,0.0122935779816514,0.38,0.133211009174312,0.344403669724771
256273.411807,2511866.126422,0.0920931939093744,0.172261970280682,0.0190790680609063,0.132085855806274,0.106219042377545,0.478260869565217
256773.411807,2511866.126422,0.0668498168498168,0.0492673992673993,0.131318681318681,0.11978021978022,0.123260073260073,0.509523809523809
257273.411807,2511866.126422,0.0267889908256881,0.0444036697247706,0.170642201834862,0.135963302752294,0.207889908256881,0.414311926605505
257773.411807,2511866.126422,0.0144927536231884,0.232617868281049,0.0706292423408549,0.176481379563383,0.118693817648138,0.387084938543387
258273.411807,2511866.126422,0.0547619047619048,0.248168498168498,0.054029304029304,0.116849816849817,0.114468864468864,0.411721611721612
258773.411807,2511866.126422,0.0489908256880734,0.235779816513761,0.109174311926606,0.119082568807339,0.0847706422018349,0.402201834862385
259273.411807,2511866.126422,0.0473307649972482,0.0946615299944964,0.379013025133003,0.131168592918731,0.0588882773802972,0.288937809576225
259773.411807,2511866.126422,0.17032967032967,0.11043956043956,0.01996336996337,0.0899267399267399,0.0294871794871795,0.57985347985348
260273.411807,2511866.126422,0.107522935779817,0.139449541284404,0.194128440366972,0.108623853211009,0.00513761467889908,0.445137614678899
260773.411807,2511866.126422,0,0.0427444505595304,0.798018712162906,0.152815997064759,0,0.00642084021280499
250273.411807,2511366.126422,0.815018315018315,0.0274725274725275,0,0,0,0.157509157509158
250773.411807,2511366.126422,0.743857719105244,0,0,0,0,0.256142280894756
251273.411807,2511366.126422,0.696703296703297,0,0,0,0,0.303296703296703
251773.411807,2511366.126422,0.903663003663004,0,0,0,0,0.0963369963369963
252273.411807,2511366.126422,0.687018701870187,0.00128346167950128,0,0,0.000733406674000733,0.310964429776311
252773.411807,2511366.126422,0.17014652014652,0.0100732600732601,0.00128205128205128,0.0397435897435897,0.0532967032967033,0.725457875457875
253273.411807,2511366.126422,0.256410256410256,0.0507326007326007,0.0210622710622711,0.110805860805861,0.0767399267399267,0.484249084249084
253773.411807,2511366.126422,0.168866886688669,0.0286028602860286,0.0766409974330766,0.192519251925193,0.0746241290795746,0.458745874587459
254273.411807,2511366.126422,0.0536630036630037,0.0498168498168498,0.172710622710623,0.185164835164835,0.0826007326007326,0.456043956043956
254773.411807,2511366.126422,0.0820512820512821,0.336263736263736,0.0957875457875458,0.0730769230769231,0.00842490842490842,0.404395604395604
255273.411807,2511366.126422,0.108910891089109,0.153648698203154,0.0141180784745141,0.0410707737440411,0.0383204987165383,0.643931059772644
255773.411807,2511366.126422,0.18021978021978,0.0631868131868132,0.0510989010989011,0.107692307692308,0.10970695970696,0.488095238095238
256273.411807,2511366.126422,0.0331501831501832,0.17032967032967,0.0835164835164835,0.0716117216117216,0.13040293040293,0.510989010989011
256773.411807,2511366.126422,0.0583058305830583,0.0617895122845618,0.176751008434177,0.101760176017602,0.12009534286762,0.481298129812981
257273.411807,2511366.126422,0.0406593406593407,0.01996336996337,0.0668498168498168,0.0743589743589744,0.0919413919413919,0.706227106227106
257773.411807,2511366.126422,0.0137362637362637,0.161172161172161,0.21025641025641,0.080952380952381,0.0941391941391941,0.43974358974359
258273.411807,2511366.126422,0.13971397139714,0.14961496149615,0.0359369270260359,0.0936927026035937,0.0793912724605794,0.501650165016502
258773.411807,2511366.126422,0.133516483516484,0.162454212454212,0.195970695970696,0.0595238095238095,0.0274725274725275,0.421062271062271
259273.411807,2511366.126422,0.0514652014652015,0.0252747252747253,0.680952380952381,0.0446886446886447,0.00347985347985348,0.194139194139194
250273.411807,2510866.126422,0.816614707500459,0,0,0,0,0.183385292499542
250773.411807,2510866.126422,0.858896829759941,0.00109950522264981,0,0,0.000183250870441635,0.139820414146967
251273.411807,2510866.126422,0.721416773719949,0,0,0,0,0.278583226280051
251773.411807,2510866.126422,0.421786172748946,0.000550155877498625,0,0.00256739409499358,0.00348432055749129,0.571611956721071
252273.411807,2510866.126422,0.309510720175921,0.0337181601612608,0.00201575957485798,0.0557082646142569,0.0608392889866227,0.538207806487081
252773.411807,2510866.126422,0.135804734813727,0.183886951734263,0.00201871903101487,0.175995595522114,0.0389062213250138,0.463387777573867
253273.411807,2510866.126422,0.123785072437191,0.107280396112232,0.0478635613423803,0.230882083256923,0.0253071703649367,0.464881716486338
253773.411807,2510866.126422,0.338097855964816,0.0243723657687374,0.0773318673263698,0.0659703133589885,0.0153930731170973,0.478834524463991
254273.411807,2510866.126422,0.230133969535695,0.017434391631492,0.0563406129565058,0.128280418425399,0.102954670581758,0.46485593686915
254773.411807,2510866.126422,0.0256739409499358,0.0260407115349349,0.359251788006602,0.106730240234733,0.134604804694663,0.347698514579131
255273.411807,2510866.126422,0.0595565328935312,0.0403151914971596,0.271394539124061,0.15924500641378,0.0558915154846986,0.413597214586769
255773.411807,2510866.126422,0.0945127546338778,0.00862543585979079,0.00935951550743256,0.258212516057992,0.0405579005322077,0.588731877408699
256273.411807,2510866.126422,0.0981111314872547,0.0770218228498075,0,0.0201723821749496,0.0298918026774253,0.774802860810563
256773.411807,2510866.126422,0.0282206340480117,0.389408099688474,0,0,0.000733003481766538,0.581638262781748
257273.411807,2510866.126422,0.0113782345384474,0.293264819232887,0.00880895577170123,0.0082583960359699,0.00605615709304459,0.67223343732795
257773.411807,2510866.126422,0.129286631212177,0.228498074454429,0.061984228864845,0.0711534934898221,0.0381441408399046,0.470933431138823
258273.411807,2510866.126422,0.0711013377313542,0.0599230346344145,0.614806670331684,0.0643210555250137,0.00714678394722375,0.18270111783031
250273.411807,2510366.126422,0.503026967528894,0.0434782608695652,0,0.167859108420473,0.0421940928270042,0.243441570354063
250773.411807,2510366.126422,0.557692307692308,0.0157509157509158,0,0.131135531135531,0.0507326007326007,0.244688644688645
251273.411807,2510366.126422,0.295963302752294,0.0486238532110092,0.00018348623853211,0.26697247706422,0.0440366972477064,0.344220183486239
251773.411807,2510366.126422,0.130067877453678,0.0403595670519171,0.0143093010456797,0.448358099431297,0.0847550908090259,0.282150064208402
252273.411807,2510366.126422,0.387912087912088,0.0351648351648352,0.0423076923076923,0.364652014652015,0.0481684981684982,0.121794871794872
252773.411807,2510366.126422,0.636880733944954,0.0321100917431193,0.00055045871559633,0.0308256880733945,0.0172477064220183,0.282385321100917
253273.411807,2510366.126422,0.485232067510549,0.00421940928270042,0,0.00275178866263071,0.00366905155017428,0.504127682993946
253773.411807,2510366.126422,0.648901098901099,0,0,0.000183150183150183,0.000183150183150183,0.350732600732601
254273.411807,2510366.126422,0.439816513761468,0.011743119266055,0.0392660550458716,0.0522935779816514,0.0499082568807339,0.40697247706422
254773.411807,2510366.126422,0.148596587782058,0.0258668134287287,0.141992294991745,0.27389469822051,0.108970831040176,0.300678774536782
255273.411807,2510366.126422,0.0432234432234432,0.0210622710622711,0.23040293040293,0.103846153846154,0.10018315018315,0.501282051282051
255773.411807,2510366.126422,0.00532110091743119,0.172844036697248,0.412110091743119,0.20348623853211,0.0242201834862385,0.182018348623853
256273.411807,2510366.126422,0.0238488350761328,0.645202715098147,0,0,0,0.33094844982572
256773.411807,2510366.126422,0.015018315018315,0.0397435897435897,0,0.00805860805860806,0.0186813186813187,0.918498168498168
257273.411807,2510366.126422,0.00495412844036697,0.616146788990826,0.0884403669724771,0.0787155963302752,0.00532110091743119,0.206422018348624
250273.411807,2509866.126422,0.476556776556777,0.00164835164835165,0,0.00622710622710623,0.00769230769230769,0.507875457875458
250773.411807,2509866.126422,0.473780711404474,0.00385038503850385,0,0.0218188485515218,0.0212687935460213,0.479281261459479
251273.411807,2509866.126422,0.520695970695971,0.00567765567765568,0,0.00476190476190476,0.0128205128205128,0.456043956043956
251773.411807,2509866.126422,0.663186813186813,0.000366300366300366,0,0.00366300366300366,0.00512820512820513,0.327655677655678
252273.411807,2509866.126422,0.937660432709938,0,0,0,0,0.0623395672900623
252773.411807,2509866.126422,0.863736263736264,0,0,0,0,0.136263736263736
253273.411807,2509866.126422,0.841941391941392,0,0,0,0,0.158058608058608
253773.411807,2509866.126422,0.65016501650165,0,0,0,0,0.34983498349835
254273.411807,2509866.126422,0.243040293040293,0.0146520146520147,0.159157509157509,0.0824175824175824,0.0824175824175824,0.418315018315018
254773.411807,2509866.126422,0.0399267399267399,0.0377289377289377,0.331684981684982,0.185347985347985,0.148168498168498,0.257142857142857
255273.411807,2509866.126422,0.0198019801980198,0.017968463513018,0.258159149248258,0.125595892922626,0.121012101210121,0.457462412907957
255773.411807,2509866.126422,0.00586080586080586,0.0516483516483516,0.29981684981685,0.111721611721612,0.0690476190476191,0.461904761904762
256273.411807,2509866.126422,0.0183150183150183,0.0274725274725275,0.40970695970696,0.0620879120879121,0.00695970695970696,0.475457875457875
256773.411807,2509866.126422,0.0232856618995233,0.286211954528786,0.0139347268060139,0.0867253392005867,0.00201686835350202,0.587825449211588
257273.411807,2509866.126422,0.00164835164835165,0.0734432234432234,0.864468864468865,0.0562271062271062,0.000183150183150183,0.00402930402930403
250273.411807,2509366.126422,0.467265725288832,0.00146708233999633,0,0.00110031175499725,0.00165046763249587,0.528516412983679
250773.411807,2509366.126422,0.34982591167308,0.000733003481766538,0,0.00164925783397471,0.00714678394722375,0.640645043063955
251273.411807,2509366.126422,0.295283538263902,0.0332171040557901,0,0.000367039823820885,0.00201871903101487,0.669113598825473
251773.411807,2509366.126422,0.282963506326793,0.0192554557124519,0,0.00385109114249037,0.00605171465248487,0.68787823216578
252273.411807,2509366.126422,0.473520249221184,0.0126443100604728,0,0.00311526479750779,0.00384826827927433,0.506871907641561
252773.411807,2509366.126422,0.600844191594788,0.00587263718113415,0,0.00367039823820885,0.00568911726922371,0.383923655716645
253273.411807,2509366.126422,0.494223363286264,0.00330093526499175,0,0.00293416467999266,0.0110031175499725,0.488538419218779
