"x","y","forest","agri","water","built","other","grass"
239273.411807,2737866.126422,0,0,0.376688251618871,0.623311748381129,0,0
239773.411807,2737866.126422,0.00110987791342952,0.0467998520162782,0.465778764335923,0.449685534591195,0.0166481687014428,0.0199778024417314
240273.411807,2737866.126422,0.151851851851852,0.0133333333333333,0.00407407407407407,0.317037037037037,0.0937037037037037,0.42
240773.411807,2737866.126422,0.262349676225717,0.0427382053654024,0.0131359851988899,0.425716928769658,0.101757631822387,0.154301572617946
241273.411807,2737866.126422,0.581761006289308,0.00813910469848317,0,0.00277469478357381,0.0105438401775805,0.396781354051054
241773.411807,2737866.126422,0.449259259259259,0.00648148148148148,0.000740740740740741,0.00703703703703704,0.0192592592592593,0.517222222222222
242273.411807,2737866.126422,0.422941720629047,0.0222016651248844,0,0.0207215541165587,0.0270120259019426,0.507123034227567
242773.411807,2737866.126422,0.391416944136145,0.138179800221976,0.00591934887162412,0.0231224565297817,0.0723270440251572,0.369034406215316
243273.411807,2737866.126422,0.520925925925926,0.057037037037037,0.00462962962962963,0.017962962962963,0.0483333333333333,0.351111111111111
243773.411807,2737866.126422,0.461979648473636,0.0708603145235893,0.000370027752081406,0.0503237742830712,0.0677150786308973,0.348751156336725
244273.411807,2737866.126422,0.298372179060303,0.11228264890862,0,0.00628930817610063,0.0234924158342582,0.559563448020718
244773.411807,2737866.126422,0.411851851851852,0.120740740740741,0,0.0109259259259259,0.0231481481481481,0.433333333333333
245273.411807,2737866.126422,0.66327474560592,0.0268270120259019,0.000740055504162812,0.0166512488436633,0.0223866790009251,0.270120259019426
245773.411807,2737866.126422,0.674065852756197,0.000739918608953015,0,0.0221975582685905,0.0303366629670736,0.272660007399186
246273.411807,2737866.126422,0.536666666666667,0.0268518518518519,0,0.00981481481481481,0.0162962962962963,0.41037037037037
246773.411807,2737866.126422,0.649213691026827,0.0149861239592969,0.00240518038852914,0.0197964847363552,0.0419981498612396,0.271600370027752
247273.411807,2737866.126422,0.603588605253422,0.00388457269700333,0,0.00850906400295967,0.0194228634850166,0.364594894561598
247773.411807,2737866.126422,0.494444444444444,0.0209259259259259,0,0.0344444444444444,0.0794444444444444,0.370740740740741
248273.411807,2737866.126422,0.6,0.00222016651248844,0,0.00425531914893617,0.0146160962072155,0.37890841813136
248773.411807,2737866.126422,0.642619311875694,0.00462449130595634,0,0.00277469478357381,0.00758416574176841,0.342397336293008
249273.411807,2737866.126422,0.608518518518519,0.00425925925925926,0.00166666666666667,0.0122222222222222,0.0285185185185185,0.344814814814815
249773.411807,2737866.126422,0.510387422796182,0.0248923825566161,0.000374321542204754,0.0252667040988209,0.0969492794310313,0.342129889575145
238273.411807,2737366.126422,0,0,0.0170548322024574,0.982945167797543,0,0
238773.411807,2737366.126422,0,0.00238226131574125,0.291918636613524,0.704233095107202,0.00146600696353308,0
239273.411807,2737366.126422,0.0244081482840888,0.0864378785098183,0.126995779042026,0.51018535511103,0.0695540466140576,0.18241879243898
239773.411807,2737366.126422,0.0761048963873097,0.0717036493673207,0.0179717586649551,0.310471300201724,0.115532734274711,0.408215661103979
240273.411807,2737366.126422,0.168041048194979,0.0111783030969397,0.0461792193512919,0.23657687374015,0.0923584387025838,0.445666116914055
240773.411807,2737366.126422,0.17416039640301,0.0133969535694623,0.0122958340979996,0.434208111580106,0.113782345384474,0.252156358964948
241273.411807,2737366.126422,0.228681459746928,0.0473134054648817,0.000183385292499542,0.139189437007152,0.122868145974693,0.461764166513846
241773.411807,2737366.126422,0.415063221550302,0.0848451530144768,0.00494777350192413,0.0296866410115448,0.0555250137438153,0.409932197177937
242273.411807,2737366.126422,0.352358230868049,0.0165167920719398,0.00293631859056708,0.117636263534593,0.106258028996146,0.404294365938704
242773.411807,2737366.126422,0.409132587566477,0.0372272143774069,0,0.0678525582248304,0.06400146708234,0.421786172748946
243273.411807,2737366.126422,0.579439252336449,0.013560564412681,0,0.043613707165109,0.0450797141286421,0.318306761957119
243773.411807,2737366.126422,0.553863094145715,0.073040924940356,0,0.0339511837034318,0.0532207744540283,0.285924022756469
244273.411807,2737366.126422,0.771318540253072,0.0100861910874748,0,0.00238400880249404,0.00788556757748029,0.208325692279479
244773.411807,2737366.126422,0.781015209822247,0.00219901044529962,0.000916254352208173,0.000549752611324904,0.00238226131574125,0.212937511453179
245273.411807,2737366.126422,0.733162048082217,0.00403743806202973,0,0.000367039823820885,0.00385391815011929,0.258579555881813
245773.411807,2737366.126422,0.638914359068403,0.0205391527599487,0,0.0143040528149642,0.0258573262424354,0.300385109114249
246273.411807,2737366.126422,0.539673813450614,0.0443467106468756,0,0.00733003481766538,0.0186915887850467,0.389957852299798
246773.411807,2737366.126422,0.6432372912461,0.039823820884566,0.000183519911910442,0.0012846393833731,0.00220223894292531,0.313268489631125
247273.411807,2737366.126422,0.693013020355768,0.0152209792774619,0,0.0177883733724555,0.048413717219879,0.225563909774436
247773.411807,2737366.126422,0.596481583287521,0.0382994319223016,0.00604727872457394,0.0186915887850467,0.0566245189664651,0.283855598314092
248273.411807,2737366.126422,0.740686364470545,0.0034868783262984,0.00146815929528354,0.000550559735731327,0.00403743806202973,0.249770600110112
248773.411807,2737366.126422,0.599303135888502,0.00311754997249221,0,0.0192554557124519,0.0342930496974143,0.34403080872914
249273.411807,2737366.126422,0.667766171889317,0.00623052959501558,0,0.0188748396554884,0.0342679127725857,0.272860546087594
249773.411807,2737366.126422,0.758025607719429,0.000556689552792726,0,0.00241232139543515,0.00649471144924847,0.232510669883095
238273.411807,2736866.126422,0.116125481563016,0.0280682443588332,0.192074848651624,0.54632177582095,0.0443955237571088,0.0730141258484682
238773.411807,2736866.126422,0.184615384615385,0.0395604395604396,0.0397435897435897,0.276007326007326,0.101098901098901,0.358974358974359
239273.411807,2736866.126422,0.225504587155963,0.0368807339449541,0.00348623853211009,0.18256880733945,0.102752293577982,0.448807339449541
239773.411807,2736866.126422,0.180150431113557,0.0315538433314988,0.000183452577508714,0.197578425976885,0.121078701155751,0.469455145844799
240273.411807,2736866.126422,0.0710622710622711,0.0362637362637363,0.0285714285714286,0.233699633699634,0.107326007326007,0.523076923076923
240773.411807,2736866.126422,0.127155963302752,0.0341284403669725,0.0159633027522936,0.311559633027523,0.129908256880734,0.381284403669725
241273.411807,2736866.126422,0.274261603375527,0.032104201064025,0,0.186204366171345,0.106769400110072,0.400660429279031
241773.411807,2736866.126422,0.341941391941392,0.0318681318681319,0,0.0545787545787546,0.0681318681318681,0.503479853479853
242273.411807,2736866.126422,0.630825688073394,0.00899082568807339,0.00385321100917431,0.0198165137614679,0.0220183486238532,0.314495412844037
242773.411807,2736866.126422,0.590900752155568,0.0161438268207668,0.00091726288754357,0.0119244175380664,0.0207301412584847,0.359383599339571
243273.411807,2736866.126422,0.554945054945055,0.0197802197802198,0,0.0214285714285714,0.0256410256410256,0.378205128205128
243773.411807,2736866.126422,0.764770642201835,0.0357798165137615,0,0.0108256880733945,0.0258715596330275,0.162752293577982
244273.411807,2736866.126422,0.699504678040726,0.0410933773619519,0,0.00990643918547056,0.0238488350761328,0.225646670335718
244773.411807,2736866.126422,0.363736263736264,0.0694139194139194,0.0032967032967033,0.0201465201465201,0.0529304029304029,0.49047619047619
245273.411807,2736866.126422,0.419816513761468,0.185688073394495,0,0.0108256880733945,0.0361467889908257,0.347522935779817
245773.411807,2736866.126422,0.520454962392222,0.0761328196661163,0,0.00642084021280499,0.0249495505411851,0.372041827187672
246273.411807,2736866.126422,0.59047619047619,0.00787545787545788,0,0.0148351648351648,0.0371794871794872,0.3496336996337
246773.411807,2736866.126422,0.825871559633027,0.011743119266055,0.00073394495412844,0.00110091743119266,0.0036697247706422,0.156880733944954
247273.411807,2736866.126422,0.415336635479728,0.0315538433314988,0.00366905155017428,0.0493487433498441,0.0957622454595487,0.404329480829206
247773.411807,2736866.126422,0.620879120879121,0.00256410256410256,0.000366300366300366,0.000549450549450549,0.00256410256410256,0.373076923076923
248273.411807,2736866.126422,0.641467889908257,0.0055045871559633,0.00036697247706422,0.00403669724770642,0.00697247706422018,0.341651376146789
248773.411807,2736866.126422,0.455696202531646,0.00385250412768299,0,0.0715465052283985,0.139607411484131,0.329297376628142
249273.411807,2736866.126422,0.65952380952381,0.00384615384615385,0,0.0271062271062271,0.0421245421245421,0.267399267399267
249773.411807,2736866.126422,0.62708719851577,0.0109461966604824,0,0.00426716141001855,0.0205936920222635,0.337105751391466
237773.411807,2736366.126422,0.142124542124542,0.0485347985347985,0.170512820512821,0.492307692307692,0.0278388278388278,0.118681318681319
238273.411807,2736366.126422,0.333150183150183,0.0624542124542125,0.00128205128205128,0.153663003663004,0.0483516483516484,0.401098901098901
238773.411807,2736366.126422,0.655665566556656,0.0157682434910158,0,0.0324532453245325,0.0430876420975431,0.253025302530253
239273.411807,2736366.126422,0.597985347985348,0.00238095238095238,0,0.00824175824175824,0.00989010989010989,0.381501831501831
239773.411807,2736366.126422,0.404395604395604,0.00531135531135531,0,0.0664835164835165,0.071978021978022,0.451831501831502
240273.411807,2736366.126422,0.254308764209754,0.00495049504950495,0,0.0397873120645398,0.0295196186285295,0.671433810047671
240773.411807,2736366.126422,0.141208791208791,0.0380952380952381,0.00641025641025641,0.123809523809524,0.11959706959707,0.570879120879121
241273.411807,2736366.126422,0.290842490842491,0.0194139194139194,0.00293040293040293,0.321428571428571,0.112637362637363,0.252747252747253
241773.411807,2736366.126422,0.696552988632197,0.00055005500550055,0,0.0537220388705537,0.0416208287495416,0.207554088742208
242273.411807,2736366.126422,0.776739926739927,0.00256410256410256,0,0.00457875457875458,0.00402930402930403,0.212087912087912
242773.411807,2736366.126422,0.712087912087912,0.00274725274725275,0,0.00512820512820513,0.00989010989010989,0.27014652014652
243273.411807,2736366.126422,0.499449944994499,0.0771910524385772,0,0.00458379171250458,0.0207187385405207,0.398056472313898
243773.411807,2736366.126422,0.464102564102564,0.0587912087912088,0.00457875457875458,0.00805860805860806,0.0258241758241758,0.438644688644689
244273.411807,2736366.126422,0.565750915750916,0.0516483516483516,0.000549450549450549,0.0122710622710623,0.0252747252747253,0.344505494505495
244773.411807,2736366.126422,0.54950495049505,0.114411441144114,0.00256692335900257,0.0115511551155116,0.0271360469380271,0.294829482948295
245273.411807,2736366.126422,0.751465201465201,0,0,0,0,0.248534798534799
245773.411807,2736366.126422,0.812637362637363,0.0201465201465201,0,0,0,0.167216117216117
246273.411807,2736366.126422,0.67968463513018,0.00623395672900623,0.00366703337000367,0.0174184085075174,0.0286028602860286,0.264393105977264
246773.411807,2736366.126422,0.370512820512821,0.0302197802197802,0.00128205128205128,0.076007326007326,0.143956043956044,0.378021978021978
247273.411807,2736366.126422,0.360989010989011,0.0177655677655678,0.0238095238095238,0.00494505494505494,0.0225274725274725,0.56996336996337
247773.411807,2736366.126422,0.487532086541988,0.0055005500550055,0,0.00696736340300697,0.0141180784745141,0.485881921525486
248273.411807,2736366.126422,0.542673992673993,0.00183150183150183,0,0.00164835164835165,0.00421245421245421,0.4496336996337
248773.411807,2736366.126422,0.832783882783883,0,0,0.00183150183150183,0.00586080586080586,0.15952380952381
249273.411807,2736366.126422,0.57994132746608,0.0218188485515218,0,0.00513384671800513,0.0223689035570224,0.370737073707371
249773.411807,2736366.126422,0.493886624675806,0.012597258243794,0,0.00222304557243423,0.018895887365691,0.472397184142275
237773.411807,2735866.126422,0.290879060378051,0.0409249403560286,0,0.158194164066801,0.118370343182235,0.391631492016884
238273.411807,2735866.126422,0.432422519713919,0.0177883733724555,0,0.0654685494223363,0.0579497524298551,0.426370805061434
238773.411807,2735866.126422,0.247205424225765,0.0753161077515118,0,0.0241891148982958,0.040131940626718,0.613157412497709
239273.411807,2735866.126422,0.464305377133419,0.00293631859056708,0,0.000734079647641769,0.00991007524316388,0.522114149385208
239773.411807,2735866.126422,0.651017788373372,0.00275077938749312,0,0.000550155877498625,0.00128369704749679,0.344397579314139
240273.411807,2735866.126422,0.479384277075316,0.00696353307678211,0.00164925783397471,0.0930914421843504,0.0518599963349826,0.367051493494594
240773.411807,2735866.126422,0.0924940356028629,0.121857221508534,0.00458799779776106,0.192879427417875,0.109010827674803,0.479170489998165
241273.411807,2735866.126422,0.0333761232349166,0.0940766550522648,0.010819732257473,0.479002384008803,0.0997615991197506,0.282963506326793
241773.411807,2735866.126422,0.160161260765989,0.104636247022173,0.00311526479750779,0.216052776250687,0.132856881070185,0.383177570093458
242273.411807,2735866.126422,0.45219306294733,0.0495503762158194,0.000734079647641769,0.031932464672417,0.0332171040557901,0.432372912461002
242773.411807,2735866.126422,0.277828718136805,0.118650284247203,0.000183385292499542,0.0366770584999083,0.0717036493673207,0.494956904456263
243273.411807,2735866.126422,0.277258566978193,0.224665567161444,0.000183250870441635,0.0293201392706615,0.0472787245739417,0.421293751145318
243773.411807,2735866.126422,0.126078179482474,0.176729675169756,0.000734079647641769,0.0745090842356396,0.080932281152505,0.541016700311984
244273.411807,2735866.126422,0.176783421969558,0.196222262974509,0,0.0216394645149459,0.0502475701448744,0.555107280396112
244773.411807,2735866.126422,0.340296866410115,0.0357339197361187,0,0.0119113065787062,0.0366501740883269,0.575407733186733
245273.411807,2735866.126422,0.316204808221692,0.0581758120756102,0,0.0328500642319692,0.0614791704899982,0.53129014498073
245773.411807,2735866.126422,0.391160828901522,0.0357601320374106,0,0.0286081056299285,0.0858243168897854,0.458646616541353
246273.411807,2735866.126422,0.357155946490746,0.0243723657687374,0,0.078248121678578,0.179036100421477,0.361187465640462
246773.411807,2735866.126422,0.449256744356763,0.00256927876674619,0,0.0117452743622683,0.0229399889888053,0.513488713525417
247273.411807,2735866.126422,0.581514762516046,0,0,0.000366770584999083,0.00366770584999083,0.414450761048964
247773.411807,2735866.126422,0.687374015026571,0,0,0.000733003481766538,0.00439802089059923,0.307494960601063
248273.411807,2735866.126422,0.628005138557533,0.00458799779776106,0,0.00605615709304459,0.00917599559552211,0.352174710956139
248773.411807,2735866.126422,0.658719970658353,0.00403447643498991,0,0.0130203557674674,0.0291582615074271,0.295066935631762
249273.411807,2735866.126422,0.681143485431556,0.00164925783397471,0,0.00164925783397471,0.0163093274693055,0.299248671431189
249773.411807,2735866.126422,0.664501762850251,0.0243087771386157,0,0.0111337910558545,0.0417517164594544,0.258303952495825
237773.411807,2735366.126422,0.251926605504587,0.0422018348623853,0,0.0710091743119266,0.0588990825688073,0.575963302752294
238273.411807,2735366.126422,0.239038708493854,0.0550357732526142,0.000366905155017428,0.0895248578242524,0.141441937259218,0.474591818015043
238773.411807,2735366.126422,0.260989010989011,0.0214285714285714,0,0.0483516483516484,0.0509157509157509,0.618315018315018
239273.411807,2735366.126422,0.512477064220183,0.00055045871559633,0,0.0203669724770642,0.015045871559633,0.451559633027523
239773.411807,2735366.126422,0.594202898550725,0.000733810310034856,0,0.0486149330398092,0.0185287103283801,0.337919647771051
240273.411807,2735366.126422,0.412271062271062,0.0203296703296703,0.00805860805860806,0.151831501831502,0.0820512820512821,0.325457875457875
240773.411807,2735366.126422,0.064954128440367,0.0330275229357798,0.00752293577981651,0.26697247706422,0.12605504587156,0.501467889908257
241273.411807,2735366.126422,0.486149330398092,0.023115024766098,0.00165107319757843,0.0882406897816914,0.0267840763162722,0.374059805540268
241773.411807,2735366.126422,0.35018315018315,0.0578754578754579,0,0.143956043956044,0.0763736263736264,0.371611721611722
242273.411807,2735366.126422,0.210642201834862,0.179633027522936,0.00220183486238532,0.0225688073394495,0.0471559633027523,0.537798165137615
242773.411807,2735366.126422,0.187121629058888,0.157402311502477,0,0.141625389836727,0.131535498073748,0.38231517152816
243273.411807,2735366.126422,0.573626373626374,0.0371794871794872,0,0.00457875457875458,0.00860805860805861,0.376007326007326
243773.411807,2735366.126422,0.416697247706422,0.0177981651376147,0,0.0785321100917431,0.133761467889908,0.353211009174312
244273.411807,2735366.126422,0.356081452944414,0.0757659145110989,0,0.0348559897266557,0.0869565217391304,0.446340121078701
244773.411807,2735366.126422,0.37032967032967,0.0948717948717949,0.000915750915750916,0.0210622710622711,0.0813186813186813,0.431501831501832
245273.411807,2735366.126422,0.494128440366972,0.0154128440366972,0,0.0289908256880734,0.0478899082568807,0.413577981651376
245773.411807,2735366.126422,0.569987158319574,0.0139423958906623,0,0.00990643918547056,0.0240322876536415,0.382131718950651
246273.411807,2735366.126422,0.612454212454212,0.000549450549450549,0,0.000549450549450549,0.000915750915750916,0.385531135531136
246773.411807,2735366.126422,0.700550458715596,0.00201834862385321,0,0.00275229357798165,0.00587155963302752,0.288807339449541
247273.411807,2735366.126422,0.587231700605394,0.0238488350761328,0.000183452577508714,0.0139423958906623,0.0405430196294258,0.334250596220877
247773.411807,2735366.126422,0.367765567765568,0.0258241758241758,0,0.0148351648351648,0.0450549450549451,0.546520146520146
248273.411807,2735366.126422,0.460550458715596,0.0165137614678899,0,0.00513761467889908,0.0190825688073394,0.498715596330275
248773.411807,2735366.126422,0.642450926435516,0.00330214639515685,0.001284168042561,0.00385250412768299,0.0236653824986241,0.325444872500459
249273.411807,2735366.126422,0.52032967032967,0.00146520146520147,0,0.0122710622710623,0.0256410256410256,0.44029304029304
249773.411807,2735366.126422,0.714471243042672,0.000185528756957328,0,0.0115027829313544,0.0217068645640074,0.252133580705009
237773.411807,2734866.126422,0.249450549450549,0.0146520146520147,0,0.0816849816849817,0.0532967032967033,0.600915750915751
238273.411807,2734866.126422,0.308241758241758,0.0503663003663004,0,0.0611721611721612,0.0558608058608059,0.524358974358974
238773.411807,2734866.126422,0.42042537587092,0.0249358269160249,0,0.0165016501650165,0.022002200220022,0.516134946828016
239273.411807,2734866.126422,0.501282051282051,0.00311355311355311,0,0.127289377289377,0.0547619047619048,0.313553113553114
239773.411807,2734866.126422,0.498168498168498,0.00128205128205128,0,0.0813186813186813,0.0380952380952381,0.381135531135531
240273.411807,2734866.126422,0.345434543454345,0.0044004400440044,0,0.168500183351668,0.0768243491015768,0.404840484048405
240773.411807,2734866.126422,0.220695970695971,0.0551282051282051,0.000732600732600733,0.185164835164835,0.0888278388278388,0.449450549450549
241273.411807,2734866.126422,0.613736263736264,0.0315018315018315,0.000549450549450549,0.0586080586080586,0.0327838827838828,0.262820512820513
241773.411807,2734866.126422,0.297763109644298,0.0141180784745141,0.00605060506050605,0.204987165383205,0.122478914558122,0.354602126879355
242273.411807,2734866.126422,0.631868131868132,0.0989010989010989,0.000366300366300366,0.00641025641025641,0.0197802197802198,0.242673992673993
242773.411807,2734866.126422,0.717216117216117,0.00714285714285714,0,0.00604395604395604,0.0142857142857143,0.255311355311355
243273.411807,2734866.126422,0.566556655665567,0.0495049504950495,0,0.0304363769710304,0.0691235790245691,0.284378437843784
243773.411807,2734866.126422,0.666666666666667,0.00531135531135531,0,0.00732600732600733,0.0195970695970696,0.301098901098901
244273.411807,2734866.126422,0.443772893772894,0.102380952380952,0,0.0133699633699634,0.030952380952381,0.40952380952381
244773.411807,2734866.126422,0.640997433076641,0.00275027502750275,0,0.00348368170150348,0.00678401173450678,0.345984598459846
245273.411807,2734866.126422,0.692124542124542,0.0126373626373626,0.000183150183150183,0.00586080586080586,0.0111721611721612,0.278021978021978
245773.411807,2734866.126422,0.586080586080586,0.0238095238095238,0,0.00659340659340659,0.0148351648351648,0.368681318681319
246273.411807,2734866.126422,0.542537587092043,0.0243857719105244,0,0.0183351668500183,0.0245691235790246,0.39017235056839
246773.411807,2734866.126422,0.467216117216117,0.0113553113553114,0,0.00604395604395604,0.0206959706959707,0.494688644688645
247273.411807,2734866.126422,0.745421245421245,0.00311355311355311,0.00164835164835165,0.00201465201465201,0.0159340659340659,0.231868131868132
247773.411807,2734866.126422,0.57004033736707,0.000183351668500183,0,0.00183351668500183,0.00366703337000367,0.424275760909424
248273.411807,2734866.126422,0.587179487179487,0.00128205128205128,0.000183150183150183,0.0139194139194139,0.0283882783882784,0.369047619047619
248773.411807,2734866.126422,0.741025641025641,0.000366300366300366,0,0.000366300366300366,0.00604395604395604,0.252197802197802
249273.411807,2734866.126422,0.685918591859186,0.0011001100110011,0,0.00165016501650165,0.00623395672900623,0.305097176384305
249773.411807,2734866.126422,0.660985550203779,0.00370507595405706,0,0.0192663949610967,0.037791774731382,0.278251204149685
237773.411807,2734366.126422,0.184070471646174,0.0275279867865663,0.0124793540099101,0.233253808038172,0.123875940539549,0.418792438979629
238273.411807,2734366.126422,0.351366220429122,0.0401613790573996,0.000183385292499542,0.0546488171648634,0.0623509994498441,0.491289198606272
238773.411807,2734366.126422,0.503573391973612,0.0174088326919553,0,0.0284038849184534,0.0298698918819864,0.420743998533993
239273.411807,2734366.126422,0.127179298953937,0.0550559735731327,0,0.108460267939071,0.0807487612405946,0.628555698293265
239773.411807,2734366.126422,0.261324041811847,0.0975609756097561,0,0.0645516229598386,0.0902255639097744,0.486337795708784
240273.411807,2734366.126422,0.283122594832325,0.00989554700384827,0.00458127176104087,0.374198277441818,0.0819131390874107,0.246289169873557
240773.411807,2734366.126422,0.0631308496971921,0.0359699027344467,0.0234905487245366,0.500825839603597,0.102220590934116,0.274362268306111
241273.411807,2734366.126422,0.201173665871997,0.0133871263524665,0.00586832935998533,0.578763983128553,0.0889418668622776,0.11186502842472
241773.411807,2734366.126422,0.328568810701851,0.0249221183800623,0.00934579439252336,0.400769653655855,0.0804471321238776,0.155946490745831
242273.411807,2734366.126422,0.424481556248853,0.0227564690768948,0.000367039823820885,0.0851532391264452,0.0836850798311617,0.383556615892824
242773.411807,2734366.126422,0.588666788923528,0.0209059233449477,0.000366770584999083,0.0821566110397946,0.0561158995048597,0.251788006601871
243273.411807,2734366.126422,0.649624335715595,0.000549752611324904,0,0,0.000733003481766538,0.349092908191314
243773.411807,2734366.126422,0.657184804551294,0.015782712424298,0,0.00311983850247752,0.009543035419343,0.314369609102588
244273.411807,2734366.126422,0.717953420135705,0.0121034293049697,0.000916926462497708,0.000183385292499542,0.00256739409499358,0.266275444709334
244773.411807,2734366.126422,0.527029503390141,0.0122778083195895,0.00696353307678211,0.00219901044529962,0.00659703133589885,0.444933113432289
245273.411807,2734366.126422,0.69315470728574,0.000367039823820885,0,0.000183519911910442,0.00385391815011929,0.302440814828409
245773.411807,2734366.126422,0.562259306803594,0.00843572345497891,0,0.0113698881349716,0.0225563909774436,0.395378690629012
246273.411807,2734366.126422,0.591350558915155,0.009529045262965,0,0.00678028220634048,0.0192413413963716,0.373098772219168
246773.411807,2734366.126422,0.522114149385208,0.00660671682877592,0,0.00862543585979079,0.0449623784180584,0.417691319508167
247273.411807,2734366.126422,0.493306436823767,0.0141206675224647,0.00128369704749679,0.00678525582248304,0.0185219145424537,0.465982028241335
247773.411807,2734366.126422,0.498992120212571,0.00403151914971596,0.000183250870441635,0.00219901044529962,0.00604727872457394,0.488546820597398
248273.411807,2734366.126422,0.611671866397504,0.00183519911910442,0.000367039823820885,0.00660671682877592,0.0150486327766563,0.364470545054138
248773.411807,2734366.126422,0.461030625343847,0.0022006235099945,0.000733541169998166,0.00403447643498991,0.011186502842472,0.520814230698698
249273.411807,2734366.126422,0.833424958768554,0.0557082646142569,0,0.00109950522264981,0.00439802089059923,0.10536925050394
249773.411807,2734366.126422,0.71126368528484,0.126368528483949,0,0.00315457413249211,0.0120616069771757,0.147151605121544
237773.411807,2733866.126422,0.0425688073394495,0.0405504587155963,0.00385321100917431,0.687339449541284,0.123302752293578,0.102385321100917
238273.411807,2733866.126422,0.119060722803155,0.0429279031370391,0.00183452577508714,0.239955971381398,0.0858558062740782,0.510365070629242
238773.411807,2733866.126422,0.0994505494505494,0.125091575091575,0.00146520146520147,0.145421245421245,0.0899267399267399,0.538644688644689
239273.411807,2733866.126422,0.0526605504587156,0.341284403669725,0.00036697247706422,0.083302752293578,0.0752293577981651,0.447155963302752
239773.411807,2733866.126422,0.0491652907723353,0.218675472390387,0.000183452577508714,0.269858741515318,0.118143459915612,0.343973582828839
240273.411807,2733866.126422,0.0106227106227106,0.0756410256410256,0.000366300366300366,0.221245421245421,0.447985347985348,0.244139194139194
240773.411807,2733866.126422,0.0788990825688073,0.113394495412844,0.00036697247706422,0.203302752293578,0.29394495412844,0.310091743119266
241273.411807,2733866.126422,0.107319757842598,0.0366905155017428,0.0146762062006971,0.420656760227481,0.21537332599523,0.205283434232251
241773.411807,2733866.126422,0.0525641025641026,0.0917582417582418,0.0184981684981685,0.346703296703297,0.128021978021978,0.362454212454212
242273.411807,2733866.126422,0.0513761467889908,0.021651376146789,0.00568807339449541,0.657981651376147,0.0858715596330275,0.17743119266055
242773.411807,2733866.126422,0.159970647587599,0.0656760227481196,0.00403595670519171,0.0895248578242524,0.0838378279214823,0.596954687213355
243273.411807,2733866.126422,0.358608058608059,0.00915750915750916,0,0.203479853479853,0.122344322344322,0.306410256410256
243773.411807,2733866.126422,0.266422018348624,0.0212844036697248,0.0385321100917431,0.0121100917431193,0.0179816513761468,0.643669724770642
244273.411807,2733866.126422,0.180700788846083,0.011557512383049,0.0236653824986241,0.0354063474591818,0.0420106402494955,0.706659328563566
244773.411807,2733866.126422,0.331501831501831,0.0335164835164835,0.0397435897435897,0.0119047619047619,0.0210622710622711,0.562271062271062
245273.411807,2733866.126422,0.687889908256881,0.00293577981651376,0.00275229357798165,0.00256880733944954,0.00477064220183486,0.299082568807339
245773.411807,2733866.126422,0.505411851036507,0.01284168042561,0,0.00587048248027885,0.026967528893781,0.448908457163823
246273.411807,2733866.126422,0.791758241758242,0.00256410256410256,0,0.000366300366300366,0.00641025641025641,0.198901098901099
246773.411807,2733866.126422,0.570825688073395,0.00330275229357798,0,0.00477064220183486,0.0348623853211009,0.386238532110092
247273.411807,2733866.126422,0.635663181067694,0.00623738763529628,0.00165107319757843,0.00605393505778756,0.0209135938359934,0.32948082920565
247773.411807,2733866.126422,0.457875457875458,0.00897435897435897,0.000732600732600733,0.00549450549450549,0.0152014652014652,0.511721611721612
248273.411807,2733866.126422,0.806788990825688,0.00293577981651376,0,0.00128440366972477,0.00330275229357798,0.185688073394495
248773.411807,2733866.126422,0.594019445973216,0,0,0.00348559897266557,0.00587048248027885,0.39662447257384
249273.411807,2733866.126422,0.799267399267399,0.0393772893772894,0,0,0.00311355311355311,0.158241758241758
249773.411807,2733866.126422,0.452133580705009,0.351576994434137,0,0.0025974025974026,0.010760667903525,0.182931354359926
237773.411807,2733366.126422,0.162637362637363,0.0490842490842491,0.00201465201465201,0.413553113553114,0.106227106227106,0.266483516483516
238273.411807,2733366.126422,0.0875457875457875,0.093040293040293,0.0146520146520147,0.368131868131868,0.121794871794872,0.314835164835165
238773.411807,2733366.126422,0.122662266226623,0.0256692335900257,0.00916758342500917,0.370737073707371,0.153281994866153,0.318481848184819
239273.411807,2733366.126422,0.120879120879121,0.0831501831501831,0.00567765567765568,0.245970695970696,0.164835164835165,0.379487179487179
239773.411807,2733366.126422,0.0146520146520147,0.0668498168498168,0,0.191575091575092,0.495604395604396,0.231318681318681
240273.411807,2733366.126422,0.00733406674000733,0.198569856985699,0,0.194536120278695,0.373303997066373,0.226255958929226
240773.411807,2733366.126422,0.093040293040293,0.0472527472527473,0.0261904761904762,0.182600732600733,0.204212454212454,0.446703296703297
241273.411807,2733366.126422,0.152014652014652,0.0587912087912088,0.0119047619047619,0.413553113553114,0.152197802197802,0.211538461538462
241773.411807,2733366.126422,0.0830583058305831,0.0258525852585259,0.00806747341400807,0.485331866519985,0.202420242024202,0.195269526952695
242273.411807,2733366.126422,0.180952380952381,0.0179487179487179,0.00366300366300366,0.428205128205128,0.160805860805861,0.208424908424908
242773.411807,2733366.126422,0.27985347985348,0.032967032967033,0.000183150183150183,0.188461538461538,0.104029304029304,0.394505494505494
243273.411807,2733366.126422,0.212504583791712,0.110927759442611,0.000366703337000367,0.0313531353135314,0.0436376971030436,0.601210121012101
243773.411807,2733366.126422,0.312637362637363,0.0454212454212454,0.000366300366300366,0.0597069597069597,0.0968864468864469,0.484981684981685
244273.411807,2733366.126422,0.273992673992674,0.0745421245421245,0.0542124542124542,0.0263736263736264,0.0419413919413919,0.528937728937729
244773.411807,2733366.126422,0.622112211221122,0.0117345067840117,0.0135680234690136,0.0137513751375138,0.0117345067840117,0.327099376604327
245273.411807,2733366.126422,0.697985347985348,0.00695970695970696,0.00970695970695971,0.00402930402930403,0.0104395604395604,0.270879120879121
245773.411807,2733366.126422,0.706593406593407,0.0163003663003663,0,0.000915750915750916,0.00402930402930403,0.272161172161172
246273.411807,2733366.126422,0.47964796479648,0.0467546754675468,0.00146681334800147,0.00843417675100843,0.0403373670700403,0.423359002566923
246773.411807,2733366.126422,0.478021978021978,0.023992673992674,0.000366300366300366,0.00366300366300366,0.0489010989010989,0.445054945054945
247273.411807,2733366.126422,0.598717948717949,0.0168498168498168,0.00274725274725275,0.00604395604395604,0.0146520146520147,0.360989010989011
247773.411807,2733366.126422,0.672167216721672,0.0363036303630363,0,0.00385038503850385,0.0141180784745141,0.273560689402274
248273.411807,2733366.126422,0.47014652014652,0,0,0.000549450549450549,0.0043956043956044,0.524908424908425
248773.411807,2733366.126422,0.549084249084249,0,0,0.0021978021978022,0.00989010989010989,0.438827838827839
249273.411807,2733366.126422,0.665566556655666,0.011001100110011,0,0.00128346167950128,0.00201686835350202,0.32013201320132
249773.411807,2733366.126422,0.743979251574657,0.0031493145609485,0,0.00185253797702853,0.00555761393108559,0.24546128195628
237773.411807,2732866.126422,0.0767113231785649,0.0409249403560286,0.0146815929528354,0.49788952101303,0.14112681225913,0.228665810240411
238273.411807,2732866.126422,0.0805061434072987,0.0436456996148909,0.0126535851824684,0.428571428571429,0.105629928479736,0.328993214744178
238773.411807,2732866.126422,0.142202675462708,0.12112882536192,0.00238226131574125,0.146967198094191,0.113065787062489,0.47425325270295
239273.411807,2732866.126422,0.0989172325197284,0.139842172875757,0,0.0824004404477886,0.122224261332355,0.556615892824371
239773.411807,2732866.126422,0.108564093159729,0.0858243168897854,0.004401247019989,0.327709517696681,0.186686227764533,0.286814597469283
240273.411807,2732866.126422,0.113615539673813,0.221550302363936,0,0.208356239692139,0.129375114531794,0.327102803738318
240773.411807,2732866.126422,0.244448522664709,0.120572582125161,0,0.0370710222059093,0.0754266837951918,0.522481189209029
241273.411807,2732866.126422,0.259123418301852,0.242985512561893,0,0.0900421786172749,0.057216211259857,0.350632679259123
241773.411807,2732866.126422,0.224665567161444,0.104452996151732,0.000916254352208173,0.246105919003115,0.150448964632582,0.273410298698919
242273.411807,2732866.126422,0.193797026977427,0.172508717195816,0,0.185722150853368,0.0939621948981464,0.354009910075243
242773.411807,2732866.126422,0.23620025673941,0.11204841371722,0,0.0597836053548505,0.0654685494223363,0.526499174766184
243273.411807,2732866.126422,0.39802089059923,0.222466556716144,0,0.0133773135422393,0.0362836723474437,0.329851566794942
243773.411807,2732866.126422,0.204808221692054,0.276564507249037,0.00256927876674619,0.031932464672417,0.0471646173609837,0.436960910258763
244273.411807,2732866.126422,0.154227030992114,0.0630845406198423,0.0399779937649001,0.23620025673941,0.178250504309554,0.328259673574179
244773.411807,2732866.126422,0.449331134322888,0.0410481949789262,0.0751328568810702,0.0238226131574125,0.0540590067802822,0.356606193879421
245273.411807,2732866.126422,0.531473664892641,0.0216553496054322,0.0122958340979996,0.00238575885483575,0.00513855753349238,0.427050835015599
245773.411807,2732866.126422,0.460847240051348,0.0383275261324042,0.00110031175499725,0.000183385292499542,0.0115532734274711,0.48798826334128
246273.411807,2732866.126422,0.344694887300715,0.0258383727322705,0.00128275609309144,0.0335349092908191,0.0683525746747297,0.526296499908375
246773.411807,2732866.126422,0.48981464488897,0.034868783262984,0.00311983850247752,0.0159662323362085,0.028629106258029,0.427601394751331
247273.411807,2732866.126422,0.614157344580965,0.199706583532001,0,0.00165046763249587,0.00861910874747845,0.17586649550706
247773.411807,2732866.126422,0.469855231812351,0.518233461608943,0,0.00366501740883269,0.00164925783397471,0.00659703133589885
248273.411807,2732866.126422,0.550009175995596,0.166636080014682,0,0.000183519911910442,0.00110111947146265,0.28207010460635
248773.411807,2732866.126422,0.829451677975426,0.0951769668072621,0,0.00201723821749496,0.0097194205024757,0.0636346964973409
249273.411807,2732866.126422,0.701667582921019,0.0692688290269379,0,0.00256551218618288,0.00623052959501558,0.220267546270845
249773.411807,2732866.126422,0.659862683243644,0.0220820189274448,0,0.00538133234366302,0.0174429393208387,0.295231026164409
237773.411807,2732366.126422,0.0831192660550459,0.127339449541284,0.0159633027522936,0.328256880733945,0.125504587155963,0.319816513761468
238273.411807,2732366.126422,0.0631076866629976,0.10842047330765,0.0508163639699138,0.449825720051367,0.0902586681342873,0.237571087873785
238773.411807,2732366.126422,0.0532967032967033,0.0518315018315018,0.00769230769230769,0.564102564102564,0.144322344322344,0.178754578754579
239273.411807,2732366.126422,0.0330275229357798,0.0234862385321101,0.0244036697247706,0.717247706422018,0.0822018348623853,0.119633027522936
239773.411807,2732366.126422,0.0524674371674922,0.0359567051917079,0.00678774536782242,0.610346725371491,0.121629058888277,0.172812328013209
240273.411807,2732366.126422,0.0450549450549451,0.123260073260073,0.00274725274725275,0.475641025641026,0.129487179487179,0.223809523809524
240773.411807,2732366.126422,0.0225688073394495,0.162752293577982,0.0110091743119266,0.495779816513761,0.0977981651376147,0.210091743119266
241273.411807,2732366.126422,0.0132085855806274,0.189139607411484,0.00513667217024399,0.468354430379747,0.0884241423592002,0.235736562098697
241773.411807,2732366.126422,0.0457875457875458,0.264835164835165,0.000549450549450549,0.202930402930403,0.0974358974358974,0.388461538461538
242273.411807,2732366.126422,0.0418348623853211,0.408256880733945,0,0.121834862385321,0.0906422018348624,0.33743119266055
242773.411807,2732366.126422,0.0355898000366905,0.536782241790497,0,0.0328380113740598,0.0730141258484682,0.321775820950284
243273.411807,2732366.126422,0.187912087912088,0.176739926739927,0,0.143223443223443,0.114468864468864,0.377655677655678
243773.411807,2732366.126422,0.279633027522936,0.0273394495412844,0,0.204403669724771,0.148807339449541,0.339816513761468
244273.411807,2732366.126422,0.478627774720235,0.00898917629792699,0,0.0465969546872134,0.0706292423408549,0.39515685195377
244773.411807,2732366.126422,0.633150183150183,0.021978021978022,0.00384615384615385,0.00164835164835165,0.00238095238095238,0.336996336996337
245273.411807,2732366.126422,0.509174311926605,0.0108256880733945,0.00018348623853211,0.00238532110091743,0.00311926605504587,0.474311926605505
245773.411807,2732366.126422,0.673087506879472,0.0113740598055403,0,0.0066042927903137,0.0143093010456797,0.294624839478995
246273.411807,2732366.126422,0.454395604395604,0.384065934065934,0,0.0177655677655678,0.0514652014652015,0.0923076923076923
246773.411807,2732366.126422,0.74605504587156,0.222935779816514,0.00256880733944954,0.00293577981651376,0.00587155963302752,0.0196330275229358
247273.411807,2732366.126422,0.724454228581912,0.136855622821501,0.00330214639515685,0.001284168042561,0.00532012474775271,0.128783709411117
247773.411807,2732366.126422,0.684798534798535,0.215384615384615,0,0,0.000366300366300366,0.0994505494505494
248273.411807,2732366.126422,0.64954128440367,0.00055045871559633,0,0.00330275229357798,0.00807339449541284,0.338532110091743
248773.411807,2732366.126422,0.513300311869382,0.155934690882407,0.0753990093560815,0.0286186020913594,0.0572372041827188,0.169510181618052
249273.411807,2732366.126422,0.43974358974359,0.163553113553114,0.0265567765567766,0.013003663003663,0.0510989010989011,0.306043956043956
249773.411807,2732366.126422,0.465120593692022,0.0103896103896104,0.0640074211502783,0.0332096474953618,0.061038961038961,0.366233766233766
237773.411807,2731866.126422,0.0397435897435897,0.0159340659340659,0.0256410256410256,0.652564102564103,0.15952380952381,0.106593406593407
238273.411807,2731866.126422,0.034981684981685,0.0163003663003663,0.0223443223443223,0.715201465201465,0.108058608058608,0.103113553113553
238773.411807,2731866.126422,0.0146681334800147,0.0487715438210488,0.0476714338100477,0.572240557389072,0.0872753942060873,0.229372937293729
239273.411807,2731866.126422,0.0344322344322344,0.0282051282051282,0.0179487179487179,0.70018315018315,0.118498168498168,0.100732600732601
239773.411807,2731866.126422,0.0525641025641026,0.0595238095238095,0.0203296703296703,0.607875457875458,0.108241758241758,0.151465201465201
240273.411807,2731866.126422,0.0528052805280528,0.0528052805280528,0.00861752841950862,0.553905390539054,0.143381004767143,0.188485515218188
240773.411807,2731866.126422,0.0401098901098901,0.0210622710622711,0.0184981684981685,0.777838827838828,0.093956043956044,0.0485347985347985
241273.411807,2731866.126422,0.0223443223443223,0.0172161172161172,0.00787545787545788,0.84029304029304,0.0794871794871795,0.0327838827838828
