"x","y","forest","agri","water","built","other","grass"
152773.411807,2558366.126422,0.026046511627907,0.00627906976744186,0.62046511627907,0.316976744186046,0.0302325581395349,0
153273.411807,2558366.126422,0.000697026022304833,0.00116171003717472,0.991635687732342,0.00604089219330855,0.000464684014869888,0
153773.411807,2558366.126422,0,0,0.390130353817505,0.609869646182495,0,0
154273.411807,2558366.126422,0,0,0,1,0,0
154773.411807,2558366.126422,0,0,0,1,0,0
155273.411807,2558366.126422,0.00768156424581006,0.0204841713221601,0,0.958100558659218,0.0137337057728119,0
155773.411807,2558366.126422,0,0.00465116279069767,0.0483720930232558,0.912093023255814,0.0346511627906977,0.000232558139534884
156273.411807,2558366.126422,0,0.016728624535316,0.532992565055762,0.415659851301115,0.0341542750929368,0.000464684014869888
156773.411807,2558366.126422,0,0.00931098696461825,0.886173184357542,0.0931098696461825,0.0114059590316574,0
157273.411807,2558366.126422,0,0.00255813953488372,0.807674418604651,0.178604651162791,0.0111627906976744,0
157773.411807,2558366.126422,0,0.0109200743494424,0.863150557620818,0.095957249070632,0.029042750929368,0.000929368029739777
158273.411807,2558366.126422,0.00256052141527002,0.0304934823091248,0.661312849162011,0.182728119180633,0.105446927374302,0.0174581005586592
158773.411807,2558366.126422,0,0.0411627906976744,0.749767441860465,0.138837209302326,0.0488372093023256,0.0213953488372093
159273.411807,2558366.126422,0.00232342007434944,0.0520446096654275,0.619656133828996,0.177973977695167,0.0755111524163569,0.0724907063197026
159773.411807,2558366.126422,0.00605214152700186,0.0872905027932961,0.508379888268156,0.0966014897579143,0.110800744878957,0.190875232774674
160273.411807,2558366.126422,0.0249899234179766,0.0689238210399033,0.463522773075373,0.147118097541314,0.0914953647722692,0.203950020153164
152773.411807,2557866.126422,0,0,0.908241758241758,0.0917582417582418,0,0
153273.411807,2557866.126422,0,0,0.574440777411074,0.425559222588926,0,0
153773.411807,2557866.126422,0,0,0.0294871794871795,0.970512820512821,0,0
154273.411807,2557866.126422,0.000549450549450549,0.0296703296703297,0,0.944505494505494,0.0197802197802198,0.00549450549450549
154773.411807,2557866.126422,0,0.0100843417675101,0,0.964063072973964,0.0258525852585259,0
155273.411807,2557866.126422,0.0203296703296703,0.0721611721611722,0.391025641025641,0.510805860805861,0.00567765567765568,0
155773.411807,2557866.126422,0,0.0124542124542125,0.813736263736264,0.140659340659341,0.0296703296703297,0.00347985347985348
156273.411807,2557866.126422,0,0.0456545654565457,0.813898056472314,0.131096442977631,0.00733406674000733,0.00201686835350202
156773.411807,2557866.126422,0.0043956043956044,0.0315018315018315,0.736080586080586,0.0657509157509158,0.026007326007326,0.136263736263736
157273.411807,2557866.126422,0.0021978021978022,0.00677655677655678,0.887179487179487,0.0928571428571429,0.010989010989011,0
157773.411807,2557866.126422,0.0011001100110011,0.0372203887055372,0.71983865053172,0.131829849651632,0.088008800880088,0.022002200220022
158273.411807,2557866.126422,0,0.032051282051282,0.595970695970696,0.237728937728938,0.0838827838827839,0.0503663003663004
158773.411807,2557866.126422,0.00293040293040293,0.0831501831501831,0.574542124542124,0.143223443223443,0.100549450549451,0.0956043956043956
159273.411807,2557866.126422,0.000183351668500183,0.0368536853685369,0.720938760542721,0.192702603593693,0.0298863219655299,0.0194352768610194
159773.411807,2557866.126422,0.000732600732600733,0.11007326007326,0.161721611721612,0.521794871794872,0.0880952380952381,0.117582417582418
160273.411807,2557866.126422,0.00345585925227773,0.0747722274583726,0.531888155827835,0.290606346214263,0.0285893810870248,0.0706880301602262
152273.411807,2557366.126422,0,0,0.995044962378418,0.00495503762158194,0,0
152773.411807,2557366.126422,0,0.000366770584999083,0.602053915275995,0.396295617091509,0.00128369704749679,0
153273.411807,2557366.126422,0.000733003481766538,0.0613890415979476,0.166575041231446,0.745831042697453,0.017042330951072,0.00842954004031519
153773.411807,2557366.126422,0,0.0506514956872821,0.00293631859056708,0.924940356028629,0.0132134336575518,0.0082583960359699
154273.411807,2557366.126422,0,0.0271410232899321,0.199339812947002,0.770218228498074,0.00238400880249404,0.000916926462497708
154773.411807,2557366.126422,0.00146600696353308,0.0232728605460876,0.614440168590801,0.334432838555983,0.0249221183800623,0.00146600696353308
155273.411807,2557366.126422,0.00880895577170123,0.0427601394751331,0.658285924022756,0.208478619930262,0.0750596439713709,0.00660671682877592
155773.411807,2557366.126422,0.00568494406748579,0.0625343847423437,0.475518063451311,0.139556207592151,0.172382174949569,0.144324225197139
156273.411807,2557366.126422,0,0.0225398570643211,0.515484698552318,0.352941176470588,0.0765988638446033,0.0324354040681693
156773.411807,2557366.126422,0,0.0245916681959993,0.351073591484676,0.439346669113599,0.115066984767847,0.0699210864378785
157273.411807,2557366.126422,0.00348432055749129,0.0163212910324592,0.721437740693196,0.23620025673941,0.0188886851274528,0.00366770584999083
157773.411807,2557366.126422,0,0.0258383727322705,0.795675279457577,0.103903243540407,0.0386659336631849,0.0359171706065604
158273.411807,2557366.126422,0.000734079647641769,0.0260598274912828,0.795925857955588,0.130482657368324,0.0420260598274913,0.0047715177096715
158773.411807,2557366.126422,0,0.0172382174949569,0.674857876398313,0.289565376856776,0.0183385292499542,0
159273.411807,2557366.126422,0.00128275609309144,0.0403151914971596,0.406633681509987,0.50448964632582,0.0459959684808503,0.00128275609309144
159773.411807,2557366.126422,0.00385391815011929,0.0598274912828042,0.0034868783262984,0.815929528353826,0.0783630023857589,0.0385391815011929
160273.411807,2557366.126422,0.00975149418055992,0.103806228373702,0.532557407989934,0.136520918527839,0.0846178043409877,0.132746146586977
151773.411807,2556866.126422,0,0.0177655677655678,0.861355311355311,0.0313186813186813,0.0119047619047619,0.0776556776556777
152273.411807,2556866.126422,0,0.026605504587156,0.658348623853211,0.248073394495413,0.0104587155963303,0.0565137614678899
152773.411807,2556866.126422,0,0.114474408365438,0.203815813612181,0.541368556228215,0.0368739680792515,0.103467253714915
153273.411807,2556866.126422,0,0.0119047619047619,0.604029304029304,0.38003663003663,0.00402930402930403,0
153773.411807,2556866.126422,0.00165137614678899,0.0214678899082569,0.577614678899083,0.388990825688073,0.00972477064220183,0.00055045871559633
154273.411807,2556866.126422,0,0.0232984773436067,0.808108603925885,0.159970647587599,0.00770500825536599,0.00091726288754357
154773.411807,2556866.126422,0,0.0131868131868132,0.917032967032967,0.0582417582417582,0.0115384615384615,0
155273.411807,2556866.126422,0.00422018348623853,0.0691743119266055,0.695412844036697,0.128623853211009,0.0827522935779817,0.0198165137614679
155773.411807,2556866.126422,0,0.0539350577875619,0.652540818198496,0.087873784626674,0.10695285268758,0.0986974866996881
156273.411807,2556866.126422,0,0.0752747252747253,0.65970695970696,0.0816849816849817,0.0915750915750916,0.0917582417582418
156773.411807,2556866.126422,0,0.0165137614678899,0.737981651376147,0.192293577981651,0.0493577981651376,0.00385321100917431
157273.411807,2556866.126422,0,0.0110071546505228,0.892496789579894,0.0726472206934507,0.023115024766098,0.000733810310034856
157773.411807,2556866.126422,0,0.0184981684981685,0.865567765567766,0.0847985347985348,0.0214285714285714,0.00970695970695971
158273.411807,2556866.126422,0,0.0418348623853211,0.75743119266055,0.171743119266055,0.0260550458715596,0.00293577981651376
158773.411807,2556866.126422,0,0.0260502660062374,0.759677123463585,0.150798018712163,0.0598055402678408,0.00366905155017428
159273.411807,2556866.126422,0.0351648351648352,0.0681318681318681,0.408791208791209,0.328388278388278,0.111172161172161,0.0483516483516484
159773.411807,2556866.126422,0.00403669724770642,0.0695412844036697,0.202201834862385,0.47651376146789,0.0653211009174312,0.182385321100917
160273.411807,2556866.126422,0.00409191060749134,0.0711362920994649,0.713566257475606,0.0909663204280768,0.0544538873150771,0.0657853320742839
151773.411807,2556366.126422,0.00385038503850385,0.0936927026035937,0.566373303997066,0.0605060506050605,0.0676567656765677,0.207920792079208
152273.411807,2556366.126422,0,0.0906593406593407,0.381684981684982,0.329120879120879,0.117948717948718,0.0805860805860806
152773.411807,2556366.126422,0,0.0582417582417582,0.660622710622711,0.245421245421245,0.0184981684981685,0.0172161172161172
153273.411807,2556366.126422,0,0.0238357169050238,0.727356068940227,0.239457279061239,0.00366703337000367,0.00568390172350568
153773.411807,2556366.126422,0,0.00677655677655678,0.682967032967033,0.306593406593407,0.00347985347985348,0.000183150183150183
154273.411807,2556366.126422,0,0.0126373626373626,0.814285714285714,0.167032967032967,0.00604395604395604,0
154773.411807,2556366.126422,0,0.121745507884122,0.714154748808214,0.118995232856619,0.037953795379538,0.00715071507150715
155273.411807,2556366.126422,0.00311355311355311,0.139194139194139,0.60989010989011,0.11959706959707,0.120879120879121,0.00732600732600733
155773.411807,2556366.126422,0,0.115934065934066,0.684432234432234,0.0996336996336996,0.0923076923076923,0.00769230769230769
156273.411807,2556366.126422,0,0.0579391272460579,0.68958562522919,0.16006600660066,0.0788412174550788,0.0135680234690136
156773.411807,2556366.126422,0.00238095238095238,0.0695970695970696,0.586446886446886,0.171245421245421,0.134798534798535,0.0355311355311355
157273.411807,2556366.126422,0,0.254761904761905,0.464835164835165,0.193040293040293,0.0855311355311355,0.00183150183150183
157773.411807,2556366.126422,0,0.12009534286762,0.709387605427209,0.0779244591125779,0.05995599559956,0.0326365969930326
158273.411807,2556366.126422,0.000366300366300366,0.06996336996337,0.733150183150183,0.103479853479853,0.0593406593406593,0.0336996336996337
158773.411807,2556366.126422,0.0194139194139194,0.178388278388278,0.357142857142857,0.108791208791209,0.121611721611722,0.214652014652015
159273.411807,2556366.126422,0.0764576457645765,0.146681334800147,0.186468646864686,0.435276861019435,0.0902090209020902,0.0649064906490649
159773.411807,2556366.126422,0.116117216117216,0.221062271062271,0.0252747252747253,0.265201465201465,0.10952380952381,0.262820512820513
160273.411807,2556366.126422,0.0543512409676406,0.0804272698711907,0.277725416273955,0.294376374489475,0.138862708136978,0.15425699026076
151273.411807,2555866.126422,0,0.0764716669723088,0.721621125985696,0.0487804878048781,0.0242068586099395,0.128919860627178
151773.411807,2555866.126422,0,0.152647975077882,0.258566978193146,0.246472420743999,0.111599780098955,0.230712845886018
152273.411807,2555866.126422,0,0.0501009359515507,0.65975408331804,0.167003119838502,0.0750596439713709,0.0480822169205359
152773.411807,2555866.126422,0,0.015587749862461,0.937649000550156,0.04401247019989,0.00275077938749312,0
153273.411807,2555866.126422,0,0.00403151914971596,0.651456844420011,0.339380612057907,0.00513102437236577,0
153773.411807,2555866.126422,0,0.00238575885483575,0.62672049917416,0.369792622499541,0.00110111947146265,0
154273.411807,2555866.126422,0.000183385292499542,0.0196222262974509,0.940399779937649,0.0342930496974143,0.0053181734824867,0.000183385292499542
154773.411807,2555866.126422,0.00696353307678211,0.179952354773685,0.665017408832692,0.087777166941543,0.0472787245739417,0.0130108118013561
155273.411807,2555866.126422,0.00146815929528354,0.0629473297852817,0.711139658652964,0.163332721600294,0.051018535511103,0.0100935951550743
155773.411807,2555866.126422,0.00696864111498258,0.111314872547222,0.483770401613791,0.119383825417202,0.0911424903722722,0.187419768934531
156273.411807,2555866.126422,0.00861279091075683,0.184900128275609,0.468022723107935,0.10426974528129,0.132123877588419,0.10207073483599
156773.411807,2555866.126422,0.0139475133051936,0.0869884382455496,0.512754633877776,0.193062947329785,0.105890989172325,0.0873554780693705
157273.411807,2555866.126422,0.00330093526499175,0.11186502842472,0.540986612873648,0.119200440124702,0.123785072437191,0.100861910874748
157773.411807,2555866.126422,0.0172255818215137,0.186366135239142,0.29265164009529,0.1412864211105,0.130474619754444,0.231995601979109
158273.411807,2555866.126422,0.00991007524316388,0.0803817214167737,0.215268856670949,0.55606533308864,0.0732244448522665,0.065149568728207
158773.411807,2555866.126422,0.000916926462497708,0.117366587199707,0.0896754080322758,0.677058499908307,0.0432789290298918,0.0717036493673207
159273.411807,2555866.126422,0.0161260765988638,0.0910756826094924,0.00568077698369067,0.794942275975811,0.0670698185816383,0.0251053692505039
159773.411807,2555866.126422,0.0704716461736098,0.0378051018535511,0.0137639933932832,0.251605799229216,0.156175445035786,0.470178014314553
160273.411807,2555866.126422,0.126140295690469,0.0377477194086191,0,0.142183076439132,0.143755898081158,0.550173010380623
151273.411807,2555366.126422,0.00183452577508714,0.110621904237755,0.666483214089158,0.0537516052100532,0.0284351495138507,0.138873601174097
151773.411807,2555366.126422,0,0.176190476190476,0.416483516483517,0.208791208791209,0.0745421245421245,0.123992673992674
152273.411807,2555366.126422,0,0.0684403669724771,0.775412844036697,0.107155963302752,0.0390825688073395,0.00990825688073394
152773.411807,2555366.126422,0,0.00476976701522656,0.929737662814163,0.0533847000550358,0.0106402494955054,0.00146762062006971
153273.411807,2555366.126422,0,0.00384615384615385,0.814835164835165,0.180769230769231,0.000549450549450549,0
153773.411807,2555366.126422,0.00018348623853211,0.00660550458715596,0.789174311926605,0.182935779816514,0.0203669724770642,0.00073394495412844
154273.411807,2555366.126422,0,0.02568336085122,0.615850302696753,0.303430563199413,0.0539350577875619,0.00110071546505228
154773.411807,2555366.126422,0.0267399267399267,0.144688644688645,0.668864468864469,0.0756410256410256,0.0684981684981685,0.0155677655677656
155273.411807,2555366.126422,0.00770642201834862,0.101100917431193,0.615596330275229,0.100733944954128,0.0587155963302752,0.116146788990826
155773.411807,2555366.126422,0.00513667217024399,0.0260502660062374,0.82883874518437,0.0443955237571088,0.0432948082920565,0.0522839845899835
156273.411807,2555366.126422,0.00787545787545788,0.204578754578755,0.456043956043956,0.139194139194139,0.0750915750915751,0.117216117216117
156773.411807,2555366.126422,0.00440366972477064,0.0748623853211009,0.511743119266055,0.174862385321101,0.167155963302752,0.0669724770642202
157273.411807,2555366.126422,0.00440286186020914,0.104567969179967,0.550908090258668,0.147312419739497,0.117776554760594,0.075032104201064
157773.411807,2555366.126422,0.028021978021978,0.0705128205128205,0.394688644688645,0.409340659340659,0.0554945054945055,0.0419413919413919
158273.411807,2555366.126422,0.00311926605504587,0.129174311926606,0.130642201834862,0.570275229357798,0.114495412844037,0.0522935779816514
158773.411807,2555366.126422,0.00532012474775271,0.120528343423225,0.148046230049532,0.602825169693634,0.0565033938726839,0.0667767382131719
159273.411807,2555366.126422,0.0391941391941392,0.133882783882784,0.221978021978022,0.376739926739927,0.0934065934065934,0.134798534798535
159773.411807,2555366.126422,0.0108256880733945,0.109908256880734,0.0341284403669725,0.716697247706422,0.083302752293578,0.0451376146788991
160273.411807,2555366.126422,0.0314762354422411,0.132200188857413,0,0.675480012590494,0.0928548945546113,0.0679886685552408
151273.411807,2554866.126422,0.0043956043956044,0.129487179487179,0.681501831501832,0.0293040293040293,0.0302197802197802,0.125091575091575
151773.411807,2554866.126422,0,0.175834250091676,0.450495049504951,0.112027869453612,0.0645397873120645,0.197103043637697
152273.411807,2554866.126422,0,0.0833333333333333,0.840659340659341,0.0393772893772894,0.0302197802197802,0.00641025641025641
152773.411807,2554866.126422,0.000183150183150183,0.00586080586080586,0.92967032967033,0.0573260073260073,0.00695970695970696,0
153273.411807,2554866.126422,0.000916758342500917,0.00366703337000367,0.913274660799413,0.079024569123579,0.00311697836450312,0
153773.411807,2554866.126422,0.000366300366300366,0.0010989010989011,0.89010989010989,0.104945054945055,0.00347985347985348,0
154273.411807,2554866.126422,0.000549450549450549,0.0148351648351648,0.868315018315018,0.095970695970696,0.0201465201465201,0.000183150183150183
154773.411807,2554866.126422,0.0113678034470114,0.0647231389805647,0.682984965163183,0.147414741474147,0.0698569856985699,0.0236523652365237
155273.411807,2554866.126422,0.0021978021978022,0.0507326007326007,0.57948717948718,0.0921245421245421,0.109340659340659,0.166117216117216
155773.411807,2554866.126422,0.0272893772893773,0.0835164835164835,0.452014652014652,0.0727106227106227,0.141025641025641,0.223443223443223
156273.411807,2554866.126422,0.0111844517785112,0.181518151815182,0.272827282728273,0.0946094609460946,0.207554088742208,0.232306563989732
156773.411807,2554866.126422,0.03003663003663,0.111538461538462,0.502380952380952,0.196703296703297,0.115384615384615,0.043956043956044
157273.411807,2554866.126422,0.000732600732600733,0.0778388278388278,0.603846153846154,0.151465201465201,0.0756410256410256,0.0904761904761905
157773.411807,2554866.126422,0.0782911624495783,0.0903923725705904,0.0617895122845618,0.516685001833517,0.141180784745141,0.111661166116612
158273.411807,2554866.126422,0.0043956043956044,0.0547619047619048,0.142490842490842,0.713919413919414,0.0571428571428571,0.0272893772893773
158773.411807,2554866.126422,0.000549450549450549,0.128388278388278,0.000915750915750916,0.794505494505494,0.0571428571428571,0.0184981684981685
159273.411807,2554866.126422,0.0144847818115145,0.204803813714705,0.375137513751375,0.234323432343234,0.0711404473780711,0.1001100110011
159773.411807,2554866.126422,0.0133699633699634,0.145787545787546,0.347802197802198,0.220695970695971,0.0932234432234432,0.179120879120879
160273.411807,2554866.126422,0.0254476908576814,0.190386427898209,0.119698397737983,0.336475023562677,0.1665095821552,0.16148287778825
151273.411807,2554366.126422,0,0.0698697964423253,0.649734091325876,0.173115716119567,0.0179717586649551,0.0893086374472767
151773.411807,2554366.126422,0.00219901044529962,0.146234194612424,0.368517500458127,0.118563313175738,0.105735752244823,0.258750229063588
152273.411807,2554366.126422,0,0.0144980730409249,0.942558267572032,0.0264268673151037,0.0124793540099101,0.00403743806202973
152773.411807,2554366.126422,0,0.010819732257473,0.727489455345681,0.239134421419402,0.0225563909774436,0
153273.411807,2554366.126422,0,0.00384826827927433,0.91478834524464,0.0624885468205974,0.0188748396554884,0
153773.411807,2554366.126422,0,0.000734079647641769,0.718296935217471,0.260965314736649,0.0200036703982382,0
154273.411807,2554366.126422,0.00146708233999633,0.0172382174949569,0.682009902805795,0.247203374289382,0.0469466348798826,0.00513478818998716
154773.411807,2554366.126422,0,0.0163093274693055,0.824812167857797,0.0901594282572842,0.0641378046545721,0.00458127176104087
155273.411807,2554366.126422,0.00734079647641769,0.0592769315470729,0.531473664892641,0.0945127546338778,0.131950816663608,0.175445035786383
155773.411807,2554366.126422,0.0066018705299835,0.0937098844672657,0.335228314689162,0.357968090959105,0.0909591050797726,0.115532734274711
156273.411807,2554366.126422,0.0042147700201576,0.0809968847352025,0.351475169507055,0.280007330034818,0.21751878321422,0.0657870624885468
156773.411807,2554366.126422,0.00991007524316388,0.0636814094329235,0.228665810240411,0.434758671315838,0.154890805652413,0.108093228115251
157273.411807,2554366.126422,0.00788556757748029,0.0518980377773703,0.249220612506877,0.52411516596369,0.133687878232166,0.033192737942417
157773.411807,2554366.126422,0.00568077698369067,0.163826278174821,0.143302180685358,0.439069085578156,0.129741616272677,0.118380062305296
158273.411807,2554366.126422,0,0.114516425032116,0.286658102404111,0.501743439163149,0.0565241328684162,0.0405579005322077
158773.411807,2554366.126422,0.00495140289748762,0.13607188703466,0.41610122868146,0.400696864111498,0.0159545204474601,0.0262240968274344
159273.411807,2554366.126422,0.00769653655854865,0.045629466739967,0.566061938794209,0.188748396554884,0.0597397837639729,0.132123877588419
159773.411807,2554366.126422,0.00532207744540283,0.0216553496054322,0.635162415122041,0.214718296935217,0.0603780510185355,0.0627638098733713
160273.411807,2554366.126422,0,0.0550487574709028,0.667505504875747,0.139666561811891,0.0547341931424976,0.0830449826989619
151273.411807,2553866.126422,0,0.0253164556962025,0.516785910842047,0.432581177765548,0.010273344340488,0.0150431113557145
151773.411807,2553866.126422,0.000915750915750916,0.0591575091575092,0.553479853479854,0.344139194139194,0.0201465201465201,0.0221611721611722
152273.411807,2553866.126422,0,0.00807339449541284,0.88954128440367,0.1,0.00238532110091743,0
152773.411807,2553866.126422,0,0.0155934690882407,0.651440102733443,0.324527609612915,0.00843881856540084,0
153273.411807,2553866.126422,0,0.00860805860805861,0.865018315018315,0.112637362637363,0.0137362637362637,0
153773.411807,2553866.126422,0.0018348623853211,0.00477064220183486,0.875229357798165,0.0987155963302752,0.0163302752293578,0.00311926605504587
154273.411807,2553866.126422,0,0.0335718216840947,0.726288754356999,0.125298110438452,0.0798018712162906,0.0350394423041644
154773.411807,2553866.126422,0.000183150183150183,0.0875457875457875,0.598534798534799,0.132234432234432,0.113919413919414,0.0675824175824176
155273.411807,2553866.126422,0.00605504587155963,0.0563302752293578,0.345688073394495,0.0823853211009174,0.154862385321101,0.354678899082569
155773.411807,2553866.126422,0,0.0498991010823702,0.488534213905705,0.192441753806641,0.167675655842965,0.101449275362319
156273.411807,2553866.126422,0,0.0793040293040293,0.420512820512821,0.376739926739927,0.0712454212454212,0.0521978021978022
156773.411807,2553866.126422,0.00018348623853211,0.0838532110091743,0.473394495412844,0.330825688073395,0.0888073394495413,0.0229357798165138
157273.411807,2553866.126422,0,0.128600256833609,0.652173913043478,0.124747752705926,0.0328380113740598,0.0616400660429279
157773.411807,2553866.126422,0.0104395604395604,0.0197802197802198,0.518498168498169,0.226373626373626,0.0346153846153846,0.19029304029304
158273.411807,2553866.126422,0.00146788990825688,0.0926605504587156,0.220366972477064,0.142018348623853,0.0827522935779817,0.460733944954128
158773.411807,2553866.126422,0.000183452577508714,0.238855255916346,0.16400660429279,0.498991010823702,0.0810860392588516,0.0168776371308017
159273.411807,2553866.126422,0,0.238461538461538,0.0904761904761905,0.539377289377289,0.0644688644688645,0.0672161172161172
159773.411807,2553866.126422,0,0.365504587155963,0.185688073394495,0.299266055045872,0.0700917431192661,0.0794495412844037
160273.411807,2553866.126422,0.00503619767075858,0.468051621026125,0.264715140069248,0.142902108907775,0.045955303745672,0.0733396285804218
151273.411807,2553366.126422,0.00164835164835165,0.065018315018315,0.194688644688645,0.65,0.00787545787545788,0.0807692307692308
151773.411807,2553366.126422,0,0.0528052805280528,0.508617528419509,0.386505317198386,0.0205353868720205,0.0315364869820315
152273.411807,2553366.126422,0,0.0146520146520147,0.262820512820513,0.664835164835165,0.0184981684981685,0.0391941391941392
152773.411807,2553366.126422,0.00274725274725275,0.00695970695970696,0.381135531135531,0.556043956043956,0.028021978021978,0.0250915750915751
153273.411807,2553366.126422,0,0.0227356068940227,0.653281994866153,0.283645031169784,0.0331866519985332,0.00715071507150715
153773.411807,2553366.126422,0.000183150183150183,0.0461538461538462,0.652564102564103,0.1996336996337,0.0888278388278388,0.0126373626373626
154273.411807,2553366.126422,0,0.086996336996337,0.62967032967033,0.0996336996336996,0.0919413919413919,0.0917582417582418
154773.411807,2553366.126422,0,0.085991932526586,0.478914558122479,0.125962596259626,0.134030069673634,0.175100843417675
155273.411807,2553366.126422,0,0.177289377289377,0.271245421245421,0.149267399267399,0.118131868131868,0.284065934065934
155773.411807,2553366.126422,0,0.132417582417582,0.0567765567765568,0.419047619047619,0.0793040293040293,0.312454212454212
156273.411807,2553366.126422,0,0.146864686468647,0.21030436376971,0.582874954162083,0.0331866519985332,0.0267693436010268
156773.411807,2553366.126422,0.00128205128205128,0.0426739926739927,0.744322344322344,0.173260073260073,0.0172161172161172,0.0212454212454212
157273.411807,2553366.126422,0.0382783882783883,0.045970695970696,0.407326007326007,0.22014652014652,0.101831501831502,0.186446886446886
157773.411807,2553366.126422,0.00935093509350935,0.05995599559956,0.325082508250825,0.184818481848185,0.156582324899157,0.264209754308764
158273.411807,2553366.126422,0,0.313186813186813,0.0360805860805861,0.145787545787546,0.0937728937728938,0.411172161172161
158773.411807,2553366.126422,0.0126373626373626,0.318681318681319,0.00952380952380952,0.530769230769231,0.0327838827838828,0.0956043956043956
159273.411807,2553366.126422,0.00788412174550788,0.154382104877154,0.00495049504950495,0.749358269160249,0.0342867620095343,0.0491382471580491
159773.411807,2553366.126422,0.00641025641025641,0.343406593406593,0.00476190476190476,0.548717948717949,0.0496336996336996,0.0470695970695971
160273.411807,2553366.126422,0.0235626767200754,0.333961671379202,0.0135092679861766,0.482563619227144,0.038014451775055,0.108388312912347
151273.411807,2552866.126422,0,0.0238400880249404,0,0.912891986062718,0.00201723821749496,0.0612506876948469
151773.411807,2552866.126422,0.00128275609309144,0.0322521531977277,0.449147883452446,0.495327102803738,0.0192413413963716,0.00274876305662452
152273.411807,2552866.126422,0,0.000183519911910442,0.743072123325381,0.255643237291246,0.00110111947146265,0
152773.411807,2552866.126422,0,0,0.792591234183018,0.207408765816981,0,0
153273.411807,2552866.126422,0,0.0227231079347627,0.783214220267546,0.109950522264981,0.0599230346344145,0.0241891148982958
153773.411807,2552866.126422,0,0.0350523031748945,0.672967516975592,0.118553863094146,0.0985501926959075,0.0748761240594605
154273.411807,2552866.126422,0.000183385292499542,0.0447460113698881,0.645332844305887,0.0654685494223363,0.0715202640748212,0.172748945534568
154773.411807,2552866.126422,0.000366501740883269,0.0689023272860546,0.769653655854865,0.100238226131574,0.03811618105186,0.0227231079347627
155273.411807,2552866.126422,0,0.164433841071756,0.265186272710589,0.260047715177097,0.113782345384474,0.196549825656084
155773.411807,2552866.126422,0,0.22794791857693,0.0656519347148359,0.437190537318907,0.0872913992297818,0.181918210159545
156273.411807,2552866.126422,0,0.0489279824079164,0.56496243357156,0.354773685175005,0.0186915887850467,0.0126443100604728
156773.411807,2552866.126422,0,0.00110111947146265,0.741787483942008,0.254542117819783,0.00238575885483575,0.000183519911910442
157273.411807,2552866.126422,0.0210893086374473,0.0520814230698698,0.556941133321108,0.176783421969558,0.097194205024757,0.0959105079772602
157773.411807,2552866.126422,0.0727505955653289,0.153747480300531,0.110866776617189,0.0947407000183251,0.159061755543339,0.408832691955287
158273.411807,2552866.126422,0.0756102037071022,0.218755734997247,0.139658652963847,0.151954487061846,0.118920902917967,0.295100018351991
158773.411807,2552866.126422,0.0152209792774619,0.116266275444709,0.189803777737026,0.369888134971575,0.154960572162113,0.153860260407115
159273.411807,2552866.126422,0.0139270661535642,0.219168041048195,0.0260216236027121,0.607110133773135,0.066703316840755,0.0670698185816383
159773.411807,2552866.126422,0.0618462103138191,0.0838685997430721,0.0324830244081483,0.578271242429804,0.16186456230501,0.0816663608001468
160273.411807,2552866.126422,0.013840830449827,0.153192827933312,0.0122680088078012,0.522491349480969,0.161686064800252,0.136520918527839
151273.411807,2552366.126422,0,0,0,1,0,0
151773.411807,2552366.126422,0,0.0232600732600733,0.245604395604396,0.695970695970696,0.0195970695970696,0.0155677655677656
152273.411807,2552366.126422,0.00770642201834862,0.0409174311926606,0.635412844036697,0.277798165137615,0.0311926605504587,0.00697247706422018
152773.411807,2552366.126422,0,0,0.625756741882223,0.374243258117777,0,0
153273.411807,2552366.126422,0.000366300366300366,0.0184981684981685,0.681318681318681,0.235714285714286,0.0311355311355311,0.032967032967033
153773.411807,2552366.126422,0,0.0537614678899083,0.695229357798165,0.0994495412844037,0.112844036697248,0.0387155963302752
154273.411807,2552366.126422,0.00366905155017428,0.0431113557145478,0.614015776921666,0.0709961474958723,0.0695285268758026,0.198679141441937
154773.411807,2552366.126422,0,0.0956043956043956,0.740476190476191,0.117765567765568,0.0355311355311355,0.0106227106227106
155273.411807,2552366.126422,0,0.151559633027523,0.313211009174312,0.319633027522936,0.093394495412844,0.122201834862385
155773.411807,2552366.126422,0.00587048248027885,0.144560631076867,0.166024582645386,0.328747018895615,0.111355714547789,0.243441570354063
156273.411807,2552366.126422,0,0,0.778388278388278,0.221611721611722,0,0
156773.411807,2552366.126422,0.0124770642201835,0.0135779816513761,0.701100917431193,0.209174311926606,0.0374311926605505,0.0262385321100917
157273.411807,2552366.126422,0.00091726288754357,0.0438451660245826,0.309484498257201,0.216657494037791,0.262704090992478,0.166391487800404
157773.411807,2552366.126422,0.00366300366300366,0.0315018315018315,0.36959706959707,0.26025641025641,0.136996336996337,0.197985347985348
158273.411807,2552366.126422,0.00330275229357798,0.0985321100917431,0.573761467889908,0.109357798165138,0.0818348623853211,0.133211009174312
158773.411807,2552366.126422,0.00898917629792699,0.115208218675472,0.431847367455513,0.190240322876536,0.137405980554027,0.116308934140525
159273.411807,2552366.126422,0.0304029304029304,0.128021978021978,0.336996336996337,0.18003663003663,0.146520146520147,0.178021978021978
159773.411807,2552366.126422,0.0634862385321101,0.122752293577982,0.263302752293578,0.159266055045872,0.154678899082569,0.23651376146789
160273.411807,2552366.126422,0.126849228832232,0.0912810827824992,0.0226628895184136,0.287378029587661,0.146049732451999,0.325779036827195
151773.411807,2551866.126422,0,0.000366703337000367,0.293362669600293,0.7004033736707,0.00586725339200587,0
152273.411807,2551866.126422,0,0.0509157509157509,0.678754578754579,0.23956043956044,0.0302197802197802,0.000549450549450549
152773.411807,2551866.126422,0,0,0.926923076923077,0.0730769230769231,0,0
153273.411807,2551866.126422,0,0.00715071507150715,0.792079207920792,0.170883755042171,0.0286028602860286,0.00128346167950128
153773.411807,2551866.126422,0.000183150183150183,0.0655677655677656,0.660805860805861,0.177838827838828,0.082967032967033,0.0126373626373626
154273.411807,2551866.126422,0,0.177472527472527,0.582417582417582,0.122710622710623,0.026007326007326,0.0913919413919414
154773.411807,2551866.126422,0.0022002200220022,0.152731939860653,0.403557022368904,0.260726072607261,0.121745507884122,0.059039237257059
155273.411807,2551866.126422,0.0021978021978022,0.0902930402930403,0.553113553113553,0.186813186813187,0.0873626373626374,0.0802197802197802
155773.411807,2551866.126422,0.00293040293040293,0.0474358974358974,0.536630036630037,0.199267399267399,0.0941391941391941,0.11959706959707
156273.411807,2551866.126422,0.00183351668500183,0.0344701136780345,0.731206453978731,0.0907590759075908,0.0454712137880455,0.0962596259625963
156773.411807,2551866.126422,0.0119047619047619,0.176190476190476,0.427838827838828,0.11043956043956,0.0796703296703297,0.193956043956044
157273.411807,2551866.126422,0,0.146153846153846,0.53956043956044,0.207692307692308,0.0635531135531135,0.043040293040293
157773.411807,2551866.126422,0.00146681334800147,0.189218921892189,0.387605427209388,0.239273927392739,0.0766409974330766,0.105793912724606
158273.411807,2551866.126422,0.00421245421245421,0.0761904761904762,0.718498168498168,0.10989010989011,0.0549450549450549,0.0362637362637363
158773.411807,2551866.126422,0.0313186813186813,0.113736263736264,0.404761904761905,0.141758241758242,0.0688644688644689,0.23956043956044
159273.411807,2551866.126422,0.0102676934360103,0.121562156215622,0.333516685001834,0.0682068206820682,0.112394572790612,0.354052071873854
159773.411807,2551866.126422,0.00366300366300366,0.0934065934065934,0.482600732600733,0.237728937728938,0.0831501831501831,0.0994505494505494
160273.411807,2551866.126422,0.0989632422243167,0.15205780710022,0.203267357838517,0.150172792962614,0.14985862393968,0.245680175934653
152773.411807,2551366.126422,0,0.0170548322024574,0.733357784705667,0.229965156794425,0.0196222262974509,0
153273.411807,2551366.126422,0,0.000366501740883269,0.569910207073484,0.428990287703867,0.000733003481766538,0
153773.411807,2551366.126422,0.000367039823820885,0.153055606533309,0.593686915030281,0.190493668563039,0.0278950266103872,0.0345017434391632
154273.411807,2551366.126422,0.00348432055749129,0.0251237850724372,0.772969007885568,0.166880616174583,0.0297084173849257,0.00183385292499542
154773.411807,2551366.126422,0.00146600696353308,0.0624885468205974,0.699102070734836,0.131024372365769,0.0535092541689573,0.0524097489463075
155273.411807,2551366.126422,0,0.0324830244081483,0.868416223160213,0.0625802899614608,0.0189025509267756,0.0176179115434025
155773.411807,2551366.126422,0,0.0286081056299285,0.770218228498074,0.0553823583348615,0.0513478818998716,0.0944434256372639
156273.411807,2551366.126422,0.0357339197361187,0.185999633498259,0.526479750778816,0.0540590067802822,0.0359171706065604,0.161810518599963
156773.411807,2551366.126422,0.0100935951550743,0.253808038172142,0.482473848412553,0.0499174160396403,0.0596439713708937,0.144063130849697
157273.411807,2551366.126422,0.000183385292499542,0.224646983311938,0.182468366037044,0.309187603154227,0.109847790207225,0.173665871997066
157773.411807,2551366.126422,0.0133773135422393,0.156679494227598,0.503939893714495,0.0861279091075683,0.112882536192047,0.126992853216053
158273.411807,2551366.126422,0.0150486327766563,0.176179115434025,0.623417140759772,0.0249587080198202,0.0379886217654616,0.122407781244265
158773.411807,2551366.126422,0.0438290849073904,0.125435540069686,0.384558958371539,0.130386942967174,0.0803227581147992,0.235466715569411
159273.411807,2551366.126422,0.0273043796958036,0.110683525746747,0.300714678394722,0.0892431739050761,0.151181968114349,0.320872274143302
159773.411807,2551366.126422,0.0332171040557901,0.144063130849697,0.291796659937603,0.202605982749128,0.146448889704533,0.181868232703248
160273.411807,2551366.126422,0.085246932997798,0.099087763447625,0.0509594212016357,0.150676313306071,0.115759672853098,0.498269896193772
152773.411807,2550866.126422,0,0.0227481196110805,0.160337552742616,0.812328013208586,0.00458631443771785,0
153273.411807,2550866.126422,0,0.00293040293040293,0.771062271062271,0.224175824175824,0.00128205128205128,0.000549450549450549
153773.411807,2550866.126422,0.00220183486238532,0.0700917431192661,0.675229357798165,0.224770642201835,0.0190825688073394,0.00862385321100917
154273.411807,2550866.126422,0.0119244175380664,0.0658594753256283,0.685195376995047,0.162905888827738,0.0427444505595304,0.0313703907539901
154773.411807,2550866.126422,0,0.0120879120879121,0.81996336996337,0.142124542124542,0.0197802197802198,0.00604395604395604
155273.411807,2550866.126422,0.00293577981651376,0.0179816513761468,0.772844036697248,0.102935779816514,0.0576146788990826,0.0456880733944954
155773.411807,2550866.126422,0.0355898000366905,0.0449458814896349,0.35663181067694,0.238671803338837,0.139057053751605,0.185103650706292
156273.411807,2550866.126422,0.0681318681318681,0.0983516483516483,0.50989010989011,0.123992673992674,0.0804029304029304,0.119230769230769
156773.411807,2550866.126422,0.0836697247706422,0.176880733944954,0.276146788990826,0.265321100917431,0.105504587155963,0.0924770642201835
157273.411807,2550866.126422,0.0300862227114291,0.0996147495872317,0.128049899101082,0.356081452944414,0.154283617684828,0.231884057971014
157773.411807,2550866.126422,0.0358974358974359,0.115018315018315,0.261721611721612,0.17967032967033,0.0525641025641026,0.355128205128205
158273.411807,2550866.126422,0.00275229357798165,0.105871559633028,0.320550458715596,0.211009174311927,0.158348623853211,0.201467889908257
158773.411807,2550866.126422,0.0137589433131535,0.0876903320491653,0.467253714914695,0.24821133736929,0.120895248578243,0.062190423775454
159273.411807,2550866.126422,0.0624542124542125,0.123809523809524,0.295238095238095,0.186630036630037,0.170695970695971,0.161172161172161
159773.411807,2550866.126422,0.0726605504587156,0.0968807339449541,0.199816513761468,0.296697247706422,0.168256880733945,0.165688073394495
160273.411807,2550866.126422,0.114573497009758,0.0802644003777148,0.255587031790998,0.294617563739377,0.0881334592382751,0.166824047843878
153273.411807,2550366.126422,0,0.000183351668500183,0.678401173450678,0.320498716538321,0.000916758342500917,0
153773.411807,2550366.126422,0.00622710622710623,0.0142857142857143,0.822344322344322,0.156776556776557,0.000183150183150183,0.000183150183150183
154273.411807,2550366.126422,0,0.00677655677655678,0.595054945054945,0.398168498168498,0,0
154773.411807,2550366.126422,0,0.0412541254125413,0.624862486248625,0.294829482948295,0.0183351668500183,0.0207187385405207
155273.411807,2550366.126422,0.00622710622710623,0.188827838827839,0.294139194139194,0.185897435897436,0.132783882783883,0.192124542124542
155773.411807,2550366.126422,0.00586080586080586,0.0835164835164835,0.511538461538461,0.28003663003663,0.0661172161172161,0.0529304029304029
156273.411807,2550366.126422,0.0304363769710304,0.204253758709204,0.476897689768977,0.172350568390172,0.0575724239090576,0.0584891822515585
156773.411807,2550366.126422,0.00897435897435897,0.171062271062271,0.525824175824176,0.103846153846154,0.0926739926739927,0.0976190476190476
157273.411807,2550366.126422,0.0142857142857143,0.157692307692308,0.228571428571429,0.232051282051282,0.171978021978022,0.195421245421245
157773.411807,2550366.126422,0.0201686835350202,0.187752108544188,0.356618995232857,0.221122112211221,0.0634396773010634,0.150898423175651
158273.411807,2550366.126422,0.00201465201465201,0.0879120879120879,0.525457875457875,0.10989010989011,0.0835164835164835,0.191208791208791
158773.411807,2550366.126422,0.000366300366300366,0.131318681318681,0.596886446886447,0.128571428571429,0.0915750915750916,0.0512820512820513
159273.411807,2550366.126422,0.0344701136780345,0.227906123945728,0.433626696002934,0.0876420975430876,0.0566556655665567,0.15969930326366
159773.411807,2550366.126422,0.0102564102564103,0.218498168498168,0.27967032967033,0.0912087912087912,0.0886446886446886,0.311721611721612
160273.411807,2550366.126422,0.0188501413760603,0.207665724159598,0.287778825007854,0.169651272384543,0.143261074458058,0.172792962613886
153273.411807,2549866.126422,0,0,0.44511636430273,0.55488363569727,0,0
153773.411807,2549866.126422,0,0,0.240961644338411,0.759038355661589,0,0
154273.411807,2549866.126422,0,0,0,1,0,0
154773.411807,2549866.126422,0,0.0593732820230896,0,0.514201942459227,0.0252886201209456,0.401136155396738
155273.411807,2549866.126422,0.00275279867865663,0.151403927326115,0.14534777023307,0.16608552027895,0.0756102037071022,0.458799779776106
155773.411807,2549866.126422,0.00825233816247937,0.187603154227031,0.646249770768384,0.0280579497524299,0.0379607555474051,0.0918760315422703
156273.411807,2549866.126422,0.0287703866593366,0.22081729888217,0.594282572842221,0.0991387209089243,0.0247388675096207,0.0322521531977277
156773.411807,2549866.126422,0.00330335841438796,0.194531106625069,0.551477335290879,0.104973389612773,0.0860708386859974,0.0596439713708937
