"x","y","forest","agri","water","built","other","grass"
185773.411807,2502866.126422,0.0281456953642384,0.0281456953642384,0,0.90673289183223,0.0182119205298013,0.0187637969094923
186273.411807,2502866.126422,0.117573483427142,0.25422138836773,0.000625390869293308,0.373983739837398,0.0825515947467167,0.17104440275172
186773.411807,2502866.126422,0.099341899091194,0.610466938263867,0,0.125665935443435,0.0463804450015669,0.118144782199937
187273.411807,2502866.126422,0.0438184663536776,0.261345852895149,0.0215962441314554,0.445070422535211,0.149921752738654,0.0782472613458529
187773.411807,2502866.126422,0.0522201375859912,0.299874921826141,0,0.500312695434647,0.101626016260163,0.0459662288930582
188273.411807,2502866.126422,0.0209965528047634,0.578188655593858,0,0.264180507677844,0.0736446255092447,0.0629896584142902
188773.411807,2502866.126422,0.0275430359937402,0.674491392801252,0,0.134272300469484,0.0748043818466354,0.0888888888888889
189273.411807,2502866.126422,0.0193871169480926,0.0562851782363977,0,0.803939962476548,0.0853658536585366,0.0350218886804253
189773.411807,2502866.126422,0.0347853337511752,0.638671262926982,0.000313381385145722,0.199310560952679,0.0470072077718584,0.0799122532121592
190273.411807,2502866.126422,0.116118935837246,0.439123630672926,0,0.141471048513302,0.0406885758998435,0.262597809076682
190773.411807,2502866.126422,0.123827392120075,0.448405253283302,0,0.159161976235147,0.0666041275797373,0.202001250781739
191273.411807,2502866.126422,0.00376057662174867,0.697900344719524,0,0.0488874960827327,0.039486054528361,0.209965528047634
191773.411807,2502866.126422,0.0028169014084507,0.42472613458529,0,0.233802816901408,0.097339593114241,0.24131455399061
192273.411807,2502866.126422,0,0.119136960600375,0.499687304565353,0.315196998123827,0.0437773608505316,0.0222013758599124
192773.411807,2502866.126422,0.0156690692572861,0.791287997492949,0,0.0454403008461297,0.0611093701034159,0.0864932623002194
193273.411807,2502866.126422,0.0112676056338028,0.527386541471048,0.0190923317683881,0.0569640062597809,0.07981220657277,0.30547730829421
193773.411807,2502866.126422,0.075984990619137,0.161976235146967,0.0250156347717323,0.171669793621013,0.111006879299562,0.454346466541589
194273.411807,2502866.126422,0.0817925415230335,0.177373863992479,0.0673769978063303,0.207145095581322,0.116264493889063,0.350047007207772
194773.411807,2502866.126422,0.0406885758998435,0.109546165884194,0.119561815336463,0.442566510172144,0.109233176838811,0.178403755868545
195273.411807,2502866.126422,0.0834896810506567,0.215447154471545,0.0303314571607255,0.25140712945591,0.161038148843027,0.258286429018136
195773.411807,2502866.126422,0.10184895017236,0.0570354120965215,0.00250705108116578,0.476653086806644,0.156377311187715,0.205578188655594
196273.411807,2502866.126422,0.058528951486698,0.153990610328639,0.0860719874804382,0.376212832550861,0.137402190923318,0.187793427230047
196773.411807,2502866.126422,0.0731707317073171,0.193558474046279,0.00125078173858662,0.470293933708568,0.110694183864916,0.151031894934334
197273.411807,2502866.126422,0.0604826073331244,0.190849263553745,0.0166092134127233,0.296458790347853,0.0952679410842996,0.340332184268254
197773.411807,2502866.126422,0.0316118935837246,0.263536776212833,0.000625978090766823,0.261971830985915,0.23943661971831,0.202816901408451
198273.411807,2502866.126422,0.0472170106316448,0.135084427767355,0.00125078173858662,0.363664790494059,0.139462163852408,0.313320825515947
185773.411807,2502366.126422,0.133676092544987,0.0324550128534704,0,0.525385604113111,0.106683804627249,0.201799485861183
186273.411807,2502366.126422,0.235790245691236,0.265859919325266,0,0.18023469013568,0.0986431976530986,0.219471947194719
186773.411807,2502366.126422,0.0172161172161172,0.326739926739927,0,0.575824175824176,0.0380952380952381,0.0421245421245421
187273.411807,2502366.126422,0.0675824175824176,0.285531135531136,0.000183150183150183,0.432417582417582,0.113553113553114,0.100732600732601
187773.411807,2502366.126422,0.0551888522185552,0.239457279061239,0,0.416574990832417,0.0597726439310598,0.229006233956729
188273.411807,2502366.126422,0.0197802197802198,0.728571428571429,0,0.139010989010989,0.0467032967032967,0.0659340659340659
188773.411807,2502366.126422,0.032051282051282,0.640842490842491,0,0.112087912087912,0.0789377289377289,0.136080586080586
189273.411807,2502366.126422,0.0968096809680968,0.191419141914191,0.000733406674000733,0.574624129079575,0.0779244591125779,0.0584891822515585
189773.411807,2502366.126422,0.0705128205128205,0.496886446886447,0.00549450549450549,0.250732600732601,0.0860805860805861,0.0902930402930403
190273.411807,2502366.126422,0.0761904761904762,0.621062271062271,0,0.102197802197802,0.0853479853479854,0.115201465201465
190773.411807,2502366.126422,0.0306197286395306,0.625779244591126,0,0.144114411441144,0.0759075907590759,0.123579024569124
191273.411807,2502366.126422,0.107692307692308,0.221428571428571,0.00274725274725275,0.344322344322344,0.0706959706959707,0.253113553113553
191773.411807,2502366.126422,0.00256410256410256,0.652564102564103,0,0.0655677655677656,0.0805860805860806,0.198717948717949
192273.411807,2502366.126422,0,0.0188852218555189,0.548588192152549,0.341217455078841,0.0454712137880455,0.0458379171250458
192773.411807,2502366.126422,0.00695970695970696,0.54981684981685,0.00402930402930403,0.141025641025641,0.0877289377289377,0.21043956043956
193273.411807,2502366.126422,0.00622710622710623,0.631501831501831,0.0108058608058608,0.0620879120879121,0.117032967032967,0.172344322344322
193773.411807,2502366.126422,0.102126879354602,0.272277227722772,0.035020168683535,0.235056839017235,0.0720572057205721,0.283461679501283
194273.411807,2502366.126422,0.0728937728937729,0.333882783882784,0.054029304029304,0.209340659340659,0.119047619047619,0.210805860805861
194773.411807,2502366.126422,0.118681318681319,0.129487179487179,0.0106227106227106,0.440842490842491,0.111172161172161,0.189194139194139
195273.411807,2502366.126422,0.079024569123579,0.15034836817015,0.0242024202420242,0.429226255958929,0.144297763109644,0.172900623395673
195773.411807,2502366.126422,0.0595238095238095,0.10970695970696,0.0406593406593407,0.527655677655678,0.118131868131868,0.144322344322344
196273.411807,2502366.126422,0.0866300366300366,0.210989010989011,0.021978021978022,0.411904761904762,0.113369963369963,0.155128205128205
196773.411807,2502366.126422,0.0500550055005501,0.166666666666667,0.0803080308030803,0.46956362302897,0.0953428676200953,0.138063806380638
197273.411807,2502366.126422,0.123076923076923,0.221245421245421,0.0214285714285714,0.165018315018315,0.103846153846154,0.365384615384615
197773.411807,2502366.126422,0.0961538461538462,0.216483516483516,0.00989010989010989,0.162271062271062,0.174175824175824,0.341025641025641
198273.411807,2502366.126422,0.152915291529153,0.112577924459113,0.015951595159516,0.142830949761643,0.0973597359735974,0.478364503116978
185773.411807,2501866.126422,0.453930412371134,0.198775773195876,0,0.00322164948453608,0.0122422680412371,0.331829896907216
186273.411807,2501866.126422,0.453362653472604,0.0472787245739417,0,0.00311526479750779,0.00164925783397471,0.494594099321972
186773.411807,2501866.126422,0.141860891906772,0.120022022389429,0,0.317672967516976,0.0625802899614608,0.357863828225362
187273.411807,2501866.126422,0.024390243902439,0.287181368054282,0.000183385292499542,0.590133871263525,0.0381441408399046,0.0599669906473501
187773.411807,2501866.126422,0.0236393622869709,0.295217152281473,0.0216236027121129,0.401502657137621,0.108118013560564,0.149899212021257
188273.411807,2501866.126422,0.0372545421178198,0.56854468709855,0.000183519911910442,0.24885300055056,0.0831345200954303,0.0620297302257295
188773.411807,2501866.126422,0.0399779937649001,0.394094993581515,0.000550155877498625,0.370254905556574,0.0911424903722722,0.10397946084724
189273.411807,2501866.126422,0.0630382994319223,0.180318856514568,0.00403151914971596,0.58182151365219,0.0773318673263698,0.0934579439252336
189773.411807,2501866.126422,0.0601945311066251,0.339511837034318,0.000550559735731327,0.34850431271793,0.143696091025876,0.107542668379519
190273.411807,2501866.126422,0.0568494406748579,0.57986429488355,0.000366770584999083,0.198789657069503,0.0742710434623143,0.0898587933247754
190773.411807,2501866.126422,0.0604727872457394,0.377496793109767,0.000366501740883269,0.0901594282572842,0.129924867143119,0.341579622503207
191273.411807,2501866.126422,0.0339511837034318,0.370159662323362,0.0113782345384474,0.393283171224078,0.04147550009176,0.149752248118921
191773.411807,2501866.126422,0.0766550522648084,0.165413533834586,0,0.0392444525949019,0.055198973042362,0.663487988263341
192273.411807,2501866.126422,0.000916254352208173,0.00659703133589885,0.609125893347993,0.3789628000733,0.00164925783397471,0.00274876305662452
192773.411807,2501866.126422,0.0152321526885667,0.516241512204074,0,0.0831345200954303,0.115066984767847,0.270324830244081
193273.411807,2501866.126422,0.0276911791674308,0.592884650651018,0,0.0647350082523382,0.108747478452228,0.205941683476985
193773.411807,2501866.126422,0.0855781564962434,0.386476085761407,0.0161260765988638,0.10317024005864,0.0546087593916071,0.354040681693238
194273.411807,2501866.126422,0.0657001284639383,0.391264452193063,0.0106441548908057,0.22407781244265,0.100752431638833,0.20756102037071
194773.411807,2501866.126422,0.0788556757748029,0.274711168164313,0.0188886851274528,0.249403997799376,0.13992297817715,0.238217494956904
195273.411807,2501866.126422,0.0410481949789262,0.120762323621037,0.0263881253435954,0.59299981674913,0.101887483965549,0.116914055341763
195773.411807,2501866.126422,0.0611121306661773,0.144063130849697,0.0170673518076711,0.608368507983116,0.0948797944576987,0.0745090842356396
196273.411807,2501866.126422,0.144324225197139,0.129653401797176,0.0383275261324042,0.304236200256739,0.0676691729323308,0.315789473684211
196773.411807,2501866.126422,0.11544804837823,0.12552684625252,0.0388491845336265,0.373098772219168,0.146783947223749,0.200293201392707
197273.411807,2501866.126422,0.110111947146265,0.251972839053037,0.00532207744540283,0.202605982749128,0.121306661772802,0.308680491833364
197773.411807,2501866.126422,0.0894920227397763,0.233816247936915,0.0227397762699432,0.166513845589584,0.157161195672107,0.330276911791674
198273.411807,2501866.126422,0.126076598863845,0.135972145867693,0.00604727872457394,0.148066703316841,0.122594832325454,0.461242440901594
185773.411807,2501366.126422,0.569909793814433,0.128221649484536,0,0,0,0.301868556701031
186273.411807,2501366.126422,0.588644688644689,0.369047619047619,0,0.000366300366300366,0.00641025641025641,0.0355311355311355
186773.411807,2501366.126422,0.131926605504587,0.514495412844037,0,0.0893577981651376,0.0671559633027523,0.197064220183486
187273.411807,2501366.126422,0.109704641350211,0.108787378462667,0.0157769216657494,0.648137956338287,0.0467804072647221,0.0708126949183636
187773.411807,2501366.126422,0.0576923076923077,0.38021978021978,0,0.440659340659341,0.0804029304029304,0.041025641025641
188273.411807,2501366.126422,0.0398165137614679,0.468623853211009,0,0.351926605504587,0.0965137614678899,0.0431192660550459
188773.411807,2501366.126422,0.0522839845899835,0.337369290038525,0.00201797835259585,0.374793615850303,0.142359200146762,0.0911759310218309
189273.411807,2501366.126422,0.0741758241758242,0.441758241758242,0.0021978021978022,0.263186813186813,0.0967032967032967,0.121978021978022
189773.411807,2501366.126422,0.076697247706422,0.278348623853211,0.00348623853211009,0.438715596330275,0.102201834862385,0.100550458715596
190273.411807,2501366.126422,0.0741148413135205,0.468354430379747,0.000366905155017428,0.176297926985874,0.11410750321042,0.166758392955421
190773.411807,2501366.126422,0.0617216117216117,0.273626373626374,0.00238095238095238,0.0580586080586081,0.052014652014652,0.552197802197802
191273.411807,2501366.126422,0.00293577981651376,0.66697247706422,0.0157798165137615,0.20348623853211,0.0405504587155963,0.0702752293577982
191773.411807,2501366.126422,0.0809025866813429,0.125848468170978,0.0124747752705926,0.319941295175197,0.0464135021097046,0.414419372592185
192273.411807,2501366.126422,0.00512820512820513,0.142124542124542,0.450549450549451,0.344871794871795,0.000915750915750916,0.0564102564102564
192773.411807,2501366.126422,0.0326605504587156,0.468807339449541,0,0.0743119266055046,0.086605504587156,0.337614678899083
193273.411807,2501366.126422,0.0124747752705926,0.590900752155568,0,0.081452944413869,0.164923867180334,0.150247660979637
193773.411807,2501366.126422,0.0236263736263736,0.502380952380952,0.000366300366300366,0.0743589743589744,0.0976190476190476,0.301648351648352
194273.411807,2501366.126422,0.0137614678899083,0.319449541284404,0.0941284403669725,0.336880733944954,0.0688073394495413,0.16697247706422
194773.411807,2501366.126422,0.0346725371491469,0.331498807558246,0.0522839845899835,0.174830306365804,0.0986974866996881,0.308016877637131
195273.411807,2501366.126422,0.0521978021978022,0.195238095238095,0.00879120879120879,0.421062271062271,0.128754578754579,0.193956043956044
195773.411807,2501366.126422,0.0519266055045872,0.298532110091743,0.00568807339449541,0.31743119266055,0.146788990825688,0.179633027522936
196273.411807,2501366.126422,0.063474591818015,0.29389102916896,0.00458631443771785,0.293157218858925,0.187305081636397,0.157585764079985
196773.411807,2501366.126422,0.0923076923076923,0.136263736263736,0.00311355311355311,0.383150183150183,0.14010989010989,0.245054945054945
197273.411807,2501366.126422,0.0794495412844037,0.0724770642201835,0.00018348623853211,0.59045871559633,0.142385321100917,0.115045871559633
197773.411807,2501366.126422,0.107319757842598,0.257750871399743,0.0108237020730141,0.266189689965144,0.130618235186204,0.227297743533297
198273.411807,2501366.126422,0.118315018315018,0.234615384615385,0.0435897435897436,0.227655677655678,0.174725274725275,0.201098901098901
185773.411807,2500866.126422,0.565231362467866,0.0125321336760925,0,0.0070694087403599,0.0295629820051414,0.38560411311054
186273.411807,2500866.126422,0.504400440044004,0.215804913824716,0,0.0133846718005134,0.0456545654565457,0.220755408874221
186773.411807,2500866.126422,0.361721611721612,0.317765567765568,0,0.0423076923076923,0.0595238095238095,0.218681318681319
187273.411807,2500866.126422,0.292490842490843,0.120695970695971,0,0.381501831501831,0.0657509157509158,0.13956043956044
187773.411807,2500866.126422,0.11019435276861,0.18995232856619,0,0.691602493582692,0.0077007700770077,0.00055005500550055
188273.411807,2500866.126422,0.0516483516483516,0.755494505494505,0,0.146520146520147,0.0241758241758242,0.0221611721611722
188773.411807,2500866.126422,0.0404761904761905,0.681868131868132,0,0.105494505494505,0.101465201465201,0.0706959706959707
189273.411807,2500866.126422,0.0542720938760543,0.441510817748442,0.000916758342500917,0.343784378437844,0.0931426475980931,0.0663733039970664
189773.411807,2500866.126422,0.100732600732601,0.415567765567766,0.00146520146520147,0.256410256410256,0.111904761904762,0.113919413919414
190273.411807,2500866.126422,0.093040293040293,0.411538461538462,0.000366300366300366,0.175641025641026,0.0915750915750916,0.227838827838828
190773.411807,2500866.126422,0.11001100110011,0.387972130546388,0.00238357169050238,0.125962596259626,0.0905757242390906,0.283094976164283
191273.411807,2500866.126422,0.100915750915751,0.132417582417582,0,0.249267399267399,0.108791208791209,0.408608058608059
191773.411807,2500866.126422,0.151465201465201,0.0994505494505494,0.105311355311355,0.34047619047619,0.0743589743589744,0.228937728937729
192273.411807,2500866.126422,0.0148514851485149,0.0726072607260726,0.366519985331867,0.383204987165383,0.0139347268060139,0.148881554822149
192773.411807,2500866.126422,0.0216117216117216,0.419230769230769,0,0.161721611721612,0.0424908424908425,0.354945054945055
193273.411807,2500866.126422,0.00256410256410256,0.678388278388278,0,0.0774725274725275,0.126373626373626,0.115201465201465
193773.411807,2500866.126422,0.0852585258525853,0.522368903557022,0,0.102493582691602,0.0966263292995966,0.193252658599193
194273.411807,2500866.126422,0.0351648351648352,0.137545787545788,0.131501831501832,0.453846153846154,0.0750915750915751,0.166849816849817
194773.411807,2500866.126422,0.0371794871794872,0.35970695970696,0.0877289377289377,0.323626373626374,0.0915750915750916,0.10018315018315
195273.411807,2500866.126422,0.0685735240190686,0.168133480014668,0.0249358269160249,0.491199119911991,0.128712871287129,0.118445177851118
195773.411807,2500866.126422,0.071978021978022,0.224175824175824,0.00842490842490842,0.375274725274725,0.133882783882784,0.186263736263736
196273.411807,2500866.126422,0.0188644688644689,0.252380952380952,0.0122710622710623,0.343772893772894,0.145421245421245,0.227289377289377
196773.411807,2500866.126422,0.0696736340300697,0.184085075174184,0.00825082508250825,0.173817381738174,0.117895122845618,0.446277961129446
197273.411807,2500866.126422,0.0516483516483516,0.137362637362637,0.0221611721611722,0.564468864468864,0.118315018315018,0.106043956043956
197773.411807,2500866.126422,0.0902930402930403,0.234615384615385,0.000915750915750916,0.24047619047619,0.131501831501832,0.302197802197802
198273.411807,2500866.126422,0.0535386872020535,0.256325632563256,0.063989732306564,0.221122112211221,0.198386505317198,0.206637330399707
185773.411807,2500366.126422,0.412371134020619,0.0473582474226804,0,0.029639175257732,0.126932989690722,0.383698453608247
186273.411807,2500366.126422,0.363386476085761,0.00733003481766538,0,0.0126443100604728,0.024555616639179,0.592083562396921
186773.411807,2500366.126422,0.311983850247752,0.0390897412369242,0,0.110295467058176,0.0750596439713709,0.463571297485777
187273.411807,2500366.126422,0.338529249954154,0.0328259673574179,0,0.251788006601871,0.112965340179718,0.26389143590684
187773.411807,2500366.126422,0.174454828660436,0.177020340846619,0,0.483599047095474,0.0738501007879787,0.0910756826094924
188273.411807,2500366.126422,0.0849697192145348,0.310332171040558,0,0.46889337493118,0.0682694072306845,0.0675353275830428
188773.411807,2500366.126422,0.0689528699798276,0.463598019438841,0.000550155877498625,0.453878598936365,0.00843572345497891,0.00458463231248854
189273.411807,2500366.126422,0.116364302730438,0.380428807036833,0.000549752611324904,0.365585486531061,0.0685358255451713,0.0685358255451713
189773.411807,2500366.126422,0.0594604514589833,0.537529821985685,0,0.17838135437695,0.0805652413286842,0.144063130849697
190273.411807,2500366.126422,0.066018705299835,0.3200073354117,0.022006235099945,0.379424170181551,0.0797726022373006,0.132770951769668
190773.411807,2500366.126422,0.0668865677111966,0.206523730987722,0.000549752611324904,0.389591350558915,0.133773135422393,0.202675462708448
191273.411807,2500366.126422,0.0671682877592219,0.36924206276381,0.00220223894292531,0.165167920719398,0.107359148467609,0.288860341347036
191773.411807,2500366.126422,0.129286631212177,0.0819732257472951,0.0223730056849441,0.3601687144691,0.105629928479736,0.300568494406749
192273.411807,2500366.126422,0.00219901044529962,0.134689389774601,0.58402052409749,0.202858713578889,0.0318856514568444,0.0443467106468756
192773.411807,2500366.126422,0.00991007524316388,0.437511469994494,0,0.15342264635713,0.0996513121673702,0.299504496237842
193273.411807,2500366.126422,0.0209059233449477,0.60388776820099,0,0.0960938932697598,0.121767834219696,0.157344580964607
193773.411807,2500366.126422,0.0216236027121129,0.553234377863295,0.030602895363753,0.141103170240059,0.193879420927249,0.0595565328935312
194273.411807,2500366.126422,0.0752431638832813,0.242980363369426,0.108643787850982,0.358230868049183,0.0829510001835199,0.131950816663608
194773.411807,2500366.126422,0.0304419585549239,0.141756831102146,0.133321107647167,0.468549422336329,0.113515496057216,0.112415184302219
195273.411807,2500366.126422,0.0522264980758659,0.141103170240059,0.0674363203225215,0.488913322338281,0.113065787062489,0.137254901960784
195773.411807,2500366.126422,0.082583960359699,0.226830611121307,0.0214718296935217,0.216920535878143,0.160396403009727,0.291796659937603
196273.411807,2500366.126422,0.158261507427104,0.159545204474601,0.0165046763249587,0.301852191454245,0.108930863744728,0.254905556574363
196773.411807,2500366.126422,0.163093274693055,0.220634048011728,0,0.20065970313359,0.125710097122961,0.289902877038666
197273.411807,2500366.126422,0.0647825289043861,0.236006606716829,0.0139475133051936,0.371994861442467,0.102771150669848,0.210497338961277
197773.411807,2500366.126422,0.0900421786172749,0.222996515679443,0.00256739409499358,0.2400513478819,0.127086007702182,0.317256556024207
198273.411807,2500366.126422,0.0573575224482316,0.232362103719993,0.0555250137438153,0.365035733919736,0.127542605827378,0.162177020340847
185773.411807,2499866.126422,0.540270618556701,0.0914948453608247,0,0.0602448453608247,0.0692654639175258,0.238724226804124
186273.411807,2499866.126422,0.321978021978022,0.0974358974358974,0,0.0492673992673993,0.0686813186813187,0.462637362637363
186773.411807,2499866.126422,0.332110091743119,0.018348623853211,0,0.198165137614679,0.124403669724771,0.32697247706422
187273.411807,2499866.126422,0.287653641533664,0.0777838928636947,0,0.186571271326362,0.10842047330765,0.33957072096863
187773.411807,2499866.126422,0.365201465201465,0.161538461538462,0,0.151831501831502,0.0943223443223443,0.227106227106227
188273.411807,2499866.126422,0.109174311926606,0.217981651376147,0,0.506788990825688,0.0919266055045872,0.0741284403669725
188773.411807,2499866.126422,0.0682443588332416,0.484865162355531,0.000183452577508714,0.363603008622271,0.0442120711796001,0.0388919464318474
189273.411807,2499866.126422,0.0787545787545788,0.567399267399267,0,0.213003663003663,0.0510989010989011,0.0897435897435897
189773.411807,2499866.126422,0.0499082568807339,0.62256880733945,0.00018348623853211,0.126605504587156,0.0888073394495413,0.111926605504587
190273.411807,2499866.126422,0.0709961474958723,0.197761878554394,0.00440286186020914,0.347275729223996,0.133920381581361,0.245643001284168
190773.411807,2499866.126422,0.0586080586080586,0.211904761904762,0.000366300366300366,0.302380952380952,0.128205128205128,0.298534798534799
191273.411807,2499866.126422,0.098348623853211,0.279633027522936,0.00623853211009174,0.104036697247706,0.1,0.411743119266055
191773.411807,2499866.126422,0.270592551825353,0.210420106402495,0.00513667217024399,0.189873417721519,0.0465969546872134,0.277380297193176
192273.411807,2499866.126422,0.00531135531135531,0.0384615384615385,0.588827838827839,0.29029304029304,0.0139194139194139,0.0631868131868132
192773.411807,2499866.126422,0.0113761467889908,0.292660550458716,0,0.311376146788991,0.132110091743119,0.252477064220184
193273.411807,2499866.126422,0.0143093010456797,0.405613648871767,0,0.118510365070629,0.206751054852321,0.254815630159604
193773.411807,2499866.126422,0.0100732600732601,0.392857142857143,0.12014652014652,0.257875457875458,0.172527472527473,0.0465201465201465
194273.411807,2499866.126422,0.0759633027522936,0.367339449541284,0.112477064220183,0.270642201834862,0.0754128440366972,0.0981651376146789
194773.411807,2499866.126422,0.0706292423408549,0.0675105485232067,0.00678774536782242,0.606861126398826,0.146395156851954,0.101816180517336
195273.411807,2499866.126422,0.047985347985348,0.20970695970696,0.0393772893772894,0.442857142857143,0.106593406593407,0.153479853479853
195773.411807,2499866.126422,0.0418348623853211,0.219449541284404,0.00513761467889908,0.298715596330275,0.141651376146789,0.293211009174312
196273.411807,2499866.126422,0.0807191341038342,0.291506145661347,0.0410933773619519,0.264355164190057,0.123647037240873,0.198679141441937
196773.411807,2499866.126422,0.34010989010989,0.0340659340659341,0,0.0210622710622711,0.0238095238095238,0.580952380952381
197273.411807,2499866.126422,0.0675229357798165,0.315596330275229,0.00440366972477064,0.251376146788991,0.189908256880734,0.171192660550459
197773.411807,2499866.126422,0.0554026784076316,0.18968996514401,0.0176114474408365,0.405430196294258,0.126031920748487,0.205833791964777
198273.411807,2499866.126422,0.0963369963369963,0.238278388278388,0.0188644688644689,0.211721611721612,0.174542124542125,0.26025641025641
185773.411807,2499366.126422,0.176413881748072,0.403598971722365,0,0.0857969151670951,0.0822622107969152,0.251928020565553
186273.411807,2499366.126422,0.184635130179685,0.414741474147415,0,0.145947928126146,0.154932159882655,0.0997433076640997
186773.411807,2499366.126422,0.37032967032967,0.346153846153846,0,0.0450549450549451,0.100915750915751,0.137545787545788
187273.411807,2499366.126422,0.17985347985348,0.279487179487179,0,0.21978021978022,0.104029304029304,0.216849816849817
187773.411807,2499366.126422,0.332783278327833,0.392739273927393,0,0.131279794646131,0.0394206087275394,0.103777044371104
188273.411807,2499366.126422,0.194505494505495,0.18956043956044,0.00915750915750916,0.514652014652015,0.0622710622710623,0.0298534798534799
188773.411807,2499366.126422,0.0851648351648352,0.437362637362637,0.0104395604395604,0.418131868131868,0.0331501831501832,0.0157509157509158
189273.411807,2499366.126422,0.131829849651632,0.260542720938761,0,0.400623395672901,0.0847084708470847,0.122295562889622
189773.411807,2499366.126422,0.0840659340659341,0.27967032967033,0.00457875457875458,0.504212454212454,0.0750915750915751,0.0523809523809524
190273.411807,2499366.126422,0.0906593406593407,0.150732600732601,0.00274725274725275,0.417216117216117,0.109157509157509,0.229487179487179
190773.411807,2499366.126422,0.0454712137880455,0.305463879721305,0.00055005500550055,0.353502016868353,0.0874587458745875,0.207554088742208
191273.411807,2499366.126422,0.0373626373626374,0.178937728937729,0.000549450549450549,0.205311355311355,0.0957875457875458,0.482051282051282
191773.411807,2499366.126422,0.220879120879121,0.272527472527473,0.00421245421245421,0.296336996336996,0.0195970695970696,0.186446886446886
192273.411807,2499366.126422,0.0088008800880088,0.0144847818115145,0.339383938393839,0.555922258892556,0.0163182984965163,0.0650898423175651
192773.411807,2499366.126422,0.000915750915750916,0.173809523809524,0.331318681318681,0.265750915750916,0.041025641025641,0.187179487179487
193273.411807,2499366.126422,0.0108058608058608,0.608241758241758,0.00567765567765568,0.114102564102564,0.123992673992674,0.137179487179487
193773.411807,2499366.126422,0.00275027502750275,0.398056472313898,0.0568390172350568,0.088008800880088,0.203520352035204,0.250825082508251
194273.411807,2499366.126422,0.126923076923077,0.292490842490843,0.0485347985347985,0.252930402930403,0.0836996336996337,0.195421245421245
194773.411807,2499366.126422,0.0663003663003663,0.150915750915751,0.0104395604395604,0.427838827838828,0.163919413919414,0.180586080586081
195273.411807,2499366.126422,0.0280528052805281,0.300880088008801,0.0135680234690136,0.401906857352402,0.132563256325633,0.123028969563623
195773.411807,2499366.126422,0.0456043956043956,0.293406593406593,0.0144688644688645,0.315384615384615,0.152380952380952,0.178754578754579
196273.411807,2499366.126422,0.0613553113553114,0.323992673992674,0.0269230769230769,0.223443223443223,0.107142857142857,0.257142857142857
196773.411807,2499366.126422,0.0856252291895856,0.759259259259259,0,0.00165016501650165,0.0044004400440044,0.149064906490649
197273.411807,2499366.126422,0.135531135531136,0.204029304029304,0.0111721611721612,0.278205128205128,0.105128205128205,0.265934065934066
197773.411807,2499366.126422,0.0472527472527473,0.194139194139194,0.0164835164835165,0.571794871794872,0.0791208791208791,0.0912087912087912
198273.411807,2499366.126422,0.0496883021635497,0.306563989732307,0.00311697836450312,0.234506784011734,0.183535020168684,0.222588925559223
185773.411807,2498866.126422,0.0856958762886598,0.26965206185567,0,0.547680412371134,0.071520618556701,0.0254510309278351
186273.411807,2498866.126422,0.179219351291919,0.0888766721641928,0,0.454462158695254,0.124610591900312,0.152831225948323
186773.411807,2498866.126422,0.071389245733162,0.149935768030831,0,0.533492383923656,0.104789869700863,0.140392732611488
187273.411807,2498866.126422,0.0564826700898588,0.130386942967174,0,0.49202273977627,0.0797726022373006,0.241335044929397
187773.411807,2498866.126422,0.0896096756459593,0.302913688840022,0,0.397837639728789,0.0839288986622686,0.125710097122961
188273.411807,2498866.126422,0.105340429436594,0.374013580473481,0,0.369976142411452,0.0728574050284456,0.0778124426500275
188773.411807,2498866.126422,0.0836236933797909,0.29616724738676,0,0.459196772418852,0.0878415551072804,0.0731707317073171
189273.411807,2498866.126422,0.087777166941543,0.380612057907275,0.00183250870441635,0.259849734286238,0.0940076965365585,0.175920835623969
189773.411807,2498866.126422,0.112681225913012,0.362451826023124,0.00201871903101487,0.359882547256377,0.0704716461736098,0.0924940356028629
190273.411807,2498866.126422,0.0452961672473868,0.0709701081973226,0.0374105996699065,0.777920410783055,0.0489638730973776,0.0194388410049514
190773.411807,2498866.126422,0.0711013377313542,0.0613890415979476,0.0207073483599047,0.814733369983507,0.0254718709913872,0.00659703133589885
191273.411807,2498866.126422,0.0154156726004772,0.0150486327766563,0.106992108643788,0.810423930996513,0.034868783262984,0.0172508717195816
191773.411807,2498866.126422,0.00843572345497891,0.0097194205024757,0.0876581698147808,0.873830918760315,0.0183385292499542,0.00201723821749496
192273.411807,2498866.126422,0.0251053692505039,0.0859446582371266,0.212571009712296,0.392706615356423,0.0124610591900312,0.271211288253619
192773.411807,2498866.126422,0,0.26573683244632,0.270324830244081,0.314369609102588,0.0311983850247752,0.118370343182235
193273.411807,2498866.126422,0.00458463231248854,0.557491289198606,0,0.0786722904823033,0.156794425087108,0.202457362919494
193773.411807,2498866.126422,0.0276708814366868,0.523364485981308,0.0108118013560564,0.176653839105736,0.116181051859996,0.145317940260216
194273.411807,2498866.126422,0.109010827674803,0.281703064782529,0.00770783630023858,0.291246100201872,0.115250504679758,0.1950816663608
194773.411807,2498866.126422,0.0847240051347882,0.202640748211993,0.0260407115349349,0.450027507793875,0.140289748762149,0.0962772785622593
195273.411807,2498866.126422,0.0580905259299982,0.219351291918637,0.00916254352208173,0.512919186366135,0.103536741799524,0.0969397104636247
195773.411807,2498866.126422,0.0345017434391632,0.32354560469811,0.00917599559552211,0.24059460451459,0.137823453844742,0.254358597907873
196273.411807,2498866.126422,0.0744544287548139,0.242985512561893,0,0.0744544287548139,0.0614340729873464,0.546671556941133
196773.411807,2498866.126422,0.127909107568261,0.355140186915888,0.000549752611324904,0.0764156129741616,0.0835623969213854,0.356422943008979
197273.411807,2498866.126422,0.0679023674068636,0.0849697192145348,0.0165167920719398,0.620480822169205,0.119471462653698,0.0906588364837585
197773.411807,2498866.126422,0.0656519347148359,0.134238034109664,0.00880249403997799,0.607188703465982,0.11204841371722,0.0720704199523198
198273.411807,2498866.126422,0.0760491112332784,0.208722741433022,0.00293201392706615,0.366135239142386,0.193146417445483,0.153014476818765
185773.411807,2498366.126422,0.235824742268041,0.70715206185567,0,0.00869845360824742,0.00869845360824742,0.0396262886597938
186273.411807,2498366.126422,0.207875457875458,0.126739926739927,0,0.302380952380952,0.114102564102564,0.248901098901099
186773.411807,2498366.126422,0.275229357798165,0.284403669724771,0,0.227155963302752,0.0499082568807339,0.163302752293578
187273.411807,2498366.126422,0.209869748669969,0.301596037424326,0,0.232434415703541,0.0755824619335902,0.180517336268575
187773.411807,2498366.126422,0.0793040293040293,0.347985347985348,0,0.145421245421245,0.114468864468864,0.312820512820513
188273.411807,2498366.126422,0.182752293577982,0.373394495412844,0,0.135045871559633,0.115779816513761,0.19302752293578
188773.411807,2498366.126422,0.111722619702807,0.0944780774169877,0.00550357732526142,0.571638231517153,0.0779673454412034,0.138690148596588
189273.411807,2498366.126422,0.0913919413919414,0.33003663003663,0.00677655677655678,0.40970695970696,0.0619047619047619,0.10018315018315
189773.411807,2498366.126422,0.115963302752294,0.389357798165138,0.0102752293577982,0.415779816513761,0.0458715596330275,0.0227522935779817
190273.411807,2498366.126422,0.147312419739497,0.222894881673088,0.00348559897266557,0.407264722069345,0.0889745000917263,0.130067877453678
190773.411807,2498366.126422,0.0857142857142857,0.076007326007326,0.0406593406593407,0.657875457875458,0.0827838827838828,0.056959706959707
191273.411807,2498366.126422,0.0445871559633028,0.044954128440367,0.125688073394495,0.721100917431193,0.0478899082568807,0.0157798165137615
191773.411807,2498366.126422,0.0376077783892864,0.0220143093010457,0.0121078701155751,0.827554577141809,0.0403595670519171,0.0603558980003669
192273.411807,2498366.126422,0.0505494505494506,0.137728937728938,0.0274725274725275,0.483150183150183,0.0677655677655678,0.233333333333333
192773.411807,2498366.126422,0,0.249174311926605,0.178165137614679,0.565137614678899,0.00660550458715596,0.000917431192660551
193273.411807,2498366.126422,0.00165107319757843,0.431847367455513,0.00201797835259585,0.12126215373326,0.195010089891763,0.24821133736929
193773.411807,2498366.126422,0,0.804029304029304,0.0183150183150183,0.0399267399267399,0.0576923076923077,0.08003663003663
194273.411807,2498366.126422,0.0856880733944954,0.496146788990826,0.0244036697247706,0.111926605504587,0.0996330275229358,0.182201834862385
194773.411807,2498366.126422,0.0680609062557329,0.319757842597689,0.0352228948816731,0.304164373509448,0.142359200146762,0.130434782608696
195273.411807,2498366.126422,0.0565934065934066,0.343772893772894,0.032051282051282,0.334432234432234,0.132600732600733,0.100549450549451
195773.411807,2498366.126422,0.0891743119266055,0.363119266055046,0.0511926605504587,0.190825688073395,0.117981651376147,0.187706422018349
196273.411807,2498366.126422,0.0137589433131535,0.387635296275913,0.00091726288754357,0.140341221794166,0.154833975417355,0.302513300311869
196773.411807,2498366.126422,0.0241758241758242,0.367582417582418,0.0172161172161172,0.193040293040293,0.179487179487179,0.218498168498168
197273.411807,2498366.126422,0.0893577981651376,0.0603669724770642,0.00275229357798165,0.636330275229358,0.108807339449541,0.102385321100917
197773.411807,2498366.126422,0.0768666299761512,0.181984956888644,0.00770500825536599,0.496789579893598,0.147862777472023,0.0887910475142176
198273.411807,2498366.126422,0.106227106227106,0.197985347985348,0.00915750915750916,0.341758241758242,0.151098901098901,0.193772893772894
185773.411807,2497866.126422,0.354755784061697,0.568444730077121,0,0.0629820051413882,0.00160668380462725,0.0122107969151671
186273.411807,2497866.126422,0.431426475980931,0.444444444444444,0,0.015951595159516,0.0143014301430143,0.0938760542720939
186773.411807,2497866.126422,0.331135531135531,0.536630036630037,0,0.0032967032967033,0.00714285714285714,0.121794871794872
187273.411807,2497866.126422,0.207326007326007,0.590659340659341,0,0.013003663003663,0.0421245421245421,0.146886446886447
187773.411807,2497866.126422,0.252291895856252,0.405207187385405,0,0.0540887422075541,0.0295196186285295,0.258892555922259
188273.411807,2497866.126422,0.378205128205128,0.359340659340659,0,0.0172161172161172,0.0294871794871795,0.215750915750916
188773.411807,2497866.126422,0.251648351648352,0.212637362637363,0,0.089010989010989,0.0615384615384615,0.385164835164835
189273.411807,2497866.126422,0.0924092409240924,0.167033370003667,0.000183351668500183,0.648514851485149,0.0616061606160616,0.0302530253025303
189773.411807,2497866.126422,0.0635531135531135,0.27051282051282,0,0.533699633699634,0.0957875457875458,0.0364468864468864
190273.411807,2497866.126422,0.105677655677656,0.290842490842491,0.00476190476190476,0.343956043956044,0.0842490842490843,0.170512820512821
190773.411807,2497866.126422,0.0306197286395306,0.0513384671800513,0.149431609827649,0.740557389072241,0.0168683535020169,0.0111844517785112
191273.411807,2497866.126422,0.0206959706959707,0.0124542124542125,0.189194139194139,0.758241758241758,0.0188644688644689,0.000549450549450549
191773.411807,2497866.126422,0.0252747252747253,0.0855311355311355,0.101465201465201,0.678205128205128,0.0247252747252747,0.0847985347985348
192273.411807,2497866.126422,0.0297029702970297,0.369086908690869,0.0232856618995233,0.331683168316832,0.0603226989365603,0.185918591859186
192773.411807,2497866.126422,0.00274725274725275,0.186263736263736,0.506227106227106,0.304761904761905,0,0
193273.411807,2497866.126422,0.0141025641025641,0.395787545787546,0.0424908424908425,0.0923076923076923,0.0534798534798535,0.401831501831502
193773.411807,2497866.126422,0.0185185185185185,0.832233223322332,0.000183351668500183,0.0172350568390172,0.0322698936560323,0.0995599559955996
194273.411807,2497866.126422,0.0684981684981685,0.627838827838828,0.0258241758241758,0.0802197802197802,0.067032967032967,0.130586080586081
194773.411807,2497866.126422,0.0516483516483516,0.616300366300366,0.0454212454212454,0.176556776556777,0.0564102564102564,0.0536630036630037
195273.411807,2497866.126422,0.0881921525485882,0.33993399339934,0.0385038503850385,0.314081408140814,0.107627429409608,0.111661166116612
195773.411807,2497866.126422,0.0175824175824176,0.321062271062271,0.0164835164835165,0.20952380952381,0.165201465201465,0.27014652014652
196273.411807,2497866.126422,0.0106227106227106,0.304212454212454,0.0106227106227106,0.186996336996337,0.219047619047619,0.268498168498168
196773.411807,2497866.126422,0.07004033736707,0.236707004033737,0.000366703337000367,0.238723872387239,0.197103043637697,0.257059039237257
197273.411807,2497866.126422,0.0558608058608059,0.0694139194139194,0.00238095238095238,0.646336996336996,0.11043956043956,0.115567765567766
197773.411807,2497866.126422,0.0926739926739927,0.216300366300366,0.00586080586080586,0.327655677655678,0.14010989010989,0.217399267399267
198273.411807,2497866.126422,0.024019068573524,0.656398973230656,0.00201686835350202,0.102310231023102,0.0713237990465713,0.143931059772644
185773.411807,2497366.126422,0.219072164948454,0.204896907216495,0,0.576030927835051,0,0
186273.411807,2497366.126422,0.31280923584387,0.594099321971779,0,0.00274876305662452,0.000183250870441635,0.0901594282572842
186773.411807,2497366.126422,0.206459900899248,0.0807487612405946,0,0.00844191594788034,0.00844191594788034,0.695907505964397
187273.411807,2497366.126422,0.132404181184669,0.229598386209426,0,0.0119200440124702,0.0256739409499358,0.600403447643499
187773.411807,2497366.126422,0.103903243540407,0.0599230346344145,0,0.0119113065787062,0.00641378046545721,0.817848634781015
188273.411807,2497366.126422,0.0950633143696091,0.0357863828225362,0,0.044411818682327,0.109194347586713,0.715544136538814
188773.411807,2497366.126422,0.262974509444343,0.117366587199707,0,0.158811663304603,0.0586832935998533,0.402163946451495
189273.411807,2497366.126422,0.0855781564962434,0.227964082829393,0,0.484698552318124,0.103353490929082,0.0984057174271578
189773.411807,2497366.126422,0.0767113231785649,0.37364654064966,0,0.397320609286108,0.0965314736648926,0.0557900532207745
190273.411807,2497366.126422,0.0957271226847607,0.18796992481203,0.0165046763249587,0.531267192371172,0.0761048963873097,0.0924261874197689
190773.411807,2497366.126422,0.0458127176104087,0.0875939160711013,0.114531794026022,0.742899028770387,0.00751328568810702,0.00164925783397471
191273.411807,2497366.126422,0.0245916681959993,0.0546889337493118,0.278766746191962,0.60579922921637,0.0220223894292531,0.0141310332171041
191773.411807,2497366.126422,0.0612506876948469,0.114249037227214,0.0429121584448927,0.622042912158445,0.0282413350449294,0.131303869429672
