"x","y","forest","agri","water","built","other","grass"
173273.411807,2571866.126422,0.0467836257309941,0.595191682910981,0,0.0584795321637427,0.0705003248862898,0.229044834307992
173773.411807,2571866.126422,0.0779673454412034,0.528526875802605,0.00201797835259585,0.0952118877270226,0.0656760227481196,0.230599889928453
174273.411807,2571866.126422,0.0271062271062271,0.646703296703297,0,0.0249084249084249,0.0505494505494506,0.250732600732601
174773.411807,2571866.126422,0.044954128440367,0.303302752293578,0.00055045871559633,0.235412844036697,0.177798165137615,0.237981651376147
175273.411807,2571866.126422,0.0363236103467254,0.380297193175564,0,0.173546138323243,0.189323059988993,0.220509998165474
175773.411807,2571866.126422,0.0368131868131868,0.490842490842491,0,0.0580586080586081,0.128754578754579,0.285531135531136
176273.411807,2571866.126422,0.0271559633027523,0.463302752293578,0.00623853211009174,0.195596330275229,0.102752293577982,0.204954128440367
176773.411807,2571866.126422,0.0471473124197395,0.420473307649972,0,0.0787011557512383,0.1326362135388,0.32104201064025
177273.411807,2571866.126422,0.0294871794871795,0.344505494505495,0.017032967032967,0.228388278388278,0.17967032967033,0.200915750915751
177773.411807,2571866.126422,0.0293577981651376,0.320366972477064,0.00330275229357798,0.212110091743119,0.13302752293578,0.301834862385321
178273.411807,2571866.126422,0.0856723536965694,0.197945331131902,0.00605393505778756,0.186387818748853,0.106585947532563,0.417354613832324
178773.411807,2571866.126422,0.056043956043956,0.350549450549451,0.00347985347985348,0.158974358974359,0.125091575091575,0.305860805860806
179273.411807,2571866.126422,0.0499082568807339,0.441834862385321,0.0036697247706422,0.121834862385321,0.137064220183486,0.245688073394495
179773.411807,2571866.126422,0.117409649605577,0.20546688680976,0.00972298660796184,0.211704274445056,0.24674371674922,0.208952485782425
180273.411807,2571866.126422,0.0293040293040293,0.678937728937729,0,0.0774725274725275,0.089010989010989,0.125274725274725
180773.411807,2571866.126422,0.00165137614678899,0.854311926605505,0,0.00036697247706422,0.00770642201834862,0.135963302752294
181273.411807,2571866.126422,0.0240322876536415,0.652724270776004,0,0.00403595670519171,0.0398092093193909,0.279398275545771
181773.411807,2571866.126422,0.00293040293040293,0.858241758241758,0,0,0.000732600732600733,0.138095238095238
182273.411807,2571866.126422,0.0924770642201835,0.121467889908257,0,0.023302752293578,0.0532110091743119,0.70954128440367
182773.411807,2571866.126422,0.0436617134470739,0.523023298477344,0,0.0997982021647404,0.06989543203082,0.263621353880022
183273.411807,2571866.126422,0.00293040293040293,0.672161172161172,0,0.0437728937728938,0.0146520146520147,0.266483516483516
183773.411807,2571866.126422,0.100917431192661,0.235229357798165,0.00605504587155963,0.214862385321101,0.170275229357798,0.272660550458716
184273.411807,2571866.126422,0.430563199412952,0.0627407815079802,0,0.0132085855806274,0.12126215373326,0.372225279765181
184773.411807,2571866.126422,0.337179487179487,0.133699633699634,0,0.0573260073260073,0.0406593406593407,0.431135531135531
185273.411807,2571866.126422,0.120366972477064,0.388807339449541,0.00311926605504587,0.102385321100917,0.0427522935779817,0.34256880733945
185773.411807,2571866.126422,0.381077038145101,0.0774121166791324,0,0.0899401645474944,0.0544128646222887,0.397157816005984
173273.411807,2571366.126422,0.0670553935860058,0.428895367670878,0.00550696469063816,0.112082928409459,0.0447035957240039,0.341755749919015
173773.411807,2571366.126422,0.0573260073260073,0.535897435897436,0,0.0818681318681319,0.0481684981684982,0.276739926739927
174273.411807,2571366.126422,0.123028969563623,0.397689768976898,0,0.0889255592225889,0.105977264393106,0.284378437843784
174773.411807,2571366.126422,0.065018315018315,0.463553113553114,0,0.206043956043956,0.0950549450549451,0.17032967032967
175273.411807,2571366.126422,0.0531135531135531,0.386813186813187,0.00128205128205128,0.172161172161172,0.154761904761905,0.231868131868132
175773.411807,2571366.126422,0.0883755042170884,0.253575357535754,0,0.138430509717638,0.153098643197653,0.366519985331867
176273.411807,2571366.126422,0.105311355311355,0.36959706959707,0,0.0901098901098901,0.126739926739927,0.308241758241758
176773.411807,2571366.126422,0.0388278388278388,0.485714285714286,0.000915750915750916,0.067032967032967,0.0985347985347985,0.308974358974359
177273.411807,2571366.126422,0.0363036303630363,0.27026035936927,0.000916758342500917,0.201686835350202,0.163549688302164,0.327282728272827
177773.411807,2571366.126422,0.0619047619047619,0.281868131868132,0.00531135531135531,0.234798534798535,0.135714285714286,0.28040293040293
178273.411807,2571366.126422,0.0298534798534799,0.47948717948718,0.00512820512820513,0.0950549450549451,0.0802197802197802,0.31025641025641
178773.411807,2571366.126422,0.0698569856985699,0.451411807847451,0,0.0731573157315732,0.0903923725705904,0.315181518151815
179273.411807,2571366.126422,0.0641025641025641,0.589010989010989,0.0106227106227106,0.117216117216117,0.0765567765567766,0.142490842490842
179773.411807,2571366.126422,0.134065934065934,0.378937728937729,0.000183150183150183,0.123809523809524,0.122161172161172,0.240842490842491
180273.411807,2571366.126422,0.0977264393105977,0.348918225155849,0,0.176384305097176,0.178401173450678,0.198569856985699
180773.411807,2571366.126422,0.0582417582417582,0.560622710622711,0,0.0778388278388278,0.0923076923076923,0.210989010989011
181273.411807,2571366.126422,0.0368131868131868,0.663186813186813,0,0.0571428571428571,0.0446886446886447,0.198168498168498
181773.411807,2571366.126422,0.0302530253025303,0.887788778877888,0,0,0.00605060506050605,0.0759075907590759
182273.411807,2571366.126422,0.0736263736263736,0.56996336996337,0,0.0582417582417582,0.0311355311355311,0.267032967032967
182773.411807,2571366.126422,0.0106227106227106,0.668131868131868,0,0.00128205128205128,0.0131868131868132,0.306776556776557
183273.411807,2571366.126422,0.0319031903190319,0.539420608727539,0.0152181884855152,0.026952695269527,0.0469380271360469,0.33956729006234
183773.411807,2571366.126422,0.0734432234432234,0.216483516483516,0.084981684981685,0.145970695970696,0.153113553113553,0.326007326007326
184273.411807,2571366.126422,0.0278388278388278,0.530586080586081,0,0.0340659340659341,0.0368131868131868,0.370695970695971
184773.411807,2571366.126422,0.0628896222955629,0.361386138613861,0.000366703337000367,0.116795012834617,0.15016501650165,0.308397506417308
185273.411807,2571366.126422,0.303846153846154,0.0375457875457875,0.0232600732600733,0.11007326007326,0.0838827838827839,0.441391941391941
185773.411807,2571366.126422,0.306198655713219,0.109596713965646,0,0.0266990291262136,0.0225914861837192,0.534914115011202
173273.411807,2570866.126422,0.0220779220779221,0.816883116883117,0,0,0.00292207792207792,0.158116883116883
173773.411807,2570866.126422,0.0377773702549056,0.618925362185953,0,0.0748211993398129,0.112415184302219,0.15606088391711
174273.411807,2570866.126422,0.0608392889866227,0.148066703316841,0.0109950522264981,0.548836356972696,0.129741616272677,0.101520982224666
174773.411807,2570866.126422,0.0515690952468343,0.108460267939071,0.0194531106625069,0.624518260231235,0.102771150669848,0.0932281152505047
175273.411807,2570866.126422,0.0944434256372639,0.186136071887035,0.00953603520997616,0.327159361819182,0.216761415734458,0.165963689712085
175773.411807,2570866.126422,0.0775151181968114,0.458310426974528,0,0.108301264431006,0.115081546637347,0.240791643760308
176273.411807,2570866.126422,0.0291796659937603,0.579922921636998,0,0.0482657368324463,0.0532207744540283,0.289410901082767
176773.411807,2570866.126422,0.0110031175499725,0.56390977443609,0,0.0357601320374106,0.0988446726572529,0.290482303319274
177273.411807,2570866.126422,0.0375664284405351,0.318856514568444,0,0.0271211288253619,0.100787978742899,0.51566794942276
177773.411807,2570866.126422,0.0574417324279684,0.477702330702881,0,0.00256927876674619,0.0370710222059093,0.425215635896495
178273.411807,2570866.126422,0.0761048963873097,0.319090408949202,0.00201723821749496,0.114615807812213,0.0838070786722905,0.404364569961489
178773.411807,2570866.126422,0.115814550119113,0.177020340846619,0.00604727872457394,0.24665567161444,0.139820414146967,0.314641744548287
179273.411807,2570866.126422,0.10772618829143,0.193613507065517,0.0034868783262984,0.233253808038172,0.157093044595339,0.304826573683245
179773.411807,2570866.126422,0.057582981844856,0.359618558591601,0.000183385292499542,0.130386942967174,0.139372822299652,0.312855309004218
180273.411807,2570866.126422,0.0355506688656771,0.370899761773868,0.000183250870441635,0.103536741799524,0.0883269195528679,0.401502657137621
180773.411807,2570866.126422,0.0407414204441182,0.38172141677372,0,0.198568544687099,0.187740869884382,0.191227748210681
181273.411807,2570866.126422,0.0421786172748946,0.392994681826518,0,0.148542086924629,0.218962039244453,0.197322574729507
181773.411807,2570866.126422,0.0564412680960235,0.588235294117647,0,0.00219901044529962,0.0247388675096207,0.328385559831409
182273.411807,2570866.126422,0.00972655533125344,0.689851348871353,0,0.00330335841438796,0.00422095797394017,0.292897779409066
182773.411807,2570866.126422,0.00605171465248487,0.605905006418485,0,0.0124701998899688,0.0564826700898588,0.319090408949202
183273.411807,2570866.126422,0.0172255818215137,0.56276342312626,0.000366501740883269,0.047645226314825,0.0773318673263698,0.294667399670148
183773.411807,2570866.126422,0.0537713341897596,0.530739585244999,0.0179849513672233,0.0499174160396403,0.130115617544504,0.217471095613874
184273.411807,2570866.126422,0.0662020905923345,0.320924261874198,0,0.0313588850174216,0.11204841371722,0.469466348798826
184773.411807,2570866.126422,0.111966281839839,0.323621037199927,0.000549752611324904,0.149349459409932,0.100971229613341,0.313542239325637
185273.411807,2570866.126422,0.16993943842907,0.0601945311066251,0.00752431638832813,0.159845843273995,0.0691870067902367,0.533308864011745
185773.411807,2570866.126422,0.301177790241167,0.0128996074032529,0.00112170499158721,0.175920732847261,0.134604598990466,0.374275565526267
173273.411807,2570366.126422,0.0269655620532814,0.32488628979857,0,0.189083820662768,0.126705653021442,0.332358674463938
173773.411807,2570366.126422,0.0352228948816731,0.22968262704091,0.00330214639515685,0.44799119427628,0.165107319757843,0.118693817648138
174273.411807,2570366.126422,0.0346153846153846,0.0316849816849817,0.0360805860805861,0.754578754578755,0.110805860805861,0.0322344322344322
174773.411807,2570366.126422,0.0398165137614679,0.0414678899082569,0.00807339449541284,0.742935779816514,0.130091743119266,0.0376146788990826
175273.411807,2570366.126422,0.0809025866813429,0.264171711612548,0,0.289304714731242,0.18253531462117,0.183085672353697
175773.411807,2570366.126422,0.039010989010989,0.508791208791209,0,0.0598901098901099,0.0853479853479854,0.306959706959707
176273.411807,2570366.126422,0.0379816513761468,0.516330275229358,0,0.0776146788990826,0.106605504587156,0.261467889908257
176773.411807,2570366.126422,0.0293524124013942,0.434782608695652,0,0.164556962025316,0.181801504311136,0.189506512566502
177273.411807,2570366.126422,0.0163003663003663,0.442307692307692,0,0.0932234432234432,0.139377289377289,0.308791208791209
177773.411807,2570366.126422,0.0185321100917431,0.667889908256881,0.0324770642201835,0.0735779816513761,0.0515596330275229,0.155963302752294
178273.411807,2570366.126422,0.0210970464135021,0.31663914878004,0.158686479545038,0.301596037424326,0.136672170243992,0.0653091175931022
178773.411807,2570366.126422,0.0283882783882784,0.293406593406593,0.0804029304029304,0.211721611721612,0.181135531135531,0.204945054945055
179273.411807,2570366.126422,0.0170642201834862,0.521834862385321,0,0.190825688073395,0.0955963302752294,0.174678899082569
179773.411807,2570366.126422,0.103100348559897,0.44358833241607,0,0.0887910475142176,0.160337552742616,0.204182718767199
180273.411807,2570366.126422,0.0673992673992674,0.16025641025641,0.0010989010989011,0.310989010989011,0.213369963369963,0.246886446886447
180773.411807,2570366.126422,0.00880733944954129,0.326788990825688,0,0.0677064220183486,0.146605504587156,0.450091743119266
181273.411807,2570366.126422,0.0403595670519171,0.45221060355898,0,0.0253164556962025,0.127316088791048,0.354797284901853
181773.411807,2570366.126422,0.0582417582417582,0.688827838827839,0,0.0716117216117216,0.104029304029304,0.0772893772893773
182273.411807,2570366.126422,0.0744954128440367,0.323119266055046,0,0.125688073394495,0.177981651376147,0.298715596330275
182773.411807,2570366.126422,0.0328380113740598,0.28526875802605,0,0.267657310585214,0.219042377545405,0.195193542469272
183273.411807,2570366.126422,0.0249084249084249,0.145054945054945,0.000915750915750916,0.425091575091575,0.201648351648352,0.202380952380952
183773.411807,2570366.126422,0.0429357798165138,0.165137614678899,0.00018348623853211,0.374128440366972,0.178348623853211,0.239266055045872
184273.411807,2570366.126422,0.0409099247844432,0.235002751788663,0.00238488350761328,0.169326729040543,0.237571087873785,0.314804623004953
184773.411807,2570366.126422,0.383516483516484,0.0532967032967033,0,0.0804029304029304,0.0635531135531135,0.419230769230769
185273.411807,2570366.126422,0.159816513761468,0.151009174311927,0.00018348623853211,0.130091743119266,0.0697247706422018,0.489174311926605
185773.411807,2570366.126422,0.699139865370232,0.00523560209424084,0,0.0215033657442034,0.0246821241585639,0.24943904263276
173273.411807,2569866.126422,0.0459993521218011,0.492063492063492,0,0.146420472951085,0.167800453514739,0.147716229348882
173773.411807,2569866.126422,0.0377289377289377,0.662087912087912,0,0.0857142857142857,0.0813186813186813,0.133150183150183
174273.411807,2569866.126422,0.0643564356435644,0.162449578291162,0.000733406674000733,0.487165383204987,0.204253758709204,0.081041437477081
174773.411807,2569866.126422,0.0461538461538462,0.246520146520147,0.000915750915750916,0.431318681318681,0.134798534798535,0.14029304029304
175273.411807,2569866.126422,0.021978021978022,0.419047619047619,0.00201465201465201,0.156776556776557,0.147802197802198,0.252380952380952
175773.411807,2569866.126422,0.0333700036670334,0.455812247891456,0.0148514851485149,0.229006233956729,0.094976164283095,0.171983865053172
176273.411807,2569866.126422,0.0177655677655678,0.325091575091575,0,0.0972527472527473,0.10970695970696,0.45018315018315
176773.411807,2569866.126422,0.0346153846153846,0.274908424908425,0,0.186813186813187,0.209340659340659,0.294322344322344
177273.411807,2569866.126422,0.0188852218555189,0.31041437477081,0.00128346167950128,0.122662266226623,0.22020535386872,0.326549321598827
177773.411807,2569866.126422,0.0324175824175824,0.494688644688645,0.00146520146520147,0.114285714285714,0.0615384615384615,0.295604395604396
178273.411807,2569866.126422,0.0296703296703297,0.386080586080586,0.0562271062271062,0.326007326007326,0.122893772893773,0.0791208791208791
178773.411807,2569866.126422,0.0353868720205354,0.32031536486982,0.0308030803080308,0.338650531719839,0.142830949761643,0.132013201320132
179273.411807,2569866.126422,0.0652014652014652,0.589194139194139,0.00311355311355311,0.122344322344322,0.0921245421245421,0.128021978021978
179773.411807,2569866.126422,0.108791208791209,0.353113553113553,0.00183150183150183,0.22985347985348,0.141208791208791,0.165201465201465
180273.411807,2569866.126422,0.0566556655665567,0.15969930326366,0,0.249358269160249,0.10964429776311,0.424642464246425
180773.411807,2569866.126422,0.0463369963369963,0.504395604395604,0,0.0415750915750916,0.0860805860805861,0.321611721611722
181273.411807,2569866.126422,0.0133699633699634,0.55952380952381,0,0.121245421245421,0.0494505494505494,0.256410256410256
181773.411807,2569866.126422,0.0214521452145215,0.618261826182618,0.00733406674000733,0.0553722038870554,0.0661899523285662,0.231389805647231
182273.411807,2569866.126422,0.0192307692307692,0.534249084249084,0,0.0613553113553114,0.0706959706959707,0.314468864468864
182773.411807,2569866.126422,0.0382783882783883,0.301648351648352,0.000366300366300366,0.338461538461538,0.190659340659341,0.130586080586081
183273.411807,2569866.126422,0.0542720938760543,0.0955262192885955,0.00275027502750275,0.643381004767143,0.134213421342134,0.0698569856985699
183773.411807,2569866.126422,0.0478021978021978,0.0708791208791209,0.00347985347985348,0.824358974358974,0.0404761904761905,0.013003663003663
184273.411807,2569866.126422,0.0399267399267399,0.218498168498168,0,0.358241758241758,0.186263736263736,0.197069597069597
184773.411807,2569866.126422,0.0962596259625963,0.222038870553722,0.0124679134580125,0.204437110377704,0.152548588192153,0.312247891455812
185273.411807,2569866.126422,0.47967032967033,0.0391941391941392,0,0.0761904761904762,0.0597069597069597,0.345238095238095
185773.411807,2569866.126422,0.586258401792382,0.0184839432412248,0.0130694548170276,0.11277072442121,0.0802837938760269,0.189133681852128
173273.411807,2569366.126422,0.0155844155844156,0.793181818181818,0,0.0207792207792208,0.0412337662337662,0.129220779220779
173773.411807,2569366.126422,0.0183385292499542,0.809646066385476,0,0.0218228498074454,0.0346598202824134,0.115532734274711
174273.411807,2569366.126422,0.0199743448781382,0.650357339197361,0,0.101154480483782,0.0674363203225215,0.161077515118197
174773.411807,2569366.126422,0.0528537346302074,0.296935217471096,0.00256927876674619,0.1616810423931,0.144797210497339,0.341163516241512
175273.411807,2569366.126422,0.0656519347148359,0.203557674674491,0.0192554557124519,0.176966807262058,0.187052998349532,0.347515129286631
175773.411807,2569366.126422,0.0166758292101887,0.147150448964633,0.036100421477002,0.374931280923584,0.174454828660436,0.250687190764156
176273.411807,2569366.126422,0.0311983850247752,0.242062763809873,0,0.114149385208295,0.141677371994861,0.470912093962195
176773.411807,2569366.126422,0.0207225380524482,0.467265725288832,0,0.120850907757198,0.177883733724555,0.213277095176967
177273.411807,2569366.126422,0.0388491845336265,0.399853399303647,0.00329851566794942,0.130474619754444,0.0870441634597764,0.340480117280557
177773.411807,2569366.126422,0.0354193429987154,0.415672600477152,0.00880895577170123,0.211965498256561,0.0752431638832813,0.252890438612589
178273.411807,2569366.126422,0.0487804878048781,0.322391344214194,0.0306253438474234,0.267559141756831,0.150926095727123,0.179717586649551
178773.411807,2569366.126422,0.021073850100788,0.152281473336998,0.208356239692139,0.353674179952355,0.12552684625252,0.139087410665201
179273.411807,2569366.126422,0.0693705267021472,0.120022022389429,0.0200036703982382,0.415672600477152,0.129748577720683,0.245182602312351
179773.411807,2569366.126422,0.0188886851274528,0.400146708234,0,0.287364753346782,0.0746378140473134,0.218962039244453
180273.411807,2569366.126422,0.118013560564413,0.522997984240425,0,0.22191680410482,0.0445299615173172,0.0925416895730255
180773.411807,2569366.126422,0.036520462470178,0.825472563773169,0,0.0350523031748945,0.0141310332171041,0.0888236373646541
181273.411807,2569366.126422,0.0695030258573262,0.678342196955804,0,0.055198973042362,0.0240234733174399,0.172932330827068
181773.411807,2569366.126422,0.0274876305662452,0.291735385743082,0.10207073483599,0.258200476452263,0.0995052226498076,0.221000549752611
182273.411807,2569366.126422,0.0717562855569829,0.139658652963847,0.0389062213250138,0.241695723986052,0.187006790236741,0.320976325931364
182773.411807,2569366.126422,0.108564093159729,0.113882266642215,0.000183385292499542,0.353016688061617,0.1998899688245,0.224463598019439
183273.411807,2569366.126422,0.0606560381161811,0.0791643760307861,0.00678028220634048,0.606010628550486,0.188198643943559,0.059190031152648
183773.411807,2569366.126422,0.0877225178931914,0.254542117819783,0.000734079647641769,0.480455129381538,0.0787300422095797,0.0978161130482657
184273.411807,2569366.126422,0.0269576379974326,0.637263891435907,0,0.0515312671923712,0.0729873464148175,0.211259856959472
184773.411807,2569366.126422,0.19956019791094,0.39343961883819,0.00329851566794942,0.0765988638446033,0.0690855781564962,0.258017225581821
185273.411807,2569366.126422,0.707285740502845,0.0104606349788952,0,0.0328500642319692,0.0322995044962378,0.217104055790053
185773.411807,2569366.126422,0.779958870816975,0.0372032155543092,0.0469246588147317,0.0396335763694148,0.0108431482520097,0.0854365301925594
173273.411807,2568866.126422,0.0103963612735543,0.912930474333983,0,0,0.00259909031838856,0.0740740740740741
173773.411807,2568866.126422,0.0278847917813245,0.588515868647954,0,0.0559530361401578,0.121629058888277,0.206017244542286
174273.411807,2568866.126422,0.0122710622710623,0.601831501831502,0.0120879120879121,0.0864468864468864,0.0666666666666667,0.220695970695971
174773.411807,2568866.126422,0.0322935779816514,0.270275229357798,0,0.253761467889908,0.144587155963303,0.299082568807339
175273.411807,2568866.126422,0.0201797835259585,0.314254265272427,0,0.180150431113557,0.179416620803522,0.305998899284535
175773.411807,2568866.126422,0.0472527472527473,0.551831501831502,0,0.0357142857142857,0.0686813186813187,0.296520146520147
176273.411807,2568866.126422,0.0374311926605505,0.447706422018349,0,0.128807339449541,0.105321100917431,0.280733944954128
176773.411807,2568866.126422,0.0190790680609063,0.455879655109154,0,0.123463584663365,0.104934874334984,0.296642817831591
177273.411807,2568866.126422,0.0404761904761905,0.413369963369963,0.00164835164835165,0.0963369963369963,0.111721611721612,0.336446886446886
177773.411807,2568866.126422,0.0658715596330275,0.312293577981651,0.018348623853211,0.191559633027523,0.121467889908257,0.29045871559633
178273.411807,2568866.126422,0.0676940011007155,0.16400660429279,0.0346725371491469,0.405797101449275,0.108237020730141,0.219592735277931
178773.411807,2568866.126422,0.149267399267399,0.117216117216117,0.00512820512820513,0.401098901098901,0.102930402930403,0.224358974358974
179273.411807,2568866.126422,0.0739449541284404,0.40256880733945,0,0.0440366972477064,0.0979816513761468,0.381467889908257
179773.411807,2568866.126422,0.0783342505962209,0.450926435516419,0,0.0704457897633462,0.0438451660245826,0.356448358099431
180273.411807,2568866.126422,0.0327838827838828,0.787179487179487,0,0.0758241758241758,0.0296703296703297,0.0745421245421245
180773.411807,2568866.126422,0.137981651376147,0.326238532110092,0,0.217064220183486,0.121834862385321,0.196880733944954
181273.411807,2568866.126422,0.0669601907906806,0.237387635296276,0,0.277747202348193,0.248945147679325,0.168959823885526
181773.411807,2568866.126422,0.0375457875457875,0.528571428571429,0,0.0278388278388278,0.124725274725275,0.281318681318681
182273.411807,2568866.126422,0.0889908256880734,0.243669724770642,0,0.160733944954128,0.128990825688073,0.377614678899083
182773.411807,2568866.126422,0.0691616217207852,0.152449091909741,0.0225646670335718,0.283434232250963,0.213171895065126,0.259218492019813
183273.411807,2568866.126422,0.0619047619047619,0.177472527472527,0,0.295054945054945,0.201465201465201,0.264102564102564
183773.411807,2568866.126422,0.0427522935779817,0.545504587155963,0,0.102201834862385,0.130642201834862,0.178899082568807
184273.411807,2568866.126422,0.125298110438452,0.443955237571088,0.000550357732526142,0.113190240322877,0.0722803155384333,0.244725738396624
184773.411807,2568866.126422,0.15989010989011,0.787912087912088,0,0.00128205128205128,0.000915750915750916,0.05
185273.411807,2568866.126422,0.880550458715596,0.0469724770642202,0,0.0245871559633028,0.0036697247706422,0.0442201834862385
185773.411807,2568866.126422,0.680628272251309,0.0407629020194465,0.207554225878833,0.00392670157068063,0.00579655946148093,0.0613313388182498
173273.411807,2568366.126422,0.018140589569161,0.309685779073534,0.221250404923874,0.217363135730483,0.117913832199546,0.115646258503401
173773.411807,2568366.126422,0.0276556776556777,0.550915750915751,0.0021978021978022,0.127289377289377,0.106227106227106,0.185714285714286
174273.411807,2568366.126422,0.0122845617895123,0.351301796846351,0.0146681334800147,0.081958195819582,0.134396773010634,0.405390539053905
174773.411807,2568366.126422,0.0302197802197802,0.458608058608059,0,0.0833333333333333,0.127655677655678,0.30018315018315
175273.411807,2568366.126422,0.05,0.433516483516484,0.000183150183150183,0.222893772893773,0.130769230769231,0.162637362637363
175773.411807,2568366.126422,0.0568390172350568,0.108910891089109,0.000366703337000367,0.56032269893656,0.193436010267693,0.0801246791345801
176273.411807,2568366.126422,0.0683150183150183,0.118131868131868,0.000915750915750916,0.517765567765568,0.168681318681319,0.126190476190476
176773.411807,2568366.126422,0.060989010989011,0.316300366300366,0,0.145421245421245,0.101831501831502,0.375457875457875
177273.411807,2568366.126422,0.0689402273560689,0.374037403740374,0,0.0557389072240557,0.0584891822515585,0.442794279427943
177773.411807,2568366.126422,0.0549450549450549,0.257875457875458,0.0492673992673993,0.252747252747253,0.103663003663004,0.281501831501832
178273.411807,2568366.126422,0.10989010989011,0.425824175824176,0.000183150183150183,0.164285714285714,0.0728937728937729,0.226923076923077
178773.411807,2568366.126422,0.0467546754675468,0.321415474880821,0.00476714338100477,0.156582324899157,0.0669233590025669,0.403557022368904
179273.411807,2568366.126422,0.017032967032967,0.606043956043956,0,0.0891941391941392,0.0587912087912088,0.228937728937729
179773.411807,2568366.126422,0.0412087912087912,0.357326007326007,0.0227106227106227,0.116300366300366,0.111172161172161,0.351282051282051
180273.411807,2568366.126422,0.0617895122845618,0.391455812247891,0.0278694536120279,0.244041070773744,0.0988265493215988,0.176017601760176
180773.411807,2568366.126422,0.198168498168498,0.184249084249084,0.00146520146520147,0.424725274725275,0.0769230769230769,0.114468864468864
181273.411807,2568366.126422,0.0578754578754579,0.0567765567765568,0,0.493406593406593,0.22967032967033,0.162271062271062
181773.411807,2568366.126422,0.0137513751375138,0.658782544921159,0,0.106894022735607,0.0616061606160616,0.158965896589659
182273.411807,2568366.126422,0.0247252747252747,0.705494505494506,0,0.000549450549450549,0.00384615384615385,0.265384615384615
182773.411807,2568366.126422,0.0183150183150183,0.82948717948718,0.000366300366300366,0.010989010989011,0.0355311355311355,0.105311355311355
183273.411807,2568366.126422,0.0617895122845618,0.397323065639897,0.00733406674000733,0.156215621562156,0.124495782911624,0.252841950861753
183773.411807,2568366.126422,0.0272893772893773,0.527838827838828,0,0.129304029304029,0.111721611721612,0.203846153846154
184273.411807,2568366.126422,0.0826007326007326,0.336630036630037,0,0.245970695970696,0.082967032967033,0.251831501831502
184773.411807,2568366.126422,0.392372570590392,0.0044004400440044,0,0.23982398239824,0.1004767143381,0.262926292629263
185273.411807,2568366.126422,0.873260073260073,0.000732600732600733,0,0.00494505494505494,0.0133699633699634,0.107692307692308
185773.411807,2568366.126422,0.544809559372666,0.0407020164301718,0.346900672143391,0.00597460791635549,0.0160567587752054,0.0455563853622106
173273.411807,2567866.126422,0.0532467532467532,0.719155844155844,0.00681818181818182,0.15974025974026,0.025974025974026,0.0350649350649351
173773.411807,2567866.126422,0.0192554557124519,0.435723454978911,0,0.0962772785622593,0.149642398679626,0.299101412066752
174273.411807,2567866.126422,0.0157595748579806,0.525563496426608,0,0.0309693971046362,0.120945574491479,0.306761957119296
174773.411807,2567866.126422,0.0282620664342081,0.338410717562856,0.0012846393833731,0.242062763809873,0.17838135437695,0.21159845843274
175273.411807,2567866.126422,0.100311754997249,0.419035393361452,0.000550155877498625,0.133321107647167,0.137355584082157,0.209426004034476
175773.411807,2567866.126422,0.0760491112332784,0.206523730987722,0.00311526479750779,0.280740333516584,0.189664650907092,0.243906908557816
176273.411807,2567866.126422,0.0471646173609837,0.305377133418976,0,0.12864745824922,0.155257845476234,0.363552945494586
176773.411807,2567866.126422,0.0240234733174399,0.417568311021456,0,0.070419952319824,0.145424536952136,0.342563726389144
177273.411807,2567866.126422,0.0507604911123328,0.256367967747847,0.0883269195528679,0.13560564412681,0.101154480483782,0.367784496976361
177773.411807,2567866.126422,0.0464305377133419,0.436960910258763,0.109010827674803,0.131033217104056,0.0412919801798495,0.235272527069187
178273.411807,2567866.126422,0.0995782138272511,0.35191637630662,0.010819732257473,0.133137722354667,0.0924261874197689,0.31212176783422
178773.411807,2567866.126422,0.171156312992487,0.138537658053876,0.00219901044529962,0.191497159611508,0.14238592633315,0.35422393256368
179273.411807,2567866.126422,0.135621214901817,0.280785465222977,0.00311983850247752,0.198568544687099,0.119104422829877,0.262800513855753
179773.411807,2567866.126422,0.0458463231248854,0.666238767650834,0.00201723821749496,0.0555657436273611,0.0485971025123785,0.181734824867046
180273.411807,2567866.126422,0.0963899578522998,0.387025838372732,0.00183250870441635,0.42935678944475,0.0104452996151732,0.0749496060106286
180773.411807,2567866.126422,0.0976325931363553,0.259497155441365,0.00807487612405946,0.587263718113415,0.00807487612405946,0.0394567810607451
181273.411807,2567866.126422,0.0476801760498808,0.0586832935998533,0.00183385292499542,0.607738859343481,0.107097010819732,0.176966807262058
181773.411807,2567866.126422,0.0194245922668133,0.634231262598497,0.000733003481766538,0.0712845886017959,0.0474619754443834,0.226864577606744
182273.411807,2567866.126422,0.0102771150669848,0.75096347953753,0,0.012846393833731,0.0671682877592219,0.158744723802533
182773.411807,2567866.126422,0.0370438290849074,0.427654502108931,0,0.0234733174399413,0.0709701081973226,0.440858243168898
183273.411807,2567866.126422,0.155213487264065,0.120945574491479,0.00238226131574125,0.294667399670148,0.112332783580722,0.314458493677845
183773.411807,2567866.126422,0.0379886217654616,0.219306294732979,0.00440447788585061,0.258212516057992,0.194531106625069,0.285556982932648
184273.411807,2567866.126422,0.0773885934348065,0.277461947551806,0,0.17990097194205,0.181734824867046,0.283513662204291
184773.411807,2567866.126422,0.11434854315558,0.0634048011728056,0,0.180318856514568,0.162726772952172,0.479201026204874
185273.411807,2567866.126422,0.598091392916131,0,0,0.0532207744540283,0.028629106258029,0.320058726371811
185773.411807,2567866.126422,0.484389605533745,0.0458029538231445,0.256496541409609,0.146382501402131,0.0130865582351841,0.0538418395961862
173273.411807,2567366.126422,0.0133203378817414,0.464912280701754,0.00812215724496426,0.0906432748538012,0.148473034437947,0.274528914879792
173773.411807,2567366.126422,0.0447624289121262,0.339937626123647,0,0.143093010456797,0.193909374426711,0.278297560080719
174273.411807,2567366.126422,0.0282051282051282,0.495421245421245,0,0.0815018315018315,0.174542124542125,0.22032967032967
174773.411807,2567366.126422,0.0409174311926606,0.333394495412844,0,0.252293577981651,0.191926605504587,0.181467889908257
175273.411807,2567366.126422,0.0354063474591818,0.491652907723354,0,0.0497156485048615,0.08273711245643,0.340487983856173
175773.411807,2567366.126422,0.0175824175824176,0.7503663003663,0,0.0122710622710623,0.0315018315018315,0.188278388278388
176273.411807,2567366.126422,0.0339449541284404,0.432293577981651,0,0.0411009174311927,0.0442201834862385,0.448440366972477
176773.411807,2567366.126422,0.0133920381581361,0.501742799486333,0,0.0108237020730141,0.0620069711979453,0.412034489084572
177273.411807,2567366.126422,0.0684981684981685,0.176556776556777,0.0021978021978022,0.0983516483516483,0.14047619047619,0.513919413919414
177773.411807,2567366.126422,0.141467889908257,0.41743119266055,0.00293577981651376,0.0411009174311927,0.0699082568807339,0.327155963302752
178273.411807,2567366.126422,0.0631076866629976,0.276279581728123,0.128049899101082,0.167859108420473,0.0502660062373876,0.314437717849936
178773.411807,2567366.126422,0.0697802197802198,0.161721611721612,0.041025641025641,0.341208791208791,0.116117216117216,0.27014652014652
179273.411807,2567366.126422,0.119266055045872,0.27743119266055,0.0229357798165138,0.0871559633027523,0.0524770642201835,0.440733944954128
179773.411807,2567366.126422,0.0220143093010457,0.771601541001651,0.00458631443771785,0.0579710144927536,0.0425609979820216,0.10126582278481
180273.411807,2567366.126422,0.0335164835164835,0.317216117216117,0.0111721611721612,0.477289377289377,0.032967032967033,0.127838827838828
180773.411807,2567366.126422,0.0341284403669725,0.0539449541284404,0.0741284403669725,0.811009174311927,0.0242201834862385,0.00256880733944954
181273.411807,2567366.126422,0.0964960557695836,0.0816363969913777,0.00311869381764814,0.811227297743533,0.0066042927903137,0.00091726288754357
181773.411807,2567366.126422,0.119047619047619,0.819047619047619,0,0.0613553113553114,0,0.000549450549450549
182273.411807,2567366.126422,0.182935779816514,0.330642201834862,0,0.044954128440367,0.0460550458715596,0.395412844036697
182773.411807,2567366.126422,0.091726288754357,0.175013758943313,0,0.0821867547239039,0.0735644835809943,0.577508713997432
183273.411807,2567366.126422,0.058974358974359,0.108791208791209,0,0.252014652014652,0.119230769230769,0.460989010989011
183773.411807,2567366.126422,0.0394495412844037,0.293577981651376,0.0073394495412844,0.0706422018348624,0.0899082568807339,0.499082568807339
184273.411807,2567366.126422,0.0258668134287287,0.268024215740231,0.000366905155017428,0.136305265088975,0.0777838928636947,0.491652907723354
184773.411807,2567366.126422,0.163919413919414,0.0957875457875458,0.00531135531135531,0.204029304029304,0.176190476190476,0.354761904761905
185273.411807,2567366.126422,0.279082568807339,0.0115596330275229,0.0587155963302752,0.175412844036697,0.0928440366972477,0.382385321100917
185773.411807,2567366.126422,0.167913238593867,0.0198204936424832,0.674270755422588,0.087322363500374,0.0190725504861631,0.0316005983545251
173273.411807,2566866.126422,0.036281179138322,0.256559766763848,0,0.0612244897959184,0.167800453514739,0.478134110787172
173773.411807,2566866.126422,0.116117216117216,0.158608058608059,0,0.0972527472527473,0.29029304029304,0.337728937728938
174273.411807,2566866.126422,0.122662266226623,0.203520352035204,0,0.116795012834617,0.212137880454712,0.344884488448845
174773.411807,2566866.126422,0.120879120879121,0.34010989010989,0,0.0641025641025641,0.114835164835165,0.36007326007326
175273.411807,2566866.126422,0.0899267399267399,0.308974358974359,0,0.0708791208791209,0.152380952380952,0.377838827838828
175773.411807,2566866.126422,0.0320865419875321,0.618628529519619,0,0.0099009900990099,0.0273193986065273,0.312064539787312
176273.411807,2566866.126422,0.0542124542124542,0.44981684981685,0,0.00347985347985348,0.0296703296703297,0.462820512820513
176773.411807,2566866.126422,0.0435897435897436,0.391391941391941,0,0.0238095238095238,0.0950549450549451,0.446153846153846
177273.411807,2566866.126422,0.0632563256325633,0.275027502750275,0,0.048038137147048,0.152731939860653,0.460946094609461
177773.411807,2566866.126422,0.0692307692307692,0.093956043956044,0.0847985347985348,0.00879120879120879,0.019047619047619,0.724175824175824
178273.411807,2566866.126422,0.0413919413919414,0.157692307692308,0.18021978021978,0.0631868131868132,0.0558608058608059,0.501648351648352
178773.411807,2566866.126422,0.033003300330033,0.225339200586725,0,0.0352035203520352,0.0507884121745508,0.655665566556656
179273.411807,2566866.126422,0.0294871794871795,0.473626373626374,0.00164835164835165,0.00641025641025641,0.0221611721611722,0.466666666666667
179773.411807,2566866.126422,0.0787545787545788,0.286813186813187,0.000366300366300366,0.320879120879121,0.117216117216117,0.195970695970696
180273.411807,2566866.126422,0.253392005867253,0.0452878621195453,0.00586725339200587,0.235056839017235,0.14008067473414,0.32031536486982
180773.411807,2566866.126422,0.0805860805860806,0.0206959706959707,0.00347985347985348,0.688095238095238,0.0787545787545788,0.128388278388278
181273.411807,2566866.126422,0.129487179487179,0.273626373626374,0.0032967032967033,0.541941391941392,0.0391941391941392,0.0124542124542125
181773.411807,2566866.126422,0.108544187752109,0.814814814814815,0,0.0537220388705537,0.0077007700770077,0.0152181884855152
182273.411807,2566866.126422,0.154761904761905,0.56959706959707,0,0.0490842490842491,0.0571428571428571,0.169413919413919
182773.411807,2566866.126422,0.474908424908425,0.0296703296703297,0,0.0595238095238095,0.063003663003663,0.372893772893773
183273.411807,2566866.126422,0.0372203887055372,0.348734873487349,0,0.0707737440410708,0.105243857719105,0.438027136046938
183773.411807,2566866.126422,0.0210622710622711,0.432967032967033,0,0.0195970695970696,0.0428571428571429,0.483516483516484
184273.411807,2566866.126422,0.0148351648351648,0.354578754578755,0,0.0258241758241758,0.047985347985348,0.556776556776557
184773.411807,2566866.126422,0.185001833516685,0.345984598459846,0,0.0903923725705904,0.0577557755775578,0.320865419875321
185273.411807,2566866.126422,0.221428571428571,0.00128205128205128,0.203296703296703,0.0461538461538462,0.0373626373626374,0.49047619047619
185773.411807,2566866.126422,0,0,0.950896191187453,0.0491038088125467,0,0
173273.411807,2566366.126422,0.0590909090909091,0.179545454545455,0,0.196753246753247,0.282792207792208,0.281818181818182
173773.411807,2566366.126422,0.14414083990464,0.0889418668622776,0,0.0924261874197689,0.221529433339446,0.452961672473868
174273.411807,2566366.126422,0.210005497526113,0.0676195711929632,0,0.0593732820230896,0.162360271211288,0.500641378046546
174773.411807,2566366.126422,0.196182785832263,0.104055790053221,0,0.192695907505964,0.106625068819967,0.400440447788585
175273.411807,2566366.126422,0.167064001467082,0.291215844489272,0.000183385292499542,0.107463781404731,0.13203741059967,0.302035576746745
175773.411807,2566366.126422,0.0866776617188932,0.201026204874473,0,0.0941909474070002,0.0980392156862745,0.520065970313359
176273.411807,2566366.126422,0.0504679757753716,0.139658652963847,0,0.0647825289043861,0.0917599559552211,0.653330886401175
176773.411807,2566366.126422,0.0188886851274528,0.297817715019255,0,0.0834403080872914,0.111314872547222,0.488538419218779
177273.411807,2566366.126422,0.0573575224482316,0.143118929814917,0,0.0852116547553601,0.131024372365769,0.583287520615723
177773.411807,2566366.126422,0.0614791704899982,0.153973206092861,0.188658469443935,0.111763626353459,0.097082033400624,0.387043494219123
178273.411807,2566366.126422,0.0737208875848157,0.0973775903172566,0.0722538052448194,0.155327342747112,0.117916743077205,0.483403631028791
178773.411807,2566366.126422,0.136888400219901,0.148249954187282,0.0731170973062122,0.104086494410848,0.100238226131574,0.437419827744182
179273.411807,2566366.126422,0.114883464855937,0.45659754083318,0.0130299137456414,0.0585428518994311,0.0653330886401175,0.291613140025693
179773.411807,2566366.126422,0.1199339812947,0.0922428021272694,0.00641848523748395,0.343664038144141,0.150009169264625,0.287731523931781
180273.411807,2566366.126422,0.0480117280557083,0.0419644493311343,0.000366501740883269,0.616272677295217,0.154480483782298,0.138904159794759
180773.411807,2566366.126422,0.205725821251606,0.0425766195632226,0.000550559735731327,0.417140759772435,0.140576252523399,0.193429987153606
181273.411807,2566366.126422,0.0636346964973409,0.301668806161746,0,0.228498074454429,0.17604988079956,0.230148542086925
181773.411807,2566366.126422,0.120395821880154,0.435037566428441,0,0.112882536192047,0.102437236576874,0.229246838922485
182273.411807,2566366.126422,0.089190677188475,0.494586162598642,0.000367039823820885,0.0836850798311617,0.0262433474031932,0.305927693154707
