"x","y","forest","agri","water","built","other","grass"
160773.411807,2599866.126422,0.0898399215942502,0.0130676249591637,0.00326690623979092,0.000980071871937275,0.0238484155504737,0.868997059784384
161273.411807,2599866.126422,0.200385356454721,0,0,0,0,0.799614643545279
161773.411807,2599866.126422,0.127718139278833,0.00330305532617671,0.00688136526286815,0.000275254610514726,0.00660611065235343,0.855216074869254
162273.411807,2599866.126422,0.144037455246489,0,0,0,0,0.855962544753511
162773.411807,2599866.126422,0.162124965593174,0,0,0,0,0.837875034406826
163273.411807,2599866.126422,0.150564271951555,0.0388109000825764,0.0511973575557391,0.0101844205890449,0.0718414533443435,0.677401596476741
163773.411807,2599866.126422,0,0.0985954282566786,0.316992564031947,0.0630680253373726,0.153401266868631,0.36794271550537
164273.411807,2599866.126422,0.0101844205890449,0.183870079823837,0.279933938893476,0.0443159922928709,0.131296449215524,0.350399119185246
164773.411807,2599866.126422,0.0176162950729425,0.202036884117809,0.126617120836774,0.0616570327552987,0.169832094687586,0.42224057252959
165273.411807,2599866.126422,0.0269898099697053,0.051225557697604,0.0426879647480033,0.136050674745249,0.0688515560451666,0.674194436794272
165773.411807,2599866.126422,0.0214698596201486,0.19102669969722,0.000275254610514726,0.0233966418937517,0.052298375997798,0.711533168180567
166273.411807,2599866.126422,0.0517478667767685,0.0900082576383154,0.0129369666941921,0.10542251582714,0.210569777043765,0.529314616019818
166773.411807,2599866.126422,0.652437345083999,0.0154227485541173,0.000550812448361333,0,0.00468190581107133,0.326907188102451
167273.411807,2599866.126422,0.375172034131572,0.077346545554638,0,0.00990916597853014,0.0536746490503716,0.483897605284889
167773.411807,2599866.126422,0.160198183319571,0.109000825763832,0,0.0547756674924305,0.16129920176163,0.514726121662538
168273.411807,2599866.126422,0.023134122831176,0.250619664004406,0,0,0.0129440925364913,0.713302120627926
168773.411807,2599866.126422,0.00963391136801541,0.201211120286265,0,0,0.0316542802091935,0.757500688136526
169273.411807,2599866.126422,0.000550509221029452,0.377649325626204,0,0.0011010184420589,0.0294522433250757,0.591246903385632
169773.411807,2599866.126422,0.0300192784356926,0.323877719636464,0,0.019829248141008,0.0451666207656293,0.581107133021206
170273.411807,2599866.126422,0.077346545554638,0.170382603908615,0,0.014037985136251,0.126341866226259,0.611890999174236
170773.411807,2599866.126422,0.092485549132948,0.331131296449216,0,0.0222956234516928,0.118084227910818,0.436003303055326
171273.411807,2599866.126422,0.0782153676673093,0.606995318094189,0,0.0212062792619113,0.0804186174607546,0.213164417515836
171773.411807,2599866.126422,0.0556014313239747,0.339113680154143,0,0.0957886044591247,0.202862647949353,0.306633636113405
172273.411807,2599866.126422,0.0198183319570603,0.432700247729149,0,0.000275254610514726,0.00578034682080925,0.541425818882466
172773.411807,2599866.126422,0.015698154778298,0.459102175709171,0,0.0286422473147893,0.066923712475902,0.42963370972184
173273.411807,2599866.126422,0.0016827934371056,0.574673958771561,0,0,0,0.423643247791334
160773.411807,2599366.126422,0.0702355460385439,0.0588865096359743,0.436402569593148,0.0278372591006424,0.0471092077087794,0.359528907922912
161273.411807,2599366.126422,0.226463571297486,0,0,0,0,0.773536428702514
161773.411807,2599366.126422,0.22813130386943,0,0,0,0.00238400880249404,0.769484687328076
162273.411807,2599366.126422,0.152647975077882,0.00733003481766538,0.267363019974345,0,0.00604727872457394,0.566611691405534
162773.411807,2599366.126422,0.180583593319875,0.00862543585979079,0.363736465406497,0.00201871903101487,0.0196366305744173,0.425399155808405
163273.411807,2599366.126422,0.125252154777187,0.0449293966623877,0.238951036126903,0.0210893086374473,0.0838070786722905,0.485971025123785
163773.411807,2599366.126422,0.000916254352208173,0.15026571376214,0.455378413047462,0.0458127176104087,0.113065787062489,0.234561114165292
164273.411807,2599366.126422,0.00770783630023858,0.127179298953937,0.225178931914113,0.11213066617728,0.1370893741971,0.390713892457332
164773.411807,2599366.126422,0.00696864111498258,0.183568677792041,0.218962039244453,0.0915092609572712,0.15606088391711,0.342930496974143
165273.411807,2599366.126422,0.0450797141286421,0.0804471321238776,0.0756826094923951,0.171339563862928,0.212204507971413,0.415246472420744
165773.411807,2599366.126422,0.0434942191227748,0.0675353275830428,0.126261699394384,0.187740869884382,0.303358414387961,0.271609469627455
166273.411807,2599366.126422,0.278929029891803,0.017604988079956,0.0269576379974326,0.0119200440124702,0.0544654318723638,0.610122868145975
166773.411807,2599366.126422,0.409565695437053,0.00549752611324904,0,0.187099138720909,0.150998717243907,0.246838922484882
167273.411807,2599366.126422,0.451458983299688,0.00146815929528354,0,0.00642319691686548,0.0469810974490732,0.49366856303909
167773.411807,2599366.126422,0.474601136988814,0.0388776820099028,0.00641848523748395,0.0128369704749679,0.0506143407298735,0.416651384558958
168273.411807,2599366.126422,0.132490379329302,0.253252702950339,0,0.000916254352208173,0.0388491845336265,0.574491478834524
168773.411807,2599366.126422,0.0359699027344467,0.293631859056708,0,0,0.0258763075793724,0.644521930629473
169273.411807,2599366.126422,0.0273244085824317,0.407115349348982,0,0.0687694846873281,0.132587566477169,0.364203190904089
169773.411807,2599366.126422,0.0164925783397471,0.460875939160711,0.01905809052593,0.00219901044529962,0.061205790727506,0.440168590800806
170273.411807,2599366.126422,0.0275279867865663,0.20334006239677,0.0489998164800881,0.00330335841438796,0.0934116351624151,0.623417140759772
170773.411807,2599366.126422,0.052814964239868,0.458646616541353,0,0.000183385292499542,0.0634513112048414,0.424903722721438
171273.411807,2599366.126422,0.0430639545537841,0.644126809602346,0,0,0.0164925783397471,0.296316657504123
171773.411807,2599366.126422,0.109194347586713,0.53092310515691,0,0.00734079647641769,0.0392732611488346,0.313268489631125
172273.411807,2599366.126422,0.010819732257473,0.68806161745828,0,0,0.00605171465248487,0.295066935631762
172773.411807,2599366.126422,0.0126443100604728,0.414513468938977,0,0.00623052959501558,0.00494777350192413,0.56166391790361
173273.411807,2599366.126422,0.165465631929047,0.402439024390244,0.00803769401330377,0.0127494456762749,0.0546008869179601,0.356707317073171
160773.411807,2598866.126422,0.00856164383561644,0.0378852739726027,0.728167808219178,0.0162671232876712,0.0712756849315068,0.137842465753425
161273.411807,2598866.126422,0.00458715596330275,0.0653211009174312,0.403302752293578,0.0135779816513761,0.0785321100917431,0.434678899082569
161773.411807,2598866.126422,0.0126582278481013,0.0770500825536599,0.672537149146946,0.0135754907356448,0.0532012474775271,0.170977802238121
162273.411807,2598866.126422,0.000183150183150183,0.0289377289377289,0.868131868131868,0.0212454212454212,0.00714285714285714,0.0743589743589744
163773.411807,2598866.126422,0.0124542124542125,0.023992673992674,0.676007326007326,0.139194139194139,0.0833333333333333,0.065018315018315
164273.411807,2598866.126422,0.00972477064220183,0.135779816513761,0.554495412844037,0.111009174311927,0.0537614678899083,0.135229357798165
164773.411807,2598866.126422,0.00642084021280499,0.122362869198312,0.509814712896716,0.146211704274445,0.0755824619335902,0.139607411484131
165273.411807,2598866.126422,0.0188644688644689,0.0745421245421245,0.433882783882784,0.271245421245421,0.125091575091575,0.0763736263736264
165773.411807,2598866.126422,0.0300917431192661,0.124587155963303,0.284587155963303,0.301467889908257,0.106605504587156,0.152660550458716
166273.411807,2598866.126422,0.104751421757476,0.113006787745368,0.191341038341589,0.0632911392405063,0.0366905155017428,0.490919097413319
166773.411807,2598866.126422,0.1003663003663,0.0591575091575092,0.167765567765568,0.167032967032967,0.233699633699634,0.271978021978022
167273.411807,2598866.126422,0.227522935779817,0.0188990825688073,0.0860550458715596,0.149908256880734,0.0878899082568807,0.429724770642202
167773.411807,2598866.126422,0.364336818932306,0.0535681526325445,0.0876903320491653,0.0146762062006971,0.0300862227114291,0.449642267473858
168273.411807,2598866.126422,0.0899267399267399,0.187179487179487,0.131501831501832,0.0521978021978022,0.101648351648352,0.437545787545788
168773.411807,2598866.126422,0.0343119266055046,0.321467889908257,0.134678899082569,0.0196330275229358,0.0658715596330275,0.424036697247706
169273.411807,2598866.126422,0.075032104201064,0.139240506329114,0.158869932122546,0.0240322876536415,0.0843881856540084,0.518436984039626
169773.411807,2598866.126422,0.0421245421245421,0.169230769230769,0.0838827838827839,0.0952380952380952,0.178937728937729,0.430586080586081
170273.411807,2598866.126422,0.0244036697247706,0.206422018348624,0.0255045871559633,0.0229357798165138,0.111926605504587,0.608807339449541
170773.411807,2598866.126422,0.0344890845716382,0.321959273527793,0.0977802238121446,0.0254999082737112,0.0755824619335902,0.444689047881123
171273.411807,2598866.126422,0.0393772893772894,0.40952380952381,0,0.0221611721611722,0.0545787545787546,0.474358974358974
171773.411807,2598866.126422,0.0163302752293578,0.638348623853211,0,0.0163302752293578,0.00348623853211009,0.325504587155963
172273.411807,2598866.126422,0.0212804989910108,0.724454228581912,0,0.000550357732526142,0.00183452577508714,0.251880388919464
172773.411807,2598866.126422,0.0485347985347985,0.494322344322344,0.0230769230769231,0.0247252747252747,0.026007326007326,0.383333333333333
173273.411807,2598866.126422,0.0119113573407202,0.418282548476454,0,0.0113573407202216,0.018005540166205,0.540443213296399
164273.411807,2598366.126422,0.00805860805860806,0.156410256410256,0.311355311355311,0.127838827838828,0.153479853479853,0.242857142857143
164773.411807,2598366.126422,0.00769230769230769,0.107326007326007,0.237545787545788,0.0661172161172161,0.135347985347985,0.445970695970696
165273.411807,2598366.126422,0.0363036303630363,0.0368536853685369,0.0724239090575724,0.323432343234323,0.221855518885222,0.309130913091309
165773.411807,2598366.126422,0.0880952380952381,0.127472527472527,0.106227106227106,0.0708791208791209,0.159340659340659,0.447985347985348
166273.411807,2598366.126422,0.0423076923076923,0.158791208791209,0.131684981684982,0.0738095238095238,0.193956043956044,0.399450549450549
166773.411807,2598366.126422,0.0157682434910158,0.248808214154749,0.0812247891455812,0.0449211587825449,0.0991932526585992,0.51008434176751
167273.411807,2598366.126422,0.0113553113553114,0.313369963369963,0.0214285714285714,0.0322344322344322,0.097985347985348,0.523626373626374
167773.411807,2598366.126422,0.0364468864468864,0.195054945054945,0.0673992673992674,0.0642857142857143,0.139377289377289,0.497435897435897
168273.411807,2598366.126422,0.0559222588925559,0.0984598459845985,0.00146681334800147,0.143747708104144,0.266776677667767,0.433626696002934
168773.411807,2598366.126422,0.112087912087912,0.0752747252747253,0.0811355311355311,0.167582417582418,0.196336996336996,0.367582417582418
169273.411807,2598366.126422,0.0542124542124542,0.0375457875457875,0.206227106227106,0.0454212454212454,0.112271062271062,0.544322344322344
169773.411807,2598366.126422,0.108360836083608,0.137330399706637,0.185368536853685,0.017968463513018,0.0905757242390906,0.46039603960396
170273.411807,2598366.126422,0.0824175824175824,0.269047619047619,0,0.000366300366300366,0.0642857142857143,0.583882783882784
170773.411807,2598366.126422,0.0928571428571429,0.216666666666667,0,0.115018315018315,0.227655677655678,0.347802197802198
171273.411807,2598366.126422,0.0650898423175651,0.237807114044738,0.0687568756875688,0.115878254492116,0.146681334800147,0.365786578657866
171773.411807,2598366.126422,0.0463369963369963,0.451465201465201,0.0368131868131868,0.0313186813186813,0.0364468864468864,0.397619047619048
172273.411807,2598366.126422,0.0212454212454212,0.578571428571429,0.0336996336996337,0.0716117216117216,0.0408424908424908,0.254029304029304
172773.411807,2598366.126422,0.0724239090575724,0.338283828382838,0.0146681334800147,0.0577557755775578,0.114228089475614,0.402640264026403
173273.411807,2598366.126422,0.0298672566371681,0.391316371681416,0,0.0395464601769911,0.0746681415929204,0.464601769911504
163773.411807,2597866.126422,0.000183250870441635,0.125893347993403,0.63679677478468,0.115081546637347,0.0375664284405351,0.0844786512735936
164273.411807,2597866.126422,0.000183519911910442,0.116535144063131,0.360066067168288,0.149752248118921,0.117269223710773,0.256193797026977
164773.411807,2597866.126422,0.0232899321474418,0.136255272327159,0.179350816064552,0.0959105079772602,0.153310104529617,0.41188336695397
165273.411807,2597866.126422,0.0430639545537841,0.139270661535642,0.0300531427524281,0.0335349092908191,0.234377863294851,0.519699468572476
165773.411807,2597866.126422,0.0357863828225362,0.141677371994861,0.031932464672417,0.157093044595339,0.181684712791338,0.451826023123509
166273.411807,2597866.126422,0.0909591050797726,0.0742710434623143,0.000733541169998166,0.207408765816981,0.23198239501192,0.394645149459013
166773.411807,2597866.126422,0.0172255818215137,0.287520615722925,0.0137438152831226,0.0703683342495877,0.099321971779366,0.511819681143485
167273.411807,2597866.126422,0.0341347036153423,0.228849330152322,0.0357863828225362,0.0258763075793724,0.0752431638832813,0.600110111947146
167773.411807,2597866.126422,0.0915092609572712,0.142857142857143,0.00403447643498991,0.0407115349348982,0.11186502842472,0.609022556390977
168273.411807,2597866.126422,0.0590067802822063,0.118196811434854,0.191313908741067,0.0753161077515118,0.0901594282572842,0.466006963533077
168773.411807,2597866.126422,0.0385391815011929,0.182969352174711,0.00734079647641769,0.00330335841438796,0.0860708386859974,0.681776472747293
169273.411807,2597866.126422,0.0245736291949386,0.335411699981661,0,0.00641848523748395,0.0330093526499175,0.600586832935999
169773.411807,2597866.126422,0.0278541323071285,0.231995601979109,0,0.00238226131574125,0.0179585853032802,0.719809419094741
170273.411807,2597866.126422,0.0278950266103872,0.128280418425399,0.149752248118921,0.0515690952468343,0.0739585244999082,0.56854468709855
170773.411807,2597866.126422,0.0410783055198973,0.21199339812947,0.0687694846873281,0.0561158995048597,0.156427654502109,0.465615257656336
171273.411807,2597866.126422,0.0370166758292102,0.372732270478285,0,0.00384826827927433,0.0395821880153931,0.546820597397838
171773.411807,2597866.126422,0.0196366305744173,0.47733529087906,0,0.015782712424298,0.04147550009176,0.445769866030464
172273.411807,2597866.126422,0.0594168347698515,0.260957271226848,0,0.120667522464698,0.184668989547038,0.374289381991564
172773.411807,2597866.126422,0.0260216236027121,0.349459409932197,0,0.0896096756459593,0.0936411947956753,0.441268096023456
173273.411807,2597866.126422,0.0338137472283814,0.28880266075388,0,0.109756097560976,0.106152993348115,0.461474501108647
163273.411807,2597366.126422,0.00238488350761328,0.0495321959273528,0.703173729590901,0.169877086773069,0.0550357732526142,0.0199963309484498
163773.411807,2597366.126422,0.00201465201465201,0.105677655677656,0.538644688644689,0.147069597069597,0.082967032967033,0.123626373626374
164273.411807,2597366.126422,0.00623853211009174,0.0711926605504587,0.227889908256881,0.071743119266055,0.145688073394495,0.477247706422018
164773.411807,2597366.126422,0.0319207484865162,0.077600440286186,0.125848468170978,0.151898734177215,0.204916529077234,0.407815079801871
165273.411807,2597366.126422,0.0421245421245421,0.0877289377289377,0.238827838827839,0.0833333333333333,0.163736263736264,0.384249084249084
165773.411807,2597366.126422,0.0506422018348624,0.114495412844037,0.0818348623853211,0.0831192660550459,0.138715596330275,0.531192660550459
166273.411807,2597366.126422,0.0117409649605577,0.17409649605577,0.0489818381948266,0.060906255732893,0.150981471289672,0.553292973766281
166773.411807,2597366.126422,0.0562271062271062,0.239194139194139,0.00201465201465201,0.0754578754578755,0.0877289377289377,0.539377289377289
167273.411807,2597366.126422,0.0124770642201835,0.233761467889908,0,0,0.0330275229357798,0.720733944954128
167773.411807,2597366.126422,0.076316272243625,0.0799853237937993,0.308383782792148,0.0264171711612548,0.0757659145110989,0.433131535498074
168273.411807,2597366.126422,0.0527472527472527,0.228021978021978,0.0862637362637363,0.00402930402930403,0.0619047619047619,0.567032967032967
168773.411807,2597366.126422,0.0115596330275229,0.216697247706422,0.00587155963302752,0.0172477064220183,0.0436697247706422,0.704954128440367
169273.411807,2597366.126422,0.029535864978903,0.33094844982572,0,0.00605393505778756,0.0288020546688681,0.604659695468721
169773.411807,2597366.126422,0.0261904761904762,0.258791208791209,0,0.0672161172161172,0.0793040293040293,0.568498168498168
170273.411807,2597366.126422,0.0403669724770642,0.292110091743119,0,0.0231192660550459,0.0480733944954128,0.596330275229358
170773.411807,2597366.126422,0.0618235186204366,0.136121812511466,0.216657494037791,0.0563199412951752,0.06989543203082,0.459181801504311
171273.411807,2597366.126422,0.0745421245421245,0.231501831501832,0.00805860805860806,0.0181318681318681,0.0412087912087912,0.626556776556777
171773.411807,2597366.126422,0.0554128440366972,0.287339449541284,0,0.0484403669724771,0.100550458715596,0.508256880733945
172273.411807,2597366.126422,0.114474408365438,0.161621720785177,0,0.0392588515868648,0.0858558062740782,0.598789212988442
172773.411807,2597366.126422,0.108791208791209,0.197069597069597,0.0536630036630037,0.116483516483516,0.139194139194139,0.384798534798535
173273.411807,2597366.126422,0.0218836565096953,0.173684210526316,0,0.289196675900277,0.100831024930748,0.414404432132964
162773.411807,2596866.126422,0.00183150183150183,0.0293040293040293,0.377106227106227,0.354761904761905,0.135164835164835,0.101831501831502
163273.411807,2596866.126422,0.017032967032967,0.0853479853479854,0.0340659340659341,0.351465201465201,0.232600732600733,0.279487179487179
163773.411807,2596866.126422,0.00623395672900623,0.0775577557755776,0.396406307297396,0.172350568390172,0.0885588558855886,0.258892555922259
164273.411807,2596866.126422,0.000183150183150183,0.114102564102564,0.647252747252747,0.0633699633699634,0.065018315018315,0.11007326007326
164773.411807,2596866.126422,0.0137362637362637,0.102747252747253,0.263186813186813,0.0758241758241758,0.0948717948717949,0.4496336996337
165273.411807,2596866.126422,0.0759075907590759,0.03997066373304,0.0148514851485149,0.17950128346168,0.248074807480748,0.441694169416942
165773.411807,2596866.126422,0.041025641025641,0.11025641025641,0,0.0957875457875458,0.156043956043956,0.596886446886447
166273.411807,2596866.126422,0.0342490842490843,0.223992673992674,0.0021978021978022,0.0126373626373626,0.0622710622710623,0.664652014652015
166773.411807,2596866.126422,0.0275027502750275,0.251741840850752,0.000366703337000367,0.0198019801980198,0.0848918225155849,0.615694902823616
167273.411807,2596866.126422,0.039010989010989,0.214835164835165,0.000732600732600733,0.00402930402930403,0.0406593406593407,0.700732600732601
167773.411807,2596866.126422,0.0448717948717949,0.0386446886446886,0.207142857142857,0.0137362637362637,0.0679487179487179,0.627655677655678
168273.411807,2596866.126422,0.0467546754675468,0.0315364869820315,0.125229189585625,0.00476714338100477,0.0320865419875321,0.75962596259626
168773.411807,2596866.126422,0.237728937728938,0.0954212454212454,0,0.0122710622710623,0.0446886446886447,0.60989010989011
169273.411807,2596866.126422,0.571794871794872,0.0681318681318681,0,0.00256410256410256,0.019047619047619,0.338461538461538
169773.411807,2596866.126422,0.0623395672900623,0.213237990465713,0.0194352768610194,0.0821415474880821,0.188485515218188,0.434360102676934
170273.411807,2596866.126422,0.0245421245421245,0.448901098901099,0.00512820512820513,0.0454212454212454,0.0899267399267399,0.386080586080586
170773.411807,2596866.126422,0.101282051282051,0.168681318681319,0.166666666666667,0.039010989010989,0.0846153846153846,0.43974358974359
171273.411807,2596866.126422,0.0207187385405207,0.434360102676934,0,0,0.0386872020535387,0.506233956729006
171773.411807,2596866.126422,0.0846153846153846,0.232051282051282,0,0.00512820512820513,0.0476190476190476,0.630586080586081
172273.411807,2596866.126422,0.19047619047619,0.0584249084249084,0.121978021978022,0.0335164835164835,0.0807692307692308,0.514835164835165
172773.411807,2596866.126422,0.0797579757975798,0.0784745141180785,0,0.120645397873121,0.136596993032637,0.584525119178585
173273.411807,2596866.126422,0.165099557522124,0.154867256637168,0.110342920353982,0.0304203539823009,0.0613938053097345,0.47787610619469
162773.411807,2596366.126422,0.0124793540099101,0.0218388695173426,0.114332905120206,0.593136355294549,0.160029363185906,0.0981831528720866
163273.411807,2596366.126422,0,0.075187969924812,0.424720337428938,0.328626444159178,0.0702365670273244,0.101228681459747
163773.411807,2596366.126422,0.0104452996151732,0.0859446582371266,0.0940076965365585,0.0535092541689573,0.143668682426242,0.612424409015943
164273.411807,2596366.126422,0.000183519911910442,0.138557533492384,0.471646173609837,0.0623967700495504,0.0734079647641769,0.253808038172142
164773.411807,2596366.126422,0.0115532734274711,0.138089125252155,0.24793691545938,0.169998166147075,0.149825783972125,0.282596735741794
165273.411807,2596366.126422,0.0348176653839106,0.0808136338647609,0.0914421843503757,0.110866776617189,0.166391790361004,0.51566794942276
165773.411807,2596366.126422,0.0401908607083869,0.118737383006056,0.000183519911910442,0.00752431638832813,0.0478986970086254,0.785465222976693
166273.411807,2596366.126422,0.0513478818998716,0.10416284613974,0.0926095727122685,0.0597836053548505,0.109664404914726,0.582431688978544
166773.411807,2596366.126422,0.0498442367601246,0.137621403701668,0.0910756826094924,0.100238226131574,0.11544804837823,0.505772402418912
167273.411807,2596366.126422,0.00385391815011929,0.231418608919068,0.0449623784180584,0.0152321526885667,0.0880895577170123,0.616443384107176
167773.411807,2596366.126422,0.0891252521547772,0.0471300201723822,0.176233266092059,0.213643865761966,0.0555657436273611,0.418301852191454
168273.411807,2596366.126422,0.0974894630749496,0.108667766171889,0.0529595015576324,0.0251053692505039,0.15466373465274,0.561114165292285
168773.411807,2596366.126422,0.122224261332355,0.238392365571665,0,0.00532207744540283,0.0328500642319692,0.601211231418609
169273.411807,2596366.126422,0.516779754263708,0.0100861910874748,0,0.0119200440124702,0.0342930496974143,0.426920960938933
169773.411807,2596366.126422,0.0958402052409749,0.219351291918637,0.0434304562946674,0.0745831042697453,0.0681693238042881,0.498625618471688
170273.411807,2596366.126422,0.0458799779776106,0.350155991925124,0,0.082583960359699,0.204991741603964,0.316388328133603
170773.411807,2596366.126422,0.185585916009536,0.16779754263708,0.000366770584999083,0.026407482119934,0.189803777737026,0.430038510911425
171273.411807,2596366.126422,0.127359354956936,0.319039765438886,0.155579989004948,0.0164925783397471,0.0513102437236577,0.330218068535826
171773.411807,2596366.126422,0.201688383189576,0.0607450908423564,0.118186823270325,0.0209212699577904,0.0792806019453111,0.519177830794641
172273.411807,2596366.126422,0.11204841371722,0.0537318907023657,0.0964606638547588,0.160828901522098,0.14799193104713,0.428938199156428
172773.411807,2596366.126422,0.0606560381161811,0.0111783030969397,0,0.665200659703134,0.224299065420561,0.0386659336631849
173273.411807,2596366.126422,0.162416851441242,0.0496119733924612,0,0.43209534368071,0.243625277161863,0.112250554323725
162773.411807,2595866.126422,0.00128440366972477,0.0431192660550459,0.706238532110092,0.197798165137615,0.0218348623853211,0.0297247706422018
163273.411807,2595866.126422,0.0119244175380664,0.0598055402678408,0.173729590900752,0.335351311685929,0.162538983672721,0.256650155934691
163773.411807,2595866.126422,0.00549450549450549,0.107692307692308,0.274725274725275,0.0571428571428571,0.102747252747253,0.452197802197802
164273.411807,2595866.126422,0.00128440366972477,0.133211009174312,0.664587155963303,0.132660550458716,0.0306422018348624,0.0376146788990826
164773.411807,2595866.126422,0.00110071546505228,0.171344707393139,0.331498807558246,0.213355347642634,0.110071546505228,0.1726288754357
165273.411807,2595866.126422,0.0152014652014652,0.124725274725275,0.259340659340659,0.136080586080586,0.143772893772894,0.320879120879121
165773.411807,2595866.126422,0.0557798165137615,0.0480733944954128,0.11743119266055,0.239633027522936,0.194678899082569,0.344403669724771
166273.411807,2595866.126422,0.177765547605944,0.0434782608695652,0.351862043661713,0.13410383415887,0.0473307649972482,0.245459548706659
166773.411807,2595866.126422,0.203113553113553,0.0586080586080586,0.281684981684982,0.084981684981685,0.0871794871794872,0.284432234432234
167273.411807,2595866.126422,0.205321100917431,0.0192660550458716,0.215963302752294,0.0655045871559633,0.0335779816513761,0.460366972477064
167773.411807,2595866.126422,0.104567969179967,0.236470372408732,0.085305448541552,0.0388919464318474,0.0937442671069529,0.441019996330948
168273.411807,2595866.126422,0.097985347985348,0.197802197802198,0.000366300366300366,0.0679487179487179,0.180586080586081,0.455311355311355
168773.411807,2595866.126422,0.289357798165138,0.106788990825688,0,0.00770642201834862,0.044954128440367,0.551192660550459
169273.411807,2595866.126422,0.544487250045863,0.00201797835259585,0,0.0174279948633278,0.0583379196477711,0.377728857090442
169773.411807,2595866.126422,0.210805860805861,0.0948717948717949,0,0.192490842490843,0.15952380952381,0.342307692307692
170273.411807,2595866.126422,0.0354128440366972,0.208073394495413,0,0.162201834862385,0.158348623853211,0.435963302752294
170773.411807,2595866.126422,0.0970464135021097,0.173729590900752,0,0.11557512383049,0.164740414602825,0.448908457163823
171273.411807,2595866.126422,0.0727106227106227,0.0793040293040293,0,0.228021978021978,0.168864468864469,0.451098901098901
171773.411807,2595866.126422,0.0326605504587156,0.0165137614678899,0,0.460733944954128,0.240917431192661,0.249174311926605
172273.411807,2595866.126422,0.0258668134287287,0.0135754907356448,0,0.704090992478444,0.216290588882774,0.0401761144744084
172773.411807,2595866.126422,0.019047619047619,0.0104395604395604,0,0.880586080586081,0.080952380952381,0.00897435897435897
173273.411807,2595866.126422,0.109418282548476,0.0897506925207756,0,0.613296398891967,0.126038781163435,0.0614958448753463
162773.411807,2595366.126422,0.0657509157509158,0.0523809523809524,0.467948717948718,0.113003663003663,0.065018315018315,0.235897435897436
163273.411807,2595366.126422,0.0217948717948718,0.0461538461538462,0.0474358974358974,0.385531135531136,0.174542124542125,0.324542124542125
163773.411807,2595366.126422,0.015951595159516,0.0392372570590392,0.501833516685002,0.301246791345801,0.0735240190685735,0.0682068206820682
164273.411807,2595366.126422,0.00146520146520147,0.104945054945055,0.720512820512821,0.113553113553114,0.0197802197802198,0.0397435897435897
164773.411807,2595366.126422,0.00915750915750916,0.0793040293040293,0.572344322344322,0.18974358974359,0.0604395604395604,0.089010989010989
165273.411807,2595366.126422,0.0867253392005867,0.068023469013568,0.143014301430143,0.202053538687202,0.240740740740741,0.259442610927759
165773.411807,2595366.126422,0.17985347985348,0.0168498168498168,0.0586080586080586,0.21007326007326,0.141025641025641,0.393589743589744
166273.411807,2595366.126422,0.118315018315018,0.0752747252747253,0.152197802197802,0.125457875457875,0.138644688644689,0.39010989010989
166773.411807,2595366.126422,0.0905757242390906,0.123395672900623,0.187935460212688,0.15969930326366,0.177117711771177,0.261276127612761
167273.411807,2595366.126422,0.0402930402930403,0.121428571428571,0.0289377289377289,0.0679487179487179,0.172527472527473,0.568864468864469
167773.411807,2595366.126422,0.0553113553113553,0.253296703296703,0.000366300366300366,0.0509157509157509,0.12014652014652,0.51996336996337
168273.411807,2595366.126422,0.548954895489549,0.0271360469380271,0,0.0518885221855519,0.0707737440410708,0.301246791345801
168773.411807,2595366.126422,0.573260073260073,0.0135531135531136,0,0.0161172161172161,0.0644688644688645,0.332600732600733
169273.411807,2595366.126422,0.0928571428571429,0.0937728937728938,0.000183150183150183,0.161172161172161,0.259157509157509,0.392857142857143
169773.411807,2595366.126422,0.059039237257059,0.205353868720205,0,0.130913091309131,0.22020535386872,0.384488448844884
170273.411807,2595366.126422,0.0201465201465201,0.444871794871795,0,0.0635531135531135,0.0791208791208791,0.392307692307692
170773.411807,2595366.126422,0.0732600732600733,0.2996336996337,0,0.0340659340659341,0.116849816849817,0.476190476190476
171273.411807,2595366.126422,0.0271360469380271,0.182801613494683,0,0.0416208287495416,0.0782911624495783,0.67015034836817
171773.411807,2595366.126422,0.0659340659340659,0.197802197802198,0.0305860805860806,0.043040293040293,0.0928571428571429,0.56978021978022
172273.411807,2595366.126422,0.117948717948718,0.0183150183150183,0,0.387179487179487,0.228937728937729,0.247619047619048
172773.411807,2595366.126422,0.0557389072240557,0.00733406674000733,0,0.694902823615695,0.185001833516685,0.057022368903557
173273.411807,2595366.126422,0.15320796460177,0.100940265486726,0,0.435011061946903,0.160674778761062,0.15016592920354
161773.411807,2594866.126422,0.215477718686961,0.00990280579497524,0.228864845039428,0.132220795892169,0.099211443242252,0.314322391344214
162273.411807,2594866.126422,0.0309693971046362,0.0525929998167491,0.0267546270844787,0.19736118746564,0.246838922484882,0.445482866043614
162773.411807,2594866.126422,0.0133969535694623,0.0552394934850431,0.112497706001101,0.279133786015783,0.234354927509635,0.305377133418976
163773.411807,2594866.126422,0,0,0.486714311892981,0.513285688107018,0,0
164273.411807,2594866.126422,0.000734079647641769,0.0394567810607451,0.735547806937053,0.198752064599009,0.00642319691686548,0.019086070838686
164773.411807,2594866.126422,0.00880249403997799,0.138455895837154,0.545387859893637,0.141390060517147,0.0586832935998533,0.107280396112232
165273.411807,2594866.126422,0.0309693971046362,0.112516034451164,0.392156862745098,0.0503939893714495,0.110500274876306,0.303463441451347
165773.411807,2594866.126422,0.228665810240411,0.0390897412369242,0.264452193062947,0.0611121306661773,0.0741420444118187,0.332538080381721
166273.411807,2594866.126422,0.075187969924812,0.111681643132221,0.295800476801761,0.213277095176967,0.105813313772235,0.198239501192004
166773.411807,2594866.126422,0.0141103170240059,0.174638079530878,0.261682242990654,0.228147333699835,0.17940260216236,0.142019424592267
167273.411807,2594866.126422,0.049366856303909,0.0756102037071022,0.0592769315470729,0.136171774637548,0.154890805652413,0.524683428151954
167773.411807,2594866.126422,0.0643682376673391,0.079589216944801,0.0706033376123235,0.124518613607189,0.215294333394462,0.445626260773886
168273.411807,2594866.126422,0.0852116547553601,0.0892431739050761,0.0234561114165292,0.049660985889683,0.178486347810152,0.5739417262232
168773.411807,2594866.126422,0.0352358230868049,0.174894476050652,0.098733712607818,0.0798311616810424,0.129748577720683,0.481556248853001
169273.411807,2594866.126422,0.0370438290849074,0.0689528699798276,0.0984779020722538,0.150926095727123,0.213093709884467,0.431505593251421
169773.411807,2594866.126422,0.0282206340480117,0.258750229063588,0.0302363936228697,0.0423309510720176,0.126076598863845,0.514385193329668
170273.411807,2594866.126422,0.0196366305744173,0.396770049550376,0.0034868783262984,0.02073775004588,0.0829510001835199,0.476417691319508
170773.411807,2594866.126422,0.0693196405648267,0.257839721254355,0.000916926462497708,0.0920594168347699,0.109297634329727,0.470566660553824
171273.411807,2594866.126422,0.0678028220634048,0.128825361920469,0.00164925783397471,0.0800806303829943,0.175737584753528,0.54590434304563
171773.411807,2594866.126422,0.110111947146265,0.068452927142595,0.028629106258029,0.0895577170122958,0.194714626536979,0.508533675903836
172273.411807,2594866.126422,0.0429121584448927,0.419768934531451,0.0106363469649734,0.0110031175499725,0.0342930496974143,0.481386392811297
172773.411807,2594866.126422,0.0780648708081363,0.085761407366685,0,0.302180685358255,0.208172988821697,0.325820047645226
173273.411807,2594866.126422,0.0734478935698448,0.433481152993348,0,0.0338137472283814,0.082039911308204,0.377217294900222
163773.411807,2594366.126422,0,0,0.973076923076923,0.0269230769230769,0,0
164273.411807,2594366.126422,0,0.000917431192660551,0.95651376146789,0.0379816513761468,0.00458715596330275,0
164773.411807,2594366.126422,0.00183452577508714,0.0783342505962209,0.63199412951752,0.222894881673088,0.0405430196294258,0.024399192808659
165273.411807,2594366.126422,0.0243589743589744,0.145054945054945,0.513369963369963,0.155677655677656,0.0653846153846154,0.0961538461538462
165773.411807,2594366.126422,0.0669724770642202,0.0455045871559633,0.678899082568807,0.028256880733945,0.0321100917431193,0.148256880733945
166273.411807,2594366.126422,0.014125848468171,0.0730141258484682,0.415886993212255,0.268941478627775,0.0928270042194093,0.135204549623922
166773.411807,2594366.126422,0.00677655677655678,0.0844322344322344,0.526556776556777,0.242124542124542,0.0767399267399267,0.0633699633699634
167273.411807,2594366.126422,0.0115596330275229,0.11394495412844,0.49651376146789,0.154128440366972,0.114495412844037,0.109357798165138
167773.411807,2594366.126422,0.0418271876719868,0.0440286186020914,0.213538800220143,0.218492019812878,0.194826637314254,0.287286736378646
168273.411807,2594366.126422,0.0177655677655678,0.0934065934065934,0.203479853479853,0.24981684981685,0.108058608058608,0.327472527472527
168773.411807,2594366.126422,0.0289908256880734,0.17394495412844,0.0838532110091743,0.122201834862385,0.0702752293577982,0.520733944954128
169273.411807,2594366.126422,0.0209135938359934,0.0970464135021097,0.0799853237937993,0.0893414052467437,0.0997982021647404,0.612915061456613
169773.411807,2594366.126422,0.0296703296703297,0.44029304029304,0.0487179487179487,0.0401098901098901,0.0663003663003663,0.374908424908425
170273.411807,2594366.126422,0.0304587155963303,0.554678899082569,0.0427522935779817,0.0110091743119266,0.0480733944954128,0.31302752293578
170773.411807,2594366.126422,0.0288020546688681,0.437534397358283,0.0585213722252798,0.0935608145294441,0.0759493670886076,0.305631994129518
171273.411807,2594366.126422,0.0712454212454212,0.233516483516484,0.030952380952381,0.0886446886446886,0.163369963369963,0.412271062271062
171773.411807,2594366.126422,0.0603669724770642,0.336146788990826,0.0411009174311927,0.046605504587156,0.0539449541284404,0.461834862385321
172273.411807,2594366.126422,0.0497156485048615,0.12548156301596,0.0210970464135021,0.247477527059255,0.184186387818749,0.372041827187672
172773.411807,2594366.126422,0.0419413919413919,0.152747252747253,0,0.181318681318681,0.182234432234432,0.441758241758242
173273.411807,2594366.126422,0.0127423822714681,0.159556786703601,0.025207756232687,0.144321329639889,0.0628808864265928,0.595290858725762
163773.411807,2593866.126422,0.00421708837550422,0.0342867620095343,0.623762376237624,0.254308764209754,0.0539053905390539,0.0295196186285295
164273.411807,2593866.126422,0.0021978021978022,0.0137362637362637,0.753113553113553,0.177655677655678,0.0141025641025641,0.0391941391941392
164773.411807,2593866.126422,0.00293040293040293,0.0111721611721612,0.901282051282051,0.0582417582417582,0.0192307692307692,0.00714285714285714
165273.411807,2593866.126422,0.0155848918225156,0.0201686835350202,0.759259259259259,0.107810781078108,0.0198019801980198,0.0773744041070774
165773.411807,2593866.126422,0.00897435897435897,0.0298534798534799,0.731135531135531,0.152197802197802,0.0655677655677656,0.0122710622710623
166273.411807,2593866.126422,0.0161172161172161,0.106410256410256,0.356227106227106,0.275641025641026,0.141025641025641,0.104578754578755
166773.411807,2593866.126422,0.0128346167950128,0.030986431976531,0.303813714704804,0.429226255958929,0.0792079207920792,0.143931059772644
167273.411807,2593866.126422,0.0135531135531136,0.0769230769230769,0.367765567765568,0.235897435897436,0.154395604395604,0.151465201465201
167773.411807,2593866.126422,0.0254578754578755,0.13992673992674,0.313369963369963,0.0882783882783883,0.147802197802198,0.285164835164835
168273.411807,2593866.126422,0.0249358269160249,0.166299963329666,0.0423542354235424,0.0982764943160983,0.11991199119912,0.548221488815548
168773.411807,2593866.126422,0.00531135531135531,0.128754578754579,0.134981684981685,0.404761904761905,0.187545787545788,0.138644688644689
169273.411807,2593866.126422,0.015018315018315,0.0840659340659341,0.18992673992674,0.252564102564103,0.188095238095238,0.27032967032967
169773.411807,2593866.126422,0.0113678034470114,0.510634396773011,0,0.0342867620095343,0.0236523652365237,0.42005867253392
170273.411807,2593866.126422,0.0435897435897436,0.538644688644689,0,0.0254578754578755,0.0344322344322344,0.357875457875458
170773.411807,2593866.126422,0.0686813186813187,0.574908424908425,0.00347985347985348,0.00769230769230769,0.0622710622710623,0.282967032967033
171273.411807,2593866.126422,0.0689402273560689,0.336817015034837,0.0077007700770077,0.101576824349102,0.210671067106711,0.274294096076274
171773.411807,2593866.126422,0.056043956043956,0.586080586080586,0.00183150183150183,0.03003663003663,0.0683150183150183,0.257692307692308
172273.411807,2593866.126422,0.10952380952381,0.272527472527473,0.0652014652014652,0.0278388278388278,0.108424908424908,0.416483516483517
172773.411807,2593866.126422,0.117528419508618,0.116611661166117,0.0225522552255226,0.264576457645765,0.168133480014668,0.310597726439311
173273.411807,2593866.126422,0.100110619469027,0.144358407079646,0.0918141592920354,0.100940265486726,0.10591814159292,0.456858407079646
163273.411807,2593366.126422,0,0.0227397762699432,0.792774619475518,0.126169081239685,0.0509811113148725,0.00733541169998166
163773.411807,2593366.126422,0.00879604178119846,0.0386659336631849,0.561847168774052,0.220634048011728,0.0749496060106286,0.0951072017592084
164273.411807,2593366.126422,0.00422095797394017,0.103505230317489,0.292347219673335,0.23251972839053,0.135621214901817,0.231785648742889
164773.411807,2593366.126422,0.00421786172748946,0.0750045846323125,0.542820465798643,0.239501192004401,0.0911424903722722,0.0473134054648817
165273.411807,2593366.126422,0.0229063588052043,0.137804654572109,0.447498625618472,0.228147333699835,0.0949239508887667,0.068719076415613
165773.411807,2593366.126422,0.0251422279317306,0.071389245733162,0.395301890255093,0.250871719581575,0.143512571113966,0.113782345384474
166273.411807,2593366.126422,0.0630845406198423,0.0731707317073171,0.150926095727123,0.233816247936915,0.172748945534568,0.306253438474234
166773.411807,2593366.126422,0.0298698918819864,0.14238592633315,0.169507055158512,0.251603445116364,0.110317024005864,0.296316657504123
167273.411807,2593366.126422,0.0266103872270141,0.233437327950083,0.0645990089924757,0.121857221508534,0.0614791704899982,0.492016883831896
167773.411807,2593366.126422,0.0297084173849257,0.142490372272144,0.154410416284614,0.0922428021272694,0.237117183201907,0.34403080872914
168273.411807,2593366.126422,0.00751328568810702,0.2869708631116,0.145867692871541,0.165475536008796,0.103903243540407,0.290269378779549
168773.411807,2593366.126422,0.0141310332171041,0.409616443384107,0.0680858873187741,0.17434391631492,0.124059460451459,0.209763259313636
169273.411807,2593366.126422,0.00733541169998166,0.427654502108931,0.0715202640748212,0.198789657069503,0.0896754080322758,0.205024757014487
