"x","y","forest","agri","water","built","other","grass"
186773.411807,2654866.126422,0.0284455863461186,0.264268673151037,0.00293631859056708,0.117269223710773,0.0945127546338778,0.492567443567627
187273.411807,2654866.126422,0.0152209792774619,0.254538785989364,0,0.14799193104713,0.0926095727122685,0.489638730973776
187773.411807,2654866.126422,0.00989554700384827,0.330951072017592,0.000183250870441635,0.11434854315558,0.0947407000183251,0.449880886934213
188273.411807,2654866.126422,0.0194531106625069,0.368875022939989,0,0.0159662323362085,0.0594604514589833,0.536245182602312
188773.411807,2654866.126422,0.0148542086924629,0.369704749679076,0.109847790207225,0.0687694846873281,0.128553090042179,0.308270676691729
189273.411807,2654866.126422,0.0106285504856148,0.528678761224116,0.0643210555250137,0.0353674179952355,0.0357339197361187,0.325270295033901
189773.411807,2654866.126422,0.0203707102220591,0.483207928060195,0.000734079647641769,0.00165167920719398,0.0545054138374014,0.439530189025509
190273.411807,2654866.126422,0.0594168347698515,0.393361452411517,0.110214560792224,0.00953603520997616,0.0401613790573996,0.387309737759032
190773.411807,2654866.126422,0.0152098222466557,0.66703316840755,0,0.0311526479750779,0.0258383727322705,0.260765988638446
191273.411807,2654866.126422,0.0194531106625069,0.645806570012846,0,0.0163332721600294,0.0187190310148651,0.299688016149752
191773.411807,2654866.126422,0.0207225380524482,0.565927012653585,0.000916926462497708,0.179717586649551,0.0696864111498258,0.163029525032092
192273.411807,2654866.126422,0.0142935678944475,0.670148433205058,0,0.0126443100604728,0.0258383727322705,0.277075316107751
192773.411807,2654866.126422,0.015782712424298,0.483942007707836,0,0.0284455863461186,0.0521196549825656,0.419710038539181
193273.411807,2654866.126422,0.050797726022373,0.721254355400697,0,0.00696864111498258,0.0102695763799743,0.210709701081973
193773.411807,2654866.126422,0.034084661902144,0.677844969763606,0,0.0258383727322705,0.0351841671247938,0.227047828477185
194273.411807,2654866.126422,0.0196366305744173,0.596439713708937,0,0.0104606349788952,0.0475316571848046,0.325931363552945
194773.411807,2654866.126422,0.0298918026774253,0.660737208875848,0.00128369704749679,0.0999449844122501,0.048413717219879,0.159728589767101
195273.411807,2654866.126422,0.0280373831775701,0.695620304196445,0.00219901044529962,0.0518599963349826,0.0689023272860546,0.153380978559648
195773.411807,2654866.126422,0.0475316571848046,0.463571297485777,0.000917599559552211,0.181868232703248,0.119838502477519,0.186272710589099
196273.411807,2654866.126422,0.0849073904272877,0.286264441591784,0.00146708233999633,0.108930863744728,0.203190904089492,0.315239317806712
196773.411807,2654866.126422,0.0729338464357706,0.158328752061572,0.00201575957485798,0.436686824262415,0.213304013194063,0.116730804471321
197273.411807,2654866.126422,0.0664342081115801,0.474215452376583,0.00110111947146265,0.15764360433107,0.0996513121673702,0.200954303541934
197773.411807,2654866.126422,0.116633046029708,0.275628094626811,0,0.11186502842472,0.265175132954337,0.230698697964423
198273.411807,2654866.126422,0.0377496793109767,0.623236210371999,0,0.119296316657504,0.0927249404434671,0.126992853216053
198773.411807,2654866.126422,0.0603780510185355,0.389245733162048,0.0284455863461186,0.0812993209763259,0.092126995779042,0.34850431271793
186773.411807,2654366.126422,0.0387155963302752,0.208256880733945,0.0122935779816514,0.108073394495413,0.111009174311927,0.521651376146789
187273.411807,2654366.126422,0.0372408732342689,0.332966428178316,0.0247660979636764,0.116492386718033,0.131535498073748,0.356998715831957
187773.411807,2654366.126422,0.0208791208791209,0.406593406593407,0.0236263736263736,0.0635531135531135,0.102747252747253,0.382600732600733
188273.411807,2654366.126422,0.0286238532110092,0.266605504587156,0.0214678899082569,0.11394495412844,0.102201834862385,0.467155963302752
188773.411807,2654366.126422,0.0163272793982755,0.428728673637865,0.002568336085122,0.0882406897816914,0.0772335351311686,0.386901485965878
189273.411807,2654366.126422,0.0119047619047619,0.486996336996337,0.0875457875457875,0.0412087912087912,0.0571428571428571,0.315201465201465
189773.411807,2654366.126422,0.0227522935779817,0.495229357798165,0,0.00238532110091743,0.0190825688073394,0.460550458715596
190273.411807,2654366.126422,0.0618235186204366,0.474958723170061,0.10420106402495,0.00770500825536599,0.0254999082737112,0.325811777655476
190773.411807,2654366.126422,0.0527472527472527,0.253113553113553,0,0.145421245421245,0.163919413919414,0.384798534798535
191273.411807,2654366.126422,0.0361467889908257,0.431376146788991,0.00036697247706422,0.118715596330275,0.0926605504587156,0.320733944954128
191773.411807,2654366.126422,0.0132085855806274,0.604109337736195,0,0.0113740598055403,0.0377912309667951,0.333516785910842
192273.411807,2654366.126422,0.0230769230769231,0.555677655677656,0,0.010989010989011,0.0252747252747253,0.384981684981685
192773.411807,2654366.126422,0.0181651376146789,0.60605504587156,0,0.0284403669724771,0.0370642201834862,0.310275229357798
193273.411807,2654366.126422,0.0207301412584847,0.621353880022014,0,0.0335718216840947,0.0594386351128233,0.264905521922583
193773.411807,2654366.126422,0.0510989010989011,0.364652014652015,0.00146520146520147,0.154761904761905,0.132051282051282,0.295970695970696
194273.411807,2654366.126422,0.015045871559633,0.616880733944954,0,0.0122935779816514,0.0326605504587156,0.323119266055046
194773.411807,2654366.126422,0.0403595670519171,0.60906255732893,0.000550357732526142,0.0280682443588332,0.0709961474958723,0.250963126031921
195273.411807,2654366.126422,0.0335164835164835,0.506959706959707,0.000549450549450549,0.0351648351648352,0.0836996336996337,0.34010989010989
195773.411807,2654366.126422,0.0256880733944954,0.573577981651376,0,0.0711926605504587,0.0906422018348624,0.238899082568807
196273.411807,2654366.126422,0.0339387268391121,0.607411484131352,0,0.0190790680609063,0.0541185103650706,0.285452210603559
196773.411807,2654366.126422,0.0884615384615385,0.114468864468864,0.000549450549450549,0.453296703296703,0.200549450549451,0.142673992673993
197273.411807,2654366.126422,0.0324770642201835,0.506788990825688,0.00128440366972477,0.0926605504587156,0.122201834862385,0.244587155963303
197773.411807,2654366.126422,0.0350394423041644,0.697486699688131,0,0.0220143093010457,0.0293524124013942,0.216107136305265
198273.411807,2654366.126422,0.0776556776556777,0.524175824175824,0.000183150183150183,0.0919413919413919,0.0965201465201465,0.20952380952381
198773.411807,2654366.126422,0.0576146788990826,0.457798165137615,0,0.13394495412844,0.140733944954128,0.209908256880734
186773.411807,2653866.126422,0.00641025641025641,0.287545787545788,0.0421245421245421,0.148534798534799,0.115750915750916,0.3996336996337
187273.411807,2653866.126422,0.00641025641025641,0.491941391941392,0.0217948717948718,0.0637362637362637,0.102564102564103,0.313553113553114
187773.411807,2653866.126422,0.0172350568390172,0.618811881188119,0,0.103226989365603,0.0693069306930693,0.191419141914191
188273.411807,2653866.126422,0.0142857142857143,0.62985347985348,0,0.0840659340659341,0.0478021978021978,0.223992673992674
188773.411807,2653866.126422,0.0142857142857143,0.48956043956044,0.019047619047619,0.0932234432234432,0.0485347985347985,0.335347985347985
189273.411807,2653866.126422,0.0106343967730106,0.547854785478548,0.0262192885955262,0.037953795379538,0.048954895489549,0.328382838283828
189773.411807,2653866.126422,0.0166666666666667,0.614835164835165,0,0.0032967032967033,0.0333333333333333,0.331868131868132
190273.411807,2653866.126422,0.0021978021978022,0.758791208791209,0,0.00457875457875458,0.00952380952380952,0.224908424908425
190773.411807,2653866.126422,0.0348368170150348,0.2995966263293,0.124862486248625,0.151265126512651,0.115878254492116,0.273560689402274
191273.411807,2653866.126422,0.0364468864468864,0.31959706959707,0.000549450549450549,0.268498168498168,0.176190476190476,0.198717948717949
191773.411807,2653866.126422,0.0197802197802198,0.666117216117216,0,0.0291208791208791,0.0509157509157509,0.234065934065934
192273.411807,2653866.126422,0.00348368170150348,0.643197653098643,0,0.030986431976531,0.0177851118445178,0.304547121378805
192773.411807,2653866.126422,0.021978021978022,0.597069597069597,0,0.0851648351648352,0.0899267399267399,0.205860805860806
193273.411807,2653866.126422,0.00787545787545788,0.656776556776557,0,0.0131868131868132,0.0287545787545788,0.293406593406593
193773.411807,2653866.126422,0.0201686835350202,0.581408140814081,0,0.0535386872020535,0.0654565456545655,0.279427942794279
194273.411807,2653866.126422,0.0282051282051282,0.510622710622711,0.00531135531135531,0.0395604395604396,0.0772893772893773,0.339010989010989
194773.411807,2653866.126422,0.0613553113553114,0.442307692307692,0.000549450549450549,0.115934065934066,0.134615384615385,0.245238095238095
195273.411807,2653866.126422,0.0201686835350202,0.366153281994866,0.000183351668500183,0.0911257792445911,0.0777411074440777,0.444627796112945
195773.411807,2653866.126422,0.028021978021978,0.31043956043956,0.000366300366300366,0.235714285714286,0.157509157509158,0.267948717948718
196273.411807,2653866.126422,0.0289377289377289,0.541025641025641,0,0.0653846153846154,0.0580586080586081,0.306593406593407
196773.411807,2653866.126422,0.0687568756875688,0.286211954528786,0,0.185735240190686,0.160982764943161,0.298313164649798
197273.411807,2653866.126422,0.0498168498168498,0.439194139194139,0,0.102564102564103,0.111721611721612,0.296703296703297
197773.411807,2653866.126422,0.0183150183150183,0.714285714285714,0,0.039010989010989,0.0261904761904762,0.202197802197802
198273.411807,2653866.126422,0.0724239090575724,0.508067473414008,0,0.0553722038870554,0.0762742940960763,0.287862119545288
198773.411807,2653866.126422,0.0271062271062271,0.483333333333333,0,0.0247252747252747,0.0816849816849817,0.383150183150183
186773.411807,2653366.126422,0.00880895577170123,0.313635529454946,0.00660671682877592,0.177647274729308,0.109194347586713,0.384107175628556
187273.411807,2653366.126422,0.0137538969374656,0.617641665138456,0,0.0385109114249037,0.0513478818998716,0.278745644599303
187773.411807,2653366.126422,0.0130108118013561,0.575224482316291,0,0.0689023272860546,0.0793476269012278,0.263514751695071
188273.411807,2653366.126422,0.0242246283721784,0.407597724353092,0.000183519911910442,0.172692237107726,0.134887135254175,0.260414755000918
188773.411807,2653366.126422,0.0121034293049697,0.541353383458647,0,0.0242068586099395,0.0599669906473501,0.362369337979094
189273.411807,2653366.126422,0.0362836723474437,0.310426974528129,0,0.00934579439252336,0.0703683342495877,0.573575224482316
189773.411807,2653366.126422,0.0231235089007157,0.533125344099835,0.000183519911910442,0.0218388695173426,0.0337676637915214,0.387961093778675
190273.411807,2653366.126422,0.00733541169998166,0.751512928663121,0,0.000550155877498625,0.0117366587199707,0.228864845039428
190773.411807,2653366.126422,0.0218068535825545,0.543155579989005,0.0203408466190214,0.0120945574491479,0.0128275609309144,0.389774601429357
191273.411807,2653366.126422,0.0433106992108644,0.434758671315838,0.0824004404477886,0.0117452743622683,0.026977427050835,0.400807487612406
191773.411807,2653366.126422,0.0474967907573813,0.389510361269026,0,0.115716119567211,0.146158078122135,0.301118650284247
192273.411807,2653366.126422,0.061205790727506,0.32398753894081,0,0.119113065787062,0.238226131574125,0.257467472970497
192773.411807,2653366.126422,0.0258763075793724,0.58487795925858,0,0.0229399889888053,0.0691870067902367,0.297118737383006
193273.411807,2653366.126422,0.0474967907573813,0.218595268659454,0.000550155877498625,0.234549789106914,0.210709701081973,0.28809829451678
193773.411807,2653366.126422,0.0371999266996518,0.321422026754627,0,0.191863661352391,0.175554333883086,0.273960051310244
194273.411807,2653366.126422,0.0260598274912828,0.481923288676821,0.00880895577170123,0.15360616626904,0.153789686180951,0.175812075610204
194773.411807,2653366.126422,0.0183385292499542,0.514945901338713,0,0.0355767467449111,0.0781221346048047,0.353016688061617
195273.411807,2653366.126422,0.0188748396554884,0.469488730071468,0.000183250870441635,0.0524097489463075,0.0648708081363387,0.394172622319956
195773.411807,2653366.126422,0.0429436593870435,0.376949899064048,0.000550559735731327,0.109561387410534,0.112681225913012,0.357313268489631
196273.411807,2653366.126422,0.0654685494223363,0.214010636346965,0.004401247019989,0.227764533284431,0.290849073904273,0.197505960022006
196773.411807,2653366.126422,0.0419644493311343,0.493677844969764,0.00164925783397471,0.130657870624885,0.0978559648158329,0.234194612424409
197273.411807,2653366.126422,0.0756102037071022,0.369976142411452,0,0.183886951734263,0.183519911910442,0.187006790236741
197773.411807,2653366.126422,0.0311754997249221,0.585365853658537,0,0.0201723821749496,0.0740876581698148,0.289198606271777
198273.411807,2653366.126422,0.0296866410115448,0.652922851383544,0,0.0500274876305662,0.0243723657687374,0.242990654205607
198773.411807,2653366.126422,0.0638649293448339,0.549458616259864,0.000550559735731327,0.0756102037071022,0.116718663975041,0.193797026977427
186773.411807,2652866.126422,0.0315596330275229,0.363302752293578,0,0.0801834862385321,0.0902752293577982,0.434678899082569
187273.411807,2652866.126422,0.0148596587782058,0.546688680975968,0.0210970464135021,0.0620069711979453,0.0708126949183636,0.284534947716015
187773.411807,2652866.126422,0.0163003663003663,0.481501831501832,0,0.091025641025641,0.111538461538462,0.2996336996337
188273.411807,2652866.126422,0.0192660550458716,0.433577981651376,0,0.0988990825688073,0.121834862385321,0.326422018348624
188773.411807,2652866.126422,0.00807191341038342,0.465419189139607,0,0.0854889011190607,0.0867730691616217,0.354246927169327
189273.411807,2652866.126422,0.0478021978021978,0.353113553113553,0.0043956043956044,0.0734432234432234,0.0853479853479854,0.435897435897436
189773.411807,2652866.126422,0.00825688073394495,0.535596330275229,0,0,0.0130275229357798,0.443119266055046
190273.411807,2652866.126422,0.016694184553293,0.449642267473858,0,0.000366905155017428,0.0190790680609063,0.514217574756925
190773.411807,2652866.126422,0.0133699633699634,0.617765567765568,0,0,0.00311355311355311,0.365750915750916
191273.411807,2652866.126422,0.179449541284404,0.481284403669725,0.0862385321100917,0.00935779816513761,0.0214678899082569,0.222201834862385
191773.411807,2652866.126422,0.026967528893781,0.254448725004586,0.00146762062006971,0.297560080719134,0.198862594019446,0.220693450742983
192273.411807,2652866.126422,0.0386446886446886,0.421062271062271,0,0.0815018315018315,0.116666666666667,0.342124542124542
192773.411807,2652866.126422,0.126788990825688,0.298165137614679,0,0.115045871559633,0.202752293577982,0.257247706422018
193273.411807,2652866.126422,0.0199963309484498,0.526875802605027,0,0.0766831773986425,0.0986974866996881,0.277747202348193
193773.411807,2652866.126422,0.0597069597069597,0.362820512820513,0,0.0604395604395604,0.0994505494505494,0.417582417582418
194273.411807,2652866.126422,0.0280733944954128,0.49302752293578,0,0.0255045871559633,0.0891743119266055,0.364220183486239
194773.411807,2652866.126422,0.0174279948633278,0.546505228398459,0,0.0654925701706109,0.0781507980187122,0.29242340854889
195273.411807,2652866.126422,0.0423076923076923,0.392124542124542,0,0.076007326007326,0.114285714285714,0.375274725274725
195773.411807,2652866.126422,0.0499082568807339,0.412110091743119,0,0.0776146788990826,0.0776146788990826,0.382752293577982
196273.411807,2652866.126422,0.0348559897266557,0.458081086039259,0,0.182718767198679,0.150247660979637,0.17409649605577
196773.411807,2652866.126422,0.0860805860805861,0.355311355311355,0.0115384615384615,0.228937728937729,0.129487179487179,0.188644688644689
197273.411807,2652866.126422,0.0544954128440367,0.438899082568807,0,0.157064220183486,0.14605504587156,0.20348623853211
197773.411807,2652866.126422,0.0629242340854889,0.387451843698404,0,0.0803522289488167,0.120528343423225,0.348743349844065
198273.411807,2652866.126422,0.0952380952380952,0.341025641025641,0.0152014652014652,0.0672161172161172,0.145787545787546,0.335531135531136
198773.411807,2652866.126422,0.0647706422018349,0.317981651376147,0.00770642201834862,0.172110091743119,0.152110091743119,0.285321100917431
186773.411807,2652366.126422,0.18040293040293,0.341575091575092,0,0.0406593406593407,0.0831501831501831,0.354212454212454
187273.411807,2652366.126422,0.224908424908425,0.185714285714286,0,0.093956043956044,0.0934065934065934,0.402014652014652
187773.411807,2652366.126422,0.0661899523285662,0.395856252291896,0,0.0801246791345801,0.0968096809680968,0.361019435276861
188273.411807,2652366.126422,0.0357142857142857,0.341758241758242,0,0.0745421245421245,0.141025641025641,0.406959706959707
188773.411807,2652366.126422,0.0214285714285714,0.352014652014652,0,0.0793040293040293,0.16959706959707,0.377655677655678
189273.411807,2652366.126422,0.0117345067840117,0.425742574257426,0.000366703337000367,0.0850751741840851,0.0823248991565823,0.394756142280895
189773.411807,2652366.126422,0.0032967032967033,0.489194139194139,0,0.00695970695970696,0.0567765567765568,0.443772893772894
190273.411807,2652366.126422,0,0.464468864468864,0,0.010989010989011,0.0311355311355311,0.493406593406593
190773.411807,2652366.126422,0.0143014301430143,0.532636596993033,0,0.000366703337000367,0.015951595159516,0.436743674367437
191273.411807,2652366.126422,0.00622710622710623,0.621428571428571,0,0.00457875457875458,0.0135531135531136,0.354212454212454
191773.411807,2652366.126422,0.0269230769230769,0.354395604395604,0.0816849816849817,0.0510989010989011,0.0432234432234432,0.442673992673993
192273.411807,2652366.126422,0.013017968463513,0.444261092775944,0,0.0267693436010268,0.0841584158415842,0.431793179317932
192773.411807,2652366.126422,0.0164835164835165,0.566117216117216,0.000183150183150183,0.032967032967033,0.082967032967033,0.301282051282051
193273.411807,2652366.126422,0.0333333333333333,0.402380952380952,0.000183150183150183,0.0813186813186813,0.150915750915751,0.331868131868132
193773.411807,2652366.126422,0.0392372570590392,0.413824715804914,0,0.114594792812615,0.164466446644664,0.267876787678768
194273.411807,2652366.126422,0.0304029304029304,0.404212454212454,0,0.0201465201465201,0.0783882783882784,0.466849816849817
194773.411807,2652366.126422,0.0344322344322344,0.467582417582418,0.00146520146520147,0.0567765567765568,0.0717948717948718,0.367948717948718
195273.411807,2652366.126422,0.0652731939860653,0.245324532453245,0,0.188668866886689,0.238540520718739,0.262192885955262
195773.411807,2652366.126422,0.0622710622710623,0.568864468864469,0,0.0254578754578755,0.0932234432234432,0.25018315018315
196273.411807,2652366.126422,0.0551282051282051,0.51996336996337,0.000183150183150183,0.130769230769231,0.124542124542125,0.169413919413919
196773.411807,2652366.126422,0.022002200220022,0.582874954162083,0.00366703337000367,0.167216721672167,0.0836083608360836,0.140630729739641
197273.411807,2652366.126422,0.0880952380952381,0.351831501831502,0.000366300366300366,0.0706959706959707,0.12967032967033,0.359340659340659
197773.411807,2652366.126422,0.0681318681318681,0.414102564102564,0,0.0725274725274725,0.1003663003663,0.344871794871795
198273.411807,2652366.126422,0.0672900623395673,0.493582691602494,0,0.0366703337000367,0.0471213788045471,0.355335533553355
198773.411807,2652366.126422,0.0628205128205128,0.275457875457875,0.00146520146520147,0.128571428571429,0.141758241758242,0.38992673992674
186773.411807,2651866.126422,0.00385391815011929,0.412185722150853,0.00238575885483575,0.0789135621214902,0.0827674802716095,0.419893558451092
187273.411807,2651866.126422,0.130570328259674,0.215110948101962,0.00128369704749679,0.0885750962772786,0.0977443609022556,0.466715569411333
187773.411807,2651866.126422,0.078248121678578,0.358621953454279,0,0.0494777350192413,0.103353490929082,0.41029869891882
188273.411807,2651866.126422,0.012846393833731,0.434024591668196,0,0.00899247568361167,0.0726738851165352,0.471462653697926
188773.411807,2651866.126422,0.0238400880249404,0.327709517696681,0.000366770584999083,0.175132954337062,0.17604988079956,0.296900788556758
189273.411807,2651866.126422,0.0131940626717977,0.494960601062855,0,0.0157595748579806,0.0168590800806304,0.459226681326736
189773.411807,2651866.126422,0.090475316571848,0.0976325931363553,0,0.031932464672417,0.0341347036153423,0.745824922004037
190273.411807,2651866.126422,0.00788556757748029,0.357601320374106,0,0.000183385292499542,0.0221896203924445,0.61214010636347
190773.411807,2651866.126422,0.00439802089059923,0.490562580172256,0,0,0.00623052959501558,0.498808869342129
191273.411807,2651866.126422,0.0100935951550743,0.685446870985502,0,0.00568911726922371,0.00623967700495504,0.292530739585245
191773.411807,2651866.126422,0.070419952319824,0.591050797726022,0.0130203557674674,0.00238400880249404,0.0342930496974143,0.288831835686778
192273.411807,2651866.126422,0.0573575224482316,0.296133406633681,0.0540590067802822,0.0335349092908191,0.0771486164559282,0.481766538391057
192773.411807,2651866.126422,0.049366856303909,0.377867498623601,0.0489998164800881,0.057258212516058,0.0932281152505047,0.37327950082584
193273.411807,2651866.126422,0.0313588850174216,0.38785989363653,0,0.181368054282047,0.150375939849624,0.249037227214377
193773.411807,2651866.126422,0.00164925783397471,0.594282572842221,0,0.00293201392706615,0.0214403518416712,0.379695803555067
194273.411807,2651866.126422,0.0189025509267756,0.547256377316939,0,0.022389429253074,0.0609286107542668,0.350523031748945
194773.411807,2651866.126422,0.0251237850724372,0.463598019438841,0.000550155877498625,0.0289748762149276,0.0867412433522831,0.395011920044012
195273.411807,2651866.126422,0.0469122228330585,0.363019974344878,0,0.0780648708081363,0.172988821696903,0.339014110317024
195773.411807,2651866.126422,0.0467975775371628,0.420994677922555,0,0.10790970820334,0.134703615342265,0.289594420994678
196273.411807,2651866.126422,0.0665688611773336,0.449660737208876,0,0.119567210709701,0.140839904639648,0.223363286264442
196773.411807,2651866.126422,0.0787978742899029,0.179769103903244,0.000366501740883269,0.367784496976361,0.156496243357156,0.216785779732454
197273.411807,2651866.126422,0.108276748027161,0.105890989172325,0.000550559735731327,0.277298586896678,0.142411451642503,0.365571664525601
197773.411807,2651866.126422,0.0926095727122685,0.430772052081423,0.00146708233999633,0.0896754080322758,0.112598569594719,0.272877315239318
198273.411807,2651866.126422,0.201942459226681,0.178486347810152,0,0.0500274876305662,0.0518599963349826,0.517683708997618
198773.411807,2651866.126422,0.0756102037071022,0.301156175445036,0,0.0704716461736098,0.124059460451459,0.428702514222793
186773.411807,2651366.126422,0.0368807339449541,0.277981651376147,0,0.0403669724770642,0.0469724770642202,0.597798165137615
187273.411807,2651366.126422,0.0462300495321959,0.373509447807742,0,0.0977802238121446,0.104934874334984,0.377545404512933
187773.411807,2651366.126422,0.0950549450549451,0.472527472527473,0,0.0228937728937729,0.0489010989010989,0.360622710622711
188273.411807,2651366.126422,0.0603669724770642,0.344954128440367,0,0.0227522935779817,0.104403669724771,0.467522935779817
188773.411807,2651366.126422,0.0324711062190424,0.55916345624656,0,0.0117409649605577,0.0431113557145478,0.353513116859292
189273.411807,2651366.126422,0.0021978021978022,0.287545787545788,0,0.00274725274725275,0.0126373626373626,0.694871794871795
189773.411807,2651366.126422,0.341834862385321,0.0390825688073395,0,0.0172477064220183,0.24256880733945,0.359266055045872
190273.411807,2651366.126422,0.0297193175564117,0.188222344523941,0,0.00623738763529628,0.0174279948633278,0.758392955421024
190773.411807,2651366.126422,0.0245421245421245,0.418498168498169,0.000183150183150183,0.0272893772893773,0.0950549450549451,0.434432234432234
191273.411807,2651366.126422,0.0278899082568807,0.446788990825688,0,0,0.00293577981651376,0.522385321100917
191773.411807,2651366.126422,0.0467804072647221,0.426343790130251,0,0.0365070629242341,0.130985140341222,0.359383599339571
192273.411807,2651366.126422,0.0761904761904762,0.392124542124542,0,0.0126373626373626,0.0833333333333333,0.435714285714286
192773.411807,2651366.126422,0.0809174311926606,0.529724770642202,0.00036697247706422,0.0535779816513761,0.0675229357798165,0.267889908256881
193273.411807,2651366.126422,0.0651256650155935,0.353146211704274,0.0326545587965511,0.0926435516419006,0.066042927903137,0.390387084938543
193773.411807,2651366.126422,0.00952380952380952,0.418131868131868,0,0.0181318681318681,0.0657509157509158,0.488461538461538
194273.411807,2651366.126422,0.0434862385321101,0.43302752293578,0,0.038348623853211,0.17651376146789,0.308623853211009
194773.411807,2651366.126422,0.0363236103467254,0.305081636396991,0,0.0291689598238855,0.108053568152633,0.521372225279765
195273.411807,2651366.126422,0.0424908424908425,0.418864468864469,0,0.0595238095238095,0.135164835164835,0.343956043956044
195773.411807,2651366.126422,0.0902752293577982,0.278899082568807,0,0.200917431192661,0.16,0.269908256880734
196273.411807,2651366.126422,0.0555861309851403,0.39093744267107,0,0.165841130067877,0.0704457897633462,0.317189506512566
196773.411807,2651366.126422,0.0842490842490843,0.11959706959707,0.0010989010989011,0.434798534798535,0.16025641025641,0.2
197273.411807,2651366.126422,0.103119266055046,0.0207339449541284,0.00623853211009174,0.592660550458716,0.201467889908257,0.0757798165137615
197773.411807,2651366.126422,0.0517336268574573,0.238304898183819,0.00201797835259585,0.355714547789396,0.112272977435333,0.239955971381398
198273.411807,2651366.126422,0.0338827838827839,0.287362637362637,0.000549450549450549,0.194505494505495,0.0923076923076923,0.391391941391941
198773.411807,2651366.126422,0.0543119266055046,0.155229357798165,0,0.283302752293578,0.187339449541284,0.319816513761468
186773.411807,2650866.126422,0.0267399267399267,0.344505494505495,0,0.0269230769230769,0.116117216117216,0.485714285714286
187273.411807,2650866.126422,0.097985347985348,0.208608058608059,0,0.0571428571428571,0.177106227106227,0.459157509157509
187773.411807,2650866.126422,0.102860286028603,0.241107444077741,0,0.0605060506050605,0.126879354602127,0.468646864686469
188273.411807,2650866.126422,0.137545787545788,0.238461538461538,0,0.00970695970695971,0.0915750915750916,0.522710622710623
188773.411807,2650866.126422,0.0336996336996337,0.30970695970696,0,0.0816849816849817,0.102014652014652,0.472893772893773
189273.411807,2650866.126422,0,0.502566923359003,0,0.0117345067840117,0.0526219288595526,0.433076640997433
189773.411807,2650866.126422,0.122893772893773,0.605677655677656,0,0.00146520146520147,0.0232600732600733,0.246703296703297
190273.411807,2650866.126422,0.0148351648351648,0.282783882783883,0,0,0.00128205128205128,0.701098901098901
190773.411807,2650866.126422,0.0410707737440411,0.315548221488816,0,0.0447378071140447,0.104143747708104,0.494499449944995
191273.411807,2650866.126422,0.0357142857142857,0.45952380952381,0,0,0.00531135531135531,0.499450549450549
191773.411807,2650866.126422,0.0336996336996337,0.402930402930403,0,0.0296703296703297,0.0745421245421245,0.459157509157509
192273.411807,2650866.126422,0.0496883021635497,0.42995966263293,0,0.00366703337000367,0.0427209387605427,0.473964063072974
192773.411807,2650866.126422,0.0296703296703297,0.436263736263736,0,0.0119047619047619,0.0478021978021978,0.474358974358974
193273.411807,2650866.126422,0.137179487179487,0.112820512820513,0.0225274725274725,0.0893772893772894,0.15018315018315,0.487912087912088
193773.411807,2650866.126422,0.0771910524385772,0.327832783278328,0.000733406674000733,0.0896589658965897,0.152181884855152,0.352401906857352
194273.411807,2650866.126422,0.0571428571428571,0.398351648351648,0,0.0274725274725275,0.0877289377289377,0.429304029304029
194773.411807,2650866.126422,0.0446886446886447,0.444505494505494,0,0.0296703296703297,0.0532967032967033,0.427838827838828
195273.411807,2650866.126422,0.0797579757975798,0.229006233956729,0.000916758342500917,0.232673267326733,0.216171617161716,0.241474147414741
195773.411807,2650866.126422,0.0738095238095238,0.272710622710623,0.000732600732600733,0.273992673992674,0.148901098901099,0.22985347985348
196273.411807,2650866.126422,0.071978021978022,0.0721611721611722,0.00512820512820513,0.506043956043956,0.15018315018315,0.194505494505495
196773.411807,2650866.126422,0.0577557755775578,0.026035936927026,0.0165016501650165,0.705903923725706,0.13036303630363,0.0634396773010634
197273.411807,2650866.126422,0.0543956043956044,0.0298534798534799,0.0102564102564103,0.660622710622711,0.145421245421245,0.0994505494505494
197773.411807,2650866.126422,0.0571428571428571,0.326923076923077,0.000183150183150183,0.251098901098901,0.119230769230769,0.245421245421245
198273.411807,2650866.126422,0.0141180784745141,0.379354602126879,0,0.118995232856619,0.114961496149615,0.372570590392373
198773.411807,2650866.126422,0.0525641025641026,0.387545787545788,0,0.0201465201465201,0.060989010989011,0.478754578754579
186773.411807,2650366.126422,0.0218388695173426,0.284272343549275,0,0.126078179482474,0.167186639750413,0.400623967700496
187273.411807,2650366.126422,0.0363102879149092,0.299651567944251,0.0231065468549422,0.20814230698698,0.161379057399597,0.271410232899321
187773.411807,2650366.126422,0.0382994319223016,0.324354040681693,0,0.125893347993403,0.117097306212205,0.394355873190398
188273.411807,2650366.126422,0.0765278032666544,0.21178197834465,0,0.0574417324279684,0.130299137456414,0.523949348504313
188773.411807,2650366.126422,0.0386942967174033,0.420685860993948,0,0.0685860993948285,0.0540986612873648,0.417935081606455
189273.411807,2650366.126422,0.0593732820230896,0.155579989004948,0,0.0635880520432472,0.0844786512735936,0.636980025655122
189773.411807,2650366.126422,0.148834648559369,0.401541567260048,0,0.000183519911910442,0.0434942191227748,0.405946045145898
190273.411807,2650366.126422,0.0601503759398496,0.486154410416285,0.000366770584999083,0.0485971025123785,0.111681643132221,0.293049697414267
190773.411807,2650366.126422,0.0919919369617006,0.051676745464541,0.00403151914971596,0.327102803738318,0.317573758475353,0.207623236210372
191273.411807,2650366.126422,0.0168838318957607,0.421545237658286,0,0.0467975775371628,0.0871719581574601,0.427601394751331
191773.411807,2650366.126422,0.0146708233999633,0.535668439391161,0,0.0253071703649367,0.0335595085274161,0.390794058316523
192273.411807,2650366.126422,0.0284038849184534,0.465090709180869,0,0.0339014110317024,0.0743998533993036,0.398204141469672
192773.411807,2650366.126422,0.0860708386859974,0.346669113598825,0,0.130482657368324,0.150669847678473,0.28610754266838
193273.411807,2650366.126422,0.0623509994498441,0.308270676691729,0,0.123418301852191,0.186502842472034,0.319457179534201
193773.411807,2650366.126422,0.0949239508887667,0.165658786879238,0.024555616639179,0.174271577789994,0.109950522264981,0.430639545537841
194273.411807,2650366.126422,0.068452927142595,0.198935584510919,0.000367039823820885,0.200587263718113,0.193429987153606,0.338227197650945
194773.411807,2650366.126422,0.0713368787823217,0.357601320374106,0,0.134788189987163,0.134421419402164,0.301852191454245
195273.411807,2650366.126422,0.0249221183800623,0.511636430273044,0.000366501740883269,0.118380062305296,0.087777166941543,0.256917720359172
195773.411807,2650366.126422,0.0512020554230134,0.224995412002202,0.000367039823820885,0.181684712791338,0.172508717195816,0.36924206276381
196273.411807,2650366.126422,0.0599669906473501,0.0799559875298001,0.000916926462497708,0.430405281496424,0.200623509994498,0.22813130386943
196773.411807,2650366.126422,0.0652373098772219,0.0489279824079164,0.0130108118013561,0.586586036283672,0.151914971596115,0.134322888033718
197273.411807,2650366.126422,0.0473481372728941,0.0216553496054322,0.00660671682877592,0.7592218755735,0.131583776839787,0.0335841438796109
197773.411807,2650366.126422,0.0207225380524482,0.0825233816247937,0.004401247019989,0.641481753163396,0.0779387493123052,0.172932330827068
198273.411807,2650366.126422,0.0289536375297783,0.226864577606744,0,0.124060839288987,0.0907091808686091,0.529411764705882
198773.411807,2650366.126422,0.0387227014131033,0.347403193246467,0.000367039823820885,0.0935951550743256,0.0772618829142962,0.442650027527987
186773.411807,2649866.126422,0.00440366972477064,0.664403669724771,0,0.0269724770642202,0.0504587155963303,0.253761467889908
187273.411807,2649866.126422,0.0293524124013942,0.367272060172445,0,0.0223812144560631,0.0458631443771785,0.535131168592919
187773.411807,2649866.126422,0.0195970695970696,0.281135531135531,0,0.000732600732600733,0.039010989010989,0.65952380952381
188273.411807,2649866.126422,0.110091743119266,0.366238532110092,0,0.0311926605504587,0.044954128440367,0.447522935779816
188773.411807,2649866.126422,0.0361401577692167,0.63621353880022,0,0.00715465052283985,0.0403595670519171,0.280132085855806
189273.411807,2649866.126422,0.111904761904762,0.232783882783883,0,0,0.00677655677655678,0.648534798534799
189773.411807,2649866.126422,0.00330275229357798,0.429174311926605,0,0,0.00220183486238532,0.565321100917431
190273.411807,2649866.126422,0.00623738763529628,0.30673270959457,0,0.00091726288754357,0.0458631443771785,0.640249495505412
190773.411807,2649866.126422,0.0483516483516484,0.275091575091575,0.000732600732600733,0.124358974358974,0.180952380952381,0.370512820512821
191273.411807,2649866.126422,0.0220183486238532,0.381100917431193,0,0.0644036697247706,0.160183486238532,0.372293577981651
191773.411807,2649866.126422,0.0214639515685195,0.493303980920932,0,0.0172445422858191,0.0559530361401578,0.412034489084572
192273.411807,2649866.126422,0.0485347985347985,0.456410256410256,0,0.0886446886446886,0.0529304029304029,0.353479853479854
192773.411807,2649866.126422,0.0653211009174312,0.320366972477064,0.000917431192660551,0.224220183486239,0.117614678899083,0.271559633027523
193273.411807,2649866.126422,0.105852137222528,0.133920381581361,0.000183452577508714,0.347459181801504,0.1726288754357,0.239955971381398
193773.411807,2649866.126422,0.0318681318681319,0.297252747252747,0.0104395604395604,0.143040293040293,0.06996336996337,0.447435897435897
194273.411807,2649866.126422,0.0478899082568807,0.38,0.00623853211009174,0.11743119266055,0.0754128440366972,0.37302752293578
194773.411807,2649866.126422,0.0234819299211154,0.411117226197028,0.000733810310034856,0.0528343423225096,0.086589616584113,0.425243074665199
195273.411807,2649866.126422,0.032967032967033,0.386080586080586,0.000915750915750916,0.0571428571428571,0.111538461538462,0.411355311355311
195773.411807,2649866.126422,0.0458715596330275,0.263669724770642,0,0.0825688073394495,0.220917431192661,0.38697247706422
196273.411807,2649866.126422,0.0906255732893047,0.0691616217207852,0.00935608145294441,0.408915795266924,0.181618051733627,0.240322876536415
196773.411807,2649866.126422,0.0787545787545788,0.0485347985347985,0.000183150183150183,0.463003663003663,0.171062271062271,0.238461538461538
197273.411807,2649866.126422,0.144587155963303,0.0355963302752294,0.0018348623853211,0.476330275229358,0.220917431192661,0.120733944954128
197773.411807,2649866.126422,0.0792515134837644,0.154650522839846,0.00220143093010457,0.300862227114291,0.124013942395891,0.339020363236103
198273.411807,2649866.126422,0.0501831501831502,0.106410256410256,0.000732600732600733,0.404029304029304,0.147619047619048,0.291025641025641
198773.411807,2649866.126422,0.0543119266055046,0.202018348623853,0,0.200733944954128,0.208807339449541,0.334128440366972
186773.411807,2649366.126422,0.00164835164835165,0.588644688644689,0,0.000732600732600733,0.0351648351648352,0.373809523809524
187273.411807,2649366.126422,0.0956043956043956,0.292124542124542,0.000183150183150183,0.10018315018315,0.231684981684982,0.28021978021978
187773.411807,2649366.126422,0.0146681334800147,0.589108910891089,0,0.00733406674000733,0.0441877521085442,0.344701136780345
188273.411807,2649366.126422,0.0205128205128205,0.663919413919414,0,0.000732600732600733,0.0195970695970696,0.295238095238095
188773.411807,2649366.126422,0.0100732600732601,0.825457875457875,0,0,0.00146520146520147,0.163003663003663
189273.411807,2649366.126422,0.0342867620095343,0.385588558855886,0,0.00623395672900623,0.037953795379538,0.535936927026036
189773.411807,2649366.126422,0.056959706959707,0.368315018315018,0,0.00531135531135531,0.0415750915750916,0.527838827838828
190273.411807,2649366.126422,0,0.299084249084249,0.000183150183150183,0.00164835164835165,0.0490842490842491,0.65
190773.411807,2649366.126422,0.0104510451045105,0.247341400806747,0,0.0234690135680235,0.0548221488815548,0.663916391639164
191273.411807,2649366.126422,0.0175824175824176,0.588827838827839,0,0.0899267399267399,0.0783882783882784,0.225274725274725
191773.411807,2649366.126422,0.00402930402930403,0.653846153846154,0,0.00915750915750916,0.0106227106227106,0.322344322344322
192273.411807,2649366.126422,0.0275027502750275,0.615878254492116,0,0.00935093509350935,0.0212687935460213,0.325999266593326
192773.411807,2649366.126422,0.028021978021978,0.636446886446886,0,0.0450549450549451,0.0373626373626374,0.253113553113553
193273.411807,2649366.126422,0.0721611721611722,0.344688644688645,0,0.063003663003663,0.161721611721612,0.358424908424908
193773.411807,2649366.126422,0.13971397139714,0.220572057205721,0,0.106343967730106,0.196919691969197,0.336450311697836
194273.411807,2649366.126422,0.105494505494505,0.333150183150183,0.0120879120879121,0.0315018315018315,0.0531135531135531,0.464652014652015
194773.411807,2649366.126422,0.0271062271062271,0.331868131868132,0,0.0600732600732601,0.132051282051282,0.448901098901099
195273.411807,2649366.126422,0.00953428676200953,0.2995966263293,0,0.0372203887055372,0.123762376237624,0.52988632196553
195773.411807,2649366.126422,0.039010989010989,0.28956043956044,0.00164835164835165,0.0774725274725275,0.125457875457875,0.466849816849817
196273.411807,2649366.126422,0.0243589743589744,0.437545787545788,0,0.0426739926739927,0.08003663003663,0.415384615384615
196773.411807,2649366.126422,0.103226989365603,0.285478547854785,0,0.0205353868720205,0.0746241290795746,0.516134946828016
197273.411807,2649366.126422,0.103479853479853,0.036996336996337,0.000549450549450549,0.226007326007326,0.184981684981685,0.447985347985348
197773.411807,2649366.126422,0.0750915750915751,0.165750915750916,0,0.163186813186813,0.171428571428571,0.424542124542125
198273.411807,2649366.126422,0.110927759442611,0.0804913824715805,0,0.185001833516685,0.162082874954162,0.461496149614961
198773.411807,2649366.126422,0.0952380952380952,0.122161172161172,0,0.26978021978022,0.185714285714286,0.327106227106227
186773.411807,2648866.126422,0.00422095797394017,0.591301156175445,0.0363369425582676,0.0337676637915214,0.0425766195632226,0.291796659937603
187273.411807,2648866.126422,0.0289748762149276,0.476434989913809,0.000550155877498625,0.0854575463047864,0.162662754447093,0.245919677241885
187773.411807,2648866.126422,0.015026571376214,0.666300164925783,0,0.00733003481766538,0.036100421477002,0.275242807403335
188273.411807,2648866.126422,0.00844191594788034,0.599376032299505,0,0.0185355111029547,0.0541383740135805,0.31950816663608
188773.411807,2648866.126422,0.00366770584999083,0.485420869246286,0,0.0150375939849624,0.0418118466898955,0.454061984228865
189273.411807,2648866.126422,0.0126443100604728,0.433938061205791,0,0.000183250870441635,0.0199743448781382,0.533260032985157
189773.411807,2648866.126422,0.0183519911910442,0.343182235272527,0.00697375665259681,0.0568911726922371,0.039823820884566,0.534777023307029
190273.411807,2648866.126422,0.109664404914726,0.037593984962406,0,0,0.00385109114249037,0.848890518980378
