"x","y","forest","agri","water","built","other","grass"
189273.411807,2668866.126422,0,0.150951464614069,0.294205687406457,0.294419499679282,0.0369895231986316,0.223433825101561
189773.411807,2668866.126422,0,0.206240649711477,0.0252190639025433,0.331267364821543,0.114768112844625,0.322504808719812
190273.411807,2668866.126422,0.00128259940145361,0.306968790081231,0.0123984608807183,0.248396750748183,0.26100897819581,0.169944420692604
190773.411807,2668866.126422,0.104554201411161,0.111610006414368,0.212743211460338,0.158007269617276,0.0808210391276459,0.332264271969211
191273.411807,2668866.126422,0.000213720880530028,0.0547125454156871,0.717033554178243,0.158153451592221,0.0495832442829664,0.0203034836503526
191773.411807,2668866.126422,0,0.00149636596836255,0.484181274048739,0.491663103890552,0.0224454895254382,0.000213766566908935
192273.411807,2668866.126422,0.00085524909129784,0.0359204618345093,0.606371605730169,0.312165918323712,0.0215950395552705,0.0230917254650417
192773.411807,2668866.126422,0,0.0267151100662535,0.608463346868989,0.275699935883736,0.0320581320795042,0.0570634751015174
193273.411807,2668866.126422,0.0121846943138093,0.1004702864472,0.0718255664814023,0.0305686190679778,0.049807610089782,0.735143223599829
193773.411807,2668866.126422,0.00491768227496258,0.201197348727817,0.00235193500106906,0.0277955954671798,0.0207397904639726,0.742997648064999
194273.411807,2668866.126422,0.00470185937166061,0.250267151100663,0.00876255610173114,0.0429578969865356,0.0363325496901047,0.656977986749305
194773.411807,2668866.126422,0.0209491235570757,0.17272338606242,0.0386917486105173,0.245831551945276,0.125267208208636,0.396536981616075
195273.411807,2668866.126422,0.0265127218302331,0.210818901004918,0.00085524909129784,0.196279666452854,0.106050887320932,0.459482574299765
195773.411807,2668866.126422,0.0226544133361829,0.510365462705706,0,0.138063688822398,0.0592006839068177,0.269715751228895
196273.411807,2668866.126422,0.0342026507054297,0.526293287729799,0.000213766566908935,0.202436938862762,0.0884993587002993,0.148353997434801
196773.411807,2668866.126422,0.0620055591190934,0.349583066067992,0.0010690613641223,0.286294633311952,0.121445370964293,0.179602309172546
197273.411807,2668866.126422,0.0897627698226117,0.190852746313315,0,0.297499465697799,0.170549262662962,0.251335755503313
197773.411807,2668866.126422,0.0502351432235998,0.398674647285165,0.000213766566908935,0.185763146643865,0.104104318084652,0.26100897819581
198273.411807,2668866.126422,0.0372033354714561,0.156724395980329,0.00042762454564892,0.403036134274107,0.140688475518495,0.261920034209964
198773.411807,2668866.126422,0.0329130156016243,0.15366531310109,0.00598418465484078,0.468903611882881,0.193844838640735,0.144689036118829
189273.411807,2668366.126422,0,0.21971779365952,0,0.00109950522264981,0.210005497526113,0.569177203591717
189773.411807,2668366.126422,0,0.173976876491099,0,0.122224261332355,0.48559368691503,0.218205175261516
190273.411807,2668366.126422,0,0.145607922244636,0,0.00146708233999633,0.119567210709701,0.733357784705667
192773.411807,2668366.126422,0.00293631859056708,0.0645990089924757,0.259130115617545,0.44797210497339,0.0741420444118187,0.151220407414204
193273.411807,2668366.126422,0.00898587933247754,0.132954337062168,0.0669356317623327,0.139556207592151,0.189437007152026,0.462130937098845
193773.411807,2668366.126422,0.0119113065787062,0.204691222283306,0.00769653655854865,0.0962067069818582,0.0771486164559282,0.602345611141653
194273.411807,2668366.126422,0.0200036703982382,0.160763442833547,0.00146815929528354,0.0873554780693705,0.085887318774087,0.644521930629473
194773.411807,2668366.126422,0.01998899688245,0.197139189437007,0.0187052998349532,0.31193838254172,0.126719237117183,0.325508894186686
195273.411807,2668366.126422,0.0168590800806304,0.417811984606927,0.00329851566794942,0.0403151914971596,0.0606560381161811,0.461059190031153
195773.411807,2668366.126422,0.0337676637915214,0.555698293264819,0.00110111947146265,0.143696091025876,0.0519361350706552,0.213800697375665
196273.411807,2668366.126422,0.0229231615624427,0.499724922061251,0,0.141756831102146,0.0689528699798276,0.266642215294333
196773.411807,2668366.126422,0.0480117280557083,0.510720175920836,0,0.157778999450247,0.0866776617188932,0.196811434854316
197273.411807,2668366.126422,0.044411818682327,0.535511102954671,0,0.146999449440264,0.106258028996146,0.166819599926592
197773.411807,2668366.126422,0.0634513112048414,0.421236016871447,0,0.239684577296901,0.0588666788923528,0.216761415734458
198273.411807,2668366.126422,0.062671797691039,0.343412131207623,0.00128275609309144,0.281656587868792,0.0806303829943192,0.230346344145135
198773.411807,2668366.126422,0.015782712424298,0.0897412369242063,0.012846393833731,0.683978711690218,0.0983666727839971,0.0992842723435493
188773.411807,2667866.126422,0.0223812144560631,0.112456430012842,0.0515501742799486,0.0755824619335902,0.122546321775821,0.615483397541735
189273.411807,2667866.126422,0,0.169047619047619,0,0.124542124542125,0.416666666666667,0.28974358974359
189773.411807,2667866.126422,0,0.0418348623853211,0,0.0988990825688073,0.165321100917431,0.69394495412844
190273.411807,2667866.126422,0,0.0678774536782242,0,0,0.0352228948816731,0.896899651440103
192773.411807,2667866.126422,0.00018348623853211,0.179266055045872,0.105871559633028,0.391926605504587,0.0825688073394495,0.240183486238532
193273.411807,2667866.126422,0.0293524124013942,0.142542652724271,0.00513667217024399,0.172995780590717,0.137772885709044,0.512199596404329
193773.411807,2667866.126422,0.0263736263736264,0.118315018315018,0.00238095238095238,0.333699633699634,0.141941391941392,0.377289377289377
194273.411807,2667866.126422,0.024954128440367,0.227339449541284,0.00146788990825688,0.164587155963303,0.105688073394495,0.475963302752294
194773.411807,2667866.126422,0.0159603742432581,0.181984956888644,0,0.249862410566868,0.115391671252981,0.436800587048248
195273.411807,2667866.126422,0.00934065934065934,0.367032967032967,0.00512820512820513,0.056959706959707,0.0686813186813187,0.492857142857143
195773.411807,2667866.126422,0.00807339449541284,0.59045871559633,0,0.0829357798165138,0.0662385321100917,0.252293577981651
196273.411807,2667866.126422,0.0392588515868648,0.430196294257934,0,0.213538800220143,0.102549990827371,0.214456063107687
196773.411807,2667866.126422,0.0326007326007326,0.426190476190476,0.000183150183150183,0.204029304029304,0.128754578754579,0.208241758241758
197273.411807,2667866.126422,0.0161467889908257,0.614311926605505,0,0.0807339449541284,0.058348623853211,0.23045871559633
197773.411807,2667866.126422,0.0618235186204366,0.304347826086957,0,0.182902219776188,0.108053568152633,0.342872867363786
198273.411807,2667866.126422,0.052014652014652,0.078021978021978,0.0032967032967033,0.563186813186813,0.12014652014652,0.183333333333333
198773.411807,2667866.126422,0.0603669724770642,0.053394495412844,0.00954128440366972,0.636146788990826,0.125871559633028,0.114678899082569
188273.411807,2667366.126422,0.0419413919413919,0.0767399267399267,0.297252747252747,0.0871794871794872,0.0472527472527473,0.4496336996337
188773.411807,2667366.126422,0.0124542124542125,0.0421245421245421,0,0,0.0441391941391941,0.901282051282051
189273.411807,2667366.126422,0,0.0999266593325999,0,0.0682068206820682,0.134030069673634,0.697836450311698
189773.411807,2667366.126422,0.0021978021978022,0.0296703296703297,0,0,0.00293040293040293,0.965201465201465
190273.411807,2667366.126422,0.0245421245421245,0.221245421245421,0,0.0434065934065934,0.232051282051282,0.478754578754579
192773.411807,2667366.126422,0.00311355311355311,0.15970695970696,0.341941391941392,0.231135531135531,0.103479853479853,0.160622710622711
193273.411807,2667366.126422,0.00457875457875458,0.240842490842491,0.0597069597069597,0.162271062271062,0.0798534798534798,0.452747252747253
193773.411807,2667366.126422,0.0201686835350202,0.127979464613128,0,0.397323065639897,0.142097543087642,0.312431243124312
194273.411807,2667366.126422,0.0126373626373626,0.317948717948718,0,0.0624542124542125,0.0648351648351648,0.542124542124542
194773.411807,2667366.126422,0.028021978021978,0.283333333333333,0.000183150183150183,0.307875457875458,0.106959706959707,0.273626373626374
195273.411807,2667366.126422,0.0177851118445178,0.241290795746241,0.000733406674000733,0.0737073707370737,0.066006600660066,0.6004767143381
195773.411807,2667366.126422,0.0254578754578755,0.370695970695971,0.00183150183150183,0.19981684981685,0.112820512820513,0.289377289377289
196273.411807,2667366.126422,0.0518315018315018,0.344688644688645,0,0.255494505494505,0.126373626373626,0.221611721611722
196773.411807,2667366.126422,0.0172350568390172,0.535203520352035,0.000916758342500917,0.0865419875320865,0.0762742940960763,0.283828382838284
197273.411807,2667366.126422,0.0397435897435897,0.202197802197802,0.00146520146520147,0.112820512820513,0.11959706959707,0.524175824175824
197773.411807,2667366.126422,0.0364468864468864,0.314102564102564,0.000183150183150183,0.158791208791209,0.138461538461538,0.352014652014652
198273.411807,2667366.126422,0.0407040704070407,0.133296662999633,0.0011001100110011,0.585991932526586,0.102676934360103,0.136230289695636
198773.411807,2667366.126422,0.0289377289377289,0.00952380952380952,0.00384615384615385,0.83021978021978,0.104578754578755,0.0228937728937729
188273.411807,2666866.126422,0.00385391815011929,0.616259864195265,0,0.00110111947146265,0.157460084419159,0.221325013763993
188773.411807,2666866.126422,0.00311754997249221,0.340363102879149,0,0.035209976159912,0.0755547405098111,0.545754630478636
189273.411807,2666866.126422,0.00146600696353308,0.0131940626717977,0,0,0.00971229613340663,0.975627634231263
189773.411807,2666866.126422,0.00201871903101487,0.009543035419343,0,0,0.0110111947146265,0.977427050835016
190273.411807,2666866.126422,0.0399779937649001,0.0254905556574363,0,0.324958738309188,0.0548322024573629,0.554740509811113
192773.411807,2666866.126422,0.00385391815011929,0.213617177463755,0.192145347770233,0.179665993760323,0.0814828408882364,0.329234721967333
193273.411807,2666866.126422,0.00458463231248854,0.253255088941867,0.0689528699798276,0.153310104529617,0.1201173665872,0.399779937649001
193773.411807,2666866.126422,0.00861279091075683,0.387575590984057,0.00183250870441635,0.0927249404434671,0.051126992853216,0.458127176104086
194273.411807,2666866.126422,0.00183519911910442,0.420077078363002,0,0.0238575885483575,0.0222059093411635,0.532024224628372
194773.411807,2666866.126422,0.0245736291949386,0.286264441591784,0,0.268659453511828,0.121584448927196,0.298918026774253
195273.411807,2666866.126422,0.0390324354040682,0.0969397104636247,0,0.434121312076232,0.244639912039582,0.185266630016493
195773.411807,2666866.126422,0.0434942191227748,0.240227564690769,0.000183519911910442,0.20334006239677,0.162598641952652,0.350155991925124
196273.411807,2666866.126422,0.0280579497524299,0.418852008068953,0,0.068402714102329,0.0922428021272694,0.392444525949019
196773.411807,2666866.126422,0.0238226131574125,0.219901044529962,0,0.0841121495327103,0.0863111599780099,0.585853032801906
197273.411807,2666866.126422,0.02073775004588,0.167003119838502,0.0104606349788952,0.142044411818682,0.10790970820334,0.5518443751147
197773.411807,2666866.126422,0.0190720704199523,0.148725472217128,0.00311754997249221,0.296534017971759,0.121401063634696,0.411149825783972
198273.411807,2666866.126422,0.0434304562946674,0.114165292285138,0.000366501740883269,0.435953820780649,0.166575041231446,0.239508887667216
198773.411807,2666866.126422,0.0489998164800881,0.0453294182418792,0.00256927876674619,0.658469443934667,0.140025692787667,0.104606349788952
187773.411807,2666366.126422,0.0532967032967033,0.588278388278388,0,0.0250915750915751,0.00531135531135531,0.328021978021978
192773.411807,2666366.126422,0.00770642201834862,0.357981651376147,0.0108256880733945,0.0774311926605505,0.0636697247706422,0.482385321100917
193273.411807,2666366.126422,0.00642084021280499,0.458631443771785,0.0339387268391121,0.0678774536782242,0.0464135021097046,0.386718033388369
193773.411807,2666366.126422,0.0106227106227106,0.502564102564103,0.000183150183150183,0.101098901098901,0.0547619047619048,0.330769230769231
194273.411807,2666366.126422,0.0154128440366972,0.327155963302752,0.00110091743119266,0.19651376146789,0.0924770642201835,0.367339449541284
194773.411807,2666366.126422,0.029535864978903,0.183636030086223,0.00366905155017428,0.240322876536415,0.125114657860943,0.417721518987342
195273.411807,2666366.126422,0.0179487179487179,0.219230769230769,0,0.163553113553114,0.133333333333333,0.465934065934066
195773.411807,2666366.126422,0.0322935779816514,0.291192660550459,0,0.183853211009174,0.165688073394495,0.32697247706422
196273.411807,2666366.126422,0.0163272793982755,0.279031370390754,0,0.0858558062740782,0.108237020730141,0.510548523206751
196773.411807,2666366.126422,0.0375457875457875,0.233516483516484,0.0144688644688645,0.181501831501831,0.117765567765568,0.415201465201465
197273.411807,2666366.126422,0.038348623853211,0.278899082568807,0.00330275229357798,0.197798165137615,0.116697247706422,0.364954128440367
197773.411807,2666366.126422,0.0194459732159237,0.11979453311319,0,0.314254265272427,0.135021097046413,0.411484131352045
198273.411807,2666366.126422,0.0424908424908425,0.0652014652014652,0.00128205128205128,0.427655677655678,0.154945054945055,0.308424908424908
198773.411807,2666366.126422,0.0337614678899083,0.223853211009174,0.00036697247706422,0.191192660550459,0.134495412844037,0.416330275229358
192273.411807,2665866.126422,0.00201686835350202,0.0636230289695636,0.489365603226989,0.157132379904657,0.085991932526586,0.201870187018702
192773.411807,2665866.126422,0.0194139194139194,0.152380952380952,0.0445054945054945,0.14981684981685,0.0750915750915751,0.558791208791209
193273.411807,2665866.126422,0.0227106227106227,0.338095238095238,0.0443223443223443,0.147802197802198,0.0672161172161172,0.37985347985348
193773.411807,2665866.126422,0.0122845617895123,0.320498716538321,0,0.197103043637697,0.0685735240190686,0.401540154015402
194273.411807,2665866.126422,0.026007326007326,0.208791208791209,0.000183150183150183,0.260622710622711,0.113919413919414,0.39047619047619
194773.411807,2665866.126422,0.00860805860805861,0.408424908424908,0,0.0514652014652015,0.0470695970695971,0.484432234432234
195273.411807,2665866.126422,0.017968463513018,0.551338467180051,0,0.0757242390905757,0.0526219288595526,0.302346901356802
195773.411807,2665866.126422,0.0238095238095238,0.396153846153846,0,0.0983516483516483,0.097985347985348,0.383699633699634
196273.411807,2665866.126422,0.0283882783882784,0.253113553113553,0.00164835164835165,0.195421245421245,0.113369963369963,0.408058608058608
196773.411807,2665866.126422,0.0344701136780345,0.308947561422809,0.00183351668500183,0.253758709204254,0.115878254492116,0.285111844517785
197273.411807,2665866.126422,0.0435897435897436,0.356776556776557,0.00183150183150183,0.192307692307692,0.133882783882784,0.271611721611722
197773.411807,2665866.126422,0.0424908424908425,0.248901098901099,0,0.111172161172161,0.0996336996336996,0.497802197802198
198273.411807,2665866.126422,0.0374037403740374,0.255958929226256,0.000916758342500917,0.252475247524752,0.115878254492116,0.337367070040337
198773.411807,2665866.126422,0.023992673992674,0.427289377289377,0.00311355311355311,0.093040293040293,0.0525641025641026,0.4
192773.411807,2665366.126422,0.00587263718113415,0.319875206459901,0.229950449623784,0.144980730409249,0.117085703798862,0.182235272527069
193273.411807,2665366.126422,0.0311754997249221,0.206675224646983,0.00696864111498258,0.106180084357235,0.101778837337246,0.547221712818632
193773.411807,2665366.126422,0.0355506688656771,0.0701850833791461,0.119479567527946,0.401136155396738,0.148249954187282,0.225398570643211
194273.411807,2665366.126422,0.0143145531290145,0.30299137456414,0.15360616626904,0.144430170673518,0.0756102037071022,0.309047531657185
194773.411807,2665366.126422,0.0117366587199707,0.456629378323858,0.125985695947185,0.0940766550522648,0.0364936732074088,0.275077938749312
195273.411807,2665366.126422,0.0273043796958036,0.370899761773868,0.0941909474070002,0.0481949789261499,0.0536925050393989,0.405717427157779
195773.411807,2665366.126422,0.0262433474031932,0.261882914296201,0,0.289410901082767,0.118737383006056,0.303725454211782
196273.411807,2665366.126422,0.041995231982395,0.25600586832936,0.000550155877498625,0.192371171832019,0.150926095727123,0.358151476251605
196773.411807,2665366.126422,0.0355506688656771,0.171156312992487,0,0.382078064870808,0.172439069085578,0.23877588418545
197273.411807,2665366.126422,0.0423930996513122,0.218939254909158,0,0.0803817214167737,0.0996513121673702,0.558634611855386
197773.411807,2665366.126422,0.0346598202824134,0.0783055198973042,0.000733541169998166,0.458279845956354,0.141573445809646,0.286447826884284
198273.411807,2665366.126422,0.0199743448781382,0.422393256367968,0,0.10536925050394,0.0555250137438153,0.396738134506139
198773.411807,2665366.126422,0.0482657368324463,0.380987337126078,0.000550559735731327,0.212149018168471,0.0939621948981464,0.264085153239126
192273.411807,2664866.126422,0.0203296703296703,0.0216117216117216,0.287179487179487,0.0710622710622711,0.0573260073260073,0.542490842490842
192773.411807,2664866.126422,0.00752293577981651,0.141284403669725,0.161651376146789,0.377614678899083,0.17302752293578,0.138899082568807
193273.411807,2664866.126422,0.00587048248027885,0.0964960557695836,0.00201797835259585,0.0834709227664649,0.0821867547239039,0.729957805907173
193773.411807,2664866.126422,0.0223443223443223,0.108424908424908,0.00238095238095238,0.130769230769231,0.127472527472527,0.608608058608059
194273.411807,2664866.126422,0.0108256880733945,0.337064220183486,0.00018348623853211,0.126788990825688,0.068256880733945,0.456880733944954
194773.411807,2664866.126422,0.0247660979636764,0.296826270409099,0.0333883691065859,0.207484865162356,0.146395156851954,0.291139240506329
195273.411807,2664866.126422,0.0216117216117216,0.337912087912088,0.05,0.274175824175824,0.131868131868132,0.184432234432234
195773.411807,2664866.126422,0.036697247706422,0.220733944954128,0.0860550458715596,0.212110091743119,0.0917431192660551,0.352660550458716
196273.411807,2664866.126422,0.0489818381948266,0.172261970280682,0.017978352595854,0.417538066409833,0.101999633094845,0.241240139423959
196773.411807,2664866.126422,0.0424908424908425,0.202197802197802,0.0388278388278388,0.254761904761905,0.13021978021978,0.331501831501831
197273.411807,2664866.126422,0.0264220183486239,0.0486238532110092,0.000917431192660551,0.623853211009174,0.148990825688073,0.151192660550459
197773.411807,2664866.126422,0.0774169877086773,0.154650522839846,0.00110071546505228,0.296642817831591,0.160154100165107,0.310034855989727
198273.411807,2664866.126422,0.0256410256410256,0.301465201465201,0.000366300366300366,0.122527472527473,0.113736263736264,0.436263736263736
198773.411807,2664866.126422,0.0278899082568807,0.37302752293578,0.00018348623853211,0.0732110091743119,0.0730275229357798,0.452660550458716
188773.411807,2664366.126422,0.00549450549450549,0.181135531135531,0,0.192673992673993,0.151282051282051,0.469413919413919
189273.411807,2664366.126422,0.0210854418775211,0.210854418775211,0.0353868720205354,0.365053171983865,0.0909424275760909,0.276677667766777
189773.411807,2664366.126422,0.0184981684981685,0.0481684981684982,0.0327838827838828,0.721428571428571,0.108424908424908,0.0706959706959707
190273.411807,2664366.126422,0.015018315018315,0.0523809523809524,0.0294871794871795,0.743772893772894,0.0758241758241758,0.0835164835164835
190773.411807,2664366.126422,0.0456545654565457,0.0141180784745141,0.104877154382105,0.656949028236157,0.0520718738540521,0.126329299596626
191273.411807,2664366.126422,0.00256410256410256,0.0357142857142857,0.489377289377289,0.322710622710623,0.0186813186813187,0.130952380952381
191773.411807,2664366.126422,0.00274725274725275,0.111172161172161,0.152014652014652,0.101465201465201,0.0785714285714286,0.554029304029304
192273.411807,2664366.126422,0.0157682434910158,0.301246791345801,0.0117345067840117,0.0586725339200587,0.0911257792445911,0.521452145214521
192773.411807,2664366.126422,0.00695970695970696,0.296703296703297,0.00824175824175824,0.0970695970695971,0.0608058608058608,0.53021978021978
193273.411807,2664366.126422,0.0380952380952381,0.095970695970696,0.000549450549450549,0.33003663003663,0.156776556776557,0.378571428571429
193773.411807,2664366.126422,0.0339200586725339,0.083975064173084,0.00806747341400807,0.241657499083242,0.169233590025669,0.463146314631463
194273.411807,2664366.126422,0.0164835164835165,0.228205128205128,0.000732600732600733,0.0565934065934066,0.052014652014652,0.645970695970696
194773.411807,2664366.126422,0.0139194139194139,0.531501831501832,0,0.0523809523809524,0.0428571428571429,0.359340659340659
195273.411807,2664366.126422,0.0214521452145215,0.441144114411441,0.00935093509350935,0.203887055372204,0.109460946094609,0.214704803813715
195773.411807,2664366.126422,0.028021978021978,0.446520146520147,0.00128205128205128,0.147252747252747,0.0736263736263736,0.303296703296703
196273.411807,2664366.126422,0.0485347985347985,0.410989010989011,0.00457875457875458,0.169047619047619,0.0981684981684982,0.268681318681319
196773.411807,2664366.126422,0.0429042904290429,0.158049138247158,0.000183351668500183,0.351668500183352,0.171250458379171,0.275944261092776
197273.411807,2664366.126422,0.0172161172161172,0.0472527472527473,0.0324175824175824,0.602564102564103,0.116117216117216,0.184432234432234
197773.411807,2664366.126422,0.0543956043956044,0.0948717948717949,0.0307692307692308,0.378021978021978,0.153663003663004,0.288278388278388
198273.411807,2664366.126422,0.0234690135680235,0.2002200220022,0.00366703337000367,0.270993766043271,0.116061606160616,0.385588558855886
198773.411807,2664366.126422,0.0232600732600733,0.199450549450549,0.00567765567765568,0.279487179487179,0.140842490842491,0.351282051282051
187273.411807,2663866.126422,0.00293416467999266,0.103245919677242,0,0.443792407848891,0.119567210709701,0.330460297084174
187773.411807,2663866.126422,0.0936411947956753,0.081729888216969,0,0.582554517133956,0.130108118013561,0.111966281839839
188273.411807,2663866.126422,0.15342264635713,0.0967149935768031,0.00385391815011929,0.357313268489631,0.12846393833731,0.260231235089007
188773.411807,2663866.126422,0.218778653951953,0.0592334494773519,0.00146708233999633,0.456445993031359,0.0938932697597653,0.170181551439575
189273.411807,2663866.126422,0.180685358255452,0.053142752428074,0.00164925783397471,0.433388308594466,0.100971229613341,0.230163093274693
189773.411807,2663866.126422,0.134153055606533,0.0455129381537897,0.0100935951550743,0.425032115984584,0.128280418425399,0.256927876674619
190273.411807,2663866.126422,0.136988813497158,0.0511644966073721,0.000183385292499542,0.417018155143957,0.163212910324592,0.231432239134421
190773.411807,2663866.126422,0.0317024005864028,0.0461792193512919,0.29485065054059,0.459776433938061,0.0331684075499359,0.134322888033718
191273.411807,2663866.126422,0.00385391815011929,0.0552394934850431,0.242246283721784,0.515140392732611,0.0884565975408332,0.0950633143696091
191773.411807,2663866.126422,0.00623509994498441,0.186869613057033,0.256372638914359,0.275077938749312,0.150375939849624,0.125068769484687
192273.411807,2663866.126422,0.0227231079347627,0.277258566978193,0.0676195711929632,0.0753161077515118,0.0910756826094924,0.466006963533077
192773.411807,2663866.126422,0.0165167920719398,0.287942741787484,0.0212883097816113,0.216737015966232,0.0728574050284456,0.384657735364287
193273.411807,2663866.126422,0.039611223179901,0.195672107097011,0.0154043645699615,0.246836603704383,0.116266275444709,0.386209426004034
193773.411807,2663866.126422,0.015026571376214,0.146234194612424,0.0089792926516401,0.236210371999267,0.124610591900312,0.468938977460143
194273.411807,2663866.126422,0.0178014314553129,0.219122774821068,0.00293631859056708,0.110846026793907,0.063497889521013,0.585795558818132
194773.411807,2663866.126422,0.0408949202273978,0.197322574729507,0,0.235466715569411,0.119567210709701,0.406748578763983
195273.411807,2663866.126422,0.0188748396554884,0.462525196994686,0.000733003481766538,0.0996884735202492,0.0634048011728056,0.354773685175005
195773.411807,2663866.126422,0.0280785465222977,0.28225362451826,0.00220223894292531,0.117452743622683,0.0847861993026243,0.485226647091209
196273.411807,2663866.126422,0.0520814230698698,0.205758298184486,0,0.327709517696681,0.170364936732074,0.24408582431689
196773.411807,2663866.126422,0.0260216236027121,0.0998717243906908,0.000183250870441635,0.308777716694154,0.165658786879238,0.399486897562763
197273.411807,2663866.126422,0.0383556615892824,0.0943292347219673,0.000183519911910442,0.42741787483942,0.205175261515874,0.234538447421545
197773.411807,2663866.126422,0.01998899688245,0.194021639464515,0.000550155877498625,0.281313038694297,0.206308454061984,0.297817715019255
198273.411807,2663866.126422,0.0403151914971596,0.273776800439802,0.105185999633498,0.249770936411948,0.13120762323621,0.199743448781382
198773.411807,2663866.126422,0.0433106992108644,0.29895393650211,0.036520462470178,0.263534593503395,0.111029546705818,0.246650761607634
186773.411807,2663366.126422,0.0212844036697248,0.0324770642201835,0,0.0205504587155963,0.0715596330275229,0.854128440366972
187273.411807,2663366.126422,0.00880572372041827,0.116308934140525,0,0.194826637314254,0.121078701155751,0.558980003669052
187773.411807,2663366.126422,0.00274725274725275,0.168681318681319,0.00256410256410256,0.574175824175824,0.166666666666667,0.0851648351648352
188273.411807,2663366.126422,0.0055045871559633,0.0480733944954128,0.00458715596330275,0.818165137614679,0.0858715596330275,0.0377981651376147
188773.411807,2663366.126422,0.0251330031186938,0.0691616217207852,0.0157769216657494,0.718583746101633,0.0979636763896533,0.0733810310034856
189273.411807,2663366.126422,0.0324175824175824,0.0366300366300366,0.00256410256410256,0.777289377289377,0.0652014652014652,0.0858974358974359
189773.411807,2663366.126422,0.0453211009174312,0.0295412844036697,0.00293577981651376,0.639816513761468,0.0893577981651376,0.19302752293578
190273.411807,2663366.126422,0.0755824619335902,0.0809025866813429,0.0858558062740782,0.450559530361402,0.113557145477894,0.193542469271693
190773.411807,2663366.126422,0.0173992673992674,0.116666666666667,0.0261904761904762,0.455677655677656,0.102014652014652,0.282051282051282
191273.411807,2663366.126422,0.0198165137614679,0.0838532110091743,0.0574311926605505,0.262385321100917,0.147522935779817,0.428990825688073
191773.411807,2663366.126422,0.0078884608328747,0.130618235186204,0.150431113557145,0.131718950651257,0.175747569253348,0.403595670519171
192273.411807,2663366.126422,0.0346153846153846,0.329487179487179,0.00732600732600733,0.093040293040293,0.0571428571428571,0.478388278388278
192773.411807,2663366.126422,0.0289908256880734,0.488990825688073,0,0.132844036697248,0.0363302752293578,0.312844036697248
193273.411807,2663366.126422,0.0392588515868648,0.192992111539167,0.0227481196110805,0.269858741515318,0.148229682627041,0.326912493120528
193773.411807,2663366.126422,0.0164835164835165,0.262820512820513,0,0.150549450549451,0.0708791208791209,0.499267399267399
194273.411807,2663366.126422,0.0242201834862385,0.328256880733945,0.0251376146788991,0.102201834862385,0.0880733944954128,0.432110091743119
194773.411807,2663366.126422,0.0313703907539901,0.175380664098331,0.00440286186020914,0.365804439552376,0.142542652724271,0.280498991010824
195273.411807,2663366.126422,0.0377289377289377,0.286996336996337,0.0128205128205128,0.305128205128205,0.131318681318681,0.226007326007326
195773.411807,2663366.126422,0.0225688073394495,0.413211009174312,0,0.12256880733945,0.0559633027522936,0.385688073394495
196273.411807,2663366.126422,0.017978352595854,0.480095395340305,0.00201797835259585,0.157035406347459,0.0790680609062557,0.263804806457531
196773.411807,2663366.126422,0.0126373626373626,0.475091575091575,0,0.0232600732600733,0.0408424908424908,0.448168498168498
197273.411807,2663366.126422,0.0170642201834862,0.462018348623853,0.00899082568807339,0.101651376146789,0.0957798165137615,0.314495412844037
197773.411807,2663366.126422,0.0190790680609063,0.423041643735094,0.0110071546505228,0.0502660062373876,0.0493487433498441,0.447257383966245
198273.411807,2663366.126422,0.0234432234432234,0.4,0.0681318681318681,0.0840659340659341,0.0815018315018315,0.342857142857143
198773.411807,2663366.126422,0.0588990825688073,0.410275229357798,0.00018348623853211,0.211926605504587,0.105871559633028,0.212844036697248
186773.411807,2662866.126422,0.034981684981685,0.0424908424908425,0,0.0225274725274725,0.0646520146520147,0.835347985347985
187273.411807,2662866.126422,0,0.0565934065934066,0,0.260622710622711,0.176190476190476,0.506593406593407
187773.411807,2662866.126422,0,0.344517785111844,0.00275027502750275,0.295929592959296,0.121378804547121,0.235423542354235
188273.411807,2662866.126422,0.00750915750915751,0.097985347985348,0.000549450549450549,0.658608058608059,0.10970695970696,0.125641025641026
188773.411807,2662866.126422,0.00732600732600733,0.0945054945054945,0.0120879120879121,0.674725274725275,0.14029304029304,0.0710622710622711
189273.411807,2662866.126422,0.0588558855885589,0.0828749541620829,0.00275027502750275,0.566923359002567,0.12981298129813,0.158782544921159
189773.411807,2662866.126422,0.0692307692307692,0.021978021978022,0.0838827838827839,0.621794871794872,0.0822344322344322,0.120879120879121
190273.411807,2662866.126422,0.00677655677655678,0.147985347985348,0.0974358974358974,0.17985347985348,0.102197802197802,0.465750915750916
190773.411807,2662866.126422,0.00715071507150715,0.102676934360103,0.0557389072240557,0.0788412174550788,0.0966263292995966,0.658965896589659
191273.411807,2662866.126422,0.0489010989010989,0.0873626373626374,0.0336996336996337,0.0673992673992674,0.106959706959707,0.655677655677656
191773.411807,2662866.126422,0.0164835164835165,0.18021978021978,0.0106227106227106,0.23021978021978,0.126739926739927,0.435714285714286
192273.411807,2662866.126422,0.0311697836450312,0.260542720938761,0.0011001100110011,0.172533920058673,0.1002933626696,0.434360102676934
192773.411807,2662866.126422,0.0450549450549451,0.128388278388278,0.000183150183150183,0.23003663003663,0.144322344322344,0.452014652014652
193273.411807,2662866.126422,0.0606227106227106,0.0891941391941392,0,0.236996336996337,0.16996336996337,0.443223443223443
193773.411807,2662866.126422,0.0326365969930326,0.066006600660066,0,0.116611661166117,0.111294462779611,0.673450678401173
194273.411807,2662866.126422,0.0397435897435897,0.222710622710623,0,0.15970695970696,0.107692307692308,0.47014652014652
194773.411807,2662866.126422,0.0457875457875458,0.273992673992674,0.00201465201465201,0.347435897435897,0.113919413919414,0.216849816849817
195273.411807,2662866.126422,0.0374037403740374,0.362486248624863,0,0.225155848918225,0.13036303630363,0.244591125779245
195773.411807,2662866.126422,0.0456043956043956,0.357692307692308,0.00695970695970696,0.146520146520147,0.127289377289377,0.315934065934066
196273.411807,2662866.126422,0.0192307692307692,0.614652014652015,0.000915750915750916,0.0712454212454212,0.0298534798534799,0.264102564102564
196773.411807,2662866.126422,0.0544554455445545,0.411991199119912,0,0.135130179684635,0.0801246791345801,0.318298496516318
197273.411807,2662866.126422,0.0527472527472527,0.437912087912088,0,0.0771062271062271,0.108974358974359,0.323260073260073
197773.411807,2662866.126422,0.0315018315018315,0.308241758241758,0.000915750915750916,0.141941391941392,0.114652014652015,0.402747252747253
198273.411807,2662866.126422,0.050971763843051,0.284011734506784,0.0359369270260359,0.235240190685735,0.148698203153649,0.245141180784745
198773.411807,2662866.126422,0.0217948717948718,0.558791208791209,0.00567765567765568,0.174358974358974,0.0514652014652015,0.187912087912088
186773.411807,2662366.126422,0.00697375665259681,0.0440447788585061,0,0.0422095797394017,0.0913929161314003,0.815378968618095
187273.411807,2662366.126422,0.00880249403997799,0.0597836053548505,0,0.138272510544654,0.201173665871997,0.59196772418852
187773.411807,2662366.126422,0.03811618105186,0.2847718526663,0.00311526479750779,0.351841671247938,0.136521898479018,0.185633131757376
188273.411807,2662366.126422,0.0345017434391632,0.234721967333456,0.0047715177096715,0.501559919251239,0.111580106441549,0.112864745824922
188773.411807,2662366.126422,0.0150375939849624,0.046396479002384,0.00623509994498441,0.61984228864845,0.117366587199707,0.195121951219512
189273.411807,2662366.126422,0.168957302547187,0.0232728605460876,0.000549752611324904,0.319039765438886,0.0844786512735936,0.403701667582921
189773.411807,2662366.126422,0.025325747843641,0.0423930996513122,0.209763259313636,0.399706368140943,0.0932281152505047,0.229583409799963
190273.411807,2662366.126422,0.0315422703099211,0.086007702182285,0.0509811113148725,0.234183018521915,0.106913625527233,0.490372272143774
190773.411807,2662366.126422,0.0441634597764339,0.0775151181968114,0.00183250870441635,0.0848451530144768,0.122961334066337,0.668682426241525
191273.411807,2662366.126422,0.0135804734813727,0.0334006239677005,0.000183519911910442,0.0467975775371628,0.0335841438796109,0.872453661222243
191773.411807,2662366.126422,0.0597836053548505,0.0517146524848707,0.00385109114249037,0.365853658536585,0.121401063634696,0.397395928846506
192273.411807,2662366.126422,0.0280373831775701,0.0467289719626168,0.000916254352208173,0.657320872274143,0.10756826094924,0.159428257284222
192773.411807,2662366.126422,0.0811158010644155,0.10790970820334,0.00458799779776106,0.33180400073408,0.135621214901817,0.338961277298587
193273.411807,2662366.126422,0.0275077938749312,0.10819732257473,0,0.38382541720154,0.104346231432239,0.37612323491656
193773.411807,2662366.126422,0.0322521531977277,0.0934579439252336,0.0104452996151732,0.347626901227781,0.131574124977094,0.384643577056991
194273.411807,2662366.126422,0.026977427050835,0.316571848045513,0,0.0935951550743256,0.07469260414755,0.488162965681776
194773.411807,2662366.126422,0.0221896203924445,0.631395562075922,0,0.0324591967724189,0.0236567027324409,0.290298918026774
195273.411807,2662366.126422,0.0192413413963716,0.504306395455378,0,0.0921751878321422,0.123694337548103,0.260582737768004
195773.411807,2662366.126422,0.0172508717195816,0.471829693521747,0,0.0515690952468343,0.0423930996513122,0.416957239860525
196273.411807,2662366.126422,0.0342930496974143,0.488355033926279,0,0.108380707867229,0.0797726022373006,0.289198606271777
196773.411807,2662366.126422,0.0318856514568444,0.326736301997434,0.000366501740883269,0.174088326919553,0.130657870624885,0.336265347260399
197273.411807,2662366.126422,0.0148651128647458,0.600477151770967,0.000367039823820885,0.0598274912828042,0.0442282987704166,0.280234905487245
197773.411807,2662366.126422,0.00861910874747845,0.365670273244086,0.000733541169998166,0.0625343847423437,0.0700531817348249,0.492389510361269
198273.411807,2662366.126422,0.0525929998167491,0.139820414146967,0.0315191497159611,0.140553417628734,0.125160344511636,0.510353674179952
198773.411807,2662366.126422,0.0895577170122958,0.362268306111213,0.000734079647641769,0.0967149935768031,0.117085703798862,0.333639199853184
186773.411807,2661866.126422,0.0146788990825688,0.08,0,0.0387155963302752,0.109724770642202,0.756880733944954
187273.411807,2661866.126422,0.0552192258301229,0.0506329113924051,0,0.380113740598055,0.195560447624289,0.318473674555127
187773.411807,2661866.126422,0.036996336996337,0.138095238095238,0.0161172161172161,0.499084249084249,0.106593406593407,0.203113553113553
188273.411807,2661866.126422,0.0544954128440367,0.0963302752293578,0.0135779816513761,0.591192660550459,0.0998165137614679,0.144587155963303
188773.411807,2661866.126422,0.100898917629793,0.0449458814896349,0.0234819299211154,0.467437167492203,0.14547789396441,0.217758209502844
189273.411807,2661866.126422,0.000732600732600733,0.0456043956043956,0.133150183150183,0.378388278388278,0.078021978021978,0.364102564102564
189773.411807,2661866.126422,0.0106422018348624,0.158165137614679,0.0229357798165138,0.323853211009174,0.0811009174311927,0.403302752293578
190273.411807,2661866.126422,0.0504494588148963,0.167492203265456,0.00605393505778756,0.135204549623922,0.104934874334984,0.535864978902954
190773.411807,2661866.126422,0.0421245421245421,0.13003663003663,0,0.158058608058608,0.0946886446886447,0.575091575091575
191273.411807,2661866.126422,0.0497247706422018,0.0565137614678899,0,0.198715596330275,0.175229357798165,0.519816513761468
191773.411807,2661866.126422,0.106769400110072,0.0146762062006971,0.00110071546505228,0.445789763346175,0.143093010456797,0.288570904421207
192273.411807,2661866.126422,0.0393772893772894,0.0194139194139194,0.00659340659340659,0.753479853479853,0.133150183150183,0.047985347985348
192773.411807,2661866.126422,0.028256880733945,0.0289908256880734,0.016697247706422,0.654311926605505,0.130642201834862,0.141100917431193
193273.411807,2661866.126422,0.0159603742432581,0.0623738763529628,0.0110071546505228,0.725188038891946,0.103467253714915,0.0820033021463952
193773.411807,2661866.126422,0.0254578754578755,0.232783882783883,0.000183150183150183,0.363186813186813,0.0822344322344322,0.296153846153846
194273.411807,2661866.126422,0.0458715596330275,0.265137614678899,0.00018348623853211,0.126238532110092,0.117064220183486,0.445504587155963
194773.411807,2661866.126422,0.0181618051733627,0.338653458081086,0.00183452577508714,0.128783709411117,0.0937442671069529,0.418822234452394
195273.411807,2661866.126422,0.0269230769230769,0.546703296703297,0,0.0620879120879121,0.1,0.264285714285714
195773.411807,2661866.126422,0.0436697247706422,0.380733944954128,0.00110091743119266,0.196697247706422,0.138165137614679,0.239633027522936
196273.411807,2661866.126422,0.0304531278664465,0.372959090075216,0.00091726288754357,0.0715465052283985,0.0831040176114474,0.441019996330948
196773.411807,2661866.126422,0.0489010989010989,0.502747252747253,0.0010989010989011,0.0868131868131868,0.133516483516484,0.226923076923077
197273.411807,2661866.126422,0.0260550458715596,0.655229357798165,0.00311926605504587,0.0622018348623853,0.0755963302752294,0.177798165137615
197773.411807,2661866.126422,0.0344890845716382,0.365987892129884,0.00495321959273528,0.172261970280682,0.132269308383783,0.290038525041277
198273.411807,2661866.126422,0.0408424908424908,0.246336996336996,0.0102564102564103,0.13021978021978,0.0741758241758242,0.498168498168498
198773.411807,2661866.126422,0.0981651376146789,0.297614678899083,0.00018348623853211,0.224954128440367,0.13394495412844,0.245137614678899
189773.411807,2661366.126422,0.0304029304029304,0.132967032967033,0.245054945054945,0.217399267399267,0.11996336996337,0.254212454212454
190273.411807,2661366.126422,0.015018315018315,0.0619047619047619,0.137362637362637,0.076007326007326,0.0470695970695971,0.662637362637363
190773.411807,2661366.126422,0.0205353868720205,0.346167950128346,0.000366703337000367,0.103960396039604,0.0768243491015768,0.452145214521452
191273.411807,2661366.126422,0.0672161172161172,0.187545787545788,0.00256410256410256,0.0945054945054945,0.0990842490842491,0.549084249084249
191773.411807,2661366.126422,0.0736263736263736,0.0734432234432234,0,0.429304029304029,0.196153846153846,0.227472527472527
192273.411807,2661366.126422,0.0320865419875321,0.0122845617895123,0.000183351668500183,0.795562889622296,0.129079574624129,0.0308030803080308
192773.411807,2661366.126422,0.0227106227106227,0.0230769230769231,0.00366300366300366,0.799084249084249,0.0998168498168498,0.0516483516483516
193273.411807,2661366.126422,0.0536630036630037,0.0315018315018315,0,0.672161172161172,0.125824175824176,0.116849816849817
