"x","y","forest","agri","water","built","other","grass"
224773.411807,2530366.126422,0.923673370487037,0.0397383086988127,0,0,0.000242306760358614,0.0363460140537921
225273.411807,2530366.126422,0.835954512460682,0.139124122913138,0,0,0,0.0249213646261795
225773.411807,2530366.126422,0.972363636363636,0.000242424242424242,0,0,0.0147878787878788,0.0126060606060606
226273.411807,2530366.126422,0.8916888781197,0.000726920281075842,0,0,0.00799612309183426,0.0995880785073904
226773.411807,2530366.126422,0.78127268328091,0.0897653036535205,0.00169368497459473,0.00459714493104283,0.00629082990563755,0.116380353254295
227273.411807,2530366.126422,0.779393939393939,0.122181818181818,0,0,0,0.0984242424242424
227773.411807,2530366.126422,0.789193118488006,0.125030288345045,0.000484613520717228,0,0,0.0852919796462321
228273.411807,2530366.126422,0.970723445439148,0,0,0,0,0.0292765545608517
228773.411807,2530366.126422,0.948606060606061,0.00363636363636364,0,0,0,0.0477575757575758
229273.411807,2530366.126422,0.938696389629271,0.00242306760358614,0,0,0.000969227041434456,0.0579113157257087
229773.411807,2530366.126422,0.847810307282845,0.00653278490200823,0,0.00241954996370675,0.0251633196225502,0.118074038228889
230273.411807,2530366.126422,0.710545454545455,0.0247272727272727,0.00145454545454545,0.00096969696969697,0.0227878787878788,0.239515151515152
230773.411807,2530366.126422,0.944754058638236,0.0322267991276957,0,0,0,0.0230191422340683
231273.411807,2530366.126422,0.715702879264457,0.217033631744496,0.0067747398983789,0.0321800145172998,0.0038712799419308,0.0244374546334382
231773.411807,2530366.126422,0.903515151515151,0.0608484848484848,0,0,0,0.0356363636363636
232273.411807,2530366.126422,0.989823116064938,0.000242306760358614,0,0,0,0.00993457717470317
232773.411807,2530366.126422,0.967094120493588,0.00846842487297363,0,0,0,0.0244374546334382
233273.411807,2530366.126422,0.822545454545455,0.00993939393939394,0.00145454545454545,0.023030303030303,0.0438787878787879,0.0991515151515152
233773.411807,2530366.126422,0.889023503755755,0.00484613520717228,0,0.00266537436394475,0.0174460867458202,0.086018899927308
234273.411807,2530366.126422,0.893539801596903,0.00338736994918945,0,0.0009678199854827,0.0108879748366804,0.0912170336317445
234773.411807,2530366.126422,0.952242424242424,0,0,0,0,0.0477575757575758
235273.411807,2530366.126422,0.984007753816331,0,0,0,0,0.0159922461836685
235773.411807,2530366.126422,0.98935398015969,0.00338736994918945,0,0,0,0.00725864989112025
236273.411807,2530366.126422,0.911272727272727,0.00993939393939394,0,0.00096969696969697,0.00703030303030303,0.0707878787878788
236773.411807,2530366.126422,0.808335352556336,0.0113884177368549,0,0.0259268233583717,0.0344075599709232,0.119941846377514
224773.411807,2529866.126422,0.964593652540818,0.0199963309484498,0,0,0,0.015410016510732
225273.411807,2529866.126422,0.942857142857143,0.0208791208791209,0,0,0,0.0362637362637363
225773.411807,2529866.126422,0.781467889908257,0.00036697247706422,0,0,0.00990825688073394,0.208256880733945
226273.411807,2529866.126422,0.785727389469822,0.011557512383049,0,0,0.00238488350761328,0.200330214639516
226773.411807,2529866.126422,0.502014652014652,0.0293040293040293,0.121794871794872,0.141025641025641,0.0377289377289377,0.168131868131868
227273.411807,2529866.126422,0.88348623853211,0.0135779816513761,0,0.000917431192660551,0.00697247706422018,0.095045871559633
227773.411807,2529866.126422,0.926802421574023,0,0,0,0,0.0731975784259769
228273.411807,2529866.126422,0.942857142857143,0,0,0,0.00201465201465201,0.0551282051282051
228773.411807,2529866.126422,0.664587155963303,0.0132110091743119,0,0.0565137614678899,0.0992660550458716,0.166422018348624
229273.411807,2529866.126422,0.687029902770134,0.0132085855806274,0,0.00348559897266557,0.0862227114290956,0.210053201247478
229773.411807,2529866.126422,0.730586080586081,0.00824175824175824,0,0,0.0384615384615385,0.222710622710623
230273.411807,2529866.126422,0.68,0.0458715596330275,0.00311926605504587,0.0170642201834862,0.0306422018348624,0.223302752293578
230773.411807,2529866.126422,0.860759493670886,0.0341221794166208,0,0,0.000550357732526142,0.104567969179967
231273.411807,2529866.126422,0.903846153846154,0.0450549450549451,0,0,0.000183150183150183,0.0509157509157509
231773.411807,2529866.126422,0.953211009174312,0.00458715596330275,0,0,0,0.0422018348623853
232273.411807,2529866.126422,0.95432030820033,0.00330214639515685,0,0,0,0.0423775454045129
232773.411807,2529866.126422,0.986813186813187,0,0,0,0,0.0131868131868132
233273.411807,2529866.126422,0.809724770642202,0.0132110091743119,0,0.00256880733944954,0.0102752293577982,0.164220183486239
233773.411807,2529866.126422,0.954687213355348,0.000733810310034856,0,0.000183452577508714,0.00275178866263071,0.0416437350944781
234273.411807,2529866.126422,0.94029304029304,0.00549450549450549,0,0.000183150183150183,0.00714285714285714,0.0468864468864469
234773.411807,2529866.126422,0.989724770642202,0.00220183486238532,0,0,0,0.00807339449541284
235273.411807,2529866.126422,0.98293891029169,0.00513667217024399,0,0,0,0.0119244175380664
235773.411807,2529866.126422,0.493956043956044,0.265201465201465,0.196703296703297,0,0.00366300366300366,0.0404761904761905
236273.411807,2529866.126422,0.913577981651376,0.0203669724770642,0.0359633027522936,0,0.00055045871559633,0.0295412844036697
236773.411807,2529866.126422,0.82883874518437,0.0337552742616034,0.000550357732526142,0.00220143093010457,0.0198128783709411,0.114841313520455
224773.411807,2529366.126422,0.910805860805861,0.0175824175824176,0,0,0.00842490842490842,0.0631868131868132
225273.411807,2529366.126422,0.948478181151448,0,0,0,0.00935093509350935,0.0421708837550422
225773.411807,2529366.126422,0.824908424908425,0.0021978021978022,0,0.0010989010989011,0.0201465201465201,0.151648351648352
226273.411807,2529366.126422,0.760989010989011,0.000366300366300366,0,0.00146520146520147,0.0307692307692308,0.206410256410256
226773.411807,2529366.126422,0.341584158415842,0.0535386872020535,0.0999266593325999,0.113494682801613,0.130546387972131,0.260909424275761
227273.411807,2529366.126422,0.764835164835165,0.0681318681318681,0.0565934065934066,0.0412087912087912,0.00677655677655678,0.0624542124542125
227773.411807,2529366.126422,0.899450549450549,0.0210622710622711,0,0,0.000183150183150183,0.0793040293040293
228273.411807,2529366.126422,0.951411807847451,0.000183351668500183,0,0,0,0.0484048404840484
228773.411807,2529366.126422,0.981868131868132,0,0,0,0.000183150183150183,0.0179487179487179
229273.411807,2529366.126422,0.719413919413919,0.0148351648351648,0,0.00256410256410256,0.0672161172161172,0.195970695970696
229773.411807,2529366.126422,0.814081408140814,0.00201686835350202,0,0,0.00641730839750642,0.177484415108177
230273.411807,2529366.126422,0.833699633699634,0.0602564102564103,0,0,0,0.106043956043956
230773.411807,2529366.126422,0.863736263736264,0.121245421245421,0,0,0,0.015018315018315
231273.411807,2529366.126422,0.936193619361936,0.0374037403740374,0,0,0,0.0264026402640264
231773.411807,2529366.126422,0.774358974358974,0.00622710622710623,0.0010989010989011,0.0882783882783883,0.0386446886446886,0.0913919413919414
232273.411807,2529366.126422,0.835714285714286,0.00750915750915751,0,0.0448717948717949,0.0386446886446886,0.0732600732600733
232773.411807,2529366.126422,0.701320132013201,0.0342867620095343,0.0108177484415108,0.0397873120645398,0.0601393472680601,0.153648698203154
233273.411807,2529366.126422,0.843956043956044,0.0195970695970696,0.00494505494505494,0.0368131868131868,0.0514652014652015,0.0432234432234432
233773.411807,2529366.126422,0.963919413919414,0.000366300366300366,0,0,0,0.0357142857142857
234273.411807,2529366.126422,0.784745141180785,0.00898423175650898,0,0.0357535753575358,0.0634396773010634,0.107077374404107
234773.411807,2529366.126422,0.992307692307692,0,0,0,0,0.00769230769230769
235273.411807,2529366.126422,0.985897435897436,0,0,0,0,0.0141025641025641
235773.411807,2529366.126422,0.945911257792446,0.00513384671800513,0,0.000366703337000367,0.0055005500550055,0.0430876420975431
236273.411807,2529366.126422,0.972344322344322,0.0010989010989011,0,0,0.000915750915750916,0.0256410256410256
236773.411807,2529366.126422,0.919047619047619,0.00604395604395604,0,0.0285714285714286,0.0243589743589744,0.021978021978022
224773.411807,2528866.126422,0.921327709517697,0,0,0,0,0.0786722904823033
225273.411807,2528866.126422,0.935678944474986,0.0137438152831226,0,0,0.00238226131574125,0.0481949789261499
225773.411807,2528866.126422,0.903285006423197,0.00110111947146265,0,0.000183519911910442,0.0082583960359699,0.0871719581574601
226273.411807,2528866.126422,0.855675774802861,0.00128369704749679,0,0,0.000916926462497708,0.142123601687145
226773.411807,2528866.126422,0.395088876672164,0.0117280557082646,0.142202675462708,0.209272494044347,0.0683525746747297,0.173355323437786
227273.411807,2528866.126422,0.745641402092127,0.10790970820334,0.0829510001835199,0.0082583960359699,0,0.0552394934850431
227773.411807,2528866.126422,0.944801026957638,0.0452961672473868,0,0,0,0.00990280579497524
228273.411807,2528866.126422,0.977276892065237,0.0122778083195895,0,0,0,0.0104452996151732
228773.411807,2528866.126422,0.808038172141677,0.0117452743622683,0,0.0141310332171041,0.030280785465223,0.135804734813727
229273.411807,2528866.126422,0.84393911608289,0.00256739409499358,0,0,0.00495140289748762,0.148542086924629
229773.411807,2528866.126422,0.785779732453729,0.0601062855048561,0,0.00164925783397471,0.0122778083195895,0.14018691588785
230273.411807,2528866.126422,0.85887318774087,0.125894659570563,0,0,0,0.0152321526885667
230773.411807,2528866.126422,0.893453145057766,0.0399779937649001,0,0,0.00110031175499725,0.0654685494223363
231273.411807,2528866.126422,0.589884551951622,0.0203408466190214,0,0.0923584387025838,0.0791643760307861,0.218251786695987
231773.411807,2528866.126422,0.657184804551294,0.0363369425582676,0,0.148467608735548,0.0293631859056708,0.12864745824922
232273.411807,2528866.126422,0.479185769301302,0.0474967907573813,0.0205391527599487,0.268659453511828,0.0625343847423437,0.121584448927196
232773.411807,2528866.126422,0.624518966465091,0.0278541323071285,0.000549752611324904,0.0808136338647609,0.0736668499175371,0.192596664834158
233273.411807,2528866.126422,0.492567443567627,0.0515690952468343,0.105523949348504,0.114149385208295,0.0752431638832813,0.160946962745458
233773.411807,2528866.126422,0.811479919310471,0.0198056115899505,0,0.0370438290849074,0.0487804878048781,0.0828901522097928
234273.411807,2528866.126422,0.969030602895364,0.00183250870441635,0,0,0.000366501740883269,0.0287703866593366
234773.411807,2528866.126422,0.978895210130299,0.000367039823820885,0,0,0,0.02073775004588
235273.411807,2528866.126422,0.971758664955071,0,0,0,0,0.0282413350449294
235773.411807,2528866.126422,0.814550119113066,0.000916254352208173,0,0,0.0133773135422393,0.171156312992487
236273.411807,2528866.126422,0.848963112497706,0.0104606349788952,0,0.000550559735731327,0.00458799779776106,0.135437694989906
236773.411807,2528866.126422,0.705299834953237,0.0555657436273611,0,0.00880249403997799,0.0618008435723455,0.168531083807079
224773.411807,2528366.126422,0.810126582278481,0.000183452577508714,0,0.00183452577508714,0.0464135021097046,0.141441937259218
225273.411807,2528366.126422,0.676556776556777,0.0536630036630037,0,0,0.00989010989010989,0.25989010989011
225773.411807,2528366.126422,0.874678899082569,0.00807339449541284,0,0,0.000917431192660551,0.116330275229358
226273.411807,2528366.126422,0.33957072096863,0.0212804989910108,0.091726288754357,0.249128600256834,0.10420106402495,0.194092827004219
226773.411807,2528366.126422,0.207875457875458,0.186263736263736,0.191025641025641,0.102380952380952,0.06996336996337,0.242490842490842
227273.411807,2528366.126422,0.773211009174312,0.0451376146788991,0.0073394495412844,0.0143119266055046,0.0269724770642202,0.13302752293578
227773.411807,2528366.126422,0.879104751421757,0.00238488350761328,0,0,0.00568702990277013,0.112823335167859
228273.411807,2528366.126422,0.961538461538462,0,0,0,0,0.0384615384615385
228773.411807,2528366.126422,0.923302752293578,0.02,0,0,0,0.056697247706422
229273.411807,2528366.126422,0.776371308016878,0.0394423041643735,0,0,0.00458631443771785,0.179600073381031
229773.411807,2528366.126422,0.8,0.185714285714286,0,0,0,0.0142857142857143
230273.411807,2528366.126422,0.850642201834862,0.0203669724770642,0,0.0073394495412844,0.0363302752293578,0.0853211009174312
230773.411807,2528366.126422,0.719867914144194,0.0117409649605577,0,0.00587048248027885,0.0462300495321959,0.216290588882774
231273.411807,2528366.126422,0.690842490842491,0.0241758241758242,0,0.0862637362637363,0.0543956043956044,0.144322344322344
231773.411807,2528366.126422,0.592110091743119,0.0374311926605505,0.0055045871559633,0.144403669724771,0.0618348623853211,0.158715596330275
232273.411807,2528366.126422,0.574206567602275,0.0642084021280499,0.00458631443771785,0.113924050632911,0.0414602825169694,0.201614382682077
232773.411807,2528366.126422,0.704761904761905,0.0267399267399267,0.0391941391941392,0.0478021978021978,0.0326007326007326,0.148901098901099
233273.411807,2528366.126422,0.737064220183486,0.063302752293578,0.0222018348623853,0,0.00513761467889908,0.172293577981651
233773.411807,2528366.126422,0.870849385433865,0.00293524124013942,0.000183452577508714,0.0190790680609063,0.021830856723537,0.0851219959640433
234273.411807,2528366.126422,0.99981684981685,0,0,0,0,0.000183150183150183
234773.411807,2528366.126422,0.988440366972477,0.00036697247706422,0,0,0,0.0111926605504587
235273.411807,2528366.126422,0.975967712346358,0.000550357732526142,0,0.00091726288754357,0.0106402494955054,0.0119244175380664
235773.411807,2528366.126422,0.773076923076923,0.0465201465201465,0.00201465201465201,0.0113553113553114,0.0371794871794872,0.12985347985348
236273.411807,2528366.126422,0.798532110091743,0.0377981651376147,0,0.0111926605504587,0.0324770642201835,0.12
236773.411807,2528366.126422,0.57347275729224,0.107136305265089,0.000550357732526142,0.0748486516235553,0.0636580443955238,0.180333883691066
224773.411807,2527866.126422,0.665018315018315,0.00347985347985348,0,0.000915750915750916,0.0172161172161172,0.313369963369963
225273.411807,2527866.126422,0.696186285295196,0.0825082508250825,0,0.00146681334800147,0.0185185185185185,0.201320132013201
225773.411807,2527866.126422,0.576373626373626,0.101282051282051,0.00842490842490842,0.114285714285714,0.0857142857142857,0.113919413919414
226273.411807,2527866.126422,0.0954212454212454,0.0917582417582418,0.66959706959707,0.121245421245421,0.0100732600732601,0.0119047619047619
226773.411807,2527866.126422,0.798679867986799,0.0887422075540887,0,0.0115511551155116,0.0368536853685369,0.0641730839750642
227273.411807,2527866.126422,0.878754578754579,0.0474358974358974,0,0,0.00128205128205128,0.0725274725274725
227773.411807,2527866.126422,0.848717948717949,0.0144688644688645,0,0,0.00274725274725275,0.134065934065934
228273.411807,2527866.126422,0.846167950128346,0.0346534653465347,0,0,0,0.119178584525119
228773.411807,2527866.126422,0.906410256410256,0.0010989010989011,0,0,0.00586080586080586,0.0866300366300366
229273.411807,2527866.126422,0.971062271062271,0.000915750915750916,0,0,0,0.028021978021978
229773.411807,2527866.126422,0.913824715804914,0.026035936927026,0,0,0,0.0601393472680601
230273.411807,2527866.126422,0.817765567765568,0.00641025641025641,0,0.00201465201465201,0.0382783882783883,0.135531135531136
230773.411807,2527866.126422,0.484432234432234,0.0346153846153846,0.0133699633699634,0.237362637362637,0.071978021978022,0.158241758241758
231273.411807,2527866.126422,0.836633663366337,0.00715071507150715,0.0511551155115512,0.0601393472680601,0.013017968463513,0.0319031903190319
231773.411807,2527866.126422,0.66959706959707,0.0168498168498168,0.00238095238095238,0.0525641025641026,0.0485347985347985,0.21007326007326
232273.411807,2527866.126422,0.52967032967033,0.0716117216117216,0.0201465201465201,0.205494505494505,0.032051282051282,0.141025641025641
232773.411807,2527866.126422,0.794646131279795,0.0306197286395306,0.00238357169050238,0.070957095709571,0.0187018701870187,0.0826916024935827
233273.411807,2527866.126422,0.950549450549451,0.000732600732600733,0,0,0,0.0487179487179487
233773.411807,2527866.126422,0.808058608058608,0.00769230769230769,0,0.00457875457875458,0.0153846153846154,0.164285714285714
234273.411807,2527866.126422,0.871103777044371,0.00165016501650165,0,0.00146681334800147,0.015951595159516,0.10982764943161
234773.411807,2527866.126422,0.838461538461538,0.0166666666666667,0,0.0232600732600733,0.0267399267399267,0.0948717948717949
235273.411807,2527866.126422,0.836996336996337,0.00915750915750916,0,0.00641025641025641,0.0441391941391941,0.103296703296703
235773.411807,2527866.126422,0.987898789878988,0,0,0,0,0.0121012101210121
236273.411807,2527866.126422,0.976739926739927,0.000183150183150183,0,0,0,0.0230769230769231
236773.411807,2527866.126422,0.843406593406593,0.0652014652014652,0.00256410256410256,0.0021978021978022,0.00476190476190476,0.0818681318681319
224773.411807,2527366.126422,0.634879882633413,0.059600220062351,0,0.0157711351549606,0.0218228498074454,0.26792591234183
225273.411807,2527366.126422,0.807953087777167,0.186732636980026,0,0,0,0.0053142752428074
225773.411807,2527366.126422,0.928060194531107,0.0267939071389246,0.00311983850247752,0.00165167920719398,0.0108276748027161,0.0295467058175812
226273.411807,2527366.126422,0.905923344947735,0.00476801760498808,0,0,0.00476801760498808,0.0845406198422887
226773.411807,2527366.126422,0.858530328019058,0.00164925783397471,0,0,0.000549752611324904,0.139270661535642
227273.411807,2527366.126422,0.879427417874839,0.000367039823820885,0,0.000917599559552211,0.0163332721600294,0.102954670581758
227773.411807,2527366.126422,0.85989363653035,0.0152209792774619,0.000366770584999083,0.00146708233999633,0.00495140289748762,0.118100128369705
228273.411807,2527366.126422,0.863661352391424,0.0269378779549203,0,0,0,0.109400769653656
228773.411807,2527366.126422,0.923839236557166,0.000550559735731327,0,0.000183519911910442,0.00862543585979079,0.066801247935401
229273.411807,2527366.126422,0.918393544837704,0,0,0,0,0.081606455162296
229773.411807,2527366.126422,0.862012094557449,0.00641378046545721,0,0.0141103170240059,0.0161260765988638,0.101337731354224
230273.411807,2527366.126422,0.810607450908424,0.00275279867865663,0,0.000367039823820885,0.019086070838686,0.167186639750413
230773.411807,2527366.126422,0.569044562626077,0.0313588850174216,0.000733541169998166,0.184302218962039,0.0649183935448377,0.149642398679626
231273.411807,2527366.126422,0.461792193512919,0.0404984423676012,0.00439802089059923,0.228147333699835,0.0701850833791461,0.194978926149899
231773.411807,2527366.126422,0.660671682877592,0.0251422279317306,0.00220223894292531,0.012846393833731,0.031932464672417,0.267204991741604
232273.411807,2527366.126422,0.653951953053365,0.0385109114249037,0.00880249403997799,0.148725472217128,0.0203557674674491,0.129653401797176
232773.411807,2527366.126422,0.770020157595749,0.0197910940076965,0,0.0219901044529962,0.0417811984606927,0.146417445482866
233273.411807,2527366.126422,0.792255459717379,0.0216553496054322,0,0.0280785465222977,0.0297302257294917,0.128280418425399
233773.411807,2527366.126422,0.763799743260591,0.0651017788373372,0.000183385292499542,0.000183385292499542,0.00641848523748395,0.164313222079589
234273.411807,2527366.126422,0.881986439435587,0.00366501740883269,0,0,0.00311526479750779,0.111233278358072
234773.411807,2527366.126422,0.781978344650395,0.0211047898697009,0,0.030280785465223,0.0304643053771334,0.136171774637548
235273.411807,2527366.126422,0.689345314505777,0.0141206675224647,0,0.00733541169998166,0.0225563909774436,0.266642215294333
235773.411807,2527366.126422,0.8543155579989,0.0155763239875389,0,0,0.00623052959501558,0.123877588418545
236273.411807,2527366.126422,0.988805285373463,0,0,0,0,0.011194714626537
236773.411807,2527366.126422,0.969374656152577,0.0022006235099945,0,0,0,0.0284247203374289
224773.411807,2526866.126422,0.859475325628325,0.0245826453861677,0,0,0,0.115942028985507
225273.411807,2526866.126422,0.848168498168498,0.0608058608058608,0,0,0.00183150183150183,0.0891941391941392
225773.411807,2526866.126422,0.905504587155963,0.00036697247706422,0,0,0.00458715596330275,0.0895412844036697
226273.411807,2526866.126422,0.782792148229683,0.060906255732893,0.00311869381764814,0.000550357732526142,0.0258668134287287,0.126765731058521
226773.411807,2526866.126422,0.851648351648352,0.0490842490842491,0,0,0.00824175824175824,0.091025641025641
227273.411807,2526866.126422,0.744036697247706,0.0500917431192661,0,0.00752293577981651,0.0462385321100917,0.152110091743119
227773.411807,2526866.126422,0.858924967895799,0.100898917629793,0.00935608145294441,0.00238488350761328,0.00421940928270042,0.0242157402311502
228273.411807,2526866.126422,0.870879120879121,0.0318681318681319,0.000366300366300366,0,0,0.0968864468864469
228773.411807,2526866.126422,0.770642201834862,0.0344954128440367,0,0.0201834862385321,0.0471559633027523,0.127522935779817
229273.411807,2526866.126422,0.835809943129701,0.00568702990277013,0,0.000366905155017428,0.0190790680609063,0.139057053751605
229773.411807,2526866.126422,0.864285714285714,0.00274725274725275,0,0.0283882783882784,0.0124542124542125,0.0921245421245421
230273.411807,2526866.126422,0.88605504587156,0.00110091743119266,0,0,0.00128440366972477,0.111559633027523
230773.411807,2526866.126422,0.720785177031737,0.00550357732526142,0,0.0148596587782058,0.0355898000366905,0.223261786828105
231273.411807,2526866.126422,0.513919413919414,0.0534798534798535,0,0.134065934065934,0.0965201465201465,0.202014652014652
231773.411807,2526866.126422,0.85045871559633,0.0335779816513761,0.00146788990825688,0.0155963302752294,0.00660550458715596,0.0922935779816514
232273.411807,2526866.126422,0.661346541918914,0.0620069711979453,0.00183452577508714,0.102916895982389,0.0442120711796001,0.127682993946065
232773.411807,2526866.126422,0.597252747252747,0.0313186813186813,0,0.136080586080586,0.0293040293040293,0.206043956043956
233273.411807,2526866.126422,0.614311926605505,0.0477064220183486,0.00660550458715596,0.0759633027522936,0.0601834862385321,0.195229357798165
233773.411807,2526866.126422,0.838011374059806,0.019262520638415,0.0150431113557145,0.00165107319757843,0.0201797835259585,0.105852137222528
234273.411807,2526866.126422,0.691575091575092,0.0245421245421245,0.000366300366300366,0.0749084249084249,0.0498168498168498,0.158791208791209
234773.411807,2526866.126422,0.921467889908257,0.0104587155963303,0,0,0,0.0680733944954128
235273.411807,2526866.126422,0.926435516419006,0.0183452577508714,0,0,0.00513667217024399,0.0500825536598789
235773.411807,2526866.126422,0.933882783882784,0,0,0,0,0.0661172161172161
236273.411807,2526866.126422,0.96348623853211,0,0,0,0,0.0365137614678899
236773.411807,2526866.126422,0.957989359750504,0.000366905155017428,0,0,0.000183452577508714,0.0414602825169694
224773.411807,2526366.126422,0.960805860805861,0.0245421245421245,0,0,0,0.0146520146520147
225273.411807,2526366.126422,0.71983865053172,0.0374037403740374,0,0.00348368170150348,0.0478547854785479,0.191419141914191
225773.411807,2526366.126422,0.642673992673993,0.0102564102564103,0,0.0278388278388278,0.0690476190476191,0.25018315018315
226273.411807,2526366.126422,0.777472527472527,0.034981684981685,0.00805860805860806,0.0133699633699634,0.0421245421245421,0.123992673992674
226773.411807,2526366.126422,0.957095709570957,0,0,0,0,0.0429042904290429
227273.411807,2526366.126422,0.863919413919414,0.0362637362637363,0.00146520146520147,0.0010989010989011,0.000915750915750916,0.0963369963369963
227773.411807,2526366.126422,0.68974358974359,0.0489010989010989,0,0.0652014652014652,0.0641025641025641,0.132051282051282
228273.411807,2526366.126422,0.742757609094243,0.0177851118445178,0,0.0375870920425376,0.0551888522185552,0.146681334800147
228773.411807,2526366.126422,0.874908424908425,0,0,0,0.00274725274725275,0.122344322344322
229273.411807,2526366.126422,0.823809523809524,0.00146520146520147,0,0,0.0183150183150183,0.156410256410256
229773.411807,2526366.126422,0.793729372937294,0.0143014301430143,0,0.0135680234690136,0.026952695269527,0.151448478181151
230273.411807,2526366.126422,0.649267399267399,0.0225274725274725,0,0.0197802197802198,0.0448717948717949,0.263553113553114
230773.411807,2526366.126422,0.768315018315018,0.0216117216117216,0,0.00421245421245421,0.0232600732600733,0.182600732600733
231273.411807,2526366.126422,0.896773010634397,0.00256692335900257,0,0.000183351668500183,0.00385038503850385,0.0966263292995966
231773.411807,2526366.126422,0.620879120879121,0.0181318681318681,0.000183150183150183,0.249450549450549,0.0230769230769231,0.0882783882783883
232273.411807,2526366.126422,0.885531135531135,0.00146520146520147,0,0,0.00934065934065934,0.103663003663004
232773.411807,2526366.126422,0.758342500916758,0.0397873120645398,0.0108177484415108,0.0388705537220389,0.0326365969930326,0.11954528786212
233273.411807,2526366.126422,0.414102564102564,0.0919413919413919,0.0269230769230769,0.260805860805861,0.0391941391941392,0.167032967032967
233773.411807,2526366.126422,0.52032967032967,0.0983516483516483,0.0379120879120879,0.0413919413919414,0.0968864468864469,0.205128205128205
234273.411807,2526366.126422,0.75009167583425,0.0405207187385405,0.0152181884855152,0.017968463513018,0.030986431976531,0.145214521452145
234773.411807,2526366.126422,0.945787545787546,0.000549450549450549,0,0,0,0.0536630036630037
235273.411807,2526366.126422,0.688461538461538,0.0613553113553114,0.0164835164835165,0.0128205128205128,0.0208791208791209,0.2
235773.411807,2526366.126422,0.766043270993766,0.0295196186285295,0.0238357169050238,0.0165016501650165,0.0458379171250458,0.118261826182618
236273.411807,2526366.126422,0.783516483516484,0.015018315018315,0,0.00695970695970696,0.0503663003663004,0.144139194139194
236773.411807,2526366.126422,0.951831501831502,0,0,0,0,0.0481684981684982
224773.411807,2525866.126422,0.979644232532551,0.00311754997249221,0,0,0,0.0172382174949569
225273.411807,2525866.126422,0.909107568260949,0.021073850100788,0,0,0,0.0698185816382628
225773.411807,2525866.126422,0.722884933015232,0.0310148651128647,0.000183519911910442,0.0431271792989539,0.0376215819416407,0.165167920719398
226273.411807,2525866.126422,0.886301118650284,0.00550155877498625,0,0.00861910874747845,0.0194388410049514,0.0801393728222996
226773.411807,2525866.126422,0.909474070001833,0.00861279091075683,0,0,0.0122778083195895,0.0696353307678211
227273.411807,2525866.126422,0.846026793907139,0.00422095797394017,0,0,0.00752431638832813,0.142227931730593
227773.411807,2525866.126422,0.864294883550339,0.0152209792774619,0.00953603520997616,0.0100861910874748,0.0234733174399413,0.0773885934348065
228273.411807,2525866.126422,0.679310976727139,0.0390324354040682,0,0.00623052959501558,0.0146600696353308,0.260765988638446
228773.411807,2525866.126422,0.667094879794458,0.0247751881079097,0.000183519911910442,0.0657001284639383,0.0748761240594605,0.167370159662323
229273.411807,2525866.126422,0.743443975793141,0.0154043645699615,0,0.000733541169998166,0.0185219145424537,0.221896203924445
229773.411807,2525866.126422,0.83635697269562,0.00439802089059923,0,0.000733003481766538,0.0185083379146051,0.140003665017409
230273.411807,2525866.126422,0.784731143329051,0.0167003119838502,0,0.0172508717195816,0.0216553496054322,0.159662323362085
230773.411807,2525866.126422,0.501742160278746,0.0304419585549239,0.00146708233999633,0.0845406198422887,0.111131487254722,0.270676691729323
231273.411807,2525866.126422,0.93164742532527,0.00458127176104087,0.000366501740883269,0.000183250870441635,0.00623052959501558,0.0569910207073484
231773.411807,2525866.126422,0.546889337493118,0.0345017434391632,0.000367039823820885,0.155991925123876,0.0658836483758488,0.196366305744173
232273.411807,2525866.126422,0.560608839171098,0.0311754997249221,0.0053181734824867,0.144324225197139,0.0390610673024023,0.219512195121951
232773.411807,2525866.126422,0.690306028953638,0.0175920835623969,0.00879604178119846,0.182884368700751,0.0256551218618288,0.0747663551401869
233273.411807,2525866.126422,0.410167003119839,0.0601945311066251,0.1159845843274,0.25729491649844,0.0282620664342081,0.128096898513489
233773.411807,2525866.126422,0.569961489088575,0.030808729139923,0.0022006235099945,0.216761415734458,0.0416284613973959,0.138639281129653
234273.411807,2525866.126422,0.652556349642661,0.0804471321238776,0.00714678394722375,0.0934579439252336,0.0329851566794942,0.13340663368151
234773.411807,2525866.126422,0.481005689117269,0.0484492567443568,0.180950633143696,0.185538630941457,0.0222059093411635,0.0818498807120573
235273.411807,2525866.126422,0.215294333394462,0.0306253438474234,0.46818265175133,0.173665871997066,0.0258573262424354,0.0863744727672841
235773.411807,2525866.126422,0.94282572842221,0.00568077698369067,0,0.00109950522264981,0.0108118013560564,0.0395821880153931
236273.411807,2525866.126422,0.995044962378418,0,0,0,0,0.00495503762158194
236773.411807,2525866.126422,0.892719603887768,0.0170548322024574,0,0,0.00568494406748579,0.0845406198422887
224773.411807,2525366.126422,0.948816730875069,0.00220143093010457,0,0.00238488350761328,0.00715465052283985,0.0394423041643735
225273.411807,2525366.126422,0.988461538461539,0,0,0,0,0.0115384615384615
225773.411807,2525366.126422,0.46348623853211,0.0409174311926606,0.00532110091743119,0.145137614678899,0.0871559633027523,0.257981651376147
226273.411807,2525366.126422,0.853237937993029,0.00385250412768299,0.00623738763529628,0.0126582278481013,0.0220143093010457,0.101999633094845
226773.411807,2525366.126422,0.787179487179487,0.0010989010989011,0,0.0032967032967033,0.00659340659340659,0.201831501831502
227273.411807,2525366.126422,0.672660550458716,0.0420183486238532,0,0.0225688073394495,0.0811009174311927,0.181651376146789
227773.411807,2525366.126422,0.833791964777105,0.00293524124013942,0,0.000183452577508714,0.0126582278481013,0.150431113557145
228273.411807,2525366.126422,0.589377289377289,0.00787545787545788,0,0.106776556776557,0.0562271062271062,0.23974358974359
228773.411807,2525366.126422,0.693761467889908,0.0132110091743119,0,0.15045871559633,0.036697247706422,0.105871559633028
229273.411807,2525366.126422,0.671986791414419,0.0392588515868648,0,0.0920931939093744,0.0519170794349661,0.144744083654375
229773.411807,2525366.126422,0.9003663003663,0.00421245421245421,0,0.000915750915750916,0.00769230769230769,0.0868131868131868
230273.411807,2525366.126422,0.808256880733945,0.00330275229357798,0,0.00018348623853211,0.0185321100917431,0.169724770642202
230773.411807,2525366.126422,0.754907356448358,0.026967528893781,0.00697119794533113,0.00898917629792699,0.0335718216840947,0.168592918730508
231273.411807,2525366.126422,0.66978021978022,0.0258241758241758,0.00421245421245421,0.0602564102564103,0.0446886446886447,0.195238095238095
231773.411807,2525366.126422,0.735596330275229,0.024954128440367,0,0.0177981651376147,0.0394495412844037,0.182201834862385
232273.411807,2525366.126422,0.478444322142726,0.0420106402494955,0.000366905155017428,0.401944597321592,0.0185287103283801,0.0587048248027885
232773.411807,2525366.126422,0.546520146520146,0.0532967032967033,0.00604395604395604,0.23974358974359,0.0489010989010989,0.105494505494505
233273.411807,2525366.126422,0.813211009174312,0.0579816513761468,0.0168807339449541,0.0100917431192661,0.00238532110091743,0.0994495412844037
233773.411807,2525366.126422,0.724454228581912,0.0588882773802972,0.0409099247844432,0.0214639515685195,0.0249495505411851,0.129334067143643
234273.411807,2525366.126422,0.647619047619048,0.129487179487179,0.0316849816849817,0.0115384615384615,0.0113553113553114,0.168315018315018
234773.411807,2525366.126422,0.72,0.0910091743119266,0.0144954128440367,0.0451376146788991,0.0229357798165138,0.106422018348624
235273.411807,2525366.126422,0.778205833791965,0.0359567051917079,0.0829205650339387,0.017978352595854,0.00678774536782242,0.0781507980187122
235773.411807,2525366.126422,0.987545787545788,0,0,0,0,0.0124542124542125
236273.411807,2525366.126422,0.92348623853211,0,0,0,0,0.0765137614678899
236773.411807,2525366.126422,0.929003852504128,0,0,0,0,0.0709961474958723
224773.411807,2524866.126422,0.485714285714286,0.0336996336996337,0,0.0181318681318681,0.117399267399267,0.345054945054945
225273.411807,2524866.126422,0.499266593325999,0.0144847818115145,0,0.0342867620095343,0.0562889622295563,0.395672900623396
225773.411807,2524866.126422,0.483333333333333,0.0556776556776557,0.00146520146520147,0.0992673992673993,0.11959706959707,0.240659340659341
226273.411807,2524866.126422,0.905860805860806,0,0,0,0.0010989010989011,0.093040293040293
226773.411807,2524866.126422,0.776127612761276,0.0143014301430143,0,0.00586725339200587,0.022002200220022,0.181701503483682
227273.411807,2524866.126422,0.803663003663004,0.00970695970695971,0.000183150183150183,0.00769230769230769,0.0294871794871795,0.149267399267399
227773.411807,2524866.126422,0.766300366300366,0.00842490842490842,0.000183150183150183,0.00476190476190476,0.0142857142857143,0.206043956043956
228273.411807,2524866.126422,0.550605060506051,0.028969563623029,0,0.0804913824715805,0.0867253392005867,0.253208654198753
228773.411807,2524866.126422,0.798351648351648,0.00952380952380952,0,0.0505494505494506,0.0426739926739927,0.0989010989010989
229273.411807,2524866.126422,0.93974358974359,0.000183150183150183,0,0,0.000549450549450549,0.0595238095238095
229773.411807,2524866.126422,0.479281261459479,0.050971763843051,0,0.179134580124679,0.0630729739640631,0.227539420608728
230273.411807,2524866.126422,0.375824175824176,0.0509157509157509,0.00311355311355311,0.377289377289377,0.0586080586080586,0.134249084249084
230773.411807,2524866.126422,0.613369963369963,0.0155677655677656,0.00274725274725275,0.165384615384615,0.0452380952380952,0.157692307692308
231273.411807,2524866.126422,0.691602493582692,0.0291529152915292,0.00128346167950128,0.0099009900990099,0.037953795379538,0.23010634396773
231773.411807,2524866.126422,0.602014652014652,0.0424908424908425,0.0102564102564103,0.0437728937728938,0.0913919413919414,0.21007326007326
232273.411807,2524866.126422,0.704761904761905,0.0214285714285714,0.000549450549450549,0.207142857142857,0.00695970695970696,0.0591575091575092
232773.411807,2524866.126422,0.22002200220022,0.0603226989365603,0.192335900256692,0.285295196186285,0.0854418775210854,0.156582324899157
233273.411807,2524866.126422,0.7996336996337,0.0653846153846154,0.0010989010989011,0.0021978021978022,0.00494505494505494,0.126739926739927
233773.411807,2524866.126422,0.883516483516483,0.00293040293040293,0,0,0.0179487179487179,0.0956043956043956
234273.411807,2524866.126422,0.691785845251192,0.0533553355335534,0.00843417675100843,0.0196186285295196,0.0231023102310231,0.203703703703704
234773.411807,2524866.126422,0.875824175824176,0.0304029304029304,0.000366300366300366,0.000915750915750916,0.00549450549450549,0.086996336996337
235273.411807,2524866.126422,0.965384615384615,0.00641025641025641,0,0,0,0.0282051282051282
235773.411807,2524866.126422,0.993399339933993,0,0,0,0,0.0066006600660066
236273.411807,2524866.126422,0.910805860805861,0.000915750915750916,0,0,0.000549450549450549,0.0877289377289377
236773.411807,2524866.126422,0.898534798534799,0,0,0,0,0.101465201465201
224773.411807,2524366.126422,0.524665321841188,0.0214560792224464,0,0.00568494406748579,0.0597836053548505,0.388410049514029
225273.411807,2524366.126422,0.674546454095657,0.013560564412681,0,0.00201575957485798,0.0470954737035001,0.262781748213304
225773.411807,2524366.126422,0.62672049917416,0.0981831528720866,0.000367039823820885,0.0240411084602679,0.0697375665259681,0.180950633143696
226273.411807,2524366.126422,0.706950302585733,0.0445626260773886,0.000183385292499542,0.0251237850724372,0.0210893086374473,0.202090592334495
226773.411807,2524366.126422,0.687557265897013,0.0384826827927433,0.000366501740883269,0.0914421843503757,0.0164925783397471,0.165658786879238
227273.411807,2524366.126422,0.623600660671683,0.0359699027344467,0.0183519911910442,0.015782712424298,0.0150486327766563,0.291246100201872
227773.411807,2524366.126422,0.672473867595819,0.0249403997799376,0,0.0196222262974509,0.0638180817898405,0.219145424536952
228273.411807,2524366.126422,0.728971962616822,0.0104452996151732,0,0.0397654388858347,0.0423309510720176,0.178486347810152
228773.411807,2524366.126422,0.871903101486511,0.00642319691686548,0,0.00623967700495504,0.0192695907505964,0.0961644338410718
229273.411807,2524366.126422,0.902072253805245,0.000183385292499542,0,0,0.000916926462497708,0.0968274344397579
229773.411807,2524366.126422,0.777533443283856,0.0119113065787062,0,0.0989554700384827,0.0293201392706615,0.0822796408282939
230273.411807,2524366.126422,0.452560102771151,0.00311983850247752,0.0807487612405946,0.390897412369242,0.017434391631492,0.0552394934850431
230773.411807,2524366.126422,0.684210526315789,0.022006235099945,0.000550155877498625,0.100678525582248,0.055198973042362,0.137355584082157
231273.411807,2524366.126422,0.788894997251237,0.0126443100604728,0.00494777350192413,0.0377496793109767,0.0304196444933113,0.125343595382078
231773.411807,2524366.126422,0.789319141126812,0.0124793540099101,0,0.0082583960359699,0.0121123141860892,0.177830794641219
232273.411807,2524366.126422,0.346231432239134,0.046396479002384,0.0357601320374106,0.404731340546488,0.0317256556024207,0.135154960572162
232773.411807,2524366.126422,0.533809785596482,0.0934579439252336,0.166941542972329,0.0304196444933113,0.0249221183800623,0.150448964632582
233273.411807,2524366.126422,0.80913929161314,0.0335841438796109,0,0.000367039823820885,0.00458799779776106,0.152321526885667
233773.411807,2524366.126422,0.888501742160279,0.000550155877498625,0,0,0,0.110948101962223
234273.411807,2524366.126422,0.883635697269562,0.000916254352208173,0,0.00439802089059923,0.00604727872457394,0.105002748763057
234773.411807,2524366.126422,0.962928977794091,0.000183519911910442,0,0,0,0.0368875022939989
235273.411807,2524366.126422,0.985512561892536,0.000366770584999083,0,0,0.000183385292499542,0.0139372822299652
235773.411807,2524366.126422,0.872457394172622,0,0,0,0,0.127542605827378
236273.411807,2524366.126422,0.947696825105524,0.000367039823820885,0,0,0.000183519911910442,0.0517526151587447
236773.411807,2524366.126422,0.866862277645333,0.00623509994498441,0,0.000183385292499542,0.00935264991747662,0.117366587199707
224773.411807,2523866.126422,0.849935791597872,0.00165107319757843,0,0,0.00733810310034856,0.141075032104201
225273.411807,2523866.126422,0.978754578754579,0.00256410256410256,0,0,0,0.0186813186813187
225773.411807,2523866.126422,0.951009174311927,0.0214678899082569,0,0,0,0.0275229357798165
226273.411807,2523866.126422,0.824252430746652,0.00476976701522656,0,0,0.0126582278481013,0.15831957439002
226773.411807,2523866.126422,0.708241758241758,0.017032967032967,0.000183150183150183,0.013003663003663,0.0470695970695971,0.214468864468864
227273.411807,2523866.126422,0.599082568807339,0.0337614678899083,0.00036697247706422,0.0511926605504587,0.0818348623853211,0.233761467889908
227773.411807,2523866.126422,0.796734544120345,0.0146762062006971,0,0.00091726288754357,0.0108237020730141,0.1768482847184
228273.411807,2523866.126422,0.775274725274725,0.0293040293040293,0,0.0021978021978022,0.028021978021978,0.165201465201465
228773.411807,2523866.126422,0.561467889908257,0.0343119266055046,0,0.139266055045872,0.0770642201834862,0.187889908256881
229273.411807,2523866.126422,0.648688314070813,0.0359567051917079,0.00825536598789213,0.138690148596588,0.0543019629425793,0.11410750321042
229773.411807,2523866.126422,0.867032967032967,0.00549450549450549,0.000183150183150183,0.0205128205128205,0.019047619047619,0.0877289377289377
