"x","y","forest","agri","water","built","other","grass"
198273.411807,2682366.126422,0,0.000733406674000733,0.582691602493583,0.416208287495416,0.000366703337000367,0
198773.411807,2682366.126422,0,0,0.943956043956044,0.056043956043956,0,0
197773.411807,2681866.126422,0.0126535851824684,0.0634513112048414,0.494039977993765,0.317990097194205,0.0467632495873831,0.0651017788373372
198273.411807,2681866.126422,0,0,0.67601246105919,0.32398753894081,0,0
198773.411807,2681866.126422,0,0,0.162598641952652,0.837401358047348,0,0
197773.411807,2681366.126422,0.0091726288754357,0.0137589433131535,0.176664832140892,0.784443221427261,0.00733810310034856,0.00862227114290956
198273.411807,2681366.126422,0.0212454212454212,0.0117216117216117,0.287179487179487,0.660622710622711,0.0173992673992674,0.00183150183150183
198773.411807,2681366.126422,0.229908256880734,0.0165137614678899,0.103853211009174,0.528807339449541,0.113394495412844,0.00752293577981651
197273.411807,2680866.126422,0.0159340659340659,0.327289377289377,0.0633699633699634,0.463736263736264,0.0987179487179487,0.030952380952381
197773.411807,2680866.126422,0.00622710622710623,0.000549450549450549,0.153846153846154,0.838278388278388,0.0010989010989011,0
198273.411807,2680866.126422,0.142280894756142,0.028969563623029,0.00348368170150348,0.651998533186652,0.162449578291162,0.0108177484415108
198773.411807,2680866.126422,0.525457875457875,0.0243589743589744,0.00769230769230769,0.331684981684982,0.0888278388278388,0.021978021978022
197273.411807,2680366.126422,0.0300972655533125,0.0214718296935217,0.110295467058176,0.775555147733529,0.0376215819416407,0.0249587080198202
197773.411807,2680366.126422,0.0194388410049514,0.0498807995598753,0.0346598202824134,0.857876398312855,0.0319090408949202,0.00623509994498441
198273.411807,2680366.126422,0.0962067069818582,0.0282206340480117,0.064687557265897,0.726589701301081,0.0835623969213854,0.000733003481766538
198773.411807,2680366.126422,0.389429253073959,0.0141310332171041,0.0690034868783263,0.2653697926225,0.26133235456047,0.000734079647641769
196773.411807,2679866.126422,0.032967032967033,0.0655677655677656,0.235897435897436,0.434798534798535,0.0815018315018315,0.149267399267399
197273.411807,2679866.126422,0.0141284403669725,0.00678899082568807,0.212660550458716,0.73302752293578,0.0154128440366972,0.0179816513761468
197773.411807,2679866.126422,0.0168776371308017,0.0581544670702623,0.169143276463034,0.690698954320308,0.0585213722252798,0.0066042927903137
198273.411807,2679866.126422,0.0602564102564103,0.0212454212454212,0.217032967032967,0.659340659340659,0.0417582417582418,0.000366300366300366
198773.411807,2679866.126422,0.188073394495413,0.0715596330275229,0.102935779816514,0.454495412844037,0.172477064220183,0.0104587155963303
196273.411807,2679366.126422,0.010989010989011,0.141025641025641,0.0175824175824176,0.664285714285714,0.101465201465201,0.0646520146520147
196773.411807,2679366.126422,0.0326365969930326,0.0762742940960763,0.145581224789146,0.551888522185552,0.138430509717638,0.0551888522185552
197273.411807,2679366.126422,0.039010989010989,0.0445054945054945,0.0948717948717949,0.304395604395604,0.135714285714286,0.381501831501831
197773.411807,2679366.126422,0.0175824175824176,0.0756410256410256,0.0600732600732601,0.543406593406593,0.123443223443223,0.17985347985348
198273.411807,2679366.126422,0.0716905023835717,0.0768243491015768,0.361752841950862,0.312614594792813,0.0892922625595893,0.0878254492115878
198773.411807,2679366.126422,0.043956043956044,0.0234432234432234,0.204761904761905,0.526007326007326,0.162087912087912,0.0397435897435897
196273.411807,2678866.126422,0.0573995965523565,0.075187969924812,0,0.201540436456996,0.0713368787823217,0.594535118283514
196773.411807,2678866.126422,0.000366501740883269,0.000733003481766538,0.0918086860912589,0.897013010811801,0.0100787978742899,0
197273.411807,2678866.126422,0.00917599559552211,0.0445953385942375,0.220223894292531,0.617728023490549,0.0561570930445953,0.0521196549825656
197773.411807,2678866.126422,0.0368604437924078,0.0665688611773336,0.0245736291949386,0.661470750045846,0.1201173665872,0.090408949202274
198273.411807,2678866.126422,0.104819497892615,0.0747663551401869,0.0221733553234378,0.401685908008063,0.198277441817849,0.198277441817849
198773.411807,2678866.126422,0.162598641952652,0.0957973940172509,0.0792806019453111,0.305927693154707,0.0963479537529822,0.260047715177097
196773.411807,2678366.126422,0.117765567765568,0.0717948717948718,0.157326007326007,0.454212454212454,0.0470695970695971,0.151831501831502
197273.411807,2678366.126422,0.0744954128440367,0.0981651376146789,0.0179816513761468,0.422752293577982,0.100917431192661,0.285688073394495
197773.411807,2678366.126422,0.0291689598238855,0.0310034855989727,0.00990643918547056,0.734177215189873,0.0669601907906806,0.128783709411117
198773.411807,2678366.126422,0.00330275229357798,0.387889908256881,0.0278899082568807,0.0994495412844037,0.172844036697248,0.308623853211009
198273.411807,2677866.126422,0.00696736340300697,0.189218921892189,0.0482214888155482,0.418775210854419,0.114228089475614,0.222588925559223
198773.411807,2677866.126422,0.0236263736263736,0.0989010989010989,0.0271062271062271,0.232051282051282,0.187912087912088,0.43040293040293
198273.411807,2677366.126422,0.00183250870441635,0.124610591900312,0.584570276708814,0.130108118013561,0.0153930731170973,0.1434854315558
198773.411807,2677366.126422,0.0734079647641769,0.0785465222976693,0.130299137456414,0.249220040374381,0.121306661772802,0.347219673334557
197773.411807,2676866.126422,0,0.0291689598238855,0.916345624656026,0.026967528893781,0.00770500825536599,0.0198128783709411
198273.411807,2676866.126422,0,0.0106227106227106,0.961172161172161,0.0267399267399267,0.00146520146520147,0
198773.411807,2676866.126422,0,0.00532110091743119,0.917614678899083,0.0770642201834862,0,0
197773.411807,2676366.126422,0,0.117948717948718,0.707509157509158,0.104029304029304,0.0164835164835165,0.054029304029304
198273.411807,2676366.126422,0,0.158415841584158,0.656032269893656,0.0878254492115878,0.0531719838650532,0.0445544554455446
198773.411807,2676366.126422,0.00402930402930403,0.113919413919414,0.505677655677656,0.271062271062271,0.0445054945054945,0.0608058608058608
197273.411807,2675866.126422,0,0.123141860891907,0.717195815746008,0.097082033400624,0.022389429253074,0.0401908607083869
197773.411807,2675866.126422,0.000550155877498625,0.162846139739593,0.652484870713369,0.0550155877498625,0.0221896203924445,0.106913625527233
198273.411807,2675866.126422,0.00274876305662452,0.245006413780465,0.462525196994686,0.0278541323071285,0.0172255818215137,0.244639912039582
198773.411807,2675866.126422,0.0220223894292531,0.231235089007157,0.271425949715544,0.0583593319875206,0.0278950266103872,0.389062213250138
196773.411807,2675366.126422,0,0.0871794871794872,0.602930402930403,0.200732600732601,0.043956043956044,0.0652014652014652
197273.411807,2675366.126422,0,0.101467889908257,0.732110091743119,0.0880733944954128,0.0269724770642202,0.0513761467889908
197773.411807,2675366.126422,0.0126582278481013,0.0913593835993396,0.343973582828839,0.165107319757843,0.103467253714915,0.283434232250963
198273.411807,2675366.126422,0.177106227106227,0.0701465201465201,0.00347985347985348,0.233333333333333,0.166849816849817,0.349084249084249
198773.411807,2675366.126422,0.206788990825688,0.174128440366972,0,0.0388990825688073,0.0919266055045872,0.488256880733945
196773.411807,2674866.126422,0,0.141180784745141,0.618995232856619,0.177851118445178,0.0168683535020169,0.0451045104510451
197273.411807,2674866.126422,0.00146520146520147,0.124175824175824,0.562087912087912,0.132783882783883,0.0494505494505494,0.13003663003663
197773.411807,2674866.126422,0.0358974358974359,0.0668498168498168,0.15952380952381,0.138278388278388,0.155860805860806,0.443589743589744
198273.411807,2674866.126422,0.0209020902090209,0.233223322332233,0,0.263109644297763,0.176751008434177,0.306013934726806
198773.411807,2674866.126422,0.032051282051282,0.342490842490842,0,0.163736263736264,0.121611721611722,0.34010989010989
196273.411807,2674366.126422,0,0.130203557674674,0.66788923528333,0.115349348982212,0.046396479002384,0.0401613790573996
196773.411807,2674366.126422,0.0238226131574125,0.136888400219901,0.46417445482866,0.122411581455012,0.0678028220634048,0.184900128275609
197273.411807,2674366.126422,0.0121123141860892,0.0849697192145348,0.127362818865847,0.0662506881996697,0.110662506881997,0.598641952651863
197773.411807,2674366.126422,0.0238400880249404,0.100311754997249,0.0460297084173849,0.0968274344397579,0.13992297817715,0.593068035943517
198273.411807,2674366.126422,0.021073850100788,0.420927249404435,0,0.0985889682975994,0.0960234561114165,0.363386476085761
198773.411807,2674366.126422,0.0155991925123876,0.473481372728941,0,0.165167920719398,0.0886401174527436,0.25711139658653
195773.411807,2673866.126422,0,0.0913761467889908,0.657431192660551,0.157981651376147,0.0247706422018349,0.0684403669724771
196273.411807,2673866.126422,0.0130251330031187,0.130434782608696,0.403045312786645,0.217207851770317,0.0449458814896349,0.191341038341589
196773.411807,2673866.126422,0.026007326007326,0.141208791208791,0.0496336996336996,0.0833333333333333,0.106227106227106,0.593589743589744
197273.411807,2673866.126422,0.0177981651376147,0.130275229357798,0.011743119266055,0.078348623853211,0.111926605504587,0.649908256880734
197773.411807,2673866.126422,0.0473307649972482,0.407081269491836,0.0236653824986241,0.0458631443771785,0.106769400110072,0.369290038525041
198273.411807,2673866.126422,0.0263736263736264,0.561355311355311,0,0.131684981684982,0.117765567765568,0.162820512820513
198773.411807,2673866.126422,0.0236697247706422,0.705871559633028,0,0.00660550458715596,0.0289908256880734,0.234862385321101
196273.411807,2673366.126422,0.0289377289377289,0.0615384615384615,0.093040293040293,0.215384615384615,0.17967032967033,0.421428571428571
196773.411807,2673366.126422,0.0418041804180418,0.0408874220755409,0.00348368170150348,0.0632563256325633,0.113861386138614,0.736707004033737
197273.411807,2673366.126422,0.0177655677655678,0.256593406593407,0,0.211721611721612,0.143956043956044,0.36996336996337
197773.411807,2673366.126422,0.0269230769230769,0.205860805860806,0,0.284798534798535,0.166483516483516,0.315934065934066
198273.411807,2673366.126422,0.0163182984965163,0.545654565456546,0,0.127246057939127,0.101210121012101,0.20957095709571
198773.411807,2673366.126422,0.0179487179487179,0.509523809523809,0,0.056043956043956,0.0785714285714286,0.337912087912088
195773.411807,2672866.126422,0.0260598274912828,0.201871903101487,0.0901082767480272,0.113231785648743,0.104789869700863,0.463938337309598
196273.411807,2672866.126422,0.0408949202273978,0.151109481019622,0.00788556757748029,0.208692462864478,0.169264624977077,0.422152943333945
196773.411807,2672866.126422,0.0350009162543522,0.0558915154846986,0,0.133040131940627,0.120395821880154,0.655671614440169
197273.411807,2672866.126422,0.0328500642319692,0.0824004404477886,0,0.111396586529638,0.173976876491099,0.599376032299505
197773.411807,2672866.126422,0.0392444525949019,0.0922428021272694,0,0.233082706766917,0.185035760132037,0.450394278378874
198273.411807,2672866.126422,0.0689023272860546,0.306212204507971,0,0.183434121312076,0.224482316291002,0.216969030602895
198773.411807,2672866.126422,0.0251422279317306,0.443751146999449,0,0.113048265736832,0.140209212699578,0.27784914663241
192773.411807,2672366.126422,0.132110091743119,0.149357798165138,0.0935779816513762,0.339633027522936,0.0592660550458716,0.22605504587156
193273.411807,2672366.126422,0.0924600990643919,0.120344890845716,0.000183452577508714,0.228398458998349,0.145661346541919,0.412951751972115
193773.411807,2672366.126422,0.0701465201465201,0.133699633699634,0,0.307692307692308,0.122344322344322,0.366117216117216
194273.411807,2672366.126422,0.143669724770642,0.033394495412844,0.00477064220183486,0.300733944954128,0.216146788990826,0.301284403669725
194773.411807,2672366.126422,0.0412768299394606,0.108970831040176,0.364153366354797,0.147679324894515,0.0645753072830673,0.273344340487984
195273.411807,2672366.126422,0.0175824175824176,0.482234432234432,0.0161172161172161,0.10989010989011,0.101831501831502,0.272344322344322
195773.411807,2672366.126422,0.0187155963302752,0.524220183486239,0.00256880733944954,0.0592660550458716,0.08,0.315229357798165
196273.411807,2672366.126422,0.0108237020730141,0.773802971931756,0.00183452577508714,0.0100898917629793,0.0302696752889378,0.173179233168226
196773.411807,2672366.126422,0.0379120879120879,0.418315018315018,0.00128205128205128,0.147985347985348,0.169047619047619,0.225457875457875
197273.411807,2672366.126422,0.0322935779816514,0.389724770642202,0,0.178165137614679,0.169174311926606,0.230642201834862
197773.411807,2672366.126422,0.0326545587965511,0.146028251696936,0,0.223445239405614,0.201247477527059,0.39662447257384
198273.411807,2672366.126422,0.0553113553113553,0.106959706959707,0,0.103479853479853,0.296336996336996,0.437912087912088
198773.411807,2672366.126422,0.0603669724770642,0.331926605504587,0,0.133761467889908,0.238899082568807,0.235045871559633
192773.411807,2671866.126422,0.00604395604395604,0.177289377289377,0,0.387912087912088,0.116300366300366,0.312454212454212
193273.411807,2671866.126422,0.0769230769230769,0.0461538461538462,0.000915750915750916,0.414835164835165,0.141941391941392,0.319230769230769
193773.411807,2671866.126422,0.0324532453245325,0.0476714338100477,0,0.409057572423909,0.175467546754675,0.335350201686835
194273.411807,2671866.126422,0.0703296703296703,0.0663003663003663,0.127655677655678,0.45018315018315,0.0906593406593407,0.194871794871795
194773.411807,2671866.126422,0.00421245421245421,0.276373626373626,0.0620879120879121,0.204029304029304,0.0648351648351648,0.388461538461538
195273.411807,2671866.126422,0.0298863219655299,0.711587825449212,0,0.0251191785845251,0.0559222588925559,0.177484415108177
195773.411807,2671866.126422,0.00384615384615385,0.752380952380952,0.00256410256410256,0.00989010989010989,0.05,0.181318681318681
196273.411807,2671866.126422,0.0322344322344322,0.743223443223443,0,0.00567765567765568,0.0391941391941392,0.17967032967033
196773.411807,2671866.126422,0.0385038503850385,0.543270993766043,0,0.0727906123945728,0.143197653098643,0.202236890355702
197273.411807,2671866.126422,0.0282051282051282,0.543956043956044,0,0.0796703296703297,0.161538461538462,0.186630036630037
197773.411807,2671866.126422,0.0450549450549451,0.146886446886447,0,0.288095238095238,0.289194139194139,0.230769230769231
198273.411807,2671866.126422,0.0520718738540521,0.259442610927759,0,0.132379904657132,0.225522552255226,0.330583058305831
198773.411807,2671866.126422,0.0139194139194139,0.631501831501831,0,0.0401098901098901,0.147619047619048,0.166849816849817
192273.411807,2671366.126422,0.00714678394722375,0.0428807036833425,0.00384826827927433,0.793293018141836,0.0711013377313542,0.081729888216969
192773.411807,2671366.126422,0.0866213984217288,0.0559735731326849,0,0.48559368691503,0.167003119838502,0.204808221692054
193273.411807,2671366.126422,0.0344764349899138,0.111131487254722,0,0.300568494406749,0.129836787089675,0.42398679625894
193773.411807,2671366.126422,0.0811801356056441,0.0513102437236577,0.0291368884002199,0.402235660619388,0.0841121495327103,0.35202492211838
194273.411807,2671366.126422,0.0194531106625069,0.109928427234355,0.093778674986236,0.231418608919068,0.107175628555698,0.438245549642136
194773.411807,2671366.126422,0.01998899688245,0.419585549238951,0,0.0366770584999083,0.0812396845772969,0.442508710801394
195273.411807,2671366.126422,0.0227231079347627,0.459226681326736,0,0.120395821880154,0.207806487080814,0.189847901777533
195773.411807,2671366.126422,0.0236740686364471,0.532574784364104,0,0.0899247568361167,0.0957973940172509,0.258028996146082
196273.411807,2671366.126422,0.0416284613973959,0.265908674124335,0,0.225930680359435,0.244819365486888,0.221712818631946
196773.411807,2671366.126422,0.0562580172255818,0.317024005864028,0,0.166575041231446,0.17262231995602,0.287520615722925
197273.411807,2671366.126422,0.052303174894476,0.177280234905487,0,0.287392182051753,0.230684529271426,0.252339878876858
197773.411807,2671366.126422,0.0372272143774069,0.0170548322024574,0,0.681459746928296,0.21217678342197,0.0520814230698698
198273.411807,2671366.126422,0.0855781564962434,0.0403151914971596,0,0.447498625618472,0.241707898112516,0.184900128275609
198773.411807,2671366.126422,0.0647825289043861,0.252523398788769,0,0.219673334556799,0.252156358964948,0.210864378785098
191773.411807,2670866.126422,0.0774169877086773,0.107686662997615,0.00183452577508714,0.329664281783159,0.141808842414236,0.341588699321225
192273.411807,2670866.126422,0.0476190476190476,0.0481684981684982,0,0.230586080586081,0.145054945054945,0.528571428571429
192773.411807,2670866.126422,0.0768807339449541,0.0258715596330275,0.00073394495412844,0.71394495412844,0.126605504587156,0.0559633027522936
193273.411807,2670866.126422,0.0722803155384333,0.0541185103650706,0.0744817464685379,0.227664648688314,0.197578425976885,0.373876352962759
193773.411807,2670866.126422,0.00934065934065934,0.0615384615384615,0.178937728937729,0.383333333333333,0.0961538461538462,0.270695970695971
194273.411807,2670866.126422,0.0394495412844037,0.242385321100917,0.0922935779816514,0.109724770642202,0.172110091743119,0.344036697247706
194773.411807,2670866.126422,0.0322876536415337,0.49495505411851,0,0.073747936158503,0.117593102183086,0.281416253898367
195273.411807,2670866.126422,0.0181318681318681,0.506227106227106,0,0.00622710622710623,0.0371794871794872,0.432234432234432
195773.411807,2670866.126422,0.0627522935779816,0.182385321100917,0,0.172293577981651,0.328440366972477,0.254128440366972
196273.411807,2670866.126422,0.020546688680976,0.542285819115759,0,0.0066042927903137,0.0596220876903321,0.37094111172262
196773.411807,2670866.126422,0.0342490842490843,0.566483516483516,0,0.00824175824175824,0.0912087912087912,0.29981684981685
197273.411807,2670866.126422,0.021651376146789,0.44605504587156,0,0.0288073394495413,0.155412844036697,0.348073394495413
197773.411807,2670866.126422,0.0177949000183453,0.288387451843698,0,0.373876352962759,0.186020913593836,0.133920381581361
198273.411807,2670866.126422,0.0893772893772894,0.183333333333333,0,0.2003663003663,0.308058608058608,0.218864468864469
198773.411807,2670866.126422,0.0684403669724771,0.475412844036697,0,0.0130275229357798,0.195412844036697,0.247706422018349
191273.411807,2670366.126422,0.00366300366300366,0.0478021978021978,0.158791208791209,0.215934065934066,0.0584249084249084,0.515384615384615
191773.411807,2670366.126422,0.00476190476190476,0.236263736263736,0,0.311904761904762,0.0639194139194139,0.383150183150183
192273.411807,2670366.126422,0.063989732306564,0.0682068206820682,0,0.511001100110011,0.176017601760176,0.180784745141181
192773.411807,2670366.126422,0.0659340659340659,0.05,0,0.224908424908425,0.174725274725275,0.484432234432234
193273.411807,2670366.126422,0.00586080586080586,0.0749084249084249,0.0542124542124542,0.535714285714286,0.0787545787545788,0.250549450549451
193773.411807,2670366.126422,0.0210854418775211,0.522918958562523,0.0055005500550055,0.0891089108910891,0.0922258892555922,0.269160249358269
194273.411807,2670366.126422,0.0534798534798535,0.262087912087912,0.0120879120879121,0.127655677655678,0.201465201465201,0.343223443223443
194773.411807,2670366.126422,0.03003663003663,0.261172161172161,0.00146520146520147,0.0734432234432234,0.178937728937729,0.454945054945055
195273.411807,2670366.126422,0.0887422075540887,0.147414741474147,0,0.0588558855885589,0.264026402640264,0.440960762742941
195773.411807,2670366.126422,0.0525641025641026,0.340659340659341,0,0.105128205128205,0.258424908424908,0.243223443223443
196273.411807,2670366.126422,0.0181318681318681,0.656959706959707,0,0.032051282051282,0.112637362637363,0.18021978021978
196773.411807,2670366.126422,0.0275027502750275,0.755408874220755,0,0.00146681334800147,0.0665566556655666,0.149064906490649
197273.411807,2670366.126422,0.0463369963369963,0.5003663003663,0,0.043040293040293,0.294688644688645,0.115567765567766
197773.411807,2670366.126422,0.0597069597069597,0.485531135531136,0,0.0408424908424908,0.211172161172161,0.202747252747253
198273.411807,2670366.126422,0.00953428676200953,0.685551888522186,0,0.0223689035570224,0.0726072607260726,0.20993766043271
198773.411807,2670366.126422,0.0351648351648352,0.697252747252747,0,0.0104395604395604,0.0891941391941392,0.167948717948718
190773.411807,2669866.126422,0.0153930731170973,0.0580905259299982,0.295583654022357,0.470771486164559,0.0350009162543522,0.125160344511636
191273.411807,2669866.126422,0.0396403009726555,0.0625802899614608,0.0379886217654616,0.527619746742522,0.0805652413286842,0.251605799229216
191773.411807,2669866.126422,0.0695030258573262,0.0592334494773519,0.0022006235099945,0.351549605721621,0.13588850174216,0.381624793691546
192273.411807,2669866.126422,0.0181418361737218,0.0423309510720176,0.000549752611324904,0.71632765255635,0.162177020340847,0.0604727872457394
192773.411807,2669866.126422,0.0568911726922371,0.04147550009176,0.0956138741053404,0.4358597907873,0.129198017984951,0.240961644338411
193273.411807,2669866.126422,0.00733541169998166,0.249587383091876,0.0401613790573996,0.144690995782138,0.116816431322208,0.441408399046397
193773.411807,2669866.126422,0.015026571376214,0.512735935495694,0,0.0371999266996518,0.0929081913139087,0.342129375114532
194273.411807,2669866.126422,0.0244081482840888,0.556982932648192,0,0.026977427050835,0.125160579922922,0.266470912093962
194773.411807,2669866.126422,0.0231065468549422,0.497891069136255,0.000550155877498625,0.0630845406198423,0.136255272327159,0.279112415184302
195273.411807,2669866.126422,0.0767821147150449,0.0494777350192413,0,0.306395455378413,0.358805204324721,0.20853949056258
195773.411807,2669866.126422,0.0466140576252523,0.261882914296201,0,0.0761607634428336,0.288309781611305,0.327032483024408
196273.411807,2669866.126422,0.0254905556574363,0.682743443975793,0,0.0324591967724189,0.145974692829635,0.113332110764717
196773.411807,2669866.126422,0.0320689023272861,0.749862561847169,0,0.00366501740883269,0.103719992669965,0.110683525746747
197273.411807,2669866.126422,0.0550559735731327,0.327032483024408,0,0.0170673518076711,0.376949899064048,0.22389429253074
197773.411807,2669866.126422,0.0480469466348799,0.459196772418852,0,0.165780304419586,0.201723821749496,0.125252154777187
198273.411807,2669866.126422,0.0555250137438153,0.107018508337915,0,0.304746197544438,0.330218068535826,0.202492211838006
198773.411807,2669866.126422,0.0754266837951918,0.454762341714076,0,0.0135804734813727,0.216002936318591,0.240227564690769
190273.411807,2669366.126422,0,0,0.425243074665199,0.574756925334801,0,0
190773.411807,2669366.126422,0.063003663003663,0.232783882783883,0.285347985347985,0.144139194139194,0.106043956043956,0.168681318681319
191273.411807,2669366.126422,0.0655045871559633,0.177798165137615,0.000917431192660551,0.225321100917431,0.101834862385321,0.428623853211009
191773.411807,2669366.126422,0.0203632361034673,0.124013942395891,0.000183452577508714,0.331315354980737,0.186204366171345,0.337919647771051
192273.411807,2669366.126422,0.00732600732600733,0.0331501831501832,0.000366300366300366,0.697435897435897,0.194322344322344,0.0673992673992674
192773.411807,2669366.126422,0.0699082568807339,0.0537614678899083,0.212477064220183,0.355779816513761,0.0935779816513762,0.214495412844037
193273.411807,2669366.126422,0.00807191341038342,0.647220693450743,0.020546688680976,0.0645753072830673,0.0379746835443038,0.221610713630527
193773.411807,2669366.126422,0.0304029304029304,0.502564102564103,0.00476190476190476,0.0686813186813187,0.118864468864469,0.274725274725275
194273.411807,2669366.126422,0.0306422018348624,0.678899082568807,0.0115596330275229,0.00532110091743119,0.0697247706422018,0.203853211009174
194773.411807,2669366.126422,0.0757659145110989,0.219225830122913,0,0.0909924784443221,0.289304714731242,0.324711062190424
195273.411807,2669366.126422,0.0227106227106227,0.224725274725275,0,0.19010989010989,0.206043956043956,0.356410256410256
195773.411807,2669366.126422,0.0365137614678899,0.427155963302752,0,0.02,0.141467889908257,0.374862385321101
196273.411807,2669366.126422,0.0680609062557329,0.239405613648872,0,0.139240506329114,0.303430563199413,0.249862410566868
196773.411807,2669366.126422,0.0463369963369963,0.58021978021978,0,0.0148351648351648,0.116483516483516,0.242124542124542
197273.411807,2669366.126422,0.044954128440367,0.528440366972477,0,0.0343119266055046,0.18605504587156,0.206238532110092
197773.411807,2669366.126422,0.067327095945698,0.367088607594937,0,0.0658594753256283,0.237937993028802,0.261786828104935
198273.411807,2669366.126422,0.0873626373626374,0.269230769230769,0,0.0435897435897436,0.298351648351648,0.301465201465201
198773.411807,2669366.126422,0.053394495412844,0.516146788990826,0,0.00348623853211009,0.158899082568807,0.268073394495413
