"x","y","forest","agri","water","built","other","grass"
162273.411807,2585866.126422,0,0.0100896860986547,0.651905829596413,0.29652466367713,0.0166292974588939,0.0248505231689088
162773.411807,2585866.126422,0,0,0.988019468363909,0.0119805316360914,0,0
163273.411807,2585866.126422,0,0.0106641721234799,0.843217960710945,0.11955098222638,0.00954162768942937,0.0170252572497661
163773.411807,2585866.126422,0.00224215246636771,0.0356875934230194,0.609118086696562,0.324364723467862,0.00952914798206278,0.0190582959641256
164273.411807,2585866.126422,0,0.0241482590789966,0.318045675776863,0.638524897042306,0.00692624485211531,0.0123549232497192
164773.411807,2585866.126422,0.00149672591206735,0.0649204864359214,0.483255378858746,0.350046772684752,0.037043966323667,0.0632366697848457
165273.411807,2585866.126422,0.0196188340807175,0.135463378176383,0.321001494768311,0.243834080717489,0.113976083707025,0.166106128550075
165773.411807,2585866.126422,0.0507300636465743,0.162111568700861,0.0700112317484088,0.240172220142269,0.141707225758143,0.335267690003744
166273.411807,2585866.126422,0.0662301216089804,0.0898035547240412,0.0703461178671656,0.0660430308699719,0.117680074836296,0.589897100093545
166773.411807,2585866.126422,0.0653961136023916,0.0263452914798206,0.00242899850523169,0.353886397608371,0.258408071748879,0.293535127055306
167273.411807,2585866.126422,0.0481093223511793,0.109696742792961,0.0116061400224635,0.152377386746537,0.126169973792587,0.552040434294272
167773.411807,2585866.126422,0.0361085126286249,0.202619270346118,0.0765201122544434,0.0858746492048644,0.0523854069223573,0.546492048643592
168273.411807,2585866.126422,0.0196188340807175,0.148729446935725,0.331838565022422,0.121823617339312,0.104820627802691,0.273168908819133
168773.411807,2585866.126422,0.0243354548858106,0.22163983526769,0.274429052789218,0.0995881692250094,0.0887308124298016,0.291276675402471
169273.411807,2585866.126422,0.00729653882132834,0.148737137511693,0.146492048643592,0.461739943872778,0.116557530402245,0.119176800748363
169773.411807,2585866.126422,0.007847533632287,0.35668908819133,0.0345665171898356,0.00878176382660688,0.0504484304932735,0.541666666666667
170273.411807,2585866.126422,0.0151628603519281,0.382815424934481,0.00692624485211531,0.0471733433171097,0.12822912766754,0.419692998876825
170773.411807,2585866.126422,0.028999064546305,0.303648269410664,0,0.0641721234798878,0.122918615528531,0.480261927034612
171273.411807,2585866.126422,0.0485799701046338,0.180493273542601,0,0.00168161434977578,0.0248505231689088,0.744394618834081
171773.411807,2585866.126422,0.0700112317484088,0.020591538749532,0,0,0.00655185323848746,0.902845376263572
172273.411807,2585866.126422,0.0297474275023386,0.0883068288119738,0,0.000935453695042095,0.0280636108512629,0.852946679139383
172773.411807,2585866.126422,0.102578475336323,0.256165919282511,0,0,0.00317638266068759,0.638079222720478
161773.411807,2585366.126422,0.0682443588332416,0.0322876536415337,0.271142909557879,0.0638414969730325,0.0787011557512383,0.485782425243075
162273.411807,2585366.126422,0,0,0.862820512820513,0.137179487179487,0,0
162773.411807,2585366.126422,0,0,0.935779816513762,0.0642201834862385,0,0
163273.411807,2585366.126422,0,0,0.995046780407265,0.00495321959273528,0,0
163773.411807,2585366.126422,0.00915750915750916,0.0637362637362637,0.774542124542125,0.125824175824176,0.0263736263736264,0.000366300366300366
164273.411807,2585366.126422,0,0.0115596330275229,0.98348623853211,0.00458715596330275,0.00018348623853211,0.00018348623853211
164773.411807,2585366.126422,0.00440286186020914,0.0368739680792515,0.814896349293708,0.0687947165657677,0.0605393505778756,0.0144927536231884
165273.411807,2585366.126422,0,0.095970695970696,0.667216117216117,0.161172161172161,0.056043956043956,0.0195970695970696
165773.411807,2585366.126422,0.0277064220183486,0.129357798165138,0.413394495412844,0.135229357798165,0.0464220183486239,0.247889908256881
166273.411807,2585366.126422,0.0997982021647404,0.105852137222528,0.1726288754357,0.0339387268391121,0.085305448541552,0.502476609796368
166773.411807,2585366.126422,0.0252747252747253,0.156043956043956,0.00732600732600733,0.0789377289377289,0.143956043956044,0.588461538461538
167273.411807,2585366.126422,0.0427522935779817,0.199633027522936,0.0871559633027523,0.102201834862385,0.157614678899083,0.410642201834862
167773.411807,2585366.126422,0.0357732526141992,0.0983305815446707,0.16694184553293,0.168776371308017,0.177031737295909,0.353146211704274
168273.411807,2585366.126422,0.0485347985347985,0.202747252747253,0.227655677655678,0.0538461538461538,0.093956043956044,0.373260073260073
168773.411807,2585366.126422,0.0295412844036697,0.136330275229358,0.119266055045872,0.0869724770642202,0.101284403669725,0.526605504587156
169273.411807,2585366.126422,0.0335718216840947,0.199229499174463,0.145294441386901,0.102549990827371,0.0886075949367089,0.43074665199046
169773.411807,2585366.126422,0.0604395604395604,0.331135531135531,0.0648351648351648,0.0402930402930403,0.0426739926739927,0.460622710622711
170273.411807,2585366.126422,0.0306422018348624,0.274495412844037,0.0308256880733945,0.0447706422018349,0.125871559633028,0.493394495412844
170773.411807,2585366.126422,0.0785177031737296,0.404329480829206,0,0.0273344340487984,0.0961291506145661,0.3936892313337
171273.411807,2585366.126422,0.0236263736263736,0.173809523809524,0,0.00934065934065934,0.039010989010989,0.754212454212454
171773.411807,2585366.126422,0.018348623853211,0.202385321100917,0,0,0.00238532110091743,0.776880733944954
172273.411807,2585366.126422,0.0220143093010457,0.132819666116309,0,0,0.00238488350761328,0.842781141075032
172773.411807,2585366.126422,0.0978021978021978,0.219047619047619,0,0,0.0113553113553114,0.671794871794872
161273.411807,2584866.126422,0.19010989010989,0.0298534798534799,0.164102564102564,0.130769230769231,0.0882783882783883,0.396886446886447
161773.411807,2584866.126422,0.0155677655677656,0.0298534798534799,0.755677655677656,0.0635531135531135,0.00238095238095238,0.132967032967033
162273.411807,2584866.126422,0.00586725339200587,0.154748808214155,0.682618261826183,0.0808580858085809,0.00183351668500183,0.0740740740740741
162773.411807,2584866.126422,0,0.00476190476190476,0.948351648351648,0.0402930402930403,0.00384615384615385,0.00274725274725275
163273.411807,2584866.126422,0,0,0.580769230769231,0.419230769230769,0,0
163773.411807,2584866.126422,0.00403373670700403,0.0861752841950862,0.692702603593693,0.185185185185185,0.0201686835350202,0.0117345067840117
164273.411807,2584866.126422,0,0.0228937728937729,0.962087912087912,0.0139194139194139,0.000549450549450549,0.000549450549450549
164773.411807,2584866.126422,0.0115384615384615,0.0223443223443223,0.790659340659341,0.071978021978022,0.0712454212454212,0.0322344322344322
165273.411807,2584866.126422,0,0.0293362669600293,0.803813714704804,0.152915291529153,0.00751741840850752,0.00641730839750642
165773.411807,2584866.126422,0.084981684981685,0.0617216117216117,0.649267399267399,0.0313186813186813,0.0397435897435897,0.132967032967033
166273.411807,2584866.126422,0.103663003663004,0.108608058608059,0.183516483516484,0.16007326007326,0.13956043956044,0.304578754578755
166773.411807,2584866.126422,0.00751741840850752,0.197286395306197,0.108360836083608,0.0438210487715438,0.112394572790612,0.530619728639531
167273.411807,2584866.126422,0.017032967032967,0.199084249084249,0.354761904761905,0.0483516483516484,0.0945054945054945,0.286263736263736
167773.411807,2584866.126422,0.0214285714285714,0.186263736263736,0.383516483516484,0.0597069597069597,0.0860805860805861,0.263003663003663
168273.411807,2584866.126422,0.0278694536120279,0.167950128346168,0.310597726439311,0.0652731939860653,0.0671067106710671,0.361202786945361
168773.411807,2584866.126422,0.0923076923076923,0.139377289377289,0.0684981684981685,0.143589743589744,0.128388278388278,0.427838827838828
169273.411807,2584866.126422,0.0963369963369963,0.123626373626374,0.0340659340659341,0.0838827838827839,0.241941391941392,0.42014652014652
169773.411807,2584866.126422,0.0205353868720205,0.566189952328566,0.0201686835350202,0.0249358269160249,0.0381371470480381,0.33003300330033
170273.411807,2584866.126422,0.0168498168498168,0.637728937728938,0.000549450549450549,0.0120879120879121,0.0316849816849817,0.301098901098901
170773.411807,2584866.126422,0.0111721611721612,0.547985347985348,0,0.043956043956044,0.0241758241758242,0.372710622710623
171273.411807,2584866.126422,0.0328199486615328,0.210671067106711,0,0,0.00256692335900257,0.753942060872754
171773.411807,2584866.126422,0.01996336996337,0.0216117216117216,0,0,0.00457875457875458,0.953846153846154
172273.411807,2584866.126422,0.0322344322344322,0.217765567765568,0,0.000183150183150183,0.00732600732600733,0.742490842490843
172773.411807,2584866.126422,0.12981298129813,0.272643931059773,0,0.000733406674000733,0.0137513751375138,0.583058305830583
160773.411807,2584366.126422,0.00203703703703704,0.0257407407407407,0.668333333333333,0.253888888888889,0.0181481481481481,0.0318518518518519
161273.411807,2584366.126422,0.00605615709304459,0.0513855753349238,0.613690585428519,0.2407781244265,0.0337676637915214,0.0543218939254909
161773.411807,2584366.126422,0.17604988079956,0.0691362552723272,0.481019622226297,0.172932330827068,0.0144874381074638,0.0863744727672841
162273.411807,2584366.126422,0.0120945574491479,0.0938244456661169,0.84533626534726,0.0126443100604728,0.000916254352208173,0.0351841671247938
162773.411807,2584366.126422,0,0.0167003119838502,0.957423380436777,0.0229399889888053,0.0012846393833731,0.00165167920719398
163273.411807,2584366.126422,0.000550155877498625,0.0159545204474601,0.786356134238034,0.190537318907024,0.00110031175499725,0.00550155877498625
163773.411807,2584366.126422,0.0276708814366868,0.0351841671247938,0.814366868242624,0.0848451530144768,0.0357339197361187,0.00219901044529962
164273.411807,2584366.126422,0,0.0012846393833731,0.930445953385942,0.0638649293448339,0.00440447788585061,0
164773.411807,2584366.126422,0.00256739409499358,0.0412616908123968,0.826517513295434,0.0548322024573629,0.0562992847973593,0.0185219145424537
165273.411807,2584366.126422,0.000916254352208173,0.0683525746747297,0.663734652739601,0.206706981858164,0.0351841671247938,0.0251053692505039
165773.411807,2584366.126422,0.0082583960359699,0.147182969352175,0.753349238392366,0.0300972655533125,0.00311983850247752,0.0579922921636998
166273.411807,2584366.126422,0.0792224463598019,0.138455895837154,0.261874197689345,0.0986612873647534,0.126535851824684,0.295250320924262
166773.411807,2584366.126422,0.00824628916987356,0.279091075682609,0.293567894447499,0.138720908924317,0.066703316840755,0.213670514934946
167273.411807,2584366.126422,0.0249587080198202,0.249220040374381,0.322260965314737,0.0280785465222977,0.0449623784180584,0.330519361350707
167773.411807,2584366.126422,0.0385109114249037,0.222446359801944,0.336328626444159,0.017604988079956,0.0680359435173299,0.317073170731707
168273.411807,2584366.126422,0.0263881253435954,0.212754260582738,0.390507604911123,0.0168590800806304,0.0379329301814184,0.315557998900495
168773.411807,2584366.126422,0.0122958340979996,0.1616810423931,0.411451642503212,0.137823453844742,0.105340429436594,0.171407597724353
169273.411807,2584366.126422,0.00843572345497891,0.266825600586833,0.161929213277095,0.0907757197872731,0.0999449844122501,0.37208875848157
169773.411807,2584366.126422,0.0819131390874107,0.480667033168408,0,0.000549752611324904,0.0291368884002199,0.407733186732637
170273.411807,2584366.126422,0.0489998164800881,0.14956872820701,0.000367039823820885,0.368507983116168,0.232152688566709,0.200403743806203
170773.411807,2584366.126422,0.0300751879699248,0.604988079955988,0,0.0562992847973593,0.0348432055749129,0.273794241701815
171273.411807,2584366.126422,0.0377496793109767,0.328568810701851,0,0.024555616639179,0.0236393622869709,0.585486531061023
171773.411807,2584366.126422,0.0258763075793724,0.196182785832263,0,0.000550559735731327,0.0106441548908057,0.766746191961828
172273.411807,2584366.126422,0.0918760315422703,0.513845589583715,0,0.0022006235099945,0.0561158995048597,0.33596185585916
172773.411807,2584366.126422,0.036100421477002,0.33296683159245,0,0.0298698918819864,0.11324903793293,0.487813817115631
160773.411807,2583866.126422,0.000555247084952804,0.143623912641125,0.622431982232093,0.132333888580418,0.0229502128447159,0.0781047566166944
161273.411807,2583866.126422,0.0895412844036697,0.144403669724771,0.40605504587156,0.297614678899083,0.00697247706422018,0.0554128440366972
161773.411807,2583866.126422,0.321959273527793,0.0823702073014126,0.409833058154467,0.0576041093377362,0.00146762062006971,0.126765731058521
162273.411807,2583866.126422,0.00494505494505494,0.101648351648352,0.808791208791209,0.0512820512820513,0.00311355311355311,0.0302197802197802
162773.411807,2583866.126422,0,0.11743119266055,0.74605504587156,0.0853211009174312,0.00440366972477064,0.0467889908256881
163273.411807,2583866.126422,0,0.0155934690882407,0.823702073014126,0.153366354797285,0.00165107319757843,0.00568702990277013
163773.411807,2583866.126422,0.0119047619047619,0.0496336996336996,0.773809523809524,0.130586080586081,0.0331501831501832,0.000915750915750916
164273.411807,2583866.126422,0,0.00201834862385321,0.968440366972477,0.0277064220183486,0.00165137614678899,0.00018348623853211
164773.411807,2583866.126422,0,0.0262337185837461,0.914327646303431,0.0267840763162722,0.0137589433131535,0.0188956154833975
165273.411807,2583866.126422,0,0.0161172161172161,0.931318681318681,0.0373626373626374,0.00769230769230769,0.00750915750915751
165773.411807,2583866.126422,0,0.0853211009174312,0.850642201834862,0.0638532110091743,0.00018348623853211,0
166273.411807,2583866.126422,0.0104567969179967,0.182902219776188,0.400293524124014,0.09557879288204,0.0416437350944781,0.269124931205283
166773.411807,2583866.126422,0.00128205128205128,0.167582417582418,0.406776556776557,0.186080586080586,0.0351648351648352,0.203113553113553
167273.411807,2583866.126422,0.00862385321100917,0.321284403669725,0.252844036697248,0.0176146788990826,0.0255045871559633,0.374128440366972
167773.411807,2583866.126422,0.00476976701522656,0.203815813612181,0.372775637497707,0.0385250412768299,0.0509998165474225,0.329113924050633
168273.411807,2583866.126422,0.0133699633699634,0.208241758241758,0.238278388278388,0.223260073260073,0.0901098901098901,0.226739926739927
168773.411807,2583866.126422,0.0220183486238532,0.21045871559633,0.207522935779817,0.177614678899083,0.11743119266055,0.264954128440367
169273.411807,2583866.126422,0.0212804989910108,0.283067327095946,0.14694551458448,0.142175747569253,0.151348376444689,0.255182535314621
169773.411807,2583866.126422,0.0304029304029304,0.416666666666667,0.00201465201465201,0.0857142857142857,0.164468864468864,0.300732600732601
170273.411807,2583866.126422,0.0473394495412844,0.450275229357798,0.0018348623853211,0.00678899082568807,0.0541284403669725,0.439633027522936
170773.411807,2583866.126422,0.0715465052283985,0.361034672537149,0,0,0.00770500825536599,0.559713813979086
171273.411807,2583866.126422,0.03003663003663,0.42967032967033,0,0.00824175824175824,0.0346153846153846,0.497435897435897
171773.411807,2583866.126422,0.0247706422018349,0.382018348623853,0,0.0528440366972477,0.0277064220183486,0.512660550458716
172273.411807,2583866.126422,0.0163272793982755,0.351128233351679,0,0.0122913226930838,0.0565033938726839,0.563749770684278
172773.411807,2583866.126422,0.023992673992674,0.731501831501831,0,0,0.00183150183150183,0.242673992673993
160773.411807,2583366.126422,0.00148257968865827,0.147516679021497,0.631949592290586,0.152335063009637,0.00704225352112676,0.0596738324684952
161273.411807,2583366.126422,0.41007326007326,0.0564102564102564,0.228205128205128,0,0.000183150183150183,0.305128205128205
161773.411807,2583366.126422,0.0135531135531136,0.206776556776557,0.63956043956044,0.0106227106227106,0.00494505494505494,0.124542124542125
162273.411807,2583366.126422,0,0.068023469013568,0.885038503850385,0.028969563623029,0.00348368170150348,0.0144847818115145
162773.411807,2583366.126422,0.0043956043956044,0.128754578754579,0.67014652014652,0.0443223443223443,0.0146520146520147,0.137728937728938
163273.411807,2583366.126422,0.00164835164835165,0.123992673992674,0.772527472527473,0.0445054945054945,0.00293040293040293,0.0543956043956044
163773.411807,2583366.126422,0.00623395672900623,0.0412541254125413,0.81004767143381,0.111294462779611,0.0155848918225156,0.0155848918225156
164273.411807,2583366.126422,0,0.0108058608058608,0.91007326007326,0.0736263736263736,0.000915750915750916,0.00457875457875458
164773.411807,2583366.126422,0,0.0163003663003663,0.938461538461538,0.0210622710622711,0.0113553113553114,0.0128205128205128
165273.411807,2583366.126422,0,0.0143014301430143,0.971030436376971,0.0104510451045105,0.00403373670700403,0.000183351668500183
165773.411807,2583366.126422,0,0.0578754578754579,0.914468864468864,0.0247252747252747,0.000183150183150183,0.00274725274725275
166273.411807,2583366.126422,0.0505494505494506,0.129120879120879,0.402564102564103,0.164285714285714,0.0423076923076923,0.211172161172161
166773.411807,2583366.126422,0.000916758342500917,0.218555188852219,0.636963696369637,0.0806747341400807,0.0155848918225156,0.0473047304730473
167273.411807,2583366.126422,0.000366300366300366,0.246153846153846,0.434798534798535,0.112454212454212,0.0714285714285714,0.134798534798535
167773.411807,2583366.126422,0.00201465201465201,0.154761904761905,0.449084249084249,0.127838827838828,0.0934065934065934,0.172893772893773
168273.411807,2583366.126422,0.00256692335900257,0.183168316831683,0.326549321598827,0.23010634396773,0.136413641364136,0.121195452878621
168773.411807,2583366.126422,0.00824175824175824,0.236263736263736,0.231318681318681,0.194871794871795,0.10989010989011,0.219413919413919
169273.411807,2583366.126422,0.0159340659340659,0.148717948717949,0.307142857142857,0.161538461538462,0.203663003663004,0.163003663003663
169773.411807,2583366.126422,0.00605060506050605,0.489182251558489,0.0526219288595526,0.0264026402640264,0.0957095709570957,0.33003300330033
170273.411807,2583366.126422,0.0382783882783883,0.534981684981685,0,0.000732600732600733,0.0318681318681319,0.394139194139194
170773.411807,2583366.126422,0.0461538461538462,0.369413919413919,0.00128205128205128,0.0184981684981685,0.0684981684981685,0.496153846153846
171273.411807,2583366.126422,0.052988632196553,0.179134580124679,0.0168683535020169,0.0825082508250825,0.0801246791345801,0.588375504217088
171773.411807,2583366.126422,0.107509157509158,0.254395604395604,0,0.0351648351648352,0.0562271062271062,0.546703296703297
172273.411807,2583366.126422,0.032967032967033,0.470695970695971,0,0.0010989010989011,0.0144688644688645,0.480769230769231
172773.411807,2583366.126422,0.0218188485515218,0.72955628896223,0,0.00128346167950128,0.0155848918225156,0.231756508984232
160773.411807,2582866.126422,0.134444444444444,0.117407407407407,0.552222222222222,0.062037037037037,0.0172222222222222,0.116666666666667
161273.411807,2582866.126422,0.245916681959993,0.0673518076711323,0.334189759588915,0.0012846393833731,0.00458799779776106,0.346669113598825
161773.411807,2582866.126422,0.0066018705299835,0.190353933614524,0.556390977443609,0.00495140289748762,0.00806895286997983,0.233632862644416
162273.411807,2582866.126422,0.00256551218618288,0.130657870624885,0.762506871907642,0.040131940626718,0.0197910940076965,0.0443467106468756
162773.411807,2582866.126422,0.00789135621214902,0.122407781244265,0.679941273628189,0.031932464672417,0.0106441548908057,0.147182969352175
163273.411807,2582866.126422,0,0.066018705299835,0.842105263157895,0.0489638730973776,0.011186502842472,0.0317256556024207
163773.411807,2582866.126422,0.0047645226314825,0.0754993586219534,0.737584753527579,0.11214953271028,0.0525929998167491,0.0174088326919553
164273.411807,2582866.126422,0.00238575885483575,0.0805652413286842,0.795558818131767,0.0924940356028629,0.009543035419343,0.0194531106625069
164773.411807,2582866.126422,0.00146708233999633,0.0302585732624244,0.824867045662938,0.130937098844673,0.0121034293049697,0.000366770584999083
165273.411807,2582866.126422,0,0.0146600696353308,0.948873007146784,0.0295033901411032,0.00604727872457394,0.000916254352208173
165773.411807,2582866.126422,0.00422095797394017,0.193797026977427,0.572215085336759,0.0800146815929528,0.0225729491649844,0.127179298953937
166273.411807,2582866.126422,0.0100861910874748,0.100311754997249,0.483036860443792,0.305519897304236,0.0166880616174583,0.0843572345497891
166773.411807,2582866.126422,0,0.0362836723474437,0.844053509254169,0.0907091808686091,0.0117280557082646,0.0172255818215137
167273.411807,2582866.126422,0.00605615709304459,0.199669664158561,0.405579005322077,0.0917599559552211,0.039823820884566,0.25711139658653
167773.411807,2582866.126422,0.0236567027324409,0.146158078122135,0.311754997249221,0.0460297084173849,0.0634513112048414,0.408949202273978
168273.411807,2582866.126422,0.00513102437236577,0.194978926149899,0.367784496976361,0.163459776433938,0.151181968114349,0.117463807953088
168773.411807,2582866.126422,0.0447788585061479,0.163332721600294,0.205175261515874,0.220407414204441,0.132317856487429,0.233987887685814
169273.411807,2582866.126422,0.026407482119934,0.309004217861727,0.0524481936548689,0.101778837337246,0.141206675224647,0.369154593801577
169773.411807,2582866.126422,0.0161260765988638,0.566428440535093,0.00146600696353308,0.0139270661535642,0.0166758292101887,0.385376580538758
170273.411807,2582866.126422,0.0396403009726555,0.429436593870435,0,0.00623967700495504,0.0273444668746559,0.497338961277299
170773.411807,2582866.126422,0.0608839171098478,0.164313222079589,0,0.107647166697231,0.289932147441775,0.377223546671557
171273.411807,2582866.126422,0.017042330951072,0.525563496426608,0,0.00751328568810702,0.059190031152648,0.390690855781565
171773.411807,2582866.126422,0.0203707102220591,0.387594053954854,0,0.000917599559552211,0.0137639933932832,0.577353642870251
172273.411807,2582866.126422,0.0317256556024207,0.492389510361269,0,0.0115532734274711,0.090408949202274,0.373922611406565
172773.411807,2582866.126422,0.0701850833791461,0.610591900311526,0,0.00238226131574125,0.0498442367601246,0.266996518233462
160773.411807,2582366.126422,0.151952618915417,0.120488617434758,0.442161761984083,0.0551545437719785,0.0305385896724042,0.199703868221358
161273.411807,2582366.126422,0.109174311926606,0.117981651376147,0.541100917431193,0.0139449541284404,0.0194495412844037,0.198348623853211
161773.411807,2582366.126422,0.0443955237571088,0.117776554760594,0.571454778939644,0.0111906072280316,0.0254999082737112,0.22968262704091
162273.411807,2582366.126422,0.0261904761904762,0.0272893772893773,0.803296703296703,0.0653846153846154,0.0525641025641026,0.0252747252747253
162773.411807,2582366.126422,0.011743119266055,0.157064220183486,0.562935779816514,0.0673394495412844,0.0451376146788991,0.155779816513761
163273.411807,2582366.126422,0,0.0990643918547056,0.626490552192258,0.250779673454412,0.0148596587782058,0.00880572372041827
163773.411807,2582366.126422,0.0104395604395604,0.067032967032967,0.707875457875458,0.0873626373626374,0.0855311355311355,0.0417582417582418
164273.411807,2582366.126422,0.00036697247706422,0.0315596330275229,0.904954128440367,0.0411009174311927,0.0155963302752294,0.00642201834862385
164773.411807,2582366.126422,0,0.0919097413318657,0.739680792515135,0.130067877453678,0.016694184553293,0.0216474041460283
165273.411807,2582366.126422,0.0344322344322344,0.0723443223443224,0.252197802197802,0.411538461538462,0.11007326007326,0.119413919413919
165773.411807,2582366.126422,0.00605504587155963,0.0711926605504587,0.551376146788991,0.282752293577982,0.0422018348623853,0.0464220183486239
166273.411807,2582366.126422,0,0.0229315721885892,0.844248761695102,0.109154283617685,0.00366905155017428,0.0199963309484498
166773.411807,2582366.126422,0.0010989010989011,0.0514652014652015,0.632600732600733,0.274175824175824,0.0168498168498168,0.0238095238095238
167273.411807,2582366.126422,0.0352293577981651,0.155596330275229,0.114862385321101,0.392844036697248,0.110642201834862,0.190825688073395
167773.411807,2582366.126422,0.0610897083104018,0.105118326912493,0.184920198128784,0.267840763162722,0.163456246560264,0.217574756925335
168273.411807,2582366.126422,0.00476190476190476,0.168681318681319,0.332967032967033,0.139377289377289,0.125274725274725,0.228937728937729
168773.411807,2582366.126422,0.0357798165137615,0.37743119266055,0.0862385321100917,0.0444036697247706,0.0842201834862385,0.371926605504587
169273.411807,2582366.126422,0.0194459732159237,0.647404146028252,0,0.0117409649605577,0.029535864978903,0.291873050816364
169773.411807,2582366.126422,0.00732600732600733,0.672344322344322,0,0.00457875457875458,0.0115384615384615,0.304212454212454
170273.411807,2582366.126422,0.0135779816513761,0.595412844036697,0.00201834862385321,0.0168807339449541,0.0344954128440367,0.337614678899083
170773.411807,2582366.126422,0.0271509814712897,0.389286369473491,0,0.0392588515868648,0.147495872317006,0.396807925151348
171273.411807,2582366.126422,0.0267399267399267,0.614652014652015,0,0.00531135531135531,0.0445054945054945,0.308791208791209
171773.411807,2582366.126422,0.0264220183486239,0.673211009174312,0,0.00055045871559633,0.0234862385321101,0.276330275229358
172273.411807,2582366.126422,0.09557879288204,0.495321959273528,0,0.032104201064025,0.0774169877086773,0.29957805907173
172773.411807,2582366.126422,0.0769230769230769,0.544322344322344,0,0.0465201465201465,0.0893772893772894,0.242857142857143
160773.411807,2581866.126422,0.012416604892513,0.0702372127501853,0.808005930318755,0.0446627131208302,0.0114899925871016,0.0531875463306153
161273.411807,2581866.126422,0.0913919413919414,0.155677655677656,0.511721611721612,0.0333333333333333,0.0100732600732601,0.197802197802198
161773.411807,2581866.126422,0.0723443223443224,0.0981684981684982,0.161721611721612,0.194139194139194,0.16996336996337,0.303663003663004
162273.411807,2581866.126422,0.0385038503850385,0.152365236523652,0.294279427942794,0.217088375504217,0.108360836083608,0.189402273560689
162773.411807,2581866.126422,0.00311355311355311,0.193772893772894,0.559157509157509,0.0490842490842491,0.0315018315018315,0.163369963369963
163273.411807,2581866.126422,0.00769230769230769,0.149450549450549,0.59981684981685,0.128571428571429,0.0413919413919414,0.0730769230769231
163773.411807,2581866.126422,0.0210854418775211,0.237257059039237,0.385038503850385,0.0938760542720939,0.128529519618629,0.134213421342134
164273.411807,2581866.126422,0.0238095238095238,0.109157509157509,0.542673992673993,0.21025641025641,0.0659340659340659,0.0481684981684982
164773.411807,2581866.126422,0.0100732600732601,0.1,0.678205128205128,0.108791208791209,0.065018315018315,0.0379120879120879
165273.411807,2581866.126422,0.0111844517785112,0.0671067106710671,0.697103043637697,0.144847818115145,0.0287862119545288,0.050971763843051
165773.411807,2581866.126422,0.000732600732600733,0.106959706959707,0.434615384615385,0.381501831501831,0.017032967032967,0.0591575091575092
166273.411807,2581866.126422,0.00146520146520147,0.0393772893772894,0.819413919413919,0.117399267399267,0.0108058608058608,0.0115384615384615
166773.411807,2581866.126422,0.00293362669600293,0.204803813714705,0.15034836817015,0.422258892555922,0.0361202786945361,0.183535020168684
167273.411807,2581866.126422,0.00659340659340659,0.127655677655678,0.345787545787546,0.336446886446886,0.0935897435897436,0.0899267399267399
167773.411807,2581866.126422,0.0587912087912088,0.0705128205128205,0.0785714285714286,0.375641025641026,0.27014652014652,0.146336996336996
168273.411807,2581866.126422,0.0111844517785112,0.108544187752109,0.132379904657132,0.221672167216722,0.131279794646131,0.394939493949395
168773.411807,2581866.126422,0.0188644688644689,0.126190476190476,0.16007326007326,0.144688644688645,0.153296703296703,0.396886446886447
169273.411807,2581866.126422,0.0152014652014652,0.203113553113553,0.164285714285714,0.0932234432234432,0.140842490842491,0.383333333333333
169773.411807,2581866.126422,0.0128346167950128,0.41034103410341,0.0964429776310964,0.0436376971030436,0.0528052805280528,0.383938393839384
170273.411807,2581866.126422,0,0.674725274725275,0,0,0,0.325274725274725
170773.411807,2581866.126422,0.0272893772893773,0.636996336996337,0,0,0.00164835164835165,0.334065934065934
171273.411807,2581866.126422,0.00971763843050972,0.610744407774111,0,0.00715071507150715,0.0359369270260359,0.336450311697836
171773.411807,2581866.126422,0.0373626373626374,0.61007326007326,0,0.000183150183150183,0.0316849816849817,0.320695970695971
172273.411807,2581866.126422,0.039010989010989,0.396153846153846,0,0.0624542124542125,0.15,0.352380952380952
172773.411807,2581866.126422,0.0583058305830583,0.0449211587825449,0,0.415108177484415,0.292262559589292,0.189402273560689
160773.411807,2581366.126422,0.0137037037037037,0.103703703703704,0.592407407407407,0.0883333333333333,0.0148148148148148,0.187037037037037
161273.411807,2581366.126422,0.0144980730409249,0.164066801247935,0.69297118737383,0.0222059093411635,0.00715727656450725,0.0991007524316388
161773.411807,2581366.126422,0.114982578397213,0.0638180817898405,0.236750412616908,0.0447460113698881,0.0797726022373006,0.45993031358885
162273.411807,2581366.126422,0.017042330951072,0.137071651090343,0.32178852849551,0.121678577973245,0.0628550485614807,0.339563862928349
162773.411807,2581366.126422,0.00844191594788034,0.160946962745458,0.612772985868967,0.0370710222059093,0.0537713341897596,0.126995779042026
163273.411807,2581366.126422,0.00623509994498441,0.154410416284614,0.668439391160829,0.00513478818998716,0.0242068586099395,0.141573445809646
163773.411807,2581366.126422,0.0375664284405351,0.224299065420561,0.390690855781565,0.0868609125893348,0.0890599230346344,0.17152281473337
164273.411807,2581366.126422,0.109744907322444,0.089190677188475,0.14094329234722,0.184621031381905,0.174527436226831,0.300972655533125
164773.411807,2581366.126422,0.00916926462497708,0.137355584082157,0.513662204291216,0.202640748211993,0.0445626260773886,0.0926095727122685
165273.411807,2581366.126422,0,0.0791643760307861,0.689939527212754,0.18948140003665,0.0185083379146051,0.0229063588052043
165773.411807,2581366.126422,0.00422095797394017,0.0897412369242063,0.733529087906038,0.104973389612773,0.0251422279317306,0.0423930996513122
166273.411807,2581366.126422,0.00586832935998533,0.113148725472217,0.485787639831286,0.23198239501192,0.0513478818998716,0.11186502842472
166773.411807,2581366.126422,0.00219901044529962,0.125343595382078,0.0734835990470955,0.58182151365219,0.0676195711929632,0.149532710280374
167273.411807,2581366.126422,0.000917599559552211,0.167003119838502,0.418425399155808,0.25325747843641,0.0855202789502661,0.0748761240594605
167773.411807,2581366.126422,0.0126535851824684,0.17219878965707,0.414267375756464,0.126352466532184,0.122501375389694,0.15202640748212
168273.411807,2581366.126422,0.00164925783397471,0.163459776433938,0.314091991936962,0.327835807220084,0.127725856697819,0.0652373098772219
168773.411807,2581366.126422,0.00293631859056708,0.123875940539549,0.481923288676821,0.227381170857038,0.110846026793907,0.0530372545421178
169273.411807,2581366.126422,0.0137538969374656,0.154593801577114,0.451677975426371,0.162479369154594,0.138089125252155,0.0794058316523015
169773.411807,2581366.126422,0.0111783030969397,0.121678577973245,0.408832691955287,0.143302180685358,0.17372182517867,0.1412864211105
170273.411807,2581366.126422,0.0743255643237291,0.214718296935217,0.019086070838686,0.0515690952468343,0.179665993760323,0.46063497889521
170773.411807,2581366.126422,0.0196222262974509,0.740693196405648,0,0.00348432055749129,0.0284247203374289,0.207775536401981
171273.411807,2581366.126422,0.0430639545537841,0.450064137804655,0,0.0419644493311343,0.211471504489646,0.253435953820781
171773.411807,2581366.126422,0.0462470178014315,0.246650761607634,0.00110111947146265,0.0288126261699394,0.202973022572949,0.474215452376583
172273.411807,2581366.126422,0.0627177700348432,0.492572895653769,0,0.0212726939299468,0.165230148542087,0.258206491839354
172773.411807,2581366.126422,0.0634048011728056,0.443100604727872,0,0.0674363203225215,0.253802455561664,0.172255818215137
160773.411807,2580866.126422,0.0118452711456598,0.128076994262447,0.66740699611327,0.0185082361650935,0.00333148250971682,0.170831019803813
161273.411807,2580866.126422,0.0128440366972477,0.146238532110092,0.591376146788991,0.00055045871559633,0.0073394495412844,0.241651376146789
161773.411807,2580866.126422,0.0291689598238855,0.150247660979637,0.467070262337186,0.0310034855989727,0.0361401577692167,0.286369473491103
162273.411807,2580866.126422,0.041025641025641,0.133333333333333,0.310805860805861,0.0880952380952381,0.108974358974359,0.317765567765568
162773.411807,2580866.126422,0.00330275229357798,0.137064220183486,0.566605504587156,0.102201834862385,0.0759633027522936,0.114862385321101
163273.411807,2580866.126422,0.001284168042561,0.194826637314254,0.567969179966978,0.0425609979820216,0.0427444505595304,0.150614566134654
163773.411807,2580866.126422,0.0553113553113553,0.116666666666667,0.195238095238095,0.204761904761905,0.156410256410256,0.271611721611722
164273.411807,2580866.126422,0.0251376146788991,0.0579816513761468,0.071743119266055,0.513211009174312,0.152660550458716,0.179266055045872
164773.411807,2580866.126422,0.00091726288754357,0.157769216657494,0.459732159236837,0.24399192808659,0.0442120711796001,0.0933773619519354
165273.411807,2580866.126422,0.00659340659340659,0.0600732600732601,0.73021978021978,0.0434065934065934,0.0234432234432234,0.136263736263736
165773.411807,2580866.126422,0.00036697247706422,0.0776146788990826,0.793211009174312,0.0768807339449541,0.00330275229357798,0.0486238532110092
166273.411807,2580866.126422,0,0.13557145477894,0.377728857090442,0.408548890111906,0.0506329113924051,0.0275178866263071
166773.411807,2580866.126422,0,0.113186813186813,0.0432234432234432,0.734798534798535,0.0346153846153846,0.0741758241758242
167273.411807,2580866.126422,0.00642201834862385,0.215229357798165,0.0475229357798165,0.445321100917431,0.0798165137614679,0.205688073394495
167773.411807,2580866.126422,0.00348559897266557,0.148229682627041,0.431297009722987,0.123280132085856,0.136121812511466,0.157585764079985
168273.411807,2580866.126422,0.0032967032967033,0.118681318681319,0.585897435897436,0.162087912087912,0.0836996336996337,0.0463369963369963
168773.411807,2580866.126422,0.00165137614678899,0.0842201834862385,0.608440366972477,0.224954128440367,0.0488073394495413,0.0319266055045872
169273.411807,2580866.126422,0.01284168042561,0.149880755824619,0.40653091175931,0.0764997248211337,0.161805173362686,0.192441753806641
169773.411807,2580866.126422,0.00402930402930403,0.511355311355311,0.142307692307692,0.0789377289377289,0.0749084249084249,0.188461538461538
170273.411807,2580866.126422,0.0447706422018349,0.677981651376147,0,0,0.00954128440366972,0.267706422018349
170773.411807,2580866.126422,0.0144927536231884,0.536782241790497,0,0.0275178866263071,0.146211704274445,0.274995413685562
171273.411807,2580866.126422,0.0542124542124542,0.270695970695971,0,0.0498168498168498,0.166117216117216,0.459157509157509
171773.411807,2580866.126422,0.0752293577981651,0.368440366972477,0.00055045871559633,0.00018348623853211,0.058348623853211,0.497247706422018
172273.411807,2580866.126422,0.0066042927903137,0.351862043661713,0,0,0.0653091175931022,0.576224545954871
172773.411807,2580866.126422,0.0108058608058608,0.226190476190476,0,0,0.0489010989010989,0.714102564102564
160773.411807,2580366.126422,0,0.02353595255745,0.802075611564122,0.159377316530764,0.00407709414381023,0.0109340252038547
161273.411807,2580366.126422,0.000549450549450549,0.0994505494505494,0.594688644688645,0.15970695970696,0.019047619047619,0.126556776556777
161773.411807,2580366.126422,0.00366300366300366,0.0972527472527473,0.549267399267399,0.0794871794871795,0.0261904761904762,0.244139194139194
162273.411807,2580366.126422,0.00385038503850385,0.0914924825815915,0.528419508617528,0.142280894756142,0.0537220388705537,0.18023469013568
162773.411807,2580366.126422,0.0217948717948718,0.139194139194139,0.294871794871795,0.134798534798535,0.0970695970695971,0.312271062271062
163273.411807,2580366.126422,0.0293040293040293,0.181318681318681,0.427106227106227,0.0163003663003663,0.0518315018315018,0.294139194139194
163773.411807,2580366.126422,0.0357535753575358,0.135680234690136,0.314448111477814,0.135680234690136,0.132013201320132,0.246424642464246
164273.411807,2580366.126422,0.052014652014652,0.143406593406593,0.0652014652014652,0.236630036630037,0.138644688644689,0.364102564102564
164773.411807,2580366.126422,0.0481684981684982,0.112454212454212,0.268131868131868,0.310989010989011,0.0703296703296703,0.18992673992674
165273.411807,2580366.126422,0.00605060506050605,0.099009900990099,0.690685735240191,0.00971763843050972,0.00733406674000733,0.187202053538687
165773.411807,2580366.126422,0,0.047985347985348,0.91007326007326,0.0307692307692308,0.00494505494505494,0.00622710622710623
166273.411807,2580366.126422,0.00146520146520147,0.123260073260073,0.61959706959707,0.170512820512821,0.0296703296703297,0.0554945054945055
166773.411807,2580366.126422,0,0.0713237990465713,0.175284195086175,0.651081774844151,0.0850751741840851,0.0172350568390172
167273.411807,2580366.126422,0.00567765567765568,0.250915750915751,0.202197802197802,0.335897435897436,0.0782051282051282,0.127106227106227
167773.411807,2580366.126422,0.0010989010989011,0.221794871794872,0.434432234432234,0.181501831501831,0.0816849816849817,0.0794871794871795
168273.411807,2580366.126422,0.0181518151815182,0.154748808214155,0.485148514851485,0.121928859552622,0.113311331133113,0.106710671067107
168773.411807,2580366.126422,0.00842490842490842,0.115018315018315,0.475824175824176,0.175641025641026,0.104029304029304,0.121062271062271
169273.411807,2580366.126422,0.00476190476190476,0.174175824175824,0.353479853479854,0.0901098901098901,0.131501831501832,0.245970695970696
169773.411807,2580366.126422,0.0155848918225156,0.349101576824349,0.208287495416208,0.0214521452145215,0.110744407774111,0.294829482948295
170273.411807,2580366.126422,0.041025641025641,0.544871794871795,0,0.00201465201465201,0.0401098901098901,0.371978021978022
170773.411807,2580366.126422,0.00879120879120879,0.746886446886447,0,0.00384615384615385,0.0124542124542125,0.228021978021978
171273.411807,2580366.126422,0.0748074807480748,0.297763109644298,0.1002933626696,0.0254858819215255,0.0632563256325633,0.438393839383938
171773.411807,2580366.126422,0.00293040293040293,0.477472527472527,0.0470695970695971,0.0906593406593407,0.00842490842490842,0.373443223443223
172273.411807,2580366.126422,0.0135531135531136,0.467216117216117,0.073992673992674,0.05,0.00402930402930403,0.391208791208791
172773.411807,2580366.126422,0.050971763843051,0.413091309130913,0.0232856618995233,0.0474880821415475,0.0507884121745508,0.414374770810414
160773.411807,2579866.126422,0.03,0.123703703703704,0.522037037037037,0.0485185185185185,0.0248148148148148,0.250925925925926
161273.411807,2579866.126422,0.0126628739218205,0.143696091025876,0.469994494402643,0.0946962745457882,0.0552394934850431,0.223710772618829
161773.411807,2579866.126422,0.00568494406748579,0.160828901522098,0.463231248853842,0.167430772052081,0.0597836053548505,0.143040528149642
162273.411807,2579866.126422,0.0100787978742899,0.127725856697819,0.517133956386293,0.0831958951805021,0.042147700201576,0.21971779365952
162773.411807,2579866.126422,0,0.0840521196549826,0.578087722517893,0.281703064782529,0.0135804734813727,0.0425766195632226
163273.411807,2579866.126422,0.0363102879149092,0.114065651934715,0.416467999266459,0.0878415551072804,0.0812396845772969,0.26407482119934
