"x","y","forest","agri","water","built","other","grass"
199273.411807,2668866.126422,0.032015681149951,0.636393335511271,0,0.122835674616139,0.0411630186213656,0.167592290101274
199773.411807,2668866.126422,0.0616772306192101,0.262798634812287,0.000975134080936129,0.422233057045344,0.101413944417357,0.150901999024866
200273.411807,2668866.126422,0.0387426900584795,0.567982456140351,0,0.153508771929825,0.0923489278752437,0.147417153996101
200773.411807,2668866.126422,0.0555555555555556,0.485867446393762,0,0.218567251461988,0.0972222222222222,0.142787524366472
201273.411807,2668866.126422,0.0789858605558264,0.158215504631887,0.00121891760117016,0.313261823500731,0.184787908337396,0.263529985372989
201773.411807,2668866.126422,0.0423976608187134,0.774610136452242,0,0.00779727095516569,0.00950292397660819,0.165692007797271
202273.411807,2668866.126422,0.103557504873294,0.416179337231969,0,0.169346978557505,0.0662768031189084,0.244639376218324
202773.411807,2668866.126422,0.175280351048269,0.0775231594344222,0.107996099463676,0.0353486104339347,0.00511945392491468,0.598732325694783
203273.411807,2668866.126422,0,0.220272904483431,0.21369395711501,0.0477582846003899,0.0928362573099415,0.425438596491228
203773.411807,2668866.126422,0.0531189083820663,0.226851851851852,0.0833333333333333,0.12280701754386,0.0112085769980507,0.502680311890838
204273.411807,2668866.126422,0.0370550950755729,0.690394929302779,0,0.0119453924914676,0.04534373476353,0.21526084836665
204773.411807,2668866.126422,0.0365497076023392,0.728801169590643,0,0.0726120857699805,0.0389863547758285,0.123050682261209
205273.411807,2668866.126422,0.0309454191033138,0.50462962962963,0,0.144980506822612,0.0692007797270955,0.250243664717349
205773.411807,2668866.126422,0.0221843003412969,0.0231594344222331,0.000243783520234032,0.768405655777669,0.144563627498781,0.0414431984397855
206273.411807,2668866.126422,0.0114522417153996,0.0796783625730994,0.00219298245614035,0.708333333333333,0.125730994152047,0.0726120857699805
206773.411807,2668866.126422,0.0268031189083821,0.268031189083821,0,0.256578947368421,0.169103313840156,0.27948343079922
207273.411807,2668866.126422,0.18381277425646,0.162603607996099,0,0.128473915163335,0.0980009751340809,0.427108727450024
207773.411807,2668866.126422,0.198343079922027,0.0231481481481481,0,0.0443469785575049,0.0660331384015595,0.66812865497076
208273.411807,2668866.126422,0.337475633528265,0,0,0.00365497076023392,0.00730994152046784,0.651559454191033
208773.411807,2668866.126422,0.509995124329595,0,0,0.0221843003412969,0.0399804973183813,0.427840078010726
209273.411807,2668866.126422,0.461013645224172,0.0214424951267057,0,0.040448343079922,0.0733430799220273,0.403752436647173
209773.411807,2668866.126422,0.300925925925926,0.0553118908382066,0,0.172027290448343,0.148148148148148,0.323586744639376
210273.411807,2668866.126422,0.0355923939541687,0.418576304241833,0,0.245977571916138,0.0858117991223793,0.21404193076548
210773.411807,2668866.126422,0.0765107212475633,0.710526315789474,0,0.00121832358674464,0.0209551656920078,0.190789473684211
211273.411807,2668866.126422,0.0862573099415205,0.138157894736842,0.00292397660818713,0.119395711500975,0.189327485380117,0.463937621832359
211773.411807,2668866.126422,0.111963725148239,0.386117893268225,0,0.0258109522148587,0.0261597488664109,0.449947680502267
199273.411807,2668366.126422,0.0892641737032569,0.37394451145959,0,0.158021712907117,0.138721351025332,0.240048250904704
199773.411807,2668366.126422,0.0324354040681693,0.54040681693238,0.000183250870441635,0.18050210738501,0.0875939160711013,0.158878504672897
200273.411807,2668366.126422,0.0583593319875206,0.492934483391448,0,0.127362818865847,0.0816663608001468,0.239677004955038
200773.411807,2668366.126422,0.0438290849073904,0.599119750596002,0.000550155877498625,0.123418301852191,0.0614340729873464,0.171648633779571
201273.411807,2668366.126422,0.0701850833791461,0.404801172805571,0.000183250870441635,0.2398753894081,0.14018691588785,0.144768187648891
201773.411807,2668366.126422,0.077995962561938,0.302624334740319,0,0.238942925307396,0.21159845843274,0.168838318957607
202273.411807,2668366.126422,0.0370438290849074,0.617091509260957,0,0.081606455162296,0.0421786172748946,0.222079589216945
202773.411807,2668366.126422,0.153197727689207,0.253619204691222,0,0.109034267912773,0.0507604911123328,0.433388308594466
203273.411807,2668366.126422,0.0908423563956689,0.305193613507066,0.220223894292531,0.154523765828592,0.00403743806202973,0.225178931914113
203773.411807,2668366.126422,0.0427287731523932,0.151659636897121,0.0269576379974326,0.088391710984779,0.110581331377224,0.579680909591051
204273.411807,2668366.126422,0.100238226131574,0.0850284038849184,0.000183250870441635,0.0650540590067803,0.114531794026022,0.634964266080264
204773.411807,2668366.126422,0.0293631859056708,0.563773169388879,0.000917599559552211,0.130482657368324,0.0776289227381171,0.197834465039457
205273.411807,2668366.126422,0.0363102879149092,0.555657436273611,0,0.138272510544654,0.134788189987163,0.134971575279663
205773.411807,2668366.126422,0.0119113065787062,0.735568993952721,0,0.0712845886017959,0.0328019058090526,0.148433205057724
206273.411807,2668366.126422,0.0400073407964764,0.325197283905304,0,0.289410901082767,0.1036887502294,0.241695723986052
206773.411807,2668366.126422,0.0465798642948836,0.348798826334128,0.000366770584999083,0.333027691179167,0.110581331377224,0.160645516229598
207273.411807,2668366.126422,0.0731170973062122,0.0139270661535642,0.000183250870441635,0.62891698735569,0.175554333883086,0.108301264431006
207773.411807,2668366.126422,0.177463754817398,0.0262433474031932,0,0.204624701780143,0.170673518076711,0.420994677922555
208273.411807,2668366.126422,0.304786356134238,0,0,0.00238400880249404,0.0102695763799743,0.682560058683294
208773.411807,2668366.126422,0.434121312076232,0.000549752611324904,0,0.00861279091075683,0.0111783030969397,0.545537841304746
209273.411807,2668366.126422,0.451275463387778,0.000367039823820885,0,0.0877225178931914,0.154707285740503,0.305927693154707
209773.411807,2668366.126422,0.251054465431872,0.0106363469649734,0,0.264991747661838,0.217678342196956,0.255639097744361
210273.411807,2668366.126422,0.0428807036833425,0.422393256367968,0.000916254352208173,0.270844786512736,0.0839288986622686,0.179036100421477
210773.411807,2668366.126422,0.0343182235272527,0.582859240227565,0,0.0581758120756102,0.0851532391264452,0.239493485043127
211273.411807,2668366.126422,0.160462130937099,0.125068769484687,0.00550155877498625,0.146891619292133,0.097194205024757,0.464881716486338
211773.411807,2668366.126422,0.0507731958762887,0.395876288659794,0,0.0324742268041237,0.0791237113402062,0.441752577319588
199273.411807,2667866.126422,0.0318455971049457,0.0704463208685163,0.00337756332931242,0.578769601930036,0.0943305186972256,0.221230398069964
199773.411807,2667866.126422,0.0247252747252747,0.469230769230769,0,0.321428571428571,0.0664835164835165,0.118131868131868
200273.411807,2667866.126422,0.0798165137614679,0.39302752293578,0,0.227522935779817,0.143119266055046,0.15651376146789
200773.411807,2667866.126422,0.0493487433498441,0.60906255732893,0,0.147679324894515,0.0541185103650706,0.13979086406164
201273.411807,2667866.126422,0.0232600732600733,0.739377289377289,0,0.0976190476190476,0.0271062271062271,0.112637362637363
201773.411807,2667866.126422,0.021651376146789,0.778899082568807,0,0.0455045871559633,0.0352293577981651,0.118715596330275
202273.411807,2667866.126422,0.0799853237937993,0.31663914878004,0,0.276279581728123,0.123096679508347,0.20399926618969
202773.411807,2667866.126422,0.0551282051282051,0.285897435897436,0,0.18956043956044,0.150732600732601,0.318681318681319
203273.411807,2667866.126422,0.0981651376146789,0.160550458715596,0.0161467889908257,0.284036697247706,0.224954128440367,0.216146788990826
203773.411807,2667866.126422,0.0286186020913594,0.185837461016327,0.203265455879655,0.10988809392772,0.0577875619152449,0.414602825169694
204273.411807,2667866.126422,0.00842490842490842,0.124725274725275,0.172710622710623,0.0769230769230769,0.0576923076923077,0.55952380952381
204773.411807,2667866.126422,0.0460550458715596,0.498348623853211,0,0.00385321100917431,0.0434862385321101,0.408256880733945
205273.411807,2667866.126422,0.0532012474775271,0.450376077783893,0,0.129884424876169,0.080168776371308,0.286369473491103
205773.411807,2667866.126422,0.106959706959707,0.338095238095238,0,0.0705128205128205,0.121428571428571,0.363003663003663
206273.411807,2667866.126422,0.0508256880733945,0.332110091743119,0,0.138899082568807,0.135779816513761,0.342385321100917
206773.411807,2667866.126422,0.0445789763346175,0.461933590166942,0,0.113740598055403,0.136121812511466,0.243625022931572
207273.411807,2667866.126422,0.151282051282051,0.145604395604396,0.00128205128205128,0.101098901098901,0.162271062271062,0.438461538461538
207773.411807,2667866.126422,0.107155963302752,0.0335779816513761,0,0.511192660550459,0.207706422018349,0.140366972477064
208273.411807,2667866.126422,0.0401761144744084,0.0653091175931022,0.000366905155017428,0.634562465602642,0.130251330031187,0.129334067143643
208773.411807,2667866.126422,0.235714285714286,0.0177655677655678,0,0.213186813186813,0.163003663003663,0.37032967032967
209273.411807,2667866.126422,0.355229357798165,0.00201834862385321,0,0.141284403669725,0.182201834862385,0.319266055045872
209773.411807,2667866.126422,0.0986974866996881,0.239772518803889,0,0.346725371491469,0.148780040359567,0.166024582645386
210273.411807,2667866.126422,0.0419413919413919,0.39010989010989,0,0.247252747252747,0.103663003663004,0.217032967032967
210773.411807,2667866.126422,0.0310091743119266,0.0990825688073395,0.00146788990825688,0.681284403669725,0.115963302752294,0.0711926605504587
211273.411807,2667866.126422,0.0812694918363603,0.072463768115942,0.00183452577508714,0.277013392038158,0.14694551458448,0.420473307649972
211773.411807,2667866.126422,0.0363214837712519,0.182122617207625,0,0.334878928387429,0.102009273570325,0.344667697063369
199273.411807,2667366.126422,0.0737349397590361,0.0539759036144578,0.00265060240963855,0.649156626506024,0.150361445783133,0.0701204819277108
199773.411807,2667366.126422,0.0242024202420242,0.256142280894756,0.00146681334800147,0.412174550788412,0.135496883021635,0.170517051705171
200273.411807,2667366.126422,0.058974358974359,0.583699633699634,0,0.0315018315018315,0.0368131868131868,0.289010989010989
200773.411807,2667366.126422,0.0732600732600733,0.296336996336996,0,0.366300366300366,0.132783882783883,0.131318681318681
201273.411807,2667366.126422,0.0768243491015768,0.564539787312065,0.0011001100110011,0.115328199486615,0.10982764943161,0.132379904657132
201773.411807,2667366.126422,0.026007326007326,0.650732600732601,0.000366300366300366,0.140659340659341,0.0708791208791209,0.111355311355311
202273.411807,2667366.126422,0.0375457875457875,0.202930402930403,0.000183150183150183,0.576739926739927,0.0891941391941392,0.0934065934065934
202773.411807,2667366.126422,0.106343967730106,0.436193619361936,0,0.066006600660066,0.0568390172350568,0.334616795012835
203273.411807,2667366.126422,0.0512820512820513,0.516300366300366,0.00201465201465201,0.116666666666667,0.0822344322344322,0.231501831501832
203773.411807,2667366.126422,0.0826007326007326,0.392857142857143,0,0.0945054945054945,0.0633699633699634,0.366666666666667
204273.411807,2667366.126422,0.0383204987165383,0.311697836450312,0,0.0643564356435644,0.0518885221855519,0.533736707004034
204773.411807,2667366.126422,0.00860805860805861,0.478205128205128,0.187545787545788,0.032967032967033,0.0104395604395604,0.282234432234432
205273.411807,2667366.126422,0.0122710622710623,0.221611721611722,0.141575091575092,0.0454212454212454,0.0217948717948718,0.557326007326007
205773.411807,2667366.126422,0.015034836817015,0.24037403740374,0.244774477447745,0.135496883021635,0.0115511551155116,0.352768610194353
206273.411807,2667366.126422,0.0373626373626374,0.0652014652014652,0.316666666666667,0.0241758241758242,0.0267399267399267,0.52985347985348
206773.411807,2667366.126422,0.0712454212454212,0.163003663003663,0.157142857142857,0.112820512820513,0.110989010989011,0.384798534798535
207273.411807,2667366.126422,0.0946094609460946,0.0143014301430143,0,0.459479281261459,0.154198753208654,0.277411074440777
207773.411807,2667366.126422,0.056959706959707,0.0692307692307692,0,0.591575091575092,0.173260073260073,0.108974358974359
208273.411807,2667366.126422,0.0648351648351648,0.0985347985347985,0,0.315934065934066,0.218864468864469,0.301831501831502
208773.411807,2667366.126422,0.015951595159516,0.0546387972130546,0.00165016501650165,0.607077374404107,0.213421342134213,0.107260726072607
209273.411807,2667366.126422,0.0820512820512821,0.0478021978021978,0.00128205128205128,0.56978021978022,0.163553113553114,0.135531135531136
209773.411807,2667366.126422,0.0741758241758242,0.138461538461538,0.000366300366300366,0.351465201465201,0.143040293040293,0.292490842490843
210273.411807,2667366.126422,0.0346534653465347,0.050971763843051,0.00806747341400807,0.590575724239091,0.161349468280161,0.154382104877154
210773.411807,2667366.126422,0.0115384615384615,0.100732600732601,0,0.62032967032967,0.127838827838828,0.13956043956044
211273.411807,2667366.126422,0.0844322344322344,0.0478021978021978,0.00238095238095238,0.497802197802198,0.131318681318681,0.236263736263736
211773.411807,2667366.126422,0.0662371134020619,0.0355670103092783,0.00463917525773196,0.672164948453608,0.143556701030928,0.0778350515463918
199273.411807,2666866.126422,0.0436670687575392,0.113872135102533,0.00241254523522316,0.59686369119421,0.12810615199035,0.115078407720145
199773.411807,2666866.126422,0.0586402785413231,0.204691222283306,0.000549752611324904,0.462158695253802,0.110133773135422,0.163826278174821
200273.411807,2666866.126422,0.0488162965681776,0.445586346118554,0,0.193980546889337,0.0739585244999082,0.237658285924023
200773.411807,2666866.126422,0.0348432055749129,0.438657619658903,0,0.304786356134238,0.116816431322208,0.104896387309738
201273.411807,2666866.126422,0.0287703866593366,0.556716144401686,0,0.122594832325454,0.0941909474070002,0.197727689206524
201773.411807,2666866.126422,0.0579922921636998,0.580473481372729,0,0.058909891723252,0.0579922921636998,0.24463204257662
202273.411807,2666866.126422,0.0940766550522648,0.206675224646983,0.00183385292499542,0.393178067119017,0.156611039794608,0.147625160462131
202773.411807,2666866.126422,0.0679860729338464,0.137621403701668,0.000183250870441635,0.558731903976544,0.099321971779366,0.136155396738135
203273.411807,2666866.126422,0.0394567810607451,0.595338594237475,0,0.0792806019453111,0.0614791704899982,0.224444852266471
203773.411807,2666866.126422,0.0509811113148725,0.377957087841555,0,0.0832569227947919,0.0630845406198423,0.424720337428938
204273.411807,2666866.126422,0.0260216236027121,0.553967381345061,0,0.139453912406084,0.0650540590067803,0.215503023639362
204773.411807,2666866.126422,0.217287575701964,0.294365938704349,0.000183519911910442,0.139475133051936,0.133235456046981,0.215452376582859
205273.411807,2666866.126422,0.120667522464698,0.307170364936732,0.00330093526499175,0.169448010269576,0.0979277461947552,0.301485420869246
205773.411807,2666866.126422,0.0809968847352025,0.103719992669965,0.000916254352208173,0.111416529228514,0.0934579439252336,0.609492395088877
206273.411807,2666866.126422,0.127729858689668,0.115801064415489,0.0047715177096715,0.164800880895577,0.063497889521013,0.523398788768581
206773.411807,2666866.126422,0.0856409315972859,0.149275628094627,0.0192554557124519,0.0871080139372822,0.139189437007152,0.519530533651201
207273.411807,2666866.126422,0.0106285504856148,0.0842954004031519,0.155030236393623,0.0764156129741616,0.0716510903426791,0.60197910940077
207773.411807,2666866.126422,0.0519361350706552,0.047715177096715,0.16993943842907,0.0104606349788952,0.0161497522481189,0.703798862176546
208273.411807,2666866.126422,0.0720704199523198,0.0214560792224464,0.158444892719604,0.00715202640748212,0.00715202640748212,0.733724555290666
208773.411807,2666866.126422,0.0538757559098406,0.0355506688656771,0.107201759208356,0.0553417628733736,0.0886934212937511,0.659336631849001
209273.411807,2666866.126422,0.0515690952468343,0.0655166085520279,0.0146815929528354,0.15782712424298,0.180950633143696,0.529454945861626
209773.411807,2666866.126422,0.0709701081973226,0.0889418668622776,0.000366770584999083,0.311754997249221,0.220612506876948,0.307353750229232
210273.411807,2666866.126422,0.0124610591900312,0.0894264247755177,0.00238226131574125,0.315557998900495,0.17042330951072,0.409748946307495
210773.411807,2666866.126422,0.0568911726922371,0.155074325564324,0.011194714626537,0.532941824187924,0.0673518076711323,0.176546155257845
211273.411807,2666866.126422,0.01998899688245,0.0271410232899321,0.0150375939849624,0.757931413900605,0.13992297817715,0.0399779937649001
211773.411807,2666866.126422,0.0466494845360825,0.0301546391752577,0,0.627061855670103,0.201030927835052,0.0951030927835051
199273.411807,2666366.126422,0.0743063932448733,0.230398069963812,0,0.231604342581423,0.180940892641737,0.282750301568154
199773.411807,2666366.126422,0.0595238095238095,0.176007326007326,0.000183150183150183,0.215750915750916,0.143406593406593,0.405128205128205
200273.411807,2666366.126422,0.0500917431192661,0.297798165137615,0,0.191559633027523,0.16,0.300550458715596
200773.411807,2666366.126422,0.0570537516052101,0.17409649605577,0.00146762062006971,0.421207117960007,0.160337552742616,0.185837461016327
201273.411807,2666366.126422,0.0465201465201465,0.0886446886446886,0.000183150183150183,0.558241758241758,0.158058608058608,0.148351648351648
201773.411807,2666366.126422,0.0374311926605505,0.298532110091743,0.00018348623853211,0.24697247706422,0.143669724770642,0.273211009174312
202273.411807,2666366.126422,0.0390753990093561,0.333149880755825,0,0.139423958906623,0.106402494955054,0.381948266373143
202773.411807,2666366.126422,0.0738095238095238,0.178205128205128,0.0010989010989011,0.361355311355311,0.137912087912088,0.247619047619048
203273.411807,2666366.126422,0.0620183486238532,0.373577981651376,0.000917431192660551,0.212293577981651,0.102385321100917,0.248807339449541
203773.411807,2666366.126422,0.0526508897450009,0.185837461016327,0.000366905155017428,0.372592184920198,0.160337552742616,0.22821500642084
204273.411807,2666366.126422,0.065018315018315,0.329304029304029,0.000549450549450549,0.15989010989011,0.0994505494505494,0.345787545787546
204773.411807,2666366.126422,0.119266055045872,0.171376146788991,0.0018348623853211,0.244036697247706,0.131926605504587,0.331559633027523
205273.411807,2666366.126422,0.0486149330398092,0.311502476609796,0.00293524124013942,0.279031370390754,0.118877270225647,0.239038708493854
205773.411807,2666366.126422,0.0137362637362637,0.440842490842491,0.00256410256410256,0.14010989010989,0.111355311355311,0.291391941391941
206273.411807,2666366.126422,0.0603669724770642,0.220183486238532,0.00110091743119266,0.28954128440367,0.16605504587156,0.262752293577982
206773.411807,2666366.126422,0.111722619702807,0.243074665199046,0.0091726288754357,0.272610530177949,0.141075032104201,0.222344523940561
207273.411807,2666366.126422,0.118315018315018,0.347802197802198,0,0.168498168498169,0.0844322344322344,0.280952380952381
207773.411807,2666366.126422,0.0605504587155963,0.559449541284404,0.00568807339449541,0.036697247706422,0.0115596330275229,0.32605504587156
208273.411807,2666366.126422,0.0220143093010457,0.608512199596404,0.00146762062006971,0.00091726288754357,0.00183452577508714,0.36525408181985
208773.411807,2666366.126422,0.0882783882783883,0.334432234432234,0.00769230769230769,0.0194139194139194,0.00476190476190476,0.545421245421245
209273.411807,2666366.126422,0.00165137614678899,0.297064220183486,0.0748623853211009,0.0499082568807339,0.0396330275229358,0.536880733944954
209773.411807,2666366.126422,0.00440286186020914,0.142909557879288,0.177398642450926,0.0390753990093561,0.0469638598422308,0.589249678957989
210273.411807,2666366.126422,0.034981684981685,0.0598901098901099,0.232051282051282,0.0492673992673993,0.0538461538461538,0.56996336996337
210773.411807,2666366.126422,0.058348623853211,0.12348623853211,0.0519266055045872,0.243119266055046,0.110275229357798,0.412844036697248
211273.411807,2666366.126422,0.0667767382131719,0.0381581361218125,0.0632911392405063,0.208035222894882,0.143276463034306,0.480462300495322
211773.411807,2666366.126422,0.129829984544049,0.024214322514168,0.00334878928387429,0.374291602266873,0.200927357032458,0.267387944358578
199273.411807,2665866.126422,0.00963855421686747,0.583373493975904,0.00072289156626506,0.0686746987951807,0.0462650602409639,0.291325301204819
199773.411807,2665866.126422,0.0403373670700403,0.304547121378805,0,0.218371837183718,0.105243857719105,0.331499816648332
200273.411807,2665866.126422,0.05,0.205311355311355,0.000732600732600733,0.320695970695971,0.186813186813187,0.236446886446886
200773.411807,2665866.126422,0.0313186813186813,0.176556776556777,0.00366300366300366,0.426007326007326,0.188461538461538,0.173992673992674
201273.411807,2665866.126422,0.0711404473780711,0.229006233956729,0.00733406674000733,0.232856618995233,0.0922258892555922,0.367436743674367
201773.411807,2665866.126422,0.0386446886446886,0.157509157509158,0.00384615384615385,0.405311355311355,0.0952380952380952,0.299450549450549
202273.411807,2665866.126422,0.0476190476190476,0.105128205128205,0.00164835164835165,0.334798534798535,0.139194139194139,0.371611721611722
202773.411807,2665866.126422,0.0322698936560323,0.16043270993766,0.00256692335900257,0.495966263292996,0.138247158049138,0.170517051705171
203273.411807,2665866.126422,0.0578754578754579,0.118315018315018,0.00366300366300366,0.328021978021978,0.131868131868132,0.36025641025641
203773.411807,2665866.126422,0.036996336996337,0.11959706959707,0.0021978021978022,0.54029304029304,0.136630036630037,0.164285714285714
204273.411807,2665866.126422,0.0298863219655299,0.0502383571690502,0.00165016501650165,0.692335900256692,0.122662266226623,0.103226989365603
204773.411807,2665866.126422,0.0664835164835165,0.0554945054945055,0.00164835164835165,0.634065934065934,0.131318681318681,0.110989010989011
205273.411807,2665866.126422,0.0415750915750916,0.353663003663004,0.00201465201465201,0.253296703296703,0.102930402930403,0.246520146520147
205773.411807,2665866.126422,0.026952695269527,0.548954895489549,0.000366703337000367,0.125412541254125,0.0738907224055739,0.224422442244224
206273.411807,2665866.126422,0.0529304029304029,0.14047619047619,0.00421245421245421,0.402197802197802,0.152930402930403,0.247252747252747
206773.411807,2665866.126422,0.0783882783882784,0.25989010989011,0.000366300366300366,0.287179487179487,0.135164835164835,0.239010989010989
207273.411807,2665866.126422,0.0925925925925926,0.32013201320132,0,0.191969196919692,0.143931059772644,0.251375137513751
207773.411807,2665866.126422,0.0613553113553114,0.384981684981685,0,0.119230769230769,0.134432234432234,0.3
208273.411807,2665866.126422,0.0673992673992674,0.478937728937729,0,0.082967032967033,0.0767399267399267,0.293956043956044
208773.411807,2665866.126422,0.0762742940960763,0.433443344334433,0,0.14044737807114,0.0726072607260726,0.277227722772277
209273.411807,2665866.126422,0.0761904761904762,0.404395604395604,0.00128205128205128,0.0730769230769231,0.054029304029304,0.391025641025641
209773.411807,2665866.126422,0.0135531135531136,0.125274725274725,0.106410256410256,0.0633699633699634,0.0366300366300366,0.654761904761905
210273.411807,2665866.126422,0.0456545654565457,0.257242390905757,0.066006600660066,0.262926292629263,0.0108177484415108,0.357352401906857
210773.411807,2665866.126422,0.0705128205128205,0.579304029304029,0,0.00146520146520147,0.0633699633699634,0.285347985347985
211273.411807,2665866.126422,0.191025641025641,0.0216117216117216,0,0.154212454212454,0.171978021978022,0.461172161172161
211773.411807,2665866.126422,0.0371134020618557,0.0577319587628866,0.120103092783505,0.116494845360825,0.0956185567010309,0.572938144329897
199273.411807,2665366.126422,0.0180940892641737,0.402653799758745,0,0.266827503015682,0.110735826296743,0.201688781664656
199773.411807,2665366.126422,0.0350009162543522,0.241891148982958,0,0.231995601979109,0.169507055158512,0.321605277625069
200273.411807,2665366.126422,0.038172141677372,0.337676637915214,0.015782712424298,0.206276380987337,0.1159845843274,0.28610754266838
200773.411807,2665366.126422,0.0761048963873097,0.198239501192004,0.00165046763249587,0.371721987896571,0.149642398679626,0.202640748211993
201273.411807,2665366.126422,0.0595565328935312,0.128458860179586,0.00769653655854865,0.485065054059007,0.144401685908008,0.174821330401319
201773.411807,2665366.126422,0.0587263718113415,0.0745090842356396,0.0012846393833731,0.370526702147183,0.177647274729308,0.317305927693155
202273.411807,2665366.126422,0.0773885934348065,0.115165963689712,0.00495140289748762,0.453328443058867,0.127269392994682,0.221896203924445
202773.411807,2665366.126422,0.0218068535825545,0.0201575957485798,0.0377496793109767,0.834341213120762,0.072200842954004,0.0137438152831226
203273.411807,2665366.126422,0.0238575885483575,0.0273444668746559,0.00715727656450725,0.817764727472931,0.0820334006239677,0.0418425399155808
203773.411807,2665366.126422,0.0562992847973593,0.0399779937649001,0.00421786172748946,0.649734091325876,0.148908857509628,0.100861910874748
204273.411807,2665366.126422,0.085761407366685,0.0452629649990837,0,0.44951438519333,0.245922668132674,0.173538574308228
204773.411807,2665366.126422,0.0519361350706552,0.0249587080198202,0.00165167920719398,0.647641769131951,0.136171774637548,0.137639933932832
205273.411807,2665366.126422,0.0449293966623877,0.0744544287548139,0.0144874381074638,0.587383091876032,0.113698881349716,0.165046763249587
205773.411807,2665366.126422,0.0509437419827744,0.0806303829943192,0.00238226131574125,0.495327102803738,0.116730804471321,0.253985706432106
206273.411807,2665366.126422,0.0633143696091026,0.183886951734263,0,0.27821618645623,0.217471095613874,0.25711139658653
206773.411807,2665366.126422,0.0573995965523565,0.141573445809646,0,0.136622042912158,0.225197139189437,0.439207775536402
207273.411807,2665366.126422,0.049660985889683,0.510903426791277,0,0.0663368150998717,0.0886934212937511,0.284405350925417
207773.411807,2665366.126422,0.0546889337493118,0.356395668930079,0,0.268306111213067,0.131033217104056,0.189576069003487
208273.411807,2665366.126422,0.0231065468549422,0.476618375206308,0,0.233449477351916,0.12415184302219,0.142673757564643
208773.411807,2665366.126422,0.0419644493311343,0.760857614073667,0,0.0225398570643211,0.0109950522264981,0.16364302730438
209273.411807,2665366.126422,0.0576252523398789,0.601945311066251,0,0.0939621948981464,0.105523949348504,0.14094329234722
209773.411807,2665366.126422,0.242985512561893,0.0518980377773703,0,0.140656519347148,0.15184302218962,0.412616908123968
210273.411807,2665366.126422,0.0284038849184534,0.194429173538574,0.0399486897562763,0.0164925783397471,0.0852116547553601,0.635514018691589
210773.411807,2665366.126422,0.0436777390346853,0.311800330335841,0.196916865479905,0.0214718296935217,0.0126628739218205,0.413470361534226
211273.411807,2665366.126422,0.104529616724739,0.261874197689345,0,0.0174216027874564,0.0909591050797726,0.525215477718687
211773.411807,2665366.126422,0.0708762886597938,0.141237113402062,0,0.351288659793814,0.210824742268041,0.225773195876289
199273.411807,2664866.126422,0.0513872135102533,0.153679131483715,0,0.426779252110977,0.196381182147165,0.171773220747889
199773.411807,2664866.126422,0.0236263736263736,0.329487179487179,0,0.191025641025641,0.161721611721612,0.294139194139194
200273.411807,2664866.126422,0.0286238532110092,0.124954128440367,0.0262385321100917,0.448807339449541,0.161284403669725,0.210091743119266
200773.411807,2664866.126422,0.0242157402311502,0.325995230232985,0.00770500825536599,0.249495505411851,0.0821867547239039,0.310401761144744
201273.411807,2664866.126422,0.0443223443223443,0.171245421245421,0,0.23021978021978,0.103113553113553,0.451098901098901
201773.411807,2664866.126422,0.0486238532110092,0.289724770642202,0.00330275229357798,0.150642201834862,0.098348623853211,0.409357798165138
202273.411807,2664866.126422,0.0777838928636947,0.199229499174463,0.00220143093010457,0.263437901302513,0.123280132085856,0.334067143643368
202773.411807,2664866.126422,0.0104395604395604,0.0102564102564103,0.0161172161172161,0.897435897435897,0.0521978021978022,0.0135531135531136
203273.411807,2664866.126422,0.109908256880734,0.0185321100917431,0.00146788990825688,0.676330275229358,0.0937614678899083,0.1
203773.411807,2664866.126422,0.0443955237571088,0.0148596587782058,0.00513667217024399,0.800770500825537,0.0937442671069529,0.0410933773619519
204273.411807,2664866.126422,0.0391941391941392,0.0465201465201465,0.00274725274725275,0.657326007326007,0.152197802197802,0.102014652014652
204773.411807,2664866.126422,0.0579816513761468,0.213577981651376,0.00220183486238532,0.43394495412844,0.0906422018348624,0.201651376146789
205273.411807,2664866.126422,0.0385250412768299,0.0299027701339204,0.00238488350761328,0.763896532746285,0.142542652724271,0.0227481196110805
205773.411807,2664866.126422,0.0379120879120879,0.0173992673992674,0.000366300366300366,0.737728937728938,0.165384615384615,0.0412087912087912
206273.411807,2664866.126422,0.0748623853211009,0.0722935779816514,0.00110091743119266,0.431192660550459,0.113211009174312,0.307339449541284
206773.411807,2664866.126422,0.0568702990277013,0.210603558980004,0,0.309667950834709,0.0974133186571271,0.325444872500459
207273.411807,2664866.126422,0.0472527472527473,0.0543956043956044,0,0.317582417582418,0.148168498168498,0.432600732600733
207773.411807,2664866.126422,0.0207339449541284,0.718899082568807,0,0.0234862385321101,0.0260550458715596,0.210825688073394
208273.411807,2664866.126422,0.0341221794166208,0.560814529444139,0,0.130801687763713,0.0963126031920749,0.177949000183453
208773.411807,2664866.126422,0.0382783882783883,0.484249084249084,0,0.275457875457875,0.113003663003663,0.089010989010989
209273.411807,2664866.126422,0.0227522935779817,0.594495412844037,0,0.136880733944954,0.0724770642201835,0.173394495412844
209773.411807,2664866.126422,0.0612731608879105,0.657127132636214,0,0.0306365804439552,0.0620069711979453,0.188956154833975
210273.411807,2664866.126422,0.10018315018315,0.314652014652015,0,0.184981684981685,0.165567765567766,0.234615384615385
210773.411807,2664866.126422,0.0295412844036697,0.302935779816514,0.135412844036697,0.00697247706422018,0.0277064220183486,0.49743119266055
211273.411807,2664866.126422,0.0214639515685195,0.692533480095395,0.0240322876536415,0.00385250412768299,0.00110071546505228,0.257017061089708
211773.411807,2664866.126422,0.0922205048943843,0.465481710458527,0,0.0615662029881504,0.111540443070582,0.269191138588357
199273.411807,2664366.126422,0.0404819277108434,0.159759036144578,0.00867469879518072,0.485060240963855,0.133493975903614,0.172530120481928
199773.411807,2664366.126422,0.0229189585625229,0.338100476714338,0.00843417675100843,0.177851118445178,0.0964429776310964,0.356252291895856
200273.411807,2664366.126422,0.0289377289377289,0.338827838827839,0.00256410256410256,0.349450549450549,0.134615384615385,0.145604395604396
200773.411807,2664366.126422,0.0496336996336996,0.256593406593407,0.0214285714285714,0.251465201465201,0.0763736263736264,0.344505494505495
201273.411807,2664366.126422,0.0581224789145581,0.117895122845618,0.00128346167950128,0.274110744407774,0.133480014668133,0.415108177484415
201773.411807,2664366.126422,0.0564102564102564,0.36043956043956,0,0.140659340659341,0.118131868131868,0.324358974358974
202273.411807,2664366.126422,0.0847985347985348,0.11025641025641,0.00201465201465201,0.429304029304029,0.138644688644689,0.234981684981685
202773.411807,2664366.126422,0.037037037037037,0.0210854418775211,0.00055005500550055,0.764759809314265,0.128346167950128,0.0482214888155482
203273.411807,2664366.126422,0.0225274725274725,0.0117216117216117,0.00714285714285714,0.848351648351648,0.0917582417582418,0.0184981684981685
203773.411807,2664366.126422,0.043956043956044,0.00714285714285714,0.00293040293040293,0.845787545787546,0.0868131868131868,0.0133699633699634
204273.411807,2664366.126422,0.0687568756875688,0.0194352768610194,0.00715071507150715,0.720572057205721,0.081958195819582,0.102126879354602
204773.411807,2664366.126422,0.0311355311355311,0.0227106227106227,0.0032967032967033,0.815201465201465,0.104395604395604,0.0232600732600733
205273.411807,2664366.126422,0.0205128205128205,0.0142857142857143,0.00567765567765568,0.758058608058608,0.124175824175824,0.0772893772893773
205773.411807,2664366.126422,0.092042537587092,0.013017968463513,0.0022002200220022,0.612944627796113,0.17033370003667,0.109460946094609
206273.411807,2664366.126422,0.0893772893772894,0.00934065934065934,0.000366300366300366,0.493040293040293,0.130586080586081,0.277289377289377
206773.411807,2664366.126422,0.106227106227106,0.00604395604395604,0.000183150183150183,0.60952380952381,0.113919413919414,0.164102564102564
207273.411807,2664366.126422,0.0771910524385772,0.0247524752475248,0,0.616061606160616,0.204437110377704,0.0775577557755776
207773.411807,2664366.126422,0.0705128205128205,0.279487179487179,0,0.288278388278388,0.128754578754579,0.232967032967033
208273.411807,2664366.126422,0.0527472527472527,0.317399267399267,0,0.207509157509158,0.142307692307692,0.28003663003663
208773.411807,2664366.126422,0.0694902823615695,0.239273927392739,0,0.283645031169784,0.149064906490649,0.258525852585259
209273.411807,2664366.126422,0.047985347985348,0.263369963369963,0,0.269413919413919,0.184065934065934,0.235164835164835
209773.411807,2664366.126422,0.036996336996337,0.528205128205128,0,0.164468864468864,0.122344322344322,0.147985347985348
210273.411807,2664366.126422,0.0203520352035204,0.701686835350202,0.0141180784745141,0.0385038503850385,0.0443711037770444,0.180968096809681
210773.411807,2664366.126422,0.113186813186813,0.33956043956044,0,0.0481684981684982,0.0904761904761905,0.408608058608059
211273.411807,2664366.126422,0.0509157509157509,0.553113553113553,0.0844322344322344,0.0565934065934066,0.0120879120879121,0.242857142857143
211773.411807,2664366.126422,0.0489690721649485,0.670360824742268,0,0.0396907216494845,0.0574742268041237,0.183505154639175
199273.411807,2663866.126422,0.0492159227985525,0.279372738238842,0.000482509047044632,0.191314837153197,0.0936067551266586,0.386007237635706
199773.411807,2663866.126422,0.0404984423676012,0.298515667949423,0.000733003481766538,0.259116730804471,0.12442734102987,0.276708814366868
200273.411807,2663866.126422,0.0179849513672233,0.588548357496788,0,0.0787300422095797,0.0528537346302074,0.261882914296201
200773.411807,2663866.126422,0.0570328259673574,0.197322574729507,0.00586832935998533,0.316523014854209,0.105996699064735,0.317256556024207
201273.411807,2663866.126422,0.0778816199376947,0.250870441634598,0.00439802089059923,0.294667399670148,0.107018508337915,0.265164009529045
201773.411807,2663866.126422,0.0579922921636998,0.24463204257662,0,0.22004037438062,0.0943292347219673,0.383006056157093
202273.411807,2663866.126422,0.0592334494773519,0.0298918026774253,0.00550155877498625,0.677608655785806,0.126719237117183,0.101045296167247
202773.411807,2663866.126422,0.0186915887850467,0.0199743448781382,0.0247388675096207,0.824079164376031,0.097306212204508,0.0152098222466557
203273.411807,2663866.126422,0.0137639933932832,0.00679023674068636,0.0102771150669848,0.937236190126629,0.0300972655533125,0.00183519911910442
203773.411807,2663866.126422,0.145974692829635,0.015587749862461,0.000733541169998166,0.611039794608472,0.119567210709701,0.107097010819732
204273.411807,2663866.126422,0.283305845702767,0.0163093274693055,0,0.103353490929082,0.197727689206524,0.399303646692322
204773.411807,2663866.126422,0.326114883464856,0.00991007524316388,0,0.162965681776473,0.160029363185906,0.340979996329602
205273.411807,2663866.126422,0.337245552906657,0.00623509994498441,0,0.135338345864662,0.171465248487071,0.349715752796626
205773.411807,2663866.126422,0.341762873373649,0.000549752611324904,0,0.0225398570643211,0.0269378779549203,0.608209638995785
206273.411807,2663866.126422,0.312350890071573,0.00440447788585061,0,0.117452743622683,0.0521196549825656,0.513672233437328
206773.411807,2663866.126422,0.300201723821749,0.00421786172748946,0,0.08399046396479,0.100311754997249,0.511278195488722
207273.411807,2663866.126422,0.301814183617372,0.000733003481766538,0,0.0982224665567161,0.0663368150998717,0.532893531244273
207773.411807,2663866.126422,0.197283905303725,0.0034868783262984,0,0.150853367590384,0.138557533492384,0.509818315287209
208273.411807,2663866.126422,0.298734641481753,0.0066018705299835,0,0.250504309554374,0.157527966257106,0.286631212176783
208773.411807,2663866.126422,0.338097855964816,0.0106285504856148,0,0.0472787245739417,0.0621220450797141,0.541872823895914
209273.411807,2663866.126422,0.101486511286475,0.0293631859056708,0.000550559735731327,0.503762158194164,0.160396403009727,0.204441181868233
209773.411807,2663866.126422,0.0905923344947735,0.224646983311938,0,0.179534201357051,0.156427654502109,0.348798826334128
210273.411807,2663866.126422,0.0108118013560564,0.738134506138904,0,0.00787978742899029,0.0276708814366868,0.215503023639362
210773.411807,2663866.126422,0.0609286107542668,0.479354009910075,0,0.0165167920719398,0.0992842723435493,0.343916314920169
211273.411807,2663866.126422,0.00733541169998166,0.451494590133871,0.0894920227397763,0.0383275261324042,0.0154043645699615,0.397946084724005
211773.411807,2663866.126422,0.00850515463917526,0.427319587628866,0,0,0.000515463917525773,0.563659793814433
199273.411807,2663366.126422,0.0484921592279855,0.384800965018094,0.0123039806996381,0.204583835946924,0.134861278648975,0.214957780458384
199773.411807,2663366.126422,0.0373626373626374,0.46996336996337,0.00311355311355311,0.181684981684982,0.0981684981684982,0.20970695970696
200273.411807,2663366.126422,0.0532110091743119,0.370091743119266,0,0.185871559633028,0.14348623853211,0.247339449541284
200773.411807,2663366.126422,0.0631076866629976,0.334434048798386,0.0181618051733627,0.291506145661347,0.091726288754357,0.201064024949551
201273.411807,2663366.126422,0.0481684981684982,0.471611721611722,0,0.0901098901098901,0.0452380952380952,0.344871794871795
201773.411807,2663366.126422,0.055045871559633,0.325871559633027,0.00055045871559633,0.31743119266055,0.0667889908256881,0.234311926605505
202273.411807,2663366.126422,0.0220143093010457,0.0258668134287287,0.0121078701155751,0.751605210053201,0.0809025866813429,0.107503210420106
202773.411807,2663366.126422,0.0184981684981685,0.00586080586080586,0.0113553113553114,0.893956043956044,0.0626373626373626,0.00769230769230769
203273.411807,2663366.126422,0.0130275229357798,0.00275229357798165,0.0018348623853211,0.951009174311927,0.0293577981651376,0.00201834862385321
203773.411807,2663366.126422,0.0374243258117777,0.0137589433131535,0.00183452577508714,0.818198495688864,0.10695285268758,0.021830856723537
204273.411807,2663366.126422,0.109340659340659,0.0152014652014652,0.000366300366300366,0.566300366300366,0.218498168498168,0.0902930402930403
204773.411807,2663366.126422,0.281834862385321,0.0106422018348624,0,0.162018348623853,0.199082568807339,0.346422018348624
205273.411807,2663366.126422,0.194092827004219,0.0177949000183453,0.000183452577508714,0.154650522839846,0.209869748669969,0.423408548890112
205773.411807,2663366.126422,0.126007326007326,0.00622710622710623,0,0.00842490842490842,0.0723443223443224,0.786996336996337
206273.411807,2663366.126422,0.0790825688073395,0.00275229357798165,0,0.00018348623853211,0.0370642201834862,0.880917431192661
206773.411807,2663366.126422,0.220876903320492,0.00293524124013942,0,0.0487983856173179,0.0495321959273528,0.677857273894698
