"x","y","forest","agri","water","built","other","grass"
300773.411807,2779366.126422,0.233070288126262,0.0449623784180584,0.0113782345384474,0.328867682143513,0.242980363369426,0.138741053404294
301273.411807,2779366.126422,0.341463414634146,0.0130203557674674,0.00568494406748579,0.221162662754447,0.185769301302036,0.232899321474418
301773.411807,2779366.126422,0.411947956752795,0.0111783030969397,0.00604727872457394,0.108301264431006,0.240425142019425,0.222100054975261
302273.411807,2779366.126422,0.490548724536612,0.0181684712791338,0.0288126261699394,0.122958340979996,0.119838502477519,0.219673334556799
302773.411807,2779366.126422,0.168897854392078,0.0379607555474051,0.0165046763249587,0.303502659086741,0.375573079039061,0.0975609756097561
303273.411807,2779366.126422,0.189664650907092,0.0443467106468756,0.0241891148982958,0.336631849001283,0.30273043796958,0.102437236576874
303773.411807,2779366.126422,0.238575885483575,0.0363369425582676,0.00715727656450725,0.290695540466141,0.26977427050835,0.157460084419159
304273.411807,2779366.126422,0.639647900238401,0.004401247019989,0,0.0306253438474234,0.0900421786172749,0.235283330276912
304773.411807,2779366.126422,0.689023272860546,0.000183250870441635,0,0.00842954004031519,0.0267546270844787,0.275609309144218
305273.411807,2779366.126422,0.781060745090842,0,0,0.00201871903101487,0.0144980730409249,0.202422462837218
305773.411807,2779366.126422,0.377406931964057,0.00128369704749679,0,0.0267742527049331,0.167614157344581,0.426920960938933
306273.411807,2779366.126422,0.364852483049294,0.00256551218618288,0,0.0216236027121129,0.0874106652006597,0.52354773685175
306773.411807,2779366.126422,0.379335657918884,0.00367039823820885,0,0.0117452743622683,0.0836850798311617,0.521563589649477
307273.411807,2779366.126422,0.729690078855676,0,0,0.00128369704749679,0.00825233816247937,0.260773885934348
307773.411807,2779366.126422,0.463624702217336,0.00201575957485798,0,0.0131940626717977,0.0546087593916071,0.466556716144402
308273.411807,2779366.126422,0.53532758304276,0.00110111947146265,0,0.0117452743622683,0.0495503762158194,0.402275646907689
308773.411807,2779366.126422,0.736291949385659,0.000733541169998166,0,0.0022006235099945,0.0418118466898955,0.218962039244453
309273.411807,2779366.126422,0.680593732820231,0.00568077698369067,0,0.00164925783397471,0.0445299615173172,0.267546270844786
309773.411807,2779366.126422,0.835933198752065,0.00201871903101487,0,0.000183519911910442,0.00275279867865663,0.159111763626353
310273.411807,2779366.126422,0.962406015037594,0,0,0,0,0.037593984962406
310773.411807,2779366.126422,0.890049477735019,0.000183250870441635,0,0.000366501740883269,0.00586402785413231,0.103536741799524
311273.411807,2779366.126422,0.909891723251973,0,0,0,0,0.0901082767480272
311773.411807,2779366.126422,0.924261874197689,0,0,0,0.000183385292499542,0.0755547405098111
312273.411807,2779366.126422,0.932013927066154,0,0,0.000549752611324904,0.000733003481766538,0.066703316840755
312773.411807,2779366.126422,0.935584510919435,0.000183519911910442,0,0,0,0.0642319691686548
300773.411807,2778866.126422,0.11302752293578,0.0935779816513762,0.00862385321100917,0.272660550458716,0.245137614678899,0.26697247706422
301273.411807,2778866.126422,0.0689781691432765,0.0100898917629793,0.00238488350761328,0.709778022381214,0.173913043478261,0.0348559897266557
301773.411807,2778866.126422,0.121978021978022,0.0311355311355311,0.0111721611721612,0.475824175824176,0.268681318681319,0.0912087912087912
302273.411807,2778866.126422,0.106422018348624,0.0253211009174312,0.00770642201834862,0.543302752293578,0.189908256880734,0.127339449541284
302773.411807,2778866.126422,0.183269124931205,0.0665932856356632,0.0344890845716382,0.242340854889011,0.225830122913227,0.247477527059255
303273.411807,2778866.126422,0.0716117216117216,0.0305860805860806,0.00824175824175824,0.582600732600733,0.228205128205128,0.0787545787545788
303773.411807,2778866.126422,0.0930275229357798,0.0603669724770642,0.0198165137614679,0.498899082568807,0.231743119266055,0.0961467889908257
304273.411807,2778866.126422,0.223261786828105,0.0423775454045129,0.0111906072280316,0.193909374426711,0.207851770317373,0.321408915795267
304773.411807,2778866.126422,0.497619047619048,0.00183150183150183,0,0.0254578754578755,0.121062271062271,0.354029304029304
305273.411807,2778866.126422,0.670275229357798,0.00201834862385321,0,0.00018348623853211,0.0240366972477064,0.30348623853211
305773.411807,2778866.126422,0.441019996330948,0.00330214639515685,0,0.0220143093010457,0.17831590533847,0.355347642634379
306273.411807,2778866.126422,0.441575091575092,0.0010989010989011,0,0.00641025641025641,0.0481684981684982,0.502747252747253
306773.411807,2778866.126422,0.712110091743119,0.00018348623853211,0,0.00128440366972477,0.00495412844036697,0.281467889908257
307273.411807,2778866.126422,0.585030269675289,0.001284168042561,0,0.00495321959273528,0.0491652907723353,0.359567051917079
307773.411807,2778866.126422,0.671794871794872,0.000549450549450549,0,0.0021978021978022,0.0216117216117216,0.303846153846154
308273.411807,2778866.126422,0.647706422018349,0.0018348623853211,0,0.00238532110091743,0.016697247706422,0.331376146788991
308773.411807,2778866.126422,0.745184369840396,0.00293524124013942,0,0.000183452577508714,0.019262520638415,0.232434415703541
309273.411807,2778866.126422,0.926007326007326,0.000915750915750916,0,0,0.000183150183150183,0.0728937728937729
309773.411807,2778866.126422,0.936880733944954,0.00036697247706422,0,0,0,0.0627522935779816
310273.411807,2778866.126422,0.920014676206201,0,0,0,0,0.0799853237937993
310773.411807,2778866.126422,0.91978021978022,0,0,0,0,0.0802197802197802
311273.411807,2778866.126422,0.878899082568807,0.00036697247706422,0,0.00073394495412844,0.00275229357798165,0.117247706422018
311773.411807,2778866.126422,0.744083654375344,0.000550357732526142,0,0.000366905155017428,0.0264171711612548,0.228581911575858
312273.411807,2778866.126422,0.834981684981685,0.000183150183150183,0,0.00164835164835165,0.0265567765567766,0.136630036630037
312773.411807,2778866.126422,0.875963302752294,0,0,0.00055045871559633,0.00899082568807339,0.114495412844037
300773.411807,2778366.126422,0.0868131868131868,0.178205128205128,0.000732600732600733,0.13021978021978,0.150915750915751,0.453113553113553
301273.411807,2778366.126422,0.0633699633699634,0.0135531135531136,0.0021978021978022,0.458058608058608,0.165018315018315,0.297802197802198
301773.411807,2778366.126422,0.0553722038870554,0.0100843417675101,0.00128346167950128,0.724239090575724,0.182984965163183,0.026035936927026
302273.411807,2778366.126422,0.0573260073260073,0.036996336996337,0.0285714285714286,0.634981684981685,0.171978021978022,0.0701465201465201
302773.411807,2778366.126422,0.156959706959707,0.0276556776556777,0.0152014652014652,0.328754578754579,0.220512820512821,0.250915750915751
303273.411807,2778366.126422,0.0702236890355702,0.0157682434910158,0.00898423175650898,0.674734140080675,0.181701503483682,0.0485881921525486
303773.411807,2778366.126422,0.0891941391941392,0.0465201465201465,0.0315018315018315,0.395238095238095,0.214468864468864,0.223076923076923
304273.411807,2778366.126422,0.0937728937728938,0.0216117216117216,0.00567765567765568,0.443406593406593,0.291208791208791,0.144322344322344
304773.411807,2778366.126422,0.64979831316465,0.00183351668500183,0,0.00128346167950128,0.0137513751375138,0.333333333333333
305273.411807,2778366.126422,0.558241758241758,0.00293040293040293,0,0.00274725274725275,0.0250915750915751,0.410989010989011
305773.411807,2778366.126422,0.38956043956044,0.00183150183150183,0,0.0368131868131868,0.158974358974359,0.412820512820513
306273.411807,2778366.126422,0.619361936193619,0.00128346167950128,0,0.0176017601760176,0.0715071507150715,0.29024569123579
306773.411807,2778366.126422,0.371428571428571,0.0141025641025641,0,0.0223443223443223,0.118681318681319,0.473443223443223
307273.411807,2778366.126422,0.654029304029304,0.00860805860805861,0.00421245421245421,0.00824175824175824,0.0818681318681319,0.243040293040293
307773.411807,2778366.126422,0.751741840850752,0.0115511551155116,0,0,0.00055005500550055,0.236156949028236
308273.411807,2778366.126422,0.676739926739927,0.000366300366300366,0,0,0.00860805860805861,0.314285714285714
308773.411807,2778366.126422,0.845238095238095,0,0,0,0.000183150183150183,0.154578754578755
309273.411807,2778366.126422,0.938760542720939,0,0,0,0.000733406674000733,0.0605060506050605
309773.411807,2778366.126422,0.924725274725275,0,0,0,0,0.0752747252747253
310273.411807,2778366.126422,0.804761904761905,0.000183150183150183,0,0.00146520146520147,0.00714285714285714,0.186446886446886
310773.411807,2778366.126422,0.681334800146681,0.00385038503850385,0,0.0212687935460213,0.104327099376604,0.189218921892189
311273.411807,2778366.126422,0.578571428571429,0.00879120879120879,0,0.0153846153846154,0.188461538461538,0.208791208791209
311773.411807,2778366.126422,0.708608058608059,0.00476190476190476,0,0.00128205128205128,0.0754578754578755,0.20989010989011
312273.411807,2778366.126422,0.77044371103777,0.00531719838650532,0,0.00146681334800147,0.0418041804180418,0.180968096809681
312773.411807,2778366.126422,0.765201465201465,0,0,0.000732600732600733,0.00787545787545788,0.226190476190476
300773.411807,2777866.126422,0.109928427234355,0.237107726188291,0.000183519911910442,0.0205542301339695,0.0620297302257295,0.570196366305744
301273.411807,2777866.126422,0.154777186869613,0.0850907757197873,0,0.10783055198973,0.128736475334678,0.523565010086191
301773.411807,2777866.126422,0.212754260582738,0.0128275609309144,0.00787978742899029,0.361553967381345,0.199376947040498,0.205607476635514
302273.411807,2777866.126422,0.0657001284639383,0.038172141677372,0.0122958340979996,0.593686915030281,0.226096531473665,0.0640484492567444
302773.411807,2777866.126422,0.139189437007152,0.044379240784889,0.0271410232899321,0.455529066568861,0.208692462864478,0.125068769484687
303273.411807,2777866.126422,0.0791643760307861,0.0339014110317024,0.015026571376214,0.660252886201209,0.164376030786146,0.0472787245739417
303773.411807,2777866.126422,0.146632409616443,0.0337676637915214,0.026977427050835,0.537529821985685,0.145714810056891,0.109377867498624
304273.411807,2777866.126422,0.489822116266275,0.0119200440124702,0.00366770584999083,0.0847240051347882,0.201723821749496,0.20814230698698
304773.411807,2777866.126422,0.641744548286604,0.00348176653839106,0,0.00458127176104087,0.0555250137438153,0.294667399670148
305273.411807,2777866.126422,0.474582492200404,0.00256927876674619,0,0.0229399889888053,0.0824004404477886,0.417507799596256
305773.411807,2777866.126422,0.441775169631396,0.00421786172748946,0,0.00403447643498991,0.0339262791124152,0.51604621309371
306273.411807,2777866.126422,0.49660985889683,0.00641378046545721,0,0.042147700201576,0.174271577789994,0.280557082646143
306773.411807,2777866.126422,0.593136355294549,0.00789135621214902,0,0.00862543585979079,0.0893741971003854,0.300972655533125
307273.411807,2777866.126422,0.645699614890886,0.0122868145974693,0,0.00550155877498625,0.0790390610673024,0.257472950669356
307773.411807,2777866.126422,0.811618105186,0.00293201392706615,0,0,0.00164925783397471,0.183800623052959
308273.411807,2777866.126422,0.797394017250872,0.000367039823820885,0,0,0,0.202238942925307
308773.411807,2777866.126422,0.832752613240418,0,0,0,0,0.167247386759582
309273.411807,2777866.126422,0.765622136705149,0,0,0.00219901044529962,0.0192413413963716,0.212937511453179
309773.411807,2777866.126422,0.872086621398422,0.000183519911910442,0,0.000917599559552211,0.00146815929528354,0.125344099834832
310273.411807,2777866.126422,0.901522097927746,0,0,0,0,0.0984779020722538
310773.411807,2777866.126422,0.869708631115998,0,0,0,0,0.130291368884002
311273.411807,2777866.126422,0.801064415489081,0.0012846393833731,0,0.00256927876674619,0.0343182235272527,0.160763442833547
311773.411807,2777866.126422,0.874931230515313,0,0,0,0.000916926462497708,0.12415184302219
312273.411807,2777866.126422,0.755360087960418,0,0,0.00128275609309144,0.000733003481766538,0.242624152464724
312773.411807,2777866.126422,0.882180216553496,0,0,0.000183519911910442,0.00110111947146265,0.116535144063131
300773.411807,2777366.126422,0.114128440366972,0.410275229357798,0,0.0565137614678899,0.0697247706422018,0.349357798165138
301273.411807,2777366.126422,0.207301412584847,0.0291689598238855,0.000183452577508714,0.0262337185837461,0.0465969546872134,0.6905155017428
301773.411807,2777366.126422,0.0673992673992674,0.132783882783883,0.00915750915750916,0.193406593406593,0.183516483516484,0.413736263736264
302273.411807,2777366.126422,0.0889908256880734,0.0801834862385321,0.0286238532110092,0.46348623853211,0.229724770642202,0.108990825688073
302773.411807,2777366.126422,0.0935608145294441,0.0500825536598789,0.030820033021464,0.609796367638965,0.151898734177215,0.0638414969730325
303273.411807,2777366.126422,0.231501831501832,0.0476190476190476,0.00787545787545788,0.417032967032967,0.206959706959707,0.089010989010989
303773.411807,2777366.126422,0.364403669724771,0.0122935779816514,0.00605504587155963,0.231926605504587,0.193761467889908,0.191559633027523
304273.411807,2777366.126422,0.505778756191524,0.0100898917629793,0.000183452577508714,0.0876903320491653,0.160154100165107,0.236103467253715
304773.411807,2777366.126422,0.437728937728938,0.00256410256410256,0,0.0258241758241758,0.0912087912087912,0.442673992673993
305273.411807,2777366.126422,0.705871559633028,0.00110091743119266,0,0.0528440366972477,0.0787155963302752,0.161467889908257
305773.411807,2777366.126422,0.563933223261787,0.00697119794533113,0.00183452577508714,0.0304531278664465,0.153182902219776,0.243625022931572
306273.411807,2777366.126422,0.518864468864469,0.00164835164835165,0,0.0175824175824176,0.0611721611721612,0.400732600732601
306773.411807,2777366.126422,0.786238532110092,0,0,0,0,0.213761467889908
307273.411807,2777366.126422,0.810676940011007,0.000366905155017428,0,0,0.00330214639515685,0.185654008438819
307773.411807,2777366.126422,0.852747252747253,0,0,0,0,0.147252747252747
308273.411807,2777366.126422,0.781651376146789,0,0,0,0.00715596330275229,0.211192660550459
308773.411807,2777366.126422,0.756558429645937,0.000550357732526142,0,0.0117409649605577,0.0383415886993212,0.192808658961658
309273.411807,2777366.126422,0.478388278388278,0.000183150183150183,0,0.021978021978022,0.0880952380952381,0.411355311355311
309773.411807,2777366.126422,0.674311926605505,0,0,0.00055045871559633,0.00807339449541284,0.317064220183486
310273.411807,2777366.126422,0.814345991561181,0,0,0.00201797835259585,0.0210970464135021,0.162538983672721
310773.411807,2777366.126422,0.824175824175824,0.00128205128205128,0,0.000366300366300366,0.00384615384615385,0.17032967032967
311273.411807,2777366.126422,0.679816513761468,0.00018348623853211,0,0.00495412844036697,0.0170642201834862,0.297981651376147
311773.411807,2777366.126422,0.829022197761879,0,0,0,0.000366905155017428,0.170610897083104
312273.411807,2777366.126422,0.836813186813187,0,0,0,0,0.163186813186813
312773.411807,2777366.126422,0.742935779816514,0.00018348623853211,0,0.00018348623853211,0.00403669724770642,0.252660550458716
300773.411807,2776866.126422,0.248168498168498,0.125274725274725,0.00897435897435897,0.153479853479853,0.188095238095238,0.276007326007326
301273.411807,2776866.126422,0.0974358974358974,0.10018315018315,0,0.193589743589744,0.224542124542125,0.384249084249084
301773.411807,2776866.126422,0.0955262192885955,0.149248258159149,0.0716905023835717,0.200586725339201,0.18958562522919,0.293362669600293
302273.411807,2776866.126422,0.104212454212454,0.0820512820512821,0.0957875457875458,0.231318681318681,0.207875457875458,0.278754578754579
302773.411807,2776866.126422,0.0578754578754579,0.0276556776556777,0.0617216117216117,0.523626373626374,0.204029304029304,0.125091575091575
303273.411807,2776866.126422,0.0889255592225889,0.037037037037037,0.0243857719105244,0.413274660799413,0.208104143747708,0.228272827282728
303773.411807,2776866.126422,0.145604395604396,0.0293040293040293,0.00549450549450549,0.305128205128205,0.283882783882784,0.230586080586081
304273.411807,2776866.126422,0.420879120879121,0.0122710622710623,0.000915750915750916,0.067032967032967,0.175091575091575,0.323809523809524
304773.411807,2776866.126422,0.584891822515585,0.0044004400440044,0,0.041987532086542,0.113678034470114,0.255042170883755
305273.411807,2776866.126422,0.3003663003663,0.00842490842490842,0.0021978021978022,0.142124542124542,0.276923076923077,0.26996336996337
305773.411807,2776866.126422,0.696886446886447,0.00347985347985348,0,0.0146520146520147,0.0875457875457875,0.197435897435897
306273.411807,2776866.126422,0.769343601026769,0.00238357169050238,0,0,0.0146681334800147,0.213604693802714
306773.411807,2776866.126422,0.866849816849817,0,0,0,0,0.133150183150183
307273.411807,2776866.126422,0.801098901098901,0,0,0.000549450549450549,0.00347985347985348,0.194871794871795
307773.411807,2776866.126422,0.807847451411808,0,0,0,0,0.192152548588192
308273.411807,2776866.126422,0.824542124542124,0,0,0,0,0.175457875457875
308773.411807,2776866.126422,0.813003663003663,0,0,0,0.00384615384615385,0.183150183150183
309273.411807,2776866.126422,0.593692702603594,0.000366703337000367,0,0.00751741840850752,0.0641730839750642,0.334250091675834
309773.411807,2776866.126422,0.777472527472527,0.000183150183150183,0,0.000732600732600733,0.0102564102564103,0.211355311355311
310273.411807,2776866.126422,0.882600732600733,0,0,0,0,0.117399267399267
310773.411807,2776866.126422,0.852218555188852,0,0,0.00293362669600293,0.00715071507150715,0.137697103043638
311273.411807,2776866.126422,0.781135531135531,0.000183150183150183,0,0,0.00146520146520147,0.217216117216117
311773.411807,2776866.126422,0.796153846153846,0,0,0,0.000183150183150183,0.203663003663004
312273.411807,2776866.126422,0.761459479281261,0,0,0,0,0.238540520718739
312773.411807,2776866.126422,0.815201465201465,0,0,0,0,0.184798534798535
300773.411807,2776366.126422,0.011194714626537,0.019086070838686,0.21985685446871,0.221325013763993,0.113231785648743,0.415305560653331
301273.411807,2776366.126422,0.0097194205024757,0.0489638730973776,0.339446176416651,0.118100128369705,0.0790390610673024,0.404731340546488
301773.411807,2776366.126422,0.0771486164559282,0.0212571009712296,0.130657870624885,0.249587685541506,0.260032985156679,0.261315741249771
302273.411807,2776366.126422,0.142962011378235,0.0776289227381171,0.0422095797394017,0.359882547256377,0.258212516057992,0.119104422829877
302773.411807,2776366.126422,0.0627177700348432,0.0188886851274528,0.00458463231248854,0.659636897120851,0.205391527599487,0.0487804878048781
303273.411807,2776366.126422,0.129741616272677,0.0344511636430273,0.0102620487447315,0.435587319039765,0.193146417445483,0.196811434854316
303773.411807,2776366.126422,0.537162782161865,0.0121123141860892,0.00752431638832813,0.104239309965131,0.119471462653698,0.219489814644889
304273.411807,2776366.126422,0.665138455895837,0.00165046763249587,0,0.0106363469649734,0.0242068586099395,0.298367870896754
304773.411807,2776366.126422,0.636613523914239,0.0144768187648891,0.000366501740883269,0.0406816932380429,0.120395821880154,0.187465640461792
305273.411807,2776366.126422,0.424298036336943,0.0132134336575518,0.000734079647641769,0.0488162965681776,0.195999265920352,0.316938887869334
305773.411807,2776366.126422,0.812213460480469,0.000550155877498625,0,0.00513478818998716,0.00935264991747662,0.172748945534568
306273.411807,2776366.126422,0.895363752977827,0,0,0,0,0.104636247022173
306773.411807,2776366.126422,0.756469076894843,0,0,0.000183519911910442,0.00183519911910442,0.241512204074142
307273.411807,2776366.126422,0.872913992297818,0,0,0,0,0.127086007702182
307773.411807,2776366.126422,0.707165109034268,0,0,0.00109950522264981,0.00256551218618288,0.289169873556899
308273.411807,2776366.126422,0.750596439713709,0.000183519911910442,0,0.00220223894292531,0.0200036703982382,0.227014131033217
308773.411807,2776366.126422,0.70401613790574,0,0,0.00128369704749679,0.00311754997249221,0.291582615074271
309273.411807,2776366.126422,0.730621220450797,0.000366501740883269,0,0.00219901044529962,0.0152098222466557,0.251603445116364
309773.411807,2776366.126422,0.770967149935768,0,0,0,0,0.229032850064232
310273.411807,2776366.126422,0.781404731340546,0,0,0,0.000183385292499542,0.218411883366954
310773.411807,2776366.126422,0.729155213487264,0,0,0.00219901044529962,0.00824628916987356,0.260399486897563
311273.411807,2776366.126422,0.769498990640484,0,0,0,0.00275279867865663,0.227748210680859
311773.411807,2776366.126422,0.894920227397763,0,0,0,0,0.105079772602237
312273.411807,2776366.126422,0.798607293384644,0.000366501740883269,0,0,0.00494777350192413,0.196078431372549
312773.411807,2776366.126422,0.696641585612039,0.000550559735731327,0,0.000734079647641769,0.009543035419343,0.292530739585245
300773.411807,2775866.126422,0.0728440366972477,0.0471559633027523,0.00477064220183486,0.599633027522936,0.173577981651376,0.102018348623853
301273.411807,2775866.126422,0.0322876536415337,0.0100898917629793,0,0.809943129700972,0.116308934140525,0.0313703907539901
301773.411807,2775866.126422,0.0250915750915751,0.0692307692307692,0.21978021978022,0.325641025641026,0.120879120879121,0.239377289377289
302273.411807,2775866.126422,0.0510091743119266,0.0363302752293578,0.0212844036697248,0.725137614678899,0.121467889908257,0.0447706422018349
302773.411807,2775866.126422,0.120711796000734,0.0420106402494955,0.0177949000183453,0.485965877820583,0.226013575490736,0.107503210420106
303273.411807,2775866.126422,0.27985347985348,0.0115384615384615,0.0032967032967033,0.283882783882784,0.174175824175824,0.247252747252747
303773.411807,2775866.126422,0.832477064220184,0.00073394495412844,0.00036697247706422,0.00660550458715596,0.0177981651376147,0.142018348623853
304273.411807,2775866.126422,0.793799302880206,0,0,0.000550357732526142,0.00403595670519171,0.201614382682077
304773.411807,2775866.126422,0.67948717948718,0,0,0,0.000549450549450549,0.31996336996337
305273.411807,2775866.126422,0.754862385321101,0,0,0.00201834862385321,0.00715596330275229,0.235963302752294
305773.411807,2775866.126422,0.79453311319024,0,0,0.00752155567785727,0.0133920381581361,0.184553292973766
306273.411807,2775866.126422,0.790842490842491,0.0021978021978022,0,0.0179487179487179,0.0714285714285714,0.117582417582418
306773.411807,2775866.126422,0.503302752293578,0.00330275229357798,0.00055045871559633,0.0377981651376147,0.111376146788991,0.343669724770642
307273.411807,2775866.126422,0.615850302696753,0.000183452577508714,0,0.0133920381581361,0.0344890845716382,0.336085121995964
307773.411807,2775866.126422,0.756410256410256,0,0,0.00402930402930403,0.0153846153846154,0.224175824175824
308273.411807,2775866.126422,0.802752293577982,0,0,0,0,0.197247706422018
308773.411807,2775866.126422,0.666299761511649,0.00165107319757843,0.000183452577508714,0.0432948082920565,0.120528343423225,0.168042560997982
309273.411807,2775866.126422,0.63956043956044,0.00494505494505494,0.000366300366300366,0.0234432234432234,0.148534798534799,0.183150183150183
309773.411807,2775866.126422,0.688073394495413,0.0121100917431193,0.00073394495412844,0.0420183486238532,0.131192660550459,0.125871559633028
310273.411807,2775866.126422,0.461566685011924,0.00532012474775271,0.000366905155017428,0.0284351495138507,0.113557145477894,0.390753990093561
310773.411807,2775866.126422,0.787179487179487,0.00402930402930403,0.000183150183150183,0.0100732600732601,0.0741758241758242,0.124358974358974
311273.411807,2775866.126422,0.785321100917431,0.00018348623853211,0,0,0.000917431192660551,0.213577981651376
311773.411807,2775866.126422,0.713997431663915,0.000183452577508714,0,0.00165107319757843,0.0148596587782058,0.269308383782792
312273.411807,2775866.126422,0.824908424908425,0.000366300366300366,0,0.000183150183150183,0.0010989010989011,0.173443223443223
312773.411807,2775866.126422,0.659449541284404,0.00055045871559633,0,0.00458715596330275,0.0293577981651376,0.30605504587156
300773.411807,2775366.126422,0.0379120879120879,0.0934065934065934,0.026007326007326,0.707509157509158,0.0437728937728938,0.0913919413919414
301273.411807,2775366.126422,0.0626373626373626,0.0311355311355311,0.017032967032967,0.761721611721612,0.103479853479853,0.023992673992674
301773.411807,2775366.126422,0.0139347268060139,0.0412541254125413,0.183901723505684,0.403923725705904,0.134763476347635,0.222222222222222
302273.411807,2775366.126422,0.103663003663004,0.0117216117216117,0.00311355311355311,0.647985347985348,0.141208791208791,0.0923076923076923
302773.411807,2775366.126422,0.118681318681319,0.0472527472527473,0.0492673992673993,0.433699633699634,0.246703296703297,0.104395604395604
303273.411807,2775366.126422,0.57957462412908,0.00715071507150715,0.00366703337000367,0.0564723138980565,0.123028969563623,0.23010634396773
303773.411807,2775366.126422,0.867582417582418,0,0,0,0,0.132417582417582
304273.411807,2775366.126422,0.40970695970696,0.00677655677655678,0,0.0531135531135531,0.202564102564103,0.327838827838828
304773.411807,2775366.126422,0.418041804180418,0.011001100110011,0.00421708837550422,0.15951595159516,0.103593692702604,0.303630363036304
305273.411807,2775366.126422,0.299084249084249,0.0124542124542125,0.00164835164835165,0.23021978021978,0.215750915750916,0.240842490842491
305773.411807,2775366.126422,0.278937728937729,0.0752747252747253,0.0208791208791209,0.163003663003663,0.232417582417582,0.229487179487179
306273.411807,2775366.126422,0.22020535386872,0.0339200586725339,0.0155848918225156,0.255225522552255,0.318115144847818,0.156949028236157
306773.411807,2775366.126422,0.0619047619047619,0.0521978021978022,0.0380952380952381,0.497802197802198,0.275274725274725,0.0747252747252747
307273.411807,2775366.126422,0.172527472527473,0.0184981684981685,0.00201465201465201,0.403479853479853,0.268315018315018,0.135164835164835
307773.411807,2775366.126422,0.284011734506784,0.0194352768610194,0.0088008800880088,0.273377337733773,0.284378437843784,0.12999633296663
308273.411807,2775366.126422,0.500549450549451,0.0148351648351648,0.0108058608058608,0.125824175824176,0.178754578754579,0.169230769230769
308773.411807,2775366.126422,0.51043956043956,0.00641025641025641,0.00457875457875458,0.0582417582417582,0.184065934065934,0.236263736263736
309273.411807,2775366.126422,0.662266226622662,0.00788412174550788,0.000366703337000367,0.0661899523285662,0.147964796479648,0.115328199486615
309773.411807,2775366.126422,0.301465201465201,0.0302197802197802,0.0263736263736264,0.267399267399267,0.301648351648352,0.0728937728937729
310273.411807,2775366.126422,0.313553113553114,0.0177655677655678,0.0111721611721612,0.182051282051282,0.34010989010989,0.135347985347985
310773.411807,2775366.126422,0.216538320498717,0.0352035203520352,0.00311697836450312,0.0999266593325999,0.447011367803447,0.198203153648698
311273.411807,2775366.126422,0.705860805860806,0.00256410256410256,0,0.00641025641025641,0.0216117216117216,0.263553113553114
311773.411807,2775366.126422,0.775091575091575,0.000366300366300366,0,0.00238095238095238,0.00586080586080586,0.216300366300366
312273.411807,2775366.126422,0.86982031536487,0,0,0.000366703337000367,0,0.12981298129813
312773.411807,2775366.126422,0.687362637362637,0.00256410256410256,0,0.00311355311355311,0.0311355311355311,0.275824175824176
300773.411807,2774866.126422,0.0047715177096715,0.0244081482840888,0.234354927509635,0.591301156175445,0.019086070838686,0.126078179482474
301273.411807,2774866.126422,0.0555657436273611,0.0289748762149276,0.0370438290849074,0.655602420685861,0.0937098844672657,0.129103245919677
301773.411807,2774866.126422,0.0417811984606927,0.0359171706065604,0.127909107568261,0.47865127359355,0.137438152831226,0.17830309693971
302273.411807,2774866.126422,0.0385391815011929,0.0267939071389246,0.046063497889521,0.620113782345385,0.137639933932832,0.130849697192145
302773.411807,2774866.126422,0.161195672107097,0.0403447643498991,0.0289748762149276,0.464331560608839,0.210526315789474,0.0946268109297634
303273.411807,2774866.126422,0.739600513102437,0.000916254352208173,0.00256551218618288,0.0313358988455195,0.036100421477002,0.18948140003665
303773.411807,2774866.126422,0.569829326481923,0.0034868783262984,0.00770783630023858,0.135621214901817,0.130115617544504,0.153239126445219
304273.411807,2774866.126422,0.208875848156978,0.0198056115899505,0.11204841371722,0.199156427654502,0.242251971391894,0.217861727489455
304773.411807,2774866.126422,0.0593732820230896,0.0153930731170973,0.0133773135422393,0.279640828293934,0.34414513468939,0.28807036833425
305273.411807,2774866.126422,0.0645990089924757,0.0345017434391632,0.0300972655533125,0.560653330886401,0.256744356762709,0.0534042943659387
305773.411807,2774866.126422,0.0797726022373006,0.178984045479553,0.0685860993948285,0.303135888501742,0.280946268109298,0.0885750962772786
306273.411807,2774866.126422,0.0813633864760858,0.126259849734286,0.0610225398570643,0.34982591167308,0.243906908557816,0.137621403701668
306773.411807,2774866.126422,0.0706551660855203,0.133051936135071,0.0695540466140576,0.3444668746559,0.278399706368141,0.10387227014131
307273.411807,2774866.126422,0.061984228864845,0.0949935815147625,0.0858243168897854,0.57986429488355,0.149825783972125,0.0275077938749312
307773.411807,2774866.126422,0.0513102437236577,0.0668865677111966,0.0212571009712296,0.636247022173355,0.17042330951072,0.0538757559098406
308273.411807,2774866.126422,0.0420260598274913,0.0244081482840888,0.0245916681959993,0.616259864195265,0.228482290328501,0.0642319691686548
308773.411807,2774866.126422,0.240968274344398,0.0377773702549056,0.293049697414267,0.147441775169631,0.158628278012103,0.122134604804695
309273.411807,2774866.126422,0.39124060839289,0.017042330951072,0.0280373831775701,0.163826278174821,0.20963899578523,0.190214403518417
309773.411807,2774866.126422,0.122407781244265,0.0200036703982382,0.0266103872270141,0.577353642870251,0.188841989355845,0.0647825289043861
310273.411807,2774866.126422,0.157711351549606,0.0739042728773152,0.0168714469099578,0.225013753896937,0.383642031909041,0.142857142857143
310773.411807,2774866.126422,0.435037566428441,0.0370166758292102,0.101887483965549,0.0507604911123328,0.144951438519333,0.230346344145135
311273.411807,2774866.126422,0.481923288676821,0.0176179115434025,0.228665810240411,0.0137639933932832,0.0886401174527436,0.169388878693338
311773.411807,2774866.126422,0.879699248120301,0,0,0,0,0.120300751879699
312273.411807,2774866.126422,0.727872457394173,0.000183250870441635,0,0.000549752611324904,0.00201575957485798,0.269378779549203
312773.411807,2774866.126422,0.754083318040007,0.0012846393833731,0,0.0192695907505964,0.0497338961277299,0.175628555698293
300773.411807,2774366.126422,0.0201834862385321,0.0398165137614679,0.174678899082569,0.527339449541284,0.117247706422018,0.120733944954128
301273.411807,2774366.126422,0.0669601907906806,0.017978352595854,0.0196294257934324,0.669785360484315,0.108053568152633,0.117593102183086
301773.411807,2774366.126422,0.141575091575092,0.039010989010989,0.0340659340659341,0.420695970695971,0.213003663003663,0.151648351648352
302273.411807,2774366.126422,0.0963302752293578,0.0493577981651376,0.107339449541284,0.449908256880734,0.157798165137615,0.139266055045872
302773.411807,2774366.126422,0.141441937259218,0.0482480278847918,0.0974133186571271,0.350027517886626,0.140891579526692,0.221977618785544
303273.411807,2774366.126422,0.184981684981685,0.0210622710622711,0.261904761904762,0.116483516483516,0.111172161172161,0.304395604395604
303773.411807,2774366.126422,0.0341284403669725,0.0278899082568807,0.343119266055046,0.130825688073395,0.156146788990826,0.307889908256881
304273.411807,2774366.126422,0.0454962392221611,0.0232984773436067,0.234268941478628,0.287653641533664,0.139057053751605,0.270225646670336
304773.411807,2774366.126422,0.0637362637362637,0.019047619047619,0.218315018315018,0.23956043956044,0.145054945054945,0.314285714285714
305273.411807,2774366.126422,0.0260550458715596,0.0511926605504587,0.293577981651376,0.150275229357798,0.151559633027523,0.327339449541284
305773.411807,2774366.126422,0.0440286186020914,0.0454962392221611,0.277380297193176,0.132085855806274,0.184736745551275,0.316272243625023
306273.411807,2774366.126422,0.0690476190476191,0.0214285714285714,0.0965201465201465,0.122344322344322,0.216483516483516,0.474175824175824
306773.411807,2774366.126422,0.0904587155963303,0.0405504587155963,0.0192660550458716,0.149908256880734,0.243853211009174,0.455963302752294
307273.411807,2774366.126422,0.0665932856356632,0.0454962392221611,0.213538800220143,0.115391671252981,0.152815997064759,0.406164006604293
307773.411807,2774366.126422,0.0901098901098901,0.0796703296703297,0.0774725274725275,0.456776556776557,0.207875457875458,0.0880952380952381
308273.411807,2774366.126422,0.0893577981651376,0.0546788990825688,0.0343119266055046,0.531926605504587,0.232844036697248,0.0568807339449541
308773.411807,2774366.126422,0.130985140341222,0.062190423775454,0.0403595670519171,0.38800220143093,0.299027701339204,0.0794349660612732
309273.411807,2774366.126422,0.370879120879121,0.0247252747252747,0.0104395604395604,0.172161172161172,0.223809523809524,0.197985347985348
309773.411807,2774366.126422,0.574495412844037,0.0220183486238532,0.00018348623853211,0.108807339449541,0.104220183486239,0.190275229357798
310273.411807,2774366.126422,0.754723903870849,0.00220143093010457,0.00110071546505228,0.0165107319757843,0.0267840763162722,0.198679141441937
310773.411807,2774366.126422,0.668131868131868,0.00549450549450549,0,0.00604395604395604,0.043040293040293,0.277289377289377
311273.411807,2774366.126422,0.565688073394495,0.0271559633027523,0.0157798165137615,0.024954128440367,0.178899082568807,0.187522935779817
311773.411807,2774366.126422,0.31810676940011,0.0181618051733627,0.000183452577508714,0.110254999082737,0.358282883874518,0.195010089891763
312273.411807,2774366.126422,0.498351648351648,0.00989010989010989,0.000183150183150183,0.0972527472527473,0.202380952380952,0.191941391941392
312773.411807,2774366.126422,0.258532110091743,0.0328440366972477,0.00642201834862385,0.11302752293578,0.335229357798165,0.25394495412844
300773.411807,2773866.126422,0.0521978021978022,0.0538461538461538,0.103846153846154,0.478571428571429,0.14029304029304,0.171245421245421
301273.411807,2773866.126422,0.0247252747252747,0.0336996336996337,0.0750915750915751,0.768681318681319,0.0626373626373626,0.0351648351648352
301773.411807,2773866.126422,0.044004400440044,0.0077007700770077,0.00385038503850385,0.83975064173084,0.0894756142280895,0.0152181884855152
302273.411807,2773866.126422,0.104395604395604,0.0278388278388278,0.0203296703296703,0.596886446886447,0.171794871794872,0.0787545787545788
302773.411807,2773866.126422,0.188644688644689,0.0172161172161172,0.00238095238095238,0.27051282051282,0.188278388278388,0.332967032967033
303273.411807,2773866.126422,0.139163916391639,0.0223689035570224,0.158599193252659,0.276127612761276,0.16996699669967,0.233773377337734
303773.411807,2773866.126422,0.157692307692308,0.041025641025641,0.028021978021978,0.252197802197802,0.206410256410256,0.314652014652015
304273.411807,2773866.126422,0.089010989010989,0.0236263736263736,0.0183150183150183,0.387179487179487,0.205860805860806,0.276007326007326
304773.411807,2773866.126422,0.026952695269527,0.0216354968830216,0.00971763843050972,0.515584891822516,0.135496883021635,0.290612394572791
305273.411807,2773866.126422,0.0254578754578755,0.0166666666666667,0.0104395604395604,0.470512820512821,0.16007326007326,0.316849816849817
305773.411807,2773866.126422,0.0503663003663004,0.0128205128205128,0.0206959706959707,0.252014652014652,0.171978021978022,0.492124542124542
306273.411807,2773866.126422,0.0306197286395306,0.0348368170150348,0.113861386138614,0.357535753575358,0.141180784745141,0.321965529886322
306773.411807,2773866.126422,0.0216117216117216,0.0393772893772894,0.266117216117216,0.214652014652015,0.105860805860806,0.352380952380952
307273.411807,2773866.126422,0.0166666666666667,0.00787545787545788,0,0.217399267399267,0.138827838827839,0.619230769230769
307773.411807,2773866.126422,0.0474880821415475,0.0355702236890356,0.182618261826183,0.349284928492849,0.147781444811148,0.237257059039237
308273.411807,2773866.126422,0.0846153846153846,0.034981684981685,0.026007326007326,0.478937728937729,0.243589743589744,0.131868131868132
308773.411807,2773866.126422,0.552564102564103,0.0115384615384615,0.00146520146520147,0.150732600732601,0.117216117216117,0.166483516483516
309273.411807,2773866.126422,0.608727539420609,0.0121012101210121,0.0011001100110011,0.112944627796113,0.135313531353135,0.12981298129813
309773.411807,2773866.126422,0.246520146520147,0.0324175824175824,0.0157509157509158,0.332234432234432,0.225824175824176,0.147252747252747
310273.411807,2773866.126422,0.125457875457875,0.0258241758241758,0.00567765567765568,0.18992673992674,0.28992673992674,0.363186813186813
310773.411807,2773866.126422,0.385221855518885,0.0390539053905391,0.0221855518885222,0.122295562889622,0.260726072607261,0.170517051705171
311273.411807,2773866.126422,0.217032967032967,0.063003663003663,0.0470695970695971,0.297252747252747,0.293223443223443,0.0824175824175824
311773.411807,2773866.126422,0.226007326007326,0.0234432234432234,0.00567765567765568,0.438095238095238,0.243223443223443,0.0635531135531135
312273.411807,2773866.126422,0.14998166483315,0.0190685735240191,0.0077007700770077,0.537220388705537,0.206087275394206,0.0799413274660799
312773.411807,2773866.126422,0.309340659340659,0.0243589743589744,0.00476190476190476,0.177106227106227,0.193589743589744,0.290842490842491
300773.411807,2773366.126422,0.0288126261699394,0.0367039823820885,0.0110111947146265,0.766929711873738,0.0598274912828042,0.0967149935768031
301273.411807,2773366.126422,0.00513478818998716,0.0188886851274528,0.173849257289565,0.745094443425637,0.055198973042362,0.00183385292499542
301773.411807,2773366.126422,0.0351841671247938,0.0328019058090526,0.0042147700201576,0.825728422210006,0.0743998533993036,0.0276708814366868
302273.411807,2773366.126422,0.0792806019453111,0.0214718296935217,0.0132134336575518,0.63057441732428,0.183703431822353,0.0717562855569829
302773.411807,2773366.126422,0.190353933614524,0.0254905556574363,0.0342930496974143,0.450577663671374,0.15606088391711,0.143223913442142
303273.411807,2773366.126422,0.0491112332783581,0.0161260765988638,0.0194245922668133,0.653472603994869,0.13450613890416,0.127359354956936
303773.411807,2773366.126422,0.073040924940356,0.0280785465222977,0.0260598274912828,0.694989906404845,0.111029546705818,0.066801247935401
304273.411807,2773366.126422,0.0309921144324225,0.0280579497524299,0.0150375939849624,0.697414267375757,0.114982578397213,0.113515496057216
304773.411807,2773366.126422,0.0157595748579806,0.0109950522264981,0.000549752611324904,0.577056991020707,0.111233278358072,0.284405350925417
305273.411807,2773366.126422,0.00183519911910442,0.0034868783262984,0,0.639566893007891,0.0565241328684162,0.29858689667829
305773.411807,2773366.126422,0,0.000916926462497708,0,0.695213643865762,0.0438290849073904,0.26004034476435
306273.411807,2773366.126422,0,0.000366501740883269,0.00256551218618288,0.675096206706982,0.0791643760307861,0.242807403335166
306773.411807,2773366.126422,0.017434391631492,0.00256927876674619,0.0047715177096715,0.700679023674069,0.0974490732244448,0.177096714993577
307273.411807,2773366.126422,0.0282413350449294,0.0122868145974693,0,0.315422703099211,0.21584448927196,0.428204657986429
307773.411807,2773366.126422,0.227964082829393,0.01905809052593,0.184350375664284,0.118196811434854,0.223016309327469,0.227414330218069
308273.411807,2773366.126422,0.0530372545421178,0.0374380620297302,0.0100935951550743,0.526151587447238,0.276748027160947,0.0965314736648926
308773.411807,2773366.126422,0.0786722904823033,0.0652851641298368,0.0110031175499725,0.509444342563726,0.267375756464332,0.0682193288098294
