"x","y","forest","agri","water","built","other","grass"
162273.411807,2613366.126422,0.00476714338100477,0.0099009900990099,0.498166483314998,0.343784378437844,0.0720572057205721,0.0713237990465713
162773.411807,2613366.126422,0,0.00476190476190476,0.293772893772894,0.401098901098901,0.230769230769231,0.0695970695970696
163273.411807,2613366.126422,0,0.135531135531136,0.504761904761905,0.148534798534799,0.11025641025641,0.100915750915751
163773.411807,2613366.126422,0.00183351668500183,0.172533920058673,0.0861752841950862,0.0788412174550788,0.162082874954162,0.498533186651999
164273.411807,2613366.126422,0.0793040293040293,0.0697802197802198,0.00201465201465201,0.231318681318681,0.216849816849817,0.400732600732601
164773.411807,2613366.126422,0.1003663003663,0.0926739926739927,0,0.285347985347985,0.166483516483516,0.355128205128205
165273.411807,2613366.126422,0.0883755042170884,0.116244957829116,0,0.030986431976531,0.142647598093143,0.621745507884122
165773.411807,2613366.126422,0.0375457875457875,0.226373626373626,0,0.0926739926739927,0.100915750915751,0.542490842490842
166273.411807,2613366.126422,0.0468864468864469,0.240659340659341,0.00311355311355311,0.0646520146520147,0.0899267399267399,0.554761904761905
166773.411807,2613366.126422,0.0586725339200587,0.301796846351302,0.00605060506050605,0.116244957829116,0.155115511551155,0.362119545287862
167273.411807,2613366.126422,0.0611721611721612,0.279304029304029,0.00860805860805861,0.0758241758241758,0.0981684981684982,0.476923076923077
167773.411807,2613366.126422,0.0857142857142857,0.271062271062271,0.00256410256410256,0.0642857142857143,0.117032967032967,0.459340659340659
168273.411807,2613366.126422,0.0669233590025669,0.181701503483682,0.00256692335900257,0.0782911624495783,0.115694902823616,0.554822148881555
168773.411807,2613366.126422,0.0250915750915751,0.46959706959707,0,0.00164835164835165,0.0276556776556777,0.476007326007326
169273.411807,2613366.126422,0.0311355311355311,0.38956043956044,0,0.0265567765567766,0.0483516483516484,0.504395604395604
169773.411807,2613366.126422,0.0282361569490282,0.343784378437844,0,0,0.00128346167950128,0.626696002933627
170273.411807,2613366.126422,0.023992673992674,0.399267399267399,0,0.00201465201465201,0.0252747252747253,0.549450549450549
170773.411807,2613366.126422,0.0108058608058608,0.361172161172161,0,0.00201465201465201,0.0291208791208791,0.596886446886447
171273.411807,2613366.126422,0.117161716171617,0.226989365603227,0,0.143564356435644,0.13036303630363,0.381921525485882
171773.411807,2613366.126422,0.0164835164835165,0.348351648351648,0,0.0175824175824176,0.0593406593406593,0.558241758241758
172273.411807,2613366.126422,0.0316849816849817,0.440659340659341,0,0.0223443223443223,0.0483516483516484,0.456959706959707
172773.411807,2613366.126422,0.0584891822515585,0.398239823982398,0,0.0328199486615328,0.0643564356435644,0.446094609460946
173273.411807,2613366.126422,0.226740331491713,0.177237569060773,0,0.0680662983425414,0.165745856353591,0.362209944751381
162273.411807,2612866.126422,0.00714678394722375,0.0328019058090526,0.296683159245006,0.354956936045446,0.153014476818765,0.155396738134506
162773.411807,2612866.126422,0.000917599559552211,0.0288126261699394,0.407047164617361,0.334556799412736,0.106625068819967,0.122040741420444
163273.411807,2612866.126422,0,0.0636346964973409,0.633412800293417,0.145241151659637,0.0737208875848157,0.08399046396479
163773.411807,2612866.126422,0.00769653655854865,0.281839838739234,0.0111783030969397,0.229979842404251,0.183617372182518,0.285688107018508
164273.411807,2612866.126422,0.0655166085520279,0.0251422279317306,0.00183519911910442,0.424848596072674,0.204991741603964,0.277665626720499
164773.411807,2612866.126422,0.04401247019989,0.0137538969374656,0.000366770584999083,0.655052264808362,0.179717586649551,0.107097010819732
165273.411807,2612866.126422,0.0386659336631849,0.123694337548103,0.0179585853032802,0.224848818031886,0.199010445299615,0.395821880153931
165773.411807,2612866.126422,0.0245916681959993,0.195632226096531,0.00568911726922371,0.0941457148100569,0.12864745824922,0.551293815378969
166273.411807,2612866.126422,0.0623509994498441,0.249403997799376,0.0115532734274711,0.185035760132037,0.150742710434623,0.340913258756648
166773.411807,2612866.126422,0.0452629649990837,0.446032618654939,0.00146600696353308,0.0672530694520799,0.0423309510720176,0.397654388858347
167273.411807,2612866.126422,0.0576252523398789,0.320425766195632,0.000367039823820885,0.0343182235272527,0.0866213984217288,0.500642319691687
167773.411807,2612866.126422,0.068402714102329,0.114249037227214,0.0143040528149642,0.158995048597103,0.21181001283697,0.432239134421419
168273.411807,2612866.126422,0.0425142019424592,0.292468389224849,0,0.0447132123877588,0.0903426791277259,0.529961517317207
168773.411807,2612866.126422,0.0295467058175812,0.328133602495871,0,0.038172141677372,0.0603780510185355,0.543769498990641
169273.411807,2612866.126422,0.0698697964423253,0.262791124151843,0,0.136805428204658,0.168347698514579,0.362185952686595
169773.411807,2612866.126422,0.0177753344328386,0.343595382078065,0.00329851566794942,0.0615722924683892,0.0498442367601246,0.523914238592633
170273.411807,2612866.126422,0.0422095797394017,0.180216553496054,0,0.0456964580657001,0.0669847678473114,0.664892640851532
170773.411807,2612866.126422,0.0238400880249404,0.357417935081606,0,0.0330093526499175,0.0720704199523198,0.513662204291216
171273.411807,2612866.126422,0.0619387942092725,0.4260582737768,0,0.036100421477002,0.0564412680960235,0.419461242440902
171773.411807,2612866.126422,0.015782712424298,0.303174894476051,0,0.0704716461736098,0.121673701596623,0.488897045329418
172273.411807,2612866.126422,0.099211443242252,0.165413533834586,0,0.109114249037227,0.148908857509628,0.477351916376307
172773.411807,2612866.126422,0.11654755360088,0.391973611874656,0.000733003481766538,0.00787978742899029,0.0776983690672531,0.405167674546454
173273.411807,2612866.126422,0.128097345132743,0.274778761061947,0,0.000884955752212389,0.0331858407079646,0.563053097345133
162773.411807,2612366.126422,0,0.00935779816513761,0.715963302752294,0.189357798165138,0.0379816513761468,0.0473394495412844
163273.411807,2612366.126422,0,0.0174279948633278,0.815263254448725,0.110438451660246,0.0418271876719868,0.0150431113557145
163773.411807,2612366.126422,0,0.124725274725275,0.151282051282051,0.235347985347985,0.195970695970696,0.292673992673993
164273.411807,2612366.126422,0.0427522935779817,0.0930275229357798,0.00513761467889908,0.272293577981651,0.267889908256881,0.318899082568807
164773.411807,2612366.126422,0.0410933773619519,0.0753990093560815,0.0348559897266557,0.135388002201431,0.181067694001101,0.532195927352779
165273.411807,2612366.126422,0.0602564102564103,0.0498168498168498,0.0346153846153846,0.0974358974358974,0.136080586080586,0.621794871794872
165773.411807,2612366.126422,0.0190825688073394,0.145137614678899,0.118165137614679,0.19651376146789,0.17651376146789,0.344587155963303
166273.411807,2612366.126422,0.0392588515868648,0.374243258117777,0.00935608145294441,0.0478811227297744,0.089157952669235,0.440102733443405
166773.411807,2612366.126422,0.0340659340659341,0.389377289377289,0.00476190476190476,0.0159340659340659,0.0571428571428571,0.498717948717949
167273.411807,2612366.126422,0.0227522935779817,0.219633027522936,0.00825688073394495,0.113761467889908,0.140183486238532,0.495412844036697
167773.411807,2612366.126422,0.0194459732159237,0.37094111172262,0.00642084021280499,0.0820033021463952,0.11979453311319,0.401394239589066
168273.411807,2612366.126422,0.0716117216117216,0.386813186813187,0,0.0243589743589744,0.0871794871794872,0.43003663003663
168773.411807,2612366.126422,0.0190825688073394,0.321284403669725,0,0.0126605504587156,0.0451376146788991,0.601834862385321
169273.411807,2612366.126422,0.0104567969179967,0.425976884975234,0.00770500825536599,0.0181618051733627,0.0482480278847918,0.489451476793249
169773.411807,2612366.126422,0.0364468864468864,0.27014652014652,0,0.060989010989011,0.0688644688644689,0.563553113553114
170273.411807,2612366.126422,0.0640366972477064,0.210091743119266,0,0.167889908256881,0.144954128440367,0.41302752293578
170773.411807,2612366.126422,0.0396257567418822,0.300311869381765,0,0.076316272243625,0.0911759310218309,0.492570170610897
171273.411807,2612366.126422,0.0562271062271062,0.321978021978022,0.00311355311355311,0.0983516483516483,0.0963369963369963,0.423992673992674
171773.411807,2612366.126422,0.0691743119266055,0.176880733944954,0,0.0552293577981651,0.0691743119266055,0.62954128440367
172273.411807,2612366.126422,0.101632727939828,0.242340854889011,0.00550357732526142,0.0926435516419006,0.11410750321042,0.443771784993579
172773.411807,2612366.126422,0.0626373626373626,0.491025641025641,0,0.010989010989011,0.0395604395604396,0.395787545787546
173273.411807,2612366.126422,0.0126078301260783,0.593452775934528,0,0.0004423800044238,0.0314089803140898,0.36208803362088
162773.411807,2611866.126422,0,0.010989010989011,0.832783882783883,0.128571428571429,0.0261904761904762,0.00146520146520147
163273.411807,2611866.126422,0,0,0.933882783882784,0.0635531135531135,0.00256410256410256,0
163773.411807,2611866.126422,0,0.0537220388705537,0.657865786578658,0.187752108544188,0.0781078107810781,0.0225522552255226
164273.411807,2611866.126422,0.00183150183150183,0.0587912087912088,0.469230769230769,0.335897435897436,0.113919413919414,0.0203296703296703
164773.411807,2611866.126422,0.00366300366300366,0.0412087912087912,0.277106227106227,0.175824175824176,0.23003663003663,0.272161172161172
165273.411807,2611866.126422,0.0262192885955262,0.0344701136780345,0.416024935826916,0.203703703703704,0.189218921892189,0.13036303630363
165773.411807,2611866.126422,0.0111721611721612,0.111721611721612,0.298717948717949,0.286446886446886,0.150732600732601,0.141208791208791
166273.411807,2611866.126422,0.0509157509157509,0.234798534798535,0.000183150183150183,0.00549450549450549,0.0620879120879121,0.646520146520147
166773.411807,2611866.126422,0.0342867620095343,0.242574257425743,0.0225522552255226,0.0858085808580858,0.0883755042170884,0.526402640264026
167273.411807,2611866.126422,0.0816849816849817,0.177289377289377,0.013003663003663,0.155494505494505,0.213553113553114,0.358974358974359
167773.411807,2611866.126422,0.00952380952380952,0.294505494505495,0.0173992673992674,0.157509157509158,0.155494505494505,0.365567765567766
168273.411807,2611866.126422,0.0498716538320499,0.357719105243858,0.0702236890355702,0.0786578657865787,0.0320865419875321,0.411441144114411
168773.411807,2611866.126422,0.030952380952381,0.366483516483516,0,0.0135531135531136,0.0362637362637363,0.552747252747253
169273.411807,2611866.126422,0.00879120879120879,0.188644688644689,0.00384615384615385,0.01996336996337,0.0208791208791209,0.757875457875458
169773.411807,2611866.126422,0.0066006600660066,0.334433443344334,0,0.00495049504950495,0.0408874220755409,0.613127979464613
170273.411807,2611866.126422,0.0547619047619048,0.24010989010989,0.00293040293040293,0.16959706959707,0.176923076923077,0.355677655677656
170773.411807,2611866.126422,0.00494505494505494,0.561172161172161,0,0.000732600732600733,0.0194139194139194,0.413736263736264
171273.411807,2611866.126422,0.0858085808580858,0.286578657865787,0.0262192885955262,0.0132013201320132,0.0676567656765677,0.520535386872021
171773.411807,2611866.126422,0.0965201465201465,0.419230769230769,0.00604395604395604,0.00494505494505494,0.0421245421245421,0.431135531135531
172273.411807,2611866.126422,0.114835164835165,0.232234432234432,0,0.189194139194139,0.146153846153846,0.317582417582418
172773.411807,2611866.126422,0.0935093509350935,0.454712137880455,0,0.0243857719105244,0.0293362669600293,0.398056472313898
173273.411807,2611866.126422,0.0092817679558011,0.677790055248619,0,0.000220994475138122,0.0117127071823204,0.300994475138122
162773.411807,2611366.126422,0,0.00660671682877592,0.801614975224812,0.167553679574234,0.0238575885483575,0.000367039823820885
163273.411807,2611366.126422,0,0.00641848523748395,0.87181368054282,0.102145607922245,0.0194388410049514,0.000183385292499542
163773.411807,2611366.126422,0,0.0137438152831226,0.765988638446033,0.180685358255452,0.0375664284405351,0.00201575957485798
164273.411807,2611366.126422,0.00789135621214902,0.047715177096715,0.609653147366489,0.230501009359516,0.0772618829142962,0.026977427050835
164773.411807,2611366.126422,0,0.0491472583898771,0.409499358151476,0.140656519347148,0.269026224096827,0.131670640014671
165273.411807,2611366.126422,0.0113615539673813,0.0617555433388309,0.374564779182701,0.225215319772769,0.181968114348543,0.145134689389775
165773.411807,2611366.126422,0.0119287942741787,0.144430170673518,0.0220223894292531,0.0928610754266838,0.176729675169756,0.55202789502661
166273.411807,2611366.126422,0.0212726939299468,0.254905556574363,0,0.103245919677242,0.104896387309738,0.515679442508711
166773.411807,2611366.126422,0.026571376214037,0.244639912039582,0.0208905992303463,0.0483782297965915,0.0747663551401869,0.584753527579256
167273.411807,2611366.126422,0.0464305377133419,0.224811892090292,0.0256927876674619,0.118553863094146,0.175812075610204,0.408698843824555
167773.411807,2611366.126422,0.01998899688245,0.100311754997249,0.024390243902439,0.18796992481203,0.137905739959655,0.529433339446176
168273.411807,2611366.126422,0.184716877405168,0.059190031152648,0.00787978742899029,0.0643210555250137,0.0569910207073484,0.626901227780832
168773.411807,2611366.126422,0.149018168471279,0.156726004771518,0.00220223894292531,0.0289961460818499,0.0449623784180584,0.61809506331437
169273.411807,2611366.126422,0.0374105996699065,0.128919860627178,0,0.16779754263708,0.168897854392078,0.496974142673758
169773.411807,2611366.126422,0.0720175920835624,0.197910940076965,0,0.00439802089059923,0.0452629649990837,0.680410481949789
170273.411807,2611366.126422,0.0154156726004772,0.358964947696825,0.00532207744540283,0.0282620664342081,0.0688199669664159,0.523215268856671
170773.411807,2611366.126422,0.0100861910874748,0.472950669356318,0.0397946084724005,0.0291582615074271,0.0781221346048047,0.369888134971575
171273.411807,2611366.126422,0.00678028220634048,0.5268462525197,0.0379329301814184,0.0395821880153931,0.0670698185816383,0.32178852849551
171773.411807,2611366.126422,0.068452927142595,0.424114516425032,0,0.0680858873187741,0.110662506881997,0.328684162231602
172273.411807,2611366.126422,0.0790390610673024,0.122134604804695,0,0.257106180084357,0.180634513112048,0.361085640931597
172773.411807,2611366.126422,0.137254901960784,0.245189664650907,0,0.101154480483782,0.142569177203592,0.373831775700935
173273.411807,2611366.126422,0.0150442477876106,0.654646017699115,0,0.00398230088495575,0.0314159292035398,0.294911504424779
162773.411807,2610866.126422,0,0.00201834862385321,0.773577981651376,0.218165137614679,0.00623853211009174,0
163273.411807,2610866.126422,0.00091726288754357,0.002568336085122,0.826086956521739,0.15685195376995,0.00733810310034856,0.00623738763529628
163773.411807,2610866.126422,0,0.0161172161172161,0.773626373626374,0.108424908424908,0.0457875457875458,0.056043956043956
164273.411807,2610866.126422,0.00495412844036697,0.0425688073394495,0.386422018348624,0.253394495412844,0.193577981651376,0.119082568807339
164773.411807,2610866.126422,0.0416437350944781,0.0810860392588516,0.126031920748487,0.185837461016327,0.199046046596955,0.366354797284902
165273.411807,2610866.126422,0.00201465201465201,0.135347985347985,0.3003663003663,0.13003663003663,0.24981684981685,0.182417582417582
165773.411807,2610866.126422,0.0194495412844037,0.0961467889908257,0.0825688073394495,0.122385321100917,0.29743119266055,0.382018348623853
166273.411807,2610866.126422,0.0238488350761328,0.126031920748487,0.00880572372041827,0.208585580627408,0.138139790864062,0.494588148963493
166773.411807,2610866.126422,0.0106227106227106,0.228571428571429,0.000732600732600733,0.0106227106227106,0.0146520146520147,0.734798534798535
167273.411807,2610866.126422,0.109174311926606,0.0559633027522936,0.00678899082568807,0.164770642201835,0.16697247706422,0.496330275229358
167773.411807,2610866.126422,0.0260502660062374,0.138139790864062,0.0337552742616034,0.277747202348193,0.224545954870666,0.299761511649239
168273.411807,2610866.126422,0.0619047619047619,0.333150183150183,0,0.0639194139194139,0.0631868131868132,0.477838827838828
168773.411807,2610866.126422,0.276880733944954,0.0777981651376147,0,0.00403669724770642,0.0719266055045872,0.569357798165138
169273.411807,2610866.126422,0.028251696936342,0.278664465235737,0,0.0249495505411851,0.0662263804806457,0.601907906806091
169773.411807,2610866.126422,0.01996336996337,0.154395604395604,0,0,0.00384615384615385,0.821794871794872
170273.411807,2610866.126422,0.0453211009174312,0.296146788990826,0.0732110091743119,0.0565137614678899,0.0794495412844037,0.449357798165138
170773.411807,2610866.126422,0.0399926618968997,0.612731608879105,0,0.00385250412768299,0.0271509814712897,0.316272243625023
171273.411807,2610866.126422,0.0131868131868132,0.573076923076923,0,0.0228937728937729,0.0554945054945055,0.335347985347985
171773.411807,2610866.126422,0.0576146788990826,0.443119266055046,0,0.00073394495412844,0.0190825688073394,0.479449541284404
172273.411807,2610866.126422,0.0596220876903321,0.331865712713264,0,0.0122913226930838,0.0693450742982939,0.526875802605027
172773.411807,2610866.126422,0.0895604395604396,0.3003663003663,0.0351648351648352,0.0206959706959707,0.112087912087912,0.442124542124542
173273.411807,2610866.126422,0.0227825702278257,0.61004202610042,0,0.0592789205927892,0.0519796505197965,0.255916832559168
162773.411807,2610366.126422,0.0010989010989011,0.00787545787545788,0.734432234432234,0.234615384615385,0.021978021978022,0
163273.411807,2610366.126422,0,0.00384615384615385,0.792124542124542,0.192673992673993,0.0106227106227106,0.000732600732600733
163773.411807,2610366.126422,0.000183351668500183,0.024019068573524,0.648698203153649,0.236890355702237,0.0612394572790612,0.028969563623029
164273.411807,2610366.126422,0.00183150183150183,0.0228937728937729,0.724908424908425,0.138461538461538,0.0633699633699634,0.0485347985347985
164773.411807,2610366.126422,0.0402930402930403,0.0483516483516484,0.0727106227106227,0.1503663003663,0.162820512820513,0.525457875457875
165273.411807,2610366.126422,0.00568390172350568,0.151081774844151,0.092959295929593,0.351485148514851,0.252658599193253,0.146131279794646
165773.411807,2610366.126422,0.00567765567765568,0.282417582417582,0.195238095238095,0.195787545787546,0.158608058608059,0.162271062271062
166273.411807,2610366.126422,0.032051282051282,0.150549450549451,0.00128205128205128,0.112454212454212,0.16996336996337,0.533699633699634
166773.411807,2610366.126422,0.0282361569490282,0.252658599193253,0,0.0141180784745141,0.0339200586725339,0.671067106710671
167273.411807,2610366.126422,0.0353479853479853,0.0769230769230769,0.028021978021978,0.141025641025641,0.170695970695971,0.547985347985348
167773.411807,2610366.126422,0.0188644688644689,0.117032967032967,0.0294871794871795,0.185714285714286,0.176556776556777,0.472344322344322
168273.411807,2610366.126422,0.0194352768610194,0.27961129446278,0.017968463513018,0.102860286028603,0.0781078107810781,0.502016868353502
168773.411807,2610366.126422,0.248901098901099,0.0501831501831502,0,0.0142857142857143,0.0397435897435897,0.646886446886447
169273.411807,2610366.126422,0.032967032967033,0.263003663003663,0,0,0.0159340659340659,0.688095238095238
169773.411807,2610366.126422,0.0295196186285295,0.0654565456545655,0,0,0.0022002200220022,0.902823615694903
170273.411807,2610366.126422,0.0254578754578755,0.521794871794872,0.0424908424908425,0.0152014652014652,0.03003663003663,0.365018315018315
170773.411807,2610366.126422,0.0336996336996337,0.577655677655678,0.0010989010989011,0.0782051282051282,0.106410256410256,0.202930402930403
171273.411807,2610366.126422,0.0275027502750275,0.582141547488082,0,0.0397873120645398,0.0828749541620829,0.267693436010268
171773.411807,2610366.126422,0.0774725274725275,0.577472527472527,0,0.000183150183150183,0.0108058608058608,0.334065934065934
172273.411807,2610366.126422,0.032967032967033,0.382234432234432,0.0195970695970696,0.0294871794871795,0.0741758241758242,0.461538461538462
172773.411807,2610366.126422,0.0236523652365237,0.55023835716905,0.00898423175650898,0.0117345067840117,0.0436376971030436,0.361752841950862
173273.411807,2610366.126422,0.0342541436464088,0.633149171270718,0,0.021878453038674,0.029171270718232,0.281546961325967
162773.411807,2609866.126422,0,0.00734079647641769,0.813727289410901,0.170489998164801,0.00844191594788034,0
163273.411807,2609866.126422,0.000183385292499542,0.0231065468549422,0.862277645332844,0.0982945167797543,0.013203741059967,0.00293416467999266
163773.411807,2609866.126422,0.000183250870441635,0.0415979475902511,0.5695437053326,0.306945207989738,0.0672530694520799,0.0144768187648891
164273.411807,2609866.126422,0.00587263718113415,0.0218388695173426,0.653147366489264,0.0800146815929528,0.0631308496971921,0.175995595522114
164773.411807,2609866.126422,0.00715202640748212,0.0770218228498075,0.439574546121401,0.150375939849624,0.171098477902072,0.154777186869613
165273.411807,2609866.126422,0.0102620487447315,0.0767821147150449,0.23089609675646,0.186732636980026,0.217702034084662,0.277625068719076
165773.411807,2609866.126422,0.0214718296935217,0.0783630023857589,0.0890071572765645,0.135621214901817,0.228849330152322,0.446687465590017
166273.411807,2609866.126422,0.0761048963873097,0.160645516229598,0,0.10397946084724,0.146708233999633,0.512561892536219
166773.411807,2609866.126422,0.0566245189664651,0.111599780098955,0.00329851566794942,0.0557082646142569,0.0995052226498076,0.673263698002565
167273.411807,2609866.126422,0.0341347036153423,0.139658652963847,0.00256927876674619,0.0464305377133419,0.116535144063131,0.660671682877592
167773.411807,2609866.126422,0.0210893086374473,0.15202640748212,0.00953603520997616,0.0121034293049697,0.110214560792224,0.695030258573262
168273.411807,2609866.126422,0.0208905992303463,0.215319772768921,0.000916254352208173,0.0584570276708814,0.0929081913139087,0.611508154663735
168773.411807,2609866.126422,0.00220223894292531,0.154340245916682,0.00165167920719398,0.028629106258029,0.0390897412369242,0.774086988438246
169273.411807,2609866.126422,0.0388776820099028,0.312855309004218,0,0.0075187969924812,0.0258573262424354,0.614890885750963
169773.411807,2609866.126422,0.107018508337915,0.0485614806670332,0.0679860729338464,0.0139270661535642,0.0507604911123328,0.711746380795309
170273.411807,2609866.126422,0.0161497522481189,0.668563039089741,0,0,0.00422095797394017,0.3110662506882
170773.411807,2609866.126422,0.0106363469649734,0.648633779570878,0.0113698881349716,0.037593984962406,0.0154043645699615,0.276361635796809
171273.411807,2609866.126422,0.0179585853032802,0.667766171889317,0,0.00256551218618288,0.0313358988455195,0.280373831775701
171773.411807,2609866.126422,0.0332171040557901,0.433106992108644,0.00513855753349238,0.0690034868783263,0.0846026793907139,0.374931180033034
172273.411807,2609866.126422,0.0379607555474051,0.578397212543554,0,0.057582981844856,0.0726205758298184,0.253438474234366
172773.411807,2609866.126422,0.0377496793109767,0.63001649257834,0,0.00842954004031519,0.0437969580355507,0.280007330034818
173273.411807,2609866.126422,0.0185840707964602,0.648672566371681,0,0.000221238938053097,0.0331858407079646,0.299336283185841
162773.411807,2609366.126422,0.00018348623853211,0.0115596330275229,0.694128440366973,0.246605504587156,0.0271559633027523,0.0203669724770642
163273.411807,2609366.126422,0,0.0242157402311502,0.729407448174647,0.183085672353697,0.0543019629425793,0.00898917629792699
163773.411807,2609366.126422,0,0.0862637362637363,0.691941391941392,0.119413919413919,0.0769230769230769,0.0254578754578755
164273.411807,2609366.126422,0.00165137614678899,0.0559633027522936,0.631743119266055,0.121100917431193,0.117798165137615,0.071743119266055
164773.411807,2609366.126422,0.00201797835259585,0.063474591818015,0.465419189139607,0.22399559713814,0.146211704274445,0.0988809392771968
165273.411807,2609366.126422,0.00146520146520147,0.093956043956044,0.47948717948718,0.166849816849817,0.175824175824176,0.0824175824175824
165773.411807,2609366.126422,0.0115596330275229,0.18605504587156,0,0.0260550458715596,0.0772477064220184,0.699082568807339
166273.411807,2609366.126422,0.0794349660612732,0.0884241423592002,0.000183452577508714,0.240873234268941,0.152815997064759,0.438268207668318
166773.411807,2609366.126422,0.0591575091575092,0.0238095238095238,0,0.49029304029304,0.231135531135531,0.195604395604396
167273.411807,2609366.126422,0.0675229357798165,0.192660550458716,0.0111926605504587,0.0420183486238532,0.0825688073394495,0.604036697247706
167773.411807,2609366.126422,0.0207301412584847,0.182718767198679,0,0.00642084021280499,0.0554026784076316,0.7347275729224
168273.411807,2609366.126422,0.043040293040293,0.106593406593407,0.0205128205128205,0.164652014652015,0.166849816849817,0.498351648351648
168773.411807,2609366.126422,0.0488073394495413,0.0858715596330275,0.00422018348623853,0.0532110091743119,0.0508256880733945,0.757064220183486
169273.411807,2609366.126422,0.113740598055403,0.0420106402494955,0,0.0187121629058888,0.0425609979820216,0.782975600807191
169773.411807,2609366.126422,0.030952380952381,0.0754578754578755,0.0591575091575092,0.0617216117216117,0.0741758241758242,0.698534798534798
170273.411807,2609366.126422,0.0456880733944954,0.444587155963303,0,0,0.0352293577981651,0.474495412844037
170773.411807,2609366.126422,0.0172445422858191,0.500825536598789,0,0.00678774536782242,0.0676940011007155,0.407448174646854
171273.411807,2609366.126422,0.0412087912087912,0.414468864468864,0,0.120879120879121,0.145054945054945,0.278388278388278
171773.411807,2609366.126422,0.0458715596330275,0.266605504587156,0.00238532110091743,0.148990825688073,0.161284403669725,0.374862385321101
172273.411807,2609366.126422,0.0346725371491469,0.26674004769767,0.00183452577508714,0.2568336085122,0.152449091909741,0.287470188956155
172773.411807,2609366.126422,0.0289377289377289,0.628754578754579,0,0.000183150183150183,0.0527472527472527,0.289377289377289
173273.411807,2609366.126422,0.004423800044238,0.704047777040478,0,0.0002211900022119,0.0621543906215439,0.229152842291528
162773.411807,2608866.126422,0,0.0115384615384615,0.708241758241758,0.241391941391941,0.0346153846153846,0.00421245421245421
163273.411807,2608866.126422,0,0.0115384615384615,0.783699633699634,0.164285714285714,0.0382783882783883,0.0021978021978022
163773.411807,2608866.126422,0.000183351668500183,0.113311331133113,0.565273193986065,0.149064906490649,0.111294462779611,0.0608727539420609
164273.411807,2608866.126422,0.00512820512820513,0.113003663003663,0.526556776556777,0.11025641025641,0.0970695970695971,0.147985347985348
164773.411807,2608866.126422,0.000366300366300366,0.0278388278388278,0.572710622710623,0.196336996336996,0.163919413919414,0.0388278388278388
165273.411807,2608866.126422,0.0066006600660066,0.0511551155115512,0.304547121378805,0.35038503850385,0.208654198753209,0.0786578657865787
165773.411807,2608866.126422,0.00476190476190476,0.0946886446886447,0.0212454212454212,0.116849816849817,0.223992673992674,0.538461538461538
166273.411807,2608866.126422,0.0177655677655678,0.155311355311355,0.0565934065934066,0.121062271062271,0.104578754578755,0.544688644688645
166773.411807,2608866.126422,0.0245691235790246,0.147048038137147,0.00898423175650898,0.116978364503117,0.11019435276861,0.592225889255592
167273.411807,2608866.126422,0.0245421245421245,0.233882783882784,0.026007326007326,0.0481684981684982,0.0412087912087912,0.626190476190476
167773.411807,2608866.126422,0.0183150183150183,0.278205128205128,0.00293040293040293,0.0282051282051282,0.0763736263736264,0.595970695970696
168273.411807,2608866.126422,0.00971763843050972,0.153098643197653,0.0559222588925559,0.00256692335900257,0.0588558855885589,0.71983865053172
168773.411807,2608866.126422,0.00695970695970696,0.224908424908425,0.0668498168498168,0.0597069597069597,0.0815018315018315,0.56007326007326
169273.411807,2608866.126422,0.026007326007326,0.0763736263736264,0.0573260073260073,0.108791208791209,0.110989010989011,0.620512820512821
169773.411807,2608866.126422,0.0764576457645765,0.182251558489182,0.0874587458745875,0.00751741840850752,0.0771910524385772,0.569123579024569
170273.411807,2608866.126422,0.0256410256410256,0.493956043956044,0,0.000549450549450549,0.0368131868131868,0.443040293040293
170773.411807,2608866.126422,0.0505494505494506,0.645421245421245,0,0.0119047619047619,0.0236263736263736,0.268498168498168
171273.411807,2608866.126422,0.0190685735240191,0.482398239823982,0,0.0282361569490282,0.0808580858085809,0.389438943894389
171773.411807,2608866.126422,0.0498168498168498,0.435347985347985,0,0.0968864468864469,0.118681318681319,0.299267399267399
172273.411807,2608866.126422,0.0336996336996337,0.562271062271062,0,0.0192307692307692,0.084981684981685,0.29981684981685
172773.411807,2608866.126422,0.0339200586725339,0.65034836817015,0,0.000366703337000367,0.015951595159516,0.299413274660799
173273.411807,2608866.126422,0.0320441988950276,0.421878453038674,0,0.0864088397790055,0.135690607734807,0.323977900552486
161273.411807,2608366.126422,0,0,1,0,0,0
162773.411807,2608366.126422,0.00146815929528354,0.00752431638832813,0.704532941824188,0.212883097816113,0.0614791704899982,0.0121123141860892
163273.411807,2608366.126422,0.00495140289748762,0.0194388410049514,0.346414817531634,0.533101045296167,0.0799559875298001,0.0161379057399597
163773.411807,2608366.126422,0.000733003481766538,0.091258933479934,0.385376580538758,0.202858713578889,0.157229246838922,0.16254352208173
164273.411807,2608366.126422,0.00146815929528354,0.0622132501376399,0.546155257845476,0.19067718847495,0.109928427234355,0.0895577170122958
164773.411807,2608366.126422,0,0.0529983495323675,0.531450577663671,0.194205024757014,0.125068769484687,0.0962772785622593
165273.411807,2608366.126422,0.00146600696353308,0.0870441634597764,0.307494960601063,0.113065787062489,0.288620120945574,0.202308960967565
165773.411807,2608366.126422,0.0154156726004772,0.189943108827308,0.00513855753349238,0.0706551660855203,0.117636263534593,0.601211231418609
166273.411807,2608366.126422,0.0269576379974326,0.0553823583348615,0.0150375939849624,0.0828901522097928,0.13588850174216,0.68384375573079
166773.411807,2608366.126422,0.0208905992303463,0.122961334066337,0.0582737768004398,0.104452996151732,0.16144401685908,0.531977276892065
167273.411807,2608366.126422,0.0532207744540283,0.102771150669848,0.0677188474949532,0.18241879243898,0.167737199486144,0.426133235456047
167773.411807,2608366.126422,0.0218228498074454,0.0803227581147992,0.0979277461947552,0.160645516229598,0.154777186869613,0.484503942783789
168273.411807,2608366.126422,0.0205240974894631,0.0954737035000916,0.207989737951255,0.134322888033718,0.152281473336998,0.389408099688474
168773.411807,2608366.126422,0.0278950266103872,0.46063497889521,0.000550559735731327,0.0132134336575518,0.0396403009726555,0.458065700128464
169273.411807,2608366.126422,0.0289748762149276,0.376306620209059,0.041995231982395,0.0286081056299285,0.0491472583898771,0.474967907573813
169773.411807,2608366.126422,0.0119113065787062,0.693604544621587,0.00733003481766538,0.0214403518416712,0.0313358988455195,0.234377863294851
170273.411807,2608366.126422,0.0113782345384474,0.46889337493118,0.00440447788585061,0.0216553496054322,0.0614791704899982,0.432189392549092
170773.411807,2608366.126422,0.0454795525398863,0.371721987896571,0.00330093526499175,0.0627177700348432,0.183568677792041,0.333211076471667
171273.411807,2608366.126422,0.0547920102620487,0.478101520982225,0,0.0247388675096207,0.0637713029136888,0.378596298332417
171773.411807,2608366.126422,0.039823820884566,0.471462653697926,0,0.000917599559552211,0.0376215819416407,0.450174343916315
172273.411807,2608366.126422,0.0828901522097928,0.479185769301302,0,0.0216394645149459,0.0755547405098111,0.340729873464148
172773.411807,2608366.126422,0.0540590067802822,0.334616089426425,0.000183250870441635,0.0864944108484515,0.100971229613341,0.423676012461059
173273.411807,2608366.126422,0.0776548672566372,0.37853982300885,0,0.0922566371681416,0.0949115044247788,0.356637168141593
161273.411807,2607866.126422,0,0,0.769724770642202,0.230275229357798,0,0
162773.411807,2607866.126422,0,0.0161467889908257,0.686605504587156,0.252293577981651,0.0405504587155963,0.00440366972477064
163273.411807,2607866.126422,0.000550357732526142,0.02568336085122,0.405246743716749,0.493854338653458,0.0620069711979453,0.0126582278481013
163773.411807,2607866.126422,0.00989010989010989,0.0415750915750916,0.212637362637363,0.297069597069597,0.112637362637363,0.326190476190476
164273.411807,2607866.126422,0.00055045871559633,0.131559633027523,0.522935779816514,0.203669724770642,0.104954128440367,0.0363302752293578
164773.411807,2607866.126422,0.00421940928270042,0.108603925885159,0.451109888093928,0.189139607411484,0.169510181618052,0.0774169877086773
165273.411807,2607866.126422,0.0043956043956044,0.121428571428571,0.0476190476190476,0.104395604395604,0.201098901098901,0.521062271062271
165773.411807,2607866.126422,0.0163302752293578,0.14256880733945,0.00568807339449541,0.361100917431193,0.14697247706422,0.327339449541284
166273.411807,2607866.126422,0.032104201064025,0.0909924784443221,0.0627407815079802,0.33516785910842,0.16969363419556,0.309301045679692
166773.411807,2607866.126422,0.0179487179487179,0.115201465201465,0.236080586080586,0.0516483516483516,0.0974358974358974,0.481684981684982
167273.411807,2607866.126422,0.0258715596330275,0.195779816513761,0.186238532110092,0.0677064220183486,0.111376146788991,0.41302752293578
167773.411807,2607866.126422,0.0409099247844432,0.255916345624656,0.0986974866996881,0.116859291873051,0.170794349660613,0.316822601357549
168273.411807,2607866.126422,0.0152014652014652,0.521245421245421,0,0.000366300366300366,0.015018315018315,0.448168498168498
168773.411807,2607866.126422,0.0255045871559633,0.665871559633028,0,0,0.0168807339449541,0.291743119266055
169273.411807,2607866.126422,0.0403595670519171,0.412034489084572,0.0139423958906623,0.0577875619152449,0.0713630526508897,0.404512933406714
169773.411807,2607866.126422,0.0271062271062271,0.521428571428571,0,0.0217948717948718,0.0518315018315018,0.377838827838828
170273.411807,2607866.126422,0.0203669724770642,0.511376146788991,0.0110091743119266,0.015045871559633,0.0530275229357798,0.389174311926606
170773.411807,2607866.126422,0.0176114474408365,0.388185654008439,0,0.148780040359567,0.111355714547789,0.334067143643368
171273.411807,2607866.126422,0.0750915750915751,0.448351648351648,0,0.0177655677655678,0.0543956043956044,0.404395604395604
171773.411807,2607866.126422,0.0390825688073395,0.283669724770642,0,0.113394495412844,0.123669724770642,0.440183486238532
172273.411807,2607866.126422,0.0876903320491653,0.133920381581361,0.00293524124013942,0.27811410750321,0.126398825903504,0.37094111172262
172773.411807,2607866.126422,0.0483516483516484,0.0137362637362637,0,0.628937728937729,0.197069597069597,0.111904761904762
173273.411807,2607866.126422,0.119000221190002,0.097323600973236,0,0.358327803583278,0.23401902234019,0.191329351913294
162773.411807,2607366.126422,0,0.0133699633699634,0.751831501831502,0.182783882783883,0.045970695970696,0.00604395604395604
163273.411807,2607366.126422,0,0.0336996336996337,0.778388278388278,0.0943223443223443,0.0483516483516484,0.0452380952380952
163773.411807,2607366.126422,0.00146681334800147,0.109094242757609,0.38027136046938,0.305097176384305,0.144481114778144,0.0595892922625596
164273.411807,2607366.126422,0.00384615384615385,0.14029304029304,0.505311355311355,0.128388278388278,0.158608058608059,0.0635531135531135
164773.411807,2607366.126422,0,0.0423076923076923,0.503663003663004,0.0681318681318681,0.134798534798535,0.251098901098901
165273.411807,2607366.126422,0.00385038503850385,0.212687935460213,0.0044004400440044,0.0462046204620462,0.107444077741107,0.625412541254125
165773.411807,2607366.126422,0.00714285714285714,0.0714285714285714,0.224542124542125,0.229304029304029,0.192490842490843,0.275091575091575
166273.411807,2607366.126422,0.00366300366300366,0.132234432234432,0.258608058608059,0.251648351648352,0.12014652014652,0.233699633699634
166773.411807,2607366.126422,0.00751741840850752,0.215438210487715,0.0304363769710304,0.0055005500550055,0.0423542354235424,0.698753208654199
167273.411807,2607366.126422,0.0388278388278388,0.358241758241758,0,0.0371794871794872,0.0706959706959707,0.495054945054945
167773.411807,2607366.126422,0.0358974358974359,0.393406593406593,0,0.0620879120879121,0.065018315018315,0.443589743589744
168273.411807,2607366.126422,0.0300696736340301,0.656032269893656,0,0.00843417675100843,0.0181518151815182,0.287312064539787
168773.411807,2607366.126422,0.0357142857142857,0.563553113553114,0,0.0532967032967033,0.0575091575091575,0.28992673992674
169273.411807,2607366.126422,0.0437728937728938,0.156776556776557,0.00421245421245421,0.306410256410256,0.207692307692308,0.281135531135531
169773.411807,2607366.126422,0.0124679134580125,0.535570223689036,0,0.00531719838650532,0.0352035203520352,0.411441144114411
170273.411807,2607366.126422,0.0208791208791209,0.702930402930403,0,0.00586080586080586,0.0217948717948718,0.248534798534799
170773.411807,2607366.126422,0.0452380952380952,0.447802197802198,0.0021978021978022,0.0934065934065934,0.113736263736264,0.297619047619048
171273.411807,2607366.126422,0.0293362669600293,0.452695269526953,0,0.0518885221855519,0.0867253392005867,0.379354602126879
171773.411807,2607366.126422,0.0362637362637363,0.46959706959707,0,0.0424908424908425,0.0745421245421245,0.377106227106227
172273.411807,2607366.126422,0.036996336996337,0.44047619047619,0,0.0844322344322344,0.152014652014652,0.286080586080586
172773.411807,2607366.126422,0.0517051705170517,0.352035203520352,0,0.0546387972130546,0.103777044371104,0.437843784378438
173273.411807,2607366.126422,0.0137016574585635,0.536132596685083,0,0.0324861878453039,0.0733701657458563,0.344309392265193
160773.411807,2606866.126422,0,0,1,0,0,0
161273.411807,2606866.126422,0,0,0.985685446870985,0.0143145531290145,0,0
162773.411807,2606866.126422,0,0.0209212699577904,0.647641769131951,0.260965314736649,0.0473481372728941,0.0231235089007157
163273.411807,2606866.126422,0,0.0249403997799376,0.704749679075738,0.149642398679626,0.037593984962406,0.0830735375022923
163773.411807,2606866.126422,0,0.0828293934396188,0.579989004947774,0.159061755543339,0.0929081913139087,0.0852116547553601
164273.411807,2606866.126422,0.00275279867865663,0.022389429253074,0.570746926041475,0.263534593503395,0.112314186089191,0.0282620664342081
164773.411807,2606866.126422,0.0106363469649734,0.0865578580597836,0.344214194021639,0.0540986612873648,0.117916743077205,0.386576196589034
165273.411807,2606866.126422,0.026571376214037,0.117280557082646,0.0503939893714495,0.118196811434854,0.106285504856148,0.581271761040865
165773.411807,2606866.126422,0,0.0310148651128647,0.595338594237475,0.177647274729308,0.119471462653698,0.0765278032666544
166273.411807,2606866.126422,0.00330093526499175,0.140289748762149,0.258573262424354,0.209792774619476,0.102512378507244,0.285530900421786
166773.411807,2606866.126422,0.00513102437236577,0.200293201392707,0.0159428257284222,0.00366501740883269,0.0185083379146051,0.756459593183068
167273.411807,2606866.126422,0.00587263718113415,0.347403193246467,0.0139475133051936,0.00293631859056708,0.0181684712791338,0.611671866397504
167773.411807,2606866.126422,0.00916926462497708,0.348982211626628,0,0,0.0157711351549606,0.626077388593435
168273.411807,2606866.126422,0.00934579439252336,0.597764339380612,0,0.00458127176104087,0.0221733553234378,0.366135239142386
168773.411807,2606866.126422,0.031932464672417,0.550192695907506,0,0.00550559735731327,0.0434942191227748,0.368875022939989
