"x","y","forest","agri","water","built","other","grass"
262773.411807,2765366.126422,0.117961364570489,0.249280723386765,0,0,0.00472667488697082,0.628031237155775
263273.411807,2765366.126422,0.183669724770642,0.0862385321100917,0.000917431192660551,0.0227522935779817,0.133211009174312,0.573211009174312
263773.411807,2765366.126422,0.084021280498991,0.136855622821501,0.0592551825353146,0.0144927536231884,0.12272977435333,0.582645386167676
264273.411807,2765366.126422,0.0641025641025641,0.301098901098901,0.28974358974359,0.0128205128205128,0.0672161172161172,0.265018315018315
264773.411807,2765366.126422,0.0440366972477064,0.400366972477064,0,0.00568807339449541,0.0480733944954128,0.501834862385321
265273.411807,2765366.126422,0.0739313887360117,0.276646486883141,0.223078334250596,0.00275178866263071,0.0656760227481196,0.357915978719501
265773.411807,2765366.126422,0.0608058608058608,0.408791208791209,0.00604395604395604,0.00531135531135531,0.0597069597069597,0.459340659340659
266273.411807,2765366.126422,0.0770642201834862,0.148990825688073,0.00146788990825688,0.177247706422018,0.224036697247706,0.371192660550459
266773.411807,2765366.126422,0.151531829022198,0.0473307649972482,0,0.0996147495872317,0.175747569253348,0.525775087139974
267273.411807,2765366.126422,0.115934065934066,0.123809523809524,0,0.0765567765567766,0.177655677655678,0.506043956043956
267773.411807,2765366.126422,0.0622018348623853,0.178715596330275,0.108073394495413,0.00385321100917431,0.088256880733945,0.558899082568807
268273.411807,2765366.126422,0.120895248578243,0.0988809392771968,0.0289855072463768,0.0194459732159237,0.156118143459916,0.575674188222345
268773.411807,2765366.126422,0.0917582417582418,0.24029304029304,0,0.0131868131868132,0.141575091575092,0.513186813186813
269273.411807,2765366.126422,0.113211009174312,0.115412844036697,0.154128440366972,0.00422018348623853,0.0429357798165138,0.570091743119266
269773.411807,2765366.126422,0.120895248578243,0.158869932122546,0.000183452577508714,0.00678774536782242,0.120161438268208,0.593102183085672
270273.411807,2765366.126422,0.101831501831502,0.269413919413919,0,0.0164835164835165,0.18974358974359,0.422527472527473
270773.411807,2765366.126422,0.0952293577981651,0.15743119266055,0,0.0128440366972477,0.120183486238532,0.614311926605505
271273.411807,2765366.126422,0.100898917629793,0.31810676940011,0,0.0135754907356448,0.0860392588515869,0.481379563382866
271773.411807,2765366.126422,0.0353479853479853,0.191575091575092,0.376923076923077,0.000732600732600733,0.00952380952380952,0.385897435897436
272273.411807,2765366.126422,0.0735779816513761,0.307889908256881,0.0295412844036697,0.04,0.128440366972477,0.420550458715596
272773.411807,2765366.126422,0.192074848651624,0.211337369290039,0.00642084021280499,0.00403595670519171,0.0190790680609063,0.567051917079435
273273.411807,2765366.126422,0.104029304029304,0.147252747252747,0,0.262454212454212,0.228388278388278,0.257875457875458
273773.411807,2765366.126422,0.093394495412844,0.253394495412844,0.211743119266055,0.0809174311926606,0.0889908256880734,0.271559633027523
274273.411807,2765366.126422,0.0656760227481196,0.304898183819483,0.15978719501009,0.0203632361034673,0.0843881856540084,0.364887176664832
274773.411807,2765366.126422,0.0492673992673993,0.0703296703296703,0.0549450549450549,0.521245421245421,0.219047619047619,0.0851648351648352
262773.411807,2764866.126422,0.13880320789636,0.115360888340531,0,0.0368085543902941,0.167592021385976,0.541435327986839
263273.411807,2764866.126422,0.253113553113553,0.106959706959707,0,0.0261904761904762,0.173992673992674,0.43974358974359
263773.411807,2764866.126422,0.084981684981685,0.318864468864469,0.0573260073260073,0.0252747252747253,0.0998168498168498,0.413736263736264
264273.411807,2764866.126422,0.0856252291895856,0.201686835350202,0.290795746241291,0.00586725339200587,0.0194352768610194,0.396589658965897
264773.411807,2764866.126422,0.0622710622710623,0.399450549450549,0,0.00622710622710623,0.0604395604395604,0.471611721611722
265273.411807,2764866.126422,0.0600732600732601,0.361355311355311,0.188095238095238,0.000915750915750916,0.0298534798534799,0.35970695970696
265773.411807,2764866.126422,0.107444077741107,0.261276127612761,0.154565456545655,0.0311697836450312,0.0258525852585259,0.41969196919692
266273.411807,2764866.126422,0.0723443223443224,0.113003663003663,0.114468864468864,0.0316849816849817,0.108424908424908,0.56007326007326
266773.411807,2764866.126422,0.242307692307692,0.0624542124542125,0,0.111172161172161,0.225824175824176,0.358241758241758
267273.411807,2764866.126422,0.14961496149615,0.0715071507150715,0,0.103777044371104,0.219471947194719,0.455628896222956
267773.411807,2764866.126422,0.0983516483516483,0.0564102564102564,0,0.276007326007326,0.256410256410256,0.312820512820513
268273.411807,2764866.126422,0.114285714285714,0.0756410256410256,0.000732600732600733,0.106593406593407,0.304761904761905,0.397985347985348
268773.411807,2764866.126422,0.123579024569124,0.254308764209754,0.050971763843051,0.0106343967730106,0.10982764943161,0.450678401173451
269273.411807,2764866.126422,0.0586080586080586,0.18956043956044,0.25,0.0351648351648352,0.16007326007326,0.306593406593407
269773.411807,2764866.126422,0.146520146520147,0.177472527472527,0.0752747252747253,0.023992673992674,0.114285714285714,0.462454212454212
270273.411807,2764866.126422,0.0397873120645398,0.453245324532453,0,0.00128346167950128,0.0421708837550422,0.463513017968464
270773.411807,2764866.126422,0.067032967032967,0.0968864468864469,0.265750915750916,0.0684981684981685,0.174725274725275,0.327106227106227
271273.411807,2764866.126422,0.0595238095238095,0.278937728937729,0.119230769230769,0.0798534798534798,0.106227106227106,0.356227106227106
271773.411807,2764866.126422,0.0812247891455812,0.199486615328199,0.00421708837550422,0.0022002200220022,0.028969563623029,0.683901723505684
272273.411807,2764866.126422,0.095970695970696,0.165567765567766,0.257509157509157,0.103663003663004,0.115201465201465,0.262087912087912
272773.411807,2764866.126422,0.0932234432234432,0.270879120879121,0.23040293040293,0.0212454212454212,0.0604395604395604,0.323809523809524
273273.411807,2764866.126422,0.115144847818115,0.201503483681702,0.0124679134580125,0.15988265493216,0.19050238357169,0.320498716538321
273773.411807,2764866.126422,0.095970695970696,0.0415750915750916,0.0313186813186813,0.30952380952381,0.167948717948718,0.353663003663004
274273.411807,2764866.126422,0.186080586080586,0.0913919413919414,0.0375457875457875,0.306776556776557,0.142124542124542,0.236080586080586
274773.411807,2764866.126422,0.0652731939860653,0.0218188485515218,0,0.593876054272094,0.248441510817748,0.0705903923725706
262773.411807,2764366.126422,0.136513157894737,0.226356907894737,0,0.00328947368421053,0.114720394736842,0.519120065789474
263273.411807,2764366.126422,0.105156909524683,0.326114883464856,0,0.0346852633510736,0.113782345384474,0.420260598274913
263773.411807,2764366.126422,0.142306986979644,0.150375939849624,0,0.0557491289198606,0.149825783972125,0.501742160278746
264273.411807,2764366.126422,0.163093274693055,0.137987905442551,0,0.0126443100604728,0.150815466373465,0.535459043430456
264773.411807,2764366.126422,0.055606533308864,0.428702514222793,0,0.00550559735731327,0.0528537346302074,0.457331620480822
265273.411807,2764366.126422,0.0487804878048781,0.417568311021456,0,0.0022006235099945,0.0399779937649001,0.491472583898771
265773.411807,2764366.126422,0.0925416895730255,0.133040131940627,0,0.00623052959501558,0.0995052226498076,0.668682426241525
266273.411807,2764366.126422,0.0688199669664159,0.237841805835933,0,0.0471646173609837,0.142778491466324,0.503395118370343
266773.411807,2764366.126422,0.126169081239685,0.211626627544471,0.154410416284614,0.0115532734274711,0.105263157894737,0.390977443609023
267273.411807,2764366.126422,0.234561114165292,0.05717427157779,0,0.00971229613340663,0.0853949056258017,0.613157412497709
267773.411807,2764366.126422,0.113048265736832,0.127729858689668,0.0458799779776106,0.00715727656450725,0.0932281152505047,0.612956505780877
268273.411807,2764366.126422,0.0871080139372822,0.057582981844856,0.0823399963322941,0.277278562259307,0.192737942417018,0.302952503209243
268773.411807,2764366.126422,0.0841121495327103,0.195711929631666,0.00879604178119846,0.139270661535642,0.166391790361004,0.405717427157779
269273.411807,2764366.126422,0.077995962561938,0.181501192879427,0,0.0519361350706552,0.143329051202055,0.545237658285924
269773.411807,2764366.126422,0.0564826700898588,0.516412983678709,0.000550155877498625,0.00293416467999266,0.0425453878598936,0.381074637814047
270273.411807,2764366.126422,0.0870441634597764,0.401136155396738,0.0637713029136888,0.00238226131574125,0.0657870624885468,0.379879054425509
270773.411807,2764366.126422,0.113231785648743,0.157460084419159,0.0249587080198202,0.124793540099101,0.0519361350706552,0.527619746742522
271273.411807,2764366.126422,0.0918760315422703,0.1199339812947,0.121401063634696,0.0706033376123235,0.19585549238951,0.400330093526499
271773.411807,2764366.126422,0.115814550119113,0.262048744731537,0,0.00164925783397471,0.0108118013560564,0.609675645959318
272273.411807,2764366.126422,0.150302807854652,0.210497338961277,0.0222059093411635,0.0886401174527436,0.146265369792623,0.382088456597541
272773.411807,2764366.126422,0.164863377957088,0.139372822299652,0.0427287731523932,0.145241151659637,0.0838070786722905,0.42398679625894
273273.411807,2764366.126422,0.166391790361004,0.135788894997251,0,0.0428807036833425,0.111966281839839,0.542972329118563
273773.411807,2764366.126422,0.197467425215636,0.0724903652046247,0.0249587080198202,0.192879427417875,0.180033033584144,0.332171040557901
274273.411807,2764366.126422,0.103796075554741,0.0363102879149092,0.0188886851274528,0.509994498441225,0.183752063084541,0.147258389877132
274773.411807,2764366.126422,0.0371999266996518,0.0240058640278541,0,0.722558182151365,0.194612424409016,0.0216236027121129
262773.411807,2763866.126422,0.064118372379778,0.203863542951089,0,0.00369913686806412,0.0809699958898479,0.647348951911221
263273.411807,2763866.126422,0.056697247706422,0.154678899082569,0.271559633027523,0.0803669724770642,0.0921100917431193,0.344587155963303
263773.411807,2763866.126422,0.0957622454595487,0.151898734177215,0.000366905155017428,0.115758576407999,0.145294441386901,0.490919097413319
264273.411807,2763866.126422,0.106593406593407,0.232783882783883,0,0.0104395604395604,0.0793040293040293,0.570879120879121
264773.411807,2763866.126422,0.0869724770642202,0.237614678899083,0.0212844036697248,0.0277064220183486,0.0976146788990826,0.528807339449541
265273.411807,2763866.126422,0.136305265088975,0.257200513667217,0,0.00440286186020914,0.0598055402678408,0.542285819115759
265773.411807,2763866.126422,0.0529304029304029,0.0494505494505494,0.00164835164835165,0.00256410256410256,0.0357142857142857,0.857692307692308
266273.411807,2763866.126422,0.0315596330275229,0.0444036697247706,0.0321100917431193,0.0781651376146789,0.134128440366972,0.679633027522936
266773.411807,2763866.126422,0.106769400110072,0.0277013392038158,0.0352228948816731,0.00642084021280499,0.0805356815263254,0.743349844065309
267273.411807,2763866.126422,0.301465201465201,0.0287545787545788,0.0553113553113553,0.0468864468864469,0.154395604395604,0.413186813186813
267773.411807,2763866.126422,0.156330275229358,0.0667889908256881,0.109724770642202,0.02,0.0244036697247706,0.622752293577982
268273.411807,2763866.126422,0.116675839295542,0.0640249495505412,0,0.0288020546688681,0.109154283617685,0.681342872867364
268773.411807,2763866.126422,0.163553113553114,0.0972527472527473,0,0.127655677655678,0.245238095238095,0.366300366300366
269273.411807,2763866.126422,0.194862385321101,0.151009174311927,0.0638532110091743,0.135045871559633,0.198348623853211,0.256880733944954
269773.411807,2763866.126422,0.143459915611814,0.39515685195377,0,0.014125848468171,0.0587048248027885,0.388552559163456
270273.411807,2763866.126422,0.089010989010989,0.294322344322344,0.0587912087912088,0.0137362637362637,0.0838827838827839,0.46025641025641
270773.411807,2763866.126422,0.118348623853211,0.166238532110092,0,0.0187155963302752,0.104770642201835,0.591926605504587
271273.411807,2763866.126422,0.130251330031187,0.132269308383783,0,0.00898917629792699,0.0880572372041827,0.640432948082921
271773.411807,2763866.126422,0.184798534798535,0.254212454212454,0,0.00604395604395604,0.1,0.454945054945055
272273.411807,2763866.126422,0.0930275229357798,0.115596330275229,0,0.178899082568807,0.142385321100917,0.470091743119266
272773.411807,2763866.126422,0.0642084021280499,0.286369473491103,0.00201797835259585,0.33094844982572,0.0794349660612732,0.237020730141258
273273.411807,2763866.126422,0.0723443223443224,0.225091575091575,0,0.142490842490842,0.0965201465201465,0.463553113553114
273773.411807,2763866.126422,0.0656880733944954,0.0678899082568807,0.0018348623853211,0.627155963302752,0.133761467889908,0.103669724770642
274273.411807,2763866.126422,0.0746651990460466,0.0315538433314988,0.00201797835259585,0.645202715098147,0.223078334250596,0.0234819299211154
274773.411807,2763866.126422,0.0344322344322344,0.0421245421245421,0,0.650549450549451,0.224542124542125,0.0483516483516484
262773.411807,2763366.126422,0.0421550483240798,0.232983754883817,0.072383302488176,0.0257042977585852,0.0637466584412914,0.563026938104051
263273.411807,2763366.126422,0.0688644688644689,0.281868131868132,0.0104395604395604,0.0697802197802198,0.128205128205128,0.440842490842491
263773.411807,2763366.126422,0.0802197802197802,0.196153846153846,0.0794871794871795,0.13956043956044,0.175824175824176,0.328754578754579
264273.411807,2763366.126422,0.0663733039970664,0.378987898789879,0.00238357169050238,0.0320865419875321,0.0821415474880821,0.438027136046938
264773.411807,2763366.126422,0.120512820512821,0.302564102564103,0.00567765567765568,0.0128205128205128,0.129304029304029,0.429120879120879
265273.411807,2763366.126422,0.0421245421245421,0.260622710622711,0,0.218864468864469,0.0879120879120879,0.39047619047619
265773.411807,2763366.126422,0.0779244591125779,0.234506784011734,0.138063806380638,0.00568390172350568,0.0573890722405574,0.486431976530986
266273.411807,2763366.126422,0.0593406593406593,0.0644688644688645,0.231684981684982,0.0137362637362637,0.0767399267399267,0.554029304029304
266773.411807,2763366.126422,0.0727106227106227,0.0173992673992674,0.00732600732600733,0.00494505494505494,0.0686813186813187,0.828937728937729
267273.411807,2763366.126422,0.136413641364136,0.108360836083608,0.0077007700770077,0.0331866519985332,0.128346167950128,0.585991932526586
267773.411807,2763366.126422,0.139377289377289,0.0582417582417582,0.0164835164835165,0.0747252747252747,0.128754578754579,0.582417582417582
268273.411807,2763366.126422,0.0926739926739927,0.0608058608058608,0.0043956043956044,0.0424908424908425,0.156959706959707,0.642673992673993
268773.411807,2763366.126422,0.096993032636597,0.251375137513751,0.0319031903190319,0.00458379171250458,0.035020168683535,0.58012467913458
269273.411807,2763366.126422,0.124908424908425,0.1996336996337,0.00146520146520147,0.16996336996337,0.157326007326007,0.346703296703297
269773.411807,2763366.126422,0.268315018315018,0.132051282051282,0.00274725274725275,0.0335164835164835,0.136263736263736,0.427106227106227
270273.411807,2763366.126422,0.0702236890355702,0.178034470113678,0.0187018701870187,0.0308030803080308,0.116611661166117,0.585625229189586
270773.411807,2763366.126422,0.0487179487179487,0.362454212454212,0,0.0106227106227106,0.043956043956044,0.534249084249084
271273.411807,2763366.126422,0.0875457875457875,0.136080586080586,0.0913919413919414,0.0575091575091575,0.118498168498168,0.508974358974359
271773.411807,2763366.126422,0.128529519618629,0.0183351668500183,0,0.0656398973230656,0.121378804547121,0.666116611661166
272273.411807,2763366.126422,0.103479853479853,0.0807692307692308,0,0.026007326007326,0.0882783882783883,0.701465201465201
272773.411807,2763366.126422,0.218498168498168,0.127289377289377,0.0010989010989011,0.0983516483516483,0.0976190476190476,0.457142857142857
273273.411807,2763366.126422,0.149064906490649,0.081041437477081,0.000183351668500183,0.0429042904290429,0.159149248258159,0.567656765676568
273773.411807,2763366.126422,0.0736263736263736,0.0364468864468864,0.000366300366300366,0.583516483516484,0.252380952380952,0.0536630036630037
274273.411807,2763366.126422,0.0816849816849817,0.0417582417582418,0,0.627838827838828,0.208974358974359,0.0397435897435897
274773.411807,2763366.126422,0.0628896222955629,0.0733406674000733,0.00421708837550422,0.574807480748075,0.182801613494683,0.101943527686102
262773.411807,2762866.126422,0.102384868421053,0.274876644736842,0.000616776315789474,0.0205592105263158,0.237870065789474,0.363692434210526
263273.411807,2762866.126422,0.0871719581574601,0.147917048999816,0,0.00935951550743256,0.0985501926959075,0.657001284639383
263773.411807,2762866.126422,0.0502475701448744,0.280396112231799,0,0.166147075004585,0.243352283146892,0.25985695947185
264273.411807,2762866.126422,0.0859446582371266,0.0304196444933113,0,0.336631849001283,0.315374748030053,0.231629100238226
264773.411807,2762866.126422,0.089190677188475,0.301706735180767,0.089190677188475,0.0710222059093412,0.134887135254175,0.314002569278767
265273.411807,2762866.126422,0.113882266642215,0.226297450944434,0.00605171465248487,0.0174216027874564,0.208509077571979,0.42783788740143
265773.411807,2762866.126422,0.0951072017592084,0.036100421477002,0,0.0769653655854865,0.163826278174821,0.628000733003482
266273.411807,2762866.126422,0.234171407597724,0.0669847678473114,0.00110111947146265,0.0789135621214902,0.167370159662323,0.451458983299688
266773.411807,2762866.126422,0.260223730056849,0.12818631945718,0.0843572345497891,0.0333761232349166,0.0421786172748946,0.451677975426371
267273.411807,2762866.126422,0.0809968847352025,0.170973062122045,0.013560564412681,0.0896096756459593,0.162726772952172,0.482133040131941
267773.411807,2762866.126422,0.216369976142411,0.0275279867865663,0,0.104973389612773,0.248118920902918,0.403009726555331
268273.411807,2762866.126422,0.11589950485971,0.165780304419586,0.0788556757748029,0.00476801760498808,0.0379607555474051,0.596735741793508
268773.411807,2762866.126422,0.098772219168041,0.380428807036833,0.00164925783397471,0.00183250870441635,0.0412314458493678,0.476085761407367
269273.411807,2762866.126422,0.262800513855753,0.139658652963847,0.110662506881997,0.0119287942741787,0.0814828408882364,0.393466691135988
269773.411807,2762866.126422,0.274161012286815,0.0359435173299101,0.0157711351549606,0.0898587933247754,0.232349165596919,0.35191637630662
270273.411807,2762866.126422,0.146967198094191,0.0886934212937511,0.00146600696353308,0.241707898112516,0.19168041048195,0.329485065054059
270773.411807,2762866.126422,0.0926775555147734,0.305193613507066,0.0104606349788952,0.0034868783262984,0.0389062213250138,0.549275096347954
271273.411807,2762866.126422,0.146158078122135,0.220245736291949,0.199523198239501,0.00513478818998716,0.0451127819548872,0.38382541720154
271773.411807,2762866.126422,0.165842037749679,0.0535092541689573,0,0.0778816199376947,0.170240058640279,0.53252702950339
272273.411807,2762866.126422,0.122774821068086,0.137456414020921,0.000550559735731327,0.162965681776473,0.179665993760323,0.396586529638466
272773.411807,2762866.126422,0.214560792224464,0.0445626260773886,0.000733541169998166,0.189620392444526,0.278012103429305,0.272510544654319
273273.411807,2762866.126422,0.189847901777533,0.0694520798973795,0,0.11544804837823,0.167857797324537,0.45739417262232
273773.411807,2762866.126422,0.125344099834832,0.0396403009726555,0.000550559735731327,0.5395485410167,0.215085336759038,0.0798311616810424
274273.411807,2762866.126422,0.0753713552173116,0.0399779937649001,0,0.661287364753347,0.178984045479553,0.044379240784889
274773.411807,2762866.126422,0.114715044896463,0.0254718709913872,0.0157595748579806,0.552867876122412,0.168590800806304,0.122594832325454
262773.411807,2762366.126422,0.100082203041513,0.263666255651459,0.00657624332100288,0.0010275380189067,0.0113029182079737,0.617344841759145
263273.411807,2762366.126422,0.0570642201834862,0.12,0.368440366972477,0.0588990825688073,0.144587155963303,0.251009174311927
263773.411807,2762366.126422,0.0755824619335902,0.167492203265456,0.023115024766098,0.131718950651257,0.255549440469639,0.346541918913961
264273.411807,2762366.126422,0.158791208791209,0.126556776556777,0.0119047619047619,0.108241758241758,0.140842490842491,0.453663003663004
264773.411807,2762366.126422,0.0788990825688073,0.0952293577981651,0.0348623853211009,0.230275229357798,0.217614678899083,0.343119266055046
265273.411807,2762366.126422,0.023115024766098,0.263804806457531,0.0642084021280499,0.0831040176114474,0.0816363969913777,0.484131352045496
265773.411807,2762366.126422,0.0943223443223443,0.202747252747253,0.000366300366300366,0.0102564102564103,0.121794871794872,0.57051282051282
266273.411807,2762366.126422,0.111192660550459,0.230091743119266,0.000917431192660551,0.0488073394495413,0.132844036697248,0.476146788990826
266773.411807,2762366.126422,0.181984956888644,0.0456796917996698,0.00513667217024399,0.0572372041827188,0.111906072280316,0.598055402678408
267273.411807,2762366.126422,0.1003663003663,0.171428571428571,0.0684981684981685,0.0351648351648352,0.0968864468864469,0.527655677655678
267773.411807,2762366.126422,0.243669724770642,0.0557798165137615,0.0161467889908257,0.0820183486238532,0.202752293577982,0.399633027522936
268273.411807,2762366.126422,0.220876903320492,0.157035406347459,0.0251330031186938,0.00587048248027885,0.0456796917996698,0.545404512933407
268773.411807,2762366.126422,0.23040293040293,0.155311355311355,0.0269230769230769,0.021978021978022,0.111355311355311,0.454029304029304
269273.411807,2762366.126422,0.382018348623853,0.0354128440366972,0.0240366972477064,0.0985321100917431,0.198348623853211,0.261651376146789
269773.411807,2762366.126422,0.386167675655843,0.0183452577508714,0.000183452577508714,0.0388919464318474,0.211704274445056,0.344707393138874
270273.411807,2762366.126422,0.215750915750916,0.0584249084249084,0,0.103479853479853,0.282967032967033,0.339377289377289
270773.411807,2762366.126422,0.0574311926605505,0.526238532110092,0.0146788990825688,0.0330275229357798,0.0708256880733945,0.297798165137615
271273.411807,2762366.126422,0.0812694918363603,0.427077600440286,0,0.014125848468171,0.0563199412951752,0.421207117960007
271773.411807,2762366.126422,0.095970695970696,0.0305860805860806,0,0.255128205128205,0.201465201465201,0.416849816849817
272273.411807,2762366.126422,0.172477064220183,0.043302752293578,0.066605504587156,0.0889908256880734,0.132110091743119,0.49651376146789
272773.411807,2762366.126422,0.0781507980187122,0.0961291506145661,0.00843881856540084,0.348743349844065,0.173179233168226,0.29535864978903
273273.411807,2762366.126422,0.0776556776556777,0.179304029304029,0.000915750915750916,0.3,0.114285714285714,0.327838827838828
273773.411807,2762366.126422,0.0917431192660551,0.0376146788990826,0.0100917431192661,0.652844036697248,0.12954128440367,0.0781651376146789
274273.411807,2762366.126422,0.0933773619519354,0.0453127866446524,0,0.66758392955421,0.164190056870299,0.029535864978903
274773.411807,2762366.126422,0.0694139194139194,0.0223443223443223,0.00146520146520147,0.695238095238095,0.188461538461538,0.0230769230769231
262773.411807,2761866.126422,0.16697511823977,0.225169648365207,0,0.00945918157515937,0.0906847624922887,0.507711289327576
263273.411807,2761866.126422,0.0672161172161172,0.211721611721612,0.00769230769230769,0.00457875457875458,0.0956043956043956,0.613186813186813
263773.411807,2761866.126422,0.0796703296703297,0.123809523809524,0.0532967032967033,0.118315018315018,0.171245421245421,0.453663003663004
264273.411807,2761866.126422,0.12009534286762,0.0372203887055372,0,0.273377337733773,0.265676567656766,0.303630363036304
264773.411807,2761866.126422,0.089010989010989,0.0880952380952381,0.00622710622710623,0.213919413919414,0.229487179487179,0.373260073260073
265273.411807,2761866.126422,0.0380952380952381,0.0807692307692308,0.00549450549450549,0.311538461538462,0.331684981684982,0.232417582417582
265773.411807,2761866.126422,0.0656398973230656,0.0925925925925926,0.000366703337000367,0.36982031536487,0.26017601760176,0.211404473780711
266273.411807,2761866.126422,0.0796703296703297,0.133150183150183,0.0247252747252747,0.156043956043956,0.120695970695971,0.485714285714286
266773.411807,2761866.126422,0.0875457875457875,0.19047619047619,0.00146520146520147,0.0391941391941392,0.109340659340659,0.571978021978022
267273.411807,2761866.126422,0.0975430876420975,0.127612761276128,0.11972863953062,0.0262192885955262,0.0848918225155849,0.544004400440044
267773.411807,2761866.126422,0.242490842490842,0.0368131868131868,0.000183150183150183,0.0813186813186813,0.143223443223443,0.495970695970696
268273.411807,2761866.126422,0.0534798534798535,0.145054945054945,0.0152014652014652,0.0355311355311355,0.0512820512820513,0.699450549450549
268773.411807,2761866.126422,0.105243857719105,0.161716171617162,0,0.226439310597726,0.107810781078108,0.398789878987899
269273.411807,2761866.126422,0.213369963369963,0.0509157509157509,0,0.197252747252747,0.195421245421245,0.343040293040293
269773.411807,2761866.126422,0.352930402930403,0.0135531135531136,0,0.0476190476190476,0.145970695970696,0.43992673992674
270273.411807,2761866.126422,0.166299963329666,0.0172350568390172,0,0.0515218188485515,0.150531719838651,0.614411441144114
270773.411807,2761866.126422,0.0831501831501831,0.0796703296703297,0.000732600732600733,0.270695970695971,0.198351648351648,0.367399267399267
271273.411807,2761866.126422,0.145238095238095,0.11007326007326,0.00384615384615385,0.347985347985348,0.1996336996337,0.193223443223443
271773.411807,2761866.126422,0.171067106710671,0.0676567656765677,0.015034836817015,0.427576090942428,0.151448478181151,0.167216721672167
272273.411807,2761866.126422,0.101282051282051,0.0558608058608059,0.00531135531135531,0.528754578754579,0.175091575091575,0.133699633699634
272773.411807,2761866.126422,0.0661172161172161,0.093040293040293,0.0393772893772894,0.658791208791209,0.0970695970695971,0.0456043956043956
273273.411807,2761866.126422,0.0401540154015402,0.0320865419875321,0.00513384671800513,0.758159149248258,0.136963696369637,0.0275027502750275
273773.411807,2761866.126422,0.0468864468864469,0.0490842490842491,0.0146520146520147,0.634065934065934,0.186446886446886,0.0688644688644689
274273.411807,2761866.126422,0.153846153846154,0.0208791208791209,0.000183150183150183,0.377655677655678,0.293223443223443,0.154212454212454
274773.411807,2761866.126422,0.096993032636597,0.017968463513018,0,0.553905390539054,0.165199853318665,0.165933259992666
262773.411807,2761366.126422,0.198190789473684,0.0472861842105263,0.0686677631578947,0.0331003289473684,0.179070723684211,0.473684210526316
263273.411807,2761366.126422,0.0917599559552211,0.213250137639934,0.0295467058175812,0.0167003119838502,0.0750596439713709,0.573683244632043
263773.411807,2761366.126422,0.0471300201723822,0.193104713002017,0.126535851824684,0.0750045846323125,0.112598569594719,0.445626260773886
264273.411807,2761366.126422,0.0734835990470955,0.0522264980758659,0.0771486164559282,0.201026204874473,0.164009529045263,0.432105552501374
264773.411807,2761366.126422,0.150302807854652,0.169388878693338,0,0.0614791704899982,0.116902183886952,0.50192695907506
265273.411807,2761366.126422,0.04401247019989,0.473317439941317,0,0.00146708233999633,0.0205391527599487,0.460663854758848
265773.411807,2761366.126422,0.0676195711929632,0.307494960601063,0.070734835990471,0.0489279824079164,0.104452996151732,0.400769653655855
266273.411807,2761366.126422,0.202789502661039,0.0524866948063865,0.047715177096715,0.330519361350707,0.136171774637548,0.230317489447605
266773.411807,2761366.126422,0.0573995965523565,0.110031175499725,0.00696864111498258,0.342013570511645,0.221346048046947,0.262240968274344
267273.411807,2761366.126422,0.0903426791277259,0.0509437419827744,0.00348176653839106,0.158878504672897,0.146600696353308,0.549752611324904
267773.411807,2761366.126422,0.133418975958892,0.0367039823820885,0,0.209212699577904,0.301706735180767,0.318957606900349
268273.411807,2761366.126422,0.0786722904823033,0.115165963689712,0,0.265175132954337,0.207225380524482,0.333761232349166
268773.411807,2761366.126422,0.169690306028954,0.0289536375297783,0,0.378779549202859,0.214037016675829,0.20853949056258
269273.411807,2761366.126422,0.255826757203157,0.0311983850247752,0.00422095797394017,0.20756102037071,0.227197650945128,0.27399522848229
269773.411807,2761366.126422,0.10397946084724,0.0196222262974509,0.00330093526499175,0.0946268109297634,0.217861727489455,0.560608839171098
270273.411807,2761366.126422,0.200109950522265,0.0307861462341946,0.00971229613340663,0.139820414146967,0.154297232911856,0.46527396005131
270773.411807,2761366.126422,0.080932281152505,0.0717562855569829,0.02073775004588,0.597173793356579,0.177830794641219,0.0515690952468343
271273.411807,2761366.126422,0.0744544287548139,0.030808729139923,0.00421786172748946,0.708600770218229,0.128736475334678,0.053181734824867
271773.411807,2761366.126422,0.0509437419827744,0.0329851566794942,0.00183250870441635,0.661352391423859,0.17152281473337,0.0813633864760858
272273.411807,2761366.126422,0.0451458983299688,0.0211047898697009,0.0390897412369242,0.763993393283171,0.0946962745457882,0.0359699027344467
272773.411807,2761366.126422,0.113148725472217,0.0170548322024574,0.0075187969924812,0.6398312855309,0.107097010819732,0.115349348982212
273273.411807,2761366.126422,0.0606560381161811,0.0494777350192413,0.0133773135422393,0.706432105552501,0.11434854315558,0.0557082646142569
273773.411807,2761366.126422,0.143879610937787,0.0258763075793724,0.000550559735731327,0.424665076160763,0.218755734997247,0.186272710589099
274273.411807,2761366.126422,0.179167430772052,0.0269576379974326,0.000733541169998166,0.36383642031909,0.161745827984596,0.267559141756831
274773.411807,2761366.126422,0.110683525746747,0.0535092541689573,0.000183250870441635,0.408832691955287,0.208172988821697,0.21861828843687
262773.411807,2760866.126422,0.08281956432388,0.212905877517468,0,0.0267159884915742,0.196465269214961,0.481093300452117
263273.411807,2760866.126422,0.0702752293577982,0.302201834862385,0.0508256880733945,0.00293577981651376,0.0256880733944954,0.548073394495413
263773.411807,2760866.126422,0.0684278114107503,0.503026967528894,0.0447624289121262,0.00238488350761328,0.0454962392221611,0.335901669418455
264273.411807,2760866.126422,0.0992673992673993,0.181318681318681,0.102930402930403,0.216483516483516,0.14010989010989,0.25989010989011
264773.411807,2760866.126422,0.0491743119266055,0.110642201834862,0,0.482385321100917,0.178899082568807,0.178899082568807
265273.411807,2760866.126422,0.0748486516235553,0.149697303247111,0.0234819299211154,0.115758576407999,0.142542652724271,0.493670886075949
265773.411807,2760866.126422,0.0926739926739927,0.143772893772894,0.0338827838827839,0.318131868131868,0.174908424908425,0.236630036630037
266273.411807,2760866.126422,0.0741284403669725,0.0284403669724771,0.00018348623853211,0.399633027522936,0.221834862385321,0.275779816513761
266773.411807,2760866.126422,0.261970280682444,0.0254999082737112,0.00880572372041827,0.259768849752339,0.304531278664465,0.139423958906623
267273.411807,2760866.126422,0.0763736263736264,0.039010989010989,0,0.341758241758242,0.236630036630037,0.306227106227106
267773.411807,2760866.126422,0.20697247706422,0.0143119266055046,0,0.10954128440367,0.288440366972477,0.380733944954128
268273.411807,2760866.126422,0.101449275362319,0.0625573289304715,0,0.107870115575124,0.274995413685562,0.453127866446524
268773.411807,2760866.126422,0.438461538461538,0.0195970695970696,0,0.110989010989011,0.162820512820513,0.268131868131868
269273.411807,2760866.126422,0.211743119266055,0.100917431192661,0.0403669724770642,0.112293577981651,0.175596330275229,0.359082568807339
269773.411807,2760866.126422,0.133003118693818,0.09557879288204,0.000550357732526142,0.312786644652357,0.281783159053385,0.176297926985874
270273.411807,2760866.126422,0.107142857142857,0.0703296703296703,0.0122710622710623,0.316483516483516,0.177655677655678,0.316117216117216
270773.411807,2760866.126422,0.0673394495412844,0.0207339449541284,0.0152293577981651,0.680366972477064,0.167155963302752,0.0491743119266055
271273.411807,2760866.126422,0.0258668134287287,0.00953953403045313,0.001284168042561,0.848284718400294,0.105118326912493,0.00990643918547056
271773.411807,2760866.126422,0.0375457875457875,0.019047619047619,0,0.789377289377289,0.115934065934066,0.0380952380952381
272273.411807,2760866.126422,0.0354128440366972,0.0361467889908257,0.00440366972477064,0.797798165137615,0.107889908256881,0.018348623853211
272773.411807,2760866.126422,0.0110071546505228,0.00880572372041827,0.000183452577508714,0.90442120711796,0.0669601907906806,0.00862227114290956
273273.411807,2760866.126422,0.0531135531135531,0.0494505494505494,0.0021978021978022,0.702197802197802,0.157142857142857,0.0358974358974359
273773.411807,2760866.126422,0.0341284403669725,0.0286238532110092,0.00018348623853211,0.765504587155963,0.11045871559633,0.0611009174311927
274273.411807,2760866.126422,0.0944780774169877,0.0229315721885892,0.000183452577508714,0.737846266740048,0.103650706292423,0.0409099247844432
274773.411807,2760866.126422,0.223260073260073,0.0373626373626374,0.0010989010989011,0.379304029304029,0.215201465201465,0.143772893772894
262773.411807,2760366.126422,0.0662142710261156,0.304750154225787,0.0421550483240798,0,0.018095825622044,0.568784700801974
263273.411807,2760366.126422,0.0787545787545788,0.273809523809524,0.0212454212454212,0.0228937728937729,0.135897435897436,0.467399267399267
263773.411807,2760366.126422,0.0967032967032967,0.186080586080586,0,0.11043956043956,0.158974358974359,0.447802197802198
264273.411807,2760366.126422,0.107994132746608,0.21048771543821,0,0.11037770443711,0.18958562522919,0.381554822148882
264773.411807,2760366.126422,0.128388278388278,0.174175824175824,0.052014652014652,0.117216117216117,0.118681318681319,0.40952380952381
265273.411807,2760366.126422,0.169413919413919,0.041025641025641,0,0.163186813186813,0.203296703296703,0.423076923076923
265773.411807,2760366.126422,0.185001833516685,0.0894756142280895,0,0.263659699303264,0.136780344701137,0.325082508250825
266273.411807,2760366.126422,0.0391941391941392,0.063003663003663,0,0.376373626373626,0.254212454212454,0.267216117216117
266773.411807,2760366.126422,0.0743589743589744,0.0318681318681319,0,0.536446886446886,0.178388278388278,0.178937728937729
267273.411807,2760366.126422,0.108910891089109,0.0405207187385405,0,0.301063439677301,0.152181884855152,0.397323065639897
267773.411807,2760366.126422,0.243956043956044,0.026007326007326,0.000183150183150183,0.0935897435897436,0.287728937728938,0.348534798534799
268273.411807,2760366.126422,0.258058608058608,0.110989010989011,0.0228937728937729,0.026007326007326,0.10970695970696,0.472344322344322
268773.411807,2760366.126422,0.298313164649798,0.0282361569490282,0.0111844517785112,0.0902090209020902,0.171433810047671,0.400623395672901
269273.411807,2760366.126422,0.224725274725275,0.141575091575092,0.043040293040293,0.0206959706959707,0.0998168498168498,0.47014652014652
269773.411807,2760366.126422,0.128388278388278,0.0994505494505494,0.00238095238095238,0.0891941391941392,0.156593406593407,0.523992673992674
270273.411807,2760366.126422,0.0964429776310964,0.194536120278695,0,0.166850018335167,0.140630729739641,0.401540154015402
270773.411807,2760366.126422,0.117948717948718,0.0351648351648352,0.000183150183150183,0.557692307692308,0.18974358974359,0.0992673992673993
271273.411807,2760366.126422,0.0549450549450549,0.0283882783882784,0,0.692490842490842,0.171978021978022,0.0521978021978022
271773.411807,2760366.126422,0.0799413274660799,0.0352035203520352,0.0044004400440044,0.456729006233957,0.157499083241658,0.266226622662266
272273.411807,2760366.126422,0.103296703296703,0.0448717948717949,0.00421245421245421,0.589010989010989,0.200915750915751,0.0576923076923077
272773.411807,2760366.126422,0.0293040293040293,0.0287545787545788,0.000183150183150183,0.79047619047619,0.127838827838828,0.0234432234432234
273273.411807,2760366.126422,0.0705903923725706,0.0451045104510451,0.00055005500550055,0.678584525119179,0.150715071507151,0.0544554455445545
273773.411807,2760366.126422,0.089010989010989,0.00952380952380952,0.00238095238095238,0.715201465201465,0.120512820512821,0.0633699633699634
274273.411807,2760366.126422,0.0981684981684982,0.0115384615384615,0,0.450915750915751,0.115018315018315,0.324358974358974
274773.411807,2760366.126422,0.136046938027136,0.0682068206820682,0,0.141180784745141,0.141914191419142,0.512651265126513
262773.411807,2759866.126422,0.127261513157895,0.276110197368421,0,0.00390625,0.150287828947368,0.442434210526316
263273.411807,2759866.126422,0.129748577720683,0.263351073591485,0.0124793540099101,0.0658836483758488,0.162231602128831,0.366305744173243
263773.411807,2759866.126422,0.0902255639097744,0.165963689712085,0.0814230698697964,0.0473134054648817,0.167247386759582,0.44782688428388
264273.411807,2759866.126422,0.186182884368701,0.151914971596115,0.051676745464541,0.0262048744731537,0.0668865677111966,0.517133956386293
264773.411807,2759866.126422,0.103138190493669,0.0928610754266838,0.0196366305744173,0.136171774637548,0.185722150853368,0.462470178014315
265273.411807,2759866.126422,0.160828901522098,0.116266275444709,0,0.225197139189437,0.217311571611957,0.280396112231799
265773.411807,2759866.126422,0.0328019058090526,0.333516584203775,0.10426974528129,0.00274876305662452,0.0725673446948873,0.454095656954371
266273.411807,2759866.126422,0.115066984767847,0.169388878693338,0,0.0416590200036704,0.110846026793907,0.563039089741237
266773.411807,2759866.126422,0.105629928479736,0.154043645699615,0.0207225380524482,0.31212176783422,0.168531083807079,0.238951036126903
267273.411807,2759866.126422,0.078248121678578,0.0665200659703134,0.00274876305662452,0.0529595015576324,0.0802638812534359,0.719259666483416
267773.411807,2759866.126422,0.141860891906772,0.104422829877042,0.0300972655533125,0.0425766195632226,0.251789319141127,0.429253073958525
268273.411807,2759866.126422,0.231615624426921,0.0452961672473868,0.0794058316523015,0.157527966257106,0.130020172382175,0.35613423803411
268773.411807,2759866.126422,0.23877588418545,0.0756826094923951,0.0778816199376947,0.0562580172255818,0.167674546454096,0.383727322704783
269273.411807,2759866.126422,0.134336575518444,0.178014314553129,0.0119287942741787,0.0534042943659387,0.125527619746743,0.496788401541567
269773.411807,2759866.126422,0.153676875114616,0.184302218962039,0.000550155877498625,0.0630845406198423,0.163029525032092,0.435356684393912
270273.411807,2759866.126422,0.154846985523181,0.0412314458493678,0,0.284405350925417,0.199193696170057,0.320322521531977
270773.411807,2759866.126422,0.169021838869517,0.0491833363919985,0.00917599559552211,0.461185538630941,0.209212699577904,0.102220590934116
271273.411807,2759866.126422,0.0416284613973959,0.0427287731523932,0.00421786172748946,0.699798276178251,0.103062534384742,0.108564093159729
271773.411807,2759866.126422,0.0764156129741616,0.0604727872457394,0.00256551218618288,0.609125893347993,0.147883452446399,0.103536741799524
272273.411807,2759866.126422,0.0792806019453111,0.0357863828225362,0,0.658285924022756,0.136355294549459,0.0902917966599376
272773.411807,2759866.126422,0.0808729139922978,0.0247570144874381,0,0.735008252338162,0.118833669539703,0.0405281496423987
273273.411807,2759866.126422,0.030602895363753,0.0282206340480117,0.00219901044529962,0.764705882352941,0.137438152831226,0.0368334249587686
273773.411807,2759866.126422,0.142962011378235,0.0201871903101487,0,0.152505046797578,0.114699944944026,0.569645806570013
