"x","y","forest","agri","water","built","other","grass"
173273.411807,2571866.126422,0.0510071474983756,0.53866146848603,0,0.0350877192982456,0.0341130604288499,0.341130604288499
173773.411807,2571866.126422,0.0836543753439736,0.319207484865162,0,0.0869565217391304,0.0620069711979453,0.448174646853788
174273.411807,2571866.126422,0.0289377289377289,0.372527472527473,0,0.017032967032967,0.043956043956044,0.537545787545788
174773.411807,2571866.126422,0.0585321100917431,0.150825688073394,0,0.16,0.219082568807339,0.411559633027523
175273.411807,2571866.126422,0.0491652907723353,0.160521005320125,0,0.135204549623922,0.148963492937076,0.506145661346542
175773.411807,2571866.126422,0.0542124542124542,0.271611721611722,0,0.0271062271062271,0.106043956043956,0.541025641025641
176273.411807,2571866.126422,0.0335779816513761,0.166422018348624,0.0486238532110092,0.0372477064220183,0.137247706422018,0.576880733944954
176773.411807,2571866.126422,0.0443955237571088,0.235002751788663,0,0.0517336268574573,0.124564300128417,0.544303797468354
177273.411807,2571866.126422,0.0307692307692308,0.143589743589744,0.0463369963369963,0.114102564102564,0.224175824175824,0.441025641025641
177773.411807,2571866.126422,0.0377981651376147,0.195045871559633,0.0231192660550459,0.0590825688073394,0.167889908256881,0.517064220183486
178273.411807,2571866.126422,0.103100348559897,0.135754907356448,0.00165107319757843,0.0280682443588332,0.0985140341221794,0.632911392405063
178773.411807,2571866.126422,0.0611721611721612,0.262454212454212,0.0402930402930403,0.0467032967032967,0.0595238095238095,0.52985347985348
179273.411807,2571866.126422,0.064954128440367,0.33743119266055,0.00458715596330275,0.0436697247706422,0.0955963302752294,0.453761467889908
179773.411807,2571866.126422,0.188589249678958,0.119427627958173,0.0190790680609063,0.109337736195194,0.220876903320492,0.342689414786278
180273.411807,2571866.126422,0.0388278388278388,0.630586080586081,0,0.0283882783882784,0.0873626373626374,0.214835164835165
180773.411807,2571866.126422,0.00165137614678899,0.498532110091743,0,0,0.0073394495412844,0.492477064220184
181273.411807,2571866.126422,0.0260502660062374,0.561364887176665,0,0.000366905155017428,0.0119244175380664,0.400293524124014
181773.411807,2571866.126422,0.00293040293040293,0.88992673992674,0,0,0.000366300366300366,0.106776556776557
182273.411807,2571866.126422,0.110642201834862,0.18256880733945,0,0,0.00678899082568807,0.7
182773.411807,2571866.126422,0.0445789763346175,0.589249678957989,0.002568336085122,0.00697119794533113,0.0113740598055403,0.3452577508714
183273.411807,2571866.126422,0.00347985347985348,0.651831501831502,0.00384615384615385,0.000549450549450549,0.00549450549450549,0.334798534798535
183773.411807,2571866.126422,0.122201834862385,0.0889908256880734,0.0304587155963303,0.00660550458715596,0.105137614678899,0.646605504587156
184273.411807,2571866.126422,0.432581177765548,0.0629242340854889,0,0,0.0132085855806274,0.491286002568336
184773.411807,2571866.126422,0.340842490842491,0.0877289377289377,0,0.0043956043956044,0.0358974358974359,0.531135531135531
185273.411807,2571866.126422,0.125871559633028,0.397247706422018,0.00036697247706422,0,0.0601834862385321,0.416330275229358
185773.411807,2571866.126422,0.387434554973822,0.117801047120419,0.00018698578908003,0.00261780104712042,0.0641361256544503,0.427823485415108
173273.411807,2571366.126422,0.0667314544865565,0.374149659863946,0.00453514739229025,0.0563654033041788,0.0677032717849044,0.430515063168124
173773.411807,2571366.126422,0.0527472527472527,0.413553113553114,0.00824175824175824,0.0501831501831502,0.0725274725274725,0.402747252747253
174273.411807,2571366.126422,0.147231389805647,0.229189585625229,0,0.0498716538320499,0.0815914924825816,0.492115878254492
174773.411807,2571366.126422,0.0611721611721612,0.129304029304029,0,0.0899267399267399,0.242124542124542,0.477472527472527
175273.411807,2571366.126422,0.0503663003663004,0.20952380952381,0.000549450549450549,0.103479853479853,0.164835164835165,0.471245421245421
175773.411807,2571366.126422,0.111661166116612,0.142464246424642,0,0.0935093509350935,0.117528419508618,0.534836817015035
176273.411807,2571366.126422,0.125274725274725,0.185347985347985,0,0.0562271062271062,0.0846153846153846,0.548534798534799
176773.411807,2571366.126422,0.0474358974358974,0.286080586080586,0.0106227106227106,0.0362637362637363,0.0684981684981685,0.551098901098901
177273.411807,2571366.126422,0.0520718738540521,0.106894022735607,0.0372203887055372,0.0773744041070774,0.0958929226255959,0.630546387972131
177773.411807,2571366.126422,0.0697802197802198,0.223076923076923,0.039010989010989,0.0701465201465201,0.136996336996337,0.460989010989011
178273.411807,2571366.126422,0.0326007326007326,0.48992673992674,0.0210622710622711,0.0194139194139194,0.0967032967032967,0.34029304029304
178773.411807,2571366.126422,0.0652731939860653,0.427759442610928,0.0185185185185185,0.0372203887055372,0.0755408874220755,0.375687568756876
179273.411807,2571366.126422,0.0641025641025641,0.471611721611722,0.0146520146520147,0.0285714285714286,0.0532967032967033,0.367765567765568
179773.411807,2571366.126422,0.141758241758242,0.355860805860806,0,0.0811355311355311,0.129304029304029,0.291941391941392
180273.411807,2571366.126422,0.109277594426109,0.293729372937294,0,0.116795012834617,0.174000733406674,0.306197286395306
180773.411807,2571366.126422,0.0604395604395604,0.509523809523809,0,0.0485347985347985,0.116849816849817,0.264652014652015
181273.411807,2571366.126422,0.0417582417582418,0.73003663003663,0.00128205128205128,0.000183150183150183,0.0108058608058608,0.215934065934066
181773.411807,2571366.126422,0.0317198386505317,0.811881188118812,0,0,0.000916758342500917,0.155482214888155
182273.411807,2571366.126422,0.0822344322344322,0.646886446886447,0,0,0.00128205128205128,0.26959706959707
182773.411807,2571366.126422,0.0135531135531136,0.727472527472527,0,0,0.00347985347985348,0.255494505494505
183273.411807,2571366.126422,0.03997066373304,0.425192519251925,0,0.0165016501650165,0.0306197286395306,0.487715438210488
183773.411807,2571366.126422,0.163003663003663,0.15970695970696,0.0441391941391941,0.00366300366300366,0.0915750915750916,0.537912087912088
184273.411807,2571366.126422,0.0285714285714286,0.484249084249084,0.000183150183150183,0.000915750915750916,0.0122710622710623,0.473809523809524
184773.411807,2571366.126422,0.0940594059405941,0.330949761642831,0.0152181884855152,0.0122845617895123,0.0627062706270627,0.484781811514485
185273.411807,2571366.126422,0.321611721611722,0.0706959706959707,0.00384615384615385,0.00164835164835165,0.0981684981684982,0.504029304029304
185773.411807,2571366.126422,0.307505601194922,0.107169529499627,0,0.000186706497386109,0.013629574309186,0.57150858849888
173273.411807,2570866.126422,0.0136363636363636,0.658441558441558,0,0.00487012987012987,0.00551948051948052,0.317532467532468
173773.411807,2570866.126422,0.0405281496423987,0.322574729506694,0,0.0557491289198606,0.123785072437191,0.457362919493857
174273.411807,2570866.126422,0.0643210555250137,0.0485614806670332,0,0.348543155579989,0.352574674729705,0.185999633498259
174773.411807,2570866.126422,0.0367039823820885,0.0370710222059093,0,0.409065883648376,0.366122224261332,0.151036887502294
175273.411807,2570866.126422,0.0975609756097561,0.0966440491472584,0,0.249220612506877,0.223179900971942,0.333394461764167
175773.411807,2570866.126422,0.066703316840755,0.234561114165292,0.0100787978742899,0.0692688290269379,0.102437236576874,0.516950705515851
176273.411807,2570866.126422,0.0334006239677005,0.305010093595155,0,0.0255092677555515,0.0458799779776106,0.590200036703982
176773.411807,2570866.126422,0.0122868145974693,0.272327159361819,0,0.0141206675224647,0.0608839171098478,0.640381441408399
177273.411807,2570866.126422,0.0445299615173172,0.145501191130658,0.00733003481766538,0.00513102437236577,0.026571376214037,0.770936411947957
177773.411807,2570866.126422,0.0583593319875206,0.181134153055607,0,0.00789135621214902,0.0322995044962378,0.720315654248486
178273.411807,2570866.126422,0.079589216944801,0.208692462864478,0.088391710984779,0.0174216027874564,0.0685860993948285,0.537318907023657
178773.411807,2570866.126422,0.13230712845886,0.198827194429174,0.0373831775700935,0.042147700201576,0.114165292285138,0.475169507055159
179273.411807,2570866.126422,0.0908423563956689,0.238759405395485,0.00275279867865663,0.14534777023307,0.183336391998532,0.338961277298587
179773.411807,2570866.126422,0.0597836053548505,0.313222079589217,0.0238400880249404,0.050797726022373,0.10819732257473,0.44415917843389
180273.411807,2570866.126422,0.0474619754443834,0.424592266813267,0.0152098222466557,0.0364669232178853,0.0637713029136888,0.41249770936412
180773.411807,2570866.126422,0.0559735731326849,0.390897412369242,0.000917599559552211,0.0721233253808038,0.198385024775188,0.281703064782529
181273.411807,2570866.126422,0.0597836053548505,0.362185952686595,0,0.0348432055749129,0.177700348432056,0.365486887951586
181773.411807,2570866.126422,0.0624885468205974,0.77020340846619,0,0,0.00384826827927433,0.163459776433938
182273.411807,2570866.126422,0.0106441548908057,0.725270691870068,0,0.00220223894292531,0.00385391815011929,0.258028996146082
182773.411807,2570866.126422,0.0117366587199707,0.777737025490556,0,0.00110031175499725,0.0168714469099578,0.192554557124519
183273.411807,2570866.126422,0.0241891148982958,0.55158512002932,0.000366501740883269,0.000366501740883269,0.0492944841487997,0.374198277441818
183773.411807,2570866.126422,0.0866213984217288,0.482290328500642,0.0229399889888053,0.0034868783262984,0.0618462103138191,0.342815195448706
184273.411807,2570866.126422,0.0735375022923162,0.271410232899321,0.00330093526499175,0.00293416467999266,0.0583165230148542,0.590500641848524
184773.411807,2570866.126422,0.128275609309144,0.313542239325637,0,0.00311526479750779,0.0914421843503757,0.463624702217336
185273.411807,2570866.126422,0.180033033584144,0.164066801247935,0.0137639933932832,0.000183519911910442,0.0422095797394017,0.599743072123325
185773.411807,2570866.126422,0.306973266031034,0.0549635445877734,0,0.0160777715460834,0.194615816040381,0.427369601794728
173273.411807,2570366.126422,0.0298895386614685,0.231319038336582,0,0.145224171539961,0.125406107862248,0.46816114359974
173773.411807,2570366.126422,0.0425609979820216,0.0924600990643919,0,0.335901669418455,0.208952485782425,0.320124747752706
174273.411807,2570366.126422,0.0465201465201465,0.0221611721611722,0.0113553113553114,0.636630036630037,0.22014652014652,0.0631868131868132
174773.411807,2570366.126422,0.0511926605504587,0.0291743119266055,0,0.59394495412844,0.241284403669725,0.0844036697247706
175273.411807,2570366.126422,0.0845716382315172,0.154467070262337,0,0.178132452760961,0.222161071363053,0.360667767382132
175773.411807,2570366.126422,0.0432234432234432,0.342673992673993,0,0.0362637362637363,0.0725274725274725,0.505311355311355
176273.411807,2570366.126422,0.0431192660550459,0.27743119266055,0.00018348623853211,0.036697247706422,0.0669724770642202,0.575596330275229
176773.411807,2570366.126422,0.0443955237571088,0.121995964043295,0,0.0653091175931022,0.162905888827738,0.605393505778756
177273.411807,2570366.126422,0.0192307692307692,0.298901098901099,0.00714285714285714,0.0141025641025641,0.0617216117216117,0.598901098901099
177773.411807,2570366.126422,0.0253211009174312,0.487522935779817,0.0194495412844037,0.0209174311926606,0.0508256880733945,0.395963302752294
178273.411807,2570366.126422,0.0302696752889378,0.314804623004953,0.107503210420106,0.125848468170978,0.179233168226014,0.242340854889011
178773.411807,2570366.126422,0.041025641025641,0.263736263736264,0.0595238095238095,0.0976190476190476,0.21996336996337,0.318131868131868
179273.411807,2570366.126422,0.0170642201834862,0.609357798165138,0.00678899082568807,0.108623853211009,0.0689908256880734,0.189174311926605
179773.411807,2570366.126422,0.131168592918731,0.380664098330582,0,0.0365070629242341,0.120344890845716,0.331315354980737
180273.411807,2570366.126422,0.121978021978022,0.113919413919414,0,0.159340659340659,0.147802197802198,0.456959706959707
180773.411807,2570366.126422,0.0260550458715596,0.767339449541284,0,0.00275229357798165,0.0477064220183486,0.156146788990826
181273.411807,2570366.126422,0.075032104201064,0.56778572738947,0.00183452577508714,0.0198128783709411,0.0486149330398092,0.286919831223629
181773.411807,2570366.126422,0.0547619047619048,0.412087912087912,0.000915750915750916,0.0454212454212454,0.106227106227106,0.380586080586081
182273.411807,2570366.126422,0.0961467889908257,0.421467889908257,0.00018348623853211,0.0278899082568807,0.171192660550459,0.283119266055046
182773.411807,2570366.126422,0.0409099247844432,0.297560080719134,0,0.150798018712163,0.247294074481746,0.263437901302513
183273.411807,2570366.126422,0.0545787545787546,0.202014652014652,0,0.278021978021978,0.217582417582418,0.247802197802198
183773.411807,2570366.126422,0.0579816513761468,0.202385321100917,0,0.300917431192661,0.172477064220183,0.266238532110092
184273.411807,2570366.126422,0.0709961474958723,0.225279765180701,0.000550357732526142,0.0596220876903321,0.170427444505595,0.473124197394973
184773.411807,2570366.126422,0.393406593406593,0.0655677655677656,0.000915750915750916,0.0032967032967033,0.0847985347985348,0.452014652014652
185273.411807,2570366.126422,0.17394495412844,0.12,0.00440366972477064,0.011743119266055,0.0631192660550459,0.626788990825688
185773.411807,2570366.126422,0.705871353777113,0.00766641735228123,0,0,0.0117801047120419,0.274682124158564
173273.411807,2569866.126422,0.0560414642047295,0.247489471979268,0,0.0680272108843537,0.180758017492711,0.447683835438937
173773.411807,2569866.126422,0.0335164835164835,0.255494505494505,0,0.0593406593406593,0.106043956043956,0.545604395604396
174273.411807,2569866.126422,0.0760909424275761,0.061972863953062,0,0.311514484781812,0.31004767143381,0.24037403740374
174773.411807,2569866.126422,0.0536630036630037,0.141208791208791,0,0.344688644688645,0.173992673992674,0.286446886446886
175273.411807,2569866.126422,0.0311355311355311,0.23040293040293,0.00732600732600733,0.0580586080586081,0.146336996336996,0.526739926739927
175773.411807,2569866.126422,0.0429042904290429,0.363586358635864,0.0117345067840117,0.057022368903557,0.14998166483315,0.374770810414375
176273.411807,2569866.126422,0.0188644688644689,0.302014652014652,0,0.0139194139194139,0.0743589743589744,0.590842490842491
176773.411807,2569866.126422,0.0701465201465201,0.168864468864469,0.00146520146520147,0.0388278388278388,0.102564102564103,0.618131868131868
177273.411807,2569866.126422,0.0341034103410341,0.145947928126146,0,0.0683901723505684,0.0768243491015768,0.674734140080675
177773.411807,2569866.126422,0.0347985347985348,0.33992673992674,0.0245421245421245,0.0413919413919414,0.060989010989011,0.498351648351648
178273.411807,2569866.126422,0.0366300366300366,0.328754578754579,0.045970695970696,0.0954212454212454,0.160805860805861,0.332417582417582
178773.411807,2569866.126422,0.050971763843051,0.337550421708838,0.0423542354235424,0.173817381738174,0.137147048038137,0.258159149248258
179273.411807,2569866.126422,0.0415750915750916,0.522344322344322,0.000183150183150183,0.0884615384615385,0.18003663003663,0.167399267399267
179773.411807,2569866.126422,0.136446886446886,0.366849816849817,0.00604395604395604,0.0992673992673993,0.0556776556776557,0.335714285714286
180273.411807,2569866.126422,0.0610561056105611,0.0843417675100843,0,0.114778144481115,0.101210121012101,0.638613861386139
180773.411807,2569866.126422,0.0553113553113553,0.391941391941392,0.00531135531135531,0.0043956043956044,0.0468864468864469,0.496153846153846
181273.411807,2569866.126422,0.0173992673992674,0.566666666666667,0,0.0186813186813187,0.0327838827838828,0.364468864468864
181773.411807,2569866.126422,0.0256692335900257,0.734140080674734,0,0.00128346167950128,0.0331866519985332,0.205720572057206
182273.411807,2569866.126422,0.03003663003663,0.659157509157509,0.0173992673992674,0.0225274725274725,0.0388278388278388,0.232051282051282
182773.411807,2569866.126422,0.0503663003663004,0.256959706959707,0,0.199267399267399,0.227106227106227,0.266300366300366
183273.411807,2569866.126422,0.0628896222955629,0.026035936927026,0,0.518518518518518,0.252291895856252,0.14026402640264
183773.411807,2569866.126422,0.0393772893772894,0.0159340659340659,0,0.736813186813187,0.169413919413919,0.0384615384615385
184273.411807,2569866.126422,0.0527472527472527,0.0681318681318681,0,0.236630036630037,0.198351648351648,0.444139194139194
184773.411807,2569866.126422,0.108360836083608,0.207004033736707,0.00128346167950128,0.0117345067840117,0.163733039970664,0.507884121745508
185273.411807,2569866.126422,0.486446886446886,0.0529304029304029,0.00641025641025641,0.0148351648351648,0.0512820512820513,0.388095238095238
185773.411807,2569866.126422,0.615758028379388,0.0293129200896191,0.0130694548170276,0.0134428678117999,0.0875653472740851,0.240851381628081
173273.411807,2569366.126422,0.012012987012987,0.610714285714286,0,0.0301948051948052,0.0353896103896104,0.311688311688312
173773.411807,2569366.126422,0.0179717586649551,0.428938199156428,0,0.00348432055749129,0.0284247203374289,0.521181001283697
174273.411807,2569366.126422,0.0216236027121129,0.332233828110684,0,0.0216236027121129,0.0588235294117647,0.565695437053326
174773.411807,2569366.126422,0.0622132501376399,0.162598641952652,0.00715727656450725,0.0992842723435493,0.144613690585429,0.524132868416223
175273.411807,2569366.126422,0.0722538052448194,0.193654868879516,0.00605171465248487,0.0832569227947919,0.163212910324592,0.481569778103796
175773.411807,2569366.126422,0.0280373831775701,0.282939343961884,0.0274876305662452,0.108118013560564,0.0978559648158329,0.455561663917904
176273.411807,2569366.126422,0.0403743806202973,0.260598274912828,0,0.0502844558634612,0.0897412369242063,0.559001651679207
176773.411807,2569366.126422,0.0313588850174216,0.410416284613974,0.000550155877498625,0.057216211259857,0.162295983862094,0.338162479369155
177273.411807,2569366.126422,0.0419644493311343,0.377680043980209,0.021073850100788,0.0355506688656771,0.0518599963349826,0.471870991387209
177773.411807,2569366.126422,0.0383556615892824,0.274912828041843,0.0144980730409249,0.0339511837034318,0.111029546705818,0.527252706918701
178273.411807,2569366.126422,0.0717036493673207,0.342747111681643,0.00550155877498625,0.0148542086924629,0.126169081239685,0.439024390243902
178773.411807,2569366.126422,0.0249221183800623,0.131574124977094,0.192230163093275,0.153380978559648,0.108851017042331,0.38904159794759
179273.411807,2569366.126422,0.0880895577170123,0.0790970820334006,0.0200036703982382,0.293264819232887,0.156358964947697,0.363185905670765
179773.411807,2569366.126422,0.0432789290298918,0.310838070786723,0.000366770584999083,0.215294333394462,0.0713368787823217,0.358885017421603
180273.411807,2569366.126422,0.116730804471321,0.304013194062672,0.00293201392706615,0.132123877588419,0.0951072017592084,0.349092908191314
180773.411807,2569366.126422,0.0357863828225362,0.322811525050468,0.0108276748027161,0,0.0178014314553129,0.612772985868967
181273.411807,2569366.126422,0.070786722904823,0.246836603704383,0.00421786172748946,0.0165046763249587,0.0234733174399413,0.638180817898405
181773.411807,2569366.126422,0.032618654938611,0.209272494044347,0.156312992486714,0.10756826094924,0.0656038116181052,0.428623785962983
182273.411807,2569366.126422,0.0956138741053404,0.147550009175996,0.0899247568361167,0.0664342081115801,0.148284088823637,0.45219306294733
182773.411807,2569366.126422,0.121767834219696,0.12800293416468,0.0119200440124702,0.23179900971942,0.204474601136989,0.302035576746745
183273.411807,2569366.126422,0.089792926516401,0.0293201392706615,0,0.41249770936412,0.320505772402419,0.147883452446399
183773.411807,2569366.126422,0.0653330886401175,0.106992108643788,0,0.403193246467242,0.220590934116352,0.203890622132501
184273.411807,2569366.126422,0.0265908674124335,0.353750229231616,0,0.0238400880249404,0.0803227581147992,0.515496057216211
184773.411807,2569366.126422,0.201392706615356,0.202675462708448,0,0.0177753344328386,0.0890599230346344,0.489096573208723
185273.411807,2569366.126422,0.719948614424665,0.00311983850247752,0,0.00220223894292531,0.0297302257294917,0.24499908240044
185773.411807,2569366.126422,0.784445690783324,0.0910450551504954,0.000186950831931202,0,0.00673022994952328,0.117592073284726
173273.411807,2568866.126422,0.00974658869395711,0.494152046783626,0,0,0.0032488628979857,0.492852501624431
173773.411807,2568866.126422,0.0396257567418822,0.488717666483214,0.00165107319757843,0.00990643918547056,0.0229315721885892,0.437167492203265
174273.411807,2568866.126422,0.0144688644688645,0.486263736263736,0.0419413919413919,0.00604395604395604,0.0294871794871795,0.421794871794872
174773.411807,2568866.126422,0.0411009174311927,0.38697247706422,0.0159633027522936,0.108990825688073,0.177614678899083,0.269357798165138
175273.411807,2568866.126422,0.0324711062190424,0.302513300311869,0,0.0577875619152449,0.196110805356815,0.411117226197028
175773.411807,2568866.126422,0.0521978021978022,0.299450549450549,0,0.00952380952380952,0.0582417582417582,0.580586080586081
176273.411807,2568866.126422,0.0475229357798165,0.212844036697248,0,0.0704587155963303,0.123853211009174,0.545321100917431
176773.411807,2568866.126422,0.02568336085122,0.504678040726472,0,0.0596220876903321,0.11557512383049,0.294441386901486
177273.411807,2568866.126422,0.0454212454212454,0.423260073260073,0.00293040293040293,0.0395604395604396,0.10952380952381,0.379304029304029
177773.411807,2568866.126422,0.071743119266055,0.167155963302752,0.00018348623853211,0.0796330275229358,0.114128440366972,0.567155963302752
178273.411807,2568866.126422,0.072463768115942,0.225830122913227,0.0299027701339204,0.0842047330764997,0.131168592918731,0.45643001284168
178773.411807,2568866.126422,0.176373626373626,0.0822344322344322,0.00531135531135531,0.230769230769231,0.071978021978022,0.433333333333333
179273.411807,2568866.126422,0.0719266055045872,0.298165137614679,0,0.0537614678899083,0.118899082568807,0.457247706422018
179773.411807,2568866.126422,0.0842047330764997,0.423592001467621,0.0221977618785544,0.0170610897083104,0.0176114474408365,0.435332966428178
180273.411807,2568866.126422,0.0397435897435897,0.703663003663004,0,0.00897435897435897,0.043040293040293,0.204578754578755
180773.411807,2568866.126422,0.159449541284404,0.299082568807339,0,0.0935779816513762,0.142752293577982,0.305137614678899
181273.411807,2568866.126422,0.0867730691616217,0.192992111539167,0.000366905155017428,0.15978719501009,0.257750871399743,0.302329847734361
181773.411807,2568866.126422,0.0507326007326007,0.615567765567766,0.00293040293040293,0.0175824175824176,0.065018315018315,0.248168498168498
182273.411807,2568866.126422,0.0860550458715596,0.223119266055046,0.0332110091743119,0.0948623853211009,0.114678899082569,0.448073394495413
182773.411807,2568866.126422,0.0937442671069529,0.135388002201431,0.0405430196294258,0.122362869198312,0.170243991928087,0.437717849935792
183273.411807,2568866.126422,0.0813186813186813,0.158608058608059,0,0.164835164835165,0.212087912087912,0.383150183150183
183773.411807,2568866.126422,0.0627522935779816,0.528990825688073,0.00348623853211009,0.015045871559633,0.101651376146789,0.288073394495413
184273.411807,2568866.126422,0.152999449642267,0.242340854889011,0,0.00587048248027885,0.127682993946065,0.471106219042378
184773.411807,2568866.126422,0.15970695970696,0.123626373626374,0,0.000183150183150183,0.00421245421245421,0.712271062271062
185273.411807,2568866.126422,0.871743119266055,0.00330275229357798,0.0108256880733945,0.00146788990825688,0.0357798165137615,0.0768807339449541
185773.411807,2568866.126422,0.68436798803291,0.120979805534779,0.0985415108451758,0,0.00785340314136126,0.0882572924457741
173273.411807,2568366.126422,0.0204081632653061,0.233884029802397,0.172983479105928,0.108519598315517,0.0971817298347911,0.367022999676061
173773.411807,2568366.126422,0.0344322344322344,0.302380952380952,0.0296703296703297,0.0172161172161172,0.111721611721612,0.504578754578755
174273.411807,2568366.126422,0.0165016501650165,0.235240190685735,0.0317198386505317,0.0143014301430143,0.0451045104510451,0.657132379904657
174773.411807,2568366.126422,0.0468864468864469,0.319413919413919,0,0.0122710622710623,0.0626373626373626,0.558791208791209
175273.411807,2568366.126422,0.06996336996337,0.199084249084249,0,0.111355311355311,0.143223443223443,0.476373626373626
175773.411807,2568366.126422,0.0951595159515952,0.0357535753575358,0,0.353318665199853,0.308397506417308,0.207370737073707
176273.411807,2568366.126422,0.0963369963369963,0.125457875457875,0,0.343040293040293,0.26025641025641,0.174908424908425
176773.411807,2568366.126422,0.0730769230769231,0.208424908424908,0.0010989010989011,0.0826007326007326,0.0957875457875458,0.539010989010989
177273.411807,2568366.126422,0.072973964063073,0.102126879354602,0.0205353868720205,0.00366703337000367,0.0238357169050238,0.776861019435277
177773.411807,2568366.126422,0.0642857142857143,0.216300366300366,0.0505494505494506,0.0864468864468864,0.16025641025641,0.422161172161172
178273.411807,2568366.126422,0.136446886446886,0.282967032967033,0.0448717948717949,0.0366300366300366,0.0743589743589744,0.424725274725275
178773.411807,2568366.126422,0.0572057205720572,0.285111844517785,0,0.123579024569124,0.0759075907590759,0.458195819581958
179273.411807,2568366.126422,0.0208791208791209,0.378021978021978,0,0.0478021978021978,0.0498168498168498,0.503479853479853
179773.411807,2568366.126422,0.0597069597069597,0.35018315018315,0.017032967032967,0.0371794871794872,0.0897435897435897,0.446153846153846
180273.411807,2568366.126422,0.0628896222955629,0.309314264759809,0.048038137147048,0.145947928126146,0.114411441144114,0.319398606527319
180773.411807,2568366.126422,0.216666666666667,0.0694139194139194,0,0.310622710622711,0.178937728937729,0.224358974358974
181273.411807,2568366.126422,0.102380952380952,0.047985347985348,0,0.306959706959707,0.276373626373626,0.266300366300366
181773.411807,2568366.126422,0.0218188485515218,0.697103043637697,0,0.0487715438210488,0.0751741840850752,0.157132379904657
182273.411807,2568366.126422,0.0258241758241758,0.698901098901099,0,0.000366300366300366,0.00164835164835165,0.273260073260073
182773.411807,2568366.126422,0.0216117216117216,0.75970695970696,0.00183150183150183,0.000732600732600733,0.0161172161172161,0.2
183273.411807,2568366.126422,0.0702236890355702,0.389438943894389,0.0251191785845251,0.0322698936560323,0.124495782911624,0.358452511917858
183773.411807,2568366.126422,0.0441391941391941,0.536813186813187,0.0115384615384615,0.0197802197802198,0.0368131868131868,0.350915750915751
184273.411807,2568366.126422,0.137179487179487,0.315384615384615,0.000549450549450549,0.00805860805860806,0.131318681318681,0.407509157509158
184773.411807,2568366.126422,0.412541254125413,0.0922258892555922,0,0.0302530253025303,0.143747708104144,0.321232123212321
185273.411807,2568366.126422,0.868315018315018,0.000732600732600733,0,0.00274725274725275,0.0256410256410256,0.102564102564103
185773.411807,2568366.126422,0.565533980582524,0.0679611650485437,0.289955190440627,0,0.00429424943988051,0.0722554144884242
173273.411807,2567866.126422,0.0564935064935065,0.153571428571429,0.025,0.0467532467532468,0.0636363636363636,0.654545454545455
173773.411807,2567866.126422,0.0256739409499358,0.288465065101779,0.0097194205024757,0.030808729139923,0.0671190170548322,0.578213827251054
174273.411807,2567866.126422,0.024555616639179,0.154846985523181,0,0.0047645226314825,0.05717427157779,0.758658603628367
174773.411807,2567866.126422,0.0464305377133419,0.114332905120206,0,0.136722334373279,0.191778307946412,0.510735914846761
175273.411807,2567866.126422,0.108380707867229,0.230515312671924,0.00293416467999266,0.0621676141573446,0.147258389877132,0.448743810746378
175773.411807,2567866.126422,0.10317024005864,0.159611508154664,0.00678028220634048,0.118196811434854,0.236393622869709,0.375847535275793
176273.411807,2567866.126422,0.0660671682877592,0.189209029179666,0.00146815929528354,0.0297302257294917,0.173793356579189,0.539732060928611
176773.411807,2567866.126422,0.0342930496974143,0.302952503209243,0.000183385292499542,0.0218228498074454,0.0636346964973409,0.577113515496057
177273.411807,2567866.126422,0.0538757559098406,0.225032068902327,0.112699285321605,0.0346344145134689,0.0371999266996518,0.536558548653106
177773.411807,2567866.126422,0.0644154890805652,0.390346852633511,0.0453294182418792,0.0594604514589833,0.0282620664342081,0.412185722150853
178273.411807,2567866.126422,0.112415184302219,0.36805428204658,0.000183385292499542,0.015587749862461,0.0691362552723272,0.434623143223913
178773.411807,2567866.126422,0.194612424409016,0.140003665017409,0,0.0734835990470955,0.175371083012644,0.416529228513835
179273.411807,2567866.126422,0.152321526885667,0.222609653147366,0.00587263718113415,0.0783630023857589,0.1370893741971,0.403743806202973
179773.411807,2567866.126422,0.0412616908123968,0.629561709150926,0,0.0309921144324225,0.0781221346048047,0.22006235099945
180273.411807,2567866.126422,0.098772219168041,0.24995418728239,0.000733003481766538,0.280557082646143,0.110683525746747,0.259299981674913
180773.411807,2567866.126422,0.0849697192145348,0.0502844558634612,0,0.467425215635897,0.181684712791338,0.21563589649477
181273.411807,2567866.126422,0.0522648083623693,0.0579497524298551,0,0.500641848523748,0.184668989547038,0.204474601136989
181773.411807,2567866.126422,0.0271211288253619,0.65475536008796,0.00238226131574125,0.0311526479750779,0.0463624702217336,0.238226131574125
182273.411807,2567866.126422,0.0227564690768948,0.753349238392366,0,0.00311983850247752,0.0436777390346853,0.177096714993577
182773.411807,2567866.126422,0.0385109114249037,0.231615624426921,0,0.00495140289748762,0.0436456996148909,0.681276361635797
183273.411807,2567866.126422,0.179952354773685,0.134322888033718,0.0355506688656771,0.0756826094923951,0.155030236393623,0.419461242440902
183773.411807,2567866.126422,0.0649660488162966,0.214901816847128,0.00275279867865663,0.113231785648743,0.173976876491099,0.430170673518077
184273.411807,2567866.126422,0.0999449844122501,0.287548138639281,0.000733541169998166,0.0309921144324225,0.158628278012103,0.422152943333945
184773.411807,2567866.126422,0.149166208539491,0.112332783580722,0.0053142752428074,0.0491112332783581,0.173538574308228,0.510536925050394
185273.411807,2567866.126422,0.577170122958341,0.0256927876674619,0.00679023674068636,0.0211047898697009,0.0827674802716095,0.2864745824922
185773.411807,2567866.126422,0.493363245466442,0.0450551504954197,0.321555430921668,0.0444942979996261,0.00523462329407366,0.0902972518227706
173273.411807,2567366.126422,0.0168940870695257,0.295646523716699,0.00974658869395711,0,0.0032488628979857,0.674463937621832
173773.411807,2567366.126422,0.0607228031553843,0.192258301229132,0,0.0513667217024399,0.10420106402495,0.591451109888094
174273.411807,2567366.126422,0.0399267399267399,0.0732600732600733,0,0.0377289377289377,0.084981684981685,0.764102564102564
174773.411807,2567366.126422,0.0605504587155963,0.154495412844037,0,0.136330275229358,0.203302752293578,0.445321100917431
175273.411807,2567366.126422,0.0458631443771785,0.287837094111172,0,0.0150431113557145,0.072463768115942,0.578792882039993
175773.411807,2567366.126422,0.0172161172161172,0.315750915750916,0,0.00586080586080586,0.0217948717948718,0.639377289377289
176273.411807,2567366.126422,0.0453211009174312,0.217798165137615,0.00110091743119266,0.0242201834862385,0.0339449541284404,0.677614678899083
176773.411807,2567366.126422,0.0161438268207668,0.57494037791231,0,0.0144927536231884,0.0229315721885892,0.371491469455146
177273.411807,2567366.126422,0.0772893772893773,0.161904761904762,0,0.015018315018315,0.0695970695970696,0.676190476190476
177773.411807,2567366.126422,0.0985321100917431,0.300366972477064,0.00275229357798165,0.0148623853211009,0.153211009174312,0.430275229357798
178273.411807,2567366.126422,0.0684278114107503,0.284534947716015,0.0381581361218125,0.0924600990643919,0.0240322876536415,0.492386718033388
178773.411807,2567366.126422,0.129487179487179,0.184249084249084,0.0827838827838828,0.0798534798534798,0.121794871794872,0.401831501831502
179273.411807,2567366.126422,0.13302752293578,0.104220183486239,0,0.0579816513761468,0.035045871559633,0.669724770642202
179773.411807,2567366.126422,0.0262337185837461,0.760594386351128,0,0.0337552742616034,0.0374243258117777,0.141992294991745
180273.411807,2567366.126422,0.0551282051282051,0.256410256410256,0,0.347619047619048,0.144139194139194,0.196703296703297
180773.411807,2567366.126422,0.0385321100917431,0.0212844036697248,0,0.742018348623853,0.161651376146789,0.0365137614678899
181273.411807,2567366.126422,0.0603558980003669,0.0275178866263071,0,0.632727939827555,0.244909190974133,0.0344890845716382
181773.411807,2567366.126422,0.086996336996337,0.397252747252747,0,0.0728937728937729,0.0523809523809524,0.39047619047619
182273.411807,2567366.126422,0.187889908256881,0.279816513761468,0.00018348623853211,0,0.0159633027522936,0.516146788990826
182773.411807,2567366.126422,0.0992478444322143,0.176664832140892,0.00898917629792699,0.00201797835259585,0.028251696936342,0.684828471840029
183273.411807,2567366.126422,0.0802197802197802,0.101282051282051,0,0.0811355311355311,0.169230769230769,0.568131868131868
183773.411807,2567366.126422,0.0622018348623853,0.20954128440367,0.0144954128440367,0.0242201834862385,0.0398165137614679,0.649724770642202
184273.411807,2567366.126422,0.0299027701339204,0.196110805356815,0.0266006237387635,0.0352228948816731,0.028251696936342,0.683911208952486
184773.411807,2567366.126422,0.192490842490843,0.110989010989011,0.0210622710622711,0.0701465201465201,0.179304029304029,0.426007326007326
185273.411807,2567366.126422,0.302385321100917,0.0137614678899083,0.0724770642201835,0.0644036697247706,0.109908256880734,0.437064220183486
185773.411807,2567366.126422,0.181937172774869,0.0770381451009723,0.62808526551982,0.0478683620044877,0.00972326103216156,0.0553477935676889
173273.411807,2566866.126422,0.0417881438289602,0.129251700680272,0,0.0586329770003239,0.0839002267573696,0.686426951733074
173773.411807,2566866.126422,0.144322344322344,0.113186813186813,0,0.00384615384615385,0.0446886446886447,0.693956043956044
174273.411807,2566866.126422,0.151448478181151,0.0788412174550788,0,0.0357535753575358,0.105060506050605,0.628896222955629
174773.411807,2566866.126422,0.12985347985348,0.0274725274725275,0,0.0157509157509158,0.0738095238095238,0.753113553113553
175273.411807,2566866.126422,0.102380952380952,0.173992673992674,0,0.0230769230769231,0.103846153846154,0.596703296703297
175773.411807,2566866.126422,0.0335533553355336,0.233223322332233,0,0.00348368170150348,0.0198019801980198,0.70993766043271
176273.411807,2566866.126422,0.0595238095238095,0.24047619047619,0,0.000549450549450549,0.00787545787545788,0.691575091575092
176773.411807,2566866.126422,0.0315018315018315,0.607509157509157,0,0.0232600732600733,0.0717948717948718,0.265934065934066
177273.411807,2566866.126422,0.0724239090575724,0.310964429776311,0,0.000366703337000367,0.0960762742940961,0.52016868353502
177773.411807,2566866.126422,0.0703296703296703,0.0622710622710623,0.0655677655677656,0.000183150183150183,0.00842490842490842,0.793223443223443
178273.411807,2566866.126422,0.0490842490842491,0.146703296703297,0.127106227106227,0.00970695970695971,0.0820512820512821,0.585347985347985
178773.411807,2566866.126422,0.0423542354235424,0.162266226622662,0,0.0066006600660066,0.0414374770810414,0.747341400806747
179273.411807,2566866.126422,0.0340659340659341,0.254945054945055,0.00293040293040293,0.000183150183150183,0.00549450549450549,0.702380952380952
179773.411807,2566866.126422,0.0998168498168498,0.197802197802198,0.00750915750915751,0.226373626373626,0.134249084249084,0.334249084249084
180273.411807,2566866.126422,0.285111844517785,0.0278694536120279,0.00256692335900257,0.109460946094609,0.158965896589659,0.416024935826916
180773.411807,2566866.126422,0.0701465201465201,0.0188644688644689,0,0.61959706959707,0.130586080586081,0.160805860805861
181273.411807,2566866.126422,0.107875457875458,0.193772893772894,0,0.38021978021978,0.204212454212454,0.113919413919414
181773.411807,2566866.126422,0.106894022735607,0.405207187385405,0.00678401173450678,0.0386872020535387,0.0430876420975431,0.399339933993399
182273.411807,2566866.126422,0.156227106227106,0.47014652014652,0,0,0.0534798534798535,0.32014652014652
182773.411807,2566866.126422,0.475274725274725,0.047985347985348,0.00732600732600733,0.00457875457875458,0.0254578754578755,0.439377289377289
183273.411807,2566866.126422,0.0491382471580491,0.314081408140814,0.0106343967730106,0.0115511551155116,0.055005500550055,0.55958929226256
183773.411807,2566866.126422,0.0243589743589744,0.370695970695971,0,0.000366300366300366,0.0135531135531136,0.591025641025641
184273.411807,2566866.126422,0.0206959706959707,0.236263736263736,0,0.00769230769230769,0.0282051282051282,0.707142857142857
184773.411807,2566866.126422,0.193802713604694,0.168133480014668,0.0111844517785112,0.00531719838650532,0.0621562156215622,0.559405940594059
185273.411807,2566866.126422,0.226373626373626,0.0750915750915751,0.169413919413919,0.00659340659340659,0.0490842490842491,0.473443223443223
185773.411807,2566866.126422,0,0.0425690814040329,0.909634055265123,0.0477968633308439,0,0
173273.411807,2566366.126422,0.101623376623377,0.0292207792207792,0,0.0503246753246753,0.152597402597403,0.666233766233766
173773.411807,2566366.126422,0.186319457179534,0.0053181734824867,0,0.00990280579497524,0.050797726022373,0.747661837520631
174273.411807,2566366.126422,0.238042880703683,0.0309693971046362,0,0.00164925783397471,0.0525929998167491,0.676745464540957
174773.411807,2566366.126422,0.217838135437695,0.0379886217654616,0,0.0792806019453111,0.136171774637548,0.528720866213984
175273.411807,2566366.126422,0.182835136622043,0.173299101412067,0,0.0265908674124335,0.0720704199523198,0.545204474601137
175773.411807,2566366.126422,0.121312076232362,0.0949239508887667,0,0.00971229613340663,0.0355506688656771,0.738501007879787
176273.411807,2566366.126422,0.0563406129565058,0.164984400807488,0,0.0189025509267756,0.0321159845843274,0.727656450724904
176773.411807,2566366.126422,0.0236567027324409,0.267008985879332,0,0.0322758114799193,0.0847240051347882,0.592334494773519
177273.411807,2566366.126422,0.0894264247755177,0.0263881253435954,0,0.00751328568810702,0.0595565328935312,0.817115631299249
177773.411807,2566366.126422,0.0735914846760874,0.116718663975041,0.173426316755368,0.00623967700495504,0.0787300422095797,0.551293815378969
178273.411807,2566366.126422,0.0885750962772786,0.104713002017238,0.072803961122318,0.0397946084724005,0.110581331377224,0.583532000733541
178773.411807,2566366.126422,0.163093274693055,0.099321971779366,0.0716510903426791,0.00971229613340663,0.0415979475902511,0.614623419461242
179273.411807,2566366.126422,0.125160579922922,0.0229399889888053,0.0047715177096715,0.0264268673151037,0.0557900532207745,0.764910992842723
179773.411807,2566366.126422,0.133504492939666,0.0273244085824317,0.00898587933247754,0.234916559691913,0.162846139739593,0.432422519713919
180273.411807,2566366.126422,0.0776983690672531,0.0428807036833425,0.00109950522264981,0.445849367784497,0.214953271028037,0.21751878321422
180773.411807,2566366.126422,0.188474949532024,0.0679023674068636,0.0390897412369242,0.255459717379336,0.196916865479905,0.252156358964948
181273.411807,2566366.126422,0.0667522464698331,0.23216578030442,0.0212726939299468,0.166147075004585,0.115716119567211,0.397946084724005
181773.411807,2566366.126422,0.111966281839839,0.149532710280374,0,0.0399486897562763,0.123694337548103,0.574857980575408
182273.411807,2566366.126422,0.0902917966599376,0.32372912461002,0.0277115066984768,0.0387227014131033,0.0229399889888053,0.496604881629657
