"x","y","forest","agri","water","built","other","grass"
326273.411807,2737866.126422,0.0695970695970696,0.0163003663003663,0,0.682967032967033,0.152747252747253,0.0783882783882784
326773.411807,2737866.126422,0.0483516483516484,0.33992673992674,0,0.206043956043956,0.147435897435897,0.258241758241758
327273.411807,2737866.126422,0.0383204987165383,0.677851118445178,0,0.101026769343601,0.0452878621195453,0.137513751375138
327773.411807,2737866.126422,0.0734432234432234,0.588095238095238,0,0.0750915750915751,0.123809523809524,0.13956043956044
328273.411807,2737866.126422,0.0624542124542125,0.542857142857143,0.000549450549450549,0.063003663003663,0.109157509157509,0.221978021978022
328773.411807,2737866.126422,0.0212687935460213,0.873670700403374,0,0.0209020902090209,0.0207187385405207,0.0634396773010634
329273.411807,2737866.126422,0.0551282051282051,0.493772893772894,0,0.250915750915751,0.0847985347985348,0.115384615384615
329773.411807,2737866.126422,0.0518315018315018,0.431135531135531,0,0.223809523809524,0.123992673992674,0.169230769230769
330273.411807,2737866.126422,0.0403373670700403,0.709387605427209,0,0.0102676934360103,0.0592225889255592,0.180784745141181
330773.411807,2737866.126422,0.0216117216117216,0.543589743589744,0.0542124542124542,0.026007326007326,0.0705128205128205,0.284065934065934
331273.411807,2737866.126422,0.0434065934065934,0.736996336996337,0,0.0276556776556777,0.0505494505494506,0.141391941391941
331773.411807,2737866.126422,0.0214521452145215,0.897323065639897,0,0.0166850018335167,0.0229189585625229,0.0416208287495416
332273.411807,2737866.126422,0.0545787545787546,0.521794871794872,0.0445054945054945,0.0547619047619048,0.0723443223443224,0.252014652014652
332773.411807,2737866.126422,0.292124542124542,0.0683150183150183,0,0.0855311355311355,0.0631868131868132,0.490842490842491
326273.411807,2737366.126422,0.0871719581574601,0.0299137456414021,0.000367039823820885,0.44411818682327,0.221875573499725,0.216553496054322
326773.411807,2737366.126422,0.106913625527233,0.225563909774436,0.0066018705299835,0.224646983311938,0.217311571611957,0.218962039244453
327273.411807,2737366.126422,0.047645226314825,0.634781015209822,0.0192413413963716,0.0370166758292102,0.0980392156862745,0.163276525563496
327773.411807,2737366.126422,0.0625802899614608,0.534593503395118,0,0.026977427050835,0.101119471462654,0.274729308129932
328273.411807,2737366.126422,0.0337428938199156,0.700348432055749,0,0.0188886851274528,0.066018705299835,0.181001283697047
328773.411807,2737366.126422,0.0434304562946674,0.771669415429723,0,0.0152098222466557,0.0337181601612608,0.135972145867693
329273.411807,2737366.126422,0.0385391815011929,0.700495503762158,0,0.0513855753349238,0.0633143696091026,0.146265369792623
329773.411807,2737366.126422,0.0335595085274161,0.849257289565377,0,0.00385109114249037,0.0225563909774436,0.0907757197872731
330273.411807,2737366.126422,0.0392156862745098,0.725123694337548,0,0.0166758292101887,0.0822796408282939,0.136705149349459
330773.411807,2737366.126422,0.0271609469627455,0.427050835015599,0.0548724536612222,0.0423930996513122,0.148100568911727,0.300422095797394
331273.411807,2737366.126422,0.0474967907573813,0.498441225013754,0.0504309554373739,0.011186502842472,0.0849073904272877,0.307537135521731
331773.411807,2737366.126422,0.00824628916987356,0.927799157045996,0,0.00384826827927433,0.0109950522264981,0.0491112332783581
332273.411807,2737366.126422,0.0192695907505964,0.761057074692604,0,0.0273444668746559,0.0535878142778491,0.138741053404294
332773.411807,2737366.126422,0.13185402530717,0.123601687144691,0.00715202640748212,0.0695030258573262,0.0568494406748579,0.611039794608472
326273.411807,2736866.126422,0.0776146788990826,0.17302752293578,0,0.136146788990826,0.222201834862385,0.391009174311927
326773.411807,2736866.126422,0.0577875619152449,0.199963309484498,0.0436617134470739,0.172261970280682,0.132085855806274,0.394239589066226
327273.411807,2736866.126422,0.0747252747252747,0.644139194139194,0.00421245421245421,0.0456043956043956,0.0668498168498168,0.164468864468864
327773.411807,2736866.126422,0.0787155963302752,0.737064220183486,0.00165137614678899,0.0176146788990826,0.0231192660550459,0.141834862385321
328273.411807,2736866.126422,0.101816180517336,0.557328930471473,0.00476976701522656,0.122546321775821,0.0508163639699138,0.162722436250229
328773.411807,2736866.126422,0.0201465201465201,0.350732600732601,0,0.0510989010989011,0.0741758241758242,0.503846153846154
329273.411807,2736866.126422,0.053394495412844,0.579266055045872,0.000917431192660551,0.0592660550458716,0.12256880733945,0.184587155963303
329773.411807,2736866.126422,0.0253164556962025,0.839478994679875,0,0.0121078701155751,0.0363236103467254,0.0867730691616217
330273.411807,2736866.126422,0.0217948717948718,0.877289377289377,0,0.00970695970695971,0.0208791208791209,0.0703296703296703
330773.411807,2736866.126422,0.0456880733944954,0.728807339449541,0,0.031743119266055,0.0900917431192661,0.103669724770642
331273.411807,2736866.126422,0.0302696752889378,0.583746101632728,0.067327095945698,0.0111906072280316,0.0858558062740782,0.221610713630527
331773.411807,2736866.126422,0.0117216117216117,0.760989010989011,0,0.0124542124542125,0.0446886446886447,0.17014652014652
332273.411807,2736866.126422,0.0220183486238532,0.781834862385321,0,0.0381651376146789,0.0486238532110092,0.109357798165138
332773.411807,2736866.126422,0.0526508897450009,0.113557145477894,0.00330214639515685,0.155017427994863,0.177765547605944,0.497706842781141
333273.411807,2736866.126422,0.291758241758242,0.013003663003663,0.193223443223443,0.142857142857143,0.0144688644688645,0.344688644688645
326273.411807,2736366.126422,0.00750915750915751,0.0133699633699634,0.0296703296703297,0.0996336996336996,0.178021978021978,0.671794871794872
326773.411807,2736366.126422,0.0778388278388278,0.0346153846153846,0.0128205128205128,0.0703296703296703,0.117948717948718,0.686446886446886
327273.411807,2736366.126422,0.144114411441144,0.217455078841217,0,0.136780344701137,0.25009167583425,0.251558489182252
327773.411807,2736366.126422,0.0287545787545788,0.792490842490842,0,0.0254578754578755,0.0413919413919414,0.111904761904762
328273.411807,2736366.126422,0.0232600732600733,0.834249084249084,0,0.0104395604395604,0.0663003663003663,0.0657509157509158
328773.411807,2736366.126422,0.00861752841950862,0.869270260359369,0.0115511551155116,0.00055005500550055,0.00733406674000733,0.102676934360103
329273.411807,2736366.126422,0.0195970695970696,0.638644688644689,0.0113553113553114,0.115750915750916,0.0584249084249084,0.156227106227106
329773.411807,2736366.126422,0.045970695970696,0.761355311355311,0.0021978021978022,0.00769230769230769,0.0283882783882784,0.154395604395604
330273.411807,2736366.126422,0.0234690135680235,0.803630363036304,0,0.0326365969930326,0.0337367070040337,0.106527319398607
330773.411807,2736366.126422,0.0291208791208791,0.780586080586081,0,0.015018315018315,0.0382783882783883,0.136996336996337
331273.411807,2736366.126422,0.045970695970696,0.701831501831502,0,0.00622710622710623,0.0710622710622711,0.174908424908425
331773.411807,2736366.126422,0.0174184085075174,0.538870553722039,0.0841584158415842,0.0243857719105244,0.0665566556655666,0.268610194352769
332273.411807,2736366.126422,0.017032967032967,0.601465201465201,0.0728937728937729,0.010989010989011,0.0578754578754579,0.23974358974359
332773.411807,2736366.126422,0.0637362637362637,0.157692307692308,0.0395604395604396,0.157326007326007,0.135531135531136,0.446153846153846
333273.411807,2736366.126422,0.247891455812248,0.143014301430143,0.00623395672900623,0.0214521452145215,0.0221855518885222,0.559222588925559
326273.411807,2735866.126422,0.0629473297852817,0.490732244448523,0,0.0532207744540283,0.14956872820701,0.243530923105157
326773.411807,2735866.126422,0.111131487254722,0.00495140289748762,0,0.169448010269576,0.230698697964423,0.483770401613791
327273.411807,2735866.126422,0.164192779915705,0.00879604178119846,0,0.115264797507788,0.213487264064504,0.498259116730804
327773.411807,2735866.126422,0.0526702147182969,0.485043127179299,0,0.130115617544504,0.150853367590384,0.181317672967517
328273.411807,2735866.126422,0.0300751879699248,0.714285714285714,0,0.0293416467999266,0.0872913992297818,0.139006051714652
328773.411807,2735866.126422,0.021073850100788,0.838739234011362,0,0.0166758292101887,0.026571376214037,0.0969397104636247
329273.411807,2735866.126422,0.0311983850247752,0.793907138924573,0,0.0486327766562672,0.0256927876674619,0.100568911726922
329773.411807,2735866.126422,0.0179717586649551,0.846323124885384,0,0.00916926462497708,0.0207225380524482,0.105813313772235
330273.411807,2735866.126422,0.0124610591900312,0.866043613707165,0.00787978742899029,0.00109950522264981,0.00293201392706615,0.109584020524097
330773.411807,2735866.126422,0.0108276748027161,0.800146815929528,0.0187190310148651,0.00220223894292531,0.00935951550743256,0.158744723802533
331273.411807,2735866.126422,0.0588666788923528,0.641481753163396,0.0163212910324592,0.0434623143223913,0.0700531817348249,0.169814780854575
331773.411807,2735866.126422,0.0271211288253619,0.70624885468206,0.000549752611324904,0.0377496793109767,0.0976727139453912,0.130657870624885
332273.411807,2735866.126422,0.00770783630023858,0.626169939438429,0.063497889521013,0.0374380620297302,0.0734079647641769,0.191778307946412
332773.411807,2735866.126422,0.0408949202273978,0.106180084357235,0.0597836053548505,0.0838070786722905,0.0964606638547588,0.612873647533468
333273.411807,2735866.126422,0.119113065787062,0.191497159611508,0.00733003481766538,0.0853949056258017,0.0958402052409749,0.500824628916987
333773.411807,2735866.126422,0.292163699761424,0.009543035419343,0.383556615892824,0.160763442833547,0.0082583960359699,0.145714810056891
326273.411807,2735366.126422,0.0223853211009174,0.310275229357798,0.0128440366972477,0.0143119266055046,0.0631192660550459,0.577064220183486
326773.411807,2735366.126422,0.0849385433865346,0.114474408365438,0.00513667217024399,0.0579710144927536,0.173729590900752,0.563749770684278
327273.411807,2735366.126422,0.114468864468864,0.256776556776557,0.000915750915750916,0.123992673992674,0.215201465201465,0.288644688644689
327773.411807,2735366.126422,0.0620183486238532,0.520366972477064,0,0.0939449541284404,0.141284403669725,0.182385321100917
328273.411807,2735366.126422,0.0590717299578059,0.602274811961108,0,0.081452944413869,0.106769400110072,0.150431113557145
328773.411807,2735366.126422,0.0366300366300366,0.826007326007326,0,0.0146520146520147,0.036996336996337,0.0857142857142857
329273.411807,2735366.126422,0.0623853211009174,0.599266055045872,0,0.0660550458715596,0.110275229357798,0.162018348623853
329773.411807,2735366.126422,0.0363236103467254,0.651807007888461,0,0.0273344340487984,0.0566868464501926,0.227848101265823
330273.411807,2735366.126422,0.0417582417582418,0.74029304029304,0,0.0254578754578755,0.0545787545787546,0.137912087912088
330773.411807,2735366.126422,0.0590825688073394,0.75302752293578,0.00018348623853211,0.0218348623853211,0.0678899082568807,0.0979816513761468
331273.411807,2735366.126422,0.0190790680609063,0.804806457530728,0.0177949000183453,0.0258668134287287,0.0500825536598789,0.0823702073014126
331773.411807,2735366.126422,0.00842490842490842,0.760989010989011,0.0470695970695971,0.00842490842490842,0.0336996336996337,0.141391941391941
332273.411807,2735366.126422,0.0355963302752294,0.542935779816514,0.0495412844036697,0.0526605504587156,0.0884403669724771,0.230825688073394
332773.411807,2735366.126422,0.066042927903137,0.20253164556962,0.114841313520455,0.0590717299578059,0.112089524857824,0.445422858191158
333273.411807,2735366.126422,0.0646520146520147,0.0811355311355311,0.0512820512820513,0.0928571428571429,0.0672161172161172,0.642857142857143
333773.411807,2735366.126422,0.591376146788991,0.056697247706422,0.00275229357798165,0.0363302752293578,0.00458715596330275,0.308256880733945
326273.411807,2734866.126422,0.0247252747252747,0.339194139194139,0.0360805860805861,0.117216117216117,0.0545787545787546,0.428205128205128
326773.411807,2734866.126422,0.0424908424908425,0.279487179487179,0.142857142857143,0.132967032967033,0.0582417582417582,0.343956043956044
327273.411807,2734866.126422,0.0524385771910524,0.314081408140814,0.103777044371104,0.110927759442611,0.126512651265127,0.292262559589292
327773.411807,2734866.126422,0.0228937728937729,0.48974358974359,0,0.0813186813186813,0.0913919413919414,0.314652014652015
328273.411807,2734866.126422,0.0371794871794872,0.221978021978022,0,0.0485347985347985,0.102014652014652,0.59029304029304
328773.411807,2734866.126422,0.0408874220755409,0.359185918591859,0,0.0337367070040337,0.0537220388705537,0.512467913458012
329273.411807,2734866.126422,0.0131868131868132,0.326190476190476,0.00824175824175824,0.0333333333333333,0.0304029304029304,0.588644688644689
329773.411807,2734866.126422,0.0208791208791209,0.327472527472527,0.0142857142857143,0.149084249084249,0.0554945054945055,0.432783882783883
330273.411807,2734866.126422,0.0434543454345435,0.339017235056839,0.0588558855885589,0.061972863953062,0.0513384671800513,0.445361202786945
330773.411807,2734866.126422,0.0467032967032967,0.446886446886447,0.000183150183150183,0.0102564102564103,0.0393772893772894,0.456593406593407
331273.411807,2734866.126422,0.0472527472527473,0.424358974358974,0.00549450549450549,0.0223443223443223,0.0683150183150183,0.432234432234432
331773.411807,2734866.126422,0.0161349468280161,0.506967363403007,0.00183351668500183,0.0388705537220389,0.1001100110011,0.336083608360836
332273.411807,2734866.126422,0.0227106227106227,0.67985347985348,0,0.013003663003663,0.0457875457875458,0.238644688644689
332773.411807,2734866.126422,0.0128205128205128,0.462087912087912,0.151465201465201,0.0379120879120879,0.0467032967032967,0.289010989010989
333273.411807,2734866.126422,0.0218188485515218,0.127246057939127,0.291712504583792,0.0287862119545288,0.0636230289695636,0.466813348001467
333773.411807,2734866.126422,0.408974358974359,0.0152014652014652,0.0591575091575092,0.0663003663003663,0.0749084249084249,0.375457875457875
334273.411807,2734866.126422,0.106959706959707,0.0177655677655678,0.341758241758242,0.282234432234432,0.0254578754578755,0.225824175824176
326273.411807,2734366.126422,0.00991007524316388,0.0888236373646541,0.00935951550743256,0.24903652046247,0.0491833363919985,0.593686915030281
326773.411807,2734366.126422,0.00458463231248854,0.20392444525949,0.00183385292499542,0.151292866312122,0.048413717219879,0.589950485971025
327273.411807,2734366.126422,0.0104452996151732,0.423309510720176,0.100604727872457,0.261132490379329,0.0183250870441635,0.186182884368701
327773.411807,2734366.126422,0.00458799779776106,0.0601945311066251,0.195265186272711,0.62249954120022,0.0280785465222977,0.0893741971003854
328273.411807,2734366.126422,0.0183385292499542,0.100495140289749,0.178433889602054,0.409315972858977,0.017604988079956,0.27581147991931
328773.411807,2734366.126422,0.00549752611324904,0.0925416895730255,0.172805570826461,0.407733186732637,0.00769653655854865,0.313725490196078
329273.411807,2734366.126422,0.0119287942741787,0.248302440814828,0.160763442833547,0.259313635529455,0.019086070838686,0.300605615709304
329773.411807,2734366.126422,0.0121034293049697,0.210342930496974,0.262607738859343,0.207408765816981,0.00788556757748029,0.299651567944251
330273.411807,2734366.126422,0.0141103170240059,0.284038849184534,0.103903243540407,0.395821880153931,0.00678028220634048,0.195345427890782
330773.411807,2734366.126422,0,0.107542668379519,0.209763259313636,0.528353826390163,0.00440447788585061,0.149935768030831
331273.411807,2734366.126422,0,0.0696864111498258,0.412433522831469,0.471483587016321,0.0100861910874748,0.0363102879149092
331773.411807,2734366.126422,0,0.034084661902144,0.472970496609859,0.490379329301814,0.00256551218618288,0
332273.411807,2734366.126422,0,0.17856487428886,0.369609102587631,0.409065883648376,0.0172508717195816,0.0255092677555515
332773.411807,2734366.126422,0.00110031175499725,0.162295983862094,0.284980744544288,0.413350449293967,0.0122868145974693,0.125985695947185
333273.411807,2734366.126422,0.00219901044529962,0.102803738317757,0.30492944841488,0.357705699102071,0.0507604911123328,0.18160161260766
333773.411807,2734366.126422,0,0.0334006239677005,0.308496971921453,0.469443934666911,0.0433106992108644,0.14534777023307
334273.411807,2734366.126422,0,0.0286081056299285,0.315422703099211,0.587566477168531,0.0462130937098845,0.0221896203924445
326273.411807,2733866.126422,0.0528440366972477,0.0988990825688073,0,0.00018348623853211,0.0143119266055046,0.833761467889908
326773.411807,2733866.126422,0.0146762062006971,0.33241607044579,0.0122913226930838,0.0326545587965511,0.0240322876536415,0.583929554210237
327273.411807,2733866.126422,0.0256410256410256,0.48956043956044,0.00238095238095238,0.0148351648351648,0.0727106227106227,0.394871794871795
327773.411807,2733866.126422,0.0555963302752294,0.161284403669725,0.00036697247706422,0.344036697247706,0.185871559633028,0.252844036697248
328273.411807,2733866.126422,0.0431113557145478,0.350210970464135,0,0.254999082737112,0.169326729040543,0.182351862043662
328773.411807,2733866.126422,0.0543956043956044,0.572527472527472,0,0.08003663003663,0.1,0.193040293040293
329273.411807,2733866.126422,0.0429357798165138,0.768807339449541,0,0.0179816513761468,0.0308256880733945,0.139449541284404
329773.411807,2733866.126422,0.0381581361218125,0.633645202715098,0,0.106402494955054,0.0753990093560815,0.146395156851954
330273.411807,2733866.126422,0.0457875457875458,0.502380952380952,0,0.0531135531135531,0.080952380952381,0.317765567765568
330773.411807,2733866.126422,0.0154128440366972,0.591192660550459,0,0.00825688073394495,0.0557798165137615,0.329357798165138
331273.411807,2733866.126422,0.0104567969179967,0.576407998532379,0,0.0181618051733627,0.0454962392221611,0.3494771601541
331773.411807,2733866.126422,0.0441391941391941,0.46978021978022,0,0.0216117216117216,0.0626373626373626,0.401831501831502
332273.411807,2733866.126422,0.0392660550458716,0.449908256880734,0,0.0196330275229358,0.058348623853211,0.432844036697248
332773.411807,2733866.126422,0.0498991010823702,0.279948633278298,0,0.0509998165474225,0.0689781691432765,0.550174279948633
333273.411807,2733866.126422,0.00549450549450549,0.0399267399267399,0.00952380952380952,0.0173992673992674,0.0617216117216117,0.865934065934066
333773.411807,2733866.126422,0.00220183486238532,0.0513761467889908,0.0172477064220183,0.00587155963302752,0.0267889908256881,0.89651376146789
334273.411807,2733866.126422,0,0.104567969179967,0.157769216657494,0.0238488350761328,0.157769216657494,0.556044762428912
326273.411807,2733366.126422,0.023992673992674,0.161904761904762,0.019047619047619,0.193223443223443,0.0336996336996337,0.568131868131868
326773.411807,2733366.126422,0.0463369963369963,0.519047619047619,0,0.0538461538461538,0.108424908424908,0.272344322344322
327273.411807,2733366.126422,0.0355702236890356,0.589292262559589,0,0.17033370003667,0.0746241290795746,0.13017968463513
327773.411807,2733366.126422,0.056959706959707,0.0554945054945055,0.0021978021978022,0.643223443223443,0.143772893772894,0.0983516483516483
328273.411807,2733366.126422,0.076007326007326,0.203663003663004,0,0.291391941391941,0.172161172161172,0.256776556776557
328773.411807,2733366.126422,0.0551888522185552,0.491565823248992,0,0.0887422075540887,0.103777044371104,0.260726072607261
329273.411807,2733366.126422,0.0333333333333333,0.690842490842491,0,0.0567765567765568,0.0734432234432234,0.145604395604396
329773.411807,2733366.126422,0.0432234432234432,0.513369963369963,0,0.228021978021978,0.0987179487179487,0.116666666666667
330273.411807,2733366.126422,0.0614228089475614,0.776677667766777,0,0.0227356068940227,0.0238357169050238,0.115328199486615
330773.411807,2733366.126422,0.0227106227106227,0.756227106227106,0,0.0227106227106227,0.0434065934065934,0.154945054945055
331273.411807,2733366.126422,0.0333333333333333,0.594688644688645,0,0.0236263736263736,0.0648351648351648,0.283516483516484
331773.411807,2733366.126422,0.0280528052805281,0.767143381004767,0,0.00238357169050238,0.0152181884855152,0.187202053538687
332273.411807,2733366.126422,0.0247252747252747,0.551098901098901,0,0.0512820512820513,0.0994505494505494,0.273443223443223
332773.411807,2733366.126422,0.0267399267399267,0.608241758241758,0.0175824175824176,0.0322344322344322,0.0675824175824176,0.247619047619048
333273.411807,2733366.126422,0.0319031903190319,0.306380638063806,0.0797579757975798,0.0353868720205354,0.0678401173450678,0.478731206453979
333773.411807,2733366.126422,0.0201465201465201,0.0424908424908425,0.101465201465201,0.0276556776556777,0.0542124542124542,0.754029304029304
334273.411807,2733366.126422,0.0142857142857143,0.0842490842490843,0.442124542124542,0.00714285714285714,0.0131868131868132,0.439010989010989
326273.411807,2732866.126422,0.0264268673151037,0.138374013580473,0.0422095797394017,0.169572398605249,0.0633143696091026,0.56010277115067
326773.411807,2732866.126422,0.0649183935448377,0.483770401613791,0,0.0729873464148175,0.138822666422153,0.239501192004401
327273.411807,2732866.126422,0.0639545537841305,0.453179402602162,0,0.0712845886017959,0.119479567527946,0.292101887483966
327773.411807,2732866.126422,0.0502844558634612,0.136538814461369,0.000183519911910442,0.486144246650762,0.171958157460084,0.154890805652413
328273.411807,2732866.126422,0.0757381258023107,0.38382541720154,0,0.116266275444709,0.10783055198973,0.316339629561709
328773.411807,2732866.126422,0.028587135788895,0.737035000916254,0,0.0254718709913872,0.0428807036833425,0.166025288620121
329273.411807,2732866.126422,0.0436777390346853,0.782161864562305,0,0.02073775004588,0.0308313452009543,0.122591301156175
329773.411807,2732866.126422,0.0383275261324042,0.526865945351183,0,0.224463598019439,0.106180084357235,0.10416284613974
330273.411807,2732866.126422,0.045629466739967,0.357522448231629,0,0.11434854315558,0.129191863661352,0.353307678211472
330773.411807,2732866.126422,0.0420260598274913,0.705817581207561,0,0.0277115066984768,0.0311983850247752,0.193246467241696
331273.411807,2732866.126422,0.0748211993398129,0.525582248303686,0.0119200440124702,0.0381441408399046,0.0823399963322941,0.267192371171832
331773.411807,2732866.126422,0.0152098222466557,0.795858530328019,0.0102620487447315,0.00714678394722375,0.0236393622869709,0.147883452446399
332273.411807,2732866.126422,0.0255092677555515,0.69278766746192,0.0152321526885667,0.0497338961277299,0.0708386859974307,0.145898329968802
332773.411807,2732866.126422,0.0509811113148725,0.618008435723455,0.0183385292499542,0.0342930496974143,0.0803227581147992,0.198056115899505
333273.411807,2732866.126422,0.0388491845336265,0.246472420743999,0.0861279091075683,0.0602895363752978,0.122778083195895,0.445482866043614
333773.411807,2732866.126422,0.0159662323362085,0.114883464855937,0.239677004955038,0.0491833363919985,0.0888236373646541,0.491466324096164
334273.411807,2732866.126422,0.198789657069503,0.0342930496974143,0.357601320374106,0.0022006235099945,0.0119200440124702,0.395195305336512
326273.411807,2732366.126422,0.0455045871559633,0.14,0.00018348623853211,0.0111926605504587,0.066605504587156,0.73651376146789
326773.411807,2732366.126422,0.0324711062190424,0.507062924234085,0,0.141808842414236,0.117776554760594,0.200880572372042
327273.411807,2732366.126422,0.0644688644688645,0.491758241758242,0.000549450549450549,0.11978021978022,0.102564102564103,0.220879120879121
327773.411807,2732366.126422,0.0792660550458716,0.10605504587156,0,0.445504587155963,0.178899082568807,0.190275229357798
328273.411807,2732366.126422,0.0825536598789213,0.0535681526325445,0.00990643918547056,0.424142359200147,0.254448725004586,0.175380664098331
328773.411807,2732366.126422,0.0417582417582418,0.620695970695971,0,0.0957875457875458,0.078021978021978,0.163736263736264
329273.411807,2732366.126422,0.0238532110091743,0.791743119266055,0,0.0258715596330275,0.0359633027522936,0.12256880733945
329773.411807,2732366.126422,0.0421940928270042,0.572738946982205,0,0.103100348559897,0.0908090258668134,0.19115758576408
330273.411807,2732366.126422,0.0950549450549451,0.455677655677656,0.000366300366300366,0.101098901098901,0.114285714285714,0.233516483516484
330773.411807,2732366.126422,0.0478899082568807,0.549174311926605,0,0.134678899082569,0.105321100917431,0.162935779816514
331273.411807,2732366.126422,0.0475142175747569,0.411667583929554,0.00091726288754357,0.163272793982755,0.102366538249862,0.274261603375527
331773.411807,2732366.126422,0.0346153846153846,0.736630036630037,0,0.0307692307692308,0.0805860805860806,0.117399267399267
332273.411807,2732366.126422,0.0754128440366972,0.53394495412844,0.00110091743119266,0.101467889908257,0.118532110091743,0.16954128440367
332773.411807,2732366.126422,0.0225646670335718,0.824252430746652,0.00752155567785727,0.0220143093010457,0.0420106402494955,0.0816363969913777
333273.411807,2732366.126422,0.0393772893772894,0.247252747252747,0.0840659340659341,0.0840659340659341,0.117582417582418,0.427655677655678
333773.411807,2732366.126422,0.0174311926605505,0.164403669724771,0.138348623853211,0.144587155963303,0.130825688073395,0.404403669724771
334273.411807,2732366.126422,0.08273711245643,0.0550357732526142,0.337552742616034,0.118510365070629,0.0774169877086773,0.328747018895615
326273.411807,2731866.126422,0.0597069597069597,0.30970695970696,0.000549450549450549,0.0543956043956044,0.0983516483516483,0.477289377289377
326773.411807,2731866.126422,0.0694139194139194,0.527289377289377,0,0.0582417582417582,0.0888278388278388,0.256227106227106
327273.411807,2731866.126422,0.0584891822515585,0.196369636963696,0,0.42995966263293,0.171617161716172,0.143564356435644
327773.411807,2731866.126422,0.0631868131868132,0.252380952380952,0.00311355311355311,0.387728937728938,0.152197802197802,0.141391941391941
328273.411807,2731866.126422,0.054029304029304,0.219230769230769,0.000183150183150183,0.408424908424908,0.146886446886447,0.171245421245421
328773.411807,2731866.126422,0.0386872020535387,0.661716171617162,0,0.111661166116612,0.0792079207920792,0.108727539420609
329273.411807,2731866.126422,0.0481684981684982,0.647252747252747,0,0.0450549450549451,0.0895604395604396,0.16996336996337
329773.411807,2731866.126422,0.0424908424908425,0.702197802197802,0,0.0478021978021978,0.0666666666666667,0.140842490842491
330273.411807,2731866.126422,0.0696736340300697,0.502383571690502,0,0.0817748441510818,0.122295562889622,0.223872387238724
330773.411807,2731866.126422,0.102197802197802,0.385164835164835,0.000915750915750916,0.149450549450549,0.107326007326007,0.254945054945055
331273.411807,2731866.126422,0.110805860805861,0.43021978021978,0.00201465201465201,0.0267399267399267,0.0692307692307692,0.360989010989011
331773.411807,2731866.126422,0.0542720938760543,0.670517051705171,0,0.0458379171250458,0.0687568756875688,0.160616061606161
332273.411807,2731866.126422,0.01996336996337,0.808608058608059,0,0.0206959706959707,0.0168498168498168,0.133882783882784
332773.411807,2731866.126422,0.0435897435897436,0.577655677655678,0.108241758241758,0.0195970695970696,0.0353479853479853,0.215567765567766
333273.411807,2731866.126422,0.0452878621195453,0.115511551155116,0.423175650898423,0.0506050605060506,0.0322698936560323,0.333149981664833
333773.411807,2731866.126422,0.0373626373626374,0.107326007326007,0.389010989010989,0.12032967032967,0.0758241758241758,0.27014652014652
334273.411807,2731866.126422,0.0584249084249084,0.0358974358974359,0.473260073260073,0.157509157509158,0.0846153846153846,0.19029304029304
326273.411807,2731366.126422,0.160579922921637,0.160579922921637,0.00183519911910442,0.233437327950083,0.21178197834465,0.231785648742889
326773.411807,2731366.126422,0.04401247019989,0.654868879515863,0,0.0163212910324592,0.0808729139922978,0.20392444525949
327273.411807,2731366.126422,0.0412314458493678,0.642294300897929,0,0.108484515301448,0.05717427157779,0.150815466373465
327773.411807,2731366.126422,0.04147550009176,0.339511837034318,0.000183519911910442,0.316021288309782,0.0946962745457882,0.208111580106442
328273.411807,2731366.126422,0.0408949202273978,0.370254905556574,0.035209976159912,0.0916926462497708,0.116449660737209,0.345497891069136
328773.411807,2731366.126422,0.0454462158695254,0.596848085028404,0,0.0683525746747297,0.0694520798973795,0.219901044529962
329273.411807,2731366.126422,0.0565241328684162,0.363002385758855,0,0.148100568911727,0.119838502477519,0.312534409983483
329773.411807,2731366.126422,0.0583165230148542,0.503209242618742,0,0.061617458279846,0.0931597285897671,0.283697047496791
330273.411807,2731366.126422,0.0725673446948873,0.15136521898479,0,0.333516584203775,0.146967198094191,0.295583654022357
330773.411807,2731366.126422,0.102954670581758,0.163699761424115,0,0.375481739768765,0.147182969352175,0.210680858873188
331273.411807,2731366.126422,0.0449293966623877,0.4799193104713,0,0.133871263524665,0.134788189987163,0.206491839354484
331773.411807,2731366.126422,0.0624885468205974,0.53252702950339,0.0756826094923951,0.0142935678944475,0.0390324354040682,0.275975810885102
332273.411807,2731366.126422,0.0227564690768948,0.730776289227381,0.000183519911910442,0.0478986970086254,0.0607450908423564,0.137639933932832
332773.411807,2731366.126422,0.0161379057399597,0.45204474601137,0.244452594901889,0.0115532734274711,0.0225563909774436,0.253255088941867
333273.411807,2731366.126422,0.21183800623053,0.0203408466190214,0.156129741616273,0.144768187648891,0.122045079714129,0.344878138171156
333773.411807,2731366.126422,0.0133969535694623,0.150669847678473,0.39420077078363,0.131767296751698,0.127546338777757,0.18241879243898
334273.411807,2731366.126422,0.193654868879516,0.0462130937098845,0.294883550339263,0.148358701632129,0.125435540069686,0.191454245369521
326273.411807,2730866.126422,0.352660550458716,0.0234862385321101,0.0777981651376147,0.0203669724770642,0.0671559633027523,0.458532110091743
326773.411807,2730866.126422,0.10420106402495,0.172445422858191,0,0.447257383966245,0.147679324894515,0.1284168042561
327273.411807,2730866.126422,0.111172161172161,0.158791208791209,0.0010989010989011,0.42967032967033,0.141391941391941,0.157875457875458
327773.411807,2730866.126422,0.0620183486238532,0.00880733944954129,0,0.691009174311927,0.138899082568807,0.0992660550458716
328273.411807,2730866.126422,0.218858924967896,0.0445789763346175,0.168226013575491,0.124931205283434,0.133370023848835,0.310034855989727
328773.411807,2730866.126422,0.0373626373626374,0.190842490842491,0.0021978021978022,0.438278388278388,0.141208791208791,0.19010989010989
329273.411807,2730866.126422,0.0291743119266055,0.294495412844037,0,0.382935779816514,0.150642201834862,0.142752293577982
329773.411807,2730866.126422,0.0498991010823702,0.255732893047147,0.00201797835259585,0.25958539717483,0.0979636763896533,0.334800953953403
330273.411807,2730866.126422,0.056959706959707,0.578205128205128,0,0.0842490842490843,0.0684981684981685,0.212087912087912
330773.411807,2730866.126422,0.0579816513761468,0.49743119266055,0,0.253394495412844,0.0900917431192661,0.101100917431193
331273.411807,2730866.126422,0.0398092093193909,0.659328563566318,0,0.0766831773986425,0.112089524857824,0.112089524857824
331773.411807,2730866.126422,0.0558608058608059,0.533516483516484,0,0.0375457875457875,0.125274725274725,0.247802197802198
332273.411807,2730866.126422,0.0245871559633028,0.680183486238532,0.00165137614678899,0.0335779816513761,0.109357798165138,0.150642201834862
332773.411807,2730866.126422,0.030820033021464,0.631076866629976,0.0185287103283801,0.0350394423041644,0.0933773619519354,0.19115758576408
333273.411807,2730866.126422,0.0895604395604396,0.0771062271062271,0.361172161172161,0.114835164835165,0.0891941391941392,0.268131868131868
333773.411807,2730866.126422,0.0212844036697248,0.137981651376147,0.312110091743119,0.210642201834862,0.12697247706422,0.191009174311927
334273.411807,2730866.126422,0.14125848468171,0.0464135021097046,0.290772335351312,0.220509998165474,0.094294624839479,0.206751054852321
326273.411807,2730366.126422,0.187179487179487,0.153846153846154,0.00567765567765568,0.169413919413919,0.17032967032967,0.313553113553114
326773.411807,2730366.126422,0.0208791208791209,0.0289377289377289,0.00476190476190476,0.821245421245421,0.0864468864468864,0.0377289377289377
327273.411807,2730366.126422,0.0245691235790246,0.00861752841950862,0.0011001100110011,0.812064539787312,0.11019435276861,0.0434543454345435
327773.411807,2730366.126422,0.0547619047619048,0.0153846153846154,0.000915750915750916,0.846336996336996,0.058974358974359,0.0236263736263736
328273.411807,2730366.126422,0.0208791208791209,0.00824175824175824,0.00183150183150183,0.833699633699634,0.106043956043956,0.0293040293040293
328773.411807,2730366.126422,0.0638063806380638,0.180601393472681,0.0066006600660066,0.444811147781445,0.185735240190686,0.118445177851118
329273.411807,2730366.126422,0.0274725274725275,0.626190476190476,0.00659340659340659,0.0672161172161172,0.117765567765568,0.154761904761905
329773.411807,2730366.126422,0.0212454212454212,0.728754578754579,0,0.0217948717948718,0.103663003663004,0.124542124542125
330273.411807,2730366.126422,0.0522552255225523,0.42042537587092,0.000183351668500183,0.149248258159149,0.16043270993766,0.217455078841217
330773.411807,2730366.126422,0.0615384615384615,0.446520146520147,0.000366300366300366,0.101831501831502,0.101648351648352,0.288095238095238
331273.411807,2730366.126422,0.0346153846153846,0.766666666666667,0,0.026007326007326,0.0454212454212454,0.127289377289377
331773.411807,2730366.126422,0.0341034103410341,0.722405573890722,0.00146681334800147,0.0416208287495416,0.0572057205720572,0.143197653098643
332273.411807,2730366.126422,0.0686813186813187,0.317948717948718,0.00787545787545788,0.11043956043956,0.184065934065934,0.310989010989011
332773.411807,2730366.126422,0.0397435897435897,0.534615384615385,0.0335164835164835,0.0230769230769231,0.0454212454212454,0.323626373626374
333273.411807,2730366.126422,0.0724239090575724,0.12046204620462,0.3998899889989,0.0507884121745508,0.0583058305830583,0.298129812981298
333773.411807,2730366.126422,0.0419413919413919,0.0978021978021978,0.168498168498169,0.299450549450549,0.180769230769231,0.211538461538462
334273.411807,2730366.126422,0.265567765567766,0.0576923076923077,0.091025641025641,0.157326007326007,0.12032967032967,0.308058608058608
326273.411807,2729866.126422,0.134703615342265,0.266654432005873,0,0.0917599559552211,0.111396586529638,0.395485410167003
326773.411807,2729866.126422,0.0687694846873281,0.0148542086924629,0,0.648267008985879,0.159361819182102,0.108747478452228
327273.411807,2729866.126422,0.0393989371449514,0.0353674179952355,0.000549752611324904,0.77020340846619,0.114531794026022,0.0399486897562763
327773.411807,2729866.126422,0.0227564690768948,0.02073775004588,0.00238575885483575,0.884933015232153,0.0422095797394017,0.026977427050835
328273.411807,2729866.126422,0.039611223179901,0.0341096644049147,0.00348432055749129,0.779020722538052,0.108380707867229,0.0353933614524115
328773.411807,2729866.126422,0.0923584387025838,0.107385010078798,0,0.446765622136705,0.186732636980026,0.166758292101887
329273.411807,2729866.126422,0.0411084602679391,0.453294182418792,0,0.231235089007157,0.121857221508534,0.152505046797578
329773.411807,2729866.126422,0.0441958554923895,0.55180634513112,0,0.0770218228498075,0.11589950485971,0.211076471666972
330273.411807,2729866.126422,0.0346344145134689,0.561480667033168,0.00201575957485798,0.133040131940627,0.134322888033718,0.13450613890416
330773.411807,2729866.126422,0.0620297302257295,0.563039089741237,0.00238575885483575,0.111029546705818,0.0693705267021472,0.192145347770233
331273.411807,2729866.126422,0.0434623143223913,0.687511461580781,0,0.0515312671923712,0.0834403080872914,0.134054648817165
331773.411807,2729866.126422,0.0621220450797141,0.506871907641561,0.00384826827927433,0.127909107568261,0.12112882536192,0.178119846069269
332273.411807,2729866.126422,0.121673701596623,0.309781611304827,0.0321159845843274,0.147182969352175,0.15782712424298,0.231418608919068
332773.411807,2729866.126422,0.0907757197872731,0.0271410232899321,0.424903722721438,0.102512378507244,0.114615807812213,0.2400513478819
333273.411807,2729866.126422,0.0778816199376947,0.205607476635514,0.301997434487814,0.0430639545537841,0.0738501007879787,0.297599413597215
333773.411807,2729866.126422,0.0568911726922371,0.0767113231785649,0.0222059093411635,0.142962011378235,0.163699761424115,0.537529821985685
334273.411807,2729866.126422,0.346231432239134,0.0337428938199156,0.00366770584999083,0.097194205024757,0.133504492939666,0.385659270126536
334773.411807,2729866.126422,0.301081180135606,0.00842954004031519,0.3340663368151,0.185266630016493,0.00586402785413231,0.165292285138354
326273.411807,2729366.126422,0.155596330275229,0.0510091743119266,0,0.369357798165138,0.181467889908257,0.24256880733945
326773.411807,2729366.126422,0.0829205650339387,0.173179233168226,0,0.335534764263438,0.153366354797285,0.254999082737112
327273.411807,2729366.126422,0.0646520146520147,0.127289377289377,0,0.371794871794872,0.1503663003663,0.285897435897436
327773.411807,2729366.126422,0.0293577981651376,0.016697247706422,0,0.804770642201835,0.114678899082569,0.0344954128440367
328273.411807,2729366.126422,0.0429279031370391,0.0689781691432765,0,0.681159420289855,0.0876903320491653,0.119244175380664
328773.411807,2729366.126422,0.0523809523809524,0.411355311355311,0.000732600732600733,0.279304029304029,0.116300366300366,0.13992673992674
329273.411807,2729366.126422,0.0794495412844037,0.394862385321101,0,0.132110091743119,0.125321100917431,0.268256880733945
329773.411807,2729366.126422,0.0495321959273528,0.605210053201247,0,0.0462300495321959,0.117776554760594,0.181251146578609
330273.411807,2729366.126422,0.0232600732600733,0.798351648351648,0,0.0258241758241758,0.0417582417582418,0.110805860805861
330773.411807,2729366.126422,0.031743119266055,0.655412844036697,0,0.0708256880733945,0.0910091743119266,0.151009174311927
331273.411807,2729366.126422,0.0438451660245826,0.570354063474592,0.000733810310034856,0.0324711062190424,0.0684278114107503,0.284168042560998
331773.411807,2729366.126422,0.03003663003663,0.0921245421245421,0.105494505494505,0.0556776556776557,0.1003663003663,0.616300366300366
332273.411807,2729366.126422,0.136880733944954,0.141834862385321,0.278715596330275,0.0396330275229358,0.0508256880733945,0.352110091743119
332773.411807,2729366.126422,0.0739313887360117,0.137039075399009,0.0326545587965511,0.193175564116676,0.172995780590717,0.390203632361035
333273.411807,2729366.126422,0.0637362637362637,0.0287545787545788,0.0793040293040293,0.23021978021978,0.133150183150183,0.464835164835165
333773.411807,2729366.126422,0.0656880733944954,0.0242201834862385,0.00256880733944954,0.0456880733944954,0.110825688073394,0.751009174311927
334273.411807,2729366.126422,0.363419556044762,0.105852137222528,0,0.067327095945698,0.0625573289304715,0.40084388185654
334773.411807,2729366.126422,0.378205128205128,0.00549450549450549,0.188095238095238,0.151831501831502,0.00824175824175824,0.268131868131868
326273.411807,2728866.126422,0.076007326007326,0.544871794871795,0.000366300366300366,0.0862637362637363,0.101282051282051,0.191208791208791
326773.411807,2728866.126422,0.0384615384615385,0.416849816849817,0,0.108791208791209,0.114835164835165,0.321062271062271
327273.411807,2728866.126422,0.0445544554455446,0.351485148514851,0.000366703337000367,0.252658599193253,0.141914191419142,0.209020902090209
327773.411807,2728866.126422,0.0278388278388278,0.150915750915751,0,0.588644688644689,0.111904761904762,0.120695970695971
328273.411807,2728866.126422,0.0419413919413919,0.312087912087912,0,0.398534798534799,0.0877289377289377,0.15970695970696
328773.411807,2728866.126422,0.0649064906490649,0.507517418408508,0,0.063989732306564,0.111661166116612,0.251925192519252
