"x","y","forest","agri","water","built","other","grass"
173273.411807,2530366.126422,0.0933357879234168,0.128497790868925,0.00220913107511046,0.397643593519882,0.166237113402062,0.212076583210604
173773.411807,2530366.126422,0.109664404914726,0.0542820465798643,0,0.485054098661287,0.153126719237117,0.197872730607005
174273.411807,2530366.126422,0.176287337364852,0.0498442367601246,0,0.2398753894081,0.120579072750596,0.413413963716328
174773.411807,2530366.126422,0.0941457148100569,0.068452927142595,0,0.387961093778675,0.178931914112681,0.270508350155992
175273.411807,2530366.126422,0.0377773702549056,0.0253071703649367,0,0.648450394278379,0.209976159911975,0.0784889051898038
175773.411807,2530366.126422,0.0459959684808503,0.236943375481034,0,0.13340663368151,0.15026571376214,0.433388308594466
176273.411807,2530366.126422,0.0812993209763259,0.227197650945128,0,0.153973206092861,0.125344099834832,0.412185722150853
176773.411807,2530366.126422,0.039611223179901,0.309554373739226,0.0353933614524115,0.0298918026774253,0.105079772602237,0.480469466348799
177273.411807,2530366.126422,0.0439802089059923,0.0765988638446033,0.000183250870441635,0.350009162543522,0.232362103719993,0.296866410115448
177773.411807,2530366.126422,0.0367039823820885,0.309414571481006,0,0.00844191594788034,0.0836850798311617,0.561754450357864
178273.411807,2530366.126422,0.0401613790573996,0.210342930496974,0,0.0753713552173116,0.135338345864662,0.538785989363653
178773.411807,2530366.126422,0.150632215503024,0.0806303829943192,0.00714678394722375,0.0652373098772219,0.105735752244823,0.590617555433388
179273.411807,2530366.126422,0.0222059093411635,0.161497522481189,0.0132134336575518,0.0866213984217288,0.121123141860892,0.595338594237475
179773.411807,2530366.126422,0.0713368787823217,0.0423620025673941,0,0.277828718136805,0.294883550339263,0.313588850174216
180273.411807,2530366.126422,0.0485614806670332,0.0767821147150449,0.00238226131574125,0.0505772402418911,0.127359354956936,0.694337548103353
180773.411807,2530366.126422,0.0594604514589833,0.0267939071389246,0,0.0724903652046247,0.195448706184621,0.645806570012846
181273.411807,2530366.126422,0.0715202640748212,0.0097194205024757,0.000366770584999083,0.00605171465248487,0.0480469466348799,0.864294883550339
181773.411807,2530366.126422,0.149899212021257,0.00568077698369067,0,0.0445299615173172,0.0982224665567161,0.701667582921019
182273.411807,2530366.126422,0.285006423196917,0.00495503762158194,0,0.0117452743622683,0.04147550009176,0.656817764727473
182773.411807,2530366.126422,0.137172198789657,0.00165046763249587,0,0.00421786172748946,0.0355767467449111,0.821382725105447
183273.411807,2530366.126422,0.344878138171156,0.0053142752428074,0.00109950522264981,0.0322521531977277,0.128092358438703,0.488363569726956
183773.411807,2530366.126422,0.614975224811892,0.00311983850247752,0,0.0464305377133419,0.0948797944576987,0.24059460451459
184273.411807,2530366.126422,0.570144874381075,0.00183385292499542,0,0.0863744727672841,0.114615807812213,0.227030992114432
184773.411807,2530366.126422,0.435953820780649,0.0119113065787062,0,0.00439802089059923,0.0146600696353308,0.533076782114715
185273.411807,2530366.126422,0.611488346485594,0.00623967700495504,0.00256927876674619,0.00330335841438796,0.0121123141860892,0.364287025142228
185773.411807,2530366.126422,0.447368421052632,0.0379784688995215,0,0.00956937799043062,0.0191387559808612,0.485944976076555
173273.411807,2529866.126422,0.125161052825327,0.120191422786674,0.00220872446162341,0.0631327075280692,0.114485551260814,0.574820541137493
173773.411807,2529866.126422,0.135938359933957,0.10842047330765,0,0.31957439002018,0.105852137222528,0.330214639515685
174273.411807,2529866.126422,0.113369963369963,0.234981684981685,0,0.00567765567765568,0.0227106227106227,0.623260073260073
174773.411807,2529866.126422,0.0713761467889908,0.0229357798165138,0,0.588073394495413,0.204587155963303,0.11302752293578
175273.411807,2529866.126422,0.129700972298661,0.0755824619335902,0,0.302696752889378,0.220693450742983,0.271326362135388
175773.411807,2529866.126422,0.0551282051282051,0.213553113553114,0,0.0463369963369963,0.1003663003663,0.584615384615385
176273.411807,2529866.126422,0.0598165137614679,0.16605504587156,0,0.144954128440367,0.133394495412844,0.495779816513761
176773.411807,2529866.126422,0.0550357732526142,0.104384516602458,0.001284168042561,0.178499357915979,0.163639699137773,0.497156485048615
177273.411807,2529866.126422,0.0705128205128205,0.0884615384615385,0,0.267216117216117,0.218498168498168,0.355311355311355
177773.411807,2529866.126422,0.0227522935779817,0.266605504587156,0,0.0161467889908257,0.0677064220183486,0.626788990825688
178273.411807,2529866.126422,0.0489818381948266,0.279398275545771,0,0.0495321959273528,0.150798018712163,0.471289671619886
178773.411807,2529866.126422,0.0701465201465201,0.152197802197802,0.0904761904761905,0.135164835164835,0.116666666666667,0.435347985347985
179273.411807,2529866.126422,0.0328440366972477,0.244036697247706,0.021651376146789,0.0576146788990826,0.147155963302752,0.496697247706422
179773.411807,2529866.126422,0.0374243258117777,0.128783709411117,0.0119244175380664,0.08273711245643,0.14547789396441,0.593652540818199
180273.411807,2529866.126422,0.0307692307692308,0.0282051282051282,0.0265567765567766,0.16025641025641,0.136630036630037,0.617582417582418
180773.411807,2529866.126422,0.043302752293578,0.0310091743119266,0,0.117981651376147,0.129174311926606,0.678532110091743
181273.411807,2529866.126422,0.10273344340488,0.0498991010823702,0,0.112456430012842,0.0895248578242524,0.645386167675656
181773.411807,2529866.126422,0.211355311355311,0.0217948717948718,0.000366300366300366,0.0216117216117216,0.0851648351648352,0.65970695970696
182273.411807,2529866.126422,0.179082568807339,0.0192660550458716,0,0.00587155963302752,0.0352293577981651,0.760550458715596
182773.411807,2529866.126422,0.626490552192258,0.00862227114290956,0,0.00091726288754357,0.0361401577692167,0.327829756008072
183273.411807,2529866.126422,0.700915750915751,0,0,0,0.00128205128205128,0.297802197802198
183773.411807,2529866.126422,0.758715596330275,0,0,0,0.00110091743119266,0.240183486238532
184273.411807,2529866.126422,0.817097780223812,0.000733810310034856,0,0.00752155567785727,0.0260502660062374,0.148596587782058
184773.411807,2529866.126422,0.234432234432234,0.00402930402930403,0,0.0324175824175824,0.0494505494505494,0.67967032967033
185273.411807,2529866.126422,0.225321100917431,0.00330275229357798,0,0.00788990825688073,0.0148623853211009,0.748623853211009
185773.411807,2529866.126422,0.237881508078995,0,0,0.00209455415918612,0.00448833034111311,0.755535607420706
173273.411807,2529366.126422,0.0861815509004043,0.171811833884601,0,0.0547592796765895,0.175670709298052,0.511576626240353
173773.411807,2529366.126422,0.0606227106227106,0.0851648351648352,0,0.502930402930403,0.166300366300366,0.184981684981685
174273.411807,2529366.126422,0.0744407774110744,0.0322698936560323,0,0.482398239823982,0.117345067840117,0.293546021268794
174773.411807,2529366.126422,0.105677655677656,0.0368131868131868,0,0.434249084249084,0.19981684981685,0.223443223443223
175273.411807,2529366.126422,0.0564102564102564,0.154029304029304,0,0.0935897435897436,0.148351648351648,0.547619047619048
175773.411807,2529366.126422,0.0487715438210488,0.236523652365237,0.0293362669600293,0.104510451045105,0.0583058305830583,0.522552255225523
176273.411807,2529366.126422,0.0558608058608059,0.304761904761905,0.0181318681318681,0.0247252747252747,0.109157509157509,0.487362637362637
176773.411807,2529366.126422,0.0756410256410256,0.0926739926739927,0,0.106227106227106,0.1503663003663,0.575091575091575
177273.411807,2529366.126422,0.0711404473780711,0.0654565456545655,0,0.101760176017602,0.12027869453612,0.641364136413641
177773.411807,2529366.126422,0.0386446886446886,0.186263736263736,0.00750915750915751,0.103296703296703,0.224358974358974,0.43992673992674
178273.411807,2529366.126422,0.0205128205128205,0.300549450549451,0.0206959706959707,0.0668498168498168,0.173443223443223,0.417948717948718
178773.411807,2529366.126422,0.0594059405940594,0.266776677667767,0.0896589658965897,0.0854418775210854,0.124129079574624,0.374587458745875
179273.411807,2529366.126422,0.0230769230769231,0.0956043956043956,0.152197802197802,0.221978021978022,0.23956043956044,0.267582417582418
179773.411807,2529366.126422,0.0597069597069597,0.0820512820512821,0.201282051282051,0.237728937728938,0.256593406593407,0.162637362637363
180273.411807,2529366.126422,0.03997066373304,0.0581224789145581,0,0.0247524752475248,0.111111111111111,0.766043270993766
180773.411807,2529366.126422,0.0375457875457875,0.115384615384615,0.00604395604395604,0.0873626373626374,0.161355311355311,0.592307692307692
181273.411807,2529366.126422,0.220512820512821,0.0415750915750916,0.00164835164835165,0.0542124542124542,0.155311355311355,0.526739926739927
181773.411807,2529366.126422,0.141547488082142,0.0647231389805647,0,0.0925925925925926,0.155848918225156,0.545287862119545
182273.411807,2529366.126422,0.426007326007326,0.00915750915750916,0,0.0139194139194139,0.0163003663003663,0.534615384615385
182773.411807,2529366.126422,0.686263736263736,0.000549450549450549,0,0,0.00384615384615385,0.309340659340659
183273.411807,2529366.126422,0.656215621562156,0.000183351668500183,0,0,0,0.343601026769344
183773.411807,2529366.126422,0.541391941391941,0.000915750915750916,0,0,0,0.457692307692308
184273.411807,2529366.126422,0.626556776556777,0.00128205128205128,0,0.0137362637362637,0.0673992673992674,0.291025641025641
184773.411807,2529366.126422,0.390905757242391,0.00513384671800513,0,0.0100843417675101,0.0210854418775211,0.572790612394573
185273.411807,2529366.126422,0.293223443223443,0.0164835164835165,0,0.0787545787545788,0.093956043956044,0.517582417582418
185773.411807,2529366.126422,0.544368090827607,0.000298775022408127,0,0.0182252763668957,0.0334628025097102,0.403645055273379
173273.411807,2528866.126422,0.0561487481590574,0.0837628865979381,0,0.48840206185567,0.177466863033873,0.194219440353461
173773.411807,2528866.126422,0.0638180817898405,0.0196222262974509,0.000366770584999083,0.701081973225747,0.177333577847057,0.0377773702549056
174273.411807,2528866.126422,0.0339014110317024,0.0192413413963716,0.000183250870441635,0.791827011178303,0.126076598863845,0.0287703866593366
174773.411807,2528866.126422,0.0721233253808038,0.0901082767480272,0,0.364103505230317,0.19489814644889,0.278766746191962
175273.411807,2528866.126422,0.037593984962406,0.230515312671924,0.00605171465248487,0.0146708233999633,0.0893086374472767,0.621859526865945
175773.411807,2528866.126422,0.0393989371449514,0.332233828110684,0.00311526479750779,0.0414146967198094,0.105185999633498,0.47865127359355
176273.411807,2528866.126422,0.0776289227381171,0.187740869884382,0.0341347036153423,0.173609836667278,0.0991007524316388,0.427784914663241
176773.411807,2528866.126422,0.253255088941867,0.130570328259674,0.00311754997249221,0.0476801760498808,0.0720704199523198,0.493306436823767
177273.411807,2528866.126422,0.0183250870441635,0.232728605460876,0.00201575957485798,0.0452629649990837,0.0866776617188932,0.614989921202126
177773.411807,2528866.126422,0.0198201504863278,0.1950816663608,0.0411084602679391,0.0846026793907139,0.151220407414204,0.508166636080015
178273.411807,2528866.126422,0.0350265908674124,0.356501008619109,0,0.0460297084173849,0.0911424903722722,0.471300201723822
178773.411807,2528866.126422,0.0252886201209456,0.251969946857248,0.140370166758292,0.137987905442551,0.166941542972329,0.277441817848635
179273.411807,2528866.126422,0.015782712424298,0.142227931730593,0.259313635529455,0.255643237291246,0.171591117636264,0.155441365388145
179773.411807,2528866.126422,0.0269576379974326,0.199706583532001,0.0401613790573996,0.136438657619659,0.171281863194572,0.425453878598936
180273.411807,2528866.126422,0.0388491845336265,0.0426974528129009,0.0260216236027121,0.114715044896463,0.295217152281473,0.482499541872824
180773.411807,2528866.126422,0.0974490732244448,0.176546155257845,0,0.0778124426500275,0.146999449440264,0.501192879427418
181273.411807,2528866.126422,0.29616724738676,0.00861910874747845,0.000366770584999083,0.0557491289198606,0.123418301852191,0.515679442508711
181773.411807,2528866.126422,0.184900128275609,0.0798973795125527,0,0.243906908557816,0.134872640645043,0.356422943008979
182273.411807,2528866.126422,0.615342264635713,0.00256927876674619,0,0.0110111947146265,0.0354193429987154,0.335657918884199
182773.411807,2528866.126422,0.576379974326059,0.00183385292499542,0,0.00788556757748029,0.0388776820099028,0.375022923161562
183273.411807,2528866.126422,0.695620304196445,0,0,0,0,0.304379695803555
183773.411807,2528866.126422,0.819232886768214,0,0,0,0,0.180767113231786
184273.411807,2528866.126422,0.506876948468733,0.00825233816247937,0.0183385292499542,0.00806895286997983,0.0641848523748395,0.394278378874014
184773.411807,2528866.126422,0.553600879604178,0.00146600696353308,0,0.009529045262965,0.00806303829943192,0.427341029869892
185273.411807,2528866.126422,0.560469810974491,0.0167003119838502,0.00807487612405946,0.0310148651128647,0.0299137456414021,0.353826390163333
185773.411807,2528866.126422,0.298744019138756,0.0224282296650718,0,0.123803827751196,0.231758373205742,0.323265550239234
173273.411807,2528366.126422,0.225289895085588,0.0530093870789619,0,0.227130498803608,0.202098288238542,0.2924719307933
173773.411807,2528366.126422,0.148963492937076,0.0480645753072831,0.0100898917629793,0.335351311685929,0.144560631076867,0.312970097229866
174273.411807,2528366.126422,0.0613553113553114,0.032967032967033,0.000366300366300366,0.714835164835165,0.128021978021978,0.0624542124542125
174773.411807,2528366.126422,0.0607339449541284,0.0275229357798165,0,0.611743119266055,0.188073394495413,0.111926605504587
175273.411807,2528366.126422,0.0454962392221611,0.188772702256467,0.00165107319757843,0.193175564116676,0.183452577508714,0.387451843698404
175773.411807,2528366.126422,0.0294871794871795,0.225457875457875,0,0.0575091575091575,0.0952380952380952,0.592307692307692
176273.411807,2528366.126422,0.120183486238532,0.0965137614678899,0.176697247706422,0.0765137614678899,0.109908256880734,0.420183486238532
176773.411807,2528366.126422,0.0577875619152449,0.131535498073748,0.0526508897450009,0.136305265088975,0.209502843514951,0.41221794166208
177273.411807,2528366.126422,0.0227106227106227,0.263736263736264,0.0450549450549451,0.041025641025641,0.0611721611721612,0.566300366300366
177773.411807,2528366.126422,0.0185321100917431,0.143669724770642,0.201834862385321,0.18954128440367,0.110642201834862,0.335779816513761
178273.411807,2528366.126422,0.0346725371491469,0.283984589983489,0.148780040359567,0.0884241423592002,0.0952118877270226,0.348926802421574
178773.411807,2528366.126422,0.0316849816849817,0.218864468864469,0.0793040293040293,0.160805860805861,0.103846153846154,0.405494505494505
179273.411807,2528366.126422,0.166788990825688,0.160917431192661,0.083302752293578,0.107889908256881,0.133211009174312,0.347889908256881
179773.411807,2528366.126422,0.541552008805724,0.0359567051917079,0.002568336085122,0.00293524124013942,0.00605393505778756,0.410933773619519
180273.411807,2528366.126422,0.268498168498168,0.171062271062271,0.000366300366300366,0.00787545787545788,0.030952380952381,0.521245421245421
180773.411807,2528366.126422,0.0343119266055046,0.407155963302752,0,0.0126605504587156,0.0332110091743119,0.512660550458716
181273.411807,2528366.126422,0.0979636763896533,0.152449091909741,0,0.0396257567418822,0.0785177031737296,0.631443771784994
181773.411807,2528366.126422,0.112637362637363,0.14047619047619,0,0.374175824175824,0.160805860805861,0.211904761904762
182273.411807,2528366.126422,0.650091743119266,0.00330275229357798,0,0.0379816513761468,0.08,0.228623853211009
182773.411807,2528366.126422,0.580994312970097,0.00165107319757843,0,0.0201797835259585,0.0388919464318474,0.358282883874518
183273.411807,2528366.126422,0.678937728937729,0,0,0,0.000183150183150183,0.320879120879121
183773.411807,2528366.126422,0.71743119266055,0.000917431192660551,0,0,0,0.281651376146789
184273.411807,2528366.126422,0.542836176848285,0.00146762062006971,0.00495321959273528,0.00421940928270042,0.0504494588148963,0.396074114841313
184773.411807,2528366.126422,0.4496336996337,0.00421245421245421,0,0,0.00164835164835165,0.544505494505494
185273.411807,2528366.126422,0.574862385321101,0.0253211009174312,0.00073394495412844,0.00678899082568807,0.00899082568807339,0.383302752293578
185773.411807,2528366.126422,0.606523040095751,0.0119688809096349,0.0164572112507481,0.00658288450029922,0.00538599640933573,0.353081986834231
173273.411807,2527866.126422,0.0621095185593532,0.159683939728041,0.00147004777655274,0.125321572951121,0.167401690554943,0.484013230429989
173773.411807,2527866.126422,0.0926739926739927,0.235164835164835,0.0163003663003663,0.0135531135531136,0.104212454212454,0.538095238095238
174273.411807,2527866.126422,0.0608727539420609,0.102126879354602,0.00275027502750275,0.343417675100843,0.246057939127246,0.244774477447745
174773.411807,2527866.126422,0.0970695970695971,0.0483516483516484,0,0.184249084249084,0.328388278388278,0.341941391941392
175273.411807,2527866.126422,0.0586080586080586,0.134981684981685,0,0.424175824175824,0.121611721611722,0.260622710622711
175773.411807,2527866.126422,0.137147048038137,0.0830583058305831,0,0.172167216721672,0.20957095709571,0.398056472313898
176273.411807,2527866.126422,0.14010989010989,0.146703296703297,0,0.0128205128205128,0.0663003663003663,0.634065934065934
176773.411807,2527866.126422,0.0844322344322344,0.125641025641026,0.18040293040293,0.0932234432234432,0.1996336996337,0.316666666666667
177273.411807,2527866.126422,0.0207187385405207,0.151998533186652,0.207187385405207,0.162999633296663,0.0834250091675834,0.373670700403374
177773.411807,2527866.126422,0.0183150183150183,0.191575091575092,0.323260073260073,0.164835164835165,0.0637362637362637,0.238278388278388
178273.411807,2527866.126422,0.0483516483516484,0.252564102564103,0.0505494505494506,0.0648351648351648,0.0565934065934066,0.527106227106227
178773.411807,2527866.126422,0.0449211587825449,0.346351301796846,0.217821782178218,0.0421708837550422,0.0630729739640631,0.285661899523286
179273.411807,2527866.126422,0.421978021978022,0.0181318681318681,0.0106227106227106,0.00622710622710623,0.0450549450549451,0.497985347985348
179773.411807,2527866.126422,0.138461538461538,0.347252747252747,0,0.000366300366300366,0.0272893772893773,0.486630036630037
180273.411807,2527866.126422,0.277961129446278,0.104510451045105,0.0203520352035204,0.0546387972130546,0.0524385771910524,0.49009900990099
180773.411807,2527866.126422,0.0728937728937729,0.132051282051282,0,0.137545787545788,0.178937728937729,0.478571428571429
181273.411807,2527866.126422,0.386446886446886,0.00604395604395604,0.000549450549450549,0.00274725274725275,0.00805860805860806,0.596153846153846
181773.411807,2527866.126422,0.531353135313531,0.0152181884855152,0,0.00531719838650532,0.0374037403740374,0.410707737440411
182273.411807,2527866.126422,0.614468864468865,0.00732600732600733,0,0.0173992673992674,0.0756410256410256,0.285164835164835
182773.411807,2527866.126422,0.60952380952381,0.000183150183150183,0,0.000915750915750916,0.00970695970695971,0.37967032967033
183273.411807,2527866.126422,0.715438210487715,0,0,0.000183351668500183,0.000733406674000733,0.283645031169784
183773.411807,2527866.126422,0.77985347985348,0,0,0,0,0.22014652014652
184273.411807,2527866.126422,0.543223443223443,0,0,0.00769230769230769,0.0221611721611722,0.426923076923077
184773.411807,2527866.126422,0.564906490649065,0.0033003300330033,0,0.00201686835350202,0.0055005500550055,0.424275760909424
185273.411807,2527866.126422,0.365018315018315,0.0131868131868132,0.00128205128205128,0.000549450549450549,0.00604395604395604,0.613919413919414
185773.411807,2527866.126422,0.524051389303854,0.00746937556020317,0.00149387511204063,0.00328652524648939,0.0262922019719151,0.437406632805497
173273.411807,2527366.126422,0.119293078055965,0.0349779086892489,0,0.0600147275405007,0.0589101620029455,0.72680412371134
173773.411807,2527366.126422,0.0225563909774436,0.158995048597103,0,0.0265908674124335,0.0410783055198973,0.750779387493123
174273.411807,2527366.126422,0.0617555433388309,0.142935678944475,0.0109950522264981,0.185083379146051,0.097306212204508,0.501924134139637
174773.411807,2527366.126422,0.0427601394751331,0.192512387594054,0.164984400807488,0.18682327032483,0.109928427234355,0.30299137456414
175273.411807,2527366.126422,0.0997615991197506,0.172382174949569,0.0583165230148542,0.150559325142124,0.190904089492023,0.32807628828168
175773.411807,2527366.126422,0.109584020524097,0.165292285138354,0.00513102437236577,0.260032985156679,0.129008612790911,0.330951072017592
176273.411807,2527366.126422,0.110295467058176,0.177280234905487,0,0.198752064599009,0.0768948430904753,0.436777390346853
176773.411807,2527366.126422,0.090408949202274,0.120484137172199,0.224830368604438,0.135338345864662,0.0845406198422887,0.344397579314139
177273.411807,2527366.126422,0.0447132123877588,0.160711013377314,0.2869708631116,0.160894264247755,0.0518599963349826,0.29485065054059
177773.411807,2527366.126422,0.126261699394384,0.160029363185906,0.126078179482474,0.0857037988621766,0.114883464855937,0.387043494219123
178273.411807,2527366.126422,0.0863744727672841,0.400146708234,0.0370438290849074,0.0159545204474601,0.0146708233999633,0.445809646066385
178773.411807,2527366.126422,0.0890599230346344,0.463991203958219,0,0.0300531427524281,0.0875939160711013,0.329301814183617
179273.411807,2527366.126422,0.181317672967517,0.185538630941457,0,0.044411818682327,0.109377867498624,0.479354009910075
179773.411807,2527366.126422,0.0350265908674124,0.557674674491106,0,0.00201723821749496,0.0562992847973593,0.348982211626628
180273.411807,2527366.126422,0.0789811251603445,0.130657870624885,0,0.113615539673813,0.135422393256368,0.541323071284589
180773.411807,2527366.126422,0.0750596439713709,0.157276564507249,0,0.0946962745457882,0.1493852082951,0.523582308680492
181273.411807,2527366.126422,0.21584448927196,0.0209059233449477,0,0.0315422703099211,0.10416284613974,0.627544470933431
181773.411807,2527366.126422,0.575041231445849,0.000366501740883269,0,0.000183250870441635,0.00183250870441635,0.422576507238409
182273.411807,2527366.126422,0.433474031932465,0.00220223894292531,0,0.0165167920719398,0.0379886217654616,0.509818315287209
182773.411807,2527366.126422,0.624610306253438,0.000550155877498625,0,0.0133871263524665,0.0689528699798276,0.292499541536769
183273.411807,2527366.126422,0.813817115631299,0.00806303829943192,0,0.000916254352208173,0.00201575957485798,0.175187832142203
183773.411807,2527366.126422,0.767296751697559,0.000734079647641769,0,0.000183519911910442,0.0104606349788952,0.221325013763993
184273.411807,2527366.126422,0.737025490555657,0.00293416467999266,0.00110031175499725,0,0.00586832935998533,0.253071703649367
184773.411807,2527366.126422,0.512002932013927,0.0152098222466557,0,0.00842954004031519,0.0104452996151732,0.453912406083929
185273.411807,2527366.126422,0.740869884382455,0.00568911726922371,0.00862543585979079,0.000917599559552211,0.000734079647641769,0.243163883281336
185773.411807,2527366.126422,0.437200956937799,0.0176435406698565,0.0666866028708134,0.00508373205741627,0.0215311004784689,0.451854066985646
173273.411807,2526866.126422,0.132891588441009,0.041229523283637,0,0.0174857353211853,0.0612921038100497,0.747101049144119
173773.411807,2526866.126422,0.21830856723537,0.0350394423041644,0,0.314254265272427,0.148963492937076,0.283434232250963
174273.411807,2526866.126422,0.15018315018315,0.0463369963369963,0,0.22014652014652,0.108791208791209,0.474542124542125
174773.411807,2526866.126422,0.218348623853211,0.112844036697248,0.00146788990825688,0.181284403669725,0.218715596330275,0.267339449541284
175273.411807,2526866.126422,0.0420106402494955,0.387818748853421,0.0563199412951752,0.0642084021280499,0.104751421757476,0.344890845716382
175773.411807,2526866.126422,0.109157509157509,0.20970695970696,0.0380952380952381,0.147252747252747,0.104945054945055,0.390842490842491
176273.411807,2526866.126422,0.0688073394495413,0.0886238532110092,0.0121100917431193,0.504954128440367,0.114862385321101,0.210642201834862
176773.411807,2526866.126422,0.284534947716015,0.107136305265089,0.0572372041827188,0.0552192258301229,0.0491652907723353,0.446707026233719
177273.411807,2526866.126422,0.01996336996337,0.206959706959707,0.343589743589744,0.0456043956043956,0.078021978021978,0.305860805860806
177773.411807,2526866.126422,0.0629357798165138,0.104954128440367,0.451559633027523,0.116880733944954,0.0880733944954128,0.175596330275229
178273.411807,2526866.126422,0.0291689598238855,0.11410750321042,0.295542102366538,0.0603558980003669,0.151715281599706,0.349110254999083
178773.411807,2526866.126422,0.0822344322344322,0.376739926739927,0.0736263736263736,0.0928571428571429,0.121611721611722,0.252930402930403
179273.411807,2526866.126422,0.0273394495412844,0.585137614678899,0,0.0306422018348624,0.0803669724770642,0.27651376146789
179773.411807,2526866.126422,0.0526508897450009,0.300862227114291,0,0.0502660062373876,0.126215373325995,0.470005503577325
180273.411807,2526866.126422,0.132417582417582,0.0346153846153846,0,0.105860805860806,0.145238095238095,0.581868131868132
180773.411807,2526866.126422,0.140917431192661,0.0271559633027523,0,0.0271559633027523,0.0770642201834862,0.727706422018349
181273.411807,2526866.126422,0.211337369290039,0.0111906072280316,0,0.0324711062190424,0.130618235186204,0.614382682076683
181773.411807,2526866.126422,0.27051282051282,0.00457875457875458,0,0.0749084249084249,0.112637362637363,0.537362637362637
182273.411807,2526866.126422,0.605871559633028,0.00055045871559633,0,0.00018348623853211,0.00275229357798165,0.390642201834862
182773.411807,2526866.126422,0.72041827187672,0,0,0.000183452577508714,0.00807191341038342,0.271326362135388
183273.411807,2526866.126422,0.864652014652015,0.0179487179487179,0,0,0,0.117399267399267
183773.411807,2526866.126422,0.558348623853211,0.00825688073394495,0,0.0148623853211009,0.0499082568807339,0.368623853211009
184273.411807,2526866.126422,0.383232434415704,0.001284168042561,0,0.0381581361218125,0.0709961474958723,0.506329113924051
184773.411807,2526866.126422,0.51007326007326,0.0527472527472527,0.00512820512820513,0.0155677655677656,0.0470695970695971,0.369413919413919
185273.411807,2526866.126422,0.720733944954128,0.00422018348623853,0.00146788990825688,0.00238532110091743,0.0119266055045872,0.259266055045872
185773.411807,2526866.126422,0.52752842609216,0.0116696588868941,0.0110712148414123,0.00748055056852184,0.0463794135248354,0.395870736086176
173273.411807,2526366.126422,0.0411613377434767,0.126424108783535,0,0.587835354649026,0.0961043733921352,0.148474825431827
173773.411807,2526366.126422,0.0880952380952381,0.107326007326007,0.0139194139194139,0.16978021978022,0.217582417582418,0.403296703296703
174273.411807,2526366.126422,0.156215621562156,0.0473047304730473,0,0.156582324899157,0.17015034836817,0.46974697469747
174773.411807,2526366.126422,0.056043956043956,0.272161172161172,0.0556776556776557,0.252014652014652,0.0972527472527473,0.266849816849817
175273.411807,2526366.126422,0.0261904761904762,0.140659340659341,0.227655677655678,0.238644688644689,0.0756410256410256,0.291208791208791
175773.411807,2526366.126422,0.0823248991565823,0.092959295929593,0.141364136413641,0.238723872387239,0.199486615328199,0.245141180784745
176273.411807,2526366.126422,0.0633699633699634,0.0543956043956044,0.0212454212454212,0.35970695970696,0.21978021978022,0.281501831501832
176773.411807,2526366.126422,0.115018315018315,0.0512820512820513,0.00915750915750916,0.423076923076923,0.112454212454212,0.289010989010989
177273.411807,2526366.126422,0.035020168683535,0.169233590025669,0.125779244591126,0.0348368170150348,0.0245691235790246,0.610561056105611
177773.411807,2526366.126422,0.0227106227106227,0.063003663003663,0.190842490842491,0.587179487179487,0.0659340659340659,0.0703296703296703
178273.411807,2526366.126422,0.0879120879120879,0.0954212454212454,0.0639194139194139,0.213736263736264,0.0846153846153846,0.454395604395604
178773.411807,2526366.126422,0.0667400073340667,0.216905023835717,0.181151448478181,0.0634396773010634,0.101393472680601,0.37037037037037
179273.411807,2526366.126422,0.0624542124542125,0.428388278388278,0,0.0487179487179487,0.0857142857142857,0.374725274725275
179773.411807,2526366.126422,0.141208791208791,0.13974358974359,0.00915750915750916,0.0666666666666667,0.103479853479853,0.53974358974359
180273.411807,2526366.126422,0.0689402273560689,0.185368536853685,0.0737073707370737,0.121195452878621,0.158415841584158,0.392372570590392
180773.411807,2526366.126422,0.349450549450549,0.131684981684982,0,0,0.00824175824175824,0.510622710622711
181273.411807,2526366.126422,0.213369963369963,0.0172161172161172,0.00128205128205128,0.0531135531135531,0.109340659340659,0.605677655677656
181773.411807,2526366.126422,0.172717271727173,0.0342867620095343,0,0.200953428676201,0.211221122112211,0.380821415474881
182273.411807,2526366.126422,0.463919413919414,0.0206959706959707,0,0.00952380952380952,0.0265567765567766,0.479304029304029
182773.411807,2526366.126422,0.598168498168498,0,0,0.00146520146520147,0.0102564102564103,0.39010989010989
183273.411807,2526366.126422,0.722038870553722,0.00843417675100843,0,0.00055005500550055,0.00495049504950495,0.264026402640264
183773.411807,2526366.126422,0.509157509157509,0.00531135531135531,0.00384615384615385,0.0021978021978022,0.00787545787545788,0.471611721611722
184273.411807,2526366.126422,0.344505494505495,0.0208791208791209,0.00183150183150183,0.00274725274725275,0.0419413919413919,0.588095238095238
184773.411807,2526366.126422,0.457462412907957,0.000733406674000733,0,0.0225522552255226,0.0526219288595526,0.466629996332967
185273.411807,2526366.126422,0.546520146520146,0.0021978021978022,0.000183150183150183,0.0472527472527473,0.0593406593406593,0.344505494505495
185773.411807,2526366.126422,0.695847027188527,0.00956080071706005,0.00537795040334628,0.000298775022408127,0.00687182551538691,0.282043621153272
173273.411807,2525866.126422,0.0552282768777614,0.0635125184094256,0.00276141384388807,0.09259941089838,0.123895434462445,0.6620029455081
173773.411807,2525866.126422,0.126169081239685,0.0781221346048047,0.000183385292499542,0.244635980194388,0.208875848156978,0.342013570511645
174273.411807,2525866.126422,0.105552501374382,0.078248121678578,0,0.189298149166209,0.223566061938794,0.403335165842038
174773.411807,2525866.126422,0.0785465222976693,0.166269040190861,0,0.0787300422095797,0.100568911726922,0.575885483574968
175273.411807,2525866.126422,0.0768384375573079,0.0342930496974143,0.0271410232899321,0.0990280579497524,0.0819732257472951,0.680726205758298
175773.411807,2525866.126422,0.085761407366685,0.216052776250687,0.212204507971413,0.144035184167125,0.103536741799524,0.238409382444567
176273.411807,2525866.126422,0.079647641769132,0.0543218939254909,0.0313819049366856,0.258212516057992,0.201504863277666,0.374931180033034
176773.411807,2525866.126422,0.0715202640748212,0.0944434256372639,0.039611223179901,0.309554373739226,0.163579680909591,0.321291032459197
177273.411807,2525866.126422,0.0399486897562763,0.133956386292835,0.278174821330401,0.229430089792927,0.0765988638446033,0.241891148982958
177773.411807,2525866.126422,0.0433106992108644,0.186456230501009,0.227197650945128,0.26151587447238,0.0357863828225362,0.245733162048082
178273.411807,2525866.126422,0.0102695763799743,0.0713368787823217,0.0183385292499542,0.801760498807996,0.0416284613973959,0.0566660553823583
178773.411807,2525866.126422,0.0654205607476635,0.413780465457211,0,0.0241891148982958,0.0485614806670332,0.448048378229797
179273.411807,2525866.126422,0.0745090842356396,0.173976876491099,0,0.140025692787667,0.146632409616443,0.46485593686915
179773.411807,2525866.126422,0.0588666788923528,0.216211259856959,0.0407115349348982,0.0852741610122868,0.110764716669723,0.48817164863378
180273.411807,2525866.126422,0.0716510903426791,0.353307678211472,0.0870441634597764,0.0208905992303463,0.0179585853032802,0.449147883452446
180773.411807,2525866.126422,0.325564323729125,0.0719398054688934,0.00201871903101487,0.204991741603964,0.0554230133969536,0.34006239677005
181273.411807,2525866.126422,0.0693196405648267,0.0526315789473684,0,0.250871080139373,0.122134604804695,0.505043095543737
181773.411807,2525866.126422,0.243173905076049,0.0216236027121129,0,0.0756826094923951,0.0991387209089243,0.560381161810519
182273.411807,2525866.126422,0.323912644521931,0.000550559735731327,0,0.0209212699577904,0.0587263718113415,0.595889153973206
182773.411807,2525866.126422,0.562992847973593,0.127636163579681,0.000183385292499542,0.00495140289748762,0.0121034293049697,0.29213277095177
183273.411807,2525866.126422,0.453912406083929,0.000549752611324904,0.000183250870441635,0.0148433205057724,0.028587135788895,0.501924134139637
183773.411807,2525866.126422,0.304459533859424,0.10790970820334,0.14534777023307,0.000367039823820885,0.00293631859056708,0.438979629289778
184273.411807,2525866.126422,0.374105996699065,0.165230148542087,0.0306253438474234,0.00678525582248304,0.0247570144874381,0.398496240601504
184773.411807,2525866.126422,0.55488363569727,0.00128275609309144,0.0047645226314825,0.026571376214037,0.03811618105186,0.374381528312259
185273.411807,2525866.126422,0.266287392182052,0.00403743806202973,0.0012846393833731,0.0356028629106258,0.05395485410167,0.63883281336025
185773.411807,2525866.126422,0.469796650717703,0.0167464114832536,0.0391746411483254,0.00568181818181818,0.0260167464114833,0.442583732057416
173273.411807,2525366.126422,0.141726486287502,0.144671452236334,0,0.243327811522179,0.184244432173753,0.286029817780232
173773.411807,2525366.126422,0.254815630159604,0.0961291506145661,0,0.143459915611814,0.148046230049532,0.357549073564484
174273.411807,2525366.126422,0.13974358974359,0.10952380952381,0.00494505494505494,0.103663003663004,0.0924908424908425,0.5496336996337
174773.411807,2525366.126422,0.14605504587156,0.0396330275229358,0,0.420550458715596,0.121467889908257,0.272293577981651
175273.411807,2525366.126422,0.0999816547422491,0.119060722803155,0,0.264905521922583,0.154650522839846,0.361401577692167
175773.411807,2525366.126422,0.134432234432234,0.115934065934066,0,0.0576923076923077,0.0923076923076923,0.5996336996337
176273.411807,2525366.126422,0.0686238532110092,0.11302752293578,0.0100917431192661,0.100366972477064,0.0689908256880734,0.638899082568807
176773.411807,2525366.126422,0.0462300495321959,0.306365804439552,0.0289855072463768,0.0816363969913777,0.0563199412951752,0.480462300495322
177273.411807,2525366.126422,0.0553113553113553,0.216849816849817,0.12014652014652,0.22985347985348,0.0807692307692308,0.297069597069597
177773.411807,2525366.126422,0.0508256880733945,0.106422018348624,0.131376146788991,0.221284403669725,0.100550458715596,0.38954128440367
178273.411807,2525366.126422,0.0253164556962025,0.0412768299394606,0.122913226930838,0.704457897633462,0.0462300495321959,0.0598055402678408
178773.411807,2525366.126422,0.054029304029304,0.111904761904762,0.082967032967033,0.295787545787546,0.142124542124542,0.313186813186813
179273.411807,2525366.126422,0.0781651376146789,0.0464220183486239,0,0.346788990825688,0.205504587155963,0.323119266055046
179773.411807,2525366.126422,0.219776187855439,0.0464135021097046,0.000183452577508714,0.106219042377545,0.157402311502477,0.470005503577325
180273.411807,2525366.126422,0.397435897435897,0.0421245421245421,0,0.115567765567766,0.0919413919413919,0.352930402930403
180773.411807,2525366.126422,0.236330275229358,0.0455045871559633,0,0.108807339449541,0.0321100917431193,0.577247706422018
181273.411807,2525366.126422,0.183819482663731,0.0286186020913594,0.002568336085122,0.241423592001468,0.232801320858558,0.310768666299762
181773.411807,2525366.126422,0.318131868131868,0.0399267399267399,0,0.0804029304029304,0.144322344322344,0.417216117216117
182273.411807,2525366.126422,0.382935779816514,0.00697247706422018,0,0.0748623853211009,0.125321100917431,0.409908256880734
182773.411807,2525366.126422,0.35663181067694,0.0533847000550358,0.000183452577508714,0.0132085855806274,0.0442120711796001,0.532379379930288
183273.411807,2525366.126422,0.315384615384615,0.163186813186813,0.16007326007326,0.0749084249084249,0.0177655677655678,0.268681318681319
183773.411807,2525366.126422,0.40605504587156,0.109174311926606,0.0838532110091743,0.00385321100917431,0.00642201834862385,0.390642201834862
184273.411807,2525366.126422,0.454595487066593,0.279948633278298,0.00476976701522656,0.00110071546505228,0.00238488350761328,0.257200513667217
184773.411807,2525366.126422,0.446703296703297,0.203479853479853,0,0.000366300366300366,0.00183150183150183,0.347619047619048
185273.411807,2525366.126422,0.334495412844037,0.0524770642201835,0.00458715596330275,0.0207339449541284,0.0379816513761468,0.549724770642202
185773.411807,2525366.126422,0.39736684619988,0.000897666068222621,0,0.00718132854578097,0.0227408737283064,0.57181328545781
173273.411807,2524866.126422,0.164645350973907,0.0532892319000368,0.0363836824696803,0.0350973906651966,0.077728776185226,0.632855567805954
173773.411807,2524866.126422,0.125824175824176,0.104945054945055,0,0.218315018315018,0.112271062271062,0.438644688644689
174273.411807,2524866.126422,0.132563256325633,0.135313531353135,0.0311697836450312,0.063989732306564,0.0636230289695636,0.573340667400073
174773.411807,2524866.126422,0.108974358974359,0.0302197802197802,0,0.441575091575092,0.136446886446886,0.282783882783883
175273.411807,2524866.126422,0.128388278388278,0.0879120879120879,0,0.314468864468864,0.177289377289377,0.291941391941392
175773.411807,2524866.126422,0.117528419508618,0.154015401540154,0,0.106527319398607,0.0718738540520719,0.55005500550055
176273.411807,2524866.126422,0.0972527472527473,0.0518315018315018,0.0604395604395604,0.146153846153846,0.0690476190476191,0.575274725274725
176773.411807,2524866.126422,0.0772893772893773,0.110622710622711,0.0283882783882784,0.173260073260073,0.0937728937728938,0.516666666666667
177273.411807,2524866.126422,0.0418041804180418,0.175284195086175,0.0315364869820315,0.134580124679135,0.121745507884122,0.495049504950495
177773.411807,2524866.126422,0.0485347985347985,0.405311355311355,0.0216117216117216,0.0827838827838828,0.0564102564102564,0.385347985347985
178273.411807,2524866.126422,0.0683150183150183,0.134249084249084,0,0.304578754578755,0.18956043956044,0.303296703296703
178773.411807,2524866.126422,0.037953795379538,0.11019435276861,0.000183351668500183,0.466079941327466,0.165566556655666,0.22002200220022
179273.411807,2524866.126422,0.0617216117216117,0.161721611721612,0.000183150183150183,0.352930402930403,0.182234432234432,0.241208791208791
179773.411807,2524866.126422,0.0318681318681319,0.149450549450549,0,0.416666666666667,0.132417582417582,0.26959706959707
180273.411807,2524866.126422,0.0588558855885589,0.0555555555555556,0,0.25009167583425,0.170883755042171,0.464613127979465
180773.411807,2524866.126422,0.148717948717949,0.0106227106227106,0,0.137728937728938,0.167399267399267,0.535531135531136
181273.411807,2524866.126422,0.394322344322344,0.0108058608058608,0,0.0956043956043956,0.112271062271062,0.386996336996337
181773.411807,2524866.126422,0.529336266960029,0.00146681334800147,0,0.000916758342500917,0.00385038503850385,0.464429776310964
182273.411807,2524866.126422,0.578937728937729,0.000183150183150183,0,0.00366300366300366,0.00897435897435897,0.408241758241758
182773.411807,2524866.126422,0.40989010989011,0.191208791208791,0.154395604395604,0.00311355311355311,0.000732600732600733,0.240659340659341
183273.411807,2524866.126422,0.324349101576824,0.0368536853685369,0.443160982764943,0.0122845617895123,0.0011001100110011,0.182251558489182
