"x","y","forest","agri","water","built","other","grass"
313273.411807,2779366.126422,0.760682193288098,0,0,0.00238400880249404,0.0115532734274711,0.225380524481937
313773.411807,2779366.126422,0.900311526479751,0,0,0,0,0.0996884735202492
314273.411807,2779366.126422,0.916498440080749,0,0,0,0,0.0835015599192512
314773.411807,2779366.126422,0.830185219145425,0.00110031175499725,0,0.000366770584999083,0.00238400880249404,0.165963689712085
315273.411807,2779366.126422,0.864577606743632,0,0,0,0,0.135422393256368
315773.411807,2779366.126422,0.917416039640301,0,0,0,0,0.082583960359699
316273.411807,2779366.126422,0.862277645332844,0,0,0,0.00275077938749312,0.134971575279663
316773.411807,2779366.126422,0.650357339197361,0.00549752611324904,0,0.00238226131574125,0.0155763239875389,0.32618654938611
317273.411807,2779366.126422,0.783079464121857,0.00183519911910442,0,0,0.00458799779776106,0.210497338961277
317773.411807,2779366.126422,0.953603520997616,0,0,0,0,0.046396479002384
318273.411807,2779366.126422,0.779365951988272,0.00109950522264981,0,0.00549752611324904,0.0117280557082646,0.202308960967565
318773.411807,2779366.126422,0.730776289227381,0.00275279867865663,0,0.00183519911910442,0.00862543585979079,0.256010277115067
319273.411807,2779366.126422,0.934164679992665,0,0,0,0,0.0658353200073354
319773.411807,2779366.126422,0.698918819864394,0,0,0,0,0.301081180135606
320273.411807,2779366.126422,0.379335657918884,0.0201871903101487,0.0119287942741787,0.0629473297852817,0.106808588731877,0.418792438979629
320773.411807,2779366.126422,0.784522281313039,0.0227397762699432,0,0.00330093526499175,0.00495140289748762,0.184485604254539
321273.411807,2779366.126422,0.620487447315375,0.00586402785413231,0.000733003481766538,0,0.000366501740883269,0.372549019607843
321773.411807,2779366.126422,0.56836116718664,0.00220223894292531,0.000183519911910442,0.0117452743622683,0.0409249403560286,0.376582859240228
322273.411807,2779366.126422,0.241518430221896,0.0579497524298551,0.0282413350449294,0.0834403080872914,0.204291215844489,0.384558958371539
322773.411807,2779366.126422,0.190397654388858,0.0461792193512919,0.0302363936228697,0.365218984790178,0.21183800623053,0.156129741616273
323273.411807,2779366.126422,0.716645256010277,0.00422095797394017,0.0047715177096715,0.0620297302257295,0.0187190310148651,0.193613507065517
323773.411807,2779366.126422,0.640748211993398,0.00128369704749679,0,0.0159545204474601,0.0174216027874564,0.324591967724189
324273.411807,2779366.126422,0.535459043430456,0.0117280557082646,0.000183250870441635,0.0240058640278541,0.0579072750595565,0.370716510903427
324773.411807,2779366.126422,0.296201137823454,0.0211047898697009,0.00256927876674619,0.310515690952468,0.184070471646174,0.185538630941457
325273.411807,2779366.126422,0.610122868145975,0.0128369704749679,0.000550155877498625,0.0469466348798826,0.0863744727672841,0.243168897854392
313273.411807,2778866.126422,0.693083837827921,0.00201797835259585,0,0.00366905155017428,0.0110071546505228,0.290221977618786
313773.411807,2778866.126422,0.828205128205128,0.00183150183150183,0,0.00201465201465201,0.0115384615384615,0.156410256410256
314273.411807,2778866.126422,0.848256880733945,0.00201834862385321,0,0.00018348623853211,0.00073394495412844,0.148807339449541
314773.411807,2778866.126422,0.867730691616217,0,0,0.00165107319757843,0.0078884608328747,0.12272977435333
315273.411807,2778866.126422,0.877472527472527,0,0,0.00805860805860806,0.0021978021978022,0.112271062271062
315773.411807,2778866.126422,0.845504587155963,0.00055045871559633,0,0.00018348623853211,0.00256880733944954,0.151192660550459
316273.411807,2778866.126422,0.805173362685746,0.0264171711612548,0,0.00220143093010457,0.00825536598789213,0.157952669235003
316773.411807,2778866.126422,0.74029304029304,0.00201465201465201,0,0.00384615384615385,0.00805860805860806,0.245787545787546
317273.411807,2778866.126422,0.880917431192661,0.000917431192660551,0,0.00018348623853211,0.00073394495412844,0.117247706422018
317773.411807,2778866.126422,0.906072280315538,0.000366905155017428,0,0,0,0.0935608145294441
318273.411807,2778866.126422,0.844871794871795,0.000183150183150183,0,0.000366300366300366,0.00128205128205128,0.153296703296703
318773.411807,2778866.126422,0.800550458715596,0.00036697247706422,0,0.0018348623853211,0.00972477064220183,0.187522935779817
319273.411807,2778866.126422,0.645019262520638,0,0,0.0199963309484498,0.0234819299211154,0.311502476609796
319773.411807,2778866.126422,0.625457875457875,0.00769230769230769,0,0.0144688644688645,0.0615384615384615,0.290842490842491
320273.411807,2778866.126422,0.525688073394495,0.0119266055045872,0,0.0280733944954128,0.0352293577981651,0.399082568807339
320773.411807,2778866.126422,0.626123647037241,0.00366905155017428,0,0.00495321959273528,0.00935608145294441,0.355898000366905
321273.411807,2778866.126422,0.688095238095238,0.000549450549450549,0,0,0,0.311355311355311
321773.411807,2778866.126422,0.688440366972477,0.00110091743119266,0,0.00146788990825688,0.00513761467889908,0.303853211009174
322273.411807,2778866.126422,0.277013392038158,0.0100898917629793,0.00275178866263071,0.0926435516419006,0.111722619702807,0.505778756191524
322773.411807,2778866.126422,0.495238095238095,0.000549450549450549,0,0.00641025641025641,0.0152014652014652,0.482600732600733
323273.411807,2778866.126422,0.331009174311927,0.0310091743119266,0.0234862385321101,0.0864220183486239,0.133761467889908,0.394311926605505
323773.411807,2778866.126422,0.64905521922583,0.00458631443771785,0,0.0152265639332233,0.0495321959273528,0.281599706475876
324273.411807,2778866.126422,0.736446886446886,0,0,0,0,0.263553113553114
324773.411807,2778866.126422,0.551009174311927,0.0198165137614679,0.00715596330275229,0.0577981651376147,0.101651376146789,0.26256880733945
325273.411807,2778866.126422,0.701706108970831,0.0144927536231884,0.000550357732526142,0.0328380113740598,0.0654925701706109,0.184920198128784
313273.411807,2778366.126422,0.796886446886447,0.00164835164835165,0.000366300366300366,0.00201465201465201,0.0181318681318681,0.180952380952381
313773.411807,2778366.126422,0.627612761276128,0.00128346167950128,0,0.0117345067840117,0.0348368170150348,0.324532453245325
314273.411807,2778366.126422,0.835347985347985,0.00183150183150183,0.000732600732600733,0.0010989010989011,0.00402930402930403,0.156959706959707
314773.411807,2778366.126422,0.777472527472527,0.000183150183150183,0,0.00402930402930403,0.0195970695970696,0.198717948717949
315273.411807,2778366.126422,0.7002200220022,0.00348368170150348,0,0.0170517051705171,0.0702236890355702,0.209020902090209
315773.411807,2778366.126422,0.792307692307692,0.0021978021978022,0,0.000366300366300366,0.00567765567765568,0.199450549450549
316273.411807,2778366.126422,0.873076923076923,0,0,0,0,0.126923076923077
316773.411807,2778366.126422,0.785845251191786,0.00165016501650165,0,0.00238357169050238,0.0124679134580125,0.197653098643198
317273.411807,2778366.126422,0.888461538461538,0.00164835164835165,0,0,0.00238095238095238,0.107509157509158
317773.411807,2778366.126422,0.860989010989011,0.000732600732600733,0,0,0,0.138278388278388
318273.411807,2778366.126422,0.884488448844885,0,0,0,0,0.115511551155116
318773.411807,2778366.126422,0.820695970695971,0.000366300366300366,0,0.00879120879120879,0.00970695970695971,0.16043956043956
319273.411807,2778366.126422,0.479304029304029,0.0128205128205128,0.00311355311355311,0.0437728937728938,0.0974358974358974,0.363553113553114
319773.411807,2778366.126422,0.399156582324899,0.0322698936560323,0.000183351668500183,0.0418041804180418,0.0584891822515585,0.468096809680968
320273.411807,2778366.126422,0.731135531135531,0.00934065934065934,0,0,0.0010989010989011,0.258424908424908
320773.411807,2778366.126422,0.819047619047619,0.000549450549450549,0,0,0,0.18040293040293
321273.411807,2778366.126422,0.74990832416575,0.00055005500550055,0,0.00146681334800147,0.00201686835350202,0.246057939127246
321773.411807,2778366.126422,0.61043956043956,0.00347985347985348,0,0.0206959706959707,0.0380952380952381,0.327289377289377
322273.411807,2778366.126422,0.370695970695971,0,0,0.00512820512820513,0.00201465201465201,0.622161172161172
322773.411807,2778366.126422,0.291529152915292,0.0176017601760176,0.00146681334800147,0.0683901723505684,0.0386872020535387,0.582324899156582
323273.411807,2778366.126422,0.408608058608059,0.0241758241758242,0.00879120879120879,0.0677655677655678,0.143223443223443,0.347435897435897
323773.411807,2778366.126422,0.415567765567766,0.0287545787545788,0.0371794871794872,0.0415750915750916,0.0978021978021978,0.379120879120879
324273.411807,2778366.126422,0.565823248991566,0.0106343967730106,0.00275027502750275,0.0903923725705904,0.121562156215622,0.208837550421709
324773.411807,2778366.126422,0.297619047619048,0.00805860805860806,0.000915750915750916,0.0582417582417582,0.105494505494505,0.52967032967033
325273.411807,2778366.126422,0.475457875457875,0.0120879120879121,0.000183150183150183,0.017032967032967,0.0728937728937729,0.422344322344322
313273.411807,2777866.126422,0.637814047313406,0.000366770584999083,0,0.00311754997249221,0.0157711351549606,0.342930496974143
313773.411807,2777866.126422,0.872090892431739,0.00183250870441635,0,0.000183250870441635,0.00256551218618288,0.12332783580722
314273.411807,2777866.126422,0.865663424481556,0.000550559735731327,0,0.000550559735731327,0.00165167920719398,0.131583776839787
314773.411807,2777866.126422,0.626077388593435,0.000916926462497708,0.000366770584999083,0.01998899688245,0.041995231982395,0.310654685494223
315273.411807,2777866.126422,0.804288070368334,0.00439802089059923,0,0.00219901044529962,0.0175920835623969,0.17152281473337
315773.411807,2777866.126422,0.945311066250688,0,0,0,0,0.0546889337493118
316273.411807,2777866.126422,0.885200806895287,0,0,0,0.000366770584999083,0.114432422519714
316773.411807,2777866.126422,0.919552867876122,0.000183250870441635,0,0,0.00219901044529962,0.0780648708081363
317273.411807,2777866.126422,0.781244265002753,0.00623967700495504,0,0.0047715177096715,0.0330335841438796,0.174710956138741
317773.411807,2777866.126422,0.87181368054282,0.00165046763249587,0,0.000183385292499542,0,0.126352466532184
318273.411807,2777866.126422,0.812351108667766,0.00128275609309144,0.000183250870441635,0.000366501740883269,0.00219901044529962,0.183617372182518
318773.411807,2777866.126422,0.628372178381354,0.00568911726922371,0,0.0400073407964764,0.0363369425582676,0.289594420994678
319273.411807,2777866.126422,0.556207592151109,0.0210893086374473,0.000183385292499542,0.0212726939299468,0.033192737942417,0.36805428204658
319773.411807,2777866.126422,0.389774601429357,0.0260216236027121,0.000183250870441635,0.0430639545537841,0.083745647791827,0.457210921751878
320273.411807,2777866.126422,0.778307946412186,0.00220223894292531,0,0,0.000183519911910442,0.219306294732979
320773.411807,2777866.126422,0.729139922978177,0.0121034293049697,0.0022006235099945,0.00935264991747662,0.00403447643498991,0.243168897854392
321273.411807,2777866.126422,0.698369067253069,0.00128275609309144,0,0.000733003481766538,0.00274876305662452,0.296866410115448
321773.411807,2777866.126422,0.599743072123325,0.00201871903101487,0,0.00752431638832813,0.0277115066984768,0.363002385758855
322273.411807,2777866.126422,0.511094810196222,0.00935264991747662,0.00165046763249587,0.149092242802127,0.0975609756097561,0.231248853841922
322773.411807,2777866.126422,0.515301447681876,0.00458127176104087,0.000549752611324904,0.0593732820230896,0.0344511636430273,0.385743082279641
323273.411807,2777866.126422,0.148284088823637,0.0991007524316388,0.0411084602679391,0.170489998164801,0.175812075610204,0.36520462470178
323773.411807,2777866.126422,0.22006235099945,0.0271410232899321,0.015587749862461,0.183568677792041,0.212910324591968,0.340729873464148
324273.411807,2777866.126422,0.32508704416346,0.0454462158695254,0.0282206340480117,0.141103170240059,0.16254352208173,0.297599413597215
324773.411807,2777866.126422,0.378051018535511,0.00532207744540283,0.009543035419343,0.0600110111947146,0.055606533308864,0.491466324096164
325273.411807,2777866.126422,0.506510177883734,0,0,0.0144874381074638,0.0513478818998716,0.427654502108931
313273.411807,2777366.126422,0.70610897083104,0.00165107319757843,0,0.00642084021280499,0.0273344340487984,0.258484681709778
313773.411807,2777366.126422,0.736630036630037,0.000915750915750916,0,0.0021978021978022,0.00897435897435897,0.251282051282051
314273.411807,2777366.126422,0.936146788990826,0,0,0,0,0.0638532110091743
314773.411807,2777366.126422,0.607594936708861,0.00476976701522656,0,0.0104567969179967,0.0366905155017428,0.340487983856173
315273.411807,2777366.126422,0.918681318681319,0.0032967032967033,0,0.00164835164835165,0.00549450549450549,0.0708791208791209
315773.411807,2777366.126422,0.92954128440367,0,0,0,0,0.0704587155963303
316273.411807,2777366.126422,0.900018345257751,0,0,0,0,0.0999816547422491
316773.411807,2777366.126422,0.900915750915751,0,0,0.000366300366300366,0.000366300366300366,0.0983516483516483
317273.411807,2777366.126422,0.82256880733945,0.00073394495412844,0,0.00348623853211009,0.0143119266055046,0.158899082568807
317773.411807,2777366.126422,0.886809759677123,0,0,0.000733810310034856,0.00476976701522656,0.107686662997615
318273.411807,2777366.126422,0.804212454212454,0.0032967032967033,0,0,0,0.192490842490843
318773.411807,2777366.126422,0.533394495412844,0.0236697247706422,0,0.00642201834862385,0.0321100917431193,0.404403669724771
319273.411807,2777366.126422,0.808658961658411,0,0,0,0,0.191341038341589
319773.411807,2777366.126422,0.641575091575092,0.00824175824175824,0,0.0318681318681319,0.0472527472527473,0.271062271062271
320273.411807,2777366.126422,0.541284403669725,0.00642201834862385,0.00055045871559633,0.0322935779816514,0.0598165137614679,0.359633027522936
320773.411807,2777366.126422,0.783709411117226,0.002568336085122,0,0.00770500825536599,0.00513667217024399,0.200880572372042
321273.411807,2777366.126422,0.727106227106227,0.000183150183150183,0,0.000183150183150183,0.0010989010989011,0.271428571428571
321773.411807,2777366.126422,0.472844036697248,0.0110091743119266,0.00568807339449541,0.10256880733945,0.127706422018349,0.280183486238532
322273.411807,2777366.126422,0.319207484865162,0.014125848468171,0.0106402494955054,0.161071363052651,0.133370023848835,0.361585030269675
322773.411807,2777366.126422,0.0891941391941392,0.0435897435897436,0.0250915750915751,0.258791208791209,0.214102564102564,0.369230769230769
323273.411807,2777366.126422,0.389724770642202,0.066605504587156,0.0137614678899083,0.167155963302752,0.112110091743119,0.250642201834862
323773.411807,2777366.126422,0.476609796367639,0.0399926618968997,0.0372408732342689,0.000733810310034856,0.00752155567785727,0.4379013025133
324273.411807,2777366.126422,0.208241758241758,0.0668498168498168,0.0326007326007326,0.215934065934066,0.164652014652015,0.311721611721612
324773.411807,2777366.126422,0.349724770642202,0.0644036697247706,0.0365137614678899,0.147889908256881,0.146422018348624,0.255045871559633
325273.411807,2777366.126422,0.430379746835443,0.0299027701339204,0.020546688680976,0.0941111722619703,0.093010456796918,0.332049165290772
313273.411807,2776866.126422,0.804395604395604,0.000366300366300366,0,0.00238095238095238,0.00750915750915751,0.185347985347985
313773.411807,2776866.126422,0.633846718005134,0.00055005500550055,0,0.00293362669600293,0.0135680234690136,0.349101576824349
314273.411807,2776866.126422,0.727838827838828,0.00897435897435897,0.000183150183150183,0.00970695970695971,0.0858974358974359,0.167399267399267
314773.411807,2776866.126422,0.556410256410256,0.0179487179487179,0.000183150183150183,0.0287545787545788,0.144871794871795,0.251831501831502
315273.411807,2776866.126422,0.883571690502384,0.00385038503850385,0,0,0,0.112577924459113
315773.411807,2776866.126422,0.883882783882784,0,0,0,0,0.116117216117216
316273.411807,2776866.126422,0.778754578754579,0.000183150183150183,0,0.00128205128205128,0.00494505494505494,0.214835164835165
316773.411807,2776866.126422,0.81041437477081,0.000916758342500917,0,0,0.000916758342500917,0.187752108544188
317273.411807,2776866.126422,0.716300366300366,0.021978021978022,0,0.00274725274725275,0.0327838827838828,0.226190476190476
317773.411807,2776866.126422,0.674908424908425,0.00714285714285714,0,0.0021978021978022,0.0580586080586081,0.257692307692308
318273.411807,2776866.126422,0.73028969563623,0.00623395672900623,0,0.00165016501650165,0.0106343967730106,0.251191785845251
318773.411807,2776866.126422,0.750732600732601,0,0,0.00659340659340659,0.00824175824175824,0.234432234432234
319273.411807,2776866.126422,0.802564102564103,0.0043956043956044,0,0,0,0.193040293040293
319773.411807,2776866.126422,0.513201320132013,0.00146681334800147,0,0,0,0.485331866519985
320273.411807,2776866.126422,0.513919413919414,0.0102564102564103,0.000732600732600733,0.00970695970695971,0.0157509157509158,0.4496336996337
320773.411807,2776866.126422,0.302930402930403,0.0357142857142857,0.0175824175824176,0.0706959706959707,0.1,0.473076923076923
321273.411807,2776866.126422,0.236707004033737,0.0331866519985332,0.0388705537220389,0.0693069306930693,0.092959295929593,0.528969563623029
321773.411807,2776866.126422,0.0331501831501832,0.0516483516483516,0.0446886446886447,0.572527472527472,0.188095238095238,0.10989010989011
322273.411807,2776866.126422,0.0159340659340659,0.0353479853479853,0.0289377289377289,0.667032967032967,0.174175824175824,0.0785714285714286
322773.411807,2776866.126422,0.297029702970297,0.0372203887055372,0.0177851118445178,0.365419875320865,0.0616061606160616,0.220938760542721
323273.411807,2776866.126422,0.829120879120879,0.000183150183150183,0,0,0,0.170695970695971
323773.411807,2776866.126422,0.637179487179487,0.010989010989011,0.0010989010989011,0.0100732600732601,0.0562271062271062,0.284432234432234
324273.411807,2776866.126422,0.261276127612761,0.0335533553355336,0.0264026402640264,0.228639530619729,0.174184085075174,0.275944261092776
324773.411807,2776866.126422,0.425274725274725,0.0032967032967033,0,0.0791208791208791,0.0362637362637363,0.456043956043956
325273.411807,2776866.126422,0.221611721611722,0.0186813186813187,0.0181318681318681,0.33956043956044,0.158791208791209,0.243223443223443
313273.411807,2776366.126422,0.876214927562809,0.000733541169998166,0,0,0,0.123051531267192
313773.411807,2776366.126422,0.78358072200843,0.00403151914971596,0,0.00384826827927433,0.015026571376214,0.193512919186366
314273.411807,2776366.126422,0.764910992842723,0.00110111947146265,0,0.00935951550743256,0.0121123141860892,0.212516057992292
314773.411807,2776366.126422,0.618558591600954,0.000733541169998166,0,0.00861910874747845,0.0221896203924445,0.349899138089125
315273.411807,2776366.126422,0.721458676928715,0,0,0.0130108118013561,0.0214403518416712,0.244090159428257
315773.411807,2776366.126422,0.573866764543953,0.009543035419343,0.0350523031748945,0,0.00844191594788034,0.373095980913929
316273.411807,2776366.126422,0.809829451677975,0.00311754997249221,0,0,0,0.187052998349532
316773.411807,2776366.126422,0.669415429723291,0.0128275609309144,0.000183250870441635,0.00164925783397471,0.0379329301814184,0.27799157045996
317273.411807,2776366.126422,0.492934483391448,0.025325747843641,0.0012846393833731,0.0334006239677005,0.118370343182235,0.328684162231602
317773.411807,2776366.126422,0.828351366220429,0.000733541169998166,0,0,0.00146708233999633,0.169448010269576
318273.411807,2776366.126422,0.747297049660986,0.00384826827927433,0,0,0,0.24885468205974
318773.411807,2776366.126422,0.593870434942191,0.00201871903101487,0,0.022389429253074,0.0143145531290145,0.367406863644705
319273.411807,2776366.126422,0.586099394828535,0.00421786172748946,0.00385109114249037,0.0784889051898038,0.06400146708234,0.263341280029342
319773.411807,2776366.126422,0.581455011911307,0.00641378046545721,0.0053142752428074,0.0205240974894631,0.0819131390874107,0.304379695803555
320273.411807,2776366.126422,0.340612956505781,0.0449623784180584,0.0484492567443568,0.0781794824738484,0.0521196549825656,0.43567627087539
320773.411807,2776366.126422,0.227764533284431,0.0212726939299468,0.0309921144324225,0.2800293416468,0.163396295617092,0.276545021089309
321273.411807,2776366.126422,0.0384826827927433,0.0186915887850467,0.0207073483599047,0.461975444383361,0.223016309327469,0.237126626351475
321773.411807,2776366.126422,0.0378051018535511,0.04147550009176,0.04147550009176,0.561020370710222,0.1616810423931,0.156542484859607
322273.411807,2776366.126422,0.192921327709518,0.0324591967724189,0.0122868145974693,0.358151476251605,0.209792774619476,0.194388410049514
322773.411807,2776366.126422,0.496426608026388,0.00806303829943192,0.00439802089059923,0.0949239508887667,0.0923584387025838,0.30382994319223
323273.411807,2776366.126422,0.771517709671499,0,0,0,0,0.228482290328501
323773.411807,2776366.126422,0.659270126535852,0.00256739409499358,0,0.0161379057399597,0.0478635613423803,0.274161012286815
324273.411807,2776366.126422,0.222466556716144,0.0364669232178853,0.0256551218618288,0.206340480117281,0.196628183983874,0.312442734102987
324773.411807,2776366.126422,0.540649660488163,0.00311983850247752,0.00201871903101487,0.0284455863461186,0.0563406129565058,0.36942558267572
325273.411807,2776366.126422,0.59581881533101,0.00495140289748762,0.000733541169998166,0.0673024023473317,0.0381441408399046,0.293049697414267
313273.411807,2775866.126422,0.741515318290222,0.00110071546505228,0.000183452577508714,0,0.000183452577508714,0.257017061089708
313773.411807,2775866.126422,0.81978021978022,0,0,0,0,0.18021978021978
314273.411807,2775866.126422,0.764036697247706,0,0,0,0.00055045871559633,0.235412844036697
314773.411807,2775866.126422,0.625206384149697,0.0148596587782058,0,0.0143093010456797,0.0332049165290772,0.31241973949734
315273.411807,2775866.126422,0.229120879120879,0.0206959706959707,0.00402930402930403,0.155677655677656,0.271611721611722,0.318864468864469
315773.411807,2775866.126422,0.613394495412844,0.00862385321100917,0.00073394495412844,0.0108256880733945,0.0570642201834862,0.309357798165138
316273.411807,2775866.126422,0.779673454412035,0,0,0,0,0.220326545587966
316773.411807,2775866.126422,0.703663003663004,0.00293040293040293,0,0.000183150183150183,0.00952380952380952,0.283699633699634
317273.411807,2775866.126422,0.271376146788991,0.0223853211009174,0,0.0293577981651376,0.251376146788991,0.425504587155963
317773.411807,2775866.126422,0.699504678040726,0.00330214639515685,0,0,0.000183452577508714,0.297009722986608
318273.411807,2775866.126422,0.712637362637363,0.000183150183150183,0,0,0.000366300366300366,0.286813186813187
318773.411807,2775866.126422,0.657798165137615,0.0163302752293578,0.0247706422018349,0.00403669724770642,0.00165137614678899,0.295412844036697
319273.411807,2775866.126422,0.499174463401211,0.0220143093010457,0.00330214639515685,0.0924600990643919,0.110071546505228,0.272977435332966
319773.411807,2775866.126422,0.480952380952381,0.00274725274725275,0,0.0822344322344322,0.0921245421245421,0.341941391941392
320273.411807,2775866.126422,0.0827522935779817,0.0381651376146789,0.0526605504587156,0.225688073394495,0.141651376146789,0.459082568807339
320773.411807,2775866.126422,0.222894881673088,0.0223812144560631,0.0137589433131535,0.26967528893781,0.303063658044396,0.168226013575491
321273.411807,2775866.126422,0.245604395604396,0.0615384615384615,0.0353479853479853,0.256959706959707,0.154212454212454,0.246336996336996
321773.411807,2775866.126422,0.340366972477064,0.0168807339449541,0.00110091743119266,0.0572477064220183,0.0411009174311927,0.543302752293578
322273.411807,2775866.126422,0.625022931572189,0.00146762062006971,0,0.00238488350761328,0.00421940928270042,0.366905155017428
322773.411807,2775866.126422,0.550549450549451,0.0021978021978022,0,0.0172161172161172,0.0353479853479853,0.394688644688645
323273.411807,2775866.126422,0.678348623853211,0.000917431192660551,0,0.00440366972477064,0.0181651376146789,0.298165137614679
323773.411807,2775866.126422,0.609979820216474,0,0,0.00275178866263071,0.00697119794533113,0.380297193175564
324273.411807,2775866.126422,0.666117216117216,0.00787545787545788,0.0106227106227106,0.0010989010989011,0.0119047619047619,0.302380952380952
324773.411807,2775866.126422,0.571009174311927,0.00110091743119266,0,0.0110091743119266,0.0319266055045872,0.384954128440367
325273.411807,2775866.126422,0.776738213171895,0.000183452577508714,0,0,0,0.223078334250596
313273.411807,2775366.126422,0.806043956043956,0.00366300366300366,0.00146520146520147,0.00164835164835165,0.00879120879120879,0.178388278388278
313773.411807,2775366.126422,0.789328932893289,0,0,0,0.000733406674000733,0.20993766043271
314273.411807,2775366.126422,0.447802197802198,0.00970695970695971,0,0.0694139194139194,0.146336996336996,0.326739926739927
314773.411807,2775366.126422,0.583150183150183,0.000915750915750916,0,0.0703296703296703,0.0481684981684982,0.297435897435897
315273.411807,2775366.126422,0.37037037037037,0.0267693436010268,0.00385038503850385,0.134580124679135,0.133480014668133,0.330949761642831
315773.411807,2775366.126422,0.759340659340659,0.0104395604395604,0,0.03003663003663,0.0450549450549451,0.155128205128205
316273.411807,2775366.126422,0.821794871794872,0.00183150183150183,0,0,0,0.176373626373626
316773.411807,2775366.126422,0.648148148148148,0.000183351668500183,0,0.00458379171250458,0.0133846718005134,0.333700036670334
317273.411807,2775366.126422,0.498717948717949,0.028021978021978,0.00970695970695971,0.0294871794871795,0.0968864468864469,0.337179487179487
317773.411807,2775366.126422,0.334981684981685,0.0336996336996337,0.015018315018315,0.041025641025641,0.130586080586081,0.444688644688645
318273.411807,2775366.126422,0.111294462779611,0.0506050605060506,0.0911257792445911,0.186651998533187,0.170700403373671,0.38962229556289
318773.411807,2775366.126422,0.17014652014652,0.0344322344322344,0.0633699633699634,0.147619047619048,0.176007326007326,0.408424908424908
319273.411807,2775366.126422,0.0727106227106227,0.0529304029304029,0.0461538461538462,0.221428571428571,0.193040293040293,0.413736263736264
319773.411807,2775366.126422,0.0936927026035937,0.0511551155115512,0.0603226989365603,0.266960029336267,0.194536120278695,0.333333333333333
320273.411807,2775366.126422,0.0551282051282051,0.0386446886446886,0.015018315018315,0.577289377289377,0.254761904761905,0.0591575091575092
320773.411807,2775366.126422,0.0476190476190476,0.039010989010989,0.0360805860805861,0.416849816849817,0.184615384615385,0.275824175824176
321273.411807,2775366.126422,0.396039603960396,0.00953428676200953,0.00348368170150348,0.122295562889622,0.0951595159515952,0.373487348734873
321773.411807,2775366.126422,0.429487179487179,0.00421245421245421,0.000183150183150183,0.0551282051282051,0.0761904761904762,0.434798534798535
322273.411807,2775366.126422,0.71043956043956,0.000183150183150183,0,0,0.000183150183150183,0.289194139194139
322773.411807,2775366.126422,0.662082874954162,0,0,0.00055005500550055,0.00165016501650165,0.335716905023836
323273.411807,2775366.126422,0.849267399267399,0.000732600732600733,0,0,0.000183150183150183,0.14981684981685
323773.411807,2775366.126422,0.86025641025641,0,0,0,0,0.13974358974359
324273.411807,2775366.126422,0.577924459112578,0.0236523652365237,0.283278327832783,0,0.0099009900990099,0.105243857719105
324773.411807,2775366.126422,0.822161172161172,0.00695970695970696,0,0,0,0.170879120879121
325273.411807,2775366.126422,0.491941391941392,0.0021978021978022,0,0.021978021978022,0.0408424908424908,0.443040293040293
313273.411807,2774866.126422,0.486887951586283,0.0212726939299468,0.00110031175499725,0.0915092609572712,0.165780304419586,0.233449477351916
313773.411807,2774866.126422,0.605277625068719,0.0042147700201576,0,0.00366501740883269,0.0243723657687374,0.362470221733553
314273.411807,2774866.126422,0.434758671315838,0.0335841438796109,0.00183519911910442,0.0732244448522665,0.143879610937787,0.312717929895394
314773.411807,2774866.126422,0.262424353566844,0.0447460113698881,0.000916926462497708,0.222262974509444,0.189803777737026,0.2798459563543
315273.411807,2774866.126422,0.247571925966648,0.0432472054242258,0.00842954004031519,0.127909107568261,0.12332783580722,0.44951438519333
315773.411807,2774866.126422,0.727472930812993,0.0155991925123876,0,0.00330335841438796,0.0181684712791338,0.235456046981097
316273.411807,2774866.126422,0.751696313955621,0.000550155877498625,0,0.000550155877498625,0.00238400880249404,0.244819365486888
316773.411807,2774866.126422,0.595931830676196,0.00329851566794942,0,0.013560564412681,0.0467289719626168,0.340480117280557
317273.411807,2774866.126422,0.163516241512204,0.0644154890805652,0.0412919801798495,0.146081849880712,0.193246467241696,0.391447972104973
317773.411807,2774866.126422,0.0539152759948652,0.0739042728773152,0.0784889051898038,0.352833302769118,0.178250504309554,0.262607738859343
318273.411807,2774866.126422,0.639545537841305,0.0128275609309144,0.00183250870441635,0.0621220450797141,0.0547920102620487,0.228880337181602
318773.411807,2774866.126422,0.354743989722885,0.0113782345384474,0.0229399889888053,0.1159845843274,0.0906588364837585,0.404294365938704
319273.411807,2774866.126422,0.0583165230148542,0.00605171465248487,0,0.566843939116083,0.207775536401981,0.161012286814597
319773.411807,2774866.126422,0.0927249404434671,0.0573575224482316,0.0419644493311343,0.249587685541506,0.144401685908008,0.413963716327653
320273.411807,2774866.126422,0.0871719581574601,0.0640484492567444,0.0229399889888053,0.399522848229033,0.170673518076711,0.255643237291246
320773.411807,2774866.126422,0.246836603704383,0.0630845406198423,0.0465798642948836,0.0748211993398129,0.0959105079772602,0.472767284063818
321273.411807,2774866.126422,0.591167308044713,0.00128275609309144,0,0.00513102437236577,0.0117280557082646,0.390690855781565
321773.411807,2774866.126422,0.607267388511654,0.0012846393833731,0,0.00165167920719398,0.0310148651128647,0.358781427784915
322273.411807,2774866.126422,0.826700898587933,0.000550155877498625,0,0,0,0.172748945534568
322773.411807,2774866.126422,0.864027854132307,0.000183250870441635,0,0,0,0.135788894997251
323273.411807,2774866.126422,0.88383189576069,0,0,0,0,0.11616810423931
323773.411807,2774866.126422,0.897671006785256,0,0,0,0,0.102328993214744
324273.411807,2774866.126422,0.837639728788712,0,0,0,0,0.162360271211288
324773.411807,2774866.126422,0.899798128096899,0.000734079647641769,0,0,0,0.0994677922554597
325273.411807,2774866.126422,0.690078855675775,0.004401247019989,0,0.00403447643498991,0.015587749862461,0.285897671006785
313273.411807,2774366.126422,0.52926068611264,0.0251330031186938,0.000366905155017428,0.0458631443771785,0.080168776371308,0.319207484865162
313773.411807,2774366.126422,0.41978021978022,0.0551282051282051,0.0289377289377289,0.0159340659340659,0.128388278388278,0.351831501831502
314273.411807,2774366.126422,0.429357798165138,0.0647706422018349,0.0119266055045872,0.0827522935779817,0.111743119266055,0.299449541284404
314773.411807,2774366.126422,0.179600073381031,0.0706292423408549,0.0851219959640433,0.117409649605577,0.19262520638415,0.354613832324344
315273.411807,2774366.126422,0.138461538461538,0.0518315018315018,0.104945054945055,0.14029304029304,0.141025641025641,0.423443223443223
315773.411807,2774366.126422,0.511009174311927,0.013394495412844,0.00201834862385321,0.0798165137614679,0.0908256880733945,0.302935779816514
316273.411807,2774366.126422,0.418455329297377,0.00898917629792699,0.000183452577508714,0.0374243258117777,0.0823702073014126,0.452577508713997
316773.411807,2774366.126422,0.128937728937729,0.0921245421245421,0.103479853479853,0.0578754578754579,0.133882783882784,0.483699633699634
317273.411807,2774366.126422,0.264403669724771,0.0884403669724771,0.110091743119266,0.18697247706422,0.142385321100917,0.207706422018349
317773.411807,2774366.126422,0.329297376628142,0.016694184553293,0.00458631443771785,0.167125298110438,0.135021097046413,0.347275729223996
318273.411807,2774366.126422,0.182967032967033,0.0296703296703297,0.0146520146520147,0.353846153846154,0.179120879120879,0.23974358974359
318773.411807,2774366.126422,0.172477064220183,0.0420183486238532,0.0348623853211009,0.32256880733945,0.252844036697248,0.175229357798165
319273.411807,2774366.126422,0.105668684645019,0.0313703907539901,0.0242157402311502,0.520821867547239,0.198128783709411,0.11979453311319
319773.411807,2774366.126422,0.145604395604396,0.0305860805860806,0.00805860805860806,0.337545787545788,0.217582417582418,0.260622710622711
320273.411807,2774366.126422,0.284954128440367,0.021651376146789,0.00165137614678899,0.162935779816514,0.167889908256881,0.360917431192661
320773.411807,2774366.126422,0.640799853237938,0,0,0,0.00165107319757843,0.357549073564484
321273.411807,2774366.126422,0.682783882783883,0.00567765567765568,0.000183150183150183,0.000183150183150183,0.0010989010989011,0.31007326007326
321773.411807,2774366.126422,0.817064220183486,0.00055045871559633,0,0,0,0.182385321100917
322273.411807,2774366.126422,0.729957805907173,0.00220143093010457,0,0.000733810310034856,0.00697119794533113,0.260135754907356
322773.411807,2774366.126422,0.847435897435897,0.000366300366300366,0,0,0,0.152197802197802
323273.411807,2774366.126422,0.905871559633028,0.00018348623853211,0,0,0,0.0939449541284404
323773.411807,2774366.126422,0.909924784443221,0.00110071546505228,0,0,0,0.0889745000917263
324273.411807,2774366.126422,0.827838827838828,0,0,0,0,0.172161172161172
324773.411807,2774366.126422,0.92348623853211,0,0,0,0,0.0765137614678899
325273.411807,2774366.126422,0.837094111172262,0,0,0,0,0.162905888827738
313273.411807,2773866.126422,0.431501831501832,0.0120879120879121,0.00201465201465201,0.103479853479853,0.0992673992673993,0.351648351648352
313773.411807,2773866.126422,0.151815181518152,0.0914924825815915,0.232673267326733,0.255408874220755,0.134030069673634,0.134580124679135
314273.411807,2773866.126422,0.195970695970696,0.0576923076923077,0.0276556776556777,0.228754578754579,0.228754578754579,0.261172161172161
314773.411807,2773866.126422,0.101465201465201,0.0935897435897436,0.095970695970696,0.173260073260073,0.11007326007326,0.425641025641026
315273.411807,2773866.126422,0.203337000366703,0.0282361569490282,0.05995599559956,0.072973964063073,0.0865419875320865,0.548954895489549
315773.411807,2773866.126422,0.161355311355311,0.0457875457875458,0.0184981684981685,0.183150183150183,0.184065934065934,0.407142857142857
316273.411807,2773866.126422,0.211721611721612,0.134065934065934,0.0437728937728938,0.158974358974359,0.141391941391941,0.31007326007326
316773.411807,2773866.126422,0.0883755042170884,0.0572057205720572,0.0608727539420609,0.43986065273194,0.14044737807114,0.213237990465713
317273.411807,2773866.126422,0.245787545787546,0.0695970695970696,0.076007326007326,0.312820512820513,0.127838827838828,0.167948717948718
317773.411807,2773866.126422,0.34010989010989,0.00787545787545788,0.000366300366300366,0.208058608058608,0.150549450549451,0.293040293040293
318273.411807,2773866.126422,0.0933259992665933,0.01998533186652,0.0106343967730106,0.531719838650532,0.213971397139714,0.13036303630363
318773.411807,2773866.126422,0.129487179487179,0.0355311355311355,0.0124542124542125,0.379120879120879,0.185347985347985,0.258058608058608
319273.411807,2773866.126422,0.163369963369963,0.0598901098901099,0.00970695970695971,0.273260073260073,0.232967032967033,0.260805860805861
319773.411807,2773866.126422,0.514851485148515,0.0355702236890356,0.00201686835350202,0.11954528786212,0.0386872020535387,0.289328932893289
320273.411807,2773866.126422,0.482967032967033,0.0120879120879121,0.00201465201465201,0.0946886446886447,0.100915750915751,0.307326007326007
320773.411807,2773866.126422,0.894505494505495,0,0,0,0,0.105494505494505
321273.411807,2773866.126422,0.888705537220389,0.000366703337000367,0,0,0,0.110927759442611
321773.411807,2773866.126422,0.71959706959707,0.000366300366300366,0,0.000732600732600733,0.00164835164835165,0.277655677655678
322273.411807,2773866.126422,0.738095238095238,0.000183150183150183,0,0,0.00146520146520147,0.26025641025641
322773.411807,2773866.126422,0.711771177117712,0.00146681334800147,0,0.00165016501650165,0.0143014301430143,0.270810414374771
323273.411807,2773866.126422,0.931684981684982,0,0,0,0,0.0683150183150183
323773.411807,2773866.126422,0.956959706959707,0,0,0,0,0.043040293040293
324273.411807,2773866.126422,0.919141914191419,0.00421708837550422,0,0,0,0.0766409974330766
324773.411807,2773866.126422,0.908608058608059,0.00183150183150183,0,0,0,0.0895604395604396
325273.411807,2773866.126422,0.932600732600733,0,0,0,0,0.0673992673992674
313273.411807,2773366.126422,0.0733541169998166,0.0465798642948836,0.0130203557674674,0.644415917843389,0.16798092792958,0.0546488171648634
313773.411807,2773366.126422,0.043613707165109,0.0408649441084845,0.0208905992303463,0.734469488730071,0.132673630199743,0.0274876305662452
314273.411807,2773366.126422,0.0721233253808038,0.0790970820334006,0.140759772435309,0.377133418975959,0.106992108643788,0.22389429253074
314773.411807,2773366.126422,0.168347698514579,0.0812396845772969,0.0645516229598386,0.359618558591601,0.183752063084541,0.142490372272144
315273.411807,2773366.126422,0.280190580905259,0.0113615539673813,0.026571376214037,0.0480117280557083,0.0945574491478835,0.539307311709731
315773.411807,2773366.126422,0.110662506881997,0.100018351991191,0.11616810423931,0.0967149935768031,0.098733712607818,0.477702330702881
316273.411807,2773366.126422,0.119017054832202,0.0973775903172566,0.0584999083073537,0.415551072803961,0.181918210159545,0.127636163579681
316773.411807,2773366.126422,0.09529045262965,0.0701850833791461,0.049660985889683,0.530144768187649,0.184716877405168,0.0700018325087044
317273.411807,2773366.126422,0.316021288309782,0.0623967700495504,0.0201871903101487,0.100935951550743,0.144797210497339,0.355661589282437
317773.411807,2773366.126422,0.197872730607005,0.0476801760498808,0.00825233816247937,0.202640748211993,0.170364936732074,0.373189070236567
318273.411807,2773366.126422,0.160711013377314,0.0274876305662452,0.00733003481766538,0.29265164009529,0.115814550119113,0.396005131024372
318773.411807,2773366.126422,0.209212699577904,0.00789135621214902,0.000550559735731327,0.0236740686364471,0.0712057258212516,0.687465590016517
319273.411807,2773366.126422,0.507243719053732,0.00366770584999083,0,0.0148542086924629,0.0416284613973959,0.432605905006418
319773.411807,2773366.126422,0.490379329301814,0.00696353307678211,0,0.0175920835623969,0.0371999266996518,0.447865127359355
320273.411807,2773366.126422,0.743806202973023,0.000550559735731327,0,0.00458799779776106,0.00880895577170123,0.242246283721784
320773.411807,2773366.126422,0.925362185952687,0,0,0,0,0.0746378140473134
321273.411807,2773366.126422,0.899212021257101,0.000366501740883269,0,0,0,0.100421477002016
321773.411807,2773366.126422,0.795925857955588,0.00183519911910442,0,0,0.000550559735731327,0.201688383189576
322273.411807,2773366.126422,0.910691362552723,0,0,0,0,0.0893086374472767
322773.411807,2773366.126422,0.735568993952721,0.000549752611324904,0,0,0.000366501740883269,0.263514751695071
323273.411807,2773366.126422,0.876307579372362,0.000917599559552211,0,0,0,0.122774821068086
323773.411807,2773366.126422,0.952503209242619,0.000183385292499542,0,0,0,0.0473134054648817
324273.411807,2773366.126422,0.948323254535459,0,0,0,0,0.051676745464541
324773.411807,2773366.126422,0.926592035235823,0,0,0,0,0.0734079647641769
325273.411807,2773366.126422,0.958371538602604,0.00128369704749679,0,0,0,0.0403447643498991
313273.411807,2772866.126422,0.0396257567418822,0.0199963309484498,0.000366905155017428,0.715465052283985,0.143276463034306,0.0812694918363603
313773.411807,2772866.126422,0.0510989010989011,0.0487179487179487,0.0950549450549451,0.481135531135531,0.13974358974359,0.184249084249084
314273.411807,2772866.126422,0.0664220183486239,0.0721100917431193,0.105321100917431,0.358715596330275,0.15394495412844,0.24348623853211
