"x","y","forest","agri","water","built","other","grass"
173273.411807,2516366.126422,0.024954128440367,0.224403669724771,0,0.0478899082568807,0.115412844036697,0.587339449541284
173773.411807,2516366.126422,0.107503210420106,0.0614566134654192,0,0.372225279765181,0.20821867547239,0.250596220876903
174273.411807,2516366.126422,0.0694139194139194,0.0697802197802198,0,0.472161172161172,0.197619047619048,0.191025641025641
174773.411807,2516366.126422,0.0422018348623853,0.224036697247706,0,0.0247706422018349,0.0939449541284404,0.615045871559633
175273.411807,2516366.126422,0.0731975784259769,0.338653458081086,0.0498991010823702,0.0713630526508897,0.0530177949000183,0.413869014859659
175773.411807,2516366.126422,0.043956043956044,0.3,0,0.143956043956044,0.242307692307692,0.26978021978022
176273.411807,2516366.126422,0.0779816513761468,0.293761467889908,0.0218348623853211,0.0623853211009174,0.185871559633028,0.358165137614679
176773.411807,2516366.126422,0.0431113557145478,0.456246560264172,0,0.0423775454045129,0.0966795083470923,0.361585030269675
177273.411807,2516366.126422,0.0179487179487179,0.411355311355311,0,0.0532967032967033,0.073992673992674,0.443406593406593
177773.411807,2516366.126422,0.0236697247706422,0.501467889908257,0,0.0746788990825688,0.0588990825688073,0.341284403669725
178273.411807,2516366.126422,0.0794349660612732,0.150981471289672,0,0.274078150798019,0.217207851770317,0.278297560080719
178773.411807,2516366.126422,0.126190476190476,0.036996336996337,0,0.178021978021978,0.131868131868132,0.526923076923077
179273.411807,2516366.126422,0.15651376146789,0.0539449541284404,0,0.0477064220183486,0.0952293577981651,0.646605504587156
179773.411807,2516366.126422,0.0757659145110989,0.0350394423041644,0.00220143093010457,0.155200880572372,0.162722436250229,0.569069895432031
180273.411807,2516366.126422,0.232051282051282,0.0688644688644689,0,0.0243589743589744,0.03003663003663,0.644688644688645
180773.411807,2516366.126422,0.104587155963303,0.458899082568807,0,0.00752293577981651,0.0495412844036697,0.379449541284404
181273.411807,2516366.126422,0.0867730691616217,0.146211704274445,0.000733810310034856,0.294624839478995,0.165290772335351,0.306365804439552
181773.411807,2516366.126422,0.255128205128205,0.030952380952381,0,0.282600732600733,0.0932234432234432,0.338095238095238
182273.411807,2516366.126422,0.169724770642202,0.0225688073394495,0.0122935779816514,0.256880733944954,0.100183486238532,0.438348623853211
182773.411807,2516366.126422,0.0526508897450009,0.0188956154833975,0.00110071546505228,0.711979453311319,0.133736929003853,0.0816363969913777
183273.411807,2516366.126422,0.0772893772893773,0.0516483516483516,0,0.491391941391941,0.196703296703297,0.182967032967033
183773.411807,2516366.126422,0.221467889908257,0.0293577981651376,0,0.211926605504587,0.111926605504587,0.425321100917431
184273.411807,2516366.126422,0.17116125481563,0.0177949000183453,0,0.116492386718033,0.116675839295542,0.577875619152449
184773.411807,2516366.126422,0.255677655677656,0.0212454212454212,0,0.250732600732601,0.13021978021978,0.342124542124542
185273.411807,2516366.126422,0.120183486238532,0.013394495412844,0,0.0572477064220183,0.064954128440367,0.744220183486239
173273.411807,2515866.126422,0.0584249084249084,0.0921245421245421,0.000183150183150183,0.431501831501832,0.182234432234432,0.235531135531136
173773.411807,2515866.126422,0.0659340659340659,0.264285714285714,0.00128205128205128,0.0247252747252747,0.0860805860805861,0.557692307692308
174273.411807,2515866.126422,0.0993766043270994,0.154565456545655,0,0.306747341400807,0.176567656765677,0.262742940960763
174773.411807,2515866.126422,0.172344322344322,0.076007326007326,0.0336996336996337,0.134249084249084,0.0983516483516483,0.485347985347985
175273.411807,2515866.126422,0.0778388278388278,0.439377289377289,0.00293040293040293,0.0010989010989011,0.0358974358974359,0.442857142857143
175773.411807,2515866.126422,0.0392372570590392,0.633663366336634,0,0.000916758342500917,0.013017968463513,0.313164649798313
176273.411807,2515866.126422,0.0128205128205128,0.532417582417582,0,0.000183150183150183,0.00476190476190476,0.44981684981685
176773.411807,2515866.126422,0.0271062271062271,0.357142857142857,0.017032967032967,0.0173992673992674,0.0774725274725275,0.503846153846154
177273.411807,2515866.126422,0.0496883021635497,0.165749908324166,0,0.400806747341401,0.194902823615695,0.188852218555189
177773.411807,2515866.126422,0.060989010989011,0.0291208791208791,0,0.453296703296703,0.215750915750916,0.240842490842491
178273.411807,2515866.126422,0.205860805860806,0.017032967032967,0,0.11959706959707,0.130952380952381,0.526556776556777
178773.411807,2515866.126422,0.116978364503117,0.110927759442611,0,0.0264026402640264,0.0610561056105611,0.684635130179685
179273.411807,2515866.126422,0.0857142857142857,0.160805860805861,0,0.0172161172161172,0.0298534798534799,0.706410256410256
179773.411807,2515866.126422,0.0706959706959707,0.0697802197802198,0,0.161172161172161,0.145970695970696,0.552380952380952
180273.411807,2515866.126422,0.201686835350202,0.0491382471580491,0,0.0553722038870554,0.101943527686102,0.591859185918592
180773.411807,2515866.126422,0.126556776556777,0.385897435897436,0.00860805860805861,0.215934065934066,0.0833333333333333,0.17967032967033
181273.411807,2515866.126422,0.153479853479853,0.170512820512821,0,0.287912087912088,0.0827838827838828,0.305311355311355
181773.411807,2515866.126422,0.151448478181151,0.0416208287495416,0.00183351668500183,0.614411441144114,0.0867253392005867,0.103960396039604
182273.411807,2515866.126422,0.0619047619047619,0.0283882783882784,0,0.255128205128205,0.105677655677656,0.548901098901099
182773.411807,2515866.126422,0.24047619047619,0.0285714285714286,0.000366300366300366,0.127655677655678,0.0754578754578755,0.527472527472527
183273.411807,2515866.126422,0.0894756142280895,0.0210854418775211,0,0.168683535020169,0.0887422075540887,0.632013201320132
183773.411807,2515866.126422,0.390659340659341,0.000915750915750916,0,0.0232600732600733,0.0375457875457875,0.547619047619048
184273.411807,2515866.126422,0.222161172161172,0.0188644688644689,0,0.248534798534799,0.0813186813186813,0.429120879120879
184773.411807,2515866.126422,0.12981298129813,0.0414374770810414,0,0.199303263659699,0.0931426475980931,0.536303630363036
185273.411807,2515866.126422,0.220695970695971,0.0126373626373626,0,0.0586080586080586,0.106959706959707,0.601098901098901
173273.411807,2515366.126422,0.0475316571848046,0.142411451642503,0.000367039823820885,0.238392365571665,0.119838502477519,0.451458983299688
173773.411807,2515366.126422,0.0410783055198973,0.132404181184669,0,0.416651384558958,0.153310104529617,0.256556024206859
174273.411807,2515366.126422,0.0701850833791461,0.0681693238042881,0.0533260032985157,0.391973611874656,0.152098222466557,0.264247755176837
174773.411807,2515366.126422,0.0519361350706552,0.247384841255276,0.080932281152505,0.293448339144797,0.100568911726922,0.225729491649844
175273.411807,2515366.126422,0.013203741059967,0.46414817531634,0.0823399963322941,0.0476801760498808,0.0618008435723455,0.330827067669173
175773.411807,2515366.126422,0.0989554700384827,0.225398570643211,0.0555250137438153,0.0815466373465274,0.177753344328386,0.360820963899579
176273.411807,2515366.126422,0.0961644338410718,0.213617177463755,0.00935951550743256,0.0334006239677005,0.117269223710773,0.530189025509268
176773.411807,2515366.126422,0.0700531817348249,0.23216578030442,0,0.00843572345497891,0.0341096644049147,0.655235650100862
177273.411807,2515366.126422,0.110500274876306,0.0560747663551402,0,0.215319772768921,0.166941542972329,0.451163643027304
177773.411807,2515366.126422,0.136355294549459,0.0935951550743256,0,0.141677371994861,0.142411451642503,0.485960726738851
178273.411807,2515366.126422,0.0786722904823033,0.107647166697231,0,0.0803227581147992,0.0916926462497708,0.641665138455896
178773.411807,2515366.126422,0.130657870624885,0.0621220450797141,0.000549752611324904,0.179219351291919,0.186366135239142,0.441084845153014
179273.411807,2515366.126422,0.123325380803817,0.0543218939254909,0,0.0218388695173426,0.0930445953385942,0.707469260414755
179773.411807,2515366.126422,0.237300568494407,0.126902622409683,0.00165046763249587,0.0852741610122868,0.092792958004768,0.45607922244636
180273.411807,2515366.126422,0.136888400219901,0.0194245922668133,0.00109950522264981,0.495143851933297,0.183434121312076,0.164009529045263
180773.411807,2515366.126422,0.149018168471279,0.0311983850247752,0.0034868783262984,0.420811158010644,0.131767296751698,0.263718113415306
181273.411807,2515366.126422,0.0364936732074088,0.0348432055749129,0.000550155877498625,0.754997249220613,0.122684760682193,0.0504309554373739
181773.411807,2515366.126422,0.0373831775700935,0.0339014110317024,0.00201575957485798,0.778999450247389,0.0800806303829943,0.0676195711929632
182273.411807,2515366.126422,0.0570746926041475,0.0370710222059093,0,0.214901816847128,0.102954670581758,0.587997797761057
182773.411807,2515366.126422,0.0410783055198973,0.0513478818998716,0,0.0397946084724005,0.0955437373922611,0.772235466715569
183273.411807,2515366.126422,0.133223382811068,0.0227231079347627,0,0.0740333516584204,0.0859446582371266,0.684075499358622
183773.411807,2515366.126422,0.206276380987337,0.02073775004588,0,0.127729858689668,0.0899247568361167,0.555331253440998
184273.411807,2515366.126422,0.0695030258573262,0.0269576379974326,0.00275077938749312,0.389143590684027,0.208875848156978,0.302769117916743
184773.411807,2515366.126422,0.087777166941543,0.0280373831775701,0,0.230163093274693,0.123511086677662,0.530511269928532
185273.411807,2515366.126422,0.171407597724353,0.0506514956872821,0,0.0976325931363553,0.066801247935401,0.613507065516609
173273.411807,2514866.126422,0.061651376146789,0.0445871559633028,0,0.644403669724771,0.114311926605505,0.135045871559633
173773.411807,2514866.126422,0.0332049165290772,0.243808475509081,0,0.098147128967162,0.086589616584113,0.538249862410567
174273.411807,2514866.126422,0.0355311355311355,0.481501831501832,0.00641025641025641,0.00897435897435897,0.0214285714285714,0.446153846153846
174773.411807,2514866.126422,0.0814678899082569,0.104770642201835,0.0856880733944954,0.340917431192661,0.128256880733945,0.258899082568807
175273.411807,2514866.126422,0.0458631443771785,0.112823335167859,0.131352045496239,0.178682810493487,0.163089341405247,0.368189323059989
175773.411807,2514866.126422,0.173260073260073,0.0446886446886447,0.032051282051282,0.143040293040293,0.146336996336996,0.460622710622711
176273.411807,2514866.126422,0.238532110091743,0.0121100917431193,0.00403669724770642,0.0937614678899083,0.0814678899082569,0.570091743119266
176773.411807,2514866.126422,0.226747385800771,0.100898917629793,0,0.0807191341038342,0.090442120711796,0.501192441753807
177273.411807,2514866.126422,0.11996336996337,0.0857142857142857,0,0.266117216117216,0.178571428571429,0.3496336996337
177773.411807,2514866.126422,0.255779816513761,0.0831192660550459,0,0.104954128440367,0.110825688073394,0.445321100917431
178273.411807,2514866.126422,0.105485232067511,0.14125848468171,0.00623738763529628,0.0210970464135021,0.0396257567418822,0.686296092460099
178773.411807,2514866.126422,0.268315018315018,0.00531135531135531,0,0,0,0.726373626373626
179273.411807,2514866.126422,0.397614678899083,0.0192660550458716,0,0.00165137614678899,0.00513761467889908,0.576330275229358
179773.411807,2514866.126422,0.519904604659695,0.00532012474775271,0.000550357732526142,0.0671436433681893,0.0509998165474225,0.356081452944414
180273.411807,2514866.126422,0.111172161172161,0.0633699633699634,0,0.386630036630037,0.158241758241758,0.280586080586081
180773.411807,2514866.126422,0.0330275229357798,0.136146788990826,0.00018348623853211,0.390091743119266,0.154678899082569,0.285871559633028
181273.411807,2514866.126422,0.157402311502477,0.0394423041643735,0.00935608145294441,0.404329480829206,0.178682810493487,0.210787011557512
181773.411807,2514866.126422,0.113553113553114,0.0324175824175824,0.000549450549450549,0.367765567765568,0.147985347985348,0.337728937728938
182273.411807,2514866.126422,0.078348623853211,0.0409174311926606,0,0.357064220183486,0.102752293577982,0.420917431192661
182773.411807,2514866.126422,0.0526508897450009,0.0251330031186938,0,0.551825353146212,0.111539167125298,0.258851586864795
183273.411807,2514866.126422,0.0732600732600733,0.0245421245421245,0.000732600732600733,0.683150183150183,0.126739926739927,0.0915750915750916
183773.411807,2514866.126422,0.190642201834862,0.0343119266055046,0,0.418165137614679,0.0803669724770642,0.27651376146789
184273.411807,2514866.126422,0.0843881856540084,0.0232984773436067,0.000550357732526142,0.447807741698771,0.147312419739497,0.296642817831591
184773.411807,2514866.126422,0.175824175824176,0.0234432234432234,0,0.125274725274725,0.123443223443223,0.552014652014652
185273.411807,2514866.126422,0.403119266055046,0.0128440366972477,0.0390825688073395,0.0240366972477064,0.0267889908256881,0.494128440366972
173273.411807,2514366.126422,0.0514652014652015,0.026007326007326,0.181868131868132,0.576190476190476,0.109340659340659,0.0551282051282051
173773.411807,2514366.126422,0.105494505494505,0.0247252747252747,0.000183150183150183,0.638827838827839,0.112637362637363,0.118131868131868
174273.411807,2514366.126422,0.0392372570590392,0.0760909424275761,0.295929592959296,0.211587825449212,0.166299963329666,0.210854418775211
174773.411807,2514366.126422,0.190659340659341,0.110989010989011,0.117216117216117,0.00402930402930403,0.0327838827838828,0.544322344322344
175273.411807,2514366.126422,0.0307692307692308,0.106776556776557,0.16996336996337,0.216849816849817,0.166666666666667,0.308974358974359
175773.411807,2514366.126422,0.101393472680601,0.09002566923359,0,0.234690135680235,0.272093876054272,0.301796846351302
176273.411807,2514366.126422,0.0767399267399267,0.0815018315018315,0.000732600732600733,0.402564102564103,0.208608058608059,0.22985347985348
176773.411807,2514366.126422,0.161904761904762,0.0635531135531135,0,0.156959706959707,0.173260073260073,0.444322344322344
177273.411807,2514366.126422,0.137513751375138,0.0834250091675834,0.00055005500550055,0.362119545287862,0.161166116611661,0.255225522552255
177773.411807,2514366.126422,0.106227106227106,0.113919413919414,0.043956043956044,0.261721611721612,0.155677655677656,0.318498168498168
178273.411807,2514366.126422,0.089010989010989,0.10970695970696,0.0274725274725275,0.416483516483517,0.106593406593407,0.250732600732601
178773.411807,2514366.126422,0.179134580124679,0.037953795379538,0.0436376971030436,0.43986065273194,0.0544554455445545,0.244957829116245
179273.411807,2514366.126422,0.195604395604396,0.0432234432234432,0.0142857142857143,0.39047619047619,0.143589743589744,0.212820512820513
179773.411807,2514366.126422,0.097985347985348,0.0573260073260073,0.0172161172161172,0.24029304029304,0.171611721611722,0.415567765567766
180273.411807,2514366.126422,0.048038137147048,0.0236523652365237,0.00165016501650165,0.8003300330033,0.0887422075540887,0.0375870920425376
180773.411807,2514366.126422,0.071978021978022,0.0412087912087912,0.00897435897435897,0.69981684981685,0.106227106227106,0.0717948717948718
181273.411807,2514366.126422,0.0659340659340659,0.0188644688644689,0.00238095238095238,0.752564102564103,0.112637362637363,0.0476190476190476
181773.411807,2514366.126422,0.0905757242390906,0.0451045104510451,0.000183351668500183,0.690869086908691,0.102860286028603,0.0704070407040704
182273.411807,2514366.126422,0.0628205128205128,0.0340659340659341,0.00293040293040293,0.647802197802198,0.158608058608059,0.0937728937728938
182773.411807,2514366.126422,0.13040293040293,0.0168498168498168,0,0.577472527472527,0.149450549450549,0.125824175824176
183273.411807,2514366.126422,0.0221855518885222,0.0154015401540154,0.000183351668500183,0.826732673267327,0.104693802713605,0.0308030803080308
183773.411807,2514366.126422,0.128571428571429,0.0234432234432234,0,0.627289377289377,0.111538461538462,0.109157509157509
184273.411807,2514366.126422,0.0717948717948718,0.0413919413919414,0,0.521245421245421,0.147985347985348,0.217582417582418
184773.411807,2514366.126422,0.185368536853685,0.0251191785845251,0.00055005500550055,0.103226989365603,0.129262926292629,0.556472313898057
185273.411807,2514366.126422,0.512087912087912,0.00641025641025641,0,0.11043956043956,0.102197802197802,0.268864468864469
173773.411807,2513866.126422,0.0894920227397763,0.0603337612323492,0.119750596002201,0.262974509444343,0.125618925362186,0.341830185219145
174273.411807,2513866.126422,0.0731170973062122,0.0894264247755177,0.0842954004031519,0.209272494044347,0.0879604178119846,0.455928165658787
174773.411807,2513866.126422,0.0275279867865663,0.104606349788952,0.494402642686732,0.0440447788585061,0.0341347036153423,0.295283538263902
175273.411807,2513866.126422,0.0623509994498441,0.119017054832202,0.293966623876765,0.0792224463598019,0.0350265908674124,0.410416284613974
175773.411807,2513866.126422,0.0390324354040682,0.0366501740883269,0,0.618288436870075,0.130841121495327,0.175187832142203
176273.411807,2513866.126422,0.0550559735731327,0.0534042943659387,0.000917599559552211,0.267755551477335,0.178931914112681,0.44393466691136
176773.411807,2513866.126422,0.190353933614524,0.0401613790573996,0.0410783055198973,0.258206491839354,0.0966440491472584,0.373555840821566
177273.411807,2513866.126422,0.110317024005864,0.0529595015576324,0.0754993586219534,0.517500458127176,0.0802638812534359,0.163459776433938
177773.411807,2513866.126422,0.0669847678473114,0.0456964580657001,0.0170673518076711,0.737933565791888,0.0801982015048633,0.0521196549825656
178273.411807,2513866.126422,0.0691362552723272,0.0506143407298735,0.00861910874747845,0.701265358518247,0.127086007702182,0.0432789290298918
178773.411807,2513866.126422,0.068719076415613,0.0428807036833425,0.000733003481766538,0.659886384460326,0.186182884368701,0.0415979475902511
179273.411807,2513866.126422,0.135254175077996,0.025325747843641,0.000367039823820885,0.616993943842907,0.129565057808772,0.0924940356028629
179773.411807,2513866.126422,0.224830368604438,0.0550155877498625,0.00348432055749129,0.299651567944251,0.143774069319641,0.273244085824317
180273.411807,2513866.126422,0.108851017042331,0.0798973795125527,0.0643210555250137,0.198827194429174,0.143668682426242,0.404434671064688
180773.411807,2513866.126422,0.118370343182235,0.0238575885483575,0,0.56450724903652,0.137639933932832,0.155624885300055
181273.411807,2513866.126422,0.129286631212177,0.0254905556574363,0,0.610489638730974,0.121217678342197,0.113515496057216
181773.411807,2513866.126422,0.0866776617188932,0.0445299615173172,0.00128275609309144,0.625068719076416,0.158145501191131,0.0842954004031519
182273.411807,2513866.126422,0.0423930996513122,0.0458799779776106,0.000734079647641769,0.730776289227381,0.135254175077996,0.0449623784180584
182773.411807,2513866.126422,0.101045296167247,0.0662020905923345,0,0.417568311021456,0.154410416284614,0.260773885934348
183273.411807,2513866.126422,0.0302363936228697,0.0262048744731537,0,0.74106652006597,0.162360271211288,0.040131940626718
183773.411807,2513866.126422,0.0928610754266838,0.0198201504863278,0,0.645439530189026,0.0901082767480272,0.151770967149936
184273.411807,2513866.126422,0.0196222262974509,0.0469466348798826,0.000550155877498625,0.642031909040895,0.142306986979644,0.148542086924629
184773.411807,2513866.126422,0.159978009895547,0.0282206340480117,0.00238226131574125,0.206157229246839,0.147333699835074,0.455928165658787
185273.411807,2513866.126422,0.589832996880161,0.00275279867865663,0.00330335841438796,0.00789135621214902,0.0130299137456414,0.383189576069004
173773.411807,2513366.126422,0.0133920381581361,0.0506329113924051,0.222161071363053,0.0777838928636947,0.0537516052100532,0.582278481012658
174273.411807,2513366.126422,0.00476190476190476,0.141208791208791,0.457692307692308,0.0787545787545788,0.0228937728937729,0.294688644688645
174773.411807,2513366.126422,0.036697247706422,0.146605504587156,0.337064220183486,0.135229357798165,0.0143119266055046,0.330091743119266
175273.411807,2513366.126422,0.0689781691432765,0.0882406897816914,0.0344890845716382,0.497523390203632,0.0332049165290772,0.277563749770684
175773.411807,2513366.126422,0.0752747252747253,0.164468864468864,0.0815018315018315,0.284065934065934,0.0690476190476191,0.325641025641026
176273.411807,2513366.126422,0.0194495412844037,0.0242201834862385,0.0552293577981651,0.741651376146789,0.0644036697247706,0.095045871559633
176773.411807,2513366.126422,0.0451293340671436,0.0203632361034673,0.000183452577508714,0.797284901852871,0.0939277196844616,0.0431113557145478
177273.411807,2513366.126422,0.0820512820512821,0.0139194139194139,0.00311355311355311,0.642673992673993,0.0730769230769231,0.185164835164835
177773.411807,2513366.126422,0.137614678899083,0.0218348623853211,0.00055045871559633,0.634862385321101,0.10605504587156,0.0990825688073395
178273.411807,2513366.126422,0.138690148596588,0.0273344340487984,0.000733810310034856,0.594936708860759,0.149880755824619,0.0884241423592002
178773.411807,2513366.126422,0.115567765567766,0.0168498168498168,0.000366300366300366,0.613369963369963,0.188644688644689,0.0652014652014652
179273.411807,2513366.126422,0.0308256880733945,0.0203669724770642,0.00055045871559633,0.825504587155963,0.0917431192660551,0.0310091743119266
179773.411807,2513366.126422,0.0988809392771968,0.0201797835259585,0.000183452577508714,0.654191891396074,0.131718950651257,0.0948449825720051
180273.411807,2513366.126422,0.124358974358974,0.0769230769230769,0.00164835164835165,0.348534798534799,0.174725274725275,0.273809523809524
180773.411807,2513366.126422,0.13045871559633,0.0390825688073395,0,0.276146788990826,0.141467889908257,0.412844036697248
181273.411807,2513366.126422,0.246009906439185,0.104567969179967,0,0.351495138506696,0.0810860392588516,0.2168409466153
181773.411807,2513366.126422,0.0401098901098901,0.0456043956043956,0.000183150183150183,0.746886446886447,0.0978021978021978,0.0694139194139194
182273.411807,2513366.126422,0.0508256880733945,0.0710091743119266,0.00605504587155963,0.662201834862385,0.104587155963303,0.105321100917431
182773.411807,2513366.126422,0.0911759310218309,0.0121078701155751,0.000183452577508714,0.657310585213722,0.133920381581361,0.105301779490002
183273.411807,2513366.126422,0.0866300366300366,0.0194139194139194,0,0.373626373626374,0.178388278388278,0.341941391941392
183773.411807,2513366.126422,0.120917431192661,0.0598165137614679,0,0.103119266055046,0.102935779816514,0.613211009174312
184273.411807,2513366.126422,0.0838378279214823,0.0755824619335902,0,0.575307283067327,0.156118143459916,0.109154283617685
184773.411807,2513366.126422,0.503479853479853,0.0113553113553114,0.00256410256410256,0.0467032967032967,0.0734432234432234,0.362454212454212
185273.411807,2513366.126422,0.531376146788991,0.00275229357798165,0,0.00440366972477064,0.00844036697247706,0.45302752293578
173773.411807,2512866.126422,0.0565934065934066,0.0476190476190476,0.452380952380952,0.0882783882783883,0.0443223443223443,0.310805860805861
174273.411807,2512866.126422,0.0346534653465347,0.0973597359735974,0.306930693069307,0.137330399706637,0.0548221488815548,0.368903557022369
174773.411807,2512866.126422,0.134432234432234,0.0815018315018315,0,0.197069597069597,0.015018315018315,0.571978021978022
175273.411807,2512866.126422,0.0417582417582418,0.0336996336996337,0.0142857142857143,0.00549450549450549,0.0142857142857143,0.89047619047619
175773.411807,2512866.126422,0.00586725339200587,0.196369636963696,0,0.0170517051705171,0.0458379171250458,0.734873487348735
176273.411807,2512866.126422,0.0384615384615385,0.0197802197802198,0.000366300366300366,0.798534798534799,0.0576923076923077,0.0851648351648352
176773.411807,2512866.126422,0.052014652014652,0.0175824175824176,0,0.766300366300366,0.103479853479853,0.0606227106227106
177273.411807,2512866.126422,0.133113311331133,0.037037037037037,0.00055005500550055,0.543637697103044,0.158599193252659,0.127062706270627
177773.411807,2512866.126422,0.149450549450549,0.039010989010989,0,0.566117216117216,0.101648351648352,0.143772893772894
178273.411807,2512866.126422,0.143772893772894,0.0706959706959707,0.00164835164835165,0.419230769230769,0.215201465201465,0.149450549450549
178773.411807,2512866.126422,0.121012101210121,0.0168683535020169,0,0.421708837550422,0.257975797579758,0.182434910157682
179273.411807,2512866.126422,0.114468864468864,0.0188644688644689,0,0.526556776556777,0.165934065934066,0.174175824175824
179773.411807,2512866.126422,0.149084249084249,0.0507326007326007,0,0.499267399267399,0.193956043956044,0.106959706959707
180273.411807,2512866.126422,0.0236523652365237,0.0546387972130546,0,0.718371837183718,0.127062706270627,0.0762742940960763
180773.411807,2512866.126422,0.190659340659341,0.0901098901098901,0,0.261172161172161,0.13974358974359,0.318315018315018
181273.411807,2512866.126422,0.31959706959707,0.03003663003663,0,0.450549450549451,0.0417582417582418,0.158058608058608
181773.411807,2512866.126422,0.0287862119545288,0.0385038503850385,0.0126512651265127,0.857535753575357,0.0452878621195453,0.0172350568390172
182273.411807,2512866.126422,0.0417582417582418,0.0335164835164835,0,0.749267399267399,0.110622710622711,0.0648351648351648
182773.411807,2512866.126422,0.26007326007326,0.0102564102564103,0,0.537179487179487,0.0655677655677656,0.126923076923077
183273.411807,2512866.126422,0.574074074074074,0.00165016501650165,0,0.0493215988265493,0.0390539053905391,0.335900256692336
183773.411807,2512866.126422,0.182600732600733,0.013003663003663,0,0.163186813186813,0.153663003663004,0.487545787545788
184273.411807,2512866.126422,0.0943223443223443,0.0236263736263736,0,0.426190476190476,0.156227106227106,0.2996336996337
184773.411807,2512866.126422,0.333149981664833,0.00605060506050605,0.0099009900990099,0.154748808214155,0.0997433076640997,0.396406307297396
185273.411807,2512866.126422,0.60989010989011,0.000549450549450549,0,0.00604395604395604,0.00732600732600733,0.376190476190476
174273.411807,2512366.126422,0.0324354040681693,0.11214953271028,0.000183250870441635,0.12112882536192,0.0733003481766538,0.660802638812534
174773.411807,2512366.126422,0.00770783630023858,0.084235639566893,0.127913378601578,0.262800513855753,0.122958340979996,0.39438429069554
175273.411807,2512366.126422,0.024390243902439,0.0363102879149092,0.00568494406748579,0.272327159361819,0.14010636346965,0.521181001283697
175773.411807,2512366.126422,0.0377496793109767,0.0117280557082646,0,0.0108118013560564,0.0826461425691772,0.857064321055525
176273.411807,2512366.126422,0.0930445953385942,0.0159662323362085,0,0.396770049550376,0.0295467058175812,0.46467241695724
176773.411807,2512366.126422,0.0247570144874381,0.0117366587199707,0,0.81203007518797,0.105996699064735,0.0454795525398863
177273.411807,2512366.126422,0.0787978742899029,0.0196078431372549,0,0.750962067069819,0.0848451530144768,0.0657870624885468
177773.411807,2512366.126422,0.0187190310148651,0.0155991925123876,0,0.903468526335107,0.051018535511103,0.011194714626537
178273.411807,2512366.126422,0.22813130386943,0.033192737942417,0,0.30790390610673,0.143590684027141,0.287181368054282
178773.411807,2512366.126422,0.157045995968481,0.0274876305662452,0.000183250870441635,0.40809968847352,0.215136521898479,0.192046912222833
179273.411807,2512366.126422,0.0352358230868049,0.0495503762158194,0.00605615709304459,0.736648926408515,0.0928610754266838,0.079647641769132
179773.411807,2512366.126422,0.0447460113698881,0.0346598202824134,0.00128369704749679,0.697414267375757,0.0905923344947735,0.131303869429672
180273.411807,2512366.126422,0.103903243540407,0.127725856697819,0,0.351475169507055,0.187648891332234,0.229246838922485
180773.411807,2512366.126422,0.0466140576252523,0.066801247935401,0.00238575885483575,0.525784547623417,0.143879610937787,0.214534777023307
181273.411807,2512366.126422,0.0599669906473501,0.04401247019989,0.00421786172748946,0.689161929213277,0.0951769668072621,0.107463781404731
181773.411807,2512366.126422,0.0733003481766538,0.0593732820230896,0.00164925783397471,0.670514934945941,0.118563313175738,0.0765988638446033
182273.411807,2512366.126422,0.0299137456414021,0.0647825289043861,0,0.80510185355111,0.0702881262616994,0.0299137456414021
182773.411807,2512366.126422,0.197689345314506,0.0212726939299468,0,0.467632495873831,0.0937098844672657,0.219695580414451
183273.411807,2512366.126422,0.335898845519516,0.0377496793109767,0,0.224665567161444,0.0925416895730255,0.309144218435038
183773.411807,2512366.126422,0.0754266837951918,0.0860708386859974,0,0.311433290512021,0.129565057808772,0.397504129198018
184273.411807,2512366.126422,0.0656519347148359,0.0346598202824134,0,0.654135338345865,0.13607188703466,0.109481019622226
184773.411807,2512366.126422,0.403335165842038,0.0137438152831226,0.0601062855048561,0.104819497892615,0.0566245189664651,0.361370716510903
185273.411807,2512366.126422,0.210313819049367,0.0137639933932832,0.338227197650945,0.148284088823637,0.0170673518076711,0.272343549275096
174273.411807,2511866.126422,0.121611721611722,0.158608058608059,0.0956043956043956,0.13974358974359,0.113553113553114,0.370879120879121
175773.411807,2511866.126422,0.0481684981684982,0.0271062271062271,0,0.142307692307692,0.154945054945055,0.627472527472527
176273.411807,2511866.126422,0.13651376146789,0.137064220183486,0,0.135779816513761,0.132110091743119,0.458532110091743
176773.411807,2511866.126422,0.166024582645386,0.0310034855989727,0,0.457163823151715,0.0898917629792699,0.255916345624656
177273.411807,2511866.126422,0.199267399267399,0.0327838827838828,0.000366300366300366,0.349267399267399,0.155494505494505,0.262820512820513
177773.411807,2511866.126422,0.199449541284404,0.00293577981651376,0,0.368990825688073,0.0818348623853211,0.346788990825688
178273.411807,2511866.126422,0.259401944597322,0.0165107319757843,0,0.233718583746102,0.207668317739864,0.282700421940928
178773.411807,2511866.126422,0.106043956043956,0.0216117216117216,0,0.302380952380952,0.178021978021978,0.391941391941392
179273.411807,2511866.126422,0.100366972477064,0.0667889908256881,0,0.374128440366972,0.155412844036697,0.303302752293578
179773.411807,2511866.126422,0.218675472390387,0.0919097413318657,0,0.165657677490369,0.131352045496239,0.392405063291139
180273.411807,2511866.126422,0.174542124542125,0.0635531135531135,0,0.203479853479853,0.148901098901099,0.40952380952381
180773.411807,2511866.126422,0.0737614678899083,0.131192660550459,0,0.452110091743119,0.152844036697248,0.190091743119266
181273.411807,2511866.126422,0.0339387268391121,0.024399192808659,0.000366905155017428,0.815079801871216,0.0798018712162906,0.0464135021097046
181773.411807,2511866.126422,0.0633699633699634,0.0393772893772894,0.00238095238095238,0.761172161172161,0.0992673992673993,0.0344322344322344
182273.411807,2511866.126422,0.0662385321100917,0.046605504587156,0,0.748073394495413,0.0831192660550459,0.0559633027522936
182773.411807,2511866.126422,0.0731975784259769,0.0387084938543387,0,0.571821684094661,0.107136305265089,0.209135938359934
183273.411807,2511866.126422,0.0968864468864469,0.0904761904761905,0,0.259340659340659,0.146886446886447,0.406410256410256
183773.411807,2511866.126422,0.0469724770642202,0.12,0,0.182385321100917,0.108623853211009,0.542018348623853
184273.411807,2511866.126422,0.111355714547789,0.0253164556962025,0.00275178866263071,0.47642634379013,0.11704274445056,0.267106952852688
184773.411807,2511866.126422,0.122893772893773,0.21978021978022,0.000366300366300366,0.245421245421245,0.0983516483516483,0.313186813186813
185273.411807,2511866.126422,0.141651376146789,0.124220183486239,0.112660550458716,0.0988990825688073,0.0842201834862385,0.438348623853211
174273.411807,2511366.126422,0.0403373670700403,0.055005500550055,0.58012467913458,0.145031169783645,0.0326365969930326,0.146864686468647
175773.411807,2511366.126422,0.207187385405207,0.0355702236890356,0,0.126879354602127,0.188118811881188,0.442244224422442
176273.411807,2511366.126422,0.157509157509158,0.0144688644688645,0,0.258791208791209,0.11996336996337,0.449267399267399
176773.411807,2511366.126422,0.341208791208791,0.0545787545787546,0.00256410256410256,0.113186813186813,0.187545787545788,0.300915750915751
177273.411807,2511366.126422,0.18041804180418,0.0357535753575358,0,0.245324532453245,0.244591125779245,0.293912724605794
177773.411807,2511366.126422,0.24029304029304,0.028021978021978,0.00311355311355311,0.134065934065934,0.126373626373626,0.468131868131868
178273.411807,2511366.126422,0.276190476190476,0.0153846153846154,0,0.177472527472527,0.173260073260073,0.357692307692308
178773.411807,2511366.126422,0.419325265859919,0.0106343967730106,0.0133846718005134,0.147781444811148,0.106894022735607,0.301980198019802
179273.411807,2511366.126422,0.673992673992674,0,0,0,0,0.326007326007326
179773.411807,2511366.126422,0.601465201465201,0.00934065934065934,0.00183150183150183,0.0201465201465201,0.0730769230769231,0.294139194139194
180273.411807,2511366.126422,0.107077374404107,0.0694902823615695,0.00751741840850752,0.424275760909424,0.206453978731206,0.185185185185185
180773.411807,2511366.126422,0.0549450549450549,0.106227106227106,0,0.51043956043956,0.132234432234432,0.196153846153846
181273.411807,2511366.126422,0.0498168498168498,0.0985347985347985,0.000732600732600733,0.631501831501831,0.0888278388278388,0.130586080586081
181773.411807,2511366.126422,0.011001100110011,0.0148514851485149,0.000916758342500917,0.87972130546388,0.0353868720205354,0.0581224789145581
182273.411807,2511366.126422,0.0177655677655678,0.0120879120879121,0.00512820512820513,0.911721611721612,0.0415750915750916,0.0117216117216117
182773.411807,2511366.126422,0.0342490842490843,0.0344322344322344,0,0.808791208791209,0.0763736263736264,0.0461538461538462
183273.411807,2511366.126422,0.0562889622295563,0.0242024202420242,0,0.719105243857719,0.11991199119912,0.0804913824715805
183773.411807,2511366.126422,0.0727106227106227,0.0501831501831502,0,0.493772893772894,0.192857142857143,0.19047619047619
184273.411807,2511366.126422,0.0692307692307692,0.0287545787545788,0.00128205128205128,0.562637362637363,0.116666666666667,0.221428571428571
184773.411807,2511366.126422,0.0825082508250825,0.0275027502750275,0,0.594426109277594,0.150715071507151,0.144847818115145
185273.411807,2511366.126422,0.187912087912088,0.0302197802197802,0.000915750915750916,0.306043956043956,0.254029304029304,0.220879120879121
175273.411807,2510866.126422,0.053181734824867,0.0201723821749496,0,0.794058316523015,0.0726205758298184,0.0599669906473501
175773.411807,2510866.126422,0.269745281290086,0.0309693971046362,0,0.141652922851384,0.159428257284222,0.398204141469672
176273.411807,2510866.126422,0.209946779225546,0.00587263718113415,0.00165167920719398,0.0486327766562672,0.0625802899614608,0.671315837768398
176773.411807,2510866.126422,0.173115716119567,0.0517146524848707,0,0.239684577296901,0.18008435723455,0.355400696864112
177273.411807,2510866.126422,0.300714678394722,0.0452629649990837,0,0.120395821880154,0.249587685541506,0.284038849184534
177773.411807,2510866.126422,0.177280234905487,0.0130299137456414,0.000367039823820885,0.155257845476234,0.119471462653698,0.534593503395118
178273.411807,2510866.126422,0.170364936732074,0.0275077938749312,0.0066018705299835,0.181918210159545,0.171098477902072,0.442508710801394
178773.411807,2510866.126422,0.784313725490196,0.00256551218618288,0,0.0164925783397471,0.0355506688656771,0.161077515118197
179273.411807,2510866.126422,0.656817764727473,0.009543035419343,0,0.0122958340979996,0.0163332721600294,0.305010093595155
179773.411807,2510866.126422,0.148725472217128,0.0537318907023657,0.000733541169998166,0.39611223179901,0.221346048046947,0.179350816064552
180273.411807,2510866.126422,0.0425142019424592,0.0855781564962434,0.0546087593916071,0.473703500091625,0.207806487080814,0.135788894997251
180773.411807,2510866.126422,0.0759772435309231,0.120756102037071,0.000734079647641769,0.474766012112314,0.138006973756653,0.189759588915397
181273.411807,2510866.126422,0.0271410232899321,0.227030992114432,0,0.479369154593802,0.0988446726572529,0.167614157344581
181773.411807,2510866.126422,0.0313358988455195,0.275609309144218,0.00109950522264981,0.423492761590618,0.0844786512735936,0.183983873923401
182273.411807,2510866.126422,0.0159662323362085,0.213433657551844,0.00275279867865663,0.540282620664342,0.058909891723252,0.168654799045696
182773.411807,2510866.126422,0.044379240784889,0.171098477902072,0.00165046763249587,0.444709334311388,0.0733541169998166,0.264808362369338
183273.411807,2510866.126422,0.0835623969213854,0.0214403518416712,0,0.652739600513102,0.100787978742899,0.141469671980942
183773.411807,2510866.126422,0.361901266287392,0.0161497522481189,0,0.231418608919068,0.109928427234355,0.280601945311066
184273.411807,2510866.126422,0.277645332844306,0.0181551439574546,0,0.146524848707134,0.0234733174399413,0.534201357051164
184773.411807,2510866.126422,0.486347810152098,0.00971229613340663,0,0.109217518783214,0.0568077698369067,0.337914605094374
185273.411807,2510866.126422,0.124242980363369,0.0790970820334006,0,0.417507799596256,0.147733529087906,0.231418608919068
175773.411807,2510366.126422,0.297069597069597,0.0152014652014652,0,0.155311355311355,0.183516483516484,0.348901098901099
176273.411807,2510366.126422,0.308807339449541,0.0271559633027523,0,0.0363302752293578,0.0710091743119266,0.556697247706422
176773.411807,2510366.126422,0.417538066409833,0.00843881856540084,0,0.0708126949183636,0.114474408365438,0.388736011740965
177273.411807,2510366.126422,0.325091575091575,0.0124542124542125,0.000183150183150183,0.228021978021978,0.195787545787546,0.238461538461538
177773.411807,2510366.126422,0.105688073394495,0.0381651376146789,0.00018348623853211,0.575412844036697,0.168807339449541,0.111743119266055
178273.411807,2510366.126422,0.282150064208402,0.0254999082737112,0.000183452577508714,0.283250779673454,0.118326912493121,0.290588882773803
178773.411807,2510366.126422,0.623809523809524,0.0536630036630037,0.0461538461538462,0.0157509157509158,0.0177655677655678,0.242857142857143
179273.411807,2510366.126422,0.127889908256881,0.136146788990826,0.00036697247706422,0.215045871559633,0.223119266055046,0.29743119266055
179773.411807,2510366.126422,0.105852137222528,0.0847550908090259,0.00458631443771785,0.310218308567235,0.210420106402495,0.284168042560998
180273.411807,2510366.126422,0.0298534798534799,0.0695970695970696,0,0.64029304029304,0.106410256410256,0.153846153846154
180773.411807,2510366.126422,0.0425688073394495,0.13743119266055,0,0.398348623853211,0.0864220183486239,0.335229357798165
181273.411807,2510366.126422,0.0460465969546872,0.102366538249862,0,0.585947532562832,0.089157952669235,0.176481379563383
181773.411807,2510366.126422,0.0426739926739927,0.0840659340659341,0.00677655677655678,0.595238095238095,0.0782051282051282,0.193040293040293
182273.411807,2510366.126422,0.0965137614678899,0.104954128440367,0.00018348623853211,0.340733944954128,0.107522935779817,0.350091743119266
182773.411807,2510366.126422,0.128967161988626,0.096862960924601,0,0.350761328196661,0.0941111722619703,0.329297376628142
183273.411807,2510366.126422,0.0948717948717949,0.0635531135531135,0.00128205128205128,0.594505494505495,0.095970695970696,0.14981684981685
183773.411807,2510366.126422,0.266422018348624,0.0706422018348624,0,0.204770642201835,0.098348623853211,0.359816513761468
184273.411807,2510366.126422,0.146211704274445,0.0388919464318474,0.0493487433498441,0.177398642450926,0.10988809392772,0.478260869565217
184773.411807,2510366.126422,0.122344322344322,0.181868131868132,0,0.105494505494505,0.0593406593406593,0.530952380952381
185273.411807,2510366.126422,0.0478899082568807,0.0486238532110092,0,0.608440366972477,0.15302752293578,0.142018348623853
175273.411807,2509866.126422,0.111172161172161,0.0232600732600733,0.0501831501831502,0.620879120879121,0.0956043956043956,0.0989010989010989
