"x","y","forest","agri","water","built","other","grass"
174773.411807,2502866.126422,0.599649474211317,0.00726089133700551,0.0245368052078117,0.284176264396595,0.0380570856284427,0.0463194792188282
175273.411807,2502866.126422,0.179339669834917,0.0185092546273137,0.000250125062531266,0.623311655827914,0.112306153076538,0.0662831415707854
175773.411807,2502866.126422,0.183158420789605,0.0289855072463768,0.00424787606196902,0.500749625187406,0.137181409295352,0.14567716141929
176273.411807,2502866.126422,0.0498247371056585,0.0192789183775663,0.0260390585878818,0.815973960941412,0.0585878818227341,0.0302954431647471
176773.411807,2502866.126422,0.18584292146073,0.0332666333166583,0.00825412706353177,0.55927963981991,0.120810405202601,0.0925462731365683
177273.411807,2502866.126422,0.114442778610695,0.092703648175912,0.00424787606196902,0.647426286856572,0.0829585207396302,0.0582208895552224
177773.411807,2502866.126422,0.176014021031547,0.0322984476715073,0.0155232849273911,0.588632949424136,0.0535803705558337,0.133950926389584
178273.411807,2502866.126422,0.101800900450225,0.0305152576288144,0.0102551275637819,0.686343171585793,0.0537768884442221,0.117308654327164
178773.411807,2502866.126422,0.04047976011994,0.0182408795602199,0.0124937531234383,0.881059470264868,0.0402298850574713,0.00749625187406297
179273.411807,2502866.126422,0.155232849273911,0.0648472709063595,0.0175262894341512,0.474712068102153,0.173259889834752,0.114421632448673
179773.411807,2502866.126422,0.103551775887944,0.0732866433216608,0.00975487743871936,0.668334167083542,0.0475237618809405,0.0975487743871936
180273.411807,2502866.126422,0.132933533233383,0.0932033983008496,0.00149925037481259,0.46551724137931,0.156921539230385,0.149925037481259
180773.411807,2502866.126422,0.199048572859289,0.0848773159739609,0.00300450676014021,0.444166249374061,0.128442663995994,0.140460691036555
181273.411807,2502866.126422,0.0510255127563782,0.0260130065032516,0.000750375187593797,0.827163581790895,0.0622811405702851,0.0327663831915958
181773.411807,2502866.126422,0.261869065467266,0.0494752623688156,0.00324837581209395,0.342578710644678,0.112943528235882,0.229885057471264
182273.411807,2502866.126422,0.1457185778668,0.0540811216825238,0,0.390836254381572,0.128943415122684,0.28042063094642
182773.411807,2502866.126422,0.0220110055027514,0.0607803901950975,0,0.319909954977489,0.127063531765883,0.470235117558779
183273.411807,2502866.126422,0.079960019990005,0.0697151424287856,0.00449775112443778,0.608195902048976,0.128685657171414,0.108945527236382
183773.411807,2502866.126422,0.122684026039059,0.0473209814722083,0,0.593390085127692,0.13770655983976,0.0988983475212819
184273.411807,2502866.126422,0.0260130065032516,0.0127563781890945,0.000250125062531266,0.913206603301651,0.040520260130065,0.0072536268134067
184773.411807,2502866.126422,0.06071964017991,0.0214892553723138,0,0.747126436781609,0.0779610194902549,0.092703648175912
185273.411807,2502866.126422,0.0475713570355533,0.043064596895343,0.0160240360540811,0.7914371557336,0.07135703555333,0.0305458187280921
173773.411807,2502366.126422,0,0.000549450549450549,0.995238095238095,0.00293040293040293,0.00128205128205128,0
174273.411807,2502366.126422,0,0,0.949211587825449,0.0482214888155482,0.00256692335900257,0
174773.411807,2502366.126422,0.391941391941392,0.00824175824175824,0.0228937728937729,0.403479853479853,0.0992673992673993,0.0741758241758242
175273.411807,2502366.126422,0.0214285714285714,0.0238095238095238,0.144505494505494,0.7496336996337,0.0478021978021978,0.0128205128205128
175773.411807,2502366.126422,0.0469380271360469,0.0546387972130546,0.01998533186652,0.62046204620462,0.121928859552622,0.136046938027136
176273.411807,2502366.126422,0.056959706959707,0.0357142857142857,0.0732600732600733,0.703296703296703,0.0860805860805861,0.0446886446886447
176773.411807,2502366.126422,0.137545787545788,0.0489010989010989,0.0102564102564103,0.575274725274725,0.104945054945055,0.123076923076923
177273.411807,2502366.126422,0.0792079207920792,0.066006600660066,0.0320865419875321,0.74000733406674,0.0520718738540521,0.0306197286395306
177773.411807,2502366.126422,0.0230769230769231,0.0195970695970696,0.0858974358974359,0.841941391941392,0.0243589743589744,0.00512820512820513
178273.411807,2502366.126422,0.0401098901098901,0.0263736263736264,0.00915750915750916,0.89010989010989,0.028021978021978,0.00622710622710623
178773.411807,2502366.126422,0.0462046204620462,0.0302530253025303,0.0106343967730106,0.787678767876788,0.0775577557755776,0.0476714338100477
179273.411807,2502366.126422,0.0769230769230769,0.0891941391941392,0.0113553113553114,0.694871794871795,0.0917582417582418,0.0358974358974359
179773.411807,2502366.126422,0.0362637362637363,0.0232600732600733,0.00128205128205128,0.871245421245421,0.0448717948717949,0.0230769230769231
180273.411807,2502366.126422,0.0506050605060506,0.0308030803080308,0.00128346167950128,0.821598826549322,0.0702236890355702,0.0254858819215255
180773.411807,2502366.126422,0.0395604395604396,0.0336996336996337,0.00183150183150183,0.867032967032967,0.0285714285714286,0.0293040293040293
181273.411807,2502366.126422,0.0357142857142857,0.0106227106227106,0.00238095238095238,0.872893772893773,0.05,0.0283882783882784
181773.411807,2502366.126422,0.164099743307664,0.0363036303630363,0.00201686835350202,0.561606160616062,0.0333700036670334,0.202603593692703
182273.411807,2502366.126422,0.233150183150183,0.0461538461538462,0.0595238095238095,0.0249084249084249,0.0492673992673993,0.586996336996337
182773.411807,2502366.126422,0.205128205128205,0.0957875457875458,0,0.257326007326007,0.204945054945055,0.236813186813187
183273.411807,2502366.126422,0.150715071507151,0.059039237257059,0.00513384671800513,0.548038137147048,0.166483314998166,0.0705903923725706
183773.411807,2502366.126422,0.0565934065934066,0.0159340659340659,0.00384615384615385,0.81043956043956,0.0743589743589744,0.0388278388278388
184273.411807,2502366.126422,0.0926739926739927,0.0884615384615385,0.0010989010989011,0.661355311355311,0.0963369963369963,0.0600732600732601
184773.411807,2502366.126422,0.213971397139714,0.0388705537220389,0,0.381921525485882,0.165749908324166,0.199486615328199
185273.411807,2502366.126422,0.253846153846154,0.0371794871794872,0,0.251098901098901,0.13974358974359,0.318131868131868
174273.411807,2501866.126422,0.161993769470405,0.0273043796958036,0.376947040498442,0.316474253252703,0.0318856514568444,0.0853949056258017
174773.411807,2501866.126422,0.0167003119838502,0.0146815929528354,0,0.928427234354927,0.0273444668746559,0.012846393833731
175273.411807,2501866.126422,0.00183385292499542,0.00128369704749679,0.554923895103613,0.441958554923895,0,0
175773.411807,2501866.126422,0,0.00201575957485798,0.159061755543339,0.838922484881803,0,0
176273.411807,2501866.126422,0.0155991925123876,0.017434391631492,0.127913378601578,0.767847311433291,0.0636814094329235,0.00752431638832813
176773.411807,2501866.126422,0.0165046763249587,0.0179717586649551,0.224463598019439,0.693013020355768,0.0471300201723822,0.000916926462497708
177273.411807,2501866.126422,0.0309693971046362,0.0403151914971596,0.205240974894631,0.653472603994869,0.051676745464541,0.0183250870441635
177773.411807,2501866.126422,0.0820334006239677,0.0356028629106258,0.0308313452009543,0.746375481739769,0.0543218939254909,0.0508350155991925
178273.411807,2501866.126422,0.0931597285897671,0.0614340729873464,0.00715202640748212,0.724922061250688,0.0674857876398313,0.0458463231248854
178773.411807,2501866.126422,0.0359171706065604,0.017042330951072,0.00751328568810702,0.905076049111233,0.0157595748579806,0.0186915887850467
179273.411807,2501866.126422,0.0653330886401175,0.0328500642319692,0.00715727656450725,0.756836116718664,0.0790970820334006,0.0587263718113415
179773.411807,2501866.126422,0.075187969924812,0.0460297084173849,0.0066018705299835,0.773519163763066,0.081606455162296,0.0170548322024574
180273.411807,2501866.126422,0.0701850833791461,0.0399486897562763,0.000183250870441635,0.736118746564046,0.0978559648158329,0.0557082646142569
180773.411807,2501866.126422,0.098733712607818,0.0196366305744173,0,0.650211047898697,0.137272894109011,0.0941457148100569
181273.411807,2501866.126422,0.100678525582248,0.024390243902439,0.000183385292499542,0.620392444525949,0.140656519347148,0.113698881349716
181773.411807,2501866.126422,0.0549752611324904,0.0641378046545721,0.00458127176104087,0.658786879237676,0.139637163276526,0.0778816199376947
182273.411807,2501866.126422,0.271609469627455,0.0726738851165352,0,0.131583776839787,0.146999449440264,0.377133418975959
182773.411807,2501866.126422,0.079589216944801,0.0612506876948469,0.00861910874747845,0.693929946818265,0.113332110764717,0.0432789290298918
183273.411807,2501866.126422,0.20065970313359,0.0936411947956753,0.0053142752428074,0.460326186549386,0.147150448964633,0.0929081913139087
183773.411807,2501866.126422,0.132317856487429,0.0473481372728941,0.00587263718113415,0.456781060745091,0.204624701780143,0.153055606533309
184273.411807,2501866.126422,0.1599119750596,0.0568494406748579,0.000366770584999083,0.392261140656519,0.151109481019622,0.239501192004401
184773.411807,2501866.126422,0.298698918819864,0.0355506688656771,0,0.0798973795125527,0.170973062122045,0.414879970679861
185273.411807,2501866.126422,0.345935033951184,0.022389429253074,0.129381537896862,0.0447788585061479,0.0998348320792806,0.357680308313452
174273.411807,2501366.126422,0.0243589743589744,0.0157509157509158,0.805677655677656,0.0362637362637363,0.034981684981685,0.082967032967033
174773.411807,2501366.126422,0.0271559633027523,0.0177981651376147,0.174495412844037,0.62348623853211,0.123302752293578,0.0337614678899083
175273.411807,2501366.126422,0.0122913226930838,0.00880572372041827,0.131718950651257,0.799669785360484,0.0464135021097046,0.00110071546505228
175773.411807,2501366.126422,0.000183150183150183,0.000183150183150183,0.0912087912087912,0.901282051282051,0.00714285714285714,0
176273.411807,2501366.126422,0.00055045871559633,0.0018348623853211,0.0192660550458716,0.977981651376147,0.00036697247706422,0
176773.411807,2501366.126422,0,0,0.00953953403045313,0.990460465969547,0,0
177273.411807,2501366.126422,0.00695970695970696,0.0338827838827839,0.0119047619047619,0.911904761904762,0.028021978021978,0.00732600732600733
177773.411807,2501366.126422,0.0541284403669725,0.162752293577982,0.0574311926605505,0.501284403669725,0.115779816513761,0.108623853211009
178273.411807,2501366.126422,0.109704641350211,0.12694918363603,0.0555861309851403,0.544120344890846,0.078884608328747,0.0847550908090259
178773.411807,2501366.126422,0.0452380952380952,0.0432234432234432,0.0146520146520147,0.816483516483516,0.0631868131868132,0.0172161172161172
179273.411807,2501366.126422,0.08,0.0343119266055046,0.0102752293577982,0.780183486238532,0.0748623853211009,0.0203669724770642
179773.411807,2501366.126422,0.0629242340854889,0.0552192258301229,0.00275178866263071,0.739680792515135,0.0849385433865346,0.0544854155200881
180273.411807,2501366.126422,0.108424908424908,0.0571428571428571,0.000549450549450549,0.583882783882784,0.134065934065934,0.115934065934066
180773.411807,2501366.126422,0.0214678899082569,0.0343119266055046,0.00036697247706422,0.852660550458716,0.0788990825688073,0.0122935779816514
181273.411807,2501366.126422,0.0607228031553843,0.0489818381948266,0.000366905155017428,0.790130251330031,0.0662263804806457,0.0335718216840947
181773.411807,2501366.126422,0.0333333333333333,0.0217948717948718,0.00128205128205128,0.886080586080586,0.0404761904761905,0.017032967032967
182273.411807,2501366.126422,0.0447706422018349,0.0359633027522936,0.00293577981651376,0.843669724770642,0.0497247706422018,0.0229357798165138
182773.411807,2501366.126422,0.0414602825169694,0.0291689598238855,0.00935608145294441,0.878921298844249,0.029535864978903,0.011557512383049
183273.411807,2501366.126422,0.132417582417582,0.174542124542125,0.000549450549450549,0.467216117216117,0.118681318681319,0.106593406593407
183773.411807,2501366.126422,0.253394495412844,0.0253211009174312,0,0.192477064220183,0.13394495412844,0.394862385321101
184273.411807,2501366.126422,0.0875068794716566,0.0271509814712897,0.00201797835259585,0.553843331498808,0.125114657860943,0.204366171344707
184773.411807,2501366.126422,0.258608058608059,0.021978021978022,0,0.15989010989011,0.232967032967033,0.326556776556777
185273.411807,2501366.126422,0.38348623853211,0.013394495412844,0.00862385321100917,0.101284403669725,0.120733944954128,0.372477064220184
175273.411807,2500866.126422,0.0835164835164835,0.0228937728937729,0.00860805860805861,0.729304029304029,0.0791208791208791,0.0765567765567766
175773.411807,2500866.126422,0.0216354968830216,0.0196186285295196,0.0960762742940961,0.711404473780711,0.0982764943160983,0.052988632196553
176273.411807,2500866.126422,0.00366300366300366,0.000549450549450549,0.223260073260073,0.754029304029304,0.0184981684981685,0
176773.411807,2500866.126422,0.0467032967032967,0.0476190476190476,0.000915750915750916,0.812454212454212,0.0653846153846154,0.0269230769230769
177273.411807,2500866.126422,0.00513384671800513,0.00678401173450678,0.0333700036670334,0.94022735606894,0.0126512651265127,0.00183351668500183
177773.411807,2500866.126422,0.0419413919413919,0.0663003663003663,0.0124542124542125,0.70970695970696,0.054029304029304,0.115567765567766
178273.411807,2500866.126422,0.0921245421245421,0.115201465201465,0.0216117216117216,0.501648351648352,0.115567765567766,0.153846153846154
178773.411807,2500866.126422,0.137330399706637,0.0575724239090576,0.0526219288595526,0.47011367803447,0.123945727906124,0.158415841584158
179273.411807,2500866.126422,0.192124542124542,0.0847985347985348,0.0120879120879121,0.491758241758242,0.0705128205128205,0.148717948717949
179773.411807,2500866.126422,0.114285714285714,0.141575091575092,0.0010989010989011,0.305677655677656,0.182783882783883,0.254578754578755
180273.411807,2500866.126422,0.0630729739640631,0.0748074807480748,0,0.728456178951228,0.085991932526586,0.0476714338100477
180773.411807,2500866.126422,0.0175824175824176,0.0177655677655678,0.000732600732600733,0.891758241758242,0.0633699633699634,0.00879120879120879
181273.411807,2500866.126422,0.00934065934065934,0.00457875457875458,0.00659340659340659,0.960989010989011,0.0137362637362637,0.00476190476190476
181773.411807,2500866.126422,0.123395672900623,0.0482214888155482,0,0.663549688302164,0.0744407774110744,0.0903923725705904
182273.411807,2500866.126422,0.0236263736263736,0.0395604395604396,0.00256410256410256,0.822710622710623,0.0690476190476191,0.0424908424908425
182773.411807,2500866.126422,0.0836996336996337,0.0521978021978022,0,0.659340659340659,0.093956043956044,0.110805860805861
183273.411807,2500866.126422,0.101026769343601,0.0507884121745508,0,0.283828382838284,0.135130179684635,0.429226255958929
183773.411807,2500866.126422,0.186446886446886,0.0210622710622711,0,0.234615384615385,0.167582417582418,0.39029304029304
184273.411807,2500866.126422,0.161538461538462,0.0263736263736264,0.0010989010989011,0.415567765567766,0.126190476190476,0.269230769230769
184773.411807,2500866.126422,0.252658599193253,0.0157682434910158,0,0.108727539420609,0.154015401540154,0.468830216354969
185273.411807,2500866.126422,0.577289377289377,0,0,0,0,0.422710622710623
175273.411807,2500366.126422,0.0902255639097744,0.0377773702549056,0.0106363469649734,0.688978543920778,0.0638180817898405,0.108564093159729
175773.411807,2500366.126422,0.0690855781564962,0.0161260765988638,0.00274876305662452,0.667216419277992,0.145867692871541,0.0989554700384827
176273.411807,2500366.126422,0.0108276748027161,0.0143145531290145,0.288309781611305,0.599376032299505,0.0304643053771334,0.0567076527803267
176773.411807,2500366.126422,0.0210893086374473,0.0124701998899688,0.0337428938199156,0.863194571795342,0.057216211259857,0.0122868145974693
177273.411807,2500366.126422,0.0300531427524281,0.0375664284405351,0.0787978742899029,0.783763972878871,0.0582737768004398,0.011544804837823
177773.411807,2500366.126422,0.0110111947146265,0.0275279867865663,0.180033033584144,0.749128280418425,0.0176179115434025,0.0146815929528354
178273.411807,2500366.126422,0.119200440124702,0.066018705299835,0.00935264991747662,0.536401980561159,0.174582798459564,0.0944434256372639
178773.411807,2500366.126422,0.0701850833791461,0.19956019791094,0.0454462158695254,0.367417995235477,0.119296316657504,0.198094190947407
179273.411807,2500366.126422,0.122407781244265,0.158010644154891,0.0034868783262984,0.162782161864562,0.159478803450174,0.393833730959809
179773.411807,2500366.126422,0.242068586099395,0.0687694846873281,0,0.189620392444526,0.23601687144691,0.263524665321841
180273.411807,2500366.126422,0.111416529228514,0.0811801356056441,0.0047645226314825,0.497892614989921,0.181235110866777,0.123511086677662
180773.411807,2500366.126422,0.0787300422095797,0.0356028629106258,0,0.760322995044962,0.0765278032666544,0.0488162965681776
181273.411807,2500366.126422,0.0185219145424537,0.0115532734274711,0.00458463231248854,0.949569044562626,0.00935264991747662,0.00641848523748395
181773.411807,2500366.126422,0.0166758292101887,0.0194245922668133,0.000733003481766538,0.933663184900128,0.0216236027121129,0.00787978742899029
182273.411807,2500366.126422,0.0592769315470729,0.0423930996513122,0.000734079647641769,0.793907138924573,0.0675353275830428,0.0361534226463571
182773.411807,2500366.126422,0.19218778653952,0.0601503759398496,0,0.16779754263708,0.145607922244636,0.434256372638914
183273.411807,2500366.126422,0.112699285321605,0.0767821147150449,0.000549752611324904,0.497526113249038,0.120762323621037,0.19168041048195
183773.411807,2500366.126422,0.350523031748945,0.030280785465223,0.0660671682877592,0.113598825472564,0.0708386859974307,0.368691503028079
184273.411807,2500366.126422,0.142306986979644,0.050797726022373,0,0.168531083807079,0.159361819182102,0.479002384008803
184773.411807,2500366.126422,0.299798424042514,0.00806303829943192,0,0.0502107385010079,0.148616455928166,0.49331134322888
185273.411807,2500366.126422,0.397504129198018,0.000917599559552211,0.00311983850247752,0,0.00422095797394017,0.594237474766012
175773.411807,2499866.126422,0.117216117216117,0.0402930402930403,0,0.635897435897436,0.103113553113553,0.103479853479853
176273.411807,2499866.126422,0.00954128440366972,0.0073394495412844,0.298715596330275,0.645137614678899,0.0354128440366972,0.00385321100917431
176773.411807,2499866.126422,0.001284168042561,0.00275178866263071,0.387268391120895,0.600990643918547,0.00770500825536599,0
177273.411807,2499866.126422,0.0177655677655678,0.0269230769230769,0.000732600732600733,0.887179487179487,0.0615384615384615,0.00586080586080586
177773.411807,2499866.126422,0.00752293577981651,0.0267889908256881,0.239633027522936,0.697064220183486,0.0229357798165138,0.00605504587155963
178273.411807,2499866.126422,0.0117409649605577,0.301962942579343,0.0229315721885892,0.506879471656577,0.063474591818015,0.093010456796918
178773.411807,2499866.126422,0.0230769230769231,0.243589743589744,0.010989010989011,0.371428571428571,0.134249084249084,0.216666666666667
179273.411807,2499866.126422,0.051743119266055,0.11651376146789,0,0.100550458715596,0.0941284403669725,0.637064220183486
179773.411807,2499866.126422,0.109521188772702,0.0825536598789213,0.00476976701522656,0.421207117960007,0.17116125481563,0.210787011557512
180273.411807,2499866.126422,0.0346153846153846,0.036996336996337,0.00531135531135531,0.791025641025641,0.0758241758241758,0.0562271062271062
180773.411807,2499866.126422,0.0689908256880734,0.0304587155963303,0.00440366972477064,0.767889908256881,0.0700917431192661,0.0581651376146789
181273.411807,2499866.126422,0.021830856723537,0.0113740598055403,0.00110071546505228,0.922399559713814,0.0357732526141992,0.00752155567785727
181773.411807,2499866.126422,0.0624542124542125,0.0263736263736264,0.00183150183150183,0.826739926739927,0.0505494505494506,0.032051282051282
182273.411807,2499866.126422,0.0858715596330275,0.0506422018348624,0.00477064220183486,0.752660550458716,0.0434862385321101,0.0625688073394495
182773.411807,2499866.126422,0.0458631443771785,0.0704457897633462,0.000183452577508714,0.594386351128233,0.0799853237937993,0.209135938359934
183273.411807,2499866.126422,0.137545787545788,0.0804029304029304,0.00421245421245421,0.290842490842491,0.163736263736264,0.323260073260073
183773.411807,2499866.126422,0.188256880733945,0.0335779816513761,0.0055045871559633,0.13045871559633,0.0820183486238532,0.560183486238532
184273.411807,2499866.126422,0.119427627958173,0.0388919464318474,0,0.528159970647588,0.187121629058888,0.126398825903504
184773.411807,2499866.126422,0.171428571428571,0.0258241758241758,0,0.169047619047619,0.254945054945055,0.378754578754579
185273.411807,2499866.126422,0.272477064220183,0.0247706422018349,0.0258715596330275,0.0390825688073395,0.101834862385321,0.535963302752294
176273.411807,2499366.126422,0.0564102564102564,0.109157509157509,0.0205128205128205,0.330586080586081,0.111355311355311,0.371978021978022
176773.411807,2499366.126422,0.00714285714285714,0.00750915750915751,0.204761904761905,0.752930402930403,0.0186813186813187,0.00897435897435897
177273.411807,2499366.126422,0.011001100110011,0.00916758342500917,0.125412541254125,0.821232123212321,0.033003300330033,0.000183351668500183
177773.411807,2499366.126422,0.0106227106227106,0.0230769230769231,0.0203296703296703,0.881684981684982,0.0529304029304029,0.0113553113553114
178273.411807,2499366.126422,0.0258241758241758,0.295421245421245,0.0575091575091575,0.354212454212454,0.0714285714285714,0.195604395604396
178773.411807,2499366.126422,0.0863586358635864,0.0863586358635864,0.0044004400440044,0.555738907224056,0.155848918225156,0.111294462779611
179273.411807,2499366.126422,0.032967032967033,0.0545787545787546,0.00128205128205128,0.786996336996337,0.0509157509157509,0.0732600732600733
179773.411807,2499366.126422,0.0833333333333333,0.0705128205128205,0.052014652014652,0.542673992673993,0.0978021978021978,0.153663003663004
180273.411807,2499366.126422,0.0594059405940594,0.128346167950128,0.0188852218555189,0.173267326732673,0.135863586358636,0.484231756508984
180773.411807,2499366.126422,0.0166666666666667,0.0293040293040293,0.0021978021978022,0.887362637362637,0.0271062271062271,0.0373626373626374
181273.411807,2499366.126422,0.0148351648351648,0.0483516483516484,0.000549450549450549,0.878388278388278,0.0368131868131868,0.0210622710622711
181773.411807,2499366.126422,0.092042537587092,0.0353868720205354,0,0.744224422442244,0.048954895489549,0.0793912724605794
182273.411807,2499366.126422,0.0296703296703297,0.113369963369963,0,0.550732600732601,0.0507326007326007,0.255494505494505
182773.411807,2499366.126422,0.0283882783882784,0.334249084249084,0,0.3003663003663,0.0661172161172161,0.270879120879121
183273.411807,2499366.126422,0.0469380271360469,0.182618261826183,0,0.251741840850752,0.0625229189585625,0.456178951228456
183773.411807,2499366.126422,0.0355311355311355,0.0342490842490843,0.00256410256410256,0.334981684981685,0.0945054945054945,0.498168498168498
184273.411807,2499366.126422,0.0379120879120879,0.0489010989010989,0.00384615384615385,0.714468864468864,0.0908424908424908,0.104029304029304
184773.411807,2499366.126422,0.214338100476714,0.0353868720205354,0,0.240740740740741,0.111477814448111,0.398056472313898
185273.411807,2499366.126422,0.231135531135531,0.0276556776556777,0,0.0331501831501832,0.112271062271062,0.595787545787546
176773.411807,2498866.126422,0.0898587933247754,0.0418118466898955,0.122134604804695,0.455162295983862,0.133871263524665,0.157161195672107
177273.411807,2498866.126422,0,0,0.537658053875756,0.462341946124244,0,0
177773.411807,2498866.126422,0.0124793540099101,0.0334006239677005,0.00440447788585061,0.846760873554781,0.0464305377133419,0.0565241328684162
178273.411807,2498866.126422,0.0163212910324592,0.0188886851274528,0.0117366587199707,0.851457913075371,0.100678525582248,0.000916926462497708
178773.411807,2498866.126422,0.0472787245739417,0.0386659336631849,0.0458127176104087,0.759574857980575,0.0824628916987356,0.0262048744731537
179273.411807,2498866.126422,0.146448889704533,0.0361534226463571,0.0374380620297302,0.465957056340613,0.100752431638833,0.213250137639934
179773.411807,2498866.126422,0.106730240234733,0.0377773702549056,0,0.593251421236017,0.165596919127086,0.0966440491472584
180273.411807,2498866.126422,0.0597397837639729,0.0841121495327103,0.0467289719626168,0.580172255818215,0.160527762506872,0.068719076415613
180773.411807,2498866.126422,0.0345017434391632,0.0205542301339695,0,0.877959258579556,0.0574417324279684,0.009543035419343
181273.411807,2498866.126422,0.0656519347148359,0.057582981844856,0.00513478818998716,0.720887584815698,0.0735375022923162,0.077205208142307
181773.411807,2498866.126422,0.0406816932380429,0.066703316840755,0,0.628183983873923,0.0852116547553601,0.179219351291919
182273.411807,2498866.126422,0.0266103872270141,0.134703615342265,0,0.354193429987154,0.127179298953937,0.357313268489631
182773.411807,2498866.126422,0.0183385292499542,0.191637630662021,0,0.245552906656886,0.0832569227947919,0.461214010636347
183273.411807,2498866.126422,0.116364302730438,0.12332783580722,0.009529045262965,0.279274326553051,0.0628550485614807,0.408649441084845
183773.411807,2498866.126422,0.057258212516058,0.0535878142778491,0.00220223894292531,0.472747293081299,0.1159845843274,0.298219856854469
184273.411807,2498866.126422,0.0452961672473868,0.0735375022923162,0.0143040528149642,0.600220062350999,0.077205208142307,0.189437007152026
184773.411807,2498866.126422,0.0692688290269379,0.0815466373465274,0.00274876305662452,0.538757559098406,0.147333699835074,0.16034451163643
185273.411807,2498866.126422,0.300605615709304,0.0359699027344467,0.00110111947146265,0.260781794824739,0.144430170673518,0.25711139658653
176773.411807,2498366.126422,0.0497156485048615,0.0629242340854889,0,0.699137772885709,0.136855622821501,0.0513667217024399
177273.411807,2498366.126422,0.0104395604395604,0.00860805860805861,0.242124542124542,0.713919413919414,0.0163003663003663,0.00860805860805861
177773.411807,2498366.126422,0,0,0.148256880733945,0.851743119266055,0,0
178273.411807,2498366.126422,0.0476976701522656,0.0829205650339387,0.00880572372041827,0.671436433681893,0.131168592918731,0.0579710144927536
178773.411807,2498366.126422,0.0794871794871795,0.0672161172161172,0.00128205128205128,0.51025641025641,0.246703296703297,0.0950549450549451
179273.411807,2498366.126422,0.0434862385321101,0.0238532110091743,0.013394495412844,0.830642201834862,0.0447706422018349,0.0438532110091743
179773.411807,2498366.126422,0.0587048248027885,0.017978352595854,0.00110071546505228,0.801320858558063,0.0831040176114474,0.0377912309667951
180273.411807,2498366.126422,0.0694139194139194,0.0338827838827839,0,0.716849816849817,0.0987179487179487,0.0811355311355311
180773.411807,2498366.126422,0.0811009174311927,0.106605504587156,0.0341284403669725,0.526788990825688,0.148256880733945,0.103119266055046
181273.411807,2498366.126422,0.078884608328747,0.0864061640066043,0.00440286186020914,0.5221060355898,0.188956154833975,0.119244175380664
181773.411807,2498366.126422,0.058974358974359,0.139377289377289,0.000366300366300366,0.408608058608059,0.135714285714286,0.256959706959707
182273.411807,2498366.126422,0.0403669724770642,0.149908256880734,0.00073394495412844,0.371192660550459,0.133394495412844,0.304403669724771
182773.411807,2498366.126422,0.072463768115942,0.102916895982389,0.0152265639332233,0.528159970647588,0.0983305815446707,0.182902219776188
183273.411807,2498366.126422,0.101648351648352,0.065018315018315,0.00512820512820513,0.654578754578755,0.101098901098901,0.0725274725274725
183773.411807,2498366.126422,0.0377981651376147,0.053394495412844,0.00587155963302752,0.746788990825688,0.0776146788990826,0.0785321100917431
184273.411807,2498366.126422,0.0322876536415337,0.0346725371491469,0.0159603742432581,0.830856723536966,0.0596220876903321,0.0266006237387635
184773.411807,2498366.126422,0.0663003663003663,0.195787545787546,0.00421245421245421,0.385164835164835,0.134065934065934,0.214468864468864
185273.411807,2498366.126422,0.222752293577982,0.0732110091743119,0,0.193211009174312,0.188256880733945,0.32256880733945
177273.411807,2497866.126422,0.0727906123945728,0.0555555555555556,0.00275027502750275,0.708287495416208,0.0564723138980565,0.104143747708104
177773.411807,2497866.126422,0.00146520146520147,0.00256410256410256,0.127289377289377,0.864102564102564,0.00457875457875458,0
178273.411807,2497866.126422,0.0203296703296703,0.028021978021978,0.13003663003663,0.750732600732601,0.0575091575091575,0.0133699633699634
178773.411807,2497866.126422,0.0346534653465347,0.0148514851485149,0.0678401173450678,0.822882288228823,0.0551888522185552,0.00458379171250458
179273.411807,2497866.126422,0.0148351648351648,0.0655677655677656,0.0534798534798535,0.738278388278388,0.0736263736263736,0.0542124542124542
179773.411807,2497866.126422,0.0763736263736264,0.0395604395604396,0.00384615384615385,0.732967032967033,0.103296703296703,0.043956043956044
180273.411807,2497866.126422,0.0392372570590392,0.0115511551155116,0.00055005500550055,0.880638063806381,0.0469380271360469,0.0210854418775211
180773.411807,2497866.126422,0.067032967032967,0.0498168498168498,0.00128205128205128,0.739010989010989,0.0743589743589744,0.0684981684981685
181273.411807,2497866.126422,0.034981684981685,0.11959706959707,0,0.574908424908425,0.147069597069597,0.123443223443223
181773.411807,2497866.126422,0.0168683535020169,0.116061606160616,0,0.205720572057206,0.022002200220022,0.639347268060139
182273.411807,2497866.126422,0.0472527472527473,0.102930402930403,0.00531135531135531,0.186263736263736,0.0873626373626374,0.570879120879121
182773.411807,2497866.126422,0.0974358974358974,0.212087912087912,0.00164835164835165,0.1,0.113736263736264,0.475091575091575
183273.411807,2497866.126422,0.0898423175650898,0.230839750641731,0,0.0033003300330033,0.0181518151815182,0.657865786578658
183773.411807,2497866.126422,0.0463369963369963,0.211172161172161,0.00164835164835165,0.268681318681319,0.056043956043956,0.416117216117216
184273.411807,2497866.126422,0.0538461538461538,0.347985347985348,0.0043956043956044,0.157875457875458,0.123260073260073,0.312637362637363
184773.411807,2497866.126422,0.0416208287495416,0.476164283094976,0,0.238723872387239,0.0727906123945728,0.170700403373671
185273.411807,2497866.126422,0.0536630036630037,0.14047619047619,0,0.524725274725275,0.134798534798535,0.146336996336996
177773.411807,2497366.126422,0.0284455863461186,0.0168838318957607,0.100018351991191,0.773536428702514,0.0374380620297302,0.0436777390346853
178273.411807,2497366.126422,0.00385109114249037,0.00165046763249587,0.123234916559692,0.867595818815331,0.00238400880249404,0.00128369704749679
178773.411807,2497366.126422,0.00311526479750779,0.00659703133589885,0.0188748396554884,0.966098588968298,0.00494777350192413,0.000366501740883269
179273.411807,2497366.126422,0.0267939071389246,0.0409249403560286,0.00275279867865663,0.832079280601945,0.0625802899614608,0.034868783262984
179773.411807,2497366.126422,0.0529983495323675,0.0568494406748579,0.00568494406748579,0.817348248670457,0.0344764349899138,0.0326425820649184
180273.411807,2497366.126422,0.0197910940076965,0.021073850100788,0.00219901044529962,0.918453362653473,0.0276708814366868,0.0108118013560564
180773.411807,2497366.126422,0.00623967700495504,0.0139475133051936,0.0047715177096715,0.960359699027344,0.0146815929528354,0
181273.411807,2497366.126422,0.0797726022373006,0.090408949202274,0.0187052998349532,0.539336145241152,0.0887584815697781,0.183018521914542
181773.411807,2497366.126422,0.00274876305662452,0.0864944108484515,0,0.672347443650357,0.0558915154846986,0.182517866959868
182273.411807,2497366.126422,0,0.0734079647641769,0,0.749862360066067,0.0247751881079097,0.151954487061846
182773.411807,2497366.126422,0,0.0586832935998533,0.00201723821749496,0.697781037960756,0.00825233816247937,0.233266092059417
183273.411807,2497366.126422,0.0047645226314825,0.0927249404434671,0,0.49770936411948,0.0555250137438153,0.349276159061756
183773.411807,2497366.126422,0.00367039823820885,0.082583960359699,0,0.336942558267572,0.055606533308864,0.521196549825656
184273.411807,2497366.126422,0.00733541169998166,0.163579680909591,0,0.321841188336695,0.0438290849073904,0.463414634146341
184773.411807,2497366.126422,0.00403151914971596,0.0656038116181052,0,0.279457577423493,0.0331684075499359,0.61773868425875
185273.411807,2497366.126422,0.0504679757753716,0.108460267939071,0,0.438796109377868,0.0965314736648926,0.305744173242797
178273.411807,2496866.126422,0.0181618051733627,0.00476976701522656,0.0163272793982755,0.805173362685746,0.104567969179967,0.0509998165474225
178773.411807,2496866.126422,0.00146520146520147,0,0.161538461538462,0.836996336996337,0,0
179273.411807,2496866.126422,0.0126605504587156,0.0110091743119266,0.119633027522936,0.819633027522936,0.0277064220183486,0.00935779816513761
179773.411807,2496866.126422,0.0605393505778756,0.0262337185837461,0.106219042377545,0.699137772885709,0.0612731608879105,0.0465969546872134
180273.411807,2496866.126422,0.0104395604395604,0.0397435897435897,0.00128205128205128,0.911172161172161,0.032967032967033,0.0043956043956044
180773.411807,2496866.126422,0.0157798165137615,0.0141284403669725,0.016697247706422,0.935596330275229,0.0155963302752294,0.00220183486238532
181273.411807,2496866.126422,0.0407264722069345,0.0273344340487984,0.001284168042561,0.867730691616217,0.0363236103467254,0.0266006237387635
181773.411807,2496866.126422,0.078021978021978,0.155677655677656,0.000183150183150183,0.569413919413919,0.112271062271062,0.0844322344322344
182273.411807,2496866.126422,0.0506422018348624,0.0552293577981651,0.00220183486238532,0.730642201834862,0.115412844036697,0.0458715596330275
182773.411807,2496866.126422,0.0970464135021097,0.0410933773619519,0,0.694368005870483,0.09557879288204,0.0719134103834159
183273.411807,2496866.126422,0.0423076923076923,0.0441391941391941,0,0.801831501831502,0.0516483516483516,0.0600732600732601
183773.411807,2496866.126422,0.0203669724770642,0.0477064220183486,0.00036697247706422,0.841100917431193,0.0535779816513761,0.0368807339449541
184273.411807,2496866.126422,0.0555861309851403,0.0194459732159237,0.0132085855806274,0.816547422491286,0.0601724454228582,0.0350394423041644
184773.411807,2496866.126422,0.0289377289377289,0.218131868131868,0,0.599084249084249,0.0424908424908425,0.111355311355311
185273.411807,2496866.126422,0.0179816513761468,0.536330275229358,0,0.346422018348624,0.0489908256880734,0.0502752293577982
178273.411807,2496366.126422,0.0641025641025641,0.0153846153846154,0.0159340659340659,0.852747252747253,0.0305860805860806,0.0212454212454212
178773.411807,2496366.126422,0.00403373670700403,0.00385038503850385,0.144664466446645,0.843601026769344,0.00348368170150348,0.000366703337000367
179273.411807,2496366.126422,0.00293040293040293,0.00128205128205128,0.1003663003663,0.89029304029304,0.00476190476190476,0.000366300366300366
179773.411807,2496366.126422,0.0324175824175824,0.0564102564102564,0.0146520146520147,0.782417582417582,0.0703296703296703,0.0437728937728938
180273.411807,2496366.126422,0.0671067106710671,0.0339200586725339,0.0194352768610194,0.771543821048772,0.0936927026035937,0.0143014301430143
180773.411807,2496366.126422,0.0547619047619048,0.058974358974359,0.021978021978022,0.796520146520146,0.0567765567765568,0.010989010989011
181273.411807,2496366.126422,0.0445054945054945,0.0351648351648352,0.000732600732600733,0.852197802197802,0.0608058608058608,0.00659340659340659
181773.411807,2496366.126422,0.0975430876420975,0.108177484415108,0,0.601760176017602,0.0848918225155849,0.107627429409608
182273.411807,2496366.126422,0.0926739926739927,0.0710622710622711,0.0010989010989011,0.647435897435897,0.0924908424908425,0.0952380952380952
182773.411807,2496366.126422,0.0873626373626374,0.0487179487179487,0.00512820512820513,0.741391941391941,0.0620879120879121,0.0553113553113553
183273.411807,2496366.126422,0.0166850018335167,0.0267693436010268,0.00256692335900257,0.909057572423909,0.030986431976531,0.0139347268060139
183773.411807,2496366.126422,0.107875457875458,0.0426739926739927,0.00256410256410256,0.567216117216117,0.117948717948718,0.161721611721612
184273.411807,2496366.126422,0.0923076923076923,0.0408424908424908,0.0106227106227106,0.640842490842491,0.0873626373626374,0.128021978021978
184773.411807,2496366.126422,0.0500550055005501,0.0526219288595526,0.00421708837550422,0.680968096809681,0.141180784745141,0.070957095709571
185273.411807,2496366.126422,0.152197802197802,0.0989010989010989,0.000915750915750916,0.357692307692308,0.142673992673993,0.247619047619048
178773.411807,2495866.126422,0.0291368884002199,0.0743998533993036,0.00109950522264981,0.749312809235844,0.0936411947956753,0.0524097489463075
179273.411807,2495866.126422,0.0132134336575518,0.00568911726922371,0.0240411084602679,0.947513305193614,0.00862543585979079,0.000917599559552211
179773.411807,2495866.126422,0.00201723821749496,0.00403447643498991,0.113515496057216,0.879149092242802,0.00128369704749679,0
180273.411807,2495866.126422,0.0348176653839106,0.00604727872457394,0.0168590800806304,0.915521348726406,0.0243723657687374,0.00238226131574125
180773.411807,2495866.126422,0.0321159845843274,0.0691870067902367,0.038172141677372,0.794824738484125,0.0425766195632226,0.0231235089007157
181273.411807,2495866.126422,0.0498807995598753,0.0469466348798826,0.0174216027874564,0.809829451677975,0.0612506876948469,0.0146708233999633
181773.411807,2495866.126422,0.111416529228514,0.0758658603628367,0.00494777350192413,0.583654022356606,0.0864944108484515,0.137621403701668
182273.411807,2495866.126422,0.0939621948981464,0.0609286107542668,0.00311983850247752,0.726371811341531,0.0734079647641769,0.0422095797394017
182773.411807,2495866.126422,0.053181734824867,0.0557491289198606,0.0159545204474601,0.801760498807996,0.0597836053548505,0.0135705116449661
183273.411807,2495866.126422,0.0615722924683892,0.0584570276708814,0.00751328568810702,0.807586586036284,0.0503939893714495,0.0144768187648891
183773.411807,2495866.126422,0.0532207744540283,0.0528537346302074,0,0.761057074692604,0.100385391815012,0.0324830244081483
184273.411807,2495866.126422,0.158444892719604,0.0289748762149276,0.00861910874747845,0.688611773335778,0.106913625527233,0.00843572345497891
184773.411807,2495866.126422,0.00623052959501558,0.0141103170240059,0.0201575957485798,0.878687923767638,0.0767821147150449,0.00403151914971596
185273.411807,2495866.126422,0.0723068452927143,0.0794641218572215,0.00367039823820885,0.31950816663608,0.191594788034502,0.333455679941274
179273.411807,2495366.126422,0.0324770642201835,0.0236697247706422,0.0295412844036697,0.872660550458716,0.0227522935779817,0.0188990825688073
179773.411807,2495366.126422,0.000183452577508714,0.002568336085122,0.0234819299211154,0.967712346358466,0.00568702990277013,0.000366905155017428
180273.411807,2495366.126422,0.0228937728937729,0.00476190476190476,0.102197802197802,0.865934065934066,0.00384615384615385,0.000366300366300366
180773.411807,2495366.126422,0.00036697247706422,0.000917431192660551,0.0878899082568807,0.910825688073394,0,0
181273.411807,2495366.126422,0.00697119794533113,0.002568336085122,0.0715465052283985,0.917079434966061,0.00183452577508714,0
181773.411807,2495366.126422,0.0230769230769231,0.041025641025641,0.019047619047619,0.884981684981685,0.0166666666666667,0.0152014652014652
182273.411807,2495366.126422,0.0493577981651376,0.0878899082568807,0.00513761467889908,0.798348623853211,0.0372477064220183,0.0220183486238532
182773.411807,2495366.126422,0.0403595670519171,0.0460465969546872,0.00311869381764814,0.844248761695102,0.0535681526325445,0.0126582278481013
183273.411807,2495366.126422,0.0908424908424908,0.0932234432234432,0.0152014652014652,0.643772893772894,0.0981684981684982,0.0587912087912088
