"x","y","forest","agri","water","built","other","grass"
251773.411807,2765366.126422,0.0781507980187122,0.00293524124013942,0.461933590166942,0.427627958172812,0.0150431113557145,0.0143093010456797
252273.411807,2765366.126422,0.337912087912088,0.134615384615385,0.032967032967033,0.0542124542124542,0.0364468864468864,0.403846153846154
252773.411807,2765366.126422,0.150275229357798,0.168256880733945,0,0.00348623853211009,0.0396330275229358,0.638348623853211
253273.411807,2765366.126422,0.175013758943313,0.189323059988993,0.032104201064025,0.00880572372041827,0.0713630526508897,0.523390203632361
253773.411807,2765366.126422,0.147619047619048,0.212087912087912,0,0.00421245421245421,0.0661172161172161,0.56996336996337
254273.411807,2765366.126422,0.0227522935779817,0.351926605504587,0,0.00146788990825688,0.0598165137614679,0.564036697247706
254773.411807,2765366.126422,0.0521005320124748,0.412401394239589,0,0.00183452577508714,0.0409099247844432,0.492753623188406
255273.411807,2765366.126422,0.023992673992674,0.31996336996337,0.31007326007326,0.000549450549450549,0.0379120879120879,0.307509157509158
255773.411807,2765366.126422,0.0743119266055046,0.32348623853211,0.0174311926605505,0.00073394495412844,0.0335779816513761,0.55045871559633
256273.411807,2765366.126422,0.0541185103650706,0.384883507613282,0,0.000733810310034856,0.0443955237571088,0.515868647954504
256773.411807,2765366.126422,0.0492673992673993,0.371062271062271,0,0.00164835164835165,0.0448717948717949,0.533150183150183
257273.411807,2765366.126422,0.100733944954128,0.24,0.132477064220183,0,0.0510091743119266,0.475779816513761
257773.411807,2765366.126422,0.0713630526508897,0.235736562098697,0,0.00385250412768299,0.0755824619335902,0.61346541918914
258273.411807,2765366.126422,0.1003663003663,0.266483516483516,0.0278388278388278,0.00659340659340659,0.0578754578754579,0.540842490842491
258773.411807,2765366.126422,0.101100917431193,0.291192660550459,0.026605504587156,0.0177981651376147,0.119816513761468,0.44348623853211
259273.411807,2765366.126422,0.0555861309851403,0.381031003485599,0.00183452577508714,0.0598055402678408,0.141075032104201,0.360667767382132
259773.411807,2765366.126422,0.0611721611721612,0.467948717948718,0.0401098901098901,0.00384615384615385,0.0413919413919414,0.385531135531136
260273.411807,2765366.126422,0.0904587155963303,0.255963302752294,0.199816513761468,0.00293577981651376,0.0856880733944954,0.365137614678899
260773.411807,2765366.126422,0.0886075949367089,0.328563566318107,0.000550357732526142,0.00183452577508714,0.102549990827371,0.4778939644102
261273.411807,2765366.126422,0.0842490842490843,0.273260073260073,0,0.0032967032967033,0.101831501831502,0.537362637362637
261773.411807,2765366.126422,0.0568807339449541,0.209357798165138,0,0.0194495412844037,0.157614678899083,0.556697247706422
262273.411807,2765366.126422,0.0790680609062557,0.093010456796918,0,0.0302696752889378,0.199046046596955,0.598605760410934
251773.411807,2764866.126422,0.243406593406593,0.017032967032967,0.121794871794872,0.277655677655678,0.0948717948717949,0.245238095238095
252273.411807,2764866.126422,0.123762376237624,0.152915291529153,0.00055005500550055,0.111844517785112,0.0517051705170517,0.559222588925559
252773.411807,2764866.126422,0.106776556776557,0.0710622710622711,0,0.0602564102564103,0.172893772893773,0.589010989010989
253273.411807,2764866.126422,0.026007326007326,0.314652014652015,0.116483516483516,0.0318681318681319,0.0934065934065934,0.417582417582418
253773.411807,2764866.126422,0.110561056105611,0.244957829116245,0,0.0161349468280161,0.0511551155115512,0.577191052438577
254273.411807,2764866.126422,0.166666666666667,0.143956043956044,0.174725274725275,0.000915750915750916,0.0384615384615385,0.475274725274725
254773.411807,2764866.126422,0.0573260073260073,0.377655677655678,0.0010989010989011,0.00128205128205128,0.0366300366300366,0.526007326007326
255273.411807,2764866.126422,0.07004033736707,0.374770810414375,0,0.00788412174550788,0.0584891822515585,0.488815548221489
255773.411807,2764866.126422,0.067032967032967,0.285897435897436,0.218315018315018,0.000732600732600733,0.0313186813186813,0.396703296703297
256273.411807,2764866.126422,0.0677655677655678,0.45,0.000183150183150183,0.000366300366300366,0.0205128205128205,0.461172161172161
256773.411807,2764866.126422,0.0689402273560689,0.374954162082875,0,0.0099009900990099,0.0720572057205721,0.474147414741474
257273.411807,2764866.126422,0.0437728937728938,0.411172161172161,0.16025641025641,0.00842490842490842,0.0523809523809524,0.323992673992674
257773.411807,2764866.126422,0.149450549450549,0.192124542124542,0,0.00384615384615385,0.0868131868131868,0.567765567765568
258273.411807,2764866.126422,0.0253025302530253,0.332966629996333,0.0661899523285662,0.00275027502750275,0.0568390172350568,0.515951595159516
258773.411807,2764866.126422,0.11025641025641,0.28974358974359,0,0,0.0261904761904762,0.573809523809524
259273.411807,2764866.126422,0.0366300366300366,0.586446886446886,0,0.00128205128205128,0.0478021978021978,0.327838827838828
259773.411807,2764866.126422,0.0632563256325633,0.338650531719839,0,0.0286028602860286,0.136046938027136,0.433443344334433
260273.411807,2764866.126422,0.0571428571428571,0.369230769230769,0,0.0558608058608059,0.235897435897436,0.281868131868132
260773.411807,2764866.126422,0.0490842490842491,0.494322344322344,0,0.0122710622710623,0.0833333333333333,0.360989010989011
261273.411807,2764866.126422,0.0753575357535754,0.194902823615695,0,0.0276861019435277,0.188302163549688,0.513751375137514
261773.411807,2764866.126422,0.0406593406593407,0.341208791208791,0,0.00293040293040293,0.125091575091575,0.49010989010989
262273.411807,2764866.126422,0.0498168498168498,0.184798534798535,0,0.0206959706959707,0.175091575091575,0.56959706959707
251273.411807,2764366.126422,0,0,0.233804367773903,0.760139475133052,0.00605615709304459,0
251773.411807,2764366.126422,0.110214560792224,0.030808729139923,0.0902255639097744,0.460847240051348,0.123234916559692,0.184668989547038
252273.411807,2764366.126422,0.198277441817849,0.0439802089059923,0.0274876305662452,0.110133773135422,0.115997800989555,0.504123144584937
252773.411807,2764366.126422,0.0774454028262066,0.0387227014131033,0.00183519911910442,0.285006423196917,0.220774454028262,0.376215819416407
253273.411807,2764366.126422,0.106546854942234,0.0817898404547955,0,0.247570144874381,0.184485604254539,0.379607555474051
253773.411807,2764366.126422,0.110317024005864,0.101520982224666,0,0.0124610591900312,0.118196811434854,0.657504123144585
254273.411807,2764366.126422,0.126995779042026,0.156726004771518,0,0.0532207744540283,0.232152688566709,0.430904753165718
254773.411807,2764366.126422,0.102695763799743,0.194205024757014,0,0.0518980377773703,0.269209609389327,0.381991564276545
255273.411807,2764366.126422,0.0335349092908191,0.417811984606927,0,0.00787978742899029,0.0870441634597764,0.453729155213487
255773.411807,2764366.126422,0.0489998164800881,0.415856120389062,0,0.0012846393833731,0.0801982015048633,0.453661222242613
256273.411807,2764366.126422,0.070786722904823,0.350082523381625,0.0271410232899321,0.00110031175499725,0.0429121584448927,0.50797726022373
256773.411807,2764366.126422,0.0580905259299982,0.242440901594283,0.253435953820781,0.000733003481766538,0.0335349092908191,0.411764705882353
257273.411807,2764366.126422,0.0691870067902367,0.284822903285006,0.12461002018719,0.00550559735731327,0.0776289227381171,0.438245549642136
257773.411807,2764366.126422,0.0643682376673391,0.375206308454062,0,0.00165046763249587,0.0794058316523015,0.479369154593802
258273.411807,2764366.126422,0.0423309510720176,0.310243723657687,0,0.00201575957485798,0.0700018325087044,0.575407733186733
258773.411807,2764366.126422,0.0934116351624151,0.382088456597541,0.000183519911910442,0.00238575885483575,0.0838685997430721,0.438062029730226
259273.411807,2764366.126422,0.0517146524848707,0.356317623326609,0,0.000183385292499542,0.0843572345497891,0.507427104346231
259773.411807,2764366.126422,0.0428807036833425,0.342495876855415,0,0.00348176653839106,0.0916254352208173,0.519516217702034
260273.411807,2764366.126422,0.0379886217654616,0.426867315103689,0,0.00807487612405946,0.0844191594788034,0.442650027527987
260773.411807,2764366.126422,0.077205208142307,0.144507610489639,0.00183385292499542,0.187236383642032,0.3198239501192,0.269392994681827
261273.411807,2764366.126422,0.078248121678578,0.167308044713212,0.0740333516584204,0.0610225398570643,0.138171156312992,0.481216785779732
261773.411807,2764366.126422,0.0515690952468343,0.317856487428886,0.119287942741787,0.0216553496054322,0.0935951550743256,0.396035969902734
262273.411807,2764366.126422,0.0480469466348799,0.0944434256372639,0.209976159911975,0.0121034293049697,0.146524848707134,0.488905189803778
251273.411807,2763866.126422,0,0,0.442018348623853,0.557981651376147,0,0
251773.411807,2763866.126422,0.272060172445423,0.0957622454595487,0.0431113557145478,0.185103650706292,0.0999816547422491,0.303980920931939
252273.411807,2763866.126422,0.179487179487179,0.0860805860805861,0.0100732600732601,0.0247252747252747,0.184249084249084,0.515384615384615
252773.411807,2763866.126422,0.0768807339449541,0.0893577981651376,0,0.185137614678899,0.218532110091743,0.430091743119266
253273.411807,2763866.126422,0.115758576407999,0.126398825903504,0,0.0454962392221611,0.0979636763896533,0.614382682076683
253773.411807,2763866.126422,0.0714285714285714,0.0758241758241758,0.000732600732600733,0.21996336996337,0.278021978021978,0.354029304029304
254273.411807,2763866.126422,0.0442201834862385,0.257614678899083,0,0.148990825688073,0.227339449541284,0.321834862385321
254773.411807,2763866.126422,0.0506329113924051,0.46083287470189,0,0.00110071546505228,0.0511832691249312,0.436250229315722
255273.411807,2763866.126422,0.0673992673992674,0.377655677655678,0,0.0155677655677656,0.0972527472527473,0.442124542124542
255773.411807,2763866.126422,0.0429357798165138,0.351926605504587,0,0.00330275229357798,0.105504587155963,0.496330275229358
256273.411807,2763866.126422,0.0482480278847918,0.348743349844065,0,0.00403595670519171,0.110254999082737,0.488717666483214
256773.411807,2763866.126422,0.0684981684981685,0.31978021978022,0,0.00695970695970696,0.076007326007326,0.528754578754579
257273.411807,2763866.126422,0.0387155963302752,0.492844036697248,0,0.0203669724770642,0.061651376146789,0.386422018348624
257773.411807,2763866.126422,0.0590717299578059,0.32948082920565,0.020546688680976,0.0177949000183453,0.13410383415887,0.439002017978353
258273.411807,2763866.126422,0.0824175824175824,0.342307692307692,0.000915750915750916,0.00604395604395604,0.118498168498168,0.44981684981685
258773.411807,2763866.126422,0.0788990825688073,0.271559633027523,0,0.00990825688073394,0.108807339449541,0.530825688073394
259273.411807,2763866.126422,0.0599889928453495,0.466152999449642,0,0.0119244175380664,0.073747936158503,0.388185654008439
259773.411807,2763866.126422,0.100732600732601,0.361538461538462,0,0.00769230769230769,0.0769230769230769,0.453113553113553
260273.411807,2763866.126422,0.0506422018348624,0.346422018348624,0.0985321100917431,0.00036697247706422,0.0414678899082569,0.46256880733945
260773.411807,2763866.126422,0.0667767382131719,0.0678774536782242,0.121078701155751,0.201064024949551,0.276829939460649,0.266373142542653
261273.411807,2763866.126422,0.0642857142857143,0.186446886446886,0.281501831501832,0.010989010989011,0.080952380952381,0.375824175824176
261773.411807,2763866.126422,0.0502752293577982,0.303119266055046,0.216330275229358,0.0146788990825688,0.0675229357798165,0.348073394495413
262273.411807,2763866.126422,0.0629242340854889,0.277196844615667,0,0.0598055402678408,0.193359016694185,0.406714364336819
251773.411807,2763366.126422,0.215384615384615,0.0578754578754579,0.0104395604395604,0.12985347985348,0.137728937728938,0.448717948717949
252273.411807,2763366.126422,0.0577557755775578,0.157499083241658,0,0.00293362669600293,0.0326365969930326,0.749174917491749
252773.411807,2763366.126422,0.0899267399267399,0.267765567765568,0.0265567765567766,0.0124542124542125,0.133150183150183,0.47014652014652
253273.411807,2763366.126422,0.0586080586080586,0.261904761904762,0,0.000732600732600733,0.0247252747252747,0.654029304029304
253773.411807,2763366.126422,0.0540887422075541,0.214521452145215,0,0.0251191785845251,0.0436376971030436,0.662632929959663
254273.411807,2763366.126422,0.0705128205128205,0.0683150183150183,0,0.282417582417582,0.118498168498168,0.46025641025641
254773.411807,2763366.126422,0.10989010989011,0.130769230769231,0.00384615384615385,0.0021978021978022,0.0507326007326007,0.702564102564103
255273.411807,2763366.126422,0.0656398973230656,0.35020168683535,0,0.00128346167950128,0.0302530253025303,0.552621928859553
255773.411807,2763366.126422,0.0527472527472527,0.398168498168498,0,0.00695970695970696,0.0483516483516484,0.493772893772894
256273.411807,2763366.126422,0.0505494505494506,0.357326007326007,0,0.00183150183150183,0.0432234432234432,0.547069597069597
256773.411807,2763366.126422,0.0764576457645765,0.288045471213788,0,0.00605060506050605,0.0181518151815182,0.611294462779611
257273.411807,2763366.126422,0.118498168498168,0.251282051282051,0,0.0106227106227106,0.155128205128205,0.464468864468864
257773.411807,2763366.126422,0.0774725274725275,0.166666666666667,0.327838827838828,0.00970695970695971,0.140659340659341,0.277655677655678
258273.411807,2763366.126422,0.0792079207920792,0.354235423542354,0,0.0201686835350202,0.145031169783645,0.401356802346901
258773.411807,2763366.126422,0.112087912087912,0.214835164835165,0,0.00494505494505494,0.0727106227106227,0.595421245421245
259273.411807,2763366.126422,0.0992673992673993,0.264102564102564,0,0.00695970695970696,0.105677655677656,0.523992673992674
259773.411807,2763366.126422,0.0551888522185552,0.208470847084708,0,0.00953428676200953,0.121928859552622,0.604877154382105
260273.411807,2763366.126422,0.0747252747252747,0.372161172161172,0,0.000915750915750916,0.0452380952380952,0.506959706959707
260773.411807,2763366.126422,0.0818681318681319,0.126923076923077,0.00201465201465201,0.0399267399267399,0.217765567765568,0.531501831501832
261273.411807,2763366.126422,0.081041437477081,0.252658599193253,0,0.000366703337000367,0.0493215988265493,0.616611661166117
261773.411807,2763366.126422,0.112087912087912,0.122527472527473,0.06996336996337,0.0159340659340659,0.130952380952381,0.548534798534799
262273.411807,2763366.126422,0.0346153846153846,0.142124542124542,0.326556776556777,0.0102564102564103,0.0613553113553114,0.425091575091575
251273.411807,2762866.126422,0.0284455863461186,0.0117452743622683,0.247568361167187,0.633877775738668,0.0209212699577904,0.0574417324279684
251773.411807,2762866.126422,0.0968274344397579,0.0850907757197873,0.00275077938749312,0.0680359435173299,0.145791307537136,0.601503759398496
252273.411807,2762866.126422,0.0650540590067803,0.157412497709364,0.015026571376214,0.00274876305662452,0.0465457210921752,0.713212387758842
252773.411807,2762866.126422,0.0728574050284456,0.166269040190861,0.144613690585429,0.0260598274912828,0.169755918517159,0.420444118186823
253273.411807,2762866.126422,0.176233266092059,0.143774069319641,0.000550155877498625,0.00183385292499542,0.0825233816247937,0.595085274161012
253773.411807,2762866.126422,0.0918086860912589,0.313542239325637,0,0,0.0218068535825545,0.57284222100055
254273.411807,2762866.126422,0.113782345384474,0.250688199669664,0,0,0.0888236373646541,0.546705817581208
254773.411807,2762866.126422,0.0687694846873281,0.364203190904089,0.00366770584999083,0.00201723821749496,0.0610673024023473,0.500275077938749
255273.411807,2762866.126422,0.122961334066337,0.405350925416896,0,0.00384826827927433,0.0637713029136888,0.404068169323804
255773.411807,2762866.126422,0.0853367590383557,0.276013947513305,0,0.000367039823820885,0.0247751881079097,0.613507065516609
256273.411807,2762866.126422,0.0869246286447827,0.345314505776637,0,0.000183385292499542,0.0452961672473868,0.522281313038694
256773.411807,2762866.126422,0.0610225398570643,0.362653472603995,0.00164925783397471,0.00183250870441635,0.0348176653839106,0.538024555616639
257273.411807,2762866.126422,0.0438612589465957,0.22829877041659,0,0.00642319691686548,0.0811158010644155,0.640300972655533
257773.411807,2762866.126422,0.0603337612323492,0.289932147441775,0,0.000916926462497708,0.0546488171648634,0.594168347698515
258273.411807,2762866.126422,0.117097306212205,0.277625068719076,0,0.0152098222466557,0.177386842587502,0.412680960234561
258773.411807,2762866.126422,0.11213066617728,0.328500642319692,0,0.0372545421178198,0.0981831528720866,0.423930996513122
259273.411807,2762866.126422,0.0744544287548139,0.371171832019072,0,0.0671190170548322,0.158811663304603,0.328443058866679
259773.411807,2762866.126422,0.0822796408282939,0.131390874106652,0,0.0985889682975994,0.2376763789628,0.450064137804655
260273.411807,2762866.126422,0.0567076527803267,0.0181684712791338,0,0.360616626904019,0.378418058359332,0.186089190677188
260773.411807,2762866.126422,0.0618008435723455,0.0143040528149642,0,0.342930496974143,0.318907023656703,0.262057582981845
261273.411807,2762866.126422,0.0628550485614807,0.187832142202675,0,0.0133773135422393,0.0808136338647609,0.655121861828844
261773.411807,2762866.126422,0.0504679757753716,0.118370343182235,0,0.00807487612405946,0.114883464855937,0.708203340062397
262273.411807,2762866.126422,0.0247570144874381,0.189620392444526,0.228681459746928,0.0152209792774619,0.0748211993398129,0.466898954703833
251273.411807,2762366.126422,0.318899082568807,0.026605504587156,0.164587155963303,0.0972477064220184,0.0845871559633028,0.308073394495413
251773.411807,2762366.126422,0.0820033021463952,0.0568702990277013,0,0.0465969546872134,0.150247660979637,0.664281783159053
252273.411807,2762366.126422,0.0624542124542125,0.215750915750916,0,0.0236263736263736,0.106776556776557,0.591391941391941
252773.411807,2762366.126422,0.0423853211009174,0.192844036697248,0.00128440366972477,0.00055045871559633,0.0335779816513761,0.729357798165138
253273.411807,2762366.126422,0.087873784626674,0.258668134287287,0,0,0.015410016510732,0.638048064575307
253773.411807,2762366.126422,0.0761904761904762,0.545787545787546,0,0.000549450549450549,0.0388278388278388,0.338644688644689
254273.411807,2762366.126422,0.053394495412844,0.558165137614679,0,0.0141284403669725,0.044954128440367,0.329357798165138
254773.411807,2762366.126422,0.0366905155017428,0.104017611447441,0,0.0146762062006971,0.115024766097964,0.729590900752156
255273.411807,2762366.126422,0.0684981684981685,0.40018315018315,0.0210622710622711,0.00952380952380952,0.119413919413919,0.381318681318681
255773.411807,2762366.126422,0.0605504587155963,0.314495412844037,0,0.00018348623853211,0.0411009174311927,0.583669724770642
256273.411807,2762366.126422,0.0790680609062557,0.412034489084572,0,0.000366905155017428,0.0332049165290772,0.475325628325078
256773.411807,2762366.126422,0.0684981684981685,0.385714285714286,0.0173992673992674,0.121428571428571,0.0835164835164835,0.323443223443223
257273.411807,2762366.126422,0.104587155963303,0.250642201834862,0,0.00935779816513761,0.198165137614679,0.437247706422018
257773.411807,2762366.126422,0.0627407815079802,0.311135571454779,0.002568336085122,0.00220143093010457,0.0498991010823702,0.571454778939644
258273.411807,2762366.126422,0.0752747252747253,0.291758241758242,0,0.00128205128205128,0.0573260073260073,0.574358974358974
258773.411807,2762366.126422,0.12954128440367,0.188256880733945,0,0.0157798165137615,0.0955963302752294,0.570825688073395
259273.411807,2762366.126422,0.078884608328747,0.290588882773803,0.0214639515685195,0.00825536598789213,0.0919097413318657,0.508897450009173
259773.411807,2762366.126422,0.0688644688644689,0.163919413919414,0.316483516483516,0.114835164835165,0.11007326007326,0.225824175824176
260273.411807,2762366.126422,0.100366972477064,0.0574311926605505,0,0.173211009174312,0.278899082568807,0.390091743119266
260773.411807,2762366.126422,0.0649422124380847,0.109521188772702,0.209502843514951,0.0579710144927536,0.220326545587966,0.337736195193542
261273.411807,2762366.126422,0.137912087912088,0.144322344322344,0,0.0379120879120879,0.211172161172161,0.468681318681319
261773.411807,2762366.126422,0.073394495412844,0.185688073394495,0,0.193211009174312,0.320183486238532,0.227522935779817
262273.411807,2762366.126422,0.0766831773986425,0.126031920748487,0.0772335351311686,0.122546321775821,0.160704457897633,0.436800587048248
250773.411807,2761866.126422,0.265309864319765,0.0055005500550055,0.193619361936194,0.122478914558122,0.0397873120645398,0.373303997066373
251273.411807,2761866.126422,0.0545787545787546,0.11043956043956,0,0.0287545787545788,0.0705128205128205,0.735714285714286
251773.411807,2761866.126422,0.150549450549451,0.0549450549450549,0,0.0117216117216117,0.0778388278388278,0.704945054945055
252273.411807,2761866.126422,0.0764576457645765,0.170517051705171,0.000916758342500917,0.022002200220022,0.0753575357535754,0.654748808214155
252773.411807,2761866.126422,0.0452380952380952,0.147802197802198,0.32014652014652,0,0.0364468864468864,0.4503663003663
253273.411807,2761866.126422,0.0505494505494506,0.281501831501832,0,0.00476190476190476,0.0745421245421245,0.588644688644689
253773.411807,2761866.126422,0.0441877521085442,0.363769710304364,0,0.00311697836450312,0.0623395672900623,0.526585991932527
254273.411807,2761866.126422,0.0712454212454212,0.295054945054945,0,0.000183150183150183,0.0289377289377289,0.604578754578755
254773.411807,2761866.126422,0.0274725274725275,0.341575091575092,0.00476190476190476,0.00695970695970696,0.125274725274725,0.493956043956044
255273.411807,2761866.126422,0.0757242390905757,0.339200586725339,0.0121012101210121,0.00935093509350935,0.0927759442610928,0.470847084708471
255773.411807,2761866.126422,0.0223443223443223,0.380586080586081,0.000366300366300366,0.00238095238095238,0.104945054945055,0.489377289377289
256273.411807,2761866.126422,0.0543956043956044,0.399450549450549,0,0.0113553113553114,0.0593406593406593,0.475457875457875
256773.411807,2761866.126422,0.0968096809680968,0.240924092409241,0,0.00403373670700403,0.0478547854785479,0.61037770443711
257273.411807,2761866.126422,0.058974358974359,0.417032967032967,0,0.00128205128205128,0.0318681318681319,0.490842490842491
257773.411807,2761866.126422,0.123809523809524,0.392307692307692,0,0,0.0366300366300366,0.447252747252747
258273.411807,2761866.126422,0.0955262192885955,0.402640264026403,0.0434543454345435,0.000366703337000367,0.0414374770810414,0.416574990832417
258773.411807,2761866.126422,0.102197802197802,0.318864468864469,0.00952380952380952,0.0377289377289377,0.0831501831501831,0.448534798534799
259273.411807,2761866.126422,0.105860805860806,0.107509157509158,0,0.188827838827839,0.187728937728938,0.41007326007326
259773.411807,2761866.126422,0.0968096809680968,0.16024935826916,0,0.110744407774111,0.215438210487715,0.416758342500917
260273.411807,2761866.126422,0.0721611721611722,0.257509157509157,0,0.00512820512820513,0.0879120879120879,0.577289377289377
260773.411807,2761866.126422,0.0728937728937729,0.183699633699634,0,0.0032967032967033,0.045970695970696,0.694139194139194
261273.411807,2761866.126422,0.0586725339200587,0.209020902090209,0.0771910524385772,0.0155848918225156,0.125045837917125,0.514484781811514
261773.411807,2761866.126422,0.0655677655677656,0.355677655677656,0.204761904761905,0.000915750915750916,0.0415750915750916,0.331501831501831
262273.411807,2761866.126422,0.0584249084249084,0.275457875457875,0.0879120879120879,0.00695970695970696,0.0673992673992674,0.503846153846154
250773.411807,2761366.126422,0.0392156862745098,0.0908924317390508,0,0.0120945574491479,0.0617555433388309,0.796041781198461
251273.411807,2761366.126422,0.0785465222976693,0.0816663608001468,0,0.0108276748027161,0.159845843273995,0.669113598825473
251773.411807,2761366.126422,0.11204841371722,0.186502842472034,0.131670640014671,0.00238400880249404,0.0845406198422887,0.482853475151293
252273.411807,2761366.126422,0.043613707165109,0.285321605277625,0,0.00183250870441635,0.059190031152648,0.610042147700202
252773.411807,2761366.126422,0.102954670581758,0.258579555881813,0.000183519911910442,0.00256927876674619,0.0697375665259681,0.565975408331804
253273.411807,2761366.126422,0.0649183935448377,0.218595268659454,0,0.00146708233999633,0.0476801760498808,0.667339079405832
253773.411807,2761366.126422,0.0623052959501558,0.288253619204691,0,0.00916254352208173,0.160161260765989,0.480117280557083
254273.411807,2761366.126422,0.0585428518994311,0.358781427784915,0,0.00532207744540283,0.119838502477519,0.457515140392733
254773.411807,2761366.126422,0.0445626260773886,0.336695397029158,0.11589950485971,0.000366770584999083,0.0759215110948102,0.426554190353934
255273.411807,2761366.126422,0.0601062855048561,0.245006413780465,0,0.000549752611324904,0.0934579439252336,0.60087960417812
255773.411807,2761366.126422,0.0372545421178198,0.353092310515691,0.0356028629106258,0.00238575885483575,0.0390897412369242,0.532574784364104
256273.411807,2761366.126422,0.0192554557124519,0.336328626444159,0.127269392994682,0,0.0238400880249404,0.493306436823767
256773.411807,2761366.126422,0.0470954737035001,0.452079897379513,0,0.000549752611324904,0.0251053692505039,0.475169507055159
257273.411807,2761366.126422,0.0519361350706552,0.338594237474766,0,0.00275279867865663,0.0594604514589833,0.547256377316939
257773.411807,2761366.126422,0.0907757197872731,0.288465065101779,0.0559325142123602,0.000366770584999083,0.072803961122318,0.491655969191271
258273.411807,2761366.126422,0.0544255085211655,0.318856514568444,0,0.0122778083195895,0.0905259299981675,0.523914238592633
258773.411807,2761366.126422,0.0565241328684162,0.231969168654799,0.0636814094329235,0.0579922921636998,0.118186823270325,0.471646173609837
259273.411807,2761366.126422,0.102328993214744,0.168347698514579,0.00146708233999633,0.0610673024023473,0.193288098294517,0.473500825233816
259773.411807,2761366.126422,0.128458860179586,0.144768187648891,0.00513102437236577,0.0254718709913872,0.154297232911856,0.541872823895914
260273.411807,2761366.126422,0.0833180400073408,0.157276564507249,0,0.0644154890805652,0.176546155257845,0.518443751146999
260773.411807,2761366.126422,0.0786722904823033,0.252338162479369,0.000366770584999083,0.00421786172748946,0.0700531817348249,0.594351732991014
261273.411807,2761366.126422,0.0637713029136888,0.0520432472054242,0,0.444933113432289,0.112332783580722,0.326919552867876
261773.411807,2761366.126422,0.111213066617728,0.152138006973757,0.00679023674068636,0.104422829877042,0.303908974123692,0.321526885667095
262273.411807,2761366.126422,0.057582981844856,0.40784889051898,0,0.00623509994498441,0.0605171465248487,0.46781588116633
250273.411807,2760866.126422,0.131352045496239,0.116492386718033,0.0565033938726839,0.08273711245643,0.087873784626674,0.52504127682994
250773.411807,2760866.126422,0.0483516483516484,0.321245421245421,0,0.0216117216117216,0.0860805860805861,0.522710622710623
251273.411807,2760866.126422,0.16,0.0998165137614679,0.0478899082568807,0.0130275229357798,0.147155963302752,0.532110091743119
251773.411807,2760866.126422,0.0783342505962209,0.331682260135755,0.00091726288754357,0.0172445422858191,0.200330214639516,0.371491469455146
252273.411807,2760866.126422,0.0509157509157509,0.353479853479854,0,0.000732600732600733,0.03003663003663,0.564835164835165
252773.411807,2760866.126422,0.0504587155963303,0.258715596330275,0.312844036697248,0.00128440366972477,0.0522935779816514,0.324403669724771
253273.411807,2760866.126422,0.0572372041827188,0.279214822968263,0,0.002568336085122,0.0407264722069345,0.620253164556962
253773.411807,2760866.126422,0.0593406593406593,0.321611721611722,0.137728937728938,0,0.0393772893772894,0.441941391941392
254273.411807,2760866.126422,0.0944954128440367,0.420366972477064,0.00110091743119266,0.00238532110091743,0.064954128440367,0.416697247706422
254773.411807,2760866.126422,0.0438451660245826,0.3452577508714,0.00330214639515685,0,0.0387084938543387,0.568886442854522
255273.411807,2760866.126422,0.0402930402930403,0.235347985347985,0,0,0.060989010989011,0.663369963369963
255773.411807,2760866.126422,0.0328440366972477,0.487339449541284,0,0,0.024954128440367,0.454862385321101
256273.411807,2760866.126422,0.0616400660429279,0.36947349110255,0.160337552742616,0,0.0223812144560631,0.386167675655843
256773.411807,2760866.126422,0.043956043956044,0.171611721611722,0.215750915750916,0.000915750915750916,0.0419413919413919,0.525824175824176
257273.411807,2760866.126422,0.0614678899082569,0.24348623853211,0.00018348623853211,0.00073394495412844,0.0794495412844037,0.614678899082569
257773.411807,2760866.126422,0.0728306732709595,0.252797651807008,0.157035406347459,0.000733810310034856,0.0300862227114291,0.48651623555311
258273.411807,2760866.126422,0.0721611721611722,0.328937728937729,0,0.00805860805860806,0.136263736263736,0.454578754578755
258773.411807,2760866.126422,0.158715596330275,0.20348623853211,0.00146788990825688,0.0190825688073394,0.258532110091743,0.358715596330275
259273.411807,2760866.126422,0.0554026784076316,0.377912309667951,0.0366905155017428,0.0234819299211154,0.098147128967162,0.408365437534397
259773.411807,2760866.126422,0.112820512820513,0.23974358974359,0,0.00238095238095238,0.0456043956043956,0.599450549450549
260273.411807,2760866.126422,0.0851376146788991,0.26,0.116697247706422,0.00110091743119266,0.0308256880733945,0.506238532110092
260773.411807,2760866.126422,0.0862227114290956,0.398092093193909,0.0313703907539901,0.001284168042561,0.150064208402128,0.332966428178316
261273.411807,2760866.126422,0.13040293040293,0.0778388278388278,0.106593406593407,0.104578754578755,0.213919413919414,0.366666666666667
261773.411807,2760866.126422,0.0535779816513761,0.178715596330275,0.142201834862385,0.0152293577981651,0.141100917431193,0.469174311926606
262273.411807,2760866.126422,0.244542285819116,0.0190790680609063,0,0.0374243258117777,0.206934507429829,0.492019812878371
250273.411807,2760366.126422,0.101282051282051,0.179304029304029,0,0.0188644688644689,0.0631868131868132,0.637362637362637
250773.411807,2760366.126422,0.030986431976531,0.55023835716905,0.0203520352035204,0.0022002200220022,0.0544554455445545,0.341767510084342
251273.411807,2760366.126422,0.0432234432234432,0.401648351648352,0.16007326007326,0.0021978021978022,0.0677655677655678,0.325091575091575
251773.411807,2760366.126422,0.0514652014652015,0.247619047619048,0,0.00805860805860806,0.188461538461538,0.504395604395604
252273.411807,2760366.126422,0.052988632196553,0.420608727539421,0,0.00458379171250458,0.0823248991565823,0.43949394939494
252773.411807,2760366.126422,0.089010989010989,0.201648351648352,0.0161172161172161,0.0580586080586081,0.168498168498169,0.466666666666667
253273.411807,2760366.126422,0.0617216117216117,0.328205128205128,0.00183150183150183,0.0144688644688645,0.165750915750916,0.428021978021978
253773.411807,2760366.126422,0.0520718738540521,0.565456545654565,0.0416208287495416,0.0022002200220022,0.0408874220755409,0.297763109644298
254273.411807,2760366.126422,0.0564102564102564,0.341758241758242,0.145604395604396,0.00512820512820513,0.0611721611721612,0.38992673992674
254773.411807,2760366.126422,0.0324175824175824,0.377289377289377,0.0148351648351648,0.0043956043956044,0.0507326007326007,0.52032967032967
255273.411807,2760366.126422,0.0359369270260359,0.36982031536487,0.147964796479648,0.000183351668500183,0.0247524752475248,0.421342134213421
255773.411807,2760366.126422,0.0415750915750916,0.465018315018315,0,0.00164835164835165,0.0318681318681319,0.45989010989011
256273.411807,2760366.126422,0.0448717948717949,0.308241758241758,0.123076923076923,0.000732600732600733,0.0432234432234432,0.47985347985348
256773.411807,2760366.126422,0.0506050605060506,0.207920792079208,0,0.0011001100110011,0.0583058305830583,0.682068206820682
257273.411807,2760366.126422,0.0549450549450549,0.235164835164835,0.159157509157509,0.00476190476190476,0.11043956043956,0.435531135531136
257773.411807,2760366.126422,0.0512820512820513,0.286813186813187,0.0950549450549451,0.0010989010989011,0.0483516483516484,0.517399267399267
258273.411807,2760366.126422,0.0445544554455446,0.482948294829483,0,0.00806747341400807,0.0177851118445178,0.446644664466447
258773.411807,2760366.126422,0.0564102564102564,0.212087912087912,0.371978021978022,0.00311355311355311,0.101465201465201,0.254945054945055
259273.411807,2760366.126422,0.0412087912087912,0.182051282051282,0.0104395604395604,0.00384615384615385,0.0974358974358974,0.665018315018315
259773.411807,2760366.126422,0.0606894022735607,0.43014301430143,0,0.00146681334800147,0.037037037037037,0.470663733039971
260273.411807,2760366.126422,0.115201465201465,0.111355311355311,0,0.00457875457875458,0.0600732600732601,0.708791208791209
260773.411807,2760366.126422,0.0467032967032967,0.383516483516484,0,0,0.0203296703296703,0.549450549450549
261273.411807,2760366.126422,0.0784745141180785,0.27961129446278,0.136596993032637,0.0203520352035204,0.120828749541621,0.364136413641364
261773.411807,2760366.126422,0.0661172161172161,0.329304029304029,0,0.0619047619047619,0.188095238095238,0.354578754578755
262273.411807,2760366.126422,0.082967032967033,0.123992673992674,0.000915750915750916,0.0483516483516484,0.150549450549451,0.593223443223443
250273.411807,2759866.126422,0.0465798642948836,0.308270676691729,0,0.0159545204474601,0.124701998899688,0.504492939666239
250773.411807,2759866.126422,0.10646875572659,0.201209455744915,0,0.00403151914971596,0.0963899578522998,0.59190031152648
251273.411807,2759866.126422,0.118003303358414,0.397871169021839,0,0,0.00311983850247752,0.481005689117269
251773.411807,2759866.126422,0.0379607555474051,0.431688978543921,0,0.000733541169998166,0.0850907757197873,0.444525949018889
252273.411807,2759866.126422,0.0701850833791461,0.40809968847352,0,0.000549752611324904,0.0568077698369067,0.464357705699102
252773.411807,2759866.126422,0.0486327766562672,0.405211965498257,0.210313819049367,0.000367039823820885,0.0245916681959993,0.310882730776289
253273.411807,2759866.126422,0.0524481936548689,0.360352099761599,0.000366770584999083,0.000183385292499542,0.0430955437373923,0.543554006968641
253773.411807,2759866.126422,0.051126992853216,0.35312442734103,0.00311526479750779,0.00183250870441635,0.0459959684808503,0.54480483782298
254273.411807,2759866.126422,0.0543218939254909,0.366122224261332,0.0135804734813727,0.00568911726922371,0.122774821068086,0.437511469994494
254773.411807,2759866.126422,0.048413717219879,0.360535485054099,0,0.00458463231248854,0.0594168347698515,0.527049330643682
255273.411807,2759866.126422,0.0628550485614807,0.424775517683709,0,0.00146600696353308,0.0320689023272861,0.478834524463991
255773.411807,2759866.126422,0.0306478252890439,0.380253257478436,0,0,0.0251422279317306,0.563956689300789
256273.411807,2759866.126422,0.081606455162296,0.411516596368971,0,0.00183385292499542,0.0293416467999266,0.475701448743811
256773.411807,2759866.126422,0.0883269195528679,0.268096023456111,0,0.00109950522264981,0.0580905259299982,0.584387025838373
257273.411807,2759866.126422,0.146999449440264,0.242980363369426,0.00495503762158194,0,0.039823820884566,0.565241328684162
257773.411807,2759866.126422,0.119383825417202,0.412250137538969,0,0.00165046763249587,0.0504309554373739,0.416284613973959
258273.411807,2759866.126422,0.0842954004031519,0.39912039582188,0,0.000366501740883269,0.0489279824079164,0.467289719626168
258773.411807,2759866.126422,0.0655166085520279,0.463754817397688,0.000183519911910442,0.000183519911910442,0.105156909524683,0.36520462470178
259273.411807,2759866.126422,0.0634513112048414,0.223363286264442,0.0066018705299835,0.0130203557674674,0.0724371905373189,0.621125985695947
259773.411807,2759866.126422,0.110500274876306,0.349092908191314,0.015026571376214,0.00274876305662452,0.0447132123877588,0.477918270111783
260273.411807,2759866.126422,0.0772618829142962,0.390530372545421,0.00146815929528354,0.00734079647641769,0.0622132501376399,0.461185538630941
260773.411807,2759866.126422,0.1199339812947,0.253805244819366,0,0.0066018705299835,0.0828901522097928,0.536768751146158
261273.411807,2759866.126422,0.0793476269012278,0.224299065420561,0,0.0152098222466557,0.131757375847535,0.549386109584021
261773.411807,2759866.126422,0.0554230133969536,0.503578638282254,0,0.00183519911910442,0.046063497889521,0.393099651312167
262273.411807,2759866.126422,0.0447460113698881,0.385292499541537,0.00366770584999083,0.000366770584999083,0.0583165230148542,0.507610489638731
250273.411807,2759366.126422,0.179966978536048,0.0772335351311686,0.00311869381764814,0.00403595670519171,0.114474408365438,0.621170427444506
250773.411807,2759366.126422,0.11959706959707,0.258058608058608,0.000366300366300366,0.0417582417582418,0.115567765567766,0.464652014652015
251273.411807,2759366.126422,0.0411009174311927,0.305137614678899,0,0.00073394495412844,0.0288073394495413,0.624220183486239
251773.411807,2759366.126422,0.0603558980003669,0.456796917996698,0,0.00165107319757843,0.0365070629242341,0.444689047881123
252273.411807,2759366.126422,0.0263736263736264,0.475274725274725,0,0.00567765567765568,0.0584249084249084,0.434249084249084
252773.411807,2759366.126422,0.0511926605504587,0.206238532110092,0.00073394495412844,0,0.0256880733944954,0.716146788990826
253273.411807,2759366.126422,0.0335718216840947,0.4379013025133,0,0.00238488350761328,0.0473307649972482,0.478811227297744
253773.411807,2759366.126422,0.0344322344322344,0.373809523809524,0,0.0010989010989011,0.03003663003663,0.560622710622711
254273.411807,2759366.126422,0.0293577981651376,0.427706422018349,0.00055045871559633,0.000917431192660551,0.0436697247706422,0.497798165137615
254773.411807,2759366.126422,0.103100348559897,0.33241607044579,0,0.00348559897266557,0.0526508897450009,0.508347092276647
255273.411807,2759366.126422,0.0212454212454212,0.426923076923077,0,0,0.0043956043956044,0.547435897435897
255773.411807,2759366.126422,0.0444036697247706,0.577798165137615,0.0155963302752294,0,0.0115596330275229,0.350642201834862
256273.411807,2759366.126422,0.114841313520455,0.469455145844799,0.00275178866263071,0.000366905155017428,0.0409099247844432,0.371674922032655
256773.411807,2759366.126422,0.134249084249084,0.151098901098901,0.0516483516483516,0.121978021978022,0.178571428571429,0.362454212454212
257273.411807,2759366.126422,0.208990825688073,0.0411009174311927,0,0.112293577981651,0.345137614678899,0.292477064220183
257773.411807,2759366.126422,0.277563749770684,0.121078701155751,0.000366905155017428,0.0649422124380847,0.193542469271693,0.342505962208769
258273.411807,2759366.126422,0.115018315018315,0.38021978021978,0,0.00238095238095238,0.0551282051282051,0.447252747252747
258773.411807,2759366.126422,0.0537614678899083,0.44605504587156,0.00146788990825688,0.0225688073394495,0.140366972477064,0.335779816513761
259273.411807,2759366.126422,0.0794349660612732,0.332049165290772,0.0146762062006971,0.001284168042561,0.0579710144927536,0.514584479911943
259773.411807,2759366.126422,0.106043956043956,0.326556776556777,0.000366300366300366,0.000549450549450549,0.0554945054945055,0.510989010989011
260273.411807,2759366.126422,0.0801834862385321,0.478715596330275,0,0.00110091743119266,0.0344954128440367,0.405504587155963
260773.411807,2759366.126422,0.0748486516235553,0.411300678774537,0.00348559897266557,0.000183452577508714,0.094294624839479,0.415886993212255
261273.411807,2759366.126422,0.18992673992674,0.138827838827839,0.000366300366300366,0.00531135531135531,0.117216117216117,0.548351648351648
261773.411807,2759366.126422,0.0992660550458716,0.312844036697248,0.00146788990825688,0,0.0677064220183486,0.518715596330275
262273.411807,2759366.126422,0.108787378462667,0.307649972482113,0,0.00110071546505228,0.108053568152633,0.474408365437534
250273.411807,2758866.126422,0.0758241758241758,0.300915750915751,0,0.0419413919413919,0.156593406593407,0.424725274725275
