"x","y","forest","agri","water","built","other","grass"
250273.411807,2626866.126422,0.962820512820513,0,0,0,0,0.0371794871794872
250773.411807,2626866.126422,0.887972130546388,0.00568390172350568,0,0.0115511551155116,0.0166850018335167,0.0781078107810781
251273.411807,2626866.126422,0.930769230769231,0.0113553113553114,0,0.000183150183150183,0.00677655677655678,0.0509157509157509
251773.411807,2626866.126422,0.951648351648352,0.0146520146520147,0,0.000183150183150183,0.0021978021978022,0.0313186813186813
252273.411807,2626866.126422,0.573157315731573,0.00678401173450678,0,0.0804913824715805,0.114044737807114,0.225522552255226
252773.411807,2626866.126422,0.724725274725275,0.0362637362637363,0.0139194139194139,0.0188644688644689,0.0386446886446886,0.167582417582418
253273.411807,2626866.126422,0.638278388278388,0.0227106227106227,0.00457875457875458,0.0344322344322344,0.0633699633699634,0.236630036630037
253773.411807,2626866.126422,0.564173083975064,0.0724239090575724,0.0198019801980198,0.0331866519985332,0.0304363769710304,0.27997799779978
254273.411807,2626866.126422,0.836446886446886,0.0221611721611722,0,0,0.0126373626373626,0.128754578754579
254773.411807,2626866.126422,0.925641025641026,0.0305860805860806,0,0,0,0.0437728937728938
255273.411807,2626866.126422,0.873854052071874,0.0133846718005134,0,0.00403373670700403,0.0183351668500183,0.0903923725705904
255773.411807,2626866.126422,0.605311355311355,0.216483516483516,0.0512820512820513,0.063003663003663,0.00402930402930403,0.0598901098901099
256273.411807,2626866.126422,0.289010989010989,0.171978021978022,0.0523809523809524,0.22014652014652,0.102380952380952,0.164102564102564
256773.411807,2626866.126422,0.585625229189586,0.101393472680601,0.0430876420975431,0.0669233590025669,0.0262192885955262,0.176751008434177
257273.411807,2626866.126422,0.641575091575092,0.0336996336996337,0.0456043956043956,0.054029304029304,0.0305860805860806,0.194505494505495
257773.411807,2626866.126422,0.804395604395604,0.0463369963369963,0,0.000732600732600733,0.00238095238095238,0.146153846153846
258273.411807,2626866.126422,0.735973597359736,0.0055005500550055,0,0.000366703337000367,0.0298863219655299,0.228272827282728
258773.411807,2626866.126422,0.874358974358974,0.000549450549450549,0,0,0.000549450549450549,0.124542124542125
259273.411807,2626866.126422,0.788644688644689,0.00238095238095238,0,0.0131868131868132,0.0397435897435897,0.156043956043956
259773.411807,2626866.126422,0.628529519618629,0.0022002200220022,0,0,0.00623395672900623,0.363036303630363
260273.411807,2626866.126422,0.340842490842491,0.0353479853479853,0,0.00952380952380952,0.0437728937728938,0.57051282051282
260773.411807,2626866.126422,0.85970695970696,0.000732600732600733,0,0.000366300366300366,0.0287545787545788,0.11043956043956
261273.411807,2626866.126422,0.358819215254859,0.0205353868720205,0,0.251008434176751,0.168866886688669,0.200770077007701
261773.411807,2626866.126422,0.791575091575092,0.00457875457875458,0,0,0.0133699633699634,0.19047619047619
262273.411807,2626866.126422,0.634432234432234,0.166300366300366,0.00512820512820513,0,0.000366300366300366,0.193772893772894
250273.411807,2626366.126422,0.467265725288832,0.00201723821749496,0,0.0165046763249587,0.0438290849073904,0.470383275261324
250773.411807,2626366.126422,0.45849367784497,0.0148433205057724,0.000183250870441635,0.207806487080814,0.137254901960784,0.181418361737218
251273.411807,2626366.126422,0.641585612038906,0.000183519911910442,0,0.00532207744540283,0.0289961460818499,0.323912644521931
251773.411807,2626366.126422,0.89198606271777,0,0,0,0,0.10801393728223
252273.411807,2626366.126422,0.713762140370167,0.0804471321238776,0,0.00842954004031519,0.0382994319223016,0.159061755543339
252773.411807,2626366.126422,0.978711690218389,0.00642319691686548,0,0,0,0.0148651128647458
253273.411807,2626366.126422,0.887401430405282,0.000183385292499542,0,0,0,0.112415184302219
253773.411807,2626366.126422,0.628367234744365,0.0333516584203775,0.0199743448781382,0.00348176653839106,0.0188748396554884,0.29595015576324
254273.411807,2626366.126422,0.732244448522665,0.0501009359515507,0.00458799779776106,0.00807487612405946,0.0130299137456414,0.191961827858323
254773.411807,2626366.126422,0.943333944617642,0,0,0,0.00183385292499542,0.0548322024573629
255273.411807,2626366.126422,0.736485248304929,0.0315191497159611,0.000183250870441635,0.0888766721641928,0.0377496793109767,0.105185999633498
255773.411807,2626366.126422,0.70967149935768,0.209212699577904,0.0407414204441182,0.0216553496054322,0.000367039823820885,0.0183519911910442
256273.411807,2626366.126422,0.877131854025307,0.00586832935998533,0,0.00641848523748395,0.0150375939849624,0.0955437373922611
256773.411807,2626366.126422,0.766355140186916,0.00219901044529962,0,0.000366501740883269,0.0133773135422393,0.217702034084662
257273.411807,2626366.126422,0.528537346302074,0.100935951550743,0.000367039823820885,0.00220223894292531,0.0146815929528354,0.353275830427601
257773.411807,2626366.126422,0.605354850540987,0.104896387309738,0.0161379057399597,0.0265908674124335,0.00550155877498625,0.241518430221896
258273.411807,2626366.126422,0.352941176470588,0.146050943741983,0.00513102437236577,0.0329851566794942,0.160527762506872,0.302363936228697
258773.411807,2626366.126422,0.785281703064783,0.00917599559552211,0.00311983850247752,0.0255092677555515,0.0178014314553129,0.159111763626353
259273.411807,2626366.126422,0.513845589583715,0.0407115349348982,0.00458463231248854,0.0504309554373739,0.0951769668072621,0.295250320924262
259773.411807,2626366.126422,0.785046728971963,0.00128275609309144,0,0.000916254352208173,0.0126443100604728,0.200109950522265
260273.411807,2626366.126422,0.358964947696825,0.0211047898697009,0,0.0170673518076711,0.0486327766562672,0.554230133969536
260773.411807,2626366.126422,0.278012103429305,0.0128369704749679,0.000183385292499542,0.0700531817348249,0.183385292499542,0.455529066568861
261273.411807,2626366.126422,0.20175920835624,0.00696353307678211,0,0.0280373831775701,0.0833791460509437,0.679860729338464
261773.411807,2626366.126422,0.509818315287209,0.0192695907505964,0.0161497522481189,0.00165167920719398,0.0275279867865663,0.425582675720316
262273.411807,2626366.126422,0.634696497340913,0.0181551439574546,0.000733541169998166,0,0.00843572345497891,0.337979094076655
250273.411807,2625866.126422,0.75600807191341,0.002568336085122,0,0.0100898917629793,0.0616400660429279,0.16969363419556
250773.411807,2625866.126422,0.847985347985348,0,0,0,0.00128205128205128,0.150732600732601
251273.411807,2625866.126422,0.826422018348624,0.00311926605504587,0,0.0126605504587156,0.021651376146789,0.136146788990826
251773.411807,2625866.126422,0.890662263804807,0.00385250412768299,0,0.000733810310034856,0.0121078701155751,0.0926435516419006
252273.411807,2625866.126422,0.95,0,0,0,0.000183150183150183,0.0498168498168498
252773.411807,2625866.126422,0.98,0,0,0,0,0.02
253273.411807,2625866.126422,0.926618968996514,0,0,0,0,0.0733810310034856
253773.411807,2625866.126422,0.717948717948718,0.00970695970695971,0,0.00805860805860806,0.0384615384615385,0.225824175824176
254273.411807,2625866.126422,0.687706422018349,0.0414678899082569,0.0198165137614679,0.0343119266055046,0.0447706422018349,0.171926605504587
254773.411807,2625866.126422,0.882406897816914,0.0381581361218125,0.00752155567785727,0.0221977618785544,0,0.0497156485048615
255273.411807,2625866.126422,0.866300366300366,0.0360805860805861,0,0,0.00293040293040293,0.0946886446886447
255773.411807,2625866.126422,0.795045871559633,0.0128440366972477,0,0.00036697247706422,0.00293577981651376,0.188807339449541
256273.411807,2625866.126422,0.720968629609246,0.0498991010823702,0.00201797835259585,0.0658594753256283,0.0390753990093561,0.122179416620804
256773.411807,2625866.126422,0.470512820512821,0.365201465201465,0.0342490842490843,0.0254578754578755,0.00604395604395604,0.0985347985347985
257273.411807,2625866.126422,0.288073394495413,0.46697247706422,0.187889908256881,0.0277064220183486,0,0.0293577981651376
257773.411807,2625866.126422,0.604476242891213,0.161805173362686,0.0155934690882407,0.0594386351128233,0.0187121629058888,0.139974316639149
258273.411807,2625866.126422,0.612820512820513,0.308241758241758,0.0010989010989011,0.0010989010989011,0.000366300366300366,0.0763736263736264
258773.411807,2625866.126422,0.568256880733945,0.307706422018349,0.0128440366972477,0.0508256880733945,0.00440366972477064,0.0559633027522936
259273.411807,2625866.126422,0.800036690515502,0.0181618051733627,0,0.00146762062006971,0.0203632361034673,0.159970647587599
259773.411807,2625866.126422,0.655860805860806,0.122893772893773,0.0021978021978022,0.0197802197802198,0.0157509157509158,0.183516483516484
260273.411807,2625866.126422,0.238899082568807,0.229357798165138,0.0300917431192661,0.0352293577981651,0.131559633027523,0.334862385321101
260773.411807,2625866.126422,0.364703724087323,0.0902586681342873,0.0155934690882407,0.0577875619152449,0.167859108420473,0.30379746835443
261273.411807,2625866.126422,0.464285714285714,0.0327838827838828,0.0465201465201465,0.121428571428571,0.0256410256410256,0.309340659340659
261773.411807,2625866.126422,0.334311926605505,0.0473394495412844,0.279633027522936,0.132293577981651,0.0332110091743119,0.173211009174312
262273.411807,2625866.126422,0.555677857273895,0.0078884608328747,0.0456796917996698,0.00238488350761328,0.0122913226930838,0.376077783892864
250273.411807,2625366.126422,0.960989010989011,0,0,0,0,0.039010989010989
250773.411807,2625366.126422,0.914008067473414,0,0,0,0,0.085991932526586
251273.411807,2625366.126422,0.884981684981685,0,0,0,0,0.115018315018315
251773.411807,2625366.126422,0.637362637362637,0,0,0.00695970695970696,0.0195970695970696,0.336080586080586
252273.411807,2625366.126422,0.675834250091676,0.00146681334800147,0,0.00421708837550422,0.052988632196553,0.265493215988265
252773.411807,2625366.126422,0.852564102564103,0,0,0.00274725274725275,0.00769230769230769,0.136996336996337
253273.411807,2625366.126422,0.711172161172161,0.0313186813186813,0.00183150183150183,0.0137362637362637,0.0554945054945055,0.186446886446886
253773.411807,2625366.126422,0.407590759075908,0.154748808214155,0.0188852218555189,0.0254858819215255,0.074990832416575,0.318298496516318
254273.411807,2625366.126422,0.66978021978022,0.132783882783883,0.0304029304029304,0.0360805860805861,0.00970695970695971,0.121245421245421
254773.411807,2625366.126422,0.774725274725275,0.208058608058608,0.00604395604395604,0.0106227106227106,0,0.000549450549450549
255273.411807,2625366.126422,0.81994866153282,0.171983865053172,0,0,0,0.00806747341400807
255773.411807,2625366.126422,0.809340659340659,0.043040293040293,0,0.00750915750915751,0.0184981684981685,0.121611721611722
256273.411807,2625366.126422,0.846886446886447,0.0644688644688645,0.00366300366300366,0.0155677655677656,0.00934065934065934,0.0600732600732601
256773.411807,2625366.126422,0.664283094976164,0.226806013934727,0.0636230289695636,0.030986431976531,0,0.0143014301430143
257273.411807,2625366.126422,0.636996336996337,0.234065934065934,0.0703296703296703,0.0228937728937729,0.00457875457875458,0.0311355311355311
257773.411807,2625366.126422,0.847619047619048,0.0318681318681319,0,0,0,0.120512820512821
258273.411807,2625366.126422,0.904840484048405,0.0265859919325266,0,0,0.0011001100110011,0.0674734140080675
258773.411807,2625366.126422,0.801282051282051,0.108791208791209,0.000732600732600733,0.000549450549450549,0.0161172161172161,0.0725274725274725
259273.411807,2625366.126422,0.363919413919414,0.317765567765568,0.00421245421245421,0.0826007326007326,0.0347985347985348,0.196703296703297
259773.411807,2625366.126422,0.668683535020169,0.322515584891823,0.00201686835350202,0.0066006600660066,0,0.000183351668500183
260273.411807,2625366.126422,0.706410256410256,0.263736263736264,0.00915750915750916,0.000915750915750916,0,0.0197802197802198
260773.411807,2625366.126422,0.787728937728938,0.0514652014652015,0,0,0,0.160805860805861
261273.411807,2625366.126422,0.670700403373671,0.0608727539420609,0,0,0.00971763843050972,0.258709204253759
261773.411807,2625366.126422,0.457142857142857,0.0734432234432234,0.0267399267399267,0.11043956043956,0.101648351648352,0.230586080586081
262273.411807,2625366.126422,0.614835164835165,0.028021978021978,0,0,0.0135531135531136,0.343589743589744
250273.411807,2624866.126422,0.811113148725472,0.000183385292499542,0,0.00513478818998716,0.0122868145974693,0.171281863194572
250773.411807,2624866.126422,0.815283122594832,0,0,0.000916254352208173,0.00623052959501558,0.177570093457944
251273.411807,2624866.126422,0.797761057074693,0.000734079647641769,0,0.000917599559552211,0.00513855753349238,0.195448706184621
251773.411807,2624866.126422,0.653401797175867,0.0232899321474418,0.0113698881349716,0.0121034293049697,0.0322758114799193,0.267559141756831
252273.411807,2624866.126422,0.720908924317391,0.00366501740883269,0.00403151914971596,0.0117280557082646,0.0291368884002199,0.230529595015576
252773.411807,2624866.126422,0.694989906404845,0.109010827674803,0.0161497522481189,0.0117452743622683,0.0328500642319692,0.135254175077996
253273.411807,2624866.126422,0.837337245552907,0.00586832935998533,0,0.000733541169998166,0.0144874381074638,0.141573445809646
253773.411807,2624866.126422,0.881070185083379,0.0613890415979476,0,0,0.000183250870441635,0.0573575224482316
254273.411807,2624866.126422,0.857405028445586,0.14094329234722,0,0,0,0.00165167920719398
254773.411807,2624866.126422,0.819732257472951,0.167064001467082,0,0,0,0.013203741059967
255273.411807,2624866.126422,0.731720725673447,0.264064504306395,0.000549752611324904,0.00128275609309144,0,0.00238226131574125
255773.411807,2624866.126422,0.860524866948064,0.00660671682877592,0,0,0.00275279867865663,0.130115617544504
256273.411807,2624866.126422,0.92389510361269,0.0141206675224647,0,0,0,0.061984228864845
256773.411807,2624866.126422,0.970679860729338,0.0126443100604728,0,0,0,0.0166758292101887
257273.411807,2624866.126422,0.897595889153973,0.00146815929528354,0,0,0,0.100935951550743
257773.411807,2624866.126422,0.94406748578764,0.0374105996699065,0,0,0,0.0185219145424537
258273.411807,2624866.126422,0.836173721825179,0.0205240974894631,0,0,0,0.143302180685358
258773.411807,2624866.126422,0.768030831345201,0.0616626904019086,0,0.028629106258029,0.0143145531290145,0.127362818865847
259273.411807,2624866.126422,0.718503576013204,0.273060700531817,0,0.00843572345497891,0,0
259773.411807,2624866.126422,0.858530328019058,0.141469671980942,0,0,0,0
260273.411807,2624866.126422,0.893007891356212,0.0785465222976693,0,0,0,0.0284455863461186
260773.411807,2624866.126422,0.903539336145241,0.0465798642948836,0,0,0.00165046763249587,0.0482303319273794
261273.411807,2624866.126422,0.905992303463442,0.00641378046545721,0,0,0.000733003481766538,0.0868609125893348
261773.411807,2624866.126422,0.702147182969352,0.052303174894476,0.000367039823820885,0.019086070838686,0.0394567810607451,0.18663975041292
262273.411807,2624866.126422,0.579680909591051,0.180451127819549,0.053181734824867,0.0473134054648817,0.0403447643498991,0.0990280579497524
250273.411807,2624366.126422,0.824068978169143,0.00110071546505228,0,0.00348559897266557,0.0181618051733627,0.153182902219776
250773.411807,2624366.126422,0.660805860805861,0.00421245421245421,0,0.00293040293040293,0.0305860805860806,0.301465201465201
251273.411807,2624366.126422,0.690091743119266,0.0100917431192661,0.00385321100917431,0.0146788990825688,0.0576146788990826,0.223669724770642
251773.411807,2624366.126422,0.808292056503394,0.0344890845716382,0.00807191341038342,0.0066042927903137,0.00770500825536599,0.134837644468905
252273.411807,2624366.126422,0.578754578754579,0.300549450549451,0.0545787545787546,0.0195970695970696,0.000183150183150183,0.0463369963369963
252773.411807,2624366.126422,0.477614678899083,0.243853211009174,0.208440366972477,0.041651376146789,0.00110091743119266,0.0273394495412844
253273.411807,2624366.126422,0.916895982388553,0.0199963309484498,0,0,0.000183452577508714,0.0629242340854889
253773.411807,2624366.126422,0.812271062271062,0.00879120879120879,0,0.000183150183150183,0.00476190476190476,0.173992673992674
254273.411807,2624366.126422,0.830642201834862,0.0436697247706422,0.00110091743119266,0.00146788990825688,0.00954128440366972,0.113577981651376
254773.411807,2624366.126422,0.76884975233902,0.0825536598789213,0.00183452577508714,0.00091726288754357,0.00752155567785727,0.13832324344157
255273.411807,2624366.126422,0.762087912087912,0.105128205128205,0,0.000732600732600733,0.0137362637362637,0.118315018315018
255773.411807,2624366.126422,0.852110091743119,0.00055045871559633,0,0,0,0.147339449541284
256273.411807,2624366.126422,0.816363969913777,0.0344890845716382,0,0,0.001284168042561,0.147862777472023
256773.411807,2624366.126422,0.978937728937729,0.00952380952380952,0,0,0,0.0115384615384615
257273.411807,2624366.126422,0.918899082568807,0.0451376146788991,0,0,0,0.0359633027522936
257773.411807,2624366.126422,0.941662080352229,0.019262520638415,0,0,0,0.0390753990093561
258273.411807,2624366.126422,0.895238095238095,0,0,0,0,0.104761904761905
258773.411807,2624366.126422,0.895779816513761,0.0473394495412844,0,0,0,0.0568807339449541
259273.411807,2624366.126422,0.939827554577142,0.0601724454228582,0,0,0,0
259773.411807,2624366.126422,0.961172161172161,0.0307692307692308,0,0,0,0.00805860805860806
260273.411807,2624366.126422,0.880550458715596,0.00220183486238532,0,0,0.00422018348623853,0.11302752293578
260773.411807,2624366.126422,0.970831040176114,0.0139423958906623,0,0,0,0.0152265639332233
261273.411807,2624366.126422,0.966849816849817,0.01996336996337,0,0,0,0.0131868131868132
261773.411807,2624366.126422,0.840183486238532,0.0343119266055046,0,0,0,0.125504587155963
262273.411807,2624366.126422,0.5178866263071,0.0385250412768299,0.002568336085122,0.258484681709778,0.066042927903137,0.116492386718033
250273.411807,2623866.126422,0.86959706959707,0.000366300366300366,0,0.000366300366300366,0.0120879120879121,0.117582417582418
250773.411807,2623866.126422,0.784378437843784,0,0,0.00458379171250458,0.0055005500550055,0.205537220388706
251273.411807,2623866.126422,0.686080586080586,0.0120879120879121,0.0214285714285714,0.0344322344322344,0.0296703296703297,0.216300366300366
251773.411807,2623866.126422,0.645604395604396,0.0441391941391941,0.03003663003663,0.0446886446886447,0.0516483516483516,0.183882783882784
252273.411807,2623866.126422,0.87990465713238,0.00165016501650165,0.0011001100110011,0.000916758342500917,0.00183351668500183,0.114594792812615
252773.411807,2623866.126422,0.922893772893773,0.0032967032967033,0,0,0.000366300366300366,0.0734432234432234
253273.411807,2623866.126422,0.957692307692308,0.00714285714285714,0,0,0,0.0351648351648352
253773.411807,2623866.126422,0.961129446277961,0.00696736340300697,0,0,0,0.0319031903190319
254273.411807,2623866.126422,0.846886446886447,0.0298534798534799,0.000549450549450549,0.000183150183150183,0.0021978021978022,0.12032967032967
254773.411807,2623866.126422,0.827838827838828,0.0021978021978022,0,0,0,0.16996336996337
255273.411807,2623866.126422,0.417491749174917,0.164833149981665,0.000366703337000367,0.00165016501650165,0.00806747341400807,0.407590759075908
255773.411807,2623866.126422,0.88021978021978,0.0258241758241758,0,0,0,0.093956043956044
256273.411807,2623866.126422,0.914102564102564,0.0324175824175824,0,0,0,0.0534798534798535
256773.411807,2623866.126422,0.996149614961496,0.00165016501650165,0,0,0,0.0022002200220022
257273.411807,2623866.126422,0.837362637362637,0,0,0,0.000366300366300366,0.162271062271062
257773.411807,2623866.126422,0.938461538461538,0.0166666666666667,0,0,0,0.0448717948717949
258273.411807,2623866.126422,0.933076640997433,0.00165016501650165,0,0,0,0.0652731939860653
258773.411807,2623866.126422,0.792490842490842,0.111904761904762,0.00293040293040293,0.0322344322344322,0.0104395604395604,0.05
259273.411807,2623866.126422,0.923992673992674,0.039010989010989,0,0,0.00183150183150183,0.0351648351648352
259773.411807,2623866.126422,0.892189218921892,0.00513384671800513,0,0,0.00605060506050605,0.0966263292995966
260273.411807,2623866.126422,0.896520146520147,0.0340659340659341,0,0,0,0.0694139194139194
260773.411807,2623866.126422,0.954029304029304,0.0278388278388278,0,0,0,0.0181318681318681
261273.411807,2623866.126422,0.936193619361936,0.0236523652365237,0,0,0,0.0401540154015402
261773.411807,2623866.126422,0.87014652014652,0.0217948717948718,0.000366300366300366,0.013003663003663,0.00732600732600733,0.0873626373626374
262273.411807,2623866.126422,0.901831501831502,0.0357142857142857,0,0,0,0.0624542124542125
250273.411807,2623366.126422,0.873464148175316,0.00861910874747845,0,0,0,0.117916743077205
250773.411807,2623366.126422,0.758292101887484,0.0214403518416712,0.0186915887850467,0.0313358988455195,0.0111783030969397,0.159061755543339
251273.411807,2623366.126422,0.595155074325564,0.12020554230134,0.0442282987704166,0.0293631859056708,0.028629106258029,0.18241879243898
251773.411807,2623366.126422,0.810746378140473,0.111314872547222,0.00238400880249404,0.004401247019989,0.00110031175499725,0.0700531817348249
252273.411807,2623366.126422,0.783947223749313,0.166025288620121,0.00769653655854865,0.00513102437236577,0,0.0371999266996518
252773.411807,2623366.126422,0.836483758487796,0.0189025509267756,0,0,0,0.144613690585429
253273.411807,2623366.126422,0.942050247570145,0,0,0,0,0.0579497524298551
253773.411807,2623366.126422,0.915704599596848,0.0219901044529962,0,0,0.000366501740883269,0.0619387942092725
254273.411807,2623366.126422,0.88786933382272,0.0150486327766563,0.000550559735731327,0.000183519911910442,0.0034868783262984,0.0928610754266838
254773.411807,2623366.126422,0.706766917293233,0.0141206675224647,0,0,0.0022006235099945,0.276911791674308
255273.411807,2623366.126422,0.81051859996335,0.00604727872457394,0,0,0.000733003481766538,0.18270111783031
255773.411807,2623366.126422,0.841989355845109,0.0178014314553129,0,0,0.000550559735731327,0.139658652963847
256273.411807,2623366.126422,0.953420135705116,0.00311754997249221,0,0,0,0.0434623143223913
256773.411807,2623366.126422,0.987905442550852,0.00109950522264981,0,0,0,0.0109950522264981
257273.411807,2623366.126422,0.794641218572215,0.0113782345384474,0,0.000367039823820885,0.0034868783262984,0.190126628739218
257773.411807,2623366.126422,0.968457729690079,0.0214560792224464,0,0,0,0.0100861910874748
258273.411807,2623366.126422,0.951988271944292,0.00787978742899029,0,0,0,0.040131940626718
258773.411807,2623366.126422,0.929161314002569,0.0304643053771334,0,0,0,0.0403743806202973
259273.411807,2623366.126422,0.879515862827801,0.0623509994498441,0,0,0,0.0581331377223547
259773.411807,2623366.126422,0.943192230163093,0.000733003481766538,0,0.000366501740883269,0.00842954004031519,0.0472787245739417
260273.411807,2623366.126422,0.97907873004221,0.000734079647641769,0,0,0,0.0201871903101487
260773.411807,2623366.126422,0.995048597102512,0,0,0,0,0.00495140289748762
261273.411807,2623366.126422,0.986989188198644,0.0053142752428074,0,0,0,0.00769653655854865
261773.411807,2623366.126422,0.949164984400807,0.00623967700495504,0,0,0,0.0445953385942375
262273.411807,2623366.126422,0.977076838437557,0,0,0,0,0.0229231615624427
250273.411807,2622866.126422,0.960557695835626,0,0,0,0,0.0394423041643735
250773.411807,2622866.126422,0.92051282051282,0.0503663003663004,0,0.00366300366300366,0.00293040293040293,0.0225274725274725
251273.411807,2622866.126422,0.669357798165138,0.0110091743119266,0.00605504587155963,0.107339449541284,0.0355963302752294,0.170642201834862
251773.411807,2622866.126422,0.722986607961842,0.0161438268207668,0.0227481196110805,0.0310034855989727,0.0110071546505228,0.196110805356815
252273.411807,2622866.126422,0.903296703296703,0.0263736263736264,0,0,0,0.0703296703296703
252773.411807,2622866.126422,0.925871559633027,0.0181651376146789,0,0,0,0.0559633027522936
253273.411807,2622866.126422,0.847000550357732,0.000733810310034856,0,0,0.00146762062006971,0.150798018712163
253773.411807,2622866.126422,0.853296703296703,0.0256410256410256,0,0,0,0.121062271062271
254273.411807,2622866.126422,0.897614678899083,0.0225688073394495,0,0,0,0.0798165137614679
254773.411807,2622866.126422,0.855806274078151,0.0300862227114291,0,0,0.00110071546505228,0.113006787745368
255273.411807,2622866.126422,0.833699633699634,0.1003663003663,0,0,0,0.0659340659340659
255773.411807,2622866.126422,0.827339449541284,0.0574311926605505,0,0,0,0.115229357798165
256273.411807,2622866.126422,0.733626857457347,0.000733810310034856,0,0.000183452577508714,0.00165107319757843,0.263804806457531
256773.411807,2622866.126422,0.908424908424908,0,0,0,0,0.0915750915750916
257273.411807,2622866.126422,0.924587155963303,0.04,0,0,0,0.0354128440366972
257773.411807,2622866.126422,0.949000183452578,0.0291689598238855,0,0,0,0.021830856723537
258273.411807,2622866.126422,0.954029304029304,0,0,0,0,0.045970695970696
258773.411807,2622866.126422,0.911009174311927,0.00513761467889908,0,0,0.00018348623853211,0.0836697247706422
259273.411807,2622866.126422,0.956154833975417,0.0176114474408365,0,0,0,0.0262337185837461
259773.411807,2622866.126422,0.84010989010989,0.0417582417582418,0.000732600732600733,0.00128205128205128,0.0120879120879121,0.104029304029304
260273.411807,2622866.126422,0.907706422018349,0.0409174311926606,0,0,0,0.0513761467889908
260773.411807,2622866.126422,0.968079251513484,0.00770500825536599,0,0,0,0.0242157402311502
261273.411807,2622866.126422,0.984249084249084,0.0021978021978022,0,0,0,0.0135531135531136
261773.411807,2622866.126422,0.98954128440367,0.00036697247706422,0,0,0,0.0100917431192661
262273.411807,2622866.126422,0.973582828838745,0,0,0,0.000366905155017428,0.0260502660062374
250273.411807,2622366.126422,0.956227106227106,0,0,0,0,0.0437728937728938
250773.411807,2622366.126422,0.878621195452879,0.00055005500550055,0,0.00165016501650165,0.00641730839750642,0.112761276127613
251273.411807,2622366.126422,0.666849816849817,0.0278388278388278,0.00311355311355311,0.0617216117216117,0.0509157509157509,0.18956043956044
251773.411807,2622366.126422,0.674175824175824,0.0421245421245421,0.0269230769230769,0.0501831501831502,0.0386446886446886,0.167948717948718
252273.411807,2622366.126422,0.905573890722406,0.00183351668500183,0,0.00256692335900257,0.00495049504950495,0.0850751741840851
252773.411807,2622366.126422,0.884798534798535,0,0,0.000183150183150183,0.00146520146520147,0.113553113553114
253273.411807,2622366.126422,0.665567765567766,0.01996336996337,0.0142857142857143,0.00989010989010989,0.0192307692307692,0.271062271062271
253773.411807,2622366.126422,0.767876787678768,0.00935093509350935,0,0.000183351668500183,0.00586725339200587,0.216721672167217
254273.411807,2622366.126422,0.628021978021978,0.0518315018315018,0,0,0,0.32014652014652
254773.411807,2622366.126422,0.604945054945055,0.0315018315018315,0.000549450549450549,0.179487179487179,0.0578754578754579,0.125641025641026
255273.411807,2622366.126422,0.783461679501283,0.0238357169050238,0,0.000733406674000733,0.0106343967730106,0.181334800146681
255773.411807,2622366.126422,0.706593406593407,0.0120879120879121,0.0615384615384615,0.0815018315018315,0.0470695970695971,0.0912087912087912
256273.411807,2622366.126422,0.912637362637363,0.000183150183150183,0,0,0,0.0871794871794872
256773.411807,2622366.126422,0.8995232856619,0,0,0,0,0.1004767143381
257273.411807,2622366.126422,0.743956043956044,0.00311355311355311,0,0,0.00164835164835165,0.251282051282051
257773.411807,2622366.126422,0.890659340659341,0.00805860805860806,0,0,0.000183150183150183,0.101098901098901
258273.411807,2622366.126422,0.938760542720939,0.0011001100110011,0,0,0,0.0601393472680601
258773.411807,2622366.126422,0.94029304029304,0.00128205128205128,0,0,0,0.0584249084249084
259273.411807,2622366.126422,0.92032967032967,0.0311355311355311,0,0,0.000366300366300366,0.0481684981684982
259773.411807,2622366.126422,0.962596259625963,0.00586725339200587,0,0,0,0.0315364869820315
260273.411807,2622366.126422,0.942307692307692,0.00402930402930403,0,0.000366300366300366,0.00531135531135531,0.047985347985348
260773.411807,2622366.126422,0.978754578754579,0.00128205128205128,0,0,0,0.01996336996337
261273.411807,2622366.126422,0.994499449944995,0,0,0,0,0.0055005500550055
261773.411807,2622366.126422,0.968864468864469,0,0,0,0,0.0311355311355311
262273.411807,2622366.126422,0.982783882783883,0,0,0,0,0.0172161172161172
250273.411807,2621866.126422,0.922611406565193,0,0,0.000366770584999083,0.00403447643498991,0.0729873464148175
250773.411807,2621866.126422,0.877405167674546,0.00604727872457394,0,0.000733003481766538,0.00494777350192413,0.110866776617189
251273.411807,2621866.126422,0.857772068269407,0.00495503762158194,0.0047715177096715,0.0150486327766563,0.00623967700495504,0.111213066617728
251773.411807,2621866.126422,0.646433156060884,0.137722354667156,0.0227397762699432,0.00678525582248304,0.0130203557674674,0.173299101412067
252273.411807,2621866.126422,0.897746014293568,0.051676745464541,0.000183250870441635,0.000183250870441635,0.000549752611324904,0.049660985889683
252773.411807,2621866.126422,0.678289594420995,0.0211047898697009,0.0214718296935217,0.0359699027344467,0.0497338961277299,0.193429987153606
253273.411807,2621866.126422,0.849807445442875,0.0161379057399597,0.00110031175499725,0,0.00806895286997983,0.124885384192188
253773.411807,2621866.126422,0.991203958218802,0,0,0,0,0.00879604178119846
254273.411807,2621866.126422,0.889337493118003,0,0,0,0.000183519911910442,0.110478986970086
254773.411807,2621866.126422,0.300385109114249,0.0258573262424354,0.0970108197322575,0.423436640381441,0.0768384375573079,0.0764716669723088
255273.411807,2621866.126422,0.371449514385193,0.0146600696353308,0.0047645226314825,0.0322521531977277,0.0689023272860546,0.507971412864211
255773.411807,2621866.126422,0.416039640300973,0.0486327766562672,0.0790970820334006,0.0200036703982382,0.134336575518444,0.301890255092678
256273.411807,2621866.126422,0.770218228498074,0.00770218228498074,0,0,0.00385109114249037,0.218228498074454
256773.411807,2621866.126422,0.886017958585303,0.00146600696353308,0,0.0163093274693055,0.0106285504856148,0.0855781564962434
257273.411807,2621866.126422,0.574233804367774,0.00422095797394017,0,0,0.00422095797394017,0.417324279684346
257773.411807,2621866.126422,0.82816798092793,0.00385109114249037,0,0.000183385292499542,0.00916926462497708,0.158628278012103
258273.411807,2621866.126422,0.893347993402969,0,0,0,0,0.106652006597031
258773.411807,2621866.126422,0.89612772985869,0.00458799779776106,0,0,0,0.0992842723435493
259273.411807,2621866.126422,0.928479735925179,0.0540986612873648,0,0,0,0.0174216027874564
259773.411807,2621866.126422,0.861645592816566,0,0,0,0,0.138354407183434
260273.411807,2621866.126422,0.904936685630391,0.000734079647641769,0,0,0.0012846393833731,0.0930445953385942
260773.411807,2621866.126422,0.936365303502659,0.00146708233999633,0,0.000733541169998166,0.0245736291949386,0.0368604437924078
261273.411807,2621866.126422,0.857980575407733,0.000733003481766538,0,0,0.00842954004031519,0.132856881070185
261773.411807,2621866.126422,0.916498440080749,0,0,0,0,0.0835015599192512
262273.411807,2621866.126422,0.91600953603521,0,0,0,0,0.08399046396479
250273.411807,2621366.126422,0.9115758576408,0.0078884608328747,0,0,0.00385250412768299,0.0766831773986425
250773.411807,2621366.126422,0.930769230769231,0.0445054945054945,0,0,0,0.0247252747252747
251273.411807,2621366.126422,0.728073394495413,0.0165137614678899,0.00697247706422018,0.0269724770642202,0.0405504587155963,0.180917431192661
251773.411807,2621366.126422,0.746468537882957,0.0346725371491469,0.0157769216657494,0.0227481196110805,0.0196294257934324,0.160704457897633
252273.411807,2621366.126422,0.92985347985348,0.00567765567765568,0.000732600732600733,0.00714285714285714,0.00274725274725275,0.0538461538461538
252773.411807,2621366.126422,0.792477064220183,0.053394495412844,0.00293577981651376,0.0238532110091743,0.0122935779816514,0.115045871559633
253273.411807,2621366.126422,0.747752705925518,0.00587048248027885,0,0.0616400660429279,0.0486149330398092,0.136121812511466
253773.411807,2621366.126422,0.768131868131868,0.000183150183150183,0,0.00183150183150183,0.00457875457875458,0.225274725274725
254273.411807,2621366.126422,0.841100917431193,0.00495412844036697,0,0,0.00440366972477064,0.14954128440367
254773.411807,2621366.126422,0.800953953403045,0.00201797835259585,0,0.00385250412768299,0.0247660979636764,0.168409466152999
255273.411807,2621366.126422,0.403479853479853,0.0408424908424908,0.0556776556776557,0.102930402930403,0.0842490842490843,0.312820512820513
255773.411807,2621366.126422,0.299449541284404,0.0111926605504587,0,0.115963302752294,0.13394495412844,0.439449541284404
256273.411807,2621366.126422,0.71179600073381,0.00183452577508714,0.000183452577508714,0.0168776371308017,0.023115024766098,0.246193359016694
256773.411807,2621366.126422,0.468864468864469,0.00476190476190476,0.00732600732600733,0.0622710622710623,0.0582417582417582,0.398534798534799
257273.411807,2621366.126422,0.608623853211009,0.0376146788990826,0.00238532110091743,0.00073394495412844,0.0209174311926606,0.329724770642202
257773.411807,2621366.126422,0.89304714731242,0.030820033021464,0,0,0.000550357732526142,0.0755824619335902
258273.411807,2621366.126422,0.896520146520147,0.00256410256410256,0,0,0,0.100915750915751
258773.411807,2621366.126422,0.829174311926606,0.00293577981651376,0,0,0,0.167889908256881
259273.411807,2621366.126422,0.953586497890295,0.00165107319757843,0,0,0.000183452577508714,0.0445789763346175
259773.411807,2621366.126422,0.811538461538462,0,0,0,0,0.188461538461538
260273.411807,2621366.126422,0.970091743119266,0,0,0,0,0.0299082568807339
260773.411807,2621366.126422,0.774169877086773,0.0168776371308017,0.00403595670519171,0.0311869381764814,0.0383415886993212,0.135388002201431
261273.411807,2621366.126422,0.700732600732601,0.0322344322344322,0.0192307692307692,0.00805860805860806,0.0364468864468864,0.203296703296703
261773.411807,2621366.126422,0.724036697247706,0.0414678899082569,0.00146788990825688,0.0106422018348624,0.0572477064220183,0.165137614678899
262273.411807,2621366.126422,0.846083287470189,0.0278847917813245,0.00385250412768299,0.0121078701155751,0.0372408732342689,0.0728306732709595
250273.411807,2620866.126422,0.856959706959707,0.0122710622710623,0,0.00201465201465201,0.0126373626373626,0.116117216117216
250773.411807,2620866.126422,0.670517051705171,0.00935093509350935,0,0.000183351668500183,0.00476714338100477,0.315181518151815
251273.411807,2620866.126422,0.821611721611722,0.00695970695970696,0.00128205128205128,0.00146520146520147,0.0021978021978022,0.166483516483516
251773.411807,2620866.126422,0.767399267399267,0.0983516483516483,0.0228937728937729,0.0100732600732601,0.0100732600732601,0.0912087912087912
252273.411807,2620866.126422,0.916758342500917,0.0478547854785479,0,0,0,0.0353868720205354
252773.411807,2620866.126422,0.920695970695971,0.0366300366300366,0.00476190476190476,0.0120879120879121,0.000549450549450549,0.0252747252747253
253273.411807,2620866.126422,0.824542124542124,0.0824175824175824,0.00146520146520147,0.0179487179487179,0.00402930402930403,0.0695970695970696
253773.411807,2620866.126422,0.588742207554089,0.00916758342500917,0.00348368170150348,0.221855518885222,0.0434543454345435,0.133296662999633
254273.411807,2620866.126422,0.853113553113553,0.00128205128205128,0.000549450549450549,0.0340659340659341,0.0111721611721612,0.0998168498168498
254773.411807,2620866.126422,0.530769230769231,0.0432234432234432,0.00732600732600733,0.174542124542125,0.0886446886446886,0.155494505494505
255273.411807,2620866.126422,0.395306197286395,0.0454712137880455,0.0168683535020169,0.245324532453245,0.0463879721305464,0.250641730839751
255773.411807,2620866.126422,0.48003663003663,0.0304029304029304,0.000732600732600733,0.118131868131868,0.0798534798534798,0.290842490842491
256273.411807,2620866.126422,0.578754578754579,0.00256410256410256,0.00146520146520147,0.0223443223443223,0.0547619047619048,0.34010989010989
256773.411807,2620866.126422,0.642464246424643,0.0421708837550422,0.00843417675100843,0.0115511551155116,0.0443711037770444,0.251008434176751
257273.411807,2620866.126422,0.828937728937729,0.0573260073260073,0,0.000366300366300366,0.00769230769230769,0.105677655677656
257773.411807,2620866.126422,0.931684981684982,0.0177655677655678,0,0,0,0.0505494505494506
258273.411807,2620866.126422,0.96039603960396,0,0,0,0,0.0396039603960396
258773.411807,2620866.126422,0.886996336996337,0.000183150183150183,0,0,0.000183150183150183,0.112637362637363
259273.411807,2620866.126422,0.967582417582418,0,0,0,0,0.0324175824175824
259773.411807,2620866.126422,0.904840484048405,0,0,0,0,0.0951595159515952
260273.411807,2620866.126422,0.943772893772894,0.0010989010989011,0,0.00769230769230769,0.0100732600732601,0.0373626373626374
260773.411807,2620866.126422,0.817948717948718,0.0249084249084249,0.000549450549450549,0.0163003663003663,0.0357142857142857,0.104578754578755
261273.411807,2620866.126422,0.957462412907957,0.00971763843050972,0,0,0,0.0328199486615328
261773.411807,2620866.126422,0.994871794871795,0.000549450549450549,0,0,0,0.00457875457875458
262273.411807,2620866.126422,0.978937728937729,0,0,0,0,0.0210622710622711
250273.411807,2620366.126422,0.837887401430405,0.000733541169998166,0,0,0.00311754997249221,0.158261507427104
250773.411807,2620366.126422,0.844603261865494,0.0108118013560564,0,0,0,0.14458493677845
251273.411807,2620366.126422,0.676821435125711,0.0412919801798495,0.00623967700495504,0.00587263718113415,0.0144980730409249,0.255276197467425
251773.411807,2620366.126422,0.974876214927563,0.00880249403997799,0,0,0,0.0163212910324592
252273.411807,2620366.126422,0.979109400769654,0.00293201392706615,0,0,0,0.0179585853032802
252773.411807,2620366.126422,0.989906404844926,0.00715727656450725,0,0,0,0.00293631859056708
253273.411807,2620366.126422,0.719420502475701,0.0022006235099945,0,0.0493306436823767,0.0665688611773336,0.162479369154594
253773.411807,2620366.126422,0.775700934579439,0.0716510903426791,0.00128275609309144,0.103536741799524,0.0203408466190214,0.0274876305662452
254273.411807,2620366.126422,0.827491282804184,0.0836850798311617,0.00183519911910442,0.0372545421178198,0.00183519911910442,0.0478986970086254
254773.411807,2620366.126422,0.643315606088392,0.205208142306987,0.000550155877498625,0.0319090408949202,0.0117366587199707,0.107280396112232
255273.411807,2620366.126422,0.767821147150449,0.161810518599963,0,0,0,0.0703683342495877
255773.411807,2620366.126422,0.676637915213801,0.0627638098733713,0,0,0.000734079647641769,0.259864195265186
256273.411807,2620366.126422,0.522097927746195,0.0638180817898405,0.00128369704749679,0.0695030258573262,0.0256739409499358,0.317623326609206
256773.411807,2620366.126422,0.499541872823896,0.0846619021440352,0.00109950522264981,0.0282206340480117,0.104452996151732,0.282023089609676
257273.411807,2620366.126422,0.501192879427418,0.118370343182235,0.019086070838686,0.0227564690768948,0.0913929161314003,0.247201321343366
257773.411807,2620366.126422,0.73995965523565,0.0689528699798276,0.00348432055749129,0.00183385292499542,0.0227397762699432,0.163029525032092
258273.411807,2620366.126422,0.942459226681327,0,0,0,0,0.0575407733186733
258773.411807,2620366.126422,0.985134887135254,0,0,0,0,0.0148651128647458
259273.411807,2620366.126422,0.926645883000183,0.004401247019989,0,0.00201723821749496,0.00366770584999083,0.0632679259123418
259773.411807,2620366.126422,0.949056258017226,0,0,0,0,0.0509437419827744
260273.411807,2620366.126422,0.885300055055974,0,0,0,0.000367039823820885,0.114332905120206
260773.411807,2620366.126422,0.965706950302586,0,0,0,0,0.0342930496974143
261273.411807,2620366.126422,0.963349825911673,0,0,0,0,0.0366501740883269
261773.411807,2620366.126422,0.980913929161314,0.000183519911910442,0,0,0.000917599559552211,0.0179849513672233
262273.411807,2620366.126422,0.925912341830185,0.0212726939299468,0,0,0,0.052814964239868
