"x","y","forest","agri","water","built","other","grass"
249773.411807,2760366.126422,0.290477954798073,0.117265653945906,0.0479807336050389,0.103742126713598,0.0613190070396443,0.37921452389774
249273.411807,2759866.126422,0.391423859263332,0.0866776617188932,0,0.0443467106468756,0.0404984423676012,0.437053326003298
249773.411807,2759866.126422,0.113935795138245,0.131378734459083,0,0.0111337910558545,0.0753386528112822,0.668213026535535
248773.411807,2759366.126422,0.294624839478995,0.0066042927903137,0.151531829022198,0.344890845716382,0.0418271876719868,0.160521005320125
249273.411807,2759366.126422,0.0923076923076923,0.183882783882784,0.0102564102564103,0.0206959706959707,0.0873626373626374,0.605494505494505
249773.411807,2759366.126422,0.170686456400742,0.0012987012987013,0,0.0202226345083488,0.0866419294990724,0.721150278293135
248273.411807,2758866.126422,0.0489010989010989,0.00128205128205128,0.496153846153846,0.416117216117216,0.0131868131868132,0.0243589743589744
248773.411807,2758866.126422,0.240659340659341,0.0324175824175824,0.122161172161172,0.195238095238095,0.0963369963369963,0.313186813186813
249273.411807,2758866.126422,0.0903923725705904,0.044004400440044,0,0.0280528052805281,0.106527319398607,0.731023102310231
249773.411807,2758866.126422,0.0974434975917006,0.0744720266765469,0,0.000370507595405706,0.0131530196369026,0.814560948499444
247773.411807,2758366.126422,0.00128275609309144,0,0.35092541689573,0.639728788711746,0.00641378046545721,0.00164925783397471
248273.411807,2758366.126422,0.208295100018352,0.218939254909158,0.0280785465222977,0.115617544503579,0.0543218939254909,0.374747660121123
248773.411807,2758366.126422,0.149825783972125,0.224830368604438,0,0.0364936732074088,0.0894920227397763,0.499358151476252
249273.411807,2758366.126422,0.240241891148983,0.10756826094924,0.00201575957485798,0.0282206340480117,0.133956386292835,0.487997067986073
249773.411807,2758366.126422,0.0846168120244943,0.187604379291149,0,0.0252365930599369,0.158099832993134,0.544442382631286
247273.411807,2757866.126422,0.023115024766098,0.0121078701155751,0.310034855989727,0.567969179966978,0.0210970464135021,0.0656760227481196
247773.411807,2757866.126422,0.26007326007326,0.086996336996337,0.0683150183150183,0.175274725274725,0.0690476190476191,0.34029304029304
248273.411807,2757866.126422,0.0796330275229358,0.317798165137615,0,0.0339449541284404,0.0937614678899083,0.474862385321101
248773.411807,2757866.126422,0.0471473124197395,0.381214456063108,0.0919097413318657,0.0220143093010457,0.0689781691432765,0.388736011740965
249273.411807,2757866.126422,0.0717948717948718,0.265750915750916,0,0.0232600732600733,0.146703296703297,0.492490842490843
249773.411807,2757866.126422,0.051948051948052,0.451948051948052,0.000185528756957328,0.0434137291280148,0.103896103896104,0.34860853432282
247273.411807,2757366.126422,0.22985347985348,0.036996336996337,0.152380952380952,0.234065934065934,0.0663003663003663,0.28040293040293
247773.411807,2757366.126422,0.0606894022735607,0.215438210487715,0.00293362669600293,0.0828749541620829,0.196736340300697,0.441327466079941
248273.411807,2757366.126422,0.0974358974358974,0.0265567765567766,0.1996336996337,0.0357142857142857,0.136630036630037,0.504029304029304
248773.411807,2757366.126422,0.0712454212454212,0.0921245421245421,0,0.0553113553113553,0.27051282051282,0.510805860805861
249273.411807,2757366.126422,0.0245691235790246,0.174917491749175,0.0564723138980565,0.022002200220022,0.0836083608360836,0.638430509717638
249773.411807,2757366.126422,0.0628010374212671,0.341052241570952,0.0791033716191182,0.0137087810300111,0.11559836976658,0.387736198592071
246773.411807,2756866.126422,0.0814828408882364,0.000734079647641769,0.282804184253992,0.561570930445953,0.0242246283721784,0.0491833363919985
247273.411807,2756866.126422,0.0742710434623143,0.25197139189437,0,0.138822666422153,0.121951219512195,0.412983678708968
247773.411807,2756866.126422,0.105002748763057,0.148433205057724,0,0.0333516584203775,0.103536741799524,0.609675645959318
248273.411807,2756866.126422,0.175995595522114,0.165534960543219,0,0.0857037988621766,0.188658469443935,0.384107175628556
248773.411807,2756866.126422,0.158078122134605,0.050797726022373,0,0.0592334494773519,0.212726939299468,0.519163763066202
249273.411807,2756866.126422,0.0284038849184534,0.370533260032985,0,0.00696353307678211,0.0408649441084845,0.553234377863295
249773.411807,2756866.126422,0.087400259788458,0.305993690851735,0.157728706624606,0.0035257005010206,0.0710706995732047,0.374280942660976
246773.411807,2756366.126422,0.235412844036697,0.00073394495412844,0.182935779816514,0.236880733944954,0.0277064220183486,0.316330275229358
247273.411807,2756366.126422,0.0768666299761512,0.0341221794166208,0,0.09557879288204,0.176114474408365,0.617317923316823
247773.411807,2756366.126422,0.132051282051282,0.00879120879120879,0,0.101831501831502,0.178937728937729,0.578388278388278
248273.411807,2756366.126422,0.145504587155963,0.0225688073394495,0.00036697247706422,0.202201834862385,0.292110091743119,0.337247706422018
248773.411807,2756366.126422,0.126215373325995,0.110254999082737,0,0.115758576407999,0.177765547605944,0.470005503577325
249273.411807,2756366.126422,0.1003663003663,0.283882783882784,0,0.00842490842490842,0.0624542124542125,0.544871794871795
249773.411807,2756366.126422,0.0682745825602969,0.276437847866419,0,0.0860853432282004,0.0602968460111317,0.508905380333952
246773.411807,2755866.126422,0.299450549450549,0.00201465201465201,0.251648351648352,0.249450549450549,0.0880952380952381,0.109340659340659
247273.411807,2755866.126422,0.194505494505495,0.0146520146520147,0.0749084249084249,0.149084249084249,0.13992673992674,0.426923076923077
247773.411807,2755866.126422,0.133296662999633,0.0126512651265127,0.048038137147048,0.201320132013201,0.245324532453245,0.359369270260359
248273.411807,2755866.126422,0.0639194139194139,0.196336996336996,0,0.0904761904761905,0.134615384615385,0.514652014652015
248773.411807,2755866.126422,0.0948717948717949,0.313553113553114,0,0.0261904761904762,0.15952380952381,0.405860805860806
249273.411807,2755866.126422,0.0625229189585625,0.273010634396773,0.000183351668500183,0.00641730839750642,0.0326365969930326,0.625229189585625
249773.411807,2755866.126422,0.0620600222304557,0.316413486476473,0,0.0131530196369026,0.104483141904409,0.50389032975176
246273.411807,2755366.126422,0,0,0.132856881070185,0.867143118929815,0,0
246773.411807,2755366.126422,0.233253808038172,0.0675353275830428,0.24499908240044,0.154890805652413,0.0644154890805652,0.234905487245366
247273.411807,2755366.126422,0.181368054282047,0.0188886851274528,0.0995782138272511,0.266092059416835,0.224830368604438,0.209242618741977
247773.411807,2755366.126422,0.0491112332783581,0.133956386292835,0.101520982224666,0.0734835990470955,0.155213487264065,0.486714311892981
248273.411807,2755366.126422,0.0616626904019086,0.152138006973757,0.00422095797394017,0.0833180400073408,0.196733345567994,0.50192695907506
248773.411807,2755366.126422,0.0746378140473134,0.209242618741977,0.000550155877498625,0.0553823583348615,0.123234916559692,0.536952136438658
249273.411807,2755366.126422,0.0925416895730255,0.19168041048195,0.000183250870441635,0.0175920835623969,0.142019424592267,0.555983140919919
249773.411807,2755366.126422,0.0855446279458155,0.220263499721655,0,0.00909259602894786,0.109482278715903,0.575616997587679
246273.411807,2754866.126422,0.078021978021978,0,0.104029304029304,0.703296703296703,0.0331501831501832,0.0815018315018315
246773.411807,2754866.126422,0.269357798165138,0.0251376146788991,0.00055045871559633,0.0785321100917431,0.148623853211009,0.477798165137615
247273.411807,2754866.126422,0.140891579526692,0.101999633094845,0,0.116675839295542,0.176664832140892,0.463768115942029
247773.411807,2754866.126422,0.228571428571429,0.0765567765567766,0,0.0743589743589744,0.140659340659341,0.47985347985348
248273.411807,2754866.126422,0.053394495412844,0.0739449541284404,0.00697247706422018,0.119633027522936,0.195596330275229,0.55045871559633
248773.411807,2754866.126422,0.090442120711796,0.0374243258117777,0.00220143093010457,0.365437534397358,0.372775637497707,0.131718950651257
249273.411807,2754866.126422,0.104945054945055,0.193772893772894,0,0.0351648351648352,0.217399267399267,0.448717948717949
249773.411807,2754866.126422,0.0710575139146568,0.287384044526902,0,0.0250463821892393,0.16530612244898,0.451205936920223
245773.411807,2754366.126422,0.00842490842490842,0.000366300366300366,0.0767399267399267,0.907509157509158,0.00402930402930403,0.00293040293040293
246273.411807,2754366.126422,0.283278327832783,0.00843417675100843,0.0271360469380271,0.107994132746608,0.048954895489549,0.524202420242024
246773.411807,2754366.126422,0.142124542124542,0.071978021978022,0.0159340659340659,0.0728937728937729,0.182600732600733,0.514468864468864
247273.411807,2754366.126422,0.277838827838828,0.0717948717948718,0,0.0871794871794872,0.189194139194139,0.373992673992674
247773.411807,2754366.126422,0.158415841584158,0.0751741840850752,0,0.0496883021635497,0.142647598093143,0.574074074074074
248273.411807,2754366.126422,0.0586080586080586,0.250915750915751,0,0.01996336996337,0.144505494505494,0.526007326007326
248773.411807,2754366.126422,0.0725274725274725,0.116666666666667,0,0.109340659340659,0.172710622710623,0.528754578754579
249273.411807,2754366.126422,0.0933259992665933,0.245324532453245,0,0.0258525852585259,0.0425375870920425,0.592959295929593
249773.411807,2754366.126422,0.107447202667655,0.253612449055206,0,0.0190811411633938,0.159318266024454,0.460540941089292
245273.411807,2753866.126422,0,0,0.387043494219123,0.612956505780877,0,0
245773.411807,2753866.126422,0.169998166147075,0.0130203557674674,0.0979277461947552,0.247203374289382,0.0227397762699432,0.449110581331377
246273.411807,2753866.126422,0.638812534359538,0.01905809052593,0,0.00128275609309144,0.00623052959501558,0.334616089426425
246773.411807,2753866.126422,0.532941824187924,0.0110111947146265,0.0350523031748945,0.0100935951550743,0.0192695907505964,0.391631492016884
247273.411807,2753866.126422,0.0537318907023657,0.0625343847423437,0.0755547405098111,0.0493306436823767,0.135521731157161,0.623326609205942
247773.411807,2753866.126422,0.0738501007879787,0.0784313725490196,0.009529045262965,0.0298698918819864,0.145501191130658,0.662818398387392
248273.411807,2753866.126422,0.039823820884566,0.173426316755368,0.0767113231785649,0.0247751881079097,0.102037071022206,0.583226280051386
248773.411807,2753866.126422,0.104346231432239,0.0911424903722722,0.000183385292499542,0.275628094626811,0.258756647716853,0.269943150559325
249273.411807,2753866.126422,0.0540590067802822,0.408649441084845,0.138904159794759,0.0637713029136888,0.051676745464541,0.282939343961884
249773.411807,2753866.126422,0.0875858229727222,0.321024308777139,0,0.0404527741696048,0.0619781035442568,0.488958990536278
245273.411807,2753366.126422,0.110091743119266,0.00055045871559633,0.270275229357798,0.472293577981651,0.016697247706422,0.130091743119266
245773.411807,2753366.126422,0.527426160337553,0.0332049165290772,0,0,0.0245826453861677,0.414786277747202
246273.411807,2753366.126422,0.313003663003663,0,0,0,0,0.686996336996337
246773.411807,2753366.126422,0.515412844036697,0,0,0,0,0.484587155963303
247273.411807,2753366.126422,0.479545037607778,0.0159603742432581,0.00091726288754357,0.0299027701339204,0.0770500825536599,0.39662447257384
247773.411807,2753366.126422,0.241941391941392,0.0205128205128205,0,0.180586080586081,0.145787545787546,0.411172161172161
248273.411807,2753366.126422,0.324770642201835,0.0480733944954128,0,0.0251376146788991,0.100733944954128,0.501284403669725
248773.411807,2753366.126422,0.128600256833609,0.175013758943313,0,0.259768849752339,0.201614382682077,0.235002751788663
249273.411807,2753366.126422,0.0342490842490843,0.385347985347985,0,0.00531135531135531,0.0633699633699634,0.511721611721612
249773.411807,2753366.126422,0.0614100185528757,0.331910946196661,0.231539888682746,0.00445269016697588,0.0313543599257885,0.339332096474954
245273.411807,2752866.126422,0.187728937728938,0.0254578754578755,0.146153846153846,0.122893772893773,0.0723443223443224,0.445421245421245
245773.411807,2752866.126422,0.715934065934066,0.00347985347985348,0,0,0.000183150183150183,0.28040293040293
246273.411807,2752866.126422,0.0896589658965897,0.00146681334800147,0,0.0315364869820315,0.0610561056105611,0.816281628162816
246773.411807,2752866.126422,0.382417582417582,0,0,0.00915750915750916,0.00659340659340659,0.601831501831502
247273.411807,2752866.126422,0.694871794871795,0.00128205128205128,0,0.0245421245421245,0.0580586080586081,0.221245421245421
247773.411807,2752866.126422,0.273560689402274,0.0126512651265127,0,0.131829849651632,0.248624862486249,0.333333333333333
248273.411807,2752866.126422,0.473992673992674,0.000549450549450549,0,0.00824175824175824,0.0712454212454212,0.445970695970696
248773.411807,2752866.126422,0.331868131868132,0.00695970695970696,0,0.128937728937729,0.190659340659341,0.341575091575092
249273.411807,2752866.126422,0.238723872387239,0.0152181884855152,0,0.138797213054639,0.183168316831683,0.424092409240924
249773.411807,2752866.126422,0.447202667654687,0.00426083734716562,0,0.055390885513153,0.085587254538718,0.407558354946276
244773.411807,2752366.126422,0.00458127176104087,0,0.391057357522448,0.595198827194429,0.00733003481766538,0.00183250870441635
245273.411807,2752366.126422,0.27803266654432,0.0337676637915214,0.00568911726922371,0.0515690952468343,0.0770783630023858,0.553863094145715
245773.411807,2752366.126422,0.816981478085458,0,0,0.00165046763249587,0.0097194205024757,0.171648633779571
246273.411807,2752366.126422,0.459409932197178,0,0,0.0313358988455195,0.0500274876305662,0.459226681326736
246773.411807,2752366.126422,0.355661589282437,0.00293631859056708,0,0.0950633143696091,0.110111947146265,0.436226830611121
247273.411807,2752366.126422,0.710067852558225,0,0,0.00293416467999266,0.0210893086374473,0.265908674124335
247773.411807,2752366.126422,0.470954737035001,0.00256551218618288,0.00238226131574125,0.000183250870441635,0.00458127176104087,0.519332966831592
248273.411807,2752366.126422,0.400807487612406,0.00550559735731327,0.000367039823820885,0.0315654248485961,0.158561203890622,0.403193246467242
248773.411807,2752366.126422,0.510728039611223,0.0148542086924629,0,0.00568494406748579,0.0258573262424354,0.442875481386393
249273.411807,2752366.126422,0.213487264064504,0.187099138720909,0,0.09529045262965,0.135055891515485,0.369067253069452
249773.411807,2752366.126422,0.100018556318426,0.0768231582853962,0,0.279458155501948,0.159955464835777,0.383744665058452
