"x","y","forest","agri","water","built","other","grass"
160273.411807,2583366.126422,0.00308761096101891,0.0806638363566191,0.795252798147433,0.0731377846391355,0.0293323041296797,0.0185256657661135
160273.411807,2582866.126422,0.000386473429951691,0.135072463768116,0.700869565217391,0.0728502415458937,0.0133333333333333,0.077487922705314
160273.411807,2582366.126422,0.0098588826599652,0.018364585346994,0.828532766286488,0.0788710612797216,0.0119853083317224,0.0523873960951092
159773.411807,2581866.126422,0,0.0503663003663004,0.378205128205128,0.113369963369963,0.125274725274725,0.332783882783883
160273.411807,2581866.126422,0,0.00636819760710151,0.829988421458896,0.106136626785025,0.0102277113083751,0.0472790428406021
159773.411807,2581366.126422,0,0.1036887502294,0.117085703798862,0.19086070838686,0.261148834648559,0.327216002936319
160273.411807,2581366.126422,0,0.00946859903381642,0.748019323671498,0.158647342995169,0.0229951690821256,0.0608695652173913
159773.411807,2580866.126422,0,0.0185321100917431,0.185688073394495,0.662018348623853,0.0667889908256881,0.0669724770642202
160273.411807,2580866.126422,0,0.0266769766093176,0.69553450608931,0.16914749661705,0.0286100908563696,0.0800309298279528
159773.411807,2580366.126422,0.0831501831501831,0.16959706959707,0.168681318681319,0.125641025641026,0.0503663003663004,0.402564102564103
160273.411807,2580366.126422,0.000771902740254728,0.0397529911231185,0.534542647626399,0.399459668081822,0.00598224623697414,0.0194905441914319
159773.411807,2579866.126422,0.009543035419343,0.0546889337493118,0.3444668746559,0.0873554780693705,0.0517526151587447,0.45219306294733
160273.411807,2579866.126422,0.0139130434782609,0.107053140096618,0.654106280193237,0.143188405797101,0.016231884057971,0.0655072463768116
159273.411807,2579366.126422,0.0377289377289377,0.0175824175824176,0.758424908424908,0.0820512820512821,0.00567765567765568,0.0985347985347985
159773.411807,2579366.126422,0.0451376146788991,0.0343119266055046,0.557614678899083,0.145688073394495,0.0264220183486239,0.190825688073395
160273.411807,2579366.126422,0.0235839938140344,0.12565242605838,0.70481345447516,0.0964624009278948,0.0042528513435144,0.0452348733810168
159273.411807,2578866.126422,0.0104510451045105,0.0388705537220389,0.281444811147781,0.0909424275760909,0.0181518151815182,0.56013934726806
159773.411807,2578866.126422,0.0119047619047619,0.0705128205128205,0.677472527472528,0.195970695970696,0.00641025641025641,0.0377289377289377
160273.411807,2578866.126422,0.00366653801620996,0.0949440370513315,0.806252412196063,0.0343496719413354,0.00598224623697414,0.0548050945580857
158773.411807,2578366.126422,0.0066018705299835,0.0223730056849441,0.615624426920961,0.138639281129653,0.00935264991747662,0.207408765816981
159273.411807,2578366.126422,0.0108118013560564,0.0711013377313542,0.45959318306762,0.109034267912773,0.102253985706432,0.247205424225765
159773.411807,2578366.126422,0,0.0952468342815195,0.590016516792072,0.241328684162232,0.0167003119838502,0.0567076527803267
160273.411807,2578366.126422,0.0388405797101449,0.109178743961353,0.684830917874396,0.0452173913043478,0.0121739130434783,0.10975845410628
158773.411807,2577866.126422,0.00201797835259585,0.183819482663731,0.18400293524124,0.285085305448542,0.0816363969913777,0.263437901302513
159273.411807,2577866.126422,0.00146520146520147,0.0587912087912088,0.742490842490843,0.158424908424908,0.00769230769230769,0.0311355311355311
159773.411807,2577866.126422,0.00165137614678899,0.0840366972477064,0.81743119266055,0.0779816513761468,0.00495412844036697,0.0139449541284404
160273.411807,2577866.126422,0.013531799729364,0.148849797023004,0.668857529479992,0.0842837811714672,0.026097042335202,0.0583800502609704
158773.411807,2577366.126422,0.00842490842490842,0.0472527472527473,0.420695970695971,0.42985347985348,0.0238095238095238,0.06996336996337
159273.411807,2577366.126422,0,0.0267693436010268,0.760726072607261,0.135863586358636,0.0161349468280161,0.0605060506050605
159773.411807,2577366.126422,0.00659340659340659,0.0652014652014652,0.650549450549451,0.111355311355311,0.0221611721611722,0.144139194139194
160273.411807,2577366.126422,0.00270165959089155,0.0611732921651872,0.762639907371671,0.143959861057507,0.0109996140486299,0.0185256657661135
157773.411807,2576866.126422,0.000733003481766538,0.0910756826094924,0.483049294484149,0.329301814183617,0.0254718709913872,0.0703683342495877
158273.411807,2576866.126422,0.000367039823820885,0.138190493668563,0.401358047348137,0.370343182235273,0.00935951550743256,0.0803817214167737
158773.411807,2576866.126422,0,0.10397946084724,0.586282780121034,0.278929029891803,0.0122868145974693,0.0185219145424537
159273.411807,2576866.126422,0,0.053142752428074,0.693238042880704,0.236210371999267,0.00989554700384827,0.00751328568810702
159773.411807,2576866.126422,0.00238575885483575,0.0774454028262066,0.685263351073591,0.173793356579189,0.019086070838686,0.0420260598274913
160273.411807,2576866.126422,0.00599033816425121,0.106859903381643,0.628985507246377,0.159420289855072,0.0345893719806763,0.0641545893719807
157773.411807,2576366.126422,0.00750915750915751,0.123260073260073,0.515201465201465,0.297069597069597,0.0177655677655678,0.0391941391941392
158273.411807,2576366.126422,0,0.0961467889908257,0.513211009174312,0.355779816513761,0.00348623853211009,0.0313761467889908
158773.411807,2576366.126422,0.00091726288754357,0.0834709227664649,0.718583746101633,0.142359200146762,0.02568336085122,0.0289855072463768
159273.411807,2576366.126422,0,0.184981684981685,0.607326007326007,0.142124542124542,0.019047619047619,0.0465201465201465
159773.411807,2576366.126422,0.00018348623853211,0.160550458715596,0.701651376146789,0.109357798165138,0.00587155963302752,0.0223853211009174
160273.411807,2576366.126422,0.0003866228494104,0.126425671757201,0.656678909723565,0.150396288420646,0.01933114247052,0.0467813647786584
157773.411807,2575866.126422,0.00256692335900257,0.12009534286762,0.611477814448111,0.178767876787679,0.0375870920425376,0.0495049504950495
158273.411807,2575866.126422,0.00293040293040293,0.124725274725275,0.0549450549450549,0.734615384615385,0.0175824175824176,0.0652014652014652
158773.411807,2575866.126422,0.0010989010989011,0.172527472527473,0.152564102564103,0.597985347985348,0.0333333333333333,0.0424908424908425
159273.411807,2575866.126422,0.00128346167950128,0.116244957829116,0.777044371103777,0.0733406674000733,0.0155848918225156,0.0165016501650165
159773.411807,2575866.126422,0.00402930402930403,0.217948717948718,0.608241758241758,0.0998168498168498,0.00476190476190476,0.0652014652014652
160273.411807,2575866.126422,0.0021227325357005,0.161520648398302,0.619065997684292,0.142994982632188,0.0260517174835971,0.0482439212659205
157773.411807,2575366.126422,0,0.0969397104636247,0.716877405167675,0.125893347993403,0.0350009162543522,0.0252886201209456
158273.411807,2575366.126422,0,0.189943108827308,0.0923105156909525,0.660488162965682,0.0203707102220591,0.0368875022939989
158773.411807,2575366.126422,0.000916926462497708,0.184485604254539,0.399596552356501,0.312305153126719,0.01998899688245,0.0827067669172932
159273.411807,2575366.126422,0.00109950522264981,0.119479567527946,0.682792743265531,0.144218435037566,0.0181418361737218,0.0342679127725857
159773.411807,2575366.126422,0.00146815929528354,0.09543035419343,0.709120939621949,0.158010644154891,0.0108276748027161,0.0251422279317306
160273.411807,2575366.126422,0.00289855072463768,0.0763285024154589,0.730628019323671,0.146859903381643,0.0272463768115942,0.0160386473429952
157773.411807,2574866.126422,0.00183150183150183,0.134249084249084,0.55970695970696,0.256593406593407,0.00512820512820513,0.0424908424908425
158273.411807,2574866.126422,0,0.179449541284404,0.0438532110091743,0.72954128440367,0.00220183486238532,0.044954128440367
158773.411807,2574866.126422,0.0066042927903137,0.159053384700055,0.167859108420473,0.643551641900569,0.0100898917629793,0.01284168042561
159273.411807,2574866.126422,0.00586080586080586,0.118864468864469,0.726190476190476,0.0871794871794872,0.0195970695970696,0.0423076923076923
159773.411807,2574866.126422,0.00128440366972477,0.0722935779816514,0.719633027522936,0.149174311926606,0.0188990825688073,0.0387155963302752
160273.411807,2574866.126422,0,0.0668857529479992,0.729170693988015,0.128938720278368,0.047361299052774,0.0276435337328436
157773.411807,2574366.126422,0.00605060506050605,0.0564723138980565,0.462046204620462,0.381554822148882,0.0733406674000733,0.0205353868720205
158273.411807,2574366.126422,0.0010989010989011,0.0983516483516483,0.308241758241758,0.566666666666667,0.0166666666666667,0.00897435897435897
158773.411807,2574366.126422,0,0.0807692307692308,0.714652014652015,0.17014652014652,0.00549450549450549,0.0289377289377289
159273.411807,2574366.126422,0.0011001100110011,0.0414374770810414,0.914558122478915,0.0335533553355336,0.00238357169050238,0.00696736340300697
159773.411807,2574366.126422,0.0326007326007326,0.116666666666667,0.431684981684982,0.224358974358974,0.0767399267399267,0.117948717948718
160273.411807,2574366.126422,0.0322269394056349,0.0275955229641065,0.0439984561945195,0.679660362794288,0.181976071015052,0.0345426476263991
157273.411807,2573866.126422,0,0,1,0,0,0
157773.411807,2573866.126422,0.0207073483599047,0.0271211288253619,0.352574674729705,0.589518050210739,0.0100787978742899,0
158273.411807,2573866.126422,0,0,0.85079831161681,0.14920168838319,0,0
158773.411807,2573866.126422,0.00146708233999633,0.119017054832202,0.700348432055749,0.159178433889602,0.00550155877498625,0.0144874381074638
159273.411807,2573866.126422,0.00348176653839106,0.0661535642294301,0.43833608209639,0.415796225032069,0.0262048744731537,0.0500274876305662
159773.411807,2573866.126422,0.000550559735731327,0.0394567810607451,0.481923288676821,0.402275646907689,0.0616626904019086,0.0141310332171041
160273.411807,2573866.126422,0.0181642512077295,0.073816425120773,0.262222222222222,0.386859903381643,0.178937198067633,0.08
157273.411807,2573366.126422,0,0,0.986424509264355,0.0135754907356448,0,0
157773.411807,2573366.126422,0,0.000183150183150183,0.473260073260073,0.526556776556777,0,0
158273.411807,2573366.126422,0.00055045871559633,0.00311926605504587,0.832477064220184,0.162752293577982,0.000917431192660551,0.00018348623853211
158773.411807,2573366.126422,0.0199963309484498,0.238671803338837,0.336268574573473,0.219225830122913,0.0858558062740782,0.0999816547422491
159273.411807,2573366.126422,0.00366300366300366,0.117399267399267,0.268681318681319,0.438095238095238,0.0901098901098901,0.0820512820512821
159773.411807,2573366.126422,0,0.0515596330275229,0.467889908256881,0.399633027522936,0.0647706422018349,0.0161467889908257
160273.411807,2573366.126422,0.0114053740576068,0.0635994587280108,0.549004446162768,0.245118886526194,0.0655325729750628,0.0653392615503576
157273.411807,2572866.126422,0,0,0.689010989010989,0.310989010989011,0,0
157773.411807,2572866.126422,0,0.00146681334800147,0.562156215621562,0.436010267693436,0.000366703337000367,0
158273.411807,2572866.126422,0,0,0.912454212454212,0.0875457875457875,0,0
158773.411807,2572866.126422,0.000549450549450549,0.0179487179487179,0.915750915750916,0.0655677655677656,0,0.000183150183150183
159273.411807,2572866.126422,0.00678401173450678,0.0649064906490649,0.558489182251559,0.288412174550788,0.0157682434910158,0.0656398973230656
159773.411807,2572866.126422,0.0287545787545788,0.115750915750916,0.328021978021978,0.294139194139194,0.097985347985348,0.135347985347985
160273.411807,2572866.126422,0.0463141644152837,0.0796989579313007,0.123118487070629,0.0638749517560787,0.189116171362408,0.497877267464299
157273.411807,2572366.126422,0.0104005310909493,0.0203584863907944,0.349413587076787,0.611197167514937,0.00863022792653242,0
157773.411807,2572366.126422,0,0,0.47875166002656,0.52124833997344,0,0
158273.411807,2572366.126422,0,0.0070874861572536,0.9718715393134,0.019047619047619,0.0008859357696567,0.00110741971207087
158773.411807,2572366.126422,0,0.148926753706572,0.566054436822306,0.18743084753264,0.0296525780039832,0.0679353839344988
159273.411807,2572366.126422,0.00398406374501992,0.166666666666667,0.580566622399292,0.125719344842851,0.0247897299690128,0.098273572377158
159773.411807,2572366.126422,0.00155038759689922,0.111627906976744,0.454706533776301,0.203765227021041,0.072203765227021,0.156146179401993
160273.411807,2572366.126422,0.00447901933050448,0.165016501650165,0.186468646864686,0.238095238095238,0.13979255068364,0.266148043375766
