"x","y","forest","agri","water","built","other","grass"
329273.411807,2787366.126422,0.0498168498168498,0.237728937728938,0.194688644688645,0.124908424908425,0.01996336996337,0.372893772893773
327273.411807,2783866.126422,0.156312992486714,0.0874106652006597,0.119846069268829,0.187465640461792,0.099321971779366,0.349642660802639
325773.411807,2783366.126422,0.00111731843575419,0.0134078212290503,0.176722532588454,0.795344506517691,0.0124767225325885,0.000931098696461825
326273.411807,2783366.126422,0.00036697247706422,0.0113761467889908,0,0.984220183486239,0.00348623853211009,0.00055045871559633
326773.411807,2783366.126422,0.00623738763529628,0.00366905155017428,0.0165107319757843,0.912309667950835,0.0590717299578059,0.00220143093010457
327273.411807,2783366.126422,0.305128205128205,0.00604395604395604,0,0.3503663003663,0.164102564102564,0.174358974358974
327773.411807,2783366.126422,0.168440366972477,0.0146788990825688,0.115596330275229,0.253394495412844,0.101834862385321,0.34605504587156
325773.411807,2782866.126422,0.000186428038777032,0.00354213273676361,0.0052199850857569,0.987136465324385,0.00391498881431767,0
326273.411807,2782866.126422,0,0,0,1,0,0
326773.411807,2782866.126422,0.0032967032967033,0.00384615384615385,0.0166666666666667,0.940659340659341,0.0315018315018315,0.00402930402930403
327273.411807,2782866.126422,0.0539053905390539,0.00348368170150348,0.0746241290795746,0.761642830949762,0.0715071507150715,0.0348368170150348
327773.411807,2782866.126422,0.289377289377289,0.0212454212454212,0.00622710622710623,0.29010989010989,0.158424908424908,0.234615384615385
325773.411807,2782366.126422,0.0018628912071535,0.00316691505216095,0.0184426229508197,0.969262295081967,0.00726527570789866,0
326273.411807,2782366.126422,0,0,0.00330335841438796,0.996696641585612,0,0
326773.411807,2782366.126422,0.0986612873647534,0.0159545204474601,0.0504309554373739,0.650651017788373,0.0918760315422703,0.0924261874197689
327273.411807,2782366.126422,0.446948873007147,0.00751328568810702,0.000183250870441635,0.0828293934396188,0.0945574491478835,0.367967747846802
327773.411807,2782366.126422,0.512387594053955,0.0211047898697009,0,0.0816663608001468,0.172875757019637,0.211965498256561
328273.411807,2782366.126422,0.605905006418485,0.00476801760498808,0.00403447643498991,0.0399779937649001,0.0535485054098661,0.291766000366771
328773.411807,2782366.126422,0.392523364485981,0.043613707165109,0.00164925783397471,0.0767821147150449,0.0650540590067803,0.42037749679311
331273.411807,2782366.126422,0.00403447643498991,0.035209976159912,0.220795892169448,0.437007152026407,0.105079772602237,0.197872730607005
325773.411807,2781866.126422,0.00484171322160149,0.00297951582867784,0,0.973556797020484,0.0167597765363128,0.00186219739292365
326273.411807,2781866.126422,0.0073394495412844,0.0168807339449541,0.0275229357798165,0.901834862385321,0.0453211009174312,0.00110091743119266
326773.411807,2781866.126422,0.133370023848835,0.00843881856540084,0.00715465052283985,0.601541001651073,0.172261970280682,0.0772335351311686
327273.411807,2781866.126422,0.434249084249084,0.00787545787545788,0,0.192490842490843,0.156227106227106,0.209157509157509
327773.411807,2781866.126422,0.568990825688073,0.00458715596330275,0,0.064954128440367,0.123119266055046,0.238348623853211
328273.411807,2781866.126422,0.595853971748303,0.000733810310034856,0,0.00146762062006971,0.017978352595854,0.383966244725738
328773.411807,2781866.126422,0.570879120879121,0.000549450549450549,0,0.000183150183150183,0.00347985347985348,0.424908424908425
329273.411807,2781866.126422,0.415045871559633,0.0260550458715596,0.0229357798165138,0.0981651376146789,0.0842201834862385,0.353577981651376
329773.411807,2781866.126422,0.0311869381764814,0.0210970464135021,0.032104201064025,0.668134287286736,0.144377178499358,0.103100348559897
330273.411807,2781866.126422,0.134065934065934,0.0181318681318681,0.0357142857142857,0.519230769230769,0.176739926739927,0.116117216117216
330773.411807,2781866.126422,0.553577981651376,0.0269724770642202,0.0128440366972477,0.0772477064220184,0.0798165137614679,0.24954128440367
325773.411807,2781366.126422,0.144295302013423,0.0190156599552573,0.0443698732289336,0.66144668158091,0.0853840417598807,0.0454884414615958
326273.411807,2781366.126422,0.554945054945055,0.0221611721611722,0.00384615384615385,0.0932234432234432,0.0620879120879121,0.263736263736264
326773.411807,2781366.126422,0.543956043956044,0.0152014652014652,0.000183150183150183,0.176923076923077,0.116666666666667,0.147069597069597
327273.411807,2781366.126422,0.702236890355702,0.00421708837550422,0,0.024019068573524,0.0572057205720572,0.212321232123212
327773.411807,2781366.126422,0.566666666666667,0.00531135531135531,0.00183150183150183,0.0487179487179487,0.0597069597069597,0.317765567765568
328273.411807,2781366.126422,0.275457875457875,0.00787545787545788,0.000915750915750916,0.201648351648352,0.195054945054945,0.319047619047619
328773.411807,2781366.126422,0.422992299229923,0.00495049504950495,0,0.123212321232123,0.113311331133113,0.335533553355336
329273.411807,2781366.126422,0.295787545787546,0.0736263736263736,0.0021978021978022,0.0897435897435897,0.135347985347985,0.403296703296703
329773.411807,2781366.126422,0.18021978021978,0.0223443223443223,0,0.142490842490842,0.097985347985348,0.556959706959707
330273.411807,2781366.126422,0.146314631463146,0.0454712137880455,0.00165016501650165,0.322148881554822,0.226622662266227,0.257792445911258
330773.411807,2781366.126422,0.229120879120879,0.0474358974358974,0.0637362637362637,0.213553113553114,0.127655677655678,0.318498168498168
325773.411807,2780866.126422,0.381333830104322,0.0128539493293592,0.0014903129657228,0.166169895678092,0.244970193740686,0.193181818181818
326273.411807,2780866.126422,0.563773169388879,0.000183519911910442,0,0.0165167920719398,0.036520462470178,0.383006056157093
326773.411807,2780866.126422,0.417568311021456,0.00495140289748762,0,0.14799193104713,0.152209792774619,0.277278562259307
327273.411807,2780866.126422,0.387758841854499,0.00787978742899029,0,0.196994685724757,0.177570093457944,0.22979659153381
327773.411807,2780866.126422,0.321893925490916,0.00605615709304459,0,0.0543218939254909,0.152688566709488,0.465039456781061
328273.411807,2780866.126422,0.330276911791674,0.0122868145974693,0.00146708233999633,0.145424536952136,0.130386942967174,0.38015771135155
328773.411807,2780866.126422,0.246105919003115,0.00971229613340663,0.0042147700201576,0.251603445116364,0.186915887850467,0.301447681876489
329273.411807,2780866.126422,0.200403743806203,0.00899247568361167,0.000183519911910442,0.479354009910075,0.151954487061846,0.159111763626353
329773.411807,2780866.126422,0.198606271777003,0,0,0.12415184302219,0.035209976159912,0.642031909040895
330273.411807,2780866.126422,0.511819681143485,0.00916254352208173,0,0.0163093274693055,0.0733003481766538,0.389408099688474
330773.411807,2780866.126422,0.516975591851716,0.0034868783262984,0,0.0047715177096715,0.012846393833731,0.461919618278583
331273.411807,2780866.126422,0.1600953603521,0.0522648083623693,0.214377406931964,0.185219145424537,0.0935264991747662,0.294516779754264
332773.411807,2780866.126422,0.0792224463598019,0.0605171465248487,0.225013753896937,0.439574546121401,0.0693196405648267,0.126352466532184
325773.411807,2780366.126422,0.132960893854749,0.0212290502793296,0.00111731843575419,0.604469273743017,0.186778398510242,0.0534450651769088
326273.411807,2780366.126422,0.199266055045872,0.00642201834862385,0.0036697247706422,0.466605504587156,0.203669724770642,0.120366972477064
326773.411807,2780366.126422,0.208035222894882,0.0157769216657494,0.0100898917629793,0.381581361218125,0.273527793065493,0.110988809392772
327273.411807,2780366.126422,0.303296703296703,0.017032967032967,0.000732600732600733,0.246886446886447,0.254945054945055,0.177106227106227
327773.411807,2780366.126422,0.365504587155963,0.0128440366972477,0.00458715596330275,0.122385321100917,0.259816513761468,0.234862385321101
328273.411807,2780366.126422,0.297009722986608,0.0091726288754357,0,0.0898917629792699,0.2126215373326,0.391304347826087
328773.411807,2780366.126422,0.378754578754579,0.0139194139194139,0,0.0987179487179487,0.15970695970696,0.348901098901099
329273.411807,2780366.126422,0.694678899082569,0.000917431192660551,0,0.00990825688073394,0.0310091743119266,0.26348623853211
329773.411807,2780366.126422,0.756191524490919,0,0,0,0.000366905155017428,0.243441570354063
330273.411807,2780366.126422,0.450732600732601,0.00732600732600733,0,0.0573260073260073,0.0360805860805861,0.448534798534799
330773.411807,2780366.126422,0.627706422018349,0.0018348623853211,0,0.0161467889908257,0.0475229357798165,0.306788990825688
331273.411807,2780366.126422,0.532746285085305,0.0104567969179967,0,0.000366905155017428,0.00880572372041827,0.447624289121262
331773.411807,2780366.126422,0.427655677655678,0.00677655677655678,0,0.00769230769230769,0.076007326007326,0.481868131868132
332273.411807,2780366.126422,0.423853211009174,0.00825688073394495,0.00018348623853211,0.113394495412844,0.130091743119266,0.324220183486239
