"x","y","forest","agri","water","built","other","grass"
183773.411807,2654866.126422,0,0.0401908607083869,0.795375298219857,0.138741053404294,0.0152321526885667,0.0104606349788952
184273.411807,2654866.126422,0.000550155877498625,0.0790390610673024,0.686961305703283,0.103429304969741,0.0447460113698881,0.0852741610122868
184773.411807,2654866.126422,0.0126443100604728,0.0839288986622686,0.542789078248122,0.105002748763057,0.0668865677111966,0.188748396554884
185273.411807,2654866.126422,0.0238575885483575,0.0486327766562672,0.0893741971003854,0.118553863094146,0.159111763626353,0.560469810974491
185773.411807,2654866.126422,0.110214560792224,0.0905923344947735,0.00330093526499175,0.0876581698147808,0.0812396845772969,0.626994315055933
186273.411807,2654866.126422,0.0677835051546392,0.130670103092784,0,0.0469072164948454,0.124484536082474,0.630154639175258
183773.411807,2654366.126422,0.000917431192660551,0.0655045871559633,0.664954128440367,0.181834862385321,0.0455045871559633,0.0412844036697248
184273.411807,2654366.126422,0.00201797835259585,0.0876903320491653,0.607961841863878,0.0755824619335902,0.0610897083104018,0.165657677490369
184773.411807,2654366.126422,0.00897435897435897,0.0868131868131868,0.29029304029304,0.202197802197802,0.166300366300366,0.245421245421245
185273.411807,2654366.126422,0.00036697247706422,0.122201834862385,0.21394495412844,0.0662385321100917,0.0765137614678899,0.520733944954128
185773.411807,2654366.126422,0.0654925701706109,0.183452577508714,0.0416437350944781,0.0616400660429279,0.0702623371858375,0.577508713997432
186273.411807,2654366.126422,0.0208655332302937,0.218444100978877,0.0321998969603297,0.0489438433797012,0.0708397733127254,0.608706852138073
182273.411807,2653866.126422,0.00293040293040293,0.128021978021978,0.416849816849817,0.206593406593407,0.084981684981685,0.160622710622711
182773.411807,2653866.126422,0,0.1503663003663,0.516117216117216,0.168498168498169,0.0243589743589744,0.140659340659341
183273.411807,2653866.126422,0.00458379171250458,0.114044737807114,0.421892189218922,0.235606894022736,0.0401540154015402,0.183718371837184
183773.411807,2653866.126422,0.000732600732600733,0.0866300366300366,0.657142857142857,0.148534798534799,0.0695970695970696,0.0373626373626374
184273.411807,2653866.126422,0.0021978021978022,0.0635531135531135,0.602380952380952,0.08003663003663,0.073992673992674,0.177838827838828
184773.411807,2653866.126422,0.0234690135680235,0.0436376971030436,0.0198019801980198,0.27997799779978,0.169416941694169,0.463696369636964
185273.411807,2653866.126422,0.010989010989011,0.0591575091575092,0.222527472527473,0.0763736263736264,0.0818681318681319,0.549084249084249
185773.411807,2653866.126422,0.0483516483516484,0.0952380952380952,0.147069597069597,0.0871794871794872,0.0747252747252747,0.547435897435897
186273.411807,2653866.126422,0.0216494845360825,0.207474226804124,0.0817010309278351,0.0639175257731959,0.131958762886598,0.493298969072165
181773.411807,2653366.126422,0.0124610591900312,0.0787978742899029,0.587685541506322,0.150815466373465,0.0295033901411032,0.140736668499175
182273.411807,2653366.126422,0.00220223894292531,0.140759772435309,0.623417140759772,0.111029546705818,0.0332171040557901,0.0893741971003854
182773.411807,2653366.126422,0.00146708233999633,0.114615807812213,0.710251237850724,0.0977443609022556,0.0236567027324409,0.0522648083623693
183273.411807,2653366.126422,0,0.144401685908008,0.584570276708814,0.0716510903426791,0.0678028220634048,0.131574124977094
183773.411807,2653366.126422,0.00935951550743256,0.148834648559369,0.666727839970637,0.0644154890805652,0.0357863828225362,0.0748761240594605
184273.411807,2653366.126422,0.0146708233999633,0.187236383642032,0.166513845589584,0.0968274344397579,0.127452778287181,0.407298734641482
184773.411807,2653366.126422,0.0234561114165292,0.101520982224666,0.102803738317757,0.0311526479750779,0.0373831775700935,0.703683342495877
185273.411807,2653366.126422,0.0334006239677005,0.119838502477519,0.00660671682877592,0.0433106992108644,0.0475316571848046,0.749311800330336
185773.411807,2653366.126422,0.0256739409499358,0.212726939299468,0,0.123601687144691,0.126169081239685,0.51182835136622
186273.411807,2653366.126422,0.0582474226804124,0.182989690721649,0.00747422680412371,0.0610824742268041,0.104123711340206,0.586082474226804
181773.411807,2652866.126422,0.00677655677655678,0.143406593406593,0.649084249084249,0.0366300366300366,0.0135531135531136,0.150549450549451
182273.411807,2652866.126422,0.00385321100917431,0.165321100917431,0.682385321100917,0.0115596330275229,0.0163302752293578,0.120550458715596
182773.411807,2652866.126422,0.0267840763162722,0.168042560997982,0.399009356081453,0.19977985690699,0.068611263988259,0.137772885709044
183273.411807,2652866.126422,0.0115384615384615,0.107509157509158,0.201831501831502,0.281684981684982,0.163553113553114,0.233882783882784
183773.411807,2652866.126422,0.0128440366972477,0.061651376146789,0.0680733944954128,0.220550458715596,0.174311926605505,0.46256880733945
184273.411807,2652866.126422,0.0350394423041644,0.100532012474775,0,0.0475142175747569,0.0561364887176665,0.760777838928637
184773.411807,2652866.126422,0.0474358974358974,0.158058608058608,0.00732600732600733,0.0783882783882784,0.0706959706959707,0.638095238095238
185273.411807,2652866.126422,0.0387155963302752,0.116330275229358,0,0.0706422018348624,0.0515596330275229,0.722752293577982
185773.411807,2652866.126422,0.0343056319941295,0.127132636213539,0,0.091726288754357,0.0941111722619703,0.652724270776004
186273.411807,2652866.126422,0.0195775373518805,0.150953116950026,0.0118495620814013,0.0734157650695518,0.127769191138588,0.616434827408552
181773.411807,2652366.126422,0.00128346167950128,0.152181884855152,0.66978364503117,0.0742574257425743,0.0254858819215255,0.077007700770077
182273.411807,2652366.126422,0.000549450549450549,0.163186813186813,0.614468864468865,0.0948717948717949,0.0421245421245421,0.0847985347985348
182773.411807,2652366.126422,0.0113553113553114,0.141941391941392,0.304395604395604,0.195970695970696,0.0921245421245421,0.254212454212454
183273.411807,2652366.126422,0.0284195086175284,0.0801246791345801,0.0227356068940227,0.11991199119912,0.094976164283095,0.653832049871654
183773.411807,2652366.126422,0.043956043956044,0.05,0,0.127289377289377,0.0957875457875458,0.682967032967033
184273.411807,2652366.126422,0.0564102564102564,0.0855311355311355,0,0.0534798534798535,0.0725274725274725,0.732051282051282
184773.411807,2652366.126422,0.0496883021635497,0.104510451045105,0.000916758342500917,0.100843417675101,0.092959295929593,0.651081774844151
185273.411807,2652366.126422,0.028021978021978,0.174175824175824,0,0.0201465201465201,0.0926739926739927,0.684981684981685
185773.411807,2652366.126422,0.0230769230769231,0.138278388278388,0,0.00347985347985348,0.0578754578754579,0.777289377289377
186273.411807,2652366.126422,0.0721649484536082,0.169845360824742,0,0.0185567010309278,0.0319587628865979,0.707474226804124
181273.411807,2651866.126422,0.0137538969374656,0.0498807995598753,0.42783788740143,0.244269209609389,0.0821566110397946,0.182101595452045
181773.411807,2651866.126422,0.066703316840755,0.0905259299981675,0.320505772402419,0.0844786512735936,0.0918086860912589,0.345977643393806
182273.411807,2651866.126422,0.00623967700495504,0.11194714626537,0.481005689117269,0.143879610937787,0.0620297302257295,0.19489814644889
182773.411807,2651866.126422,0.0618008435723455,0.107647166697231,0.233266092059417,0.17183201907207,0.0742710434623143,0.351182835136622
183273.411807,2651866.126422,0.0846619021440352,0.0419644493311343,0,0.171339563862928,0.137254901960784,0.564779182701118
183773.411807,2651866.126422,0.0623967700495504,0.0579922921636998,0,0.148467608735548,0.115250504679758,0.615892824371444
184273.411807,2651866.126422,0.0363102879149092,0.0535485054098661,0,0.10012836970475,0.0713368787823217,0.738675958188153
184773.411807,2651866.126422,0.0582737768004398,0.110683525746747,0,0.0243723657687374,0.0557082646142569,0.750962067069819
185273.411807,2651866.126422,0.19067718847495,0.049366856303909,0,0.121673701596623,0.201871903101487,0.436410350523032
185773.411807,2651866.126422,0.00898587933247754,0.141390060517147,0,0.000183385292499542,0.017604988079956,0.83183568677792
186273.411807,2651866.126422,0.0420103092783505,0.159536082474227,0,0.107216494845361,0.0747422680412371,0.616494845360825
181273.411807,2651366.126422,0.0302696752889378,0.0684278114107503,0.642817831590534,0.0590717299578059,0.0187121629058888,0.180700788846083
181773.411807,2651366.126422,0.0481684981684982,0.0644688644688645,0.406410256410256,0.126373626373626,0.0554945054945055,0.299084249084249
182273.411807,2651366.126422,0.0673394495412844,0.0146788990825688,0.00770642201834862,0.0385321100917431,0.0444036697247706,0.827339449541284
182773.411807,2651366.126422,0.0728306732709595,0.0524674371674922,0.0187121629058888,0.46083287470189,0.175013758943313,0.220143093010457
183273.411807,2651366.126422,0.0804029304029304,0.113919413919414,0.0131868131868132,0.237545787545788,0.209340659340659,0.345604395604396
183773.411807,2651366.126422,0.0577981651376147,0.153211009174312,0,0.0521100917431193,0.0579816513761468,0.678899082568807
184273.411807,2651366.126422,0.0324711062190424,0.163823151715282,0,0.0678774536782242,0.0526508897450009,0.683177398642451
184773.411807,2651366.126422,0.0408424908424908,0.130769230769231,0,0.0100732600732601,0.0152014652014652,0.803113553113553
185273.411807,2651366.126422,0.0748623853211009,0.134128440366972,0,0.0267889908256881,0.0746788990825688,0.68954128440367
185773.411807,2651366.126422,0.0482480278847918,0.113006787745368,0,0.0398092093193909,0.113190240322877,0.685745734727573
186273.411807,2651366.126422,0.0798557444616177,0.143740340030912,0,0.149149922720247,0.165121071612571,0.462132921174652
180773.411807,2650866.126422,0.000366300366300366,0.137179487179487,0.704395604395604,0.0695970695970696,0.0142857142857143,0.0741758241758242
181273.411807,2650866.126422,0.00238095238095238,0.0708791208791209,0.768315018315018,0.116849816849817,0.0216117216117216,0.01996336996337
181773.411807,2650866.126422,0,0.0423542354235424,0.867620095342868,0.0742574257425743,0.0126512651265127,0.00311697836450312
182273.411807,2650866.126422,0.00311355311355311,0.127289377289377,0.467216117216117,0.189010989010989,0.0644688644688645,0.148901098901099
182773.411807,2650866.126422,0.0445054945054945,0.0283882783882784,0,0.556593406593407,0.244688644688645,0.125824175824176
183273.411807,2650866.126422,0.0518885221855519,0.0757242390905757,0,0.259442610927759,0.230656398973231,0.382288228822882
183773.411807,2650866.126422,0.0875457875457875,0.112637362637363,0,0.130586080586081,0.0978021978021978,0.571428571428571
184273.411807,2650866.126422,0.0602564102564103,0.108791208791209,0,0.0904761904761905,0.0972527472527473,0.643223443223443
184773.411807,2650866.126422,0.0947928126145948,0.0733406674000733,0,0.074990832416575,0.0854418775210854,0.671433810047671
185273.411807,2650866.126422,0.0626373626373626,0.2,0,0.0267399267399267,0.0666666666666667,0.643956043956044
185773.411807,2650866.126422,0.0450549450549451,0.0928571428571429,0.000915750915750916,0.124175824175824,0.0884615384615385,0.648534798534799
186273.411807,2650866.126422,0.0809278350515464,0.0592783505154639,0,0.226030927835052,0.184020618556701,0.449742268041237
180773.411807,2650366.126422,0,0.108643787850982,0.803633694255827,0.065149568728207,0.00880895577170123,0.0137639933932832
181273.411807,2650366.126422,0.000916926462497708,0.0845406198422887,0.841188336695397,0.0447460113698881,0.010819732257473,0.0177883733724555
181773.411807,2650366.126422,0,0.0447132123877588,0.850467289719626,0.0833791460509437,0.0168590800806304,0.00458127176104087
182273.411807,2650366.126422,0.0735914846760874,0.118553863094146,0.0899247568361167,0.142227931730593,0.0991007524316388,0.476601211231419
182773.411807,2650366.126422,0.0981111314872547,0.0900421786172749,0,0.0700531817348249,0.0680359435173299,0.673757564643316
183273.411807,2650366.126422,0.0727505955653289,0.203041964449331,0,0.0743998533993036,0.0604727872457394,0.589334799340297
183773.411807,2650366.126422,0.0612956505780877,0.192695907505964,0,0.105156909524683,0.0835015599192512,0.557349972472013
184273.411807,2650366.126422,0.0876581698147808,0.0916926462497708,0,0.000916926462497708,0.0117366587199707,0.80799559875298
184773.411807,2650366.126422,0.109950522264981,0.109400769653656,0,0.00329851566794942,0.0153930731170973,0.761957119296317
185273.411807,2650366.126422,0.0378051018535511,0.300055055973573,0,0.0480822169205359,0.0488162965681776,0.565241328684162
185773.411807,2650366.126422,0.0341096644049147,0.194755180634513,0,0.0918760315422703,0.163029525032092,0.516229598386209
186273.411807,2650366.126422,0.0291237113402062,0.225257731958763,0,0.0798969072164948,0.0760309278350515,0.589690721649485
180273.411807,2649866.126422,0.00274725274725275,0.0542124542124542,0.722161172161172,0.194139194139194,0.0163003663003663,0.0104395604395604
180773.411807,2649866.126422,0.0192660550458716,0.118715596330275,0.688807339449541,0.0886238532110092,0.02,0.0645871559633028
181273.411807,2649866.126422,0.0113740598055403,0.0803522289488167,0.74610163272794,0.071179600073381,0.0199963309484498,0.0709961474958723
181773.411807,2649866.126422,0.0302197802197802,0.0772893772893773,0.34029304029304,0.148901098901099,0.0494505494505494,0.353846153846154
182273.411807,2649866.126422,0.0792660550458716,0.121834862385321,0,0.130825688073395,0.123669724770642,0.544403669724771
182773.411807,2649866.126422,0.0449458814896349,0.362869198312236,0.000183452577508714,0.0354063474591818,0.111722619702807,0.444872500458631
183273.411807,2649866.126422,0.0465201465201465,0.0917582417582418,0,0.0622710622710623,0.0576923076923077,0.741758241758242
183773.411807,2649866.126422,0.041651376146789,0.221651376146789,0,0.0390825688073395,0.0576146788990826,0.64
184273.411807,2649866.126422,0.0335718216840947,0.156118143459916,0,0.0187121629058888,0.00733810310034856,0.784259768849752
184773.411807,2649866.126422,0.0798534798534798,0.153479853479853,0,0.0655677655677656,0.0853479853479854,0.615750915750916
185273.411807,2649866.126422,0.0425688073394495,0.245321100917431,0,0.0337614678899083,0.0436697247706422,0.634678899082569
185773.411807,2649866.126422,0.0420106402494955,0.163272793982755,0,0.0642084021280499,0.172261970280682,0.558246193359017
186273.411807,2649866.126422,0.00360638845955693,0.394641937145801,0,0.0131375579598145,0.0316846986089645,0.556929417825863
179773.411807,2649366.126422,0.000915750915750916,0.0820512820512821,0.472527472527473,0.390659340659341,0.0263736263736264,0.0274725274725275
180273.411807,2649366.126422,0.000183351668500183,0.105977264393106,0.732673267326733,0.125412541254125,0.0216354968830216,0.0141180784745141
180773.411807,2649366.126422,0.00274725274725275,0.091025641025641,0.792307692307692,0.0644688644688645,0.0146520146520147,0.0347985347985348
181273.411807,2649366.126422,0.00970695970695971,0.135531135531136,0.619413919413919,0.0862637362637363,0.0227106227106227,0.126373626373626
181773.411807,2649366.126422,0.0245691235790246,0.232673267326733,0,0.110927759442611,0.0854418775210854,0.546387972130546
182273.411807,2649366.126422,0.0102564102564103,0.32985347985348,0.0113553113553114,0.0250915750915751,0.0413919413919414,0.582051282051282
182773.411807,2649366.126422,0.00201465201465201,0.673809523809524,0.000915750915750916,0.0159340659340659,0.00201465201465201,0.305311355311355
183273.411807,2649366.126422,0.00971763843050972,0.357535753575358,0,0.0368536853685369,0.0381371470480381,0.557755775577558
183773.411807,2649366.126422,0.0338827838827839,0.233699633699634,0.00128205128205128,0.0476190476190476,0.0393772893772894,0.644139194139194
184273.411807,2649366.126422,0.0518315018315018,0.332783882783883,0,0.0234432234432234,0.0490842490842491,0.542857142857143
184773.411807,2649366.126422,0.0416208287495416,0.273560689402274,0,0.0326365969930326,0.105243857719105,0.546938027136047
185273.411807,2649366.126422,0.0501831501831502,0.0915750915750916,0,0.167765567765568,0.175457875457875,0.515018315018315
185773.411807,2649366.126422,0.017032967032967,0.403663003663004,0,0.0371794871794872,0.0417582417582418,0.5003663003663
186273.411807,2649366.126422,0.0278350515463918,0.329896907216495,0,0.0108247422680412,0.0231958762886598,0.608247422680412
179773.411807,2648866.126422,0,0.0397946084724005,0.772418852008069,0.17219878965707,0.0126535851824684,0.00293416467999266
180273.411807,2648866.126422,0.00128275609309144,0.107751511819681,0.825728422210006,0.0498442367601246,0.00494777350192413,0.0104452996151732
180773.411807,2648866.126422,0.00146815929528354,0.118370343182235,0.715177096714994,0.0851532391264452,0.0271609469627455,0.0526702147182969
181273.411807,2648866.126422,0.0100861910874748,0.161012286814597,0.141206675224647,0.130203557674674,0.0614340729873464,0.49605721621126
181773.411807,2648866.126422,0.0397654388858347,0.21183800623053,0,0.245739417262232,0.216785779732454,0.28587135788895
182273.411807,2648866.126422,0.0209212699577904,0.392365571664526,0,0.00220223894292531,0.026977427050835,0.557533492383924
182773.411807,2648866.126422,0.00861910874747845,0.573445809646066,0.00458463231248854,0.0137538969374656,0.00825233816247937,0.391344214194022
183273.411807,2648866.126422,0.0214403518416712,0.345611141652923,0.0315191497159611,0.0428807036833425,0.0806303829943192,0.477918270111783
183773.411807,2648866.126422,0.0119287942741787,0.319875206459901,0.0583593319875206,0.0519361350706552,0.0715727656450725,0.486327766562672
184273.411807,2648866.126422,0.0150375939849624,0.504309554373739,0,0.0177883733724555,0.0931597285897671,0.369704749679076
184773.411807,2648866.126422,0.0709180868609126,0.300164925783397,0,0.0828293934396188,0.110683525746747,0.435404068169324
185273.411807,2648866.126422,0.0297302257294917,0.100752431638833,0,0.0844191594788034,0.167553679574234,0.617544503578638
185773.411807,2648866.126422,0.0284247203374289,0.132770951769668,0,0.0405281496423987,0.101228681459747,0.697047496790757
186273.411807,2648866.126422,0.0167525773195876,0.258505154639175,0,0.0170103092783505,0.0394329896907216,0.668298969072165
179273.411807,2648366.126422,0.00788990825688073,0.0722935779816514,0.589724770642202,0.224403669724771,0.0229357798165138,0.0827522935779817
179773.411807,2648366.126422,0,0.0999816547422491,0.63914878004036,0.0753990093560815,0.0238488350761328,0.161621720785177
180273.411807,2648366.126422,0.0100732600732601,0.110989010989011,0.5996336996337,0.0717948717948718,0.0128205128205128,0.194688644688645
180773.411807,2648366.126422,0.000917431192660551,0.112110091743119,0.509174311926605,0.192110091743119,0.0423853211009174,0.143302752293578
181273.411807,2648366.126422,0.0447624289121262,0.146578609429462,0,0.0766831773986425,0.111722619702807,0.620253164556962
181773.411807,2648366.126422,0.043040293040293,0.276373626373626,0,0.146520146520147,0.138644688644689,0.395421245421245
182273.411807,2648366.126422,0.0121100917431193,0.642018348623853,0,0,0.00770642201834862,0.338165137614679
182773.411807,2648366.126422,0.00825536598789213,0.50210970464135,0.000183452577508714,0.0124747752705926,0.0066042927903137,0.470372408732343
183273.411807,2648366.126422,0.00750915750915751,0.562820512820513,0,0.00402930402930403,0.0358974358974359,0.38974358974359
183773.411807,2648366.126422,0.0128440366972477,0.378532110091743,0,0.00238532110091743,0.0126605504587156,0.593577981651376
184273.411807,2648366.126422,0.0253164556962025,0.408915795266924,0,0.000183452577508714,0.00953953403045313,0.556044762428912
184773.411807,2648366.126422,0.0646520146520147,0.166117216117216,0,0.0021978021978022,0.0285714285714286,0.738461538461539
185273.411807,2648366.126422,0.0170642201834862,0.311009174311927,0,0.0326605504587156,0.0708256880733945,0.568440366972477
185773.411807,2648366.126422,0.0759493670886076,0.0873234268941479,0,0.141075032104201,0.167492203265456,0.528159970647588
186273.411807,2648366.126422,0.0502318392581144,0.284904688304997,0,0.00386398763523957,0.0468830499742401,0.614116434827409
180773.411807,2647866.126422,0.00293040293040293,0.121245421245421,0.0452380952380952,0.116483516483516,0.0624542124542125,0.651648351648352
181273.411807,2647866.126422,0.0734432234432234,0.0747252747252747,0.0360805860805861,0.141941391941392,0.0906593406593407,0.583150183150183
181773.411807,2647866.126422,0.0133846718005134,0.501100110011001,0,0.00385038503850385,0.0108177484415108,0.470847084708471
182273.411807,2647866.126422,0.030952380952381,0.402014652014652,0,0.00970695970695971,0.0324175824175824,0.524908424908425
182773.411807,2647866.126422,0.00567765567765568,0.524908424908425,0,0.00164835164835165,0,0.467765567765568
183273.411807,2647866.126422,0.0236523652365237,0.458929226255959,0,0.00128346167950128,0.055005500550055,0.461129446277961
183773.411807,2647866.126422,0.0454212454212454,0.334981684981685,0,0.0358974358974359,0.143956043956044,0.43974358974359
184273.411807,2647866.126422,0.0294871794871795,0.313553113553114,0,0.0250915750915751,0.132051282051282,0.49981684981685
184773.411807,2647866.126422,0.0209020902090209,0.345984598459846,0,0.00531719838650532,0.113494682801613,0.514301430143014
185273.411807,2647866.126422,0.0230769230769231,0.261172161172161,0,0,0.0304029304029304,0.685347985347985
185773.411807,2647866.126422,0.0168498168498168,0.20989010989011,0,0.0254578754578755,0.0765567765567766,0.671245421245421
186273.411807,2647866.126422,0.0384020618556701,0.333247422680412,0,0.00876288659793814,0.0528350515463918,0.566752577319588
180273.411807,2647366.126422,0.155579989004948,0.0309693971046362,0.0694520798973795,0.256551218618288,0.11324903793293,0.374198277441818
180773.411807,2647366.126422,0.0238575885483575,0.0447788585061479,0,0.133969535694623,0.150853367590384,0.646540649660488
181273.411807,2647366.126422,0.0790390610673024,0.106546854942234,0.0247570144874381,0.00880249403997799,0.0203557674674491,0.760498807995599
181773.411807,2647366.126422,0.00714678394722375,0.323071284588602,0,0,0.00348176653839106,0.666300164925783
182273.411807,2647366.126422,0.0192695907505964,0.403376766379152,0,0.0159662323362085,0.0552394934850431,0.506147917049
182773.411807,2647366.126422,0.0216394645149459,0.582798459563543,0,0,0.0122868145974693,0.383275261324042
183273.411807,2647366.126422,0.0395821880153931,0.41249770936412,0,0.000183250870441635,0.0194245922668133,0.528312259483233
183773.411807,2647366.126422,0.0159662323362085,0.35272527069187,0,0.017434391631492,0.049366856303909,0.56450724903652
184273.411807,2647366.126422,0.0467632495873831,0.390794058316523,0,0.000366770584999083,0.0130203557674674,0.549055565743627
184773.411807,2647366.126422,0.0249221183800623,0.316840754993586,0,0.0555250137438153,0.144035184167125,0.458676928715411
185273.411807,2647366.126422,0.0559735731326849,0.23251972839053,0,0.00110111947146265,0.0304643053771334,0.679941273628189
185773.411807,2647366.126422,0.037593984962406,0.341463414634146,0,0.00898587933247754,0.0339262791124152,0.578030441958555
186273.411807,2647366.126422,0.0288659793814433,0.24819587628866,0,0.0123711340206186,0.0664948453608247,0.644072164948454
180273.411807,2646866.126422,0.0554945054945055,0.0351648351648352,0.0278388278388278,0.422344322344322,0.249267399267399,0.20989010989011
180773.411807,2646866.126422,0.071743119266055,0.068256880733945,0,0.248440366972477,0.200366972477064,0.411192660550459
181273.411807,2646866.126422,0.002568336085122,0.223445239405614,0.000733810310034856,0.00862227114290956,0.0232984773436067,0.741331865712713
181773.411807,2646866.126422,0.0366300366300366,0.236080586080586,0.0230769230769231,0.054029304029304,0.091025641025641,0.559157509157509
182273.411807,2646866.126422,0.0431192660550459,0.184220183486239,0.0139449541284404,0.0552293577981651,0.0970642201834862,0.606422018348624
182773.411807,2646866.126422,0.072463768115942,0.291506145661347,0.0122913226930838,0.0924600990643919,0.0722803155384333,0.458998348926802
183273.411807,2646866.126422,0.0648351648351648,0.218131868131868,0.000366300366300366,0.0441391941391941,0.191758241758242,0.480769230769231
183773.411807,2646866.126422,0.112660550458716,0.0539449541284404,0,0.236697247706422,0.16348623853211,0.433211009174312
184273.411807,2646866.126422,0.109154283617685,0.0273344340487984,0,0.57347275729224,0.145844799119428,0.144193725921849
184773.411807,2646866.126422,0.0514652014652015,0.33003663003663,0,0.00311355311355311,0.0507326007326007,0.564652014652015
185273.411807,2646866.126422,0.0273394495412844,0.311009174311927,0,0.00110091743119266,0.0124770642201835,0.648073394495413
185773.411807,2646866.126422,0.0407264722069345,0.36085121995964,0,0.000733810310034856,0.0207301412584847,0.576958356264906
186273.411807,2646866.126422,0.0193199381761978,0.579340546110252,0,0,0,0.40133951571355
180273.411807,2646366.126422,0.0262192885955262,0.127429409607627,0,0.0608727539420609,0.11001100110011,0.675467546754675
180773.411807,2646366.126422,0.0183150183150183,0.326190476190476,0,0.0364468864468864,0.100732600732601,0.518315018315018
181273.411807,2646366.126422,0.00732600732600733,0.234249084249084,0,0.230586080586081,0.0587912087912088,0.469047619047619
181773.411807,2646366.126422,0.0278694536120279,0.280528052805281,0,0.0392372570590392,0.0616061606160616,0.590759075907591
182273.411807,2646366.126422,0.14010989010989,0.0926739926739927,0.00311355311355311,0.0622710622710623,0.0754578754578755,0.626373626373626
182773.411807,2646366.126422,0.0117216117216117,0.321245421245421,0,0.0201465201465201,0.0567765567765568,0.59010989010989
183273.411807,2646366.126422,0.0667400073340667,0.12962962962963,0,0.115144847818115,0.321782178217822,0.366703337000367
183773.411807,2646366.126422,0.0322344322344322,0.0423076923076923,0,0.682600732600733,0.16007326007326,0.0827838827838828
184273.411807,2646366.126422,0.0305860805860806,0.0906593406593407,0.00256410256410256,0.587912087912088,0.0906593406593407,0.197619047619048
184773.411807,2646366.126422,0.0412541254125413,0.386688668866887,0,0.028969563623029,0.106160616061606,0.436927026035937
185273.411807,2646366.126422,0.0749084249084249,0.297802197802198,0,0.00402930402930403,0.0230769230769231,0.60018315018315
185773.411807,2646366.126422,0.0461538461538462,0.225641025641026,0,0.0032967032967033,0.0492673992673993,0.675641025641026
186273.411807,2646366.126422,0.034020618556701,0.406185567010309,0,0.00309278350515464,0.00824742268041237,0.548453608247423
179773.411807,2645866.126422,0.00825233816247937,0.061984228864845,0.138822666422153,0.179717586649551,0.0623509994498441,0.548872180451128
180273.411807,2645866.126422,0.0201575957485798,0.298882169690306,0.000366501740883269,0.00623052959501558,0.0104452996151732,0.663917903610042
180773.411807,2645866.126422,0.0227564690768948,0.488530005505597,0.0034868783262984,0.026977427050835,0.0321159845843274,0.426133235456047
181273.411807,2645866.126422,0.00366770584999083,0.588850174216028,0.0183385292499542,0.00641848523748395,0.00330093526499175,0.379424170181551
181773.411807,2645866.126422,0.0203408466190214,0.530877771669415,0,0.0351841671247938,0.0875939160711013,0.326003298515668
182273.411807,2645866.126422,0.0159662323362085,0.305010093595155,0,0.0231235089007157,0.079647641769132,0.576252523398789
182773.411807,2645866.126422,0.00201723821749496,0.340363102879149,0,0.00311754997249221,0.0188886851274528,0.635613423803411
183273.411807,2645866.126422,0.0371999266996518,0.270111783030969,0,0.124977093641195,0.072200842954004,0.49551035367418
183773.411807,2645866.126422,0.022389429253074,0.0244081482840888,0,0.782161864562305,0.16590200036704,0.00513855753349238
184273.411807,2645866.126422,0.0306253438474234,0.134604804694663,0.00403447643498991,0.284613973959288,0.105996699064735,0.4401247019989
184773.411807,2645866.126422,0.0364669232178853,0.264247755176837,0,0.01905809052593,0.203041964449331,0.477185266630016
185273.411807,2645866.126422,0.0495503762158194,0.297485777206827,0,0.00935951550743256,0.0957973940172509,0.54780693705267
185773.411807,2645866.126422,0.0278745644599303,0.277095176966807,0,0.0592334494773519,0.126719237117183,0.509077571978727
186273.411807,2645866.126422,0.0760309278350515,0.12680412371134,0,0.00541237113402062,0.0695876288659794,0.722164948453608
179773.411807,2645366.126422,0.0401761144744084,0.0704457897633462,0.0284351495138507,0.0539350577875619,0.0627407815079802,0.744267106952853
180273.411807,2645366.126422,0.00860805860805861,0.243772893772894,0.0234432234432234,0.0234432234432234,0.0192307692307692,0.681501831501832
180773.411807,2645366.126422,0.127889908256881,0.321651376146789,0,0,0.0456880733944954,0.504770642201835
181273.411807,2645366.126422,0.0132085855806274,0.546505228398459,0,0.000733810310034856,0.0174279948633278,0.422124380847551
181773.411807,2645366.126422,0.052014652014652,0.258058608058608,0,0.0412087912087912,0.238461538461538,0.41025641025641
182273.411807,2645366.126422,0.00954128440366972,0.517247706422018,0,0.00073394495412844,0.0055045871559633,0.46697247706422
182773.411807,2645366.126422,0.0289855072463768,0.0933773619519354,0,0.00293524124013942,0.0405430196294258,0.834158869932123
183273.411807,2645366.126422,0.0481684981684982,0.218315018315018,0.00915750915750916,0.264102564102564,0.142857142857143,0.317399267399267
183773.411807,2645366.126422,0.08,0.0324770642201835,0,0.634311926605505,0.155596330275229,0.0976146788990826
184273.411807,2645366.126422,0.0504494588148963,0.273527793065493,0.00770500825536599,0.0199963309484498,0.0787011557512383,0.569620253164557
184773.411807,2645366.126422,0.0527472527472527,0.338644688644689,0.00567765567765568,0.0335164835164835,0.114468864468864,0.454945054945055
185273.411807,2645366.126422,0.00110091743119266,0.242201834862385,0,0.00532110091743119,0.0115596330275229,0.739816513761468
185773.411807,2645366.126422,0.0207301412584847,0.187488534213906,0,0.00091726288754357,0.0324711062190424,0.758392955421024
186273.411807,2645366.126422,0.00566718186501803,0.0422462648119526,0,0,0.0141679546625451,0.937918598660484
179273.411807,2644866.126422,0.00457875457875458,0.0655677655677656,0.246520146520147,0.27967032967033,0.0747252747252747,0.328937728937729
179773.411807,2644866.126422,0.0564102564102564,0.245604395604396,0.0223443223443223,0.0481684981684982,0.0860805860805861,0.541391941391941
180273.411807,2644866.126422,0.00495049504950495,0.546021268793546,0.0113678034470114,0.0157682434910158,0.00825082508250825,0.413641364136414
180773.411807,2644866.126422,0.0256410256410256,0.533150183150183,0.00567765567765568,0.0393772893772894,0.0225274725274725,0.373626373626374
181273.411807,2644866.126422,0.0406593406593407,0.565934065934066,0,0.0139194139194139,0.132600732600733,0.246886446886447
181773.411807,2644866.126422,0.0335533553355336,0.381921525485882,0.0227356068940227,0.0313531353135314,0.111294462779611,0.419141914191419
182273.411807,2644866.126422,0.00879120879120879,0.41978021978022,0,0,0.0445054945054945,0.526923076923077
182773.411807,2644866.126422,0.0282051282051282,0.225457875457875,0,0.0175824175824176,0.0842490842490843,0.644505494505495
183273.411807,2644866.126422,0.0242024202420242,0.169233590025669,0,0.236890355702237,0.147964796479648,0.421708837550422
183773.411807,2644866.126422,0.0818681318681319,0.108608058608059,0,0.119047619047619,0.21959706959707,0.470879120879121
184273.411807,2644866.126422,0.0593406593406593,0.311172161172161,0.00476190476190476,0.00897435897435897,0.058974358974359,0.556776556776557
184773.411807,2644866.126422,0.0335533553355336,0.536853685368537,0.0108177484415108,0.0157682434910158,0.0242024202420242,0.378804547121379
185273.411807,2644866.126422,0.0412087912087912,0.124358974358974,0,0.0106227106227106,0.0620879120879121,0.761721611721612
185773.411807,2644866.126422,0.0217948717948718,0.195054945054945,0,0.0827838827838828,0.171611721611722,0.528754578754579
186273.411807,2644866.126422,0.0182989690721649,0.131701030927835,0,0.0172680412371134,0.0244845360824742,0.808247422680412
179273.411807,2644366.126422,0.0396403009726555,0.0693705267021472,0.012846393833731,0.219306294732979,0.207744540282621,0.451091943475867
179773.411807,2644366.126422,0.0397946084724005,0.292866312121768,0.0119200440124702,0.0350265908674124,0.0568494406748579,0.563543003851091
180273.411807,2644366.126422,0.009529045262965,0.407366684991754,0.0221733553234378,0.0404984423676012,0.0555250137438153,0.464907458310427
180773.411807,2644366.126422,0.0165167920719398,0.587263718113415,0,0.0144980730409249,0.0233070288126262,0.358414387961094
181273.411807,2644366.126422,0.0333761232349166,0.449293966623877,0,0.0346598202824134,0.0447460113698881,0.437924078488905
181773.411807,2644366.126422,0.011544804837823,0.432105552501374,0,0.032618654938611,0.0868609125893348,0.436870075132857
182273.411807,2644366.126422,0.0264268673151037,0.362268306111213,0,0.0361534226463571,0.127546338777757,0.447605065149569
182773.411807,2644366.126422,0.0337428938199156,0.550706033376123,0,0.0265908674124335,0.0700531817348249,0.318907023656703
183273.411807,2644366.126422,0.0144768187648891,0.31280923584387,0,0.0232728605460876,0.0835623969213854,0.565878687923768
183773.411807,2644366.126422,0.0550559735731327,0.354560469810974,0,0.0317489447605065,0.146265369792623,0.412369242062764
184273.411807,2644366.126422,0.037593984962406,0.316523014854209,0,0.0436456996148909,0.153676875114616,0.448560425453879
184773.411807,2644366.126422,0.0311526479750779,0.1905809052593,0,0.138354407183434,0.147700201575957,0.492211838006231
185273.411807,2644366.126422,0.0803817214167737,0.0803817214167737,0,0.260047715177097,0.268673151036887,0.310515690952468
185773.411807,2644366.126422,0.048413717219879,0.0192554557124519,0,0.54392077755364,0.306803594351733,0.081606455162296
186273.411807,2644366.126422,0.10360824742268,0.0396907216494845,0,0.287371134020619,0.248453608247423,0.320876288659794
178773.411807,2643866.126422,0.0021978021978022,0.0846153846153846,0.0571428571428571,0.169047619047619,0.0527472527472527,0.634249084249084
179273.411807,2643866.126422,0.00935779816513761,0.22348623853211,0.00440366972477064,0.0823853211009174,0.0910091743119266,0.589357798165138
179773.411807,2643866.126422,0.00770500825536599,0.358649789029536,0.0555861309851403,0.154833975417355,0.0665932856356632,0.35663181067694
180273.411807,2643866.126422,0.0021978021978022,0.580952380952381,0.0173992673992674,0.0304029304029304,0.0298534798534799,0.339194139194139
180773.411807,2643866.126422,0.0365137614678899,0.467706422018349,0,0.0122935779816514,0.161100917431193,0.322385321100917
181273.411807,2643866.126422,0.0201797835259585,0.607411484131352,0,0.0066042927903137,0.0537516052100532,0.312052834342323
181773.411807,2643866.126422,0.0276556776556777,0.428021978021978,0.00695970695970696,0.0216117216117216,0.118864468864469,0.396886446886447
182273.411807,2643866.126422,0.0401834862385321,0.406422018348624,0,0.0638532110091743,0.208073394495413,0.281467889908257
182773.411807,2643866.126422,0.00752155567785727,0.602091359383599,0,0.0143093010456797,0.0614566134654192,0.314621170427445
183273.411807,2643866.126422,0.0120879120879121,0.444322344322344,0,0.00787545787545788,0.0655677655677656,0.47014652014652
183773.411807,2643866.126422,0.0185321100917431,0.50605504587156,0,0.0130275229357798,0.0722935779816514,0.390091743119266
184273.411807,2643866.126422,0.00972298660796184,0.36378646119978,0,0.0132085855806274,0.0636580443955238,0.549623922216107
184773.411807,2643866.126422,0.0366300366300366,0.378571428571429,0,0.023992673992674,0.0816849816849817,0.479120879120879
185273.411807,2643866.126422,0.0730275229357798,0.0396330275229358,0,0.220183486238532,0.331376146788991,0.335779816513761
185773.411807,2643866.126422,0.0664098330581545,0.023115024766098,0,0.505228398458998,0.319024032287654,0.0862227114290956
186273.411807,2643866.126422,0.0824317362184441,0.0512622359608449,0,0.166666666666667,0.353168469860896,0.346470891293148
178773.411807,2643366.126422,0.0572057205720572,0.0735240190685735,0.017968463513018,0.158782544921159,0.202053538687202,0.49046571323799
179273.411807,2643366.126422,0.0146520146520147,0.308058608058608,0.0551282051282051,0.0787545787545788,0.119230769230769,0.424175824175824
179773.411807,2643366.126422,0.0472527472527473,0.195054945054945,0.0336996336996337,0.0912087912087912,0.0703296703296703,0.562454212454212
180273.411807,2643366.126422,0.0207187385405207,0.520535386872021,0,0.0628896222955629,0.0524385771910524,0.343417675100843
180773.411807,2643366.126422,0.0153846153846154,0.54047619047619,0,0.0142857142857143,0.106776556776557,0.323076923076923
181273.411807,2643366.126422,0.0117216117216117,0.576556776556777,0,0.00769230769230769,0.0249084249084249,0.379120879120879
181773.411807,2643366.126422,0.0403373670700403,0.326732673267327,0,0.0731573157315732,0.213237990465713,0.346534653465347
182273.411807,2643366.126422,0.0523809523809524,0.114285714285714,0,0.224908424908425,0.385714285714286,0.222710622710623
182773.411807,2643366.126422,0.0353479853479853,0.308241758241758,0,0.0549450549450549,0.214468864468864,0.386996336996337
183273.411807,2643366.126422,0.0245691235790246,0.528969563623029,0,0.015951595159516,0.144664466446645,0.285845251191786
183773.411807,2643366.126422,0.0315018315018315,0.499267399267399,0,0.0315018315018315,0.0968864468864469,0.340842490842491
184273.411807,2643366.126422,0.0371794871794872,0.324358974358974,0.0272893772893773,0.0901098901098901,0.206593406593407,0.314468864468864
184773.411807,2643366.126422,0.0383204987165383,0.344884488448845,0,0.0154015401540154,0.103777044371104,0.497616428309498
185273.411807,2643366.126422,0.133699633699634,0.0604395604395604,0,0.262271062271062,0.218864468864469,0.324725274725275
185773.411807,2643366.126422,0.0855311355311355,0.214102564102564,0,0.165018315018315,0.212637362637363,0.322710622710623
186273.411807,2643366.126422,0.106185567010309,0.298711340206186,0,0.029639175257732,0.0780927835051546,0.487371134020619
178273.411807,2642866.126422,0,0.110764716669723,0.362369337979094,0.226480836236934,0.0651017788373372,0.235283330276912
178773.411807,2642866.126422,0.0219901044529962,0.205057724024189,0.000549752611324904,0.0223566061938794,0.100787978742899,0.649257833974711
179273.411807,2642866.126422,0.011194714626537,0.439530189025509,0.047715177096715,0.0583593319875206,0.0548724536612222,0.388328133602496
179773.411807,2642866.126422,0.0102695763799743,0.39611223179901,0.0548322024573629,0.0570328259673574,0.0581331377223547,0.423620025673941
180273.411807,2642866.126422,0.00934579439252336,0.601795858530328,0.0130108118013561,0.00641378046545721,0.0161260765988638,0.353307678211472
180773.411807,2642866.126422,0,0.683244632042577,0.0117452743622683,0.00697375665259681,0.0132134336575518,0.284822903285006
181273.411807,2642866.126422,0.0388776820099028,0.562442692096094,0,0.015587749862461,0.117183201907207,0.265908674124335
181773.411807,2642866.126422,0.0535092541689573,0.424958768554151,0,0.0159428257284222,0.0828293934396188,0.422759758108851
182273.411807,2642866.126422,0.0603780510185355,0.20334006239677,0,0.144797210497339,0.305744173242797,0.285740502844559
182773.411807,2642866.126422,0.0168714469099578,0.61214010636347,0,0.0154043645699615,0.0594168347698515,0.29616724738676
183273.411807,2642866.126422,0.0152098222466557,0.618471687740517,0,0.01905809052593,0.0243723657687374,0.32288803371816
183773.411807,2642866.126422,0.0295467058175812,0.557166452560103,0,0.0508350155991925,0.0568911726922371,0.305560653330886
184273.411807,2642866.126422,0.00715202640748212,0.213277095176967,0,0.0333761232349166,0.141573445809646,0.604621309370988
184773.411807,2642866.126422,0.0830126443100605,0.288436870075133,0,0.0161260765988638,0.254901960784314,0.357522448231629
