"x","y","forest","agri","water","built","other","grass"
250273.411807,2516366.126422,0.95494667157043,0,0,0,0,0.0450533284295697
250773.411807,2516366.126422,0.889113273361483,0.0154213328437672,0,0.000367174591518267,0.00257022214062787,0.0925279970626033
251273.411807,2516366.126422,0.691189994482251,0.144381092514254,0.000367849917233769,0.0215192201581755,0.0117711973514806,0.130770645576605
251773.411807,2516366.126422,0.894998161088636,0.0722692166237587,0,0,0,0.0327326222876057
252273.411807,2516366.126422,0.968055810537911,0.00514044428125574,0,0,0,0.0268037451808335
252773.411807,2516366.126422,0.975537980503954,0.0130586720617988,0,0,0,0.0114033474342468
253273.411807,2516366.126422,0.882677454946672,0.000919455682236116,0,0,0,0.116403089371092
253773.411807,2516366.126422,0.926748668992106,0.000367174591518267,0,0,0,0.072884156416376
254273.411807,2516366.126422,0.945374287290785,0,0,0,0,0.0546257127092146
254773.411807,2516366.126422,0.794961382861346,0,0,0,0,0.205038617138654
255273.411807,2516366.126422,0.864145401138241,0.000183587295759133,0,0.000183587295759133,0.00348815861942354,0.131999265650817
255773.411807,2516366.126422,0.384587088467905,0.0452455398197535,0,0.00993194776531175,0.0617987860952731,0.498436637851756
256273.411807,2516366.126422,0.102059580728209,0.0549834497977197,0,0.00404560500183891,0.0266642147848474,0.812247149687385
256773.411807,2516366.126422,0.0692124105011933,0.0956489810905085,0,0.203965485588397,0.0431430145033964,0.588030108316504
257273.411807,2516366.126422,0.0237263196615781,0.244068420084605,0,0.432591502666912,0.0388081662681626,0.260805591318742
257773.411807,2516366.126422,0.137182787789629,0.147296800294226,0.00165502022802501,0.00331004045605002,0.0457888929753586,0.664766458256712
258273.411807,2516366.126422,0.235909675050487,0.00532403157701487,0,0.0049568569854966,0.00917936478795667,0.744630071599045
258773.411807,2516366.126422,0.157439764576053,0.0115872723928637,0,0.00110354975170131,0.0093801728894611,0.820489240389921
259273.411807,2516366.126422,0.0437660904744391,0.0965428466347922,0,0.0102979036410445,0.0726369988966532,0.776756160353071
259773.411807,2516366.126422,0.0433266017991555,0.0396548558839728,0,0.135854598861759,0.108500091793648,0.672663851661465
260273.411807,2516366.126422,0.149530991355527,0.0266691189994482,0.0156336214824352,0.0229906198271105,0.0568328122126173,0.728342836122862
260773.411807,2516366.126422,0.0899227657226922,0.104082383229128,0.0198602427363001,0.0399043766090474,0.0847738139021699,0.661456417800662
261273.411807,2516366.126422,0.120066091426473,0.142647328804847,0.002753809436387,0.168900312098403,0.142096566917569,0.423535891316321
261773.411807,2516366.126422,0.128379621114585,0.354423395254736,0.0023910244620195,0.0406474158543314,0.102078352032371,0.372080191281957
262273.411807,2516366.126422,0.0610518573004781,0.493563810224347,0.00606840750275837,0.0402721588819419,0.0875321809488783,0.311511585141596
262773.411807,2516366.126422,0.0581545619023003,0.686223830447144,0.000258464719565779,0.00491082967174981,0.0310157663478935,0.219436546911347
250273.411807,2515866.126422,0.781318681318681,0.0463369963369963,0,0.030952380952381,0.0217948717948718,0.11959706959707
250773.411807,2515866.126422,0.884855152181885,0.0386872020535387,0,0.00183351668500183,0.00238357169050238,0.0722405573890722
251273.411807,2515866.126422,0.95952380952381,0.0113553113553114,0,0,0,0.0291208791208791
251773.411807,2515866.126422,0.898168498168498,0.0578754578754579,0,0,0,0.043956043956044
252273.411807,2515866.126422,0.984598459845985,0.00146681334800147,0,0,0,0.0139347268060139
252773.411807,2515866.126422,0.988827838827839,0,0,0,0,0.0111721611721612
253273.411807,2515866.126422,0.945970695970696,0,0,0,0,0.054029304029304
253773.411807,2515866.126422,0.698936560322699,0.0306197286395306,0,0,0,0.27044371103777
254273.411807,2515866.126422,0.695604395604396,0.00293040293040293,0,0,0.000183150183150183,0.301282051282051
254773.411807,2515866.126422,0.58040293040293,0.0194139194139194,0,0,0.000549450549450549,0.3996336996337
255273.411807,2515866.126422,0.627979464613128,0.0055005500550055,0,0,0.0088008800880088,0.357719105243858
255773.411807,2515866.126422,0.595054945054945,0.0214285714285714,0,0.0102564102564103,0.0521978021978022,0.321062271062271
256273.411807,2515866.126422,0.167399267399267,0.0659340659340659,0,0,0.00311355311355311,0.763553113553114
256773.411807,2515866.126422,0.366153281994866,0.0733406674000733,0,0.00201686835350202,0.0352035203520352,0.523285661899523
257273.411807,2515866.126422,0.128571428571429,0.386080586080586,0,0.253296703296703,0.00238095238095238,0.22967032967033
257773.411807,2515866.126422,0.052014652014652,0.101465201465201,0.000732600732600733,0.548717948717949,0.0245421245421245,0.272527472527473
258273.411807,2515866.126422,0.0896589658965897,0.0982764943160983,0,0.0364869820315365,0.0176017601760176,0.757975797579758
258773.411807,2515866.126422,0.154212454212454,0.0197802197802198,0,0.0010989010989011,0.0282051282051282,0.796703296703297
259273.411807,2515866.126422,0.0879120879120879,0.00860805860805861,0.000915750915750916,0.00714285714285714,0.0254578754578755,0.86996336996337
259773.411807,2515866.126422,0.194169416941694,0.094976164283095,0.0088008800880088,0.0192519251925193,0.0720572057205721,0.610744407774111
260273.411807,2515866.126422,0.0943223443223443,0.11043956043956,0.00164835164835165,0.01996336996337,0.0705128205128205,0.703113553113553
260773.411807,2515866.126422,0.0796703296703297,0.170695970695971,0.0307692307692308,0.0179487179487179,0.0998168498168498,0.601098901098901
261273.411807,2515866.126422,0.0669233590025669,0.409240924092409,0.0033003300330033,0.0216354968830216,0.0573890722405574,0.441510817748442
261773.411807,2515866.126422,0.107142857142857,0.282600732600733,0.00714285714285714,0.0194139194139194,0.0813186813186813,0.502380952380952
262273.411807,2515866.126422,0.0811355311355311,0.534249084249084,0.00164835164835165,0.023992673992674,0.0716117216117216,0.287362637362637
262773.411807,2515866.126422,0.0585051546391753,0.526288659793814,0,0.0353092783505155,0.0440721649484536,0.335824742268041
250273.411807,2515366.126422,0.952503209242619,0.00696864111498258,0,0,0,0.0405281496423987
250773.411807,2515366.126422,0.950522264980759,0.000549752611324904,0,0,0,0.0489279824079164
251273.411807,2515366.126422,0.956872820701046,0.00238575885483575,0,0,0,0.0407414204441182
251773.411807,2515366.126422,0.979094076655052,0.00513478818998716,0,0,0,0.0157711351549606
252273.411807,2515366.126422,0.988638446032619,0,0,0,0,0.0113615539673813
252773.411807,2515366.126422,0.878693338227198,0,0,0,0,0.121306661772802
253273.411807,2515366.126422,0.867779204107831,0,0,0,0,0.132220795892169
253773.411807,2515366.126422,0.954187282389591,0,0,0,0,0.0458127176104087
254273.411807,2515366.126422,0.854285189943109,0,0,0.000183519911910442,0.00165167920719398,0.143879610937787
254773.411807,2515366.126422,0.763432972675591,0.0322758114799193,0,0,0,0.204291215844489
255273.411807,2515366.126422,0.739600513102437,0.00879604178119846,0,0.000916254352208173,0.00513102437236577,0.24555616639179
255773.411807,2515366.126422,0.499908240044045,0.0508350155991925,0,0.00403743806202973,0.052303174894476,0.392916131400257
256273.411807,2515366.126422,0.357051164496607,0.00898587933247754,0.000183385292499542,0.0100861910874748,0.0379607555474051,0.585732624243536
256773.411807,2515366.126422,0.460875939160711,0.0254718709913872,0,0.0186915887850467,0.10646875572659,0.388491845336265
257273.411807,2515366.126422,0.115434024591668,0.372178381354377,0,0.00935951550743256,0.0501009359515507,0.452927142594972
257773.411807,2515366.126422,0.117549972492206,0.450027507793875,0,0.026407482119934,0.0392444525949019,0.366770584999083
258273.411807,2515366.126422,0.0665200659703134,0.163276525563496,0,0.580905259299982,0.0430639545537841,0.146234194612424
258773.411807,2515366.126422,0.0789135621214902,0.133418975958892,0.00293631859056708,0.166636080014682,0.0495503762158194,0.56854468709855
259273.411807,2515366.126422,0.0931597285897671,0.0555657436273611,0,0.0462130937098845,0.0214560792224464,0.783605354850541
259773.411807,2515366.126422,0.0650540590067803,0.0870441634597764,0.000366501740883269,0.00256551218618288,0.0258383727322705,0.819131390874107
260273.411807,2515366.126422,0.0800146815929528,0.0981831528720866,0.0427601394751331,0.0691870067902367,0.114699944944026,0.595155074325564
260773.411807,2515366.126422,0.0792224463598019,0.453695213643866,0.0053181734824867,0.00770218228498074,0.0434623143223913,0.410599669906474
261273.411807,2515366.126422,0.0969397104636247,0.459776433938061,0.0236393622869709,0.0219901044529962,0.0573575224482316,0.340296866410115
261773.411807,2515366.126422,0.0541383740135805,0.412552761974674,0.000734079647641769,0.0407414204441182,0.0893741971003854,0.4024591668196
262273.411807,2515366.126422,0.0920594168347699,0.419035393361452,0.004401247019989,0.066385475884834,0.0713368787823217,0.346781588116633
262773.411807,2515366.126422,0.0835051546391753,0.326030927835052,0.0139175257731959,0.124226804123711,0.144072164948454,0.308247422680412
250273.411807,2514866.126422,0.9600073381031,0.000183452577508714,0,0,0,0.0398092093193909
250773.411807,2514866.126422,0.970879120879121,0.000366300366300366,0,0,0,0.0287545787545788
251273.411807,2514866.126422,0.974678899082569,0.00128440366972477,0,0,0,0.0240366972477064
251773.411807,2514866.126422,1,0,0,0,0,0
252273.411807,2514866.126422,0.974175824175824,0,0,0,0,0.0258241758241758
252773.411807,2514866.126422,0.911192660550459,0,0,0,0,0.0888073394495413
253273.411807,2514866.126422,0.902770133920382,0,0,0,0,0.0972298660796184
253773.411807,2514866.126422,0.975641025641026,0,0,0,0,0.0243589743589744
254273.411807,2514866.126422,0.737614678899083,0.00807339449541284,0,0,0.00036697247706422,0.25394495412844
254773.411807,2514866.126422,0.509998165474225,0.0405430196294258,0,0,0.000366905155017428,0.449091909741332
255273.411807,2514866.126422,0.56025641025641,0.0362637362637363,0,0,0.000732600732600733,0.402747252747253
255773.411807,2514866.126422,0.271009174311927,0.134128440366972,0,0.0269724770642202,0.0603669724770642,0.507522935779817
256273.411807,2514866.126422,0.261970280682444,0.0867730691616217,0,0.00183452577508714,0.0212804989910108,0.628141625389837
256773.411807,2514866.126422,0.263369963369963,0.0631868131868132,0.019047619047619,0.0505494505494506,0.108058608058608,0.495787545787546
257273.411807,2514866.126422,0.211192660550459,0.301284403669725,0.00825688073394495,0.00293577981651376,0.0526605504587156,0.423669724770642
257773.411807,2514866.126422,0.0249495505411851,0.759126765731059,0,0.000733810310034856,0.00385250412768299,0.211337369290039
258273.411807,2514866.126422,0.0232600732600733,0.742490842490843,0,0.000549450549450549,0.00604395604395604,0.227655677655678
258773.411807,2514866.126422,0.17045871559633,0.0900917431192661,0,0.522201834862385,0.0299082568807339,0.187339449541284
259273.411807,2514866.126422,0.0706292423408549,0.130067877453678,0.00862227114290956,0.598238855255916,0.0752155567785727,0.117226197028068
259773.411807,2514866.126422,0.0996336996336996,0.194688644688645,0,0.00604395604395604,0.0335164835164835,0.666117216117216
260273.411807,2514866.126422,0.0515596330275229,0.451192660550459,0.00513761467889908,0.0258715596330275,0.0495412844036697,0.416697247706422
260773.411807,2514866.126422,0.146028251696936,0.465602641717116,0.00880572372041827,0.0225646670335718,0.0627407815079802,0.294257934323977
261273.411807,2514866.126422,0.0611721611721612,0.432234432234432,0.000549450549450549,0.0217948717948718,0.0401098901098901,0.444139194139194
261773.411807,2514866.126422,0.108440366972477,0.381100917431193,0.0203669724770642,0.11394495412844,0.0948623853211009,0.281284403669725
262273.411807,2514866.126422,0.0952118877270226,0.199963309484498,0.0267840763162722,0.256283250779673,0.0996147495872317,0.322142726105302
262773.411807,2514866.126422,0.0855229263266358,0.506955177743431,0.00540958268933539,0.06543019062339,0.0613086038124678,0.27537351880474
250273.411807,2514366.126422,0.978205128205128,0.0104395604395604,0,0,0,0.0113553113553114
250773.411807,2514366.126422,0.924275760909424,0,0,0,0,0.0757242390905757
251273.411807,2514366.126422,0.983150183150183,0,0,0,0,0.0168498168498168
251773.411807,2514366.126422,0.939194139194139,0,0,0,0,0.0608058608058608
252273.411807,2514366.126422,0.94004400440044,0,0,0,0,0.05995599559956
252773.411807,2514366.126422,0.889377289377289,0,0,0,0,0.110622710622711
253273.411807,2514366.126422,0.942857142857143,0,0,0,0,0.0571428571428571
253773.411807,2514366.126422,0.984598459845985,0,0,0,0,0.0154015401540154
254273.411807,2514366.126422,0.657692307692308,0.0137362637362637,0,0.00128205128205128,0.0104395604395604,0.316849816849817
254773.411807,2514366.126422,0.726739926739927,0.00860805860805861,0,0,0.000366300366300366,0.264285714285714
255273.411807,2514366.126422,0.494132746607994,0.0157682434910158,0,0.00421708837550422,0.0205353868720205,0.465346534653465
255773.411807,2514366.126422,0.223076923076923,0.0380952380952381,0,0.0445054945054945,0.0714285714285714,0.622893772893773
256273.411807,2514366.126422,0.101465201465201,0.0663003663003663,0.000183150183150183,0.032051282051282,0.093956043956044,0.706043956043956
256773.411807,2514366.126422,0.147781444811148,0.324899156582325,0,0.000183351668500183,0.0144847818115145,0.512651265126513
257273.411807,2514366.126422,0.073992673992674,0.534249084249084,0,0.00274725274725275,0.0104395604395604,0.378571428571429
257773.411807,2514366.126422,0.0633699633699634,0.2,0,0.00494505494505494,0.0287545787545788,0.702930402930403
258273.411807,2514366.126422,0.13953061972864,0.60964429776311,0.000366703337000367,0.000183351668500183,0.00146681334800147,0.248808214154749
258773.411807,2514366.126422,0.174542124542125,0.0668498168498168,0,0.0840659340659341,0.0553113553113553,0.619230769230769
259273.411807,2514366.126422,0.266666666666667,0.0450549450549451,0,0.254029304029304,0.0527472527472527,0.381501831501831
259773.411807,2514366.126422,0.0861752841950862,0.200770077007701,0.000183351668500183,0.337550421708838,0.0722405573890722,0.303080308030803
260273.411807,2514366.126422,0.0695970695970696,0.634615384615385,0.000183150183150183,0.00494505494505494,0.0181318681318681,0.272527472527473
260773.411807,2514366.126422,0.111538461538462,0.345970695970696,0.00750915750915751,0.0657509157509158,0.0655677655677656,0.403663003663004
261273.411807,2514366.126422,0.0823248991565823,0.51998533186652,0.000916758342500917,0.0430876420975431,0.0595892922625596,0.294096076274294
261773.411807,2514366.126422,0.0663003663003663,0.47014652014652,0.0186813186813187,0.0554945054945055,0.0798534798534798,0.30952380952381
262273.411807,2514366.126422,0.0833333333333333,0.215018315018315,0.0188644688644689,0.191208791208791,0.155860805860806,0.335714285714286
262773.411807,2514366.126422,0.0471649484536082,0.345103092783505,0.0126288659793814,0.0368556701030928,0.119072164948454,0.439175257731959
250273.411807,2513866.126422,0.993764900055016,0,0,0,0,0.00623509994498441
250773.411807,2513866.126422,0.927432655305113,0,0,0,0,0.0725673446948873
251273.411807,2513866.126422,0.761607634428335,0.000550559735731327,0,0,0.00110111947146265,0.236740686364471
251773.411807,2513866.126422,0.800293416467999,0.0122868145974693,0,0,0.000550155877498625,0.186869613057033
252273.411807,2513866.126422,0.939893714495144,0,0,0,0,0.0601062855048561
252773.411807,2513866.126422,0.975591851715911,0,0,0,0,0.0244081482840888
253273.411807,2513866.126422,0.956537685677609,0,0,0,0,0.0434623143223913
253773.411807,2513866.126422,0.7645226314825,0.000733003481766538,0,0,0.00403151914971596,0.230712845886018
254273.411807,2513866.126422,0.355478069370527,0.0034868783262984,0,0.000367039823820885,0.00550559735731327,0.635162415122041
254773.411807,2513866.126422,0.79185769301302,0.00183385292499542,0,0.000183385292499542,0.000550155877498625,0.205574912891986
255273.411807,2513866.126422,0.46527396005131,0.0379329301814184,0,0.000549752611324904,0.0053142752428074,0.490929081913139
255773.411807,2513866.126422,0.171407597724353,0.102404110846027,0.000550559735731327,0.0212883097816113,0.0530372545421178,0.65131216737016
256273.411807,2513866.126422,0.0966440491472584,0.174399413167064,0.00110031175499725,0.0355767467449111,0.0885750962772786,0.603704382908491
256773.411807,2513866.126422,0.10646875572659,0.120762323621037,0,0.00128275609309144,0.00458127176104087,0.766904892798241
257273.411807,2513866.126422,0.0304643053771334,0.500091759955955,0,0,0,0.469443934666911
257773.411807,2513866.126422,0.114065651934715,0.365486887951586,0,0.00183385292499542,0.0144874381074638,0.50412616908124
258273.411807,2513866.126422,0.0940076965365585,0.469122228330585,0.00806303829943192,0.0194245922668133,0.0723840938244457,0.336998350742166
258773.411807,2513866.126422,0.132501376399339,0.05395485410167,0,0.0849697192145348,0.0623967700495504,0.666177280234906
259273.411807,2513866.126422,0.131670640014671,0.171098477902072,0,0.000550155877498625,0.0212726939299468,0.675408032275811
259773.411807,2513866.126422,0.15924500641378,0.158328752061572,0,0.496243357155946,0.0635880520432472,0.122594832325454
260273.411807,2513866.126422,0.140025692787667,0.378968618095063,0.0163332721600294,0.112314186089191,0.0785465222976693,0.27381170857038
260773.411807,2513866.126422,0.0889418668622776,0.49605721621126,0.00238400880249404,0.028791490922428,0.0465798642948836,0.337245552906657
261273.411807,2513866.126422,0.0692688290269379,0.63111599780099,0.00238226131574125,0.0370166758292102,0.0414146967198094,0.218801539307312
261773.411807,2513866.126422,0.0956138741053404,0.426133235456047,0.00422095797394017,0.0328500642319692,0.0579922921636998,0.383189576069004
262273.411807,2513866.126422,0.16412983678709,0.305153126719237,0.0942600403447643,0.0537318907023657,0.0770218228498075,0.305703282596736
262773.411807,2513866.126422,0.130154639175258,0.28840206185567,0.0680412371134021,0.100773195876289,0.0938144329896907,0.318814432989691
250273.411807,2513366.126422,0.829756008071913,0,0,0,0,0.170243991928087
250773.411807,2513366.126422,0.861355311355311,0,0,0,0,0.138644688644689
251273.411807,2513366.126422,0.693211009174312,0,0,0,0,0.306788990825688
251773.411807,2513366.126422,0.666850119244175,0.0126582278481013,0,0,0.000733810310034856,0.319757842597689
252273.411807,2513366.126422,0.617216117216117,0.0148351648351648,0,0.000366300366300366,0.0144688644688645,0.353113553113553
252773.411807,2513366.126422,0.821284403669725,0,0,0,0,0.178715596330275
253273.411807,2513366.126422,0.845166024582645,0,0,0,0,0.154833975417355
253773.411807,2513366.126422,0.765201465201465,0,0,0.000183150183150183,0.000366300366300366,0.234249084249084
254273.411807,2513366.126422,0.280733944954128,0.0130275229357798,0,0.00587155963302752,0.0299082568807339,0.67045871559633
254773.411807,2513366.126422,0.190240322876536,0.0777838928636947,0,0.00183452577508714,0.0165107319757843,0.713630526508897
255273.411807,2513366.126422,0.0875457875457875,0.0562271062271062,0,0.170695970695971,0.177655677655678,0.507875457875458
255773.411807,2513366.126422,0.23394495412844,0.0519266055045872,0.00036697247706422,0.0355963302752294,0.0732110091743119,0.604954128440367
256273.411807,2513366.126422,0.141808842414236,0.0739313887360117,0,0.0302696752889378,0.0935608145294441,0.66042927903137
256773.411807,2513366.126422,0.302747252747253,0.00934065934065934,0,0,0.000366300366300366,0.687545787545788
257273.411807,2513366.126422,0.0895412844036697,0.42954128440367,0,0.00532110091743119,0.0403669724770642,0.435229357798165
257773.411807,2513366.126422,0.247477527059255,0.0223812144560631,0,0.0143093010456797,0.0570537516052101,0.658778205833792
258273.411807,2513366.126422,0.05,0.233699633699634,0,0.0172161172161172,0.0360805860805861,0.663003663003663
258773.411807,2513366.126422,0.101467889908257,0.162752293577982,0,0.190275229357798,0.12605504587156,0.419449541284404
259273.411807,2513366.126422,0.0410933773619519,0.450192625206384,0.000183452577508714,0.0168776371308017,0.0267840763162722,0.464868831407081
259773.411807,2513366.126422,0.0291208791208791,0.313553113553114,0.000732600732600733,0.354578754578755,0.0197802197802198,0.282234432234432
260273.411807,2513366.126422,0.0462385321100917,0.20256880733945,0.00055045871559633,0.556330275229358,0.0829357798165138,0.111376146788991
260773.411807,2513366.126422,0.0394423041643735,0.702256466703357,0,0.000550357732526142,0.00403595670519171,0.253714914694551
261273.411807,2513366.126422,0.0501831501831502,0.466666666666667,0.0346153846153846,0.0408424908424908,0.0893772893772894,0.318315018315018
261773.411807,2513366.126422,0.0704587155963303,0.538715596330275,0.0130275229357798,0.0207339449541284,0.0387155963302752,0.318348623853211
262273.411807,2513366.126422,0.0521005320124748,0.207117960007338,0.0836543753439736,0.0889745000917263,0.0664098330581545,0.501742799486333
262773.411807,2513366.126422,0.0401854714064915,0.27640391550747,0.0700669757856775,0.0947964966512107,0.0656877897990726,0.452859350850077
250273.411807,2512866.126422,0.595604395604396,0.000732600732600733,0,0,0.000549450549450549,0.403113553113553
250773.411807,2512866.126422,0.758525852585259,0,0,0,0,0.241474147414741
251273.411807,2512866.126422,0.779304029304029,0,0,0,0,0.220695970695971
251773.411807,2512866.126422,0.758791208791209,0.00238095238095238,0,0,0.00934065934065934,0.229487179487179
252273.411807,2512866.126422,0.391272460579391,0.0832416574990832,0,0.000183351668500183,0.0119178584525119,0.513384671800513
252773.411807,2512866.126422,0.714835164835165,0.0358974358974359,0,0,0.00714285714285714,0.242124542124542
253273.411807,2512866.126422,0.748351648351648,0.00421245421245421,0,0,0,0.247435897435897
253773.411807,2512866.126422,0.275027502750275,0.0883755042170884,0,0.000916758342500917,0.0141180784745141,0.621562156215622
254273.411807,2512866.126422,0.141575091575092,0.0945054945054945,0,0.000915750915750916,0.00842490842490842,0.754578754578755
254773.411807,2512866.126422,0.172710622710623,0.0624542124542125,0,0.00970695970695971,0.0525641025641026,0.702564102564103
255273.411807,2512866.126422,0.0465713237990466,0.0843417675100843,0,0.0617895122845618,0.103410341034103,0.703887055372204
255773.411807,2512866.126422,0.0600732600732601,0.18003663003663,0.00457875457875458,0.0010989010989011,0.0714285714285714,0.682783882783883
256273.411807,2512866.126422,0.116300366300366,0.0796703296703297,0,0.0181318681318681,0.0807692307692308,0.705128205128205
256773.411807,2512866.126422,0.145947928126146,0.114228089475614,0.00715071507150715,0.011001100110011,0.103960396039604,0.617711771177118
257273.411807,2512866.126422,0.0435897435897436,0.397069597069597,0.000549450549450549,0.00934065934065934,0.0236263736263736,0.525824175824176
257773.411807,2512866.126422,0.0877289377289377,0.241208791208791,0,0.0441391941391941,0.0675824175824176,0.559340659340659
258273.411807,2512866.126422,0.0473047304730473,0.30986431976531,0,0.0436376971030436,0.0430876420975431,0.556105610561056
258773.411807,2512866.126422,0.0807692307692308,0.186630036630037,0.0043956043956044,0.0232600732600733,0.0617216117216117,0.643223443223443
259273.411807,2512866.126422,0.0525641025641026,0.496703296703297,0,0.0148351648351648,0.032051282051282,0.403846153846154
259773.411807,2512866.126422,0.0427209387605427,0.345801246791346,0.00055005500550055,0.0592225889255592,0.00715071507150715,0.544554455445545
260273.411807,2512866.126422,0.0032967032967033,0.0604395604395604,0,0.894871794871795,0.0104395604395604,0.030952380952381
260773.411807,2512866.126422,0.0201465201465201,0.599267399267399,0.000915750915750916,0.127655677655678,0.0232600732600733,0.228754578754579
261273.411807,2512866.126422,0.030986431976531,0.514118078474514,0.0408874220755409,0.0731573157315732,0.033003300330033,0.307847451411808
261773.411807,2512866.126422,0.118131868131868,0.544505494505494,0,0.0183150183150183,0.00860805860805861,0.31043956043956
262273.411807,2512866.126422,0.102564102564103,0.228388278388278,0.256227106227106,0.144505494505494,0.0236263736263736,0.244688644688645
250273.411807,2512366.126422,0.725655602420686,0,0,0,0,0.274344397579314
250773.411807,2512366.126422,0.665383910573575,0,0,0,0,0.334616089426425
251273.411807,2512366.126422,0.780693705267021,0,0,0,0,0.219306294732979
251773.411807,2512366.126422,0.796258940033009,0,0,0,0,0.203741059966991
252273.411807,2512366.126422,0.340296866410115,0.00678028220634048,0,0.00128275609309144,0.0163093274693055,0.635330767821147
252773.411807,2512366.126422,0.215268856670949,0.161130482657368,0,0.00422095797394017,0.0359699027344467,0.583409799963296
253273.411807,2512366.126422,0.356684393911608,0.070419952319824,0,0.000366770584999083,0.015587749862461,0.556941133321108
253773.411807,2512366.126422,0.16254352208173,0.0624885468205974,0,0.0384826827927433,0.0243723657687374,0.712112882536192
254273.411807,2512366.126422,0.156542484859607,0.0774454028262066,0.00110111947146265,0.0374380620297302,0.0939621948981464,0.633510735914847
254773.411807,2512366.126422,0.0977443609022556,0.275444709334311,0,0.00495140289748762,0.0586832935998533,0.563176233266092
255273.411807,2512366.126422,0.0370166758292102,0.191313908741067,0,0.000549752611324904,0.0351841671247938,0.735935495693605
255773.411807,2512366.126422,0.102587630757937,0.110478986970086,0,0.0636814094329235,0.0846026793907139,0.638649293448339
256273.411807,2512366.126422,0.159178433889602,0.0715202640748212,0,0.0482303319273794,0.139189437007152,0.581881533101045
256773.411807,2512366.126422,0.222649807586586,0.100421477002016,0,0.0557082646142569,0.0392156862745098,0.582004764522632
257273.411807,2512366.126422,0.147366489264085,0.195999265920352,0.00660671682877592,0.0482657368324463,0.0772618829142962,0.524499908240044
257773.411807,2512366.126422,0.0854575463047864,0.322024573629195,0,0.0957271226847607,0.0540986612873648,0.442692096093893
258273.411807,2512366.126422,0.0701850833791461,0.331317573758475,0,0.017042330951072,0.0274876305662452,0.553967381345061
258773.411807,2512366.126422,0.0847861993026243,0.32776656267205,0.0122958340979996,0.0297302257294917,0.0478986970086254,0.497522481189209
259273.411807,2512366.126422,0.0458463231248854,0.35613423803411,0.00953603520997616,0.0339262791124152,0.050797726022373,0.503759398496241
259773.411807,2512366.126422,0.0241891148982958,0.207256734469489,0.0507604911123328,0.00696353307678211,0.0146600696353308,0.69617005680777
260273.411807,2512366.126422,0.15360616626904,0.0596439713708937,0,0.474949532024225,0.0104606349788952,0.301339695356946
260773.411807,2512366.126422,0.0542820465798643,0.150742710434623,0.000366770584999083,0.243352283146892,0.00550155877498625,0.545754630478636
261273.411807,2512366.126422,0.0639545537841305,0.192963166575041,0.0809968847352025,0.327469305479201,0.0404984423676012,0.294117647058824
250273.411807,2511866.126422,0.654008438818565,0,0,0,0,0.345991561181435
250773.411807,2511866.126422,0.616300366300366,0,0,0,0,0.383699633699634
251273.411807,2511866.126422,0.684770642201835,0,0,0,0,0.315229357798165
251773.411807,2511866.126422,0.849568886442855,0.00293524124013942,0,0,0,0.147495872317006
252273.411807,2511866.126422,0.212637362637363,0.00970695970695971,0,0.000549450549450549,0.0117216117216117,0.765384615384615
252773.411807,2511866.126422,0.303669724770642,0.0577981651376147,0,0.0073394495412844,0.0555963302752294,0.575596330275229
253273.411807,2511866.126422,0.177031737295909,0.117409649605577,0,0.00953953403045313,0.0368739680792515,0.659145110988809
253773.411807,2511866.126422,0.265384615384615,0.122161172161172,0,0.015018315018315,0.114835164835165,0.482600732600733
254273.411807,2511866.126422,0.135963302752294,0.0297247706422018,0.00201834862385321,0.277614678899083,0.180733944954128,0.37394495412844
254773.411807,2511866.126422,0.150798018712163,0.0731975784259769,0,0.0741148413135205,0.113190240322877,0.588699321225463
255273.411807,2511866.126422,0.106410256410256,0.0556776556776557,0,0.358058608058608,0.170512820512821,0.309340659340659
255773.411807,2511866.126422,0.131009174311927,0.0412844036697248,0,0.278899082568807,0.154311926605505,0.394495412844037
256273.411807,2511866.126422,0.112823335167859,0.16125481563016,0.001284168042561,0.0550357732526142,0.071179600073381,0.598422307833425
256773.411807,2511866.126422,0.0952380952380952,0.0794871794871795,0.000183150183150183,0.0201465201465201,0.0406593406593407,0.764285714285714
257273.411807,2511866.126422,0.0577981651376147,0.254678899082569,0.00788990825688073,0.0269724770642202,0.0528440366972477,0.599816513761468
257773.411807,2511866.126422,0.0286186020913594,0.348559897266557,0.0113740598055403,0.0493487433498441,0.0667767382131719,0.495321959273528
258273.411807,2511866.126422,0.0778388278388278,0.377106227106227,0.00732600732600733,0.00970695970695971,0.0456043956043956,0.482417582417582
258773.411807,2511866.126422,0.0532110091743119,0.303853211009174,0.0359633027522936,0.0370642201834862,0.0631192660550459,0.506788990825688
259273.411807,2511866.126422,0.0570537516052101,0.424325811777655,0.108053568152633,0.0122913226930838,0.0220143093010457,0.376261236470372
259773.411807,2511866.126422,0.172161172161172,0.0673992673992674,0.00860805860805861,0.121062271062271,0.0157509157509158,0.615018315018315
260273.411807,2511866.126422,0.105871559633028,0.0488073394495413,0.135412844036697,0.308440366972477,0.0146788990825688,0.386788990825688
260773.411807,2511866.126422,0,0.0190790680609063,0.64336818932306,0.33094844982572,0.00201797835259585,0.00458631443771785
250273.411807,2511366.126422,0.815018315018315,0,0,0,0,0.184981684981685
250773.411807,2511366.126422,0.743857719105244,0,0,0,0,0.256142280894756
251273.411807,2511366.126422,0.696703296703297,0,0,0,0,0.303296703296703
251773.411807,2511366.126422,0.903663003663004,0,0,0,0,0.0963369963369963
252273.411807,2511366.126422,0.687018701870187,0.00256692335900257,0,0,0,0.31041437477081
252773.411807,2511366.126422,0.175274725274725,0.03003663003663,0,0.00695970695970696,0.0481684981684982,0.73956043956044
253273.411807,2511366.126422,0.276373626373626,0.0571428571428571,0,0.0353479853479853,0.0853479853479854,0.545787545787546
253773.411807,2511366.126422,0.186285295196186,0.114594792812615,0,0.144481114778144,0.0801246791345801,0.474514118078474
254273.411807,2511366.126422,0.0613553113553114,0.122161172161172,0,0.254945054945055,0.0692307692307692,0.492307692307692
254773.411807,2511366.126422,0.0820512820512821,0.155494505494505,0,0.157142857142857,0.00494505494505494,0.6003663003663
255273.411807,2511366.126422,0.115878254492116,0.0768243491015768,0.00623395672900623,0.0232856618995233,0.0161349468280161,0.761642830949762
255773.411807,2511366.126422,0.204212454212454,0.0358974358974359,0.00311355311355311,0.0424908424908425,0.0749084249084249,0.639377289377289
256273.411807,2511366.126422,0.0391941391941392,0.0970695970695971,0,0.000366300366300366,0.0172161172161172,0.846153846153846
256773.411807,2511366.126422,0.120828749541621,0.0971763843050972,0.000366703337000367,0.0361202786945361,0.0973597359735974,0.648148148148148
257273.411807,2511366.126422,0.0542124542124542,0.113003663003663,0.00586080586080586,0.017032967032967,0.071978021978022,0.737912087912088
257773.411807,2511366.126422,0.0252747252747253,0.252014652014652,0.0021978021978022,0.0261904761904762,0.0234432234432234,0.670879120879121
258273.411807,2511366.126422,0.15034836817015,0.138247158049138,0.00403373670700403,0.0451045104510451,0.0907590759075908,0.571507150715072
258773.411807,2511366.126422,0.135347985347985,0.167582417582418,0.0542124542124542,0.180769230769231,0.0102564102564103,0.451831501831502
259273.411807,2511366.126422,0.0514652014652015,0.00622710622710623,0.563919413919414,0.202380952380952,0.0119047619047619,0.164102564102564
250273.411807,2510866.126422,0.816614707500459,0,0,0,0,0.183385292499542
250773.411807,2510866.126422,0.858896829759941,0.00183250870441635,0,0,0,0.139270661535642
251273.411807,2510866.126422,0.721416773719949,0.00293631859056708,0,0,0,0.275646907689484
251773.411807,2510866.126422,0.421786172748946,0.0117366587199707,0,0.000366770584999083,0.00366770584999083,0.562442692096094
252273.411807,2510866.126422,0.311526479750779,0.0219901044529962,0.000366501740883269,0.0128275609309144,0.0749496060106286,0.578339747113799
252773.411807,2510866.126422,0.144430170673518,0.182785832262801,0,0.236190126628739,0.0528537346302074,0.383740135804735
253273.411807,2510866.126422,0.0750045846323125,0.0788556757748029,0,0.592334494773519,0.0399779937649001,0.213827251054465
253773.411807,2510866.126422,0.338464357705699,0.0494777350192413,0,0.13450613890416,0.0157595748579806,0.461792193512919
254273.411807,2510866.126422,0.247935400991008,0.107359148467609,0,0.055606533308864,0.123141860891907,0.465957056340613
254773.411807,2510866.126422,0.0451127819548872,0.0790390610673024,0.000183385292499542,0.190170548322025,0.0612506876948469,0.624243535668439
255273.411807,2510866.126422,0.0595565328935312,0.174638079530878,0,0.44731537474803,0.0273043796958036,0.291185633131757
255773.411807,2510866.126422,0.105340429436594,0.0752431638832813,0,0.207010460634979,0.00917599559552211,0.603229950449624
256273.411807,2510866.126422,0.101962222629745,0.10819732257473,0,0.00165046763249587,0.0075187969924812,0.780671190170548
256773.411807,2510866.126422,0.0282206340480117,0.0315191497159611,0,0,0,0.940260216236027
257273.411807,2510866.126422,0.0113782345384474,0.0930445953385942,0.00275279867865663,0.00183519911910442,0.0012846393833731,0.889704532941824
257773.411807,2510866.126422,0.13203741059967,0.0806895286997983,0.004401247019989,0.0537318907023657,0.0203557674674491,0.708784155510728
258273.411807,2510866.126422,0.0736668499175371,0.0148433205057724,0.483049294484149,0.225032068902327,0.0122778083195895,0.191130657870625
250273.411807,2510366.126422,0.504127682993946,0.0473307649972482,0,0.117960007338103,0.0579710144927536,0.272610530177949
250773.411807,2510366.126422,0.566300366300366,0.0380952380952381,0,0.0591575091575092,0.05,0.286446886446886
251273.411807,2510366.126422,0.312477064220184,0.0781651376146789,0,0.258165137614679,0.0697247706422018,0.281467889908257
251773.411807,2510366.126422,0.158136121812511,0.12126215373326,0,0.359383599339571,0.099431297009723,0.261786828104935
252273.411807,2510366.126422,0.407692307692308,0.100732600732601,0,0.32014652014652,0.0706959706959707,0.100732600732601
252773.411807,2510366.126422,0.517247706422018,0.0414678899082569,0,0.144036697247706,0.0471559633027523,0.250091743119266
253273.411807,2510366.126422,0.454778939644102,0.0526508897450009,0,0.0423775454045129,0.0124747752705926,0.437717849935792
253773.411807,2510366.126422,0.648351648351648,0.0108058608058608,0,0,0.000915750915750916,0.33992673992674
254273.411807,2510366.126422,0.451926605504587,0.0379816513761468,0,0.0135779816513761,0.0555963302752294,0.440917431192661
254773.411807,2510366.126422,0.1768482847184,0.0464135021097046,0.011557512383049,0.194826637314254,0.161621720785177,0.408732342689415
255273.411807,2510366.126422,0.0749084249084249,0.135714285714286,0.00677655677655678,0.0421245421245421,0.0408424908424908,0.6996336996337
255773.411807,2510366.126422,0.0192660550458716,0.101100917431193,0,0.575596330275229,0.00990825688073394,0.294128440366972
256273.411807,2510366.126422,0.0238488350761328,0.420106402494955,0,0,0,0.556044762428912
256773.411807,2510366.126422,0.015018315018315,0.645054945054945,0,0,0.00201465201465201,0.337912087912088
257273.411807,2510366.126422,0.00495412844036697,0.340917431192661,0.00972477064220183,0.18,0.0154128440366972,0.448990825688073
250273.411807,2509866.126422,0.477472527472527,0.010989010989011,0,0.000732600732600733,0.00769230769230769,0.503113553113553
250773.411807,2509866.126422,0.476530986431977,0.0124679134580125,0,0.00403373670700403,0.0144847818115145,0.492482581591492
251273.411807,2509866.126422,0.521245421245421,0.00311355311355311,0,0.000183150183150183,0.00549450549450549,0.46996336996337
251773.411807,2509866.126422,0.665384615384615,0.0148351648351648,0,0,0.00384615384615385,0.315934065934066
252273.411807,2509866.126422,0.937293729372937,0.00678401173450678,0,0,0.000733406674000733,0.0551888522185552
252773.411807,2509866.126422,0.863736263736264,0,0,0,0,0.136263736263736
253273.411807,2509866.126422,0.841941391941392,0.00531135531135531,0,0,0,0.152747252747253
253773.411807,2509866.126422,0.65016501650165,0.00531719838650532,0,0,0,0.344517785111844
254273.411807,2509866.126422,0.251282051282051,0.0635531135531135,0,0.00824175824175824,0.0353479853479853,0.641575091575092
254773.411807,2509866.126422,0.082967032967033,0.148534798534799,0.0304029304029304,0.137728937728938,0.137912087912088,0.462454212454212
255273.411807,2509866.126422,0.0588558855885589,0.0678401173450678,0.0390539053905391,0.0531719838650532,0.0579391272460579,0.723138980564723
255773.411807,2509866.126422,0.0221611721611722,0.193406593406593,0.0133699633699634,0.218315018315018,0.0441391941391941,0.508608058608059
256273.411807,2509866.126422,0.0183150183150183,0.313369963369963,0,0.472710622710623,0.00128205128205128,0.194322344322344
256773.411807,2509866.126422,0.0232856618995233,0.404107077374404,0,0.0861752841950862,0.0462046204620462,0.44022735606894
257273.411807,2509866.126422,0.00164835164835165,0.0181318681318681,0.658424908424908,0.261172161172161,0.0100732600732601,0.0505494505494506
250273.411807,2509366.126422,0.467265725288832,0.0225563909774436,0,0,0.00128369704749679,0.508894186686228
250773.411807,2509366.126422,0.350192413413964,0.0225398570643211,0,0,0.00384826827927433,0.623419461242441
251273.411807,2509366.126422,0.295834097999633,0.0146815929528354,0,0,0.00146815929528354,0.688016149752248
251773.411807,2509366.126422,0.28406381808179,0.0790390610673024,0,0.000183385292499542,0.00935264991747662,0.627361085640932
252273.411807,2509366.126422,0.47425325270295,0.0351841671247938,0,0.000183250870441635,0.00256551218618288,0.487813817115631
252773.411807,2509366.126422,0.601945311066251,0.0187190310148651,0,0,0.00201871903101487,0.377316938887869
253273.411807,2509366.126422,0.493673207408766,0.0240234733174399,0,0,0.0229231615624427,0.459380157711352
253773.411807,2509366.126422,0.721825178669599,0,0,0,0,0.278174821330401
254273.411807,2509366.126422,0.505230317489448,0.0405579005322077,0,0.0866213984217288,0.0612956505780877,0.306294732978528
254773.411807,2509366.126422,0.0867412433522831,0.111681643132221,0.0320924261874198,0.0858243168897854,0.200990280579498,0.482670089858793
255273.411807,2509366.126422,0.0756826094923951,0.130841121495327,0.119479567527946,0.0890599230346344,0.104086494410848,0.480850284038849
255773.411807,2509366.126422,0.191778307946412,0.118737383006056,0.0132134336575518,0.0866213984217288,0.0508350155991925,0.538814461369059
256273.411807,2509366.126422,0.0229231615624427,0.0922428021272694,0,0.632862644415918,0.046396479002384,0.205574912891986
256773.411807,2509366.126422,0,0.00256551218618288,0.496976360637713,0.469122228330585,0.00824628916987356,0.023089609675646
250273.411807,2508866.126422,0.393322326178683,0.00532012474775271,0,0,0,0.601357549073565
250773.411807,2508866.126422,0.224725274725275,0.173443223443223,0,0.0032967032967033,0.00732600732600733,0.591208791208791
251273.411807,2508866.126422,0.376330275229358,0.0335779816513761,0,0.00018348623853211,0.00275229357798165,0.587155963302752
251773.411807,2508866.126422,0.524307466519905,0.00330214639515685,0,0,0,0.472390387084939
252273.411807,2508866.126422,0.488095238095238,0.000183150183150183,0,0,0,0.511721611721612
252773.411807,2508866.126422,0.208073394495413,0.015045871559633,0,0.00036697247706422,0.00807339449541284,0.768440366972477
