"x","y","forest","agri","water","built","other","grass"
295773.411807,2793366.126422,0.142500520074891,0.00208029956313709,0,0.0137299771167048,0.0330767630538798,0.808612440191388
296273.411807,2793366.126422,0.0609274277396548,0.106882927843627,0.00561447286338116,0.173008941567894,0.165938864628821,0.487627365356623
296773.411807,2793366.126422,0.0846329798294864,0.0725722603451861,0.000415886878768975,0.11956747764608,0.110210022873778,0.6126013724267
297273.411807,2793366.126422,0.228624921988766,0.0137299771167048,0.00166423965050967,0.0166423965050967,0.045766590389016,0.693571874349906
297773.411807,2793366.126422,0.168434185901435,0.0316074027864421,0.00623830318153462,0.0284882511956748,0.2882096069869,0.477022249948014
298273.411807,2793366.126422,0.744645456435849,0,0,0,0.000415886878768975,0.254938656685382
298773.411807,2793366.126422,0.547742874973996,0.00395256916996047,0.00124817973788225,0.00208029956313709,0.0126898273351363,0.432286249219888
299273.411807,2793366.126422,0.330006238303182,0.0033270950301518,0.000623830318153462,0.00353503846953629,0.0351424412559784,0.627365356622999
299773.411807,2793366.126422,0.563734664171345,0.00727802037845706,0,0.00207943439384487,0.0139322104387607,0.412975670617592
300273.411807,2793366.126422,0.578155339805825,0.000970873786407767,0,0.00800970873786408,0.0393203883495146,0.373543689320388
295273.411807,2792866.126422,0.052814964239868,0.0874747845222813,0.066018705299835,0.297450944434256,0.0669356317623327,0.429304969741427
295773.411807,2792866.126422,0.0623052959501558,0.0703683342495877,0.000366501740883269,0.0437969580355507,0.0597397837639729,0.76342312625985
296273.411807,2792866.126422,0.0502844558634612,0.0212883097816113,0.000183519911910442,0.0847861993026243,0.143145531290145,0.700311983850248
296773.411807,2792866.126422,0.241151659636897,0.00238400880249404,0,0.0102695763799743,0.0559325142123602,0.690262240968274
297273.411807,2792866.126422,0.459043430456295,0.000183250870441635,0,0,0.00916254352208173,0.531610775151182
297773.411807,2792866.126422,0.501743439163149,0.0200036703982382,0.00256927876674619,0.0282620664342081,0.163699761424115,0.283721783813544
298273.411807,2792866.126422,0.599119750596002,0.000733541169998166,0,0,0.0022006235099945,0.397946084724005
298773.411807,2792866.126422,0.683342495876855,0.000733003481766538,0,0.000183250870441635,0.00824628916987356,0.307494960601063
299273.411807,2792866.126422,0.498990640484493,0.000183519911910442,0,0.00311983850247752,0.0251422279317306,0.472563773169389
299773.411807,2792866.126422,0.256739409499358,0.0150375939849624,0,0.00201723821749496,0.0260407115349349,0.70016504676325
300273.411807,2792866.126422,0.508945485161019,0.00252578404546411,0,0.00189433803409808,0.029888444537992,0.456745948221427
295273.411807,2792366.126422,0.0876903320491653,0.0565033938726839,0.00403595670519171,0.0722803155384333,0.116859291873051,0.662630709961475
295773.411807,2792366.126422,0.174542124542125,0.00201465201465201,0.000183150183150183,0.0404761904761905,0.0741758241758242,0.708608058608059
296273.411807,2792366.126422,0.0379816513761468,0.0910091743119266,0,0.0245871559633028,0.0963302752293578,0.750091743119266
296773.411807,2792366.126422,0.0456796917996698,0.0150431113557145,0,0.0658594753256283,0.0922766464868831,0.781141075032104
297273.411807,2792366.126422,0.308974358974359,0.00659340659340659,0.00201465201465201,0.0205128205128205,0.0542124542124542,0.607692307692308
297773.411807,2792366.126422,0.67394495412844,0,0,0.00018348623853211,0.00110091743119266,0.324770642201835
298273.411807,2792366.126422,0.61915244909191,0.00348559897266557,0,0.00091726288754357,0.00366905155017428,0.372775637497707
298773.411807,2792366.126422,0.663553113553114,0.000549450549450549,0,0.00128205128205128,0.0113553113553114,0.323260073260073
299273.411807,2792366.126422,0.544954128440367,0.00128440366972477,0,0.0100917431192661,0.0442201834862385,0.399449541284404
299773.411807,2792366.126422,0.348376444689048,0.00110071546505228,0,0.00990643918547056,0.0462300495321959,0.594386351128233
300273.411807,2792366.126422,0.353881758889123,0.000420786871449611,0,0.00168314748579844,0.0136755733221124,0.630338733431517
295273.411807,2791866.126422,0.275457875457875,0.00879120879120879,0.0032967032967033,0.00201465201465201,0.0241758241758242,0.686263736263736
295773.411807,2791866.126422,0.116795012834617,0.0295196186285295,0.00311697836450312,0.0707737440410708,0.136596993032637,0.643197653098643
296273.411807,2791866.126422,0.0738095238095238,0.0816849816849817,0.00238095238095238,0.0146520146520147,0.0818681318681319,0.745604395604396
296773.411807,2791866.126422,0.177106227106227,0.0274725274725275,0,0.0771062271062271,0.177289377289377,0.541025641025641
297273.411807,2791866.126422,0.0414374770810414,0.0108177484415108,0,0.0207187385405207,0.0632563256325633,0.863769710304364
297773.411807,2791866.126422,0.134798534798535,0.0126373626373626,0,0.0291208791208791,0.102930402930403,0.720512820512821
298273.411807,2791866.126422,0.442307692307692,0.0043956043956044,0,0.0206959706959707,0.0836996336996337,0.448901098901099
298773.411807,2791866.126422,0.671433810047671,0.0011001100110011,0,0.00605060506050605,0.0322698936560323,0.289145581224789
299273.411807,2791866.126422,0.612454212454212,0,0,0.00402930402930403,0.0106227106227106,0.372893772893773
299773.411807,2791866.126422,0.537912087912088,0.00494505494505494,0,0.00201465201465201,0.0106227106227106,0.444505494505494
300273.411807,2791866.126422,0.361531986531987,0.000841750841750842,0,0.00273569023569024,0.00946969696969697,0.625420875420875
294773.411807,2791366.126422,0.057258212516058,0.0346852633510736,0.237107726188291,0.377133418975959,0.0478986970086254,0.245916681959993
295273.411807,2791366.126422,0.366953970291583,0.00880249403997799,0.000366770584999083,0.0341096644049147,0.0735375022923162,0.516229598386209
295773.411807,2791366.126422,0.0960234561114165,0.0201575957485798,0.00604727872457394,0.0623052959501558,0.117463807953088,0.698002565512186
296273.411807,2791366.126422,0.477702330702881,0.00330335841438796,0.00440447788585061,0.00642319691686548,0.0517526151587447,0.45641402092127
296773.411807,2791366.126422,0.370254905556574,0.00256739409499358,0,0.00788556757748029,0.0485971025123785,0.570695030258573
297273.411807,2791366.126422,0.13560564412681,0.00623052959501558,0,0.0221733553234378,0.0833791460509437,0.752611324903793
297773.411807,2791366.126422,0.431271792989539,0.00256927876674619,0.000183519911910442,0.00385391815011929,0.0212883097816113,0.540833180400073
298273.411807,2791366.126422,0.263524665321841,0.00330093526499175,0,0.00770218228498074,0.0673024023473317,0.658169814780855
298773.411807,2791366.126422,0.0956569543705333,0.0089792926516401,0.00183250870441635,0.0120945574491479,0.0956569543705333,0.785779732453729
299273.411807,2791366.126422,0.434208111580106,0.000917599559552211,0,0.00238575885483575,0.0245916681959993,0.537896861809506
299773.411807,2791366.126422,0.585916009536035,0.00201723821749496,0,0.00238400880249404,0.0366770584999083,0.373005684944067
300273.411807,2791366.126422,0.525363081456535,0.00105241001894338,0,0.00210482003788676,0.0176804883182488,0.453799200168386
294773.411807,2790866.126422,0.308990825688073,0.0100917431192661,0.00055045871559633,0.0293577981651376,0.0922935779816514,0.558715596330275
295273.411807,2790866.126422,0.248945147679325,0.020546688680976,0.00146762062006971,0.141075032104201,0.262337185837461,0.325628325077967
295773.411807,2790866.126422,0.0831501831501831,0.0135531135531136,0.000549450549450549,0.125274725274725,0.235897435897436,0.541575091575092
296273.411807,2790866.126422,0.0565137614678899,0.0238532110091743,0,0.0157798165137615,0.109357798165138,0.794495412844037
296773.411807,2790866.126422,0.177398642450926,0.0121078701155751,0,0.0350394423041644,0.142175747569253,0.633278297560081
297273.411807,2790866.126422,0.428754578754579,0.00311355311355311,0.00146520146520147,0.00641025641025641,0.0461538461538462,0.514102564102564
297773.411807,2790866.126422,0.665688073394495,0,0,0,0,0.334311926605505
298273.411807,2790866.126422,0.407448174646854,0.00678774536782242,0.000183452577508714,0.00898917629792699,0.103650706292423,0.472940744817465
298773.411807,2790866.126422,0.475457875457875,0.00274725274725275,0,0.00659340659340659,0.0346153846153846,0.480586080586081
299273.411807,2790866.126422,0.241284403669725,0.0176146788990826,0,0.00348623853211009,0.0772477064220184,0.660366972477064
299773.411807,2790866.126422,0.442487616951018,0.00201797835259585,0,0.00091726288754357,0.0198128783709411,0.534764263437901
300273.411807,2790866.126422,0.73469387755102,0.00126236061434883,0,0.0170418682937092,0.0418682937092363,0.205133599831685
294773.411807,2790366.126422,0.364102564102564,0.00256410256410256,0.000366300366300366,0.0181318681318681,0.0558608058608059,0.558974358974359
295273.411807,2790366.126422,0.357142857142857,0.0043956043956044,0.0010989010989011,0.0448717948717949,0.0816849816849817,0.510805860805861
295773.411807,2790366.126422,0.267143381004767,0.00641730839750642,0,0.00421708837550422,0.0672900623395673,0.654932159882655
296273.411807,2790366.126422,0.544322344322344,0.000366300366300366,0,0.00567765567765568,0.0195970695970696,0.43003663003663
296773.411807,2790366.126422,0.512454212454212,0.0285714285714286,0,0.000366300366300366,0.00915750915750916,0.449450549450549
297273.411807,2790366.126422,0.11037770443711,0.00421708837550422,0,0.00751741840850752,0.0531719838650532,0.824715804913825
297773.411807,2790366.126422,0.245604395604396,0.0021978021978022,0.000915750915750916,0.0117216117216117,0.0452380952380952,0.694322344322344
298273.411807,2790366.126422,0.295238095238095,0.0157509157509158,0,0.00402930402930403,0.0338827838827839,0.651098901098901
298773.411807,2790366.126422,0.176200953428676,0.00953428676200953,0,0.0143014301430143,0.0517051705170517,0.748258159149248
299273.411807,2790366.126422,0.277472527472527,0.00531135531135531,0,0.00659340659340659,0.0406593406593407,0.66996336996337
299773.411807,2790366.126422,0.24047619047619,0.00970695970695971,0,0.0032967032967033,0.0626373626373626,0.683882783882784
300273.411807,2790366.126422,0.446127946127946,0.00378787878787879,0.00168350168350168,0.00126262626262626,0.029040404040404,0.518097643097643
294273.411807,2789866.126422,0.133223382811068,0.0298698918819864,0.0661535642294301,0.204507971412864,0.0452629649990837,0.520982224665567
294773.411807,2789866.126422,0.246283721783814,0.0047715177096715,0,0.00715727656450725,0.031932464672417,0.709855019269591
295273.411807,2789866.126422,0.32404181184669,0.00825233816247937,0.00311754997249221,0.0544654318723638,0.153493489822116,0.456629378323858
295773.411807,2789866.126422,0.277625068719076,0.00641378046545721,0,0.101704233095107,0.0954737035000916,0.518783214220268
296273.411807,2789866.126422,0.22389429253074,0.0150486327766563,0.00275279867865663,0.09543035419343,0.134703615342265,0.528170306478253
296773.411807,2789866.126422,0.292316156244269,0.0104529616724739,0.000183385292499542,0.0361269026224097,0.202457362919494,0.458463231248854
297273.411807,2789866.126422,0.368517500458127,0.00513102437236577,0,0.00146600696353308,0.0262048744731537,0.59868059373282
297773.411807,2789866.126422,0.568728207010461,0.00293631859056708,0.00110111947146265,0.00899247568361167,0.0225729491649844,0.395668930078914
298273.411807,2789866.126422,0.543003851091142,0.00715202640748212,0,0.0181551439574546,0.0410783055198973,0.390610673024023
298773.411807,2789866.126422,0.628000733003482,0.000549752611324904,0,0.000733003481766538,0.0188748396554884,0.351841671247938
299273.411807,2789866.126422,0.51881079097082,0.0012846393833731,0,0.0012846393833731,0.0530372545421178,0.425582675720316
299773.411807,2789866.126422,0.129103245919677,0.00641848523748395,0,0.0181551439574546,0.0872913992297818,0.759031725655602
300273.411807,2789866.126422,0.186487055356767,0.00336771206061882,0,0.00989265417806777,0.0730372553146706,0.727215323089876
293773.411807,2789366.126422,0.155384333149881,0.0221977618785544,0.00165107319757843,0.0122913226930838,0.0300862227114291,0.778389286369473
294273.411807,2789366.126422,0.355677655677656,0.00457875457875458,0.000366300366300366,0.0624542124542125,0.146153846153846,0.430769230769231
294773.411807,2789366.126422,0.543302752293578,0.00238532110091743,0,0.0401834862385321,0.0834862385321101,0.330642201834862
295273.411807,2789366.126422,0.402678407631627,0.00513667217024399,0,0.0566868464501926,0.133553476426344,0.401944597321592
295773.411807,2789366.126422,0.563369963369963,0.000366300366300366,0,0.00311355311355311,0.0139194139194139,0.419230769230769
296273.411807,2789366.126422,0.589908256880734,0.00495412844036697,0,0.0181651376146789,0.0689908256880734,0.317981651376147
296773.411807,2789366.126422,0.442671069528527,0.00587048248027885,0,0.0110071546505228,0.0392588515868648,0.501192441753807
297273.411807,2789366.126422,0.689010989010989,0.000183150183150183,0,0.000183150183150183,0.015018315018315,0.295604395604396
297773.411807,2789366.126422,0.531559633027523,0.00165137614678899,0,0.00440366972477064,0.0891743119266055,0.373211009174312
298273.411807,2789366.126422,0.581728123280132,0.00366905155017428,0,0.00311869381764814,0.0121078701155751,0.39937626123647
298773.411807,2789366.126422,0.502380952380952,0.000732600732600733,0,0.00402930402930403,0.0100732600732601,0.482783882783883
299273.411807,2789366.126422,0.494862385321101,0.00788990825688073,0.00073394495412844,0.028256880733945,0.0300917431192661,0.438165137614679
299773.411807,2789366.126422,0.546688680975968,0.00110071546505228,0,0.001284168042561,0.0091726288754357,0.441753806640983
300273.411807,2789366.126422,0.38880706921944,0.00273511466442247,0,0.00252472122869766,0.0225120976225542,0.583420997264885
293273.411807,2788866.126422,0.195604395604396,0.0217948717948718,0.0791208791208791,0.22967032967033,0.0741758241758242,0.3996336996337
293773.411807,2788866.126422,0.196703296703297,0.0342490842490843,0.00897435897435897,0.00402930402930403,0.0161172161172161,0.73992673992674
294273.411807,2788866.126422,0.116061606160616,0.0326365969930326,0,0.00128346167950128,0.00825082508250825,0.841767510084342
294773.411807,2788866.126422,0.388095238095238,0.00879120879120879,0.00677655677655678,0.121428571428571,0.114652014652015,0.36025641025641
295273.411807,2788866.126422,0.13956043956044,0.0271062271062271,0.000366300366300366,0.332051282051282,0.191758241758242,0.309157509157509
295773.411807,2788866.126422,0.316648331499817,0.0044004400440044,0,0.0258525852585259,0.0909424275760909,0.562156215621562
296273.411807,2788866.126422,0.475457875457875,0.0228937728937729,0,0.00769230769230769,0.0989010989010989,0.395054945054945
296773.411807,2788866.126422,0.574175824175824,0.000732600732600733,0,0.00934065934065934,0.0153846153846154,0.4003663003663
297273.411807,2788866.126422,0.764209754308764,0.00586725339200587,0,0,0,0.22992299229923
297773.411807,2788866.126422,0.562454212454212,0.000915750915750916,0,0.00164835164835165,0.0283882783882784,0.406593406593407
298273.411807,2788866.126422,0.724908424908425,0,0,0,0.0163003663003663,0.258791208791209
298773.411807,2788866.126422,0.737073707370737,0.00055005500550055,0,0.0344701136780345,0.0401540154015402,0.187752108544188
299273.411807,2788866.126422,0.497802197802198,0.000732600732600733,0,0.0010989010989011,0.0234432234432234,0.476923076923077
299773.411807,2788866.126422,0.552564102564103,0.00293040293040293,0,0.0379120879120879,0.0813186813186813,0.325274725274725
300273.411807,2788866.126422,0.433501683501683,0.00126262626262626,0,0.0117845117845118,0.031986531986532,0.521464646464647
292773.411807,2788366.126422,0.0908924317390508,0.0351841671247938,0.0577240241891149,0.366318490012828,0.138171156312992,0.31170973062122
293273.411807,2788366.126422,0.388695173426317,0.0205542301339695,0.00238575885483575,0.0563406129565058,0.097082033400624,0.434942191227748
293773.411807,2788366.126422,0.222813130386943,0.0720704199523198,0.000366770584999083,0.0271410232899321,0.0909591050797726,0.586649550706033
294273.411807,2788366.126422,0.288803371816016,0.0311526479750779,0.00366501740883269,0.0111783030969397,0.0588235294117647,0.606377130291369
294773.411807,2788366.126422,0.175995595522114,0.0618462103138191,0.0012846393833731,0.0326665443200587,0.0585428518994311,0.669664158561204
295273.411807,2788366.126422,0.215110948101962,0.00201723821749496,0,0.149275628094627,0.146524848707134,0.487071336878782
295773.411807,2788366.126422,0.299981674912956,0.00787978742899029,0,0.0042147700201576,0.0507604911123328,0.637163276525563
296273.411807,2788366.126422,0.195999265920352,0.00256927876674619,0,0.0209212699577904,0.102587630757937,0.677922554597174
296773.411807,2788366.126422,0.139739592884651,0.00238400880249404,0,0.0152209792774619,0.0841738492572896,0.758481569778104
297273.411807,2788366.126422,0.29704966098589,0.0104452996151732,0,0.00769653655854865,0.0813633864760858,0.603445116364303
297773.411807,2788366.126422,0.187373830060562,0.00293631859056708,0,0.0047715177096715,0.106258028996146,0.698660304643054
298273.411807,2788366.126422,0.265358518246837,0.004401247019989,0,0.0141206675224647,0.0691362552723272,0.646983311938383
298773.411807,2788366.126422,0.440718343412131,0.000549752611324904,0,0.0139270661535642,0.0241891148982958,0.520615722924684
299273.411807,2788366.126422,0.310699210864379,0.000917599559552211,0,0.00146815929528354,0.0130299137456414,0.673885116535144
299773.411807,2788366.126422,0.257106180084357,0.00825233816247937,0,0.0309921144324225,0.107647166697231,0.59600220062351
300273.411807,2788366.126422,0.28941275520943,0.00673542412123763,0,0.00463060408335087,0.0465165228372974,0.652704693748684
292773.411807,2787866.126422,0.0159340659340659,0.0465201465201465,0.0318681318681319,0.0974358974358974,0.138461538461538,0.66978021978022
293273.411807,2787866.126422,0.0502752293577982,0.0510091743119266,0.0135779816513761,0.124220183486239,0.204036697247706,0.556880733944954
293773.411807,2787866.126422,0.0117409649605577,0.0513667217024399,0.000183452577508714,0.11263988259035,0.155384333149881,0.668684645019263
294273.411807,2787866.126422,0.10989010989011,0.0752747252747253,0.0408424908424908,0.244322344322344,0.160805860805861,0.368864468864469
294773.411807,2787866.126422,0.45302752293578,0.00348623853211009,0.00477064220183486,0.0462385321100917,0.0974311926605505,0.395045871559633
295273.411807,2787866.126422,0.150247660979637,0.0130251330031187,0.00201797835259585,0.142175747569253,0.259401944597322,0.433131535498074
295773.411807,2787866.126422,0.193589743589744,0.0032967032967033,0,0.167582417582418,0.192490842490843,0.443040293040293
296273.411807,2787866.126422,0.225321100917431,0.00788990825688073,0.00036697247706422,0.0273394495412844,0.122935779816514,0.616146788990826
296773.411807,2787866.126422,0.480462300495322,0.00201797835259585,0,0.0201797835259585,0.0420106402494955,0.455329297376628
297273.411807,2787866.126422,0.401098901098901,0.00256410256410256,0.000183150183150183,0.00714285714285714,0.0571428571428571,0.531868131868132
297773.411807,2787866.126422,0.26605504587156,0.00165137614678899,0,0.00990825688073394,0.0653211009174312,0.657064220183486
298273.411807,2787866.126422,0.301779490001835,0.00366905155017428,0,0.0161438268207668,0.0662263804806457,0.612181251146579
298773.411807,2787866.126422,0.473076923076923,0.000366300366300366,0,0.00128205128205128,0.0131868131868132,0.512087912087912
299273.411807,2787866.126422,0.452477064220183,0.00055045871559633,0,0.00036697247706422,0.0102752293577982,0.536330275229358
299773.411807,2787866.126422,0.555127499541369,0.00110071546505228,0,0.00550357732526142,0.0370574206567602,0.401210787011557
300273.411807,2787866.126422,0.547654113191668,0.000210393435724805,0,0.00105196717862403,0.00925731117189144,0.441826215022091
292273.411807,2787366.126422,0.013003663003663,0.0620879120879121,0.056959706959707,0.149084249084249,0.184432234432234,0.534432234432234
292773.411807,2787366.126422,0.21965529886322,0.0418041804180418,0.00293362669600293,0.0487715438210488,0.107810781078108,0.579024569123579
293273.411807,2787366.126422,0.152197802197802,0.0503663003663004,0.000366300366300366,0.104395604395604,0.12967032967033,0.563003663003663
293773.411807,2787366.126422,0.0340659340659341,0.0992673992673993,0.00311355311355311,0.0866300366300366,0.208791208791209,0.568131868131868
294273.411807,2787366.126422,0.059039237257059,0.0592225889255592,0.0205353868720205,0.0636230289695636,0.174917491749175,0.622662266226623
294773.411807,2787366.126422,0.230769230769231,0.013003663003663,0,0.0725274725274725,0.16978021978022,0.513919413919414
295273.411807,2787366.126422,0.306410256410256,0.0010989010989011,0,0.00146520146520147,0.0043956043956044,0.686630036630037
295773.411807,2787366.126422,0.478181151448478,0.000366703337000367,0,0.00403373670700403,0.0205353868720205,0.496883021635497
296273.411807,2787366.126422,0.271978021978022,0.000366300366300366,0,0.0124542124542125,0.045970695970696,0.669230769230769
296773.411807,2787366.126422,0.383150183150183,0.00659340659340659,0,0.00457875457875458,0.043040293040293,0.562637362637363
297273.411807,2787366.126422,0.343234323432343,0.00476714338100477,0,0.00385038503850385,0.041987532086542,0.606160616061606
297773.411807,2787366.126422,0.172527472527473,0.00586080586080586,0,0.00641025641025641,0.0957875457875458,0.719413919413919
298273.411807,2787366.126422,0.273626373626374,0.00293040293040293,0,0.00128205128205128,0.0139194139194139,0.708241758241758
298773.411807,2787366.126422,0.156949028236157,0.000916758342500917,0,0.00605060506050605,0.0674734140080675,0.768610194352769
299273.411807,2787366.126422,0.282234432234432,0.0021978021978022,0,0.00366300366300366,0.0217948717948718,0.69010989010989
299773.411807,2787366.126422,0.46007326007326,0.0113553113553114,0,0.0296703296703297,0.185897435897436,0.313003663003663
300273.411807,2787366.126422,0.72243265993266,0.00126262626262626,0,0,0.00147306397306397,0.27483164983165
292273.411807,2786866.126422,0.0962772785622593,0.0540986612873648,0.0651017788373372,0.224646983311938,0.151659636897121,0.408215661103979
292773.411807,2786866.126422,0.104819497892615,0.0339014110317024,0,0.0729338464357706,0.0894264247755177,0.698918819864394
293273.411807,2786866.126422,0.0565241328684162,0.160029363185906,0.0150486327766563,0.188658469443935,0.149018168471279,0.430721233253808
293773.411807,2786866.126422,0.0977443609022556,0.131120484137172,0.0113698881349716,0.0935264991747662,0.157527966257106,0.508710801393728
294273.411807,2786866.126422,0.0694520798973795,0.13230712845886,0.0168590800806304,0.187465640461792,0.192596664834158,0.40131940626718
294773.411807,2786866.126422,0.0677188474949532,0.0728574050284456,0.00385391815011929,0.0948797944576987,0.234538447421545,0.526151587447238
295273.411807,2786866.126422,0.342563726389144,0.00586832935998533,0,0.0370438290849074,0.114982578397213,0.499541536768751
295773.411807,2786866.126422,0.289353124427341,0.00696353307678211,0.0042147700201576,0.00201575957485798,0.0247388675096207,0.672713945391241
296273.411807,2786866.126422,0.410350523031749,0.00146815929528354,0,0.000367039823820885,0.0152321526885667,0.57258212516058
296773.411807,2786866.126422,0.273610856409316,0.00311754997249221,0,0.00183385292499542,0.0392444525949019,0.682193288098294
297273.411807,2786866.126422,0.35312442734103,0.000916254352208173,0,0.000549752611324904,0.0100787978742899,0.635330767821147
297773.411807,2786866.126422,0.482657368324463,0.00458799779776106,0,0.00935951550743256,0.0607450908423564,0.442650027527987
298273.411807,2786866.126422,0.206675224646983,0.0097194205024757,0.0022006235099945,0.0192554557124519,0.0425453878598936,0.719603887768201
298773.411807,2786866.126422,0.136521898479018,0.013560564412681,0.00164925783397471,0.00678028220634048,0.0890599230346344,0.752428074033352
299273.411807,2786866.126422,0.516241512204074,0.00495503762158194,0,0.0133969535694623,0.101302991374564,0.364103505230317
299773.411807,2786866.126422,0.52814964239868,0.0075187969924812,0,0.00385109114249037,0.0104529616724739,0.450027507793875
300273.411807,2786866.126422,0.630393601347085,0.000210482003788676,0,0.00126289202273206,0.0111555462007998,0.356977478425595
291273.411807,2786366.126422,0.176373626373626,0.0254578754578755,0.0441391941391941,0.329304029304029,0.124358974358974,0.3003663003663
291773.411807,2786366.126422,0.191376146788991,0.0108256880733945,0.00587155963302752,0.115963302752294,0.15394495412844,0.522018348623853
292273.411807,2786366.126422,0.175564116675839,0.0330214639515685,0.00568702990277013,0.267106952852688,0.222161071363053,0.296459365254082
292773.411807,2786366.126422,0.0985347985347985,0.0673992673992674,0.0247252747252747,0.14010989010989,0.137912087912088,0.531318681318681
293273.411807,2786366.126422,0.347706422018349,0.0937614678899083,0.0218348623853211,0.055045871559633,0.0673394495412844,0.414311926605505
293773.411807,2786366.126422,0.135938359933957,0.10126582278481,0.002568336085122,0.077600440286186,0.277930654925702,0.404696385984223
294273.411807,2786366.126422,0.23040293040293,0.0512820512820513,0.00402930402930403,0.0472527472527473,0.0941391941391941,0.572893772893773
294773.411807,2786366.126422,0.061651376146789,0.168807339449541,0.046605504587156,0.202935779816514,0.26348623853211,0.25651376146789
295273.411807,2786366.126422,0.314988075582462,0.0310034855989727,0.000366905155017428,0.0678774536782242,0.193542469271693,0.392221610713631
295773.411807,2786366.126422,0.535164835164835,0.00256410256410256,0,0.00659340659340659,0.0644688644688645,0.391208791208791
296273.411807,2786366.126422,0.511743119266055,0.00403669724770642,0,0.00330275229357798,0.0535779816513761,0.427339449541284
296773.411807,2786366.126422,0.25243074665199,0.00311869381764814,0,0.00110071546505228,0.017978352595854,0.725371491469455
297273.411807,2786366.126422,0.444871794871795,0.00531135531135531,0,0.0010989010989011,0.0470695970695971,0.501648351648352
297773.411807,2786366.126422,0.367889908256881,0.00935779816513761,0,0.013394495412844,0.0935779816513762,0.515779816513761
298273.411807,2786366.126422,0.399743166391488,0.0185287103283801,0,0.0354063474591818,0.150247660979637,0.396074114841313
298773.411807,2786366.126422,0.347619047619048,0.0333333333333333,0.000732600732600733,0.0307692307692308,0.215201465201465,0.372344322344322
299273.411807,2786366.126422,0.586422018348624,0.00532110091743119,0,0.0018348623853211,0.0357798165137615,0.370642201834862
299773.411807,2786366.126422,0.647404146028252,0.0990643918547056,0,0,0.00476976701522656,0.248761695101816
300273.411807,2786366.126422,0.593519882179676,0.037870818430465,0,0,0.00336629497159689,0.365243004418262
291273.411807,2785866.126422,0,0,0.758342500916758,0.241657499083242,0,0
291773.411807,2785866.126422,0.00586080586080586,0.0152014652014652,0.506776556776557,0.415750915750916,0.0481684981684982,0.00824175824175824
292273.411807,2785866.126422,0.0886446886446886,0.0611721611721612,0.105860805860806,0.406593406593407,0.142124542124542,0.195604395604396
292773.411807,2785866.126422,0.103410341034103,0.115144847818115,0.0102676934360103,0.201320132013201,0.159332599926659,0.410524385771911
293273.411807,2785866.126422,0.291941391941392,0.00805860805860806,0.0175824175824176,0.0232600732600733,0.0558608058608059,0.603296703296703
293773.411807,2785866.126422,0.248534798534799,0.0195970695970696,0.010989010989011,0.0496336996336996,0.0399267399267399,0.631318681318681
294273.411807,2785866.126422,0.152181884855152,0.0614228089475614,0.0311697836450312,0.348551521818849,0.256142280894756,0.150531719838651
294773.411807,2785866.126422,0.134981684981685,0.0915750915750916,0.032051282051282,0.29981684981685,0.201831501831502,0.23974358974359
295273.411807,2785866.126422,0.121978021978022,0.116483516483516,0.0179487179487179,0.191575091575092,0.187912087912088,0.364102564102564
295773.411807,2785866.126422,0.155115511551155,0.0473047304730473,0.00256692335900257,0.152365236523652,0.219105243857719,0.423542354235424
296273.411807,2785866.126422,0.177655677655678,0.00274725274725275,0,0.0021978021978022,0.065018315018315,0.752380952380952
296773.411807,2785866.126422,0.365934065934066,0.00183150183150183,0,0.00128205128205128,0.0371794871794872,0.593772893772894
297273.411807,2785866.126422,0.559222588925559,0.00275027502750275,0,0.0022002200220022,0.026035936927026,0.40979097909791
297773.411807,2785866.126422,0.472161172161172,0.00457875457875458,0,0.00238095238095238,0.0177655677655678,0.503113553113553
298273.411807,2785866.126422,0.687728937728938,0.0010989010989011,0,0.00164835164835165,0.019047619047619,0.29047619047619
298773.411807,2785866.126422,0.616061606160616,0.0157682434910158,0,0.00366703337000367,0.068023469013568,0.296479647964796
299273.411807,2785866.126422,0.784798534798535,0.000549450549450549,0,0.000183150183150183,0.0010989010989011,0.213369963369963
299773.411807,2785866.126422,0.921245421245421,0.00421245421245421,0,0,0,0.0745421245421245
300273.411807,2785866.126422,0.86763468013468,0.0206228956228956,0,0,0,0.111742424242424
291273.411807,2785366.126422,0,0,1,0,0,0
291773.411807,2785366.126422,0,0,1,0,0,0
292273.411807,2785366.126422,0.0383275261324042,0.004401247019989,0.235283330276912,0.597836053548505,0.0638180817898405,0.0603337612323492
292773.411807,2785366.126422,0.0771486164559282,0.0274876305662452,0.0657870624885468,0.470038482682793,0.164559281656588,0.194978926149899
293273.411807,2785366.126422,0.239860524866948,0.0176179115434025,0.0754266837951918,0.28610754266838,0.138374013580473,0.242613323545605
293773.411807,2785366.126422,0.349532367504126,0.0159545204474601,0.00128369704749679,0.0775719787273061,0.205941683476985,0.349715752796626
294273.411807,2785366.126422,0.150448964632582,0.0302363936228697,0.0192413413963716,0.464540956569544,0.175004581271761,0.160527762506872
294773.411807,2785366.126422,0.119654982565608,0.0315654248485961,0.00917599559552211,0.545971737933566,0.161314002569279,0.132317856487429
295273.411807,2785366.126422,0.246103062534385,0.0425453878598936,0.0126535851824684,0.270309921144324,0.236750412616908,0.191637630662021
295773.411807,2785366.126422,0.22649807586586,0.0412314458493678,0.00256551218618288,0.212204507971413,0.22191680410482,0.295583654022357
296273.411807,2785366.126422,0.254542117819783,0.00679023674068636,0,0.0374380620297302,0.0838685997430721,0.617360983666728
296773.411807,2785366.126422,0.447460113698881,0.00715202640748212,0.000733541169998166,0.00696864111498258,0.0625343847423437,0.475151292866312
297273.411807,2785366.126422,0.923034634414513,0,0,0,0,0.0769653655854865
297773.411807,2785366.126422,0.712057258212516,0,0,0.000367039823820885,0.0244081482840888,0.263167553679574
298273.411807,2785366.126422,0.496423986796259,0.00586832935998533,0,0.0249403997799376,0.149275628094627,0.323491655969191
298773.411807,2785366.126422,0.494044346710647,0.00439802089059923,0,0.00641378046545721,0.0628550485614807,0.432288803371816
299273.411807,2785366.126422,0.669113598825473,0.0137639933932832,0,0.000367039823820885,0.019086070838686,0.297669297118737
299773.411807,2785366.126422,0.95617091509261,0.00806895286997983,0,0,0,0.0357601320374106
300273.411807,2785366.126422,0.859818985476742,0.00336771206061882,0,0,0,0.136813302462639
291273.411807,2784866.126422,0,0,1,0,0,0
291773.411807,2784866.126422,0,0.00293577981651376,0.544770642201835,0.451926605504587,0.00036697247706422,0
292273.411807,2784866.126422,0,0.000550357732526142,0.0359567051917079,0.963492937075766,0,0
292773.411807,2784866.126422,0,0,0.000549450549450549,0.999450549450549,0,0
293273.411807,2784866.126422,0,0,0,1,0,0
293773.411807,2784866.126422,0.0111906072280316,0.00715465052283985,0.0517336268574573,0.855806274078151,0.0577875619152449,0.0163272793982755
294273.411807,2784866.126422,0.105311355311355,0.0338827838827839,0.0324175824175824,0.547252747252747,0.196703296703297,0.0844322344322344
294773.411807,2784866.126422,0.0840366972477064,0.00495412844036697,0,0.732844036697248,0.11302752293578,0.0651376146788991
295273.411807,2784866.126422,0.153182902219776,0.0454962392221611,0.0232984773436067,0.393322326178683,0.204916529077234,0.17978352595854
295773.411807,2784866.126422,0.221245421245421,0.023992673992674,0.0021978021978022,0.183333333333333,0.178021978021978,0.391208791208791
296273.411807,2784866.126422,0.351559633027523,0.0055045871559633,0,0.0288073394495413,0.0570642201834862,0.557064220183486
296773.411807,2784866.126422,0.860942946248395,0,0,0,0,0.139057053751605
297273.411807,2784866.126422,0.813369963369963,0,0,0.000183150183150183,0.000915750915750916,0.185531135531136
297773.411807,2784866.126422,0.797981651376147,0,0,0.00018348623853211,0.00146788990825688,0.200366972477064
298273.411807,2784866.126422,0.745551274995414,0.000366905155017428,0,0.00348559897266557,0.0332049165290772,0.217391304347826
298773.411807,2784866.126422,0.537912087912088,0.00787545787545788,0,0.0102564102564103,0.0723443223443224,0.371611721611722
299273.411807,2784866.126422,0.832660550458716,0.00146788990825688,0,0.00055045871559633,0.0291743119266055,0.136146788990826
299773.411807,2784866.126422,0.919831223628692,0,0,0,0,0.080168776371308
300273.411807,2784866.126422,0.839890595413423,0,0,0,0,0.160109404586577
291773.411807,2784366.126422,0.243223443223443,0.0816849816849817,0.00842490842490842,0.0619047619047619,0.0578754578754579,0.546886446886447
292273.411807,2784366.126422,0.0445054945054945,0.0586080586080586,0.275457875457875,0.314102564102564,0.0954212454212454,0.211904761904762
292773.411807,2784366.126422,0,0,0.179317931793179,0.820682068206821,0,0
293273.411807,2784366.126422,0,0,0,1,0,0
293773.411807,2784366.126422,0,0,0,1,0,0
294273.411807,2784366.126422,0,0,0.0311697836450312,0.968830216354969,0,0
294773.411807,2784366.126422,0.0250915750915751,0.0527472527472527,0.0782051282051282,0.638278388278388,0.122527472527473,0.0831501831501831
295273.411807,2784366.126422,0.32967032967033,0.0336996336996337,0.0146520146520147,0.181318681318681,0.143223443223443,0.297435897435897
295773.411807,2784366.126422,0.468096809680968,0.00531719838650532,0.00256692335900257,0.0348368170150348,0.0693069306930693,0.41987532086542
296273.411807,2784366.126422,0.36959706959707,0.00989010989010989,0,0.0818681318681319,0.166300366300366,0.372344322344322
296773.411807,2784366.126422,0.673076923076923,0,0,0.00128205128205128,0.00421245421245421,0.321428571428571
297273.411807,2784366.126422,0.442794279427943,0.000366703337000367,0,0.00348368170150348,0.0212687935460213,0.532086541987532
297773.411807,2784366.126422,0.430586080586081,0.000549450549450549,0,0.00183150183150183,0.0221611721611722,0.544871794871795
298273.411807,2784366.126422,0.695238095238095,0.000915750915750916,0,0.00128205128205128,0.0267399267399267,0.275824175824176
298773.411807,2784366.126422,0.782911624495783,0.013017968463513,0,0.000183351668500183,0.081958195819582,0.121928859552622
299273.411807,2784366.126422,0.644505494505495,0.00183150183150183,0,0.00128205128205128,0.0298534798534799,0.322527472527473
299773.411807,2784366.126422,0.821794871794872,0.000183150183150183,0,0,0.0106227106227106,0.167399267399267
300273.411807,2784366.126422,0.90530303030303,0,0,0,0,0.0946969696969697
291273.411807,2783866.126422,0.120212571009712,0.0483782297965915,0.0128275609309144,0.17940260216236,0.177203591717061,0.461975444383361
291773.411807,2783866.126422,0.0620297302257295,0.026977427050835,0.00256927876674619,0.281519544870618,0.210680858873188,0.416223160212883
292273.411807,2783866.126422,0.13607188703466,0.0370438290849074,0.0278745644599303,0.342196955804144,0.127269392994682,0.329543370621676
292773.411807,2783866.126422,0.0439802089059923,0.0463624702217336,0.207623236210372,0.378596298332417,0.109767271394539,0.213670514934946
293273.411807,2783866.126422,0.00385391815011929,0.0154156726004772,0.208845659754083,0.658285924022756,0.0532207744540283,0.0603780510185355
293773.411807,2783866.126422,0,0,0.102145607922245,0.897854392077755,0,0
294273.411807,2783866.126422,0,0,0,1,0,0
294773.411807,2783866.126422,0,0,0.00458799779776106,0.995412002202239,0,0
295273.411807,2783866.126422,0.353566843939116,0.00843572345497891,0.13203741059967,0.204841371721988,0.061984228864845,0.239134421419402
295773.411807,2783866.126422,0.192413413963716,0.0705515851200293,0.0529595015576324,0.212021257100971,0.212754260582738,0.259299981674913
296273.411807,2783866.126422,0.401358047348137,0.0559735731326849,0.0187190310148651,0.071389245733162,0.214351257111397,0.238208845659754
296773.411807,2783866.126422,0.715019255455712,0.00146708233999633,0,0.00238400880249404,0.0535485054098661,0.227581147991931
297273.411807,2783866.126422,0.574857980575408,0.00348176653839106,0,0.00384826827927433,0.03811618105186,0.379695803555067
297773.411807,2783866.126422,0.559919251238759,0.00770783630023858,0,0.00110111947146265,0.0256927876674619,0.405579005322077
298273.411807,2783866.126422,0.776453328443059,0.00403447643498991,0,0.00165046763249587,0.0348432055749129,0.183018521914542
298773.411807,2783866.126422,0.431189298149166,0.0426974528129009,0.00384826827927433,0.0481949789261499,0.223566061938794,0.250503939893715
299273.411807,2783866.126422,0.500091759955955,0.0135804734813727,0,0.00605615709304459,0.120756102037071,0.359515507432556
299773.411807,2783866.126422,0.678158811663305,0.00128369704749679,0,0.000183385292499542,0.0117366587199707,0.308637447276728
300273.411807,2783866.126422,0.671227110082088,0.00210482003788676,0,0.000631446011366028,0.0113660282045885,0.314670595664071
289773.411807,2783366.126422,0.00183150183150183,0.000366300366300366,0.00201465201465201,0.990842490842491,0.00494505494505494,0
290273.411807,2783366.126422,0.00495412844036697,0.0143119266055046,0.00293577981651376,0.798165137614679,0.110275229357798,0.0693577981651376
290773.411807,2783366.126422,0.0552192258301229,0.0755824619335902,0.0176114474408365,0.203265455879655,0.171528159970648,0.476793248945148
291273.411807,2783366.126422,0.0366300366300366,0.0703296703296703,0.0032967032967033,0.517032967032967,0.163003663003663,0.20970695970696
291773.411807,2783366.126422,0.056697247706422,0.0458715596330275,0.00587155963302752,0.274311926605505,0.216697247706422,0.400550458715596
292273.411807,2783366.126422,0.0691616217207852,0.0337552742616034,0.0091726288754357,0.434966061273161,0.263621353880022,0.189323059988993
292773.411807,2783366.126422,0.152197802197802,0.0111721611721612,0,0.236996336996337,0.196336996336996,0.403296703296703
293273.411807,2783366.126422,0.165137614678899,0.0387155963302752,0,0.284587155963303,0.141467889908257,0.370091743119266
293773.411807,2783366.126422,0.108787378462667,0.0220143093010457,0.0950284351495139,0.435332966428178,0.155934690882407,0.182902219776188
294273.411807,2783366.126422,0.000549450549450549,0.0186813186813187,0.190659340659341,0.756593406593407,0.00622710622710623,0.0272893772893773
294773.411807,2783366.126422,0,0,0,1,0,0
295273.411807,2783366.126422,0,0.00091726288754357,0.320858558062741,0.678224179049716,0,0
295773.411807,2783366.126422,0.291208791208791,0.0413919413919414,0.0851648351648352,0.058974358974359,0.0923076923076923,0.430952380952381
296273.411807,2783366.126422,0.311009174311927,0.0526605504587156,0.0223853211009174,0.125137614678899,0.185688073394495,0.303119266055046
296773.411807,2783366.126422,0.526875802605027,0.00568702990277013,0,0.00568702990277013,0.0728306732709595,0.388919464318474
297273.411807,2783366.126422,0.772710622710623,0.00256410256410256,0,0.00146520146520147,0.0664835164835165,0.156776556776557
297773.411807,2783366.126422,0.80256880733945,0,0,0,0,0.19743119266055
298273.411807,2783366.126422,0.269308383782792,0.0344890845716382,0.0163272793982755,0.00862227114290956,0.0909924784443221,0.580260502660062
