"x","y","forest","agri","water","built","other","grass"
199273.411807,2682366.126422,0,0,0.308915388983532,0.691084611016468,0,0
199773.411807,2682366.126422,0.0190685735240191,0.05995599559956,0.359185918591859,0.44022735606894,0.00953428676200953,0.112027869453612
200273.411807,2682366.126422,0.0384615384615385,0.0399267399267399,0.0483516483516484,0.733699633699634,0.0732600732600733,0.0663003663003663
200773.411807,2682366.126422,0.0139194139194139,0.0732600732600733,0.091025641025641,0.445970695970696,0.189377289377289,0.186446886446886
201273.411807,2682366.126422,0.0157682434910158,0.0902090209020902,0.0495049504950495,0.517051705170517,0.134213421342134,0.193252658599193
201773.411807,2682366.126422,0.0571428571428571,0.417032967032967,0.0489010989010989,0.154945054945055,0.093040293040293,0.228937728937729
202273.411807,2682366.126422,0.0684981684981685,0.0761904761904762,0.0102564102564103,0.13003663003663,0.178205128205128,0.536813186813187
202773.411807,2682366.126422,0.0212687935460213,0.104510451045105,0.07004033736707,0.626145947928126,0.118811881188119,0.0592225889255592
203273.411807,2682366.126422,0.0465201465201465,0.0578754578754579,0.00824175824175824,0.668131868131868,0.137912087912088,0.0813186813186813
203773.411807,2682366.126422,0.0247252747252747,0.0567765567765568,0.0163003663003663,0.705494505494506,0.106776556776557,0.0899267399267399
204273.411807,2682366.126422,0.0300696736340301,0.129262926292629,0.00201686835350202,0.436010267693436,0.167583425009168,0.235056839017235
204773.411807,2682366.126422,0.0293040293040293,0.407142857142857,0,0.0935897435897436,0.0490842490842491,0.420879120879121
205273.411807,2682366.126422,0.0336996336996337,0.55970695970696,0.000183150183150183,0.0998168498168498,0.0587912087912088,0.247802197802198
205773.411807,2682366.126422,0.0531719838650532,0.0557389072240557,0.00183351668500183,0.495782911624496,0.167216721672167,0.226255958929226
206273.411807,2682366.126422,0.0789377289377289,0.026007326007326,0.000183150183150183,0.263003663003663,0.0624542124542125,0.569413919413919
206773.411807,2682366.126422,0.093040293040293,0.0120879120879121,0,0.104395604395604,0.0710622710622711,0.719413919413919
207273.411807,2682366.126422,0.0471213788045471,0.057022368903557,0,0.0128346167950128,0.0474880821415475,0.835533553355336
207773.411807,2682366.126422,0.045970695970696,0.0945054945054945,0,0.0917582417582418,0.0657509157509158,0.702014652014652
208273.411807,2682366.126422,0.0877289377289377,0.139010989010989,0,0.0838827838827839,0.206776556776557,0.482600732600733
208773.411807,2682366.126422,0.079024569123579,0.109094242757609,0.0022002200220022,0.0973597359735974,0.088008800880088,0.624312431243124
209273.411807,2682366.126422,0.117948717948718,0.266300366300366,0.0119047619047619,0.0377289377289377,0.0355311355311355,0.530586080586081
209773.411807,2682366.126422,0.20989010989011,0.0249084249084249,0.00311355311355311,0.166849816849817,0.217216117216117,0.378021978021978
210273.411807,2682366.126422,0.0441877521085442,0.0551888522185552,0.00458379171250458,0.459112577924459,0.18005133846718,0.256875687568757
210773.411807,2682366.126422,0.106776556776557,0.0974358974358974,0,0.0904761904761905,0.0957875457875458,0.60952380952381
211273.411807,2682366.126422,0.032967032967033,0.00531135531135531,0,0.228571428571429,0.0688644688644689,0.664285714285714
211773.411807,2682366.126422,0.00876383763837638,0.00530442804428044,0,0.0968634686346864,0.0325184501845018,0.856549815498155
199273.411807,2681866.126422,0,0.00199146514935989,0.391749644381223,0.604267425320057,0.00085348506401138,0.00113798008534851
199773.411807,2681866.126422,0.00971229613340663,0.178669598680594,0.0267546270844787,0.320139270661536,0.0753161077515118,0.389408099688474
200273.411807,2681866.126422,0.0669847678473114,0.0289961460818499,0.0499174160396403,0.600844191594788,0.169388878693338,0.0838685997430721
200773.411807,2681866.126422,0.0350265908674124,0.0412616908123968,0.0588666788923528,0.538052448193655,0.240784889051898,0.086007702182285
201273.411807,2681866.126422,0.0249221183800623,0.459959684808503,0.00604727872457394,0.354773685175005,0.0685358255451713,0.085761407366685
201773.411807,2681866.126422,0.0478986970086254,0.256377316938888,0.0396403009726555,0.424481556248853,0.106992108643788,0.12461002018719
202273.411807,2681866.126422,0.0188886851274528,0.030808729139923,0.022006235099945,0.792958004768018,0.119750596002201,0.015587749862461
202773.411807,2681866.126422,0.0410481949789262,0.465090709180869,0.0579072750595565,0.263148249954187,0.0562580172255818,0.11654755360088
203273.411807,2681866.126422,0.0957973940172509,0.254542117819783,0.00697375665259681,0.383189576069004,0.124977060011011,0.134520095430354
203773.411807,2681866.126422,0.0680359435173299,0.331010452961672,0.0124701998899688,0.348248670456629,0.107647166697231,0.132587566477169
204273.411807,2681866.126422,0.0419644493311343,0.226864577606744,0.00109950522264981,0.462708447865127,0.111416529228514,0.155946490745831
204773.411807,2681866.126422,0.0534042943659387,0.238759405395485,0.000183519911910442,0.332905120205542,0.1370893741971,0.237658285924023
205273.411807,2681866.126422,0.0414450761048964,0.0882083256922795,0.0333761232349166,0.582248303686044,0.109847790207225,0.144874381074638
205773.411807,2681866.126422,0.0164925783397471,0.0174088326919553,0.0111783030969397,0.901594282572842,0.0470954737035001,0.00623052959501558
206273.411807,2681866.126422,0.0543218939254909,0.0159662323362085,0.00275279867865663,0.718480455129382,0.129565057808772,0.0789135621214902
206773.411807,2681866.126422,0.127636163579681,0.0218228498074454,0.00201723821749496,0.42783788740143,0.188520080689529,0.23216578030442
207273.411807,2681866.126422,0.164192779915705,0.0262048744731537,0,0.0621220450797141,0.11544804837823,0.632032252153198
207773.411807,2681866.126422,0.0524866948063865,0.0113782345384474,0,0.0139475133051936,0.0568911726922371,0.865296384657735
208273.411807,2681866.126422,0.0900421786172749,0.0143040528149642,0,0.00330093526499175,0.0366770584999083,0.855675774802861
208773.411807,2681866.126422,0.155579989004948,0.0764156129741616,0.00128275609309144,0.0564412680960235,0.0641378046545721,0.646142569177204
209273.411807,2681866.126422,0.17030647825289,0.147917048999816,0,0.00532207744540283,0.0456964580657001,0.63075793723619
209773.411807,2681866.126422,0.152393178067119,0.17604988079956,0.000550155877498625,0.178617274894553,0.0678525582248304,0.424536952136439
210273.411807,2681866.126422,0.0196078431372549,0.262415246472421,0.00219901044529962,0.277258566978193,0.0903426791277259,0.348176653839106
210773.411807,2681866.126422,0.0390897412369242,0.0400073407964764,0.00422095797394017,0.464488897045329,0.197100385391815,0.255092677555515
211273.411807,2681866.126422,0.0658353200073354,0.0410783055198973,0.00238400880249404,0.236567027324409,0.274527782871814,0.379607555474051
211773.411807,2681866.126422,0.0581314878892734,0.0491349480968858,0.00253748558246828,0.397693194925029,0.143713956170704,0.34878892733564
199273.411807,2681366.126422,0,0.0145092460881935,0.854338549075391,0.129445234708393,0.00142247510668563,0.000284495021337127
199773.411807,2681366.126422,0.0206959706959707,0.0624542124542125,0.00677655677655678,0.744505494505495,0.128205128205128,0.0373626373626374
200273.411807,2681366.126422,0.041651376146789,0.0403669724770642,0.0185321100917431,0.687155963302752,0.153211009174312,0.0590825688073394
200773.411807,2681366.126422,0.089157952669235,0.0267840763162722,0.0148596587782058,0.467620620069712,0.216474041460283,0.185103650706292
201273.411807,2681366.126422,0.00604395604395604,0.0113553113553114,0.0423076923076923,0.908974358974359,0.0217948717948718,0.00952380952380952
201773.411807,2681366.126422,0.00990825688073394,0.00880733944954129,0.0651376146788991,0.841834862385321,0.0700917431192661,0.00422018348623853
202273.411807,2681366.126422,0.0199963309484498,0.229132269308384,0.023115024766098,0.640983305815447,0.0678774536782242,0.0188956154833975
202773.411807,2681366.126422,0.0706959706959707,0.556043956043956,0,0.115384615384615,0.0987179487179487,0.159157509157509
203273.411807,2681366.126422,0.0291743119266055,0.739266055045872,0,0.0726605504587156,0.0552293577981651,0.103669724770642
203773.411807,2681366.126422,0.0221977618785544,0.90020179783526,0,0.00880572372041827,0.0152265639332233,0.0535681526325445
204273.411807,2681366.126422,0.0357142857142857,0.426923076923077,0.00293040293040293,0.255128205128205,0.102014652014652,0.177289377289377
204773.411807,2681366.126422,0.0255045871559633,0.175963302752294,0.00697247706422018,0.227889908256881,0.153211009174312,0.41045871559633
205273.411807,2681366.126422,0.0254999082737112,0.0254999082737112,0.0172445422858191,0.802971931755641,0.100532012474775,0.028251696936342
205773.411807,2681366.126422,0.0767399267399267,0.0254578754578755,0.00677655677655678,0.646336996336996,0.146703296703297,0.097985347985348
206273.411807,2681366.126422,0.0576146788990826,0.0256880733944954,0.0119266055045872,0.513394495412844,0.17394495412844,0.21743119266055
206773.411807,2681366.126422,0.078884608328747,0.0139423958906623,0.000733810310034856,0.367455512749954,0.139057053751605,0.399926618968997
207273.411807,2681366.126422,0.13040293040293,0.00897435897435897,0,0.0296703296703297,0.0576923076923077,0.773260073260073
207773.411807,2681366.126422,0.0489908256880734,0.00660550458715596,0,0.0144954128440367,0.078348623853211,0.851559633027523
208273.411807,2681366.126422,0.0864061640066043,0.0174279948633278,0,0.0201797835259585,0.0741148413135205,0.801871216290589
208773.411807,2681366.126422,0.0613553113553114,0.148901098901099,0,0.0478021978021978,0.0476190476190476,0.694322344322344
209273.411807,2681366.126422,0.0667889908256881,0.269724770642202,0,0.00146788990825688,0.0128440366972477,0.649174311926605
209773.411807,2681366.126422,0.0480645753072831,0.511832691249312,0,0.0133920381581361,0.0574206567602275,0.369290038525041
210273.411807,2681366.126422,0.278754578754579,0.0701465201465201,0,0.0210622710622711,0.0818681318681319,0.548168498168498
210773.411807,2681366.126422,0.128623853211009,0.028256880733945,0,0.11045871559633,0.0998165137614679,0.632844036697248
211273.411807,2681366.126422,0.14125848468171,0.0487983856173179,0,0.198128783709411,0.121629058888277,0.490185287103284
211773.411807,2681366.126422,0.127968641918377,0.0862347244639152,0,0.316808854046576,0.214433940511875,0.254553839059258
199273.411807,2680866.126422,0.00965360590573538,0.0164679159568427,0.465076660988075,0.450028392958546,0.0283929585462805,0.0303804656445202
199773.411807,2680866.126422,0.00733406674000733,0.0236523652365237,0.118995232856619,0.678584525119179,0.132013201320132,0.0394206087275394
200273.411807,2680866.126422,0.0225274725274725,0.0543956043956044,0.0556776556776557,0.641391941391941,0.155494505494505,0.0705128205128205
200773.411807,2680866.126422,0.0554945054945055,0.0525641025641026,0.0655677655677656,0.591025641025641,0.195604395604396,0.0397435897435897
201273.411807,2680866.126422,0.0100843417675101,0.035020168683535,0.0209020902090209,0.842134213421342,0.0485881921525486,0.0432709937660433
201773.411807,2680866.126422,0.0141025641025641,0.0749084249084249,0.0545787545787546,0.801648351648352,0.0293040293040293,0.0254578754578755
202273.411807,2680866.126422,0.0254578754578755,0.523626373626374,0.0010989010989011,0.283516483516484,0.0291208791208791,0.137179487179487
202773.411807,2680866.126422,0.046021268793546,0.3998899889989,0.00201686835350202,0.248991565823249,0.144481114778144,0.158599193252659
203273.411807,2680866.126422,0.0598901098901099,0.612637362637363,0,0.0897435897435897,0.097985347985348,0.13974358974359
203773.411807,2680866.126422,0.0269230769230769,0.713736263736264,0.000366300366300366,0.0697802197802198,0.0228937728937729,0.166300366300366
204273.411807,2680866.126422,0.0368536853685369,0.249174917491749,0,0.194719471947195,0.105977264393106,0.413274660799413
204773.411807,2680866.126422,0.0324175824175824,0.242490842490842,0.00384615384615385,0.346886446886447,0.124542124542125,0.24981684981685
205273.411807,2680866.126422,0.023992673992674,0.0276556776556777,0.00604395604395604,0.822710622710623,0.0752747252747253,0.0443223443223443
205773.411807,2680866.126422,0.16024935826916,0.0324532453245325,0.000916758342500917,0.258159149248258,0.160982764943161,0.387238723872387
206273.411807,2680866.126422,0.17032967032967,0.00366300366300366,0.000366300366300366,0.21959706959707,0.0851648351648352,0.520879120879121
206773.411807,2680866.126422,0.0613553113553114,0.0243589743589744,0.000549450549450549,0.406959706959707,0.193589743589744,0.313186813186813
207273.411807,2680866.126422,0.134580124679135,0.00403373670700403,0,0.0133846718005134,0.0412541254125413,0.806747341400807
207773.411807,2680866.126422,0.114468864468864,0.00750915750915751,0,0.0228937728937729,0.076007326007326,0.779120879120879
208273.411807,2680866.126422,0.0747252747252747,0.00128205128205128,0,0.00769230769230769,0.0111721611721612,0.905128205128205
208773.411807,2680866.126422,0.0903923725705904,0.137147048038137,0.00238357169050238,0.052988632196553,0.03997066373304,0.677117711771177
209273.411807,2680866.126422,0.00970695970695971,0.418681318681319,0,0,0.00311355311355311,0.568498168498168
209773.411807,2680866.126422,0.0148351648351648,0.497435897435897,0,0,0.00879120879120879,0.478937728937729
210273.411807,2680866.126422,0.0526219288595526,0.277044371103777,0,0.0636230289695636,0.0993766043270994,0.507334066740007
210773.411807,2680866.126422,0.165018315018315,0.0913919413919414,0,0.227655677655678,0.196153846153846,0.31978021978022
211273.411807,2680866.126422,0.378754578754579,0.000732600732600733,0,0.023992673992674,0.0776556776556777,0.518864468864469
211773.411807,2680866.126422,0.152905904059041,0.0154520295202952,0,0.251614391143911,0.137915129151292,0.442112546125461
199273.411807,2680366.126422,0.000284495021337127,0.020199146514936,0.136273115220484,0.75647226173542,0.0586059743954481,0.0281650071123755
199773.411807,2680366.126422,0.00769653655854865,0.379512552684625,0.241891148982958,0.169140553417629,0.0769653655854865,0.124793842770753
200273.411807,2680366.126422,0.00807487612405946,0.250137639933933,0.0956138741053404,0.371444301706735,0.0932281152505047,0.181501192879427
200773.411807,2680366.126422,0.0298918026774253,0.0962772785622593,0.100495140289749,0.712268476068219,0.0366770584999083,0.024390243902439
201273.411807,2680366.126422,0.0307861462341946,0.122045079714129,0.0593732820230896,0.628733736485248,0.0733003481766538,0.085761407366685
201773.411807,2680366.126422,0.0396403009726555,0.175261515874472,0.0225729491649844,0.598825472563773,0.080932281152505,0.0827674802716095
202273.411807,2680366.126422,0.0487804878048781,0.673390794058316,0,0.109114249037227,0.0720704199523198,0.0966440491472584
202773.411807,2680366.126422,0.0698185816382628,0.475902510536925,0.000549752611324904,0.208356239692139,0.13560564412681,0.109767271394539
203273.411807,2680366.126422,0.0376215819416407,0.635345935033951,0.00183519911910442,0.147917048999816,0.0478986970086254,0.129381537896862
203773.411807,2680366.126422,0.0478635613423803,0.474417751696314,0.00256739409499358,0.310104529616725,0.0753713552173116,0.0896754080322758
204273.411807,2680366.126422,0.0458127176104087,0.142019424592267,0.00293201392706615,0.55268462525197,0.127359354956936,0.129191863661352
204773.411807,2680366.126422,0.0378051018535511,0.0946962745457882,0.000917599559552211,0.548173976876491,0.12020554230134,0.198201504863278
205273.411807,2680366.126422,0.0711534934898221,0.0168714469099578,0.000733541169998166,0.32385842655419,0.108564093159729,0.478818998716303
205773.411807,2680366.126422,0.0553417628733736,0.0289536375297783,0.00696353307678211,0.239142385926333,0.115997800989555,0.553600879604178
206273.411807,2680366.126422,0.0418425399155808,0.0447788585061479,0.00183519911910442,0.551110295467058,0.205358781427785,0.155074325564324
206773.411807,2680366.126422,0.0267742527049331,0.0430955437373923,0.00165046763249587,0.623509994498441,0.1600953603521,0.144874381074638
207273.411807,2680366.126422,0.200293201392707,0.009529045262965,0.000733003481766538,0.20065970313359,0.156496243357156,0.432288803371816
207773.411807,2680366.126422,0.242429803633694,0.00642319691686548,0,0.0653330886401175,0.0836850798311617,0.602128830978161
208273.411807,2680366.126422,0.0893086374472767,0.00348432055749129,0,0.0557491289198606,0.0289748762149276,0.822483036860444
208773.411807,2680366.126422,0.127542605827378,0.144035184167125,0,0.00128275609309144,0.0240058640278541,0.703133589884552
209273.411807,2680366.126422,0.0486327766562672,0.417507799596256,0,0.000183519911910442,0.0266103872270141,0.507065516608552
209773.411807,2680366.126422,0.0370438290849074,0.272877315239318,0,0.0546488171648634,0.0863744727672841,0.549055565743627
210273.411807,2680366.126422,0.00879604178119846,0.00623052959501558,0,0.465640461792194,0.448781381711563,0.0705515851200293
210773.411807,2680366.126422,0.153789686180951,0.0884565975408332,0,0.252523398788769,0.17434391631492,0.330886401174527
211273.411807,2680366.126422,0.342747111681643,0.00146708233999633,0.000366770584999083,0.0397946084724005,0.110764716669723,0.504859710251238
211773.411807,2680366.126422,0.162168396770473,0.085121107266436,0,0.135870818915802,0.134025374855825,0.482814302191465
199273.411807,2679866.126422,0.00625889046941679,0.102702702702703,0.180938833570413,0.324324324324324,0.0981507823613087,0.287624466571835
199773.411807,2679866.126422,0.0258241758241758,0.171428571428571,0.0461538461538462,0.247252747252747,0.141575091575092,0.367765567765568
200273.411807,2679866.126422,0.0172477064220183,0.0436697247706422,0.048256880733945,0.629908256880734,0.148990825688073,0.111926605504587
200773.411807,2679866.126422,0.0277013392038158,0.292239955971381,0.0209135938359934,0.515501742799486,0.0629242340854889,0.0807191341038342
201273.411807,2679866.126422,0.0318681318681319,0.131868131868132,0.0935897435897436,0.586813186813187,0.0639194139194139,0.0919413919413919
201773.411807,2679866.126422,0.0177981651376147,0.169724770642202,0.038348623853211,0.565137614678899,0.129908256880734,0.0790825688073395
202273.411807,2679866.126422,0.0348559897266557,0.446340121078701,0.00091726288754357,0.238855255916346,0.0719134103834159,0.207117960007338
202773.411807,2679866.126422,0.0448717948717949,0.415384615384615,0.000915750915750916,0.325091575091575,0.114835164835165,0.0989010989010989
203273.411807,2679866.126422,0.0414678899082569,0.771559633027523,0,0.0823853211009174,0.0442201834862385,0.0603669724770642
203773.411807,2679866.126422,0.0310034855989727,0.695835626490552,0.000550357732526142,0.170243991928087,0.0442120711796001,0.0581544670702623
204273.411807,2679866.126422,0.0192307692307692,0.782051282051282,0,0.0181318681318681,0.0315018315018315,0.149084249084249
204773.411807,2679866.126422,0.0267889908256881,0.129357798165138,0.00201834862385321,0.621834862385321,0.119082568807339,0.100917431192661
205273.411807,2679866.126422,0.0700788846083287,0.0258668134287287,0,0.0581544670702623,0.108603925885159,0.737295909007522
205773.411807,2679866.126422,0.0899267399267399,0.0327838827838828,0.000366300366300366,0.347802197802198,0.217399267399267,0.311721611721612
206273.411807,2679866.126422,0.0511926605504587,0.0300917431192661,0.00201834862385321,0.663853211009174,0.182018348623853,0.0708256880733945
206773.411807,2679866.126422,0.0440286186020914,0.0576041093377362,0.000183452577508714,0.60337552742616,0.149513850669602,0.145294441386901
207273.411807,2679866.126422,0.157326007326007,0.0175824175824176,0,0.350915750915751,0.21007326007326,0.264102564102564
207773.411807,2679866.126422,0.308256880733945,0.00532110091743119,0,0.113577981651376,0.0844036697247706,0.488440366972477
208273.411807,2679866.126422,0.299761511649239,0.00385250412768299,0,0.0456796917996698,0.0299027701339204,0.620803522289488
208773.411807,2679866.126422,0.0992673992673993,0.0333333333333333,0,0.0137362637362637,0.105128205128205,0.748534798534799
209273.411807,2679866.126422,0.0471559633027523,0.309908256880734,0,0.0300917431192661,0.0552293577981651,0.557614678899083
209773.411807,2679866.126422,0.0933773619519354,0.173546138323243,0,0.0122913226930838,0.171711612548156,0.549073564483581
210273.411807,2679866.126422,0.0904761904761905,0.102197802197802,0,0.0509157509157509,0.201465201465201,0.554945054945055
210773.411807,2679866.126422,0.241284403669725,0.0829357798165138,0,0.22256880733945,0.107155963302752,0.34605504587156
211273.411807,2679866.126422,0.171895065125665,0.0161438268207668,0,0.087873784626674,0.130618235186204,0.59346908824069
211773.411807,2679866.126422,0.0724002766889555,0.184920451925294,0.00507263085081854,0.117362231957574,0.160940742448697,0.45930366612866
199273.411807,2679366.126422,0.0442930153321976,0.53038046564452,0.0272572402044293,0.0905735377626349,0.042305508233958,0.26519023282226
199773.411807,2679366.126422,0.013017968463513,0.339383938393839,0.0166850018335167,0.386505317198386,0.0625229189585625,0.181884855152182
200273.411807,2679366.126422,0.0238095238095238,0.0668498168498168,0.118681318681319,0.631318681318681,0.101282051282051,0.0580586080586081
200773.411807,2679366.126422,0.019047619047619,0.123443223443223,0.0234432234432234,0.681135531135531,0.0648351648351648,0.0880952380952381
201273.411807,2679366.126422,0.01998533186652,0.094976164283095,0.0275027502750275,0.732489915658233,0.0663733039970664,0.0586725339200587
201773.411807,2679366.126422,0.0507326007326007,0.52032967032967,0.000549450549450549,0.249267399267399,0.0631868131868132,0.115934065934066
202273.411807,2679366.126422,0.0276556776556777,0.661538461538462,0.000732600732600733,0.150915750915751,0.0673992673992674,0.0917582417582418
202773.411807,2679366.126422,0.0108177484415108,0.806013934726806,0,0.0975430876420975,0.0366703337000367,0.048954895489549
203273.411807,2679366.126422,0.0258241758241758,0.730769230769231,0,0.0840659340659341,0.0408424908424908,0.118498168498168
203773.411807,2679366.126422,0.0402930402930403,0.582967032967033,0.00531135531135531,0.165750915750916,0.0641025641025641,0.141575091575092
204273.411807,2679366.126422,0.0522552255225523,0.364136413641364,0.00403373670700403,0.270810414374771,0.119178584525119,0.18958562522919
204773.411807,2679366.126422,0.0637362637362637,0.106959706959707,0.00769230769230769,0.332967032967033,0.132783882783883,0.355860805860806
205273.411807,2679366.126422,0.0783882783882784,0.0327838827838828,0,0.107875457875458,0.146703296703297,0.634249084249084
205773.411807,2679366.126422,0.101026769343601,0.0192519251925193,0.000733406674000733,0.195086175284195,0.141364136413641,0.542537587092043
206273.411807,2679366.126422,0.0483516483516484,0.0276556776556777,0.00128205128205128,0.59029304029304,0.163919413919414,0.168498168498169
206773.411807,2679366.126422,0.108424908424908,0.0373626373626374,0.000366300366300366,0.38003663003663,0.190659340659341,0.283150183150183
207273.411807,2679366.126422,0.152731939860653,0.0621562156215622,0,0.367253392005867,0.216354968830216,0.201503483681702
207773.411807,2679366.126422,0.372161172161172,0.0119047619047619,0.00146520146520147,0.158791208791209,0.1,0.355677655677656
208273.411807,2679366.126422,0.374725274725275,0.000915750915750916,0,0.00604395604395604,0.023992673992674,0.594322344322344
208773.411807,2679366.126422,0.161532819948662,0.0876420975430876,0,0.0155848918225156,0.0518885221855519,0.683351668500183
209273.411807,2679366.126422,0.0679487179487179,0.196703296703297,0.000183150183150183,0.0465201465201465,0.0734432234432234,0.615201465201465
209773.411807,2679366.126422,0.169230769230769,0.0888278388278388,0,0.0254578754578755,0.0534798534798535,0.663003663003663
210273.411807,2679366.126422,0.182434910157682,0.00146681334800147,0,0.0535386872020535,0.0612394572790612,0.701320132013201
210773.411807,2679366.126422,0.244871794871795,0.0624542124542125,0,0.089010989010989,0.12014652014652,0.483516483516484
211273.411807,2679366.126422,0.0932234432234432,0.130769230769231,0.000183150183150183,0.248351648351648,0.108791208791209,0.418681318681319
211773.411807,2679366.126422,0.121079335793358,0.259455719557196,0.00507380073800738,0.241928044280443,0.0786439114391144,0.293819188191882
199273.411807,2678866.126422,0.0190611664295875,0.770697012802276,0,0.0708392603129445,0.0170697012802276,0.122332859174964
199773.411807,2678866.126422,0.024555616639179,0.245189664650907,0.00384826827927433,0.315557998900495,0.16034451163643,0.250503939893715
200273.411807,2678866.126422,0.0139475133051936,0.0658836483758488,0.0385391815011929,0.552761974674252,0.109194347586713,0.219673334556799
200773.411807,2678866.126422,0.0260407115349349,0.145241151659637,0.0456629378323858,0.54410416284614,0.100495140289749,0.138455895837154
201273.411807,2678866.126422,0.0164925783397471,0.232362103719993,0.0225398570643211,0.577240241891149,0.0809968847352025,0.0703683342495877
201773.411807,2678866.126422,0.0306478252890439,0.204074142044412,0.000734079647641769,0.54780693705267,0.140576252523399,0.0761607634428336
202273.411807,2678866.126422,0.0311754997249221,0.578763983128553,0.000366770584999083,0.211626627544471,0.0715202640748212,0.106546854942234
202773.411807,2678866.126422,0.0262048744731537,0.920285871357889,0,0.0280373831775701,0.00769653655854865,0.0177753344328386
203273.411807,2678866.126422,0.0313819049366856,0.808588731877409,0,0.0941457148100569,0.0229399889888053,0.0429436593870435
203773.411807,2678866.126422,0.0434623143223913,0.534934898221163,0,0.251054465431872,0.0911424903722722,0.0794058316523015
204273.411807,2678866.126422,0.0494777350192413,0.103903243540407,0,0.328752061572292,0.199010445299615,0.318856514568444
204773.411807,2678866.126422,0.097082033400624,0.0229399889888053,0,0.133235456046981,0.076344283354744,0.670398238208846
205273.411807,2678866.126422,0.0856409315972859,0.0258573262424354,0,0.177516963139556,0.161012286814597,0.549972492206125
205773.411807,2678866.126422,0.05717427157779,0.0243723657687374,0,0.135972145867693,0.136338647608576,0.646142569177204
206273.411807,2678866.126422,0.0616626904019086,0.0247751881079097,0.000367039823820885,0.467608735547807,0.172325197283905,0.273261148834649
206773.411807,2678866.126422,0.113148725472217,0.0172382174949569,0.000183385292499542,0.358334861544104,0.203557674674491,0.307537135521731
207273.411807,2678866.126422,0.0956569543705333,0.0289536375297783,0,0.494594099321972,0.210921751878321,0.169873556899395
207773.411807,2678866.126422,0.254358597907873,0.00605615709304459,0.00532207744540283,0.224811892090292,0.10790970820334,0.401541567260048
208273.411807,2678866.126422,0.388410049514029,0.00275077938749312,0,0,0.00825233816247937,0.600586832935999
208773.411807,2678866.126422,0.14018691588785,0.100604727872457,0,0,0.0102620487447315,0.748946307494961
209273.411807,2678866.126422,0.16186456230501,0.123141860891907,0,0.0141310332171041,0.0409249403560286,0.65993760322995
209773.411807,2678866.126422,0.270860077021823,0.00110031175499725,0,0.00110031175499725,0.00806895286997983,0.718870346598203
210273.411807,2678866.126422,0.200842954004032,0.0260216236027121,0.00183250870441635,0.00238226131574125,0.0137438152831226,0.755176837089976
210773.411807,2678866.126422,0.169755918517159,0.131950816663608,0.000917599559552211,0.180767113231786,0.0403743806202973,0.476234171407598
211273.411807,2678866.126422,0.0586832935998533,0.0856409315972859,0.0097194205024757,0.585365853658537,0.146524848707134,0.114065651934715
211773.411807,2678866.126422,0.0964244521337947,0.0657439446366782,0,0.380392156862745,0.16401384083045,0.293425605536332
199273.411807,2678366.126422,0.00739687055476529,0.515220483641536,0.0395448079658606,0.215647226173542,0.0520625889046942,0.170128022759602
199773.411807,2678366.126422,0.010989010989011,0.122161172161172,0.06996336996337,0.574908424908425,0.134981684981685,0.086996336996337
200273.411807,2678366.126422,0.0251376146788991,0.140366972477064,0.0324770642201835,0.61743119266055,0.102935779816514,0.081651376146789
200773.411807,2678366.126422,0.0332049165290772,0.353146211704274,0.00953953403045313,0.468170977802238,0.0585213722252798,0.0774169877086773
201273.411807,2678366.126422,0.0184981684981685,0.4496336996337,0.0102564102564103,0.385347985347985,0.0648351648351648,0.0714285714285714
201773.411807,2678366.126422,0.053394495412844,0.326788990825688,0.00697247706422018,0.491926605504587,0.061651376146789,0.0592660550458716
202273.411807,2678366.126422,0.0201797835259585,0.854338653458081,0,0.0207301412584847,0.0354063474591818,0.0693450742982939
202773.411807,2678366.126422,0.000732600732600733,0.967582417582418,0,0.00274725274725275,0.000732600732600733,0.0282051282051282
203273.411807,2678366.126422,0.0240366972477064,0.776330275229358,0,0.125321100917431,0.0398165137614679,0.0344954128440367
203773.411807,2678366.126422,0.0286186020913594,0.734360667767382,0.00238488350761328,0.0530177949000183,0.060906255732893,0.120711796000734
204273.411807,2678366.126422,0.11007326007326,0.0593406593406593,0.000732600732600733,0.394688644688645,0.153479853479853,0.281684981684982
204773.411807,2678366.126422,0.0456880733944954,0.0352293577981651,0,0.125504587155963,0.164954128440367,0.628623853211009
205273.411807,2678366.126422,0.0959456980370574,0.0176114474408365,0.000366905155017428,0.137222527976518,0.106035589800037,0.642817831590534
205773.411807,2678366.126422,0.0573260073260073,0.0472527472527473,0,0.214102564102564,0.21959706959707,0.461721611721612
206273.411807,2678366.126422,0.118715596330275,0.0137614678899083,0,0.435963302752294,0.191192660550459,0.240366972477064
206773.411807,2678366.126422,0.106219042377545,0.0194459732159237,0,0.342689414786278,0.239222161071363,0.29242340854889
207273.411807,2678366.126422,0.148534798534799,0.00879120879120879,0,0.394871794871795,0.17985347985348,0.267948717948718
207773.411807,2678366.126422,0.422385321100917,0.00642201834862385,0.00055045871559633,0.0888073394495413,0.0546788990825688,0.427155963302752
208273.411807,2678366.126422,0.47073931388736,0.000183452577508714,0,0.000366905155017428,0.00532012474775271,0.523390203632361
208773.411807,2678366.126422,0.268864468864469,0.0197802197802198,0,0,0.0179487179487179,0.693406593406593
209273.411807,2678366.126422,0.280366972477064,0.00330275229357798,0.00513761467889908,0.0229357798165138,0.0462385321100917,0.642018348623853
209773.411807,2678366.126422,0.294441386901486,0.0544854155200881,0.00293524124013942,0.182718767198679,0.0484314804623005,0.416987708677307
210273.411807,2678366.126422,0.0564102564102564,0.122710622710623,0.00677655677655678,0.571062271062271,0.0978021978021978,0.145238095238095
210773.411807,2678366.126422,0.138899082568807,0.058348623853211,0.0277064220183486,0.399266055045872,0.112110091743119,0.263669724770642
211273.411807,2678366.126422,0.141075032104201,0.0818198495688864,0.00458631443771785,0.268941478627775,0.237754540451293,0.265822784810127
211773.411807,2678366.126422,0.125201752363385,0.0451925293982015,0,0.156790408116209,0.131888402121282,0.540926908000922
199273.411807,2677866.126422,0.0178875638841567,0.756672345258376,0.00255536626916525,0.0147643384440659,0.0286768881317433,0.179443498012493
199773.411807,2677866.126422,0.035020168683535,0.44994499449945,0.00586725339200587,0.341400806747341,0.0933259992665933,0.0744407774110744
200273.411807,2677866.126422,0.0481684981684982,0.328937728937729,0.0173992673992674,0.289194139194139,0.108974358974359,0.207326007326007
200773.411807,2677866.126422,0.0501831501831502,0.182967032967033,0.000549450549450549,0.478205128205128,0.119047619047619,0.169047619047619
201273.411807,2677866.126422,0.0359369270260359,0.426842684268427,0,0.127612761276128,0.152365236523652,0.257242390905757
201773.411807,2677866.126422,0.0344322344322344,0.324358974358974,0.000549450549450549,0.464468864468864,0.115018315018315,0.0611721611721612
202273.411807,2677866.126422,0.0340659340659341,0.784615384615385,0.00347985347985348,0.060989010989011,0.047985347985348,0.0688644688644689
202773.411807,2677866.126422,0.0133846718005134,0.812614594792813,0,0.103043637697103,0.0243857719105244,0.0465713237990466
203273.411807,2677866.126422,0.0164835164835165,0.695054945054945,0,0.093040293040293,0.0648351648351648,0.130586080586081
203773.411807,2677866.126422,0.0364468864468864,0.594871794871795,0,0.0450549450549451,0.104212454212454,0.219413919413919
204273.411807,2677866.126422,0.0867253392005867,0.0792079207920792,0.00055005500550055,0.192702603593693,0.166666666666667,0.474147414741474
204773.411807,2677866.126422,0.142857142857143,0.0358974358974359,0,0.0503663003663004,0.0902930402930403,0.680586080586081
205273.411807,2677866.126422,0.0543956043956044,0.00805860805860806,0,0.290842490842491,0.0826007326007326,0.564102564102564
205773.411807,2677866.126422,0.0649064906490649,0.111844517785112,0.00055005500550055,0.344884488448845,0.200953428676201,0.276861019435277
206273.411807,2677866.126422,0.142857142857143,0.0168498168498168,0,0.282967032967033,0.168131868131868,0.389194139194139
206773.411807,2677866.126422,0.152014652014652,0.0216117216117216,0,0.176373626373626,0.129487179487179,0.520512820512821
207273.411807,2677866.126422,0.416208287495416,0.0022002200220022,0.000366703337000367,0.0812247891455812,0.0740740740740741,0.425925925925926
207773.411807,2677866.126422,0.496153846153846,0,0,0.00146520146520147,0.00347985347985348,0.498901098901099
208273.411807,2677866.126422,0.368315018315018,0,0.00256410256410256,0.00970695970695971,0.0153846153846154,0.604029304029304
208773.411807,2677866.126422,0.231206453978731,0.0196186285295196,0,0.00715071507150715,0.0328199486615328,0.709204253758709
209273.411807,2677866.126422,0.2496336996337,0.0133699633699634,0.0122710622710623,0.041025641025641,0.0844322344322344,0.599267399267399
209773.411807,2677866.126422,0.288461538461538,0.0516483516483516,0.000915750915750916,0.215934065934066,0.12985347985348,0.313186813186813
210273.411807,2677866.126422,0.0997433076640997,0.0931426475980931,0,0.281994866153282,0.218921892189219,0.306197286395306
210773.411807,2677866.126422,0.0470695970695971,0.0567765567765568,0.00805860805860806,0.781501831501832,0.0558608058608059,0.0507326007326007
211273.411807,2677866.126422,0.13992673992674,0.0481684981684982,0.00842490842490842,0.490659340659341,0.152564102564103,0.16025641025641
211773.411807,2677866.126422,0.132149446494465,0.0297509225092251,0.000230627306273063,0.261531365313653,0.190728782287823,0.385608856088561
199273.411807,2677366.126422,0.0389758179231863,0.2950213371266,0,0.170981507823613,0.136273115220484,0.358748221906117
199773.411807,2677366.126422,0.0247388675096207,0.502107385010079,0.00787978742899029,0.232362103719993,0.0859446582371266,0.146967198094191
200273.411807,2677366.126422,0.0222059093411635,0.631124977060011,0.00679023674068636,0.152138006973757,0.0574417324279684,0.130299137456414
200773.411807,2677366.126422,0.035209976159912,0.532550889418669,0.0227397762699432,0.164863377957088,0.0761048963873097,0.168531083807079
201273.411807,2677366.126422,0.0597397837639729,0.214220267546271,0,0.371632765255635,0.203225215319773,0.151181968114349
201773.411807,2677366.126422,0.0183519911910442,0.590934116351624,0,0.288676821435126,0.0724903652046247,0.0295467058175812
202273.411807,2677366.126422,0.0117366587199707,0.896387309737759,0,0.0198056115899505,0.0207225380524482,0.0513478818998716
202773.411807,2677366.126422,0.01905809052593,0.898845519516218,0,0.00623052959501558,0.0214403518416712,0.0544255085211655
203273.411807,2677366.126422,0.0121123141860892,0.857955588181318,0,0.0225729491649844,0.0535878142778491,0.0537713341897596
203773.411807,2677366.126422,0.0300751879699248,0.684393911608289,0,0.0577663671373556,0.070786722904823,0.156977810379608
204273.411807,2677366.126422,0.131390874106652,0.0144768187648891,0,0.12332783580722,0.16144401685908,0.569360454462159
204773.411807,2677366.126422,0.058909891723252,0.0082583960359699,0,0.00991007524316388,0.0554230133969536,0.867498623600661
205273.411807,2677366.126422,0.0522648083623693,0.0273244085824317,0,0.167614157344581,0.29194938565927,0.460847240051348
205773.411807,2677366.126422,0.162360271211288,0.0203408466190214,0,0.16144401685908,0.107201759208356,0.548653106102254
206273.411807,2677366.126422,0.122040741420444,0.0194531106625069,0,0.338777757386676,0.155808405211966,0.363919985318407
206773.411807,2677366.126422,0.149092242802127,0.0161379057399597,0,0.274161012286815,0.145974692829635,0.414634146341463
207273.411807,2677366.126422,0.251053692505039,0.00678028220634048,0.000183250870441635,0.123511086677662,0.0844786512735936,0.533993036466923
207773.411807,2677366.126422,0.29032850064232,0.00532207744540283,0,0.00110111947146265,0.0167003119838502,0.686547990456965
208273.411807,2677366.126422,0.169081239684577,0.0916926462497708,0,0.00311754997249221,0.0115532734274711,0.724555290665689
208773.411807,2677366.126422,0.0447132123877588,0.119479567527946,0,0.0254718709913872,0.0725673446948873,0.737768004398021
209273.411807,2677366.126422,0.160212883097816,0.0278950266103872,0,0.00587263718113415,0.0579922921636998,0.748027160946963
209773.411807,2677366.126422,0.222262974509444,0.0282413350449294,0.000733541169998166,0.211443242251971,0.150375939849624,0.386942967174033
210273.411807,2677366.126422,0.13230712845886,0.186549386109584,0,0.154297232911856,0.168957302547187,0.357888949972512
210773.411807,2677366.126422,0.122774821068086,0.159845843273995,0.015782712424298,0.310148651128647,0.077995962561938,0.313452009543035
211273.411807,2677366.126422,0.129286631212177,0.0159545204474601,0.00861910874747845,0.152209792774619,0.0894920227397763,0.604437924078489
211773.411807,2677366.126422,0.0567474048442907,0.268973471741638,0.000230680507497116,0.187312572087659,0.185236447520185,0.301499423298731
199273.411807,2676866.126422,0,0.0406827880512091,0.701280227596017,0.157325746799431,0.07425320056899,0.0264580369843528
199773.411807,2676866.126422,0.00531135531135531,0.34029304029304,0.283516483516484,0.177472527472527,0.0494505494505494,0.143956043956044
200273.411807,2676866.126422,0.0273394495412844,0.672293577981651,0.00055045871559633,0.12256880733945,0.0478899082568807,0.129357798165138
200773.411807,2676866.126422,0.0410933773619519,0.675472390387085,0,0.09557879288204,0.073747936158503,0.11410750321042
201273.411807,2676866.126422,0.0380952380952381,0.514652014652015,0,0.168315018315018,0.0998168498168498,0.179120879120879
201773.411807,2676866.126422,0.0489908256880734,0.433761467889908,0,0.235779816513761,0.144403669724771,0.137064220183486
202273.411807,2676866.126422,0.0381581361218125,0.603925885158687,0.00183452577508714,0.165290772335351,0.0977802238121446,0.093010456796918
202773.411807,2676866.126422,0.0153846153846154,0.804029304029304,0,0.0732600732600733,0.0241758241758242,0.0831501831501831
203273.411807,2676866.126422,0.0157798165137615,0.837614678899083,0,0.0447706422018349,0.028256880733945,0.0735779816513761
203773.411807,2676866.126422,0.0436617134470739,0.316088791047514,0,0.373325995230233,0.138873601174097,0.128049899101082
204273.411807,2676866.126422,0.201831501831502,0.0115384615384615,0,0.181868131868132,0.130586080586081,0.474175824175824
204773.411807,2676866.126422,0.0493577981651376,0.00110091743119266,0,0.00165137614678899,0.0137614678899083,0.934128440366973
205273.411807,2676866.126422,0.136305265088975,0.0135754907356448,0,0.0425609979820216,0.0596220876903321,0.747936158503027
205773.411807,2676866.126422,0.0785714285714286,0.0274725274725275,0.000183150183150183,0.367216117216117,0.139194139194139,0.387362637362637
206273.411807,2676866.126422,0.180733944954128,0.00752293577981651,0,0.217981651376147,0.127339449541284,0.466422018348624
