"x","y","forest","agri","water","built","other","grass"
326273.411807,2751866.126422,0.987339449541284,0,0,0,0,0.0126605504587156
326773.411807,2751866.126422,0.923500275178866,0.00550357732526142,0,0,0,0.0709961474958723
327273.411807,2751866.126422,0.917948717948718,0.00128205128205128,0,0.000183150183150183,0.00274725274725275,0.0778388278388278
327773.411807,2751866.126422,0.875596330275229,0.0141284403669725,0,0,0,0.110275229357798
328273.411807,2751866.126422,0.840946615299945,0,0,0,0.00476976701522656,0.154283617684828
328773.411807,2751866.126422,0.856959706959707,0,0,0,0,0.143040293040293
329273.411807,2751866.126422,0.89394495412844,0,0,0,0,0.10605504587156
329773.411807,2751866.126422,0.914511098880939,0,0,0,0,0.0854889011190607
330273.411807,2751866.126422,0.921794871794872,0,0,0,0,0.0782051282051282
330773.411807,2751866.126422,0.857614678899083,0,0,0,0.00110091743119266,0.141284403669725
331273.411807,2751866.126422,0.913960741148413,0,0,0,0,0.0860392588515869
331773.411807,2751866.126422,0.772710622710623,0.000732600732600733,0,0,0.00164835164835165,0.224908424908425
332273.411807,2751866.126422,0.908990825688073,0,0,0,0,0.0910091743119266
332773.411807,2751866.126422,0.842781141075032,0.000183452577508714,0,0.00091726288754357,0.00403595670519171,0.152082186754724
333273.411807,2751866.126422,0.93974358974359,0,0,0,0,0.0602564102564103
333773.411807,2751866.126422,0.84697247706422,0,0,0.00036697247706422,0.00073394495412844,0.151926605504587
334273.411807,2751866.126422,0.492570170610897,0.00183452577508714,0.000733810310034856,0.0842047330764997,0.0618235186204366,0.358833241607045
334773.411807,2751866.126422,0.111721611721612,0.10989010989011,0.000549450549450549,0.124358974358974,0.104029304029304,0.549450549450549
326273.411807,2751366.126422,0.994139194139194,0,0,0,0,0.00586080586080586
326773.411807,2751366.126422,0.964468864468864,0.000366300366300366,0,0,0,0.0351648351648352
327273.411807,2751366.126422,0.941510817748441,0.00165016501650165,0,0,0.000183351668500183,0.0566556655665567
327773.411807,2751366.126422,0.89010989010989,0,0,0,0,0.10989010989011
328273.411807,2751366.126422,0.814102564102564,0.000183150183150183,0,0.000732600732600733,0.0197802197802198,0.165201465201465
328773.411807,2751366.126422,0.760726072607261,0,0,0,0,0.239273927392739
329273.411807,2751366.126422,0.645970695970696,0.000183150183150183,0,0,0.000549450549450549,0.353296703296703
329773.411807,2751366.126422,0.875457875457875,0,0,0,0,0.124542124542125
330273.411807,2751366.126422,0.926842684268427,0,0,0,0,0.0731573157315732
330773.411807,2751366.126422,0.926007326007326,0,0,0.000183150183150183,0.00183150183150183,0.071978021978022
331273.411807,2751366.126422,0.916849816849817,0,0,0,0,0.0831501831501831
331773.411807,2751366.126422,0.77997799779978,0.00385038503850385,0,0.0011001100110011,0.00165016501650165,0.213421342134213
332273.411807,2751366.126422,0.790659340659341,0,0,0.0021978021978022,0.0205128205128205,0.186630036630037
332773.411807,2751366.126422,0.618681318681319,0.00128205128205128,0,0.00769230769230769,0.0516483516483516,0.320695970695971
333273.411807,2751366.126422,0.484048404840484,0.00311697836450312,0,0.0011001100110011,0.00605060506050605,0.505683901723506
333773.411807,2751366.126422,0.292490842490843,0.0043956043956044,0,0.0465201465201465,0.0952380952380952,0.561355311355311
334273.411807,2751366.126422,0.0529304029304029,0.0452380952380952,0.191208791208791,0.31978021978022,0.124542124542125,0.266300366300366
326273.411807,2750866.126422,0.970636814094329,0.00403743806202973,0,0,0,0.025325747843641
326773.411807,2750866.126422,0.976343297267559,0.000366770584999083,0,0,0,0.0232899321474418
327273.411807,2750866.126422,0.96976360637713,0,0,0,0,0.0302363936228697
327773.411807,2750866.126422,0.956872820701046,0,0,0,0,0.0431271792989539
328273.411807,2750866.126422,0.867229048230332,0.000366770584999083,0,0.000183385292499542,0.00788556757748029,0.124335228314689
328773.411807,2750866.126422,0.789078248121679,0,0,0,0.00458127176104087,0.206340480117281
329273.411807,2750866.126422,0.857405028445586,0.000183519911910442,0,0.00165167920719398,0.00862543585979079,0.132134336575518
329773.411807,2750866.126422,0.871263524665322,0.000550155877498625,0,0.00348432055749129,0.0104529616724739,0.114249037227214
330273.411807,2750866.126422,0.941359721458677,0,0,0,0,0.0586402785413231
330773.411807,2750866.126422,0.808588731877409,0.00275279867865663,0,0.00110111947146265,0.00789135621214902,0.179665993760323
331273.411807,2750866.126422,0.784338896020539,0.0150375939849624,0,0.0357601320374106,0.0588666788923528,0.105996699064735
331773.411807,2750866.126422,0.223382811068353,0.0293201392706615,0,0.0634048011728056,0.115081546637347,0.568810701850834
332273.411807,2750866.126422,0.384841255276197,0.00642319691686548,0,0.12846393833731,0.121306661772802,0.358964947696825
332773.411807,2750866.126422,0.188886851274528,0.0253071703649367,0.000366770584999083,0.186136071887035,0.169814780854575,0.429488355033926
333273.411807,2750866.126422,0.153197727689207,0.0419644493311343,0.00128275609309144,0.0811801356056441,0.139637163276526,0.582737768004398
333773.411807,2750866.126422,0.0712057258212516,0.0209212699577904,0,0.201137823453845,0.234354927509635,0.472380253257478
326273.411807,2750366.126422,0.993211009174312,0,0,0,0,0.00678899082568807
326773.411807,2750366.126422,0.968262704090992,0.000183452577508714,0,0,0,0.0315538433314988
327273.411807,2750366.126422,0.9503663003663,0,0,0,0,0.0496336996336996
327773.411807,2750366.126422,0.874495412844037,0,0,0,0,0.125504587155963
328273.411807,2750366.126422,0.678774536782242,0.00183452577508714,0,0.0066042927903137,0.021830856723537,0.29095578792882
328773.411807,2750366.126422,0.846520146520147,0,0,0,0.0021978021978022,0.151282051282051
329273.411807,2750366.126422,0.839266055045872,0,0,0,0,0.160733944954128
329773.411807,2750366.126422,0.878004035956705,0,0,0.000366905155017428,0.00110071546505228,0.120528343423225
330273.411807,2750366.126422,0.850732600732601,0.000183150183150183,0,0.00256410256410256,0.0183150183150183,0.128205128205128
330773.411807,2750366.126422,0.731743119266055,0.0409174311926606,0,0.00513761467889908,0.0445871559633028,0.177614678899083
331273.411807,2750366.126422,0.110988809392772,0.303430563199413,0,0.0271509814712897,0.0869565217391304,0.471473124197395
331773.411807,2750366.126422,0.0635531135531135,0.435714285714286,0,0.00128205128205128,0.0117216117216117,0.487728937728938
332273.411807,2750366.126422,0.238165137614679,0.0491743119266055,0,0.162385321100917,0.109357798165138,0.440917431192661
332773.411807,2750366.126422,0.159420289855072,0.0735644835809943,0.001284168042561,0.183636030086223,0.193542469271693,0.388552559163456
333273.411807,2750366.126422,0.0401098901098901,0.0225274725274725,0.000915750915750916,0.59029304029304,0.190842490842491,0.155311355311355
333773.411807,2750366.126422,0.0137614678899083,0.0561467889908257,0.00788990825688073,0.161100917431193,0.201100917431193,0.56
334273.411807,2750366.126422,0.0144927536231884,0.0708126949183636,0.166391487800404,0.226930838378279,0.0588882773802972,0.462483947899468
326273.411807,2749866.126422,0.991758241758242,0,0,0,0,0.00824175824175824
326773.411807,2749866.126422,0.987179487179487,0,0,0,0,0.0128205128205128
327273.411807,2749866.126422,0.914374770810414,0.0181518151815182,0,0,0.000183351668500183,0.0672900623395673
327773.411807,2749866.126422,0.699084249084249,0,0,0,0.0032967032967033,0.297619047619048
328273.411807,2749866.126422,0.771245421245421,0.000183150183150183,0,0.000183150183150183,0.00164835164835165,0.226739926739927
328773.411807,2749866.126422,0.684085075174184,0,0,0,0.00128346167950128,0.314631463146315
329273.411807,2749866.126422,0.93003663003663,0.000366300366300366,0,0.0010989010989011,0.00274725274725275,0.0657509157509158
329773.411807,2749866.126422,0.953113553113553,0,0,0.000732600732600733,0.00549450549450549,0.0406593406593407
330273.411807,2749866.126422,0.897323065639897,0,0,0.0011001100110011,0.0144847818115145,0.0870920425375871
330773.411807,2749866.126422,0.418315018315018,0.0787545787545788,0,0.0254578754578755,0.0772893772893773,0.40018315018315
331273.411807,2749866.126422,0.151648351648352,0.0501831501831502,0,0.0261904761904762,0.0880952380952381,0.683882783882784
331773.411807,2749866.126422,0.112027869453612,0.365603226989366,0,0.0352035203520352,0.0726072607260726,0.414558122478915
332273.411807,2749866.126422,0.1503663003663,0.0895604395604396,0,0.0703296703296703,0.152014652014652,0.537728937728938
332773.411807,2749866.126422,0.143040293040293,0.023992673992674,0.000732600732600733,0.174358974358974,0.192490842490843,0.465384615384615
333273.411807,2749866.126422,0.0867253392005867,0.026952695269527,0.00146681334800147,0.362302896956362,0.206820682068207,0.315731573157316
333773.411807,2749866.126422,0.246336996336996,0.0655677655677656,0.0205128205128205,0.169230769230769,0.174175824175824,0.324175824175824
326273.411807,2749366.126422,0.998348320792806,0.00165167920719398,0,0,0,0
326773.411807,2749366.126422,0.974692829635063,0,0,0,0,0.0253071703649367
327273.411807,2749366.126422,0.855231812351109,0.00311526479750779,0,0,0,0.141652922851384
327773.411807,2749366.126422,0.890622132501376,0,0,0,0,0.109377867498624
328273.411807,2749366.126422,0.915275994865212,0,0,0,0,0.0847240051347882
328773.411807,2749366.126422,0.798424042514202,0,0,0.00458127176104087,0.000733003481766538,0.196261682242991
329273.411807,2749366.126422,0.973206092861075,0,0,0,0.000367039823820885,0.0264268673151037
329773.411807,2749366.126422,0.783238584265542,0.000183385292499542,0,0.00421786172748946,0.0242068586099395,0.18815331010453
330273.411807,2749366.126422,0.615539673813451,0.0122778083195895,0,0.0450797141286421,0.130291368884002,0.196811434854316
330773.411807,2749366.126422,0.0820334006239677,0.390897412369242,0,0.0119287942741787,0.0471646173609837,0.467975775371628
331273.411807,2749366.126422,0.103245919677242,0.414083990463965,0.004401247019989,0.0526315789473684,0.0889418668622776,0.336695397029158
331773.411807,2749366.126422,0.0729338464357706,0.469671980941909,0.00293201392706615,0.0273043796958036,0.0529595015576324,0.374198277441818
332273.411807,2749366.126422,0.146815929528354,0.179298953936502,0.00110111947146265,0.102037071022206,0.105523949348504,0.465222976692971
332773.411807,2749366.126422,0.0493306436823767,0.41188336695397,0,0.0339262791124152,0.0691362552723272,0.435723454978911
333273.411807,2749366.126422,0.0271211288253619,0.100238226131574,0.0414146967198094,0.0575407733186733,0.147150448964633,0.626534726039949
333773.411807,2749366.126422,0.264819232886768,0.00403743806202973,0.22407781244265,0.22811525050468,0.079647641769132,0.19930262433474
326273.411807,2748866.126422,0.994495412844037,0.00385321100917431,0,0,0,0.00165137614678899
326773.411807,2748866.126422,0.961108053568153,0,0,0,0,0.0388919464318474
327273.411807,2748866.126422,0.975457875457875,0,0,0,0,0.0245421245421245
327773.411807,2748866.126422,0.909174311926605,0,0,0,0,0.0908256880733945
328273.411807,2748866.126422,0.778022381214456,0,0,0,0,0.221977618785544
328773.411807,2748866.126422,0.958058608058608,0,0,0,0,0.0419413919413919
329273.411807,2748866.126422,0.971559633027523,0,0,0,0,0.0284403669724771
329773.411807,2748866.126422,0.468170977802238,0.00348559897266557,0,0.0234819299211154,0.109337736195194,0.395523757108787
330273.411807,2748866.126422,0.104761904761905,0.112637362637363,0.000366300366300366,0.0600732600732601,0.228205128205128,0.493956043956044
330773.411807,2748866.126422,0.04,0.274862385321101,0,0.00220183486238532,0.0196330275229358,0.663302752293578
331273.411807,2748866.126422,0.0423775454045129,0.627958172812328,0,0.0563199412951752,0.0919097413318657,0.181434599156118
331773.411807,2748866.126422,0.0884615384615385,0.170695970695971,0.0043956043956044,0.217948717948718,0.211538461538462,0.306959706959707
332273.411807,2748866.126422,0.130091743119266,0.268440366972477,0.00238532110091743,0.102201834862385,0.128073394495413,0.368807339449541
332773.411807,2748866.126422,0.0570537516052101,0.1726288754357,0.145294441386901,0.0581544670702623,0.0970464135021097,0.469822050999817
333273.411807,2748866.126422,0.15,0.130586080586081,0.14981684981685,0.0686813186813187,0.0727106227106227,0.428205128205128
326273.411807,2748366.126422,0.97032967032967,0,0,0,0,0.0296703296703297
326773.411807,2748366.126422,0.750732600732601,0,0,0,0,0.249267399267399
327273.411807,2748366.126422,0.92995966263293,0,0,0,0,0.07004033736707
327773.411807,2748366.126422,0.910622710622711,0,0,0.000549450549450549,0.0043956043956044,0.0844322344322344
328273.411807,2748366.126422,0.908608058608059,0,0,0,0.000915750915750916,0.0904761904761905
328773.411807,2748366.126422,0.824165749908324,0.000733406674000733,0,0.00183351668500183,0.00183351668500183,0.171433810047671
329273.411807,2748366.126422,0.423076923076923,0.00457875457875458,0,0.0399267399267399,0.120695970695971,0.411721611721612
329773.411807,2748366.126422,0.224175824175824,0.0434065934065934,0.00201465201465201,0.0673992673992674,0.180769230769231,0.482234432234432
330273.411807,2748366.126422,0.0854418775210854,0.336450311697836,0.00183351668500183,0.0473047304730473,0.09002566923359,0.438943894389439
330773.411807,2748366.126422,0.0282051282051282,0.361538461538462,0,0.056959706959707,0.0968864468864469,0.456410256410256
331273.411807,2748366.126422,0.0445054945054945,0.668315018315018,0,0.0457875457875458,0.0727106227106227,0.168681318681319
331773.411807,2748366.126422,0.222038870553722,0.154748808214155,0.0258525852585259,0.0183351668500183,0.0623395672900623,0.516685001833517
332273.411807,2748366.126422,0.0428571428571429,0.201282051282051,0.314835164835165,0.0847985347985348,0.0644688644688645,0.291758241758242
332773.411807,2748366.126422,0.0250915750915751,0.101648351648352,0.430586080586081,0.255860805860806,0.0752747252747253,0.111538461538462
333273.411807,2748366.126422,0.0616061606160616,0.0592225889255592,0.166666666666667,0.364503116978365,0.0727906123945728,0.275210854418775
326273.411807,2747866.126422,0.811708570379886,0,0,0,0.000734079647641769,0.187557349972472
326773.411807,2747866.126422,0.901705483220246,0,0,0,0,0.0982945167797543
327273.411807,2747866.126422,0.880703683342496,0,0,0,0,0.119296316657504
327773.411807,2747866.126422,0.892640851532391,0,0,0,0,0.107359148467609
328273.411807,2747866.126422,0.861544104162846,0,0,0.00146708233999633,0.0267742527049331,0.110214560792224
328773.411807,2747866.126422,0.544255085211655,0.00146600696353308,0,0.0423309510720176,0.0872274143302181,0.324720542422577
329273.411807,2747866.126422,0.11635162415122,0.137456414020921,0,0.191961827858323,0.242613323545605,0.311616810423931
329773.411807,2747866.126422,0.109847790207225,0.0981111314872547,0,0.203190904089492,0.209609389326976,0.379240784889052
330273.411807,2747866.126422,0.053142752428074,0.517866959868059,0,0.0623052959501558,0.14018691588785,0.22649807586586
330773.411807,2747866.126422,0.0212883097816113,0.636997614241145,0.0244081482840888,0.0236740686364471,0.0603780510185355,0.233253808038172
331273.411807,2747866.126422,0.0722538052448194,0.473317439941317,0,0.0882083256922795,0.118283513662204,0.24793691545938
331773.411807,2747866.126422,0.0749496060106286,0.0584570276708814,0.150632215503024,0.214220267546271,0.0967564595931831,0.404984423676012
332273.411807,2747866.126422,0.00899247568361167,0.0488162965681776,0.359148467608736,0.476968251055239,0.0754266837951918,0.0306478252890439
332773.411807,2747866.126422,0.0194388410049514,0.0766550522648084,0.40784889051898,0.308637447276728,0.0981111314872547,0.0893086374472767
333273.411807,2747866.126422,0.129191863661352,0.0426974528129009,0.0727505955653289,0.264797507788162,0.144768187648891,0.345794392523364
326273.411807,2747366.126422,0.911926605504587,0,0,0,0.00018348623853211,0.0878899082568807
326773.411807,2747366.126422,0.946798752522473,0,0,0,0,0.0532012474775271
327273.411807,2747366.126422,0.924175824175824,0,0,0,0,0.0758241758241758
327773.411807,2747366.126422,0.543669724770642,0.0211009174311927,0.00036697247706422,0.0258715596330275,0.122935779816514,0.28605504587156
328273.411807,2747366.126422,0.256466703357182,0.0680609062557329,0.0150431113557145,0.164373509447808,0.269124931205283,0.226930838378279
328773.411807,2747366.126422,0.106959706959707,0.136446886446886,0.00494505494505494,0.184981684981685,0.195054945054945,0.371611721611722
329273.411807,2747366.126422,0.0814678899082569,0.335596330275229,0.0143119266055046,0.0588990825688073,0.122018348623853,0.387706422018349
329773.411807,2747366.126422,0.0548523206751055,0.411667583929554,0.01284168042561,0.0886075949367089,0.109704641350211,0.32232617868281
330273.411807,2747366.126422,0.0347985347985348,0.695238095238095,0.00457875457875458,0.0214285714285714,0.0791208791208791,0.164835164835165
330773.411807,2747366.126422,0.0420183486238532,0.643302752293578,0.0486238532110092,0.0194495412844037,0.0752293577981651,0.171376146788991
331273.411807,2747366.126422,0.0684278114107503,0.388185654008439,0.0992478444322143,0.0871399743166392,0.0898917629792699,0.267106952852688
331773.411807,2747366.126422,0.0379120879120879,0.0701465201465201,0.486446886446886,0.146703296703297,0.102014652014652,0.156776556776557
332273.411807,2747366.126422,0.0111926605504587,0.0990825688073395,0.413211009174312,0.308440366972477,0.113761467889908,0.0543119266055046
332773.411807,2747366.126422,0.00972298660796184,0.0550357732526142,0.443404879838562,0.291322693083838,0.0627407815079802,0.137772885709044
333273.411807,2747366.126422,0.165567765567766,0.0338827838827839,0.23040293040293,0.241025641025641,0.0886446886446886,0.24047619047619
326273.411807,2746866.126422,0.50970695970696,0.00256410256410256,0,0.00879120879120879,0.0489010989010989,0.43003663003663
326773.411807,2746866.126422,0.587912087912088,0.00366300366300366,0,0.0122710622710623,0.0391941391941392,0.356959706959707
327273.411807,2746866.126422,0.493215988265493,0.017968463513018,0.00165016501650165,0.104693802713605,0.186101943527686,0.196369636963696
327773.411807,2746866.126422,0.167216117216117,0.0227106227106227,0.00128205128205128,0.349267399267399,0.308791208791209,0.150732600732601
328273.411807,2746866.126422,0.0661172161172161,0.043956043956044,0.00421245421245421,0.480586080586081,0.239377289377289,0.165750915750916
328773.411807,2746866.126422,0.0306197286395306,0.477631096442978,0.000183351668500183,0.0205353868720205,0.0564723138980565,0.414558122478915
329273.411807,2746866.126422,0.0360805860805861,0.554395604395604,0.00201465201465201,0.015018315018315,0.0512820512820513,0.341208791208791
329773.411807,2746866.126422,0.0514652014652015,0.183516483516484,0.000732600732600733,0.0789377289377289,0.126923076923077,0.558424908424908
330273.411807,2746866.126422,0.0412541254125413,0.303813714704804,0.0408874220755409,0.0055005500550055,0.0264026402640264,0.582141547488082
330773.411807,2746866.126422,0.0474358974358974,0.265750915750916,0.247252747252747,0.0397435897435897,0.0587912087912088,0.341025641025641
331273.411807,2746866.126422,0.0243589743589744,0.101282051282051,0.551465201465202,0.131318681318681,0.0644688644688645,0.127106227106227
331773.411807,2746866.126422,0.00641730839750642,0.125229189585625,0.581774844151082,0.0940594059405941,0.0612394572790612,0.131279794646131
332273.411807,2746866.126422,0.00787545787545788,0.0838827838827839,0.522893772893773,0.198534798534799,0.115750915750916,0.0710622710622711
332773.411807,2746866.126422,0.0386446886446886,0.127472527472527,0.289194139194139,0.168498168498169,0.0844322344322344,0.291758241758242
326273.411807,2746366.126422,0.403927326114883,0.0534042943659387,0,0.0167003119838502,0.0581758120756102,0.467792255459717
326773.411807,2746366.126422,0.289932147441775,0.0309921144324225,0,0.00311754997249221,0.0284247203374289,0.647533467815881
327273.411807,2746366.126422,0.368517500458127,0.0201575957485798,0.000183250870441635,0.103903243540407,0.159794759025105,0.347443650357339
327773.411807,2746366.126422,0.1370893741971,0.0148651128647458,0.00293631859056708,0.355845109194348,0.311983850247752,0.177280234905487
328273.411807,2746366.126422,0.061984228864845,0.193104713002017,0,0.0757381258023107,0.146158078122135,0.523014854208692
328773.411807,2746366.126422,0.091258933479934,0.59868059373282,0,0.0370166758292102,0.0432472054242258,0.22979659153381
329273.411807,2746366.126422,0.0359699027344467,0.426500275279868,0.00165167920719398,0.11635162415122,0.130482657368324,0.289043861258947
329773.411807,2746366.126422,0.0196222262974509,0.187603154227031,0.244452594901889,0.133504492939666,0.0674857876398313,0.347331743994132
330273.411807,2746366.126422,0.00623052959501558,0.0661535642294301,0.652739600513102,0.118746564046179,0.0525929998167491,0.103536741799524
330773.411807,2746366.126422,0.0183519911910442,0.118186823270325,0.341347036153423,0.117269223710773,0.135804734813727,0.269040190860708
331273.411807,2746366.126422,0.0124701998899688,0.0946268109297634,0.433522831468916,0.126169081239685,0.0898587933247754,0.243352283146892
331773.411807,2746366.126422,0.0188748396554884,0.0778816199376947,0.461608942642478,0.0485614806670332,0.0875939160711013,0.305479201026205
332273.411807,2746366.126422,0.0192695907505964,0.144063130849697,0.419342998715361,0.0983666727839971,0.115250504679758,0.203707102220591
332773.411807,2746366.126422,0.0651017788373372,0.0669356317623327,0.1599119750596,0.126719237117183,0.138272510544654,0.443058866678892
326273.411807,2745866.126422,0.061651376146789,0.331743119266055,0,0.0346788990825688,0.112477064220183,0.459449541284404
326773.411807,2745866.126422,0.0500825536598789,0.560814529444139,0,0.0190790680609063,0.0566868464501926,0.313337002384883
327273.411807,2745866.126422,0.124908424908425,0.0906593406593407,0,0.0113553113553114,0.0578754578754579,0.715201465201465
327773.411807,2745866.126422,0.0695412844036697,0.0277064220183486,0.00018348623853211,0.426422018348624,0.200917431192661,0.275229357798165
328273.411807,2745866.126422,0.0522839845899835,0.623004953219593,0,0.0339387268391121,0.0491652907723353,0.241607044578976
328773.411807,2745866.126422,0.0615384615384615,0.572527472527472,0.000366300366300366,0.0380952380952381,0.086996336996337,0.24047619047619
329273.411807,2745866.126422,0.0355963302752294,0.813394495412844,0.00348623853211009,0.0330275229357798,0.0207339449541284,0.0937614678899083
329773.411807,2745866.126422,0.01284168042561,0.26967528893781,0.291139240506329,0.0181618051733627,0.0588882773802972,0.349293707576591
330273.411807,2745866.126422,0.0646520146520147,0.155311355311355,0.282967032967033,0.115567765567766,0.152564102564103,0.228937728937729
330773.411807,2745866.126422,0.0280733944954128,0.128256880733945,0.335963302752294,0.0746788990825688,0.107339449541284,0.325688073394495
331273.411807,2745866.126422,0.0539350577875619,0.157218858924968,0.332599523023298,0.162722436250229,0.0939277196844616,0.199596404329481
331773.411807,2745866.126422,0.0287545787545788,0.119047619047619,0.27985347985348,0.137728937728938,0.148901098901099,0.285714285714286
332273.411807,2745866.126422,0.0864220183486239,0.139633027522936,0.211743119266055,0.119449541284404,0.083302752293578,0.359449541284404
332773.411807,2745866.126422,0.141625389836727,0.0985140341221794,0.0722803155384333,0.1326362135388,0.143093010456797,0.411851036507063
326273.411807,2745366.126422,0.0820512820512821,0.126373626373626,0,0.0807692307692308,0.184432234432234,0.526373626373626
326773.411807,2745366.126422,0.0628205128205128,0.378754578754579,0,0.0576923076923077,0.134249084249084,0.366483516483516
327273.411807,2745366.126422,0.0392372570590392,0.385221855518885,0.000366703337000367,0.0377704437110378,0.0799413274660799,0.457462412907957
327773.411807,2745366.126422,0.213553113553114,0.103113553113553,0,0.0721611721611722,0.108791208791209,0.502380952380952
328273.411807,2745366.126422,0.0703296703296703,0.454395604395604,0.000183150183150183,0.071978021978022,0.134798534798535,0.268315018315018
328773.411807,2745366.126422,0.0544554455445545,0.787128712871287,0.00146681334800147,0.0287862119545288,0.0390539053905391,0.0891089108910891
329273.411807,2745366.126422,0.0135531135531136,0.867765567765568,0,0.00714285714285714,0.0194139194139194,0.0921245421245421
329773.411807,2745366.126422,0.0302197802197802,0.76025641025641,0,0.0106227106227106,0.0338827838827839,0.165018315018315
330273.411807,2745366.126422,0.0192519251925193,0.798129812981298,0.0088008800880088,0.0238357169050238,0.0392372570590392,0.110744407774111
330773.411807,2745366.126422,0.0586080586080586,0.269047619047619,0.289010989010989,0.0578754578754579,0.0921245421245421,0.233333333333333
331273.411807,2745366.126422,0.0206959706959707,0.733516483516483,0.0725274725274725,0.0168498168498168,0.0179487179487179,0.138461538461538
331773.411807,2745366.126422,0.0432709937660433,0.42005867253392,0.231573157315732,0.0671067106710671,0.0251191785845251,0.212871287128713
332273.411807,2745366.126422,0.036996336996337,0.428937728937729,0.137912087912088,0.0223443223443223,0.0485347985347985,0.325274725274725
332773.411807,2745366.126422,0.224908424908425,0.0703296703296703,0.0752747252747253,0.169230769230769,0.11978021978022,0.34047619047619
326273.411807,2744866.126422,0.662323362084786,0.0240411084602679,0,0.0047715177096715,0.0168838318957607,0.291980179849514
326773.411807,2744866.126422,0.0467632495873831,0.317623326609206,0.00146708233999633,0.0588666788923528,0.145241151659637,0.430038510911425
327273.411807,2744866.126422,0.0593732820230896,0.398387392340114,0,0.0641378046545721,0.129375114531794,0.348726406450431
327773.411807,2744866.126422,0.0915764360433107,0.470545054138374,0,0.0644154890805652,0.0877225178931914,0.285740502844559
328273.411807,2744866.126422,0.0342930496974143,0.720704199523198,0,0.0232899321474418,0.044379240784889,0.177333577847057
328773.411807,2744866.126422,0.062671797691039,0.424225765072384,0.0053142752428074,0.0808136338647609,0.156129741616273,0.270844786512736
329273.411807,2744866.126422,0.0178014314553129,0.601211231418609,0.0574417324279684,0.0625802899614608,0.0899247568361167,0.171040557900532
329773.411807,2744866.126422,0.0517146524848707,0.409682743443976,0.0933431138822666,0.0935264991747662,0.134238034109664,0.217494956904456
330273.411807,2744866.126422,0.07623236210372,0.446582371266263,0.107934762690123,0.0410481949789262,0.0795308777716694,0.248671431189298
330773.411807,2744866.126422,0.0475316571848046,0.745457882180217,0.0752431638832813,0.00293631859056708,0.0122958340979996,0.116535144063131
331273.411807,2744866.126422,0.0293416467999266,0.836236933797909,0.00696864111498258,0.00183385292499542,0.00623509994498441,0.119383825417202
331773.411807,2744866.126422,0.0130108118013561,0.810335349092908,0.00494777350192413,0.0313358988455195,0.0441634597764339,0.0962067069818582
332273.411807,2744866.126422,0.0159662323362085,0.508900715727656,0.0521196549825656,0.0400073407964764,0.111213066617728,0.271792989539365
332773.411807,2744866.126422,0.241701815514396,0.0621676141573446,0.057582981844856,0.219695580414451,0.0863744727672841,0.332477535301669
326273.411807,2744366.126422,0.701100917431193,0.134495412844037,0,0.0104587155963303,0.0324770642201835,0.121467889908257
326773.411807,2744366.126422,0.0262337185837461,0.659512016143827,0,0.0078884608328747,0.0291689598238855,0.277196844615667
327273.411807,2744366.126422,0.0415750915750916,0.462454212454212,0,0.0564102564102564,0.111172161172161,0.328388278388278
327773.411807,2744366.126422,0.0321100917431193,0.511559633027523,0.00862385321100917,0.0124770642201835,0.0280733944954128,0.407155963302752
328273.411807,2744366.126422,0.0335718216840947,0.499724821133737,0.0436617134470739,0.108237020730141,0.0713630526508897,0.243441570354063
328773.411807,2744366.126422,0.0282051282051282,0.568864468864469,0.0902930402930403,0.0379120879120879,0.0686813186813187,0.206043956043956
329273.411807,2744366.126422,0.0179816513761468,0.795045871559633,0.0196330275229358,0.0552293577981651,0.0245871559633028,0.0875229357798165
329773.411807,2744366.126422,0.0143093010456797,0.788662630709961,0,0.0240322876536415,0.0464135021097046,0.126582278481013
330273.411807,2744366.126422,0.00128205128205128,0.909157509157509,0,0.00274725274725275,0.00512820512820513,0.0816849816849817
330773.411807,2744366.126422,0.013394495412844,0.771009174311927,0.0489908256880734,0.0124770642201835,0.0304587155963303,0.123669724770642
331273.411807,2744366.126422,0.0234819299211154,0.719684461566685,0.0731975784259769,0.00972298660796184,0.0440286186020914,0.129884424876169
331773.411807,2744366.126422,0.0452380952380952,0.398901098901099,0.0652014652014652,0.0663003663003663,0.11025641025641,0.314102564102564
332273.411807,2744366.126422,0.024954128440367,0.121467889908257,0.288256880733945,0.0840366972477064,0.122201834862385,0.359082568807339
332773.411807,2744366.126422,0.076316272243625,0.0333883691065859,0.0517336268574573,0.412768299394607,0.0911759310218309,0.334617501375894
326273.411807,2743866.126422,0.0864468864468864,0.473809523809524,0,0.023992673992674,0.133882783882784,0.281868131868132
326773.411807,2743866.126422,0.058974358974359,0.605860805860806,0,0.0232600732600733,0.108791208791209,0.203113553113553
327273.411807,2743866.126422,0.0352035203520352,0.427209387605427,0.000366703337000367,0.162266226622662,0.131279794646131,0.243674367436744
327773.411807,2743866.126422,0.0399267399267399,0.760805860805861,0,0.0401098901098901,0.0615384615384615,0.0976190476190476
328273.411807,2743866.126422,0.0102564102564103,0.901282051282051,0,0.00293040293040293,0.00384615384615385,0.0816849816849817
328773.411807,2743866.126422,0.0306197286395306,0.783278327832783,0.0141180784745141,0.0264026402640264,0.0493215988265493,0.0962596259625963
329273.411807,2743866.126422,0.0556776556776557,0.708791208791209,0.00421245421245421,0.0567765567765568,0.0624542124542125,0.112087912087912
329773.411807,2743866.126422,0.0534798534798535,0.812454212454212,0,0.00549450549450549,0.0366300366300366,0.0919413919413919
330273.411807,2743866.126422,0.0487715438210488,0.752108544187752,0,0.00953428676200953,0.048954895489549,0.140630729739641
330773.411807,2743866.126422,0.0159340659340659,0.867399267399267,0.000183150183150183,0.00970695970695971,0.0293040293040293,0.0774725274725275
331273.411807,2743866.126422,0.0117216117216117,0.87032967032967,0.01996336996337,0.00714285714285714,0.01996336996337,0.0708791208791209
331773.411807,2743866.126422,0.0353868720205354,0.474147414741474,0.0762742940960763,0.0205353868720205,0.0792079207920792,0.314448111477814
332273.411807,2743866.126422,0.0263736263736264,0.129120879120879,0.189194139194139,0.0862637362637363,0.131684981684982,0.437362637362637
332773.411807,2743866.126422,0.0371794871794872,0.0571428571428571,0.115934065934066,0.36043956043956,0.0934065934065934,0.335897435897436
326273.411807,2743366.126422,0.26573683244632,0.498440080748761,0,0.00679023674068636,0.0315654248485961,0.197467425215636
326773.411807,2743366.126422,0.0361269026224097,0.686961305703283,0,0.0198056115899505,0.0566660553823583,0.200440124701999
327273.411807,2743366.126422,0.0630382994319223,0.501007879787429,0.00109950522264981,0.0584570276708814,0.0996884735202492,0.276708814366868
327773.411807,2743366.126422,0.00256927876674619,0.932464672416957,0,0.000917599559552211,0.000734079647641769,0.0633143696091026
328273.411807,2743366.126422,0.0154043645699615,0.953053365120117,0,0.00275077938749312,0.00861910874747845,0.0201723821749496
328773.411807,2743366.126422,0.0450797141286421,0.753710830126443,0.0130108118013561,0.0276708814366868,0.0632215503023639,0.097306212204508
329273.411807,2743366.126422,0.0612956505780877,0.732060928610754,0.00165167920719398,0.0462470178014315,0.0541383740135805,0.104606349788952
329773.411807,2743366.126422,0.0817898404547955,0.648633779570878,0,0.0234733174399413,0.0744544287548139,0.171648633779571
330273.411807,2743366.126422,0.0637713029136888,0.632948506505406,0,0.030602895363753,0.0751328568810702,0.197544438336082
330773.411807,2743366.126422,0.0168838318957607,0.891723251972839,0,0.00697375665259681,0.00862543585979079,0.0757937236190127
331273.411807,2743366.126422,0.0416284613973959,0.839171098477902,0,0.0128369704749679,0.0177883733724555,0.0885750962772786
331773.411807,2743366.126422,0.0351841671247938,0.203774967931098,0.195162177020341,0.158695253802456,0.11654755360088,0.290635880520432
332273.411807,2743366.126422,0.0658836483758488,0.0691870067902367,0.247017801431455,0.126812259130116,0.115801064415489,0.375298219856854
332773.411807,2743366.126422,0.0223730056849441,0.0416284613973959,0.270126535851825,0.311204841371722,0.0458463231248854,0.308820832569228
326273.411807,2742866.126422,0.0422018348623853,0.747155963302752,0,0.00458715596330275,0.051743119266055,0.154311926605505
326773.411807,2742866.126422,0.0267840763162722,0.791597871950101,0,0.0199963309484498,0.0322876536415337,0.129334067143643
327273.411807,2742866.126422,0.0454212454212454,0.683150183150183,0,0.0576923076923077,0.0659340659340659,0.147802197802198
327773.411807,2742866.126422,0.0385321100917431,0.72348623853211,0,0.0148623853211009,0.0425688073394495,0.180550458715596
328273.411807,2742866.126422,0.0412768299394606,0.788479178132453,0,0.0130251330031187,0.0304531278664465,0.126765731058521
328773.411807,2742866.126422,0.0412087912087912,0.740842490842491,0.0108058608058608,0.041025641025641,0.0210622710622711,0.145054945054945
329273.411807,2742866.126422,0.0484403669724771,0.689724770642202,0,0.0504587155963303,0.105504587155963,0.105871559633028
329773.411807,2742866.126422,0.0242157402311502,0.874334984406531,0.000183452577508714,0.00862227114290956,0.0251330031186938,0.0675105485232067
330273.411807,2742866.126422,0.0505494505494506,0.785897435897436,0.000366300366300366,0.0362637362637363,0.0238095238095238,0.103113553113553
330773.411807,2742866.126422,0.0119266055045872,0.847339449541284,0,0.0115596330275229,0.0251376146788991,0.104036697247706
331273.411807,2742866.126422,0.0546688680975968,0.760227481196111,0,0.0203632361034673,0.0429279031370391,0.121812511465786
331773.411807,2742866.126422,0.0620879120879121,0.583150183150183,0.0289377289377289,0.0227106227106227,0.0908424908424908,0.212271062271062
332273.411807,2742866.126422,0.0269724770642202,0.240917431192661,0.0963302752293578,0.108073394495413,0.138715596330275,0.388990825688073
326273.411807,2742366.126422,0.0210622710622711,0.751282051282051,0,0.0340659340659341,0.0360805860805861,0.157509157509158
326773.411807,2742366.126422,0.0994505494505494,0.0902930402930403,0,0.297802197802198,0.253663003663004,0.258791208791209
327273.411807,2742366.126422,0.0544554455445545,0.580674734140081,0,0.0548221488815548,0.110561056105611,0.199486615328199
327773.411807,2742366.126422,0.0498168498168498,0.734065934065934,0,0.0195970695970696,0.0412087912087912,0.155311355311355
328273.411807,2742366.126422,0.0355311355311355,0.84981684981685,0,0.00494505494505494,0.0296703296703297,0.08003663003663
328773.411807,2742366.126422,0.0432709937660433,0.760726072607261,0.00421708837550422,0.0555555555555556,0.0221855518885222,0.114044737807114
329273.411807,2742366.126422,0.0602564102564103,0.709340659340659,0.00201465201465201,0.0144688644688645,0.0635531135531135,0.1503663003663
329773.411807,2742366.126422,0.021978021978022,0.875274725274725,0,0.00531135531135531,0.010989010989011,0.0864468864468864
330273.411807,2742366.126422,0.0430876420975431,0.748808214154749,0,0.0135680234690136,0.0210854418775211,0.173450678401173
330773.411807,2742366.126422,0.0287545787545788,0.768131868131868,0.0139194139194139,0.0186813186813187,0.0282051282051282,0.142307692307692
331273.411807,2742366.126422,0.00860805860805861,0.88992673992674,0.000366300366300366,0.00201465201465201,0.00695970695970696,0.0921245421245421
331773.411807,2742366.126422,0.0187018701870187,0.876420975430876,0.00953428676200953,0.0088008800880088,0.0232856618995233,0.0632563256325633
332273.411807,2742366.126422,0.0379120879120879,0.277838827838828,0.128205128205128,0.0758241758241758,0.0957875457875458,0.384432234432234
326273.411807,2741866.126422,0.0462470178014315,0.694439346669114,0,0.0130299137456414,0.0442282987704166,0.202055423013397
326773.411807,2741866.126422,0.0680359435173299,0.465798642948835,0.00146708233999633,0.173665871997066,0.116999816614707,0.174032642582065
327273.411807,2741866.126422,0.0432472054242258,0.640645043063955,0,0.0555250137438153,0.0740333516584204,0.186549386109584
327773.411807,2741866.126422,0.0434942191227748,0.75536795742338,0,0.0133969535694623,0.0633143696091026,0.12442650027528
328273.411807,2741866.126422,0.0482303319273794,0.820465798642949,0.000550155877498625,0.00550155877498625,0.01998899688245,0.105263157894737
328773.411807,2741866.126422,0.0419644493311343,0.617005680776984,0.00348176653839106,0.099321971779366,0.0974894630749496,0.140736668499175
329273.411807,2741866.126422,0.0354193429987154,0.73426316755368,0,0.0321159845843274,0.0559735731326849,0.142227931730593
329773.411807,2741866.126422,0.0324591967724189,0.829818448560425,0,0.0053181734824867,0.0286081056299285,0.103796075554741
330273.411807,2741866.126422,0.0452629649990837,0.832691955286788,0,0.0117280557082646,0.034084661902144,0.07623236210372
330773.411807,2741866.126422,0.00532207744540283,0.968251055239494,0,0.00880895577170123,0.00605615709304459,0.0115617544503579
331273.411807,2741866.126422,0.0110031175499725,0.95598752980011,0,0.00238400880249404,0.00623509994498441,0.024390243902439
331773.411807,2741866.126422,0.0307861462341946,0.776250687190764,0,0.0219901044529962,0.0346344145134689,0.136338647608576
332273.411807,2741866.126422,0.0655166085520279,0.26959075059644,0.0220223894292531,0.125160579922922,0.118920902917967,0.398788768581391
326273.411807,2741366.126422,0.0387155963302752,0.824403669724771,0,0.0137614678899083,0.0256880733944954,0.0974311926605505
326773.411807,2741366.126422,0.0530177949000183,0.488901119060723,0,0.150614566134654,0.12694918363603,0.180517336268575
327273.411807,2741366.126422,0.0164835164835165,0.851282051282051,0,0.00366300366300366,0.0179487179487179,0.110622710622711
327773.411807,2741366.126422,0.0464220183486239,0.764954128440367,0,0.00256880733944954,0.0346788990825688,0.151376146788991
328273.411807,2741366.126422,0.0497156485048615,0.721702439919281,0,0.0185287103283801,0.0532012474775271,0.15685195376995
328773.411807,2741366.126422,0.01996336996337,0.615934065934066,0.00128205128205128,0.114468864468864,0.117948717948718,0.13040293040293
329273.411807,2741366.126422,0.0629357798165138,0.575963302752294,0,0.0401834862385321,0.114128440366972,0.206788990825688
329773.411807,2741366.126422,0.068611263988259,0.554393689231334,0,0.0977802238121446,0.0997982021647404,0.179416620803522
330273.411807,2741366.126422,0.0445054945054945,0.866483516483517,0,0.00769230769230769,0.0254578754578755,0.0558608058608059
330773.411807,2741366.126422,0.0209174311926606,0.945321100917431,0,0.00220183486238532,0.00532110091743119,0.0262385321100917
331273.411807,2741366.126422,0.0467804072647221,0.760227481196111,0,0.0258668134287287,0.0495321959273528,0.117593102183086
331773.411807,2741366.126422,0.0293040293040293,0.761355311355311,0,0.0340659340659341,0.0421245421245421,0.133150183150183
332273.411807,2741366.126422,0.061651376146789,0.402201834862385,0.0401834862385321,0.0634862385321101,0.0932110091743119,0.339266055045872
326273.411807,2740866.126422,0.0542124542124542,0.704029304029304,0,0.0641025641025641,0.0653846153846154,0.112271062271062
326773.411807,2740866.126422,0.071978021978022,0.358791208791209,0.0010989010989011,0.325091575091575,0.0954212454212454,0.147619047619048
327273.411807,2740866.126422,0.0452878621195453,0.710671067106711,0,0.0616061606160616,0.0641730839750642,0.118261826182618
