"x","y","forest","agri","water","built","other","grass"
186273.411807,2516366.126422,0.110805860805861,0.117032967032967,0,0.0467032967032967,0.0652014652014652,0.66025641025641
186773.411807,2516366.126422,0.227522935779817,0.0359633027522936,0,0.0491743119266055,0.108990825688073,0.578348623853211
187273.411807,2516366.126422,0.427811410750321,0.0319207484865162,0,0.0834709227664649,0.091726288754357,0.365070629242341
187773.411807,2516366.126422,0.366849816849817,0.0254578754578755,0,0.0256410256410256,0.0697802197802198,0.512271062271062
188273.411807,2516366.126422,0.503302752293578,0.0055045871559633,0,0.0132110091743119,0.0363302752293578,0.441651376146789
188773.411807,2516366.126422,0.671069528526876,0.00568702990277013,0,0.00403595670519171,0.0194459732159237,0.299761511649239
189273.411807,2516366.126422,0.607692307692308,0.0148351648351648,0,0.00824175824175824,0.0181318681318681,0.351098901098901
189773.411807,2516366.126422,0.763302752293578,0.00073394495412844,0,0,0,0.235963302752294
190273.411807,2516366.126422,0.623738763529628,0.00513667217024399,0,0,0.000183452577508714,0.37094111172262
190773.411807,2516366.126422,0.767582417582418,0,0,0,0,0.232417582417582
191273.411807,2516366.126422,0.674495412844037,0,0,0.00018348623853211,0.00018348623853211,0.325137614678899
191773.411807,2516366.126422,0.229499174463401,0.0066042927903137,0,0.00385250412768299,0.0104567969179967,0.749587231700605
192273.411807,2516366.126422,0.274175824175824,0.000732600732600733,0,0.0010989010989011,0.00146520146520147,0.722527472527473
192773.411807,2516366.126422,0.407155963302752,0.00220183486238532,0,0.0513761467889908,0.0563302752293578,0.482935779816514
193273.411807,2516366.126422,0.129884424876169,0.0873234268941479,0.000550357732526142,0.266006237387635,0.147862777472023,0.368372775637498
193773.411807,2516366.126422,0.0119047619047619,0.013003663003663,0.67967032967033,0.205311355311355,0.00750915750915751,0.0826007326007326
194273.411807,2516366.126422,0.0187155963302752,0.221467889908257,0.28954128440367,0.0921100917431193,0.0244036697247706,0.353761467889908
194773.411807,2516366.126422,0.0476976701522656,0.383048981838195,0.0537516052100532,0.0341221794166208,0.0555861309851403,0.425793432397725
195273.411807,2516366.126422,0.121062271062271,0.283699633699634,0.14029304029304,0.0510989010989011,0.063003663003663,0.340842490842491
195773.411807,2516366.126422,0.12697247706422,0.114128440366972,0.0855045871559633,0.0489908256880734,0.126238532110092,0.498165137614679
196273.411807,2516366.126422,0.133003118693818,0.20546688680976,0.0143093010456797,0.0412768299394606,0.102366538249862,0.50357732526142
196773.411807,2516366.126422,0.0844322344322344,0.144871794871795,0.0591575091575092,0.1496336996337,0.16007326007326,0.401831501831502
197273.411807,2516366.126422,0.100733944954128,0.0877064220183486,0.00954128440366972,0.271192660550459,0.162385321100917,0.368440366972477
197773.411807,2516366.126422,0.114290955787929,0.106402494955054,0.0746651990460466,0.313703907539901,0.147312419739497,0.243625022931572
198273.411807,2516366.126422,0.0866300366300366,0.139377289377289,0.114652014652015,0.147252747252747,0.166666666666667,0.345421245421245
186273.411807,2515866.126422,0.442244224422442,0.0280528052805281,0,0.015034836817015,0.0328199486615328,0.481848184818482
186773.411807,2515866.126422,0.577655677655678,0.00457875457875458,0.00274725274725275,0.0285714285714286,0.0534798534798535,0.332967032967033
187273.411807,2515866.126422,0.776190476190476,0.00879120879120879,0.00128205128205128,0,0.00164835164835165,0.212087912087912
187773.411807,2515866.126422,0.548038137147048,0.015034836817015,0,0.0137513751375138,0.041987532086542,0.381188118811881
188273.411807,2515866.126422,0.508424908424908,0.00915750915750916,0,0.0100732600732601,0.0274725274725275,0.444871794871795
188773.411807,2515866.126422,0.70989010989011,0.00512820512820513,0.00128205128205128,0.0021978021978022,0.00659340659340659,0.274908424908425
189273.411807,2515866.126422,0.51961862852952,0.0077007700770077,0,0,0.000733406674000733,0.471947194719472
189773.411807,2515866.126422,0.734615384615385,0.0131868131868132,0,0.000183150183150183,0.0021978021978022,0.24981684981685
190273.411807,2515866.126422,0.713186813186813,0,0,0.000549450549450549,0.000732600732600733,0.285531135531136
190773.411807,2515866.126422,0.881738173817382,0,0,0,0,0.118261826182618
191273.411807,2515866.126422,0.811904761904762,0.000183150183150183,0,0.000183150183150183,0.0021978021978022,0.185531135531136
191773.411807,2515866.126422,0.464285714285714,0,0,0.0155677655677656,0.0256410256410256,0.494505494505495
192273.411807,2515866.126422,0.253208654198753,0.000183351668500183,0,0.0154015401540154,0.0201686835350202,0.711037770443711
192773.411807,2515866.126422,0.417948717948718,0,0,0.0163003663003663,0.0230769230769231,0.542673992673993
193273.411807,2515866.126422,0.0619047619047619,0.0102564102564103,0,0.235714285714286,0.126556776556777,0.565567765567766
193773.411807,2515866.126422,0.0298863219655299,0.103593692702604,0.174550788412175,0.449028236156949,0.0144847818115145,0.228456178951228
194273.411807,2515866.126422,0.0269230769230769,0.0516483516483516,0.411721611721612,0.293956043956044,0.00183150183150183,0.213919413919414
194773.411807,2515866.126422,0.0223443223443223,0.284432234432234,0.0313186813186813,0.0173992673992674,0.0620879120879121,0.582417582417582
195273.411807,2515866.126422,0.112577924459113,0.222222222222222,0.0412541254125413,0.00568390172350568,0.0276861019435277,0.590575724239091
195773.411807,2515866.126422,0.140842490842491,0.0926739926739927,0,0.0399267399267399,0.0745421245421245,0.652014652014652
196273.411807,2515866.126422,0.0547619047619048,0.0978021978021978,0.0119047619047619,0.211172161172161,0.176190476190476,0.448168498168498
196773.411807,2515866.126422,0.0650898423175651,0.104693802713605,0.0396039603960396,0.12999633296663,0.164099743307664,0.496516318298497
197273.411807,2515866.126422,0.17032967032967,0.0824175824175824,0.0611721611721612,0.148534798534799,0.184798534798535,0.352747252747253
197773.411807,2515866.126422,0.0864468864468864,0.0736263736263736,0.00256410256410256,0.229487179487179,0.124358974358974,0.483516483516484
198273.411807,2515866.126422,0.151081774844151,0.137880454712138,0.022002200220022,0.0674734140080675,0.0940594059405941,0.527502750275027
186273.411807,2515366.126422,0.676745464540957,0.011544804837823,0.00403151914971596,0.00146600696353308,0.0141103170240059,0.292101887483966
186773.411807,2515366.126422,0.571481005689117,0.0179849513672233,0.000183519911910442,0.0438612589465957,0.119471462653698,0.247017801431455
187273.411807,2515366.126422,0.716302952503209,0.000733541169998166,0.000733541169998166,0.000366770584999083,0.00311754997249221,0.278745644599303
187773.411807,2515366.126422,0.614256917720359,0.0608392889866227,0,0,0.00659703133589885,0.318306761957119
188273.411807,2515366.126422,0.49788952101303,0.0159662323362085,0,0.00183519911910442,0.0121123141860892,0.472196733345568
188773.411807,2515366.126422,0.399413167064001,0.0317256556024207,0.00715202640748212,0.0337428938199156,0.030808729139923,0.497157527966257
189273.411807,2515366.126422,0.506322155030236,0.0282206340480117,0,0.000916254352208173,0.00348176653839106,0.461059190031153
189773.411807,2515366.126422,0.638098733712608,0.0161497522481189,0,0.000183519911910442,0.00146815929528354,0.344099834832079
190273.411807,2515366.126422,0.868512745277829,0,0,0,0,0.131487254722171
190773.411807,2515366.126422,0.518050210738501,0.00348176653839106,0,0,0.000183250870441635,0.478284771852666
191273.411807,2515366.126422,0.72618829142962,0.00165167920719398,0,0.00587263718113415,0.0163332721600294,0.249954120022022
191773.411807,2515366.126422,0.69191270860077,0.000366770584999083,0,0.0166880616174583,0.0324591967724189,0.258573262424354
192273.411807,2515366.126422,0.425325270295034,0.00293201392706615,0.00128275609309144,0.00366501740883269,0.0146600696353308,0.552134872640645
192773.411807,2515366.126422,0.315654248485961,0.00642319691686548,0,0.0233070288126262,0.0266103872270141,0.628005138557533
193273.411807,2515366.126422,0.0517146524848707,0.04401247019989,0,0.109114249037227,0.0783055198973042,0.716853108380708
193773.411807,2515366.126422,0.0408649441084845,0.11544804837823,0.0533260032985157,0.413597214586769,0.0205240974894631,0.356239692138538
194273.411807,2515366.126422,0,0,0.490548724536612,0.509451275463388,0,0
194773.411807,2515366.126422,0.0124701998899688,0.517329910141207,0,0.011186502842472,0.00605171465248487,0.452961672473868
195273.411807,2515366.126422,0.0765988638446033,0.230163093274693,0.024555616639179,0.0304196444933113,0.0786146234194612,0.559648158328752
195773.411807,2515366.126422,0.09543035419343,0.080932281152505,0.0168838318957607,0.146999449440264,0.109194347586713,0.550559735731327
196273.411807,2515366.126422,0.107463781404731,0.121951219512195,0.0231065468549422,0.0799559875298001,0.154777186869613,0.512745277828718
196773.411807,2515366.126422,0.0844786512735936,0.139270661535642,0.070734835990471,0.120029320139271,0.144218435037566,0.441268096023456
197273.411807,2515366.126422,0.0662506881996697,0.0895577170122958,0.0211047898697009,0.122774821068086,0.159295283538264,0.541016700311984
197773.411807,2515366.126422,0.0517146524848707,0.0579497524298551,0.00605171465248487,0.365486887951586,0.131487254722171,0.387309737759032
198273.411807,2515366.126422,0.0789811251603445,0.0863111599780099,0.00916254352208173,0.103536741799524,0.163459776433938,0.558548653106102
186273.411807,2514866.126422,0.754761904761905,0.00201465201465201,0,0.00238095238095238,0.00567765567765568,0.235164835164835
186773.411807,2514866.126422,0.700366972477064,0.00220183486238532,0.00201834862385321,0.00146788990825688,0.00293577981651376,0.291009174311927
187273.411807,2514866.126422,0.73747936158503,0.00550357732526142,0.000183452577508714,0.00733810310034856,0.00495321959273528,0.244542285819116
187773.411807,2514866.126422,0.767948717948718,0.00402930402930403,0,0.00146520146520147,0.00915750915750916,0.217399267399267
188273.411807,2514866.126422,0.625321100917431,0.0291743119266055,0,0.00807339449541284,0.0376146788990826,0.299816513761468
188773.411807,2514866.126422,0.321592368372776,0.0119244175380664,0.000550357732526142,0.00220143093010457,0.0550357732526142,0.608695652173913
189273.411807,2514866.126422,0.492673992673993,0.0144688644688645,0.00128205128205128,0.0106227106227106,0.019047619047619,0.461904761904762
189773.411807,2514866.126422,0.538899082568807,0.0168807339449541,0.00018348623853211,0.00495412844036697,0.0177981651376147,0.421284403669725
190273.411807,2514866.126422,0.530177949000183,0.0209135938359934,0,0.000183452577508714,0.002568336085122,0.446156668501192
190773.411807,2514866.126422,0.237912087912088,0.0137362637362637,0,0.0184981684981685,0.0386446886446886,0.691208791208791
191273.411807,2514866.126422,0.395596330275229,0.000917431192660551,0,0.00220183486238532,0.00146788990825688,0.599816513761468
191773.411807,2514866.126422,0.539350577875619,0.00091726288754357,0,0.015410016510732,0.0442120711796001,0.400110071546505
192273.411807,2514866.126422,0.518131868131868,0.0032967032967033,0.000366300366300366,0.115384615384615,0.137362637362637,0.225457875457875
192773.411807,2514866.126422,0.314862385321101,0.00899082568807339,0,0.0557798165137615,0.0792660550458716,0.541100917431193
193273.411807,2514866.126422,0.080168776371308,0.124931205283434,0.000183452577508714,0.197394973399376,0.13557145477894,0.461750137589433
193773.411807,2514866.126422,0.0168498168498168,0.243956043956044,0.0741758241758242,0.306410256410256,0.0467032967032967,0.311904761904762
194273.411807,2514866.126422,0,0.0211009174311927,0.614495412844037,0.346238532110092,0.00807339449541284,0.0100917431192661
194773.411807,2514866.126422,0.0209135938359934,0.139057053751605,0.000366905155017428,0.0588882773802972,0.00733810310034856,0.773436066776738
195273.411807,2514866.126422,0.0289377289377289,0.363553113553114,0.0578754578754579,0.0144688644688645,0.0402930402930403,0.494871794871795
195773.411807,2514866.126422,0.0831192660550459,0.141100917431193,0.0148623853211009,0.0836697247706422,0.088256880733945,0.588990825688073
196273.411807,2514866.126422,0.0370574206567602,0.0658594753256283,0.00476976701522656,0.0700788846083287,0.136672170243992,0.685562282150064
196773.411807,2514866.126422,0.208058608058608,0.0338827838827839,0.000732600732600733,0.183699633699634,0.0888278388278388,0.484798534798535
197273.411807,2514866.126422,0.0528440366972477,0.0434862385321101,0.00055045871559633,0.602201834862385,0.161834862385321,0.139082568807339
197773.411807,2514866.126422,0.0906255732893047,0.0809025866813429,0.00293524124013942,0.401761144744084,0.163272793982755,0.260502660062374
198273.411807,2514866.126422,0.0840659340659341,0.0895604395604396,0.0021978021978022,0.312820512820513,0.137362637362637,0.373992673992674
186273.411807,2514366.126422,0.748624862486249,0.0011001100110011,0,0,0.00348368170150348,0.246791345801247
186773.411807,2514366.126422,0.704029304029304,0,0,0,0.0010989010989011,0.294871794871795
187273.411807,2514366.126422,0.507875457875458,0.00457875457875458,0,0.0119047619047619,0.0366300366300366,0.439010989010989
187773.411807,2514366.126422,0.804730473047305,0.00183351668500183,0,0.000733406674000733,0.00183351668500183,0.190869086908691
188273.411807,2514366.126422,0.644688644688645,0.00915750915750916,0.000366300366300366,0.0521978021978022,0.112454212454212,0.181135531135531
188773.411807,2514366.126422,0.0868131868131868,0.0399267399267399,0.00714285714285714,0.345970695970696,0.345787545787546,0.174358974358974
189273.411807,2514366.126422,0.548404840484048,0.00751741840850752,0.00146681334800147,0.144297763109644,0.118811881188119,0.17950128346168
189773.411807,2514366.126422,0.762637362637363,0.0188644688644689,0,0,0,0.218498168498168
190273.411807,2514366.126422,0.423809523809524,0.000915750915750916,0,0.00293040293040293,0.0152014652014652,0.557142857142857
190773.411807,2514366.126422,0.349101576824349,0.0273193986065273,0,0.024019068573524,0.0394206087275394,0.56013934726806
191273.411807,2514366.126422,0.440659340659341,0.000183150183150183,0,0.00934065934065934,0.0146520146520147,0.535164835164835
191773.411807,2514366.126422,0.191758241758242,0.000366300366300366,0,0.0212454212454212,0.0298534798534799,0.756776556776557
192273.411807,2514366.126422,0.439310597726439,0,0,0.0575724239090576,0.0643564356435644,0.438760542720939
192773.411807,2514366.126422,0.245238095238095,0.0139194139194139,0.000732600732600733,0.115567765567766,0.217399267399267,0.407142857142857
193273.411807,2514366.126422,0.0732600732600733,0.058974358974359,0,0.06996336996337,0.0772893772893773,0.720512820512821
193773.411807,2514366.126422,0.0449211587825449,0.0834250091675834,0.000366703337000367,0.451411807847451,0.030986431976531,0.388888888888889
194273.411807,2514366.126422,0,0.00897435897435897,0.428754578754579,0.474175824175824,0.0119047619047619,0.0761904761904762
194773.411807,2514366.126422,0.0159340659340659,0.0271062271062271,0,0,0.000549450549450549,0.956410256410256
195273.411807,2514366.126422,0.0537220388705537,0.382288228822882,0.0212687935460213,0.0328199486615328,0.0687568756875688,0.441144114411441
195773.411807,2514366.126422,0.0428571428571429,0.0587912087912088,0.0152014652014652,0.107692307692308,0.11025641025641,0.665201465201465
196273.411807,2514366.126422,0.089010989010989,0.146336996336996,0.0478021978021978,0.0899267399267399,0.135531135531136,0.491391941391941
196773.411807,2514366.126422,0.132563256325633,0.0803080308030803,0.00403373670700403,0.121745507884122,0.103593692702604,0.557755775577558
197273.411807,2514366.126422,0.107875457875458,0.0194139194139194,0.00183150183150183,0.48021978021978,0.156043956043956,0.234615384615385
197773.411807,2514366.126422,0.125824175824176,0.0983516483516483,0.00146520146520147,0.206227106227106,0.130586080586081,0.437545787545788
198273.411807,2514366.126422,0.13017968463513,0.17033370003667,0.000916758342500917,0.0454712137880455,0.0759075907590759,0.577191052438577
186273.411807,2513866.126422,0.75004581271761,0,0,0.00109950522264981,0.00659703133589885,0.242257650723841
186773.411807,2513866.126422,0.718480455129382,0,0,0,0,0.281519544870618
187273.411807,2513866.126422,0.577296900788557,0.00183385292499542,0,0.0168714469099578,0.033192737942417,0.370805061434073
187773.411807,2513866.126422,0.453729155213487,0.0886934212937511,0,0.0185083379146051,0.0518599963349826,0.387209089243174
188273.411807,2513866.126422,0.797761057074693,0.000550559735731327,0,0.000734079647641769,0.00697375665259681,0.193980546889337
188773.411807,2513866.126422,0.530900421786173,0.0306253438474234,0.000550155877498625,0.0581331377223547,0.112415184302219,0.267375756464332
189273.411807,2513866.126422,0.603261865493861,0.0185083379146051,0,0.0335349092908191,0.091258933479934,0.253435953820781
189773.411807,2513866.126422,0.705083501559919,0,0,0,0.00220223894292531,0.292714259497155
190273.411807,2513866.126422,0.613423803410966,0,0,0.000366770584999083,0.000916926462497708,0.385292499541537
190773.411807,2513866.126422,0.428990287703867,0.0313358988455195,0,0.000733003481766538,0.00366501740883269,0.535275792560015
191273.411807,2513866.126422,0.250137639933933,0.009543035419343,0,0.0289961460818499,0.0418425399155808,0.669480638649293
191773.411807,2513866.126422,0.364753346781588,0.00366770584999083,0,0.0110031175499725,0.0324591967724189,0.58811663304603
192273.411807,2513866.126422,0.369800256551219,0.00183250870441635,0,0.00971229613340663,0.00806303829943192,0.610591900311526
192773.411807,2513866.126422,0.158010644154891,0.0545054138374014,0,0.118003303358414,0.14094329234722,0.528537346302074
193273.411807,2513866.126422,0.0487804878048781,0.0762882816798093,0,0.00641848523748395,0.0509811113148725,0.817531633962956
193773.411807,2513866.126422,0.0146600696353308,0.131940626717977,0.0109950522264981,0.375297782664468,0.0443467106468756,0.422759758108851
194273.411807,2513866.126422,0,0.00367039823820885,0.420994677922555,0.500275279867866,0.00587263718113415,0.0691870067902367
194773.411807,2513866.126422,0.0104529616724739,0.00348432055749129,0,0,0,0.986062717770035
195273.411807,2513866.126422,0.0223566061938794,0.466923217885285,0.00678028220634048,0.00201575957485798,0.0208905992303463,0.481033534909291
195773.411807,2513866.126422,0.114332905120206,0.127362818865847,0.0405579005322077,0.129932097632593,0.141860891906772,0.445953385942375
196273.411807,2513866.126422,0.182101595452045,0.152576563359619,0.0201723821749496,0.0456629378323858,0.0715202640748212,0.52796625710618
196773.411807,2513866.126422,0.174088326919553,0.131574124977094,0.0375664284405351,0.0885101704233095,0.146050943741983,0.422210005497526
197273.411807,2513866.126422,0.14956872820701,0.14920168838319,0.0124793540099101,0.256744356762709,0.164800880895577,0.267204991741604
197773.411807,2513866.126422,0.101045296167247,0.154043645699615,0.0119200440124702,0.0773885934348065,0.0696864111498258,0.585916009536035
198273.411807,2513866.126422,0.12112882536192,0.0765988638446033,0.0175920835623969,0.123144584936778,0.132673630199743,0.528862012094557
186273.411807,2513366.126422,0.562637362637363,0.00238095238095238,0,0.017032967032967,0.0450549450549451,0.372893772893773
186773.411807,2513366.126422,0.679816513761468,0.0473394495412844,0,0.00642201834862385,0.0132110091743119,0.253211009174312
187273.411807,2513366.126422,0.618235186204366,0.00201797835259585,0,0.0339387268391121,0.0335718216840947,0.312236286919831
187773.411807,2513366.126422,0.391758241758242,0.0164835164835165,0,0.0424908424908425,0.0793040293040293,0.46996336996337
188273.411807,2513366.126422,0.552660550458716,0.0218348623853211,0.0110091743119266,0.00055045871559633,0.00844036697247706,0.405504587155963
188773.411807,2513366.126422,0.676940011007155,0,0,0,0,0.323059988992845
189273.411807,2513366.126422,0.574542124542124,0.0141025641025641,0,0,0.000366300366300366,0.410989010989011
189773.411807,2513366.126422,0.587155963302752,0.00146788990825688,0,0,0.00128440366972477,0.410091743119266
190273.411807,2513366.126422,0.297560080719134,0.00348559897266557,0,0,0,0.6989543203082
190773.411807,2513366.126422,0.195787545787546,0.00787545787545788,0,0.0102564102564103,0.0205128205128205,0.765567765567766
191273.411807,2513366.126422,0.235779816513761,0.00477064220183486,0,0.0255045871559633,0.0546788990825688,0.679266055045872
191773.411807,2513366.126422,0.379379930288021,0.00532012474775271,0,0.00513667217024399,0.00862227114290956,0.601541001651073
192273.411807,2513366.126422,0.197802197802198,0.0122710622710623,0,0.0752747252747253,0.086996336996337,0.627655677655678
192773.411807,2513366.126422,0.115596330275229,0.02,0,0.120733944954128,0.115963302752294,0.627706422018349
193273.411807,2513366.126422,0.148229682627041,0.0777838928636947,0,0.0234819299211154,0.0420106402494955,0.708493854338653
193773.411807,2513366.126422,0.0412087912087912,0.183333333333333,0.00311355311355311,0.342857142857143,0.034981684981685,0.394505494505494
194273.411807,2513366.126422,0.00073394495412844,0.00532110091743119,0.398715596330275,0.566788990825688,0.00623853211009174,0.0222018348623853
194773.411807,2513366.126422,0.0155934690882407,0.00110071546505228,0,0,0,0.983305815446707
195273.411807,2513366.126422,0.0485347985347985,0.272344322344322,0,0.00146520146520147,0.0254578754578755,0.652197802197802
195773.411807,2513366.126422,0.0486238532110092,0.119082568807339,0.0555963302752294,0.176146788990826,0.111743119266055,0.488807339449541
196273.411807,2513366.126422,0.0831040176114474,0.172995780590717,0.00953953403045313,0.0757659145110989,0.0509998165474225,0.607594936708861
196773.411807,2513366.126422,0.123260073260073,0.343956043956044,0.0133699633699634,0.0304029304029304,0.0820512820512821,0.406959706959707
197273.411807,2513366.126422,0.172110091743119,0.205688073394495,0.00293577981651376,0.0721100917431193,0.0941284403669725,0.45302752293578
197773.411807,2513366.126422,0.131168592918731,0.110438451660246,0.0895248578242524,0.128049899101082,0.159236837277564,0.381581361218125
198273.411807,2513366.126422,0.134249084249084,0.491941391941392,0.00476190476190476,0.010989010989011,0.0287545787545788,0.329304029304029
186273.411807,2512866.126422,0.401906857352402,0.00751741840850752,0.000183351668500183,0.011001100110011,0.0731573157315732,0.506233956729006
186773.411807,2512866.126422,0.557875457875458,0.0163003663003663,0,0.00531135531135531,0.0135531135531136,0.406959706959707
187273.411807,2512866.126422,0.338095238095238,0.00934065934065934,0,0.0615384615384615,0.0631868131868132,0.527838827838828
187773.411807,2512866.126422,0.571873854052072,0.00238357169050238,0,0.000733406674000733,0.0137513751375138,0.411257792445911
188273.411807,2512866.126422,0.808424908424908,0,0,0.00183150183150183,0.00164835164835165,0.188095238095238
188773.411807,2512866.126422,0.560805860805861,0.00238095238095238,0,0,0.000915750915750916,0.435897435897436
189273.411807,2512866.126422,0.546021268793546,0,0,0.00421708837550422,0.00935093509350935,0.44041070773744
189773.411807,2512866.126422,0.598901098901099,0.000732600732600733,0,0,0,0.4003663003663
190273.411807,2512866.126422,0.363003663003663,0.00128205128205128,0,0.00860805860805861,0.0111721611721612,0.615934065934066
190773.411807,2512866.126422,0.288228822882288,0.00495049504950495,0,0.00293362669600293,0.00751741840850752,0.696369636963696
191273.411807,2512866.126422,0.137728937728938,0.000549450549450549,0,0.0155677655677656,0.0358974358974359,0.81025641025641
191773.411807,2512866.126422,0.288278388278388,0,0,0.000732600732600733,0.00769230769230769,0.703296703296703
192273.411807,2512866.126422,0.170700403373671,0.0055005500550055,0,0.0722405573890722,0.081041437477081,0.670517051705171
192773.411807,2512866.126422,0.114468864468864,0.0161172161172161,0.000183150183150183,0.206776556776557,0.151282051282051,0.511172161172161
193273.411807,2512866.126422,0.136813186813187,0.201282051282051,0,0.0536630036630037,0.0613553113553114,0.546886446886447
193773.411807,2512866.126422,0.111477814448111,0.199119911991199,0.000916758342500917,0.341034103410341,0.0388705537220389,0.308580858085809
194273.411807,2512866.126422,0,0.000549450549450549,0.364652014652015,0.633699633699634,0.0010989010989011,0
194773.411807,2512866.126422,0.0137362637362637,0.0032967032967033,0.0010989010989011,0.00164835164835165,0.000915750915750916,0.979304029304029
195273.411807,2512866.126422,0.00935093509350935,0.140630729739641,0,0.0033003300330033,0.0170517051705171,0.82966629996333
195773.411807,2512866.126422,0.0318681318681319,0.226190476190476,0.00769230769230769,0.0021978021978022,0.017032967032967,0.715018315018315
196273.411807,2512866.126422,0.0373626373626374,0.108058608058608,0.00183150183150183,0.118315018315018,0.0619047619047619,0.672527472527473
196773.411807,2512866.126422,0.0817748441510818,0.0918591859185919,0.0335533553355336,0.094976164283095,0.125779244591126,0.572057205720572
197273.411807,2512866.126422,0.0481684981684982,0.11959706959707,0.0743589743589744,0.227106227106227,0.148168498168498,0.382600732600733
197773.411807,2512866.126422,0.028021978021978,0.495787545787546,0.0195970695970696,0.0353479853479853,0.0628205128205128,0.358424908424908
198273.411807,2512866.126422,0.0099009900990099,0.843784378437844,0,0,0.000733406674000733,0.145581224789146
186273.411807,2512366.126422,0.268829026937878,0.0410481949789262,0,0.145317940260216,0.111783030969397,0.433021806853583
186773.411807,2512366.126422,0.369609102587631,0.0304643053771334,0,0.0756102037071022,0.0737750045879978,0.450541383740136
187273.411807,2512366.126422,0.208509077571979,0.0678525582248304,0.0773885934348065,0.0896754080322758,0.157527966257106,0.399046396479002
187773.411807,2512366.126422,0.15136521898479,0.140553417628734,0.0861279091075683,0.157412497709364,0.258750229063588,0.205790727505956
188273.411807,2512366.126422,0.651679207193981,0.0440447788585061,0.00807487612405946,0.00495503762158194,0.0447788585061479,0.246467241695724
188773.411807,2512366.126422,0.487071336878782,0.0066018705299835,0,0,0.00696864111498258,0.499358151476252
189273.411807,2512366.126422,0.481583287520616,0,0,0.000916254352208173,0.00219901044529962,0.515301447681876
189773.411807,2512366.126422,0.50211047898697,0.00220223894292531,0,0.000367039823820885,0.0012846393833731,0.494035602862911
190273.411807,2512366.126422,0.22006235099945,0.000733541169998166,0,0.00678525582248304,0.0106363469649734,0.761782505043096
190773.411807,2512366.126422,0.201209455744915,0,0,0.0333516584203775,0.0430639545537841,0.722374931280924
191273.411807,2512366.126422,0.318223527252707,0,0,0.000367039823820885,0.000367039823820885,0.681042393099651
191773.411807,2512366.126422,0.338162479369155,0.00843572345497891,0,0.00256739409499358,0.0170548322024574,0.633779570878416
192273.411807,2512366.126422,0.107018508337915,0.0445299615173172,0.00109950522264981,0.0643210555250137,0.0641378046545721,0.718893164742533
192773.411807,2512366.126422,0.0473481372728941,0.0633143696091026,0,0.0794641218572215,0.0781794824738484,0.731693888786933
193273.411807,2512366.126422,0.111681643132221,0.222079589216945,0,0.00330093526499175,0.0401613790573996,0.622776453328443
193773.411807,2512366.126422,0.0461792193512919,0.0998717243906908,0.0089792926516401,0.416529228513835,0.0269378779549203,0.401502657137621
194273.411807,2512366.126422,0,0,0.486694806386493,0.513305193613507,0,0
194773.411807,2512366.126422,0.00550155877498625,0.0139372822299652,0.00348432055749129,0.0548322024573629,0.0124701998899688,0.909774436090226
195273.411807,2512366.126422,0.0331684075499359,0.292834890965732,0.0146600696353308,0.00366501740883269,0.0205240974894631,0.635147516950705
195773.411807,2512366.126422,0.111396586529638,0.133602495870802,0,0.000734079647641769,0.0189025509267756,0.735364287025142
196273.411807,2512366.126422,0.0544654318723638,0.0867412433522831,0.0240234733174399,0.138639281129653,0.129836787089675,0.566293783238584
196773.411807,2512366.126422,0.0302363936228697,0.166208539490563,0.0307861462341946,0.114715044896463,0.164192779915705,0.493861095840205
197273.411807,2512366.126422,0.12020554230134,0.14516425032116,0.00991007524316388,0.203707102220591,0.104239309965131,0.416773719948614
197773.411807,2512366.126422,0.0102695763799743,0.897671006785256,0,0,0.0022006235099945,0.0898587933247754
198273.411807,2512366.126422,0.0053142752428074,0.816382627817482,0,0,0.00293201392706615,0.175371083012644
186273.411807,2511866.126422,0.260622710622711,0.0183150183150183,0,0.0553113553113553,0.0736263736263736,0.592124542124542
186773.411807,2511866.126422,0.329174311926606,0.0539449541284404,0,0.0192660550458716,0.0392660550458716,0.558348623853211
187273.411807,2511866.126422,0.219225830122913,0.0493487433498441,0.0519170794349661,0.138690148596588,0.175564116675839,0.36525408181985
187773.411807,2511866.126422,0.326556776556777,0.054029304029304,0.00750915750915751,0.0516483516483516,0.0580586080586081,0.502197802197802
188273.411807,2511866.126422,0.435963302752294,0.0519266055045872,0,0.0796330275229358,0.0579816513761468,0.374495412844037
188773.411807,2511866.126422,0.566868464501926,0.0581544670702623,0.00165107319757843,0.0860392588515869,0.0524674371674922,0.234819299211154
189273.411807,2511866.126422,0.523992673992674,0.00512820512820513,0,0.000549450549450549,0.0120879120879121,0.458241758241758
189773.411807,2511866.126422,0.68,0.00073394495412844,0,0.00403669724770642,0.00532110091743119,0.309908256880734
190273.411807,2511866.126422,0.32672904054302,0.00513667217024399,0,0.109521188772702,0.101449275362319,0.457163823151715
190773.411807,2511866.126422,0.647252747252747,0.00384615384615385,0,0.00897435897435897,0.0201465201465201,0.31978021978022
191273.411807,2511866.126422,0.376146788990826,0.0181651376146789,0,0.0172477064220183,0.0425688073394495,0.545871559633027
191773.411807,2511866.126422,0.190607228031554,0.00568702990277013,0,0.136305265088975,0.117409649605577,0.549990827371125
192273.411807,2511866.126422,0.14981684981685,0.0285714285714286,0,0.0866300366300366,0.0831501831501831,0.651831501831502
192773.411807,2511866.126422,0.16256880733945,0.0374311926605505,0,0.0656880733944954,0.0376146788990826,0.696697247706422
193273.411807,2511866.126422,0.0506329113924051,0.202164740414603,0,0.000366905155017428,0.0383415886993212,0.708493854338653
193773.411807,2511866.126422,0.0232600732600733,0.0972527472527473,0.0664835164835165,0.635714285714286,0.0184981684981685,0.158791208791209
194273.411807,2511866.126422,0,0,0.54954128440367,0.45045871559633,0,0
194773.411807,2511866.126422,0.00587048248027885,0.214639515685195,0,0.0796184186387819,0.0168776371308017,0.682993946064942
195273.411807,2511866.126422,0.0234432234432234,0.441208791208791,0.0245421245421245,0.00238095238095238,0.0336996336996337,0.474725274725275
195773.411807,2511866.126422,0.146605504587156,0.161467889908257,0,0.0225688073394495,0.0401834862385321,0.629174311926606
196273.411807,2511866.126422,0.0970464135021097,0.0267840763162722,0,0.0258668134287287,0.0541185103650706,0.796184186387819
196773.411807,2511866.126422,0.0717948717948718,0.0485347985347985,0,0.0282051282051282,0.0250915750915751,0.826373626373626
197273.411807,2511866.126422,0.207339449541284,0.0165137614678899,0,0.0456880733944954,0.0660550458715596,0.664403669724771
197773.411807,2511866.126422,0.103100348559897,0.168042560997982,0,0.142726105301779,0.108237020730141,0.4778939644102
198273.411807,2511866.126422,0.102564102564103,0.193772893772894,0.00366300366300366,0.199267399267399,0.0928571428571429,0.407875457875458
186273.411807,2511366.126422,0.174734140080675,0.0740740740740741,0.000183351668500183,0.273744041070774,0.145397873120645,0.331866519985332
186773.411807,2511366.126422,0.173076923076923,0.0445054945054945,0.0318681318681319,0.156593406593407,0.131135531135531,0.462820512820513
187273.411807,2511366.126422,0.304761904761905,0.0163003663003663,0.000183150183150183,0.317582417582418,0.109340659340659,0.251831501831502
187773.411807,2511366.126422,0.0947928126145948,0.0342867620095343,0.0135680234690136,0.572240557389072,0.118628529519619,0.166483314998166
188273.411807,2511366.126422,0.6003663003663,0.0456043956043956,0,0.0100732600732601,0.0223443223443223,0.321611721611722
188773.411807,2511366.126422,0.197985347985348,0.0446886446886447,0.000366300366300366,0.29981684981685,0.123809523809524,0.333333333333333
189273.411807,2511366.126422,0.723138980564723,0.0108177484415108,0,0.000366703337000367,0.00806747341400807,0.257609094242758
189773.411807,2511366.126422,0.456043956043956,0.00824175824175824,0,0.00201465201465201,0.00201465201465201,0.531684981684982
190273.411807,2511366.126422,0.334798534798535,0.0104395604395604,0,0.1003663003663,0.127289377289377,0.427106227106227
190773.411807,2511366.126422,0.5997433076641,0.00183351668500183,0,0.00385038503850385,0.0361202786945361,0.358452511917858
191273.411807,2511366.126422,0.675091575091575,0.000915750915750916,0,0.00805860805860806,0.0434065934065934,0.272527472527473
191773.411807,2511366.126422,0.267032967032967,0.0163003663003663,0,0.123809523809524,0.0992673992673993,0.493589743589744
192273.411807,2511366.126422,0.122478914558122,0.0344701136780345,0,0.0383204987165383,0.0346534653465347,0.77007700770077
192773.411807,2511366.126422,0.133333333333333,0.0648351648351648,0,0.0227106227106227,0.034981684981685,0.744139194139194
193273.411807,2511366.126422,0.0481684981684982,0.163919413919414,0,0.138461538461538,0.0543956043956044,0.595054945054945
193773.411807,2511366.126422,0,0.0157682434910158,0.165016501650165,0.819215254858819,0,0
194273.411807,2511366.126422,0.00256410256410256,0.0316849816849817,0.573626373626374,0.201098901098901,0.0208791208791209,0.17014652014652
194773.411807,2511366.126422,0.00659340659340659,0.403113553113553,0,0,0.000549450549450549,0.58974358974359
195273.411807,2511366.126422,0.041987532086542,0.4000733406674,0.0128346167950128,0.0033003300330033,0.0249358269160249,0.516868353502017
195773.411807,2511366.126422,0.0961538461538462,0.114835164835165,0,0.101465201465201,0.130952380952381,0.556593406593407
196273.411807,2511366.126422,0.0747252747252747,0.152564102564103,0,0.125641025641026,0.129487179487179,0.517582417582418
196773.411807,2511366.126422,0.000183351668500183,0.0106343967730106,0,0.646681334800147,0.0253025302530253,0.317198386505317
197273.411807,2511366.126422,0.00347985347985348,0.0593406593406593,0,0.39010989010989,0.0562271062271062,0.490842490842491
197773.411807,2511366.126422,0,0.0131868131868132,0,0.391391941391941,0.0452380952380952,0.55018315018315
198273.411807,2511366.126422,0.072973964063073,0.0141180784745141,0,0.0852585258525853,0.0848918225155849,0.742757609094243
186273.411807,2510866.126422,0.361920469122228,0.034084661902144,0.0984057174271578,0.137438152831226,0.0855781564962434,0.282572842221001
186773.411807,2510866.126422,0.47715177096715,0.0376215819416407,0.00642319691686548,0.0688199669664159,0.0434942191227748,0.366489264085153
187273.411807,2510866.126422,0.236750412616908,0.0381441408399046,0.000550155877498625,0.226480836236934,0.0641848523748395,0.433889602053915
187773.411807,2510866.126422,0.503756642844054,0.0243723657687374,0,0.0179585853032802,0.0232728605460876,0.430639545537841
188273.411807,2510866.126422,0.798311616810424,0,0,0,0,0.201688383189576
188773.411807,2510866.126422,0.723454978910691,0.004401247019989,0,0.00825233816247937,0.00825233816247937,0.255639097744361
189273.411807,2510866.126422,0.343412131207623,0.0186915887850467,0,0.0406816932380429,0.0632215503023639,0.533993036466923
189773.411807,2510866.126422,0.369058542851899,0.00697375665259681,0.000367039823820885,0.0752431638832813,0.0789135621214902,0.469443934666911
190273.411807,2510866.126422,0.123418301852191,0.0535485054098661,0,0.121584448927196,0.164496607372089,0.536952136438658
190773.411807,2510866.126422,0.42715777899945,0.0053142752428074,0,0.0247388675096207,0.110683525746747,0.432105552501374
191273.411807,2510866.126422,0.184437511469994,0.00935951550743256,0,0.0203707102220591,0.228849330152322,0.556982932648192
191773.411807,2510866.126422,0.158628278012103,0.0100861910874748,0,0.194388410049514,0.118466898954704,0.518430221896204
192273.411807,2510866.126422,0.124060839288987,0.0276708814366868,0,0.0298698918819864,0.0465457210921752,0.771852666300165
192773.411807,2510866.126422,0.0400073407964764,0.0915764360433107,0,0.0480822169205359,0.0620297302257295,0.758304276013948
193273.411807,2510866.126422,0.0106363469649734,0.0770218228498075,0.141390060517147,0.671740326425821,0.0209059233449477,0.0783055198973042
193773.411807,2510866.126422,0,0.0166758292101887,0.72420743998534,0.219168041048195,0.00659703133589885,0.0333516584203775
194273.411807,2510866.126422,0.00330335841438796,0.102404110846027,0.110111947146265,0.0453294182418792,0.009543035419343,0.729308129932098
194773.411807,2510866.126422,0.00953603520997616,0.351549605721621,0.004401247019989,0.000183385292499542,0.00935264991747662,0.624977076838438
195273.411807,2510866.126422,0.0302363936228697,0.467656221367051,0,0.0602895363752978,0.0494777350192413,0.39234011361554
195773.411807,2510866.126422,0.0240411084602679,0.0546889337493118,0,0.345017434391632,0.0976325931363553,0.478619930262433
196273.411807,2510866.126422,0.015587749862461,0.0416284613973959,0,0.362736108564093,0.0973775903172566,0.482670089858793
196773.411807,2510866.126422,0.258566978193146,0.00714678394722375,0,0.195345427890782,0.0393989371449514,0.499541872823896
197273.411807,2510866.126422,0.362451826023124,0.00715727656450725,0,0.122224261332355,0.0218388695173426,0.486327766562672
197773.411807,2510866.126422,0.306436823766734,0.0066018705299835,0.000733541169998166,0.108564093159729,0.0568494406748579,0.520814230698698
198273.411807,2510866.126422,0.153380978559648,0.0181418361737218,0,0.370716510903427,0.136521898479018,0.321238775884185
186273.411807,2510366.126422,0.298168498168498,0.0247252747252747,0,0.138461538461538,0.0811355311355311,0.457509157509157
186773.411807,2510366.126422,0.386422018348624,0.0337614678899083,0.0814678899082569,0.0223853211009174,0.0188990825688073,0.457064220183486
187273.411807,2510366.126422,0.37809576224546,0.0526508897450009,0.000183452577508714,0.0328380113740598,0.0132085855806274,0.523023298477344
187773.411807,2510366.126422,0.422161172161172,0.017032967032967,0.000183150183150183,0.0531135531135531,0.0296703296703297,0.477838827838828
188273.411807,2510366.126422,0.657981651376147,0.00073394495412844,0,0,0,0.341284403669725
188773.411807,2510366.126422,0.517519721152082,0.00165107319757843,0,0.00275178866263071,0.00935608145294441,0.468721335534764
189273.411807,2510366.126422,0.472527472527473,0.00989010989010989,0,0.0184981684981685,0.0234432234432234,0.475641025641026
189773.411807,2510366.126422,0.271192660550459,0.0165137614678899,0,0.00788990825688073,0.0121100917431193,0.692293577981651
190273.411807,2510366.126422,0.314254265272427,0.0588882773802972,0,0.0144927536231884,0.0245826453861677,0.58778205833792
190773.411807,2510366.126422,0.205311355311355,0.0133699633699634,0,0.155677655677656,0.153113553113553,0.472527472527473
191273.411807,2510366.126422,0.231192660550459,0.00752293577981651,0,0.107339449541284,0.134495412844037,0.519449541284404
191773.411807,2510366.126422,0.0957622454595487,0.0418271876719868,0,0.41937259218492,0.143093010456797,0.299944964226747
192273.411807,2510366.126422,0.197802197802198,0.147985347985348,0,0.0686813186813187,0.0371794871794872,0.548351648351648
192773.411807,2510366.126422,0.0177981651376147,0.0444036697247706,0.176880733944954,0.598165137614679,0.0319266055045872,0.130825688073395
193273.411807,2510366.126422,0,0.002568336085122,0.642634379013025,0.349660612731609,0.001284168042561,0.00385250412768299
