"x","y","forest","agri","water","built","other","grass"
156773.411807,2571866.126422,0.0330275229357798,0.0119266055045872,0.745871559633028,0.195963302752294,0.0132110091743119,0
157273.411807,2571866.126422,0.00605393505778756,0.00403595670519171,0.804256099798202,0.184920198128784,0.000733810310034856,0
157773.411807,2571866.126422,0,0.000732600732600733,0.601648351648352,0.397435897435897,0.000183150183150183,0
158273.411807,2571866.126422,0,0.122752293577982,0.668623853211009,0.155045871559633,0.0211009174311927,0.0324770642201835
158773.411807,2571866.126422,0.00201797835259585,0.111172261970281,0.524857824252431,0.190240322876536,0.0524674371674922,0.119244175380664
159273.411807,2571866.126422,0.00347985347985348,0.229487179487179,0.324175824175824,0.237362637362637,0.0641025641025641,0.141391941391941
159773.411807,2571866.126422,0.00513761467889908,0.267155963302752,0.0743119266055046,0.177798165137615,0.128256880733945,0.347339449541284
160273.411807,2571866.126422,0.00910151691948658,0.173628938156359,0.409801633605601,0.117386231038506,0.0926487747957993,0.197432905484247
156773.411807,2571366.126422,0.0943223443223443,0.0807692307692308,0.447069597069597,0.341391941391941,0.0285714285714286,0.00787545787545788
157273.411807,2571366.126422,0,0,0.683150183150183,0.316849816849817,0,0
157773.411807,2571366.126422,0,0.0102676934360103,0.854052071873854,0.13017968463513,0.00403373670700403,0.00146681334800147
158273.411807,2571366.126422,0.00549450549450549,0.056043956043956,0.406410256410256,0.507326007326007,0.0212454212454212,0.00347985347985348
158773.411807,2571366.126422,0.0238095238095238,0.19010989010989,0.313003663003663,0.207692307692308,0.0989010989010989,0.166483516483516
159273.411807,2571366.126422,0.0124679134580125,0.261092775944261,0.172167216721672,0.198203153648698,0.151081774844151,0.204987165383205
159773.411807,2571366.126422,0.0115384615384615,0.431868131868132,0.0796703296703297,0.0615384615384615,0.106227106227106,0.309157509157509
160273.411807,2571366.126422,0.00652680652680653,0.159207459207459,0.295104895104895,0.0748251748251748,0.162703962703963,0.301631701631702
156773.411807,2570866.126422,0.0178014314553129,0.0658836483758488,0.517709671499358,0.229399889888053,0.0603780510185355,0.108827307762892
157273.411807,2570866.126422,0,0.00513478818998716,0.599119750596002,0.392444525949019,0.000366770584999083,0.00293416467999266
157773.411807,2570866.126422,0,0.0350009162543522,0.342679127725857,0.600146600696353,0.00714678394722375,0.015026571376214
158273.411807,2570866.126422,0.039823820884566,0.0462470178014315,0.508533675903836,0.192328867682144,0.0781794824738484,0.134887135254175
158773.411807,2570866.126422,0.14817531633963,0.186869613057033,0.0522648083623693,0.187603154227031,0.163763066202091,0.261324041811847
159273.411807,2570866.126422,0.00916254352208173,0.359721458676929,0,0.304746197544438,0.157045995968481,0.16932380428807
159773.411807,2570866.126422,0.0267939071389246,0.512387594053955,0.0480822169205359,0.0530372545421178,0.0943292347219673,0.2653697926225
160273.411807,2570866.126422,0.0107301142990436,0.102169349195241,0.210636808957313,0.109633776533707,0.224865873571262,0.341964077443434
156273.411807,2570366.126422,0.0157509157509158,0.0626373626373626,0.360989010989011,0.166300366300366,0.0432234432234432,0.351098901098901
156773.411807,2570366.126422,0,0,0.77302752293578,0.22697247706422,0,0
157273.411807,2570366.126422,0,0.0254999082737112,0.722436250229316,0.223812144560631,0.0174279948633278,0.0108237020730141
157773.411807,2570366.126422,0.00146520146520147,0.108791208791209,0.241941391941392,0.333882783882784,0.0728937728937729,0.241025641025641
158273.411807,2570366.126422,0.0139449541284404,0.143669724770642,0.255779816513761,0.137064220183486,0.0939449541284404,0.355596330275229
158773.411807,2570366.126422,0.00935608145294441,0.407815079801871,0.0122913226930838,0.0335718216840947,0.125665015593469,0.411300678774537
159273.411807,2570366.126422,0.0106227106227106,0.721611721611722,0,0.0146520146520147,0.0344322344322344,0.218681318681319
159773.411807,2570366.126422,0.0126605504587156,0.680733944954128,0.0122935779816514,0.00513761467889908,0.0310091743119266,0.258165137614679
160273.411807,2570366.126422,0.0212368728121354,0.164994165694282,0.180163360560093,0.103383897316219,0.148424737456243,0.381796966161027
156273.411807,2569866.126422,0,0.0148514851485149,0.443527686101944,0.0671067106710671,0.0284195086175284,0.446094609460946
156773.411807,2569866.126422,0,0,0.755311355311355,0.244688644688645,0,0
157273.411807,2569866.126422,0,0.0043956043956044,0.618498168498169,0.357692307692308,0.00311355311355311,0.0163003663003663
157773.411807,2569866.126422,0.0011001100110011,0.0803080308030803,0.688852218555189,0.125412541254125,0.0282361569490282,0.0760909424275761
158273.411807,2569866.126422,0.00164835164835165,0.0921245421245421,0.297619047619048,0.515018315018315,0.0282051282051282,0.0653846153846154
158773.411807,2569866.126422,0,0.0972527472527473,0.525091575091575,0.215567765567766,0.0580586080586081,0.104029304029304
159273.411807,2569866.126422,0.00421708837550422,0.0984598459845985,0.633846718005134,0.0304363769710304,0.0407040704070407,0.192335900256692
159773.411807,2569866.126422,0.00970695970695971,0.0948717948717949,0.529487179487179,0.0681318681318681,0.071978021978022,0.225824175824176
160273.411807,2569866.126422,0.0027972027972028,0.168764568764569,0.484615384615385,0.106993006993007,0.0601398601398601,0.176689976689977
156273.411807,2569366.126422,0,0.0241891148982958,0.597214586769287,0.105735752244823,0.013560564412681,0.259299981674913
156773.411807,2569366.126422,0.0047715177096715,0.0357863828225362,0.852082951000183,0.0598274912828042,0.00403743806202973,0.0434942191227748
157273.411807,2569366.126422,0.000183385292499542,0.0022006235099945,0.372822299651568,0.621859526865945,0.00165046763249587,0.00128369704749679
157773.411807,2569366.126422,0.0218068535825545,0.0194245922668133,0.755543338830859,0.125893347993403,0.0155763239875389,0.0617555433388309
158273.411807,2569366.126422,0,0.0453294182418792,0.711506698476785,0.183519911910442,0.0273444668746559,0.0322995044962378
158773.411807,2569366.126422,0.0022006235099945,0.0750045846323125,0.582248303686044,0.17219878965707,0.0797726022373006,0.0885750962772786
159273.411807,2569366.126422,0.0415979475902511,0.085761407366685,0.443833608209639,0.0802638812534359,0.118563313175738,0.229979842404251
159773.411807,2569366.126422,0.0387227014131033,0.0846026793907139,0.0770783630023858,0.0501009359515507,0.137456414020921,0.612038906221325
160273.411807,2569366.126422,0.0079309540471192,0.0550501516211803,0.121763470958712,0.0557499416841614,0.0870072311639841,0.672498250524843
156273.411807,2568866.126422,0.131318681318681,0.0347985347985348,0.311538461538462,0.0945054945054945,0.0516483516483516,0.376190476190476
156773.411807,2568866.126422,0.0154128440366972,0.0299082568807339,0.71743119266055,0.0332110091743119,0.00036697247706422,0.203669724770642
157273.411807,2568866.126422,0.00550357732526142,0.0183452577508714,0.542836176848285,0.388552559163456,0.0319207484865162,0.01284168042561
157773.411807,2568866.126422,0.0835164835164835,0.0987179487179487,0.157692307692308,0.231684981684982,0.0708791208791209,0.357509157509158
158273.411807,2568866.126422,0.0625688073394495,0.0638532110091743,0.21045871559633,0.166422018348624,0.0990825688073395,0.397614678899083
158773.411807,2568866.126422,0.0190790680609063,0.02568336085122,0.00201797835259585,0.0739313887360117,0.117593102183086,0.76169510181618
159273.411807,2568866.126422,0.12985347985348,0.0655677655677656,0.0152014652014652,0.0474358974358974,0.132967032967033,0.608974358974359
159773.411807,2568866.126422,0.0271559633027523,0.0787155963302752,0,0.201100917431193,0.288073394495413,0.404954128440367
160273.411807,2568866.126422,0,0.178296382730455,0.0207701283547258,0.00770128354725788,0.046441073512252,0.746791131855309
155773.411807,2568366.126422,0,0.0135531135531136,0.843772893772894,0.127106227106227,0.00677655677655678,0.00879120879120879
156273.411807,2568366.126422,0.224789145581225,0.0405207187385405,0.192702603593693,0.124495782911624,0.0617895122845618,0.355702236890356
156773.411807,2568366.126422,0.0826007326007326,0.0653846153846154,0.271428571428571,0.0527472527472527,0.0635531135531135,0.464285714285714
157273.411807,2568366.126422,0.0010989010989011,0.0683150183150183,0.34981684981685,0.445421245421245,0.0690476190476191,0.0663003663003663
157773.411807,2568366.126422,0.000183351668500183,0.0940594059405941,0.18041804180418,0.533920058672534,0.155115511551155,0.0363036303630363
158273.411807,2568366.126422,0.0487179487179487,0.108608058608059,0.149084249084249,0.0681318681318681,0.0820512820512821,0.543406593406593
158773.411807,2568366.126422,0.0152014652014652,0.136446886446886,0.0754578754578755,0.0652014652014652,0.0738095238095238,0.633882783882784
159273.411807,2568366.126422,0.0372203887055372,0.125595892922626,0.240557389072241,0.100843417675101,0.145947928126146,0.34983498349835
159773.411807,2568366.126422,0.0970695970695971,0.0842490842490843,0.0695970695970696,0.120695970695971,0.234065934065934,0.394322344322344
160273.411807,2568366.126422,0.0221445221445221,0.0815850815850816,0.02004662004662,0.162237762237762,0.13962703962704,0.574358974358974
156273.411807,2567866.126422,0.00439802089059923,0.0731170973062122,0.366318490012828,0.232911856331318,0.0568077698369067,0.266446765622137
156773.411807,2567866.126422,0.0396403009726555,0.146815929528354,0.252339878876858,0.242613323545605,0.117452743622683,0.201137823453845
157273.411807,2567866.126422,0.000366770584999083,0.0605171465248487,0.748762149275628,0.149275628094627,0.0097194205024757,0.0313588850174216
157773.411807,2567866.126422,0.00219901044529962,0.0461792193512919,0.415979475902511,0.42935678944475,0.0754993586219534,0.0307861462341946
158273.411807,2567866.126422,0.011194714626537,0.0759772435309231,0.594237474766012,0.263351073591485,0.0185355111029547,0.0367039823820885
158773.411807,2567866.126422,0.00201723821749496,0.134604804694663,0.476618375206308,0.179167430772052,0.0436456996148909,0.16394645149459
159273.411807,2567866.126422,0.0152098222466557,0.223382811068353,0.341029869891882,0.0549752611324904,0.0564412680960235,0.308960967564596
159773.411807,2567866.126422,0.0411084602679391,0.133602495870802,0.21159845843274,0.0934116351624151,0.150302807854652,0.369976142411452
160273.411807,2567866.126422,0.0566829951014696,0.0436202472591556,0.00443200373221367,0.190109633776534,0.227431770468859,0.477723349661768
156273.411807,2567366.126422,0,0.0531135531135531,0.624908424908425,0.136446886446886,0.0188644688644689,0.166666666666667
156773.411807,2567366.126422,0.0130275229357798,0.0603669724770642,0.523669724770642,0.177247706422018,0.0398165137614679,0.185871559633028
157273.411807,2567366.126422,0,0.0504494588148963,0.662630709961475,0.278664465235737,0.00385250412768299,0.00440286186020914
157773.411807,2567366.126422,0,0.0249084249084249,0.893772893772894,0.0738095238095238,0.00567765567765568,0.00183150183150183
158273.411807,2567366.126422,0,0,0.859816513761468,0.139816513761468,0.00036697247706422,0
158773.411807,2567366.126422,0,0.0232984773436067,0.717849935791598,0.210603558980004,0.0152265639332233,0.0330214639515685
159273.411807,2567366.126422,0.00567765567765568,0.170695970695971,0.497985347985348,0.0831501831501831,0.0527472527472527,0.18974358974359
159773.411807,2567366.126422,0.00715596330275229,0.236146788990826,0.346788990825688,0.0772477064220184,0.102935779816514,0.229724770642202
160273.411807,2567366.126422,0.0189031505250875,0.200933488914819,0.171528588098016,0.185297549591599,0.164760793465578,0.258576429404901
155773.411807,2566866.126422,0.00366300366300366,0.0358974358974359,0.864835164835165,0.0404761904761905,0.0201465201465201,0.034981684981685
156273.411807,2566866.126422,0,0,0.891272460579391,0.108727539420609,0,0
156773.411807,2566866.126422,0.00256410256410256,0.10018315018315,0.764102564102564,0.108058608058608,0.00586080586080586,0.0192307692307692
157273.411807,2566866.126422,0,0.0327838827838828,0.858241758241758,0.0976190476190476,0.00860805860805861,0.00274725274725275
157773.411807,2566866.126422,0,0.00916758342500917,0.936743674367437,0.0467546754675468,0.00696736340300697,0.000366703337000367
158273.411807,2566866.126422,0,0.0146520146520147,0.906776556776557,0.0783882783882784,0.000183150183150183,0
158773.411807,2566866.126422,0,0.010989010989011,0.914285714285714,0.0564102564102564,0.00128205128205128,0.017032967032967
159273.411807,2566866.126422,0,0.094976164283095,0.687202053538687,0.0889255592225889,0.0192519251925193,0.10964429776311
159773.411807,2566866.126422,0.00512820512820513,0.15018315018315,0.471611721611722,0.128388278388278,0.101648351648352,0.143040293040293
160273.411807,2566866.126422,0,0.187645687645688,0.129137529137529,0.366433566433566,0.0361305361305361,0.280652680652681
155773.411807,2566366.126422,0,0.000550155877498625,0.994131670640015,0.00403447643498991,0.00128369704749679,0
156273.411807,2566366.126422,0,0.0122778083195895,0.519149715961151,0.46857247571926,0,0
156773.411807,2566366.126422,0.00165167920719398,0.0596439713708937,0.115066984767847,0.775371627821619,0.0291796659937603,0.019086070838686
157273.411807,2566366.126422,0,0.0333761232349166,0.773702549055566,0.180451127819549,0.00275077938749312,0.0097194205024757
157773.411807,2566366.126422,0,0.0205240974894631,0.863111599780099,0.108851017042331,0.00733003481766538,0.000183250870441635
158273.411807,2566366.126422,0,0.0100935951550743,0.758304276013948,0.226463571297486,0.00293631859056708,0.00220223894292531
158773.411807,2566366.126422,0,0.0236567027324409,0.750229231615624,0.199339812947002,0.00476801760498808,0.022006235099945
159273.411807,2566366.126422,0,0.00238226131574125,0.476635514018692,0.509254168957303,0.0111783030969397,0.000549752611324904
159773.411807,2566366.126422,0,0.0467975775371628,0.164800880895577,0.673885116535144,0.063497889521013,0.051018535511103
160273.411807,2566366.126422,0.00373221366923256,0.10543503615582,0.233729881035689,0.547002565896898,0.0692792162351295,0.0408210870072312
155273.411807,2565866.126422,0.00513761467889908,0.0251376146788991,0.875963302752294,0.0697247706422018,0.0121100917431193,0.0119266055045872
155773.411807,2565866.126422,0,0.000733810310034856,0.89011190607228,0.108970831040176,0,0.000183452577508714
156273.411807,2565866.126422,0,0.0456043956043956,0.0379120879120879,0.871245421245421,0.0195970695970696,0.0256410256410256
156773.411807,2565866.126422,0.00752293577981651,0.0873394495412844,0.118899082568807,0.654495412844037,0.0521100917431193,0.0796330275229358
157273.411807,2565866.126422,0.00311869381764814,0.0530177949000183,0.606861126398826,0.242157402311502,0.0566868464501926,0.0381581361218125
157773.411807,2565866.126422,0,0.000549450549450549,0.965201465201465,0.0316849816849817,0.00256410256410256,0
158273.411807,2565866.126422,0,0.00293577981651376,0.810091743119266,0.175229357798165,0.0104587155963303,0.00128440366972477
158773.411807,2565866.126422,0,0.0214639515685195,0.662447257383966,0.290405430196294,0.0157769216657494,0.00990643918547056
159273.411807,2565866.126422,0,0.00567765567765568,0.403846153846154,0.582783882783883,0.00714285714285714,0.000549450549450549
159773.411807,2565866.126422,0,0.0343119266055046,0,0.840733944954128,0.0915596330275229,0.033394495412844
160273.411807,2565866.126422,0,0.011901983663944,0.28681446907818,0.628238039673279,0.0576429404900817,0.0154025670945158
155273.411807,2565366.126422,0.00952380952380952,0.0245421245421245,0.90018315018315,0.0443223443223443,0.00622710622710623,0.0152014652014652
155773.411807,2565366.126422,0.00238095238095238,0.0675824175824176,0.31959706959707,0.596336996336996,0.0021978021978022,0.0119047619047619
156273.411807,2565366.126422,0,0.0597726439310598,0.017968463513018,0.867803447011368,0.00825082508250825,0.0462046204620462
156773.411807,2565366.126422,0,0.0613553113553114,0.277289377289377,0.506593406593407,0.103663003663004,0.0510989010989011
157273.411807,2565366.126422,0,0.0527472527472527,0.355677655677656,0.446520146520147,0.0496336996336996,0.0954212454212454
157773.411807,2565366.126422,0,0.00971763843050972,0.876237623762376,0.1001100110011,0.0115511551155116,0.00238357169050238
158273.411807,2565366.126422,0,0.013003663003663,0.902014652014652,0.0652014652014652,0.00787545787545788,0.0119047619047619
158773.411807,2565366.126422,0,0,0.962271062271062,0.0362637362637363,0.00146520146520147,0
159273.411807,2565366.126422,0,0.00421708837550422,0.560872753942061,0.418041804180418,0.0168683535020169,0
159773.411807,2565366.126422,0.00183150183150183,0.0315018315018315,0.0957875457875458,0.71007326007326,0.0461538461538462,0.114652014652015
160273.411807,2565366.126422,0.00815850815850816,0.152680652680653,0.0172494172494173,0.386713286713287,0.203263403263403,0.231934731934732
154773.411807,2564866.126422,0,0.0903426791277259,0.703500091625435,0.12662635147517,0.0111783030969397,0.0683525746747297
155273.411807,2564866.126422,0,0.0425766195632226,0.691135988254726,0.235823086804918,0.0034868783262984,0.026977427050835
155773.411807,2564866.126422,0,0,0.165596919127086,0.834403080872914,0,0
156273.411807,2564866.126422,0,0.000183250870441635,0.222466556716144,0.777350192413414,0,0
156773.411807,2564866.126422,0,0.0361534226463571,0.520278950266104,0.417691319508167,0.00972655533125344,0.0161497522481189
157273.411807,2564866.126422,0,0.00715202640748212,0.531083807078672,0.4399413167064,0.0198056115899505,0.00201723821749496
157773.411807,2564866.126422,0,0.0113615539673813,0.890782481216786,0.0831958951805021,0.0133773135422393,0.00128275609309144
158273.411807,2564866.126422,0,0.00715727656450725,0.940172508717196,0.030280785465223,0.0133969535694623,0.00899247568361167
158773.411807,2564866.126422,0,0.0298918026774253,0.725655602420686,0.187603154227031,0.0298918026774253,0.0269576379974326
159273.411807,2564866.126422,0,0.0295033901411032,0.417811984606927,0.473520249221184,0.0580905259299982,0.021073850100788
159773.411807,2564866.126422,0,0.109744907322444,0.154707285740503,0.495687282070105,0.0926775555147734,0.147182969352175
160273.411807,2564866.126422,0.00373221366923256,0.256356426405412,0.072544903195708,0.445533006764637,0.0825752274317705,0.13925822253324
154773.411807,2564366.126422,0,0.0514652014652015,0.746703296703297,0.11978021978022,0.0113553113553114,0.0706959706959707
155273.411807,2564366.126422,0,0.0073394495412844,0.490275229357798,0.502018348623853,0.00036697247706422,0
155773.411807,2564366.126422,0,0,0.096862960924601,0.903137039075399,0,0
156273.411807,2564366.126422,0,0,0,1,0,0
156773.411807,2564366.126422,0,0.0447706422018349,0.0055045871559633,0.896880733944954,0.0187155963302752,0.0341284403669725
157273.411807,2564366.126422,0,0.0449458814896349,0.402678407631627,0.499724821133737,0.0289855072463768,0.0236653824986241
157773.411807,2564366.126422,0,0.0223443223443223,0.832417582417582,0.105494505494505,0.0327838827838828,0.00695970695970696
158273.411807,2564366.126422,0.00055045871559633,0.0111926605504587,0.878532110091743,0.0634862385321101,0.0297247706422018,0.0165137614678899
158773.411807,2564366.126422,0,0.0577875619152449,0.614749587231701,0.166574940377912,0.094294624839479,0.0665932856356632
159273.411807,2564366.126422,0,0.0485347985347985,0.241575091575092,0.555860805860806,0.0873626373626374,0.0666666666666667
159773.411807,2564366.126422,0.00018348623853211,0.0664220183486239,0.162935779816514,0.62954128440367,0.0680733944954128,0.0728440366972477
160273.411807,2564366.126422,0.000933488914819137,0.186464410735123,0.195799299883314,0.523220536756126,0.0725787631271879,0.0210035005834306
154773.411807,2563866.126422,0,0.0674734140080675,0.725889255592226,0.124679134580125,0.00623395672900623,0.0757242390905757
155273.411807,2563866.126422,0,0.0287545787545788,0.460805860805861,0.447802197802198,0.00512820512820513,0.0575091575091575
155773.411807,2563866.126422,0.0126373626373626,0.00622710622710623,0.0137362637362637,0.954578754578755,0.00128205128205128,0.0115384615384615
156273.411807,2563866.126422,0.000916758342500917,0.0144847818115145,0.00916758342500917,0.953978731206454,0,0.0214521452145215
156773.411807,2563866.126422,0,0.0304029304029304,0,0.933882783882784,0.0117216117216117,0.023992673992674
157273.411807,2563866.126422,0,0.0794871794871795,0.391758241758242,0.438095238095238,0.0380952380952381,0.0525641025641026
157773.411807,2563866.126422,0,0.0033003300330033,0.849468280161349,0.144114411441144,0.00311697836450312,0
158273.411807,2563866.126422,0,0.0111721611721612,0.925091575091575,0.0457875457875458,0.0117216117216117,0.00622710622710623
158773.411807,2563866.126422,0,0.00421245421245421,0.798168498168498,0.142673992673993,0.0490842490842491,0.00586080586080586
159273.411807,2563866.126422,0,0.00458379171250458,0.566373303997066,0.392005867253392,0.0267693436010268,0.0102676934360103
159773.411807,2563866.126422,0,0.127289377289377,0.167765567765568,0.625091575091575,0.0714285714285714,0.00842490842490842
160273.411807,2563866.126422,0.0027972027972028,0.2997668997669,0.325407925407925,0.232167832167832,0.0909090909090909,0.048951048951049
154773.411807,2563366.126422,0,0.00861279091075683,0.349459409932197,0.631849001282756,0,0.0100787978742899
155273.411807,2563366.126422,0,0.0211047898697009,0.543769498990641,0.422462837217838,0.00201871903101487,0.0106441548908057
155773.411807,2563366.126422,0.00641848523748395,0.00770218228498074,0.377406931964057,0.594351732991014,0.00165046763249587,0.0124701998899688
156273.411807,2563366.126422,0.00311526479750779,0.0159428257284222,0.201575957485798,0.773868425875023,0.00183250870441635,0.00366501740883269
156773.411807,2563366.126422,0.00110111947146265,0.0311983850247752,0.187190310148651,0.758671315837768,0.0113782345384474,0.0104606349788952
157273.411807,2563366.126422,0,0.0247570144874381,0.327526132404181,0.616357968090959,0.01998899688245,0.0113698881349716
157773.411807,2563366.126422,0,0.0417811984606927,0.617555433388309,0.277441817848635,0.0282206340480117,0.0350009162543522
158273.411807,2563366.126422,0,0.00311983850247752,0.533492383923656,0.45623050100936,0.00715727656450725,0
158773.411807,2563366.126422,0,0.00916926462497708,0.36805428204658,0.582615074271043,0.0319090408949202,0.00825233816247937
159273.411807,2563366.126422,0.000183250870441635,0.03811618105186,0.519516217702034,0.38904159794759,0.034084661902144,0.01905809052593
159773.411807,2563366.126422,0.00293631859056708,0.231418608919068,0.222242613323546,0.409065883648376,0.102587630757937,0.0317489447605065
160273.411807,2563366.126422,0.0104968509447166,0.229064613949149,0.363657569395848,0.241894098437136,0.066013529274551,0.0888733379986004
154773.411807,2562866.126422,0,0,0,1,0,0
155273.411807,2562866.126422,0,0.0251376146788991,0.24954128440367,0.717064220183486,0.00036697247706422,0.00788990825688073
155773.411807,2562866.126422,0,0,0.0456796917996698,0.95432030820033,0,0
156273.411807,2562866.126422,0,0.000732600732600733,0.0551282051282051,0.944139194139194,0,0
156773.411807,2562866.126422,0,0.00587155963302752,0.0739449541284404,0.907155963302752,0.00477064220183486,0.00825688073394495
157273.411807,2562866.126422,0,0.00110071546505228,0.217207851770317,0.772151898734177,0.00183452577508714,0.00770500825536599
157773.411807,2562866.126422,0,0.0184981684981685,0.476556776556777,0.482600732600733,0.00879120879120879,0.0135531135531136
158273.411807,2562866.126422,0,0.0161467889908257,0.581284403669725,0.390825688073395,0.00990825688073394,0.0018348623853211
158773.411807,2562866.126422,0.000183452577508714,0.0748486516235553,0.439552375710879,0.404329480829206,0.0577875619152449,0.0232984773436067
159273.411807,2562866.126422,0,0.0659340659340659,0.203479853479853,0.68956043956044,0.0245421245421245,0.0164835164835165
159773.411807,2562866.126422,0,0.205137614678899,0.41302752293578,0.0981651376146789,0.02,0.263669724770642
160273.411807,2562866.126422,0,0.202333722287048,0.529988331388565,0.0513418903150525,0.0191365227537923,0.197199533255543
154273.411807,2562366.126422,0,0,0.580952380952381,0.419047619047619,0,0
154773.411807,2562366.126422,0,0.0564723138980565,0,0.927026035936927,0.00348368170150348,0.013017968463513
155273.411807,2562366.126422,0.00128205128205128,0.0197802197802198,0.0664835164835165,0.896886446886447,0.00311355311355311,0.0124542124542125
155773.411807,2562366.126422,0,0,0.232417582417582,0.767582417582418,0,0
156273.411807,2562366.126422,0,0.000183351668500183,0.634030069673634,0.365603226989366,0.000183351668500183,0
156773.411807,2562366.126422,0,0.0234432234432234,0.761721611721612,0.174175824175824,0.0263736263736264,0.0142857142857143
157273.411807,2562366.126422,0,0.0274725274725275,0.573809523809524,0.355311355311355,0.00604395604395604,0.0373626373626374
157773.411807,2562366.126422,0,0.0610561056105611,0.0909424275760909,0.744224422442244,0.0287862119545288,0.074990832416575
158273.411807,2562366.126422,0.000732600732600733,0.0375457875457875,0.054029304029304,0.825274725274725,0.0507326007326007,0.0316849816849817
158773.411807,2562366.126422,0.00128205128205128,0.0690476190476191,0,0.788278388278388,0.0807692307692308,0.0606227106227106
159273.411807,2562366.126422,0,0.0797579757975798,0.363036303630363,0.536853685368537,0.0102676934360103,0.0100843417675101
159773.411807,2562366.126422,0.00641025641025641,0.137728937728938,0.445421245421245,0.0298534798534799,0.0804029304029304,0.30018315018315
160273.411807,2562366.126422,0.0121212121212121,0.163869463869464,0.473659673659674,0.0233100233100233,0.0272727272727273,0.2997668997669
154273.411807,2561866.126422,0,0,0.252338162479369,0.747661837520631,0,0
154773.411807,2561866.126422,0,0.0850284038849184,0,0.870808136338648,0.00714678394722375,0.0370166758292102
155273.411807,2561866.126422,0.00256927876674619,0.00679023674068636,0.106992108643788,0.845109194347587,0.0152321526885667,0.0233070288126262
155773.411807,2561866.126422,0,0,0.461764166513846,0.538235833486154,0,0
156273.411807,2561866.126422,0,0.00274876305662452,0.5717427157779,0.425508521165476,0,0
156773.411807,2561866.126422,0.00293631859056708,0.0337676637915214,0.60579922921637,0.276748027160947,0.0420260598274913,0.0387227014131033
157273.411807,2561866.126422,0.00165046763249587,0.0236567027324409,0.470750045846323,0.459013387126352,0.0174216027874564,0.0275077938749312
157773.411807,2561866.126422,0.00513102437236577,0.0445299615173172,0.0324354040681693,0.727505955653289,0.123511086677662,0.0668865677111966
158273.411807,2561866.126422,0.00605615709304459,0.047715177096715,0.0313819049366856,0.696274545788218,0.123508900715728,0.0950633143696091
158773.411807,2561866.126422,0,0.0383275261324042,0.024390243902439,0.539336145241152,0.20392444525949,0.194021639464515
159273.411807,2561866.126422,0,0.0339014110317024,0.368150998717244,0.550852116547554,0.0412314458493678,0.00586402785413231
159773.411807,2561866.126422,0,0.144797210497339,0.45641402092127,0.113048265736832,0.169572398605249,0.11616810423931
160273.411807,2561866.126422,0,0.171681828784698,0.421973407977607,0.128061581525542,0.138091905761605,0.140191275950548
154273.411807,2561366.126422,0,0.00220143093010457,0.0297193175564117,0.967712346358466,0.000183452577508714,0.000183452577508714
154773.411807,2561366.126422,0,0,0.00164835164835165,0.998351648351648,0,0
155273.411807,2561366.126422,0.00055045871559633,0.00422018348623853,0.330275229357798,0.64954128440367,0.00788990825688073,0.00752293577981651
155773.411807,2561366.126422,0,0.0550357732526142,0.0667767382131719,0.775087139974317,0.0653091175931022,0.0377912309667951
156273.411807,2561366.126422,0.0043956043956044,0.13021978021978,0.156776556776557,0.3996336996337,0.2,0.108974358974359
156773.411807,2561366.126422,0.00055045871559633,0.0988990825688073,0.336880733944954,0.446788990825688,0.0744954128440367,0.0423853211009174
157273.411807,2561366.126422,0.000183452577508714,0.110438451660246,0.432581177765548,0.401944597321592,0.0286186020913594,0.0262337185837461
157773.411807,2561366.126422,0.0434065934065934,0.11025641025641,0.076007326007326,0.618315018315018,0.0985347985347985,0.0534798534798535
158273.411807,2561366.126422,0.0623853211009174,0.0488073394495413,0.0203669724770642,0.336146788990826,0.225321100917431,0.30697247706422
158773.411807,2561366.126422,0.0240322876536415,0.101082370207301,0.0805356815263254,0.255916345624656,0.191707943496606,0.346725371491469
159273.411807,2561366.126422,0.00402930402930403,0.0987179487179487,0.287728937728938,0.377106227106227,0.0532967032967033,0.179120879120879
159773.411807,2561366.126422,0.00899082568807339,0.106788990825688,0.484403669724771,0.189174311926605,0.104403669724771,0.106238532110092
160273.411807,2561366.126422,0.0242707117852975,0.13465577596266,0.36196032672112,0.107351225204201,0.0989498249708285,0.272812135355893
154273.411807,2560866.126422,0,0,0,1,0,0
154773.411807,2560866.126422,0,0,0.373854052071874,0.626145947928126,0,0
155273.411807,2560866.126422,0,0.00476190476190476,0.436996336996337,0.551831501831502,0.00641025641025641,0
155773.411807,2560866.126422,0,0.105128205128205,0.155311355311355,0.720879120879121,0.0120879120879121,0.00659340659340659
156273.411807,2560866.126422,0,0.0861752841950862,0.34048404840484,0.426292629262926,0.0705903923725706,0.0764576457645765
156773.411807,2560866.126422,0,0.0663003663003663,0.568131868131868,0.302564102564103,0.0311355311355311,0.0318681318681319
157273.411807,2560866.126422,0,0.0586080586080586,0.565018315018315,0.361355311355311,0.00824175824175824,0.00677655677655678
157773.411807,2560866.126422,0.0088008800880088,0.09002566923359,0.632013201320132,0.171617161716172,0.0357535753575358,0.0617895122845618
158273.411807,2560866.126422,0.130952380952381,0.0824175824175824,0.281135531135531,0.0945054945054945,0.065018315018315,0.345970695970696
158773.411807,2560866.126422,0.0249084249084249,0.0613553113553114,0.13040293040293,0.0785714285714286,0.185714285714286,0.519047619047619
159273.411807,2560866.126422,0.0198019801980198,0.0927759442610928,0.286211954528786,0.0535386872020535,0.0465713237990466,0.501100110011001
159773.411807,2560866.126422,0.0807692307692308,0.0745421245421245,0.174175824175824,0.0333333333333333,0.0423076923076923,0.594871794871795
160273.411807,2560866.126422,0.0314685314685315,0.0426573426573427,0.272027972027972,0.0904428904428904,0.0855477855477856,0.477855477855478
154273.411807,2560366.126422,0.00238400880249404,0.0242068586099395,0.0577663671373556,0.909591050797726,0.00605171465248487,0
154773.411807,2560366.126422,0,0,0.389224848818032,0.610775151181968,0,0
155273.411807,2560366.126422,0,0,0.856120389062213,0.143879610937787,0,0
155773.411807,2560366.126422,0,0.0102695763799743,0.818631945717953,0.159545204474601,0.0102695763799743,0.00128369704749679
156273.411807,2560366.126422,0,0.0276708814366868,0.691222283305846,0.259666483415796,0.0102620487447315,0.0111783030969397
156773.411807,2560366.126422,0,0.00899247568361167,0.639383373095981,0.343182235272527,0.00844191594788034,0
157273.411807,2560366.126422,0,0.0588666788923528,0.794058316523015,0.130203557674674,0.0102695763799743,0.0066018705299835
157773.411807,2560366.126422,0,0.0681693238042881,0.621403701667583,0.277258566978193,0.0223566061938794,0.0108118013560564
158273.411807,2560366.126422,0.00770783630023858,0.0456964580657001,0.585428518994311,0.240044044778859,0.0484492567443568,0.0726738851165352
158773.411807,2560366.126422,0,0.153493489822116,0.474234366403814,0.104346231432239,0.08399046396479,0.18393544837704
159273.411807,2560366.126422,0.000366501740883269,0.132490379329302,0.34414513468939,0.152647975077882,0.0958402052409749,0.274509803921569
159773.411807,2560366.126422,0.0126628739218205,0.0712057258212516,0.253808038172142,0.0225729491649844,0.0895577170122958,0.550192695907506
160273.411807,2560366.126422,0,0.0100303242360625,0,0.0240261254956846,0.114299043620247,0.851644506648006
153773.411807,2559866.126422,0.00018348623853211,0.0420183486238532,0.536330275229358,0.421284403669725,0.00018348623853211,0
154273.411807,2559866.126422,0,0,0.470188956154834,0.529811043845166,0,0
154773.411807,2559866.126422,0,0,0.728571428571429,0.271428571428571,0,0
155273.411807,2559866.126422,0,0,0.484220183486239,0.515779816513761,0,0
155773.411807,2559866.126422,0,0,0.415520088057237,0.584479911942763,0,0
156273.411807,2559866.126422,0,0.0043956043956044,0.913919413919414,0.0749084249084249,0.00677655677655678,0
156773.411807,2559866.126422,0,0.0212844036697248,0.844220183486239,0.13302752293578,0.000917431192660551,0.00055045871559633
157273.411807,2559866.126422,0,0.0665932856356632,0.710144927536232,0.176297926985874,0.010273344340488,0.0366905155017428
157773.411807,2559866.126422,0,0.0637362637362637,0.535897435897436,0.333150183150183,0.0282051282051282,0.039010989010989
158273.411807,2559866.126422,0.00513761467889908,0.134678899082569,0.599816513761468,0.170091743119266,0.026605504587156,0.0636697247706422
158773.411807,2559866.126422,0.0884241423592002,0.0926435516419006,0.468904788112273,0.195560447624289,0.0847550908090259,0.0697119794533113
159273.411807,2559866.126422,0.0197802197802198,0.0362637362637363,0.0122710622710623,0.555311355311355,0.259340659340659,0.117032967032967
159773.411807,2559866.126422,0.0405504587155963,0.0500917431192661,0.0407339449541284,0.11045871559633,0.179816513761468,0.578348623853211
160273.411807,2559866.126422,0.0718786464410735,0.0242707117852975,0,0.0287047841306884,0.0578763127187865,0.817269544924154
153273.411807,2559366.126422,0.236156949028236,0.0311697836450312,0.676384305097176,0.0471213788045471,0.00916758342500917,0
153773.411807,2559366.126422,0,0,0.744871794871795,0.255128205128205,0,0
154273.411807,2559366.126422,0,0,0.48040293040293,0.51959706959707,0,0
154773.411807,2559366.126422,0,0,0.381004767143381,0.618995232856619,0,0
155273.411807,2559366.126422,0,0,0,1,0,0
155773.411807,2559366.126422,0,0,0,1,0,0
156273.411807,2559366.126422,0,0.00238357169050238,0.158415841584158,0.835716905023836,0.00293362669600293,0.00055005500550055
156773.411807,2559366.126422,0,0.0443223443223443,0.756410256410256,0.177472527472527,0.0135531135531136,0.00824175824175824
157273.411807,2559366.126422,0,0.0245421245421245,0.656043956043956,0.274725274725275,0.0357142857142857,0.00897435897435897
157773.411807,2559366.126422,0,0.0518885221855519,0.72038870553722,0.175834250091676,0.0339200586725339,0.017968463513018
158273.411807,2559366.126422,0,0.0241758241758242,0.866483516483517,0.0677655677655678,0.0238095238095238,0.0177655677655678
158773.411807,2559366.126422,0.019047619047619,0.0745421245421245,0.645238095238095,0.0891941391941392,0.0725274725274725,0.0994505494505494
159273.411807,2559366.126422,0.0473047304730473,0.0887422075540887,0.104510451045105,0.125229189585625,0.191602493582692,0.442610927759443
159773.411807,2559366.126422,0.0106227106227106,0.0677655677655678,0.0582417582417582,0.257509157509157,0.162820512820513,0.443040293040293
160273.411807,2559366.126422,0.0487179487179487,0.0342657342657343,0.0953379953379953,0.116317016317016,0.125641025641026,0.57972027972028
153273.411807,2558866.126422,0.227414330218069,0.0280373831775701,0.43613707165109,0.187282389591351,0.12112882536192,0
153773.411807,2558866.126422,0,0,0.864378785098183,0.135621214901817,0,0
154273.411807,2558866.126422,0,0,0.0755547405098111,0.924445259490189,0,0
154773.411807,2558866.126422,0,0,0,1,0,0
155273.411807,2558866.126422,0,0,0,1,0,0
155773.411807,2558866.126422,0,0,0.00861910874747845,0.991380891252522,0,0
156273.411807,2558866.126422,0,0.0351841671247938,0.0568077698369067,0.88345244639912,0.00513102437236577,0.0194245922668133
156773.411807,2558866.126422,0,0.0521196549825656,0.769131950816664,0.164617360983667,0.00807487612405946,0.00605615709304459
157273.411807,2558866.126422,0,0.0394278378874014,0.641665138455896,0.290849073904273,0.0238400880249404,0.00421786172748946
157773.411807,2558866.126422,0,0.0974894630749496,0.565145684442001,0.231445849367785,0.0776983690672531,0.0282206340480117
158273.411807,2558866.126422,0.000550559735731327,0.0864378785098183,0.652596806753533,0.140576252523399,0.068452927142595,0.0513855753349238
158773.411807,2558866.126422,0.0506143407298735,0.0614340729873464,0.488355033926279,0.117366587199707,0.0885750962772786,0.193654868879516
159273.411807,2558866.126422,0.0089792926516401,0.0514934945940993,0.109217518783214,0.0700018325087044,0.120029320139271,0.640278541323071
159773.411807,2558866.126422,0.0376215819416407,0.0578087722517893,0.130115617544504,0.114516425032116,0.155074325564324,0.504863277665627
160273.411807,2558866.126422,0.0268252857476091,0.039421506881269,0.0459528808024259,0.115698623746209,0.15815255423373,0.613949148588757
