"x","y","forest","agri","water","built","other","grass"
300773.411807,2765866.126422,0.0863309352517986,0.0301473107228503,0.00479616306954436,0.774237752655019,0.0859883521754025,0.0184994861253854
301273.411807,2765866.126422,0.0476353666895134,0.0284441398217957,0.0325565455791638,0.78581220013708,0.0740233036326251,0.0315284441398218
301773.411807,2765866.126422,0.146224803553126,0.0263067987700717,0.00614964127092586,0.620088828151691,0.0898530919029723,0.111376836351213
302273.411807,2765866.126422,0.0294621445700582,0.0335731414868106,0,0.808838643371018,0.103802672147996,0.0243233984241178
302773.411807,2765866.126422,0.161754626456477,0.0891021247429746,0.000342700479780672,0.595613433858807,0.104180945853324,0.0490061686086361
303273.411807,2765866.126422,0.030064912880082,0.0249402118209771,0,0.785787495729416,0.117868124359412,0.0413392552101127
303773.411807,2765866.126422,0.147310722850291,0.0483042137718397,0.114080164439877,0.0253511476533059,0.0274066461116821,0.637547105173005
304273.411807,2765866.126422,0.167923235092529,0.0356408498971899,0,0.378684030157642,0.251199451679232,0.166552433173406
304773.411807,2765866.126422,0.0642295866074479,0.0850700375811411,0.00546634779637854,0.551417833959686,0.212504270584216,0.0813119234711309
305273.411807,2765866.126422,0.104487838300788,0.0616649537512847,0.00993490921548476,0.560123329907503,0.225077081192189,0.0387118876327509
305773.411807,2765866.126422,0.10726525017135,0.043865661411926,0.00411240575736806,0.518505825908156,0.279986291980809,0.0462645647703907
306273.411807,2765866.126422,0.131875640587632,0.00956610864366245,0.000341646737273659,0.499829176631363,0.234028015032456,0.124359412367612
306773.411807,2765866.126422,0.543336759164097,0.00685166152792052,0.00308324768756423,0.123329907502569,0.187735525865022,0.135662898252826
307273.411807,2765866.126422,0.50514050719671,0.0147361206305689,0.000342700479780672,0.0620287868403016,0.169979437971213,0.247772446881426
307773.411807,2765866.126422,0.353262726340963,0.0191322172873249,0,0.140758455756748,0.276050563717117,0.210796036897848
308273.411807,2765866.126422,0.026378896882494,0.052072627612196,0.00342583076396026,0.203151764302843,0.17848578280233,0.536485097636177
308773.411807,2765866.126422,0.475325565455792,0.0023989033584647,0,0.0712816997943797,0.175119945167923,0.275873886223441
309273.411807,2765866.126422,0.642979159549026,0.0163990433891356,0.0017082336863683,0.0314314998291766,0.0758455756747523,0.231636487871541
309773.411807,2765866.126422,0.24220623501199,0.0315176430284344,0.0078794107571086,0.0404248030147311,0.232613908872902,0.445357999314834
310273.411807,2765866.126422,0.532556545579164,0.020904729266621,0.00274160383824537,0.00137080191912269,0.065798492117889,0.376627827278958
310773.411807,2765866.126422,0.85616672360779,0.000683293474547318,0,0.00444140758455757,0.0403143149982918,0.0983942603348138
311273.411807,2765866.126422,0.397053785542994,0.0298047276464543,0.00342583076396026,0.0229530661185337,0.170948955121617,0.375813634806441
311773.411807,2765866.126422,0.261480466072653,0.00548320767649075,0,0.0500342700479781,0.328307059629883,0.354694996572995
312273.411807,2765866.126422,0.413734198838401,0.00546634779637854,0,0.0163990433891356,0.128117526477622,0.436282883498463
312773.411807,2765866.126422,0.44741349777321,0.0298047276464543,0.00856457690990065,0.0380267214799589,0.305926687221651,0.170263788968825
300773.411807,2765366.126422,0.0499082568807339,0.0396330275229358,0.0203669724770642,0.790825688073394,0.0831192660550459,0.0161467889908257
301273.411807,2765366.126422,0.0354063474591818,0.0267840763162722,0.00220143093010457,0.817648137956338,0.0787011557512383,0.0392588515868648
301773.411807,2765366.126422,0.0454212454212454,0.0391941391941392,0.000915750915750916,0.789010989010989,0.0957875457875458,0.0296703296703297
302273.411807,2765366.126422,0.0412844036697248,0.031743119266055,0.00770642201834862,0.788990825688073,0.100550458715596,0.0297247706422018
302773.411807,2765366.126422,0.103100348559897,0.0359567051917079,0.00898917629792699,0.640432948082921,0.122179416620804,0.0893414052467437
303273.411807,2765366.126422,0.0446886446886447,0.0316849816849817,0.00201465201465201,0.438827838827839,0.163736263736264,0.319047619047619
303773.411807,2765366.126422,0.0618348623853211,0.0359633027522936,0.109724770642202,0.0851376146788991,0.114128440366972,0.593211009174312
304273.411807,2765366.126422,0.135388002201431,0.0761328196661163,0.0132085855806274,0.379563382865529,0.197028068244359,0.198679141441937
304773.411807,2765366.126422,0.137912087912088,0.0245421245421245,0.000915750915750916,0.494688644688645,0.221611721611722,0.12032967032967
305273.411807,2765366.126422,0.358715596330275,0.016697247706422,0.00110091743119266,0.399266055045872,0.168073394495413,0.0561467889908257
305773.411807,2765366.126422,0.677490368739681,0.0111906072280316,0,0.0328380113740598,0.0794349660612732,0.199046046596955
306273.411807,2765366.126422,0.441208791208791,0.00622710622710623,0.0010989010989011,0.107326007326007,0.232417582417582,0.211721611721612
306773.411807,2765366.126422,0.400183486238532,0.0304587155963303,0.00752293577981651,0.259633027522936,0.180366972477064,0.121834862385321
307273.411807,2765366.126422,0.802605026600624,0.0091726288754357,0,0.0201797835259585,0.0401761144744084,0.127866446523574
307773.411807,2765366.126422,0.124542124542125,0.0584249084249084,0.00842490842490842,0.134065934065934,0.228937728937729,0.445604395604396
308273.411807,2765366.126422,0.725504587155963,0.0073394495412844,0,0.0724770642201835,0.0884403669724771,0.106238532110092
308773.411807,2765366.126422,0.763896532746285,0.00862227114290956,0.00201797835259585,0.0078884608328747,0.0425609979820216,0.175013758943313
309273.411807,2765366.126422,0.654945054945055,0.0021978021978022,0,0.0157509157509158,0.063003663003663,0.264102564102564
309773.411807,2765366.126422,0.68,0.00954128440366972,0.00073394495412844,0.00678899082568807,0.0748623853211009,0.228073394495413
310273.411807,2765366.126422,0.870665932856357,0,0,0.00091726288754357,0.00183452577508714,0.126582278481013
310773.411807,2765366.126422,0.857692307692308,0,0,0,0,0.142307692307692
311273.411807,2765366.126422,0.704220183486238,0,0,0.00256880733944954,0.00587155963302752,0.287339449541284
311773.411807,2765366.126422,0.56485048614933,0.00183452577508714,0.00091726288754357,0.0100898917629793,0.0953953403045313,0.326912493120528
312273.411807,2765366.126422,0.694322344322344,0.000183150183150183,0,0.000183150183150183,0.00750915750915751,0.297802197802198
312773.411807,2765366.126422,0.931009174311927,0,0,0,0,0.0689908256880734
300773.411807,2764866.126422,0.101098901098901,0.0287545787545788,0.00256410256410256,0.662820512820513,0.152380952380952,0.0523809523809524
301273.411807,2764866.126422,0.0448717948717949,0.0217948717948718,0.00402930402930403,0.791025641025641,0.105494505494505,0.0327838827838828
301773.411807,2764866.126422,0.037037037037037,0.0133846718005134,0.00055005500550055,0.857902456912358,0.0852585258525853,0.00586725339200587
302273.411807,2764866.126422,0.182051282051282,0.0210622710622711,0.00293040293040293,0.555494505494506,0.149084249084249,0.0893772893772894
302773.411807,2764866.126422,0.0983516483516483,0.0164835164835165,0.00384615384615385,0.713736263736264,0.1,0.0675824175824176
303273.411807,2764866.126422,0.0713237990465713,0.0484048404840484,0.0753575357535754,0.3001466813348,0.144297763109644,0.36046938027136
303773.411807,2764866.126422,0.123076923076923,0.0413919413919414,0.0749084249084249,0.332967032967033,0.171245421245421,0.256410256410256
304273.411807,2764866.126422,0.148717948717949,0.05,0.030952380952381,0.316483516483516,0.156227106227106,0.297619047619048
304773.411807,2764866.126422,0.283461679501283,0.0190685735240191,0.0229189585625229,0.537587092042538,0.0894756142280895,0.0474880821415475
305273.411807,2764866.126422,0.563736263736264,0.00897435897435897,0.00146520146520147,0.114652014652015,0.196703296703297,0.114468864468864
305773.411807,2764866.126422,0.684065934065934,0.00989010989010989,0.000732600732600733,0.0551282051282051,0.141575091575092,0.108608058608059
306273.411807,2764866.126422,0.44957829116245,0.0205353868720205,0.00495049504950495,0.176384305097176,0.164099743307664,0.184451778511184
306773.411807,2764866.126422,0.305677655677656,0.0186813186813187,0.00201465201465201,0.28974358974359,0.251282051282051,0.132600732600733
307273.411807,2764866.126422,0.159340659340659,0.0523809523809524,0.0104395604395604,0.359340659340659,0.326007326007326,0.0924908424908425
307773.411807,2764866.126422,0.0979097909790979,0.0429042904290429,0.0111844517785112,0.192885955262193,0.261826182618262,0.393289328932893
308273.411807,2764866.126422,0.461904761904762,0.0318681318681319,0.000366300366300366,0.086996336996337,0.242857142857143,0.176007326007326
308773.411807,2764866.126422,0.863003663003663,0.00183150183150183,0,0.00750915750915751,0.0256410256410256,0.102014652014652
309273.411807,2764866.126422,0.716905023835717,0.00935093509350935,0,0.0108177484415108,0.0874587458745875,0.175467546754675
309773.411807,2764866.126422,0.755128205128205,0.000549450549450549,0,0.000915750915750916,0.0173992673992674,0.226007326007326
310273.411807,2764866.126422,0.606227106227106,0,0,0.00128205128205128,0.0124542124542125,0.38003663003663
310773.411807,2764866.126422,0.916024935826916,0.000366703337000367,0,0.00055005500550055,0.00916758342500917,0.0738907224055739
311273.411807,2764866.126422,0.718131868131868,0.00402930402930403,0,0.00402930402930403,0.0227106227106227,0.251098901098901
311773.411807,2764866.126422,0.921611721611722,0,0,0,0,0.0783882783882784
312273.411807,2764866.126422,0.7995966263293,0.0011001100110011,0,0.0022002200220022,0.0133846718005134,0.183718371837184
312773.411807,2764866.126422,0.776190476190476,0.000366300366300366,0,0.000549450549450549,0.00842490842490842,0.214468864468864
300773.411807,2764366.126422,0.582492200403744,0.00422095797394017,0.00256927876674619,0.178748394200771,0.110295467058176,0.121673701596623
301273.411807,2764366.126422,0.185219145424537,0.0214560792224464,0.00348432055749129,0.519530533651201,0.203741059966991,0.0665688611773336
301773.411807,2764366.126422,0.119479567527946,0.0161260765988638,0.00201575957485798,0.70624885468206,0.139820414146967,0.0163093274693055
302273.411807,2764366.126422,0.312534409983483,0.011194714626537,0.000734079647641769,0.434575151403927,0.144980730409249,0.0959809139291613
302773.411807,2764366.126422,0.21602787456446,0.109847790207225,0.143040528149642,0.196222262974509,0.090408949202274,0.244452594901889
303273.411807,2764366.126422,0.0225398570643211,0.168407549935862,0.126809602345611,0.368150998717244,0.0437969580355507,0.270295033901411
303773.411807,2764366.126422,0.204808221692054,0.026977427050835,0.00293631859056708,0.431822352725271,0.165167920719398,0.168287759221876
304273.411807,2764366.126422,0.133871263524665,0.0495140289748762,0.0253071703649367,0.394278378874014,0.22813130386943,0.168897854392078
304773.411807,2764366.126422,0.0562580172255818,0.0958402052409749,0.0485614806670332,0.543155579989005,0.137621403701668,0.118563313175738
305273.411807,2764366.126422,0.250504679757754,0.0367039823820885,0.00330335841438796,0.31932464672417,0.296751697559185,0.0934116351624151
305773.411807,2764366.126422,0.111681643132221,0.0649183935448377,0.0573995965523565,0.283513662204291,0.194938565927013,0.287548138639281
306273.411807,2764366.126422,0.249404434671065,0.015026571376214,0.000183250870441635,0.305295950155763,0.25563496426608,0.174454828660436
306773.411807,2764366.126422,0.145714810056891,0.0334006239677005,0.00789135621214902,0.371444301706735,0.328317122407781,0.113231785648743
307273.411807,2764366.126422,0.117916743077205,0.0282413350449294,0.0100861910874748,0.417018155143957,0.282046579864295,0.144690995782138
307773.411807,2764366.126422,0.135422393256368,0.0388491845336265,0.0186915887850467,0.176287337364852,0.242074399853399,0.388675096206707
308273.411807,2764366.126422,0.327216002936319,0.0214718296935217,0,0.159478803450174,0.289043861258947,0.202789502661039
308773.411807,2764366.126422,0.502842472033743,0.0240234733174399,0,0.0234733174399413,0.256556024206859,0.193104713002017
309273.411807,2764366.126422,0.421110500274876,0.0392156862745098,0,0.00824628916987356,0.227414330218069,0.304013194062672
309773.411807,2764366.126422,0.806019453110662,0.000367039823820885,0,0.00201871903101487,0.0205542301339695,0.171040557900532
310273.411807,2764366.126422,0.861910874747845,0.000183385292499542,0,0,0.00275077938749312,0.135154960572162
310773.411807,2764366.126422,0.728422210005498,0,0,0.000183250870441635,0.00219901044529962,0.269195528678761
311273.411807,2764366.126422,0.769315470728574,0.000183519911910442,0,0,0.00220223894292531,0.22829877041659
311773.411807,2764366.126422,0.8798826334128,0.000366770584999083,0,0,0.00623509994498441,0.113515496057216
312273.411807,2764366.126422,0.721458676928715,0.000183250870441635,0,0.00384826827927433,0.0131940626717977,0.261315741249771
312773.411807,2764366.126422,0.707285740502845,0.00110111947146265,0,0.0012846393833731,0.0227564690768948,0.267572031565425
300773.411807,2763866.126422,0.237614678899083,0.0194495412844037,0.00018348623853211,0.425504587155963,0.201284403669725,0.115963302752294
301273.411807,2763866.126422,0.0884241423592002,0.0284351495138507,0.00990643918547056,0.576041093377362,0.274628508530545,0.0225646670335718
301773.411807,2763866.126422,0.637912087912088,0.00970695970695971,0,0.143589743589744,0.0989010989010989,0.10989010989011
302273.411807,2763866.126422,0.252110091743119,0.0528440366972477,0.0110091743119266,0.320183486238532,0.178899082568807,0.184954128440367
302773.411807,2763866.126422,0.0854889011190607,0.0539350577875619,0.111355714547789,0.172078517703174,0.160521005320125,0.416620803522289
303273.411807,2763866.126422,0.261538461538462,0.0406593406593407,0,0.241758241758242,0.121062271062271,0.334981684981685
303773.411807,2763866.126422,0.292844036697248,0.0188990825688073,0.00660550458715596,0.29651376146789,0.0847706422018349,0.300366972477064
304273.411807,2763866.126422,0.0948449825720051,0.0319207484865162,0.0110071546505228,0.725371491469455,0.114290955787929,0.0225646670335718
304773.411807,2763866.126422,0.0269230769230769,0.010989010989011,0.00164835164835165,0.822893772893773,0.129120879120879,0.00842490842490842
305273.411807,2763866.126422,0.0732110091743119,0.0414678899082569,0.023302752293578,0.491009174311927,0.21394495412844,0.157064220183486
305773.411807,2763866.126422,0.0979636763896533,0.0431113557145478,0.0288020546688681,0.436066776738213,0.207851770317373,0.186204366171345
306273.411807,2763866.126422,0.0919413919413919,0.0221611721611722,0.00384615384615385,0.466666666666667,0.288278388278388,0.127106227106227
306773.411807,2763866.126422,0.064954128440367,0.0376146788990826,0.0321100917431193,0.429724770642202,0.238165137614679,0.19743119266055
307273.411807,2763866.126422,0.0785177031737296,0.0328380113740598,0.026967528893781,0.307099614749587,0.206567602274812,0.34800953953403
307773.411807,2763866.126422,0.390842490842491,0.021978021978022,0.0276556776556777,0.0338827838827839,0.138095238095238,0.387545787545788
308273.411807,2763866.126422,0.660366972477064,0.0036697247706422,0,0.023302752293578,0.0377981651376147,0.274862385321101
308773.411807,2763866.126422,0.677306916162172,0.00678774536782242,0,0.00495321959273528,0.0511832691249312,0.259768849752339
309273.411807,2763866.126422,0.795970695970696,0.00274725274725275,0,0.0043956043956044,0.0446886446886447,0.152197802197802
309773.411807,2763866.126422,0.871192660550459,0,0,0.00165137614678899,0.0036697247706422,0.12348623853211
310273.411807,2763866.126422,0.883691065859475,0.000183452577508714,0,0,0.00091726288754357,0.115208218675472
310773.411807,2763866.126422,0.953113553113553,0,0,0,0,0.0468864468864469
311273.411807,2763866.126422,0.915045871559633,0,0,0,0,0.084954128440367
311773.411807,2763866.126422,0.89157952669235,0.00476976701522656,0,0,0,0.103650706292423
312273.411807,2763866.126422,0.866117216117216,0.000366300366300366,0,0.000183150183150183,0.00457875457875458,0.128754578754579
312773.411807,2763866.126422,0.983119266055046,0,0,0,0,0.0168807339449541
300773.411807,2763366.126422,0.547252747252747,0.00677655677655678,0,0.0633699633699634,0.0943223443223443,0.288278388278388
301273.411807,2763366.126422,0.545970695970696,0.0571428571428571,0.000732600732600733,0.0840659340659341,0.093956043956044,0.218131868131868
301773.411807,2763366.126422,0.545471213788045,0.0108177484415108,0,0.0933259992665933,0.112211221122112,0.238173817381738
302273.411807,2763366.126422,0.0686813186813187,0.0197802197802198,0.000549450549450549,0.296336996336996,0.178205128205128,0.436446886446886
302773.411807,2763366.126422,0.0380952380952381,0.0571428571428571,0.14047619047619,0.197985347985348,0.0846153846153846,0.481684981684982
303273.411807,2763366.126422,0.167766776677668,0.0828749541620829,0.00128346167950128,0.293546021268794,0.275027502750275,0.17950128346168
303773.411807,2763366.126422,0.172893772893773,0.0882783882783883,0.00750915750915751,0.432600732600733,0.133699633699634,0.165018315018315
304273.411807,2763366.126422,0.120879120879121,0.0236263736263736,0.00366300366300366,0.540842490842491,0.221245421245421,0.0897435897435897
304773.411807,2763366.126422,0.0608727539420609,0.0449211587825449,0.0146681334800147,0.708104143747708,0.137147048038137,0.0342867620095343
305273.411807,2763366.126422,0.0827838827838828,0.0712454212454212,0.013003663003663,0.440842490842491,0.254029304029304,0.138095238095238
305773.411807,2763366.126422,0.0855311355311355,0.0399267399267399,0.0183150183150183,0.264285714285714,0.141758241758242,0.45018315018315
306273.411807,2763366.126422,0.242940960762743,0.0465713237990466,0.0507884121745508,0.14008067473414,0.1998533186652,0.31976530986432
306773.411807,2763366.126422,0.49010989010989,0.0142857142857143,0.000366300366300366,0.0234432234432234,0.060989010989011,0.410805860805861
307273.411807,2763366.126422,0.568315018315018,0.00512820512820513,0,0.00677655677655678,0.0558608058608059,0.363919413919414
307773.411807,2763366.126422,0.384855152181885,0.0055005500550055,0,0.0077007700770077,0.0540887422075541,0.547854785478548
308273.411807,2763366.126422,0.90952380952381,0.00164835164835165,0,0.00347985347985348,0.0128205128205128,0.0725274725274725
308773.411807,2763366.126422,0.573626373626374,0.000915750915750916,0,0.00934065934065934,0.0615384615384615,0.354578754578755
309273.411807,2763366.126422,0.797763109644298,0.000366703337000367,0,0.00495049504950495,0.0249358269160249,0.171983865053172
309773.411807,2763366.126422,0.923443223443223,0,0,0,0.00293040293040293,0.0736263736263736
310273.411807,2763366.126422,0.956959706959707,0.000915750915750916,0,0.000549450549450549,0.00183150183150183,0.0397435897435897
310773.411807,2763366.126422,0.978547854785479,0,0,0,0,0.0214521452145215
311273.411807,2763366.126422,0.927106227106227,0,0,0,0,0.0728937728937729
311773.411807,2763366.126422,0.884615384615385,0,0,0,0.0032967032967033,0.112087912087912
312273.411807,2763366.126422,0.92024202420242,0,0,0,0.0143014301430143,0.0654565456545655
312773.411807,2763366.126422,0.954578754578755,0,0,0,0,0.0454212454212454
300773.411807,2762866.126422,0.882730776289227,0.000367039823820885,0,0.000734079647641769,0.00789135621214902,0.108276748027161
301273.411807,2762866.126422,0.821932880982945,0,0,0.000183385292499542,0.00128369704749679,0.176600036677059
301773.411807,2762866.126422,0.804471321238776,0.00164925783397471,0.000366501740883269,0.0425142019424592,0.0278541323071285,0.123144584936778
302273.411807,2762866.126422,0.0888236373646541,0.0291796659937603,0.000367039823820885,0.594237474766012,0.19911910442283,0.0882730776289227
302773.411807,2762866.126422,0.0665688611773336,0.0212726939299468,0.0689528699798276,0.354667155694113,0.202824133504493,0.285714285714286
303273.411807,2762866.126422,0.0982224665567161,0.0941909474070002,0.143851933296683,0.265164009529045,0.142935678944475,0.25563496426608
303773.411807,2762866.126422,0.118186823270325,0.0300972655533125,0.000550559735731327,0.594053954854102,0.208111580106442,0.0489998164800881
304273.411807,2762866.126422,0.112781954887218,0.0282413350449294,0.00330093526499175,0.538419218778654,0.244819365486888,0.0724371905373189
304773.411807,2762866.126422,0.0914421843503757,0.0194245922668133,0.00733003481766538,0.632582004764523,0.181968114348543,0.0672530694520799
305273.411807,2762866.126422,0.152321526885667,0.0427601394751331,0.0550559735731327,0.508900715727656,0.183152872086621,0.0578087722517893
305773.411807,2762866.126422,0.339446176416651,0.0717036493673207,0.0302585732624244,0.139556207592151,0.115349348982212,0.303686044379241
306273.411807,2762866.126422,0.697636063771303,0.000733003481766538,0,0.000549752611324904,0.0104452996151732,0.290635880520432
306773.411807,2762866.126422,0.650394567810607,0.000734079647641769,0.000550559735731327,0.0137639933932832,0.0501009359515507,0.284455863461186
307273.411807,2762866.126422,0.606455162295984,0.000366770584999083,0,0.000366770584999083,0.00623509994498441,0.386576196589034
307773.411807,2762866.126422,0.70404984423676,0.00439802089059923,0,0.00109950522264981,0.0185083379146051,0.271944291735386
308273.411807,2762866.126422,0.647641769131951,0.000367039823820885,0,0.000734079647641769,0.0108276748027161,0.34042943659387
308773.411807,2762866.126422,0.678525582248304,0.000733541169998166,0,0.00165046763249587,0.0122868145974693,0.306803594351733
309273.411807,2762866.126422,0.775151181968114,0.000916254352208173,0,0.000916254352208173,0.011544804837823,0.211471504489646
309773.411807,2762866.126422,0.715177096714994,0.00789135621214902,0,0.00458799779776106,0.0148651128647458,0.257478436410351
310273.411807,2762866.126422,0.680542820465799,0,0,0.00146708233999633,0.00770218228498074,0.310287914909224
310773.411807,2762866.126422,0.886934212937511,0.000183250870441635,0,0.000183250870441635,0.00513102437236577,0.10756826094924
311273.411807,2762866.126422,0.959625619379703,0,0,0.000183519911910442,0.00165167920719398,0.0385391815011929
311773.411807,2762866.126422,0.973775903172566,0,0,0,0.000366770584999083,0.0258573262424354
312273.411807,2762866.126422,0.969946857247572,0,0,0,0,0.0300531427524281
312773.411807,2762866.126422,0.955221141493852,0.00110111947146265,0,0,0,0.0436777390346853
300773.411807,2762366.126422,0.948256880733945,0,0,0,0,0.051743119266055
301273.411807,2762366.126422,0.944230416437351,0,0,0,0.00165107319757843,0.0541185103650706
301773.411807,2762366.126422,0.612637362637363,0.00421245421245421,0.00128205128205128,0.0452380952380952,0.0950549450549451,0.241575091575092
302273.411807,2762366.126422,0.111926605504587,0.0258715596330275,0.0055045871559633,0.578532110091743,0.214311926605505,0.0638532110091743
302773.411807,2762366.126422,0.164190056870299,0.0104567969179967,0.00165107319757843,0.0805356815263254,0.139974316639149,0.603192074848652
303273.411807,2762366.126422,0.108791208791209,0.0761904761904762,0.0415750915750916,0.113919413919414,0.15989010989011,0.4996336996337
303773.411807,2762366.126422,0.157981651376147,0.0559633027522936,0.120917431192661,0.101651376146789,0.0719266055045872,0.491559633027523
304273.411807,2762366.126422,0.149330398092093,0.0333883691065859,0.00201797835259585,0.440102733443405,0.270959456980371,0.10420106402495
304773.411807,2762366.126422,0.120879120879121,0.0324175824175824,0.0197802197802198,0.535714285714286,0.204395604395604,0.0868131868131868
305273.411807,2762366.126422,0.465137614678899,0.0332110091743119,0.00385321100917431,0.175779816513761,0.200183486238532,0.121834862385321
305773.411807,2762366.126422,0.781324527609613,0.002568336085122,0,0.00146762062006971,0.00623738763529628,0.208402128049899
306273.411807,2762366.126422,0.668315018315018,0,0,0,0,0.331684981684982
306773.411807,2762366.126422,0.751559633027523,0,0,0,0,0.248440366972477
307273.411807,2762366.126422,0.509080902586681,0.00201797835259585,0,0.002568336085122,0.0354063474591818,0.450926435516419
307773.411807,2762366.126422,0.928937728937729,0,0,0.000183150183150183,0.0010989010989011,0.0697802197802198
308273.411807,2762366.126422,0.721467889908257,0.00055045871559633,0,0.00073394495412844,0.00403669724770642,0.273211009174312
308773.411807,2762366.126422,0.469638598422308,0.00091726288754357,0,0.00476976701522656,0.0370574206567602,0.487616951018162
309273.411807,2762366.126422,0.52967032967033,0.00732600732600733,0,0.00311355311355311,0.0613553113553114,0.398534798534799
309773.411807,2762366.126422,0.70954128440367,0.00293577981651376,0,0.00073394495412844,0.0130275229357798,0.273761467889908
310273.411807,2762366.126422,0.687029902770134,0.00293524124013942,0,0.00293524124013942,0.0260502660062374,0.28104934874335
310773.411807,2762366.126422,0.96978021978022,0.00549450549450549,0,0,0,0.0247252747252747
311273.411807,2762366.126422,0.944770642201835,0.00018348623853211,0,0,0.00201834862385321,0.0530275229357798
311773.411807,2762366.126422,0.993946064942212,0,0,0,0,0.00605393505778756
312273.411807,2762366.126422,0.996153846153846,0.00183150183150183,0,0,0,0.00201465201465201
312773.411807,2762366.126422,0.963669724770642,0.00036697247706422,0,0,0,0.0359633027522936
300773.411807,2761866.126422,0.943040293040293,0,0,0,0,0.056959706959707
301273.411807,2761866.126422,0.813369963369963,0.000732600732600733,0.000915750915750916,0.0217948717948718,0.0543956043956044,0.108791208791209
301773.411807,2761866.126422,0.130729739640631,0.0579391272460579,0.028969563623029,0.367620095342868,0.262009534286762,0.152731939860653
302273.411807,2761866.126422,0.0968864468864469,0.0265567765567766,0.00512820512820513,0.438644688644689,0.209340659340659,0.223443223443223
302773.411807,2761866.126422,0.106959706959707,0.00750915750915751,0,0.36043956043956,0.225457875457875,0.2996336996337
303273.411807,2761866.126422,0.23047304730473,0.0077007700770077,0,0.226622662266227,0.222038870553722,0.313164649798313
303773.411807,2761866.126422,0.111355311355311,0.0234432234432234,0.0882783882783883,0.174358974358974,0.200732600732601,0.401831501831502
304273.411807,2761866.126422,0.153113553113553,0.0481684981684982,0.0668498168498168,0.257326007326007,0.202380952380952,0.272161172161172
304773.411807,2761866.126422,0.386872020535387,0.0242024202420242,0.000733406674000733,0.346718005133847,0.203887055372204,0.0375870920425376
305273.411807,2761866.126422,0.661904761904762,0.0126373626373626,0,0.0141025641025641,0.1,0.211355311355311
305773.411807,2761866.126422,0.683882783882784,0.00641025641025641,0,0.00128205128205128,0.0272893772893773,0.281135531135531
306273.411807,2761866.126422,0.334616795012835,0.000183351668500183,0,0.00641730839750642,0.048038137147048,0.610744407774111
306773.411807,2761866.126422,0.51043956043956,0.000549450549450549,0,0.000366300366300366,0.00366300366300366,0.484981684981685
307273.411807,2761866.126422,0.832417582417582,0,0,0.000366300366300366,0.0010989010989011,0.166117216117216
307773.411807,2761866.126422,0.846901356802347,0.000183351668500183,0,0,0.00366703337000367,0.149248258159149
308273.411807,2761866.126422,0.914652014652015,0,0,0,0.00201465201465201,0.0833333333333333
308773.411807,2761866.126422,0.775274725274725,0.000366300366300366,0,0,0.00384615384615385,0.220512820512821
309273.411807,2761866.126422,0.947561422808948,0.00476714338100477,0,0,0,0.0476714338100477
309773.411807,2761866.126422,0.994322344322344,0,0,0,0,0.00567765567765568
310273.411807,2761866.126422,0.930952380952381,0,0,0,0.00274725274725275,0.0663003663003663
310773.411807,2761866.126422,0.988815548221489,0,0,0,0,0.0111844517785112
311273.411807,2761866.126422,0.903113553113553,0.00695970695970696,0,0,0.0010989010989011,0.0888278388278388
311773.411807,2761866.126422,0.984065934065934,0,0,0,0,0.0159340659340659
312273.411807,2761866.126422,0.948478181151448,0,0,0.000916758342500917,0.00366703337000367,0.0469380271360469
312773.411807,2761866.126422,0.954212454212454,0.0010989010989011,0,0,0.000915750915750916,0.0437728937728938
300773.411807,2761366.126422,0.589832996880161,0.00495503762158194,0,0.0915764360433107,0.119287942741787,0.194347586713158
301273.411807,2761366.126422,0.156977810379608,0.0143040528149642,0.000183385292499542,0.317990097194205,0.301485420869246,0.209059233449477
301773.411807,2761366.126422,0.27579256001466,0.061205790727506,0.000733003481766538,0.242807403335166,0.293201392706615,0.126259849734286
302273.411807,2761366.126422,0.335841438796109,0.0121123141860892,0.000550559735731327,0.0849697192145348,0.193246467241696,0.37327950082584
302773.411807,2761366.126422,0.374105996699065,0.00256739409499358,0.00146708233999633,0.0977443609022556,0.226847606821933,0.297267559141757
303273.411807,2761366.126422,0.284222100054975,0.00256551218618288,0,0.036100421477002,0.0575407733186733,0.619571192963167
303773.411807,2761366.126422,0.210680858873188,0.0225729491649844,0.00844191594788034,0.339695356946229,0.213617177463755,0.204991741603964
304273.411807,2761366.126422,0.102145607922245,0.0401613790573996,0.109847790207225,0.520630845406198,0.130386942967174,0.0968274344397579
304773.411807,2761366.126422,0.927615906175554,0.0111783030969397,0.000366501740883269,0.0161260765988638,0.0106285504856148,0.034084661902144
305273.411807,2761366.126422,0.788768581391081,0,0,0.0034868783262984,0.0132134336575518,0.194531106625069
305773.411807,2761366.126422,0.741426737575646,0.00880249403997799,0.000550155877498625,0.0121034293049697,0.0669356317623327,0.170181551439575
306273.411807,2761366.126422,0.764889133223383,0,0,0.000183250870441635,0.00164925783397471,0.233278358072201
306773.411807,2761366.126422,0.977060011011195,0,0,0,0,0.0229399889888053
307273.411807,2761366.126422,0.643682376673391,0.000550155877498625,0,0.00256739409499358,0.0194388410049514,0.333761232349166
307773.411807,2761366.126422,0.899945024738868,0,0,0.000916254352208173,0.00751328568810702,0.0916254352208173
308273.411807,2761366.126422,0.881262616993944,0.00110111947146265,0,0.00146815929528354,0.00715727656450725,0.109010827674803
308773.411807,2761366.126422,0.882816798092793,0.0218228498074454,0,0.000366770584999083,0.00678525582248304,0.0882083256922795
309273.411807,2761366.126422,0.979292651640095,0,0,0,0,0.0207073483599047
309773.411807,2761366.126422,0.990456964580657,0,0,0.000183519911910442,0.000183519911910442,0.00917599559552211
310273.411807,2761366.126422,0.937465615257656,0,0,0.000183385292499542,0.000550155877498625,0.0618008435723455
310773.411807,2761366.126422,0.976360637713029,0,0,0,0,0.0236393622869709
311273.411807,2761366.126422,0.825472563773169,0.000734079647641769,0,0.00623967700495504,0.038172141677372,0.129381537896862
311773.411807,2761366.126422,0.8400880249404,0,0,0.00128369704749679,0.015587749862461,0.143040528149642
312273.411807,2761366.126422,0.862195345427891,0.000183250870441635,0,0.000183250870441635,0.00384826827927433,0.133589884551952
312773.411807,2761366.126422,0.878142778491466,0.000367039823820885,0,0.00367039823820885,0.0141310332171041,0.1036887502294
300773.411807,2760866.126422,0.361834862385321,0.0146788990825688,0.00036697247706422,0.0711926605504587,0.164587155963303,0.387339449541284
301273.411807,2760866.126422,0.379930288020547,0.0108237020730141,0,0.0783342505962209,0.152265639332233,0.378646119977986
301773.411807,2760866.126422,0.39029304029304,0.01996336996337,0,0.0617216117216117,0.204212454212454,0.323809523809524
302273.411807,2760866.126422,0.462752293577982,0.0223853211009174,0.00330275229357798,0.0181651376146789,0.190091743119266,0.303302752293578
302773.411807,2760866.126422,0.420289855072464,0.00458631443771785,0,0.0313703907539901,0.146028251696936,0.397725188038892
303273.411807,2760866.126422,0.575274725274725,0.00347985347985348,0,0.0706959706959707,0.126190476190476,0.224358974358974
303773.411807,2760866.126422,0.633211009174312,0.00256880733944954,0,0.0504587155963303,0.0886238532110092,0.225137614678899
304273.411807,2760866.126422,0.126582278481013,0.0343056319941295,0.157035406347459,0.241790497156485,0.320675105485232,0.119611080535682
304773.411807,2760866.126422,0.608241758241758,0.00769230769230769,0.000732600732600733,0.0558608058608059,0.12967032967033,0.197802197802198
305273.411807,2760866.126422,0.602385321100917,0.00495412844036697,0,0.0392660550458716,0.174128440366972,0.179266055045872
305773.411807,2760866.126422,0.589983489268024,0.00458631443771785,0.001284168042561,0.0388919464318474,0.164740414602825,0.200513667217024
306273.411807,2760866.126422,0.597619047619048,0.00989010989010989,0,0.0401098901098901,0.249267399267399,0.103113553113553
306773.411807,2760866.126422,0.509174311926605,0.00642201834862385,0,0.0236697247706422,0.271743119266055,0.188990825688073
307273.411807,2760866.126422,0.689965144010273,0.00550357732526142,0,0.00972298660796184,0.0996147495872317,0.195193542469272
307773.411807,2760866.126422,0.965750915750916,0.00238095238095238,0,0,0.0021978021978022,0.0296703296703297
308273.411807,2760866.126422,0.990275229357798,0.00036697247706422,0,0,0,0.00935779816513761
308773.411807,2760866.126422,0.946982205099982,0.00110071546505228,0,0,0,0.0519170794349661
309273.411807,2760866.126422,0.81043956043956,0,0,0.0043956043956044,0.0115384615384615,0.173626373626374
309773.411807,2760866.126422,0.799266055045872,0,0,0.00293577981651376,0.0100917431192661,0.187706422018349
310273.411807,2760866.126422,0.918363603008622,0,0,0,0.000183452577508714,0.081452944413869
310773.411807,2760866.126422,0.786630036630037,0.000183150183150183,0,0.00293040293040293,0.0232600732600733,0.186996336996337
311273.411807,2760866.126422,0.944770642201835,0.00036697247706422,0,0.00073394495412844,0.00055045871559633,0.0535779816513761
311773.411807,2760866.126422,0.987892129884425,0,0,0,0,0.0121078701155751
312273.411807,2760866.126422,0.983333333333333,0,0,0,0,0.0166666666666667
312773.411807,2760866.126422,0.985688073394495,0,0,0,0,0.0143119266055046
300773.411807,2760366.126422,0.452014652014652,0.00549450549450549,0.000183150183150183,0.056959706959707,0.207509157509158,0.277838827838828
301273.411807,2760366.126422,0.455311355311355,0.00695970695970696,0.000732600732600733,0.0804029304029304,0.167582417582418,0.289010989010989
301773.411807,2760366.126422,0.371287128712871,0.0221855518885222,0.0155848918225156,0.0429042904290429,0.337917125045838,0.21012101210121
302273.411807,2760366.126422,0.512454212454212,0.00787545787545788,0.0172161172161172,0.0252747252747253,0.21007326007326,0.227106227106227
302773.411807,2760366.126422,0.522344322344322,0.00805860805860806,0,0.0322344322344322,0.122893772893773,0.314468864468864
303273.411807,2760366.126422,0.712321232123212,0.00311697836450312,0,0.0436376971030436,0.110561056105611,0.13036303630363
303773.411807,2760366.126422,0.757692307692308,0.0010989010989011,0,0.0366300366300366,0.102197802197802,0.102380952380952
304273.411807,2760366.126422,0.511172161172161,0.0177655677655678,0.131318681318681,0.0265567765567766,0.0380952380952381,0.275091575091575
304773.411807,2760366.126422,0.368720205353869,0.059039237257059,0.161166116611661,0.0628896222955629,0.0143014301430143,0.333883388338834
305273.411807,2760366.126422,0.476007326007326,0.0221611721611722,0.00402930402930403,0.0838827838827839,0.213186813186813,0.200732600732601
305773.411807,2760366.126422,0.476556776556777,0.0283882783882784,0.000915750915750916,0.0278388278388278,0.21025641025641,0.256043956043956
306273.411807,2760366.126422,0.767510084341767,0.00971763843050972,0,0.0126512651265127,0.0696736340300697,0.14044737807114
306773.411807,2760366.126422,0.871428571428571,0.00146520146520147,0,0.000732600732600733,0.0126373626373626,0.113736263736264
307273.411807,2760366.126422,0.704945054945055,0.00164835164835165,0,0.0021978021978022,0.0258241758241758,0.265384615384615
307773.411807,2760366.126422,0.814814814814815,0.000366703337000367,0,0.00403373670700403,0.0194352768610194,0.161349468280161
308273.411807,2760366.126422,0.682967032967033,0.00366300366300366,0.000915750915750916,0.00750915750915751,0.0450549450549451,0.25989010989011
308773.411807,2760366.126422,0.863919413919414,0,0,0.000366300366300366,0.00604395604395604,0.12967032967033
309273.411807,2760366.126422,0.833883388338834,0.00256692335900257,0,0.00201686835350202,0.0201686835350202,0.141364136413641
309773.411807,2760366.126422,0.900732600732601,0.00183150183150183,0,0.000183150183150183,0.00494505494505494,0.0923076923076923
310273.411807,2760366.126422,0.860989010989011,0.00311355311355311,0,0,0,0.135897435897436
310773.411807,2760366.126422,0.875137513751375,0.000183351668500183,0,0,0,0.124679134580125
311273.411807,2760366.126422,0.911904761904762,0,0,0.000549450549450549,0.00128205128205128,0.0862637362637363
311773.411807,2760366.126422,0.984432234432234,0,0,0,0,0.0155677655677656
312273.411807,2760366.126422,0.996149614961496,0,0,0,0,0.00385038503850385
312773.411807,2760366.126422,0.906593406593407,0,0,0.000366300366300366,0.0010989010989011,0.0919413919413919
300773.411807,2759866.126422,0.413653881446137,0.0423930996513122,0.000550559735731327,0.0886401174527436,0.295467058175812,0.159295283538264
301273.411807,2759866.126422,0.876581698147809,0.000733541169998166,0,0.00806895286997983,0.00770218228498074,0.106913625527233
301773.411807,2759866.126422,0.875939160711013,0.0104452996151732,0,0.00238226131574125,0.0492944841487997,0.0619387942092725
302273.411807,2759866.126422,0.634611855386309,0.00587263718113415,0,0.0121123141860892,0.124242980363369,0.223160212883098
302773.411807,2759866.126422,0.589583715386026,0.00641848523748395,0.0269576379974326,0.0214560792224464,0.0515312671923712,0.30405281496424
303273.411807,2759866.126422,0.330401319406267,0.0280373831775701,0.123511086677662,0.0866776617188932,0.166758292101887,0.26461425691772
303773.411807,2759866.126422,0.16590200036704,0.0378051018535511,0.136171774637548,0.154340245916682,0.133051936135071,0.372728941090108
304273.411807,2759866.126422,0.582248303686044,0.030808729139923,0.114065651934715,0.0113698881349716,0.0286081056299285,0.232899321474418
304773.411807,2759866.126422,0.600513102437237,0.040131940626718,0.000733003481766538,0.00494777350192413,0.0256551218618288,0.328019058090526
305273.411807,2759866.126422,0.775188107909708,0.0119287942741787,0.0501009359515507,0.0368875022939989,0.0130299137456414,0.112864745824922
305773.411807,2759866.126422,0.925912341830185,0,0,0,0,0.0740876581698148
306273.411807,2759866.126422,0.940443467106469,0.000549752611324904,0,0,0.00146600696353308,0.0575407733186733
306773.411807,2759866.126422,0.93356579188842,0.000917599559552211,0,0.000367039823820885,0.00183519911910442,0.0633143696091026
307273.411807,2759866.126422,0.907390427287732,0.000183385292499542,0,0.00110031175499725,0.00256739409499358,0.0887584815697781
307773.411807,2759866.126422,0.842587502290636,0.000733003481766538,0,0.000733003481766538,0.00384826827927433,0.152098222466557
308273.411807,2759866.126422,0.966232336208479,0.000183519911910442,0,0,0,0.0335841438796109
308773.411807,2759866.126422,0.951586282780121,0,0,0,0,0.048413717219879
309273.411807,2759866.126422,0.962800073300348,0.00293201392706615,0,0,0,0.0342679127725857
309773.411807,2759866.126422,0.961460818498807,0.000734079647641769,0,0,0,0.0378051018535511
310273.411807,2759866.126422,0.922978177150193,0.00311754997249221,0,0,0,0.0739042728773152
310773.411807,2759866.126422,0.818215136521898,0,0,0,0,0.181784863478102
311273.411807,2759866.126422,0.981280968985135,0,0,0,0,0.0187190310148651
311773.411807,2759866.126422,0.994681826517513,0,0,0,0,0.0053181734824867
312273.411807,2759866.126422,0.994685724757193,0,0,0,0,0.0053142752428074
312773.411807,2759866.126422,0.908423563956689,0,0,0,0.000183519911910442,0.0913929161314003
