"x","y","forest","agri","water","built","other","grass"
186273.411807,2599366.126422,0.0657089024964673,0.0360339142722562,0,0.672397550635893,0.135892604804522,0.089967027790862
186773.411807,2599366.126422,0.0480822169205359,0.0216553496054322,0,0.643604331069921,0.194531106625069,0.092126995779042
187273.411807,2599366.126422,0.0783055198973042,0.11589950485971,0.00550155877498625,0.434623143223913,0.234366403814414,0.131303869429672
187773.411807,2599366.126422,0.0916254352208173,0.330218068535826,0,0.0645043063954554,0.126992853216053,0.386659336631849
188273.411807,2599366.126422,0.0849697192145348,0.345017434391632,0,0.0776289227381171,0.221692053587814,0.270691870067902
188773.411807,2599366.126422,0.0383275261324042,0.551072803961122,0,0.0201723821749496,0.0276911791674308,0.362736108564093
189273.411807,2599366.126422,0.187465640461792,0.244456661169141,0,0.000916254352208173,0.0269378779549203,0.540223566061939
189773.411807,2599366.126422,0.110295467058176,0.445402826206643,0,0.0350523031748945,0.114332905120206,0.294916498440081
190273.411807,2599366.126422,0.0137538969374656,0.85604254538786,0,0.00183385292499542,0.00880249403997799,0.119567210709701
190773.411807,2599366.126422,0.0298698918819864,0.766721641927799,0,0.0426974528129009,0.0630382994319223,0.0976727139453912
191273.411807,2599366.126422,0.102404110846027,0.318407047164617,0,0.222426133235456,0.1950816663608,0.1616810423931
191773.411807,2599366.126422,0.0951769668072621,0.29983495323675,0.00293416467999266,0.193838254172015,0.179534201357051,0.228681459746928
192273.411807,2599366.126422,0.0791643760307861,0.636980025655122,0,0.059190031152648,0.045629466739967,0.179036100421477
192773.411807,2599366.126422,0.116535144063131,0.432556432372912,0,0.130666177280235,0.127362818865847,0.192879427417875
193273.411807,2599366.126422,0.242802127269393,0.0964606638547588,0,0.213827251054465,0.178617274894553,0.268292682926829
193773.411807,2599366.126422,0.13230712845886,0.021073850100788,0.000366501740883269,0.319406267179769,0.169690306028954,0.357155946490746
194273.411807,2599366.126422,0.0418425399155808,0.011194714626537,0.00110111947146265,0.81317672967517,0.109194347586713,0.0234905487245366
194773.411807,2599366.126422,0.158078122134605,0.0786722904823033,0,0.13203741059967,0.0715202640748212,0.559691912708601
195273.411807,2599366.126422,0.0936411947956753,0.0344511636430273,0,0.101520982224666,0.0648708081363387,0.705515851200293
195773.411807,2599366.126422,0.31124977060011,0.0047715177096715,0,0.2073775004588,0.131950816663608,0.344650394567811
196273.411807,2599366.126422,0.350632679259123,0.00733541169998166,0,0.0293416467999266,0.0441958554923895,0.568494406748579
196773.411807,2599366.126422,0.398753894080997,0.00164925783397471,0,0.0892431739050761,0.0703683342495877,0.439985339930365
197273.411807,2599366.126422,0.412185722150853,0.012846393833731,0,0.0664342081115801,0.0785465222976693,0.429987153606166
197773.411807,2599366.126422,0.257289565376857,0.00110031175499725,0,0.0133871263524665,0.111314872547222,0.616908123968458
198273.411807,2599366.126422,0.185633131757376,0.013560564412681,0,0.0619387942092725,0.15246472420744,0.586402785413231
198773.411807,2599366.126422,0.399360292437743,0.00114233493260224,0,0.0769933744573909,0.176833447566827,0.345670550605437
186273.411807,2598866.126422,0.00753295668549906,0.765536723163842,0,0.167372881355932,0.0178907721280603,0.0416666666666667
186773.411807,2598866.126422,0.0445871559633028,0.568440366972477,0,0.182935779816514,0.081651376146789,0.122385321100917
187273.411807,2598866.126422,0.076316272243625,0.528710328380114,0,0.132085855806274,0.126582278481013,0.136305265088975
187773.411807,2598866.126422,0.063003663003663,0.456043956043956,0,0.0166666666666667,0.113736263736264,0.350549450549451
188273.411807,2598866.126422,0.121284403669725,0.172110091743119,0,0.320366972477064,0.249908256880734,0.136330275229358
188773.411807,2598866.126422,0.0522839845899835,0.273344340487984,0,0.13557145477894,0.189873417721519,0.348926802421574
189273.411807,2598866.126422,0.113919413919414,0.407326007326007,0.00146520146520147,0.0727106227106227,0.223809523809524,0.180769230769231
189773.411807,2598866.126422,0.0776146788990826,0.387522935779817,0,0.104403669724771,0.204403669724771,0.22605504587156
190273.411807,2598866.126422,0.0742982938910292,0.305631994129518,0,0.102366538249862,0.211704274445056,0.305998899284535
190773.411807,2598866.126422,0.0776556776556777,0.338095238095238,0,0.147252747252747,0.173809523809524,0.263186813186813
191273.411807,2598866.126422,0.146238532110092,0.196697247706422,0.00018348623853211,0.167889908256881,0.108623853211009,0.380366972477064
191773.411807,2598866.126422,0.130618235186204,0.0280682443588332,0.000366905155017428,0.564116675839296,0.197028068244359,0.0798018712162906
192273.411807,2598866.126422,0.125457875457875,0.0141025641025641,0.00164835164835165,0.678937728937729,0.144505494505494,0.0353479853479853
192773.411807,2598866.126422,0.0528440366972477,0.0218348623853211,0,0.702935779816514,0.150825688073394,0.0715596330275229
193273.411807,2598866.126422,0.179416620803522,0.0227481196110805,0.00403595670519171,0.372959090075216,0.179416620803522,0.241423592001468
193773.411807,2598866.126422,0.273626373626374,0.0188644688644689,0.00641025641025641,0.239010989010989,0.112637362637363,0.349450549450549
194273.411807,2598866.126422,0.128990825688073,0.0348623853211009,0,0.473761467889908,0.248623853211009,0.113761467889908
194773.411807,2598866.126422,0.169326729040543,0.0159603742432581,0.000366905155017428,0.36085121995964,0.194643184736746,0.258851586864795
195273.411807,2598866.126422,0.29981684981685,0.00989010989010989,0,0.286446886446886,0.0917582417582418,0.312087912087912
195773.411807,2598866.126422,0.135596330275229,0.0143119266055046,0,0.55302752293578,0.213211009174312,0.0838532110091743
196273.411807,2598866.126422,0.349844065309118,0.00330214639515685,0,0.175564116675839,0.129700972298661,0.341588699321225
196773.411807,2598866.126422,0.135164835164835,0.023992673992674,0.000183150183150183,0.416483516483517,0.232051282051282,0.192124542124542
197273.411807,2598866.126422,0.284954128440367,0.00605504587155963,0,0.0598165137614679,0.169174311926606,0.48
197773.411807,2598866.126422,0.488167308750688,0.001284168042561,0,0.0425609979820216,0.096862960924601,0.371124564300128
198273.411807,2598866.126422,0.440842490842491,0.00824175824175824,0,0.0272893772893773,0.162271062271062,0.361355311355311
198773.411807,2598866.126422,0.649463347796301,0,0,0.0118748572733501,0.0406485498972368,0.298013245033113
186273.411807,2598366.126422,0.0430892394631505,0.448316458676713,0,0,0.0108311749470214,0.497763126913115
186773.411807,2598366.126422,0.0426739926739927,0.491391941391941,0.00457875457875458,0.0355311355311355,0.0860805860805861,0.33974358974359
187273.411807,2598366.126422,0.104212454212454,0.196153846153846,0,0.182051282051282,0.250549450549451,0.267032967032967
187773.411807,2598366.126422,0.0671067106710671,0.166483314998166,0,0.0100843417675101,0.121928859552622,0.634396773010634
188273.411807,2598366.126422,0.0296703296703297,0.639010989010989,0,0.0357142857142857,0.0763736263736264,0.219230769230769
188773.411807,2598366.126422,0.0492673992673993,0.581501831501832,0,0.0342490842490843,0.124358974358974,0.210622710622711
189273.411807,2598366.126422,0.0300696736340301,0.828749541620829,0,0.0355702236890356,0.0454712137880455,0.0601393472680601
189773.411807,2598366.126422,0.0639194139194139,0.447802197802198,0,0.0756410256410256,0.161904761904762,0.250732600732601
190273.411807,2598366.126422,0.143406593406593,0.103296703296703,0,0.248168498168498,0.233150183150183,0.271978021978022
190773.411807,2598366.126422,0.205353868720205,0.109277594426109,0.00311697836450312,0.138063806380638,0.143381004767143,0.400806747341401
191273.411807,2598366.126422,0.227289377289377,0.104212454212454,0,0.244139194139194,0.132234432234432,0.292124542124542
191773.411807,2598366.126422,0.0417582417582418,0.0203296703296703,0.00256410256410256,0.77032967032967,0.138461538461538,0.0265567765567766
192273.411807,2598366.126422,0.0898423175650898,0.0291529152915292,0.000366703337000367,0.692702603593693,0.124312431243124,0.0636230289695636
192773.411807,2598366.126422,0.14029304029304,0.0432234432234432,0.000183150183150183,0.571428571428571,0.151098901098901,0.0937728937728938
193273.411807,2598366.126422,0.0606227106227106,0.0164835164835165,0.000366300366300366,0.764285714285714,0.129120879120879,0.0291208791208791
193773.411807,2598366.126422,0.206637330399707,0.0291529152915292,0.000183351668500183,0.257242390905757,0.19031903190319,0.316464979831316
194273.411807,2598366.126422,0.199267399267399,0.039010989010989,0.00421245421245421,0.356227106227106,0.25970695970696,0.141575091575092
194773.411807,2598366.126422,0.177106227106227,0.0269230769230769,0.00128205128205128,0.341208791208791,0.261355311355311,0.192124542124542
195273.411807,2598366.126422,0.236340300696736,0.0236523652365237,0,0.310964429776311,0.229372937293729,0.1996699669967
195773.411807,2598366.126422,0.232051282051282,0.0164835164835165,0.000915750915750916,0.457142857142857,0.173076923076923,0.12032967032967
196273.411807,2598366.126422,0.654761904761905,0.00402930402930403,0.000183150183150183,0.0179487179487179,0.0463369963369963,0.276739926739927
196773.411807,2598366.126422,0.498349834983498,0.00165016501650165,0,0.0781078107810781,0.0957095709570957,0.326182618261826
197273.411807,2598366.126422,0.474908424908425,0.00146520146520147,0,0.0346153846153846,0.0897435897435897,0.399267399267399
197773.411807,2598366.126422,0.338644688644689,0.00128205128205128,0,0.0120879120879121,0.0840659340659341,0.563919413919414
198273.411807,2598366.126422,0.422075540887422,0.00641730839750642,0,0.0192519251925193,0.129262926292629,0.422992299229923
198773.411807,2598366.126422,0.639060004563085,0.000228154232261008,0,0.00182523385808807,0.0141455624001825,0.344741044946384
186273.411807,2597866.126422,0.0289684408855393,0.138718794159209,0,0.0101271785209609,0.0558172397550636,0.766368346679227
186773.411807,2597866.126422,0.00330335841438796,0.316204808221692,0,0.000917599559552211,0.0671682877592219,0.612405946045146
187273.411807,2597866.126422,0.0693196405648267,0.341280029341647,0,0.01998899688245,0.0385109114249037,0.530900421786173
187773.411807,2597866.126422,0.114715044896463,0.351658420377497,0,0.00109950522264981,0.0470954737035001,0.48543155579989
188273.411807,2597866.126422,0.0104606349788952,0.907322444485227,0,0.000183519911910442,0.00275279867865663,0.0792806019453111
188773.411807,2597866.126422,0.0383275261324042,0.808362369337979,0,0,0.00605171465248487,0.147258389877132
189273.411807,2597866.126422,0.0350009162543522,0.634048011728056,0,0.0844786512735936,0.139453912406084,0.107018508337915
189773.411807,2597866.126422,0.0464305377133419,0.225362451826023,0,0.20315654248486,0.314186089190677,0.210864378785098
190273.411807,2597866.126422,0.0529983495323675,0.368237667339079,0,0.090408949202274,0.150192554557125,0.338162479369155
190773.411807,2597866.126422,0.224115814550119,0.155579989004948,0,0.107934762690123,0.158878504672897,0.353490929081913
191273.411807,2597866.126422,0.0860708386859974,0.0299137456414021,0.000917599559552211,0.595522114149385,0.189025509267756,0.0985501926959075
191773.411807,2597866.126422,0.0625343847423437,0.0416284613973959,0.00183385292499542,0.651751329543371,0.169631395562076,0.0726205758298184
192273.411807,2597866.126422,0.0227231079347627,0.0181418361737218,0.00439802089059923,0.864944108484515,0.0758658603628367,0.0139270661535642
192773.411807,2597866.126422,0.0682694072306845,0.0394567810607451,0,0.671132317856487,0.148467608735548,0.0726738851165352
193273.411807,2597866.126422,0.0313588850174216,0.0205391527599487,0.000916926462497708,0.805794975242985,0.112231799009719,0.0291582615074271
193773.411807,2597866.126422,0.0533260032985157,0.0131940626717977,0.000549752611324904,0.775517683708998,0.112516034451164,0.0448964632582005
194273.411807,2597866.126422,0.0629473297852817,0.0255092677555515,0,0.690034868783263,0.158744723802533,0.0627638098733713
194773.411807,2597866.126422,0.0777553640198056,0.0126535851824684,0.00110031175499725,0.740326425820649,0.140656519347148,0.0275077938749312
195273.411807,2597866.126422,0.30492944841488,0.0179585853032802,0.000366501740883269,0.306945207989738,0.227964082829393,0.141836173721825
195773.411807,2597866.126422,0.740869884382455,0.00697375665259681,0,0.00642319691686548,0.0367039823820885,0.209029179665994
196273.411807,2597866.126422,0.220612506876948,0.0192554557124519,0,0.0218228498074454,0.103245919677242,0.635063267925912
196773.411807,2597866.126422,0.353857430822796,0.0111783030969397,0.00568077698369067,0.117830309693971,0.222833058457028,0.288620120945574
197273.411807,2597866.126422,0.197650945127546,0.0201871903101487,0.000183519911910442,0.291980179849514,0.229399889888053,0.260598274912828
197773.411807,2597866.126422,0.258940033009353,0.00843572345497891,0,0.268659453511828,0.300385109114249,0.163579680909591
198273.411807,2597866.126422,0.517133956386293,0.000733003481766538,0,0.0174088326919553,0.0634048011728056,0.40131940626718
198773.411807,2597866.126422,0.360977838702308,0.00662554260909299,0,0.104637879826365,0.250856751199452,0.276901987662783
186273.411807,2597366.126422,0.0357815442561205,0.438323917137476,0,0.00823917137476459,0.0741525423728814,0.443502824858757
186773.411807,2597366.126422,0.0623853211009174,0.52697247706422,0,0,0.0662385321100917,0.344403669724771
187273.411807,2597366.126422,0.010273344340488,0.67327095945698,0,0.000733810310034856,0.0066042927903137,0.309117593102183
187773.411807,2597366.126422,0.0249084249084249,0.0794871794871795,0.000732600732600733,0.152564102564103,0.127838827838828,0.614468864468865
188273.411807,2597366.126422,0.126788990825688,0.228623853211009,0.013394495412844,0.0245871559633028,0.135229357798165,0.471376146788991
188773.411807,2597366.126422,0.0511832691249312,0.613648871766648,0,0.000733810310034856,0.0350394423041644,0.299394606494221
189273.411807,2597366.126422,0.0545787545787546,0.581501831501832,0,0.0131868131868132,0.0692307692307692,0.281501831501832
189773.411807,2597366.126422,0.0137614678899083,0.737614678899083,0,0.02,0.0185321100917431,0.210091743119266
190273.411807,2597366.126422,0.0478811227297744,0.386351128233352,0,0.0232984773436067,0.077600440286186,0.464868831407081
190773.411807,2597366.126422,0.305860805860806,0.128205128205128,0,0.0553113553113553,0.123443223443223,0.387179487179487
191273.411807,2597366.126422,0.138165137614679,0.055045871559633,0,0.285688073394495,0.226238532110092,0.294862385321101
191773.411807,2597366.126422,0.0574206567602275,0.0458631443771785,0.00568702990277013,0.606494221243808,0.204916529077234,0.0796184186387819
192273.411807,2597366.126422,0.0692307692307692,0.0391941391941392,0.00256410256410256,0.704578754578755,0.119047619047619,0.0653846153846154
192773.411807,2597366.126422,0.0398165137614679,0.023302752293578,0.00238532110091743,0.784220183486239,0.126605504587156,0.0236697247706422
193273.411807,2597366.126422,0.0236653824986241,0.00807191341038342,0.00183452577508714,0.906439185470556,0.0453127866446524,0.0146762062006971
193773.411807,2597366.126422,0.0157509157509158,0.00952380952380952,0.000183150183150183,0.924542124542125,0.0492673992673993,0.000732600732600733
194273.411807,2597366.126422,0.0363302752293578,0.00605504587155963,0.0036697247706422,0.871376146788991,0.0686238532110092,0.0139449541284404
194773.411807,2597366.126422,0.0552192258301229,0.023115024766098,0.001284168042561,0.733443404879839,0.118326912493121,0.068611263988259
195273.411807,2597366.126422,0.237179487179487,0.0318681318681319,0.0021978021978022,0.296886446886447,0.248901098901099,0.182967032967033
195773.411807,2597366.126422,0.213211009174312,0.0157798165137615,0.00055045871559633,0.453761467889908,0.238532110091743,0.0781651376146789
196273.411807,2597366.126422,0.430930104567969,0.00697119794533113,0,0.268574573472757,0.174830306365804,0.118693817648138
196773.411807,2597366.126422,0.404945054945055,0.0336996336996337,0.115934065934066,0.0899267399267399,0.103846153846154,0.251648351648352
197273.411807,2597366.126422,0.553761467889908,0.00935779816513761,0.0794495412844037,0.0544954128440367,0.10605504587156,0.196880733944954
197773.411807,2597366.126422,0.653641533663548,0.0559530361401578,0.138873601174097,0.00146762062006971,0.00807191341038342,0.141992294991745
198273.411807,2597366.126422,0.885347985347985,0,0,0,0.00164835164835165,0.113003663003663
198773.411807,2597366.126422,0.818908426581411,0,0,0.00182690111897694,0.00707924183603562,0.172185430463576
186273.411807,2596866.126422,0.101247939722157,0.181775370850012,0,0.0266070167176831,0.130209559689192,0.560160113020956
186773.411807,2596866.126422,0.0602564102564103,0.503663003663004,0.000915750915750916,0.000732600732600733,0.0710622710622711,0.363369963369963
187273.411807,2596866.126422,0.184249084249084,0.314652014652015,0,0.00256410256410256,0.0391941391941392,0.459340659340659
187773.411807,2596866.126422,0.00843417675100843,0.0144847818115145,0,0.167216721672167,0.112577924459113,0.697286395306197
188273.411807,2596866.126422,0.121611721611722,0.00384615384615385,0,0.154029304029304,0.0816849816849817,0.638827838827839
188773.411807,2596866.126422,0.131135531135531,0.0166666666666667,0,0.0344322344322344,0.11007326007326,0.707692307692308
189273.411807,2596866.126422,0.0573890722405574,0.359002566923359,0,0.0870920425375871,0.159332599926659,0.337183718371837
189773.411807,2596866.126422,0.0611721611721612,0.411172161172161,0,0.135531135531136,0.106227106227106,0.285897435897436
190273.411807,2596866.126422,0.0745421245421245,0.228754578754579,0,0.327106227106227,0.173260073260073,0.196336996336996
190773.411807,2596866.126422,0.156582324899157,0.0507884121745508,0,0.321048771543821,0.196369636963696,0.275210854418775
191273.411807,2596866.126422,0.0584249084249084,0.0342490842490843,0.00146520146520147,0.648168498168498,0.179120879120879,0.0785714285714286
191773.411807,2596866.126422,0.0802197802197802,0.0536630036630037,0,0.580769230769231,0.197252747252747,0.0880952380952381
192273.411807,2596866.126422,0.0837917125045838,0.0188852218555189,0,0.648514851485149,0.161716171617162,0.0870920425375871
192773.411807,2596866.126422,0.0412087912087912,0.0212454212454212,0.00183150183150183,0.802380952380952,0.111538461538462,0.0217948717948718
193273.411807,2596866.126422,0.0445054945054945,0.019047619047619,0.000732600732600733,0.814102564102564,0.103663003663004,0.0179487179487179
193773.411807,2596866.126422,0.117895122845618,0.024019068573524,0.000366703337000367,0.555738907224056,0.18041804180418,0.121562156215622
194273.411807,2596866.126422,0.0897435897435897,0.0247252747252747,0,0.616483516483517,0.181501831501831,0.0875457875457875
194773.411807,2596866.126422,0.0624542124542125,0.0172161172161172,0,0.731318681318681,0.147985347985348,0.041025641025641
195273.411807,2596866.126422,0.216171617161716,0.0183351668500183,0,0.454162082874954,0.180601393472681,0.130729739640631
195773.411807,2596866.126422,0.415934065934066,0.0141025641025641,0.00238095238095238,0.106227106227106,0.145238095238095,0.316117216117216
196273.411807,2596866.126422,0.402930402930403,0.00714285714285714,0,0.134615384615385,0.1,0.355311355311355
196773.411807,2596866.126422,0.214154748808214,0.1001100110011,0.528602860286029,0.0348368170150348,0.00311697836450312,0.119178584525119
197273.411807,2596866.126422,0.512271062271062,0.0399267399267399,0.262637362637363,0.00531135531135531,0.0391941391941392,0.140659340659341
197773.411807,2596866.126422,0.657875457875458,0.00238095238095238,0.00805860805860806,0.0289377289377289,0.0868131868131868,0.215934065934066
198273.411807,2596866.126422,0.960946094609461,0,0,0,0,0.0390539053905391
198773.411807,2596866.126422,0.87337440109514,0,0,0,0.000228154232261008,0.126397444672599
186273.411807,2596366.126422,0.0256712199717381,0.227508243052285,0,0.0193122939236929,0.121997173810645,0.605511069241639
186773.411807,2596366.126422,0.129932097632593,0.0956138741053404,0.000734079647641769,0.00899247568361167,0.0192695907505964,0.745457882180217
187273.411807,2596366.126422,0.291032459196772,0.000550155877498625,0,0.00275077938749312,0.0280579497524299,0.677608655785806
187773.411807,2596366.126422,0.0214403518416712,0.0174088326919553,0,0.196628183983874,0.102986989188199,0.661535642294301
188273.411807,2596366.126422,0.26133235456047,0.00293631859056708,0,0.0851532391264452,0.0633143696091026,0.587263718113415
188773.411807,2596366.126422,0.0944434256372639,0.11608289015221,0,0.0418118466898955,0.126902622409683,0.620759215110948
189273.411807,2596366.126422,0.0443467106468756,0.258750229063588,0,0.240608392889866,0.16254352208173,0.29375114531794
189773.411807,2596366.126422,0.0739585244999082,0.142778491466324,0,0.226096531473665,0.166636080014682,0.390530372545421
190273.411807,2596366.126422,0.136438657619659,0.0355767467449111,0,0.345864661654135,0.176233266092059,0.305886667889235
190773.411807,2596366.126422,0.129924867143119,0.110683525746747,0,0.324903793293018,0.146783947223749,0.287703866593366
191273.411807,2596366.126422,0.171958157460084,0.0495503762158194,0.000367039823820885,0.300422095797394,0.230684529271426,0.247017801431455
191773.411807,2596366.126422,0.193288098294517,0.024390243902439,0,0.533834586466165,0.133871263524665,0.114615807812213
192273.411807,2596366.126422,0.0683525746747297,0.0197910940076965,0.000733003481766538,0.765988638446033,0.0984057174271578,0.0467289719626168
192773.411807,2596366.126422,0.0201871903101487,0.0291796659937603,0.0012846393833731,0.860891906771885,0.0750596439713709,0.0133969535694623
193273.411807,2596366.126422,0.130203557674674,0.0588666788923528,0.00201723821749496,0.574729506693563,0.180817898404548,0.0533651201173666
193773.411807,2596366.126422,0.126992853216053,0.0164925783397471,0.00201575957485798,0.591717060656038,0.175920835623969,0.0868609125893348
194273.411807,2596366.126422,0.104422829877042,0.0205542301339695,0.000917599559552211,0.66801247935401,0.131767296751698,0.0743255643237291
194773.411807,2596366.126422,0.119383825417202,0.0223730056849441,0,0.639097744360902,0.163579680909591,0.0555657436273611
195273.411807,2596366.126422,0.123144584936778,0.0368334249587686,0.000366501740883269,0.46417445482866,0.235294117647059,0.14018691588785
195773.411807,2596366.126422,0.26151587447238,0.0251422279317306,0,0.374747660121123,0.168104239309965,0.170489998164801
196273.411807,2596366.126422,0.728406381808179,0.004401247019989,0.00146708233999633,0.0192554557124519,0.0480469466348799,0.198422886484504
196773.411807,2596366.126422,0.0144768187648891,0.0291368884002199,0.84973428623786,0.0201575957485798,0.0133773135422393,0.0731170973062122
197273.411807,2596366.126422,0.453661222242613,0.0251422279317306,0.0723068452927143,0.0919434758671316,0.161497522481189,0.195448706184621
197773.411807,2596366.126422,0.838254172015404,0.0022006235099945,0,0.00733541169998166,0.0238400880249404,0.128369704749679
198273.411807,2596366.126422,0.892065237309877,0,0,0.000366501740883269,0.00568077698369067,0.101887483965549
198773.411807,2596366.126422,0.646104637879826,0,0,0.0123372172721042,0.0548320767649075,0.286726068083162
186273.411807,2595866.126422,0.110640301318267,0.235169491525424,0,0.0141242937853107,0.126177024482109,0.513888888888889
186773.411807,2595866.126422,0.305504587155963,0.0135779816513761,0,0.0036697247706422,0.0434862385321101,0.633761467889908
187273.411807,2595866.126422,0.90295358649789,0,0,0,0.00091726288754357,0.0961291506145661
187773.411807,2595866.126422,0.03003663003663,0.0245421245421245,0,0.0783882783882784,0.126923076923077,0.74010989010989
188273.411807,2595866.126422,0.0699082568807339,0.0143119266055046,0,0.139633027522936,0.12954128440367,0.646605504587156
188773.411807,2595866.126422,0.0187121629058888,0.514767932489452,0,0.00091726288754357,0.0172445422858191,0.448358099431297
189273.411807,2595866.126422,0.010989010989011,0.619413919413919,0,0,0.00842490842490842,0.361172161172161
189773.411807,2595866.126422,0.031743119266055,0.505137614678899,0,0.0878899082568807,0.0913761467889908,0.283853211009174
190273.411807,2595866.126422,0.0528343423225096,0.0524674371674922,0.000366905155017428,0.388919464318474,0.150981471289672,0.354430379746835
190773.411807,2595866.126422,0.0659340659340659,0.0626373626373626,0,0.489010989010989,0.139377289377289,0.243040293040293
191273.411807,2595866.126422,0.165871559633028,0.102935779816514,0.00073394495412844,0.28,0.18348623853211,0.26697247706422
191773.411807,2595866.126422,0.0886075949367089,0.0513667217024399,0.000366905155017428,0.503760777838929,0.164373509447808,0.191524490919097
192273.411807,2595866.126422,0.0432234432234432,0.013003663003663,0.000183150183150183,0.823809523809524,0.100915750915751,0.0188644688644689
192773.411807,2595866.126422,0.213761467889908,0.0308256880733945,0,0.355596330275229,0.214678899082569,0.185137614678899
193273.411807,2595866.126422,0.195560447624289,0.0161438268207668,0.00275178866263071,0.42799486332783,0.201614382682077,0.155934690882407
193773.411807,2595866.126422,0.0935897435897436,0.0108058608058608,0.000183150183150183,0.613919413919414,0.188278388278388,0.0932234432234432
194273.411807,2595866.126422,0.105504587155963,0.0247706422018349,0.00036697247706422,0.614862385321101,0.167155963302752,0.0873394495412844
194773.411807,2595866.126422,0.110254999082737,0.0133920381581361,0,0.621170427444506,0.163456246560264,0.091726288754357
195273.411807,2595866.126422,0.121978021978022,0.0155677655677656,0,0.498717948717949,0.241025641025641,0.122710622710623
195773.411807,2595866.126422,0.351192660550459,0.0115596330275229,0,0.281834862385321,0.14348623853211,0.211926605504587
196273.411807,2595866.126422,0.458447991194276,0.00146762062006971,0,0.00403595670519171,0.0359567051917079,0.500091726288754
196773.411807,2595866.126422,0.332783882783883,0.0327838827838828,0.0835164835164835,0.0542124542124542,0.10018315018315,0.396520146520146
197273.411807,2595866.126422,0.415412844036697,0.00917431192660551,0,0.137614678899083,0.17045871559633,0.267339449541284
197773.411807,2595866.126422,0.629242340854889,0.000183452577508714,0.000366905155017428,0.0172445422858191,0.0289855072463768,0.323977251880389
198273.411807,2595866.126422,0.841575091575092,0.000549450549450549,0,0.000366300366300366,0.00457875457875458,0.152930402930403
198773.411807,2595866.126422,0.679378853619548,0.000913450559488468,0,0.0205526375884905,0.0911166933089747,0.208038364923499
186273.411807,2595366.126422,0.0327289851659995,0.239463150459148,0,0.00235460324935248,0.0850011773016247,0.640452083823876
186773.411807,2595366.126422,0.0402930402930403,0.00769230769230769,0,0,0.0250915750915751,0.926923076923077
187273.411807,2595366.126422,0.776556776556777,0,0,0.00128205128205128,0.00860805860805861,0.213553113553114
187773.411807,2595366.126422,0.0242024202420242,0.00696736340300697,0,0.057022368903557,0.131829849651632,0.77997799779978
188273.411807,2595366.126422,0.0161172161172161,0.00201465201465201,0,0.175641025641026,0.0794871794871795,0.726739926739927
188773.411807,2595366.126422,0.106959706959707,0.333699633699634,0,0.125824175824176,0.0998168498168498,0.333699633699634
189273.411807,2595366.126422,0.0223689035570224,0.378621195452879,0,0.0106343967730106,0.0496883021635497,0.538687202053539
189773.411807,2595366.126422,0.036996336996337,0.251098901098901,0.00256410256410256,0.00512820512820513,0.0402930402930403,0.663919413919414
190273.411807,2595366.126422,0.0677655677655678,0.163369963369963,0.00128205128205128,0.165750915750916,0.155128205128205,0.446703296703297
190773.411807,2595366.126422,0.0606894022735607,0.0777411074440777,0,0.313531353135314,0.189218921892189,0.358819215254859
191273.411807,2595366.126422,0.0672161172161172,0.220512820512821,0,0.13021978021978,0.142857142857143,0.439194139194139
191773.411807,2595366.126422,0.0754578754578755,0.118131868131868,0,0.288278388278388,0.128571428571429,0.38956043956044
192273.411807,2595366.126422,0.223138980564723,0.0551888522185552,0,0.264026402640264,0.133663366336634,0.323982398239824
192773.411807,2595366.126422,0.262087912087912,0.0113553113553114,0,0.338827838827839,0.17967032967033,0.208058608058608
193273.411807,2595366.126422,0.121611721611722,0.0364468864468864,0,0.537362637362637,0.18040293040293,0.124175824175824
193773.411807,2595366.126422,0.0335533553355336,0.0825082508250825,0,0.5001833516685,0.144297763109644,0.239457279061239
194273.411807,2595366.126422,0.160622710622711,0.0302197802197802,0,0.29047619047619,0.25952380952381,0.259157509157509
194773.411807,2595366.126422,0.122161172161172,0.0483516483516484,0.00476190476190476,0.256410256410256,0.124908424908425,0.443406593406593
195273.411807,2595366.126422,0.219471947194719,0.0445544554455446,0.00146681334800147,0.0476714338100477,0.0938760542720939,0.592959295929593
195773.411807,2595366.126422,0.224725274725275,0.0353479853479853,0.0712454212454212,0.221978021978022,0.154578754578755,0.292124542124542
196273.411807,2595366.126422,0.256043956043956,0.0371794871794872,0.0384615384615385,0.139010989010989,0.0793040293040293,0.45
196773.411807,2595366.126422,0.317931793179318,0.0165016501650165,0.0066006600660066,0.0577557755775578,0.0689402273560689,0.532269893656032
197273.411807,2595366.126422,0.228388278388278,0.0412087912087912,0.000915750915750916,0.0646520146520147,0.126190476190476,0.538644688644689
197773.411807,2595366.126422,0.35,0.0227106227106227,0,0.0318681318681319,0.126190476190476,0.469230769230769
198273.411807,2595366.126422,0.428309497616428,0.0271360469380271,0,0.00971763843050972,0.0944261092775944,0.44041070773744
198773.411807,2595366.126422,0.678530686744239,0,0,0,0.00410677618069815,0.317362537075063
186273.411807,2594866.126422,0.00847856806406029,0.501884126236458,0,0.00353273669335846,0.00942063118228921,0.476683937823834
186773.411807,2594866.126422,0.077995962561938,0.0313819049366856,0,0.00532207744540283,0.0322995044962378,0.853000550559736
187273.411807,2594866.126422,0.66018705299835,0.0506143407298735,0,0,0.000733541169998166,0.288465065101779
187773.411807,2594866.126422,0.0423309510720176,0.000916254352208173,0,0.130474619754444,0.101887483965549,0.724390690855782
188273.411807,2594866.126422,0,0,0,0.197100385391815,0.0754266837951918,0.727472930812993
188773.411807,2594866.126422,0.152576563359619,0.015587749862461,0,0.38419218778654,0.254538785989364,0.193104713002017
189273.411807,2594866.126422,0.186915887850467,0.112699285321605,0.000549752611324904,0.172805570826461,0.191863661352391,0.33516584203775
189773.411807,2594866.126422,0.102220590934116,0.146265369792623,0,0.129014498073041,0.179298953936502,0.443200587263718
190273.411807,2594866.126422,0.0700531817348249,0.209059233449477,0.00421786172748946,0.13607188703466,0.175132954337062,0.405464881716486
190773.411807,2594866.126422,0.109034267912773,0.0632215503023639,0,0.239508887667216,0.167674546454096,0.420560747663551
191273.411807,2594866.126422,0.0807487612405946,0.188291429620114,0,0.0822169205358781,0.10387227014131,0.544870618462103
191773.411807,2594866.126422,0.072803961122318,0.120850907757198,0,0.156611039794608,0.125985695947185,0.523748395378691
192273.411807,2594866.126422,0.120945574491479,0.0478284771852666,0,0.273043796958036,0.150082462891699,0.40809968847352
192773.411807,2594866.126422,0.0950633143696091,0.022389429253074,0.000917599559552211,0.56854468709855,0.216920535878143,0.0961644338410718
193273.411807,2594866.126422,0.0348432055749129,0.0520814230698698,0,0.445626260773886,0.145607922244636,0.321841188336695
193773.411807,2594866.126422,0.246105919003115,0.021073850100788,0,0.0403151914971596,0.0734835990470955,0.619021440351842
194273.411807,2594866.126422,0.235272527069187,0.051018535511103,0.0119287942741787,0.187740869884382,0.168104239309965,0.345935033951184
194773.411807,2594866.126422,0.0540986612873648,0.00513478818998716,0.000733541169998166,0.714469099578214,0.0909591050797726,0.134604804694663
195273.411807,2594866.126422,0.0786146234194612,0.00714678394722375,0,0.680593732820231,0.137621403701668,0.0960234561114165
195773.411807,2594866.126422,0.159662323362085,0.0247751881079097,0,0.185722150853368,0.0734079647641769,0.556432372912461
196273.411807,2594866.126422,0.157711351549606,0.0298918026774253,0,0.262424353566844,0.104713002017238,0.445259490188887
196773.411807,2594866.126422,0.15136521898479,0.0698185816382628,0,0.0925416895730255,0.0841121495327103,0.602162360271211
197273.411807,2594866.126422,0.208845659754083,0.0524866948063865,0.00697375665259681,0.0592769315470729,0.109194347586713,0.563222609653147
197773.411807,2594866.126422,0.348982211626628,0.0348432055749129,0.00586832935998533,0.125802310654686,0.0962772785622593,0.388226664221529
198273.411807,2594866.126422,0.32288803371816,0.011544804837823,0,0.00568077698369067,0.0445299615173172,0.615356422943009
198773.411807,2594866.126422,0.598126570710532,0,0,0.00434087274388851,0.0194196938542381,0.378112862691341
186273.411807,2594366.126422,0.0108286252354049,0.0652071563088512,0,0.000470809792843691,0.0110640301318267,0.912429378531073
186773.411807,2594366.126422,0.226238532110092,0.0996330275229358,0,0.00311926605504587,0.021651376146789,0.649357798165138
187273.411807,2594366.126422,0.36085121995964,0.00550357732526142,0,0.00238488350761328,0.0122913226930838,0.618968996514401
187773.411807,2594366.126422,0.0173992673992674,0.00476190476190476,0,0.31043956043956,0.121978021978022,0.545421245421245
188273.411807,2594366.126422,0.0209174311926606,0.00293577981651376,0,0.127889908256881,0.111009174311927,0.737247706422018
188773.411807,2594366.126422,0.0919097413318657,0.133186571271326,0,0.183636030086223,0.133553476426344,0.457714180884241
189273.411807,2594366.126422,0.0675824175824176,0.182600732600733,0,0.143223443223443,0.102380952380952,0.504212454212454
189773.411807,2594366.126422,0.064954128440367,0.169908256880734,0,0.134495412844037,0.159266055045872,0.471376146788991
190273.411807,2594366.126422,0.111906072280316,0.141075032104201,0,0.23683727756375,0.135938359933957,0.374243258117777
190773.411807,2594366.126422,0.0597069597069597,0.12967032967033,0,0.00769230769230769,0.0276556776556777,0.775274725274725
191273.411807,2594366.126422,0.0344954128440367,0.256330275229358,0,0.0675229357798165,0.0636697247706422,0.577981651376147
191773.411807,2594366.126422,0.13557145477894,0.0834709227664649,0.000183452577508714,0.319757842597689,0.132452760961291,0.328563566318107
192273.411807,2594366.126422,0.0274725274725275,0.0893772893772894,0,0.161172161172161,0.160805860805861,0.561172161172161
192773.411807,2594366.126422,0.0588990825688073,0.11302752293578,0,0.084954128440367,0.194862385321101,0.548256880733945
193273.411807,2594366.126422,0.00733810310034856,0.062190423775454,0,0.0753990093560815,0.184736745551275,0.670335718216841
193773.411807,2594366.126422,0.186263736263736,0.0613553113553114,0.000366300366300366,0.00549450549450549,0.0652014652014652,0.681318681318681
194273.411807,2594366.126422,0.202935779816514,0.00605504587155963,0,0.382018348623853,0.101100917431193,0.307889908256881
194773.411807,2594366.126422,0.0453127866446524,0.00733810310034856,0,0.790130251330031,0.12548156301596,0.0317372959090075
195273.411807,2594366.126422,0.095970695970696,0.0311355311355311,0,0.48003663003663,0.202930402930403,0.18992673992674
195773.411807,2594366.126422,0.166788990825688,0.0242201834862385,0,0.372477064220184,0.196146788990826,0.240366972477064
196273.411807,2594366.126422,0.212071179600073,0.0506329113924051,0,0.191891396074115,0.0999816547422491,0.445422858191158
196773.411807,2594366.126422,0.150549450549451,0.0206959706959707,0,0.341941391941392,0.196336996336996,0.29047619047619
197273.411807,2594366.126422,0.212660550458716,0.0355963302752294,0,0.145504587155963,0.162935779816514,0.443302752293578
197773.411807,2594366.126422,0.201797835259585,0.0148596587782058,0.00642084021280499,0.150247660979637,0.152082186754724,0.474591818015043
198273.411807,2594366.126422,0.303113553113553,0.00769230769230769,0.019047619047619,0.0591575091575092,0.112087912087912,0.498901098901099
198773.411807,2594366.126422,0.478191367892213,0.0246631651061886,0.039050011418132,0.0536652203699475,0.0573190226079013,0.347111212605618
186273.411807,2593866.126422,0.0560395573345891,0.0626324464327761,0,0,0.0204850482693666,0.860842947963268
186773.411807,2593866.126422,0.0120879120879121,0.144688644688645,0,0.00457875457875458,0.0294871794871795,0.809157509157509
187273.411807,2593866.126422,0.0128205128205128,0.192490842490843,0,0,0.0144688644688645,0.78021978021978
187773.411807,2593866.126422,0.00788412174550788,0.030986431976531,0,0.0238357169050238,0.0546387972130546,0.882654932159883
188273.411807,2593866.126422,0.154578754578755,0.00384615384615385,0,0.0276556776556777,0.0769230769230769,0.736996336996337
188773.411807,2593866.126422,0.0796703296703297,0.345238095238095,0,0.0141025641025641,0.0368131868131868,0.524175824175824
189273.411807,2593866.126422,0.026952695269527,0.16978364503117,0.00256692335900257,0.0176017601760176,0.0339200586725339,0.749174917491749
189773.411807,2593866.126422,0.0375457875457875,0.14010989010989,0,0.143589743589744,0.162271062271062,0.516483516483517
190273.411807,2593866.126422,0.123809523809524,0.174358974358974,0,0.0853479853479854,0.126739926739927,0.48974358974359
190773.411807,2593866.126422,0.037037037037037,0.112394572790612,0,0.102310231023102,0.1004767143381,0.647781444811148
191273.411807,2593866.126422,0.060989010989011,0.0705128205128205,0,0.348717948717949,0.139010989010989,0.380769230769231
191773.411807,2593866.126422,0.073992673992674,0.0311355311355311,0,0.590842490842491,0.17014652014652,0.133882783882784
192273.411807,2593866.126422,0.0713237990465713,0.0188852218555189,0,0.612394572790612,0.121378804547121,0.176017601760176
192773.411807,2593866.126422,0.00677655677655678,0.132051282051282,0,0.0412087912087912,0.185164835164835,0.634798534798535
193273.411807,2593866.126422,0.00512820512820513,0.0415750915750916,0,0.0393772893772894,0.234615384615385,0.679304029304029
193773.411807,2593866.126422,0.294829482948295,0.0315364869820315,0,0.00201686835350202,0.0557389072240557,0.615878254492116
194273.411807,2593866.126422,0.233699633699634,0.0536630036630037,0,0.27051282051282,0.0833333333333333,0.358791208791209
194773.411807,2593866.126422,0.0703296703296703,0.0133699633699634,0,0.413736263736264,0.133150183150183,0.369413919413919
195273.411807,2593866.126422,0.146497983131646,0.136230289695636,0,0.0102676934360103,0.0364869820315365,0.670517051705171
195773.411807,2593866.126422,0.213919413919414,0.0212454212454212,0,0.107692307692308,0.165384615384615,0.491758241758242
196273.411807,2593866.126422,0.173443223443223,0.01996336996337,0.021978021978022,0.0412087912087912,0.11007326007326,0.633333333333333
196773.411807,2593866.126422,0.193252658599193,0.0841584158415842,0,0.0968096809680968,0.144847818115145,0.480931426475981
197273.411807,2593866.126422,0.2,0.0549450549450549,0,0.0793040293040293,0.191391941391941,0.474358974358974
197773.411807,2593866.126422,0.284065934065934,0.0344322344322344,0,0.0681318681318681,0.111538461538462,0.501831501831502
198273.411807,2593866.126422,0.240740740740741,0.00733406674000733,0,0.178767876787679,0.149248258159149,0.423909057572424
198773.411807,2593866.126422,0.202144649783253,0.0595482546201232,0,0.0990189368012777,0.156513803331052,0.482774355464294
186273.411807,2593366.126422,0.0525200188412624,0.307348092322186,0,0.0880829015544041,0.227743758831842,0.324305228450306
186773.411807,2593366.126422,0.0300972655533125,0.339511837034318,0.000183519911910442,0.0293631859056708,0.0669847678473114,0.533859423747477
