"x","y","forest","agri","water","built","other","grass"
177773.411807,2641366.126422,0.00518638573743922,0.0739059967585089,0.361750405186386,0.211993517017828,0.0645056726094003,0.282658022690438
178273.411807,2641366.126422,0.0103761348897536,0.123540856031128,0.211089494163424,0.141699092088197,0.134241245136187,0.37905317769131
178773.411807,2641366.126422,0,0.0895570643388296,0.250889104429357,0.333333333333333,0.128031037827352,0.198189460071128
179273.411807,2641366.126422,0.00421393841166937,0.283306320907617,0.174068071312804,0.300486223662885,0.080064829821718,0.157860615883306
179773.411807,2641366.126422,0.0012970168612192,0.367055771725032,0.0308041504539559,0.140726329442283,0.133916990920882,0.326199740596628
180273.411807,2641366.126422,0.0197219527966376,0.245392822502425,0.0129324280633689,0.109925638538636,0.0769479469770449,0.535079211121888
180773.411807,2641366.126422,0.00907617504051864,0.552674230145867,0.00453808752025932,0.00356564019448947,0.0291734197730956,0.40097244732577
181273.411807,2641366.126422,0.0415045395590143,0.34662775616083,0.0431258106355383,0.0103761348897536,0.064526588845655,0.493839169909209
181773.411807,2641366.126422,0.005819592628516,0.546395085677336,0,0.0135790494665373,0.0391205948916909,0.39508567733592
182273.411807,2641366.126422,0.00129659643435981,0.577309562398703,0,0.00972447325769854,0.0589951377633712,0.352674230145867
182773.411807,2641366.126422,0.00648508430609598,0.407263294422827,0,0.0791180285343709,0.110894941634241,0.396238651102464
183273.411807,2641366.126422,0.0210151956029745,0.4303265438086,0,0.0417070805043647,0.188490139023602,0.318461041060459
183773.411807,2641366.126422,0.0431118314424635,0.157536466774716,0,0.0106969205834684,0.155915721231767,0.632739059967585
184273.411807,2641366.126422,0.0197795071335927,0.224708171206226,0,0.0136186770428016,0.125162127107652,0.616731517509728
184773.411807,2641366.126422,0.0475266731328807,0.562237310054963,0,0.0100226317491109,0.0982864532816036,0.281926931781442
185273.411807,2641366.126422,0.0175040518638574,0.701458670988655,0,0.000324149108589951,0.013614262560778,0.26709886547812
185773.411807,2641366.126422,0,0.746108949416342,0,0,0.0012970168612192,0.252594033722438
186273.411807,2641366.126422,0,0.671082949308756,0,0.00230414746543779,0.00864055299539171,0.317972350230415
176773.411807,2640866.126422,0.000550357732526142,0.0489818381948266,0.776371308016878,0.100715465052284,0.0482480278847918,0.0251330031186938
177273.411807,2640866.126422,0.021978021978022,0.104395604395604,0.22014652014652,0.0734432234432234,0.0919413919413919,0.488095238095238
177773.411807,2640866.126422,0.12954128440367,0.0858715596330275,0.0315596330275229,0.0827522935779817,0.102018348623853,0.568256880733945
178273.411807,2640866.126422,0.00568702990277013,0.105301779490002,0.288754356998716,0.283617684828472,0.100898917629793,0.215740231150248
178773.411807,2640866.126422,0.00402930402930403,0.233333333333333,0.10018315018315,0.113186813186813,0.103296703296703,0.445970695970696
179273.411807,2640866.126422,0.00678899082568807,0.643119266055046,0.0288073394495413,0.0194495412844037,0.0355963302752294,0.266238532110092
179773.411807,2640866.126422,0.0253164556962025,0.476793248945148,0,0.0253164556962025,0.0640249495505412,0.408548890111906
180273.411807,2640866.126422,0.0184981684981685,0.417216117216117,0,0.0741758241758242,0.134798534798535,0.355311355311355
180773.411807,2640866.126422,0.0126605504587156,0.614495412844037,0,0.00055045871559633,0.0300917431192661,0.342201834862385
181273.411807,2640866.126422,0.0155934690882407,0.360117409649606,0.0111906072280316,0.001284168042561,0.0203632361034673,0.591451109888094
181773.411807,2640866.126422,0.0155677655677656,0.35970695970696,0.0108058608058608,0.0249084249084249,0.0446886446886447,0.544322344322344
182273.411807,2640866.126422,0.0293577981651376,0.311926605504587,0.00275229357798165,0.160550458715596,0.135779816513761,0.359633027522936
182773.411807,2640866.126422,0.023115024766098,0.438818565400844,0.000366905155017428,0.0643918547055586,0.0882406897816914,0.385066960190791
183273.411807,2640866.126422,0.00238095238095238,0.448717948717949,0,0.00183150183150183,0.0316849816849817,0.515384615384615
183773.411807,2640866.126422,0.0108256880733945,0.449724770642202,0,0.00036697247706422,0.0154128440366972,0.523669724770642
184273.411807,2640866.126422,0.0744817464685379,0.408181984956889,0,0.00862227114290956,0.0831040176114474,0.425609979820216
184773.411807,2640866.126422,0.0168498168498168,0.627106227106227,0.0210622710622711,0.0043956043956044,0.0331501831501832,0.297435897435897
185273.411807,2640866.126422,0.00220183486238532,0.689908256880734,0.0155963302752294,0.0227522935779817,0.0260550458715596,0.24348623853211
185773.411807,2640866.126422,0.00697119794533113,0.628875435699872,0.00550357732526142,0.0262337185837461,0.0570537516052101,0.27536231884058
186273.411807,2640866.126422,0.0299576685118854,0.540540540540541,0.00358189514816021,0.00651253663301856,0.0661022468251384,0.353305112341257
174773.411807,2640366.126422,0,0.00183150183150183,0.995970695970696,0.00146520146520147,0,0.000732600732600733
175273.411807,2640366.126422,0,0.039010989010989,0.875091575091575,0.0595238095238095,0.0157509157509158,0.0106227106227106
175773.411807,2640366.126422,0,0.0221855518885222,0.882838283828383,0.0698569856985699,0.0137513751375138,0.0113678034470114
176273.411807,2640366.126422,0.000915750915750916,0.0778388278388278,0.608058608058608,0.212087912087912,0.0745421245421245,0.0265567765567766
176773.411807,2640366.126422,0.00201465201465201,0.104029304029304,0.385714285714286,0.204578754578755,0.105677655677656,0.197985347985348
177273.411807,2640366.126422,0.0172350568390172,0.108544187752109,0.212871287128713,0.224422442244224,0.155848918225156,0.281078107810781
177773.411807,2640366.126422,0.0600732600732601,0.0490842490842491,0.0128205128205128,0.303846153846154,0.267399267399267,0.306776556776557
178273.411807,2640366.126422,0.0212454212454212,0.0547619047619048,0.039010989010989,0.166849816849817,0.133333333333333,0.584798534798535
178773.411807,2640366.126422,0.0111844517785112,0.128896222955629,0.148698203153649,0.234506784011734,0.15034836817015,0.326365969930326
179273.411807,2640366.126422,0.0216117216117216,0.498168498168498,0.0355311355311355,0.0787545787545788,0.0565934065934066,0.309340659340659
179773.411807,2640366.126422,0.0393772893772894,0.281501831501832,0.0144688644688645,0.114285714285714,0.236446886446886,0.313919413919414
180273.411807,2640366.126422,0.0630729739640631,0.270993766043271,0,0.0848918225155849,0.135130179684635,0.445911257792446
180773.411807,2640366.126422,0.00347985347985348,0.435347985347985,0,0.0197802197802198,0.0628205128205128,0.478571428571429
181273.411807,2640366.126422,0.00201465201465201,0.73974358974359,0,0.00384615384615385,0.00824175824175824,0.246153846153846
181773.411807,2640366.126422,0.0117345067840117,0.183351668500183,0.028969563623029,0.17015034836817,0.178951228456179,0.426842684268427
182273.411807,2640366.126422,0.010989010989011,0.287179487179487,0,0.0338827838827839,0.11978021978022,0.548168498168498
182773.411807,2640366.126422,0.0120879120879121,0.43003663003663,0.0032967032967033,0.0316849816849817,0.102930402930403,0.41996336996337
183273.411807,2640366.126422,0.00953428676200953,0.543087642097543,0.00201686835350202,0.0746241290795746,0.0845251191785845,0.286211954528786
183773.411807,2640366.126422,0.026007326007326,0.462820512820513,0,0.030952380952381,0.080952380952381,0.399267399267399
184273.411807,2640366.126422,0.0210622710622711,0.656959706959707,0,0.0203296703296703,0.115018315018315,0.186630036630037
184773.411807,2640366.126422,0.0102676934360103,0.533553355335534,0.011001100110011,0.109094242757609,0.0766409974330766,0.259442610927759
185273.411807,2640366.126422,0.00659340659340659,0.408424908424908,0,0.344688644688645,0.0380952380952381,0.202197802197802
185773.411807,2640366.126422,0.00256410256410256,0.673626373626374,0.00695970695970696,0.00805860805860806,0.0256410256410256,0.283150183150183
186273.411807,2640366.126422,0.0169381107491857,0.678827361563518,0,0,0.00195439739413681,0.30228013029316
174773.411807,2639866.126422,0,0.0592769315470729,0.805652413286842,0.0770783630023858,0.0172508717195816,0.0407414204441182
175273.411807,2639866.126422,0,0.149275628094627,0.614707500458463,0.145791307537136,0.0260407115349349,0.0641848523748395
175773.411807,2639866.126422,0,0.093274693054792,0.575407733186733,0.16254352208173,0.0670698185816383,0.101704233095107
176273.411807,2639866.126422,0.000183519911910442,0.0772618829142962,0.393099651312167,0.198935584510919,0.109377867498624,0.221141493852083
176773.411807,2639866.126422,0.000183385292499542,0.132587566477169,0.375389693746562,0.257839721254355,0.106180084357235,0.12781954887218
177273.411807,2639866.126422,0.00916254352208173,0.178852849551035,0.177020340846619,0.179585853032802,0.113615539673813,0.341762873373649
177773.411807,2639866.126422,0.0686364470545054,0.026977427050835,0.015782712424298,0.249403560286291,0.230133969535695,0.409065883648376
178273.411807,2639866.126422,0.0465798642948836,0.0691362552723272,0.00201723821749496,0.207225380524482,0.123601687144691,0.551439574546121
178773.411807,2639866.126422,0.00916254352208173,0.129558365402236,0.278358072200843,0.266080263881253,0.12442734102987,0.192413413963716
179273.411807,2639866.126422,0.0172508717195816,0.357496788401542,0.0251422279317306,0.0422095797394017,0.144430170673518,0.413470361534226
179773.411807,2639866.126422,0.00898587933247754,0.485420869246286,0.00916926462497708,0.0260407115349349,0.110031175499725,0.360352099761599
180273.411807,2639866.126422,0.00861279091075683,0.65585486531061,0,0.00586402785413231,0.049660985889683,0.280007330034818
180773.411807,2639866.126422,0.022389429253074,0.504496237841806,0,0.012846393833731,0.0978161130482657,0.362451826023124
181273.411807,2639866.126422,0.0280579497524299,0.317073170731707,0,0.0698697964423253,0.112598569594719,0.472400513478819
181773.411807,2639866.126422,0.0269378779549203,0.281290086127909,0.00934579439252336,0.212571009712296,0.166025288620121,0.30382994319223
182273.411807,2639866.126422,0.00679023674068636,0.216186456230501,0.0284455863461186,0.0827674802716095,0.172508717195816,0.493301523215269
182773.411807,2639866.126422,0.0161379057399597,0.153860260407115,0.0858243168897854,0.0918760315422703,0.0830735375022923,0.569227947918577
183273.411807,2639866.126422,0.0320689023272861,0.320505772402419,0,0.0221733553234378,0.0329851566794942,0.592266813267363
183773.411807,2639866.126422,0.0200036703982382,0.547439897228849,0.0297302257294917,0.022389429253074,0.0735914846760874,0.306845292714259
184273.411807,2639866.126422,0.004401247019989,0.750229231615624,0.0269576379974326,0.0100861910874748,0.0143040528149642,0.194021639464515
184773.411807,2639866.126422,0.00861279091075683,0.587135788894997,0.00348176653839106,0.117463807953088,0.0331684075499359,0.250137438152831
185273.411807,2639866.126422,0.00935951550743256,0.597907873004221,0.0234905487245366,0.0532207744540283,0.0645990089924757,0.251422279317306
185773.411807,2639866.126422,0.00458463231248854,0.584448927196039,0,0.0379607555474051,0.0667522464698331,0.306253438474234
186273.411807,2639866.126422,0.00782013685239492,0.27663734115347,0,0.00488758553274682,0.0162919517758227,0.694362984685565
174273.411807,2639366.126422,0,0.0315018315018315,0.345238095238095,0.533333333333333,0.0796703296703297,0.0102564102564103
174773.411807,2639366.126422,0,0.0680733944954128,0.548807339449541,0.244403669724771,0.0946788990825688,0.0440366972477064
175273.411807,2639366.126422,0,0.120161438268208,0.585030269675289,0.118326912493121,0.067327095945698,0.109154283617685
175773.411807,2639366.126422,0,0.263919413919414,0.391025641025641,0.122161172161172,0.0357142857142857,0.187179487179487
176273.411807,2639366.126422,0.00055045871559633,0.192110091743119,0.492844036697248,0.147155963302752,0.0458715596330275,0.121467889908257
176773.411807,2639366.126422,0.000183452577508714,0.170060539350578,0.293524124013942,0.267106952852688,0.0825536598789213,0.186571271326362
177273.411807,2639366.126422,0.0183150183150183,0.104578754578755,0.268131868131868,0.254395604395604,0.0913919413919414,0.263186813186813
177773.411807,2639366.126422,0.228440366972477,0.0409174311926606,0,0.0669724770642202,0.164770642201835,0.498899082568807
178273.411807,2639366.126422,0.100898917629793,0.0643918547055586,0.0117409649605577,0.151898734177215,0.190056870299028,0.481012658227848
178773.411807,2639366.126422,0.0360805860805861,0.204761904761905,0.0487179487179487,0.147802197802198,0.174358974358974,0.388278388278388
179273.411807,2639366.126422,0.0293577981651376,0.318532110091743,0.0458715596330275,0.0680733944954128,0.128073394495413,0.410091743119266
179773.411807,2639366.126422,0.0266006237387635,0.312052834342323,0,0.0726472206934507,0.192808658961658,0.395890662263805
180273.411807,2639366.126422,0.00824175824175824,0.67985347985348,0,0.00311355311355311,0.0184981684981685,0.29029304029304
180773.411807,2639366.126422,0.0900917431192661,0.0500917431192661,0.00073394495412844,0.273211009174312,0.287522935779817,0.298348623853211
181273.411807,2639366.126422,0.0227481196110805,0.416437350944781,0,0.0843881856540084,0.144560631076867,0.331865712713264
181773.411807,2639366.126422,0.0221611721611722,0.320695970695971,0.00238095238095238,0.158241758241758,0.190659340659341,0.305860805860806
182273.411807,2639366.126422,0.0385321100917431,0.36605504587156,0,0.021651376146789,0.111926605504587,0.461834862385321
182773.411807,2639366.126422,0.0438451660245826,0.205099981654742,0,0.0229315721885892,0.0838378279214823,0.644285452210604
183273.411807,2639366.126422,0.00714285714285714,0.218864468864469,0,0.000915750915750916,0.0373626373626374,0.735714285714286
183773.411807,2639366.126422,0.0218348623853211,0.428990825688073,0,0,0.0106422018348624,0.538532110091743
184273.411807,2639366.126422,0.0667767382131719,0.297009722986608,0,0.0280682443588332,0.0365070629242341,0.571638231517153
184773.411807,2639366.126422,0.121794871794872,0.383333333333333,0,0.0688644688644689,0.125641025641026,0.3003663003663
185273.411807,2639366.126422,0.0346788990825688,0.354678899082569,0,0.0574311926605505,0.248256880733945,0.304954128440367
185773.411807,2639366.126422,0.0119244175380664,0.430196294257934,0,0.000550357732526142,0.0289855072463768,0.528343423225096
186273.411807,2639366.126422,0.0081406707912732,0.113969391077825,0,0.0335395636600456,0.102246825138391,0.742103549332465
174273.411807,2638866.126422,0,0.137697103043638,0.137330399706637,0.306930693069307,0.12009534286762,0.297946461312798
174773.411807,2638866.126422,0,0.093040293040293,0.244139194139194,0.344871794871795,0.118681318681319,0.199267399267399
175273.411807,2638866.126422,0,0.0521978021978022,0.537912087912088,0.185164835164835,0.0827838827838828,0.141941391941392
175773.411807,2638866.126422,0,0.128529519618629,0.238173817381738,0.141914191419142,0.167033370003667,0.324349101576824
176273.411807,2638866.126422,0,0.416117216117216,0.0963369963369963,0.0543956043956044,0.0602564102564103,0.372893772893773
176773.411807,2638866.126422,0.00384615384615385,0.368498168498169,0.138644688644689,0.0761904761904762,0.0815018315018315,0.331318681318681
177273.411807,2638866.126422,0.0152181884855152,0.145581224789146,0.160616061606161,0.174000733406674,0.0625229189585625,0.442060872753942
177773.411807,2638866.126422,0.0935897435897436,0.165934065934066,0.00750915750915751,0.0291208791208791,0.082967032967033,0.620879120879121
178273.411807,2638866.126422,0.0417582417582418,0.271062271062271,0.00531135531135531,0.108424908424908,0.0769230769230769,0.496520146520147
178773.411807,2638866.126422,0.0168683535020169,0.472497249724972,0.0353868720205354,0.0487715438210488,0.094976164283095,0.331499816648332
179273.411807,2638866.126422,0.0164835164835165,0.320879120879121,0.0131868131868132,0.080952380952381,0.242124542124542,0.326373626373626
179773.411807,2638866.126422,0.0120879120879121,0.471245421245421,0.00677655677655678,0.0532967032967033,0.129120879120879,0.327472527472527
180273.411807,2638866.126422,0.00696736340300697,0.435826916024936,0.0011001100110011,0.103593692702604,0.111844517785112,0.340667400073341
180773.411807,2638866.126422,0.0587912087912088,0.0664835164835165,0,0.218315018315018,0.307692307692308,0.348717948717949
181273.411807,2638866.126422,0.0591575091575092,0.295787545787546,0,0.056959706959707,0.181135531135531,0.406959706959707
181773.411807,2638866.126422,0.0306197286395306,0.402456912357902,0.00458379171250458,0.0434543454345435,0.104693802713605,0.414191419141914
182273.411807,2638866.126422,0.013003663003663,0.414285714285714,0.0172161172161172,0.0432234432234432,0.129304029304029,0.382967032967033
182773.411807,2638866.126422,0.00164835164835165,0.51043956043956,0.00531135531135531,0.0238095238095238,0.0968864468864469,0.361904761904762
183273.411807,2638866.126422,0.0128346167950128,0.384488448844884,0,0.0429042904290429,0.1004767143381,0.459295929592959
183773.411807,2638866.126422,0.00476190476190476,0.49010989010989,0.00384615384615385,0.0106227106227106,0.0351648351648352,0.455494505494505
184273.411807,2638866.126422,0.0324175824175824,0.034981684981685,0,0.0144688644688645,0.03003663003663,0.888095238095238
184773.411807,2638866.126422,0.388888888888889,0.214704803813715,0,0.0515218188485515,0.123028969563623,0.221855518885222
185273.411807,2638866.126422,0.0351648351648352,0.478754578754579,0,0.0195970695970696,0.0571428571428571,0.409340659340659
185773.411807,2638866.126422,0.00714285714285714,0.441208791208791,0,0.00641025641025641,0.0763736263736264,0.468864468864469
186273.411807,2638866.126422,0.00879478827361563,0.576547231270358,0,0,0.00749185667752443,0.407166123778502
173773.411807,2638366.126422,0,0.0115654688145394,0.962825278810409,0.0256092523750516,0,0
174273.411807,2638366.126422,0,0.0498442367601246,0.835623969213854,0.00623052959501558,0.000549752611324904,0.107751511819681
174773.411807,2638366.126422,0,0.0664342081115801,0.0322995044962378,0.0840521196549826,0.106258028996146,0.710956138741053
175273.411807,2638366.126422,0,0.0229231615624427,0.0240234733174399,0.0605171465248487,0.0669356317623327,0.825600586832936
175773.411807,2638366.126422,0.00164925783397471,0.157045995968481,0.0119113065787062,0.0998717243906908,0.108851017042331,0.620670698185816
176273.411807,2638366.126422,0.00532207744540283,0.445035786382823,0.0102771150669848,0.0434942191227748,0.0673518076711323,0.428518994310883
176773.411807,2638366.126422,0.00586832935998533,0.278378874014304,0.0885750962772786,0.118100128369705,0.123785072437191,0.385292499541537
177273.411807,2638366.126422,0.0524097489463075,0.296316657504123,0.00109950522264981,0.178852849551035,0.15466373465274,0.316657504123145
177773.411807,2638366.126422,0.0168838318957607,0.329051202055423,0.0702881262616994,0.0332171040557901,0.0559735731326849,0.494586162598642
178273.411807,2638366.126422,0.0154043645699615,0.339079405831652,0.119750596002201,0.132587566477169,0.0762882816798093,0.316889785439208
178773.411807,2638366.126422,0.0106285504856148,0.296316657504123,0.100787978742899,0.0333516584203775,0.104086494410848,0.454828660436137
179273.411807,2638366.126422,0.0178014314553129,0.36924206276381,0.0913929161314003,0.115617544503579,0.128096898513489,0.27784914663241
179773.411807,2638366.126422,0.0165046763249587,0.534568127636164,0.00183385292499542,0.0218228498074454,0.0636346964973409,0.361635796809096
180273.411807,2638366.126422,0.00549752611324904,0.523914238592633,0,0.00128275609309144,0.0276708814366868,0.441634597764339
180773.411807,2638366.126422,0.0337676637915214,0.370526702147183,0.00385391815011929,0.0306478252890439,0.0871719581574601,0.474031932464672
181273.411807,2638366.126422,0.00715202640748212,0.476434989913809,0.0148542086924629,0.14395745461214,0.0790390610673024,0.278562259306804
181773.411807,2638366.126422,0.0313358988455195,0.373831775700935,0.0232728605460876,0.085761407366685,0.0855781564962434,0.40021990104453
182273.411807,2638366.126422,0.00642319691686548,0.566158928243714,0,0.0130299137456414,0.0352358230868049,0.379152138006974
182773.411807,2638366.126422,0.0348432055749129,0.460847240051348,0.01998899688245,0.0341096644049147,0.0702365670273244,0.37997432605905
183273.411807,2638366.126422,0.00769653655854865,0.533809785596482,0.0139270661535642,0.0632215503023639,0.107385010078798,0.273960051310244
183773.411807,2638366.126422,0.00256927876674619,0.0902917966599376,0.0853367590383557,0.0886401174527436,0.0574417324279684,0.675720315654249
184273.411807,2638366.126422,0.0053181734824867,0.0293416467999266,0,0.00146708233999633,0.0282413350449294,0.935631762332661
184773.411807,2638366.126422,0.00568077698369067,0.304562946673997,0,0.0219901044529962,0.0635880520432472,0.604178119846069
185273.411807,2638366.126422,0.0264268673151037,0.592585795558818,0.0489998164800881,0.0346852633510736,0.0957973940172509,0.201504863277666
185773.411807,2638366.126422,0,0.781954887218045,0.00293416467999266,0.00898587933247754,0.0397946084724005,0.166330460297084
186273.411807,2638366.126422,0.00749429781687846,0.745193874226132,0.00391006842619746,0.032258064516129,0.0563701531443467,0.154773541870316
173773.411807,2637866.126422,0,0.0121850475010326,0.63610078479967,0.351301115241636,0.000413052457662123,0
174273.411807,2637866.126422,0,0.0554945054945055,0.790659340659341,0.151282051282051,0.000366300366300366,0.0021978021978022
174773.411807,2637866.126422,0,0.0187155963302752,0.875045871559633,0.0124770642201835,0.000917431192660551,0.0928440366972477
175273.411807,2637866.126422,0,0.00311869381764814,0.288020546688681,0.0341221794166208,0.00715465052283985,0.66758392955421
175773.411807,2637866.126422,0.0043956043956044,0.0402930402930403,0,0.0111721611721612,0.0483516483516484,0.895787545787546
176273.411807,2637866.126422,0.00587155963302752,0.361834862385321,0,0.0634862385321101,0.126422018348624,0.442385321100917
176773.411807,2637866.126422,0.00495321959273528,0.413135204549624,0.0278847917813245,0.0350394423041644,0.0887910475142176,0.430196294257934
177273.411807,2637866.126422,0.023992673992674,0.282417582417582,0.0250915750915751,0.0214285714285714,0.0981684981684982,0.548901098901099
177773.411807,2637866.126422,0.0137614678899083,0.320917431192661,0.191192660550459,0.0932110091743119,0.0629357798165138,0.317981651376147
178273.411807,2637866.126422,0.0394423041643735,0.359016694184553,0.114657860942946,0.076316272243625,0.0944780774169877,0.316088791047514
178773.411807,2637866.126422,0.0232600732600733,0.327472527472527,0.0846153846153846,0.0705128205128205,0.105128205128205,0.389010989010989
179273.411807,2637866.126422,0.0284403669724771,0.43302752293578,0.0697247706422018,0.0904587155963303,0.0625688073394495,0.315779816513761
179773.411807,2637866.126422,0.00550357732526142,0.587598605760411,0.0475142175747569,0.0357732526141992,0.0509998165474225,0.272610530177949
180273.411807,2637866.126422,0.0131868131868132,0.552564102564103,0.00457875457875458,0.0179487179487179,0.0591575091575092,0.352564102564103
180773.411807,2637866.126422,0.0405504587155963,0.340550458715596,0,0.131926605504587,0.169724770642202,0.317247706422018
181273.411807,2637866.126422,0.0511832691249312,0.535681526325445,0,0.0445789763346175,0.072463768115942,0.296092460099064
181773.411807,2637866.126422,0.0148351648351648,0.497069597069597,0,0.0276556776556777,0.076007326007326,0.384432234432234
182273.411807,2637866.126422,0.04,0.38605504587156,0,0.0445871559633028,0.175596330275229,0.353761467889908
182773.411807,2637866.126422,0.0271509814712897,0.417538066409833,0.0449458814896349,0.0693450742982939,0.159420289855072,0.281599706475876
183273.411807,2637866.126422,0.0201465201465201,0.618498168498169,0,0.0188644688644689,0.0694139194139194,0.273076923076923
183773.411807,2637866.126422,0.0100917431192661,0.376880733944954,0.035045871559633,0.0368807339449541,0.102018348623853,0.439082568807339
184273.411807,2637866.126422,0.0346725371491469,0.207484865162356,0.00568702990277013,0.0928270042194093,0.200697119794533,0.458631443771785
184773.411807,2637866.126422,0.0122710622710623,0.55,0,0.00201465201465201,0.0364468864468864,0.399267399267399
185273.411807,2637866.126422,0.00715596330275229,0.41743119266055,0,0.0310091743119266,0.0588990825688073,0.485504587155963
185773.411807,2637866.126422,0.00220143093010457,0.635479728490185,0,0.00348559897266557,0.0341221794166208,0.324711062190424
186273.411807,2637866.126422,0.013350700097688,0.721263432106806,0,0.00651253663301856,0.022793878215565,0.236079452946923
173773.411807,2637366.126422,0,0.127681518151815,0.201113861386139,0.64253300330033,0.0274339933993399,0.00123762376237624
174273.411807,2637366.126422,0,0.608177484415108,0.154198753208654,0.236156949028236,0.000183351668500183,0.00128346167950128
174773.411807,2637366.126422,0,0.0463369963369963,0.855860805860806,0.0542124542124542,0.0289377289377289,0.0146520146520147
175273.411807,2637366.126422,0,0.17967032967033,0.6496336996337,0.0531135531135531,0.095970695970696,0.0216117216117216
175773.411807,2637366.126422,0,0.0022002200220022,0.754125412541254,0.106710671067107,0.0119178584525119,0.125045837917125
176273.411807,2637366.126422,0,0.122527472527473,0.21996336996337,0.125274725274725,0.0470695970695971,0.485164835164835
176773.411807,2637366.126422,0.0128205128205128,0.273626373626374,0.0227106227106227,0.0591575091575092,0.136813186813187,0.494871794871795
177273.411807,2637366.126422,0.0190685735240191,0.379354602126879,0,0.00385038503850385,0.0441877521085442,0.553538687202054
177773.411807,2637366.126422,0.00622710622710623,0.420695970695971,0.00915750915750916,0.115567765567766,0.0338827838827839,0.414468864468864
178273.411807,2637366.126422,0.0263736263736264,0.318864468864469,0.0558608058608059,0.0584249084249084,0.0952380952380952,0.445238095238095
178773.411807,2637366.126422,0.0304363769710304,0.255408874220755,0.0531719838650532,0.0902090209020902,0.103777044371104,0.466996699669967
179273.411807,2637366.126422,0.0276556776556777,0.297069597069597,0.000549450549450549,0.0782051282051282,0.109157509157509,0.487362637362637
179773.411807,2637366.126422,0.00274725274725275,0.554212454212454,0.0415750915750916,0.00512820512820513,0.0256410256410256,0.370695970695971
180273.411807,2637366.126422,0.0284195086175284,0.3998899889989,0,0.101393472680601,0.147964796479648,0.322332233223322
180773.411807,2637366.126422,0.136630036630037,0.218498168498168,0.00750915750915751,0.156043956043956,0.183516483516484,0.297802197802198
181273.411807,2637366.126422,0.0111721611721612,0.597802197802198,0,0.0221611721611722,0.0879120879120879,0.280952380952381
181773.411807,2637366.126422,0.0100843417675101,0.633113311331133,0,0.0414374770810414,0.0542720938760543,0.261092775944261
182273.411807,2637366.126422,0.00695970695970696,0.581135531135531,0,0.00256410256410256,0.0293040293040293,0.38003663003663
182773.411807,2637366.126422,0.0104395604395604,0.455128205128205,0.000549450549450549,0.0375457875457875,0.0384615384615385,0.457875457875458
183273.411807,2637366.126422,0.0044004400440044,0.512467913458012,0,0.00495049504950495,0.0471213788045471,0.431059772643931
183773.411807,2637366.126422,0.00787545787545788,0.53003663003663,0.0181318681318681,0.021978021978022,0.0734432234432234,0.348534798534799
184273.411807,2637366.126422,0.00567765567765568,0.604578754578755,0,0.00274725274725275,0.0315018315018315,0.355494505494506
184773.411807,2637366.126422,0.0315364869820315,0.466446644664466,0,0.0165016501650165,0.0814081408140814,0.404107077374404
185273.411807,2637366.126422,0.0184981684981685,0.6003663003663,0,0.00128205128205128,0.0316849816849817,0.348168498168498
185773.411807,2637366.126422,0.0108058608058608,0.706043956043956,0,0.0010989010989011,0.0179487179487179,0.264102564102564
186273.411807,2637366.126422,0.00293159609120521,0.91400651465798,0,0,0.0257328990228013,0.057328990228013
173773.411807,2636866.126422,0,0.0900454357703428,0.135068153655514,0.649318463444858,0.0121850475010326,0.113382899628253
174273.411807,2636866.126422,0,0.123144584936778,0.324903793293018,0.538940809968847,0.0102620487447315,0.00274876305662452
174773.411807,2636866.126422,0,0.0148651128647458,0.711690218388695,0.268673151036887,0.00458799779776106,0.000183519911910442
175273.411807,2636866.126422,0,0.115532734274711,0.802494039977994,0.0599669906473501,0.00238400880249404,0.0196222262974509
175773.411807,2636866.126422,0,0.0339014110317024,0.93054792010262,0.0353674179952355,0.000183250870441635,0
176273.411807,2636866.126422,0,0,0.657551844375115,0.342448155624885,0,0
176773.411807,2636866.126422,0,0.000550155877498625,0.581881533101045,0.407482119933981,0.00311754997249221,0.00696864111498258
177273.411807,2636866.126422,0.00513102437236577,0.0615722924683892,0.525380245556166,0.144035184167125,0.0267546270844787,0.237126626351475
177773.411807,2636866.126422,0.0247751881079097,0.188474949532024,0.177463754817398,0.145714810056891,0.071389245733162,0.392182051752615
178273.411807,2636866.126422,0.026407482119934,0.222446359801944,0.026407482119934,0.0478635613423803,0.068402714102329,0.608472400513479
178773.411807,2636866.126422,0.0152098222466557,0.413963716327653,0.00439802089059923,0.0795308777716694,0.0690855781564962,0.417811984606927
179273.411807,2636866.126422,0.011194714626537,0.319875206459901,0.0130299137456414,0.0583593319875206,0.107175628555698,0.490365204624702
179773.411807,2636866.126422,0.00623509994498441,0.646066385475885,0,0.0119200440124702,0.0610673024023473,0.274711168164313
180273.411807,2636866.126422,0.00842954004031519,0.557265897013011,0.0205240974894631,0.0318856514568444,0.0674363203225215,0.314458493677845
180773.411807,2636866.126422,0.0640484492567444,0.335841438796109,0,0.047715177096715,0.0906588364837585,0.461736098366673
181273.411807,2636866.126422,0.0315422703099211,0.492572895653769,0,0.00586832935998533,0.053181734824867,0.416834769851458
181773.411807,2636866.126422,0,0.51236943375481,0.0733003481766538,0.0179585853032802,0.103353490929082,0.293018141836174
182273.411807,2636866.126422,0.00660671682877592,0.608552027895027,0,0.0141310332171041,0.0436777390346853,0.327032483024408
182773.411807,2636866.126422,0.00825233816247937,0.53988630111865,0,0.00311754997249221,0.0871080139372822,0.361635796809096
183273.411807,2636866.126422,0.0183250870441635,0.314275242807403,0.0194245922668133,0.0168590800806304,0.0621220450797141,0.568993952721275
183773.411807,2636866.126422,0.0486327766562672,0.178931914112681,0,0.156542484859607,0.31950816663608,0.296384657735364
184273.411807,2636866.126422,0.0205391527599487,0.507793874931231,0,0.00550155877498625,0.0474967907573813,0.418668622776453
184773.411807,2636866.126422,0.0648708081363387,0.183250870441635,0,0.184167124793843,0.127909107568261,0.439802089059923
185273.411807,2636866.126422,0.0644154890805652,0.494402642686732,0,0.0170673518076711,0.0238575885483575,0.400256927876675
185773.411807,2636866.126422,0.0110031175499725,0.403447643498991,0.0429121584448927,0.0229231615624427,0.0236567027324409,0.49605721621126
186273.411807,2636866.126422,0.00162919517758227,0.771586836102965,0.00260671228413164,0.0765721733463669,0.00195503421309873,0.145650048875855
173773.411807,2636366.126422,0,0.0208591491119372,0.00598926063610078,0,0.0210656753407683,0.952085914911194
174273.411807,2636366.126422,0.00164835164835165,0.21996336996337,0.0586080586080586,0.108424908424908,0.0756410256410256,0.535714285714286
174773.411807,2636366.126422,0,0.192844036697248,0.0280733944954128,0.354311926605505,0.264770642201835,0.16
175273.411807,2636366.126422,0,0.0777838928636947,0.000550357732526142,0.233718583746102,0.283801137405981,0.404146028251697
175773.411807,2636366.126422,0,0.065018315018315,0.0261904761904762,0.0346153846153846,0.0926739926739927,0.781501831501832
176273.411807,2636366.126422,0,0.0414678899082569,0.229724770642202,0.00293577981651376,0.00587155963302752,0.72
176773.411807,2636366.126422,0.000183452577508714,0.0748486516235553,0.537332599523023,0.268574573472757,0.0155934690882407,0.103467253714915
177273.411807,2636366.126422,0,0.0137362637362637,0.583150183150183,0.401282051282051,0.00128205128205128,0.000549450549450549
177773.411807,2636366.126422,0,0.00110091743119266,0.76256880733945,0.236146788990826,0.00018348623853211,0
178273.411807,2636366.126422,0,0.00146762062006971,0.972665565951202,0.0227481196110805,0.00165107319757843,0.00146762062006971
178773.411807,2636366.126422,0.00695970695970696,0.00201465201465201,0.713186813186813,0.174725274725275,0.00970695970695971,0.0934065934065934
179273.411807,2636366.126422,0.00165137614678899,0.0926605504587156,0.705321100917431,0.106605504587156,0.016697247706422,0.0770642201834862
179773.411807,2636366.126422,0.00165107319757843,0.0599889928453495,0.64758759860576,0.243074665199046,0.00587048248027885,0.0418271876719868
180273.411807,2636366.126422,0.00970695970695971,0.227655677655678,0.377289377289377,0.142673992673993,0.0358974358974359,0.206776556776557
180773.411807,2636366.126422,0.00018348623853211,0.0899082568807339,0.46605504587156,0.172110091743119,0.0475229357798165,0.224220183486239
181273.411807,2636366.126422,0.00220143093010457,0.154467070262337,0.310401761144744,0.326362135388002,0.030820033021464,0.175747569253348
181773.411807,2636366.126422,0.00274725274725275,0.264468864468864,0.231501831501832,0.2496336996337,0.043956043956044,0.207692307692308
182273.411807,2636366.126422,0.0190825688073394,0.162935779816514,0.0576146788990826,0.176146788990826,0.0759633027522936,0.508256880733945
182773.411807,2636366.126422,0.0491652907723353,0.206017244542286,0.0832874701889562,0.086589616584113,0.110071546505228,0.464868831407081
183273.411807,2636366.126422,0.0538461538461538,0.139194139194139,0.146336996336996,0.104395604395604,0.134249084249084,0.421978021978022
183773.411807,2636366.126422,0.026605504587156,0.066605504587156,0.19651376146789,0.228807339449541,0.0891743119266055,0.392293577981651
184273.411807,2636366.126422,0,0.0198128783709411,0.568519537699505,0.328380113740598,0.00678774536782242,0.0764997248211337
184773.411807,2636366.126422,0,0.010989010989011,0.546703296703297,0.442307692307692,0,0
185273.411807,2636366.126422,0,0,0.522385321100917,0.477614678899083,0,0
185773.411807,2636366.126422,0,0.32232617868281,0.0906255732893047,0.36231884057971,0.136305265088975,0.0884241423592002
186273.411807,2636366.126422,0,0.23868446760013,0,0.518397915988277,0.144578313253012,0.0983393031585803
173773.411807,2635866.126422,0.00185643564356436,0.0977722772277228,0.088490099009901,0.00866336633663366,0.0253712871287129,0.777846534653465
174273.411807,2635866.126422,0.0022002200220022,0.301430143014301,0.299046571323799,0.220755408874221,0.0832416574990832,0.0933259992665933
174773.411807,2635866.126422,0,0.315567765567766,0.263369963369963,0.13040293040293,0.080952380952381,0.20970695970696
175273.411807,2635866.126422,0.00238095238095238,0.21959706959707,0.205311355311355,0.128021978021978,0.0747252747252747,0.36996336996337
175773.411807,2635866.126422,0.0022002200220022,0.257242390905757,0.00403373670700403,0.0022002200220022,0.0066006600660066,0.727722772277228
176273.411807,2635866.126422,0.000183150183150183,0.190842490842491,0.0672161172161172,0.00421245421245421,0.0173992673992674,0.72014652014652
176773.411807,2635866.126422,0.0010989010989011,0.0404761904761905,0.00769230769230769,0.00824175824175824,0.0311355311355311,0.911355311355311
177273.411807,2635866.126422,0.00751741840850752,0.0225522552255226,0.155482214888155,0.216538320498717,0.0143014301430143,0.583608360836084
177773.411807,2635866.126422,0,0.105311355311355,0.491941391941392,0.246336996336996,0.0163003663003663,0.14010989010989
178273.411807,2635866.126422,0,0.156043956043956,0.392673992673993,0.416849816849817,0.0333333333333333,0.0010989010989011
178773.411807,2635866.126422,0,0.242390905757242,0.174367436743674,0.517968463513018,0.0326365969930326,0.0326365969930326
179273.411807,2635866.126422,0,0.12985347985348,0.385531135531136,0.471428571428571,0.0131868131868132,0
179773.411807,2635866.126422,0,0.152014652014652,0.232234432234432,0.609157509157509,0.00659340659340659,0
180273.411807,2635866.126422,0,0.00733406674000733,0.83956729006234,0.151998533186652,0.000183351668500183,0.000916758342500917
180773.411807,2635866.126422,0,0.247069597069597,0.493223443223443,0.253663003663004,0.0032967032967033,0.00274725274725275
181273.411807,2635866.126422,0,0.112454212454212,0.721062271062271,0.163919413919414,0.000366300366300366,0.0021978021978022
181773.411807,2635866.126422,0,0.0055005500550055,0.753025302530253,0.241290795746241,0,0.000183351668500183
182273.411807,2635866.126422,0,0,0.47948717948718,0.520512820512821,0,0
182773.411807,2635866.126422,0,0.199450549450549,0.324358974358974,0.412087912087912,0.010989010989011,0.0531135531135531
183273.411807,2635866.126422,0,0.244591125779245,0.151448478181151,0.484415108177484,0.0491382471580491,0.0704070407040704
183773.411807,2635866.126422,0,0.431318681318681,0.211538461538462,0.320879120879121,0.00421245421245421,0.032051282051282
184273.411807,2635866.126422,0,0.525457875457875,0.076007326007326,0.342124542124542,0.0183150183150183,0.0380952380952381
184773.411807,2635866.126422,0,0.682068206820682,0,0.0564723138980565,0.00183351668500183,0.25962596259626
185273.411807,2635866.126422,0,0.382051282051282,0,0.0664835164835165,0.11025641025641,0.441208791208791
185773.411807,2635866.126422,0,0.476739926739927,0,0.164102564102564,0.346886446886447,0.0122710622710623
186273.411807,2635866.126422,0,0.44885993485342,0.00716612377850163,0.247882736156352,0.280456026058632,0.0156351791530945
173773.411807,2635366.126422,0.156340355225114,0.170797191243288,0.00351094589012805,0.00227178851714168,0.0309789343246592,0.63610078479967
174273.411807,2635366.126422,0.0126443100604728,0.237309877221917,0.00971229613340663,0.0980392156862745,0.0249221183800623,0.617372182517867
174773.411807,2635366.126422,0.186456230501009,0.101670031198385,0.0343182235272527,0,0.0181684712791338,0.659387043494219
175273.411807,2635366.126422,0.112965340179718,0.0766550522648084,0.0673024023473317,0.0100861910874748,0.0276911791674308,0.705299834953237
175773.411807,2635366.126422,0.21073850100788,0.102620487447315,0.0610225398570643,0.000183250870441635,0.013560564412681,0.611874656404618
176273.411807,2635366.126422,0.110111947146265,0.421545237658286,0.219673334556799,0.000183519911910442,0.0082583960359699,0.240227564690769
176773.411807,2635366.126422,0.147258389877132,0.191087474784522,0.0695030258573262,0.00348432055749129,0.0278745644599303,0.560792224463598
177273.411807,2635366.126422,0.0179585853032802,0.265164009529045,0,0.0839288986622686,0.0311526479750779,0.601795858530328
177773.411807,2635366.126422,0,0.102037071022206,0,0,0.0328500642319692,0.865112864745825
178273.411807,2635366.126422,0,0.138455895837154,0.0282413350449294,0.0506143407298735,0.19603887768201,0.586649550706033
178773.411807,2635366.126422,0,0.192046912222833,0.0207073483599047,0.143118929814917,0.448231629100238,0.195895180502107
179273.411807,2635366.126422,0,0.80895577170123,0,0.028629106258029,0.116902183886952,0.0455129381537897
179773.411807,2635366.126422,0,0.677425270493306,0,0.0397946084724005,0.00623509994498441,0.276545021089309
180273.411807,2635366.126422,0,0.345427890782481,0.23657687374015,0.21183800623053,0.128825361920469,0.0773318673263698
180773.411807,2635366.126422,0,0.505046797577537,0.0311983850247752,0.313452009543035,0.144063130849697,0.00623967700495504
181273.411807,2635366.126422,0,0.321657803044196,0.000366770584999083,0.349348982211627,0.290298918026774,0.0383275261324042
181773.411807,2635366.126422,0,0.109950522264981,0.00861279091075683,0.59868059373282,0.0368334249587686,0.245922668132674
