"x","y","forest","agri","water","built","other","grass"
212273.411807,2668866.126422,0.0470157657657658,0.282094594594595,0,0.204954954954955,0.0999436936936937,0.365990990990991
212773.411807,2668866.126422,0.0467342342342342,0.11036036036036,0,0.271959459459459,0.206925675675676,0.36402027027027
213273.411807,2668866.126422,0.0236553083638412,0.110391439031259,0,0.0253449732469727,0.117150098563785,0.723458180794142
213773.411807,2668866.126422,0.00506756756756757,0.0464527027027027,0,0.221283783783784,0.175957207207207,0.551238738738739
214273.411807,2668866.126422,0.0149211711711712,0.0706644144144144,0.00731981981981982,0.313063063063063,0.277308558558559,0.316722972972973
214773.411807,2668866.126422,0.0214024218529992,0.0813855252041678,0,0.328076598141369,0.192340185863137,0.376795268938327
215273.411807,2668866.126422,0.0563063063063063,0.0948761261261261,0.00929054054054054,0.662162162162162,0.109234234234234,0.0681306306306306
215773.411807,2668866.126422,0.0405405405405405,0.0202702702702703,0.000844594594594595,0.773085585585586,0.0864301801801802,0.0788288288288288
216273.411807,2668866.126422,0.0864545198535624,0.0315404111517882,0,0.718107575330893,0.121374260771614,0.0425232328921431
216773.411807,2668866.126422,0.364864864864865,0.0332207207207207,0,0.308277027027027,0.112894144144144,0.180743243243243
217273.411807,2668866.126422,0.285191441441441,0.0259009009009009,0,0.348817567567568,0.221283783783784,0.118806306306306
217773.411807,2668866.126422,0.101943114615601,0.0354829625457618,0,0.595325260490003,0.123063925654745,0.144184736693889
218273.411807,2668866.126422,0.161317567567568,0.0140765765765766,0,0.518018018018018,0.0945945945945946,0.211993243243243
218773.411807,2668866.126422,0.0478603603603604,0.00478603603603604,0,0.752533783783784,0.115427927927928,0.0793918918918919
219273.411807,2668866.126422,0.258800337932977,0.00844832441565756,0,0.440720923683469,0.0895522388059701,0.202478175161926
219773.411807,2668866.126422,0.0405405405405405,0.123873873873874,0.000281531531531532,0.304054054054054,0.144707207207207,0.386542792792793
220273.411807,2668866.126422,0.0098536036036036,0.00619369369369369,0.0045045045045045,0.880630630630631,0.076295045045045,0.0225225225225225
220773.411807,2668866.126422,0.0146437623204731,0.0211208110391439,0.000844832441565756,0.84398760912419,0.0743452548577865,0.0450577302168403
221273.411807,2668866.126422,0.0309684684684685,0.0126689189189189,0,0.798704954954955,0.125,0.0326576576576577
221773.411807,2668866.126422,0.048704954954955,0.0188626126126126,0,0.714527027027027,0.177364864864865,0.0405405405405405
222273.411807,2668866.126422,0.0174598704590256,0.00450577302168403,0,0.78822866798085,0.0980005632216277,0.0918051253168122
222773.411807,2668866.126422,0.108671171171171,0.0678490990990991,0,0.164977477477477,0.206081081081081,0.452421171171171
223273.411807,2668866.126422,0.284628378378378,0.00140765765765766,0,0.135135135135135,0.0698198198198198,0.509009009009009
223773.411807,2668866.126422,0.393128696141932,0.00112644325542101,0,0.0236553083638412,0.0549141087017741,0.527175443537032
224273.411807,2668866.126422,0.525337837837838,0,0,0.067286036036036,0.0684121621621622,0.338963963963964
212273.411807,2668366.126422,0.0618462103138191,0.0880895577170123,0,0.529271425949716,0.169572398605249,0.151220407414204
212773.411807,2668366.126422,0.0364936732074088,0.13185402530717,0.004401247019989,0.458096460663855,0.141023289932147,0.22813130386943
213273.411807,2668366.126422,0.00329851566794942,0.140003665017409,0.00219901044529962,0.263698002565512,0.242990654205607,0.347810152098222
213773.411807,2668366.126422,0.00660671682877592,0.114883464855937,0.00385391815011929,0.18260231235089,0.188841989355845,0.503211598458433
214273.411807,2668366.126422,0.01998899688245,0.0924261874197689,0.00110031175499725,0.515129286631212,0.159728589767101,0.211626627544471
214773.411807,2668366.126422,0.051676745464541,0.0339014110317024,0.000916254352208173,0.658786879237676,0.169140553417629,0.0855781564962434
215273.411807,2668366.126422,0.082583960359699,0.0335841438796109,0.00275279867865663,0.559001651679207,0.195265186272711,0.126812259130116
215773.411807,2668366.126422,0.0810562992847974,0.035209976159912,0.000733541169998166,0.727306070053182,0.111498257839721,0.0441958554923895
216273.411807,2668366.126422,0.200842954004032,0.0240058640278541,0.00403151914971596,0.384826827927433,0.122045079714129,0.264247755176837
216773.411807,2668366.126422,0.245916681959993,0.0449623784180584,0.0144980730409249,0.25325747843641,0.186272710589099,0.255092677555515
217273.411807,2668366.126422,0.205941683476985,0.0388776820099028,0.000366770584999083,0.389326975976527,0.203741059966991,0.161745827984596
217773.411807,2668366.126422,0.0683525746747297,0.0359171706065604,0.00256551218618288,0.612241158145501,0.158145501191131,0.122778083195895
218273.411807,2668366.126422,0.0732244448522665,0.019086070838686,0,0.549642136171775,0.152321526885667,0.205725821251606
218773.411807,2668366.126422,0.0783055198973042,0.0172382174949569,0.000183385292499542,0.690812396845773,0.11608289015221,0.0973775903172566
219273.411807,2668366.126422,0.185083379146051,0.150998717243907,0,0.120029320139271,0.105185999633498,0.438702583837273
219773.411807,2668366.126422,0.0902917966599376,0.128096898513489,0.0104606349788952,0.121857221508534,0.106808588731877,0.542484859607267
220273.411807,2668366.126422,0.120850907757198,0.0181551439574546,0.00165046763249587,0.549972492206125,0.0986612873647534,0.210709701081973
220773.411807,2668366.126422,0.140370166758292,0.0339014110317024,0,0.314458493677845,0.123511086677662,0.387758841854499
221273.411807,2668366.126422,0.123692420627638,0.00587263718113415,0.000183519911910442,0.667278399706368,0.108276748027161,0.0946962745457882
221773.411807,2668366.126422,0.0249403997799376,0.00256739409499358,0,0.791124151843022,0.0849073904272877,0.0964606638547588
222273.411807,2668366.126422,0.0502107385010079,0.0439802089059923,0.000183250870441635,0.281839838739234,0.192963166575041,0.430822796408283
222773.411807,2668366.126422,0.227197650945128,0.00789135621214902,0,0.279500825839604,0.146815929528354,0.338594237474766
223273.411807,2668366.126422,0.178250504309554,0.000916926462497708,0,0.207408765816981,0.110031175499725,0.503392627911242
223773.411807,2668366.126422,0.34084661902144,0.00201575957485798,0,0.00366501740883269,0.0117280557082646,0.641744548286604
224273.411807,2668366.126422,0.557166452560103,0,0,0.000367039823820885,0.00146815929528354,0.440998348320793
212273.411807,2667866.126422,0.0609174311926605,0.0427522935779817,0.00036697247706422,0.634128440366972,0.141100917431193,0.120733944954128
212773.411807,2667866.126422,0.0486149330398092,0.31663914878004,0.000366905155017428,0.284718400293524,0.131902403228765,0.217758209502844
213273.411807,2667866.126422,0.0512820512820513,0.142673992673993,0.00238095238095238,0.422710622710623,0.182783882783883,0.198168498168498
213773.411807,2667866.126422,0.0680733944954128,0.277064220183486,0,0.217064220183486,0.113761467889908,0.324036697247706
214273.411807,2667866.126422,0.101449275362319,0.016694184553293,0.000550357732526142,0.429095578792882,0.133186571271326,0.319024032287654
214773.411807,2667866.126422,0.056959706959707,0.039010989010989,0.00402930402930403,0.750915750915751,0.104029304029304,0.0450549450549451
215273.411807,2667866.126422,0.0625688073394495,0.0291743119266055,0.00128440366972477,0.772477064220183,0.0752293577981651,0.0592660550458716
215773.411807,2667866.126422,0.162722436250229,0.0416437350944781,0,0.484314804623005,0.174463401210787,0.136855622821501
216273.411807,2667866.126422,0.0551282051282051,0.0368131868131868,0.00567765567765568,0.754761904761905,0.0818681318681319,0.0657509157509158
216773.411807,2667866.126422,0.0576146788990826,0.0293577981651376,0.00403669724770642,0.576697247706422,0.144587155963303,0.187706422018349
217273.411807,2667866.126422,0.0546688680975968,0.0297193175564117,0.00311869381764814,0.64190056870299,0.12272977435333,0.147862777472023
217773.411807,2667866.126422,0.043956043956044,0.0263736263736264,0.00256410256410256,0.718498168498168,0.102930402930403,0.105677655677656
218273.411807,2667866.126422,0.0357798165137615,0.0154128440366972,0.00018348623853211,0.801284403669725,0.112110091743119,0.0352293577981651
218773.411807,2667866.126422,0.0926435516419006,0.108237020730141,0.000366905155017428,0.41368556228215,0.111172261970281,0.27389469822051
219273.411807,2667866.126422,0.206227106227106,0.235347985347985,0.0021978021978022,0.101831501831502,0.0454212454212454,0.408974358974359
219773.411807,2667866.126422,0.0493577981651376,0.0744954128440367,0.00220183486238532,0.316880733944954,0.0994495412844037,0.457614678899083
220273.411807,2667866.126422,0.129700972298661,0.00587048248027885,0.00311869381764814,0.611263988259035,0.098147128967162,0.151898734177215
220773.411807,2667866.126422,0.138278388278388,0.00970695970695971,0.000549450549450549,0.587728937728938,0.112820512820513,0.150915750915751
221273.411807,2667866.126422,0.0277064220183486,0.102752293577982,0,0.615412844036697,0.142385321100917,0.111743119266055
221773.411807,2667866.126422,0.147679324894515,0.0066042927903137,0,0.357549073564484,0.113190240322877,0.374977068427811
222273.411807,2667866.126422,0.052014652014652,0.0782051282051282,0.0205128205128205,0.325457875457875,0.221062271062271,0.302747252747253
222773.411807,2667866.126422,0.238715596330275,0.016697247706422,0.00293577981651376,0.250642201834862,0.222018348623853,0.268990825688073
223273.411807,2667866.126422,0.298293891029169,0.00146762062006971,0,0.0964960557695836,0.0612731608879105,0.542469271693267
223773.411807,2667866.126422,0.513369963369963,0.000366300366300366,0,0.0153846153846154,0.0236263736263736,0.447252747252747
224273.411807,2667866.126422,0.467889908256881,0,0,0,0.00330275229357798,0.528807339449541
212273.411807,2667366.126422,0.0571428571428571,0.0732600732600733,0.00201465201465201,0.480952380952381,0.164102564102564,0.222527472527473
212773.411807,2667366.126422,0.0377289377289377,0.0697802197802198,0.00384615384615385,0.511904761904762,0.170695970695971,0.206043956043956
213273.411807,2667366.126422,0.0364869820315365,0.0161349468280161,0.00201686835350202,0.71030436376971,0.138980564723139,0.0960762742940961
213773.411807,2667366.126422,0.05,0.0465201465201465,0.00274725274725275,0.64047619047619,0.13992673992674,0.12032967032967
214273.411807,2667366.126422,0.0206959706959707,0.0851648351648352,0.00347985347985348,0.704578754578755,0.123992673992674,0.0620879120879121
214773.411807,2667366.126422,0.024019068573524,0.0185185185185185,0.000366703337000367,0.812614594792813,0.0914924825815915,0.052988632196553
215273.411807,2667366.126422,0.058974358974359,0.0315018315018315,0.000549450549450549,0.686813186813187,0.13992673992674,0.0822344322344322
215773.411807,2667366.126422,0.0752747252747253,0.108058608058608,0.000366300366300366,0.484798534798535,0.13021978021978,0.201282051282051
216273.411807,2667366.126422,0.0942427576090942,0.0462046204620462,0.00238357169050238,0.480564723138981,0.155298863219655,0.221305463879721
216773.411807,2667366.126422,0.063003663003663,0.0313186813186813,0.0032967032967033,0.437912087912088,0.161538461538462,0.302930402930403
217273.411807,2667366.126422,0.0608058608058608,0.0153846153846154,0.00201465201465201,0.76978021978022,0.121794871794872,0.0302197802197802
217773.411807,2667366.126422,0.013017968463513,0.00733406674000733,0,0.940777411074441,0.030986431976531,0.00788412174550788
218273.411807,2667366.126422,0.0413919413919414,0.032051282051282,0.000915750915750916,0.808974358974359,0.0871794871794872,0.0294871794871795
218773.411807,2667366.126422,0.0318681318681319,0.017032967032967,0.000549450549450549,0.781684981684982,0.110805860805861,0.0580586080586081
219273.411807,2667366.126422,0.0282361569490282,0.0854418775210854,0.0088008800880088,0.3997066373304,0.119178584525119,0.358635863586359
219773.411807,2667366.126422,0.0514652014652015,0.019047619047619,0.000183150183150183,0.76978021978022,0.0763736263736264,0.0831501831501831
220273.411807,2667366.126422,0.00476190476190476,0.00567765567765568,0.00146520146520147,0.928754578754579,0.0406593406593407,0.0186813186813187
220773.411807,2667366.126422,0.123945727906124,0.0216354968830216,0.000183351668500183,0.195269526952695,0.107994132746608,0.550971763843051
221273.411807,2667366.126422,0.1003663003663,0.167216117216117,0.00476190476190476,0.223076923076923,0.136813186813187,0.367765567765568
221773.411807,2667366.126422,0.0652014652014652,0.126007326007326,0.000732600732600733,0.16043956043956,0.183516483516484,0.464102564102564
222273.411807,2667366.126422,0.117345067840117,0.00513384671800513,0.000916758342500917,0.579024569123579,0.149064906490649,0.148514851485149
222773.411807,2667366.126422,0.0600732600732601,0.00293040293040293,0,0.635531135531135,0.216483516483516,0.084981684981685
223273.411807,2667366.126422,0.363186813186813,0.00512820512820513,0,0.0714285714285714,0.0908424908424908,0.469413919413919
223773.411807,2667366.126422,0.642097543087642,0,0,0,0,0.357902456912358
224273.411807,2667366.126422,0.657875457875458,0,0,0.000915750915750916,0.000366300366300366,0.340842490842491
212273.411807,2666866.126422,0.071389245733162,0.118186823270325,0.00972655533125344,0.32372912461002,0.154156726004772,0.322811525050468
212773.411807,2666866.126422,0.0353933614524115,0.0368604437924078,0,0.718320190720704,0.147075004584632,0.0623509994498441
213273.411807,2666866.126422,0.0650540590067803,0.0214403518416712,0,0.707898112516034,0.134872640645043,0.070734835990471
213773.411807,2666866.126422,0.0721233253808038,0.0946962745457882,0.00238575885483575,0.453844742154524,0.204991741603964,0.171958157460084
214273.411807,2666866.126422,0.0540986612873648,0.274527782871814,0,0.370438290849074,0.128553090042179,0.172382174949569
214773.411807,2666866.126422,0.119113065787062,0.245006413780465,0,0.189298149166209,0.12552684625252,0.321055525013744
215273.411807,2666866.126422,0.102587630757937,0.158194164066801,0.000917599559552211,0.24885300055056,0.149752248118921,0.339695356946229
215773.411807,2666866.126422,0.143040528149642,0.0407115349348982,0.000733541169998166,0.32807628828168,0.114249037227214,0.373189070236567
216273.411807,2666866.126422,0.0351841671247938,0.0289536375297783,0.00109950522264981,0.671064687557266,0.120945574491479,0.142752428074033
216773.411807,2666866.126422,0.057258212516058,0.0133969535694623,0.000183519911910442,0.457698660304643,0.0888236373646541,0.382639016333272
217273.411807,2666866.126422,0.066385475884834,0.0210893086374473,0,0.721437740693196,0.12415184302219,0.0669356317623327
217773.411807,2666866.126422,0.0126443100604728,0.00787978742899029,0.00201575957485798,0.902144035184167,0.0665200659703134,0.00879604178119846
218273.411807,2666866.126422,0.0357863828225362,0.00991007524316388,0,0.813727289410901,0.0930445953385942,0.0475316571848046
218773.411807,2666866.126422,0.0247570144874381,0.0526315789473684,0.000183385292499542,0.708967540803228,0.0779387493123052,0.135521731157161
219273.411807,2666866.126422,0.0480117280557083,0.0615722924683892,0.00219901044529962,0.497526113249038,0.126076598863845,0.26461425691772
219773.411807,2666866.126422,0.00238575885483575,0.00146815929528354,0.000183519911910442,0.961827858322628,0.0341347036153423,0
220273.411807,2666866.126422,0.0188886851274528,0.0238400880249404,0,0.670640014670823,0.0695030258573262,0.217128186319457
220773.411807,2666866.126422,0.0371999266996518,0.0951072017592084,0.00256551218618288,0.352391423859263,0.145501191130658,0.367234744365036
221273.411807,2666866.126422,0.115250504679758,0.00991007524316388,0.0012846393833731,0.592952835382639,0.113415305560653,0.167186639750413
221773.411807,2666866.126422,0.0427287731523932,0.0121034293049697,0,0.605905006418485,0.136255272327159,0.203007518796992
222273.411807,2666866.126422,0.0335349092908191,0.0109950522264981,0,0.632948506505406,0.182517866959868,0.140003665017409
222773.411807,2666866.126422,0.113965865296385,0.00899247568361167,0,0.53532758304276,0.149752248118921,0.191961827858323
223273.411807,2666866.126422,0.34788189987163,0.00605171465248487,0,0.121034293049697,0.06400146708234,0.461030625343847
223773.411807,2666866.126422,0.530877771669415,0,0,0,0,0.469122228330585
224273.411807,2666866.126422,0.535878142778491,0,0,0.00165167920719398,0.00110111947146265,0.461369058542852
212273.411807,2666366.126422,0.0385321100917431,0.0491743119266055,0.00972477064220183,0.501284403669725,0.191376146788991,0.209908256880734
212773.411807,2666366.126422,0.0478811227297744,0.109521188772702,0,0.354797284901853,0.148780040359567,0.339020363236103
213273.411807,2666366.126422,0.0628205128205128,0.171978021978022,0,0.386630036630037,0.128937728937729,0.2496336996337
213773.411807,2666366.126422,0.125321100917431,0.198348623853211,0.00146788990825688,0.10605504587156,0.0754128440366972,0.493394495412844
214273.411807,2666366.126422,0.219776187855439,0.1768482847184,0,0.128049899101082,0.120161438268208,0.35516419005687
214773.411807,2666366.126422,0.0992673992673993,0.465934065934066,0.0021978021978022,0.0967032967032967,0.0736263736263736,0.262271062271062
215273.411807,2666366.126422,0.0390825688073395,0.123853211009174,0,0.101100917431193,0.0627522935779816,0.673211009174312
215773.411807,2666366.126422,0.0302696752889378,0.110988809392772,0,0.17409649605577,0.120711796000734,0.563933223261787
216273.411807,2666366.126422,0.0432234432234432,0.151465201465201,0,0.251465201465201,0.147985347985348,0.405860805860806
216773.411807,2666366.126422,0.0359633027522936,0.172844036697248,0.00073394495412844,0.540733944954128,0.106422018348624,0.143302752293578
217273.411807,2666366.126422,0.0487983856173179,0.0207301412584847,0.002568336085122,0.740964960557696,0.128233351678591,0.0587048248027885
217773.411807,2666366.126422,0.047985347985348,0.019047619047619,0.000915750915750916,0.758791208791209,0.116483516483516,0.0567765567765568
218273.411807,2666366.126422,0.0308256880733945,0.0218348623853211,0.00256880733944954,0.827889908256881,0.0860550458715596,0.0308256880733945
218773.411807,2666366.126422,0.0332049165290772,0.0869565217391304,0,0.452394056136489,0.0653091175931022,0.362135388002201
219273.411807,2666366.126422,0.0294871794871795,0.0998168498168498,0.000732600732600733,0.631135531135531,0.121978021978022,0.116849816849817
219773.411807,2666366.126422,0.0343119266055046,0.109174311926606,0.00073394495412844,0.33394495412844,0.0777981651376147,0.444036697247706
220273.411807,2666366.126422,0.0691616217207852,0.200880572372042,0.00220143093010457,0.203265455879655,0.0631076866629976,0.461383232434416
220773.411807,2666366.126422,0.0489010989010989,0.030952380952381,0.00311355311355311,0.604945054945055,0.193040293040293,0.119047619047619
221273.411807,2666366.126422,0.0188990825688073,0.00605504587155963,0.00348623853211009,0.815045871559633,0.110091743119266,0.0464220183486239
221773.411807,2666366.126422,0.105485232067511,0.0390753990093561,0.001284168042561,0.502293157218859,0.077600440286186,0.274261603375527
222273.411807,2666366.126422,0.136446886446886,0.0666666666666667,0.000732600732600733,0.258058608058608,0.11959706959707,0.418498168498169
222773.411807,2666366.126422,0.415963302752294,0.00403669724770642,0,0.205137614678899,0.104220183486239,0.270642201834862
223273.411807,2666366.126422,0.509447807741699,0,0,0.000366905155017428,0.00421940928270042,0.485965877820583
223773.411807,2666366.126422,0.562454212454212,0.000183150183150183,0,0,0.00256410256410256,0.434798534798535
224273.411807,2666366.126422,0.667522935779816,0,0,0,0,0.332477064220183
212273.411807,2665866.126422,0.102930402930403,0.0225274725274725,0,0.372893772893773,0.203846153846154,0.297802197802198
212773.411807,2665866.126422,0.0454212454212454,0.0970695970695971,0,0.513553113553114,0.111538461538462,0.232417582417582
213273.411807,2665866.126422,0.0441877521085442,0.170700403373671,0.000733406674000733,0.556472313898057,0.107260726072607,0.120645397873121
213773.411807,2665866.126422,0.0880952380952381,0.101648351648352,0.00494505494505494,0.402014652014652,0.108974358974359,0.294322344322344
214273.411807,2665866.126422,0.0934065934065934,0.191208791208791,0.00164835164835165,0.389194139194139,0.132051282051282,0.192490842490843
214773.411807,2665866.126422,0.0320865419875321,0.539237257059039,0,0.106894022735607,0.0938760542720939,0.227906123945728
215273.411807,2665866.126422,0.0327838827838828,0.438461538461538,0,0.238278388278388,0.103113553113553,0.187362637362637
215773.411807,2665866.126422,0.058974358974359,0.167032967032967,0.00128205128205128,0.414835164835165,0.143040293040293,0.214835164835165
216273.411807,2665866.126422,0.0531719838650532,0.219471947194719,0,0.367436743674367,0.165749908324166,0.194169416941694
216773.411807,2665866.126422,0.0778388278388278,0.261538461538462,0,0.319413919413919,0.102197802197802,0.239010989010989
217273.411807,2665866.126422,0.0302197802197802,0.0173992673992674,0,0.818864468864469,0.107692307692308,0.0258241758241758
217773.411807,2665866.126422,0.0564723138980565,0.0157682434910158,0.000183351668500183,0.727906123945728,0.133113311331133,0.0665566556655666
218273.411807,2665866.126422,0.0380952380952381,0.0146520146520147,0.00164835164835165,0.750549450549451,0.105128205128205,0.0899267399267399
218773.411807,2665866.126422,0.0285714285714286,0.152014652014652,0.000366300366300366,0.117399267399267,0.0622710622710623,0.639377289377289
219273.411807,2665866.126422,0.0528052805280528,0.0671067106710671,0.0033003300330033,0.453428676200953,0.103410341034103,0.31994866153282
219773.411807,2665866.126422,0.0128205128205128,0.0117216117216117,0.000732600732600733,0.823443223443223,0.108608058608059,0.0426739926739927
220273.411807,2665866.126422,0.0327838827838828,0.0509157509157509,0.0100732600732601,0.611904761904762,0.102747252747253,0.191575091575092
220773.411807,2665866.126422,0.0568390172350568,0.0535386872020535,0.00201686835350202,0.580858085808581,0.172717271727173,0.134030069673634
221273.411807,2665866.126422,0.0578754578754579,0.0115384615384615,0.0208791208791209,0.676739926739927,0.161538461538462,0.0714285714285714
221773.411807,2665866.126422,0.232417582417582,0.00659340659340659,0.00164835164835165,0.361172161172161,0.0840659340659341,0.314102564102564
222273.411807,2665866.126422,0.130913091309131,0.0689402273560689,0,0.361019435276861,0.109460946094609,0.32966629996333
222773.411807,2665866.126422,0.360622710622711,0.00421245421245421,0,0.195238095238095,0.145604395604396,0.294322344322344
223273.411807,2665866.126422,0.508241758241758,0.00128205128205128,0,0.0285714285714286,0.0811355311355311,0.380769230769231
223773.411807,2665866.126422,0.579207920792079,0,0,0,0,0.420792079207921
224273.411807,2665866.126422,0.492673992673993,0,0,0.00512820512820513,0.00989010989010989,0.492307692307692
212273.411807,2665366.126422,0.0189025509267756,0.0873554780693705,0.0431271792989539,0.256010277115067,0.104789869700863,0.48981464488897
212773.411807,2665366.126422,0.017604988079956,0.130203557674674,0.0447460113698881,0.0645516229598386,0.103245919677242,0.639647900238401
213273.411807,2665366.126422,0.0223566061938794,0.0971229613340663,0.0350009162543522,0.185633131757376,0.107751511819681,0.552134872640645
213773.411807,2665366.126422,0.0420260598274913,0.106441548908057,0.0873554780693705,0.2987704165902,0.1159845843274,0.349421912277482
214273.411807,2665366.126422,0.0410783055198973,0.101412066752246,0.0135705116449661,0.341280029341647,0.209242618741977,0.293416467999266
214773.411807,2665366.126422,0.0467289719626168,0.170973062122045,0,0.451713395638629,0.143851933296683,0.186732636980026
215273.411807,2665366.126422,0.0304643053771334,0.425399155808405,0,0.278950266103872,0.101119471462654,0.164066801247935
215773.411807,2665366.126422,0.033192737942417,0.324225197139189,0.00110031175499725,0.322207958921694,0.138822666422153,0.180451127819549
216273.411807,2665366.126422,0.0853949056258017,0.307311709730621,0.000549752611324904,0.210005497526113,0.0866776617188932,0.310060472787246
216773.411807,2665366.126422,0.0732244448522665,0.305560653330886,0,0.0772618829142962,0.0706551660855203,0.473297852817031
217273.411807,2665366.126422,0.12800293416468,0.0592334494773519,0.000733541169998166,0.281313038694297,0.163029525032092,0.367687511461581
217773.411807,2665366.126422,0.021073850100788,0.102437236576874,0.00128275609309144,0.714861645592817,0.0624885468205974,0.0978559648158329
218273.411807,2665366.126422,0.0249587080198202,0.120756102037071,0.00568911726922371,0.438612589465957,0.0737750045879978,0.33620847861993
218773.411807,2665366.126422,0.0289748762149276,0.0122868145974693,0.000916926462497708,0.811479919310471,0.0581331377223547,0.0882083256922795
219273.411807,2665366.126422,0.0287703866593366,0.0269378779549203,0,0.789078248121679,0.100787978742899,0.0544255085211655
219773.411807,2665366.126422,0.0297302257294917,0.0249587080198202,0.000734079647641769,0.780326665443201,0.104055790053221,0.0601945311066251
220273.411807,2665366.126422,0.0669356317623327,0.167247386759582,0.000366770584999083,0.291215844489272,0.0990280579497524,0.375206308454062
220773.411807,2665366.126422,0.102986989188199,0.0549752611324904,0.000183250870441635,0.297965915338098,0.198643943558732,0.34524463991204
221273.411807,2665366.126422,0.0770783630023858,0.0354193429987154,0,0.593686915030281,0.135437694989906,0.158377683978712
221773.411807,2665366.126422,0.162479369154594,0.0353933614524115,0.000366770584999083,0.431688978543921,0.169814780854575,0.200256739409499
222273.411807,2665366.126422,0.190214403518417,0.028587135788895,0,0.245006413780465,0.189847901777533,0.346344145134689
222773.411807,2665366.126422,0.232703248302441,0.0185355111029547,0,0.115617544503579,0.24885300055056,0.384290695540466
223273.411807,2665366.126422,0.576746744911058,0,0,0.00495140289748762,0.0152209792774619,0.403080872913992
223773.411807,2665366.126422,0.587319039765439,0,0,0.00146600696353308,0.00183250870441635,0.409382444566612
224273.411807,2665366.126422,0.487979445769866,0,0,0.0034868783262984,0.00532207744540283,0.503211598458433
212273.411807,2664866.126422,0.0185321100917431,0.655963302752294,0,0.0332110091743119,0.0711926605504587,0.221100917431193
212773.411807,2664866.126422,0.0464135021097046,0.64758759860576,0,0.0684278114107503,0.0465969546872134,0.190974133186571
213273.411807,2664866.126422,0.0413919413919414,0.56959706959707,0,0.0456043956043956,0.0565934065934066,0.286813186813187
213773.411807,2664866.126422,0.0772477064220184,0.326788990825688,0,0.183669724770642,0.0926605504587156,0.319633027522936
214273.411807,2664866.126422,0.0185287103283801,0.188589249678958,0.0210970464135021,0.244909190974133,0.125298110438452,0.401577692166575
214773.411807,2664866.126422,0.0214285714285714,0.153846153846154,0.0241758241758242,0.156959706959707,0.106959706959707,0.536630036630037
215273.411807,2664866.126422,0.0486238532110092,0.318715596330275,0.00385321100917431,0.196880733944954,0.0985321100917431,0.333394495412844
215773.411807,2664866.126422,0.0354063474591818,0.433865345808109,0,0.206200697119795,0.150981471289672,0.173546138323243
216273.411807,2664866.126422,0.0283882783882784,0.583516483516484,0,0.0604395604395604,0.0816849816849817,0.245970695970696
216773.411807,2664866.126422,0.0612844036697248,0.419633027522936,0.00495412844036697,0.243302752293578,0.0831192660550459,0.187706422018349
217273.411807,2664866.126422,0.0473307649972482,0.346358466336452,0,0.171895065125665,0.184369840396258,0.250045863144377
217773.411807,2664866.126422,0.0474358974358974,0.292124542124542,0.0342490842490843,0.167032967032967,0.114468864468864,0.344688644688645
218273.411807,2664866.126422,0.0611009174311927,0.0820183486238532,0.00311926605504587,0.394128440366972,0.148440366972477,0.311192660550459
218773.411807,2664866.126422,0.0526508897450009,0.0176114474408365,0,0.699321225463218,0.137589433131535,0.0928270042194093
219273.411807,2664866.126422,0.0331501831501832,0.00860805860805861,0,0.800732600732601,0.115018315018315,0.0424908424908425
219773.411807,2664866.126422,0.0311926605504587,0.013394495412844,0,0.796330275229358,0.106238532110092,0.0528440366972477
220273.411807,2664866.126422,0.0289855072463768,0.0399926618968997,0.00385250412768299,0.639515685195377,0.131535498073748,0.156118143459916
220773.411807,2664866.126422,0.0562271062271062,0.0983516483516483,0.0021978021978022,0.505494505494505,0.141941391941392,0.195787545787546
221273.411807,2664866.126422,0.104954128440367,0.0244036697247706,0.00073394495412844,0.211926605504587,0.100366972477064,0.557614678899083
221773.411807,2664866.126422,0.241240139423959,0.0352228948816731,0,0.0706292423408549,0.0544854155200881,0.598422307833425
222273.411807,2664866.126422,0.17985347985348,0.0485347985347985,0,0.143406593406593,0.178937728937729,0.449267399267399
222773.411807,2664866.126422,0.129357798165138,0.00972477064220183,0,0.30954128440367,0.282752293577982,0.268623853211009
223273.411807,2664866.126422,0.357182168409466,0.001284168042561,0,0.0798018712162906,0.172995780590717,0.388736011740965
223773.411807,2664866.126422,0.525091575091575,0,0,0.0010989010989011,0.00366300366300366,0.47014652014652
224273.411807,2664866.126422,0.399633027522936,0,0,0.00110091743119266,0.00238532110091743,0.596880733944954
212273.411807,2664366.126422,0.0496336996336996,0.44047619047619,0,0.139194139194139,0.0802197802197802,0.29047619047619
212773.411807,2664366.126422,0.043956043956044,0.557142857142857,0,0.196153846153846,0.0710622710622711,0.131684981684982
213273.411807,2664366.126422,0.0678401173450678,0.231573157315732,0,0.42024202420242,0.163549688302164,0.116795012834617
213773.411807,2664366.126422,0.0294871794871795,0.178388278388278,0,0.531135531135531,0.143772893772894,0.117216117216117
214273.411807,2664366.126422,0.0133699633699634,0.274175824175824,0,0.44047619047619,0.125641025641026,0.146336996336996
214773.411807,2664366.126422,0.0183351668500183,0.405573890722406,0,0.27007700770077,0.104510451045105,0.201503483681702
215273.411807,2664366.126422,0.0175824175824176,0.166666666666667,0.0421245421245421,0.0595238095238095,0.139377289377289,0.574725274725275
215773.411807,2664366.126422,0.0600732600732601,0.170512820512821,0,0.20989010989011,0.158424908424908,0.401098901098901
216273.411807,2664366.126422,0.0416208287495416,0.239457279061239,0.00843417675100843,0.178951228456179,0.244407774110744,0.287128712871287
216773.411807,2664366.126422,0.056043956043956,0.236813186813187,0.00274725274725275,0.113553113553114,0.187912087912088,0.402930402930403
217273.411807,2664366.126422,0.0333333333333333,0.168315018315018,0.0194139194139194,0.288278388278388,0.111355311355311,0.379304029304029
217773.411807,2664366.126422,0.0540887422075541,0.210854418775211,0,0.397506417308398,0.116795012834617,0.220755408874221
218273.411807,2664366.126422,0.0492673992673993,0.125091575091575,0.00695970695970696,0.315201465201465,0.144688644688645,0.358791208791209
218773.411807,2664366.126422,0.128021978021978,0.039010989010989,0,0.347435897435897,0.166666666666667,0.318864468864469
219273.411807,2664366.126422,0.033003300330033,0.0183351668500183,0.00146681334800147,0.760909424275761,0.0977264393105977,0.0885588558855886
219773.411807,2664366.126422,0.0474358974358974,0.00769230769230769,0.000366300366300366,0.608608058608059,0.154395604395604,0.181501831501831
220273.411807,2664366.126422,0.0258241758241758,0.0203296703296703,0,0.702380952380952,0.123992673992674,0.127472527472527
220773.411807,2664366.126422,0.061972863953062,0.00403373670700403,0,0.545654565456546,0.0832416574990832,0.305097176384305
221273.411807,2664366.126422,0.153479853479853,0.0384615384615385,0,0.237912087912088,0.186446886446886,0.383699633699634
221773.411807,2664366.126422,0.265567765567766,0.0155677655677656,0,0.082967032967033,0.171245421245421,0.464652014652015
222273.411807,2664366.126422,0.542354235423542,0.00788412174550788,0,0.00311697836450312,0.0335533553355336,0.413091309130913
222773.411807,2664366.126422,0.561721611721612,0.00311355311355311,0,0.00201465201465201,0.0201465201465201,0.413003663003663
223273.411807,2664366.126422,0.36043956043956,0.00567765567765568,0,0.0613553113553114,0.145970695970696,0.426556776556777
223773.411807,2664366.126422,0.598093142647598,0,0,0.00495049504950495,0.0297029702970297,0.367253392005867
224273.411807,2664366.126422,0.53974358974359,0.000732600732600733,0,0.00128205128205128,0.0249084249084249,0.433333333333333
212273.411807,2663866.126422,0.0543218939254909,0.295467058175812,0.000734079647641769,0.363002385758855,0.139475133051936,0.146999449440264
212773.411807,2663866.126422,0.0689528699798276,0.308270676691729,0,0.178250504309554,0.134604804694663,0.309921144324225
213273.411807,2663866.126422,0.0355506688656771,0.487447315374748,0,0.242624152464724,0.104086494410848,0.130291368884002
213773.411807,2663866.126422,0.0383556615892824,0.282620664342081,0.000734079647641769,0.42723435492751,0.110662506881997,0.140392732611488
214273.411807,2663866.126422,0.0306253438474234,0.437190537318907,0,0.283330276911792,0.103796075554741,0.145057766367137
214773.411807,2663866.126422,0.0166758292101887,0.863294850650541,0,0.0157595748579806,0.0236393622869709,0.0806303829943192
215273.411807,2663866.126422,0.0757937236190127,0.23251972839053,0,0.244081482840888,0.158561203890622,0.289043861258947
215773.411807,2663866.126422,0.0361269026224097,0.341830185219145,0.0192554557124519,0.132220795892169,0.119200440124702,0.351366220429122
216273.411807,2663866.126422,0.0351841671247938,0.385010078797874,0.000733003481766538,0.068719076415613,0.0804471321238776,0.429906542056075
216773.411807,2663866.126422,0.0642319691686548,0.229216369976142,0.000367039823820885,0.151220407414204,0.0690034868783263,0.485960726738851
217273.411807,2663866.126422,0.0341096644049147,0.110764716669723,0.00183385292499542,0.620575829818449,0.0929763432972676,0.139739592884651
217773.411807,2663866.126422,0.0599230346344145,0.114165292285138,0.00256551218618288,0.289353124427341,0.103536741799524,0.4304562946674
218273.411807,2663866.126422,0.0622132501376399,0.105340429436594,0.00844191594788034,0.425766195632226,0.153239126445219,0.24499908240044
218773.411807,2663866.126422,0.0665688611773336,0.0328259673574179,0,0.565010086191088,0.154410416284614,0.181184668989547
219273.411807,2663866.126422,0.0461792193512919,0.0564412680960235,0.00183250870441635,0.545537841304746,0.0885101704233095,0.261498992120213
219773.411807,2663866.126422,0.0776289227381171,0.0532207744540283,0,0.218939254909158,0.178748394200771,0.471462653697926
220273.411807,2663866.126422,0.099211443242252,0.0931597285897671,0.00201723821749496,0.31212176783422,0.154777186869613,0.338712635246653
220773.411807,2663866.126422,0.0811801356056441,0.0251053692505039,0.000183250870441635,0.377680043980209,0.220267546270845,0.295583654022357
221273.411807,2663866.126422,0.116902183886952,0.0341347036153423,0,0.289410901082767,0.215268856670949,0.34428335474399
221773.411807,2663866.126422,0.334861544104163,0.0119200440124702,0,0.0458463231248854,0.153676875114616,0.453695213643866
222273.411807,2663866.126422,0.482316291002382,0.0139270661535642,0.00146600696353308,0.0478284771852666,0.061205790727506,0.393256367967748
222773.411807,2663866.126422,0.52303174894476,0.000550559735731327,0,0.000917599559552211,0.00403743806202973,0.471462653697926
223273.411807,2663866.126422,0.599486521181001,0,0,0.000183385292499542,0,0.400330093526499
223773.411807,2663866.126422,0.604727872457394,0,0,0,0.000183250870441635,0.395088876672164
224273.411807,2663866.126422,0.43989722884933,0,0,0,0.00110111947146265,0.559001651679207
212273.411807,2663366.126422,0.0328440366972477,0.48348623853211,0.00110091743119266,0.14,0.14954128440367,0.19302752293578
212773.411807,2663366.126422,0.0581544670702623,0.514034122179417,0,0.180700788846083,0.118326912493121,0.128783709411117
213273.411807,2663366.126422,0.0487179487179487,0.452197802197802,0,0.190842490842491,0.091025641025641,0.217216117216117
213773.411807,2663366.126422,0.0460550458715596,0.156697247706422,0.00018348623853211,0.534311926605505,0.119633027522936,0.143119266055046
214273.411807,2663366.126422,0.0212804989910108,0.338286552926069,0.0146762062006971,0.466703357182168,0.101999633094845,0.0570537516052101
214773.411807,2663366.126422,0.0315018315018315,0.721794871794872,0,0.0360805860805861,0.0437728937728938,0.166849816849817
215273.411807,2663366.126422,0.0220183486238532,0.687706422018349,0,0.0475229357798165,0.0680733944954128,0.174678899082569
215773.411807,2663366.126422,0.0262337185837461,0.412951751972115,0.000366905155017428,0.233535131168593,0.106035589800037,0.220876903320492
216273.411807,2663366.126422,0.0584249084249084,0.595604395604396,0,0.0450549450549451,0.0738095238095238,0.227106227106227
216773.411807,2663366.126422,0.0295412844036697,0.533761467889908,0,0.162935779816514,0.0757798165137615,0.197981651376147
217273.411807,2663366.126422,0.0194459732159237,0.124931205283434,0.000183452577508714,0.235920014676206,0.0935608145294441,0.525958539717483
217773.411807,2663366.126422,0.0503663003663004,0.0794871794871795,0.00824175824175824,0.614285714285714,0.12014652014652,0.127472527472527
218273.411807,2663366.126422,0.041651376146789,0.319449541284404,0.00018348623853211,0.262935779816514,0.106605504587156,0.269174311926606
218773.411807,2663366.126422,0.0761328196661163,0.089157952669235,0.000183452577508714,0.199963309484498,0.160704457897633,0.473858007705008
219273.411807,2663366.126422,0.105860805860806,0.0139194139194139,0,0.271978021978022,0.126739926739927,0.481501831501832
219773.411807,2663366.126422,0.134862385321101,0.00917431192660551,0.00201834862385321,0.495412844036697,0.171376146788991,0.187155963302752
220273.411807,2663366.126422,0.106035589800037,0.0517336268574573,0.0122913226930838,0.37094111172262,0.148963492937076,0.310034855989727
220773.411807,2663366.126422,0.0769230769230769,0.0437728937728938,0,0.415201465201465,0.145421245421245,0.318681318681319
221273.411807,2663366.126422,0.133761467889908,0.0478899082568807,0,0.396146788990826,0.148073394495413,0.274128440366972
221773.411807,2663366.126422,0.459181801504311,0.00458631443771785,0,0.0275178866263071,0.0653091175931022,0.443404879838562
222273.411807,2663366.126422,0.252380952380952,0.0173992673992674,0,0.0586080586080586,0.14010989010989,0.531501831501832
222773.411807,2663366.126422,0.476146788990826,0,0,0.00238532110091743,0.00440366972477064,0.517064220183486
223273.411807,2663366.126422,0.636396991377729,0,0,0,0,0.363603008622271
223773.411807,2663366.126422,0.468315018315018,0,0,0.000366300366300366,0.000732600732600733,0.530586080586081
224273.411807,2663366.126422,0.657064220183486,0,0,0,0,0.342935779816514
212273.411807,2662866.126422,0.0102564102564103,0.472344322344322,0.0313186813186813,0.123992673992674,0.095970695970696,0.266117216117216
212773.411807,2662866.126422,0.0404761904761905,0.535164835164835,0.000366300366300366,0.14981684981685,0.100549450549451,0.173626373626374
213273.411807,2662866.126422,0.0528052805280528,0.306197286395306,0,0.363769710304364,0.127062706270627,0.15016501650165
213773.411807,2662866.126422,0.0622710622710623,0.0794871794871795,0.0010989010989011,0.343406593406593,0.214468864468864,0.299267399267399
214273.411807,2662866.126422,0.0532967032967033,0.296336996336996,0.00421245421245421,0.198534798534799,0.155860805860806,0.291758241758242
214773.411807,2662866.126422,0.0308030803080308,0.515401540154015,0.000183351668500183,0.147964796479648,0.104510451045105,0.201136780344701
215273.411807,2662866.126422,0.032967032967033,0.484065934065934,0,0.0578754578754579,0.126556776556777,0.298534798534799
