"x","y","forest","agri","water","built","other","grass"
313773.411807,2696366.126422,0.791025641025641,0.0192307692307692,0.000549450549450549,0.00476190476190476,0.00293040293040293,0.181501831501831
314273.411807,2696366.126422,0.868440366972477,0.00348623853211009,0,0.00018348623853211,0,0.127889908256881
314773.411807,2696366.126422,0.949000183452578,0.000183452577508714,0,0,0,0.0508163639699138
315273.411807,2696366.126422,0.745787545787546,0.0212454212454212,0.000732600732600733,0.107692307692308,0.0152014652014652,0.109340659340659
315773.411807,2696366.126422,0.465871559633028,0.0115596330275229,0.000917431192660551,0.0561467889908257,0.0244036697247706,0.441100917431193
316273.411807,2696366.126422,0.844248761695102,0,0,0,0,0.155751238304898
316773.411807,2696366.126422,0.865201465201465,0,0,0,0,0.134798534798535
317273.411807,2696366.126422,0.911559633027523,0.00073394495412844,0,0,0,0.0877064220183486
317773.411807,2696366.126422,0.949733993762612,0.00385250412768299,0,0,0,0.0464135021097046
318273.411807,2696366.126422,0.963186813186813,0,0,0,0,0.0368131868131868
318773.411807,2696366.126422,0.854128440366972,0,0,0,0,0.145871559633028
319273.411807,2696366.126422,0.76041093377362,0.000366905155017428,0,0,0,0.239222161071363
319773.411807,2696366.126422,0.827838827838828,0.00402930402930403,0,0,0.00293040293040293,0.165201465201465
320273.411807,2696366.126422,0.959449541284404,0.00165137614678899,0,0,0,0.0388990825688073
320773.411807,2696366.126422,0.960741148413135,0.000366905155017428,0,0,0,0.0388919464318474
321273.411807,2696366.126422,0.975091575091575,0.00183150183150183,0,0,0,0.0230769230769231
321773.411807,2696366.126422,0.986238532110092,0,0,0,0,0.0137614678899083
322273.411807,2696366.126422,0.971564850486149,0,0,0,0,0.0284351495138507
322773.411807,2696366.126422,0.986263736263736,0,0,0,0,0.0137362637362637
323273.411807,2696366.126422,0.972477064220184,0,0,0,0,0.0275229357798165
323773.411807,2696366.126422,0.931205283434232,0,0,0,0,0.0687947165657677
324273.411807,2696366.126422,0.926190476190476,0,0,0,0,0.0738095238095238
324773.411807,2696366.126422,0.948623853211009,0,0,0,0,0.0513761467889908
325273.411807,2696366.126422,0.956521739130435,0,0,0,0,0.0434782608695652
325773.411807,2696366.126422,0.958058608058608,0,0,0,0,0.0419413919413919
313773.411807,2695866.126422,0.656032269893656,0.0584891822515585,0.00953428676200953,0.0099009900990099,0.0223689035570224,0.243674367436744
314273.411807,2695866.126422,0.743223443223443,0.0282051282051282,0.019047619047619,0.0564102564102564,0.0177655677655678,0.135347985347985
314773.411807,2695866.126422,0.901831501831502,0,0,0,0,0.0981684981684982
315273.411807,2695866.126422,0.897506417308398,0.000733406674000733,0,0,0,0.101760176017602
315773.411807,2695866.126422,0.528388278388278,0.0428571428571429,0.0128205128205128,0.155128205128205,0.0683150183150183,0.192490842490843
316273.411807,2695866.126422,0.858974358974359,0.00842490842490842,0,0.000366300366300366,0.0168498168498168,0.115384615384615
316773.411807,2695866.126422,0.82013201320132,0.00183351668500183,0,0,0,0.178034470113678
317273.411807,2695866.126422,0.955860805860806,0.00128205128205128,0,0,0,0.0428571428571429
317773.411807,2695866.126422,0.931318681318681,0,0,0,0,0.0686813186813187
318273.411807,2695866.126422,0.919325265859919,0,0,0,0,0.0806747341400807
318773.411807,2695866.126422,0.848717948717949,0,0,0,0,0.151282051282051
319273.411807,2695866.126422,0.753663003663004,0.00293040293040293,0,0,0,0.243406593406593
319773.411807,2695866.126422,0.957279061239457,0.0022002200220022,0,0,0,0.0405207187385405
320273.411807,2695866.126422,0.983882783882784,0,0,0,0,0.0161172161172161
320773.411807,2695866.126422,0.985714285714286,0,0,0,0,0.0142857142857143
321273.411807,2695866.126422,0.940777411074441,0.000366703337000367,0,0,0,0.0588558855885589
321773.411807,2695866.126422,0.983333333333333,0,0,0,0,0.0166666666666667
322273.411807,2695866.126422,0.99010989010989,0,0,0,0,0.00989010989010989
322773.411807,2695866.126422,0.954345434543454,0,0,0,0,0.0456545654565457
323273.411807,2695866.126422,0.91978021978022,0,0,0,0.000732600732600733,0.0794871794871795
323773.411807,2695866.126422,0.90989010989011,0,0,0,0,0.0901098901098901
324273.411807,2695866.126422,0.909057572423909,0,0,0,0,0.0909424275760909
324773.411807,2695866.126422,0.927472527472528,0,0,0,0,0.0725274725274725
325273.411807,2695866.126422,0.969047619047619,0,0,0,0,0.030952380952381
325773.411807,2695866.126422,0.971213788045471,0,0,0,0,0.0287862119545288
313773.411807,2695366.126422,0.889499725123694,0.00494777350192413,0,0,0,0.105552501374382
314273.411807,2695366.126422,0.741236924206276,0.0352358230868049,0.00532207744540283,0.0352358230868049,0.00752431638832813,0.175445035786383
314773.411807,2695366.126422,0.798092792958005,0.037593984962406,0.00476801760498808,0.0253071703649367,0.0143040528149642,0.1199339812947
315273.411807,2695366.126422,0.924317390507605,0.00348176653839106,0,0,0,0.072200842954004
315773.411807,2695366.126422,0.902183886951734,0.00256927876674619,0,0,0,0.0952468342815195
316273.411807,2695366.126422,0.719237117183202,0.0944434256372639,0.000366770584999083,0.0225563909774436,0.0429121584448927,0.120484137172199
316773.411807,2695366.126422,0.686457760674363,0.0219901044529962,0.0122778083195895,0.0705515851200293,0.00787978742899029,0.200842954004032
317273.411807,2695366.126422,0.93760322995045,0,0,0,0,0.0623967700495504
317773.411807,2695366.126422,0.897304236200257,0,0,0,0,0.102695763799743
318273.411807,2695366.126422,0.93054792010262,0,0,0,0,0.0694520798973795
318773.411807,2695366.126422,0.848596072673885,0.000367039823820885,0,0,0,0.151036887502294
319273.411807,2695366.126422,0.812763616357968,0.000550155877498625,0,0,0,0.186686227764533
319773.411807,2695366.126422,0.923584387025838,0.00861279091075683,0,0,0,0.0678028220634048
320273.411807,2695366.126422,0.952101302991375,0,0,0,0,0.0478986970086254
320773.411807,2695366.126422,0.97982761782505,0,0,0,0,0.0201723821749496
321273.411807,2695366.126422,0.829759941359721,0.00238226131574125,0,0,0,0.167857797324537
321773.411807,2695366.126422,0.897962928977794,0.0185355111029547,0,0,0,0.0835015599192512
322273.411807,2695366.126422,0.963506326792591,0,0,0,0,0.0364936732074088
322773.411807,2695366.126422,0.860362836723474,0.000366501740883269,0,0,0,0.139270661535642
323273.411807,2695366.126422,0.799045696458066,0,0,0,0,0.200954303541934
323773.411807,2695366.126422,0.764716669723088,0.00293416467999266,0,0,0,0.232349165596919
324273.411807,2695366.126422,0.915521348726406,0,0,0,0,0.0844786512735936
324773.411807,2695366.126422,0.909524683428152,0,0,0,0,0.090475316571848
325273.411807,2695366.126422,0.863744727672841,0,0,0,0,0.136255272327159
325773.411807,2695366.126422,0.903060289536375,0,0,0,0,0.0969397104636247
313773.411807,2694866.126422,0.965018315018315,0.00384615384615385,0,0,0,0.0311355311355311
314273.411807,2694866.126422,0.932293577981651,0.00587155963302752,0,0,0,0.0618348623853211
314773.411807,2694866.126422,0.779673454412035,0.0544854155200881,0.0066042927903137,0.0223812144560631,0.00843881856540084,0.1284168042561
315273.411807,2694866.126422,0.884249084249084,0,0,0,0,0.115750915750916
315773.411807,2694866.126422,0.627889908256881,0.0376146788990826,0,0,0.00513761467889908,0.329357798165138
316273.411807,2694866.126422,0.839845899834893,0.0354063474591818,0.000733810310034856,0.002568336085122,0.00972298660796184,0.111722619702807
316773.411807,2694866.126422,0.712454212454212,0.043040293040293,0.00293040293040293,0.0597069597069597,0.0173992673992674,0.164468864468864
317273.411807,2694866.126422,0.798899082568807,0.00330275229357798,0,0.0581651376146789,0.0108256880733945,0.128807339449541
317773.411807,2694866.126422,0.882039992661897,0,0,0,0,0.117960007338103
318273.411807,2694866.126422,0.700549450549451,0.0208791208791209,0,0.000183150183150183,0.00531135531135531,0.273076923076923
318773.411807,2694866.126422,0.82348623853211,0.0055045871559633,0,0.00018348623853211,0.00330275229357798,0.167522935779817
319273.411807,2694866.126422,0.816730875068795,0.00366905155017428,0,0,0,0.179600073381031
319773.411807,2694866.126422,0.965018315018315,0.00128205128205128,0,0,0,0.0336996336996337
320273.411807,2694866.126422,0.971926605504587,0,0,0,0,0.0280733944954128
320773.411807,2694866.126422,0.747752705925518,0.0964960557695836,0,0,0,0.155751238304898
321273.411807,2694866.126422,0.965567765567766,0.00476190476190476,0,0,0,0.0296703296703297
321773.411807,2694866.126422,0.975963302752294,0.00128440366972477,0,0,0,0.0227522935779817
322273.411807,2694866.126422,0.993212254632178,0,0,0,0,0.00678774536782242
322773.411807,2694866.126422,0.893223443223443,0,0,0,0,0.106776556776557
323273.411807,2694866.126422,0.863302752293578,0,0,0,0,0.136697247706422
323773.411807,2694866.126422,0.891029168959824,0,0,0,0,0.108970831040176
324273.411807,2694866.126422,0.813186813186813,0,0,0,0,0.186813186813187
324773.411807,2694866.126422,0.88348623853211,0,0,0,0,0.11651376146789
325273.411807,2694866.126422,0.971381397908641,0.000550357732526142,0,0,0,0.0280682443588332
325773.411807,2694866.126422,0.921611721611722,0,0,0,0,0.0783882783882784
313773.411807,2694366.126422,0.668316831683168,0.0238357169050238,0.00055005500550055,0.0088008800880088,0.00476714338100477,0.293729372937294
314273.411807,2694366.126422,0.891025641025641,0.000183150183150183,0,0,0,0.108791208791209
314773.411807,2694366.126422,0.848351648351648,0.00531135531135531,0,0,0,0.146336996336996
315273.411807,2694366.126422,0.77026035936927,0.0284195086175284,0.00128346167950128,0.0124679134580125,0.00825082508250825,0.179317931793179
315773.411807,2694366.126422,0.759340659340659,0.0598901098901099,0.000732600732600733,0.00238095238095238,0.0100732600732601,0.167582417582418
316273.411807,2694366.126422,0.68003663003663,0.0672161172161172,0.0120879120879121,0.0468864468864469,0.0155677655677656,0.178205128205128
316773.411807,2694366.126422,0.780894756142281,0.0249358269160249,0.00183351668500183,0.0612394572790612,0.0146681334800147,0.116428309497616
317273.411807,2694366.126422,0.558791208791209,0.11978021978022,0.0113553113553114,0.127655677655678,0.0119047619047619,0.170512820512821
317773.411807,2694366.126422,0.827838827838828,0.00934065934065934,0,0,0,0.162820512820513
318273.411807,2694366.126422,0.898606527319399,0,0,0,0.0011001100110011,0.1002933626696
318773.411807,2694366.126422,0.924358974358974,0.00183150183150183,0,0,0,0.0738095238095238
319273.411807,2694366.126422,0.917216117216117,0.0021978021978022,0,0,0,0.0805860805860806
319773.411807,2694366.126422,0.936560322698937,0.00458379171250458,0,0,0,0.0588558855885589
320273.411807,2694366.126422,0.927106227106227,0.00256410256410256,0,0,0,0.0703296703296703
320773.411807,2694366.126422,0.847252747252747,0.0021978021978022,0,0,0.00201465201465201,0.148534798534799
321273.411807,2694366.126422,0.949394939493949,0,0,0,0,0.0506050605060506
321773.411807,2694366.126422,1,0,0,0,0,0
322273.411807,2694366.126422,0.979304029304029,0,0,0,0,0.0206959706959707
322773.411807,2694366.126422,0.964979831316465,0,0,0,0,0.035020168683535
323273.411807,2694366.126422,0.938095238095238,0,0,0,0,0.0619047619047619
323773.411807,2694366.126422,0.895421245421245,0,0,0,0,0.104578754578755
324273.411807,2694366.126422,0.873487348734873,0,0,0,0,0.126512651265127
324773.411807,2694366.126422,0.91959706959707,0.000183150183150183,0,0,0,0.0802197802197802
325273.411807,2694366.126422,0.921062271062271,0.000549450549450549,0,0,0,0.0783882783882784
325773.411807,2694366.126422,0.953061972863953,0,0,0,0,0.0469380271360469
313773.411807,2693866.126422,0.558365402235661,0.0505772402418911,0.0207073483599047,0.0852116547553601,0.0443467106468756,0.240791643760308
314273.411807,2693866.126422,0.677371994861443,0.0521196549825656,0,0.000734079647641769,0.000550559735731327,0.269223710772619
314773.411807,2693866.126422,0.694480102695764,0.0240234733174399,0,0,0,0.281496423986796
315273.411807,2693866.126422,0.879604178119846,0.0221733553234378,0,0,0,0.0982224665567161
315773.411807,2693866.126422,0.709304459533859,0.0501009359515507,0.00715727656450725,0.0436777390346853,0.0137639933932832,0.175995595522114
316273.411807,2693866.126422,0.766000366770585,0.00990280579497524,0,0.0168714469099578,0.00513478818998716,0.202090592334495
316773.411807,2693866.126422,0.676562213670515,0.013560564412681,0.00494777350192413,0.0104452996151732,0.000733003481766538,0.29375114531794
317273.411807,2693866.126422,0.731143329051202,0.0471646173609837,0.00293631859056708,0.101302991374564,0.00311983850247752,0.114332905120206
317773.411807,2693866.126422,0.840821566110398,0.00605171465248487,0,0.0456629378323858,0.00421786172748946,0.103245919677242
318273.411807,2693866.126422,0.888400219901045,0.000183250870441635,0,0,0.000366501740883269,0.111050027487631
318773.411807,2693866.126422,0.966048816296568,0,0,0,0,0.0339511837034318
319273.411807,2693866.126422,0.686777920410783,0.0196222262974509,0,0.000550155877498625,0.013203741059967,0.2798459563543
319773.411807,2693866.126422,0.749679310976727,0.0100787978742899,0,0.00384826827927433,0.0302363936228697,0.206157229246839
320273.411807,2693866.126422,0.754083318040007,0.0108276748027161,0,0.00293631859056708,0.0122958340979996,0.21985685446871
320773.411807,2693866.126422,0.92792958004768,0.00550155877498625,0,0,0,0.0665688611773336
321273.411807,2693866.126422,0.986072933846436,0,0,0,0,0.0139270661535642
321773.411807,2693866.126422,0.976142411451642,0,0,0,0,0.0238575885483575
322273.411807,2693866.126422,0.99596552356501,0,0,0,0,0.00403447643498991
322773.411807,2693866.126422,0.904526296499908,0,0,0,0,0.0954737035000916
323273.411807,2693866.126422,0.930078913562121,0,0,0,0,0.0699210864378785
323773.411807,2693866.126422,0.673024023473317,0,0,0,0,0.326975976526683
324273.411807,2693866.126422,0.686274509803922,0.0199743448781382,0,0,0.0104452996151732,0.283305845702767
324773.411807,2693866.126422,0.929161314002569,0.000367039823820885,0,0,0,0.0704716461736098
325273.411807,2693866.126422,0.883183568677792,0.00165046763249587,0,0,0,0.115165963689712
325773.411807,2693866.126422,0.875755909840572,0,0,0,0,0.124244090159428
313773.411807,2693366.126422,0.725457875457875,0.0357142857142857,0,0,0,0.238827838827839
314273.411807,2693366.126422,0.678348623853211,0.0636697247706422,0.00036697247706422,0.00972477064220183,0.00972477064220183,0.238165137614679
314773.411807,2693366.126422,0.887543569987158,0.00091726288754357,0.000183452577508714,0.00697119794533113,0.00476976701522656,0.0996147495872317
315273.411807,2693366.126422,0.945238095238095,0.000549450549450549,0,0,0.000732600732600733,0.0534798534798535
315773.411807,2693366.126422,0.939266055045872,0.00165137614678899,0,0,0,0.0590825688073394
316273.411807,2693366.126422,0.533113190240323,0.0396257567418822,0,0,0,0.427261053017795
316773.411807,2693366.126422,0.731868131868132,0,0,0,0.000183150183150183,0.267948717948718
317273.411807,2693366.126422,0.753211009174312,0,0,0,0,0.246788990825688
317773.411807,2693366.126422,0.631076866629976,0.084021280498991,0,0.129884424876169,0.0603558980003669,0.0946615299944964
318273.411807,2693366.126422,0.618315018315018,0.0175824175824176,0.00421245421245421,0.165567765567766,0.0183150183150183,0.176007326007326
318773.411807,2693366.126422,0.593761467889908,0.0473394495412844,0.00055045871559633,0.139816513761468,0.0577981651376147,0.160733944954128
319273.411807,2693366.126422,0.791230966795083,0,0,0,0,0.208769033204917
319773.411807,2693366.126422,0.9,0.000549450549450549,0,0,0,0.0994505494505494
320273.411807,2693366.126422,0.954311926605505,0,0,0,0,0.0456880733944954
320773.411807,2693366.126422,0.984039625756742,0,0,0,0,0.0159603742432581
321273.411807,2693366.126422,0.984249084249084,0,0,0,0,0.0157509157509158
321773.411807,2693366.126422,0.988440366972477,0.00110091743119266,0,0,0,0.0104587155963303
322273.411807,2693366.126422,0.978352595853972,0,0,0,0,0.0216474041460283
322773.411807,2693366.126422,0.967765567765568,0,0,0,0,0.0322344322344322
323273.411807,2693366.126422,0.861284403669725,0,0,0,0,0.138715596330275
323773.411807,2693366.126422,0.614382682076683,0,0,0,0,0.385617317923317
324273.411807,2693366.126422,0.827838827838828,0,0,0,0,0.172161172161172
324773.411807,2693366.126422,0.549724770642202,0.0124770642201835,0,0.00073394495412844,0.0179816513761468,0.419082568807339
325273.411807,2693366.126422,0.772335351311686,0.000183452577508714,0,0,0,0.227481196110805
325773.411807,2693366.126422,0.890842490842491,0,0,0,0,0.109157509157509
313773.411807,2692866.126422,0.664649798313165,0.0374037403740374,0.015034836817015,0.0806747341400807,0.0181518151815182,0.184085075174184
314273.411807,2692866.126422,0.820695970695971,0.00989010989010989,0.000366300366300366,0.00274725274725275,0.00641025641025641,0.15989010989011
314773.411807,2692866.126422,0.84047619047619,0.0338827838827839,0,0,0,0.125641025641026
315273.411807,2692866.126422,0.98019801980198,0,0,0,0,0.0198019801980198
315773.411807,2692866.126422,0.937728937728938,0,0,0,0,0.0622710622710623
316273.411807,2692866.126422,0.801098901098901,0.0021978021978022,0,0,0,0.196703296703297
316773.411807,2692866.126422,0.866153281994866,0,0,0,0,0.133846718005134
317273.411807,2692866.126422,0.598534798534799,0.0232600732600733,0,0,0.00293040293040293,0.375274725274725
317773.411807,2692866.126422,0.792307692307692,0.0201465201465201,0,0,0,0.187545787545788
318273.411807,2692866.126422,0.443160982764943,0.0139347268060139,0,0.200770077007701,0.0361202786945361,0.306013934726806
318773.411807,2692866.126422,0.647619047619048,0.00274725274725275,0,0.125091575091575,0.0432234432234432,0.181318681318681
319273.411807,2692866.126422,0.171611721611722,0.00805860805860806,0.00256410256410256,0.498168498168498,0.0789377289377289,0.240659340659341
319773.411807,2692866.126422,0.602493582691602,0.0188852218555189,0.00385038503850385,0.193802713604694,0.0236523652365237,0.157315731573157
320273.411807,2692866.126422,0.843040293040293,0.000183150183150183,0,0,0,0.156776556776557
320773.411807,2692866.126422,0.925091575091575,0,0,0,0,0.0749084249084249
321273.411807,2692866.126422,0.847634763476348,0,0,0,0,0.152365236523652
321773.411807,2692866.126422,0.90952380952381,0,0,0,0,0.0904761904761905
322273.411807,2692866.126422,0.890842490842491,0,0,0,0,0.109157509157509
322773.411807,2692866.126422,0.977447744774477,0,0,0,0,0.0225522552255226
323273.411807,2692866.126422,0.729120879120879,0,0,0,0,0.270879120879121
323773.411807,2692866.126422,0.647985347985348,0,0,0,0,0.352014652014652
324273.411807,2692866.126422,0.856068940227356,0,0,0,0,0.143931059772644
324773.411807,2692866.126422,0.597985347985348,0.015018315018315,0,0,0.0293040293040293,0.357692307692308
325273.411807,2692866.126422,0.607875457875458,0.0043956043956044,0,0.000549450549450549,0.00549450549450549,0.381684981684982
325773.411807,2692866.126422,0.812064539787312,0,0,0,0,0.187935460212688
313773.411807,2692366.126422,0.673996701484332,0.0657870624885468,0.00586402785413231,0.0243723657687374,0.0148433205057724,0.215136521898479
314273.411807,2692366.126422,0.545054138374014,0.0288126261699394,0.00330335841438796,0.0501009359515507,0.0422095797394017,0.330519361350707
314773.411807,2692366.126422,0.882083256922795,0.00770218228498074,0,0,0,0.110214560792224
315273.411807,2692366.126422,0.964449331134323,0,0,0,0,0.0355506688656771
315773.411807,2692366.126422,0.951183703431822,0.0034868783262984,0,0,0,0.0453294182418792
316273.411807,2692366.126422,0.950852741610123,0.000733541169998166,0,0,0,0.048413717219879
316773.411807,2692366.126422,0.803371816016126,0.000733003481766538,0,0,0,0.195895180502107
317273.411807,2692366.126422,0.910809322811525,0.00220223894292531,0,0,0,0.0869884382455496
317773.411807,2692366.126422,0.673390794058316,0.00806895286997983,0,0,0.00146708233999633,0.317073170731707
318273.411807,2692366.126422,0.881803188565146,0,0,0,0.000733003481766538,0.117463807953088
318773.411807,2692366.126422,0.559735731326849,0.0124793540099101,0.00201871903101487,0.0691870067902367,0.0633143696091026,0.293264819232887
319273.411807,2692366.126422,0.642765450210893,0.0216394645149459,0,0,0,0.335595085274161
319773.411807,2692366.126422,0.444016859080081,0.009529045262965,0.000366501740883269,0.353857430822796,0.0232728605460876,0.168957302547187
320273.411807,2692366.126422,0.538997981280969,0.0214718296935217,0.000183519911910442,0.267939071389246,0.0183519911910442,0.153055606533309
320773.411807,2692366.126422,0.568677792041078,0.00770218228498074,0.00256739409499358,0.208875848156978,0.0146708233999633,0.197505960022006
321273.411807,2692366.126422,0.862928348909657,0,0,0,0,0.137071651090343
321773.411807,2692366.126422,0.819783446503946,0,0,0,0,0.180216553496054
322273.411807,2692366.126422,0.913625527232716,0,0,0,0,0.0863744727672841
322773.411807,2692366.126422,0.889133223382811,0,0,0,0,0.110866776617189
323273.411807,2692366.126422,0.791154340245917,0.00440447788585061,0,0.00201871903101487,0.00330335841438796,0.19911910442283
323773.411807,2692366.126422,0.816431322207959,0,0,0,0,0.183568677792041
324273.411807,2692366.126422,0.824445666116914,0,0,0,0,0.175554333883086
324773.411807,2692366.126422,0.876674619196183,0,0,0,0,0.123325380803817
325273.411807,2692366.126422,0.416651384558958,0.013203741059967,0,0.0022006235099945,0.0476801760498808,0.520264074821199
325773.411807,2692366.126422,0.771669415429723,0,0,0.000183250870441635,0.000916254352208173,0.227231079347627
313773.411807,2691866.126422,0.793406593406593,0.0543956043956044,0.000915750915750916,0.000732600732600733,0.00238095238095238,0.148168498168498
314273.411807,2691866.126422,0.645871559633028,0.0581651376146789,0,0.00220183486238532,0.0207339449541284,0.27302752293578
314773.411807,2691866.126422,0.94441386901486,0.0121078701155751,0,0,0,0.0434782608695652
315273.411807,2691866.126422,0.963003663003663,0.000549450549450549,0,0,0,0.0364468864468864
315773.411807,2691866.126422,0.935963302752294,0.00036697247706422,0,0,0,0.0636697247706422
316273.411807,2691866.126422,0.960190790680609,0.001284168042561,0,0,0,0.0385250412768299
316773.411807,2691866.126422,0.81996336996337,0.043040293040293,0,0,0,0.136996336996337
317273.411807,2691866.126422,0.939633027522936,0.00036697247706422,0,0,0,0.06
317773.411807,2691866.126422,0.924967895798936,0.0137589433131535,0,0,0,0.0612731608879105
318273.411807,2691866.126422,0.898351648351648,0.000183150183150183,0,0,0,0.101465201465201
318773.411807,2691866.126422,0.832477064220184,0.00440366972477064,0,0.00036697247706422,0.0190825688073394,0.143669724770642
319273.411807,2691866.126422,0.819666116308934,0.0464135021097046,0,0,0,0.133920381581361
319773.411807,2691866.126422,0.86959706959707,0.00677655677655678,0,0.00183150183150183,0,0.121794871794872
320273.411807,2691866.126422,0.807889908256881,0,0,0,0,0.192110091743119
320773.411807,2691866.126422,0.542469271693267,0.0176114474408365,0,0.0728306732709595,0.0374243258117777,0.329664281783159
321273.411807,2691866.126422,0.352747252747253,0.0111721611721612,0.00695970695970696,0.491575091575092,0.0133699633699634,0.124175824175824
321773.411807,2691866.126422,0.406605504587156,0.00220183486238532,0,0.244770642201835,0.0111926605504587,0.335229357798165
322273.411807,2691866.126422,0.527059255182535,0.0275178866263071,0,0.0434782608695652,0.0273344340487984,0.374610163272794
322773.411807,2691866.126422,0.664102564102564,0,0,0,0.00164835164835165,0.334249084249084
323273.411807,2691866.126422,0.556330275229358,0,0,0,0.00055045871559633,0.443119266055046
323773.411807,2691866.126422,0.870665932856357,0,0,0,0,0.129334067143643
324273.411807,2691866.126422,0.906227106227106,0,0,0,0,0.0937728937728938
324773.411807,2691866.126422,0.804954128440367,0.00036697247706422,0,0.000917431192660551,0.0207339449541284,0.17302752293578
325273.411807,2691866.126422,0.265455879655109,0.0330214639515685,0,0.0126582278481013,0.139423958906623,0.549440469638598
325773.411807,2691866.126422,0.632783882783883,0.00952380952380952,0,0.00402930402930403,0.0461538461538462,0.307509157509158
313773.411807,2691366.126422,0.735606894022736,0.00605060506050605,0,0,0.00055005500550055,0.257792445911258
314273.411807,2691366.126422,0.93992673992674,0.0335164835164835,0,0,0,0.0265567765567766
314773.411807,2691366.126422,0.49981684981685,0.0769230769230769,0,0.000549450549450549,0.0163003663003663,0.406410256410256
315273.411807,2691366.126422,0.845251191785845,0.0256692335900257,0,0,0,0.129079574624129
315773.411807,2691366.126422,0.853663003663004,0.0010989010989011,0,0,0,0.145238095238095
316273.411807,2691366.126422,0.852564102564103,0.0164835164835165,0,0,0.00146520146520147,0.129487179487179
316773.411807,2691366.126422,0.95012834616795,0.00421708837550422,0,0,0,0.0456545654565457
317273.411807,2691366.126422,0.954395604395604,0.000549450549450549,0,0,0,0.0450549450549451
317773.411807,2691366.126422,0.968864468864469,0.00714285714285714,0,0,0,0.023992673992674
318273.411807,2691366.126422,0.973047304730473,0,0,0,0,0.026952695269527
318773.411807,2691366.126422,0.771978021978022,0.0111721611721612,0,0,0.0126373626373626,0.204212454212454
319273.411807,2691366.126422,0.918315018315018,0.00824175824175824,0,0,0,0.0734432234432234
319773.411807,2691366.126422,0.902823615694903,0,0,0,0,0.0971763843050972
320273.411807,2691366.126422,0.836446886446886,0.000549450549450549,0,0,0.00512820512820513,0.157875457875458
320773.411807,2691366.126422,0.818864468864469,0.000366300366300366,0,0,0,0.180769230769231
321273.411807,2691366.126422,0.853318665199853,0,0,0,0,0.146681334800147
321773.411807,2691366.126422,0.313186813186813,0.0139194139194139,0,0.362637362637363,0.0377289377289377,0.272527472527473
322273.411807,2691366.126422,0.349084249084249,0.0146520146520147,0.00714285714285714,0.461355311355311,0.0120879120879121,0.155677655677656
322773.411807,2691366.126422,0.0485881921525486,0.00696736340300697,0.000183351668500183,0.862119545287862,0.0201686835350202,0.061972863953062
323273.411807,2691366.126422,0.0637362637362637,0.00293040293040293,0.00238095238095238,0.872161172161172,0.00970695970695971,0.0490842490842491
323773.411807,2691366.126422,0.0371794871794872,0.0214285714285714,0.000915750915750916,0.863003663003663,0.0379120879120879,0.0395604395604396
324273.411807,2691366.126422,0.302530253025303,0.00788412174550788,0.00366703337000367,0.597726439310598,0.0196186285295196,0.0685735240190686
324773.411807,2691366.126422,0.125457875457875,0.00402930402930403,0.000366300366300366,0.448534798534799,0.076007326007326,0.345604395604396
325273.411807,2691366.126422,0.203663003663004,0.0924908424908425,0.00494505494505494,0.323626373626374,0.0672161172161172,0.308058608058608
325773.411807,2691366.126422,0.641180784745141,0.0665566556655666,0,0.0291529152915292,0.0245691235790246,0.238540520718739
313773.411807,2690866.126422,0.842404251420194,0.0179585853032802,0,0,0,0.139637163276526
314273.411807,2690866.126422,0.808038172141677,0.0794641218572215,0,0,0,0.112497706001101
314773.411807,2690866.126422,0.760682193288098,0.033192737942417,0,0,0,0.206125068769485
315273.411807,2690866.126422,0.616089426424775,0.330034817665384,0,0,0.000916254352208173,0.0529595015576324
315773.411807,2690866.126422,0.866948063864929,0.0945127546338778,0,0,0,0.0385391815011929
316273.411807,2690866.126422,0.921511094810196,0.00201723821749496,0,0,0,0.0764716669723088
316773.411807,2690866.126422,0.860729338464358,0.0282206340480117,0,0,0,0.111050027487631
317273.411807,2690866.126422,0.894843090475317,0.000917599559552211,0,0,0,0.104239309965131
317773.411807,2690866.126422,0.937832385842655,0.000183385292499542,0,0,0,0.061984228864845
318273.411807,2690866.126422,0.903426791277259,0.00183250870441635,0,0,0,0.0947407000183251
318773.411807,2690866.126422,0.784914663240962,0.101486511286475,0,0,0.00201871903101487,0.111580106441549
319273.411807,2690866.126422,0.692646249770768,0.200073354117,0,0,0,0.107280396112232
319773.411807,2690866.126422,0.879970679860729,0,0,0,0,0.120029320139271
320273.411807,2690866.126422,0.516975591851716,0.0034868783262984,0,0,0.0034868783262984,0.476050651495687
320773.411807,2690866.126422,0.599119750596002,0.024390243902439,0,0,0,0.376490005501559
321273.411807,2690866.126422,0.796041781198461,0.0221733553234378,0,0,0,0.181784863478102
321773.411807,2690866.126422,0.43567627087539,0.12864745824922,0,0.0275279867865663,0.0423930996513122,0.365755184437511
322273.411807,2690866.126422,0.345681276361636,0.0251237850724372,0,0.0407115349348982,0.0386942967174033,0.549789106913625
322773.411807,2690866.126422,0.675829210188748,0.00659703133589885,0,0.000733003481766538,0.00696353307678211,0.309877221916804
323273.411807,2690866.126422,0.701596623233621,0.0600110111947146,0,0.0416590200036704,0.00110111947146265,0.195632226096531
323773.411807,2690866.126422,0.646799926645883,0.00880249403997799,0,0.0295250320924262,0.000183385292499542,0.314689161929213
324273.411807,2690866.126422,0.365585486531061,0.0183250870441635,0,0.447681876488913,0.00164925783397471,0.166758292101887
324773.411807,2690866.126422,0.530372545421178,0.0161497522481189,0.0152321526885667,0.36502110478987,0.000734079647641769,0.0724903652046247
325273.411807,2690866.126422,0.154960572162113,0.00715202640748212,0.0144874381074638,0.717403264258206,0.0181551439574546,0.0878415551072804
325773.411807,2690866.126422,0.00549752611324904,0.00751328568810702,0.000183250870441635,0.967198094190947,0.0100787978742899,0.009529045262965
313773.411807,2690366.126422,0.855311355311355,0.0159340659340659,0,0,0,0.128754578754579
314273.411807,2690366.126422,0.585137614678899,0.258715596330275,0.00623853211009174,0.00568807339449541,0.000917431192660551,0.143302752293578
314773.411807,2690366.126422,0.77747202348193,0.0343056319941295,0,0,0.001284168042561,0.18693817648138
315273.411807,2690366.126422,0.792490842490842,0.0401098901098901,0,0.000183150183150183,0.00146520146520147,0.165750915750916
315773.411807,2690366.126422,0.780733944954128,0.086605504587156,0,0,0,0.132660550458716
316273.411807,2690366.126422,0.862594019445973,0.0267840763162722,0,0,0,0.110621904237755
316773.411807,2690366.126422,0.842857142857143,0.030952380952381,0,0,0,0.126190476190476
317273.411807,2690366.126422,0.872660550458716,0.00697247706422018,0,0.00036697247706422,0.00660550458715596,0.113394495412844
317773.411807,2690366.126422,0.804256099798202,0.000183452577508714,0,0,0,0.195560447624289
318273.411807,2690366.126422,0.852014652014652,0.0159340659340659,0,0,0,0.132051282051282
318773.411807,2690366.126422,0.815596330275229,0.118899082568807,0,0,0,0.0655045871559633
319273.411807,2690366.126422,0.802421574023115,0.0950284351495139,0,0,0,0.102549990827371
319773.411807,2690366.126422,0.82014652014652,0.000366300366300366,0,0,0,0.179487179487179
320273.411807,2690366.126422,0.529357798165138,0.0491743119266055,0,0,0,0.421467889908257
320773.411807,2690366.126422,0.567235369656944,0.076316272243625,0,0,0,0.356448358099431
321273.411807,2690366.126422,0.697252747252747,0.0357142857142857,0,0,0,0.267032967032967
321773.411807,2690366.126422,0.543669724770642,0.046605504587156,0.00128440366972477,0.00862385321100917,0.0306422018348624,0.369174311926605
322273.411807,2690366.126422,0.505962208769033,0.0834709227664649,0.000733810310034856,0.00348559897266557,0.0221977618785544,0.384149697303247
322773.411807,2690366.126422,0.605311355311355,0.000732600732600733,0,0,0,0.393956043956044
323273.411807,2690366.126422,0.738165137614679,0.0139449541284404,0,0,0,0.247889908256881
323773.411807,2690366.126422,0.699871583195744,0.0155934690882407,0,0,0,0.284534947716015
324273.411807,2690366.126422,0.832417582417582,0.000549450549450549,0,0,0,0.167032967032967
324773.411807,2690366.126422,0.902752293577982,0.00128440366972477,0,0,0,0.0959633027522936
325273.411807,2690366.126422,0.607594936708861,0.00440286186020914,0.000183452577508714,0.0396257567418822,0.0739313887360117,0.274261603375527
325773.411807,2690366.126422,0.285531135531136,0.0454212454212454,0,0.302930402930403,0.0666666666666667,0.299450549450549
313773.411807,2689866.126422,0.8001466813348,0.0359369270260359,0,0.0148514851485149,0.00898423175650898,0.14008067473414
314273.411807,2689866.126422,0.627106227106227,0.301831501831502,0,0.00274725274725275,0.00238095238095238,0.0659340659340659
314773.411807,2689866.126422,0.863736263736264,0.0331501831501832,0,0,0,0.103113553113553
315273.411807,2689866.126422,0.875320865419875,0.0106343967730106,0,0,0,0.114044737807114
315773.411807,2689866.126422,0.862087912087912,0.0498168498168498,0,0,0,0.0880952380952381
316273.411807,2689866.126422,0.825824175824176,0.0100732600732601,0,0,0.000183150183150183,0.163919413919414
316773.411807,2689866.126422,0.87037037037037,0,0,0,0,0.12962962962963
317273.411807,2689866.126422,0.809340659340659,0.00146520146520147,0,0,0.00366300366300366,0.185531135531136
317773.411807,2689866.126422,0.79010989010989,0.0304029304029304,0,0,0.00128205128205128,0.178205128205128
318273.411807,2689866.126422,0.821048771543821,0.0311697836450312,0,0,0,0.147781444811148
318773.411807,2689866.126422,0.854578754578755,0.0532967032967033,0,0,0,0.0921245421245421
319273.411807,2689866.126422,0.815384615384615,0.000366300366300366,0,0,0,0.184249084249084
319773.411807,2689866.126422,0.855518885221855,0.00055005500550055,0,0,0,0.143931059772644
320273.411807,2689866.126422,0.795604395604396,0.0100732600732601,0,0,0,0.194322344322344
320773.411807,2689866.126422,0.728205128205128,0.0119047619047619,0,0,0,0.25989010989011
321273.411807,2689866.126422,0.793546021268794,0.00385038503850385,0,0.0022002200220022,0.00843417675100843,0.191969196919692
321773.411807,2689866.126422,0.571978021978022,0.0710622710622711,0.000366300366300366,0.0172161172161172,0.0263736263736264,0.313003663003663
322273.411807,2689866.126422,0.262454212454212,0.118864468864469,0.0021978021978022,0.00824175824175824,0.0549450549450549,0.553296703296703
322773.411807,2689866.126422,0.458562522918959,0.00531719838650532,0,0.00055005500550055,0.00293362669600293,0.532636596993033
323273.411807,2689866.126422,0.718864468864469,0.0269230769230769,0,0,0,0.254212454212454
323773.411807,2689866.126422,0.649450549450549,0.0102564102564103,0,0,0,0.34029304029304
324273.411807,2689866.126422,0.712137880454712,0.0122845617895123,0,0,0,0.275577557755776
324773.411807,2689866.126422,0.914835164835165,0.000183150183150183,0,0,0,0.084981684981685
325273.411807,2689866.126422,0.942124542124542,0,0,0,0,0.0578754578754579
325773.411807,2689866.126422,0.560872753942061,0.0458379171250458,0,0.0495049504950495,0.114778144481115,0.229006233956729
313773.411807,2689366.126422,0.915521348726406,0.00696353307678211,0,0,0,0.0775151181968114
314273.411807,2689366.126422,0.848412552761975,0.0789135621214902,0,0,0,0.0726738851165352
314773.411807,2689366.126422,0.737575646433156,0.06400146708234,0,0,0,0.198422886484504
315273.411807,2689366.126422,0.888583470771486,0.042147700201576,0,0,0,0.0692688290269379
315773.411807,2689366.126422,0.739218205175261,0.104239309965131,0,0.000183519911910442,0,0.156358964947697
316273.411807,2689366.126422,0.805794975242985,0.0201723821749496,0,0,0,0.174032642582065
316773.411807,2689366.126422,0.763789628000733,0.00513102437236577,0,0,0,0.231079347626901
317273.411807,2689366.126422,0.663240961644338,0.0343182235272527,0,0,0.000734079647641769,0.301706735180767
317773.411807,2689366.126422,0.723088208325692,0.0911424903722722,0,0,0,0.185769301302036
318273.411807,2689366.126422,0.646692321788529,0.064687557265897,0,0,0,0.288620120945574
318773.411807,2689366.126422,0.820517526151587,0.0688199669664159,0,0,0,0.110662506881997
319273.411807,2689366.126422,0.885567577480286,0.00293416467999266,0,0,0,0.111498257839721
319773.411807,2689366.126422,0.88455195162177,0.0109950522264981,0,0,0,0.104452996151732
320273.411807,2689366.126422,0.84235639566893,0.000183519911910442,0,0,0,0.157460084419159
320773.411807,2689366.126422,0.417935081606455,0.00110031175499725,0,0,0.00293416467999266,0.578030441958555
321273.411807,2689366.126422,0.625618471687741,0.00861279091075683,0,0,0.0089792926516401,0.356789444749863
321773.411807,2689366.126422,0.807854652229767,0.00972655533125344,0,0,0,0.18241879243898
322273.411807,2689366.126422,0.748395378690629,0.00238400880249404,0,0,0,0.249220612506877
322773.411807,2689366.126422,0.858530328019058,0.000366501740883269,0,0,0,0.141103170240059
323273.411807,2689366.126422,0.762525233987888,0.0012846393833731,0,0,0,0.236190126628739
323773.411807,2689366.126422,0.723638364203191,0.033192737942417,0,0,0,0.243168897854392
324273.411807,2689366.126422,0.83525746747297,0,0,0,0,0.16474253252703
324773.411807,2689366.126422,0.859607267388512,0,0,0,0,0.140392732611488
325273.411807,2689366.126422,0.942417018155144,0.00256739409499358,0,0,0,0.0550155877498625
325773.411807,2689366.126422,0.457210921751878,0.0652373098772219,0,0.0663368150998717,0.147883452446399,0.263331500824629
313773.411807,2688866.126422,0.937362637362637,0.0175824175824176,0,0,0,0.0450549450549451
314273.411807,2688866.126422,0.937247706422018,0.00293577981651376,0,0,0,0.0598165137614679
314773.411807,2688866.126422,0.746835443037975,0.0574206567602275,0,0,0,0.195743900201798
315273.411807,2688866.126422,0.771794871794872,0.124725274725275,0,0,0,0.103479853479853
315773.411807,2688866.126422,0.452293577981651,0.123669724770642,0,0,0.0212844036697248,0.402752293577982
316273.411807,2688866.126422,0.564667033571822,0.0366905155017428,0,0.00146762062006971,0.0385250412768299,0.358649789029536
316773.411807,2688866.126422,0.72985347985348,0.0935897435897436,0,0.000366300366300366,0.00384615384615385,0.172344322344322
317273.411807,2688866.126422,0.664220183486239,0.0935779816513762,0,0,0,0.242201834862385
317773.411807,2688866.126422,0.768666299761512,0.147679324894515,0,0,0,0.0836543753439736
318273.411807,2688866.126422,0.797985347985348,0.131501831501832,0,0,0,0.0705128205128205
318773.411807,2688866.126422,0.791743119266055,0.0355963302752294,0,0,0,0.172660550458716
319273.411807,2688866.126422,0.892496789579894,0.00733810310034856,0,0,0,0.100165107319758
319773.411807,2688866.126422,0.891575091575092,0.0186813186813187,0,0,0,0.0897435897435897
320273.411807,2688866.126422,0.90697247706422,0.00036697247706422,0,0,0,0.0926605504587156
320773.411807,2688866.126422,0.573839662447257,0.0172445422858191,0,0,0,0.408915795266924
321273.411807,2688866.126422,0.497252747252747,0.00549450549450549,0,0,0.0163003663003663,0.480952380952381
321773.411807,2688866.126422,0.825504587155963,0.00146788990825688,0,0,0,0.17302752293578
322273.411807,2688866.126422,0.687213355347643,0,0,0,0,0.312786644652357
322773.411807,2688866.126422,0.814835164835165,0,0,0,0,0.185164835164835
323273.411807,2688866.126422,0.567706422018349,0.0755963302752294,0,0,0,0.356697247706422
323773.411807,2688866.126422,0.252797651807008,0.00513667217024399,0,0,0.00110071546505228,0.740964960557696
324273.411807,2688866.126422,0.266849816849817,0.00732600732600733,0,0.0252747252747253,0.0271062271062271,0.673443223443223
324773.411807,2688866.126422,0.866788990825688,0.0211009174311927,0,0,0,0.112110091743119
325273.411807,2688866.126422,0.946064942212438,0,0,0,0,0.0539350577875619
325773.411807,2688866.126422,0.825457875457875,0.00274725274725275,0,0.00128205128205128,0.0108058608058608,0.15970695970696
313773.411807,2688366.126422,0.935643564356436,0,0,0,0,0.0643564356435644
314273.411807,2688366.126422,0.918864468864469,0.00164835164835165,0,0,0,0.0794871794871795
314773.411807,2688366.126422,0.93974358974359,0.0208791208791209,0,0,0,0.0393772893772894
315273.411807,2688366.126422,0.766776677667767,0.118078474514118,0,0.0221855518885222,0.0469380271360469,0.046021268793546
315773.411807,2688366.126422,0.593223443223443,0.304395604395604,0,0,0.00347985347985348,0.0989010989010989
316273.411807,2688366.126422,0.821428571428571,0.0542124542124542,0,0,0,0.124358974358974
316773.411807,2688366.126422,0.77979464613128,0.0744407774110744,0,0,0,0.145764576457646
317273.411807,2688366.126422,0.728937728937729,0.148168498168498,0,0,0.000366300366300366,0.122527472527473
317773.411807,2688366.126422,0.759157509157509,0.194139194139194,0,0,0,0.0467032967032967
318273.411807,2688366.126422,0.556839017235057,0.143381004767143,0,0,0,0.2997799779978
318773.411807,2688366.126422,0.602747252747253,0.00750915750915751,0,0,0,0.38974358974359
319273.411807,2688366.126422,0.82948717948718,0.00970695970695971,0,0,0,0.160805860805861
319773.411807,2688366.126422,0.812614594792813,0.0572057205720572,0,0,0,0.13017968463513
320273.411807,2688366.126422,0.586080586080586,0.0538461538461538,0,0,0.00421245421245421,0.355860805860806
320773.411807,2688366.126422,0.833516483516484,0.00732600732600733,0,0,0,0.159157509157509
321273.411807,2688366.126422,0.559405940594059,0.0033003300330033,0,0.0044004400440044,0.0282361569490282,0.404657132379905
321773.411807,2688366.126422,0.606959706959707,0.00970695970695971,0,0.000549450549450549,0.0175824175824176,0.365201465201465
322273.411807,2688366.126422,0.683882783882784,0,0,0,0,0.316117216117216
322773.411807,2688366.126422,0.776127612761276,0,0,0,0,0.223872387238724
323273.411807,2688366.126422,0.648351648351648,0,0,0,0,0.351648351648352
323773.411807,2688366.126422,0.146336996336996,0.0965201465201465,0,0,0,0.757142857142857
324273.411807,2688366.126422,0.0742574257425743,0.0328199486615328,0,0.01998533186652,0.11019435276861,0.762742940960763
324773.411807,2688366.126422,0.437545787545788,0.00183150183150183,0,0,0.0032967032967033,0.557326007326007
325273.411807,2688366.126422,0.697252747252747,0.00384615384615385,0,0,0.000183150183150183,0.298717948717949
325773.411807,2688366.126422,0.72955628896223,0.000366703337000367,0,0.000183351668500183,0.00165016501650165,0.268243491015768
313773.411807,2687866.126422,0.880886934212938,0.0298698918819864,0,0,0,0.0892431739050761
314273.411807,2687866.126422,0.827674802716095,0.00734079647641769,0,0,0,0.164984400807488
314773.411807,2687866.126422,0.782688428388043,0.112415184302219,0,0,0.000183385292499542,0.104713002017238
315273.411807,2687866.126422,0.889682975994136,0.10426974528129,0,0,0,0.00604727872457394
315773.411807,2687866.126422,0.729858689667829,0.220774454028262,0,0,0,0.049366856303909
316273.411807,2687866.126422,0.784338896020539,0.0460297084173849,0,0,0,0.169631395562076
316773.411807,2687866.126422,0.881253435953821,0.118746564046179,0,0,0,0
317273.411807,2687866.126422,0.759038355661589,0.216369976142411,0,0,0,0.0245916681959993
317773.411807,2687866.126422,0.768751146158078,0.160828901522098,0,0,0,0.070419952319824
318273.411807,2687866.126422,0.230712845886018,0.172255818215137,0,0,0.000916254352208173,0.596115081546637
318773.411807,2687866.126422,0.703615342264636,0,0,0,0,0.296384657735364
319273.411807,2687866.126422,0.763249587383092,0.0381441408399046,0,0,0,0.198606271777003
319773.411807,2687866.126422,0.800989554700385,0.0296866410115448,0,0,0,0.16932380428807
320273.411807,2687866.126422,0.790420260598275,0.0231235089007157,0,0,0,0.186456230501009
320773.411807,2687866.126422,0.839537869062901,0.00696864111498258,0,0,0,0.153493489822116
321273.411807,2687866.126422,0.675096206706982,0.0342679127725857,0,0,0.00109950522264981,0.289536375297783
321773.411807,2687866.126422,0.728941090108277,0.0012846393833731,0,0,0.00146815929528354,0.268306111213067
322273.411807,2687866.126422,0.806895286997983,0.00256739409499358,0,0,0,0.190537318907024
322773.411807,2687866.126422,0.861828843687008,0.000549752611324904,0,0,0,0.137621403701668
323273.411807,2687866.126422,0.894476050651496,0,0,0,0,0.105523949348504
323773.411807,2687866.126422,0.297817715019255,0.0746378140473134,0,0,0,0.627544470933431
324273.411807,2687866.126422,0.312442734102987,0.129924867143119,0,0.157229246838922,0.0185083379146051,0.381894814000367
324773.411807,2687866.126422,0.264085153239126,0.114516425032116,0,0.0625802899614608,0.0418425399155808,0.516975591851716
325273.411807,2687866.126422,0.835136622042912,0.00641848523748395,0,0,0,0.158444892719604
325773.411807,2687866.126422,0.753527579256001,0.0566245189664651,0,0,0.000916254352208173,0.188931647425325
313773.411807,2687366.126422,0.925641025641026,0.0135531135531136,0,0,0,0.0608058608058608
314273.411807,2687366.126422,0.864954128440367,0.0172477064220183,0,0,0,0.117798165137615
314773.411807,2687366.126422,0.875252247294074,0.0374243258117777,0,0,0,0.0873234268941479
315273.411807,2687366.126422,0.813369963369963,0.124908424908425,0,0,0,0.0617216117216117
315773.411807,2687366.126422,0.74256880733945,0.00935779816513761,0,0,0.00110091743119266,0.24697247706422
316273.411807,2687366.126422,0.79031370390754,0.0324711062190424,0,0,0,0.177215189873418
316773.411807,2687366.126422,0.85,0.0783882783882784,0,0,0,0.0716117216117216
317273.411807,2687366.126422,0.848807339449541,0.0629357798165138,0,0,0,0.088256880733945
317773.411807,2687366.126422,0.73179233168226,0,0,0,0,0.26820766831774
318273.411807,2687366.126422,0.706593406593407,0,0,0,0,0.293406593406593
318773.411807,2687366.126422,0.944770642201835,0.00073394495412844,0,0,0,0.0544954128440367
319273.411807,2687366.126422,0.961841863878187,0.0185287103283801,0,0,0,0.0196294257934324
319773.411807,2687366.126422,0.924725274725275,0.00238095238095238,0,0,0,0.0728937728937729
320273.411807,2687366.126422,0.823853211009174,0.00201834862385321,0,0,0,0.174128440366972
320773.411807,2687366.126422,0.765180700788846,0.0210970464135021,0,0,0,0.213722252797652
321273.411807,2687366.126422,0.76007326007326,0.0181318681318681,0,0,0,0.221794871794872
321773.411807,2687366.126422,0.613577981651376,0,0,0,0,0.386422018348624
322273.411807,2687366.126422,0.841496973032471,0.00201797835259585,0,0,0,0.156485048614933
322773.411807,2687366.126422,0.784615384615385,0.00421245421245421,0,0,0,0.211172161172161
323273.411807,2687366.126422,0.704587155963303,0,0,0,0,0.295412844036697
323773.411807,2687366.126422,0.522289488167309,0.000366905155017428,0,0,0.000183452577508714,0.477160154100165
324273.411807,2687366.126422,0.269230769230769,0.231501831501832,0.00128205128205128,0.315750915750916,0.000915750915750916,0.181318681318681
324773.411807,2687366.126422,0.0394495412844037,0.356330275229358,0.0141284403669725,0.182385321100917,0.016697247706422,0.391009174311927
325273.411807,2687366.126422,0.844799119427628,0,0,0,0,0.155200880572372
325773.411807,2687366.126422,0.851282051282051,0.0653846153846154,0,0,0.000183150183150183,0.0831501831501831
313773.411807,2686866.126422,0.914924825815915,0.0117345067840117,0,0,0,0.0733406674000733
314273.411807,2686866.126422,0.879304029304029,0.0175824175824176,0,0,0,0.103113553113553
314773.411807,2686866.126422,0.935714285714286,0.0443223443223443,0,0,0,0.01996336996337
315273.411807,2686866.126422,0.777961129446278,0.0561056105610561,0,0,0,0.165933259992666
315773.411807,2686866.126422,0.866300366300366,0.00586080586080586,0,0,0,0.127838827838828
316273.411807,2686866.126422,0.77967032967033,0,0,0,0,0.22032967032967
316773.411807,2686866.126422,0.848551521818849,0,0,0,0,0.151448478181151
317273.411807,2686866.126422,0.862637362637363,0,0,0,0,0.137362637362637
317773.411807,2686866.126422,0.92985347985348,0.000183150183150183,0,0,0,0.06996336996337
318273.411807,2686866.126422,0.66024935826916,0.000366703337000367,0,0.00146681334800147,0.00458379171250458,0.333333333333333
318773.411807,2686866.126422,0.876739926739927,0.00402930402930403,0,0,0,0.119230769230769
319273.411807,2686866.126422,0.83974358974359,0.0393772893772894,0,0,0,0.120879120879121
319773.411807,2686866.126422,0.876604327099377,0.0313531353135314,0,0,0,0.092042537587092
320273.411807,2686866.126422,0.874908424908425,0.00421245421245421,0,0,0,0.120879120879121
320773.411807,2686866.126422,0.885714285714286,0.00531135531135531,0,0,0,0.108974358974359
321273.411807,2686866.126422,0.827832783278328,0.00311697836450312,0,0,0.0102676934360103,0.158782544921159
321773.411807,2686866.126422,0.377472527472527,0.000549450549450549,0,0,0,0.621978021978022
322273.411807,2686866.126422,0.595238095238095,0.0153846153846154,0,0,0,0.389377289377289
322773.411807,2686866.126422,0.764576457645765,0.000183351668500183,0,0,0,0.235240190685735
323273.411807,2686866.126422,0.601831501831502,0.0250915750915751,0,0,0.0032967032967033,0.36978021978022
323773.411807,2686866.126422,0.305128205128205,0.106410256410256,0,0.0010989010989011,0.0184981684981685,0.568864468864469
324273.411807,2686866.126422,0.336083608360836,0.124679134580125,0,0.00366703337000367,0.00146681334800147,0.534103410341034
324773.411807,2686866.126422,0.492673992673993,0.102014652014652,0,0.00860805860805861,0.0181318681318681,0.378571428571429
325273.411807,2686866.126422,0.91959706959707,0.00934065934065934,0,0,0,0.0710622710622711
325773.411807,2686866.126422,0.761092775944261,0.00861752841950862,0,0.0022002200220022,0.0251191785845251,0.202970297029703
313773.411807,2686366.126422,0.77020340846619,0.0822796408282939,0,0,0.00256551218618288,0.144951438519333
314273.411807,2686366.126422,0.715727656450725,0.19104422829877,0,0,0,0.0932281152505047
314773.411807,2686366.126422,0.747661837520631,0.22813130386943,0,0,0.00770218228498074,0.0165046763249587
315273.411807,2686366.126422,0.831775700934579,0.0919919369617006,0,0,0,0.07623236210372
315773.411807,2686366.126422,0.691686547990457,0.028629106258029,0,0,0,0.279684345751514
316273.411807,2686366.126422,0.796992481203007,0.00935264991747662,0,0,0,0.193654868879516
316773.411807,2686366.126422,0.848818031885651,0.00311526479750779,0,0,0,0.148066703316841
317273.411807,2686366.126422,0.87153606166269,0.000183519911910442,0,0,0,0.128280418425399
317773.411807,2686366.126422,0.87218045112782,0,0,0,0,0.12781954887218
318273.411807,2686366.126422,0.625801722558182,0.013560564412681,0,0.0179585853032802,0.0271211288253619,0.315557998900495
318773.411807,2686366.126422,0.61809506331437,0.015782712424298,0,0,0.000183519911910442,0.365938704349422
319273.411807,2686366.126422,0.766550522648084,0.057216211259857,0,0,0,0.176233266092059
319773.411807,2686366.126422,0.86659336631849,0.00183250870441635,0,0,0,0.131574124977094
320273.411807,2686366.126422,0.69278766746192,0.00330335841438796,0,0,0.00110111947146265,0.30280785465223
320773.411807,2686366.126422,0.848707133687878,0,0,0,0,0.151292866312122
321273.411807,2686366.126422,0.814733369983507,0.00109950522264981,0,0,0.000183250870441635,0.183983873923401
321773.411807,2686366.126422,0.826573683244632,0.000550559735731327,0,0,0,0.172875757019637
322273.411807,2686366.126422,0.676875114615808,0.0372272143774069,0,0,0,0.285897671006785
322773.411807,2686366.126422,0.694520798973795,0.0113615539673813,0,0,0,0.294117647058824
323273.411807,2686366.126422,0.376582859240228,0,0,0,0,0.623417140759772
323773.411807,2686366.126422,0.778653951953053,0,0,0,0,0.221346048046947
324273.411807,2686366.126422,0.91588785046729,0,0,0,0,0.0841121495327103
324773.411807,2686366.126422,0.927876674619196,0.00293631859056708,0,0,0,0.0691870067902367
325273.411807,2686366.126422,0.950119200440125,0.00403447643498991,0,0,0,0.0458463231248854
325773.411807,2686366.126422,0.363386476085761,0.0371999266996518,0.0295033901411032,0.391973611874656,0.0555250137438153,0.122411581455012
313773.411807,2685866.126422,0.781135531135531,0.141941391941392,0,0,0,0.0769230769230769
314273.411807,2685866.126422,0.647889908256881,0.29743119266055,0,0,0.00660550458715596,0.0480733944954128
314773.411807,2685866.126422,0.491836360300862,0.201797835259585,0,0,0.0159603742432581,0.290405430196294
315273.411807,2685866.126422,0.76007326007326,0.0677655677655678,0,0,0.00146520146520147,0.170695970695971
315773.411807,2685866.126422,0.871559633027523,0.00055045871559633,0,0,0,0.127889908256881
316273.411807,2685866.126422,0.877820583379196,0,0,0,0,0.122179416620804
316773.411807,2685866.126422,0.759157509157509,0.00164835164835165,0,0.000366300366300366,0.00164835164835165,0.237179487179487
317273.411807,2685866.126422,0.797798165137615,0.00587155963302752,0,0,0.000917431192660551,0.195412844036697
317773.411807,2685866.126422,0.587965510915428,0.0985140341221794,0.010273344340488,0.0374243258117777,0.0260502660062374,0.239772518803889
318273.411807,2685866.126422,0.60970695970696,0.15952380952381,0.00934065934065934,0.0221611721611722,0.00549450549450549,0.193772893772894
318773.411807,2685866.126422,0.446422018348624,0.0467889908256881,0.00073394495412844,0.100917431192661,0.0515596330275229,0.353577981651376
319273.411807,2685866.126422,0.747385800770501,0.00110071546505228,0,0,0,0.251513483764447
319773.411807,2685866.126422,0.486630036630037,0.0732600732600733,0.00293040293040293,0.0551282051282051,0.0377289377289377,0.344322344322344
320273.411807,2685866.126422,0.596697247706422,0.0253211009174312,0,0.026605504587156,0.0218348623853211,0.32954128440367
320773.411807,2685866.126422,0.600807191341038,0.0467804072647221,0.000183452577508714,0.0730141258484682,0.0135754907356448,0.265639332232618
321273.411807,2685866.126422,0.633150183150183,0.0703296703296703,0.000549450549450549,0.00695970695970696,0.0216117216117216,0.267399267399267
321773.411807,2685866.126422,0.407706422018349,0.187522935779817,0.00990825688073394,0,0.00018348623853211,0.394678899082569
322273.411807,2685866.126422,0.839295542102367,0.0843881856540084,0,0,0,0.076316272243625
322773.411807,2685866.126422,0.723443223443223,0.00879120879120879,0,0,0,0.267765567765568
323273.411807,2685866.126422,0.354311926605505,0.0337614678899083,0,0,0,0.611926605504587
323773.411807,2685866.126422,0.785543936892313,0,0,0,0,0.214456063107687
324273.411807,2685866.126422,0.878388278388278,0.000549450549450549,0,0,0,0.121062271062271
324773.411807,2685866.126422,0.868623853211009,0,0,0,0,0.131376146788991
325273.411807,2685866.126422,0.746285085305449,0.00898917629792699,0,0.00366905155017428,0.0124747752705926,0.228581911575858
325773.411807,2685866.126422,0.0531135531135531,0.0269230769230769,0.292307692307692,0.491391941391941,0.0406593406593407,0.0956043956043956
313773.411807,2685366.126422,0.561789512284562,0.211037770443711,0,0,0,0.227172717271727
314273.411807,2685366.126422,0.554395604395604,0.335164835164835,0,0.000183150183150183,0.0106227106227106,0.0996336996336996
314773.411807,2685366.126422,0.558241758241758,0.104029304029304,0,0,0,0.337728937728938
315273.411807,2685366.126422,0.614778144481115,0.0333700036670334,0,0.00348368170150348,0.0242024202420242,0.324165749908324
315773.411807,2685366.126422,0.655128205128205,0.0413919413919414,0,0.0142857142857143,0.019047619047619,0.27014652014652
316273.411807,2685366.126422,0.580952380952381,0.0695970695970696,0,0.0331501831501832,0.0468864468864469,0.269413919413919
316773.411807,2685366.126422,0.552255225522552,0.167766776677668,0.00055005500550055,0.0295196186285295,0.0221855518885222,0.227722772277228
317273.411807,2685366.126422,0.432417582417582,0.38021978021978,0.00970695970695971,0.0322344322344322,0.0021978021978022,0.143223443223443
317773.411807,2685366.126422,0.513553113553114,0.348351648351648,0,0.00164835164835165,0.000183150183150183,0.136263736263736
318273.411807,2685366.126422,0.0313531353135314,0.220755408874221,0.0106343967730106,0.523835716905024,0.0792079207920792,0.134213421342134
318773.411807,2685366.126422,0.13956043956044,0.255494505494505,0.0183150183150183,0.210989010989011,0.0782051282051282,0.297435897435897
319273.411807,2685366.126422,0.387179487179487,0.221794871794872,0.00183150183150183,0.0631868131868132,0.00604395604395604,0.31996336996337
319773.411807,2685366.126422,0.234140080674734,0.418041804180418,0.00366703337000367,0.216538320498717,0.0146681334800147,0.112944627796113
320273.411807,2685366.126422,0.147069597069597,0.535347985347985,0.0102564102564103,0.0926739926739927,0.0267399267399267,0.187912087912088
320773.411807,2685366.126422,0.214102564102564,0.105677655677656,0.0021978021978022,0.225274725274725,0.0838827838827839,0.368864468864469
321273.411807,2685366.126422,0.46002933626696,0.106710671067107,0.00238357169050238,0.126696002933627,0.0297029702970297,0.274477447744774
321773.411807,2685366.126422,0.854578754578755,0.0494505494505494,0,0,0,0.095970695970696
322273.411807,2685366.126422,0.853663003663004,0.056043956043956,0,0,0,0.0902930402930403
322773.411807,2685366.126422,0.778511184451778,0.0757242390905757,0,0,0,0.145764576457646
323273.411807,2685366.126422,0.634981684981685,0.0862637362637363,0,0,0,0.278754578754579
323773.411807,2685366.126422,0.764652014652015,0.0010989010989011,0,0.000549450549450549,0.00476190476190476,0.228937728937729
324273.411807,2685366.126422,0.73010634396773,0.0368536853685369,0,0,0,0.233039970663733
324773.411807,2685366.126422,0.682051282051282,0.000366300366300366,0,0,0,0.317582417582418
325273.411807,2685366.126422,0.181501831501831,0.0181318681318681,0,0.104212454212454,0.100732600732601,0.595421245421245
325773.411807,2685366.126422,0.0113678034470114,0.00458379171250458,0.445727906123946,0.49028236156949,0.00678401173450678,0.0412541254125413
313773.411807,2684866.126422,0.848268279274327,0.099321971779366,0,0,0,0.0524097489463075
314273.411807,2684866.126422,0.643420811158011,0.22811525050468,0,0,0.00403743806202973,0.12442650027528
314773.411807,2684866.126422,0.494039977993765,0.0361269026224097,0,0.000183385292499542,0.000916926462497708,0.468732807628828
315273.411807,2684866.126422,0.749312809235844,0.0965732087227414,0,0,0.000916254352208173,0.153197727689207
315773.411807,2684866.126422,0.881079097082033,0.0200036703982382,0,0,0,0.0989172325197284
316273.411807,2684866.126422,0.691362552723272,0.257289565376857,0,0.000366770584999083,0,0.0509811113148725
316773.411807,2684866.126422,0.716877405167675,0.243540406816932,0,0,0,0.0395821880153931
317273.411807,2684866.126422,0.742338043677739,0.21159845843274,0,0,0,0.046063497889521
317773.411807,2684866.126422,0.759398496240602,0.118100128369705,0.000550155877498625,0.000183385292499542,0.000183385292499542,0.121584448927196
318273.411807,2684866.126422,0.247571925966648,0.0850284038849184,0.0188748396554884,0.0632215503023639,0.0985889682975994,0.486714311892981
318773.411807,2684866.126422,0.274545788218022,0.212332538080382,0.00110111947146265,0.00568911726922371,0.00770783630023858,0.498623600660672
319273.411807,2684866.126422,0.654318723638364,0.250137538969375,0,0,0,0.0955437373922611
319773.411807,2684866.126422,0.598497342862379,0.207806487080814,0,0,0,0.193696170056808
320273.411807,2684866.126422,0.430537713341898,0.12038906221325,0,0.00513855753349238,0.0376215819416407,0.406313084969719
320773.411807,2684866.126422,0.0493306436823767,0.151476251604621,0.00146708233999633,0.163579680909591,0.221529433339446,0.412616908123968
321273.411807,2684866.126422,0.299615173172073,0.109400769653656,0,0.294667399670148,0.0668865677111966,0.229430089792927
321773.411807,2684866.126422,0.790053220774454,0.131767296751698,0,0,0,0.0781794824738484
322273.411807,2684866.126422,0.777553640198056,0.0867412433522831,0,0,0,0.135705116449661
322773.411807,2684866.126422,0.748396554883636,0.0681693238042881,0,0,0,0.183434121312076
323273.411807,2684866.126422,0.726922371077262,0.0170673518076711,0,0,0,0.256010277115067
323773.411807,2684866.126422,0.598752980011003,0.0207225380524482,0,0,0.000183385292499542,0.380341096644049
324273.411807,2684866.126422,0.870808136338648,0.0535092541689573,0,0,0,0.0756826094923951
324773.411807,2684866.126422,0.926408515323913,0.00623967700495504,0,0,0,0.0673518076711323
325273.411807,2684866.126422,0.258206491839354,0.0783055198973042,0,0.126352466532184,0.0748211993398129,0.462314322391344
313773.411807,2684366.126422,0.910622710622711,0.0525641025641026,0,0,0,0.0368131868131868
314273.411807,2684366.126422,0.705871559633028,0.19394495412844,0,0.00110091743119266,0.0196330275229358,0.0794495412844037
314773.411807,2684366.126422,0.393322326178683,0.142726105301779,0.00550357732526142,0.000366905155017428,0.00476976701522656,0.453311319024032
315273.411807,2684366.126422,0.754761904761905,0.0706959706959707,0,0,0.000183150183150183,0.174358974358974
315773.411807,2684366.126422,0.666605504587156,0.0592660550458716,0,0,0.00403669724770642,0.270091743119266
316273.411807,2684366.126422,0.764446890478811,0.148963492937076,0,0,0,0.086589616584113
316773.411807,2684366.126422,0.614835164835165,0.280952380952381,0,0,0,0.104212454212454
317273.411807,2684366.126422,0.845871559633028,0.0500917431192661,0,0,0,0.104036697247706
317773.411807,2684366.126422,0.898367272060172,0.00275178866263071,0,0,0,0.0988809392771968
318273.411807,2684366.126422,0.678205128205128,0,0,0,0.000732600732600733,0.321062271062271
318773.411807,2684366.126422,0.510825688073394,0.0211009174311927,0,0.000917431192660551,0.0018348623853211,0.465321100917431
319273.411807,2684366.126422,0.615116492386718,0.0975967712346359,0,0,0,0.287286736378646
319773.411807,2684366.126422,0.566849816849817,0,0,0,0,0.433150183150183
320273.411807,2684366.126422,0.67045871559633,0,0,0,0,0.32954128440367
320773.411807,2684366.126422,0.546505228398459,0.0183452577508714,0,0.0476976701522656,0.0177949000183453,0.369656943680059
321273.411807,2684366.126422,0.188278388278388,0.169047619047619,0.000183150183150183,0.267399267399267,0.0525641025641026,0.322527472527473
321773.411807,2684366.126422,0.730275229357798,0.0955963302752294,0.0170642201834862,0.00990825688073394,0.0161467889908257,0.131009174311927
322273.411807,2684366.126422,0.873601174096496,0,0,0,0,0.126398825903504
322773.411807,2684366.126422,0.760805860805861,0,0,0,0,0.239194139194139
323273.411807,2684366.126422,0.780550458715596,0.00018348623853211,0,0,0,0.219266055045872
323773.411807,2684366.126422,0.664098330581545,0.000183452577508714,0,0,0,0.335718216840947
324273.411807,2684366.126422,0.791391941391941,0.0217948717948718,0,0,0.00201465201465201,0.184798534798535
324773.411807,2684366.126422,0.855963302752294,0.0165137614678899,0,0,0,0.127522935779817
325273.411807,2684366.126422,0.725371491469455,0.0108237020730141,0,0.00623738763529628,0.0106402494955054,0.246927169326729
313773.411807,2683866.126422,0.88980564723139,0.0617895122845618,0,0,0,0.0484048404840484
314273.411807,2683866.126422,0.893040293040293,0.0573260073260073,0,0,0,0.0496336996336996
314773.411807,2683866.126422,0.636996336996337,0.291208791208791,0,0.000183150183150183,0.000366300366300366,0.0712454212454212
315273.411807,2683866.126422,0.706087275394206,0.0111844517785112,0,0.000366703337000367,0.00128346167950128,0.281078107810781
315773.411807,2683866.126422,0.71025641025641,0.123809523809524,0.000732600732600733,0.000183150183150183,0.000366300366300366,0.164652014652015
316273.411807,2683866.126422,0.747985347985348,0.169230769230769,0,0,0.000183150183150183,0.0826007326007326
316773.411807,2683866.126422,0.842500916758342,0.035020168683535,0,0,0,0.122478914558122
317273.411807,2683866.126422,0.806043956043956,0.00934065934065934,0,0,0,0.184615384615385
317773.411807,2683866.126422,0.804395604395604,0.0745421245421245,0,0,0,0.121062271062271
318273.411807,2683866.126422,0.627062706270627,0.0392372570590392,0,0.0022002200220022,0.0293362669600293,0.302163549688302
318773.411807,2683866.126422,0.494871794871795,0.0388278388278388,0,0,0,0.466300366300366
319273.411807,2683866.126422,0.544871794871795,0.227838827838828,0,0,0,0.227289377289377
319773.411807,2683866.126422,0.418041804180418,0.0363036303630363,0,0,0,0.545654565456546
320273.411807,2683866.126422,0.488461538461538,0.0117216117216117,0,0.00421245421245421,0.0401098901098901,0.455494505494505
320773.411807,2683866.126422,0.571794871794872,0.0184981684981685,0,0.0509157509157509,0.0212454212454212,0.337545787545788
321273.411807,2683866.126422,0.622845617895123,0.0612394572790612,0.00055005500550055,0.125229189585625,0.0355702236890356,0.154565456545655
321773.411807,2683866.126422,0.84047619047619,0,0,0,0,0.15952380952381
322273.411807,2683866.126422,0.857692307692308,0,0,0,0,0.142307692307692
322773.411807,2683866.126422,0.793912724605794,0,0,0,0.000183351668500183,0.205903923725706
323273.411807,2683866.126422,0.818315018315018,0,0,0,0,0.181684981684982
323773.411807,2683866.126422,0.817765567765568,0,0,0,0,0.182234432234432
324273.411807,2683866.126422,0.768610194352769,0.0815914924825816,0,0,0,0.14979831316465
324773.411807,2683866.126422,0.693406593406593,0.00384615384615385,0,0.000366300366300366,0.00586080586080586,0.296520146520147
325273.411807,2683866.126422,0.0503663003663004,0.0120879120879121,0.294688644688645,0.354395604395604,0.0512820512820513,0.237179487179487
313773.411807,2683366.126422,0.906542056074766,0.0619387942092725,0,0,0,0.0315191497159611
314273.411807,2683366.126422,0.844375114699945,0.0833180400073408,0,0,0,0.0723068452927143
314773.411807,2683366.126422,0.549972492206125,0.205758298184486,0,0.000183385292499542,0.0066018705299835,0.237483953786906
315273.411807,2683366.126422,0.68389224848818,0.102437236576874,0,0.000183250870441635,0.00183250870441635,0.211654755360088
315773.411807,2683366.126422,0.541567260047715,0.241328684162232,0,0,0,0.217104055790053
316273.411807,2683366.126422,0.658536585365854,0.212910324591968,0,0,0,0.128553090042179
316773.411807,2683366.126422,0.748763056624519,0.00439802089059923,0,0,0,0.246838922484882
317273.411807,2683366.126422,0.571297485777207,0.295650578087722,0,0,0.000550559735731327,0.132501376399339
317773.411807,2683366.126422,0.500641848523748,0.206675224646983,0,0,0,0.292682926829268
318273.411807,2683366.126422,0.531061022539857,0.350558915154847,0.000183250870441635,0.000549752611324904,0.00384826827927433,0.113798790544255
318773.411807,2683366.126422,0.299320976325931,0.474398972288493,0,0,0,0.226280051385575
319273.411807,2683366.126422,0.390794058316523,0.159178433889602,0,0,0,0.450027507793875
319773.411807,2683366.126422,0.133773135422393,0.418728238959135,0,0,0.00238226131574125,0.44511636430273
320273.411807,2683366.126422,0.242062763809873,0.235089007157277,0,0,0.000550559735731327,0.522297669297119
320773.411807,2683366.126422,0.445076104896387,0.00311754997249221,0,0.000916926462497708,0.00385109114249037,0.547038327526132
321273.411807,2683366.126422,0.369250503939894,0.0328019058090526,0.00238226131574125,0.253435953820781,0.0733003481766538,0.268829026937878
321773.411807,2683366.126422,0.454578821802166,0.0647825289043861,0,0.0530372545421178,0.00165167920719398,0.425949715544137
322273.411807,2683366.126422,0.679259123418302,0,0,0,0,0.320740876581698
322773.411807,2683366.126422,0.761407366684992,0,0,0,0,0.238592633315008
323273.411807,2683366.126422,0.815929528353826,0,0,0,0,0.184070471646174
323773.411807,2683366.126422,0.843755730790391,0,0,0,0,0.156244269209609
324273.411807,2683366.126422,0.796041781198461,0.000733003481766538,0,0,0.00164925783397471,0.201575957485798
324773.411807,2683366.126422,0.0311983850247752,0.0467975775371628,0.386676454395302,0.251422279317306,0.0201871903101487,0.263718113415306
