"x","y","forest","agri","water","built","other","grass"
288273.411807,2779366.126422,0.695620304196445,0.00164925783397471,0,0.000733003481766538,0.0491112332783581,0.252886201209456
288773.411807,2779366.126422,0.644154890805652,0,0,0.000734079647641769,0.00403743806202973,0.351073591484676
289273.411807,2779366.126422,0.312305153126719,0.00586832935998533,0,0.037593984962406,0.0823399963322941,0.561892536218595
289773.411807,2779366.126422,0.183067619571193,0.00348176653839106,0,0.0362836723474437,0.127359354956936,0.649807586586036
290273.411807,2779366.126422,0.406129565057809,0.00495503762158194,0,0,0.0141310332171041,0.574784364103505
290773.411807,2779366.126422,0.552723271593618,0.000183385292499542,0,0.00421786172748946,0.0636346964973409,0.379240784889052
291273.411807,2779366.126422,0.446032618654939,0.000366501740883269,0,0.00164925783397471,0.00787978742899029,0.544071834341213
291773.411807,2779366.126422,0.42338043677739,0.000550559735731327,0,0.0034868783262984,0.0473481372728941,0.525233987887686
292273.411807,2779366.126422,0.497524298551256,0.000183385292499542,0,0.000366770584999083,0.00421786172748946,0.497707683843756
292773.411807,2779366.126422,0.569726956203042,0.000733003481766538,0,0.00696353307678211,0.0419644493311343,0.380612057907275
293273.411807,2779366.126422,0.670398238208846,0.000550559735731327,0,0.00330335841438796,0.0427601394751331,0.282987704165902
293773.411807,2779366.126422,0.430221896203924,0.00238400880249404,0.00495140289748762,0.0075187969924812,0.0267742527049331,0.52814964239868
294273.411807,2779366.126422,0.343595382078065,0.000366501740883269,0,0.00439802089059923,0.01905809052593,0.632582004764523
294773.411807,2779366.126422,0.450724903652046,0.000550559735731327,0,0.0282620664342081,0.122774821068086,0.397687649109928
295273.411807,2779366.126422,0.474601136988814,0.00110031175499725,0,0.00458463231248854,0.0579497524298551,0.461764166513846
295773.411807,2779366.126422,0.175371083012644,0.0199743448781382,0.0137438152831226,0.142569177203592,0.153747480300531,0.494594099321972
296273.411807,2779366.126422,0.00440447788585061,0.0227564690768948,0.930629473297853,0.0220223894292531,0.00330335841438796,0.0168838318957607
296773.411807,2779366.126422,0.345131120484137,0.0357601320374106,0.000183385292499542,0.121034293049697,0.185769301302036,0.31212176783422
297273.411807,2779366.126422,0.0896096756459593,0.0776983690672531,0.0177753344328386,0.428440535092542,0.24555616639179,0.140919919369617
297773.411807,2779366.126422,0.154707285740503,0.216737015966232,0.000367039823820885,0.0981831528720866,0.162598641952652,0.367406863644705
298273.411807,2779366.126422,0.0478635613423803,0.511278195488722,0.00110031175499725,0.00898587933247754,0.0755547405098111,0.355217311571612
298773.411807,2779366.126422,0.136155396738135,0.261132490379329,0,0.011544804837823,0.0694520798973795,0.521715228147334
299273.411807,2779366.126422,0.131950816663608,0.245549642136172,0,0.0756102037071022,0.167553679574234,0.379335657918884
299773.411807,2779366.126422,0.159728589767101,0.0535485054098661,0.00678525582248304,0.13992297817715,0.184668989547038,0.455345681276362
300273.411807,2779366.126422,0.0955854126679463,0.0205374280230326,0.000191938579654511,0.43915547024952,0.255470249520154,0.189059500959693
288273.411807,2778866.126422,0.742124542124542,0.0305860805860806,0,0.0313186813186813,0.0375457875457875,0.158424908424908
288773.411807,2778866.126422,0.818715596330275,0.00018348623853211,0,0,0.00256880733944954,0.178532110091743
289273.411807,2778866.126422,0.626123647037241,0.000550357732526142,0,0.00220143093010457,0.0335718216840947,0.337552742616034
289773.411807,2778866.126422,0.213919413919414,0.00421245421245421,0,0.0987179487179487,0.189194139194139,0.493956043956044
290273.411807,2778866.126422,0.585137614678899,0.00055045871559633,0,0.00990825688073394,0.0638532110091743,0.340550458715596
290773.411807,2778866.126422,0.434232250963126,0.000183452577508714,0,0.00953953403045313,0.0753990093560815,0.480645753072831
291273.411807,2778866.126422,0.333882783882784,0.000183150183150183,0,0.0043956043956044,0.067032967032967,0.594505494505495
291773.411807,2778866.126422,0.407522935779817,0.00018348623853211,0,0.0102752293577982,0.0935779816513762,0.488440366972477
292273.411807,2778866.126422,0.412768299394607,0.00091726288754357,0,0.0253164556962025,0.0849385433865346,0.476059438635113
292773.411807,2778866.126422,0.546886446886447,0,0,0.00164835164835165,0.00476190476190476,0.446703296703297
293273.411807,2778866.126422,0.679266055045872,0.00036697247706422,0,0.0108256880733945,0.0427522935779817,0.266788990825688
293773.411807,2778866.126422,0.410750321042011,0.00146762062006971,0,0.0133920381581361,0.0458631443771785,0.528526875802605
294273.411807,2778866.126422,0.391941391941392,0.00164835164835165,0,0.0177655677655678,0.058974358974359,0.52967032967033
294773.411807,2778866.126422,0.391376146788991,0.00201834862385321,0,0.00513761467889908,0.0656880733944954,0.535779816513761
295273.411807,2778866.126422,0.115391671252981,0.00348559897266557,0,0.00953953403045313,0.27242707760044,0.59915611814346
295773.411807,2778866.126422,0.242124542124542,0.0108058608058608,0.00750915750915751,0.0144688644688645,0.188278388278388,0.536813186813187
296273.411807,2778866.126422,0.0414678899082569,0.0234862385321101,0.567522935779816,0.135412844036697,0.0601834862385321,0.171926605504587
296773.411807,2778866.126422,0.14694551458448,0.026967528893781,0.157402311502477,0.200513667217024,0.183452577508714,0.284718400293524
297273.411807,2778866.126422,0.164102564102564,0.0463369963369963,0.0201465201465201,0.0952380952380952,0.1,0.574175824175824
297773.411807,2778866.126422,0.0251376146788991,0.0860550458715596,0.0511926605504587,0.00752293577981651,0.0370642201834862,0.79302752293578
298273.411807,2778866.126422,0.12272977435333,0.540451293340671,0.00238488350761328,0,0.00697119794533113,0.327462850853054
298773.411807,2778866.126422,0.156410256410256,0.100915750915751,0.000732600732600733,0.0835164835164835,0.156593406593407,0.501831501831502
299273.411807,2778866.126422,0.243853211009174,0.04,0.0811009174311927,0.0869724770642202,0.120183486238532,0.427889908256881
299773.411807,2778866.126422,0.158503026967529,0.468354430379747,0,0.000550357732526142,0.00770500825536599,0.364887176664832
300273.411807,2778866.126422,0.0947630922693267,0.208517168616919,0,0.172453481680414,0.155572606944178,0.368693650489162
288273.411807,2778366.126422,0.261276127612761,0.0132013201320132,0,0.0661899523285662,0.193436010267693,0.465896589658966
288773.411807,2778366.126422,0.405677655677656,0.00311355311355311,0.0146520146520147,0.0304029304029304,0.0205128205128205,0.525641025641026
289273.411807,2778366.126422,0.70970695970696,0.000366300366300366,0,0.00146520146520147,0.0206959706959707,0.267765567765568
289773.411807,2778366.126422,0.537953795379538,0.00586725339200587,0,0.00403373670700403,0.0517051705170517,0.4004400440044
290273.411807,2778366.126422,0.458424908424908,0.00183150183150183,0,0.000732600732600733,0.0426739926739927,0.496336996336996
290773.411807,2778366.126422,0.563003663003663,0.000183150183150183,0,0,0.00238095238095238,0.434432234432234
291273.411807,2778366.126422,0.504767143381005,0.0022002200220022,0,0.00458379171250458,0.0423542354235424,0.446094609460946
291773.411807,2778366.126422,0.368315018315018,0.000549450549450549,0,0.00347985347985348,0.0582417582417582,0.569413919413919
292273.411807,2778366.126422,0.484798534798535,0.0010989010989011,0,0.00787545787545788,0.0525641025641026,0.453663003663004
292773.411807,2778366.126422,0.323065639897323,0.00458379171250458,0,0.0661899523285662,0.181334800146681,0.424825815914925
293273.411807,2778366.126422,0.382783882783883,0.00201465201465201,0,0.032967032967033,0.122161172161172,0.46007326007326
293773.411807,2778366.126422,0.577838827838828,0.00128205128205128,0,0.0119047619047619,0.0340659340659341,0.374908424908425
294273.411807,2778366.126422,0.458379171250458,0.00055005500550055,0,0.00806747341400807,0.0977264393105977,0.435276861019435
294773.411807,2778366.126422,0.327289377289377,0.000732600732600733,0,0.00384615384615385,0.039010989010989,0.629120879120879
295273.411807,2778366.126422,0.136630036630037,0.00293040293040293,0.00494505494505494,0.00183150183150183,0.144505494505494,0.709157509157509
295773.411807,2778366.126422,0.112577924459113,0.0126512651265127,0,0.0232856618995233,0.167216721672167,0.684268426842684
296273.411807,2778366.126422,0.15018315018315,0.0194139194139194,0.470695970695971,0.0683150183150183,0.0434065934065934,0.247985347985348
296773.411807,2778366.126422,0.104212454212454,0.0164835164835165,0.333150183150183,0.39010989010989,0.0106227106227106,0.145421245421245
297273.411807,2778366.126422,0.46039603960396,0.00531719838650532,0.129446277961129,0.0172350568390172,0.0111844517785112,0.376420975430876
297773.411807,2778366.126422,0.27014652014652,0.0201465201465201,0.203296703296703,0.0963369963369963,0.00201465201465201,0.408058608058608
298273.411807,2778366.126422,0.118498168498168,0.05,0.476556776556777,0.0278388278388278,0.0133699633699634,0.313736263736264
298773.411807,2778366.126422,0.050971763843051,0.0317198386505317,0.373854052071874,0.0504217088375504,0.137697103043638,0.355335533553355
299273.411807,2778366.126422,0.106776556776557,0.0597069597069597,0.111172161172161,0.0664835164835165,0.12032967032967,0.535531135531136
299773.411807,2778366.126422,0.0734432234432234,0.0384615384615385,0.328021978021978,0.078021978021978,0.105677655677656,0.376373626373626
300273.411807,2778366.126422,0.076036866359447,0.0802611367127496,0.0320660522273426,0.222734254992319,0.135176651305684,0.453725038402458
288273.411807,2777866.126422,0.701117830309694,0.000733003481766538,0,0.00311526479750779,0.0148433205057724,0.280190580905259
288773.411807,2777866.126422,0.359699027344467,0.00146815929528354,0,0.0603780510185355,0.0893741971003854,0.489080565241329
289273.411807,2777866.126422,0.53585182468366,0.000550155877498625,0,0.00348432055749129,0.0185219145424537,0.441591784338896
289773.411807,2777866.126422,0.701850833791461,0.00128275609309144,0,0.00293201392706615,0.0232728605460876,0.270661535642294
290273.411807,2777866.126422,0.698109744907322,0.000917599559552211,0,0.00183519911910442,0.0345017434391632,0.264635712974858
290773.411807,2777866.126422,0.595635430038511,0.000550155877498625,0,0.00715202640748212,0.0502475701448744,0.346414817531634
291273.411807,2777866.126422,0.573391973611875,0.000366501740883269,0,0.0139270661535642,0.0650540590067803,0.347260399486898
291773.411807,2777866.126422,0.46870985501927,0.00458799779776106,0,0,0.0170673518076711,0.509634795375298
292273.411807,2777866.126422,0.426737575646433,0.00128369704749679,0,0.00128369704749679,0.017604988079956,0.553090042178617
292773.411807,2777866.126422,0.599963349825912,0.00494777350192413,0,0.00916254352208173,0.0331684075499359,0.352757925600147
293273.411807,2777866.126422,0.403193246467242,0.0124793540099101,0.00440447788585061,0.120572582125161,0.164433841071756,0.294916498440081
293773.411807,2777866.126422,0.506326792591234,0.00476801760498808,0,0.0491472583898771,0.0836236933797909,0.35613423803411
294273.411807,2777866.126422,0.348726406450431,0.00146600696353308,0,0.00659703133589885,0.0375664284405351,0.605644126809602
294773.411807,2777866.126422,0.538630941457148,0.0047715177096715,0,0.0119287942741787,0.0917599559552211,0.35290879060378
295273.411807,2777866.126422,0.305886667889235,0.00550155877498625,0,0.0379607555474051,0.168897854392078,0.481753163396296
295773.411807,2777866.126422,0.217152281473337,0.0152098222466557,0.0177753344328386,0.134322888033718,0.219534542789078,0.396005131024372
296273.411807,2777866.126422,0,0.026977427050835,0.350890071572766,0.503762158194164,0,0.118370343182235
296773.411807,2777866.126422,0,0.0097194205024757,0.191087474784522,0.730973775903173,0.0053181734824867,0.0629011553273428
297273.411807,2777866.126422,0.0685358255451713,0.0404984423676012,0.142019424592267,0.221550302363936,0.198643943558732,0.328752061572292
297773.411807,2777866.126422,0.132501376399339,0.015782712424298,0.093778674986236,0.134703615342265,0.186272710589099,0.436960910258763
298273.411807,2777866.126422,0.21584448927196,0.0168714469099578,0.00898587933247754,0.104896387309738,0.14414083990464,0.509260957271227
298773.411807,2777866.126422,0.142019424592267,0.0227231079347627,0,0.0793476269012278,0.155396738134506,0.600513102437237
299273.411807,2777866.126422,0.135254175077996,0.0196366305744173,0,0.114332905120206,0.171774637548174,0.559001651679207
299773.411807,2777866.126422,0.134238034109664,0.0458463231248854,0.00165046763249587,0.190904089492023,0.207408765816981,0.41995231982395
300273.411807,2777866.126422,0.0746641074856046,0.0487523992322457,0.281765834932821,0.231094049904031,0.105374280230326,0.258349328214971
288273.411807,2777366.126422,0.521611721611722,0.0021978021978022,0,0.086996336996337,0.0633699633699634,0.325824175824176
288773.411807,2777366.126422,0.270275229357798,0.0225688073394495,0,0.148990825688073,0.197064220183486,0.361100917431193
289273.411807,2777366.126422,0.518987341772152,0.00183452577508714,0.00733810310034856,0,0.00550357732526142,0.466336452027151
289773.411807,2777366.126422,0.866117216117216,0,0,0.00421245421245421,0.00476190476190476,0.124908424908425
290273.411807,2777366.126422,0.721651376146789,0.00128440366972477,0,0.00752293577981651,0.0236697247706422,0.245871559633028
290773.411807,2777366.126422,0.530911759310218,0.00165107319757843,0,0.100348559897267,0.114657860942946,0.25243074665199
291273.411807,2777366.126422,0.469230769230769,0.00347985347985348,0,0.0968864468864469,0.139194139194139,0.291208791208791
291773.411807,2777366.126422,0.508073394495413,0.00899082568807339,0,0.108256880733945,0.156146788990826,0.218532110091743
292273.411807,2777366.126422,0.42799486332783,0.000550357732526142,0,0,0.00678774536782242,0.564667033571822
292773.411807,2777366.126422,0.436446886446886,0.00512820512820513,0,0.00183150183150183,0.0184981684981685,0.538095238095238
293273.411807,2777366.126422,0.49302752293578,0.00128440366972477,0,0.00495412844036697,0.0464220183486239,0.454311926605505
293773.411807,2777366.126422,0.40946615299945,0.00623738763529628,0,0.0838378279214823,0.195193542469272,0.3052650889745
294273.411807,2777366.126422,0.275091575091575,0.00512820512820513,0,0.14029304029304,0.283882783882784,0.295604395604396
294773.411807,2777366.126422,0.300550458715596,0.0110091743119266,0.00110091743119266,0.204220183486239,0.298348623853211,0.184770642201835
295273.411807,2777366.126422,0.143826820766832,0.0354063474591818,0.00165107319757843,0.341955604476243,0.287470188956155,0.18968996514401
295773.411807,2777366.126422,0.0639194139194139,0.052014652014652,0.0507326007326007,0.265201465201465,0.186263736263736,0.381868131868132
296273.411807,2777366.126422,0,0,0.639633027522936,0.360366972477064,0,0
296773.411807,2777366.126422,0,0,0.420106402494955,0.579893597505045,0,0
297273.411807,2777366.126422,0,0,0.116300366300366,0.883699633699634,0,0
297773.411807,2777366.126422,0.026605504587156,0.0207339449541284,0.105871559633028,0.748990825688073,0.028256880733945,0.0695412844036697
298273.411807,2777366.126422,0.0471473124197395,0.0546688680975968,0.0913593835993396,0.568152632544487,0.10695285268758,0.131718950651257
298773.411807,2777366.126422,0.0750915750915751,0.0619047619047619,0.0106227106227106,0.406410256410256,0.254212454212454,0.191758241758242
299273.411807,2777366.126422,0.164954128440367,0.0126605504587156,0.00128440366972477,0.124036697247706,0.208440366972477,0.488623853211009
299773.411807,2777366.126422,0.148963492937076,0.0196294257934324,0,0.0915428361768483,0.153366354797285,0.586497890295359
300273.411807,2777366.126422,0.0949549203913294,0.107999232687512,0.33358910416267,0.153078841358143,0.0959140610013428,0.214463840399002
288273.411807,2776866.126422,0.50953428676201,0.00165016501650165,0,0.0256692335900257,0.0388705537220389,0.424275760909424
288773.411807,2776866.126422,0.33040293040293,0.0146520146520147,0,0.154945054945055,0.190659340659341,0.309340659340659
289273.411807,2776866.126422,0.275091575091575,0.00402930402930403,0.00238095238095238,0.0661172161172161,0.11007326007326,0.542307692307692
289773.411807,2776866.126422,0.603410341034103,0.00275027502750275,0.00366703337000367,0.0011001100110011,0.00275027502750275,0.386321965529886
290273.411807,2776866.126422,0.585531135531136,0.0032967032967033,0,0.0122710622710623,0.0115384615384615,0.387362637362637
290773.411807,2776866.126422,0.163919413919414,0.0126373626373626,0.000366300366300366,0.169047619047619,0.236446886446886,0.417582417582418
291273.411807,2776866.126422,0.295012834616795,0.0166850018335167,0.00146681334800147,0.149064906490649,0.236890355702237,0.300880088008801
291773.411807,2776866.126422,0.577655677655678,0.00769230769230769,0,0.103663003663004,0.114835164835165,0.196153846153846
292273.411807,2776866.126422,0.501831501831502,0.00238095238095238,0,0.0467032967032967,0.113186813186813,0.335897435897436
292773.411807,2776866.126422,0.67033370003667,0.00055005500550055,0,0.0152181884855152,0.0451045104510451,0.268793546021269
293273.411807,2776866.126422,0.459157509157509,0.000183150183150183,0,0.000915750915750916,0.0254578754578755,0.514285714285714
293773.411807,2776866.126422,0.436446886446886,0.00347985347985348,0,0.013003663003663,0.0483516483516484,0.498717948717949
294273.411807,2776866.126422,0.4004400440044,0.000183351668500183,0,0.000366703337000367,0.0128346167950128,0.586175284195086
294773.411807,2776866.126422,0.25,0.00128205128205128,0,0.047985347985348,0.187179487179487,0.513553113553114
295273.411807,2776866.126422,0.264835164835165,0.0228937728937729,0.00384615384615385,0.267582417582418,0.178937728937729,0.261904761904762
295773.411807,2776866.126422,0.0614228089475614,0.0331866519985332,0.0865419875320865,0.142647598093143,0.107077374404107,0.569123579024569
296273.411807,2776866.126422,0.0228937728937729,0.0271062271062271,0.0413919413919414,0.246153846153846,0.0619047619047619,0.600549450549451
296773.411807,2776866.126422,0.058974358974359,0.0496336996336996,0.0496336996336996,0.316117216117216,0.204395604395604,0.321245421245421
297273.411807,2776866.126422,0.0243857719105244,0.0478547854785479,0.0163182984965163,0.503483681701503,0.181884855152182,0.226072607260726
297773.411807,2776866.126422,0.104578754578755,0.0565934065934066,0.0923076923076923,0.223443223443223,0.0608058608058608,0.462271062271062
298273.411807,2776866.126422,0.0406593406593407,0.0652014652014652,0.304761904761905,0.301282051282051,0.000183150183150183,0.287912087912088
298773.411807,2776866.126422,0,0.0111844517785112,0.271910524385772,0.689218921892189,0,0.0276861019435277
299273.411807,2776866.126422,0.0595238095238095,0.0382783882783883,0.0644688644688645,0.583882783882784,0.122527472527473,0.131318681318681
299773.411807,2776866.126422,0.0923076923076923,0.0133699633699634,0,0.257875457875458,0.279120879120879,0.357326007326007
300273.411807,2776866.126422,0.0432027649769585,0.0470430107526882,0.333717357910906,0.243087557603687,0.0745007680491551,0.258448540706605
288273.411807,2776366.126422,0.195528678761224,0.0157595748579806,0,0.265897013010812,0.203225215319773,0.319589518050211
288773.411807,2776366.126422,0.160579922921637,0.0119287942741787,0.00146815929528354,0.105523949348504,0.171958157460084,0.548541016700312
289273.411807,2776366.126422,0.0698697964423253,0.0187052998349532,0.0251237850724372,0.106913625527233,0.278745644599303,0.500641848523748
289773.411807,2776366.126422,0.144218435037566,0,0,0.0111783030969397,0.110866776617189,0.733736485248305
290273.411807,2776366.126422,0.691686547990457,0.00899247568361167,0,0.00679023674068636,0.0256927876674619,0.266837951917783
290773.411807,2776366.126422,0.457179534201357,0.00476801760498808,0,0.0761048963873097,0.16816431322208,0.293783238584266
291273.411807,2776366.126422,0.546637346527396,0.00568077698369067,0,0.0430639545537841,0.0923584387025838,0.312259483232545
291773.411807,2776366.126422,0.695356946228666,0.000550559735731327,0,0.000550559735731327,0.00587263718113415,0.297669297118737
292273.411807,2776366.126422,0.521914542453695,0.00403447643498991,0,0.0713368787823217,0.160645516229598,0.242068586099395
292773.411807,2776366.126422,0.323071284588602,0.00384826827927433,0,0.101887483965549,0.281290086127909,0.289902877038666
293273.411807,2776366.126422,0.59331987520646,0.00238575885483575,0,0.0645990089924757,0.0732244448522665,0.266470912093962
293773.411807,2776366.126422,0.503759398496241,0.000366770584999083,0,0.00385109114249037,0.00898587933247754,0.483036860443792
294273.411807,2776366.126422,0.324537291552135,0.0159428257284222,0.00109950522264981,0.0694520798973795,0.156312992486714,0.432655305112699
294773.411807,2776366.126422,0.308496971921453,0.00275279867865663,0.000550559735731327,0.0636814094329235,0.268673151036887,0.355845109194348
295273.411807,2776366.126422,0.0500641848523748,0.0540986612873648,0.00990280579497524,0.260223730056849,0.226480836236934,0.399229781771502
295773.411807,2776366.126422,0.00604727872457394,0.0274876305662452,0.142202675462708,0.0201575957485798,0.0448964632582005,0.759208356239692
296273.411807,2776366.126422,0.0337676637915214,0.0266103872270141,0.14112681225913,0.337860157827124,0.17030647825289,0.29032850064232
296773.411807,2776366.126422,0.0900421786172749,0.0100861910874748,0,0.556574362736109,0.22409682743444,0.119200440124702
297273.411807,2776366.126422,0.0863111599780099,0.0412314458493678,0.0152098222466557,0.511269928532161,0.212204507971413,0.133773135422393
297773.411807,2776366.126422,0.0372545421178198,0.0113782345384474,0.00201871903101487,0.720132134336576,0.162048082216921,0.0671682877592219
298273.411807,2776366.126422,0.0977443609022556,0.01998899688245,0,0.401063634696497,0.185585916009536,0.295617091509261
298773.411807,2776366.126422,0.0663368150998717,0.0133773135422393,0,0.242440901594283,0.169507055158512,0.508337914605094
299273.411807,2776366.126422,0.00422095797394017,0.030280785465223,0.349054872453661,0.0952468342815195,0.0666177280234905,0.454578821802166
299773.411807,2776366.126422,0.0187052998349532,0.0119200440124702,0.378507243719054,0.468549422336329,0.0850907757197873,0.0372272143774069
300273.411807,2776366.126422,0.0696737044145873,0.027063339731286,0.0679462571976967,0.435124760076775,0.261420345489443,0.138771593090211
288273.411807,2775866.126422,0.0289377289377289,0.0794871794871795,0.0131868131868132,0.178021978021978,0.263003663003663,0.437362637362637
288773.411807,2775866.126422,0.0622018348623853,0.0458715596330275,0.00330275229357798,0.326605504587156,0.349724770642202,0.212293577981651
289273.411807,2775866.126422,0.324160704457898,0.00733810310034856,0.00110071546505228,0.0920931939093744,0.216657494037791,0.358649789029536
289773.411807,2775866.126422,0.227472527472527,0.013003663003663,0.00347985347985348,0.01996336996337,0.0824175824175824,0.653663003663004
290273.411807,2775866.126422,0.525504587155963,0.0036697247706422,0,0.151009174311927,0.0519266055045872,0.267889908256881
290773.411807,2775866.126422,0.105485232067511,0.0122913226930838,0,0.399192808658962,0.27242707760044,0.210603558980004
291273.411807,2775866.126422,0.496703296703297,0.00531135531135531,0.000732600732600733,0.112454212454212,0.0961538461538462,0.288644688644689
291773.411807,2775866.126422,0.786422018348624,0.00036697247706422,0,0.0214678899082569,0.0247706422018349,0.16697247706422
292273.411807,2775866.126422,0.822234452394056,0.00091726288754357,0,0.0221977618785544,0.0343056319941295,0.120344890845716
292773.411807,2775866.126422,0.676373626373626,0.0135531135531136,0,0.0501831501831502,0.10989010989011,0.15
293273.411807,2775866.126422,0.215963302752294,0.0368807339449541,0.00073394495412844,0.239266055045872,0.348256880733945,0.158899082568807
293773.411807,2775866.126422,0.207117960007338,0.0361401577692167,0.00532012474775271,0.229132269308384,0.290588882773803,0.231700605393506
294273.411807,2775866.126422,0.294322344322344,0.00897435897435897,0.000915750915750916,0.0789377289377289,0.109157509157509,0.507692307692308
294773.411807,2775866.126422,0.0765137614678899,0.0557798165137615,0.00715596330275229,0.397614678899083,0.287339449541284,0.175596330275229
295273.411807,2775866.126422,0.0447624289121262,0.138139790864062,0.0856723536965694,0.186204366171345,0.075032104201064,0.470188956154834
295773.411807,2775866.126422,0.00860805860805861,0.0263736263736264,0.287912087912088,0.0413919413919414,0.0842490842490843,0.551465201465202
296273.411807,2775866.126422,0.0381651376146789,0.0462385321100917,0.0330275229357798,0.682385321100917,0.156146788990826,0.0440366972477064
296773.411807,2775866.126422,0.0680609062557329,0.0730141258484682,0.0332049165290772,0.537516052100532,0.190607228031554,0.0975967712346359
297273.411807,2775866.126422,0.0972527472527473,0.0346153846153846,0.0021978021978022,0.577472527472527,0.163553113553114,0.124908424908425
297773.411807,2775866.126422,0.0390825688073395,0.0152293577981651,0.00899082568807339,0.777064220183486,0.142935779816514,0.016697247706422
298273.411807,2775866.126422,0.0399926618968997,0.0209135938359934,0.00110071546505228,0.636763896532746,0.174646853788296,0.126582278481013
298773.411807,2775866.126422,0.0470695970695971,0.0313186813186813,0.000549450549450549,0.653846153846154,0.189194139194139,0.078021978021978
299273.411807,2775866.126422,0.064954128440367,0.129724770642202,0.0401834862385321,0.302935779816514,0.187339449541284,0.274862385321101
299773.411807,2775866.126422,0.0201797835259585,0.0640249495505412,0.215740231150248,0.148596587782058,0.112272977435333,0.439185470555861
300273.411807,2775866.126422,0.0120851716861692,0.0147707653942068,0.258392480337617,0.66142336466526,0.0333780932284673,0.0199501246882793
288273.411807,2775366.126422,0.0793912724605794,0.153832049871654,0.0412541254125413,0.275944261092776,0.202786945361203,0.246791345801247
288773.411807,2775366.126422,0.0485347985347985,0.0413919413919414,0.00311355311355311,0.296153846153846,0.264102564102564,0.346703296703297
289273.411807,2775366.126422,0.297802197802198,0.0245421245421245,0.00183150183150183,0.11996336996337,0.352380952380952,0.203479853479853
289773.411807,2775366.126422,0.473047304730473,0.0044004400440044,0.000916758342500917,0.0247524752475248,0.163549688302164,0.333333333333333
290273.411807,2775366.126422,0.399084249084249,0.0146520146520147,0.000732600732600733,0.128937728937729,0.0948717948717949,0.361721611721612
290773.411807,2775366.126422,0.110622710622711,0.0177655677655678,0.000366300366300366,0.42014652014652,0.262087912087912,0.189010989010989
291273.411807,2775366.126422,0.566373303997066,0.0099009900990099,0,0.155848918225156,0.0924092409240924,0.175467546754675
291773.411807,2775366.126422,0.582417582417582,0.00238095238095238,0.000183150183150183,0.0481684981684982,0.146153846153846,0.220695970695971
292273.411807,2775366.126422,0.57014652014652,0.00641025641025641,0,0.0373626373626374,0.0391941391941392,0.346886446886447
292773.411807,2775366.126422,0.693802713604694,0.00055005500550055,0,0.011001100110011,0.0212687935460213,0.273377337733773
293273.411807,2775366.126422,0.647069597069597,0.00366300366300366,0,0.0212454212454212,0.043040293040293,0.284981684981685
293773.411807,2775366.126422,0.305494505494506,0.0274725274725275,0.00183150183150183,0.28974358974359,0.1996336996337,0.175824175824176
294273.411807,2775366.126422,0.05995599559956,0.0390539053905391,0.0044004400440044,0.612027869453612,0.200770077007701,0.0837917125045838
294773.411807,2775366.126422,0.0283882783882784,0.125824175824176,0.0391941391941392,0.469413919413919,0.205494505494505,0.131684981684982
295273.411807,2775366.126422,0.0399267399267399,0.0402930402930403,0.0565934065934066,0.11025641025641,0.0600732600732601,0.692857142857143
295773.411807,2775366.126422,0.0154015401540154,0.0375870920425376,0.26989365603227,0.0872753942060873,0.13953061972864,0.45031169783645
296273.411807,2775366.126422,0.0567765567765568,0.0210622710622711,0.0135531135531136,0.738827838827839,0.138644688644689,0.0311355311355311
296773.411807,2775366.126422,0.0543956043956044,0.0485347985347985,0.0221611721611722,0.673992673992674,0.148351648351648,0.0525641025641026
297273.411807,2775366.126422,0.0764576457645765,0.0297029702970297,0.0033003300330033,0.581774844151082,0.222405573890722,0.0863586358635864
297773.411807,2775366.126422,0.118315018315018,0.0393772893772894,0.00897435897435897,0.546153846153846,0.203479853479853,0.0836996336996337
298273.411807,2775366.126422,0.0402930402930403,0.0249084249084249,0.00860805860805861,0.830952380952381,0.0868131868131868,0.00842490842490842
298773.411807,2775366.126422,0.0911257792445911,0.0854418775210854,0.0342867620095343,0.596076274294096,0.133113311331133,0.05995599559956
299273.411807,2775366.126422,0.121794871794872,0.117582417582418,0.0232600732600733,0.411721611721612,0.188461538461538,0.137179487179487
299773.411807,2775366.126422,0.104761904761905,0.056959706959707,0.0186813186813187,0.538461538461538,0.157326007326007,0.123809523809524
300273.411807,2775366.126422,0.0182411674347158,0.0556835637480799,0.348886328725038,0.280337941628264,0.0733486943164363,0.223502304147465
288273.411807,2774866.126422,0.0841121495327103,0.149715961150815,0.0333516584203775,0.358072200842954,0.195345427890782,0.17940260216236
288773.411807,2774866.126422,0.0812993209763259,0.0445953385942375,0.00513855753349238,0.366672783997064,0.314736648926409,0.187557349972472
289273.411807,2774866.126422,0.13588850174216,0.0379607555474051,0.00458463231248854,0.346231432239134,0.308820832569228,0.166513845589584
289773.411807,2774866.126422,0.522814733369984,0.0166758292101887,0.000183250870441635,0.0960234561114165,0.149532710280374,0.214770020157596
290273.411807,2774866.126422,0.231051569095247,0.0201871903101487,0.000367039823820885,0.392549091576436,0.233253808038172,0.122591301156175
290773.411807,2774866.126422,0.49183935448377,0.0183385292499542,0.000183385292499542,0.123234916559692,0.159728589767101,0.206675224646983
291273.411807,2774866.126422,0.650540590067803,0.00348176653839106,0,0.0826461425691772,0.0826461425691772,0.180685358255452
291773.411807,2774866.126422,0.810240411084603,0.000183519911910442,0,0.00293631859056708,0.0115617544503579,0.175077995962562
292273.411807,2774866.126422,0.546671556941133,0.00165046763249587,0,0.0179717586649551,0.01998899688245,0.413717219878966
292773.411807,2774866.126422,0.405350925416896,0.000183250870441635,0,0.0108118013560564,0.0441634597764339,0.539490562580172
293273.411807,2774866.126422,0.80088089557717,0,0,0.00311983850247752,0.0141310332171041,0.181868232703248
293773.411807,2774866.126422,0.45993031358885,0.0196222262974509,0.00421786172748946,0.0647350082523382,0.18796992481203,0.263524665321841
294273.411807,2774866.126422,0.0489279824079164,0.0274876305662452,0.0133773135422393,0.58182151365219,0.207623236210372,0.120762323621037
294773.411807,2774866.126422,0.0335841438796109,0.0201871903101487,0.00385391815011929,0.623050100935952,0.230133969535695,0.089190677188475
295273.411807,2774866.126422,0.0529983495323675,0.0447460113698881,0,0.255272327159362,0.0981111314872547,0.548872180451128
295773.411807,2774866.126422,0.0324354040681693,0.0841121495327103,0.0846619021440352,0.0866776617188932,0.0908924317390508,0.621220450797141
296273.411807,2774866.126422,0.012846393833731,0.0267939071389246,0.0154156726004772,0.740686364470545,0.191594788034502,0.0126628739218205
296773.411807,2774866.126422,0.0174216027874564,0.0126535851824684,0.00256739409499358,0.876214927562809,0.0872913992297818,0.00385109114249037
297273.411807,2774866.126422,0.0262048744731537,0.01905809052593,0.00384826827927433,0.843137254901961,0.0945574491478835,0.0131940626717977
297773.411807,2774866.126422,0.0427601394751331,0.00623967700495504,0.00734079647641769,0.806386492934483,0.127362818865847,0.00991007524316388
298273.411807,2774866.126422,0.0381441408399046,0.0225563909774436,0.00458463231248854,0.776820099028058,0.110581331377224,0.0473134054648817
298773.411807,2774866.126422,0.0309693971046362,0.00696353307678211,0.00201575957485798,0.853765805387576,0.0903426791277259,0.0159428257284222
299273.411807,2774866.126422,0.025325747843641,0.0198201504863278,0.00422095797394017,0.888786933382272,0.0576252523398789,0.00422095797394017
299773.411807,2774866.126422,0.0539152759948652,0.0154043645699615,0.00605171465248487,0.761415734458097,0.124335228314689,0.0388776820099028
300273.411807,2774866.126422,0.140499040307102,0.071785028790787,0.000383877159309021,0.399232245681382,0.177543186180422,0.210556621880998
288273.411807,2774366.126422,0.100915750915751,0.147435897435897,0.00714285714285714,0.237545787545788,0.177655677655678,0.329304029304029
288773.411807,2774366.126422,0.102752293577982,0.0577981651376147,0.00972477064220183,0.351743119266055,0.254678899082569,0.223302752293578
289273.411807,2774366.126422,0.0887910475142176,0.0592551825353146,0.00752155567785727,0.5178866263071,0.22821500642084,0.0983305815446707
289773.411807,2774366.126422,0.0575091575091575,0.0333333333333333,0.00238095238095238,0.504212454212454,0.238278388278388,0.164285714285714
290273.411807,2774366.126422,0.177614678899083,0.0190825688073394,0.00128440366972477,0.420366972477064,0.287889908256881,0.0937614678899083
290773.411807,2774366.126422,0.405430196294258,0.00550357732526142,0,0.296642817831591,0.171711612548156,0.120711796000734
291273.411807,2774366.126422,0.58956043956044,0.00293040293040293,0,0.0703296703296703,0.036996336996337,0.30018315018315
291773.411807,2774366.126422,0.7,0.000917431192660551,0,0.00697247706422018,0.0568807339449541,0.235229357798165
292273.411807,2774366.126422,0.327095945698037,0.0174279948633278,0.00110071546505228,0.090442120711796,0.150064208402128,0.413869014859659
292773.411807,2774366.126422,0.254395604395604,0.00256410256410256,0,0.0208791208791209,0.104029304029304,0.618131868131868
293273.411807,2774366.126422,0.687706422018349,0.00055045871559633,0,0.00825688073394495,0.0332110091743119,0.270275229357798
293773.411807,2774366.126422,0.315538433314988,0.0223812144560631,0.00110071546505228,0.223078334250596,0.249495505411851,0.188405797101449
294273.411807,2774366.126422,0.0673992673992674,0.0591575091575092,0.0100732600732601,0.496520146520147,0.216849816849817,0.15
294773.411807,2774366.126422,0.0746788990825688,0.0563302752293578,0.00055045871559633,0.50954128440367,0.217247706422018,0.141651376146789
295273.411807,2774366.126422,0.0583379196477711,0.0816363969913777,0,0.399009356081453,0.20968629609246,0.251330031186938
295773.411807,2774366.126422,0.0212454212454212,0.0763736263736264,0.0402930402930403,0.028021978021978,0.0371794871794872,0.796886446886447
296273.411807,2774366.126422,0.0660550458715596,0.0326605504587156,0.00880733944954129,0.467706422018349,0.162385321100917,0.262385321100917
296773.411807,2774366.126422,0.0504494588148963,0.0227481196110805,0.0110071546505228,0.629976151164924,0.192992111539167,0.0928270042194093
297273.411807,2774366.126422,0.0307692307692308,0.0217948717948718,0.00860805860805861,0.778937728937729,0.139010989010989,0.0208791208791209
297773.411807,2774366.126422,0.0570642201834862,0.00678899082568807,0,0.698348623853211,0.139266055045872,0.0985321100917431
298273.411807,2774366.126422,0.0396257567418822,0.0414602825169694,0.00238488350761328,0.740964960557696,0.132269308383783,0.0432948082920565
298773.411807,2774366.126422,0.0377289377289377,0.0225274725274725,0.00238095238095238,0.788644688644689,0.112454212454212,0.0362637362637363
299273.411807,2774366.126422,0.0355963302752294,0.0163302752293578,0.0139449541284404,0.789174311926605,0.118715596330275,0.0262385321100917
299773.411807,2774366.126422,0.0992478444322143,0.0436617134470739,0.0163272793982755,0.615850302696753,0.135021097046413,0.0898917629792699
300273.411807,2774366.126422,0.171494341070401,0.0571647803568003,0.0199501246882793,0.522731632457318,0.131977747937848,0.0966813734893535
288273.411807,2773866.126422,0.293912724605794,0.0878254492115878,0.0181518151815182,0.157682434910158,0.178034470113678,0.264393105977264
288773.411807,2773866.126422,0.221428571428571,0.0452380952380952,0.000183150183150183,0.185897435897436,0.267399267399267,0.27985347985348
289273.411807,2773866.126422,0.0456043956043956,0.254395604395604,0.00128205128205128,0.132417582417582,0.242124542124542,0.324175824175824
289773.411807,2773866.126422,0.563072973964063,0.0207187385405207,0.000916758342500917,0.0421708837550422,0.132196552988632,0.240924092409241
290273.411807,2773866.126422,0.444505494505494,0.010989010989011,0.000549450549450549,0.0437728937728938,0.154212454212454,0.345970695970696
290773.411807,2773866.126422,0.807326007326007,0.000915750915750916,0,0.0021978021978022,0.0157509157509158,0.173809523809524
291273.411807,2773866.126422,0.784378437843784,0.00201686835350202,0,0.0111844517785112,0.0445544554455446,0.157865786578658
291773.411807,2773866.126422,0.675457875457876,0.00164835164835165,0,0.00128205128205128,0.0124542124542125,0.309157509157509
292273.411807,2773866.126422,0.558424908424908,0.00146520146520147,0,0.0474358974358974,0.13974358974359,0.252930402930403
292773.411807,2773866.126422,0.768976897689769,0.00201686835350202,0,0.0225522552255226,0.0773744041070774,0.129079574624129
293273.411807,2773866.126422,0.405494505494505,0.0183150183150183,0.00567765567765568,0.113369963369963,0.243406593406593,0.213736263736264
293773.411807,2773866.126422,0.125091575091575,0.0250915750915751,0.00567765567765568,0.509523809523809,0.271062271062271,0.0635531135531135
294273.411807,2773866.126422,0.0902090209020902,0.0315364869820315,0,0.464063072973964,0.200770077007701,0.213421342134213
294773.411807,2773866.126422,0.0813186813186813,0.0261904761904762,0.0043956043956044,0.587362637362637,0.176739926739927,0.123992673992674
295273.411807,2773866.126422,0.039010989010989,0.0928571428571429,0.0730769230769231,0.496520146520147,0.166483516483516,0.132051282051282
295773.411807,2773866.126422,0.0548221488815548,0.0656398973230656,0.0535386872020535,0.428126145947928,0.0964429776310964,0.301430143014301
296273.411807,2773866.126422,0.0274725274725275,0.0355311355311355,0.00860805860805861,0.101282051282051,0.120695970695971,0.706410256410256
296773.411807,2773866.126422,0.0163003663003663,0.0558608058608059,0.0032967032967033,0.497069597069597,0.171794871794872,0.255677655677656
297273.411807,2773866.126422,0.0715071507150715,0.0326365969930326,0.00458379171250458,0.631829849651632,0.175467546754675,0.083975064173084
297773.411807,2773866.126422,0.117948717948718,0.0595238095238095,0.00989010989010989,0.643956043956044,0.121245421245421,0.0474358974358974
298273.411807,2773866.126422,0.0635531135531135,0.028021978021978,0.0166666666666667,0.758608058608059,0.0974358974358974,0.0357142857142857
298773.411807,2773866.126422,0.0315364869820315,0.0201686835350202,0.0111844517785112,0.858085808580858,0.0661899523285662,0.0128346167950128
299273.411807,2773866.126422,0.107509157509158,0.0342490842490843,0.0128205128205128,0.60970695970696,0.153113553113553,0.0826007326007326
299773.411807,2773866.126422,0.032967032967033,0.0183150183150183,0.0139194139194139,0.821794871794872,0.0932234432234432,0.0197802197802198
300273.411807,2773866.126422,0.0499231950844854,0.0245775729646697,0.00230414746543779,0.68394777265745,0.190092165898618,0.0491551459293395
288273.411807,2773366.126422,0.253435953820781,0.0458127176104087,0.00586402785413231,0.184350375664284,0.300531427524281,0.210005497526113
288773.411807,2773366.126422,0.587630757937236,0.00550559735731327,0,0.0159662323362085,0.0824004404477886,0.308496971921453
289273.411807,2773366.126422,0.575463047863561,0.0163212910324592,0,0.0350265908674124,0.125985695947185,0.247203374289382
