"x","y","forest","agri","water","built","other","grass"
212273.411807,2682366.126422,0.104578754578755,0.0243589743589744,0,0.0177655677655678,0.0921245421245421,0.761172161172161
212773.411807,2682366.126422,0.156410256410256,0.00238095238095238,0,0.000549450549450549,0.0139194139194139,0.826739926739927
213273.411807,2682366.126422,0.182801613494683,0.0218188485515218,0,0.0678401173450678,0.132746607994133,0.594792812614595
213773.411807,2682366.126422,0.101831501831502,0.190842490842491,0,0.10989010989011,0.102747252747253,0.494688644688645
214273.411807,2682366.126422,0.0857142857142857,0.192124542124542,0.000549450549450549,0.0710622710622711,0.145787545787546,0.504761904761905
214773.411807,2682366.126422,0.03997066373304,0.104693802713605,0.000183351668500183,0.197286395306197,0.192335900256692,0.465529886321966
215273.411807,2682366.126422,0.0652014652014652,0.101098901098901,0.00897435897435897,0.226007326007326,0.166483516483516,0.432234432234432
215773.411807,2682366.126422,0.0681318681318681,0.100915750915751,0.00549450549450549,0.295970695970696,0.163736263736264,0.365750915750916
216273.411807,2682366.126422,0.0643564356435644,0.237990465713238,0,0.151998533186652,0.110927759442611,0.434726806013935
216773.411807,2682366.126422,0.0912087912087912,0.167032967032967,0.000732600732600733,0.212087912087912,0.149267399267399,0.37967032967033
217273.411807,2682366.126422,0.0536630036630037,0.0551282051282051,0.00164835164835165,0.519047619047619,0.108791208791209,0.261721611721612
217773.411807,2682366.126422,0.0546387972130546,0.0317198386505317,0.0011001100110011,0.614411441144114,0.193802713604694,0.104327099376604
218273.411807,2682366.126422,0.0844322344322344,0.0432234432234432,0.00164835164835165,0.566300366300366,0.179120879120879,0.125274725274725
218773.411807,2682366.126422,0.0547619047619048,0.034981684981685,0.00256410256410256,0.584432234432234,0.155311355311355,0.167948717948718
219273.411807,2682366.126422,0.0245691235790246,0.0361202786945361,0.000183351668500183,0.744774477447745,0.130913091309131,0.0634396773010634
219773.411807,2682366.126422,0.0769230769230769,0.0437728937728938,0.00860805860805861,0.693772893772894,0.11996336996337,0.056959706959707
220273.411807,2682366.126422,0.0201465201465201,0.015018315018315,0.0010989010989011,0.871978021978022,0.0712454212454212,0.0205128205128205
220773.411807,2682366.126422,0.0716905023835717,0.0267693436010268,0,0.683718371837184,0.15969930326366,0.0581224789145581
221273.411807,2682366.126422,0.0228937728937729,0.0302197802197802,0.000732600732600733,0.811172161172161,0.0963369963369963,0.0386446886446886
221773.411807,2682366.126422,0.113919413919414,0.0371794871794872,0.00347985347985348,0.458424908424908,0.247435897435897,0.13956043956044
222273.411807,2682366.126422,0.0517051705170517,0.013017968463513,0.000366703337000367,0.828016134946828,0.0841584158415842,0.0227356068940227
222773.411807,2682366.126422,0.0633699633699634,0.0217948717948718,0.000366300366300366,0.408608058608059,0.193223443223443,0.312637362637363
223273.411807,2682366.126422,0.16978021978022,0.0195970695970696,0.00183150183150183,0.26007326007326,0.164102564102564,0.384615384615385
223773.411807,2682366.126422,0.225339200586725,0.0144847818115145,0,0.00183351668500183,0.0731573157315732,0.685185185185185
224273.411807,2682366.126422,0.672710622710623,0.0201465201465201,0,0.00366300366300366,0.0113553113553114,0.292124542124542
212273.411807,2681866.126422,0.0989172325197284,0.00165167920719398,0,0.4481556248853,0.0965314736648926,0.354743989722885
212773.411807,2681866.126422,0.102145607922245,0.0126535851824684,0,0.298734641481753,0.169448010269576,0.417018155143957
213273.411807,2681866.126422,0.0945574491478835,0.142752428074033,0,0.0632215503023639,0.118563313175738,0.580905259299982
213773.411807,2681866.126422,0.0829510001835199,0.198568544687099,0,0.0513855753349238,0.135254175077996,0.531840704716462
214273.411807,2681866.126422,0.0561158995048597,0.194755180634513,0.00165046763249587,0.120300751879699,0.136805428204658,0.490372272143774
214773.411807,2681866.126422,0.0635880520432472,0.103353490929082,0.000916254352208173,0.201209455744915,0.1412864211105,0.489646325820048
215273.411807,2681866.126422,0.0583593319875206,0.325747843641035,0.000183519911910442,0.10772618829143,0.132501376399339,0.375481739768765
215773.411807,2681866.126422,0.0766550522648084,0.382541720154044,0,0.0825233816247937,0.0981111314872547,0.3601687144691
216273.411807,2681866.126422,0.0599230346344145,0.248488180318857,0.000549752611324904,0.226314824995419,0.159794759025105,0.30492944841488
216773.411807,2681866.126422,0.0818498807120573,0.218572215085337,0.00568911726922371,0.287942741787484,0.147917048999816,0.258028996146082
217273.411807,2681866.126422,0.0676691729323308,0.174766183752063,0.00843572345497891,0.341463414634146,0.186686227764533,0.220979277461948
217773.411807,2681866.126422,0.114715044896463,0.0718343412131208,0.000366501740883269,0.284222100054975,0.140553417628734,0.388308594465824
218273.411807,2681866.126422,0.0774454028262066,0.0748761240594605,0.00110111947146265,0.247384841255276,0.168471279133786,0.430721233253808
218773.411807,2681866.126422,0.0854575463047864,0.121584448927196,0.000550155877498625,0.267375756464332,0.15184302218962,0.373189070236567
219273.411807,2681866.126422,0.0432472054242258,0.113798790544255,0.00128275609309144,0.389408099688474,0.182517866959868,0.269745281290086
219773.411807,2681866.126422,0.0614791704899982,0.0497338961277299,0.00550559735731327,0.528720866213984,0.168287759221876,0.186272710589099
220273.411807,2681866.126422,0.0276911791674308,0.0341096644049147,0.00110031175499725,0.80799559875298,0.0843572345497891,0.0447460113698881
220773.411807,2681866.126422,0.0262048744731537,0.0232728605460876,0.000366501740883269,0.771486164559282,0.15466373465274,0.0240058640278541
221273.411807,2681866.126422,0.080932281152505,0.0256927876674619,0.000183519911910442,0.682143512571114,0.152688566709488,0.0583593319875206
221773.411807,2681866.126422,0.0605171465248487,0.0166880616174583,0.00256739409499358,0.70383275261324,0.139739592884651,0.0766550522648084
222273.411807,2681866.126422,0.0518599963349826,0.0153930731170973,0.000549752611324904,0.671064687557266,0.167124793842771,0.0940076965365585
222773.411807,2681866.126422,0.0519361350706552,0.0280785465222977,0,0.488530005505597,0.188474949532024,0.242980363369426
223273.411807,2681866.126422,0.238217494956904,0.0157711351549606,0.000366770584999083,0.237850724371905,0.219328809829452,0.288465065101779
223773.411807,2681866.126422,0.60985889682976,0.000733003481766538,0,0.0201575957485798,0.0498442367601246,0.319406267179769
224273.411807,2681866.126422,0.599192512387594,0,0,0.000550559735731327,0.000917599559552211,0.399339328317122
212273.411807,2681366.126422,0.164587155963303,0.0403669724770642,0,0.146422018348624,0.159633027522936,0.488990825688073
212773.411807,2681366.126422,0.0533847000550358,0.102549990827371,0,0.339387268391121,0.177215189873418,0.327462850853054
213273.411807,2681366.126422,0.0296703296703297,0.295787545787546,0,0.0747252747252747,0.095970695970696,0.503846153846154
213773.411807,2681366.126422,0.0673394495412844,0.147155963302752,0,0.130091743119266,0.100366972477064,0.555045871559633
214273.411807,2681366.126422,0.0288020546688681,0.137772885709044,0.00091726288754357,0.0983305815446707,0.104567969179967,0.629609246009906
214773.411807,2681366.126422,0.043040293040293,0.278754578754579,0,0.231868131868132,0.119230769230769,0.327106227106227
215273.411807,2681366.126422,0.0594495412844037,0.312660550458716,0.00660550458715596,0.228073394495413,0.0979816513761468,0.295229357798165
215773.411807,2681366.126422,0.085305448541552,0.215923683727756,0.00146762062006971,0.073747936158503,0.113006787745368,0.510548523206751
216273.411807,2681366.126422,0.0347985347985348,0.0701465201465201,0,0.551282051282051,0.165934065934066,0.177838827838828
216773.411807,2681366.126422,0.0495412844036697,0.0541284403669725,0.00477064220183486,0.366422018348624,0.144587155963303,0.380550458715596
217273.411807,2681366.126422,0.0544854155200881,0.15263254448725,0.00183452577508714,0.254999082737112,0.180150431113557,0.355898000366905
217773.411807,2681366.126422,0.0838827838827839,0.174542124542125,0,0.0598901098901099,0.11007326007326,0.571611721611722
218273.411807,2681366.126422,0.102385321100917,0.0464220183486239,0.0018348623853211,0.271743119266055,0.222385321100917,0.355229357798165
218773.411807,2681366.126422,0.0796184186387819,0.0860392588515869,0.00532012474775271,0.319390937442671,0.14547789396441,0.364153366354797
219273.411807,2681366.126422,0.0516483516483516,0.199450549450549,0.00311355311355311,0.257509157509157,0.166849816849817,0.321428571428571
219773.411807,2681366.126422,0.0655045871559633,0.0634862385321101,0.00018348623853211,0.330642201834862,0.188807339449541,0.351376146788991
220273.411807,2681366.126422,0.0469638598422308,0.0465969546872134,0.000183452577508714,0.650889745000917,0.14125848468171,0.11410750321042
220773.411807,2681366.126422,0.0417582417582418,0.0186813186813187,0,0.682783882783883,0.136446886446886,0.12032967032967
221273.411807,2681366.126422,0.0574311926605505,0.0427522935779817,0.00403669724770642,0.539082568807339,0.190825688073395,0.165871559633028
221773.411807,2681366.126422,0.0352228948816731,0.0310034855989727,0.000183452577508714,0.659878921298844,0.146395156851954,0.127316088791048
222273.411807,2681366.126422,0.0721611721611722,0.0274725274725275,0.0010989010989011,0.453113553113553,0.154578754578755,0.291575091575092
222773.411807,2681366.126422,0.12348623853211,0.0110091743119266,0.00165137614678899,0.220733944954128,0.196330275229358,0.446788990825688
223273.411807,2681366.126422,0.642267473858008,0.00678774536782242,0,0.128967161988626,0.0535681526325445,0.168409466152999
223773.411807,2681366.126422,0.48974358974359,0.00274725274725275,0,0.054029304029304,0.0505494505494506,0.402930402930403
224273.411807,2681366.126422,0.529174311926605,0,0,0.00055045871559633,0.00458715596330275,0.465688073394495
212273.411807,2680866.126422,0.0514652014652015,0.0498168498168498,0,0.11025641025641,0.0798534798534798,0.708608058608059
212773.411807,2680866.126422,0.149267399267399,0.119047619047619,0,0.0553113553113553,0.158241758241758,0.518131868131868
213273.411807,2680866.126422,0.0718738540520719,0.0781078107810781,0.000183351668500183,0.26952695269527,0.191419141914191,0.388888888888889
213773.411807,2680866.126422,0.0595238095238095,0.193223443223443,0.000183150183150183,0.156959706959707,0.128021978021978,0.462087912087912
214273.411807,2680866.126422,0.039010989010989,0.165018315018315,0,0.126556776556777,0.12032967032967,0.549084249084249
214773.411807,2680866.126422,0.0447378071140447,0.239457279061239,0.000183351668500183,0.255775577557756,0.116244957829116,0.343601026769344
215273.411807,2680866.126422,0.0571428571428571,0.203846153846154,0.00476190476190476,0.477106227106227,0.104761904761905,0.152380952380952
215773.411807,2680866.126422,0.0324175824175824,0.0512820512820513,0.00695970695970696,0.650732600732601,0.117032967032967,0.141575091575092
216273.411807,2680866.126422,0.0416208287495416,0.0940594059405941,0,0.522002200220022,0.14044737807114,0.201870187018702
216773.411807,2680866.126422,0.0928571428571429,0.0496336996336996,0.000732600732600733,0.182051282051282,0.168498168498169,0.506227106227106
217273.411807,2680866.126422,0.0705128205128205,0.270695970695971,0,0.104578754578755,0.111172161172161,0.443040293040293
217773.411807,2680866.126422,0.0716905023835717,0.221855518885222,0.000183351668500183,0.155298863219655,0.105793912724606,0.445177851118445
218273.411807,2680866.126422,0.05,0.148351648351648,0.00128205128205128,0.248534798534799,0.155860805860806,0.395970695970696
218773.411807,2680866.126422,0.0835164835164835,0.0831501831501831,0.000366300366300366,0.284798534798535,0.202747252747253,0.345421245421245
219273.411807,2680866.126422,0.0649064906490649,0.0984598459845985,0.00128346167950128,0.198936560322699,0.149248258159149,0.487165383204987
219773.411807,2680866.126422,0.0708791208791209,0.0824175824175824,0.00549450549450549,0.321245421245421,0.152930402930403,0.367032967032967
220273.411807,2680866.126422,0.0265567765567766,0.0608058608058608,0.00201465201465201,0.710622710622711,0.0836996336996337,0.116300366300366
220773.411807,2680866.126422,0.05995599559956,0.0559222588925559,0.000366703337000367,0.435643564356436,0.167400073340667,0.280711404473781
221273.411807,2680866.126422,0.05,0.16959706959707,0.000549450549450549,0.253113553113553,0.117948717948718,0.408791208791209
221773.411807,2680866.126422,0.0657509157509158,0.0990842490842491,0.000183150183150183,0.239194139194139,0.225457875457875,0.37032967032967
222273.411807,2680866.126422,0.143381004767143,0.0293362669600293,0.00366703337000367,0.265493215988265,0.208104143747708,0.35001833516685
222773.411807,2680866.126422,0.354761904761905,0.0435897435897436,0,0.0527472527472527,0.0666666666666667,0.482234432234432
223273.411807,2680866.126422,0.487545787545788,0.00714285714285714,0,0.1,0.0575091575091575,0.347802197802198
223773.411807,2680866.126422,0.408324165749908,0.00861752841950862,0,0.0555555555555556,0.0704070407040704,0.457095709570957
224273.411807,2680866.126422,0.232417582417582,0.00732600732600733,0,0.0897435897435897,0.127106227106227,0.543406593406593
212273.411807,2680366.126422,0.0534042943659387,0.113048265736832,0,0.0812993209763259,0.187557349972472,0.564690768948431
212773.411807,2680366.126422,0.0434623143223913,0.0790390610673024,0,0.342196955804144,0.21602787456446,0.319273794241702
213273.411807,2680366.126422,0.0841121495327103,0.169140553417629,0.000366501740883269,0.159794759025105,0.158328752061572,0.4282572842221
213773.411807,2680366.126422,0.0464305377133419,0.0592769315470729,0.000550559735731327,0.587447238025326,0.15782712424298,0.148467608735548
214273.411807,2680366.126422,0.0337428938199156,0.0511644966073721,0.000916926462497708,0.713002017238218,0.121401063634696,0.0797726022373006
214773.411807,2680366.126422,0.0652373098772219,0.0498442367601246,0.000366501740883269,0.677844969763606,0.106652006597031,0.100054975261132
215273.411807,2680366.126422,0.0300972655533125,0.0851532391264452,0.000734079647641769,0.475133051936135,0.15782712424298,0.251055239493485
215773.411807,2680366.126422,0.0540986612873648,0.21584448927196,0,0.378140473134055,0.119200440124702,0.232715936181918
216273.411807,2680366.126422,0.0712845886017959,0.245006413780465,0,0.237493128092358,0.107018508337915,0.339197361187466
216773.411807,2680366.126422,0.0495503762158194,0.135437694989906,0,0.333455679941274,0.142778491466324,0.338777757386676
217273.411807,2680366.126422,0.0454795525398863,0.293416467999266,0,0.0916926462497708,0.0960938932697598,0.473317439941317
217773.411807,2680366.126422,0.0414146967198094,0.192230163093275,0.00439802089059923,0.24665567161444,0.155030236393623,0.360271211288254
218273.411807,2680366.126422,0.071389245733162,0.089190677188475,0.00311983850247752,0.32354560469811,0.184070471646174,0.328684162231602
218773.411807,2680366.126422,0.057216211259857,0.113148725472217,0.00348432055749129,0.275444709334311,0.154960572162113,0.395745461214011
219273.411807,2680366.126422,0.0995052226498076,0.15136521898479,0.00183250870441635,0.184716877405168,0.136338647608576,0.426241524647242
219773.411807,2680366.126422,0.107542668379519,0.11616810423931,0.000367039823820885,0.204624701780143,0.157093044595339,0.414204441181868
220273.411807,2680366.126422,0.0238400880249404,0.0324591967724189,0.00366770584999083,0.576746744911058,0.181001283697047,0.182284980744544
220773.411807,2680366.126422,0.0415979475902511,0.0434304562946674,0.00311526479750779,0.705882352941177,0.109584020524097,0.0963899578522998
221273.411807,2680366.126422,0.0607450908423564,0.292897779409066,0,0.169021838869517,0.122224261332355,0.355111029546706
221773.411807,2680366.126422,0.11589950485971,0.048413717219879,0.0022006235099945,0.240968274344398,0.165046763249587,0.427471116816431
222273.411807,2680366.126422,0.200476452263148,0.0192413413963716,0.000549752611324904,0.174821330401319,0.155396738134506,0.44951438519333
222773.411807,2680366.126422,0.350523031748945,0.0332171040557901,0,0.0835015599192512,0.0818498807120573,0.450908423563957
223273.411807,2680366.126422,0.622593068035943,0,0,0,0,0.377406931964057
223773.411807,2680366.126422,0.538757559098406,0.000916254352208173,0,0.000733003481766538,0.00128275609309144,0.458310426974528
224273.411807,2680366.126422,0.347586713158378,0,0,0.00201871903101487,0.00568911726922371,0.644705450541384
212273.411807,2679866.126422,0.0838532110091743,0.0310091743119266,0,0.370825688073394,0.204587155963303,0.309724770642202
212773.411807,2679866.126422,0.0429279031370391,0.144927536231884,0.000366905155017428,0.129884424876169,0.130067877453678,0.551825353146212
213273.411807,2679866.126422,0.0679487179487179,0.0633699633699634,0.00421245421245421,0.192124542124542,0.211721611721612,0.460622710622711
213773.411807,2679866.126422,0.0609174311926605,0.0647706422018349,0,0.266238532110092,0.144036697247706,0.464036697247706
214273.411807,2679866.126422,0.0568702990277013,0.0260502660062374,0.000366905155017428,0.722803155384333,0.142175747569253,0.0517336268574573
214773.411807,2679866.126422,0.041025641025641,0.0402930402930403,0,0.67967032967033,0.177472527472527,0.0615384615384615
215273.411807,2679866.126422,0.0429357798165138,0.150825688073394,0.00018348623853211,0.461467889908257,0.120366972477064,0.224220183486239
215773.411807,2679866.126422,0.111906072280316,0.106585947532563,0.00165107319757843,0.343423225096313,0.154467070262337,0.281966611630893
216273.411807,2679866.126422,0.0652014652014652,0.198901098901099,0.000915750915750916,0.267948717948718,0.136996336996337,0.33003663003663
216773.411807,2679866.126422,0.0704587155963303,0.207339449541284,0.0073394495412844,0.148807339449541,0.143119266055046,0.422935779816514
217273.411807,2679866.126422,0.0438451660245826,0.177582095028435,0.00165107319757843,0.183452577508714,0.126765731058521,0.466703357182168
217773.411807,2679866.126422,0.0586080586080586,0.163369963369963,0.00549450549450549,0.229120879120879,0.144139194139194,0.399267399267399
218273.411807,2679866.126422,0.0860550458715596,0.102752293577982,0.00201834862385321,0.264220183486239,0.165688073394495,0.379266055045872
218773.411807,2679866.126422,0.0326545587965511,0.0344890845716382,0.000550357732526142,0.725554944046964,0.0953953403045313,0.111355714547789
219273.411807,2679866.126422,0.0454212454212454,0.193406593406593,0.00842490842490842,0.382417582417582,0.11996336996337,0.2503663003663
219773.411807,2679866.126422,0.0365137614678899,0.0335779816513761,0.00513761467889908,0.485871559633028,0.161100917431193,0.277798165137615
220273.411807,2679866.126422,0.124931205283434,0.0581544670702623,0.00311869381764814,0.37094111172262,0.171711612548156,0.271142909557879
220773.411807,2679866.126422,0.0613553113553114,0.244322344322344,0,0.166117216117216,0.121794871794872,0.406410256410256
221273.411807,2679866.126422,0.112660550458716,0.252293577981651,0,0.0548623853211009,0.0772477064220184,0.502935779816514
221773.411807,2679866.126422,0.113740598055403,0.0574206567602275,0.000183452577508714,0.187855439368923,0.10988809392772,0.530911759310218
222273.411807,2679866.126422,0.167582417582418,0.00750915750915751,0.000732600732600733,0.236996336996337,0.161538461538462,0.425641025641026
222773.411807,2679866.126422,0.535596330275229,0.00201834862385321,0,0.0420183486238532,0.0234862385321101,0.396880733944954
223273.411807,2679866.126422,0.723903870849385,0,0,0,0,0.276096129150615
223773.411807,2679866.126422,0.771245421245421,0,0,0,0,0.228754578754579
224273.411807,2679866.126422,0.445321100917431,0,0,0.00238532110091743,0.00899082568807339,0.543302752293578
212273.411807,2679366.126422,0.063003663003663,0.0619047619047619,0,0.174542124542125,0.155311355311355,0.545238095238095
212773.411807,2679366.126422,0.0576923076923077,0.126007326007326,0,0.231135531135531,0.170879120879121,0.414285714285714
213273.411807,2679366.126422,0.0478547854785479,0.162449578291162,0.000916758342500917,0.396956362302897,0.138430509717638,0.253392005867253
213773.411807,2679366.126422,0.0584249084249084,0.152380952380952,0.00164835164835165,0.273443223443223,0.148351648351648,0.365750915750916
214273.411807,2679366.126422,0.0423076923076923,0.0228937728937729,0.00146520146520147,0.712637362637363,0.146886446886447,0.0738095238095238
214773.411807,2679366.126422,0.0306197286395306,0.0276861019435277,0,0.671067106710671,0.158599193252659,0.112027869453612
215273.411807,2679366.126422,0.043040293040293,0.0710622710622711,0.000549450549450549,0.473626373626374,0.152564102564103,0.259157509157509
215773.411807,2679366.126422,0.0518315018315018,0.132051282051282,0.00512820512820513,0.41025641025641,0.176190476190476,0.224542124542125
216273.411807,2679366.126422,0.0625229189585625,0.0722405573890722,0.00348368170150348,0.363769710304364,0.197836450311698,0.3001466813348
216773.411807,2679366.126422,0.0424908424908425,0.31043956043956,0.000366300366300366,0.184615384615385,0.0981684981684982,0.363919413919414
217273.411807,2679366.126422,0.0637362637362637,0.271978021978022,0.000183150183150183,0.213736263736264,0.109340659340659,0.341025641025641
217773.411807,2679366.126422,0.0658232489915658,0.21965529886322,0.0088008800880088,0.121195452878621,0.143197653098643,0.441327466079941
218273.411807,2679366.126422,0.0492673992673993,0.165201465201465,0.0100732600732601,0.301465201465201,0.150732600732601,0.323260073260073
218773.411807,2679366.126422,0.0304029304029304,0.030952380952381,0.00164835164835165,0.758974358974359,0.0853479853479854,0.0926739926739927
219273.411807,2679366.126422,0.0623395672900623,0.101943527686102,0.00146681334800147,0.246607994132747,0.106894022735607,0.480748074807481
219773.411807,2679366.126422,0.0807692307692308,0.0261904761904762,0.00567765567765568,0.6503663003663,0.15,0.086996336996337
220273.411807,2679366.126422,0.109340659340659,0.0619047619047619,0,0.443223443223443,0.152564102564103,0.232967032967033
220773.411807,2679366.126422,0.0830583058305831,0.198753208654199,0,0.202786945361203,0.131829849651632,0.383571690502384
221273.411807,2679366.126422,0.148901098901099,0.12967032967033,0.000183150183150183,0.108241758241758,0.118498168498168,0.494505494505495
221773.411807,2679366.126422,0.0919413919413919,0.141208791208791,0.000366300366300366,0.208791208791209,0.172344322344322,0.385347985347985
222273.411807,2679366.126422,0.347268060139347,0.037037037037037,0.00055005500550055,0.140997433076641,0.0788412174550788,0.395306197286395
222773.411807,2679366.126422,0.475641025641026,0.00622710622710623,0,0.0115384615384615,0.010989010989011,0.495604395604396
223273.411807,2679366.126422,0.717765567765568,0,0,0,0,0.282234432234432
223773.411807,2679366.126422,0.695452878621195,0,0,0,0,0.304547121378805
224273.411807,2679366.126422,0.360989010989011,0.000183150183150183,0,0.00274725274725275,0.00750915750915751,0.628571428571429
212273.411807,2678866.126422,0.0289961460818499,0.0886401174527436,0,0.0449623784180584,0.0801982015048633,0.757203156542485
212773.411807,2678866.126422,0.0467632495873831,0.120484137172199,0.0053181734824867,0.282596735741794,0.206308454061984,0.338529249954154
213273.411807,2678866.126422,0.0540590067802822,0.17152281473337,0.000183250870441635,0.204141469671981,0.154113982041415,0.415979475902511
213773.411807,2678866.126422,0.0420260598274913,0.207193980546889,0.000367039823820885,0.196916865479905,0.13268489631125,0.420811158010644
214273.411807,2678866.126422,0.0429121584448927,0.0190720704199523,0.0075187969924812,0.671190170548322,0.164679992664588,0.0946268109297634
214773.411807,2678866.126422,0.0729338464357706,0.164192779915705,0,0.414330218068536,0.135239142385926,0.213304013194063
215273.411807,2678866.126422,0.0616626904019086,0.309047531657185,0,0.0943292347219673,0.0923105156909525,0.442650027527987
215773.411807,2678866.126422,0.048413717219879,0.209609389326976,0,0.283146891619292,0.140839904639648,0.317990097194205
216273.411807,2678866.126422,0.0650540590067803,0.0408649441084845,0.000549752611324904,0.520065970313359,0.156679494227598,0.216785779732454
216773.411807,2678866.126422,0.0458799779776106,0.108460267939071,0.00110111947146265,0.334373279500826,0.180583593319875,0.329601761791154
217273.411807,2678866.126422,0.0489638730973776,0.0847240051347882,0.00366770584999083,0.410966440491473,0.172382174949569,0.279295800476802
217773.411807,2678866.126422,0.0630382994319223,0.0940076965365585,0,0.239692138537658,0.166208539490563,0.437053326003298
218273.411807,2678866.126422,0.0478986970086254,0.160029363185906,0.00972655533125344,0.422462837217838,0.172508717195816,0.187373830060562
218773.411807,2678866.126422,0.0212726939299468,0.150192554557125,0.00990280579497524,0.534751512928663,0.0753713552173116,0.208509077571979
219273.411807,2678866.126422,0.0786146234194612,0.0665200659703134,0,0.232545354590434,0.216602528862012,0.405717427157779
219773.411807,2678866.126422,0.0660671682877592,0.0155991925123876,0.000550559735731327,0.720866213984217,0.147917048999816,0.0489998164800881
220273.411807,2678866.126422,0.0458463231248854,0.0465798642948836,0.000550155877498625,0.677058499908307,0.173299101412067,0.0566660553823583
220773.411807,2678866.126422,0.0579072750595565,0.0872274143302181,0,0.472237493128092,0.127359354956936,0.255268462525197
221273.411807,2678866.126422,0.101302991374564,0.177096714993577,0,0.0486327766562672,0.0741420444118187,0.598825472563773
221773.411807,2678866.126422,0.140473134054649,0.156244269209609,0.00421786172748946,0.17990097194205,0.103796075554741,0.415367687511462
222273.411807,2678866.126422,0.176653839105736,0.00714678394722375,0.000366501740883269,0.316840754993586,0.155946490745831,0.34304562946674
222773.411807,2678866.126422,0.438429069554047,0.00293631859056708,0.00201871903101487,0.0934116351624151,0.0609286107542668,0.402275646907689
223273.411807,2678866.126422,0.744727672840638,0.000183385292499542,0,0.00165046763249587,0.0117366587199707,0.241701815514396
223773.411807,2678866.126422,0.564595931830676,0.000183250870441635,0,0.00256551218618288,0.00568077698369067,0.426974528129009
224273.411807,2678866.126422,0.424665076160763,0.000183519911910442,0,0.00385391815011929,0.0137639933932832,0.557533492383924
212273.411807,2678366.126422,0.0743119266055046,0.0634862385321101,0.0036697247706422,0.322752293577982,0.162385321100917,0.373394495412844
212773.411807,2678366.126422,0.0442120711796001,0.198679141441937,0.00733810310034856,0.274261603375527,0.148963492937076,0.326545587965511
213273.411807,2678366.126422,0.0534798534798535,0.138827838827839,0.026007326007326,0.336263736263736,0.186630036630037,0.258791208791209
213773.411807,2678366.126422,0.0390825688073395,0.132110091743119,0.0192660550458716,0.513761467889908,0.118165137614679,0.177614678899083
214273.411807,2678366.126422,0.0559530361401578,0.0532012474775271,0.00110071546505228,0.541185103650706,0.141992294991745,0.206567602274812
214773.411807,2678366.126422,0.034981684981685,0.103296703296703,0.00293040293040293,0.502564102564103,0.175457875457875,0.180769230769231
215273.411807,2678366.126422,0.0721100917431193,0.12697247706422,0.00055045871559633,0.231192660550459,0.145321100917431,0.423853211009174
215773.411807,2678366.126422,0.0669601907906806,0.143643368189323,0.00458631443771785,0.328013208585581,0.190790680609063,0.266006237387635
216273.411807,2678366.126422,0.0789377289377289,0.174175824175824,0,0.271062271062271,0.151098901098901,0.324725274725275
216773.411807,2678366.126422,0.0741284403669725,0.146605504587156,0.00073394495412844,0.183119266055046,0.144403669724771,0.451009174311927
217273.411807,2678366.126422,0.0590717299578059,0.171344707393139,0.00220143093010457,0.130801687763713,0.107319757842598,0.52926068611264
217773.411807,2678366.126422,0.0538461538461538,0.217582417582418,0.00311355311355311,0.222161172161172,0.124358974358974,0.378937728937729
218273.411807,2678366.126422,0.0359633027522936,0.0959633027522936,0.00110091743119266,0.441284403669725,0.144403669724771,0.281284403669725
218773.411807,2678366.126422,0.0640249495505412,0.318657127132636,0.00385250412768299,0.0996147495872317,0.10273344340488,0.411117226197028
219273.411807,2678366.126422,0.0578754578754579,0.175274725274725,0,0.128754578754579,0.126739926739927,0.511355311355311
219773.411807,2678366.126422,0.0877064220183486,0.0203669724770642,0.000917431192660551,0.687706422018349,0.113211009174312,0.0900917431192661
220273.411807,2678366.126422,0.0664098330581545,0.0165107319757843,0,0.637314254265272,0.185287103283801,0.0944780774169877
220773.411807,2678366.126422,0.147985347985348,0.0371794871794872,0,0.35,0.138827838827839,0.326007326007326
221273.411807,2678366.126422,0.0904587155963303,0.0332110091743119,0.00036697247706422,0.0177981651376147,0.0288073394495413,0.829357798165138
221773.411807,2678366.126422,0.132085855806274,0.00972298660796184,0,0.0728306732709595,0.0871399743166392,0.698220509998165
222273.411807,2678366.126422,0.192673992673993,0.00604395604395604,0.000183150183150183,0.0384615384615385,0.128571428571429,0.634065934065934
222773.411807,2678366.126422,0.615963302752294,0,0,0,0.00036697247706422,0.383669724770642
223273.411807,2678366.126422,0.820583379196478,0,0,0,0,0.179416620803522
223773.411807,2678366.126422,0.43003663003663,0.000183150183150183,0,0.000549450549450549,0.00366300366300366,0.565567765567766
224273.411807,2678366.126422,0.431743119266055,0.00293577981651376,0,0.00036697247706422,0.00532110091743119,0.559633027522936
212273.411807,2677866.126422,0.0364468864468864,0.101098901098901,0.0111721611721612,0.457875457875458,0.196153846153846,0.197252747252747
212773.411807,2677866.126422,0.0481684981684982,0.0573260073260073,0.0115384615384615,0.475091575091575,0.212271062271062,0.195604395604396
213273.411807,2677866.126422,0.0357535753575358,0.160616061606161,0.0108177484415108,0.334250091675834,0.137330399706637,0.321232123212321
213773.411807,2677866.126422,0.0243589743589744,0.0547619047619048,0.0146520146520147,0.497985347985348,0.142673992673993,0.265567765567766
214273.411807,2677866.126422,0.0421245421245421,0.18021978021978,0.0043956043956044,0.228937728937729,0.093956043956044,0.4503663003663
214773.411807,2677866.126422,0.0894756142280895,0.0243857719105244,0.000916758342500917,0.495049504950495,0.154932159882655,0.235240190685735
215273.411807,2677866.126422,0.123260073260073,0.0695970695970696,0.000366300366300366,0.174175824175824,0.229120879120879,0.403479853479853
215773.411807,2677866.126422,0.0811355311355311,0.147985347985348,0.000915750915750916,0.204761904761905,0.162637362637363,0.402564102564103
216273.411807,2677866.126422,0.035020168683535,0.39017235056839,0.00403373670700403,0.158599193252659,0.102493582691602,0.30968096809681
216773.411807,2677866.126422,0.0443223443223443,0.174358974358974,0.0249084249084249,0.31043956043956,0.110805860805861,0.335164835164835
217273.411807,2677866.126422,0.0421245421245421,0.0318681318681319,0.00641025641025641,0.612454212454212,0.128571428571429,0.178571428571429
217773.411807,2677866.126422,0.0803080308030803,0.11019435276861,0.0011001100110011,0.18976897689769,0.104877154382105,0.513751375137514
218273.411807,2677866.126422,0.043956043956044,0.276556776556777,0.0102564102564103,0.258424908424908,0.13021978021978,0.280586080586081
218773.411807,2677866.126422,0.0529304029304029,0.395787545787546,0,0.0587912087912088,0.0679487179487179,0.424542124542125
219273.411807,2677866.126422,0.0559222588925559,0.352951961862853,0.000366703337000367,0.0515218188485515,0.0727906123945728,0.466446644664466
219773.411807,2677866.126422,0.127472527472527,0.0139194139194139,0,0.54047619047619,0.0990842490842491,0.219047619047619
220273.411807,2677866.126422,0.0419413919413919,0.0117216117216117,0.000183150183150183,0.76043956043956,0.112820512820513,0.0728937728937729
220773.411807,2677866.126422,0.186285295196186,0.028969563623029,0.00275027502750275,0.439127246057939,0.121928859552622,0.220938760542721
221273.411807,2677866.126422,0.127838827838828,0.108791208791209,0,0.0393772893772894,0.0608058608058608,0.663186813186813
221773.411807,2677866.126422,0.14010989010989,0.00897435897435897,0,0.206043956043956,0.175641025641026,0.469230769230769
222273.411807,2677866.126422,0.311331133113311,0.00586725339200587,0,0.0498716538320499,0.146497983131646,0.486431976530986
222773.411807,2677866.126422,0.543589743589744,0.00347985347985348,0,0.0210622710622711,0.0346153846153846,0.397252747252747
223273.411807,2677866.126422,0.608058608058608,0.00366300366300366,0,0.00421245421245421,0.00586080586080586,0.378205128205128
223773.411807,2677866.126422,0.398973230656399,0,0,0.0088008800880088,0.0205353868720205,0.571690502383572
224273.411807,2677866.126422,0.555128205128205,0,0,0.00347985347985348,0.0124542124542125,0.428937728937729
212273.411807,2677366.126422,0.0420260598274913,0.104239309965131,0.00238575885483575,0.359699027344467,0.156358964947697,0.335290879060378
212773.411807,2677366.126422,0.0454795525398863,0.271043462314322,0.0245736291949386,0.166147075004585,0.1201173665872,0.372638914359068
213273.411807,2677366.126422,0.0337181601612608,0.182334616089426,0.00659703133589885,0.177203591717061,0.151731720725673,0.44841487997068
213773.411807,2677366.126422,0.0322995044962378,0.0478986970086254,0.0082583960359699,0.574967884015416,0.125711139658653,0.210864378785098
214273.411807,2677366.126422,0.0363102879149092,0.126719237117183,0.00348432055749129,0.465065101778837,0.114249037227214,0.254172015404365
214773.411807,2677366.126422,0.0573575224482316,0.0503939893714495,0.00549752611324904,0.4260582737768,0.19956019791094,0.261132490379329
215273.411807,2677366.126422,0.0387227014131033,0.0222059093411635,0.000550559735731327,0.553312534409984,0.144246650761608,0.240961644338411
215773.411807,2677366.126422,0.057582981844856,0.0647350082523382,0.000183385292499542,0.412433522831469,0.198606271777003,0.266458830001834
216273.411807,2677366.126422,0.0701850833791461,0.0485614806670332,0.00733003481766538,0.437419827744182,0.122778083195895,0.313725490196078
216773.411807,2677366.126422,0.0535878142778491,0.0100935951550743,0.00862543585979079,0.432923472196733,0.146632409616443,0.348137272894109
217273.411807,2677366.126422,0.0348432055749129,0.126902622409683,0.000550155877498625,0.469099578213827,0.174766183752063,0.193838254172015
217773.411807,2677366.126422,0.0089792926516401,0.0181418361737218,0.0131940626717977,0.569910207073484,0.193696170056808,0.196078431372549
218273.411807,2677366.126422,0.085887318774087,0.0249587080198202,0.00899247568361167,0.498623600660672,0.140392732611488,0.241145164250321
218773.411807,2677366.126422,0.0425453878598936,0.0636346964973409,0.000183385292499542,0.376856776086558,0.169998166147075,0.346781588116633
219273.411807,2677366.126422,0.0791643760307861,0.137987905442551,0.000366501740883269,0.356606193879421,0.109950522264981,0.315924500641378
219773.411807,2677366.126422,0.0833180400073408,0.0442282987704166,0.0012846393833731,0.517526151587447,0.151770967149936,0.201871903101487
220273.411807,2677366.126422,0.0374105996699065,0.0267742527049331,0.00348432055749129,0.758848340363103,0.101412066752246,0.0720704199523198
220773.411807,2677366.126422,0.127542605827378,0.01905809052593,0.00219901044529962,0.279457577423493,0.161627267729522,0.410115448048378
221273.411807,2677366.126422,0.0967149935768031,0.227381170857038,0,0.100752431638833,0.0616626904019086,0.513488713525417
221773.411807,2677366.126422,0.190904089492023,0.0482303319273794,0.00238400880249404,0.152943333944618,0.290115532734275,0.315422703099211
222273.411807,2677366.126422,0.237126626351475,0.0089792926516401,0.000183250870441635,0.272494044346711,0.185266630016493,0.29595015576324
222773.411807,2677366.126422,0.568728207010461,0.000183519911910442,0,0.000734079647641769,0.00275279867865663,0.427601394751331
223273.411807,2677366.126422,0.549238951036127,0,0,0.00146708233999633,0.00953603520997616,0.439757931413901
223773.411807,2677366.126422,0.52134872640645,0,0,0.00403151914971596,0.0111783030969397,0.463441451346894
224273.411807,2677366.126422,0.655166085520279,0.00110111947146265,0,0.0141310332171041,0.0146815929528354,0.314920168838319
212273.411807,2676866.126422,0.0346788990825688,0.293211009174312,0.00036697247706422,0.17394495412844,0.0959633027522936,0.401834862385321
212773.411807,2676866.126422,0.0438451660245826,0.196294257934324,0.00513667217024399,0.15116492386718,0.160337552742616,0.443221427261053
213273.411807,2676866.126422,0.0445054945054945,0.276739926739927,0.000366300366300366,0.073992673992674,0.0853479853479854,0.519047619047619
213773.411807,2676866.126422,0.0504587155963303,0.0671559633027523,0.00146788990825688,0.485688073394495,0.172110091743119,0.223119266055046
214273.411807,2676866.126422,0.0315538433314988,0.0779673454412034,0.002568336085122,0.35094478077417,0.203082003302146,0.333883691065859
214773.411807,2676866.126422,0.00622710622710623,0.215018315018315,0,0.347435897435897,0.208974358974359,0.222344322344322
215273.411807,2676866.126422,0.0295412844036697,0.058348623853211,0.00165137614678899,0.614862385321101,0.175229357798165,0.120366972477064
215773.411807,2676866.126422,0.0576041093377362,0.0108237020730141,0,0.655476059438635,0.140708126949184,0.135388002201431
216273.411807,2676866.126422,0.0282051282051282,0.0230769230769231,0,0.0421245421245421,0.249450549450549,0.657142857142857
216773.411807,2676866.126422,0.00128440366972477,0.0168807339449541,0,0.10697247706422,0.315412844036697,0.559449541284404
217273.411807,2676866.126422,0.0207301412584847,0.0741148413135205,0.00201797835259585,0.278481012658228,0.285635663181068,0.339020363236103
217773.411807,2676866.126422,0.0397435897435897,0.137728937728938,0,0.288278388278388,0.207692307692308,0.326556776556777
218273.411807,2676866.126422,0.0519266055045872,0.0959633027522936,0.00128440366972477,0.291926605504587,0.229174311926606,0.329724770642202
218773.411807,2676866.126422,0.0324711062190424,0.0322876536415337,0.000183452577508714,0.154467070262337,0.2610530177949,0.519537699504678
219273.411807,2676866.126422,0.0426739926739927,0.0706959706959707,0.0010989010989011,0.551648351648352,0.132783882783883,0.201098901098901
219773.411807,2676866.126422,0.0438532110091743,0.0275229357798165,0.0108256880733945,0.597798165137615,0.157798165137615,0.162201834862385
220273.411807,2676866.126422,0.0829205650339387,0.0882406897816914,0,0.0886075949367089,0.187121629058888,0.553109521188773
220773.411807,2676866.126422,0.219047619047619,0.0450549450549451,0,0.0357142857142857,0.109340659340659,0.590842490842491
221273.411807,2676866.126422,0.0897247706422018,0.0946788990825688,0.00256880733944954,0.231376146788991,0.161651376146789,0.42
221773.411807,2676866.126422,0.12126215373326,0.0284351495138507,0.000550357732526142,0.253348009539534,0.19831223628692,0.398092093193909
222273.411807,2676866.126422,0.306776556776557,0.00238095238095238,0,0.0901098901098901,0.0866300366300366,0.514102564102564
222773.411807,2676866.126422,0.636697247706422,0.00146788990825688,0,0.0102752293577982,0.0137614678899083,0.337798165137615
223273.411807,2676866.126422,0.56778572738947,0,0,0.0104567969179967,0.0181618051733627,0.403595670519171
223773.411807,2676866.126422,0.334981684981685,0,0,0.00714285714285714,0.0157509157509158,0.642124542124542
224273.411807,2676866.126422,0.311009174311927,0.00293577981651376,0,0.0691743119266055,0.107339449541284,0.50954128440367
212273.411807,2676366.126422,0.058974358974359,0.0529304029304029,0.000183150183150183,0.060989010989011,0.113369963369963,0.713553113553114
212773.411807,2676366.126422,0.0432234432234432,0.292857142857143,0,0.0761904761904762,0.141941391941392,0.445787545787546
