"x","y","forest","agri","water","built","other","grass"
186273.411807,2557866.126422,0.3003300330033,0.102126879354602,0.00128346167950128,0.0212687935460213,0.109277594426109,0.465713237990466
186773.411807,2557866.126422,0.156593406593407,0.108974358974359,0.0186813186813187,0.174358974358974,0.03003663003663,0.511355311355311
187273.411807,2557866.126422,0.267216117216117,0.00402930402930403,0,0.0886446886446886,0.105494505494505,0.534615384615385
187773.411807,2557866.126422,0.187935460212688,0.0192519251925193,0,0.117895122845618,0.201136780344701,0.473780711404474
188273.411807,2557866.126422,0.401648351648352,0.00915750915750916,0,0.00421245421245421,0.0291208791208791,0.555860805860806
188773.411807,2557866.126422,0.425641025641026,0.0131868131868132,0,0.00659340659340659,0.023992673992674,0.530586080586081
189273.411807,2557866.126422,0.61037770443711,0.00146681334800147,0,0.000183351668500183,0.00495049504950495,0.383021635496883
189773.411807,2557866.126422,0.595787545787546,0.00402930402930403,0.00586080586080586,0,0.0010989010989011,0.393223443223443
190273.411807,2557866.126422,0.676373626373626,0,0,0.00183150183150183,0.00860805860805861,0.313186813186813
190773.411807,2557866.126422,0.562522918958563,0.00146681334800147,0,0.0192519251925193,0.0465713237990466,0.37018701870187
191273.411807,2557866.126422,0.703479853479854,0.000183150183150183,0,0.000183150183150183,0.00256410256410256,0.293589743589744
191773.411807,2557866.126422,0.567765567765568,0.0139194139194139,0.000549450549450549,0.168681318681319,0.0785714285714286,0.170512820512821
192273.411807,2557866.126422,0.157132379904657,0.0533553355335534,0.0682068206820682,0.120645397873121,0.0814081408140814,0.519251925192519
192773.411807,2557866.126422,0.17032967032967,0.0364468864468864,0,0.00677655677655678,0.0157509157509158,0.770695970695971
193273.411807,2557866.126422,0.188461538461538,0.00384615384615385,0,0.0401098901098901,0.0663003663003663,0.701282051282051
193773.411807,2557866.126422,0.167766776677668,0.181701503483682,0.0137513751375138,0.175100843417675,0.0555555555555556,0.406123945727906
194273.411807,2557866.126422,0.231868131868132,0.0230769230769231,0,0.0774725274725275,0.116300366300366,0.551282051282051
194773.411807,2557866.126422,0.141025641025641,0.0276556776556777,0.000366300366300366,0.413369963369963,0.250732600732601,0.166849816849817
195273.411807,2557866.126422,0.12009534286762,0.0207187385405207,0.0022002200220022,0.54033736707004,0.138247158049138,0.178401173450678
195773.411807,2557866.126422,0.458241758241758,0.0152014652014652,0,0.0564102564102564,0.103479853479853,0.366666666666667
196273.411807,2557866.126422,0.651465201465201,0.0291208791208791,0,0.000366300366300366,0.0021978021978022,0.316849816849817
196773.411807,2557866.126422,0.649248258159149,0.104877154382105,0.000733406674000733,0.000733406674000733,0.00183351668500183,0.242574257425743
197273.411807,2557866.126422,0.658791208791209,0.0164835164835165,0,0.000732600732600733,0.00238095238095238,0.321611721611722
197773.411807,2557866.126422,0.656043956043956,0,0.000366300366300366,0.00238095238095238,0.00952380952380952,0.331684981684982
198273.411807,2557866.126422,0.817748441510818,0.00256692335900257,0.000183351668500183,0.0022002200220022,0.00733406674000733,0.16996699669967
186273.411807,2557366.126422,0.242074399853399,0.0262048744731537,0.0214403518416712,0.0659703133589885,0.0989554700384827,0.545354590434305
186773.411807,2557366.126422,0.0559735731326849,0.242062763809873,0.0400073407964764,0.15764360433107,0.105156909524683,0.399155808405212
187273.411807,2557366.126422,0.296534017971759,0.0937098844672657,0,0.0489638730973776,0.0997615991197506,0.461030625343847
187773.411807,2557366.126422,0.639912039582188,0.00146600696353308,0,0.0104452996151732,0.0320689023272861,0.31610775151182
188273.411807,2557366.126422,0.524499908240044,0.000550559735731327,0,0.000917599559552211,0.00935951550743256,0.46467241695724
188773.411807,2557366.126422,0.396295617091509,0.0234733174399413,0.000733541169998166,0.0605171465248487,0.0715202640748212,0.447460113698881
189273.411807,2557366.126422,0.619387942092725,0.0124610591900312,0.00384826827927433,0.00751328568810702,0.0100787978742899,0.346710646875573
189773.411807,2557366.126422,0.68875022939989,0,0,0.00110111947146265,0.00752431638832813,0.302624334740319
190273.411807,2557366.126422,0.470383275261324,0.000183385292499542,0,0.00953603520997616,0.0251237850724372,0.494773519163763
190773.411807,2557366.126422,0.5268462525197,0.000733003481766538,0,0.000733003481766538,0.00494777350192413,0.466739967014843
191273.411807,2557366.126422,0.644705450541384,0.00385391815011929,0,0.0734079647641769,0.0337676637915214,0.244265002752799
191773.411807,2557366.126422,0.115532734274711,0.0561158995048597,0.135521731157161,0.206491839354484,0.0806895286997983,0.405648267008986
192273.411807,2557366.126422,0.143118929814917,0.0221733553234378,0.00366501740883269,0.0203408466190214,0.0386659336631849,0.772035917170607
192773.411807,2557366.126422,0.101853551110295,0.226647091209396,0.0264268673151037,0.127729858689668,0.0159662323362085,0.501376399339328
193273.411807,2557366.126422,0.186686227764533,0.314689161929213,0,0.0295250320924262,0.0803227581147992,0.388776820099028
193773.411807,2557366.126422,0.288436870075133,0.0240058640278541,0,0.0262048744731537,0.0284038849184534,0.632948506505406
194273.411807,2557366.126422,0.354927509634795,0.0335841438796109,0.0363369425582676,0.052303174894476,0.0471646173609837,0.475683611671866
194773.411807,2557366.126422,0.349715752796626,0.0174216027874564,0.0599669906473501,0.0192554557124519,0.024390243902439,0.529249954153677
195273.411807,2557366.126422,0.354956936045446,0.0120945574491479,0.00989554700384827,0.0597397837639729,0.055158512002932,0.508154663734653
195773.411807,2557366.126422,0.329968801614975,0.00440447788585061,0,0.0359699027344467,0.0440447788585061,0.585612038906221
196273.411807,2557366.126422,0.541720154043646,0,0,0.0154043645699615,0.0139372822299652,0.428938199156428
196773.411807,2557366.126422,0.423492761590618,0.00458127176104087,0,0.00128275609309144,0.00769653655854865,0.562946673996702
197273.411807,2557366.126422,0.621581941640668,0.00770783630023858,0,0,0.00220223894292531,0.368507983116168
197773.411807,2557366.126422,0.629011553273428,0.0053181734824867,0,0.000183385292499542,0.00476801760498808,0.360718870346598
198273.411807,2557366.126422,0.766904892798241,0.0525929998167491,0,0,0,0.18050210738501
186273.411807,2556866.126422,0.412637362637363,0.00915750915750916,0.0558608058608059,0.026007326007326,0.0296703296703297,0.466666666666667
186773.411807,2556866.126422,0.253761467889908,0.0264220183486239,0,0.0321100917431193,0.0431192660550459,0.644587155963303
187273.411807,2556866.126422,0.238488350761328,0.163272793982755,0.0091726288754357,0.0467804072647221,0.0181618051733627,0.524124013942396
187773.411807,2556866.126422,0.351648351648352,0.052014652014652,0,0.000732600732600733,0.00879120879120879,0.586813186813187
188273.411807,2556866.126422,0.515229357798165,0.00128440366972477,0.00348623853211009,0.00311926605504587,0.00917431192660551,0.467706422018349
188773.411807,2556866.126422,0.484681709778022,0.00587048248027885,0.000183452577508714,0.00953953403045313,0.019262520638415,0.480462300495322
189273.411807,2556866.126422,0.494505494505495,0.0153846153846154,0.00347985347985348,0.0512820512820513,0.0518315018315018,0.383516483516484
189773.411807,2556866.126422,0.655045871559633,0.00293577981651376,0,0.0332110091743119,0.0139449541284404,0.294862385321101
190273.411807,2556866.126422,0.616584113006788,0.00935608145294441,0,0.0258668134287287,0.0462300495321959,0.301962942579343
190773.411807,2556866.126422,0.563919413919414,0.0032967032967033,0,0.104029304029304,0.0289377289377289,0.29981684981685
191273.411807,2556866.126422,0.382935779816514,0.0220183486238532,0,0.186422018348624,0.126788990825688,0.281834862385321
191773.411807,2556866.126422,0.472390387084939,0.0585213722252798,0.0577875619152449,0.0926435516419006,0.107319757842598,0.211337369290039
192273.411807,2556866.126422,0.234615384615385,0.0487179487179487,0.0476190476190476,0.0972527472527473,0.054029304029304,0.517765567765568
192773.411807,2556866.126422,0.238715596330275,0.0372477064220183,0.0122935779816514,0.0444036697247706,0.043302752293578,0.624036697247706
193273.411807,2556866.126422,0.251146578609429,0.0181618051733627,0.0304531278664465,0.0212804989910108,0.0277013392038158,0.651256650155935
193773.411807,2556866.126422,0.277838827838828,0.0104395604395604,0.017032967032967,0.0315018315018315,0.0347985347985348,0.628388278388278
194273.411807,2556866.126422,0.26348623853211,0.0190825688073394,0,0.0570642201834862,0.0405504587155963,0.619816513761468
194773.411807,2556866.126422,0.240139423958907,0.00880572372041827,0,0.0291689598238855,0.072463768115942,0.649422124380848
195273.411807,2556866.126422,0.270879120879121,0.00915750915750916,0.0137362637362637,0.0675824175824176,0.0844322344322344,0.554212454212454
195773.411807,2556866.126422,0.251192660550459,0.0543119266055046,0,0.0176146788990826,0.0315596330275229,0.645321100917431
196273.411807,2556866.126422,0.26820766831774,0.0121078701155751,0.00220143093010457,0.021830856723537,0.0563199412951752,0.639332232617868
196773.411807,2556866.126422,0.488278388278388,0.00164835164835165,0.000915750915750916,0.0205128205128205,0.0467032967032967,0.441941391941392
197273.411807,2556866.126422,0.552110091743119,0.00440366972477064,0.00018348623853211,0.0247706422018349,0.0223853211009174,0.396146788990826
197773.411807,2556866.126422,0.608695652173913,0.00110071546505228,0,0.000366905155017428,0.00458631443771785,0.385250412768299
198273.411807,2556866.126422,0.732783882783883,0.000366300366300366,0.000549450549450549,0,0.000732600732600733,0.265567765567766
186273.411807,2556366.126422,0.59020902090209,0.000183351668500183,0,0.000366703337000367,0.00385038503850385,0.405390539053905
186773.411807,2556366.126422,0.323076923076923,0.00952380952380952,0,0.00641025641025641,0.0157509157509158,0.645238095238095
187273.411807,2556366.126422,0.166666666666667,0.05,0.136080586080586,0.0536630036630037,0.0152014652014652,0.578388278388278
187773.411807,2556366.126422,0.581591492482582,0.0258525852585259,0,0,0.00165016501650165,0.390905757242391
188273.411807,2556366.126422,0.431135531135531,0.0155677655677656,0.00476190476190476,0.0108058608058608,0.0424908424908425,0.495238095238095
188773.411807,2556366.126422,0.440842490842491,0.0043956043956044,0,0.00201465201465201,0.0120879120879121,0.540659340659341
189273.411807,2556366.126422,0.584891822515585,0.00275027502750275,0,0.000183351668500183,0.00733406674000733,0.404840484048405
189773.411807,2556366.126422,0.517948717948718,0.00641025641025641,0,0.0010989010989011,0.0168498168498168,0.457692307692308
190273.411807,2556366.126422,0.626739926739927,0.0373626373626374,0.00915750915750916,0.0111721611721612,0.0347985347985348,0.280769230769231
190773.411807,2556366.126422,0.345067840117345,0.0353868720205354,0.0293362669600293,0.182068206820682,0.11991199119912,0.288228822882288
191273.411807,2556366.126422,0.760805860805861,0.00274725274725275,0.00457875457875458,0.0265567765567766,0.0195970695970696,0.185714285714286
191773.411807,2556366.126422,0.414102564102564,0.000915750915750916,0,0.0115384615384615,0.0155677655677656,0.557875457875458
192273.411807,2556366.126422,0.618628529519619,0.00055005500550055,0.00055005500550055,0.00201686835350202,0.00788412174550788,0.37037037037037
192773.411807,2556366.126422,0.208608058608059,0.0131868131868132,0.000366300366300366,0.0137362637362637,0.0327838827838828,0.731318681318681
193273.411807,2556366.126422,0.287362637362637,0.0021978021978022,0,0.00842490842490842,0.0254578754578755,0.676556776556777
193773.411807,2556366.126422,0.252475247524752,0.00641730839750642,0,0.0562889622295563,0.0676567656765677,0.617161716171617
194273.411807,2556366.126422,0.185714285714286,0.0155677655677656,0.0141025641025641,0.0336996336996337,0.0747252747252747,0.676190476190476
194773.411807,2556366.126422,0.204212454212454,0.0252747252747253,0,0,0.00457875457875458,0.765934065934066
195273.411807,2556366.126422,0.374587458745875,0.00366703337000367,0.00935093509350935,0.0337367070040337,0.0396039603960396,0.539053905390539
195773.411807,2556366.126422,0.261538461538462,0.00183150183150183,0.000549450549450549,0.0179487179487179,0.0274725274725275,0.690659340659341
196273.411807,2556366.126422,0.290842490842491,0.0142857142857143,0.00293040293040293,0.028021978021978,0.0672161172161172,0.596703296703297
196773.411807,2556366.126422,0.505317198386505,0.00788412174550788,0.00165016501650165,0.0183351668500183,0.041987532086542,0.424825815914925
197273.411807,2556366.126422,0.493956043956044,0.0395604395604396,0,0.00402930402930403,0.0128205128205128,0.4496336996337
197773.411807,2556366.126422,0.415384615384615,0.0668498168498168,0.000732600732600733,0.00842490842490842,0.0232600732600733,0.485347985347985
198273.411807,2556366.126422,0.543821048771544,0.0011001100110011,0,0.00165016501650165,0.0209020902090209,0.432526585991932
186273.411807,2555866.126422,0.218068535825545,0.011544804837823,0.0969397104636247,0.0104452996151732,0.0243723657687374,0.638629283489097
186773.411807,2555866.126422,0.11616810423931,0.189025509267756,0.169205358781428,0.0669847678473114,0.00715727656450725,0.451458983299688
187273.411807,2555866.126422,0.413900605171465,0.0152209792774619,0.117366587199707,0.0487804878048781,0.0722538052448194,0.332477535301669
187773.411807,2555866.126422,0.619021440351842,0.0047645226314825,0.00366501740883269,0.00128275609309144,0.00659703133589885,0.364669232178853
188273.411807,2555866.126422,0.620113782345385,0,0,0,0.00275279867865663,0.377133418975959
188773.411807,2555866.126422,0.553823583348615,0.0154043645699615,0.0289748762149276,0.0100861910874748,0.0403447643498991,0.351366220429122
189273.411807,2555866.126422,0.644859813084112,0.00384826827927433,0,0.00787978742899029,0.0284038849184534,0.31500824628917
189773.411807,2555866.126422,0.772802349054872,0.00440447788585061,0,0,0.00605615709304459,0.216737015966232
190273.411807,2555866.126422,0.790023840088025,0.011186502842472,0.00421786172748946,0.00495140289748762,0.0194388410049514,0.170181551439575
190773.411807,2555866.126422,0.776067436320322,0.0089792926516401,0.000916254352208173,0.00274876305662452,0.0164925783397471,0.194795675279458
191273.411807,2555866.126422,0.534593503395118,0.00532207744540283,0.00165167920719398,0.0297302257294917,0.0403743806202973,0.388328133602496
191773.411807,2555866.126422,0.30405281496424,0.00605171465248487,0.00183385292499542,0.00311754997249221,0.011186502842472,0.673757564643316
192273.411807,2555866.126422,0.367967747846802,0.00513102437236577,0,0.00861279091075683,0.0139270661535642,0.604361370716511
192773.411807,2555866.126422,0.235823086804918,0.0126628739218205,0,0.00201871903101487,0.0034868783262984,0.746008441915948
193273.411807,2555866.126422,0.238951036126903,0.00568494406748579,0.000183385292499542,0.0779387493123052,0.0540986612873648,0.623143223913442
193773.411807,2555866.126422,0.306761957119296,0.0214403518416712,0,0.00842954004031519,0.00934579439252336,0.654022356606194
194273.411807,2555866.126422,0.230501009359516,0.00440447788585061,0,0.0609286107542668,0.0924940356028629,0.611671866397504
194773.411807,2555866.126422,0.297084173849257,0.000366770584999083,0,0.0152209792774619,0.0298918026774253,0.657436273610856
195273.411807,2555866.126422,0.233461608942642,0.0216236027121129,0,0.0137438152831226,0.0108118013560564,0.720359171706066
195773.411807,2555866.126422,0.348320792806019,0.0229399889888053,0.0170673518076711,0.02073775004588,0.0341347036153423,0.556799412736282
196273.411807,2555866.126422,0.253621859526866,0.0282413350449294,0.0291582615074271,0.0441958554923895,0.0258573262424354,0.618925362185953
196773.411807,2555866.126422,0.3811618105186,0.00934579439252336,0.00568077698369067,0.0241891148982958,0.0463624702217336,0.533260032985157
197273.411807,2555866.126422,0.737199486144247,0.0012846393833731,0,0.000367039823820885,0.00495503762158194,0.256193797026977
197773.411807,2555866.126422,0.78782321657803,0.0245736291949386,0,0.000183385292499542,0.000366770584999083,0.187052998349532
198273.411807,2555866.126422,0.740883269195529,0,0,0,0.000733003481766538,0.258383727322705
186273.411807,2555366.126422,0.332783882783883,0.0010989010989011,0,0,0.0117216117216117,0.654395604395604
186773.411807,2555366.126422,0.353761467889908,0.0256880733944954,0,0.0055045871559633,0.015045871559633,0.6
187273.411807,2555366.126422,0.229499174463401,0.0985140341221794,0,0.0172445422858191,0.0458631443771785,0.608879104751422
187773.411807,2555366.126422,0.477655677655678,0.000549450549450549,0,0.000183150183150183,0.00201465201465201,0.51959706959707
188273.411807,2555366.126422,0.57302752293578,0.00660550458715596,0,0.00752293577981651,0.0258715596330275,0.38697247706422
188773.411807,2555366.126422,0.680242157402312,0.010273344340488,0.00587048248027885,0.0544854155200881,0.0726472206934507,0.176481379563383
189273.411807,2555366.126422,0.624175824175824,0.0131868131868132,0.00897435897435897,0.00915750915750916,0.0254578754578755,0.319047619047619
189773.411807,2555366.126422,0.846788990825688,0,0,0,0,0.153211009174312
190273.411807,2555366.126422,0.863694734911026,0,0,0,0,0.136305265088975
190773.411807,2555366.126422,0.712271062271062,0.000549450549450549,0.000549450549450549,0.000366300366300366,0.00421245421245421,0.282051282051282
191273.411807,2555366.126422,0.544770642201835,0.000917431192660551,0.00055045871559633,0,0.00110091743119266,0.452660550458716
191773.411807,2555366.126422,0.454962392221611,0.00183452577508714,0.00091726288754357,0.00880572372041827,0.0240322876536415,0.509447807741699
192273.411807,2555366.126422,0.405494505494505,0.00421245421245421,0.000366300366300366,0.00128205128205128,0.00549450549450549,0.583150183150183
192773.411807,2555366.126422,0.131559633027523,0.00128440366972477,0,0.046605504587156,0.0220183486238532,0.798532110091743
193273.411807,2555366.126422,0.195560447624289,0.00421940928270042,0.000183452577508714,0.0286186020913594,0.0348559897266557,0.736562098697487
193773.411807,2555366.126422,0.118864468864469,0.00824175824175824,0,0,0.00659340659340659,0.866300366300366
194273.411807,2555366.126422,0.209174311926606,0.031743119266055,0,0.00036697247706422,0.00220183486238532,0.75651376146789
194773.411807,2555366.126422,0.0799853237937993,0.0216474041460283,0.00862227114290956,0.0401761144744084,0.08273711245643,0.766831773986425
195273.411807,2555366.126422,0.181684981684982,0.0175824175824176,0,0.00915750915750916,0.0206959706959707,0.770879120879121
195773.411807,2555366.126422,0.231376146788991,0.0190825688073394,0.00844036697247706,0.0620183486238532,0.0271559633027523,0.651926605504587
196273.411807,2555366.126422,0.176481379563383,0.00220143093010457,0,0.00238488350761328,0.0078884608328747,0.811043845166025
196773.411807,2555366.126422,0.356959706959707,0.00238095238095238,0,0.019047619047619,0.032051282051282,0.58956043956044
197273.411807,2555366.126422,0.476146788990826,0.00073394495412844,0,0.0236697247706422,0.0288073394495413,0.470642201834862
197773.411807,2555366.126422,0.792698587415153,0,0,0,0,0.207301412584847
198273.411807,2555366.126422,0.872161172161172,0,0,0,0.0010989010989011,0.126739926739927
186273.411807,2554866.126422,0.385771910524386,0,0,0.0022002200220022,0.00751741840850752,0.604510451045104
186773.411807,2554866.126422,0.276373626373626,0.0120879120879121,0,0,0.000549450549450549,0.710989010989011
187273.411807,2554866.126422,0.403296703296703,0.00787545787545788,0,0.026007326007326,0.0327838827838828,0.53003663003663
187773.411807,2554866.126422,0.300880088008801,0.0011001100110011,0,0.0185185185185185,0.0524385771910524,0.627062706270627
188273.411807,2554866.126422,0.542124542124542,0.00293040293040293,0,0,0.00238095238095238,0.452564102564103
188773.411807,2554866.126422,0.65,0.00714285714285714,0.00238095238095238,0.0043956043956044,0.0168498168498168,0.319230769230769
189273.411807,2554866.126422,0.693069306930693,0.00788412174550788,0.0188852218555189,0.00476714338100477,0.0055005500550055,0.26989365603227
189773.411807,2554866.126422,0.868498168498169,0,0,0,0,0.131501831501832
190273.411807,2554866.126422,0.773809523809524,0.000549450549450549,0,0,0.000732600732600733,0.224908424908425
190773.411807,2554866.126422,0.858635863586359,0.00385038503850385,0,0,0.00586725339200587,0.131646497983132
191273.411807,2554866.126422,0.604761904761905,0.00347985347985348,0.00567765567765568,0.00293040293040293,0.00970695970695971,0.373443223443223
191773.411807,2554866.126422,0.361904761904762,0.00311355311355311,0.00366300366300366,0.00128205128205128,0.00641025641025641,0.623626373626374
192273.411807,2554866.126422,0.351851851851852,0.00531719838650532,0.00623395672900623,0.0187018701870187,0.0403373670700403,0.577557755775578
192773.411807,2554866.126422,0.395970695970696,0.00531135531135531,0.00531135531135531,0.00860805860805861,0.0265567765567766,0.558241758241758
193273.411807,2554866.126422,0.259340659340659,0.000915750915750916,0,0,0.00164835164835165,0.738095238095238
193773.411807,2554866.126422,0.304547121378805,0.015034836817015,0.000183351668500183,0,0.00146681334800147,0.678767876787679
194273.411807,2554866.126422,0.327655677655678,0,0,0,0,0.672344322344322
194773.411807,2554866.126422,0.343956043956044,0.0115384615384615,0,0.000915750915750916,0.00842490842490842,0.635164835164835
195273.411807,2554866.126422,0.171433810047671,0.0243857719105244,0.00183351668500183,0.00201686835350202,0.0144847818115145,0.785845251191786
195773.411807,2554866.126422,0.210989010989011,0.00549450549450549,0.000915750915750916,0.0043956043956044,0.0184981684981685,0.75970695970696
196273.411807,2554866.126422,0.178754578754579,0.0155677655677656,0.0225274725274725,0.0254578754578755,0.0463369963369963,0.711355311355311
196773.411807,2554866.126422,0.36010267693436,0.024019068573524,0.00275027502750275,0.0432709937660433,0.0242024202420242,0.545654565456546
197273.411807,2554866.126422,0.498168498168498,0.0021978021978022,0,0.0203296703296703,0.0441391941391941,0.435164835164835
197773.411807,2554866.126422,0.582783882783883,0.00824175824175824,0,0.0043956043956044,0.0217948717948718,0.382783882783883
198273.411807,2554866.126422,0.738907224055739,0.00183351668500183,0.000733406674000733,0.00201686835350202,0.0108177484415108,0.245691235790246
186273.411807,2554366.126422,0.168957302547187,0.00568077698369067,0.00366501740883269,0.0047645226314825,0.028587135788895,0.788345244639912
186773.411807,2554366.126422,0.37768397871169,0.0508350155991925,0.0167003119838502,0.00605615709304459,0.0378051018535511,0.510919434758671
187273.411807,2554366.126422,0.30790390610673,0.0562992847973593,0,0.000183385292499542,0.00458463231248854,0.631028791490922
187773.411807,2554366.126422,0.430822796408283,0.00238226131574125,0,0,0.00769653655854865,0.559098405717427
188273.411807,2554366.126422,0.375848779592586,0.00458799779776106,0,0.000367039823820885,0.00367039823820885,0.615525784547623
188773.411807,2554366.126422,0.637814047313406,0,0,0,0.000366770584999083,0.361819182101595
189273.411807,2554366.126422,0.807586586036284,0.000183250870441635,0,0,0.00183250870441635,0.190397654388858
189773.411807,2554366.126422,0.541200220223894,0.00532207744540283,0.00238575885483575,0.00201871903101487,0.0179849513672233,0.431088273077629
190273.411807,2554366.126422,0.671740326425821,0.00183385292499542,0,0,0.00311754997249221,0.323308270676692
190773.411807,2554366.126422,0.452079897379513,0.00934579439252336,0.000733003481766538,0,0.0146600696353308,0.523181235110867
191273.411807,2554366.126422,0.391080932281152,0.00697375665259681,0.00991007524316388,0.00311983850247752,0.0165167920719398,0.572398605248669
191773.411807,2554366.126422,0.283330276911792,0.0333761232349166,0.0144874381074638,0.0207225380524482,0.0581331377223547,0.589950485971025
192273.411807,2554366.126422,0.3811618105186,0.0580905259299982,0.00238226131574125,0.00146600696353308,0.00494777350192413,0.551951621770203
192773.411807,2554366.126422,0.347036153422646,0.0335841438796109,0.00734079647641769,0.000183519911910442,0.00660671682877592,0.605248669480639
193273.411807,2554366.126422,0.491655969191271,0.0911424903722722,0.000183385292499542,0.000183385292499542,0.00550155877498625,0.411333211076472
193773.411807,2554366.126422,0.337548103353491,0.0120945574491479,0.00403151914971596,0.01905809052593,0.0579072750595565,0.569360454462159
194273.411807,2554366.126422,0.454945861625986,0.00403743806202973,0.00110111947146265,0.00146815929528354,0.0100935951550743,0.528353826390163
194773.411807,2554366.126422,0.364936732074088,0.000366770584999083,0,0,0.000733541169998166,0.633962956170915
195273.411807,2554366.126422,0.371999266996518,0.062671797691039,0.159428257284222,0.00256551218618288,0.00824628916987356,0.395088876672164
195773.411807,2554366.126422,0.347219673334557,0.0370710222059093,0.00275279867865663,0.0126628739218205,0.00917599559552211,0.591117636263535
196273.411807,2554366.126422,0.389326975976527,0.011186502842472,0.0187052998349532,0.0146708233999633,0.0258573262424354,0.540253071703649
196773.411807,2554366.126422,0.313175737584754,0.0205240974894631,0.0364669232178853,0.0595565328935312,0.05717427157779,0.513102437236577
197273.411807,2554366.126422,0.445402826206643,0.0236740686364471,0.0179849513672233,0.0141310332171041,0.0453294182418792,0.453477702330703
197773.411807,2554366.126422,0.559508527416101,0.000916926462497708,0.000183385292499542,0.00165046763249587,0.00715202640748212,0.430588666788924
198273.411807,2554366.126422,0.619021440351842,0.00109950522264981,0,0.000366501740883269,0.00714678394722375,0.372365768737402
186273.411807,2553866.126422,0.386813186813187,0.00695970695970696,0,0.0102564102564103,0.0375457875457875,0.558424908424908
186773.411807,2553866.126422,0.435045871559633,0.028256880733945,0.00678899082568807,0.0299082568807339,0.0722935779816514,0.427706422018349
187273.411807,2553866.126422,0.19537699504678,0.0121078701155751,0.0117409649605577,0.0066042927903137,0.0385250412768299,0.735644835809943
187773.411807,2553866.126422,0.457692307692308,0.0117216117216117,0.000549450549450549,0.0159340659340659,0.0641025641025641,0.45
188273.411807,2553866.126422,0.583853211009174,0.00256880733944954,0,0.00036697247706422,0.00917431192660551,0.404036697247706
188773.411807,2553866.126422,0.737112456430013,0.00110071546505228,0,0,0.00403595670519171,0.257750871399743
189273.411807,2553866.126422,0.503663003663004,0.0212454212454212,0,0.00274725274725275,0.00989010989010989,0.462454212454212
189773.411807,2553866.126422,0.611009174311927,0.00055045871559633,0,0.00201834862385321,0.00587155963302752,0.380550458715596
190273.411807,2553866.126422,0.522472940744817,0.00440286186020914,0,0.00458631443771785,0.0220143093010457,0.44652357365621
190773.411807,2553866.126422,0.623809523809524,0.00128205128205128,0.0010989010989011,0.00201465201465201,0.000366300366300366,0.371428571428571
191273.411807,2553866.126422,0.421651376146789,0.00825688073394495,0.00954128440366972,0.0179816513761468,0.036697247706422,0.505871559633028
191773.411807,2553866.126422,0.477527059255183,0.0132085855806274,0.00568702990277013,0.00201797835259585,0.00587048248027885,0.495688864428545
192273.411807,2553866.126422,0.368864468864469,0.153113553113553,0.0615384615384615,0,0.00824175824175824,0.408241758241758
192773.411807,2553866.126422,0.418899082568807,0.137247706422018,0.00568807339449541,0.00348623853211009,0.00330275229357798,0.431376146788991
193273.411807,2553866.126422,0.447257383966245,0.135204549623922,0.016694184553293,0.000366905155017428,0.00715465052283985,0.393322326178683
193773.411807,2553866.126422,0.328205128205128,0.00787545787545788,0.00256410256410256,0.00238095238095238,0.00897435897435897,0.65
194273.411807,2553866.126422,0.56,0.00825688073394495,0.00036697247706422,0.00018348623853211,0.00477064220183486,0.426422018348624
194773.411807,2553866.126422,0.475692533480095,0.00770500825536599,0.0201797835259585,0,0.002568336085122,0.493854338653458
195273.411807,2553866.126422,0.742490842490843,0.00256410256410256,0.0010989010989011,0,0.00201465201465201,0.251831501831502
195773.411807,2553866.126422,0.910275229357798,0.00348623853211009,0,0,0,0.0862385321100917
196273.411807,2553866.126422,0.507613281966612,0.0394423041643735,0.00513667217024399,0.00953953403045313,0.0458631443771785,0.392405063291139
196773.411807,2553866.126422,0.3496336996337,0.03003663003663,0.023992673992674,0.0201465201465201,0.0551282051282051,0.521062271062271
197273.411807,2553866.126422,0.327889908256881,0.0242201834862385,0.0244036697247706,0.0245871559633028,0.0425688073394495,0.556330275229358
197773.411807,2553866.126422,0.691432764630343,0.00403595670519171,0,0.00220143093010457,0.00403595670519171,0.298293891029169
198273.411807,2553866.126422,0.538095238095238,0.000366300366300366,0,0.000732600732600733,0.0119047619047619,0.448901098901099
186273.411807,2553366.126422,0.481481481481481,0.000183351668500183,0,0,0.00146681334800147,0.516868353502017
186773.411807,2553366.126422,0.554029304029304,0.00549450549450549,0.0124542124542125,0.0032967032967033,0.0144688644688645,0.41025641025641
187273.411807,2553366.126422,0.316483516483516,0.0043956043956044,0.00347985347985348,0.00897435897435897,0.0510989010989011,0.615567765567766
187773.411807,2553366.126422,0.71965529886322,0,0,0.000183351668500183,0.00201686835350202,0.278144481114778
188273.411807,2553366.126422,0.811904761904762,0.0010989010989011,0,0.000366300366300366,0.00586080586080586,0.180769230769231
188773.411807,2553366.126422,0.872527472527473,0.000366300366300366,0,0,0.000183150183150183,0.126923076923077
189273.411807,2553366.126422,0.793362669600293,0.0022002200220022,0.0011001100110011,0,0.00238357169050238,0.200953428676201
189773.411807,2553366.126422,0.735347985347985,0.00256410256410256,0.000366300366300366,0.00183150183150183,0.00750915750915751,0.252380952380952
190273.411807,2553366.126422,0.475457875457875,0.00787545787545788,0,0.0128205128205128,0.0380952380952381,0.465750915750916
190773.411807,2553366.126422,0.598826549321599,0.00421708837550422,0.000916758342500917,0.00055005500550055,0.0119178584525119,0.383571690502384
191273.411807,2553366.126422,0.440659340659341,0.00549450549450549,0.00347985347985348,0.017032967032967,0.036996336996337,0.496336996336996
191773.411807,2553366.126422,0.491208791208791,0.0774725274725275,0.0113553113553114,0.00256410256410256,0.00732600732600733,0.41007326007326
192273.411807,2553366.126422,0.526035936927026,0.026035936927026,0.148148148148148,0,0.0044004400440044,0.295379537953795
192773.411807,2553366.126422,0.664285714285714,0.0238095238095238,0,0,0.000183150183150183,0.311721611721612
193273.411807,2553366.126422,0.555677655677656,0.00531135531135531,0.000915750915750916,0.000183150183150183,0.00311355311355311,0.434798534798535
193773.411807,2553366.126422,0.30986431976531,0.01998533186652,0.00898423175650898,0.000733406674000733,0.0168683535020169,0.643564356435644
194273.411807,2553366.126422,0.711721611721612,0.0131868131868132,0,0.000183150183150183,0.000915750915750916,0.273992673992674
194773.411807,2553366.126422,0.754212454212454,0.000549450549450549,0,0,0.000549450549450549,0.244688644688645
195273.411807,2553366.126422,0.405390539053905,0.00458379171250458,0.00128346167950128,0,0.0011001100110011,0.587642097543088
195773.411807,2553366.126422,0.922527472527473,0,0,0,0,0.0774725274725275
196273.411807,2553366.126422,0.967216117216117,0,0,0,0,0.0327838827838828
196773.411807,2553366.126422,0.71983865053172,0.00531719838650532,0,0.00055005500550055,0.00275027502750275,0.271543821048772
197273.411807,2553366.126422,0.243406593406593,0.0122710622710623,0.0184981684981685,0.00476190476190476,0.0203296703296703,0.700732600732601
197773.411807,2553366.126422,0.46978021978022,0.133699633699634,0,0.0423076923076923,0.0886446886446886,0.265567765567766
198273.411807,2553366.126422,0.57004033736707,0.108360836083608,0.0157682434910158,0.0311697836450312,0.0377704437110378,0.236890355702237
186273.411807,2552866.126422,0.385193329668316,0.0089792926516401,0,0.00513102437236577,0.0274876305662452,0.573208722741433
186773.411807,2552866.126422,0.529271425949716,0.0104606349788952,0.00789135621214902,0.00440447788585061,0.0324830244081483,0.415489080565241
187273.411807,2552866.126422,0.377957087841555,0.0513478818998716,0.0192554557124519,0.0124701998899688,0.077205208142307,0.461764166513846
187773.411807,2552866.126422,0.887300714678395,0,0,0,0,0.112699285321605
188273.411807,2552866.126422,0.75518443751147,0.000550559735731327,0,0,0.00367039823820885,0.24059460451459
188773.411807,2552866.126422,0.899138089125252,0.000550155877498625,0,0,0.000916926462497708,0.0993948285347515
189273.411807,2552866.126422,0.707165109034268,0.000366501740883269,0,0.00201575957485798,0.00568077698369067,0.2847718526663
189773.411807,2552866.126422,0.511286474582492,0.00367039823820885,0.000183519911910442,0.00183519911910442,0.00935951550743256,0.473664892640852
190273.411807,2552866.126422,0.525949018888685,0.00476801760498808,0,0.00568494406748579,0.0232899321474418,0.440308087291399
190773.411807,2552866.126422,0.419461242440902,0.0119113065787062,0.0089792926516401,0.015026571376214,0.0238226131574125,0.520798973795126
191273.411807,2552866.126422,0.611121306661773,0.0102771150669848,0.0390897412369242,0.00935951550743256,0.0196366305744173,0.310515690952468
191773.411807,2552866.126422,0.444342563726389,0.0592334494773519,0.0429121584448927,0.0348432055749129,0.0289748762149276,0.389693746561526
192273.411807,2552866.126422,0.427341029869892,0.154846985523181,0.072200842954004,0,0.00164925783397471,0.343961883818948
192773.411807,2552866.126422,0.57661956322261,0.133602495870802,0,0,0.000183519911910442,0.289594420994678
193273.411807,2552866.126422,0.797359251788007,0.000916926462497708,0,0,0.00165046763249587,0.200073354117
193773.411807,2552866.126422,0.574857980575408,0.00733003481766538,0.00604727872457394,0.000366501740883269,0.00714678394722375,0.404251420194246
194273.411807,2552866.126422,0.795558818131767,0.00403743806202973,0.000183519911910442,0,0.0012846393833731,0.198935584510919
194773.411807,2552866.126422,0.79185769301302,0.00605171465248487,0.00110031175499725,0,0.00238400880249404,0.198606271777003
195273.411807,2552866.126422,0.368700751328569,0.00604727872457394,0.00183250870441635,0.000183250870441635,0.00384826827927433,0.619387942092725
195773.411807,2552866.126422,0.812626169939438,0.00715727656450725,0,0,0,0.180216553496054
196273.411807,2552866.126422,0.927012653585182,0,0,0,0,0.0729873464148175
196773.411807,2552866.126422,0.559098405717427,0.0042147700201576,0,0,0.000549752611324904,0.43613707165109
197273.411807,2552866.126422,0.336391998531841,0.0150486327766563,0.0218388695173426,0.0389062213250138,0.0701046063497889,0.517709671499358
197773.411807,2552866.126422,0.233816247936915,0.0335595085274161,0.00715202640748212,0.129653401797176,0.122501375389694,0.473317439941317
198273.411807,2552866.126422,0.36888400219901,0.0205240974894631,0.00513102437236577,0.110133773135422,0.108851017042331,0.386476085761407
186273.411807,2552366.126422,0.276007326007326,0.043956043956044,0,0.0336996336996337,0.0745421245421245,0.571794871794872
186773.411807,2552366.126422,0.643302752293578,0.0214678899082569,0.00348623853211009,0.00146788990825688,0.0234862385321101,0.306788990825688
187273.411807,2552366.126422,0.898550724637681,0.00146762062006971,0,0,0.000733810310034856,0.0992478444322143
187773.411807,2552366.126422,0.80970695970696,0.000915750915750916,0,0,0.00201465201465201,0.187362637362637
188273.411807,2552366.126422,0.733577981651376,0.0102752293577982,0.0176146788990826,0.00330275229357798,0.0247706422018349,0.21045871559633
188773.411807,2552366.126422,0.729040543019629,0.000366905155017428,0,0.00293524124013942,0.0177949000183453,0.249862410566868
189273.411807,2552366.126422,0.574358974358974,0.00274725274725275,0,0.00421245421245421,0.019047619047619,0.3996336996337
189773.411807,2552366.126422,0.792660550458716,0.00128440366972477,0,0.00073394495412844,0.00788990825688073,0.19743119266055
190273.411807,2552366.126422,0.525775087139974,0.00275178866263071,0,0.00238488350761328,0.0161438268207668,0.452944413869015
190773.411807,2552366.126422,0.627289377289377,0.00622710622710623,0,0.0142857142857143,0.0417582417582418,0.31043956043956
191273.411807,2552366.126422,0.650275229357798,0.00073394495412844,0,0.00348623853211009,0.00660550458715596,0.338899082568807
191773.411807,2552366.126422,0.440469638598422,0.00642084021280499,0.00587048248027885,0.00146762062006971,0.0100898917629793,0.535681526325445
192273.411807,2552366.126422,0.641208791208791,0.00915750915750916,0.0305860805860806,0.000366300366300366,0.00714285714285714,0.311538461538462
192773.411807,2552366.126422,0.367522935779817,0.124036697247706,0.00311926605504587,0.00055045871559633,0.00605504587155963,0.498715596330275
193273.411807,2552366.126422,0.93432397725188,0,0,0,0,0.0656760227481196
193773.411807,2552366.126422,0.92967032967033,0,0,0,0,0.0703296703296703
194273.411807,2552366.126422,0.74605504587156,0.0137614678899083,0.0414678899082569,0.00110091743119266,0.00715596330275229,0.19045871559633
194773.411807,2552366.126422,0.913777288570904,0,0,0,0,0.0862227114290956
195273.411807,2552366.126422,0.772527472527473,0.00384615384615385,0.00238095238095238,0,0.00183150183150183,0.219413919413919
195773.411807,2552366.126422,0.600183486238532,0.00403669724770642,0.00642201834862385,0.00110091743119266,0.00477064220183486,0.38348623853211
196273.411807,2552366.126422,0.536965694368006,0.00752155567785727,0.00843881856540084,0.000733810310034856,0.00476976701522656,0.441570354063475
196773.411807,2552366.126422,0.389010989010989,0.00604395604395604,0.00164835164835165,0.0168498168498168,0.0415750915750916,0.544871794871795
197273.411807,2552366.126422,0.293577981651376,0.0122935779816514,0.00220183486238532,0.00348623853211009,0.0196330275229358,0.668807339449541
197773.411807,2552366.126422,0.373876352962759,0.00183452577508714,0.000733810310034856,0.0328380113740598,0.0491652907723353,0.541552008805724
198273.411807,2552366.126422,0.408058608058608,0.0139194139194139,0.0161172161172161,0.0358974358974359,0.041025641025641,0.484981684981685
186273.411807,2551866.126422,0.417491749174917,0.00495049504950495,0.00055005500550055,0.0355702236890356,0.061972863953062,0.479464613127979
186773.411807,2551866.126422,0.23992673992674,0.0793040293040293,0,0.0208791208791209,0.0598901098901099,0.6
187273.411807,2551866.126422,0.547069597069597,0.0512820512820513,0.000549450549450549,0.00146520146520147,0.00860805860805861,0.391025641025641
187773.411807,2551866.126422,0.812247891455812,0.00128346167950128,0,0.00825082508250825,0.00806747341400807,0.17015034836817
188273.411807,2551866.126422,0.814102564102564,0,0,0.0021978021978022,0.0192307692307692,0.164468864468864
188773.411807,2551866.126422,0.817948717948718,0.000915750915750916,0.00238095238095238,0.000183150183150183,0.00146520146520147,0.177106227106227
189273.411807,2551866.126422,0.589292262559589,0.00421708837550422,0.00128346167950128,0.0022002200220022,0.017968463513018,0.385038503850385
189773.411807,2551866.126422,0.461904761904762,0.0102564102564103,0.0135531135531136,0.0467032967032967,0.0531135531135531,0.414468864468864
190273.411807,2551866.126422,0.822527472527472,0.00164835164835165,0,0,0.00164835164835165,0.174175824175824
190773.411807,2551866.126422,0.484048404840484,0.00568390172350568,0.0088008800880088,0.0218188485515218,0.0447378071140447,0.434910157682435
