"x","y","forest","agri","water","built","other","grass"
167273.411807,2530366.126422,0.036520462470178,0.098733712607818,0.0781794824738484,0.441548908056524,0.147733529087906,0.197283905303725
167773.411807,2530366.126422,0.0594168347698515,0.135154960572162,0.0529983495323675,0.26810929763433,0.137355584082157,0.346964973409133
168273.411807,2530366.126422,0,0.0558915154846986,0.456661169140553,0.271211288253619,0.104086494410848,0.11214953271028
168773.411807,2530366.126422,0.00110111947146265,0.0152321526885667,0.45623050100936,0.48541016700312,0.0247751881079097,0.0172508717195816
169273.411807,2530366.126422,0.121034293049697,0.257472950669356,0.0909591050797726,0.236383642031909,0.0764716669723088,0.217678342196956
169773.411807,2530366.126422,0.0227231079347627,0.147150448964633,0.156312992486714,0.44621586952538,0.125343595382078,0.102253985706432
170273.411807,2530366.126422,0.0308313452009543,0.114516425032116,0.16608552027895,0.377867498623601,0.133051936135071,0.177647274729308
170773.411807,2530366.126422,0.0403447643498991,0.0621676141573446,0.151292866312122,0.150742710434623,0.137722354667156,0.457729690078856
171273.411807,2530366.126422,0.0809968847352025,0.0635880520432472,0.00549752611324904,0.101704233095107,0.18050210738501,0.567711196628184
171773.411807,2530366.126422,0.175995595522114,0.0178014314553129,0,0.322628005138558,0.127546338777757,0.356028629106258
172273.411807,2530366.126422,0.204841371721988,0.1201173665872,0.000366770584999083,0.00146708233999633,0.024390243902439,0.648817164863378
172773.411807,2530366.126422,0.274300932090546,0.034430283431615,0,0.0190222560395663,0.0856001521780483,0.586646376260224
167273.411807,2529866.126422,0.0119266055045872,0.048256880733945,0.482752293577982,0.384403669724771,0.0500917431192661,0.0225688073394495
167773.411807,2529866.126422,0.0324711062190424,0.115024766097964,0.108603925885159,0.341038341588699,0.115024766097964,0.287837094111172
168273.411807,2529866.126422,0.0117216117216117,0.0446886446886447,0.596520146520147,0.182051282051282,0.0697802197802198,0.0952380952380952
168773.411807,2529866.126422,0.0141284403669725,0.0689908256880734,0.303669724770642,0.431192660550459,0.0807339449541284,0.101284403669725
169273.411807,2529866.126422,0,0.0365070629242341,0.491102549990827,0.418455329297377,0.0420106402494955,0.0119244175380664
169773.411807,2529866.126422,0.00805860805860806,0.0897435897435897,0.313003663003663,0.493772893772894,0.0758241758241758,0.0195970695970696
170273.411807,2529866.126422,0.023302752293578,0.103119266055046,0.414495412844037,0.187339449541284,0.0847706422018349,0.18697247706422
170773.411807,2529866.126422,0.175197211520822,0.0823702073014126,0.0458631443771785,0.0768666299761512,0.139240506329114,0.480462300495322
171273.411807,2529866.126422,0.0833333333333333,0.0827838827838828,0.000549450549450549,0.112087912087912,0.211538461538462,0.50970695970696
171773.411807,2529866.126422,0.0596330275229358,0.11302752293578,0,0.224587155963303,0.0748623853211009,0.527889908256881
172273.411807,2529866.126422,0.0242157402311502,0.0787011557512383,0,0.0181618051733627,0.0579710144927536,0.820950284351495
172773.411807,2529866.126422,0.210456273764259,0.0366920152091255,0,0.00437262357414449,0.0994296577946768,0.649049429657795
167273.411807,2529366.126422,0.0163003663003663,0.0721611721611722,0.594688644688645,0.173809523809524,0.0642857142857143,0.0787545787545788
167773.411807,2529366.126422,0,0.0214285714285714,0.461355311355311,0.464468864468864,0.0208791208791209,0.0318681318681319
168273.411807,2529366.126422,0,0,0.597359735973597,0.402640264026403,0,0
168773.411807,2529366.126422,0.0188644688644689,0.0875457875457875,0.430769230769231,0.360989010989011,0.036996336996337,0.0648351648351648
169273.411807,2529366.126422,0.00402930402930403,0.160989010989011,0.34010989010989,0.335897435897436,0.0584249084249084,0.100549450549451
169773.411807,2529366.126422,0.00861752841950862,0.0168683535020169,0.595709570957096,0.338467180051338,0.0203520352035204,0.01998533186652
170273.411807,2529366.126422,0.000549450549450549,0.0481684981684982,0.470695970695971,0.381501831501831,0.0684981684981685,0.0305860805860806
170773.411807,2529366.126422,0.0668498168498168,0.043956043956044,0.017032967032967,0.351098901098901,0.201648351648352,0.319413919413919
171273.411807,2529366.126422,0.137697103043638,0.118995232856619,0,0.0715071507150715,0.0718738540520719,0.5999266593326
171773.411807,2529366.126422,0.0877289377289377,0.0992673992673993,0,0.0186813186813187,0.100915750915751,0.693406593406593
172273.411807,2529366.126422,0.0291208791208791,0.130952380952381,0,0.00989010989010989,0.126739926739927,0.703296703296703
172773.411807,2529366.126422,0.0451084887704606,0.0896459840121812,0,0.0871716787209745,0.23943661971831,0.538637228778074
167273.411807,2528866.126422,0.0853367590383557,0.139658652963847,0.252523398788769,0.180033033584144,0.044411818682327,0.298036336942558
167773.411807,2528866.126422,0.180817898404548,0.0843572345497891,0.030808729139923,0.305153126719237,0.0918760315422703,0.306986979644233
168273.411807,2528866.126422,0.0192413413963716,0.0221733553234378,0.775334432838556,0.127359354956936,0.0267546270844787,0.0291368884002199
168773.411807,2528866.126422,0,0.0139475133051936,0.609286107542668,0.351073591484676,0.025325747843641,0.000367039823820885
169273.411807,2528866.126422,0.0190720704199523,0.0867412433522831,0.410966440491473,0.332477535301669,0.0698697964423253,0.0808729139922978
169773.411807,2528866.126422,0.0307861462341946,0.0643210555250137,0.573025471870991,0.215686274509804,0.0630382994319223,0.053142752428074
170273.411807,2528866.126422,0.0233070288126262,0.0497338961277299,0.27821618645623,0.4358597907873,0.100385391815012,0.112497706001101
170773.411807,2528866.126422,0.0460297084173849,0.0355767467449111,0,0.42417018155144,0.19585549238951,0.298367870896754
171273.411807,2528866.126422,0.0945574491478835,0.0657870624885468,0.000549752611324904,0.188931647425325,0.151181968114349,0.498992120212571
171773.411807,2528866.126422,0.0787300422095797,0.0827674802716095,0,0.14956872820701,0.159111763626353,0.529821985685447
172273.411807,2528866.126422,0.070786722904823,0.0539152759948652,0,0.333027691179167,0.209792774619476,0.332477535301669
172773.411807,2528866.126422,0.0462240821761461,0.0924481643522922,0,0.10747574662355,0.155982499524444,0.597869507323569
167273.411807,2528366.126422,0.0100917431192661,0.0981651376146789,0.537981651376147,0.278348623853211,0.0135779816513761,0.0618348623853211
167773.411807,2528366.126422,0.0583379196477711,0.0537516052100532,0.0291689598238855,0.573656209869749,0.132085855806274,0.152999449642267
168273.411807,2528366.126422,0.0450549450549451,0.0716117216117216,0.323076923076923,0.30970695970696,0.139194139194139,0.111355311355311
168773.411807,2528366.126422,0,0.0211009174311927,0.695963302752294,0.264954128440367,0.0154128440366972,0.00256880733944954
169273.411807,2528366.126422,0.00421940928270042,0.0258668134287287,0.561548339754174,0.366538249862411,0.0236653824986241,0.0181618051733627
169773.411807,2528366.126422,0.00970695970695971,0.0732600732600733,0.576923076923077,0.238278388278388,0.0591575091575092,0.0426739926739927
170273.411807,2528366.126422,0.0190825688073394,0.0429357798165138,0.43045871559633,0.352477064220183,0.0827522935779817,0.0722935779816514
170773.411807,2528366.126422,0.132269308383783,0.0713630526508897,0.00183452577508714,0.121445606310769,0.169143276463034,0.503944230416437
171273.411807,2528366.126422,0.0697802197802198,0.124175824175824,0.00402930402930403,0.0344322344322344,0.0880952380952381,0.67948717948718
171773.411807,2528366.126422,0.0308256880733945,0.103119266055046,0.048256880733945,0.384036697247706,0.128623853211009,0.305137614678899
172273.411807,2528366.126422,0.0561364887176665,0.138139790864062,0,0.0864061640066043,0.179416620803522,0.539900935608145
172773.411807,2528366.126422,0.0448669201520913,0.162167300380228,0,0.0150190114068441,0.143916349809886,0.634030418250951
167773.411807,2527866.126422,0.0847985347985348,0.112637362637363,0.0915750915750916,0.246886446886447,0.0989010989010989,0.365201465201465
168273.411807,2527866.126422,0.092042537587092,0.0654565456545655,0.181334800146681,0.301246791345801,0.0630729739640631,0.296846351301797
168773.411807,2527866.126422,0.00347985347985348,0.184981684981685,0.238644688644689,0.453663003663004,0.0509157509157509,0.0683150183150183
169273.411807,2527866.126422,0,0.0340659340659341,0.844505494505495,0.104395604395604,0.0133699633699634,0.00366300366300366
169773.411807,2527866.126422,0.0022002200220022,0.0256692335900257,0.631279794646131,0.308397506417308,0.0293362669600293,0.00311697836450312
170273.411807,2527866.126422,0.00604395604395604,0.0554945054945055,0.481135531135531,0.384615384615385,0.0576923076923077,0.015018315018315
170773.411807,2527866.126422,0.054029304029304,0.0701465201465201,0.0104395604395604,0.277655677655678,0.203296703296703,0.384432234432234
171273.411807,2527866.126422,0.0447378071140447,0.154382104877154,0,0.046021268793546,0.155482214888155,0.599376604327099
171773.411807,2527866.126422,0.0344322344322344,0.156776556776557,0,0.0679487179487179,0.0836996336996337,0.657142857142857
172273.411807,2527866.126422,0.026007326007326,0.171062271062271,0,0.443589743589744,0.0749084249084249,0.284432234432234
172773.411807,2527866.126422,0.0536733917015607,0.046631138180434,0,0.496193376475067,0.195089455652836,0.208412637990103
167773.411807,2527366.126422,0.059600220062351,0.0671190170548322,0.452961672473868,0.271226847606822,0.0568494406748579,0.0922428021272694
168273.411807,2527366.126422,0.028587135788895,0.0580905259299982,0.341396371632765,0.237859629833242,0.0831958951805021,0.250870441634598
168773.411807,2527366.126422,0.00752431638832813,0.0385391815011929,0.0106441548908057,0.783262984033768,0.109928427234355,0.0501009359515507
169273.411807,2527366.126422,0,0.0487804878048781,0.556574362736109,0.337062167614157,0.0350265908674124,0.0225563909774436
169773.411807,2527366.126422,0.00256551218618288,0.0229063588052043,0.674729704966099,0.258383727322705,0.0357339197361187,0.00568077698369067
170273.411807,2527366.126422,0.0214718296935217,0.055606533308864,0.567810607450908,0.279684345751514,0.0332171040557901,0.0422095797394017
170773.411807,2527366.126422,0.0359435173299101,0.0634513112048414,0.200623509994498,0.368787823216578,0.137172198789657,0.194021639464515
171273.411807,2527366.126422,0.149532710280374,0.066703316840755,0,0.0839288986622686,0.193879420927249,0.505955653289353
171773.411807,2527366.126422,0.065149568728207,0.0844191594788034,0,0.0359699027344467,0.0948797944576987,0.719581574600844
172273.411807,2527366.126422,0.039611223179901,0.137722354667156,0,0.404731340546488,0.142306986979644,0.275628094626811
172773.411807,2527366.126422,0.0821761460909264,0.0686703443028343,0,0.132965569716568,0.158265170249192,0.557922769640479
168273.411807,2526866.126422,0.019047619047619,0.138644688644689,0.218131868131868,0.38003663003663,0.0805860805860806,0.163553113553114
168773.411807,2526866.126422,0.00990825688073394,0.0427522935779817,0,0.722018348623853,0.155045871559633,0.0702752293577982
169273.411807,2526866.126422,0.002568336085122,0.00935608145294441,0.00568702990277013,0.954870665932856,0.0258668134287287,0.00165107319757843
169773.411807,2526866.126422,0.0032967032967033,0.0168498168498168,0.437912087912088,0.504945054945055,0.0347985347985348,0.0021978021978022
170273.411807,2526866.126422,0.00036697247706422,0.0251376146788991,0.657064220183486,0.302752293577982,0.0102752293577982,0.00440366972477064
170773.411807,2526866.126422,0.066042927903137,0.112456430012842,0.383232434415704,0.23390203632361,0.0394423041643735,0.164923867180334
171273.411807,2526866.126422,0.182600732600733,0.113003663003663,0.00732600732600733,0.0426739926739927,0.100915750915751,0.553479853479854
171773.411807,2526866.126422,0.0656880733944954,0.157798165137615,0,0.0119266055045872,0.0236697247706422,0.740917431192661
172273.411807,2526866.126422,0.0581544670702623,0.0623738763529628,0,0.325077967345441,0.179233168226014,0.37516052100532
172773.411807,2526866.126422,0.0863117870722434,0.0247148288973384,0,0.00570342205323194,0.0634980988593156,0.819771863117871
168273.411807,2526366.126422,0.00843417675100843,0.117161716171617,0.508434176751008,0.217088375504217,0.0674734140080675,0.0814081408140814
168773.411807,2526366.126422,0.0580586080586081,0.0567765567765568,0.263369963369963,0.378571428571429,0.110805860805861,0.132417582417582
169273.411807,2526366.126422,0.0217948717948718,0.0637362637362637,0.333150183150183,0.454945054945055,0.0423076923076923,0.0840659340659341
169773.411807,2526366.126422,0.0044004400440044,0.0634396773010634,0.493949394939494,0.388338833883388,0.044004400440044,0.00586725339200587
170273.411807,2526366.126422,0.0503663003663004,0.101465201465201,0.485347985347985,0.241208791208791,0.0534798534798535,0.0681318681318681
170773.411807,2526366.126422,0.045970695970696,0.177106227106227,0.415750915750916,0.172893772893773,0.0384615384615385,0.14981684981685
171273.411807,2526366.126422,0.147781444811148,0.0814081408140814,0.136780344701137,0.343234323432343,0.108360836083608,0.182434910157682
171773.411807,2526366.126422,0.0714285714285714,0.0970695970695971,0,0.217582417582418,0.132967032967033,0.480952380952381
172273.411807,2526366.126422,0.0521978021978022,0.119047619047619,0,0.506959706959707,0.115018315018315,0.206776556776557
172773.411807,2526366.126422,0.196992767415303,0.0570993528740008,0,0.191853825656643,0.149029311001142,0.405024743052912
168773.411807,2525866.126422,0.00146815929528354,0.0994677922554597,0.419710038539181,0.412002202238943,0.0363369425582676,0.0310148651128647
169273.411807,2525866.126422,0.00293416467999266,0.0353933614524115,0.567394094993582,0.36787089675408,0.0194388410049514,0.00696864111498258
169773.411807,2525866.126422,0.0175920835623969,0.0850284038849184,0.530328019058091,0.275242807403335,0.0197910940076965,0.0720175920835624
170273.411807,2525866.126422,0.0277115066984768,0.0855202789502661,0.555147733529088,0.216002936318591,0.0376215819416407,0.077995962561938
170773.411807,2525866.126422,0.0562992847973593,0.0570328259673574,0.393911608289015,0.365120117366587,0.0614340729873464,0.0662020905923345
171273.411807,2525866.126422,0.043613707165109,0.0480117280557083,0.192046912222833,0.423859263331501,0.122778083195895,0.169690306028954
171773.411807,2525866.126422,0.0701046063497889,0.129198017984951,0,0.153055606533309,0.148100568911727,0.499541200220224
172273.411807,2525866.126422,0.0412616908123968,0.077205208142307,0,0.310287914909224,0.0940766550522648,0.477168531083807
172773.411807,2525866.126422,0.205059920106525,0.0292942743009321,0,0.000760890241582652,0.0272018261365798,0.737683089214381
168773.411807,2525366.126422,0.0121100917431193,0.073394495412844,0.423302752293578,0.328990825688073,0.0475229357798165,0.114678899082569
169273.411807,2525366.126422,0.00183452577508714,0.0887910475142176,0.479728490185287,0.350761328196661,0.0297193175564117,0.0491652907723353
169773.411807,2525366.126422,0.00201465201465201,0.067032967032967,0.512087912087912,0.324725274725275,0.056043956043956,0.0380952380952381
170273.411807,2525366.126422,0.0108256880733945,0.0713761467889908,0.544770642201835,0.314495412844037,0.0326605504587156,0.0258715596330275
170773.411807,2525366.126422,0.0620069711979453,0.090442120711796,0.421757475692533,0.217391304347826,0.0576041093377362,0.150798018712163
171273.411807,2525366.126422,0.0434065934065934,0.156043956043956,0.27014652014652,0.148901098901099,0.0690476190476191,0.312454212454212
171773.411807,2525366.126422,0.105871559633028,0.1,0.00018348623853211,0.131743119266055,0.137064220183486,0.525137614678899
172273.411807,2525366.126422,0.0867730691616217,0.134470739313887,0,0.0812694918363603,0.112456430012842,0.585030269675289
172773.411807,2525366.126422,0.0918250950570342,0.0277566539923954,0.014638783269962,0.046958174904943,0.055893536121673,0.762927756653992
168773.411807,2524866.126422,0.0225274725274725,0.106959706959707,0.290842490842491,0.336630036630037,0.117765567765568,0.125274725274725
169273.411807,2524866.126422,0.00641025641025641,0.0708791208791209,0.457509157509157,0.423443223443223,0.0313186813186813,0.0104395604395604
169773.411807,2524866.126422,0.000733406674000733,0.0595892922625596,0.573707370737074,0.320682068206821,0.0352035203520352,0.0100843417675101
170273.411807,2524866.126422,0.000915750915750916,0.0490842490842491,0.542673992673993,0.356959706959707,0.0261904761904762,0.0241758241758242
170773.411807,2524866.126422,0.0534798534798535,0.065018315018315,0.345787545787546,0.292857142857143,0.0644688644688645,0.178388278388278
171273.411807,2524866.126422,0.0357535753575358,0.163182984965163,0.154382104877154,0.236523652365237,0.0834250091675834,0.326732673267327
171773.411807,2524866.126422,0.113919413919414,0.0695970695970696,0.013003663003663,0.379304029304029,0.134615384615385,0.28956043956044
172273.411807,2524866.126422,0.111172161172161,0.102380952380952,0,0.0485347985347985,0.104578754578755,0.633333333333333
172773.411807,2524866.126422,0.099543205177008,0.0551960411115341,0.00970688998858013,0.107727445755615,0.0959269128283213,0.631899505138942
169273.411807,2524366.126422,0.00623509994498441,0.125252154777187,0.229415000916926,0.53585182468366,0.0570328259673574,0.0462130937098845
169773.411807,2524366.126422,0.0042147700201576,0.093274693054792,0.499908374564779,0.324903793293018,0.0344511636430273,0.0432472054242258
170273.411807,2524366.126422,0.0159662323362085,0.0234905487245366,0.0846026793907139,0.702147182969352,0.110662506881997,0.0631308496971921
170773.411807,2524366.126422,0.0097194205024757,0.101045296167247,0.290665688611773,0.402897487621493,0.110581331377224,0.0850907757197873
171273.411807,2524366.126422,0.101704233095107,0.121678577973245,0.269378779549203,0.31280923584387,0.0560747663551402,0.138354407183434
171773.411807,2524366.126422,0.0756102037071022,0.0423930996513122,0.155808405211966,0.418608919067719,0.104606349788952,0.202973022572949
172273.411807,2524366.126422,0.184668989547038,0.0256739409499358,0,0.066018705299835,0.090408949202274,0.633229415000917
172773.411807,2524366.126422,0.0614418870077991,0.083507704013696,0.0190222560395663,0.0979646186037664,0.0842685942552787,0.653794940079893
168773.411807,2523866.126422,0.0181651376146789,0.172110091743119,0.0146788990825688,0.396146788990826,0.0921100917431193,0.306788990825688
169273.411807,2523866.126422,0.00733810310034856,0.0739313887360117,0.384333149880756,0.438818565400844,0.063474591818015,0.032104201064025
169773.411807,2523866.126422,0.00402930402930403,0.047985347985348,0.530769230769231,0.392673992673993,0.0146520146520147,0.00989010989010989
170273.411807,2523866.126422,0.0139449541284404,0.0363302752293578,0.357247706422018,0.465871559633028,0.0884403669724771,0.0381651376146789
170773.411807,2523866.126422,0.00238488350761328,0.172078517703174,0.123280132085856,0.522472940744817,0.098147128967162,0.0816363969913777
171273.411807,2523866.126422,0.0366300366300366,0.158608058608059,0.254761904761905,0.354761904761905,0.0754578754578755,0.11978021978022
171773.411807,2523866.126422,0.0161467889908257,0.0820183486238532,0.333394495412844,0.352844036697248,0.0822018348623853,0.133394495412844
172273.411807,2523866.126422,0.089157952669235,0.0603558980003669,0.15831957439002,0.24821133736929,0.12694918363603,0.317006053935058
172773.411807,2523866.126422,0.0461977186311787,0.0714828897338403,0.0996197718631179,0.415589353612167,0.0819391634980989,0.285171102661597
168273.411807,2523366.126422,0.0333700036670334,0.138247158049138,0,0.521452145214521,0.11954528786212,0.187385405207187
168773.411807,2523366.126422,0.0542124542124542,0.147985347985348,0.00494505494505494,0.371245421245421,0.212637362637363,0.208974358974359
169273.411807,2523366.126422,0.0490842490842491,0.130586080586081,0.0573260073260073,0.422527472527473,0.134615384615385,0.205860805860806
169773.411807,2523366.126422,0,0.0396039603960396,0.435460212687935,0.41950861752842,0.0438210487715438,0.0616061606160616
170273.411807,2523366.126422,0.000366300366300366,0.0423076923076923,0.421428571428571,0.497069597069597,0.0353479853479853,0.00347985347985348
170773.411807,2523366.126422,0,0.0514652014652015,0.484065934065934,0.427289377289377,0.0326007326007326,0.00457875457875458
171273.411807,2523366.126422,0.00293362669600293,0.0381371470480381,0.515584891822516,0.41015768243491,0.0258525852585259,0.00733406674000733
171773.411807,2523366.126422,0.00531135531135531,0.104029304029304,0.346886446886447,0.31996336996337,0.140659340659341,0.0831501831501831
172273.411807,2523366.126422,0.052014652014652,0.0467032967032967,0.0294871794871795,0.344688644688645,0.133882783882784,0.393223443223443
172773.411807,2523366.126422,0.053483060525314,0.0879330034259612,0,0.380662352493338,0.138370765131329,0.339550818424058
169773.411807,2522866.126422,0.00439802089059923,0.070734835990471,0.390324354040682,0.433388308594466,0.0474619754443834,0.0536925050393989
170273.411807,2522866.126422,0.000734079647641769,0.140759772435309,0.486327766562672,0.262616993943843,0.0677188474949532,0.0418425399155808
170773.411807,2522866.126422,0.00495140289748762,0.178984045479553,0.518980377773703,0.163396295617092,0.0748211993398129,0.0588666788923528
171273.411807,2522866.126422,0.00146600696353308,0.0351841671247938,0.531977276892065,0.370533260032985,0.028587135788895,0.0322521531977277
171773.411807,2522866.126422,0.00513855753349238,0.0546889337493118,0.387961093778675,0.380803817214168,0.0532207744540283,0.118186823270325
172273.411807,2522866.126422,0.0205391527599487,0.169814780854575,0.0498807995598753,0.232715936181918,0.0993948285347515,0.427654502108931
172773.411807,2522866.126422,0.0637245577325471,0.0724747955107476,0,0.206771923150086,0.171200304356097,0.485828419250523
169773.411807,2522366.126422,0.000549450549450549,0.0793040293040293,0.480586080586081,0.218681318681319,0.0377289377289377,0.183150183150183
170273.411807,2522366.126422,0.00055045871559633,0.0970642201834862,0.349357798165138,0.421100917431193,0.0622018348623853,0.0697247706422018
170773.411807,2522366.126422,0.0152265639332233,0.0653091175931022,0.231333700238488,0.525775087139974,0.100715465052284,0.0616400660429279
171273.411807,2522366.126422,0.0205128205128205,0.0961538461538462,0.256593406593407,0.276007326007326,0.158241758241758,0.192490842490843
171773.411807,2522366.126422,0.00880733944954129,0.0346788990825688,0.257247706422018,0.569908256880734,0.0541284403669725,0.0752293577981651
172273.411807,2522366.126422,0.0445789763346175,0.0722803155384333,0.103283801137406,0.381214456063108,0.117776554760594,0.280865896165841
172773.411807,2522366.126422,0.12680608365019,0.0541825095057034,0,0.0211026615969582,0.147528517110266,0.650380228136882
170273.411807,2521866.126422,0.000549450549450549,0.0913919413919414,0.337179487179487,0.500549450549451,0.0421245421245421,0.0282051282051282
170773.411807,2521866.126422,0.00128205128205128,0.121794871794872,0.424542124542125,0.292307692307692,0.0873626373626374,0.0727106227106227
171273.411807,2521866.126422,0.0196186285295196,0.0764576457645765,0.128346167950128,0.462412907957462,0.19050238357169,0.122662266226623
171773.411807,2521866.126422,0.0269230769230769,0.0626373626373626,0.080952380952381,0.4496336996337,0.162820512820513,0.217032967032967
172273.411807,2521866.126422,0.082967032967033,0.0538461538461538,0.102747252747253,0.337912087912088,0.110805860805861,0.311721611721612
172773.411807,2521866.126422,0.0433955081842406,0.0879330034259612,0.0728968405024743,0.213932242101256,0.192805481537876,0.389036924248192
170273.411807,2521366.126422,0,0.0403743806202973,0.557349972472013,0.357313268489631,0.0150486327766563,0.0299137456414021
170773.411807,2521366.126422,0,0.0174216027874564,0.522648083623693,0.414817531633963,0.0399779937649001,0.00513478818998716
171273.411807,2521366.126422,0.00109950522264981,0.0322521531977277,0.478468022723108,0.405167674546454,0.061205790727506,0.0218068535825545
171773.411807,2521366.126422,0.0047715177096715,0.0638649293448339,0.242613323545605,0.51440631308497,0.112864745824922,0.0614791704899982
172273.411807,2521366.126422,0.028791490922428,0.0764716669723088,0.048413717219879,0.519347148358702,0.165596919127086,0.161379057399597
172773.411807,2521366.126422,0.0781814723226175,0.0481263077801027,0.000951112801978315,0.183184325661023,0.194407456724368,0.495149324709911
170273.411807,2520866.126422,0.00477064220183486,0.0737614678899083,0.655045871559633,0.147339449541284,0.0440366972477064,0.075045871559633
170773.411807,2520866.126422,0.00110071546505228,0.063474591818015,0.487433498440653,0.403045312786645,0.0438451660245826,0.00110071546505228
171273.411807,2520866.126422,0.00274725274725275,0.08003663003663,0.557142857142857,0.257509157509157,0.0498168498168498,0.0527472527472527
171773.411807,2520866.126422,0.0100917431192661,0.0827522935779817,0.361284403669725,0.396146788990826,0.0895412844036697,0.0601834862385321
172273.411807,2520866.126422,0.014125848468171,0.028251696936342,0.0361401577692167,0.746285085305449,0.149330398092093,0.0258668134287287
172773.411807,2520866.126422,0.0406844106463878,0.0397338403041825,0,0.552281368821293,0.175855513307985,0.191444866920152
170773.411807,2520366.126422,0.0102564102564103,0.0840659340659341,0.503113553113553,0.304395604395604,0.0783882783882784,0.0197802197802198
171273.411807,2520366.126422,0.00476714338100477,0.100843417675101,0.493949394939494,0.28969563623029,0.0841584158415842,0.0265859919325266
171773.411807,2520366.126422,0.00604395604395604,0.18021978021978,0.386630036630037,0.268864468864469,0.0853479853479854,0.0728937728937729
172273.411807,2520366.126422,0.0384615384615385,0.0681318681318681,0.149084249084249,0.360805860805861,0.231501831501832,0.152014652014652
172773.411807,2520366.126422,0.0578606775789874,0.0293110011419871,0.0102778835173201,0.576322801674914,0.21374191092501,0.112485725161781
170773.411807,2519866.126422,0.00806895286997983,0.0608839171098478,0.540253071703649,0.219145424536952,0.0676691729323308,0.10397946084724
171273.411807,2519866.126422,0.00751328568810702,0.0874106652006597,0.472787245739417,0.315557998900495,0.0776983690672531,0.0390324354040682
171773.411807,2519866.126422,0.00422095797394017,0.109744907322444,0.396403009726555,0.307395852449991,0.109928427234355,0.0723068452927143
172273.411807,2519866.126422,0.0335595085274161,0.0834403080872914,0.176600036677059,0.417935081606455,0.16816431322208,0.120300751879699
172773.411807,2519866.126422,0.0760890241582652,0.0220658170058969,0,0.428000760890242,0.227125737112422,0.246718660833175
171273.411807,2519366.126422,0,0.00915750915750916,0.611172161172161,0.345970695970696,0.0228937728937729,0.0108058608058608
171773.411807,2519366.126422,0.00311926605504587,0.0895412844036697,0.497981651376147,0.261467889908257,0.098348623853211,0.0495412844036697
172273.411807,2519366.126422,0.00807191341038342,0.115942028985507,0.317006053935058,0.180884241423592,0.0695285268758026,0.308567235369657
172773.411807,2519366.126422,0.106273764258555,0.126615969581749,0.0026615969581749,0.0929657794676806,0.136311787072243,0.535171102661597
171273.411807,2518866.126422,0,0.0537220388705537,0.475980931426476,0.384855152181885,0.0394206087275394,0.046021268793546
171773.411807,2518866.126422,0.00402930402930403,0.0510989010989011,0.515750915750916,0.30989010989011,0.0868131868131868,0.0324175824175824
172273.411807,2518866.126422,0.0404761904761905,0.0893772893772894,0.166483516483516,0.307692307692308,0.18021978021978,0.215750915750916
172773.411807,2518866.126422,0.26284735439665,0.0355919299581271,0,0.0118005329272935,0.0824133993148078,0.607346783403121
171273.411807,2518366.126422,0.0100787978742899,0.0412314458493678,0.701667582921019,0.141652922851384,0.036100421477002,0.0692688290269379
171773.411807,2518366.126422,0.0117452743622683,0.0943292347219673,0.222976692971187,0.342998715360617,0.141310332171041,0.18663975041292
172273.411807,2518366.126422,0.0871080139372822,0.0460297084173849,0.0410783055198973,0.29598386209426,0.189987163029525,0.33981294700165
172773.411807,2518366.126422,0.220467947498573,0.0443218565721895,0,0.085219707057257,0.151417158074948,0.498573330797033
171773.411807,2517866.126422,0.0407339449541284,0.043302752293578,0.024954128440367,0.440733944954128,0.182201834862385,0.268073394495413
172273.411807,2517866.126422,0.0869565217391304,0.0864061640066043,0,0.110438451660246,0.174279948633278,0.541918913960741
172773.411807,2517866.126422,0.102281368821293,0.0494296577946768,0,0.0252851711026616,0.103422053231939,0.71958174904943
171773.411807,2517366.126422,0.0360805860805861,0.0802197802197802,0.277838827838828,0.203663003663004,0.0767399267399267,0.325457875457875
172273.411807,2517366.126422,0.117948717948718,0.0663003663003663,0,0.122161172161172,0.137545787545788,0.556043956043956
172773.411807,2517366.126422,0.0576703464027408,0.0698515416825276,0,0.154739246288542,0.150171298058622,0.567567567567568
172273.411807,2516866.126422,0.063182527301092,0.0421216848673947,0,0.106864274570983,0.122984919396776,0.664846593863755
172773.411807,2516866.126422,0.0324604473540644,0.0771958537915985,0,0.192034915439171,0.139934533551555,0.558374249863612
