"x","y","forest","agri","water","built","other","grass"
189273.411807,2668866.126422,0,0.255933290570879,0.27132777421424,0.469531751122514,0.00235193500106906,0.00085524909129784
189773.411807,2668866.126422,0,0.574695447745245,0.0262876683051934,0.391750374011541,0.00341953408848044,0.0038469758495405
190273.411807,2668866.126422,0.00128259940145361,0.422616502778965,0.0213766566908935,0.469645147498931,0.0228730226592561,0.0622060709705002
190773.411807,2668866.126422,0.102416078682916,0.221509514646141,0.152020525978191,0.262347658755613,0.0487491982039769,0.212957023733162
191273.411807,2668866.126422,0.00406069673007053,0.0453088266723659,0.338961316520624,0.0854883522120111,0.0596281256678778,0.466552682197051
191773.411807,2668866.126422,0,0.139589568191535,0.447413424540402,0.262291577597264,0.0961949551090209,0.0545104745617785
192273.411807,2668866.126422,0.00128287363694676,0.0615779345734445,0.342954885610434,0.156938208253154,0.0821039127645927,0.355142185161428
192773.411807,2668866.126422,0.000427441761060056,0.101944860012823,0.585808933532806,0.253259243428083,0.0198760418892926,0.038683479375935
193273.411807,2668866.126422,0.0130397605814451,0.695382642154767,0.0560068405301411,0.0575032064985036,0.0188114578879863,0.159256092347157
193773.411807,2668866.126422,0.00513149454778704,0.854607654479367,0,0.0275817831943554,0.0121872995509942,0.100491768227496
194273.411807,2668866.126422,0.00555674289378072,0.895063047659756,0.00726650993802094,0.0681769608890789,0.00662534729643086,0.0173113913229322
194773.411807,2668866.126422,0.0316374519025224,0.583368961094485,0.0305686190679778,0.293929029499786,0.0280034202650705,0.0324925181701582
195273.411807,2668866.126422,0.0250160359204618,0.678426341672012,0.00042762454564892,0.248236048749198,0.0295060936497755,0.0183878554629036
195773.411807,2668866.126422,0.0222269715751229,0.759136567642659,0.00235092968583031,0.191921350715965,0.00961743962385125,0.0147467407565719
196273.411807,2668866.126422,0.0367678495083369,0.648140230867892,0,0.258443779392903,0.0322787516032493,0.0243693886276186
196773.411807,2668866.126422,0.0620055591190934,0.494761599315801,0.00042762454564892,0.373102416078683,0.0421210177464186,0.0275817831943554
197273.411807,2668866.126422,0.0797178884377004,0.345586663817055,0.000641162641590083,0.403718743321222,0.0786492840350502,0.0916862577473819
197773.411807,2668866.126422,0.0517315091919624,0.569046601111586,0.000213766566908935,0.257374946558358,0.0423257802479692,0.0793073963232151
198273.411807,2668866.126422,0.115672439598033,0.334402394697456,0.0021381227282446,0.401325636091512,0.0673508659397049,0.0791105409450502
198773.411807,2668866.126422,0.0476597563581962,0.200470185937166,0.00128232528318017,0.577260098311605,0.084633468689891,0.0886941654199615
189273.411807,2668366.126422,0,0.609309144218435,0,0.299981674912956,0.0491112332783581,0.0415979475902511
189773.411807,2668366.126422,0,0.45237658285924,0,0.454211781978345,0.0121123141860892,0.0812993209763259
190273.411807,2668366.126422,0,0.411149825783972,0,0.584632312488538,0.00330093526499175,0.000916926462497708
192773.411807,2668366.126422,0.00532207744540283,0.160029363185906,0.248485960726739,0.514039273261149,0.0260598274912828,0.046063497889521
193273.411807,2668366.126422,0.00898587933247754,0.374289381991564,0.0397946084724005,0.329910141206675,0.0955437373922611,0.151476251604621
193773.411807,2668366.126422,0.0164925783397471,0.736301997434488,0.000183250870441635,0.110500274876306,0.0278541323071285,0.108667766171889
194273.411807,2668366.126422,0.0288126261699394,0.731143329051202,0.00165167920719398,0.101853551110295,0.0300972655533125,0.106441548908057
194773.411807,2668366.126422,0.0271410232899321,0.466898954703833,0.0119200440124702,0.366953970291583,0.0476801760498808,0.0794058316523015
195273.411807,2668366.126422,0.0152098222466557,0.852116547553601,0.00403151914971596,0.0738501007879787,0.0207073483599047,0.034084661902144
195773.411807,2668366.126422,0.0315654248485961,0.76766379152138,0.000917599559552211,0.17856487428886,0.0104606349788952,0.0108276748027161
196273.411807,2668366.126422,0.0265908674124335,0.777370254905557,0,0.169264624977077,0.0119200440124702,0.0148542086924629
196773.411807,2668366.126422,0.045629466739967,0.68609125893348,0.00128275609309144,0.217152281473337,0.0273043796958036,0.0225398570643211
197273.411807,2668366.126422,0.044411818682327,0.659203523582309,0,0.208295100018352,0.044411818682327,0.0436777390346853
197773.411807,2668366.126422,0.0634513112048414,0.595452044746011,0.000183385292499542,0.276911791674308,0.0225563909774436,0.0414450761048964
198273.411807,2668366.126422,0.0597397837639729,0.471321238775884,0.00348176653839106,0.337548103353491,0.0346344145134689,0.093274693054792
198773.411807,2668366.126422,0.0159662323362085,0.121123141860892,0.0108276748027161,0.777940906588365,0.0368875022939989,0.0372545421178198
188773.411807,2667866.126422,0.0187121629058888,0.447807741698771,0.084021280498991,0.266373142542653,0.0344890845716382,0.148596587782058
189273.411807,2667866.126422,0,0.654395604395604,0,0.0443223443223443,0.028021978021978,0.273260073260073
189773.411807,2667866.126422,0,0.615963302752294,0,0.182935779816514,0.0238532110091743,0.177247706422018
190273.411807,2667866.126422,0,0.73179233168226,0,0.121078701155751,0.0066042927903137,0.140524674371675
192773.411807,2667866.126422,0.00073394495412844,0.304587155963303,0.0902752293577982,0.441651376146789,0.051743119266055,0.111009174311927
193273.411807,2667866.126422,0.0306365804439552,0.485965877820583,0.00697119794533113,0.239222161071363,0.0645753072830673,0.1726288754357
193773.411807,2667866.126422,0.0333333333333333,0.381501831501831,0.00402930402930403,0.439377289377289,0.0695970695970696,0.0721611721611722
194273.411807,2667866.126422,0.0269724770642202,0.655412844036697,0.00073394495412844,0.225504587155963,0.0444036697247706,0.0469724770642202
194773.411807,2667866.126422,0.021830856723537,0.580260502660062,0,0.282333516785911,0.0396257567418822,0.0759493670886076
195273.411807,2667866.126422,0.00970695970695971,0.80989010989011,0.00604395604395604,0.0835164835164835,0.0135531135531136,0.0772893772893773
195773.411807,2667866.126422,0.0113761467889908,0.811926605504587,0,0.118348623853211,0.0168807339449541,0.0414678899082569
196273.411807,2667866.126422,0.0407264722069345,0.607044578976335,0.000183452577508714,0.263254448725005,0.029535864978903,0.0592551825353146
196773.411807,2667866.126422,0.0395604395604396,0.567032967032967,0.00164835164835165,0.279304029304029,0.0344322344322344,0.078021978021978
197273.411807,2667866.126422,0.0194495412844037,0.781100917431193,0,0.122935779816514,0.016697247706422,0.0598165137614679
197773.411807,2667866.126422,0.0596220876903321,0.499357915978719,0.000183452577508714,0.250229315721886,0.0651256650155935,0.12548156301596
198273.411807,2667866.126422,0.047985347985348,0.13040293040293,0.00549450549450549,0.66025641025641,0.0653846153846154,0.0904761904761905
198773.411807,2667866.126422,0.036697247706422,0.0458715596330275,0.00825688073394495,0.821284403669725,0.0484403669724771,0.0394495412844037
188273.411807,2667366.126422,0.0261904761904762,0.168131868131868,0.36025641025641,0.434432234432234,0.00567765567765568,0.00531135531135531
188773.411807,2667366.126422,0.000732600732600733,0.537545787545788,0.0315018315018315,0.313186813186813,0.00604395604395604,0.110989010989011
189273.411807,2667366.126422,0,0.355152181884855,0,0.508250825082508,0.0293362669600293,0.107260726072607
189773.411807,2667366.126422,0.0021978021978022,0.762820512820513,0,0.123626373626374,0.0327838827838828,0.0785714285714286
190273.411807,2667366.126422,0.0234432234432234,0.365934065934066,0,0.586080586080586,0.0173992673992674,0.00714285714285714
192773.411807,2667366.126422,0.00457875457875458,0.220512820512821,0.282600732600733,0.331684981684982,0.0346153846153846,0.126007326007326
193273.411807,2667366.126422,0.00604395604395604,0.672161172161172,0.0194139194139194,0.186263736263736,0.0272893772893773,0.0888278388278388
193773.411807,2667366.126422,0.0339200586725339,0.444811147781445,0.00055005500550055,0.400623395672901,0.055005500550055,0.0650898423175651
194273.411807,2667366.126422,0.0142857142857143,0.756410256410256,0,0.0956043956043956,0.0238095238095238,0.10989010989011
194773.411807,2667366.126422,0.0360805860805861,0.541208791208791,0.00183150183150183,0.34981684981685,0.0366300366300366,0.0344322344322344
195273.411807,2667366.126422,0.0238357169050238,0.817748441510818,0,0.0854418775210854,0.0196186285295196,0.0533553355335534
195773.411807,2667366.126422,0.0326007326007326,0.632967032967033,0.00586080586080586,0.244871794871795,0.0382783882783883,0.0454212454212454
196273.411807,2667366.126422,0.0558608058608059,0.4996336996337,0,0.302380952380952,0.0573260073260073,0.0847985347985348
196773.411807,2667366.126422,0.0172350568390172,0.761826182618262,0,0.132013201320132,0.0218188485515218,0.0671067106710671
197273.411807,2667366.126422,0.0368131868131868,0.518864468864469,0.0021978021978022,0.197435897435897,0.0655677655677656,0.179120879120879
197773.411807,2667366.126422,0.0417582417582418,0.58003663003663,0.000183150183150183,0.213736263736264,0.0838827838827839,0.0804029304029304
198273.411807,2667366.126422,0.0416208287495416,0.224972497249725,0.00586725339200587,0.640814081408141,0.03997066373304,0.0467546754675468
198773.411807,2667366.126422,0.036996336996337,0.0274725274725275,0.00476190476190476,0.874908424908425,0.0434065934065934,0.0124542124542125
188273.411807,2666866.126422,0.00183519911910442,0.355478069370527,0.0592769315470729,0.569278766746192,0.00734079647641769,0.00679023674068636
188773.411807,2666866.126422,0.00275077938749312,0.762882816798093,0,0.184485604254539,0.011186502842472,0.0386942967174033
189273.411807,2666866.126422,0,0.611874656404618,0,0.315924500641378,0.0280373831775701,0.0441634597764339
189773.411807,2666866.126422,0.00220223894292531,0.887502293998899,0,0.0012846393833731,0.00734079647641769,0.101670031198385
190273.411807,2666866.126422,0.0385109114249037,0.410049514028975,0,0.482670089858793,0.0187052998349532,0.0500641848523748
192773.411807,2666866.126422,0.00623967700495504,0.416773719948614,0.148100568911727,0.237658285924023,0.0526702147182969,0.138557533492384
193273.411807,2666866.126422,0.00293416467999266,0.518796992481203,0.0718870346598203,0.240418118466899,0.0425453878598936,0.123418301852191
193773.411807,2666866.126422,0.0106285504856148,0.856331317573758,0.000916254352208173,0.106835257467473,0.0137438152831226,0.011544804837823
194273.411807,2666866.126422,0.00495503762158194,0.951000183519912,0,0.0267939071389246,0.00422095797394017,0.0130299137456414
194773.411807,2666866.126422,0.0280579497524299,0.557307903906107,0,0.306253438474234,0.0498807995598753,0.0584999083073537
195273.411807,2666866.126422,0.0483782297965915,0.261682242990654,0.000183250870441635,0.51236943375481,0.0963899578522998,0.0809968847352025
195773.411807,2666866.126422,0.0469810974490732,0.506698476784731,0.00110111947146265,0.314736648926409,0.0594604514589833,0.0710222059093412
196273.411807,2666866.126422,0.0315422703099211,0.785989363653035,0,0.117549972492206,0.0286081056299285,0.0363102879149092
196773.411807,2666866.126422,0.0221733553234378,0.67491295583654,0,0.12222833058457,0.0404984423676012,0.14018691588785
197273.411807,2666866.126422,0.0201871903101487,0.615342264635713,0.00220223894292531,0.213617177463755,0.0563406129565058,0.0923105156909525
197773.411807,2666866.126422,0.0168714469099578,0.471483587016321,0,0.397029158261507,0.0652851641298368,0.0493306436823767
198273.411807,2666866.126422,0.0296866410115448,0.216785779732454,0.000183250870441635,0.587135788894997,0.101337731354224,0.0648708081363387
198773.411807,2666866.126422,0.0390897412369242,0.0877225178931914,0.0047715177096715,0.779776105707469,0.0543218939254909,0.0343182235272527
187773.411807,2666366.126422,0.0326007326007326,0.524175824175824,0.0684981684981685,0.345604395604396,0.0181318681318681,0.010989010989011
192773.411807,2666366.126422,0.0130275229357798,0.840183486238532,0.011743119266055,0.0910091743119266,0.0119266055045872,0.0321100917431193
193273.411807,2666366.126422,0.0066042927903137,0.787195010089892,0.0453127866446524,0.108603925885159,0.0124747752705926,0.0398092093193909
193773.411807,2666366.126422,0.0117216117216117,0.823260073260073,0.000915750915750916,0.107692307692308,0.0163003663003663,0.0401098901098901
194273.411807,2666366.126422,0.0176146788990826,0.61302752293578,0.00055045871559633,0.287706422018349,0.0412844036697248,0.0398165137614679
194773.411807,2666366.126422,0.032104201064025,0.549073564483581,0.00825536598789213,0.300495321959274,0.0532012474775271,0.0568702990277013
195273.411807,2666366.126422,0.0221611721611722,0.646703296703297,0.000183150183150183,0.21978021978022,0.043956043956044,0.0672161172161172
195773.411807,2666366.126422,0.0361467889908257,0.602935779816514,0,0.243302752293578,0.063302752293578,0.0543119266055046
196273.411807,2666366.126422,0.0187121629058888,0.773069161621721,0.000183452577508714,0.134837644468905,0.0366905155017428,0.0365070629242341
196773.411807,2666366.126422,0.0428571428571429,0.458241758241758,0.0100732600732601,0.26025641025641,0.0736263736263736,0.154945054945055
197273.411807,2666366.126422,0.0390825688073395,0.54697247706422,0.00220183486238532,0.277064220183486,0.0579816513761468,0.076697247706422
197773.411807,2666366.126422,0.0210970464135021,0.432397725188039,0.000183452577508714,0.367822417904972,0.0706292423408549,0.107870115575124
198273.411807,2666366.126422,0.0375457875457875,0.16043956043956,0.00421245421245421,0.656410256410256,0.0884615384615385,0.0529304029304029
198773.411807,2666366.126422,0.028256880733945,0.39045871559633,0.00128440366972477,0.327339449541284,0.117981651376147,0.134678899082569
192273.411807,2665866.126422,0.00311697836450312,0.209387605427209,0.494132746607994,0.157682434910158,0.0392372570590392,0.0964429776310964
192773.411807,2665866.126422,0.017032967032967,0.472527472527473,0.0362637362637363,0.163003663003663,0.0518315018315018,0.259340659340659
193273.411807,2665866.126422,0.0271062271062271,0.621062271062271,0.0408424908424908,0.174175824175824,0.0172161172161172,0.11959706959707
193773.411807,2665866.126422,0.013017968463513,0.506417308397506,0.000733406674000733,0.214704803813715,0.0418041804180418,0.223322332233223
194273.411807,2665866.126422,0.0379120879120879,0.556959706959707,0.000183150183150183,0.303846153846154,0.045970695970696,0.0551282051282051
194773.411807,2665866.126422,0.0122710622710623,0.894688644688645,0,0.0668498168498168,0.0104395604395604,0.0157509157509158
195273.411807,2665866.126422,0.017968463513018,0.837367070040337,0,0.118261826182618,0.0183351668500183,0.00806747341400807
195773.411807,2665866.126422,0.0263736263736264,0.722527472527473,0,0.123626373626374,0.0617216117216117,0.0657509157509158
196273.411807,2665866.126422,0.0346153846153846,0.614652014652015,0.00183150183150183,0.243772893772894,0.0346153846153846,0.0705128205128205
196773.411807,2665866.126422,0.0401540154015402,0.507700770077008,0,0.294646131279795,0.0583058305830583,0.0991932526585992
197273.411807,2665866.126422,0.0490842490842491,0.536263736263736,0,0.246153846153846,0.0653846153846154,0.103113553113553
197773.411807,2665866.126422,0.0478021978021978,0.686080586080586,0.000732600732600733,0.144139194139194,0.0457875457875458,0.0754578754578755
198273.411807,2665866.126422,0.0375870920425376,0.484048404840484,0.00605060506050605,0.315181518151815,0.0641730839750642,0.092959295929593
198773.411807,2665866.126422,0.0256410256410256,0.681684981684982,0.000549450549450549,0.182051282051282,0.0619047619047619,0.0481684981684982
192773.411807,2665366.126422,0.00605615709304459,0.48118920902918,0.211047898697009,0.197834465039457,0.0262433474031932,0.0776289227381171
193273.411807,2665366.126422,0.0311754997249221,0.559508527416101,0.000733541169998166,0.180817898404548,0.0465798642948836,0.181184668989547
193773.411807,2665366.126422,0.0408649441084845,0.229979842404251,0.0795308777716694,0.447865127359355,0.0681693238042881,0.133589884551952
194273.411807,2665366.126422,0.0183519911910442,0.562672049917416,0.0893741971003854,0.215085336759038,0.038172141677372,0.076344283354744
194773.411807,2665366.126422,0.0126535851824684,0.674674491105813,0.0982945167797543,0.137722354667156,0.0232899321474418,0.0533651201173666
195273.411807,2665366.126422,0.0223566061938794,0.709730621220451,0.0720175920835624,0.0905259299981675,0.0324354040681693,0.0729338464357706
195773.411807,2665366.126422,0.0335841438796109,0.561570930445953,0.000367039823820885,0.33602495870802,0.0455129381537897,0.0229399889888053
196273.411807,2665366.126422,0.0423620025673941,0.526865945351183,0,0.334128002934165,0.061617458279846,0.0350265908674124
196773.411807,2665366.126422,0.0425142019424592,0.366684991753711,0,0.452446399120396,0.0663368150998717,0.0720175920835624
197273.411807,2665366.126422,0.04147550009176,0.706918700679024,0.000550559735731327,0.117452743622683,0.0282620664342081,0.105340429436594
197773.411807,2665366.126422,0.0408949202273978,0.263524665321841,0.00458463231248854,0.523014854208692,0.0506143407298735,0.117366587199707
198273.411807,2665366.126422,0.0175920835623969,0.755360087960418,0.000183250870441635,0.164192779915705,0.0205240974894631,0.042147700201576
198773.411807,2665366.126422,0.0374380620297302,0.56010277115067,0.000917599559552211,0.266654432005873,0.0798311616810424,0.0550559735731327
192273.411807,2664866.126422,0.0221611721611722,0.168681318681319,0.193956043956044,0.173626373626374,0.0395604395604396,0.402014652014652
192773.411807,2664866.126422,0.0165137614678899,0.267706422018349,0.0748623853211009,0.419449541284404,0.0856880733944954,0.135779816513761
193273.411807,2664866.126422,0.00935608145294441,0.762979269858742,0.001284168042561,0.110988809392772,0.0238488350761328,0.0915428361768483
193773.411807,2664866.126422,0.0298534798534799,0.424175824175824,0.0010989010989011,0.193406593406593,0.0694139194139194,0.282051282051282
194273.411807,2664866.126422,0.0188990825688073,0.77651376146789,0,0.128623853211009,0.023302752293578,0.0526605504587156
194773.411807,2664866.126422,0.0348559897266557,0.518620436617134,0.0161438268207668,0.263621353880022,0.0728306732709595,0.0939277196844616
195273.411807,2664866.126422,0.0210622710622711,0.506959706959707,0.067032967032967,0.293040293040293,0.0626373626373626,0.0492673992673993
195773.411807,2664866.126422,0.0372477064220183,0.47743119266055,0.0702752293577982,0.278165137614679,0.0420183486238532,0.0948623853211009
196273.411807,2664866.126422,0.0563199412951752,0.350761328196661,0.0124747752705926,0.452760961291506,0.0502660062373876,0.0774169877086773
196773.411807,2664866.126422,0.045970695970696,0.455128205128205,0.0316849816849817,0.286446886446886,0.0562271062271062,0.124542124542125
197273.411807,2664866.126422,0.0376146788990826,0.126238532110092,0.00568807339449541,0.685504587155963,0.0667889908256881,0.0781651376146789
197773.411807,2664866.126422,0.0805356815263254,0.416437350944781,0.000366905155017428,0.365070629242341,0.0691616217207852,0.0684278114107503
198273.411807,2664866.126422,0.0283882783882784,0.691391941391941,0,0.183333333333333,0.0326007326007326,0.0642857142857143
198773.411807,2664866.126422,0.0256880733944954,0.668440366972477,0.0018348623853211,0.169724770642202,0.064954128440367,0.0693577981651376
188773.411807,2664366.126422,0.0021978021978022,0.164652014652015,0.120879120879121,0.641391941391941,0.0531135531135531,0.0177655677655678
189273.411807,2664366.126422,0.0157682434910158,0.202786945361203,0.107077374404107,0.639163916391639,0.0207187385405207,0.0144847818115145
189773.411807,2664366.126422,0.00824175824175824,0.0862637362637363,0.129487179487179,0.731501831501831,0.0274725274725275,0.017032967032967
190273.411807,2664366.126422,0.00915750915750916,0.0576923076923077,0.0932234432234432,0.81025641025641,0.0201465201465201,0.00952380952380952
190773.411807,2664366.126422,0.0465713237990466,0.0771910524385772,0.112027869453612,0.658049138247158,0.0280528052805281,0.0781078107810781
191273.411807,2664366.126422,0.00366300366300366,0.109157509157509,0.503113553113553,0.329304029304029,0.00952380952380952,0.0452380952380952
191773.411807,2664366.126422,0.0021978021978022,0.301831501831502,0.0844322344322344,0.235347985347985,0.0600732600732601,0.316117216117216
192273.411807,2664366.126422,0.015034836817015,0.502383571690502,0.0022002200220022,0.132746607994133,0.0652731939860653,0.282361569490282
192773.411807,2664366.126422,0.00641025641025641,0.68021978021978,0.00183150183150183,0.177289377289377,0.032051282051282,0.102197802197802
193273.411807,2664366.126422,0.0468864468864469,0.400549450549451,0,0.367216117216117,0.0844322344322344,0.100915750915751
193773.411807,2664366.126422,0.0368536853685369,0.381188118811881,0.000733406674000733,0.328566189952329,0.0797579757975798,0.172900623395673
194273.411807,2664366.126422,0.0184981684981685,0.7503663003663,0,0.0754578754578755,0.0208791208791209,0.134798534798535
194773.411807,2664366.126422,0.0186813186813187,0.775824175824176,0.000366300366300366,0.129120879120879,0.0183150183150183,0.0576923076923077
195273.411807,2664366.126422,0.0251191785845251,0.588008800880088,0.0148514851485149,0.284745141180785,0.0430876420975431,0.0441877521085442
195773.411807,2664366.126422,0.0241758241758242,0.668681318681319,0.000366300366300366,0.202747252747253,0.0351648351648352,0.0688644688644689
196273.411807,2664366.126422,0.0467032967032967,0.595238095238095,0.00293040293040293,0.241208791208791,0.0457875457875458,0.0681318681318681
196773.411807,2664366.126422,0.0452878621195453,0.354785478547855,0,0.422442244224422,0.0715071507150715,0.105977264393106
197273.411807,2664366.126422,0.0192307692307692,0.158241758241758,0.0342490842490843,0.688278388278388,0.0397435897435897,0.0602564102564103
197773.411807,2664366.126422,0.0571428571428571,0.182967032967033,0.0298534798534799,0.507692307692308,0.0706959706959707,0.151648351648352
198273.411807,2664366.126422,0.0315364869820315,0.613861386138614,0.000366703337000367,0.295379537953795,0.0357535753575358,0.0231023102310231
198773.411807,2664366.126422,0.0331501831501832,0.513736263736264,0.00183150183150183,0.362454212454212,0.043040293040293,0.0457875457875458
187273.411807,2663866.126422,0.00696864111498258,0.420869246286448,0.0053181734824867,0.527416101228681,0.0124701998899688,0.0269576379974326
187773.411807,2663866.126422,0.0426974528129009,0.231079347626901,0.000733003481766538,0.631849001282756,0.0720175920835624,0.0216236027121129
188273.411807,2663866.126422,0.082583960359699,0.217471095613874,0.0106441548908057,0.570196366305744,0.0770783630023858,0.0420260598274913
188773.411807,2663866.126422,0.21584448927196,0.21602787456446,0.00513478818998716,0.512745277828718,0.0361269026224097,0.0141206675224647
189273.411807,2663866.126422,0.158328752061572,0.146050943741983,0.024555616639179,0.557449147883452,0.0588235294117647,0.0547920102620487
189773.411807,2663866.126422,0.136538814461369,0.179115434024592,0.0183519911910442,0.473664892640852,0.0559735731326849,0.136355294549459
190273.411807,2663866.126422,0.137172198789657,0.191087474784522,0.00421786172748946,0.465065101778837,0.0698697964423253,0.132587566477169
190773.411807,2663866.126422,0.0315191497159611,0.0874106652006597,0.234011361553967,0.546820597397838,0.0262048744731537,0.0740333516584204
191273.411807,2663866.126422,0.00679023674068636,0.142962011378235,0.19489814644889,0.572949164984401,0.0352358230868049,0.0471646173609837
191773.411807,2663866.126422,0.00586832935998533,0.1201173665872,0.141940216394645,0.492572895653769,0.180817898404548,0.0586832935998533
192273.411807,2663866.126422,0.0229063588052043,0.448231629100238,0.034084661902144,0.120029320139271,0.0538757559098406,0.320872274143302
192773.411807,2663866.126422,0.0132134336575518,0.550926775555148,0.00605615709304459,0.322811525050468,0.0372545421178198,0.0697375665259681
193273.411807,2663866.126422,0.0436456996148909,0.51182835136622,0.0117366587199707,0.312855309004218,0.0467632495873831,0.0731707317073171
193773.411807,2663866.126422,0.01905809052593,0.545537841304746,0.00623052959501558,0.292468389224849,0.0452629649990837,0.0914421843503757
194273.411807,2663866.126422,0.0172508717195816,0.725454211781978,0,0.159478803450174,0.0244081482840888,0.0734079647641769
194773.411807,2663866.126422,0.0405281496423987,0.486704566293783,0,0.321474417751696,0.0682193288098294,0.0830735375022923
195273.411807,2663866.126422,0.0179585853032802,0.748946307494961,0,0.146234194612424,0.0302363936228697,0.0566245189664651
195773.411807,2663866.126422,0.0271609469627455,0.61809506331437,0.00679023674068636,0.176729675169756,0.047715177096715,0.123508900715728
196273.411807,2663866.126422,0.0561158995048597,0.39592884650651,0.00238400880249404,0.395378690629012,0.0691362552723272,0.0810562992847974
196773.411807,2663866.126422,0.0412314458493678,0.471870991387209,0.000183250870441635,0.36210371999267,0.0606560381161811,0.0639545537841305
197273.411807,2663866.126422,0.0467975775371628,0.287942741787484,0,0.517893191411268,0.0803817214167737,0.0669847678473114
197773.411807,2663866.126422,0.024390243902439,0.396662387676508,0.00110031175499725,0.389143590684027,0.0975609756097561,0.0911424903722722
198273.411807,2663866.126422,0.0417811984606927,0.380245556166392,0.11324903793293,0.336998350742166,0.0679860729338464,0.0597397837639729
198773.411807,2663866.126422,0.0407414204441182,0.416223160212883,0.0469810974490732,0.357129748577721,0.0726738851165352,0.0662506881996697
186773.411807,2663366.126422,0.0205504587155963,0.619082568807339,0,0.304770642201835,0.0337614678899083,0.0218348623853211
187273.411807,2663366.126422,0.0078884608328747,0.399926618968997,0.0207301412584847,0.415703540634746,0.0464135021097046,0.109337736195194
187773.411807,2663366.126422,0.00274725274725275,0.124175824175824,0.0032967032967033,0.800732600732601,0.0327838827838828,0.0362637362637363
188273.411807,2663366.126422,0.00954128440366972,0.0704587155963303,0.00201834862385321,0.892293577981651,0.0179816513761468,0.00770642201834862
188773.411807,2663366.126422,0.0275178866263071,0.137405980554027,0.0245826453861677,0.756558429645937,0.0348559897266557,0.0190790680609063
189273.411807,2663366.126422,0.032967032967033,0.0602564102564103,0.0278388278388278,0.835164835164835,0.0230769230769231,0.0206959706959707
189773.411807,2663366.126422,0.0467889908256881,0.134311926605505,0.0275229357798165,0.715596330275229,0.0418348623853211,0.0339449541284404
190273.411807,2663366.126422,0.076316272243625,0.135754907356448,0.0288020546688681,0.433865345808109,0.0966795083470923,0.228581911575858
190773.411807,2663366.126422,0.0206959706959707,0.207509157509158,0.00879120879120879,0.488278388278388,0.084981684981685,0.18974358974359
191273.411807,2663366.126422,0.0168807339449541,0.18605504587156,0.0148623853211009,0.35651376146789,0.104954128440367,0.320733944954128
191773.411807,2663366.126422,0.017978352595854,0.287837094111172,0.106402494955054,0.267657310585214,0.12126215373326,0.198862594019446
192273.411807,2663366.126422,0.0342490842490843,0.619413919413919,0.000183150183150183,0.117948717948718,0.0179487179487179,0.21025641025641
192773.411807,2663366.126422,0.0289908256880734,0.699082568807339,0,0.186422018348624,0.0185321100917431,0.0669724770642202
193273.411807,2663366.126422,0.0405430196294258,0.447073931388736,0.0181618051733627,0.343973582828839,0.0713630526508897,0.078884608328747
193773.411807,2663366.126422,0.0152014652014652,0.655860805860806,0.000732600732600733,0.221062271062271,0.0393772893772894,0.0677655677655678
194273.411807,2663366.126422,0.0222018348623853,0.676880733944954,0.00055045871559633,0.131926605504587,0.0458715596330275,0.12256880733945
194773.411807,2663366.126422,0.0442120711796001,0.450926435516419,0.000183452577508714,0.368372775637498,0.0689781691432765,0.067327095945698
195273.411807,2663366.126422,0.0450549450549451,0.483150183150183,0.00146520146520147,0.361904761904762,0.0472527472527473,0.0611721611721612
195773.411807,2663366.126422,0.0207339449541284,0.697064220183486,0,0.178532110091743,0.0447706422018349,0.0588990825688073
196273.411807,2663366.126422,0.0187121629058888,0.740598055402678,0,0.205833791964777,0.0216474041460283,0.0132085855806274
196773.411807,2663366.126422,0.0128205128205128,0.85970695970696,0.0032967032967033,0.0446886446886447,0.0179487179487179,0.0615384615384615
197273.411807,2663366.126422,0.0165137614678899,0.668807339449541,0.00880733944954129,0.180550458715596,0.0304587155963303,0.0948623853211009
197773.411807,2663366.126422,0.0201797835259585,0.654558796551092,0.00183452577508714,0.0753990093560815,0.0350394423041644,0.212988442487617
198273.411807,2663366.126422,0.0249084249084249,0.523076923076923,0.0472527472527473,0.139377289377289,0.0534798534798535,0.211904761904762
198773.411807,2663366.126422,0.0376146788990826,0.448256880733945,0.00073394495412844,0.326238532110092,0.0957798165137615,0.0913761467889908
186773.411807,2662866.126422,0.0353479853479853,0.694871794871795,0,0.209340659340659,0.0263736263736264,0.0340659340659341
187273.411807,2662866.126422,0,0.373809523809524,0.0135531135531136,0.296520146520147,0.0919413919413919,0.224175824175824
187773.411807,2662866.126422,0,0.315731573157316,0.0317198386505317,0.582141547488082,0.0286028602860286,0.0418041804180418
188273.411807,2662866.126422,0.00970695970695971,0.177472527472527,0.0043956043956044,0.744139194139194,0.0408424908424908,0.0234432234432234
188773.411807,2662866.126422,0.00989010989010989,0.082967032967033,0.0256410256410256,0.791391941391941,0.0465201465201465,0.0435897435897436
189273.411807,2662866.126422,0.0621562156215622,0.213604693802714,0.00513384671800513,0.666483314998166,0.0342867620095343,0.0183351668500183
189773.411807,2662866.126422,0.0761904761904762,0.13040293040293,0.0397435897435897,0.487362637362637,0.126556776556777,0.13974358974359
190273.411807,2662866.126422,0.00531135531135531,0.328205128205128,0.0906593406593407,0.307875457875458,0.0868131868131868,0.181135531135531
190773.411807,2662866.126422,0.011001100110011,0.193986065273194,0.00238357169050238,0.137880454712138,0.0869086908690869,0.567840117345068
191273.411807,2662866.126422,0.0498168498168498,0.155494505494505,0.00146520146520147,0.121978021978022,0.056959706959707,0.614285714285714
191773.411807,2662866.126422,0.0192307692307692,0.275641025641026,0.0195970695970696,0.274542124542125,0.0675824175824176,0.343406593406593
192273.411807,2662866.126422,0.0385038503850385,0.554822148881555,0.00898423175650898,0.212504583791712,0.0804913824715805,0.104693802713605
192773.411807,2662866.126422,0.0510989010989011,0.455860805860806,0,0.252014652014652,0.0851648351648352,0.155860805860806
193273.411807,2662866.126422,0.0683150183150183,0.44047619047619,0,0.298717948717949,0.0754578754578755,0.117032967032967
193773.411807,2662866.126422,0.0355702236890356,0.574990832416575,0,0.184268426842684,0.0473047304730473,0.157865786578658
194273.411807,2662866.126422,0.0283882783882784,0.522527472527473,0,0.262820512820513,0.0776556776556777,0.108608058608059
194773.411807,2662866.126422,0.0467032967032967,0.442857142857143,0.00256410256410256,0.399450549450549,0.0476190476190476,0.0608058608058608
195273.411807,2662866.126422,0.0333700036670334,0.624862486248625,0,0.248808214154749,0.0445544554455446,0.0484048404840484
195773.411807,2662866.126422,0.045970695970696,0.64010989010989,0.00805860805860806,0.23992673992674,0.0346153846153846,0.0313186813186813
196273.411807,2662866.126422,0.0208791208791209,0.795787545787546,0.00128205128205128,0.0895604395604396,0.0197802197802198,0.0727106227106227
196773.411807,2662866.126422,0.0438210487715438,0.543454345434543,0.00055005500550055,0.217271727172717,0.0410707737440411,0.153832049871654
197273.411807,2662866.126422,0.0498168498168498,0.587912087912088,0,0.122344322344322,0.060989010989011,0.178937728937729
197773.411807,2662866.126422,0.0331501831501832,0.479304029304029,0.00384615384615385,0.197985347985348,0.0769230769230769,0.208791208791209
198273.411807,2662866.126422,0.0476714338100477,0.379354602126879,0.050971763843051,0.297213054638797,0.0832416574990832,0.141547488082142
198773.411807,2662866.126422,0.0175824175824176,0.58040293040293,0.00238095238095238,0.225091575091575,0.0587912087912088,0.115750915750916
186773.411807,2662366.126422,0.00660671682877592,0.774821068085887,0,0.17856487428886,0.0299137456414021,0.0100935951550743
187273.411807,2662366.126422,0.00898587933247754,0.541720154043646,0.00311754997249221,0.161195672107097,0.075187969924812,0.209792774619476
187773.411807,2662366.126422,0.0337181601612608,0.134139637163277,0.103353490929082,0.704416345977643,0.0159428257284222,0.00842954004031519
188273.411807,2662366.126422,0.0379886217654616,0.134703615342265,0.0194531106625069,0.724720132134337,0.0405579005322077,0.0425766195632226
188773.411807,2662366.126422,0.0177883733724555,0.111131487254722,0.0221896203924445,0.776269943150559,0.04401247019989,0.0286081056299285
189273.411807,2662366.126422,0.164376030786146,0.315374748030053,0.000916254352208173,0.412131207623236,0.0630382994319223,0.0441634597764339
189773.411807,2662366.126422,0.0277115066984768,0.187006790236741,0.100385391815012,0.394567810607451,0.125894659570563,0.164433841071756
190273.411807,2662366.126422,0.0280579497524299,0.250504309554374,0.0240234733174399,0.36787089675408,0.0742710434623143,0.255272327159362
190773.411807,2662366.126422,0.0437969580355507,0.280557082646143,0.00238226131574125,0.15356422943009,0.0754993586219534,0.444200109950522
191273.411807,2662366.126422,0.012846393833731,0.168287759221876,0,0.0526702147182969,0.0262433474031932,0.739952284822903
191773.411807,2662366.126422,0.0553823583348615,0.134604804694663,0.00201723821749496,0.452961672473868,0.079589216944801,0.275444709334311
192273.411807,2662366.126422,0.0229063588052043,0.137621403701668,0.000733003481766538,0.758475352757926,0.0403151914971596,0.0399486897562763
192773.411807,2662366.126422,0.0702881262616994,0.175445035786383,0,0.463387777573867,0.140025692787667,0.150853367590384
193273.411807,2662366.126422,0.0234733174399413,0.331010452961672,0.000733541169998166,0.439574546121401,0.0614340729873464,0.143774069319641
193773.411807,2662366.126422,0.0408649441084845,0.428623785962983,0.00348176653839106,0.378046545721092,0.0749496060106286,0.0740333516584204
194273.411807,2662366.126422,0.0245916681959993,0.696458065700128,0.000367039823820885,0.174710956138741,0.0436777390346853,0.0601945311066251
194773.411807,2662366.126422,0.0218228498074454,0.841921877865395,0.00825233816247937,0.0517146524848707,0.0113698881349716,0.0649183935448377
195273.411807,2662366.126422,0.021073850100788,0.757925600146601,0,0.144401685908008,0.0377496793109767,0.0388491845336265
195773.411807,2662366.126422,0.0185355111029547,0.827124242980363,0.000367039823820885,0.0902917966599376,0.0167003119838502,0.0469810974490732
196273.411807,2662366.126422,0.0368604437924078,0.683293599853292,0.000366770584999083,0.150559325142124,0.0326425820649184,0.0962772785622593
196773.411807,2662366.126422,0.0350009162543522,0.485614806670332,0.000366501740883269,0.223932563679677,0.0623052959501558,0.1927799157046
197273.411807,2662366.126422,0.0124793540099101,0.716278216186456,0,0.105890989172325,0.0429436593870435,0.122407781244265
197773.411807,2662366.126422,0.00843572345497891,0.405648267008986,0,0.0856409315972859,0.0511644966073721,0.449110581331377
198273.411807,2662366.126422,0.0555250137438153,0.190764156129742,0.0227231079347627,0.198643943558732,0.105735752244823,0.426608026388125
198773.411807,2662366.126422,0.0950633143696091,0.4604514589833,0,0.143879610937787,0.0814828408882364,0.219122774821068
186773.411807,2661866.126422,0.0146788990825688,0.847706422018349,0,0.0684403669724771,0.0143119266055046,0.0548623853211009
187273.411807,2661866.126422,0.060906255732893,0.274995413685562,0.00183452577508714,0.433314988075582,0.0979636763896533,0.130985140341222
187773.411807,2661866.126422,0.0282051282051282,0.102380952380952,0.113369963369963,0.651648351648352,0.0565934065934066,0.0478021978021978
188273.411807,2661866.126422,0.0486238532110092,0.0944954128440367,0.0574311926605505,0.72,0.0394495412844037,0.04
188773.411807,2661866.126422,0.108237020730141,0.234268941478628,0.00623738763529628,0.542469271693267,0.0561364887176665,0.0526508897450009
189273.411807,2661866.126422,0.000549450549450549,0.39981684981685,0.00164835164835165,0.393406593406593,0.0413919413919414,0.163186813186813
189773.411807,2661866.126422,0.00678899082568807,0.159633027522936,0.0247706422018349,0.45045871559633,0.0458715596330275,0.312477064220184
190273.411807,2661866.126422,0.0464135021097046,0.346541918913961,0.001284168042561,0.194092827004219,0.0702623371858375,0.341405246743717
190773.411807,2661866.126422,0.0534798534798535,0.325457875457875,0,0.142490842490842,0.0567765567765568,0.421794871794872
191273.411807,2661866.126422,0.0592660550458716,0.344220183486239,0,0.242018348623853,0.129724770642202,0.224770642201835
191773.411807,2661866.126422,0.113190240322877,0.0291689598238855,0.000733810310034856,0.464868831407081,0.102916895982389,0.289121262153733
192273.411807,2661866.126422,0.0423076923076923,0.0446886446886447,0.00952380952380952,0.792490842490842,0.0734432234432234,0.0375457875457875
192773.411807,2661866.126422,0.0242201834862385,0.0603669724770642,0.00752293577981651,0.755963302752294,0.0744954128440367,0.0774311926605505
193273.411807,2661866.126422,0.0152265639332233,0.0465969546872134,0.00220143093010457,0.815813612181251,0.0495321959273528,0.0706292423408549
193773.411807,2661866.126422,0.0201465201465201,0.435347985347985,0.000366300366300366,0.445238095238095,0.0384615384615385,0.0604395604395604
194273.411807,2661866.126422,0.0447706422018349,0.579082568807339,0.000917431192660551,0.17394495412844,0.0653211009174312,0.135963302752294
194773.411807,2661866.126422,0.0254999082737112,0.728123280132086,0.00146762062006971,0.175564116675839,0.0355898000366905,0.0337552742616034
195273.411807,2661866.126422,0.0311355311355311,0.626190476190476,0,0.150915750915751,0.117216117216117,0.0745421245421245
195773.411807,2661866.126422,0.0374311926605505,0.46348623853211,0.0073394495412844,0.32,0.0772477064220184,0.0944954128440367
196273.411807,2661866.126422,0.02568336085122,0.628875435699872,0.000366905155017428,0.136672170243992,0.0709961474958723,0.137405980554027
196773.411807,2661866.126422,0.0457875457875458,0.611538461538462,0.00128205128205128,0.171794871794872,0.0763736263736264,0.0932234432234432
197273.411807,2661866.126422,0.0258715596330275,0.722201834862385,0.00330275229357798,0.121651376146789,0.0372477064220183,0.0897247706422018
197773.411807,2661866.126422,0.0355898000366905,0.490185287103284,0.00440286186020914,0.259218492019813,0.0653091175931022,0.145294441386901
198273.411807,2661866.126422,0.0357142857142857,0.33956043956044,0.0450549450549451,0.183699633699634,0.0531135531135531,0.342857142857143
198773.411807,2661866.126422,0.0794495412844037,0.23394495412844,0.0526605504587156,0.305321100917431,0.122018348623853,0.206605504587156
189773.411807,2661366.126422,0.0373626373626374,0.295421245421245,0.163736263736264,0.283699633699634,0.0673992673992674,0.152380952380952
190273.411807,2661366.126422,0.015018315018315,0.475274725274725,0.0857142857142857,0.105860805860806,0.0534798534798535,0.264652014652015
190773.411807,2661366.126422,0.0185185185185185,0.506600660066007,0.000733406674000733,0.138247158049138,0.0573890722405574,0.278511184451779
191273.411807,2661366.126422,0.0582417582417582,0.345054945054945,0.000183150183150183,0.154212454212454,0.0968864468864469,0.345421245421245
