"x","y","forest","agri","water","built","other","grass"
280273.411807,2779366.126422,0.0210893086374473,0.0300751879699248,0.055198973042362,0.756647716853108,0.0320924261874198,0.104896387309738
280773.411807,2779366.126422,0.0546087593916071,0.0842954004031519,0.0328019058090526,0.351475169507055,0.123694337548103,0.35312442734103
281273.411807,2779366.126422,0.193062947329785,0.106258028996146,0.0104606349788952,0.343549275096348,0.0919434758671316,0.254725637731694
281773.411807,2779366.126422,0.0317256556024207,0.0907757197872731,0.200990280579498,0.41206675224647,0.0713368787823217,0.193104713002017
282273.411807,2779366.126422,0.0042147700201576,0.0458127176104087,0.194978926149899,0.370533260032985,0.168407549935862,0.216052776250687
282773.411807,2779366.126422,0.0363369425582676,0.034868783262984,0.0972655533125344,0.235272527069187,0.0710222059093412,0.525233987887686
283273.411807,2779366.126422,0.0487804878048781,0.0276911791674308,0.0300751879699248,0.218778653951953,0.0827067669172932,0.59196772418852
283773.411807,2779366.126422,0.24995418728239,0.034084661902144,0.00384826827927433,0.210188748396555,0.0573575224482316,0.444566611691406
284273.411807,2779366.126422,0.299320976325931,0.00495503762158194,0.000550559735731327,0.0185355111029547,0.0229399889888053,0.653697926224995
284773.411807,2779366.126422,0.472217128186319,0.0128369704749679,0,0.0150375939849624,0.0372272143774069,0.462681092976343
285273.411807,2779366.126422,0.741249770936412,0.000183250870441635,0,0.0053142752428074,0.00733003481766538,0.245922668132674
285773.411807,2779366.126422,0.494035602862911,0.00238575885483575,0,0.0271609469627455,0.0271609469627455,0.449256744356763
286273.411807,2779366.126422,0.513112048413717,0.000183385292499542,0,0.0194388410049514,0.0265908674124335,0.440674857876398
286773.411807,2779366.126422,0.65695437053326,0.00366501740883269,0.000733003481766538,0.00348176653839106,0.0100787978742899,0.32508704416346
287273.411807,2779366.126422,0.298219856854469,0.00458799779776106,0,0.0144980730409249,0.0363369425582676,0.646357129748578
287773.411807,2779366.126422,0.445354491937548,0.0204760685948298,0,0.0698745840798567,0.0698745840798567,0.394420271307909
275273.411807,2778866.126422,0.024390243902439,0.0514607343875637,0.00348432055749129,0.20852318413294,0.197802197802198,0.514339319217368
275773.411807,2778866.126422,0.0473307649972482,0.0198128783709411,0.00476976701522656,0.237571087873785,0.177582095028435,0.512933406714364
276273.411807,2778866.126422,0.0250915750915751,0.0159340659340659,0.00183150183150183,0.414468864468864,0.0840659340659341,0.458608058608059
276773.411807,2778866.126422,0.0163302752293578,0.0651376146788991,0.00165137614678899,0.203302752293578,0.0970642201834862,0.61651376146789
277273.411807,2778866.126422,0.0165107319757843,0.0377912309667951,0.226563933223262,0.197028068244359,0.060906255732893,0.461199779856907
277773.411807,2778866.126422,0.00512820512820513,0.0428571428571429,0.423992673992674,0.208791208791209,0.0882783882783883,0.230952380952381
279773.411807,2778866.126422,0.119082568807339,0.00972477064220183,0.00110091743119266,0.0629357798165138,0.0629357798165138,0.744220183486239
280273.411807,2778866.126422,0.0935608145294441,0.0207301412584847,0.00165107319757843,0.487983856173179,0.177398642450926,0.218675472390387
280773.411807,2778866.126422,0.166666666666667,0.0168498168498168,0,0.0393772893772894,0.0293040293040293,0.747802197802198
281273.411807,2778866.126422,0.191743119266055,0.00220183486238532,0,0.00880733944954129,0.0148623853211009,0.782385321100917
281773.411807,2778866.126422,0.220326545587966,0.00532012474775271,0,0.00733810310034856,0.0198128783709411,0.747202348192992
282273.411807,2778866.126422,0.370879120879121,0.0304029304029304,0.000183150183150183,0.0706959706959707,0.0397435897435897,0.488095238095238
282773.411807,2778866.126422,0.06,0.0187155963302752,0.0220183486238532,0.0108256880733945,0.035045871559633,0.853394495412844
283273.411807,2778866.126422,0.524857824252431,0,0,0.00348559897266557,0.00495321959273528,0.466703357182168
283773.411807,2778866.126422,0.42967032967033,0.00622710622710623,0,0.028021978021978,0.0271062271062271,0.508974358974359
284273.411807,2778866.126422,0.417064220183486,0.0209174311926606,0,0.0422018348623853,0.0627522935779816,0.457064220183486
284773.411807,2778866.126422,0.649422124380848,0.00201797835259585,0,0.00201797835259585,0.00458631443771785,0.341955604476243
285273.411807,2778866.126422,0.46959706959707,0.0032967032967033,0,0.00128205128205128,0.00164835164835165,0.524175824175824
285773.411807,2778866.126422,0.401284403669725,0.0073394495412844,0,0.0251376146788991,0.0486238532110092,0.517614678899083
286273.411807,2778866.126422,0.561915244909191,0.000183452577508714,0,0.0172445422858191,0.0144927536231884,0.406164006604293
286773.411807,2778866.126422,0.397069597069597,0.0139194139194139,0,0.108791208791209,0.105860805860806,0.374358974358974
287273.411807,2778866.126422,0.126788990825688,0.0122935779816514,0,0.236330275229358,0.140183486238532,0.484403669724771
287773.411807,2778866.126422,0.304737516005122,0.0163892445582586,0,0.0332906530089629,0.0507042253521127,0.594878361075544
275273.411807,2778366.126422,0.0147137506688068,0.0353130016051364,0.0176565008025682,0.502140181915463,0.174157303370787,0.256019261637239
275773.411807,2778366.126422,0.0452380952380952,0.0919413919413919,0.000549450549450549,0.235714285714286,0.114835164835165,0.511721611721612
276273.411807,2778366.126422,0.0267693436010268,0.0517051705170517,0.0139347268060139,0.651265126512651,0.0744407774110744,0.181884855152182
276773.411807,2778366.126422,0.0498168498168498,0.0450549450549451,0.00256410256410256,0.575274725274725,0.131501831501832,0.195787545787546
277273.411807,2778366.126422,0.0926739926739927,0.0355311355311355,0.000549450549450549,0.326556776556777,0.170512820512821,0.374175824175824
277773.411807,2778366.126422,0.0381371470480381,0.00696736340300697,0,0.0966263292995966,0.0704070407040704,0.787862119545288
278273.411807,2778366.126422,0.0214285714285714,0,0,0,0.000915750915750916,0.977655677655678
278773.411807,2778366.126422,0.078021978021978,0.0032967032967033,0,0.109157509157509,0.0375457875457875,0.771978021978022
279273.411807,2778366.126422,0.357352401906857,0.00165016501650165,0,0.0155848918225156,0.0284195086175284,0.596993032636597
279773.411807,2778366.126422,0.298901098901099,0.0032967032967033,0.0173992673992674,0.0113553113553114,0.00531135531135531,0.663736263736264
280273.411807,2778366.126422,0.238644688644689,0.00476190476190476,0.0399267399267399,0.0141025641025641,0.0243589743589744,0.678205128205128
280773.411807,2778366.126422,0.147414741474147,0.0320865419875321,0.000183351668500183,0.0174184085075174,0.0344701136780345,0.768426842684268
281273.411807,2778366.126422,0.346153846153846,0.00164835164835165,0.00604395604395604,0.0507326007326007,0.095970695970696,0.499450549450549
281773.411807,2778366.126422,0.586446886446886,0.00256410256410256,0.000183150183150183,0.00641025641025641,0.0179487179487179,0.386446886446886
282273.411807,2778366.126422,0.601026769343601,0.00586725339200587,0.00238357169050238,0.000183351668500183,0.0022002200220022,0.388338833883388
282773.411807,2778366.126422,0.148717948717949,0.0168498168498168,0.0626373626373626,0.0417582417582418,0.0463369963369963,0.683699633699634
283273.411807,2778366.126422,0.73021978021978,0.00164835164835165,0,0.00183150183150183,0.0104395604395604,0.255860805860806
283773.411807,2778366.126422,0.882104877154382,0,0,0,0,0.117895122845618
284273.411807,2778366.126422,0.718131868131868,0.000366300366300366,0,0.00402930402930403,0.0126373626373626,0.264835164835165
284773.411807,2778366.126422,0.50018315018315,0.0254578754578755,0,0.013003663003663,0.0221611721611722,0.439194139194139
285273.411807,2778366.126422,0.665199853318665,0.000183351668500183,0,0.00385038503850385,0.00531719838650532,0.325449211587825
285773.411807,2778366.126422,0.691208791208791,0,0,0.0043956043956044,0.00934065934065934,0.295054945054945
286273.411807,2778366.126422,0.628205128205128,0.000549450549450549,0,0.00421245421245421,0.0131868131868132,0.353846153846154
286773.411807,2778366.126422,0.560872753942061,0.0359369270260359,0,0.00898423175650898,0.0221855518885222,0.372020535386872
287273.411807,2778366.126422,0.632051282051282,0.000183150183150183,0,0.0380952380952381,0.0485347985347985,0.281135531135531
287773.411807,2778366.126422,0.529035558966488,0.00409311844461499,0,0.163213097979023,0.0662573548222052,0.237400869787669
275273.411807,2777866.126422,0.0854540583980713,0.0471470667023841,0.00428609697294401,0.454058398071256,0.142512724350388,0.266541655504956
275773.411807,2777866.126422,0.0335595085274161,0.048413717219879,0.00348432055749129,0.59618558591601,0.137905739959655,0.180451127819549
276273.411807,2777866.126422,0.0130108118013561,0.126076598863845,0.01905809052593,0.698918819864394,0.0780648708081363,0.0648708081363387
276773.411807,2777866.126422,0.0433106992108644,0.0789135621214902,0.0163332721600294,0.687832629840338,0.11213066617728,0.0614791704899982
277273.411807,2777866.126422,0.0689528699798276,0.0874747845222813,0.00146708233999633,0.330276911791674,0.152576563359619,0.359251788006602
277773.411807,2777866.126422,0.0875939160711013,0.040131940626718,0.00128275609309144,0.495327102803738,0.134139637163277,0.241524647242074
278273.411807,2777866.126422,0.0890071572765645,0.036520462470178,0,0.0400073407964764,0.0297302257294917,0.804734813727289
278773.411807,2777866.126422,0.155143957454612,0,0,0.0022006235099945,0.000916926462497708,0.841738492572896
279273.411807,2777866.126422,0.163093274693055,0.00787978742899029,0.0117280557082646,0.0395821880153931,0.0820963899578523,0.695620304196445
279773.411807,2777866.126422,0.419526518627271,0.00917599559552211,0.00880895577170123,0.0121123141860892,0.0167003119838502,0.533675903835566
280273.411807,2777866.126422,0.350265908674124,0.000183385292499542,0,0,0.00110031175499725,0.648450394278379
280773.411807,2777866.126422,0.172072567344695,0.0295033901411032,0.00183250870441635,0.043613707165109,0.0778816199376947,0.675096206706982
281273.411807,2777866.126422,0.301156175445036,0.0392732611488346,0,0.0167003119838502,0.0412919801798495,0.60157827124243
281773.411807,2777866.126422,0.287181368054282,0.0198056115899505,0.00238400880249404,0.0429121584448927,0.0869246286447827,0.560792224463598
282273.411807,2777866.126422,0.765072384093824,0.00256551218618288,0,0.00806303829943192,0.0199743448781382,0.204324720542423
282773.411807,2777866.126422,0.878509818315287,0.000367039823820885,0,0.00220223894292531,0.00568911726922371,0.113231785648743
283273.411807,2777866.126422,0.801393728222996,0.000183385292499542,0,0.00110031175499725,0.00770218228498074,0.189620392444526
283773.411807,2777866.126422,0.567344694887301,0.000549752611324904,0,0.00201575957485798,0.00916254352208173,0.420927249404435
284273.411807,2777866.126422,0.591117636263535,0.00165167920719398,0,0.00789135621214902,0.0300972655533125,0.36924206276381
284773.411807,2777866.126422,0.690629011553273,0.00146708233999633,0,0.00476801760498808,0.0128369704749679,0.290298918026774
285273.411807,2777866.126422,0.554700384826828,0.00109950522264981,0,0.00256551218618288,0.00787978742899029,0.433754810335349
285773.411807,2777866.126422,0.576436043310699,0.000917599559552211,0,0.00550559735731327,0.0124793540099101,0.404661405762525
286273.411807,2777866.126422,0.628461397395929,0,0,0.00458463231248854,0.00568494406748579,0.361269026224097
286773.411807,2777866.126422,0.531794026021624,0.000733003481766538,0,0.0130108118013561,0.0370166758292102,0.417445482866044
287273.411807,2777866.126422,0.707652780326665,0.00293631859056708,0,0.0119287942741787,0.00972655533125344,0.267755551477335
287773.411807,2777866.126422,0.75275147171743,0.00127975428717686,0,0.0273867417455848,0.0278986434604556,0.190683388789352
275273.411807,2777366.126422,0.0182256767622621,0.155722326454034,0.0171535781291879,0.0940766550522648,0.113374430447601,0.60144733315465
275773.411807,2777366.126422,0.0392588515868648,0.0403595670519171,0.00513667217024399,0.476976701522656,0.0937442671069529,0.344523940561365
276273.411807,2777366.126422,0.0256410256410256,0.127472527472527,0.00567765567765568,0.589194139194139,0.113186813186813,0.138827838827839
276773.411807,2777366.126422,0.0196330275229358,0.0625688073394495,0.00862385321100917,0.786605504587156,0.0425688073394495,0.08
277273.411807,2777366.126422,0.0365070629242341,0.102549990827371,0.001284168042561,0.565951201614383,0.115942028985507,0.177765547605944
277773.411807,2777366.126422,0.141208791208791,0.121245421245421,0.000366300366300366,0.111538461538462,0.078021978021978,0.547619047619048
278273.411807,2777366.126422,0.258348623853211,0.0106422018348624,0.00623853211009174,0.00018348623853211,0.00458715596330275,0.72
278773.411807,2777366.126422,0.249495505411851,0,0,0.00165107319757843,0.00293524124013942,0.745918180150431
279273.411807,2777366.126422,0.203846153846154,0.000549450549450549,0,0.00567765567765568,0.0208791208791209,0.769047619047619
279773.411807,2777366.126422,0.399816513761468,0.0411009174311927,0.0264220183486239,0.00422018348623853,0.0198165137614679,0.508623853211009
280273.411807,2777366.126422,0.369840396257567,0.0975967712346359,0.000550357732526142,0.00440286186020914,0.023115024766098,0.504494588148964
280773.411807,2777366.126422,0.202380952380952,0.00750915750915751,0,0.00476190476190476,0.0100732600732601,0.775274725274725
281273.411807,2777366.126422,0.530091743119266,0,0,0.00807339449541284,0.00807339449541284,0.453761467889908
281773.411807,2777366.126422,0.690698954320308,0.002568336085122,0,0.00843881856540084,0.0420106402494955,0.256283250779673
282273.411807,2777366.126422,0.563186813186813,0.000915750915750916,0,0.0203296703296703,0.0652014652014652,0.3503663003663
282773.411807,2777366.126422,0.353577981651376,0.00348623853211009,0,0.00844036697247706,0.0363302752293578,0.598165137614679
283273.411807,2777366.126422,0.748303063658044,0.00238488350761328,0,0.00642084021280499,0.024399192808659,0.218492019812878
283773.411807,2777366.126422,0.797985347985348,0.00183150183150183,0,0.000366300366300366,0.00274725274725275,0.197069597069597
284273.411807,2777366.126422,0.666605504587156,0.0018348623853211,0,0.0695412844036697,0.0726605504587156,0.189357798165138
284773.411807,2777366.126422,0.806640983305815,0,0,0.0113740598055403,0.0207301412584847,0.16125481563016
285273.411807,2777366.126422,0.792490842490842,0.000732600732600733,0,0.00421245421245421,0.0124542124542125,0.19010989010989
285773.411807,2777366.126422,0.681467889908257,0.00110091743119266,0,0.0181651376146789,0.0152293577981651,0.284036697247706
286273.411807,2777366.126422,0.689414786277747,0.000366905155017428,0,0.00165107319757843,0.00385250412768299,0.304714731241974
286773.411807,2777366.126422,0.589010989010989,0.00201465201465201,0,0.00641025641025641,0.021978021978022,0.380586080586081
287273.411807,2777366.126422,0.531926605504587,0.00128440366972477,0,0.0555963302752294,0.0486238532110092,0.36256880733945
287773.411807,2777366.126422,0.628681177976953,0.000256081946222791,0,0.00614596670934699,0.0169014084507042,0.348015364916773
275273.411807,2776866.126422,0.07035848047084,0.0462814339218834,0.0222043873729267,0.161851257356875,0.141519529159979,0.557784911717496
275773.411807,2776866.126422,0.0532967032967033,0.00842490842490842,0.0010989010989011,0.245604395604396,0.107326007326007,0.584249084249084
276273.411807,2776866.126422,0.0905757242390906,0.105610561056106,0.000183351668500183,0.267693436010268,0.123395672900623,0.412541254125413
276773.411807,2776866.126422,0.0582417582417582,0.171611721611722,0.00384615384615385,0.211355311355311,0.0730769230769231,0.481868131868132
277273.411807,2776866.126422,0.100732600732601,0.19981684981685,0.00293040293040293,0.193223443223443,0.102747252747253,0.400549450549451
277773.411807,2776866.126422,0.0608727539420609,0.0630729739640631,0.00238357169050238,0.410524385771911,0.125045837917125,0.338100476714338
278273.411807,2776866.126422,0.447985347985348,0.00256410256410256,0.00512820512820513,0.028021978021978,0.0183150183150183,0.497985347985348
278773.411807,2776866.126422,0.104029304029304,0.000732600732600733,0,0.030952380952381,0.0324175824175824,0.831868131868132
279273.411807,2776866.126422,0.297579757975798,0.000183351668500183,0,0.0192519251925193,0.0271360469380271,0.655848918225156
279773.411807,2776866.126422,0.770879120879121,0.000549450549450549,0,0.00622710622710623,0.00879120879120879,0.213553113553114
280273.411807,2776866.126422,0.612637362637363,0.0010989010989011,0,0.00641025641025641,0.0175824175824176,0.362271062271062
280773.411807,2776866.126422,0.563256325632563,0,0,0.00055005500550055,0.00275027502750275,0.433443344334433
281273.411807,2776866.126422,0.176007326007326,0.0695970695970696,0.0293040293040293,0.00256410256410256,0.0122710622710623,0.71025641025641
281773.411807,2776866.126422,0.135347985347985,0.0183150183150183,0.00256410256410256,0.0454212454212454,0.107142857142857,0.691208791208791
282273.411807,2776866.126422,0.485148514851485,0.0152181884855152,0.00531719838650532,0.0104510451045105,0.0198019801980198,0.464063072973964
282773.411807,2776866.126422,0.882783882783883,0.000183150183150183,0,0.00476190476190476,0.00769230769230769,0.104578754578755
283273.411807,2776866.126422,0.480952380952381,0.000366300366300366,0,0.00402930402930403,0.0208791208791209,0.493772893772894
283773.411807,2776866.126422,0.724605793912725,0.00201686835350202,0,0.0364869820315365,0.0572057205720572,0.17968463513018
284273.411807,2776866.126422,0.65970695970696,0.00384615384615385,0,0.0644688644688645,0.0481684981684982,0.223809523809524
284773.411807,2776866.126422,0.559340659340659,0.00494505494505494,0,0.108241758241758,0.0860805860805861,0.241391941391941
285273.411807,2776866.126422,0.803630363036304,0,0,0.00201686835350202,0.00366703337000367,0.190685735240191
285773.411807,2776866.126422,0.684615384615385,0.00128205128205128,0,0.0269230769230769,0.0391941391941392,0.247985347985348
286273.411807,2776866.126422,0.598901098901099,0.000366300366300366,0,0.0181318681318681,0.0468864468864469,0.335714285714286
286773.411807,2776866.126422,0.36963696369637,0.0100843417675101,0,0.00843417675100843,0.0432709937660433,0.568573524019069
287273.411807,2776866.126422,0.345238095238095,0.0173992673992674,0,0.105494505494505,0.103113553113553,0.428754578754579
287773.411807,2776866.126422,0.636479918137631,0.00383729854182655,0,0.0616525965720133,0.0483499616270146,0.249680225121514
275273.411807,2776366.126422,0.013126171979641,0.131529600857219,0.0822394856683632,0.340744709349049,0.0771497455129922,0.355210286632735
275773.411807,2776366.126422,0.0284247203374289,0.0278745644599303,0.0221896203924445,0.741976893453145,0.111314872547222,0.0682193288098294
276273.411807,2776366.126422,0.0428807036833425,0.196628183983874,0.000183250870441635,0.112882536192047,0.0489279824079164,0.598497342862379
276773.411807,2776366.126422,0.039823820884566,0.133235456046981,0.00293631859056708,0.32795008258396,0.140209212699578,0.355845109194348
277273.411807,2776366.126422,0.0139372822299652,0.01998899688245,0.0022006235099945,0.868696130570328,0.0740876581698148,0.0210893086374473
277773.411807,2776366.126422,0.130108118013561,0.129558365402236,0.00568077698369067,0.227047828477185,0.10756826094924,0.400036650174088
278273.411807,2776366.126422,0.274362268306111,0.00330335841438796,0.00752431638832813,0.058909891723252,0.0376215819416407,0.61827858322628
278773.411807,2776366.126422,0.112231799009719,0.00348432055749129,0.0251237850724372,0.0286081056299285,0.041995231982395,0.788556757748029
279273.411807,2776366.126422,0.267729521715228,0.00568077698369067,0,0.0163093274693055,0.0535092541689573,0.656771119662818
279773.411807,2776366.126422,0.656634244815563,0.0047715177096715,0,0.017434391631492,0.0578087722517893,0.263351073591485
280273.411807,2776366.126422,0.754813863928113,0,0,0,0,0.245186136071887
280773.411807,2776366.126422,0.784496976360638,0.00311526479750779,0,0.000366501740883269,0.00659703133589885,0.205424225765072
281273.411807,2776366.126422,0.70967149935768,0,0,0.00220223894292531,0.000183519911910442,0.287942741787484
281773.411807,2776366.126422,0.404364569961489,0.0188886851274528,0.000183385292499542,0.00495140289748762,0.0115532734274711,0.5600586832936
282273.411807,2776366.126422,0.22979659153381,0.0371999266996518,0.0333516584203775,0.0124610591900312,0.0249221183800623,0.662268645776067
282773.411807,2776366.126422,0.570930445953386,0.000367039823820885,0,0.0244081482840888,0.058909891723252,0.345384474215452
283273.411807,2776366.126422,0.683476985145791,0.000183385292499542,0,0.0139372822299652,0.0223730056849441,0.2800293416468
283773.411807,2776366.126422,0.342312625984973,0.00989554700384827,0,0.00971229613340663,0.045629466739967,0.592450064137805
284273.411807,2776366.126422,0.449807304092494,0.00165167920719398,0,0.00293631859056708,0.0163332721600294,0.529271425949716
284773.411807,2776366.126422,0.489088575096277,0.00366770584999083,0,0.00916926462497708,0.0342930496974143,0.463781404731341
285273.411807,2776366.126422,0.423309510720176,0.0053142752428074,0,0.0117280557082646,0.036100421477002,0.52354773685175
285773.411807,2776366.126422,0.56010277115067,0.0218388695173426,0,0.0130299137456414,0.0451458983299688,0.359882547256377
286273.411807,2776366.126422,0.602604071153493,0.00183385292499542,0,0.0733541169998166,0.0383275261324042,0.28388043278929
286773.411807,2776366.126422,0.59299981674913,0.00348176653839106,0,0.0262048744731537,0.0386659336631849,0.338647608576141
287273.411807,2776366.126422,0.641035052303175,0.000367039823820885,0,0.0541383740135805,0.0563406129565058,0.248118920902918
287773.411807,2776366.126422,0.344765804965447,0,0,0.0836959303813668,0.0639877143588431,0.507550550294343
275273.411807,2775866.126422,0.026266416510319,0.0332350576253015,0.00107209863307424,0.567408201554543,0.137496649691772,0.234521575984991
275773.411807,2775866.126422,0.0603558980003669,0.0695285268758026,0.0603558980003669,0.361401577692167,0.0906255732893047,0.357732526141992
276273.411807,2775866.126422,0.104578754578755,0.188644688644689,0,0.342673992673993,0.107142857142857,0.256959706959707
276773.411807,2775866.126422,0.0515596330275229,0.231926605504587,0,0.258348623853211,0.14954128440367,0.308623853211009
277273.411807,2775866.126422,0.0286186020913594,0.0821867547239039,0.000366905155017428,0.514217574756925,0.1768482847184,0.197761878554394
277773.411807,2775866.126422,0.0347985347985348,0.0576923076923077,0.00201465201465201,0.515567765567766,0.188827838827839,0.201098901098901
278273.411807,2775866.126422,0.261651376146789,0.00917431192660551,0.00293577981651376,0.0269724770642202,0.0577981651376147,0.641467889908257
278773.411807,2775866.126422,0.476976701522656,0.0066042927903137,0.00532012474775271,0.119244175380664,0.0966795083470923,0.295175197211521
279273.411807,2775866.126422,0.355311355311355,0.0021978021978022,0,0.058974358974359,0.0826007326007326,0.500915750915751
279773.411807,2775866.126422,0.712110091743119,0.00532110091743119,0.00018348623853211,0.00440366972477064,0.013394495412844,0.264587155963303
280273.411807,2775866.126422,0.524124013942396,0.00623738763529628,0.00110071546505228,0.00697119794533113,0.0438451660245826,0.417721518987342
280773.411807,2775866.126422,0.724358974358974,0.000732600732600733,0,0.00146520146520147,0.00641025641025641,0.267032967032967
281273.411807,2775866.126422,0.589908256880734,0.00146788990825688,0,0.00568807339449541,0.0458715596330275,0.357064220183486
281773.411807,2775866.126422,0.768666299761512,0.000366905155017428,0,0.00091726288754357,0.0078884608328747,0.222161071363053
282273.411807,2775866.126422,0.795238095238095,0.000183150183150183,0,0.000732600732600733,0.00256410256410256,0.201282051282051
282773.411807,2775866.126422,0.76954128440367,0.00018348623853211,0,0.0119266055045872,0.013394495412844,0.204954128440367
283273.411807,2775866.126422,0.382498624105669,0.00421940928270042,0,0.188405797101449,0.223812144560631,0.201064024949551
283773.411807,2775866.126422,0.681684981684982,0.00457875457875458,0,0.00567765567765568,0.0179487179487179,0.29010989010989
284273.411807,2775866.126422,0.777798165137615,0.00073394495412844,0,0.00165137614678899,0.0124770642201835,0.207339449541284
284773.411807,2775866.126422,0.667400476976702,0.000183452577508714,0,0.00091726288754357,0.00770500825536599,0.32379379930288
285273.411807,2775866.126422,0.704578754578755,0,0,0.0106227106227106,0.0221611721611722,0.262637362637363
285773.411807,2775866.126422,0.528623853211009,0.0194495412844037,0,0.0229357798165138,0.0455045871559633,0.38348623853211
286273.411807,2775866.126422,0.578792882039993,0.0471473124197395,0,0.103834158869932,0.0504494588148963,0.219776187855439
286773.411807,2775866.126422,0.319413919413919,0.0695970695970696,0,0.317765567765568,0.165934065934066,0.127289377289377
287273.411807,2775866.126422,0.24605504587156,0.1,0.00256880733944954,0.21045871559633,0.101284403669725,0.339633027522936
287773.411807,2775866.126422,0.247887323943662,0.00921895006402049,0,0.30550576184379,0.167477592829706,0.269910371318822
275273.411807,2775366.126422,0.0390583199571964,0.0374531835205993,0,0.552969502407705,0.0973782771535581,0.273140716960942
275773.411807,2775366.126422,0.0580586080586081,0.0302197802197802,0.015018315018315,0.404212454212454,0.154029304029304,0.338461538461538
276273.411807,2775366.126422,0.0993766043270994,0.267143381004767,0.00806747341400807,0.13971397139714,0.123028969563623,0.362669600293363
276773.411807,2775366.126422,0.132417582417582,0.0734432234432234,0.00567765567765568,0.13003663003663,0.128571428571429,0.52985347985348
277273.411807,2775366.126422,0.0807692307692308,0.248901098901099,0.000549450549450549,0.248534798534799,0.165384615384615,0.255860805860806
277773.411807,2775366.126422,0.0572057205720572,0.23028969563623,0.0667400073340667,0.0612394572790612,0.173817381738174,0.410707737440411
278273.411807,2775366.126422,0.0404761904761905,0.201465201465201,0.0525641025641026,0.23003663003663,0.106043956043956,0.369413919413919
278773.411807,2775366.126422,0.036996336996337,0.0424908424908425,0.0043956043956044,0.42032967032967,0.112087912087912,0.383699633699634
279273.411807,2775366.126422,0.0869086908690869,0.110561056105611,0.0117345067840117,0.171250458379171,0.15988265493216,0.45966263292996
279773.411807,2775366.126422,0.176007326007326,0.0697802197802198,0,0.195970695970696,0.128388278388278,0.42985347985348
280273.411807,2775366.126422,0.243223443223443,0.0492673992673993,0.000549450549450549,0.0536630036630037,0.112637362637363,0.540659340659341
280773.411807,2775366.126422,0.365236523652365,0.00953428676200953,0.00366703337000367,0.0227356068940227,0.0487715438210488,0.55005500550055
281273.411807,2775366.126422,0.86978021978022,0.000732600732600733,0.000732600732600733,0.000549450549450549,0.00476190476190476,0.123443223443223
281773.411807,2775366.126422,0.623626373626374,0.0236263736263736,0,0.0106227106227106,0.0223443223443223,0.31978021978022
282273.411807,2775366.126422,0.715621562156216,0.00238357169050238,0,0.00935093509350935,0.0355702236890356,0.237073707370737
282773.411807,2775366.126422,0.821245421245421,0.00238095238095238,0,0.00860805860805861,0.0186813186813187,0.149084249084249
283273.411807,2775366.126422,0.642673992673993,0.000915750915750916,0,0.0173992673992674,0.0272893772893773,0.311721611721612
283773.411807,2775366.126422,0.573707370737074,0.0113678034470114,0,0.0210854418775211,0.0451045104510451,0.348734873487349
284273.411807,2775366.126422,0.688278388278388,0.000183150183150183,0,0.0122710622710623,0.0294871794871795,0.26978021978022
284773.411807,2775366.126422,0.454945054945055,0.0184981684981685,0.00274725274725275,0.165750915750916,0.16978021978022,0.188278388278388
285273.411807,2775366.126422,0.273377337733773,0.0088008800880088,0,0.195086175284195,0.165749908324166,0.356985698569857
285773.411807,2775366.126422,0.721428571428571,0.000915750915750916,0,0.00824175824175824,0.0184981684981685,0.250915750915751
286273.411807,2775366.126422,0.626190476190476,0.00531135531135531,0,0.060989010989011,0.0445054945054945,0.263003663003663
286773.411807,2775366.126422,0.475980931426476,0.132013201320132,0.000916758342500917,0.0968096809680968,0.137697103043638,0.156582324899157
287273.411807,2775366.126422,0.203479853479853,0.231501831501832,0.000366300366300366,0.205311355311355,0.23974358974359,0.11959706959707
287773.411807,2775366.126422,0.0874904067536454,0.143770785367102,0.0125351752366334,0.383985674085444,0.208493220772576,0.1637247377846
275273.411807,2774866.126422,0,0.00723278864184302,0.0297347977497991,0.184837931958211,0.0800964371818912,0.698098044468256
275773.411807,2774866.126422,0.0487804878048781,0.0350265908674124,0.00128369704749679,0.271226847606822,0.159545204474601,0.48413717219879
276273.411807,2774866.126422,0.0445299615173172,0.108301264431006,0.0192413413963716,0.422210005497526,0.218251786695987,0.187465640461792
276773.411807,2774866.126422,0.039823820884566,0.0484492567443568,0.0908423563956689,0.30299137456414,0.24903652046247,0.268856670948798
277273.411807,2774866.126422,0.0159545204474601,0.0282413350449294,0.0977443609022556,0.277645332844306,0.137905739959655,0.442508710801394
277773.411807,2774866.126422,0.0804471321238776,0.0859446582371266,0.0263881253435954,0.0317024005864028,0.0941909474070002,0.681326736301997
278273.411807,2774866.126422,0.0489998164800881,0.0491833363919985,0.0282620664342081,0.221141493852083,0.14094329234722,0.511469994494403
278773.411807,2774866.126422,0.0713368787823217,0.0607005318173482,0.0115532734274711,0.446359801943884,0.22006235099945,0.189987163029525
279273.411807,2774866.126422,0.0373831775700935,0.0923584387025838,0.0161260765988638,0.338464357705699,0.181418361737218,0.334249587685542
279773.411807,2774866.126422,0.0750596439713709,0.169388878693338,0.000550559735731327,0.168287759221876,0.134520095430354,0.45219306294733
280273.411807,2774866.126422,0.0696864111498258,0.137538969374656,0.00476801760498808,0.0669356317623327,0.0935264991747662,0.627544470933431
280773.411807,2774866.126422,0.156129741616273,0.0307861462341946,0.00549752611324904,0.0745831042697453,0.147700201575957,0.585303280190581
281273.411807,2774866.126422,0.18241879243898,0.0629473297852817,0.0012846393833731,0.0968985134887135,0.104422829877042,0.55202789502661
281773.411807,2774866.126422,0.645149459013387,0.0148542086924629,0,0.0383275261324042,0.0662020905923345,0.235466715569411
282273.411807,2774866.126422,0.939527212754261,0.000366501740883269,0,0.00384826827927433,0.0053142752428074,0.0509437419827744
282773.411807,2774866.126422,0.762892273811709,0,0,0.00697375665259681,0.009543035419343,0.220590934116352
283273.411807,2774866.126422,0.773885934348065,0,0,0.00550155877498625,0.00788556757748029,0.212726939299468
283773.411807,2774866.126422,0.704599596848085,0.000183250870441635,0,0.00787978742899029,0.0102620487447315,0.277075316107751
284273.411807,2774866.126422,0.536061662690402,0.00165167920719398,0,0.00770783630023858,0.0267939071389246,0.427784914663241
284773.411807,2774866.126422,0.617458279845956,0.00110031175499725,0,0.0216394645149459,0.0240234733174399,0.335778470566661
285273.411807,2774866.126422,0.30382994319223,0.0100787978742899,0.000916254352208173,0.220634048011728,0.17152281473337,0.293018141836174
285773.411807,2774866.126422,0.388328133602496,0.00183519911910442,0,0.274545788218022,0.175445035786383,0.159845843273995
286273.411807,2774866.126422,0.442508710801394,0.00366770584999083,0,0.183385292499542,0.079589216944801,0.290849073904273
286773.411807,2774866.126422,0.460692688290269,0.0513102437236577,0.000366501740883269,0.105185999633498,0.119296316657504,0.263148249954187
287273.411807,2774866.126422,0.102220590934116,0.0932281152505047,0.0159662323362085,0.513672233437328,0.191961827858323,0.0829510001835199
287773.411807,2774866.126422,0.0557972869209112,0.167391860762734,0.173278730483747,0.353724084975685,0.107755310980292,0.142052725876632
275273.411807,2774366.126422,0.0340391316001072,0.266952559635486,0.00187617260787992,0.0718306084159743,0.0846957920128652,0.540605735727687
275773.411807,2774366.126422,0.0524674371674922,0.227297743533297,0,0.233535131168593,0.120161438268208,0.366538249862411
276273.411807,2774366.126422,0.0434065934065934,0.0952380952380952,0.0139194139194139,0.596153846153846,0.156227106227106,0.0950549450549451
276773.411807,2774366.126422,0.0475229357798165,0.0339449541284404,0.00128440366972477,0.22954128440367,0.108073394495413,0.579633027522936
277273.411807,2774366.126422,0.0759493670886076,0.011557512383049,0.0359567051917079,0.0223812144560631,0.0260502660062374,0.828104934874335
277773.411807,2774366.126422,0.0421245421245421,0.425641025641026,0.0402930402930403,0.00311355311355311,0.0137362637362637,0.475091575091575
278273.411807,2774366.126422,0.0372477064220183,0.200550458715596,0.0368807339449541,0.126605504587156,0.114495412844037,0.484220183486239
278773.411807,2774366.126422,0.0875068794716566,0.0581544670702623,0.000733810310034856,0.507429829389103,0.203632361034673,0.142542652724271
279273.411807,2774366.126422,0.486263736263736,0.0258241758241758,0,0.0375457875457875,0.052014652014652,0.398351648351648
279773.411807,2774366.126422,0.58605504587156,0.0552293577981651,0.0036697247706422,0.0139449541284404,0.0155963302752294,0.325504587155963
280273.411807,2774366.126422,0.544303797468354,0.0121078701155751,0,0.0286186020913594,0.0643918547055586,0.350577875619152
280773.411807,2774366.126422,0.563186813186813,0.0175824175824176,0,0.00915750915750916,0.0274725274725275,0.382600732600733
281273.411807,2774366.126422,0.481651376146789,0.12954128440367,0.0018348623853211,0.00917431192660551,0.0631192660550459,0.314678899082569
281773.411807,2774366.126422,0.160154100165107,0.234819299211154,0.00275178866263071,0.0926435516419006,0.159970647587599,0.349660612731609
282273.411807,2774366.126422,0.24010989010989,0.0882783882783883,0.000366300366300366,0.0525641025641026,0.131135531135531,0.487545787545788
282773.411807,2774366.126422,0.443119266055046,0.00275229357798165,0,0.0271559633027523,0.0823853211009174,0.444587155963303
283273.411807,2774366.126422,0.306549257017061,0.0100898917629793,0,0.0500825536598789,0.06989543203082,0.563382865529261
283773.411807,2774366.126422,0.27051282051282,0.0179487179487179,0,0.0342490842490843,0.0798534798534798,0.597435897435897
284273.411807,2774366.126422,0.582752293577982,0.00330275229357798,0,0.0313761467889908,0.0381651376146789,0.344403669724771
284773.411807,2774366.126422,0.589066226380481,0.00110071546505228,0,0.0473307649972482,0.0313703907539901,0.331131902403229
285273.411807,2774366.126422,0.177838827838828,0.00750915750915751,0,0.357509157509158,0.2003663003663,0.256776556776557
285773.411807,2774366.126422,0.181651376146789,0.0110091743119266,0.00110091743119266,0.392477064220183,0.201100917431193,0.212660550458716
286273.411807,2774366.126422,0.0944780774169877,0.108970831040176,0.0144927536231884,0.261419922949917,0.249312052834342,0.271326362135388
286773.411807,2774366.126422,0.28974358974359,0.0617216117216117,0.0168498168498168,0.207692307692308,0.148901098901099,0.275091575091575
287273.411807,2774366.126422,0.0627522935779816,0.228440366972477,0.109174311926606,0.267155963302752,0.162018348623853,0.17045871559633
287773.411807,2774366.126422,0.0783610755441741,0.18437900128041,0.174391805377721,0.388732394366197,0.106786171574904,0.0673495518565941
275273.411807,2773866.126422,0.0484216158373462,0.276350989834136,0,0.0687533440342429,0.0716960941680043,0.534777956126271
275773.411807,2773866.126422,0.0287545787545788,0.188278388278388,0.000366300366300366,0.294505494505495,0.112271062271062,0.375824175824176
276273.411807,2773866.126422,0.0337367070040337,0.107810781078108,0,0.654932159882655,0.104510451045105,0.099009900990099
276773.411807,2773866.126422,0.119047619047619,0.185164835164835,0,0.0659340659340659,0.0875457875457875,0.542307692307692
277273.411807,2773866.126422,0.080952380952381,0.0505494505494506,0.056959706959707,0.264835164835165,0.110805860805861,0.435897435897436
277773.411807,2773866.126422,0.0898423175650898,0.0603226989365603,0.000366703337000367,0.212871287128713,0.072973964063073,0.563623028969564
278273.411807,2773866.126422,0.0562271062271062,0.119413919413919,0,0.436996336996337,0.152014652014652,0.235347985347985
278773.411807,2773866.126422,0.0681318681318681,0.013003663003663,0.000366300366300366,0.656959706959707,0.145970695970696,0.115567765567766
279273.411807,2773866.126422,0.224972497249725,0.0201686835350202,0.0066006600660066,0.219288595526219,0.109094242757609,0.41987532086542
279773.411807,2773866.126422,0.578937728937729,0.000183150183150183,0,0.000183150183150183,0.00293040293040293,0.417765567765568
280273.411807,2773866.126422,0.805311355311355,0,0,0,0,0.194688644688645
280773.411807,2773866.126422,0.820865419875321,0,0,0.000183351668500183,0.000916758342500917,0.178034470113678
281273.411807,2773866.126422,0.785531135531136,0.000732600732600733,0,0.00128205128205128,0.00512820512820513,0.207326007326007
281773.411807,2773866.126422,0.707509157509158,0.0119047619047619,0,0.0010989010989011,0.0210622710622711,0.258424908424908
282273.411807,2773866.126422,0.633480014668134,0.00898423175650898,0.00201686835350202,0.0198019801980198,0.0643564356435644,0.271360469380271
282773.411807,2773866.126422,0.363369963369963,0.0322344322344322,0,0.0573260073260073,0.0866300366300366,0.46043956043956
283273.411807,2773866.126422,0.436080586080586,0.00347985347985348,0.0142857142857143,0.00293040293040293,0.00695970695970696,0.536263736263736
283773.411807,2773866.126422,0.222038870553722,0.00183351668500183,0.000183351668500183,0.00458379171250458,0.00385038503850385,0.767510084341767
284273.411807,2773866.126422,0.28021978021978,0.00622710622710623,0.00970695970695971,0.0205128205128205,0.0177655677655678,0.665567765567766
284773.411807,2773866.126422,0.430952380952381,0.00934065934065934,0,0.137728937728938,0.102747252747253,0.319230769230769
285273.411807,2773866.126422,0.536853685368537,0.000733406674000733,0,0.0892922625595893,0.0493215988265493,0.323799046571324
285773.411807,2773866.126422,0.154761904761905,0.0448717948717949,0.0115384615384615,0.218681318681319,0.186996336996337,0.383150183150183
286273.411807,2773866.126422,0.0342490842490843,0.111538461538462,0.0318681318681319,0.401465201465201,0.221245421245421,0.1996336996337
286773.411807,2773866.126422,0.0392372570590392,0.187568756875688,0.12981298129813,0.391822515584892,0.145581224789146,0.105977264393106
287273.411807,2773866.126422,0.110989010989011,0.1503663003663,0.182600732600733,0.276556776556777,0.145054945054945,0.134432234432234
287773.411807,2773866.126422,0.16039907904835,0.0665131747249936,0.0411870043489383,0.291634689178818,0.158096699923254,0.282169352775646
275273.411807,2773366.126422,0.0867934637021163,0.0878649879453523,0.341548352531476,0.0321457272970801,0.0436646129118671,0.407982855612108
275773.411807,2773366.126422,0.0905923344947735,0.187236383642032,0,0.0392444525949019,0.0430955437373923,0.6398312855309
276273.411807,2773366.126422,0.036100421477002,0.232545354590434,0,0.154113982041415,0.0652373098772219,0.512002932013927
276773.411807,2773366.126422,0.0884565975408332,0.208478619930262,0.00403743806202973,0.140576252523399,0.0965314736648926,0.461919618278583
277273.411807,2773366.126422,0.0691362552723272,0.0775719787273061,0.000366770584999083,0.582615074271043,0.115165963689712,0.155143957454612
277773.411807,2773366.126422,0.0437969580355507,0.051126992853216,0.061205790727506,0.59190031152648,0.132673630199743,0.119296316657504
