"x","y","forest","agri","water","built","other","grass"
185773.411807,2488866.126422,0.0216201423097975,0.101806239737274,0.00164203612479475,0.71455938697318,0.0922276956759715,0.0681444991789819
186273.411807,2488866.126422,0.0293090062111801,0.0415372670807453,0.00368788819875776,0.621506211180124,0.197204968944099,0.106754658385093
186773.411807,2488866.126422,0.0257951900698216,0.148176881303336,0.00872769588828549,0.536268425135764,0.149534522885958,0.131497284716835
187273.411807,2488866.126422,0.0304440566220671,0.378320729106069,0.00058173356602676,0.224355245297654,0.0837696335078534,0.28252860190033
187773.411807,2488866.126422,0.0613354037267081,0.116071428571429,0.0322204968944099,0.353649068322981,0.167313664596273,0.269409937888199
188273.411807,2488866.126422,0.108805275407292,0.047711404189294,0.04344453064391,0.48933281613654,0.0921256788207913,0.218580294802172
188773.411807,2488866.126422,0.150862904789606,0.109947643979058,0.00911382586775257,0.463641652123328,0.113825867752569,0.152608105487687
189273.411807,2488866.126422,0.0526009316770186,0.183035714285714,0.000582298136645963,0.611995341614907,0.0640527950310559,0.0877329192546584
189773.411807,2488866.126422,0.0244375484871994,0.0849495733126455,0.0903801396431342,0.658068269976726,0.0535298681148177,0.0886346004654771
190273.411807,2488866.126422,0.00930773705642816,0.140391700601125,0.200116346713205,0.419429901105294,0.00795035873569905,0.222803955788249
190773.411807,2488866.126422,0.0679347826086956,0.030667701863354,0.0650232919254658,0.0407608695652174,0.0174689440993789,0.778144409937888
191273.411807,2488866.126422,0.0446082234290147,0.350271528316524,0.00446082234290147,0.0525601241272304,0.0323894491854151,0.515709852598914
191773.411807,2488866.126422,0.0477021524141943,0.249951522202831,0,0.0560403335272445,0.0651541593949971,0.581151832460733
192273.411807,2488866.126422,0.0681288819875776,0.0611413043478261,0.0791925465838509,0.487771739130435,0.137616459627329,0.166149068322981
192773.411807,2488866.126422,0.0451900698215671,0.110356865787432,0.0236617532971296,0.312451512800621,0.172808378588053,0.335531419705198
193273.411807,2488866.126422,0.0255962769051774,0.514446383556331,0.00271475664145821,0.162885398487493,0.0554585999612178,0.238898584448323
193773.411807,2488866.126422,0.0650232919254658,0.570069875776398,0,0.0168866459627329,0.0644409937888199,0.283579192546584
194273.411807,2488866.126422,0.0444142746314973,0.388285492629946,0,0.0467416602017068,0.080488750969744,0.440069821567106
194773.411807,2488866.126422,0.0500290866783013,0.109559821601706,0.297071941050999,0.177816560015513,0.133023075431452,0.232499515222028
195273.411807,2488866.126422,0.109666149068323,0.302600931677019,0.0273680124223602,0.015139751552795,0.0663819875776397,0.478843167701863
195773.411807,2488866.126422,0.0325833979829325,0.447633824670287,0.0034910783553142,0.0517843289371606,0.138673390224981,0.325833979829325
196273.411807,2488866.126422,0.0319953461314718,0.436881908086097,0.000193911188675587,0.0143494279619934,0.147954236959473,0.36862516967229
196773.411807,2488866.126422,0.0300854037267081,0.470302795031056,0.000194099378881988,0.00892857142857143,0.0378493788819876,0.452639751552795
197273.411807,2488866.126422,0.051978277734678,0.358029480217223,0.00387897595034911,0.0853374709076804,0.142940263770365,0.357835531419705
197773.411807,2488866.126422,0.0965677719604421,0.571650184215629,0,0.00445995733953849,0.0513864649990304,0.27593562148536
198273.411807,2488866.126422,0.0617715617715618,0.542735042735043,0,0.0897435897435897,0.107614607614608,0.198135198135198
186273.411807,2488366.126422,0.0152098222466557,0.0432472054242258,0.0148433205057724,0.707531610775151,0.146050943741983,0.0731170973062122
186773.411807,2488366.126422,0.0311983850247752,0.0449623784180584,0.0234905487245366,0.675903835566159,0.1370893741971,0.0873554780693705
187273.411807,2488366.126422,0.030808729139923,0.176416651384559,0.000366770584999083,0.426554190353934,0.138089125252155,0.227764533284431
187773.411807,2488366.126422,0.0533260032985157,0.0947407000183251,0.0954737035000916,0.491295583654022,0.124610591900312,0.140553417628734
188273.411807,2488366.126422,0.124977060011011,0.0783630023857589,0.019086070838686,0.401541567260048,0.137823453844742,0.238208845659754
188773.411807,2488366.126422,0.0315422703099211,0.0276911791674308,0.00238400880249404,0.865395195305336,0.0550155877498625,0.0179717586649551
189273.411807,2488366.126422,0.0478284771852666,0.121678577973245,0.00274876305662452,0.59299981674913,0.0901594282572842,0.14458493677845
189773.411807,2488366.126422,0.022389429253074,0.0350523031748945,0.0262433474031932,0.71370893741971,0.079647641769132,0.122958340979996
190273.411807,2488366.126422,0,0.0150375939849624,0.453878598936365,0.389877131854025,0.00880249403997799,0.132404181184669
190773.411807,2488366.126422,0.0175920835623969,0.0562580172255818,0.144218435037566,0.0309693971046362,0.0199743448781382,0.73098772219168
191273.411807,2488366.126422,0.0693705267021472,0.272343549275096,0.0627638098733713,0.0282620664342081,0.0846026793907139,0.482657368324463
191773.411807,2488366.126422,0.0289748762149276,0.117916743077205,0.171281863194572,0.0735375022923162,0.0982945167797543,0.509994498441225
192273.411807,2488366.126422,0.0474619754443834,0.180868609125893,0.0754993586219534,0.361737218251787,0.116730804471321,0.217702034084662
192773.411807,2488366.126422,0.137823453844742,0.184988071205726,0.0106441548908057,0.222426133235456,0.119654982565608,0.324463204257662
193273.411807,2488366.126422,0.033192737942417,0.300385109114249,0.0218228498074454,0.238767650834403,0.0882083256922795,0.317623326609206
193773.411807,2488366.126422,0.0709180868609126,0.48763056624519,0,0.074216602528862,0.109400769653656,0.25783397471138
194273.411807,2488366.126422,0.0506514956872821,0.279500825839604,0,0.345567994127363,0.153055606533309,0.171224077812443
194773.411807,2488366.126422,0.0403447643498991,0.353566843939116,0.125068769484687,0.159178433889602,0.122684760682193,0.199156427654502
195273.411807,2488366.126422,0.0177753344328386,0.156129741616273,0.422026754627084,0.0716510903426791,0.10317024005864,0.229246838922485
195773.411807,2488366.126422,0.0631308496971921,0.552945494586163,0.0669847678473114,0.0108276748027161,0.0488162965681776,0.25729491649844
196273.411807,2488366.126422,0.010819732257473,0.764349899138089,0.00201723821749496,0,0.0553823583348615,0.167430772052081
196773.411807,2488366.126422,0.0654205607476635,0.67711196628184,0,0.00183250870441635,0.028587135788895,0.227047828477185
197273.411807,2488366.126422,0.015782712424298,0.559552211414938,0.0113782345384474,0.00697375665259681,0.0545054138374014,0.351807671132318
197773.411807,2488366.126422,0.0735375022923162,0.240234733174399,0.000916926462497708,0.109114249037227,0.138639281129653,0.437557307903906
198273.411807,2488366.126422,0.0480557593543654,0.680117388114453,0.00146735143066764,0.0431034482758621,0.0678650036683786,0.159391049156273
187273.411807,2487866.126422,0.0412768299394606,0.0812694918363603,0.00733810310034856,0.622821500642084,0.149146945514584,0.098147128967162
187773.411807,2487866.126422,0.0510989010989011,0.0340659340659341,0.0173992673992674,0.676190476190476,0.128937728937729,0.0923076923076923
188273.411807,2487866.126422,0.0689908256880734,0.100366972477064,0.0106422018348624,0.486238532110092,0.144954128440367,0.188807339449541
188773.411807,2487866.126422,0.0286186020913594,0.0607228031553843,0.00623738763529628,0.766648321408916,0.102183085672354,0.0355898000366905
189273.411807,2487866.126422,0.0117216117216117,0.170695970695971,0.0626373626373626,0.331684981684982,0.146336996336996,0.276923076923077
189773.411807,2487866.126422,0.0234862385321101,0.238348623853211,0,0.191926605504587,0.190642201834862,0.355596330275229
190273.411807,2487866.126422,0,0.00183452577508714,0.286919831223629,0.70610897083104,0.00183452577508714,0.00330214639515685
190773.411807,2487866.126422,0.00256410256410256,0.0994505494505494,0.645604395604396,0.0822344322344322,0.0155677655677656,0.154578754578755
191273.411807,2487866.126422,0.0748623853211009,0.18605504587156,0.100366972477064,0.115596330275229,0.0409174311926606,0.482201834862385
191773.411807,2487866.126422,0.060906255732893,0.196110805356815,0.382131718950651,0.104751421757476,0.0583379196477711,0.197761878554394
192273.411807,2487866.126422,0.101648351648352,0.111172161172161,0.240659340659341,0.215750915750916,0.145604395604396,0.185164835164835
192773.411807,2487866.126422,0.128440366972477,0.21045871559633,0,0.0427522935779817,0.108990825688073,0.509357798165138
193273.411807,2487866.126422,0.0805356815263254,0.536231884057971,0,0.0522839845899835,0.0201797835259585,0.310768666299762
193773.411807,2487866.126422,0.0600732600732601,0.36007326007326,0,0.0417582417582418,0.0615384615384615,0.476556776556777
194273.411807,2487866.126422,0.044954128440367,0.0594495412844037,0.00036697247706422,0.557614678899083,0.168073394495413,0.16954128440367
194773.411807,2487866.126422,0.0451293340671436,0.0348559897266557,0.0790680609062557,0.49642267473858,0.197211520821868,0.147312419739497
195273.411807,2487866.126422,0.0164835164835165,0.0481684981684982,0.17014652014652,0.47948717948718,0.103296703296703,0.182417582417582
195773.411807,2487866.126422,0.0981651376146789,0.0957798165137615,0,0.320917431192661,0.214495412844037,0.270642201834862
196273.411807,2487866.126422,0.0952118877270226,0.564116675839296,0,0.00605393505778756,0.067327095945698,0.267290405430196
196773.411807,2487866.126422,0.0353479853479853,0.633150183150183,0,0.0505494505494506,0.110805860805861,0.17014652014652
197273.411807,2487866.126422,0.0618348623853211,0.397981651376147,0.00477064220183486,0.197247706422018,0.126788990825688,0.211376146788991
197773.411807,2487866.126422,0.0502660062373876,0.549440469638598,0,0.107319757842598,0.0961291506145661,0.19684461566685
198273.411807,2487866.126422,0.0505957836846929,0.329789184234647,0.000366636113657195,0.10980751604033,0.127589367552704,0.381851512373969
187773.411807,2487366.126422,0.0843417675100843,0.0573890722405574,0.00861752841950862,0.594242757609094,0.148148148148148,0.107260726072607
188273.411807,2487366.126422,0.0364468864468864,0.0611721611721612,0.0710622710622711,0.5996336996337,0.0974358974358974,0.134249084249084
188773.411807,2487366.126422,0.132234432234432,0.0503663003663004,0.0212454212454212,0.569047619047619,0.0688644688644689,0.158241758241758
189273.411807,2487366.126422,0.14044737807114,0.0355702236890356,0.156398973230656,0.413824715804914,0.0793912724605794,0.174367436743674
189773.411807,2487366.126422,0.174725274725275,0.106959706959707,0.0133699633699634,0.306410256410256,0.131868131868132,0.266666666666667
190273.411807,2487366.126422,0.00274725274725275,0.0148351648351648,0.251831501831502,0.674542124542125,0.00384615384615385,0.0521978021978022
190773.411807,2487366.126422,0,0,0.861019435276861,0.138980564723139,0,0
191273.411807,2487366.126422,0.0247252747252747,0.159157509157509,0.447435897435897,0.115934065934066,0.0536630036630037,0.199084249084249
191773.411807,2487366.126422,0.00549450549450549,0.143223443223443,0.573260073260073,0.0639194139194139,0.109157509157509,0.104945054945055
192273.411807,2487366.126422,0.148698203153649,0.196369636963696,0.0592225889255592,0.207370737073707,0.102126879354602,0.286211954528786
192773.411807,2487366.126422,0.211904761904762,0.130586080586081,0,0.23992673992674,0.15970695970696,0.257875457875458
193273.411807,2487366.126422,0.0227106227106227,0.593772893772894,0.0161172161172161,0.0311355311355311,0.0371794871794872,0.299084249084249
193773.411807,2487366.126422,0.0265859919325266,0.264943160982765,0.0100843417675101,0.183168316831683,0.177117711771177,0.338100476714338
194273.411807,2487366.126422,0.0256410256410256,0.0637362637362637,0,0.464652014652015,0.139194139194139,0.306776556776557
194773.411807,2487366.126422,0.0304029304029304,0.0228937728937729,0.427106227106227,0.174908424908425,0.0732600732600733,0.271428571428571
195273.411807,2487366.126422,0.057022368903557,0.182618261826183,0.0781078107810781,0.268426842684268,0.143564356435644,0.27026035936927
195773.411807,2487366.126422,0.108058608058608,0.172161172161172,0,0.358974358974359,0.10989010989011,0.250915750915751
196273.411807,2487366.126422,0.107875457875458,0.458791208791209,0,0.00183150183150183,0.0512820512820513,0.38021978021978
196773.411807,2487366.126422,0.0617895122845618,0.636413641364136,0.000916758342500917,0.0104510451045105,0.0436376971030436,0.246791345801247
197273.411807,2487366.126422,0.0635531135531135,0.234065934065934,0.0195970695970696,0.207509157509158,0.186996336996337,0.288278388278388
197773.411807,2487366.126422,0.0366300366300366,0.454395604395604,0,0.0551282051282051,0.0902930402930403,0.363553113553114
198273.411807,2487366.126422,0.0836697247706422,0.20954128440367,0,0.00018348623853211,0.0174311926605505,0.689174311926605
188773.411807,2486866.126422,0.0159545204474601,0.106913625527233,0.0926095727122685,0.45993031358885,0.142123601687145,0.182468366037044
189273.411807,2486866.126422,0.0478284771852666,0.0262048744731537,0.00989554700384827,0.483965548836357,0.181418361737218,0.250687190764156
189773.411807,2486866.126422,0.0176179115434025,0.106808588731877,0.34024591668196,0.267388511653514,0.103321710405579,0.164617360983667
190273.411807,2486866.126422,0,0.00311754997249221,0.88813497157528,0.106913625527233,0.00146708233999633,0.000366770584999083
190773.411807,2486866.126422,0,0,0.860912589334799,0.139087410665201,0,0
191273.411807,2486866.126422,0.00275279867865663,0.0846026793907139,0.380987337126078,0.420994677922555,0.0528537346302074,0.0578087722517893
191773.411807,2486866.126422,0,0.154410416284614,0.583348615441042,0.112415184302219,0.0907757197872731,0.0590500641848524
192273.411807,2486866.126422,0.0645043063954554,0.062671797691039,0.0207073483599047,0.555433388308594,0.143851933296683,0.152831225948323
192773.411807,2486866.126422,0.0581758120756102,0.047715177096715,0.00110111947146265,0.61424114516425,0.152138006973757,0.126628739218205
193273.411807,2486866.126422,0.0643682376673391,0.0399779937649001,0.0520814230698698,0.533467815881166,0.105813313772235,0.204291215844489
193773.411807,2486866.126422,0.0142935678944475,0.138720908924317,0.116730804471321,0.227780831958952,0.178486347810152,0.32398753894081
194273.411807,2486866.126422,0.0378051018535511,0.114699944944026,0.157276564507249,0.137823453844742,0.157093044595339,0.395301890255093
194773.411807,2486866.126422,0.017604988079956,0.0465798642948836,0.34788189987163,0.473134054648817,0.0781221346048047,0.0366770584999083
195273.411807,2486866.126422,0.0348176653839106,0.219534542789078,0.0313358988455195,0.527396005131024,0.107018508337915,0.0798973795125527
195773.411807,2486866.126422,0.0653330886401175,0.578271242429804,0,0.000183519911910442,0.0401908607083869,0.316021288309782
196273.411807,2486866.126422,0.0432789290298918,0.808912525215478,0,0.0128369704749679,0.0212726939299468,0.113698881349716
196773.411807,2486866.126422,0.0227231079347627,0.920102620487447,0,0.00916254352208173,0.00641378046545721,0.0415979475902511
197273.411807,2486866.126422,0.017434391631492,0.631492016883832,0,0.00862543585979079,0.0579922921636998,0.284455863461186
197773.411807,2486866.126422,0.0258573262424354,0.392444525949019,0,0,0.00311754997249221,0.578580597836054
198273.411807,2486866.126422,0.0106382978723404,0.261005135730007,0,0.00183418928833456,0.0297138664710198,0.696808510638298
189773.411807,2486366.126422,0.00513761467889908,0.0218348623853211,0.295045871559633,0.590642201834862,0.0664220183486239,0.0209174311926606
191273.411807,2486366.126422,0,0,0.00458715596330275,0.995412844036697,0,0
191773.411807,2486366.126422,0.00238488350761328,0.116859291873051,0.0157769216657494,0.740781507980187,0.0445789763346175,0.0796184186387819
192273.411807,2486366.126422,0.0408424908424908,0.0661172161172161,0.065018315018315,0.671978021978022,0.101465201465201,0.0545787545787546
192773.411807,2486366.126422,0.0612844036697248,0.0304587155963303,0.0207339449541284,0.612293577981651,0.125871559633028,0.149357798165138
193273.411807,2486366.126422,0.0456796917996698,0.118143459915612,0.108787378462667,0.316455696202532,0.0864061640066043,0.324527609612915
193773.411807,2486366.126422,0.0152014652014652,0.063003663003663,0.273076923076923,0.337545787545788,0.0813186813186813,0.22985347985348
194273.411807,2486366.126422,0.0220183486238532,0.0128440366972477,0.427522935779817,0.407522935779817,0.0706422018348624,0.0594495412844037
194773.411807,2486366.126422,0.0240322876536415,0.130618235186204,0.00330214639515685,0.613648871766648,0.104751421757476,0.123647037240873
195273.411807,2486366.126422,0.013003663003663,0.31959706959707,0.00714285714285714,0.423076923076923,0.114468864468864,0.122710622710623
195773.411807,2486366.126422,0,0.99045871559633,0,0,0.00018348623853211,0.00935779816513761
196273.411807,2486366.126422,0.00715465052283985,0.981838194826637,0,0.000733810310034856,0.00348559897266557,0.00678774536782242
196773.411807,2486366.126422,0.00641025641025641,0.816117216117216,0,0,0.00311355311355311,0.174358974358974
197273.411807,2486366.126422,0.0187155963302752,0.601467889908257,0,0.011743119266055,0.12,0.248073394495413
197773.411807,2486366.126422,0.0100898917629793,0.369290038525041,0,0.000366905155017428,0.00935608145294441,0.610897083104018
198273.411807,2486366.126422,0.0100824931255729,0.545921173235564,0,0,0.00531622364802933,0.438680109990834
191773.411807,2485866.126422,0.0161172161172161,0.017032967032967,0,0.908058608058608,0.0179487179487179,0.0408424908424908
192273.411807,2485866.126422,0.0033003300330033,0.0876420975430876,0.102310231023102,0.787862119545288,0.0099009900990099,0.00898423175650898
192773.411807,2485866.126422,0.00934065934065934,0.0173992673992674,0.615018315018315,0.274542124542125,0.034981684981685,0.0487179487179487
193273.411807,2485866.126422,0.0111721611721612,0.0282051282051282,0.51996336996337,0.293772893772894,0.0950549450549451,0.0518315018315018
193773.411807,2485866.126422,0.0548221488815548,0.0284195086175284,0.153648698203154,0.564356435643564,0.14961496149615,0.0491382471580491
194273.411807,2485866.126422,0.0032967032967033,0.0153846153846154,0.093956043956044,0.841208791208791,0.0322344322344322,0.0139194139194139
194773.411807,2485866.126422,0.026007326007326,0.0604395604395604,0.00183150183150183,0.718681318681319,0.110622710622711,0.0824175824175824
195273.411807,2485866.126422,0.0302530253025303,0.12999633296663,0.0410707737440411,0.294279427942794,0.111477814448111,0.392922625595893
195773.411807,2485866.126422,0.0476190476190476,0.616849816849817,0.0450549450549451,0.0454212454212454,0.0635531135531135,0.181501831501831
196273.411807,2485866.126422,0.0133699633699634,0.696886446886447,0,0.0117216117216117,0.054029304029304,0.223992673992674
196773.411807,2485866.126422,0.0168683535020169,0.698019801980198,0,0.0944261092775944,0.0326365969930326,0.158049138247158
197273.411807,2485866.126422,0.0131868131868132,0.600549450549451,0,0.0161172161172161,0.0831501831501831,0.286996336996337
197773.411807,2485866.126422,0.00238095238095238,0.703296703296703,0,0,0.00347985347985348,0.290842490842491
198273.411807,2485866.126422,0.0100917431192661,0.797064220183486,0,0,0.00238532110091743,0.19045871559633
192273.411807,2485366.126422,0.0106285504856148,0.00604727872457394,0.0503939893714495,0.906725306945208,0.0188748396554884,0.00733003481766538
192773.411807,2485366.126422,0.00880895577170123,0.0132134336575518,0.119654982565608,0.829510001835199,0.0209212699577904,0.00789135621214902
193273.411807,2485366.126422,0.00916926462497708,0.00385109114249037,0.00348432055749129,0.959288465065102,0.0232899321474418,0.000916926462497708
193773.411807,2485366.126422,0.0375664284405351,0.0263881253435954,0.00384826827927433,0.755909840571743,0.116914055341763,0.0593732820230896
194273.411807,2485366.126422,0.0222059093411635,0.0328500642319692,0.0141310332171041,0.851348871352542,0.0636814094329235,0.015782712424298
194773.411807,2485366.126422,0.0309921144324225,0.13588850174216,0.0227397762699432,0.599669906473501,0.102695763799743,0.10801393728223
195273.411807,2485366.126422,0.0183250870441635,0.109034267912773,0.0469122228330585,0.477735019241341,0.15466373465274,0.193329668315924
195773.411807,2485366.126422,0.0291796659937603,0.254725637731694,0.0710222059093412,0.184070471646174,0.198752064599009,0.262249954120022
196273.411807,2485366.126422,0.0207225380524482,0.418852008068953,0,0.0254905556574363,0.124518613607189,0.410416284613974
196773.411807,2485366.126422,0.0214403518416712,0.654022356606194,0.0560747663551402,0.0307861462341946,0.049660985889683,0.188015393073117
197273.411807,2485366.126422,0.0244081482840888,0.654799045696458,0,0.00972655533125344,0.058909891723252,0.252156358964948
197773.411807,2485366.126422,0.0256739409499358,0.478818998716303,0,0.00990280579497524,0.0414450761048964,0.44415917843389
198273.411807,2485366.126422,0.00586940572267058,0.666911225238445,0,0,0.00568598679383712,0.321533382245048
192273.411807,2484866.126422,0.0404761904761905,0.0470695970695971,0.571428571428571,0.247985347985348,0.0606227106227106,0.0324175824175824
192773.411807,2484866.126422,0.0163302752293578,0.00532110091743119,0.00201834862385321,0.903302752293578,0.0515596330275229,0.0214678899082569
193273.411807,2484866.126422,0.0333883691065859,0.00935608145294441,0.0423775454045129,0.820583379196478,0.0607228031553843,0.0335718216840947
193773.411807,2484866.126422,0.249084249084249,0.0591575091575092,0.0179487179487179,0.244688644688645,0.233882783882784,0.195238095238095
194273.411807,2484866.126422,0.0321100917431193,0.0500917431192661,0.021651376146789,0.719816513761468,0.114311926605505,0.0620183486238532
194773.411807,2484866.126422,0.0431113557145478,0.0798018712162906,0.00990643918547056,0.598605760410934,0.104934874334984,0.163639699137773
195273.411807,2484866.126422,0.0463369963369963,0.0413919413919414,0,0.488278388278388,0.156410256410256,0.267582417582418
195773.411807,2484866.126422,0.0321100917431193,0.104036697247706,0.0655045871559633,0.188073394495413,0.210642201834862,0.399633027522936
196273.411807,2484866.126422,0.00421940928270042,0.0383415886993212,0.309851403412218,0.203448908457164,0.151898734177215,0.292239955971381
196773.411807,2484866.126422,0.0324175824175824,0.242490842490842,0.030952380952381,0.095970695970696,0.0998168498168498,0.498351648351648
197273.411807,2484866.126422,0.0456880733944954,0.375779816513761,0.00275229357798165,0.123119266055046,0.138532110091743,0.314128440366972
197773.411807,2484866.126422,0.0697119794533113,0.147495872317006,0.000733810310034856,0.468537882957256,0.209319390937443,0.10420106402495
198273.411807,2484866.126422,0.014115490375802,0.714940421631531,0.000366636113657195,0.00879926672777269,0.0284142988084326,0.233363886342805
192773.411807,2484366.126422,0.0783882783882784,0.0937728937728938,0.18040293040293,0.25,0.118315018315018,0.279120879120879
193273.411807,2484366.126422,0.0571428571428571,0.0509157509157509,0.10989010989011,0.477289377289377,0.103663003663004,0.201098901098901
193773.411807,2484366.126422,0.0302530253025303,0.081041437477081,0.12981298129813,0.397323065639897,0.142647598093143,0.218921892189219
194273.411807,2484366.126422,0.00677655677655678,0.0386446886446886,0.51043956043956,0.207142857142857,0.107692307692308,0.129304029304029
194773.411807,2484366.126422,0.0139194139194139,0.0307692307692308,0.610805860805861,0.262454212454212,0.0395604395604396,0.0424908424908425
195273.411807,2484366.126422,0.0128346167950128,0.0643564356435644,0.263109644297763,0.391272460579391,0.144664466446645,0.123762376237624
195773.411807,2484366.126422,0.0157509157509158,0.0489010989010989,0.286630036630037,0.308608058608059,0.193772893772894,0.146336996336996
196273.411807,2484366.126422,0.0421245421245421,0.0692307692307692,0.294871794871795,0.346703296703297,0.172161172161172,0.0749084249084249
196773.411807,2484366.126422,0.0342867620095343,0.0727906123945728,0.0995599559955996,0.299046571323799,0.246974697469747,0.247341400806747
197273.411807,2484366.126422,0.0364468864468864,0.163003663003663,0.218498168498168,0.236263736263736,0.118864468864469,0.226923076923077
197773.411807,2484366.126422,0.030952380952381,0.37967032967033,0.0783882783882784,0.203113553113553,0.106776556776557,0.201098901098901
198273.411807,2484366.126422,0.0293577981651376,0.264036697247706,0.111192660550459,0.208073394495413,0.178715596330275,0.208623853211009
193273.411807,2483866.126422,0.0267742527049331,0.102512378507244,0.177700348432056,0.420319090408949,0.165046763249587,0.107647166697231
193773.411807,2483866.126422,0.013560564412681,0.0300531427524281,0.536375297782664,0.161993769470405,0.149349459409932,0.108667766171889
194273.411807,2483866.126422,0.00844191594788034,0.0227564690768948,0.643604331069921,0.166452560102771,0.0901082767480272,0.0686364470545054
194773.411807,2483866.126422,0,0,0.886484503942784,0.111681643132221,0.00183385292499542,0
195273.411807,2483866.126422,0.000733003481766538,0.009529045262965,0.522997984240425,0.441084845153014,0.0179585853032802,0.00769653655854865
195773.411807,2483866.126422,0,0.00403743806202973,0.578821802165535,0.40264268673151,0.0117452743622683,0.00275279867865663
196273.411807,2483866.126422,0.0124701998899688,0.0249403997799376,0.569961489088575,0.24793691545938,0.121034293049697,0.0236567027324409
196773.411807,2483866.126422,0.0846619021440352,0.0339014110317024,0.00384826827927433,0.299248671431189,0.277808319589518,0.300531427524281
197273.411807,2483866.126422,0.0759772435309231,0.0394567810607451,0.140025692787667,0.313819049366856,0.243347403193246,0.187373830060562
197773.411807,2483866.126422,0.0104529616724739,0.0366770584999083,0.3201907207042,0.426920960938933,0.136988813497158,0.0687694846873281
198273.411807,2483866.126422,0.0652971386647102,0.142516507703595,0.0486060161408657,0.283565663976522,0.194057226705796,0.265957446808511
193773.411807,2483366.126422,0.00934065934065934,0.0842490842490843,0.183699633699634,0.575824175824176,0.0721611721611722,0.0747252747252747
194273.411807,2483366.126422,0.00862385321100917,0.0499082568807339,0.41302752293578,0.237614678899083,0.101834862385321,0.188990825688073
194773.411807,2483366.126422,0,0,0.805173362685746,0.194826637314254,0,0
195273.411807,2483366.126422,0,0,0.00787545787545788,0.992124542124542,0,0
195773.411807,2483366.126422,0,0,0,1,0,0
196273.411807,2483366.126422,0.00642084021280499,0.00183452577508714,0.0066042927903137,0.959640432948083,0.0161438268207668,0.00935608145294441
196773.411807,2483366.126422,0.00769230769230769,0.0509157509157509,0.00146520146520147,0.620879120879121,0.14029304029304,0.178754578754579
197273.411807,2483366.126422,0.0126605504587156,0.0478899082568807,0.171009174311927,0.31302752293578,0.274678899082569,0.180733944954128
197773.411807,2483366.126422,0,0.026967528893781,0.59346908824069,0.324711062190424,0.0445789763346175,0.010273344340488
198273.411807,2483366.126422,0.0175985334555454,0.0793767186067828,0.565902841429881,0.046929422548121,0.100274977085243,0.189917506874427
194273.411807,2482866.126422,0.0518315018315018,0.0529304029304029,0.117032967032967,0.515934065934066,0.15,0.112271062271062
194773.411807,2482866.126422,0.00769230769230769,0.0294871794871795,0.216300366300366,0.53003663003663,0.133882783882784,0.0826007326007326
195273.411807,2482866.126422,0,0.0088008800880088,0.551155115511551,0.431426475980931,0.00678401173450678,0.00183351668500183
195773.411807,2482866.126422,0,0,0,1,0,0
196273.411807,2482866.126422,0,0,0,1,0,0
196773.411807,2482866.126422,0,0,0,1,0,0
197273.411807,2482866.126422,0.0382783882783883,0.0201465201465201,0.0915750915750916,0.406227106227106,0.165934065934066,0.277838827838828
197773.411807,2482866.126422,0.0271062271062271,0.0353479853479853,0.462454212454212,0.0992673992673993,0.125091575091575,0.250732600732601
198273.411807,2482866.126422,0.0073394495412844,0.12954128440367,0.571192660550459,0.0377981651376147,0.139816513761468,0.114311926605505
195273.411807,2482366.126422,0.0223566061938794,0.0474619754443834,0.166941542972329,0.432655305112699,0.195345427890782,0.135239142385926
195773.411807,2482366.126422,0.00587263718113415,0.0277115066984768,0.430170673518077,0.404477885850615,0.0800146815929528,0.0517526151587447
196273.411807,2482366.126422,0,0,0.308454061984229,0.691545938015771,0,0
196773.411807,2482366.126422,0,0,0,1,0,0
197273.411807,2482366.126422,0,0.000367039823820885,0,0.992108643787851,0.00550559735731327,0.00201871903101487
197773.411807,2482366.126422,0.0267742527049331,0.0460297084173849,0.167614157344581,0.301118650284247,0.122684760682193,0.335778470566661
198273.411807,2482366.126422,0.0210931768158474,0.0768525311812179,0.437087307410125,0.301724137931034,0.0887747615553925,0.074468085106383
195773.411807,2481866.126422,0.0111926605504587,0.0825688073394495,0.108073394495413,0.539082568807339,0.0998165137614679,0.159266055045872
196273.411807,2481866.126422,0.0155934690882407,0.0640249495505412,0.346358466336452,0.364336818932306,0.121629058888277,0.0880572372041827
196773.411807,2481866.126422,0,0.0256410256410256,0.291758241758242,0.578205128205128,0.0684981684981685,0.0358974358974359
197273.411807,2481866.126422,0.00146788990825688,0.0385321100917431,0.0675229357798165,0.773394495412844,0.0563302752293578,0.0627522935779816
197773.411807,2481866.126422,0.0165107319757843,0.0807191341038342,0.0908090258668134,0.471840029352412,0.150064208402128,0.190056870299028
198273.411807,2481866.126422,0.00824931255728689,0.137671860678277,0.326672777268561,0.356370302474794,0.100824931255729,0.0702108157653529
196773.411807,2481366.126422,0.0267693436010268,0.0572057205720572,0.225522552255226,0.480564723138981,0.108360836083608,0.101576824349102
197273.411807,2481366.126422,0.0386446886446886,0.0771062271062271,0.208608058608059,0.207875457875458,0.161721611721612,0.306043956043956
197773.411807,2481366.126422,0.00146520146520147,0.0615384615384615,0.345421245421245,0.333882783882784,0.128571428571429,0.129120879120879
198273.411807,2481366.126422,0.00844036697247706,0.106422018348624,0.421467889908257,0.222201834862385,0.104954128440367,0.13651376146789
197773.411807,2480866.126422,0.044379240784889,0.0821566110397946,0.14780854575463,0.439574546121401,0.137538969374656,0.148542086924629
198273.411807,2480866.126422,0.0537417461482025,0.14435069699193,0.193140132061629,0.209280997798973,0.128576669112252,0.270909757887014
