"x","y","forest","agri","water","built","other","grass"
300773.411807,2765866.126422,0.0599520383693046,0.0318602261048304,0.0092497430626927,0.861253854059609,0.0274066461116821,0.0102774922918808
301273.411807,2765866.126422,0.0407813570938999,0.0332419465387252,0.0305003427004798,0.859492803289925,0.0150788211103496,0.020904729266621
301773.411807,2765866.126422,0.144516569866758,0.0409976084728391,0.00717458148274684,0.683976768021865,0.0232319781346088,0.100102494021182
302273.411807,2765866.126422,0.0308324768756423,0.0346008907159986,0.00205549845837616,0.894484412470024,0.0274066461116821,0.0106200753682768
302773.411807,2765866.126422,0.14804660726525,0.0801919122686772,0,0.650102810143934,0.0891021247429746,0.0325565455791638
303273.411807,2765866.126422,0.0252818585582508,0.0560300649128801,0.000683293474547318,0.857533310556884,0.0382644345746498,0.0222070379227878
303773.411807,2765866.126422,0.152106885919836,0.250085645769099,0.0702295306611853,0.0465912983898595,0.0246659815005139,0.456320657759507
304273.411807,2765866.126422,0.197395476353667,0.13262508567512,0.00651130911583276,0.483550376970528,0.0959561343385881,0.0839616175462646
304773.411807,2765866.126422,0.0478305432183123,0.0485138366928596,0.0133242227536727,0.841134267167749,0.0423641954219337,0.00683293474547318
305273.411807,2765866.126422,0.105515587529976,0.0931825967797191,0.0198698184309695,0.665638917437479,0.0907845152449469,0.0250085645769099
305773.411807,2765866.126422,0.128169979437971,0.0675119945167923,0.0113091158327622,0.692254969156957,0.068882796435915,0.0318711446196025
306273.411807,2765866.126422,0.16057396651862,0.0594465322856167,0.00307482063546293,0.546634779637854,0.135633754697643,0.0946361462248036
306773.411807,2765866.126422,0.548818088386434,0.0472764645426516,0.00890715998629668,0.18362452894827,0.116135662898253,0.0952380952380952
307273.411807,2765866.126422,0.514050719671008,0.0517477724468814,0.000342700479780672,0.0891021247429746,0.135709389993146,0.20904729266621
307773.411807,2765866.126422,0.393235394601982,0.0966860266484455,0.00444140758455757,0.193713700034165,0.143491629654937,0.168431841475914
308273.411807,2765866.126422,0.0342583076396026,0.092497430626927,0.00411099691675231,0.338129496402878,0.126413155190134,0.404590613223707
308773.411807,2765866.126422,0.471213159698424,0.0274160383824537,0,0.0812200137080192,0.15284441398218,0.267306374228924
309273.411807,2765866.126422,0.645712333447216,0.0334813802528186,0.00307482063546293,0.0058079945336522,0.089169798428425,0.222753672702426
309773.411807,2765866.126422,0.244604316546763,0.0966084275436793,0.00445357999314834,0.134292565947242,0.169236039739637,0.350805070229531
310273.411807,2765866.126422,0.535983550376971,0.0654557916381083,0.00308430431802605,0.00788211103495545,0.0493488690884167,0.338245373543523
310773.411807,2765866.126422,0.860608131192347,0.0075162282200205,0,0.00204988042364195,0.0252818585582508,0.10454390160574
311273.411807,2765866.126422,0.413840356286399,0.154162384378212,0.00685166152792052,0.0500171291538198,0.091812264474135,0.283316204179514
311773.411807,2765866.126422,0.255997258396162,0.0839616175462646,0.00137080191912269,0.10212474297464,0.298492117888965,0.258053461274846
312273.411807,2765866.126422,0.430816535702084,0.181072770755039,0,0.0403143149982918,0.0908780321147933,0.256918346429792
312773.411807,2765866.126422,0.55087358684481,0.0966084275436793,0.00856457690990065,0.091812264474135,0.108941418293936,0.143199725933539
300773.411807,2765366.126422,0.0300917431192661,0.0313761467889908,0.0280733944954128,0.886605504587156,0.0201834862385321,0.0036697247706422
301273.411807,2765366.126422,0.0326545587965511,0.0304531278664465,0.00385250412768299,0.874701889561548,0.0168776371308017,0.0414602825169694
301773.411807,2765366.126422,0.0419413919413919,0.0527472527472527,0.00293040293040293,0.865384615384615,0.0214285714285714,0.0155677655677656
302273.411807,2765366.126422,0.0425688073394495,0.0458715596330275,0.00954128440366972,0.847155963302752,0.0284403669724771,0.0264220183486239
302773.411807,2765366.126422,0.0999816547422491,0.0603558980003669,0.00495321959273528,0.734911025499908,0.0471473124197395,0.0526508897450009
303273.411807,2765366.126422,0.0413919413919414,0.0815018315018315,0.00476190476190476,0.511355311355311,0.0968864468864469,0.264102564102564
303773.411807,2765366.126422,0.0746788990825688,0.282018348623853,0.0884403669724771,0.0675229357798165,0.0719266055045872,0.415412844036697
304273.411807,2765366.126422,0.167492203265456,0.139974316639149,0.0271509814712897,0.440653091175931,0.0860392588515869,0.138690148596588
304773.411807,2765366.126422,0.149450549450549,0.0783882783882784,0.0164835164835165,0.605860805860806,0.0646520146520147,0.0851648351648352
305273.411807,2765366.126422,0.39045871559633,0.0587155963302752,0.00238532110091743,0.455963302752294,0.0561467889908257,0.0363302752293578
305773.411807,2765366.126422,0.691249312052834,0.0458631443771785,0.00220143093010457,0.0344890845716382,0.0526508897450009,0.173546138323243
306273.411807,2765366.126422,0.45989010989011,0.0549450549450549,0.0032967032967033,0.106593406593407,0.195787545787546,0.179487179487179
306773.411807,2765366.126422,0.445688073394495,0.0948623853211009,0.00770642201834862,0.322385321100917,0.0532110091743119,0.0761467889908257
307273.411807,2765366.126422,0.804072647220693,0.0152265639332233,0,0.017978352595854,0.0300862227114291,0.1326362135388
307773.411807,2765366.126422,0.135714285714286,0.0945054945054945,0.0142857142857143,0.178937728937729,0.197252747252747,0.379304029304029
308273.411807,2765366.126422,0.729908256880734,0.0409174311926606,0,0.0704587155963303,0.0607339449541284,0.0979816513761468
308773.411807,2765366.126422,0.767932489451477,0.00587048248027885,0.00421940928270042,0.0078884608328747,0.0286186020913594,0.18547055586131
309273.411807,2765366.126422,0.650915750915751,0.00879120879120879,0,0.0274725274725275,0.0644688644688645,0.248351648351648
309773.411807,2765366.126422,0.688990825688073,0.044954128440367,0,0.011743119266055,0.0506422018348624,0.203669724770642
310273.411807,2765366.126422,0.870849385433865,0.00275178866263071,0,0.000550357732526142,0.00165107319757843,0.124197394973399
310773.411807,2765366.126422,0.857692307692308,0,0,0.000183150183150183,0,0.142124542124542
311273.411807,2765366.126422,0.705137614678899,0.0159633027522936,0,0.00201834862385321,0.00788990825688073,0.268990825688073
311773.411807,2765366.126422,0.572188589249679,0.0317372959090075,0,0.0139423958906623,0.0779673454412034,0.304164373509448
312273.411807,2765366.126422,0.694322344322344,0.00421245421245421,0,0.0032967032967033,0.00824175824175824,0.28992673992674
312773.411807,2765366.126422,0.931009174311927,0.00440366972477064,0,0,0,0.0645871559633028
300773.411807,2764866.126422,0.116483516483516,0.0545787545787546,0.0043956043956044,0.751098901098901,0.0510989010989011,0.0223443223443223
301273.411807,2764866.126422,0.0432234432234432,0.0360805860805861,0.00402930402930403,0.881501831501831,0.0283882783882784,0.00677655677655678
301773.411807,2764866.126422,0.0214521452145215,0.0154015401540154,0.000366703337000367,0.950861752841951,0.0102676934360103,0.00165016501650165
302273.411807,2764866.126422,0.197069597069597,0.0619047619047619,0.00586080586080586,0.595054945054945,0.0652014652014652,0.0749084249084249
302773.411807,2764866.126422,0.102380952380952,0.0302197802197802,0.00183150183150183,0.774175824175824,0.0364468864468864,0.0549450549450549
303273.411807,2764866.126422,0.0788412174550788,0.135496883021635,0.0663733039970664,0.359185918591859,0.0817748441510818,0.278327832783278
303773.411807,2764866.126422,0.138095238095238,0.119230769230769,0.105128205128205,0.432600732600733,0.0796703296703297,0.125274725274725
304273.411807,2764866.126422,0.165567765567766,0.121978021978022,0.0351648351648352,0.380952380952381,0.0521978021978022,0.244139194139194
304773.411807,2764866.126422,0.286945361202787,0.0603226989365603,0.0548221488815548,0.561056105610561,0.022002200220022,0.0148514851485149
305273.411807,2764866.126422,0.601098901098901,0.0847985347985348,0.00714285714285714,0.143772893772894,0.0902930402930403,0.0728937728937729
305773.411807,2764866.126422,0.696153846153846,0.0578754578754579,0.0131868131868132,0.0891941391941392,0.0783882783882784,0.0652014652014652
306273.411807,2764866.126422,0.446277961129446,0.0601393472680601,0.0414374770810414,0.223322332233223,0.104693802713605,0.124129079574624
306773.411807,2764866.126422,0.325457875457875,0.0567765567765568,0.00897435897435897,0.371978021978022,0.135164835164835,0.101648351648352
307273.411807,2764866.126422,0.143223443223443,0.0891941391941392,0.0282051282051282,0.528388278388278,0.136446886446886,0.0745421245421245
307773.411807,2764866.126422,0.110744407774111,0.105060506050605,0.0247524752475248,0.277044371103777,0.155665566556656,0.326732673267327
308273.411807,2764866.126422,0.481868131868132,0.107142857142857,0.00567765567765568,0.156043956043956,0.13992673992674,0.109340659340659
308773.411807,2764866.126422,0.863369963369963,0.00622710622710623,0,0.010989010989011,0.0194139194139194,0.1
309273.411807,2764866.126422,0.731756508984232,0.0319031903190319,0.00055005500550055,0.0247524752475248,0.0484048404840484,0.162632929959663
309773.411807,2764866.126422,0.755128205128205,0.00952380952380952,0,0.00238095238095238,0.0135531135531136,0.219413919413919
310273.411807,2764866.126422,0.608974358974359,0.0100732600732601,0,0.00494505494505494,0.00989010989010989,0.366117216117216
310773.411807,2764866.126422,0.920792079207921,0.00568390172350568,0,0.000366703337000367,0.00311697836450312,0.07004033736707
311273.411807,2764866.126422,0.722527472527473,0.0263736263736264,0,0.00201465201465201,0.0148351648351648,0.234249084249084
311773.411807,2764866.126422,0.921611721611722,0.00476190476190476,0,0,0,0.0736263736263736
312273.411807,2764866.126422,0.795379537953795,0.0126512651265127,0,0.00898423175650898,0.0161349468280161,0.166850018335167
312773.411807,2764866.126422,0.775641025641026,0.0152014652014652,0,0.00164835164835165,0.00970695970695971,0.197802197802198
300773.411807,2764366.126422,0.596256193797027,0.0282620664342081,0,0.195632226096531,0.0675353275830428,0.112314186089191
301273.411807,2764366.126422,0.19585549238951,0.059600220062351,0.000916926462497708,0.638180817898405,0.077205208142307,0.0282413350449294
301773.411807,2764366.126422,0.117097306212205,0.0278541323071285,0.00109950522264981,0.812900861279091,0.036100421477002,0.00494777350192413
302273.411807,2764366.126422,0.325013763993393,0.0394567810607451,0.000734079647641769,0.493118003303358,0.0710222059093412,0.0706551660855203
302773.411807,2764366.126422,0.216394645149459,0.16798092792958,0.113148725472217,0.267742527049331,0.0397946084724005,0.194938565927013
303273.411807,2764366.126422,0.0258383727322705,0.101520982224666,0.120029320139271,0.335349092908191,0.0830126443100605,0.334249587685542
303773.411807,2764366.126422,0.204991741603964,0.0774454028262066,0.0200036703982382,0.46467241695724,0.101302991374564,0.131583776839787
304273.411807,2764366.126422,0.143407298734641,0.12800293416468,0.0300751879699248,0.450394278378874,0.111681643132221,0.136438657619659
304773.411807,2764366.126422,0.0635880520432472,0.13230712845886,0.0573575224482316,0.617372182517867,0.0469122228330585,0.0824628916987356
305273.411807,2764366.126422,0.283354743989723,0.0833180400073408,0.0216553496054322,0.462653697926225,0.105890989172325,0.0431271792989539
305773.411807,2764366.126422,0.126169081239685,0.122317990097194,0.0436456996148909,0.34384742343664,0.11608289015221,0.24793691545938
306273.411807,2764366.126422,0.250503939893715,0.0518599963349826,0.00403151914971596,0.4304562946674,0.132123877588419,0.131024372365769
306773.411807,2764366.126422,0.147550009175996,0.077995962561938,0.0427601394751331,0.534409983483208,0.124977060011011,0.0723068452927143
307273.411807,2764366.126422,0.113148725472217,0.0733541169998166,0.0135705116449661,0.52814964239868,0.163763066202091,0.10801393728223
307773.411807,2764366.126422,0.145317940260216,0.10756826094924,0.0229063588052043,0.22869708631116,0.174454828660436,0.321055525013744
308273.411807,2764366.126422,0.355111029546706,0.0983666727839971,0.00495503762158194,0.206826940723068,0.187924389796293,0.146815929528354
308773.411807,2764366.126422,0.558958371538603,0.0792224463598019,0.00330093526499175,0.0539152759948652,0.123234916559692,0.181368054282047
309273.411807,2764366.126422,0.490012827560931,0.109767271394539,0.0042147700201576,0.0278541323071285,0.101337731354224,0.26681326736302
309773.411807,2764366.126422,0.810240411084603,0.0119287942741787,0,0.0034868783262984,0.0141310332171041,0.160212883097816
310273.411807,2764366.126422,0.861544104162846,0.0148542086924629,0,0.000916926462497708,0.00421786172748946,0.118466898954704
310773.411807,2764366.126422,0.726589701301081,0.00128275609309144,0,0.00164925783397471,0.00458127176104087,0.265897013010812
311273.411807,2764366.126422,0.769866030464305,0.00311983850247752,0,0.00110111947146265,0.00146815929528354,0.224444852266471
311773.411807,2764366.126422,0.8800660187053,0.00128369704749679,0,0.000916926462497708,0.0053181734824867,0.112415184302219
312273.411807,2764366.126422,0.719076415612974,0.00146600696353308,0,0.0155763239875389,0.0166758292101887,0.247205424225765
312773.411807,2764366.126422,0.711690218388695,0.0143145531290145,0,0.000550559735731327,0.0163332721600294,0.25711139658653
300773.411807,2763866.126422,0.253394495412844,0.0495412844036697,0,0.388807339449541,0.208807339449541,0.0994495412844037
301273.411807,2763866.126422,0.0709961474958723,0.0447624289121262,0.00605393505778756,0.791597871950101,0.0843881856540084,0.00220143093010457
301773.411807,2763866.126422,0.663736263736264,0.0424908424908425,0.000915750915750916,0.158791208791209,0.0534798534798535,0.0805860805860806
302273.411807,2763866.126422,0.272293577981651,0.0788990825688073,0.00623853211009174,0.389357798165138,0.0893577981651376,0.163853211009174
302773.411807,2763866.126422,0.0717299578059072,0.152082186754724,0.123280132085856,0.22252797651807,0.0996147495872317,0.330764997248211
303273.411807,2763866.126422,0.173992673992674,0.181684981684982,0.0141025641025641,0.373443223443223,0.0875457875457875,0.169230769230769
303773.411807,2763866.126422,0.29743119266055,0.0596330275229358,0.00623853211009174,0.269908256880734,0.0777981651376147,0.288990825688073
304273.411807,2763866.126422,0.0887910475142176,0.0357732526141992,0.0174279948633278,0.811410750321042,0.0350394423041644,0.011557512383049
304773.411807,2763866.126422,0.0254578754578755,0.0203296703296703,0.00604395604395604,0.91959706959707,0.0267399267399267,0.00183150183150183
305273.411807,2763866.126422,0.0888073394495413,0.096697247706422,0.0238532110091743,0.558899082568807,0.124403669724771,0.107339449541284
305773.411807,2763866.126422,0.109521188772702,0.167308750687947,0,0.597871950100899,0.0875068794716566,0.0377912309667951
306273.411807,2763866.126422,0.127838827838828,0.192307692307692,0,0.635531135531135,0.0358974358974359,0.00842490842490842
306773.411807,2763866.126422,0.0873394495412844,0.118715596330275,0.0102752293577982,0.575412844036697,0.106238532110092,0.102018348623853
307273.411807,2763866.126422,0.0939277196844616,0.111906072280316,0.0108237020730141,0.388552559163456,0.14125848468171,0.253531462117043
307773.411807,2763866.126422,0.427289377289377,0.142124542124542,0.0163003663003663,0.0424908424908425,0.0847985347985348,0.286996336996337
308273.411807,2763866.126422,0.660917431192661,0.0253211009174312,0,0.00752293577981651,0.0510091743119266,0.255229357798165
308773.411807,2763866.126422,0.691983122362869,0.0300862227114291,0.000183452577508714,0.00770500825536599,0.023115024766098,0.246927169326729
309273.411807,2763866.126422,0.802747252747253,0.0249084249084249,0,0.0120879120879121,0.03003663003663,0.13021978021978
309773.411807,2763866.126422,0.870642201834862,0.000917431192660551,0,0.00128440366972477,0.00256880733944954,0.124587155963303
310273.411807,2763866.126422,0.884057971014493,0.00678774536782242,0,0,0.000366905155017428,0.108787378462667
310773.411807,2763866.126422,0.953113553113553,0.000366300366300366,0,0,0,0.0465201465201465
311273.411807,2763866.126422,0.915045871559633,0.00715596330275229,0,0,0,0.0777981651376147
311773.411807,2763866.126422,0.89157952669235,0.0152265639332233,0,0,0,0.0931939093744267
312273.411807,2763866.126422,0.866483516483517,0.00256410256410256,0,0,0.00274725274725275,0.128205128205128
312773.411807,2763866.126422,0.982201834862385,0,0,0,0,0.0177981651376147
300773.411807,2763366.126422,0.540659340659341,0.0716117216117216,0,0.0514652014652015,0.133333333333333,0.202930402930403
301273.411807,2763366.126422,0.535714285714286,0.165750915750916,0.000915750915750916,0.168131868131868,0.028021978021978,0.101465201465201
301773.411807,2763366.126422,0.570773744041071,0.154382104877154,0,0.0432709937660433,0.0975430876420975,0.134030069673634
302273.411807,2763366.126422,0.0807692307692308,0.10018315018315,0,0.26996336996337,0.191575091575092,0.357509157509158
302773.411807,2763366.126422,0.0335164835164835,0.0679487179487179,0.195604395604396,0.262454212454212,0.0547619047619048,0.385714285714286
303273.411807,2763366.126422,0.15951595159516,0.11019435276861,0.0141180784745141,0.512467913458012,0.115694902823616,0.088008800880088
303773.411807,2763366.126422,0.0860805860805861,0.0989010989010989,0.0360805860805861,0.693406593406593,0.0456043956043956,0.0399267399267399
304273.411807,2763366.126422,0.135164835164835,0.0642857142857143,0.00750915750915751,0.62967032967033,0.104761904761905,0.0586080586080586
304773.411807,2763366.126422,0.0671067106710671,0.0553722038870554,0.0328199486615328,0.792445911257792,0.0405207187385405,0.0117345067840117
305273.411807,2763366.126422,0.0694139194139194,0.121978021978022,0.0315018315018315,0.551465201465202,0.147619047619048,0.078021978021978
305773.411807,2763366.126422,0.0732600732600733,0.119230769230769,0.0102564102564103,0.382417582417582,0.167765567765568,0.247069597069597
306273.411807,2763366.126422,0.258342500916758,0.246974697469747,0.0201686835350202,0.215804913824716,0.118811881188119,0.13989732306564
306773.411807,2763366.126422,0.503296703296703,0.111538461538462,0,0.0172161172161172,0.0485347985347985,0.319413919413919
307273.411807,2763366.126422,0.569413919413919,0.0364468864468864,0,0.00824175824175824,0.0428571428571429,0.343040293040293
307773.411807,2763366.126422,0.385405207187385,0.0335533553355336,0,0.0135680234690136,0.0443711037770444,0.523102310231023
308273.411807,2763366.126422,0.908241758241758,0.00384615384615385,0,0.00641025641025641,0.00970695970695971,0.0717948717948718
308773.411807,2763366.126422,0.582051282051282,0.0133699633699634,0,0.010989010989011,0.0501831501831502,0.343406593406593
309273.411807,2763366.126422,0.7995966263293,0.00385038503850385,0,0.00513384671800513,0.0205353868720205,0.170883755042171
309773.411807,2763366.126422,0.921794871794872,0.0010989010989011,0,0.00128205128205128,0.00274725274725275,0.0730769230769231
310273.411807,2763366.126422,0.956593406593407,0.00787545787545788,0,0.000183150183150183,0.00311355311355311,0.0322344322344322
310773.411807,2763366.126422,0.978547854785479,0.00256692335900257,0,0,0,0.0188852218555189
311273.411807,2763366.126422,0.926739926739927,0.0120879120879121,0,0.000183150183150183,0.000183150183150183,0.0608058608058608
311773.411807,2763366.126422,0.885347985347985,0.00586080586080586,0,0.0010989010989011,0.00183150183150183,0.105860805860806
312273.411807,2763366.126422,0.917858452511918,0.0066006600660066,0,0.00165016501650165,0.0106343967730106,0.0632563256325633
312773.411807,2763366.126422,0.953846153846154,0,0,0,0,0.0461538461538462
300773.411807,2762866.126422,0.870434942191228,0.0154156726004772,0,0.00238575885483575,0.0205542301339695,0.0912093962194898
301273.411807,2762866.126422,0.822116266275445,0.00385109114249037,0,0.000183385292499542,0.00146708233999633,0.172382174949569
301773.411807,2762866.126422,0.807036833424959,0.0276708814366868,0,0.00714678394722375,0.0560747663551402,0.10207073483599
302273.411807,2762866.126422,0.140576252523399,0.0728574050284456,0,0.541567260047715,0.20315654248486,0.0418425399155808
302773.411807,2762866.126422,0.061617458279846,0.0678525582248304,0.0583165230148542,0.40399779937649,0.146708233999633,0.261507427104346
303273.411807,2762866.126422,0.111416529228514,0.0969397104636247,0.0753161077515118,0.368517500458127,0.0828293934396188,0.264980758658604
303773.411807,2762866.126422,0.14094329234722,0.0517526151587447,0.0108276748027161,0.671315837768398,0.084235639566893,0.0409249403560286
304273.411807,2762866.126422,0.161195672107097,0.0933431138822666,0.0124701998899688,0.626810929763433,0.0806895286997983,0.0254905556574363
304773.411807,2762866.126422,0.100971229613341,0.0489279824079164,0.0139270661535642,0.722558182151365,0.0657870624885468,0.0478284771852666
305273.411807,2762866.126422,0.146448889704533,0.0756102037071022,0.0789135621214902,0.616993943842907,0.0570746926041475,0.0249587080198202
305773.411807,2762866.126422,0.327709517696681,0.13992297817715,0.0397946084724005,0.182101595452045,0.0830735375022923,0.227397762699432
306273.411807,2762866.126422,0.697819314641745,0.0241891148982958,0.000183250870441635,0.00183250870441635,0.0166758292101887,0.259299981674913
306773.411807,2762866.126422,0.672967516975592,0.0260598274912828,0,0.00660671682877592,0.0247751881079097,0.26959075059644
307273.411807,2762866.126422,0.606638547588483,0.00421786172748946,0,0.000733541169998166,0.00458463231248854,0.38382541720154
307773.411807,2762866.126422,0.705699102070735,0.0417811984606927,0,0.00293201392706615,0.0109950522264981,0.238592633315008
308273.411807,2762866.126422,0.65131216737016,0.0185355111029547,0,0.00201871903101487,0.00697375665259681,0.321159845843274
308773.411807,2762866.126422,0.681276361635797,0.00916926462497708,0,0.00238400880249404,0.00733541169998166,0.29983495323675
309273.411807,2762866.126422,0.777716694154297,0.00733003481766538,0,0.000733003481766538,0.00714678394722375,0.207073483599047
309773.411807,2762866.126422,0.72196733345568,0.0341347036153423,0,0.000917599559552211,0.0133969535694623,0.229583409799963
310273.411807,2762866.126422,0.680359435173299,0.0097194205024757,0,0.00293416467999266,0.013203741059967,0.293783238584266
310773.411807,2762866.126422,0.886567711196628,0.00219901044529962,0,0.000549752611324904,0.00403151914971596,0.106652006597031
311273.411807,2762866.126422,0.959809139291613,0,0,0.00110111947146265,0.000183519911910442,0.0389062213250138
311773.411807,2762866.126422,0.974142673757565,0.000183385292499542,0,0,0,0.0256739409499358
312273.411807,2762866.126422,0.969946857247572,0,0,0,0,0.0300531427524281
312773.411807,2762866.126422,0.955221141493852,0.00660671682877592,0,0,0,0.038172141677372
300773.411807,2762366.126422,0.948256880733945,0.00385321100917431,0,0,0,0.0478899082568807
301273.411807,2762366.126422,0.944046963859842,0.0188956154833975,0,0.000183452577508714,0.00110071546505228,0.0357732526141992
301773.411807,2762366.126422,0.632417582417582,0.041025641025641,0,0.0236263736263736,0.0880952380952381,0.214835164835165
302273.411807,2762366.126422,0.197247706422018,0.107706422018349,0.00018348623853211,0.571743119266055,0.105871559633028,0.0172477064220183
302773.411807,2762366.126422,0.172261970280682,0.150431113557145,0,0.0728306732709595,0.191891396074115,0.412584846817098
303273.411807,2762366.126422,0.114835164835165,0.113553113553114,0.0265567765567766,0.123626373626374,0.148901098901099,0.472527472527473
303773.411807,2762366.126422,0.159633027522936,0.088256880733945,0.0623853211009174,0.121467889908257,0.0932110091743119,0.475045871559633
304273.411807,2762366.126422,0.208769033204917,0.154833975417355,0.0254999082737112,0.460099064391855,0.0953953403045313,0.0554026784076316
304773.411807,2762366.126422,0.157509157509158,0.097985347985348,0.0635531135531135,0.571611721611722,0.0826007326007326,0.0267399267399267
305273.411807,2762366.126422,0.503853211009174,0.0935779816513762,0.00715596330275229,0.231009174311927,0.0860550458715596,0.078348623853211
305773.411807,2762366.126422,0.784993579159787,0.00972298660796184,0,0.000366905155017428,0.00476976701522656,0.200146762062007
306273.411807,2762366.126422,0.668315018315018,0.0021978021978022,0,0.000183150183150183,0.000915750915750916,0.328388278388278
306773.411807,2762366.126422,0.751559633027523,0.0036697247706422,0,0,0,0.244770642201835
307273.411807,2762366.126422,0.512383048981838,0.00953953403045313,0,0.00513667217024399,0.0262337185837461,0.446707026233719
307773.411807,2762366.126422,0.927655677655678,0.00128205128205128,0,0.000366300366300366,0.00256410256410256,0.0681318681318681
308273.411807,2762366.126422,0.719449541284404,0.00825688073394495,0,0.00165137614678899,0.00568807339449541,0.264954128440367
308773.411807,2762366.126422,0.474958723170061,0.0124747752705926,0,0.0119244175380664,0.0346725371491469,0.465969546872134
309273.411807,2762366.126422,0.547802197802198,0.0412087912087912,0,0.00457875457875458,0.0373626373626374,0.369047619047619
309773.411807,2762366.126422,0.710642201834862,0.0198165137614679,0.00036697247706422,0.00385321100917431,0.0100917431192661,0.255229357798165
310273.411807,2762366.126422,0.694184553292974,0.0161438268207668,0,0.002568336085122,0.0159603742432581,0.271142909557879
310773.411807,2762366.126422,0.96978021978022,0.00842490842490842,0,0,0,0.0217948717948718
311273.411807,2762366.126422,0.944587155963303,0.0036697247706422,0,0,0.00256880733944954,0.0491743119266055
311773.411807,2762366.126422,0.993946064942212,0.000183452577508714,0,0,0,0.00587048248027885
312273.411807,2762366.126422,0.996153846153846,0.0021978021978022,0,0,0,0.00164835164835165
312773.411807,2762366.126422,0.963669724770642,0.00238532110091743,0,0,0,0.0339449541284404
300773.411807,2761866.126422,0.943040293040293,0.0424908424908425,0,0,0,0.0144688644688645
301273.411807,2761866.126422,0.820695970695971,0.0465201465201465,0,0.0102564102564103,0.052014652014652,0.0705128205128205
301773.411807,2761866.126422,0.156949028236157,0.150715071507151,0.0100843417675101,0.411807847451412,0.165199853318665,0.105243857719105
302273.411807,2761866.126422,0.117765567765568,0.0813186813186813,0.00677655677655678,0.505128205128205,0.130952380952381,0.158058608058608
302773.411807,2761866.126422,0.165018315018315,0.104029304029304,0,0.358608058608059,0.206043956043956,0.166300366300366
303273.411807,2761866.126422,0.230839750641731,0.0817748441510818,0,0.237623762376238,0.205353868720205,0.244407774110744
303773.411807,2761866.126422,0.105677655677656,0.058974358974359,0.0521978021978022,0.235531135531136,0.193223443223443,0.354395604395604
304273.411807,2761866.126422,0.178571428571429,0.144871794871795,0.0921245421245421,0.341025641025641,0.0972527472527473,0.146153846153846
304773.411807,2761866.126422,0.42977631096443,0.0606894022735607,0.0044004400440044,0.424459112577924,0.0566556655665567,0.024019068573524
305273.411807,2761866.126422,0.697802197802198,0.0538461538461538,0,0.0131868131868132,0.0399267399267399,0.195238095238095
305773.411807,2761866.126422,0.691941391941392,0.0221611721611722,0,0.00128205128205128,0.0135531135531136,0.271062271062271
306273.411807,2761866.126422,0.336633663366337,0.00751741840850752,0,0.0188852218555189,0.0306197286395306,0.606343967730106
306773.411807,2761866.126422,0.50970695970696,0.00677655677655678,0,0.000915750915750916,0.00457875457875458,0.478021978021978
307273.411807,2761866.126422,0.832600732600733,0.00347985347985348,0,0.000366300366300366,0.0010989010989011,0.162454212454212
307773.411807,2761866.126422,0.846901356802347,0.00366703337000367,0,0.000916758342500917,0.00128346167950128,0.147231389805647
308273.411807,2761866.126422,0.915201465201465,0.000366300366300366,0,0.000183150183150183,0.00201465201465201,0.0822344322344322
308773.411807,2761866.126422,0.776739926739927,0.00952380952380952,0,0,0.00256410256410256,0.211172161172161
309273.411807,2761866.126422,0.947561422808948,0.015951595159516,0,0,0,0.0364869820315365
309773.411807,2761866.126422,0.994322344322344,0.000732600732600733,0,0,0,0.00494505494505494
310273.411807,2761866.126422,0.931684981684982,0.00531135531135531,0,0,0.000366300366300366,0.0626373626373626
310773.411807,2761866.126422,0.988815548221489,0.00146681334800147,0,0,0,0.00971763843050972
311273.411807,2761866.126422,0.903479853479853,0.0142857142857143,0,0,0.000183150183150183,0.0820512820512821
311773.411807,2761866.126422,0.984065934065934,0,0,0,0,0.0159340659340659
312273.411807,2761866.126422,0.947011367803447,0.000366703337000367,0,0.00128346167950128,0.00476714338100477,0.0465713237990466
312773.411807,2761866.126422,0.954212454212454,0.00238095238095238,0,0,0.000732600732600733,0.0426739926739927
300773.411807,2761366.126422,0.588364837584878,0.0192695907505964,0,0.0893741971003854,0.132501376399339,0.170489998164801
301273.411807,2761366.126422,0.195121951219512,0.048413717219879,0,0.338712635246653,0.222079589216945,0.195672107097011
301773.411807,2761366.126422,0.326003298515668,0.126443100604728,0.00128275609309144,0.282756093091442,0.144768187648891,0.118746564046179
302273.411807,2761366.126422,0.347770233070288,0.0657001284639383,0,0.0456964580657001,0.135437694989906,0.405395485410167
302773.411807,2761366.126422,0.359618558591601,0.0535485054098661,0,0.0700531817348249,0.30808729139923,0.208692462864478
303273.411807,2761366.126422,0.272677295217152,0.0489279824079164,0,0.0298698918819864,0.101704233095107,0.546820597397838
303773.411807,2761366.126422,0.240044044778859,0.0807487612405946,0.00605615709304459,0.355478069370527,0.165534960543219,0.152138006973757
304273.411807,2761366.126422,0.124518613607189,0.0768384375573079,0.118833669539703,0.543187236383642,0.0495140289748762,0.0871080139372822
304773.411807,2761366.126422,0.929814916620854,0.0188748396554884,0.00109950522264981,0.0117280557082646,0.0124610591900312,0.0260216236027121
305273.411807,2761366.126422,0.786749862360066,0.0735914846760874,0,0.00311983850247752,0.0137639933932832,0.122774821068086
305773.411807,2761366.126422,0.765450210893086,0.030808729139923,0.000733541169998166,0.00458463231248854,0.0374105996699065,0.161012286814597
306273.411807,2761366.126422,0.764705882352941,0.00109950522264981,0,0.000366501740883269,0.00146600696353308,0.232362103719993
306773.411807,2761366.126422,0.977060011011195,0.0139475133051936,0,0,0,0.00899247568361167
307273.411807,2761366.126422,0.643132220795892,0.0232899321474418,0,0.00586832935998533,0.0170548322024574,0.310654685494223
307773.411807,2761366.126422,0.900861279091076,0,0,0.00201575957485798,0.00641378046545721,0.0907091808686091
308273.411807,2761366.126422,0.881813176729675,0.00220223894292531,0,0.00201871903101487,0.00458799779776106,0.109377867498624
308773.411807,2761366.126422,0.8798826334128,0.0319090408949202,0,0.000916926462497708,0.0106363469649734,0.0766550522648084
309273.411807,2761366.126422,0.979292651640095,0,0,0,0,0.0207073483599047
309773.411807,2761366.126422,0.989172325197284,0.000367039823820885,0,0,0.000550559735731327,0.00991007524316388
310273.411807,2761366.126422,0.937465615257656,0.000183385292499542,0,0.000550155877498625,0.000183385292499542,0.061617458279846
310773.411807,2761366.126422,0.976360637713029,0,0,0,0,0.0236393622869709
311273.411807,2761366.126422,0.824187924389796,0.00330335841438796,0,0.0126628739218205,0.0346852633510736,0.125160579922922
311773.411807,2761366.126422,0.841738492572896,0.00165046763249587,0,0.00476801760498808,0.0117366587199707,0.14010636346965
312273.411807,2761366.126422,0.862012094557449,0.00714678394722375,0,0.00201575957485798,0.00274876305662452,0.126076598863845
312773.411807,2761366.126422,0.877775738667645,0.00275279867865663,0,0.00513855753349238,0.0108276748027161,0.103505230317489
300773.411807,2760866.126422,0.359449541284404,0.0436697247706422,0.0018348623853211,0.0836697247706422,0.14256880733945,0.368807339449541
301273.411807,2760866.126422,0.392038158136122,0.0297193175564117,0,0.066042927903137,0.13557145477894,0.37662814162539
301773.411807,2760866.126422,0.423260073260073,0.0582417582417582,0,0.0318681318681319,0.146886446886447,0.33974358974359
302273.411807,2760866.126422,0.507522935779817,0.0688073394495413,0,0.0179816513761468,0.121651376146789,0.284036697247706
302773.411807,2760866.126422,0.421940928270042,0.0691616217207852,0,0.0410933773619519,0.17409649605577,0.293707576591451
303273.411807,2760866.126422,0.638644688644689,0.228205128205128,0,0.0249084249084249,0.0598901098901099,0.0483516483516484
303773.411807,2760866.126422,0.655596330275229,0.106422018348624,0,0.0245871559633028,0.0915596330275229,0.121834862385321
304273.411807,2760866.126422,0.205833791964777,0.0753990093560815,0.140524674371675,0.278481012658228,0.166208035222895,0.133553476426344
304773.411807,2760866.126422,0.621428571428571,0.0391941391941392,0.0010989010989011,0.0644688644688645,0.111172161172161,0.162637362637363
305273.411807,2760866.126422,0.638899082568807,0.156880733944954,0,0.043302752293578,0.100366972477064,0.0605504587155963
305773.411807,2760866.126422,0.596587782058338,0.0423775454045129,0.000366905155017428,0.0684278114107503,0.133186571271326,0.159053384700055
306273.411807,2760866.126422,0.62967032967033,0.0626373626373626,0.000183150183150183,0.067032967032967,0.158241758241758,0.0822344322344322
306773.411807,2760866.126422,0.580550458715596,0.155229357798165,0,0.0502752293577982,0.139633027522936,0.0743119266055046
307273.411807,2760866.126422,0.738763529627591,0.0957622454595487,0,0.00752155567785727,0.0254999082737112,0.132452760961291
307773.411807,2760866.126422,0.965934065934066,0.00769230769230769,0,0,0.00183150183150183,0.0245421245421245
308273.411807,2760866.126422,0.989908256880734,0.00275229357798165,0,0,0.00036697247706422,0.00697247706422018
308773.411807,2760866.126422,0.946982205099982,0.000550357732526142,0,0,0,0.0524674371674922
309273.411807,2760866.126422,0.81007326007326,0.000549450549450549,0,0.00604395604395604,0.0111721611721612,0.172161172161172
309773.411807,2760866.126422,0.798899082568807,0.00256880733944954,0,0.00348623853211009,0.00990825688073394,0.185137614678899
310273.411807,2760866.126422,0.918363603008622,0,0,0,0.000183452577508714,0.081452944413869
310773.411807,2760866.126422,0.783882783882784,0.0238095238095238,0,0.00769230769230769,0.0249084249084249,0.15970695970696
311273.411807,2760866.126422,0.944587155963303,0.00477064220183486,0,0.00055045871559633,0.00055045871559633,0.0495412844036697
311773.411807,2760866.126422,0.987892129884425,0.000733810310034856,0,0,0,0.0113740598055403
312273.411807,2760866.126422,0.983333333333333,0.000183150183150183,0,0,0,0.0164835164835165
312773.411807,2760866.126422,0.985688073394495,0,0,0,0,0.0143119266055046
300773.411807,2760366.126422,0.506593406593407,0.034981684981685,0,0.0690476190476191,0.120879120879121,0.268498168498168
301273.411807,2760366.126422,0.472344322344322,0.0294871794871795,0,0.0666666666666667,0.157326007326007,0.274175824175824
301773.411807,2760366.126422,0.435643564356436,0.0951595159515952,0.00751741840850752,0.0407040704070407,0.211404473780711,0.20957095709571
302273.411807,2760366.126422,0.545054945054945,0.0551282051282051,0.0126373626373626,0.0236263736263736,0.146336996336996,0.217216117216117
302773.411807,2760366.126422,0.550732600732601,0.0490842490842491,0,0.00989010989010989,0.0926739926739927,0.297619047619048
303273.411807,2760366.126422,0.793362669600293,0.178401173450678,0,0.00201686835350202,0.00733406674000733,0.0188852218555189
303773.411807,2760366.126422,0.835531135531136,0.0697802197802198,0,0.0197802197802198,0.00934065934065934,0.0655677655677656
304273.411807,2760366.126422,0.514652014652015,0.0747252747252747,0.120512820512821,0.0271062271062271,0.0402930402930403,0.222710622710623
304773.411807,2760366.126422,0.378071140447378,0.137513751375138,0.0366703337000367,0.0597726439310598,0.0280528052805281,0.35991932526586
305273.411807,2760366.126422,0.523076923076923,0.121611721611722,0,0.08003663003663,0.139377289377289,0.135897435897436
305773.411807,2760366.126422,0.523809523809524,0.10989010989011,0.000549450549450549,0.030952380952381,0.156410256410256,0.178388278388278
306273.411807,2760366.126422,0.783094976164283,0.0364869820315365,0,0.0143014301430143,0.0443711037770444,0.121745507884122
306773.411807,2760366.126422,0.873992673992674,0.00604395604395604,0,0.00201465201465201,0.00805860805860806,0.10989010989011
307273.411807,2760366.126422,0.71025641025641,0.0102564102564103,0,0.0021978021978022,0.0183150183150183,0.258974358974359
307773.411807,2760366.126422,0.813164649798313,0.0256692335900257,0,0.00458379171250458,0.0249358269160249,0.131646497983132
308273.411807,2760366.126422,0.685714285714286,0.0263736263736264,0,0.00952380952380952,0.0335164835164835,0.244871794871795
308773.411807,2760366.126422,0.863186813186813,0.00256410256410256,0,0.00164835164835165,0.00457875457875458,0.128021978021978
309273.411807,2760366.126422,0.838650531719839,0.0133846718005134,0,0.00366703337000367,0.0132013201320132,0.131096442977631
309773.411807,2760366.126422,0.900915750915751,0.0272893772893773,0,0.000549450549450549,0.00366300366300366,0.0675824175824176
310273.411807,2760366.126422,0.860805860805861,0.0298534798534799,0,0,0.000183150183150183,0.109157509157509
310773.411807,2760366.126422,0.874954162082875,0.0055005500550055,0,0,0,0.11954528786212
311273.411807,2760366.126422,0.911904761904762,0.000183150183150183,0,0,0.00201465201465201,0.0858974358974359
311773.411807,2760366.126422,0.984432234432234,0,0,0,0,0.0155677655677656
312273.411807,2760366.126422,0.996149614961496,0,0,0,0,0.00385038503850385
312773.411807,2760366.126422,0.906227106227106,0.000366300366300366,0,0.000915750915750916,0.00311355311355311,0.0893772893772894
300773.411807,2759866.126422,0.502661038722701,0.114149385208295,0.00110111947146265,0.143145531290145,0.113231785648743,0.125711139658653
301273.411807,2759866.126422,0.878232165780304,0.00183385292499542,0,0.0022006235099945,0.010819732257473,0.106913625527233
301773.411807,2759866.126422,0.889133223382811,0.0390324354040682,0,0.00164925783397471,0.024555616639179,0.045629466739967
302273.411807,2759866.126422,0.666727839970637,0.0614791704899982,0,0.00311983850247752,0.0686364470545054,0.200036703982382
302773.411807,2759866.126422,0.592884650651018,0.0418118466898955,0.000733541169998166,0.00715202640748212,0.0515312671923712,0.305886667889235
303273.411807,2759866.126422,0.343961883818948,0.168041048194979,0,0.0947407000183251,0.155946490745831,0.237309877221917
303773.411807,2759866.126422,0.214718296935217,0.220957973940172,0.00642319691686548,0.080932281152505,0.150853367590384,0.326114883464856
304273.411807,2759866.126422,0.582431688978544,0.0662020905923345,0.06400146708234,0.0139372822299652,0.0231065468549422,0.250320924261874
304773.411807,2759866.126422,0.601246105919003,0.0133773135422393,0.000733003481766538,0.0124610591900312,0.0307861462341946,0.341396371632765
305273.411807,2759866.126422,0.774821068085887,0.0229399889888053,0.0412919801798495,0.0521196549825656,0.0194531106625069,0.0893741971003854
305773.411807,2759866.126422,0.925912341830185,0.00201723821749496,0,0,0,0.0720704199523198
306273.411807,2759866.126422,0.938977460142936,0.015026571376214,0,0.000183250870441635,0.00201575957485798,0.0437969580355507
306773.411807,2759866.126422,0.934483391447972,0.00972655533125344,0,0,0.0012846393833731,0.0545054138374014
307273.411807,2759866.126422,0.907207041995232,0.00623509994498441,0,0.000183385292499542,0.00330093526499175,0.0830735375022923
307773.411807,2759866.126422,0.842404251420194,0.00641378046545721,0,0.00146600696353308,0.00494777350192413,0.144768187648891
