"x","y","forest","agri","water","built","other","grass"
199273.411807,2682366.126422,0,0,0.308915388983532,0.691084611016468,0,0
199773.411807,2682366.126422,0.00513384671800513,0.0397873120645398,0.201686835350202,0.691602493582692,0.0135680234690136,0.0482214888155482
200273.411807,2682366.126422,0.0269230769230769,0.0604395604395604,0.0558608058608059,0.788095238095238,0.0542124542124542,0.0144688644688645
200773.411807,2682366.126422,0.00274725274725275,0.0428571428571429,0.150915750915751,0.620512820512821,0.13021978021978,0.0527472527472527
201273.411807,2682366.126422,0.00568390172350568,0.0911257792445911,0.0595892922625596,0.676934360102677,0.0817748441510818,0.0848918225155849
201773.411807,2682366.126422,0.0481684981684982,0.365750915750916,0.045970695970696,0.201282051282051,0.0961538461538462,0.242673992673993
202273.411807,2682366.126422,0.0644688644688645,0.191758241758242,0.00787545787545788,0.153663003663004,0.114102564102564,0.468131868131868
202773.411807,2682366.126422,0.0174184085075174,0.0848918225155849,0.0891089108910891,0.741840850751742,0.0438210487715438,0.0229189585625229
203273.411807,2682366.126422,0.0161172161172161,0.0201465201465201,0.0327838827838828,0.849084249084249,0.0626373626373626,0.0192307692307692
203773.411807,2682366.126422,0.013003663003663,0.0644688644688645,0.0366300366300366,0.79981684981685,0.0445054945054945,0.0415750915750916
204273.411807,2682366.126422,0.0185185185185185,0.101760176017602,0.0135680234690136,0.637880454712138,0.0977264393105977,0.130546387972131
204773.411807,2682366.126422,0.0223443223443223,0.29981684981685,0.00311355311355311,0.207875457875458,0.0794871794871795,0.387362637362637
205273.411807,2682366.126422,0.0307692307692308,0.502564102564103,0,0.194139194139194,0.0565934065934066,0.215934065934066
205773.411807,2682366.126422,0.0515218188485515,0.101393472680601,0.00238357169050238,0.614411441144114,0.0999266593325999,0.13036303630363
206273.411807,2682366.126422,0.0703296703296703,0.0725274725274725,0.000915750915750916,0.332051282051282,0.0476190476190476,0.476556776556777
206773.411807,2682366.126422,0.0796703296703297,0.0122710622710623,0,0.162637362637363,0.216666666666667,0.528754578754579
207273.411807,2682366.126422,0.0392372570590392,0.0612394572790612,0,0.0562889622295563,0.167033370003667,0.676200953428676
207773.411807,2682366.126422,0.043956043956044,0.167399267399267,0,0.150915750915751,0.167948717948718,0.46978021978022
208273.411807,2682366.126422,0.0906593406593407,0.106593406593407,0,0.265201465201465,0.201465201465201,0.336080586080586
208773.411807,2682366.126422,0.0826916024935827,0.193802713604694,0.0022002200220022,0.177484415108177,0.166483314998166,0.377337733773377
209273.411807,2682366.126422,0.104945054945055,0.123076923076923,0.00366300366300366,0.264468864468864,0.11043956043956,0.393406593406593
209773.411807,2682366.126422,0.185347985347985,0.100549450549451,0.00586080586080586,0.197619047619048,0.256227106227106,0.254395604395604
210273.411807,2682366.126422,0.0385038503850385,0.0828749541620829,0,0.558489182251559,0.156582324899157,0.163549688302164
210773.411807,2682366.126422,0.0963369963369963,0.0921245421245421,0,0.136263736263736,0.132783882783883,0.542490842490842
211273.411807,2682366.126422,0.0294871794871795,0.039010989010989,0,0.217032967032967,0.0866300366300366,0.627838827838828
211773.411807,2682366.126422,0.00853321033210332,0.0465867158671587,0,0.0839483394833948,0.0212177121771218,0.839714022140221
199273.411807,2681866.126422,0,0,0.412802275960171,0.587197724039829,0,0
199773.411807,2681866.126422,0.00109950522264981,0.00678028220634048,0.154480483782298,0.829210188748397,0.00806303829943192,0.000366501740883269
200273.411807,2681866.126422,0.047715177096715,0.0345017434391632,0.0497338961277299,0.707285740502845,0.0989172325197284,0.0618462103138191
200773.411807,2681866.126422,0.0416284613973959,0.0485971025123785,0.0517146524848707,0.737759031725656,0.10416284613974,0.0161379057399597
201273.411807,2681866.126422,0.00494777350192413,0.449331134322888,0.0406816932380429,0.45519516217702,0.0317024005864028,0.0181418361737218
201773.411807,2681866.126422,0.0374380620297302,0.247751881079097,0.0339511837034318,0.478252890438613,0.0913929161314003,0.111213066617728
202273.411807,2681866.126422,0.00715202640748212,0.0097194205024757,0.022006235099945,0.915459380157711,0.0403447643498991,0.0053181734824867
202773.411807,2681866.126422,0.0282206340480117,0.48433205057724,0.0474619754443834,0.320689023272861,0.0408649441084845,0.0784313725490196
203273.411807,2681866.126422,0.0478986970086254,0.281336024958708,0.0135804734813727,0.503945678106074,0.106992108643788,0.0462470178014315
203773.411807,2681866.126422,0.0370438290849074,0.296717403264258,0.00916926462497708,0.50412616908124,0.0938932697597653,0.0590500641848524
204273.411807,2681866.126422,0.0243723657687374,0.175554333883086,0.00183250870441635,0.620670698185816,0.101520982224666,0.0760491112332784
204773.411807,2681866.126422,0.0578087722517893,0.20315654248486,0.000183519911910442,0.408882363736465,0.124977060011011,0.204991741603964
205273.411807,2681866.126422,0.041995231982395,0.0896754080322758,0.0183385292499542,0.642765450210893,0.0905923344947735,0.116633046029708
205773.411807,2681866.126422,0.0100787978742899,0.00696353307678211,0.028587135788895,0.935862195345428,0.0179585853032802,0.000549752611324904
206273.411807,2681866.126422,0.0499174160396403,0.0334006239677005,0.00495503762158194,0.789502661038723,0.0836850798311617,0.0385391815011929
206773.411807,2681866.126422,0.10801393728223,0.0297084173849257,0.000366770584999083,0.569044562626077,0.145057766367137,0.14780854575463
207273.411807,2681866.126422,0.157962250320689,0.0491112332783581,0,0.103353490929082,0.150815466373465,0.538757559098406
207773.411807,2681866.126422,0.0614791704899982,0.182785832262801,0,0.00623967700495504,0.0216553496054322,0.727839970636814
208273.411807,2681866.126422,0.0893086374472767,0.0557491289198606,0,0.01998899688245,0.0676691729323308,0.767284063818082
208773.411807,2681866.126422,0.15924500641378,0.168407549935862,0,0.0681693238042881,0.0736668499175371,0.530511269928532
209273.411807,2681866.126422,0.168287759221876,0.188658469443935,0,0.058909891723252,0.138006973756653,0.446136905854285
209773.411807,2681866.126422,0.141206675224647,0.14817531633963,0.000733541169998166,0.201173665871997,0.115716119567211,0.392994681826518
210273.411807,2681866.126422,0.0179585853032802,0.104819497892615,0.00623052959501558,0.44511636430273,0.229246838922485,0.196628183983874
210773.411807,2681866.126422,0.0440447788585061,0.103321710405579,0.00183519911910442,0.516975591851716,0.164066801247935,0.169755918517159
211273.411807,2681866.126422,0.0548322024573629,0.0671190170548322,0,0.352283146891619,0.257472950669356,0.268292682926829
211773.411807,2681866.126422,0.0491349480968858,0.0332179930795848,0,0.467589388696655,0.118339100346021,0.331718569780854
199273.411807,2681366.126422,0,0,0.904409672830725,0.0955903271692745,0,0
199773.411807,2681366.126422,0.0206959706959707,0.0445054945054945,0.0346153846153846,0.857692307692308,0.0377289377289377,0.00476190476190476
200273.411807,2681366.126422,0.0355963302752294,0.011743119266055,0.0528440366972477,0.795779816513762,0.0722935779816514,0.031743119266055
200773.411807,2681366.126422,0.0787011557512383,0.0497156485048615,0.00898917629792699,0.602825169693634,0.136121812511466,0.123647037240873
201273.411807,2681366.126422,0.00567765567765568,0.0146520146520147,0.0434065934065934,0.913003663003663,0.0183150183150183,0.00494505494505494
201773.411807,2681366.126422,0.00642201834862385,0.00917431192660551,0.0968807339449541,0.855045871559633,0.0311926605504587,0.00128440366972477
202273.411807,2681366.126422,0.0110071546505228,0.230049532195927,0.0493487433498441,0.672353696569437,0.026967528893781,0.010273344340488
202773.411807,2681366.126422,0.0496336996336996,0.58021978021978,0,0.185164835164835,0.0791208791208791,0.105860805860806
203273.411807,2681366.126422,0.0372477064220183,0.779266055045872,0,0.0871559633027523,0.041651376146789,0.0546788990825688
203773.411807,2681366.126422,0.0242157402311502,0.910658594753256,0,0.015410016510732,0.014125848468171,0.0355898000366905
204273.411807,2681366.126422,0.0377289377289377,0.403296703296703,0.0021978021978022,0.308974358974359,0.0924908424908425,0.155311355311355
204773.411807,2681366.126422,0.0179816513761468,0.256330275229358,0.0106422018348624,0.39651376146789,0.116880733944954,0.201651376146789
205273.411807,2681366.126422,0.0194459732159237,0.0203632361034673,0.021830856723537,0.879471656576775,0.0421940928270042,0.016694184553293
205773.411807,2681366.126422,0.0923076923076923,0.0358974358974359,0.00494505494505494,0.693040293040293,0.097985347985348,0.0758241758241758
206273.411807,2681366.126422,0.0513761467889908,0.0625688073394495,0.00788990825688073,0.655045871559633,0.117247706422018,0.105871559633028
206773.411807,2681366.126422,0.0664098330581545,0.0264171711612548,0.000733810310034856,0.490185287103284,0.126031920748487,0.290221977618786
207273.411807,2681366.126422,0.132783882783883,0.0413919413919414,0,0.0432234432234432,0.113369963369963,0.669230769230769
207773.411807,2681366.126422,0.0493577981651376,0.0970642201834862,0,0.0146788990825688,0.137064220183486,0.701834862385321
208273.411807,2681366.126422,0.0768666299761512,0.104017611447441,0,0.0482480278847918,0.155200880572372,0.615666850119244
208773.411807,2681366.126422,0.0608058608058608,0.205494505494505,0.000549450549450549,0.0978021978021978,0.0983516483516483,0.536996336996337
209273.411807,2681366.126422,0.0667889908256881,0.246238532110092,0,0.0822018348623853,0.0605504587155963,0.544220183486239
209773.411807,2681366.126422,0.0471473124197395,0.602091359383599,0,0.0412768299394606,0.149697303247111,0.15978719501009
210273.411807,2681366.126422,0.28040293040293,0.0793040293040293,0,0.0509157509157509,0.0637362637362637,0.525641025641026
210773.411807,2681366.126422,0.125137614678899,0.0715596330275229,0,0.177064220183486,0.101284403669725,0.524954128440367
211273.411807,2681366.126422,0.112272977435333,0.0610897083104018,0.002568336085122,0.347092276646487,0.177215189873418,0.299761511649239
211773.411807,2681366.126422,0.108830989163016,0.0850818538160018,0.000230574129582661,0.37952501729306,0.245100299746368,0.181231265851971
199273.411807,2680866.126422,0.00198750709823964,0.0286768881317433,0.44434980124929,0.493469619534355,0.0315161839863714,0
199773.411807,2680866.126422,0.00953428676200953,0.0287862119545288,0.158965896589659,0.697103043637697,0.0973597359735974,0.00825082508250825
200273.411807,2680866.126422,0.0117216117216117,0.036996336996337,0.0624542124542125,0.797435897435897,0.0835164835164835,0.00787545787545788
200773.411807,2680866.126422,0.0293040293040293,0.0529304029304029,0.0758241758241758,0.715934065934066,0.101282051282051,0.0247252747252747
201273.411807,2680866.126422,0.00385038503850385,0.0221855518885222,0.0256692335900257,0.903557022368904,0.0251191785845251,0.0196186285295196
201773.411807,2680866.126422,0.00293040293040293,0.0489010989010989,0.0652014652014652,0.84010989010989,0.0298534798534799,0.013003663003663
202273.411807,2680866.126422,0.0252747252747253,0.501648351648352,0.00201465201465201,0.314102564102564,0.0267399267399267,0.13021978021978
202773.411807,2680866.126422,0.0520718738540521,0.474880821415475,0,0.277411074440777,0.0958929226255959,0.0997433076640997
203273.411807,2680866.126422,0.0562271062271062,0.653663003663004,0.000366300366300366,0.131318681318681,0.0534798534798535,0.104945054945055
203773.411807,2680866.126422,0.0223443223443223,0.709157509157509,0,0.0844322344322344,0.0285714285714286,0.155494505494505
204273.411807,2680866.126422,0.0427209387605427,0.332416574990832,0.00055005500550055,0.251558489182252,0.0779244591125779,0.294829482948295
204773.411807,2680866.126422,0.0289377289377289,0.185531135531136,0.00476190476190476,0.454578754578755,0.104945054945055,0.221245421245421
205273.411807,2680866.126422,0.0173992673992674,0.0289377289377289,0.0161172161172161,0.876556776556777,0.0402930402930403,0.0206959706959707
205773.411807,2680866.126422,0.149431609827649,0.05995599559956,0.0011001100110011,0.296846351301797,0.165383204987165,0.327282728272827
206273.411807,2680866.126422,0.176007326007326,0.0271062271062271,0,0.241575091575092,0.0635531135531135,0.491758241758242
206773.411807,2680866.126422,0.0620879120879121,0.0873626373626374,0,0.502930402930403,0.131868131868132,0.215750915750916
207273.411807,2680866.126422,0.135680234690136,0.0205353868720205,0.00146681334800147,0.0286028602860286,0.0377704437110378,0.775944261092776
207773.411807,2680866.126422,0.109157509157509,0.0252747252747253,0,0.0948717948717949,0.132783882783883,0.637912087912088
208273.411807,2680866.126422,0.0716117216117216,0.0120879120879121,0,0.00531135531135531,0.032051282051282,0.878937728937729
208773.411807,2680866.126422,0.0896589658965897,0.187018701870187,0.00146681334800147,0.0740740740740741,0.0331866519985332,0.614594792812615
209273.411807,2680866.126422,0.00842490842490842,0.514285714285714,0,0.260989010989011,0.112271062271062,0.104029304029304
209773.411807,2680866.126422,0.0128205128205128,0.182051282051282,0,0.450732600732601,0.229304029304029,0.125091575091575
210273.411807,2680866.126422,0.0449211587825449,0.258892555922259,0,0.169050238357169,0.17986798679868,0.347268060139347
210773.411807,2680866.126422,0.151831501831502,0.0785714285714286,0,0.334798534798535,0.177472527472527,0.257326007326007
211273.411807,2680866.126422,0.379120879120879,0.0351648351648352,0,0.0311355311355311,0.0697802197802198,0.484798534798535
211773.411807,2680866.126422,0.152905904059041,0.0664206642066421,0,0.274215867158672,0.131688191881919,0.374769372693727
199273.411807,2680366.126422,0,0.00654338549075391,0.149928876244666,0.798577524893314,0.044950213371266,0
199773.411807,2680366.126422,0.00787978742899029,0.22081729888217,0.237859629833242,0.226681326736302,0.100604727872457,0.206157229246839
200273.411807,2680366.126422,0.00458799779776106,0.26151587447238,0.12038906221325,0.377133418975959,0.11194714626537,0.12442650027528
200773.411807,2680366.126422,0.0053181734824867,0.0293416467999266,0.140656519347148,0.802860810562993,0.0216394645149459,0.000183385292499542
201273.411807,2680366.126422,0.0225398570643211,0.0888766721641928,0.083745647791827,0.724024189114898,0.0503939893714495,0.0304196444933113
201773.411807,2680366.126422,0.0189025509267756,0.147550009175996,0.0311983850247752,0.744173242796843,0.0412919801798495,0.0168838318957607
202273.411807,2680366.126422,0.052814964239868,0.749679075738126,0,0.143223913442142,0.0240234733174399,0.0302585732624244
202773.411807,2680366.126422,0.0943741982774418,0.540956569543705,0.000183250870441635,0.221183800623053,0.085761407366685,0.0575407733186733
203273.411807,2680366.126422,0.0394567810607451,0.692053587814278,0.000183519911910442,0.167920719398055,0.0317489447605065,0.0686364470545054
203773.411807,2680366.126422,0.0584999083073537,0.498624610306253,0.000550155877498625,0.325142123601687,0.0478635613423803,0.0693196405648267
204273.411807,2680366.126422,0.0452629649990837,0.151548469855232,0.00311526479750779,0.597214586769287,0.0842954004031519,0.118563313175738
204773.411807,2680366.126422,0.0236740686364471,0.0732244448522665,0.00495503762158194,0.752982198568545,0.0902917966599376,0.0548724536612222
205273.411807,2680366.126422,0.0761048963873097,0.041995231982395,0.0066018705299835,0.392627911241518,0.136805428204658,0.345864661654135
205773.411807,2680366.126422,0.055158512002932,0.03811618105186,0.000916254352208173,0.308777716694154,0.109034267912773,0.487997067986073
206273.411807,2680366.126422,0.0299137456414021,0.0545054138374014,0.00330335841438796,0.691319508166636,0.145531290144981,0.0754266837951918
206773.411807,2680366.126422,0.0242068586099395,0.0636346964973409,0.00238400880249404,0.742343664038144,0.105813313772235,0.061617458279846
207273.411807,2680366.126422,0.231262598497343,0.0538757559098406,0.00128275609309144,0.174454828660436,0.120945574491479,0.41817848634781
207773.411807,2680366.126422,0.26133235456047,0.0416590200036704,0.000367039823820885,0.0570746926041475,0.0559735731326849,0.583593319875206
208273.411807,2680366.126422,0.0896754080322758,0.0568494406748579,0,0.0456629378323858,0.0221896203924445,0.785622593068036
208773.411807,2680366.126422,0.126259849734286,0.144401685908008,0,0.0192413413963716,0.0678028220634048,0.642294300897929
209273.411807,2680366.126422,0.046063497889521,0.414387961093779,0,0.09543035419343,0.246650761607634,0.197467425215636
209773.411807,2680366.126422,0.0330093526499175,0.332660920594168,0,0.175132954337062,0.190537318907024,0.268659453511828
210273.411807,2680366.126422,0.00623052959501558,0.0243723657687374,0,0.494044346710647,0.415246472420744,0.0601062855048561
210773.411807,2680366.126422,0.130299137456414,0.0445953385942375,0,0.357129748577721,0.216369976142411,0.251605799229216
211273.411807,2680366.126422,0.217861727489455,0.1199339812947,0,0.230331927379424,0.173849257289565,0.258023106546855
211773.411807,2680366.126422,0.0844290657439446,0.106113033448674,0,0.37439446366782,0.140945790080738,0.294117647058824
199273.411807,2679866.126422,0.00113798008534851,0.139402560455192,0.21877667140825,0.364722617354196,0.116642958748222,0.159317211948791
199773.411807,2679866.126422,0.0265567765567766,0.411355311355311,0.0302197802197802,0.243772893772894,0.084981684981685,0.203113553113553
200273.411807,2679866.126422,0.0100917431192661,0.071743119266055,0.0546788990825688,0.719449541284404,0.0860550458715596,0.0579816513761468
200773.411807,2679866.126422,0.0181618051733627,0.237204182718767,0.0398092093193909,0.619886259401945,0.0449458814896349,0.0399926618968997
201273.411807,2679866.126422,0.0254578754578755,0.153113553113553,0.0642857142857143,0.666483516483516,0.0423076923076923,0.0483516483516484
201773.411807,2679866.126422,0.0122935779816514,0.165504587155963,0.0737614678899083,0.655412844036697,0.0587155963302752,0.0343119266055046
202273.411807,2679866.126422,0.0403595670519171,0.548156301596037,0.0150431113557145,0.320491652907723,0.0232984773436067,0.0526508897450009
202773.411807,2679866.126422,0.0597069597069597,0.462087912087912,0,0.383516483516484,0.056043956043956,0.0386446886446886
203273.411807,2679866.126422,0.0500917431192661,0.788807339449541,0,0.0851376146788991,0.0381651376146789,0.0377981651376147
203773.411807,2679866.126422,0.0387084938543387,0.702623371858375,0.000366905155017428,0.16125481563016,0.0403595670519171,0.0566868464501926
204273.411807,2679866.126422,0.0172161172161172,0.797435897435897,0,0.0230769230769231,0.030952380952381,0.131318681318681
204773.411807,2679866.126422,0.0211009174311927,0.11651376146789,0.00293577981651376,0.685137614678899,0.0699082568807339,0.104403669724771
205273.411807,2679866.126422,0.066042927903137,0.0390753990093561,0,0.133370023848835,0.158869932122546,0.602641717116125
205773.411807,2679866.126422,0.097985347985348,0.0564102564102564,0.000732600732600733,0.460989010989011,0.165384615384615,0.218498168498168
206273.411807,2679866.126422,0.0572477064220183,0.0172477064220183,0.00422018348623853,0.765137614678899,0.111376146788991,0.0447706422018349
206773.411807,2679866.126422,0.0253164556962025,0.0335718216840947,0.00220143093010457,0.770133920381581,0.115758576407999,0.0530177949000183
207273.411807,2679866.126422,0.151282051282051,0.0435897435897436,0.000366300366300366,0.457326007326007,0.134065934065934,0.213369963369963
207773.411807,2679866.126422,0.304036697247706,0.0332110091743119,0,0.147155963302752,0.0658715596330275,0.449724770642202
208273.411807,2679866.126422,0.308383782792148,0.0170610897083104,0,0.0434782608695652,0.0284351495138507,0.602641717116125
208773.411807,2679866.126422,0.0893772893772894,0.0580586080586081,0,0.0716117216117216,0.202930402930403,0.578021978021978
209273.411807,2679866.126422,0.0462385321100917,0.187889908256881,0,0.269724770642202,0.256330275229358,0.239816513761468
209773.411807,2679866.126422,0.0864061640066043,0.0623738763529628,0,0.140891579526692,0.33957072096863,0.370757659145111
210273.411807,2679866.126422,0.0875457875457875,0.0915750915750916,0,0.211721611721612,0.222710622710623,0.386446886446886
210773.411807,2679866.126422,0.227889908256881,0.0726605504587156,0,0.285321100917431,0.125321100917431,0.288807339449541
211273.411807,2679866.126422,0.107503210420106,0.0897083104017612,0,0.342139057053752,0.184736745551275,0.275912676573106
211773.411807,2679866.126422,0.080239797094766,0.209822457920221,0.000230574129582661,0.196449158404427,0.187226193221121,0.326031819229882
199273.411807,2679366.126422,0.0459965928449744,0.579500283929585,0.0315161839863714,0.191368540601931,0.0343554798409994,0.117262918796139
199773.411807,2679366.126422,0.0132013201320132,0.334616795012835,0.0190685735240191,0.543270993766043,0.0286028602860286,0.0612394572790612
200273.411807,2679366.126422,0.0228937728937729,0.0897435897435897,0.134981684981685,0.739194139194139,0.00769230769230769,0.00549450549450549
200773.411807,2679366.126422,0.0192307692307692,0.093040293040293,0.0503663003663004,0.758241758241758,0.0608058608058608,0.0183150183150183
201273.411807,2679366.126422,0.0311697836450312,0.0755408874220755,0.0368536853685369,0.798496516318299,0.0467546754675468,0.0111844517785112
201773.411807,2679366.126422,0.0683150183150183,0.58003663003663,0.00494505494505494,0.286080586080586,0.0153846153846154,0.0452380952380952
202273.411807,2679366.126422,0.0357142857142857,0.724542124542125,0.000183150183150183,0.177106227106227,0.0166666666666667,0.0457875457875458
202773.411807,2679366.126422,0.00641730839750642,0.855335533553355,0.0055005500550055,0.0865419875320865,0.0183351668500183,0.0278694536120279
203273.411807,2679366.126422,0.0247252747252747,0.833150183150183,0,0.0679487179487179,0.0201465201465201,0.054029304029304
203773.411807,2679366.126422,0.054029304029304,0.637545787545788,0.0111721611721612,0.156410256410256,0.036996336996337,0.103846153846154
204273.411807,2679366.126422,0.0546387972130546,0.364869820315365,0.00165016501650165,0.328932893289329,0.0887422075540887,0.161166116611661
204773.411807,2679366.126422,0.0487179487179487,0.107692307692308,0.00128205128205128,0.421611721611722,0.175091575091575,0.245604395604396
205273.411807,2679366.126422,0.0754578754578755,0.0476190476190476,0,0.171794871794872,0.133150183150183,0.571978021978022
205773.411807,2679366.126422,0.103410341034103,0.0652731939860653,0,0.26035936927026,0.106343967730106,0.464613127979465
206273.411807,2679366.126422,0.0562271062271062,0.0331501831501832,0.00531135531135531,0.654945054945055,0.119047619047619,0.131318681318681
206773.411807,2679366.126422,0.0994505494505494,0.0833333333333333,0.00347985347985348,0.488827838827839,0.141575091575092,0.183333333333333
207273.411807,2679366.126422,0.140630729739641,0.0627062706270627,0,0.511367803447011,0.128529519618629,0.156765676567657
207773.411807,2679366.126422,0.374725274725275,0.0347985347985348,0.00274725274725275,0.162454212454212,0.0941391941391941,0.331135531135531
208273.411807,2679366.126422,0.376923076923077,0.0141025641025641,0,0.00476190476190476,0.0441391941391941,0.56007326007326
208773.411807,2679366.126422,0.15969930326366,0.107810781078108,0,0.0506050605060506,0.125595892922626,0.556288962229556
209273.411807,2679366.126422,0.0624542124542125,0.217399267399267,0,0.172893772893773,0.26025641025641,0.286996336996337
209773.411807,2679366.126422,0.166666666666667,0.0258241758241758,0,0.0847985347985348,0.0891941391941392,0.633516483516483
210273.411807,2679366.126422,0.182068206820682,0.0108177484415108,0,0.0386872020535387,0.096993032636597,0.671433810047671
210773.411807,2679366.126422,0.250915750915751,0.178937728937729,0,0.0816849816849817,0.118681318681319,0.36978021978022
211273.411807,2679366.126422,0.0888278388278388,0.198901098901099,0,0.285164835164835,0.10970695970696,0.317399267399267
211773.411807,2679366.126422,0.105857933579336,0.0544280442804428,0,0.295894833948339,0.116928044280443,0.426891143911439
199273.411807,2678866.126422,0.00995732574679943,0.721479374110953,0,0.192887624466572,0.0369843527738265,0.0386913229018492
199773.411807,2678866.126422,0.0120945574491479,0.346527396005131,0.00714678394722375,0.496976360637713,0.0874106652006597,0.0498442367601246
200273.411807,2678866.126422,0.00385391815011929,0.0159662323362085,0.0636814094329235,0.698660304643054,0.09543035419343,0.122407781244265
200773.411807,2678866.126422,0.0154043645699615,0.157527966257106,0.055198973042362,0.638547588483404,0.0731707317073171,0.0601503759398496
201273.411807,2678866.126422,0.00824628916987356,0.216236027121129,0.032618654938611,0.668865677111966,0.0575407733186733,0.0164925783397471
201773.411807,2678866.126422,0.0251422279317306,0.222242613323546,0,0.636997614241145,0.0882730776289227,0.0273444668746559
202273.411807,2678866.126422,0.0478635613423803,0.627544470933431,0,0.223363286264442,0.0412616908123968,0.0599669906473501
202773.411807,2678866.126422,0.0320689023272861,0.93384643577057,0,0.0269378779549203,0.000366501740883269,0.00678028220634048
203273.411807,2678866.126422,0.0407414204441182,0.900165167920719,0,0.0343182235272527,0.00458799779776106,0.0201871903101487
203773.411807,2678866.126422,0.0649183935448377,0.568861177333578,0,0.254905556574363,0.0612506876948469,0.0500641848523748
204273.411807,2678866.126422,0.0423309510720176,0.121861828843687,0,0.442001099505223,0.182884368700751,0.210921751878321
204773.411807,2678866.126422,0.0871719581574601,0.0691870067902367,0.00550559735731327,0.195999265920352,0.0952468342815195,0.546889337493118
205273.411807,2678866.126422,0.0898587933247754,0.0267742527049331,0.000183385292499542,0.256739409499358,0.118833669539703,0.507610489638731
205773.411807,2678866.126422,0.0491112332783581,0.0557082646142569,0,0.290635880520432,0.131757375847535,0.472787245739417
206273.411807,2678866.126422,0.0482657368324463,0.0614791704899982,0.0034868783262984,0.604881629656818,0.124793540099101,0.157093044595339
206773.411807,2678866.126422,0.11204841371722,0.0478635613423803,0.000366770584999083,0.424903722721438,0.176783421969558,0.238034109664405
207273.411807,2678866.126422,0.0971229613340663,0.0601062855048561,0.000733003481766538,0.598497342862379,0.139270661535642,0.10426974528129
207773.411807,2678866.126422,0.267939071389246,0.0284455863461186,0.00587263718113415,0.22811525050468,0.0985501926959075,0.371077261882914
208273.411807,2678866.126422,0.388593434806529,0.00678525582248304,0,0.000733541169998166,0.00256739409499358,0.601320374105997
208773.411807,2678866.126422,0.139820414146967,0.127359354956936,0,0.0615722924683892,0.093274693054792,0.577973245372916
209273.411807,2678866.126422,0.164617360983667,0.15342264635713,0,0.0629473297852817,0.137456414020921,0.481556248853001
209773.411807,2678866.126422,0.270493306436824,0.0119200440124702,0,0.00238400880249404,0.010819732257473,0.704382908490739
210273.411807,2678866.126422,0.201026204874473,0.00274876305662452,0,0.00384826827927433,0.0111783030969397,0.781198460692688
210773.411807,2678866.126422,0.172875757019637,0.0846026793907139,0.00146815929528354,0.167186639750413,0.0486327766562672,0.525233987887686
211273.411807,2678866.126422,0.0898587933247754,0.155694113332111,0.00421786172748946,0.555657436273611,0.107097010819732,0.0874747845222813
211773.411807,2678866.126422,0.122952710495963,0.0925028835063437,0.000922722029988466,0.335640138408304,0.166782006920415,0.281199538638985
199273.411807,2678366.126422,0.00938833570412518,0.47823613086771,0.0290184921763869,0.219061166429587,0.062873399715505,0.201422475106686
199773.411807,2678366.126422,0.00897435897435897,0.117948717948718,0.108608058608059,0.646153846153846,0.0705128205128205,0.0478021978021978
200273.411807,2678366.126422,0.00532110091743119,0.114862385321101,0.0539449541284404,0.70697247706422,0.0754128440366972,0.0434862385321101
200773.411807,2678366.126422,0.0212804989910108,0.308383782792148,0.0227481196110805,0.526508897450009,0.0546688680975968,0.0664098330581545
201273.411807,2678366.126422,0.0124542124542125,0.38992673992674,0.0179487179487179,0.47967032967033,0.052014652014652,0.047985347985348
201773.411807,2678366.126422,0.0354128440366972,0.286238532110092,0.00788990825688073,0.536880733944954,0.0794495412844037,0.0541284403669725
202273.411807,2678366.126422,0.0332049165290772,0.878370941111723,0,0.0143093010456797,0.014125848468171,0.0599889928453495
202773.411807,2678366.126422,0.0010989010989011,0.967032967032967,0,0.00146520146520147,0,0.0304029304029304
203273.411807,2678366.126422,0.0414678899082569,0.873577981651376,0,0.0311926605504587,0.00697247706422018,0.0467889908256881
203773.411807,2678366.126422,0.030820033021464,0.809392771968446,0,0.0594386351128233,0.0366905155017428,0.0636580443955238
204273.411807,2678366.126422,0.0895604395604396,0.0787545787545788,0.0111721611721612,0.461172161172161,0.151098901098901,0.208241758241758
204773.411807,2678366.126422,0.0478899082568807,0.106788990825688,0,0.173577981651376,0.149724770642202,0.522018348623853
205273.411807,2678366.126422,0.0935608145294441,0.0530177949000183,0.000183452577508714,0.185287103283801,0.101449275362319,0.566501559346909
205773.411807,2678366.126422,0.052014652014652,0.0937728937728938,0.000549450549450549,0.341025641025641,0.185347985347985,0.327289377289377
206273.411807,2678366.126422,0.112660550458716,0.0311926605504587,0.000917431192660551,0.543853211009174,0.146605504587156,0.164770642201835
206773.411807,2678366.126422,0.0999816547422491,0.0476976701522656,0,0.458447991194276,0.198679141441937,0.195193542469272
207273.411807,2678366.126422,0.155677655677656,0.0573260073260073,0.00164835164835165,0.438461538461538,0.124908424908425,0.221978021978022
207773.411807,2678366.126422,0.426422018348624,0.0141284403669725,0.00036697247706422,0.0787155963302752,0.0601834862385321,0.420183486238532
208273.411807,2678366.126422,0.471106219042378,0.00862227114290956,0,0.000183452577508714,0.00238488350761328,0.517703173729591
208773.411807,2678366.126422,0.267582417582418,0.0173992673992674,0,0.015018315018315,0.054029304029304,0.645970695970696
209273.411807,2678366.126422,0.286238532110092,0.00825688073394495,0,0.00660550458715596,0.0315596330275229,0.667339449541284
209773.411807,2678366.126422,0.300311869381765,0.0555861309851403,0.0328380113740598,0.155017427994863,0.0168776371308017,0.43936892313337
210273.411807,2678366.126422,0.0756410256410256,0.0862637362637363,0.000915750915750916,0.52032967032967,0.0697802197802198,0.247069597069597
210773.411807,2678366.126422,0.159633027522936,0.0686238532110092,0.0168807339449541,0.379449541284404,0.0902752293577982,0.285137614678899
211273.411807,2678366.126422,0.147312419739497,0.0753990093560815,0.00311869381764814,0.307283067327096,0.189506512566502,0.277380297193176
211773.411807,2678366.126422,0.137422181231266,0.066635923449389,0,0.161401890707863,0.090385058796403,0.54415494581508
199273.411807,2677866.126422,0.0207268597387848,0.82084043157297,0,0.0156161272004543,0.0181714934696195,0.124645088018171
199773.411807,2677866.126422,0.0168683535020169,0.373120645397873,0.00935093509350935,0.478181151448478,0.0814081408140814,0.0410707737440411
200273.411807,2677866.126422,0.0214285714285714,0.256959706959707,0.03003663003663,0.566300366300366,0.0677655677655678,0.0575091575091575
200773.411807,2677866.126422,0.0417582417582418,0.160989010989011,0.00238095238095238,0.598717948717949,0.0945054945054945,0.101648351648352
201273.411807,2677866.126422,0.0381371470480381,0.453978731206454,0.000366703337000367,0.172533920058673,0.10964429776311,0.225339200586725
201773.411807,2677866.126422,0.0402930402930403,0.351282051282051,0,0.512271062271062,0.0653846153846154,0.0307692307692308
202273.411807,2677866.126422,0.0450549450549451,0.836813186813187,0.00641025641025641,0.060989010989011,0.0225274725274725,0.0282051282051282
202773.411807,2677866.126422,0.0308030803080308,0.878621195452879,0.00751741840850752,0.0628896222955629,0.000916758342500917,0.0192519251925193
203273.411807,2677866.126422,0.0227106227106227,0.830952380952381,0.0126373626373626,0.0567765567765568,0.00531135531135531,0.0716117216117216
203773.411807,2677866.126422,0.0437728937728938,0.661172161172161,0.0126373626373626,0.0816849816849817,0.0474358974358974,0.153296703296703
204273.411807,2677866.126422,0.0786578657865787,0.106527319398607,0.0210854418775211,0.238723872387239,0.173267326732673,0.381738173817382
204773.411807,2677866.126422,0.141208791208791,0.0580586080586081,0,0.0703296703296703,0.126007326007326,0.604395604395604
205273.411807,2677866.126422,0.0549450549450549,0.0456043956043956,0,0.361172161172161,0.093040293040293,0.445238095238095
205773.411807,2677866.126422,0.0430876420975431,0.0649064906490649,0.00733406674000733,0.578657865786579,0.132746607994133,0.173267326732673
206273.411807,2677866.126422,0.125824175824176,0.0346153846153846,0.000549450549450549,0.417948717948718,0.123626373626374,0.297435897435897
206773.411807,2677866.126422,0.141941391941392,0.0743589743589744,0.0010989010989011,0.225091575091575,0.145970695970696,0.411538461538462
207273.411807,2677866.126422,0.425559222588926,0.0322698936560323,0.000183351668500183,0.0744407774110744,0.0498716538320499,0.417675100843418
207773.411807,2677866.126422,0.494505494505495,0.000915750915750916,0,0.00146520146520147,0.00476190476190476,0.498351648351648
208273.411807,2677866.126422,0.368131868131868,0.00347985347985348,0,0.0137362637362637,0.0192307692307692,0.595421245421245
208773.411807,2677866.126422,0.229006233956729,0.0298863219655299,0,0.0100843417675101,0.0533553355335534,0.677667766776678
209273.411807,2677866.126422,0.256776556776557,0.0490842490842491,0.00622710622710623,0.0228937728937729,0.0633699633699634,0.601648351648352
209773.411807,2677866.126422,0.315201465201465,0.0684981684981685,0.0115384615384615,0.147985347985348,0.100732600732601,0.356043956043956
210273.411807,2677866.126422,0.128162816281628,0.103777044371104,0.000183351668500183,0.227172717271727,0.15034836817015,0.39035570223689
210773.411807,2677866.126422,0.0681318681318681,0.0619047619047619,0.0236263736263736,0.770695970695971,0.0272893772893773,0.0483516483516484
211273.411807,2677866.126422,0.161172161172161,0.0774725274725275,0.0113553113553114,0.510622710622711,0.100549450549451,0.138827838827839
211773.411807,2677866.126422,0.136531365313653,0.0558118081180812,0,0.273062730627306,0.113007380073801,0.421586715867159
199273.411807,2677366.126422,0.0273115220483642,0.334566145092461,0,0.268563300142247,0.111237553342817,0.258321479374111
199773.411807,2677366.126422,0.0366501740883269,0.586402785413231,0.0108118013560564,0.240608392889866,0.0443467106468756,0.0811801356056441
200273.411807,2677366.126422,0.0245916681959993,0.656083685079831,0.00165167920719398,0.209946779225546,0.0379886217654616,0.0697375665259681
200773.411807,2677366.126422,0.0390610673024023,0.554006968641115,0.0122868145974693,0.268659453511828,0.0480469466348799,0.0779387493123052
201273.411807,2677366.126422,0.061205790727506,0.266080263881253,0,0.448598130841121,0.12662635147517,0.0974894630749496
201773.411807,2677366.126422,0.011194714626537,0.548908056524133,0.00238575885483575,0.360616626904019,0.0389062213250138,0.0379886217654616
202273.411807,2677366.126422,0.0192554557124519,0.931413900605171,0.000183385292499542,0.0119200440124702,0.0053181734824867,0.0319090408949202
202773.411807,2677366.126422,0.028587135788895,0.943008979292652,0,0.00439802089059923,0.00183250870441635,0.0221733553234378
203273.411807,2677366.126422,0.0196366305744173,0.948430904753166,0,0.0104606349788952,0.00146815929528354,0.0200036703982382
203773.411807,2677366.126422,0.0469466348798826,0.742343664038144,0,0.0717036493673207,0.0201723821749496,0.118833669539703
204273.411807,2677366.126422,0.143851933296683,0.0679860729338464,0,0.136155396738135,0.186182884368701,0.465823712662635
204773.411807,2677366.126422,0.0592769315470729,0.0225729491649844,0,0.0321159845843274,0.154523765828592,0.731510368875023
205273.411807,2677366.126422,0.052814964239868,0.070419952319824,0.000366770584999083,0.448560425453879,0.16412983678709,0.263708050614341
205773.411807,2677366.126422,0.15356422943009,0.0674363203225215,0,0.239142385926333,0.0965732087227414,0.443283855598314
206273.411807,2677366.126422,0.125527619746743,0.0455129381537897,0.000550559735731327,0.395485410167003,0.123692420627638,0.309231051569095
206773.411807,2677366.126422,0.172565560242069,0.0731707317073171,0,0.319273794241702,0.0854575463047864,0.349532367504126
207273.411807,2677366.126422,0.258566978193146,0.103719992669965,0,0.107201759208356,0.0606560381161811,0.469855231812351
207773.411807,2677366.126422,0.290695540466141,0.00587263718113415,0,0.0012846393833731,0.0106441548908057,0.691503028078547
208273.411807,2677366.126422,0.166697230882083,0.106730240234733,0,0.0121034293049697,0.0341096644049147,0.680359435173299
208773.411807,2677366.126422,0.0434304562946674,0.174821330401319,0,0.0756826094923951,0.174271577789994,0.531794026021624
209273.411807,2677366.126422,0.158928243714443,0.0260598274912828,0,0.0330335841438796,0.0890071572765645,0.69297118737383
209773.411807,2677366.126422,0.25215477718687,0.0546488171648634,0,0.130937098844673,0.156244269209609,0.406015037593985
210273.411807,2677366.126422,0.147516950705516,0.0809968847352025,0.0113615539673813,0.171889316474253,0.108301264431006,0.479934029686641
210773.411807,2677366.126422,0.131216737015966,0.0462470178014315,0.0416590200036704,0.293815378968618,0.0956138741053404,0.391447972104973
211273.411807,2677366.126422,0.141940216394645,0.0830735375022923,0.010819732257473,0.156794425087108,0.0546488171648634,0.552723271593618
211773.411807,2677366.126422,0.0625144175317186,0.187773933102653,0,0.205074971164937,0.129642445213379,0.414994232987313
199273.411807,2676866.126422,0.000568990042674253,0.0219061166429587,0.599715504978663,0.0975817923186344,0.115220483641536,0.165007112375533
199773.411807,2676866.126422,0.00824175824175824,0.335164835164835,0.145970695970696,0.11978021978022,0.0734432234432234,0.317399267399267
200273.411807,2676866.126422,0.0319266055045872,0.750275229357798,0,0.0990825688073395,0.0337614678899083,0.084954128440367
200773.411807,2676866.126422,0.0555861309851403,0.76609796367639,0,0.0869565217391304,0.0341221794166208,0.0572372041827188
201273.411807,2676866.126422,0.0428571428571429,0.593589743589744,0.0010989010989011,0.167399267399267,0.0818681318681319,0.113186813186813
201773.411807,2676866.126422,0.0662385321100917,0.527889908256881,0,0.245688073394495,0.0737614678899083,0.0864220183486239
202273.411807,2676866.126422,0.0645753072830673,0.609246009906439,0,0.168592918730508,0.0392588515868648,0.118326912493121
202773.411807,2676866.126422,0.0217948717948718,0.862637362637363,0,0.0302197802197802,0.00641025641025641,0.0789377289377289
203273.411807,2676866.126422,0.0368807339449541,0.877064220183486,0,0.0258715596330275,0.00036697247706422,0.0598165137614679
203773.411807,2676866.126422,0.0741148413135205,0.397908640616401,0.000366905155017428,0.377178499357916,0.0585213722252798,0.0919097413318657
204273.411807,2676866.126422,0.184065934065934,0.0523809523809524,0,0.243223443223443,0.146520146520147,0.373809523809524
204773.411807,2676866.126422,0.0491743119266055,0.211926605504587,0,0.00385321100917431,0.013394495412844,0.721651376146789
205273.411807,2676866.126422,0.132819666116309,0.131718950651257,0,0.151715281599706,0.0500825536598789,0.533663547972849
205773.411807,2676866.126422,0.0921245421245421,0.0967032967032967,0,0.417765567765568,0.108608058608059,0.284798534798535
206273.411807,2676866.126422,0.172110091743119,0.102752293577982,0.00018348623853211,0.267889908256881,0.111743119266055,0.345321100917431
