"x","y","forest","agri","water","built","other","grass"
166273.411807,2627366.126422,0,0.00220143093010457,0.151715281599706,0.84589983489268,0.000183452577508714,0
166773.411807,2627366.126422,0,0.0032967032967033,0.814835164835165,0.181684981684982,0.000183150183150183,0
167273.411807,2627366.126422,0,0.00330275229357798,0.898348623853211,0.0976146788990826,0.00073394495412844,0
167773.411807,2627366.126422,0,0.00935608145294441,0.898917629792699,0.0902586681342873,0.00146762062006971,0
168273.411807,2627366.126422,0,0.0371794871794872,0.878205128205128,0.0794871794871795,0.00512820512820513,0
168773.411807,2627366.126422,0,0.0618348623853211,0.856697247706422,0.066605504587156,0.00788990825688073,0.00697247706422018
169273.411807,2627366.126422,0,0.0629242340854889,0.715281599706476,0.090442120711796,0.0346725371491469,0.0966795083470923
169773.411807,2627366.126422,0,0.0146520146520147,0.904761904761905,0.0620879120879121,0.0164835164835165,0.00201465201465201
170273.411807,2627366.126422,0.00293577981651376,0.0653211009174312,0.517614678899083,0.204587155963303,0.0886238532110092,0.120917431192661
170773.411807,2627366.126422,0.064758759860576,0.179233168226014,0.0216474041460283,0.0924600990643919,0.120895248578243,0.521005320124748
171273.411807,2627366.126422,0.208058608058608,0.0608058608058608,0.0108058608058608,0.266483516483516,0.173992673992674,0.27985347985348
171773.411807,2627366.126422,0.159816513761468,0.400366972477064,0,0.071743119266055,0.106788990825688,0.261284403669725
172273.411807,2627366.126422,0.207484865162356,0.342689414786278,0.00880572372041827,0.0487983856173179,0.0799853237937993,0.312236286919831
172773.411807,2627366.126422,0.102197802197802,0.303846153846154,0.0285714285714286,0.167216117216117,0.0895604395604396,0.308608058608059
173273.411807,2627366.126422,0.183798242262132,0.15571264807031,0,0.254107756973634,0.112151318303401,0.294230034390523
166273.411807,2626866.126422,0,0,0.38974358974359,0.608974358974359,0.00128205128205128,0
166773.411807,2626866.126422,0,0.000733406674000733,0.606160616061606,0.388338833883388,0.00476714338100477,0
167273.411807,2626866.126422,0,0,0.56996336996337,0.429304029304029,0.000732600732600733,0
167773.411807,2626866.126422,0,0.00805860805860806,0.76996336996337,0.217399267399267,0.00457875457875458,0
168273.411807,2626866.126422,0.000183351668500183,0.0326365969930326,0.813898056472314,0.145947928126146,0.00605060506050605,0.00128346167950128
168773.411807,2626866.126422,0,0.00604395604395604,0.929304029304029,0.0597069597069597,0.00311355311355311,0.00183150183150183
169273.411807,2626866.126422,0.00347985347985348,0.0254578754578755,0.755494505494505,0.135531135531136,0.0575091575091575,0.0225274725274725
169773.411807,2626866.126422,0,0.0566556655665567,0.695086175284195,0.15016501650165,0.083975064173084,0.0141180784745141
170273.411807,2626866.126422,0.0512820512820513,0.104945054945055,0.165567765567766,0.102197802197802,0.123443223443223,0.452564102564103
170773.411807,2626866.126422,0.133150183150183,0.31025641025641,0.000732600732600733,0.0287545787545788,0.0571428571428571,0.46996336996337
171273.411807,2626866.126422,0.081958195819582,0.424459112577924,0.00055005500550055,0.0128346167950128,0.037953795379538,0.442244224422442
171773.411807,2626866.126422,0.115201465201465,0.433333333333333,0,0.0611721611721612,0.0717948717948718,0.318498168498168
172273.411807,2626866.126422,0.147985347985348,0.431501831501832,0,0.0646520146520147,0.0624542124542125,0.293406593406593
172773.411807,2626866.126422,0.122662266226623,0.324349101576824,0.0524385771910524,0.121195452878621,0.107627429409608,0.271727172717272
173273.411807,2626866.126422,0.106829454406715,0.448111407859596,0,0.108737123235406,0.0816482258679893,0.254673788630294
166273.411807,2626366.126422,0,0.0139372822299652,0.507243719053732,0.471116816431322,0.00550155877498625,0.0022006235099945
166773.411807,2626366.126422,0,0.00513102437236577,0.804654572109218,0.186732636980026,0.00348176653839106,0
167273.411807,2626366.126422,0,0.0148651128647458,0.371444301706735,0.609102587630758,0.00422095797394017,0.000367039823820885
167773.411807,2626366.126422,0.0022006235099945,0.0348432055749129,0.559508527416101,0.384375573079039,0.0106363469649734,0.00843572345497891
168273.411807,2626366.126422,0,0.0126443100604728,0.874106652006597,0.111783030969397,0.00146600696353308,0
168773.411807,2626366.126422,0,0.0012846393833731,0.92549091576436,0.0671682877592219,0.00587263718113415,0.000183519911910442
169273.411807,2626366.126422,0,0.0445626260773886,0.793691545938016,0.0970108197322575,0.0416284613973959,0.0231065468549422
169773.411807,2626366.126422,0.000366501740883269,0.0111783030969397,0.8072200842954,0.166208539490563,0.0108118013560564,0.0042147700201576
170273.411807,2626366.126422,0.0895577170122958,0.0427601394751331,0.0768948430904753,0.301339695356946,0.106808588731877,0.382639016333272
170773.411807,2626366.126422,0.0898587933247754,0.218045112781955,0.00916926462497708,0.0970108197322575,0.112415184302219,0.473500825233816
171273.411807,2626366.126422,0.116364302730438,0.444933113432289,0,0.0390324354040682,0.0382994319223016,0.361370716510903
171773.411807,2626366.126422,0.162415122040741,0.424665076160763,0,0.0350523031748945,0.0464305377133419,0.331436960910259
172273.411807,2626366.126422,0.161195672107097,0.272693929946818,0,0.135154960572162,0.100678525582248,0.330276911791674
172773.411807,2626366.126422,0.163459776433938,0.184350375664284,0,0.203958218801539,0.140919919369617,0.307311709730621
173273.411807,2626366.126422,0.0833174087521498,0.361933881138926,0.00573284922606535,0.155933498948978,0.0819797439327346,0.311102618001147
165273.411807,2625866.126422,0,0.128388278388278,0.282600732600733,0.45970695970696,0.0146520146520147,0.114652014652015
165773.411807,2625866.126422,0.00018348623853211,0.0730275229357798,0.489357798165138,0.267339449541284,0.0977981651376147,0.0722935779816514
166273.411807,2625866.126422,0.019262520638415,0.0568702990277013,0.688497523390204,0.111355714547789,0.0598055402678408,0.0642084021280499
166773.411807,2625866.126422,0.0241758241758242,0.0668498168498168,0.692490842490842,0.105128205128205,0.047985347985348,0.0633699633699634
167273.411807,2625866.126422,0.0122935779816514,0.0860550458715596,0.677798165137615,0.0985321100917431,0.0346788990825688,0.0906422018348624
167773.411807,2625866.126422,0.0111906072280316,0.023115024766098,0.795817281232801,0.10420106402495,0.0174279948633278,0.0482480278847918
168273.411807,2625866.126422,0,0.00421245421245421,0.906410256410256,0.0822344322344322,0.00714285714285714,0
168773.411807,2625866.126422,0,0.0289908256880734,0.741834862385321,0.207522935779817,0.0214678899082569,0.00018348623853211
169273.411807,2625866.126422,0,0.023115024766098,0.770867730691616,0.185654008438819,0.0133920381581361,0.00697119794533113
169773.411807,2625866.126422,0.00732600732600733,0.0478021978021978,0.621428571428571,0.180769230769231,0.0426739926739927,0.1
170273.411807,2625866.126422,0.0297247706422018,0.0634862385321101,0.127889908256881,0.36605504587156,0.118532110091743,0.294311926605505
170773.411807,2625866.126422,0.132085855806274,0.280865896165841,0.0541185103650706,0.0783342505962209,0.0568702990277013,0.397725188038892
171273.411807,2625866.126422,0.0871794871794872,0.435897435897436,0.00256410256410256,0.104945054945055,0.0695970695970696,0.29981684981685
171773.411807,2625866.126422,0.0565137614678899,0.419633027522936,0,0.104954128440367,0.0488073394495413,0.370091743119266
172273.411807,2625866.126422,0.112456430012842,0.458081086039259,0.00587048248027885,0.107870115575124,0.0570537516052101,0.258668134287287
172773.411807,2625866.126422,0.109340659340659,0.481684981684982,0,0.0677655677655678,0.0494505494505494,0.291758241758242
173273.411807,2625866.126422,0.101069927397784,0.529805120366832,0,0.104508979747803,0.0208253725640046,0.243790599923577
164773.411807,2625366.126422,0.0545787545787546,0.2003663003663,0.0635531135531135,0.356959706959707,0.154395604395604,0.17014652014652
165773.411807,2625366.126422,0,0.073992673992674,0.711355311355311,0.138644688644689,0.0419413919413919,0.0340659340659341
166273.411807,2625366.126422,0,0.0117216117216117,0.946153846153846,0.0421245421245421,0,0
166773.411807,2625366.126422,0,0.0121012101210121,0.91987532086542,0.0630729739640631,0.00495049504950495,0
167273.411807,2625366.126422,0,0,0.962637362637363,0.0373626373626374,0,0
167773.411807,2625366.126422,0,0.0010989010989011,0.964285714285714,0.0344322344322344,0.000183150183150183,0
168273.411807,2625366.126422,0,0.000366703337000367,0.943527686101943,0.0551888522185552,0.000916758342500917,0
168773.411807,2625366.126422,0.0010989010989011,0.0168498168498168,0.851098901098901,0.118315018315018,0.00750915750915751,0.00512820512820513
169273.411807,2625366.126422,0,0.034981684981685,0.76025641025641,0.155860805860806,0.0468864468864469,0.00201465201465201
169773.411807,2625366.126422,0.0262192885955262,0.0572057205720572,0.393289328932893,0.193436010267693,0.125229189585625,0.204620462046205
170273.411807,2625366.126422,0.026007326007326,0.463736263736264,0.00347985347985348,0.0311355311355311,0.0340659340659341,0.441575091575092
170773.411807,2625366.126422,0.0485347985347985,0.476923076923077,0.000732600732600733,0.133699633699634,0.0673992673992674,0.272710622710623
171273.411807,2625366.126422,0.050971763843051,0.288778877887789,0.0276861019435277,0.256692335900257,0.113861386138614,0.262009534286762
171773.411807,2625366.126422,0.043956043956044,0.612271062271062,0.0653846153846154,0.0897435897435897,0.0379120879120879,0.150732600732601
172273.411807,2625366.126422,0.0844322344322344,0.253113553113553,0.032967032967033,0.13956043956044,0.106410256410256,0.383516483516484
172773.411807,2625366.126422,0.0803080308030803,0.553722038870554,0.0507884121745508,0.0517051705170517,0.0397873120645398,0.223689035570224
173273.411807,2625366.126422,0.1211369706219,0.541205646699733,0.0301411674933232,0.0673407096528043,0.0602823349866463,0.179893170545593
165773.411807,2624866.126422,0,0.107359148467609,0.493852082951,0.210680858873188,0.12883097816113,0.0592769315470729
166273.411807,2624866.126422,0,0.00641848523748395,0.95617091509261,0.0374105996699065,0,0
166773.411807,2624866.126422,0,0.000733003481766538,0.727689206523731,0.271577789994502,0,0
167273.411807,2624866.126422,0,0,0.810423930996513,0.189576069003487,0,0
167773.411807,2624866.126422,0,0.00550155877498625,0.929946818265175,0.0614340729873464,0.00311754997249221,0
168273.411807,2624866.126422,0,0.00219901044529962,0.905442550852117,0.0892431739050761,0.00293201392706615,0.000183250870441635
168773.411807,2624866.126422,0,0.0231235089007157,0.837584877959259,0.118920902917967,0.0150486327766563,0.00532207744540283
169273.411807,2624866.126422,0.0122868145974693,0.0902255639097744,0.3999633229415,0.29213277095177,0.102695763799743,0.102695763799743
169773.411807,2624866.126422,0.0359171706065604,0.0450797141286421,0.0256551218618288,0.391423859263332,0.171706065603812,0.330218068535826
170273.411807,2624866.126422,0.089190677188475,0.296384657735364,0,0.118370343182235,0.105890989172325,0.3901633327216
170773.411807,2624866.126422,0.0471300201723822,0.685677608655786,0,0.0205391527599487,0.0337428938199156,0.212910324591968
171273.411807,2624866.126422,0.0765988638446033,0.457760674363203,0.000549752611324904,0.0630382994319223,0.0602895363752978,0.341762873373649
171773.411807,2624866.126422,0.0559735731326849,0.552394934850431,0.000183519911910442,0.0148651128647458,0.0434942191227748,0.333088640117453
172273.411807,2624866.126422,0.0407115349348982,0.479552539886301,0,0.0177883733724555,0.0517146524848707,0.410232899321474
172773.411807,2624866.126422,0.0954737035000916,0.495876855415063,0,0.0945574491478835,0.0731170973062122,0.24097489463075
173273.411807,2624866.126422,0.0684120007643799,0.645327727880757,0,0.0141410280909612,0.0443340340149054,0.227785209248997
164273.411807,2624366.126422,0.0253211009174312,0.0152293577981651,0.521284403669725,0.403119266055046,0.0234862385321101,0.0115596330275229
165773.411807,2624366.126422,0.00642201834862385,0.0634862385321101,0.444036697247706,0.273761467889908,0.0873394495412844,0.124954128440367
166273.411807,2624366.126422,0.0165107319757843,0.0772335351311686,0.684094661529995,0.102549990827371,0.0425609979820216,0.0770500825536599
166773.411807,2624366.126422,0.0043956043956044,0.071978021978022,0.633882783882784,0.133333333333333,0.0335164835164835,0.122893772893773
167273.411807,2624366.126422,0.00036697247706422,0.0937614678899083,0.653761467889908,0.17045871559633,0.0306422018348624,0.0510091743119266
167773.411807,2624366.126422,0,0.0420106402494955,0.653091175931022,0.298660796184186,0.00403595670519171,0.00220143093010457
168273.411807,2624366.126422,0.000732600732600733,0.0434065934065934,0.565201465201465,0.0785714285714286,0.047985347985348,0.264102564102564
168773.411807,2624366.126422,0.00165137614678899,0.0728440366972477,0.238899082568807,0.111743119266055,0.0981651376146789,0.476697247706422
169273.411807,2624366.126422,0.0469638598422308,0.0717299578059072,0.190240322876536,0.379196477710512,0.144377178499358,0.167492203265456
169773.411807,2624366.126422,0.039010989010989,0.0419413919413919,0.00549450549450549,0.602380952380952,0.141391941391941,0.16978021978022
170273.411807,2624366.126422,0.0755963302752294,0.293761467889908,0.00477064220183486,0.121834862385321,0.088256880733945,0.415779816513761
170773.411807,2624366.126422,0.0719134103834159,0.511098880939277,0.00165107319757843,0.0423775454045129,0.0442120711796001,0.328747018895615
171273.411807,2624366.126422,0.0661172161172161,0.584981684981685,0,0.019047619047619,0.0313186813186813,0.298534798534799
171773.411807,2624366.126422,0.0592660550458716,0.453211009174312,0,0.166788990825688,0.103119266055046,0.217614678899083
172273.411807,2624366.126422,0.089157952669235,0.462850853054485,0,0.0774169877086773,0.0944780774169877,0.276096129150615
172773.411807,2624366.126422,0.0591575091575092,0.28040293040293,0,0.350915750915751,0.15018315018315,0.159340659340659
173273.411807,2624366.126422,0.0609476499808942,0.408674054260604,0,0.131257164692396,0.11520825372564,0.283912877340466
165773.411807,2623866.126422,0,0.00842490842490842,0.847252747252747,0.144322344322344,0,0
166273.411807,2623866.126422,0,0.0293040293040293,0.924725274725275,0.0424908424908425,0.0010989010989011,0.00238095238095238
166773.411807,2623866.126422,0,0.0055005500550055,0.951961862852952,0.041987532086542,0.00055005500550055,0
167273.411807,2623866.126422,0.00128205128205128,0.0265567765567766,0.741575091575092,0.213736263736264,0.0122710622710623,0.00457875457875458
167773.411807,2623866.126422,0,0.0331501831501832,0.705677655677656,0.236630036630037,0.0245421245421245,0
168273.411807,2623866.126422,0.00898423175650898,0.0539053905390539,0.11037770443711,0.539420608727539,0.0922258892555922,0.195086175284195
168773.411807,2623866.126422,0.00476190476190476,0.0765567765567766,0.00750915750915751,0.295787545787546,0.122344322344322,0.493040293040293
169273.411807,2623866.126422,0.0241758241758242,0.103113553113553,0.0283882783882784,0.432234432234432,0.147619047619048,0.264468864468864
169773.411807,2623866.126422,0.0366703337000367,0.479281261459479,0.00531719838650532,0.0979097909790979,0.0616061606160616,0.319215254858819
170273.411807,2623866.126422,0.0525641025641026,0.509523809523809,0,0.00750915750915751,0.0494505494505494,0.380952380952381
170773.411807,2623866.126422,0.0906593406593407,0.526556776556777,0,0.00549450549450549,0.041025641025641,0.336263736263736
171273.411807,2623866.126422,0.137147048038137,0.49009900990099,0,0.017968463513018,0.0154015401540154,0.339383938393839
171773.411807,2623866.126422,0.065018315018315,0.606043956043956,0,0.0717948717948718,0.0525641025641026,0.204578754578755
172273.411807,2623866.126422,0.078021978021978,0.648534798534799,0,0.0672161172161172,0.0452380952380952,0.160989010989011
172773.411807,2623866.126422,0.189218921892189,0.286945361202787,0,0.116061606160616,0.0914924825815915,0.316281628162816
173273.411807,2623866.126422,0.0955742083174361,0.540061045402518,0,0.108927890118275,0.0692483784814956,0.186188477680275
165773.411807,2623366.126422,0,0.00697375665259681,0.760139475133052,0.229766929711874,0.00311983850247752,0
166273.411807,2623366.126422,0,0.013203741059967,0.874197689345314,0.112231799009719,0.000366770584999083,0
166773.411807,2623366.126422,0,0.00879604178119846,0.947040498442368,0.0439802089059923,0.000183250870441635,0
167273.411807,2623366.126422,0.00440447788585061,0.019086070838686,0.7592218755735,0.151954487061846,0.0240411084602679,0.0412919801798495
167773.411807,2623366.126422,0.00311754997249221,0.0814230698697964,0.300751879699248,0.358518246836604,0.130753713552173,0.125435540069686
168273.411807,2623366.126422,0.00787978742899029,0.0760491112332784,0.0254718709913872,0.292101887483966,0.181418361737218,0.41707898112516
168773.411807,2623366.126422,0.00495503762158194,0.0915764360433107,0.0100935951550743,0.113965865296385,0.0583593319875206,0.721049733896128
169273.411807,2623366.126422,0.037593984962406,0.237850724371905,0,0.150009169264625,0.126902622409683,0.447643498991381
169773.411807,2623366.126422,0.0412314458493678,0.544071834341213,0.000549752611324904,0.0225398570643211,0.0448964632582005,0.346710646875573
170273.411807,2623366.126422,0.0552394934850431,0.429069554046614,0,0.114332905120206,0.0732244448522665,0.328133602495871
170773.411807,2623366.126422,0.0225563909774436,0.406748578763983,0,0.0995782138272511,0.0975609756097561,0.373555840821566
171273.411807,2623366.126422,0.0573575224482316,0.340480117280557,0,0.142569177203592,0.0892431739050761,0.370350009162544
171773.411807,2623366.126422,0.0877225178931914,0.513855753349238,0,0.0499174160396403,0.0576252523398789,0.290879060378051
172273.411807,2623366.126422,0.0605171465248487,0.333944617641665,0,0.12415184302219,0.102145607922245,0.379240784889052
172773.411807,2623366.126422,0.0645043063954554,0.491295583654022,0.0197910940076965,0.105919003115265,0.0795308777716694,0.238959135055892
173273.411807,2623366.126422,0.0200649722912287,0.660233135868527,0.024651251672081,0.0678387158417734,0.0269443913625072,0.200267532963883
165773.411807,2622866.126422,0,0.0111926605504587,0.728440366972477,0.258899082568807,0.00146788990825688,0
166273.411807,2622866.126422,0,0.01284168042561,0.438451660245826,0.54778939644102,0.00091726288754357,0
166773.411807,2622866.126422,0.000549450549450549,0.00677655677655678,0.4003663003663,0.591208791208791,0.0010989010989011,0
167273.411807,2622866.126422,0.00018348623853211,0.0781651376146789,0.72697247706422,0.0403669724770642,0.0377981651376147,0.11651376146789
167773.411807,2622866.126422,0.000366905155017428,0.0489818381948266,0.234085488901119,0.0862227114290956,0.0695285268758026,0.560814529444139
168273.411807,2622866.126422,0.0163003663003663,0.0397435897435897,0.00366300366300366,0.149267399267399,0.112087912087912,0.678937728937729
168773.411807,2622866.126422,0.00256880733944954,0.328256880733945,0,0.0398165137614679,0.0555963302752294,0.573761467889908
169273.411807,2622866.126422,0.0066042927903137,0.467437167492203,0,0.00220143093010457,0.0176114474408365,0.506145661346542
169773.411807,2622866.126422,0.0375457875457875,0.572893772893773,0,0.0146520146520147,0.0184981684981685,0.356410256410256
170273.411807,2622866.126422,0.0293577981651376,0.236697247706422,0.00055045871559633,0.286422018348624,0.124954128440367,0.322018348623853
170773.411807,2622866.126422,0.118326912493121,0.361951935424693,0,0.084021280498991,0.0757659145110989,0.359933957072097
171273.411807,2622866.126422,0.0456043956043956,0.492673992673993,0,0.043956043956044,0.0659340659340659,0.351831501831502
171773.411807,2622866.126422,0.00990825688073394,0.617798165137615,0,0.0222018348623853,0.0273394495412844,0.322752293577982
172273.411807,2622866.126422,0.0376077783892864,0.571087873784627,0.0405430196294258,0.0638414969730325,0.0487983856173179,0.238121445606311
172773.411807,2622866.126422,0.0507326007326007,0.433150183150183,0.0225274725274725,0.118864468864469,0.0358974358974359,0.338827838827839
173273.411807,2622866.126422,0.0378295758502102,0.590561711883836,0.015475735575086,0.110049675200611,0.0443255636224685,0.201757737867788
166773.411807,2622366.126422,0,0,0.742024202420242,0.257975797579758,0,0
167273.411807,2622366.126422,0.00567765567765568,0.0633699633699634,0.434432234432234,0.28021978021978,0.0604395604395604,0.155860805860806
167773.411807,2622366.126422,0.0276556776556777,0.0336996336996337,0.000549450549450549,0.233150183150183,0.135531135531136,0.569413919413919
168273.411807,2622366.126422,0.0188852218555189,0.0412541254125413,0.000733406674000733,0.336450311697836,0.157315731573157,0.445361202786945
168773.411807,2622366.126422,0.00402930402930403,0.198351648351648,0,0.036996336996337,0.0703296703296703,0.69029304029304
169273.411807,2622366.126422,0.0619047619047619,0.394871794871795,0,0.0133699633699634,0.0164835164835165,0.513369963369963
169773.411807,2622366.126422,0.0392372570590392,0.57004033736707,0,0.0577557755775578,0.0573890722405574,0.275577557755776
170273.411807,2622366.126422,0.112820512820513,0.370512820512821,0,0.0891941391941392,0.0774725274725275,0.35
170773.411807,2622366.126422,0.0432234432234432,0.476190476190476,0,0.080952380952381,0.0549450549450549,0.344688644688645
171273.411807,2622366.126422,0.0322698936560323,0.542720938760543,0,0.0374037403740374,0.0469380271360469,0.340667400073341
171773.411807,2622366.126422,0.03003663003663,0.484065934065934,0,0.0315018315018315,0.0258241758241758,0.428571428571429
172273.411807,2622366.126422,0.054029304029304,0.538827838827839,0.00842490842490842,0.0868131868131868,0.0336996336996337,0.278205128205128
172773.411807,2622366.126422,0.0342867620095343,0.423175650898423,0.000366703337000367,0.148331499816648,0.0958929226255959,0.297946461312798
173273.411807,2622366.126422,0.0631438382296833,0.500572300648607,0.0150705837466616,0.0591377336894315,0.0938573063716139,0.268218237314002
166273.411807,2621866.126422,0.000916926462497708,0.0803227581147992,0.66403814414084,0.15184302218962,0.0339262791124152,0.0689528699798276
166773.411807,2621866.126422,0,0.00787978742899029,0.793659519882719,0.194429173538574,0.00403151914971596,0
167273.411807,2621866.126422,0.0192695907505964,0.0322995044962378,0.509084235639567,0.302624334740319,0.0528537346302074,0.0838685997430721
167773.411807,2621866.126422,0.0339262791124152,0.100495140289749,0.0403447643498991,0.496607372088758,0.103612690262241,0.225013753896937
168273.411807,2621866.126422,0.0469122228330585,0.0382994319223016,0.00183250870441635,0.625618471687741,0.149899212021257,0.137438152831226
168773.411807,2621866.126422,0.0405579005322077,0.0829510001835199,0.00275279867865663,0.21985685446871,0.0965314736648926,0.557349972472013
169273.411807,2621866.126422,0.0368604437924078,0.295617091509261,0,0.208875848156978,0.119750596002201,0.338896020539153
169773.411807,2621866.126422,0.0533260032985157,0.434304562946674,0.00458127176104087,0.05717427157779,0.0745831042697453,0.376030786146234
170273.411807,2621866.126422,0.0790970820334006,0.33620847861993,0.00440447788585061,0.118370343182235,0.0890071572765645,0.372912461002019
170773.411807,2621866.126422,0.0192554557124519,0.471116816431322,0,0.024390243902439,0.0709701081973226,0.414267375756464
171273.411807,2621866.126422,0.0274876305662452,0.664467656221367,0,0.0320689023272861,0.0412314458493678,0.234744365035734
171773.411807,2621866.126422,0.0367039823820885,0.435309231051569,0.000183519911910442,0.105523949348504,0.0561570930445953,0.366122224261332
172273.411807,2621866.126422,0.033192737942417,0.424353566843939,0.00385109114249037,0.187786539519531,0.129103245919677,0.221712818631946
172773.411807,2621866.126422,0.0161260765988638,0.704233095107202,0,0.0157595748579806,0.0472787245739417,0.216602528862012
173273.411807,2621866.126422,0.0150965029619721,0.670361169501242,0,0.0135677431683547,0.0275176762851137,0.273456908083317
165773.411807,2621366.126422,0.038348623853211,0.061651376146789,0.696880733944954,0.0897247706422018,0.0244036697247706,0.0889908256880734
166273.411807,2621366.126422,0.00330214639515685,0.138690148596588,0.56485048614933,0.140524674371675,0.0381581361218125,0.114474408365438
166773.411807,2621366.126422,0.00567765567765568,0.0269230769230769,0.728205128205128,0.0994505494505494,0.0472527472527473,0.0924908424908425
167273.411807,2621366.126422,0.0240366972477064,0.0741284403669725,0.0915596330275229,0.108440366972477,0.178899082568807,0.522935779816514
167773.411807,2621366.126422,0.0251330031186938,0.094294624839479,0.290588882773803,0.174830306365804,0.0854889011190607,0.329664281783159
168273.411807,2621366.126422,0.0697802197802198,0.182783882783883,0,0.107509157509158,0.0639194139194139,0.576007326007326
168773.411807,2621366.126422,0.0462385321100917,0.451559633027523,0.0036697247706422,0.0422018348623853,0.0713761467889908,0.384954128440367
169273.411807,2621366.126422,0.107136305265089,0.166574940377912,0,0.165290772335351,0.151348376444689,0.409649605576958
169773.411807,2621366.126422,0.0824175824175824,0.235347985347985,0.00183150183150183,0.0967032967032967,0.0970695970695971,0.486630036630037
170273.411807,2621366.126422,0.109357798165138,0.36256880733945,0,0.0214678899082569,0.0447706422018349,0.461834862385321
170773.411807,2621366.126422,0.0388919464318474,0.526141992294992,0.000183452577508714,0.0355898000366905,0.0513667217024399,0.347826086956522
171273.411807,2621366.126422,0.0564102564102564,0.533150183150183,0,0.0445054945054945,0.0543956043956044,0.311538461538462
171773.411807,2621366.126422,0.104587155963303,0.491376146788991,0,0.000917431192660551,0.0194495412844037,0.383669724770642
172273.411807,2621366.126422,0.0777838928636947,0.440286186020914,0,0.124564300128417,0.127499541368556,0.229866079618419
172773.411807,2621366.126422,0.0443223443223443,0.569230769230769,0,0.0401098901098901,0.0472527472527473,0.299084249084249
173273.411807,2621366.126422,0.0206343141001146,0.659915934275888,0,0.0340084065724112,0.0420328620557891,0.243408482995797
165273.411807,2620866.126422,0.193986065273194,0.0654565456545655,0.321598826549322,0.254308764209754,0.015034836817015,0.14961496149615
165773.411807,2620866.126422,0.00293040293040293,0.135714285714286,0.303479853479853,0.0584249084249084,0.0532967032967033,0.446153846153846
166273.411807,2620866.126422,0,0.0954212454212454,0.645238095238095,0.146703296703297,0.0355311355311355,0.0771062271062271
166773.411807,2620866.126422,0.0374037403740374,0.122845617895123,0.152365236523652,0.150531719838651,0.115694902823616,0.421158782544921
167273.411807,2620866.126422,0.0532967032967033,0.089010989010989,0.0481684981684982,0.113369963369963,0.167216117216117,0.528937728937729
167773.411807,2620866.126422,0.0360805860805861,0.105677655677656,0.260805860805861,0.144139194139194,0.103296703296703,0.35
168273.411807,2620866.126422,0.0353868720205354,0.184818481848185,0.0568390172350568,0.174917491749175,0.148881554822149,0.399156582324899
168773.411807,2620866.126422,0.0745421245421245,0.175274725274725,0,0.0611721611721612,0.0538461538461538,0.635164835164835
169273.411807,2620866.126422,0.0725274725274725,0.25,0,0.112637362637363,0.127655677655678,0.437179487179487
169773.411807,2620866.126422,0.173634030069674,0.42995966263293,0,0.00861752841950862,0.0245691235790246,0.363219655298863
170273.411807,2620866.126422,0.135347985347985,0.214835164835165,0,0.00567765567765568,0.0593406593406593,0.584798534798535
170773.411807,2620866.126422,0.0725274725274725,0.34029304029304,0,0.0948717948717949,0.0934065934065934,0.398901098901099
171273.411807,2620866.126422,0.107444077741107,0.252291895856252,0.0108177484415108,0.196369636963696,0.13989732306564,0.293179317931793
171773.411807,2620866.126422,0.158058608058608,0.41959706959707,0,0.102930402930403,0.0664835164835165,0.252930402930403
172273.411807,2620866.126422,0.0664835164835165,0.391758241758242,0.00512820512820513,0.195238095238095,0.12985347985348,0.211538461538462
172773.411807,2620866.126422,0.146497983131646,0.19013568023469,0.0144847818115145,0.247341400806747,0.147231389805647,0.254308764209754
173273.411807,2620866.126422,0.0743990843189622,0.551316291491797,0.00381533765738268,0.0278519648988936,0.0249904616558565,0.317626859977108
165273.411807,2620366.126422,0.160161260765989,0.331500824628917,0.00256551218618288,0.0921751878321422,0.0619387942092725,0.351658420377497
165773.411807,2620366.126422,0.00403743806202973,0.502844558634612,0.0152321526885667,0.179482473848413,0.0372545421178198,0.261148834648559
166273.411807,2620366.126422,0.0150375939849624,0.0737208875848157,0.543370621676142,0.0966440491472584,0.123051531267192,0.14817531633963
166773.411807,2620366.126422,0.0525929998167491,0.0634048011728056,0,0.208722741433022,0.161077515118197,0.514201942459227
167273.411807,2620366.126422,0.0585428518994311,0.131400256927877,0,0.2407781244265,0.177096714993577,0.392182051752615
167773.411807,2620366.126422,0.0801393728222996,0.291766000366771,0.00733541169998166,0.0981111314872547,0.100495140289749,0.422152943333945
168273.411807,2620366.126422,0.100421477002016,0.137621403701668,0.0287703866593366,0.0740333516584204,0.117280557082646,0.541872823895914
168773.411807,2620366.126422,0.126628739218205,0.111763626353459,0.0385391815011929,0.0581758120756102,0.0761607634428336,0.588731877408699
169273.411807,2620366.126422,0.086007702182285,0.244635980194388,0.0350265908674124,0.0834403080872914,0.0841738492572896,0.466715569411333
169773.411807,2620366.126422,0.0470954737035001,0.358988455195162,0.0437969580355507,0.0443467106468756,0.140003665017409,0.365768737401503
170273.411807,2620366.126422,0.123141860891907,0.284822903285006,0.0335841438796109,0.0519361350706552,0.0534042943659387,0.453110662506882
170773.411807,2620366.126422,0.102695763799743,0.242802127269393,0.00385109114249037,0.0498807995598753,0.0931597285897671,0.507610489638731
171273.411807,2620366.126422,0.0756826094923951,0.348726406450431,0,0.0705515851200293,0.0522264980758659,0.452812900861279
171773.411807,2620366.126422,0.0251422279317306,0.662139842172876,0,0.0322995044962378,0.0352358230868049,0.245182602312351
172273.411807,2620366.126422,0.041995231982395,0.373555840821566,0.0188886851274528,0.0693196405648267,0.0995782138272511,0.396662387676508
172773.411807,2620366.126422,0.0910756826094924,0.336815099871724,0.000366501740883269,0.142202675462708,0.118929814916621,0.310610225398571
173273.411807,2620366.126422,0.111217274985668,0.445251289891076,0,0.0403210395566597,0.056755207338047,0.34645518822855
164773.411807,2619866.126422,0.311135571454779,0.108237020730141,0.00421940928270042,0.0682443588332416,0.0963126031920749,0.411851036507063
165273.411807,2619866.126422,0.0141025641025641,0.682783882783883,0,0.0296703296703297,0.0342490842490843,0.239194139194139
165773.411807,2619866.126422,0.0055045871559633,0.606788990825688,0,0.114311926605505,0.0324770642201835,0.240917431192661
166273.411807,2619866.126422,0.00476976701522656,0.19831223628692,0.156668501192442,0.139240506329114,0.168226013575491,0.332782975600807
166773.411807,2619866.126422,0.0567765567765568,0.190842490842491,0.000366300366300366,0.133699633699634,0.128937728937729,0.489377289377289
167273.411807,2619866.126422,0.101834862385321,0.0732110091743119,0.00477064220183486,0.223119266055046,0.162752293577982,0.434311926605505
167773.411807,2619866.126422,0.0344890845716382,0.510915428361769,0,0.0225646670335718,0.0537516052100532,0.378279214822968
168273.411807,2619866.126422,0.0565934065934066,0.378571428571429,0,0.0172161172161172,0.05,0.497619047619048
168773.411807,2619866.126422,0.0829357798165138,0.305504587155963,0,0.0664220183486239,0.088256880733945,0.456880733944954
169273.411807,2619866.126422,0.0935608145294441,0.418455329297377,0,0.0590717299578059,0.0592551825353146,0.369656943680059
169773.411807,2619866.126422,0.118681318681319,0.19981684981685,0,0.179487179487179,0.142673992673993,0.359340659340659
170273.411807,2619866.126422,0.0655045871559633,0.502385321100917,0.00825688073394495,0.10605504587156,0.0851376146788991,0.232660550458716
170773.411807,2619866.126422,0.089157952669235,0.381581361218125,0.0313703907539901,0.131535498073748,0.115391671252981,0.250963126031921
171273.411807,2619866.126422,0.0835164835164835,0.553113553113553,0.00915750915750916,0.100549450549451,0.0622710622710623,0.191391941391941
171773.411807,2619866.126422,0.0699082568807339,0.387155963302752,0.0438532110091743,0.148623853211009,0.122018348623853,0.228440366972477
172273.411807,2619866.126422,0.0508163639699138,0.467804072647221,0.0188956154833975,0.109337736195194,0.11704274445056,0.236103467253715
172773.411807,2619866.126422,0.0598901098901099,0.65,0,0.0168498168498168,0.0633699633699634,0.20989010989011
173273.411807,2619866.126422,0.0876958349254872,0.337409247229652,0,0.181887657623233,0.1159724875812,0.277034772640428
164773.411807,2619366.126422,0.100549450549451,0.466117216117216,0,0.0183150183150183,0.0516483516483516,0.363369963369963
165273.411807,2619366.126422,0.0139347268060139,0.571507150715072,0,0.0311697836450312,0.0617895122845618,0.321598826549322
165773.411807,2619366.126422,0.00970695970695971,0.580586080586081,0,0.127289377289377,0.0661172161172161,0.216300366300366
166273.411807,2619366.126422,0.0261904761904762,0.273076923076923,0,0.314835164835165,0.145238095238095,0.240659340659341
166773.411807,2619366.126422,0.061972863953062,0.196919691969197,0.0372203887055372,0.260726072607261,0.181518151815182,0.261642830949762
167273.411807,2619366.126422,0.0445054945054945,0.369047619047619,0.00512820512820513,0.080952380952381,0.103846153846154,0.396520146520146
167773.411807,2619366.126422,0.0408424908424908,0.544688644688645,0.00347985347985348,0.0567765567765568,0.0551282051282051,0.299084249084249
168273.411807,2619366.126422,0.0463879721305464,0.498533186651999,0,0.0196186285295196,0.0581224789145581,0.377337733773377
168773.411807,2619366.126422,0.0793040293040293,0.323260073260073,0.00970695970695971,0.141758241758242,0.129120879120879,0.316849816849817
169273.411807,2619366.126422,0.052014652014652,0.436996336996337,0,0.013003663003663,0.0725274725274725,0.425457875457875
169773.411807,2619366.126422,0.0126512651265127,0.434176751008434,0,0.0753575357535754,0.0711404473780711,0.406674000733407
170273.411807,2619366.126422,0.0877289377289377,0.436080586080586,0,0.0135531135531136,0.0619047619047619,0.400732600732601
170773.411807,2619366.126422,0.0492673992673993,0.458424908424908,0.00860805860805861,0.0368131868131868,0.056959706959707,0.38992673992674
171273.411807,2619366.126422,0.0044004400440044,0.83975064173084,0.00495049504950495,0.0363036303630363,0.0284195086175284,0.0861752841950862
171773.411807,2619366.126422,0.0851648351648352,0.472527472527473,0,0.162087912087912,0.102380952380952,0.177838827838828
172273.411807,2619366.126422,0.0333333333333333,0.779487179487179,0.00201465201465201,0.0298534798534799,0.0873626373626374,0.0679487179487179
172773.411807,2619366.126422,0.0388705537220389,0.662816281628163,0.00971763843050972,0.0845251191785845,0.0482214888155482,0.155848918225156
173273.411807,2619366.126422,0.0894696680656238,0.425600915681038,0,0.0898512018313621,0.0633346051125525,0.331743609309424
164273.411807,2618866.126422,0.121490181684713,0.171407597724353,0.212332538080382,0.0699210864378785,0.171407597724353,0.253440998348321
164773.411807,2618866.126422,0.00183385292499542,0.522097927746195,0.216394645149459,0.0478635613423803,0.041995231982395,0.169814780854575
165273.411807,2618866.126422,0.00494777350192413,0.545537841304746,0.0302363936228697,0.0754993586219534,0.0786146234194612,0.265164009529045
165773.411807,2618866.126422,0.0449623784180584,0.272343549275096,0,0.21581941640668,0.104239309965131,0.362635345935034
166273.411807,2618866.126422,0.0210893086374473,0.0665688611773336,0,0.569961489088575,0.185402530717036,0.156977810379608
166773.411807,2618866.126422,0.0333516584203775,0.649441084845153,0,0.0355506688656771,0.0282206340480117,0.253435953820781
167273.411807,2618866.126422,0.0820334006239677,0.2653697926225,0.0948797944576987,0.144797210497339,0.0992842723435493,0.313635529454946
167773.411807,2618866.126422,0.0722538052448194,0.424536952136439,0,0.0810562992847974,0.0583165230148542,0.36383642031909
168273.411807,2618866.126422,0.0811801356056441,0.457577423492762,0,0.0780648708081363,0.0991387209089243,0.284038849184534
168773.411807,2618866.126422,0.0293631859056708,0.588364837584878,0.00422095797394017,0.00422095797394017,0.0383556615892824,0.335474398972288
169273.411807,2618866.126422,0.0297084173849257,0.488355033926279,0,0.0850907757197873,0.0786722904823033,0.318173482486705
169773.411807,2618866.126422,0.0260216236027121,0.5717427157779,0,0.0954737035000916,0.0709180868609126,0.235843870258384
170273.411807,2618866.126422,0.0587263718113415,0.413653881446137,0.0148651128647458,0.150302807854652,0.0579922921636998,0.304459533859424
170773.411807,2618866.126422,0.0603337612323492,0.311021456079222,0,0.105446543187236,0.0986612873647534,0.424536952136439
171273.411807,2618866.126422,0.0108118013560564,0.621403701667583,0.0196078431372549,0.105919003115265,0.0659703133589885,0.176287337364852
171773.411807,2618866.126422,0.0669847678473114,0.642319691686548,0.0337676637915214,0.0321159845843274,0.0434942191227748,0.181317672967517
172273.411807,2618866.126422,0.00843572345497891,0.754997249220613,0.0113698881349716,0.0513478818998716,0.0485971025123785,0.125252154777187
172773.411807,2618866.126422,0.212937511453179,0.569360454462159,0,0.043613707165109,0.0168590800806304,0.157229246838922
173273.411807,2618866.126422,0.0303841008981464,0.686413147334225,0,0.00745270399388496,0.0282820561819224,0.247467991591821
164273.411807,2618366.126422,0.0713761467889908,0.317064220183486,0.00036697247706422,0.131376146788991,0.116146788990826,0.363669724770642
164773.411807,2618366.126422,0.00403595670519171,0.168226013575491,0.333700238488351,0.115758576407999,0.133186571271326,0.245092643551642
165273.411807,2618366.126422,0.010989010989011,0.227655677655678,0.0989010989010989,0.162271062271062,0.141758241758242,0.358424908424908
165773.411807,2618366.126422,0.0170642201834862,0.527706422018349,0,0.0438532110091743,0.0519266055045872,0.359449541284404
166273.411807,2618366.126422,0.0460465969546872,0.481563015960374,0,0.0603558980003669,0.0838378279214823,0.328196661163089
166773.411807,2618366.126422,0.0445054945054945,0.636263736263736,0.0113553113553114,0.084981684981685,0.0543956043956044,0.168498168498169
167273.411807,2618366.126422,0.0700917431192661,0.747706422018349,0,0.00917431192660551,0.0352293577981651,0.137798165137615
167773.411807,2618366.126422,0.0902586681342873,0.554026784076316,0.00403595670519171,0.0214639515685195,0.0653091175931022,0.264905521922583
168273.411807,2618366.126422,0.105677655677656,0.341758241758242,0.0221611721611722,0.142307692307692,0.10989010989011,0.278205128205128
168773.411807,2618366.126422,0.0444036697247706,0.540183486238532,0,0.0207339449541284,0.0634862385321101,0.331192660550459
169273.411807,2618366.126422,0.0649422124380847,0.293707576591451,0.0078884608328747,0.168042560997982,0.114841313520455,0.350577875619152
169773.411807,2618366.126422,0.0576923076923077,0.232967032967033,0.000549450549450549,0.202014652014652,0.175457875457875,0.331318681318681
170273.411807,2618366.126422,0.0444036697247706,0.493394495412844,0.0223853211009174,0.0300917431192661,0.0396330275229358,0.370091743119266
170773.411807,2618366.126422,0.0704457897633462,0.243074665199046,0.0119244175380664,0.0821867547239039,0.0889745000917263,0.503393872683911
171273.411807,2618366.126422,0.0263736263736264,0.582051282051282,0.0010989010989011,0.0901098901098901,0.0272893772893773,0.273076923076923
