"x","y","forest","agri","water","built","other","grass"
326273.411807,2737866.126422,0.0862637362637363,0.019047619047619,0.00402930402930403,0.735164835164835,0.0853479853479854,0.0701465201465201
326773.411807,2737866.126422,0.05,0.338644688644689,0.00183150183150183,0.284798534798535,0.106043956043956,0.218681318681319
327273.411807,2737866.126422,0.0308030803080308,0.675467546754675,0.0055005500550055,0.158049138247158,0.0392372570590392,0.0909424275760909
327773.411807,2737866.126422,0.082967032967033,0.651465201465201,0.00805860805860806,0.117216117216117,0.0523809523809524,0.0879120879120879
328273.411807,2737866.126422,0.0631868131868132,0.628937728937729,0.00128205128205128,0.115201465201465,0.0635531135531135,0.127838827838828
328773.411807,2737866.126422,0.0165016501650165,0.894756142280895,0.000916758342500917,0.0386872020535387,0.0122845617895123,0.0368536853685369
329273.411807,2737866.126422,0.054029304029304,0.533699633699634,0.0032967032967033,0.302564102564103,0.0474358974358974,0.058974358974359
329773.411807,2737866.126422,0.0509157509157509,0.480586080586081,0.00457875457875458,0.29029304029304,0.0615384615384615,0.112087912087912
330273.411807,2737866.126422,0.0412541254125413,0.707004033736707,0.0011001100110011,0.0328199486615328,0.046021268793546,0.171800513384672
330773.411807,2737866.126422,0.0206959706959707,0.651282051282051,0.052014652014652,0.0315018315018315,0.0644688644688645,0.18003663003663
331273.411807,2737866.126422,0.0357142857142857,0.769413919413919,0,0.0507326007326007,0.0353479853479853,0.108791208791209
331773.411807,2737866.126422,0.0188852218555189,0.901356802346901,0,0.0282361569490282,0.01998533186652,0.0315364869820315
332273.411807,2737866.126422,0.0567765567765568,0.533882783882784,0.0426739926739927,0.0673992673992674,0.0505494505494506,0.248717948717949
332773.411807,2737866.126422,0.295054945054945,0.174725274725275,0,0.0875457875457875,0.0538461538461538,0.388827838827839
326273.411807,2737366.126422,0.0972655533125344,0.058909891723252,0.00513855753349238,0.500458799779776,0.155808405211966,0.18241879243898
326773.411807,2737366.126422,0.114065651934715,0.13992297817715,0.0183385292499542,0.247019988996882,0.163579680909591,0.317073170731707
327273.411807,2737366.126422,0.0450797141286421,0.685175004581272,0.0262048744731537,0.0723840938244457,0.0566245189664651,0.114531794026022
327773.411807,2737366.126422,0.0625802899614608,0.592769315470729,0.000734079647641769,0.0489998164800881,0.071389245733162,0.223527252706919
328273.411807,2737366.126422,0.0337428938199156,0.748395378690629,0.00128369704749679,0.0293416467999266,0.0502475701448744,0.136988813497158
328773.411807,2737366.126422,0.0443467106468756,0.814733369983507,0.00238226131574125,0.0346344145134689,0.0247388675096207,0.0791643760307861
329273.411807,2737366.126422,0.0379886217654616,0.774454028262066,0.00660671682877592,0.0761607634428336,0.0322995044962378,0.0724903652046247
329773.411807,2737366.126422,0.0335595085274161,0.913258756647717,0,0.017604988079956,0.0104529616724739,0.0251237850724372
330273.411807,2737366.126422,0.0373831775700935,0.794209272494044,0.000916254352208173,0.0419644493311343,0.0415979475902511,0.0839288986622686
330773.411807,2737366.126422,0.0260598274912828,0.496604881629657,0.0611121306661773,0.097082033400624,0.124059460451459,0.1950816663608
331273.411807,2737366.126422,0.046396479002384,0.585732624243536,0.0535485054098661,0.0227397762699432,0.0702365670273244,0.221346048046947
331773.411807,2737366.126422,0.00733003481766538,0.925416895730255,0,0.0109950522264981,0.00787978742899029,0.0483782297965915
332273.411807,2737366.126422,0.0209212699577904,0.810056891172692,0,0.0447788585061479,0.0363369425582676,0.0879060378051019
332773.411807,2737366.126422,0.132220795892169,0.136255272327159,0.00641848523748395,0.0667522464698331,0.0568494406748579,0.601503759398496
326273.411807,2736866.126422,0.0732110091743119,0.195596330275229,0.0106422018348624,0.217247706422018,0.156880733944954,0.346422018348624
326773.411807,2736866.126422,0.063474591818015,0.303247110621904,0.0506329113924051,0.178866263070996,0.100165107319758,0.303614015776922
327273.411807,2736866.126422,0.0673992673992674,0.683699633699634,0.0124542124542125,0.0765567765567766,0.0489010989010989,0.110989010989011
327773.411807,2736866.126422,0.0732110091743119,0.746788990825688,0.0196330275229358,0.0304587155963303,0.0185321100917431,0.111376146788991
328273.411807,2736866.126422,0.0909924784443221,0.583746101632728,0.0220143093010457,0.151348376444689,0.0346725371491469,0.117226197028068
328773.411807,2736866.126422,0.0245421245421245,0.358241758241758,0.000366300366300366,0.0620879120879121,0.0342490842490843,0.520512820512821
329273.411807,2736866.126422,0.0620183486238532,0.625871559633028,0.00788990825688073,0.0937614678899083,0.0585321100917431,0.151926605504587
329773.411807,2736866.126422,0.0288020546688681,0.857090442120712,0,0.026967528893781,0.0119244175380664,0.0752155567785727
330273.411807,2736866.126422,0.0210622710622711,0.906410256410256,0,0.0254578754578755,0.0115384615384615,0.0355311355311355
330773.411807,2736866.126422,0.0477064220183486,0.764770642201835,0.00055045871559633,0.0576146788990826,0.0638532110091743,0.0655045871559633
331273.411807,2736866.126422,0.0330214639515685,0.63199412951752,0.066042927903137,0.0324711062190424,0.0533847000550358,0.183085672353697
331773.411807,2736866.126422,0.0113553113553114,0.825091575091575,0,0.0254578754578755,0.0324175824175824,0.105677655677656
332273.411807,2736866.126422,0.0242201834862385,0.82697247706422,0.00055045871559633,0.0587155963302752,0.028256880733945,0.0612844036697248
332773.411807,2736866.126422,0.0548523206751055,0.126398825903504,0.00476976701522656,0.173729590900752,0.134837644468905,0.505411851036507
333273.411807,2736866.126422,0.291758241758242,0.0146520146520147,0.221794871794872,0.105311355311355,0.00641025641025641,0.36007326007326
326273.411807,2736366.126422,0.00695970695970696,0.0727106227106227,0.0380952380952381,0.168864468864469,0.140842490842491,0.572527472527472
326773.411807,2736366.126422,0.0783882783882784,0.0807692307692308,0.0144688644688645,0.0811355311355311,0.0943223443223443,0.650915750915751
327273.411807,2736366.126422,0.17033370003667,0.259442610927759,0.00348368170150348,0.139347268060139,0.151998533186652,0.275394206087275
327773.411807,2736366.126422,0.0291208791208791,0.81978021978022,0.000183150183150183,0.0518315018315018,0.0261904761904762,0.0728937728937729
328273.411807,2736366.126422,0.0225274725274725,0.861721611721612,0,0.0261904761904762,0.0547619047619048,0.0347985347985348
328773.411807,2736366.126422,0.00843417675100843,0.877154382104877,0.015951595159516,0.0161349468280161,0.00458379171250458,0.0777411074440777
329273.411807,2736366.126422,0.0271062271062271,0.66959706959707,0.0163003663003663,0.115567765567766,0.0305860805860806,0.140842490842491
329773.411807,2736366.126422,0.0457875457875458,0.789194139194139,0.0010989010989011,0.0206959706959707,0.0177655677655678,0.125457875457875
330273.411807,2736366.126422,0.0265859919325266,0.855518885221855,0,0.0403373670700403,0.0236523652365237,0.0539053905390539
330773.411807,2736366.126422,0.028021978021978,0.852747252747253,0,0.0274725274725275,0.0245421245421245,0.0672161172161172
331273.411807,2736366.126422,0.0434065934065934,0.753479853479853,0,0.0267399267399267,0.063003663003663,0.113369963369963
331773.411807,2736366.126422,0.015951595159516,0.607994132746608,0.0891089108910891,0.0273193986065273,0.0716905023835717,0.187935460212688
332273.411807,2736366.126422,0.0175824175824176,0.668498168498168,0.0738095238095238,0.0166666666666667,0.0487179487179487,0.174725274725275
332773.411807,2736366.126422,0.0723443223443224,0.182967032967033,0.0346153846153846,0.171245421245421,0.0851648351648352,0.453663003663004
333273.411807,2736366.126422,0.245141180784745,0.186101943527686,0.00696736340300697,0.0209020902090209,0.0223689035570224,0.518518518518518
326273.411807,2735866.126422,0.0726738851165352,0.544503578638282,0.000367039823820885,0.0625802899614608,0.108276748027161,0.21159845843274
326773.411807,2735866.126422,0.135154960572162,0.0421786172748946,0.00696864111498258,0.154777186869613,0.140656519347148,0.520264074821199
327273.411807,2735866.126422,0.185449880886934,0.0296866410115448,0.0042147700201576,0.124244090159428,0.127725856697819,0.528678761224116
327773.411807,2735866.126422,0.0611121306661773,0.51440631308497,0.0012846393833731,0.171224077812443,0.09543035419343,0.156542484859607
328273.411807,2735866.126422,0.0333761232349166,0.777920410783055,0.000733541169998166,0.0430955437373923,0.0794058316523015,0.0654685494223363
328773.411807,2735866.126422,0.0219901044529962,0.859629833241708,0.000183250870441635,0.0315191497159611,0.0128275609309144,0.0738501007879787
329273.411807,2735866.126422,0.028629106258029,0.821985685446871,0.0137639933932832,0.0561570930445953,0.00880895577170123,0.0706551660855203
329773.411807,2735866.126422,0.017604988079956,0.90005501558775,0.000550155877498625,0.0196222262974509,0.0163212910324592,0.0458463231248854
330273.411807,2735866.126422,0.0130108118013561,0.832691955286788,0.00256551218618288,0.00201575957485798,0.00201575957485798,0.147700201575957
330773.411807,2735866.126422,0.0115617544503579,0.839053037254542,0.00862543585979079,0.00660671682877592,0.00385391815011929,0.130299137456414
331273.411807,2735866.126422,0.0618008435723455,0.693013020355768,0.0163212910324592,0.0678525582248304,0.035209976159912,0.125802310654686
331773.411807,2735866.126422,0.0273043796958036,0.778449697636064,0.000183250870441635,0.0518599963349826,0.0558915154846986,0.0863111599780099
332273.411807,2735866.126422,0.0102771150669848,0.654432005872637,0.0662506881996697,0.0671682877592219,0.0735914846760874,0.128280418425399
332773.411807,2735866.126422,0.0452961672473868,0.131120484137172,0.0674857876398313,0.0735375022923162,0.0942600403447643,0.588300018338529
333273.411807,2735866.126422,0.136155396738135,0.238959135055892,0.0109950522264981,0.0745831042697453,0.0659703133589885,0.473336998350742
333773.411807,2735866.126422,0.292714259497155,0.00807487612405946,0.398605248669481,0.129565057808772,0.0110111947146265,0.160029363185906
326273.411807,2735366.126422,0.0245871559633028,0.447706422018349,0.00495412844036697,0.0269724770642202,0.0658715596330275,0.429908256880734
326773.411807,2735366.126422,0.101632727939828,0.191524490919097,0.00623738763529628,0.0563199412951752,0.102366538249862,0.541918913960741
327273.411807,2735366.126422,0.137912087912088,0.31978021978022,0.00549450549450549,0.126007326007326,0.134798534798535,0.276007326007326
327773.411807,2735366.126422,0.0510091743119266,0.568440366972477,0.00055045871559633,0.140183486238532,0.109174311926606,0.130642201834862
328273.411807,2735366.126422,0.0576041093377362,0.659512016143827,0,0.0986974866996881,0.085305448541552,0.0988809392771968
328773.411807,2735366.126422,0.0371794871794872,0.872527472527473,0.000183150183150183,0.0358974358974359,0.0212454212454212,0.032967032967033
329273.411807,2735366.126422,0.0653211009174312,0.672660550458716,0.0130275229357798,0.0844036697247706,0.0711926605504587,0.093394495412844
329773.411807,2735366.126422,0.0344890845716382,0.782975600807191,0.000733810310034856,0.0495321959273528,0.0489818381948266,0.0832874701889562
330273.411807,2735366.126422,0.0441391941391941,0.807875457875458,0,0.0767399267399267,0.0347985347985348,0.0364468864468864
330773.411807,2735366.126422,0.0612844036697248,0.778532110091743,0,0.0491743119266055,0.0436697247706422,0.0673394495412844
331273.411807,2735366.126422,0.0210970464135021,0.832691249312053,0.0133920381581361,0.0299027701339204,0.0266006237387635,0.076316272243625
331773.411807,2735366.126422,0.00860805860805861,0.8,0.0441391941391941,0.0111721611721612,0.0131868131868132,0.122893772893773
332273.411807,2735366.126422,0.0431192660550459,0.572110091743119,0.0488073394495413,0.0565137614678899,0.0513761467889908,0.228073394495413
332773.411807,2735366.126422,0.0662263804806457,0.223261786828105,0.116308934140525,0.0805356815263254,0.101816180517336,0.411851036507063
333273.411807,2735366.126422,0.0673992673992674,0.133333333333333,0.0379120879120879,0.0860805860805861,0.0518315018315018,0.623443223443223
333773.411807,2735366.126422,0.591376146788991,0.0774311926605505,0.00403669724770642,0.00825688073394495,0.0111926605504587,0.307706422018349
326273.411807,2734866.126422,0.0234432234432234,0.297435897435897,0.166666666666667,0.0545787545787546,0.0525641025641026,0.405311355311355
326773.411807,2734866.126422,0.0336996336996337,0.181684981684982,0.17032967032967,0.0985347985347985,0.0705128205128205,0.445238095238095
327273.411807,2734866.126422,0.0597726439310598,0.362852951961863,0.0843417675100843,0.114044737807114,0.0727906123945728,0.306197286395306
327773.411807,2734866.126422,0.0217948717948718,0.582600732600733,0.000183150183150183,0.101831501831502,0.0591575091575092,0.234432234432234
328273.411807,2734866.126422,0.0454212454212454,0.402747252747253,0.00567765567765568,0.0584249084249084,0.0677655677655678,0.41996336996337
328773.411807,2734866.126422,0.0423542354235424,0.429409607627429,0.000733406674000733,0.0474880821415475,0.0377704437110378,0.442244224422442
329273.411807,2734866.126422,0.0128205128205128,0.482600732600733,0.0957875457875458,0.112820512820513,0.0175824175824176,0.278388278388278
329773.411807,2734866.126422,0.0194139194139194,0.457142857142857,0.165018315018315,0.115384615384615,0.0324175824175824,0.210622710622711
330273.411807,2734866.126422,0.037953795379538,0.445177851118445,0.0823248991565823,0.0870920425375871,0.0320865419875321,0.315364869820315
330773.411807,2734866.126422,0.0501831501831502,0.553663003663004,0.00311355311355311,0.054029304029304,0.0236263736263736,0.315384615384615
331273.411807,2734866.126422,0.0514652014652015,0.580769230769231,0.00641025641025641,0.0441391941391941,0.0379120879120879,0.279304029304029
331773.411807,2734866.126422,0.0203520352035204,0.645764576457646,0.00311697836450312,0.0568390172350568,0.0500550055005501,0.223872387238724
332273.411807,2734866.126422,0.0269230769230769,0.674358974358974,0,0.0247252747252747,0.0307692307692308,0.243223443223443
332773.411807,2734866.126422,0.015018315018315,0.421428571428571,0.158974358974359,0.0305860805860806,0.047985347985348,0.326007326007326
333273.411807,2734866.126422,0.0210854418775211,0.178217821782178,0.267876787678768,0.0185185185185185,0.0555555555555556,0.458745874587459
333773.411807,2734866.126422,0.429120879120879,0.0315018315018315,0.0562271062271062,0.0481684981684982,0.0545787545787546,0.38040293040293
334273.411807,2734866.126422,0.107326007326007,0.0216117216117216,0.357692307692308,0.222710622710623,0.0247252747252747,0.265934065934066
326273.411807,2734366.126422,0.00991007524316388,0.169388878693338,0.142411451642503,0.0680858873187741,0.0273444668746559,0.582859240227565
326773.411807,2734366.126422,0.00458463231248854,0.144324225197139,0.101045296167247,0.16779754263708,0.000733541169998166,0.581514762516046
327273.411807,2734366.126422,0.0104452996151732,0.233644859813084,0.311526479750779,0.0700018325087044,0.00604727872457394,0.368334249587686
327773.411807,2734366.126422,0.0231235089007157,0.0882730776289227,0.347403193246467,0.0585428518994311,0.00165167920719398,0.481005689117269
328273.411807,2734366.126422,0.0209059233449477,0.0986612873647534,0.207775536401981,0.189620392444526,0.0280579497524299,0.454978910691363
328773.411807,2734366.126422,0.0053142752428074,0.196994685724757,0.272127542605827,0.139270661535642,0.00787978742899029,0.378413047461975
329273.411807,2734366.126422,0.0106441548908057,0.372178381354377,0.121490181684713,0.0194531106625069,0.0209212699577904,0.455312901449807
329773.411807,2734366.126422,0.0172382174949569,0.367137355584082,0.0817898404547955,0.131303869429672,0.0159545204474601,0.386576196589034
330273.411807,2734366.126422,0.0538757559098406,0.338464357705699,0.158695253802456,0.0355506688656771,0.00348176653839106,0.409932197177937
330773.411807,2734366.126422,0.0543218939254909,0.185171591117636,0.201871903101487,0.0139475133051936,0.00201871903101487,0.542668379519178
331273.411807,2734366.126422,0,0.152393178067119,0.293966623876765,0.00256739409499358,0.00256739409499358,0.548505409866129
331773.411807,2734366.126422,0,0.216236027121129,0.36320322521532,0.120762323621037,0.00439802089059923,0.295400403151915
332273.411807,2734366.126422,0,0.106992108643788,0.360433106992109,0.205725821251606,0.0126628739218205,0.314186089190677
332773.411807,2734366.126422,0.0102695763799743,0.112598569594719,0.350265908674124,0.451494590133871,0.00605171465248487,0.0693196405648267
333273.411807,2734366.126422,0.00219901044529962,0.0564412680960235,0.410481949789262,0.363569726956203,0.00751328568810702,0.159794759025105
333773.411807,2734366.126422,0,0.0179849513672233,0.450908423563957,0.408331804000734,0.0121123141860892,0.110662506881997
334273.411807,2734366.126422,0,0.00201723821749496,0.420502475701449,0.577480286081056,0,0
326273.411807,2733866.126422,0.053394495412844,0.322385321100917,0.00917431192660551,0.00165137614678899,0.0192660550458716,0.594128440366972
326773.411807,2733866.126422,0.0144927536231884,0.397541735461383,0.0526508897450009,0.0315538433314988,0.015410016510732,0.488350761328197
327273.411807,2733866.126422,0.0263736263736264,0.507692307692308,0.00476190476190476,0.0285714285714286,0.063003663003663,0.36959706959707
327773.411807,2733866.126422,0.0673394495412844,0.183119266055046,0.00385321100917431,0.368256880733945,0.11394495412844,0.26348623853211
328273.411807,2733866.126422,0.0552192258301229,0.40799853237938,0.00678774536782242,0.217391304347826,0.119977985690699,0.19262520638415
328773.411807,2733866.126422,0.0628205128205128,0.585531135531136,0.00128205128205128,0.0994505494505494,0.0664835164835165,0.184432234432234
329273.411807,2733866.126422,0.0414678899082569,0.814862385321101,0,0.0359633027522936,0.0163302752293578,0.0913761467889908
329773.411807,2733866.126422,0.0388919464318474,0.658227848101266,0.0332049165290772,0.100348559897267,0.0493487433498441,0.119977985690699
330273.411807,2733866.126422,0.0553113553113553,0.58021978021978,0.00512820512820513,0.0567765567765568,0.0608058608058608,0.241758241758242
330773.411807,2733866.126422,0.0176146788990826,0.630825688073394,0,0.0187155963302752,0.0405504587155963,0.292293577981651
331273.411807,2733866.126422,0.00953953403045313,0.663181067694001,0.000733810310034856,0.0330214639515685,0.0407264722069345,0.252797651807008
331773.411807,2733866.126422,0.0496336996336996,0.596703296703297,0,0.0216117216117216,0.0501831501831502,0.281868131868132
332273.411807,2733866.126422,0.0420183486238532,0.57302752293578,0.00110091743119266,0.0299082568807339,0.0557798165137615,0.298165137614679
332773.411807,2733866.126422,0.0506329113924051,0.466336452027151,0.00110071546505228,0.060906255732893,0.0568702990277013,0.364153366354797
333273.411807,2733866.126422,0.00586080586080586,0.0388278388278388,0.00384615384615385,0.0153846153846154,0.0364468864468864,0.8996336996337
333773.411807,2733866.126422,0.00220183486238532,0.00110091743119266,0,0.00110091743119266,0.00201834862385321,0.993577981651376
334273.411807,2733866.126422,0,0.0761328196661163,0.207851770317373,0.0280682443588332,0.024399192808659,0.663547972849019
326273.411807,2733366.126422,0.0252747252747253,0.11996336996337,0.176923076923077,0.0344322344322344,0.0249084249084249,0.618498168498169
326773.411807,2733366.126422,0.0463369963369963,0.526007326007326,0,0.0921245421245421,0.0681318681318681,0.267399267399267
327273.411807,2733366.126422,0.0322698936560323,0.634946828016135,0.00531719838650532,0.197103043637697,0.061972863953062,0.0683901723505684
327773.411807,2733366.126422,0.0631868131868132,0.0813186813186813,0.00897435897435897,0.666483516483516,0.110805860805861,0.0692307692307692
328273.411807,2733366.126422,0.0831501831501831,0.238278388278388,0.00183150183150183,0.314468864468864,0.122527472527473,0.23974358974359
328773.411807,2733366.126422,0.057022368903557,0.528236156949028,0.00366703337000367,0.142830949761643,0.0727906123945728,0.195452878621195
329273.411807,2733366.126422,0.0331501831501832,0.727655677655678,0.00146520146520147,0.0769230769230769,0.0571428571428571,0.103663003663004
329773.411807,2733366.126422,0.0465201465201465,0.504212454212454,0.0104395604395604,0.24010989010989,0.0877289377289377,0.110989010989011
330273.411807,2733366.126422,0.0661899523285662,0.74019068573524,0.0011001100110011,0.0344701136780345,0.0194352768610194,0.138613861386139
330773.411807,2733366.126422,0.0223443223443223,0.792307692307692,0.000732600732600733,0.0347985347985348,0.0336996336996337,0.116117216117216
331273.411807,2733366.126422,0.0346153846153846,0.636080586080586,0,0.0379120879120879,0.0461538461538462,0.245238095238095
331773.411807,2733366.126422,0.0267693436010268,0.836633663366337,0,0.0251191785845251,0.0155848918225156,0.0958929226255959
332273.411807,2733366.126422,0.0294871794871795,0.676373626373626,0.000183150183150183,0.078021978021978,0.0761904761904762,0.13974358974359
332773.411807,2733366.126422,0.023992673992674,0.605494505494505,0.0283882783882784,0.0582417582417582,0.0728937728937729,0.210989010989011
333273.411807,2733366.126422,0.0324532453245325,0.315181518151815,0.059039237257059,0.0361202786945361,0.0594059405940594,0.497799779977998
333773.411807,2733366.126422,0.01996336996337,0.0807692307692308,0.113736263736264,0.0249084249084249,0.052014652014652,0.708608058608059
334273.411807,2733366.126422,0.0142857142857143,0.0489010989010989,0.366849816849817,0.00201465201465201,0.0120879120879121,0.555860805860806
326273.411807,2732866.126422,0.0247751881079097,0.135070655166086,0.176362635345935,0.0690034868783263,0.0411084602679391,0.553679574233804
326773.411807,2732866.126422,0.0645516229598386,0.539152759948652,0.000733541169998166,0.127452778287181,0.0999449844122501,0.16816431322208
327273.411807,2732866.126422,0.0676195711929632,0.498075865860363,0.00109950522264981,0.133773135422393,0.0850284038849184,0.214403518416712
327773.411807,2732866.126422,0.0592769315470729,0.19489814644889,0.00385391815011929,0.505046797577537,0.134336575518444,0.102587630757937
328273.411807,2732866.126422,0.0784889051898038,0.474784522281313,0.000733541169998166,0.134421419402164,0.0695030258573262,0.242068586099395
328773.411807,2732866.126422,0.0313358988455195,0.746930547920103,0,0.0426974528129009,0.0282206340480117,0.150815466373465
329273.411807,2732866.126422,0.0438612589465957,0.841438796109378,0,0.034868783262984,0.02073775004588,0.0590934116351624
329773.411807,2732866.126422,0.0445626260773886,0.494406748578764,0.00788556757748029,0.277095176966807,0.0753713552173116,0.100678525582248
330273.411807,2732866.126422,0.0520432472054242,0.501740883269196,0.00201575957485798,0.158512002932014,0.0815466373465274,0.204141469671981
330773.411807,2732866.126422,0.0427601394751331,0.751881079097082,0.000367039823820885,0.0350523031748945,0.0282620664342081,0.141677371994861
331273.411807,2732866.126422,0.0605171465248487,0.57619658903356,0.0192554557124519,0.0854575463047864,0.0634513112048414,0.195121951219512
331773.411807,2732866.126422,0.0166758292101887,0.823529411764706,0.0221733553234378,0.009529045262965,0.0139270661535642,0.114165292285138
332273.411807,2732866.126422,0.0247751881079097,0.718480455129382,0.0216553496054322,0.0778124426500275,0.0334006239677005,0.123875940539549
332773.411807,2732866.126422,0.0515312671923712,0.652851641298368,0.0190720704199523,0.0434623143223913,0.0566660553823583,0.176416651384559
333273.411807,2732866.126422,0.0377496793109767,0.330951072017592,0.0315191497159611,0.0566245189664651,0.097306212204508,0.445849367784497
333773.411807,2732866.126422,0.0192695907505964,0.152872086621398,0.206276380987337,0.0332171040557901,0.0570746926041475,0.53129014498073
334273.411807,2732866.126422,0.198789657069503,0.0234733174399413,0.366770584999083,0.000366770584999083,0.00513478818998716,0.405464881716486
326273.411807,2732366.126422,0.0434862385321101,0.231009174311927,0.0172477064220183,0.0488073394495413,0.0423853211009174,0.617064220183486
326773.411807,2732366.126422,0.0370574206567602,0.56778572738947,0.00532012474775271,0.168226013575491,0.0764997248211337,0.145110988809393
327273.411807,2732366.126422,0.0646520146520147,0.509157509157509,0.00311355311355311,0.142307692307692,0.0793040293040293,0.201465201465201
327773.411807,2732366.126422,0.122018348623853,0.129724770642202,0.00256880733944954,0.388807339449541,0.129357798165138,0.227522935779817
328273.411807,2732366.126422,0.101632727939828,0.100715465052284,0.0199963309484498,0.488901119060723,0.185103650706292,0.103650706292423
328773.411807,2732366.126422,0.0424908424908425,0.598901098901099,0.0217948717948718,0.115934065934066,0.047985347985348,0.172893772893773
329273.411807,2732366.126422,0.0255045871559633,0.801100917431193,0.00018348623853211,0.0409174311926606,0.0286238532110092,0.103669724770642
329773.411807,2732366.126422,0.0465969546872134,0.580077050082554,0.000733810310034856,0.116859291873051,0.0662263804806457,0.189506512566502
330273.411807,2732366.126422,0.0871794871794872,0.483882783882784,0.00915750915750916,0.144505494505494,0.08003663003663,0.195238095238095
330773.411807,2732366.126422,0.0510091743119266,0.598899082568807,0.00220183486238532,0.156697247706422,0.0704587155963303,0.120733944954128
331273.411807,2732366.126422,0.0561364887176665,0.435516419005687,0.0133920381581361,0.174646853788296,0.0829205650339387,0.237387635296276
331773.411807,2732366.126422,0.0338827838827839,0.741575091575092,0.000915750915750916,0.0712454212454212,0.0624542124542125,0.0899267399267399
332273.411807,2732366.126422,0.0779816513761468,0.565321100917431,0.00201834862385321,0.127155963302752,0.0842201834862385,0.143302752293578
332773.411807,2732366.126422,0.0203632361034673,0.807741698770868,0.00238488350761328,0.0533847000550358,0.0333883691065859,0.08273711245643
333273.411807,2732366.126422,0.0406593406593407,0.367399267399267,0.0694139194139194,0.0961538461538462,0.0970695970695971,0.329304029304029
333773.411807,2732366.126422,0.0165137614678899,0.139082568807339,0.141467889908257,0.144770642201835,0.140917431192661,0.417247706422018
334273.411807,2732366.126422,0.0836543753439736,0.0607228031553843,0.341772151898734,0.117593102183086,0.0719134103834159,0.324344157035406
326273.411807,2731866.126422,0.0679487179487179,0.295970695970696,0.00201465201465201,0.0710622710622711,0.0677655677655678,0.495238095238095
326773.411807,2731866.126422,0.0639194139194139,0.622527472527473,0.0032967032967033,0.105311355311355,0.0558608058608059,0.149084249084249
327273.411807,2731866.126422,0.0665566556655666,0.221122112211221,0.00348368170150348,0.472130546387972,0.10964429776311,0.127062706270627
327773.411807,2731866.126422,0.0716117216117216,0.277838827838828,0.0148351648351648,0.418681318681319,0.101648351648352,0.115384615384615
328273.411807,2731866.126422,0.0501831501831502,0.217399267399267,0.00622710622710623,0.465567765567766,0.107142857142857,0.153479853479853
328773.411807,2731866.126422,0.0353868720205354,0.654198753208654,0,0.200770077007701,0.0564723138980565,0.0531719838650532
329273.411807,2731866.126422,0.0465201465201465,0.673260073260073,0.000183150183150183,0.0756410256410256,0.104029304029304,0.1003663003663
329773.411807,2731866.126422,0.0408424908424908,0.717216117216117,0.000732600732600733,0.0641025641025641,0.067032967032967,0.11007326007326
330273.411807,2731866.126422,0.0779244591125779,0.524202420242024,0.0187018701870187,0.106527319398607,0.0828749541620829,0.18976897689769
330773.411807,2731866.126422,0.101098901098901,0.427289377289377,0,0.18040293040293,0.0798534798534798,0.211355311355311
331273.411807,2731866.126422,0.103113553113553,0.474542124542125,0.0168498168498168,0.0490842490842491,0.0750915750915751,0.281318681318681
331773.411807,2731866.126422,0.0476714338100477,0.727539420608728,0.0033003300330033,0.077007700770077,0.0520718738540521,0.0924092409240924
332273.411807,2731866.126422,0.0184981684981685,0.824725274725275,0.000183150183150183,0.028021978021978,0.0247252747252747,0.103846153846154
332773.411807,2731866.126422,0.0421245421245421,0.586446886446886,0.103479853479853,0.0307692307692308,0.0377289377289377,0.199450549450549
333273.411807,2731866.126422,0.0465713237990466,0.124679134580125,0.464429776310964,0.0502383571690502,0.0416208287495416,0.272460579391272
333773.411807,2731866.126422,0.0406593406593407,0.0983516483516483,0.413919413919414,0.10970695970696,0.0514652014652015,0.285897435897436
334273.411807,2731866.126422,0.0652014652014652,0.0531135531135531,0.46996336996337,0.132234432234432,0.0706959706959707,0.208791208791209
326273.411807,2731366.126422,0.174894476050652,0.209029179665994,0.00752431638832813,0.279317305927693,0.120572582125161,0.208662139842173
326773.411807,2731366.126422,0.0421786172748946,0.688978543920778,0.000550155877498625,0.0465798642948836,0.068402714102329,0.153310104529617
327273.411807,2731366.126422,0.0397654388858347,0.675096206706982,0.000366501740883269,0.124060839288987,0.0415979475902511,0.119113065787062
327773.411807,2731366.126422,0.0475316571848046,0.3567627087539,0.00183519911910442,0.343732795008258,0.0702881262616994,0.179849513672233
328273.411807,2731366.126422,0.0454795525398863,0.444525949018889,0.0361269026224097,0.168714469099578,0.0586832935998533,0.246469833119384
328773.411807,2731366.126422,0.0474619754443834,0.608392889866227,0.000916254352208173,0.0894264247755177,0.0415979475902511,0.212204507971413
329273.411807,2731366.126422,0.0587263718113415,0.389245733162048,0.000734079647641769,0.188107909708203,0.0688199669664159,0.294365938704349
329773.411807,2731366.126422,0.0603337612323492,0.590133871263525,0.000366770584999083,0.0916926462497708,0.0590500641848524,0.198422886484504
330273.411807,2731366.126422,0.0841121495327103,0.221367051493495,0.0089792926516401,0.331317573758475,0.106652006597031,0.247571925966648
330773.411807,2731366.126422,0.109377867498624,0.175995595522114,0.00917599559552211,0.398788768581391,0.114516425032116,0.192145347770233
331273.411807,2731366.126422,0.0432789290298918,0.535118283513662,0.00458463231248854,0.212543554006969,0.0867412433522831,0.117733357784706
331773.411807,2731366.126422,0.0621220450797141,0.60985889682976,0.0608392889866227,0.118746564046179,0.0348176653839106,0.113615539673813
332273.411807,2731366.126422,0.0231235089007157,0.772435309231052,0.000367039823820885,0.0702881262616994,0.0480822169205359,0.0857037988621766
332773.411807,2731366.126422,0.0163212910324592,0.461214010636347,0.243535668439391,0.0124701998899688,0.0159545204474601,0.250504309554374
333273.411807,2731366.126422,0.240241891148983,0.0291368884002199,0.18160161260766,0.104636247022173,0.0941909474070002,0.350192413413964
333773.411807,2731366.126422,0.0240411084602679,0.151954487061846,0.375114699944944,0.100568911726922,0.0934116351624151,0.254909157643604
334273.411807,2731366.126422,0.197505960022006,0.0849073904272877,0.298551256189254,0.133137722354667,0.103245919677242,0.182651751329543
326273.411807,2730866.126422,0.358899082568807,0.0627522935779816,0.0638532110091743,0.0124770642201835,0.0411009174311927,0.460917431192661
326773.411807,2730866.126422,0.113373692900385,0.194643184736746,0.0187121629058888,0.483764446890479,0.0777838928636947,0.111722619702807
327273.411807,2730866.126422,0.11959706959707,0.191208791208791,0.00695970695970696,0.435531135531136,0.108058608058608,0.138644688644689
327773.411807,2730866.126422,0.0952293577981651,0.0341284403669725,0.00293577981651376,0.661834862385321,0.0917431192660551,0.114128440366972
328273.411807,2730866.126422,0.230783342505962,0.0535681526325445,0.180700788846083,0.14547789396441,0.0990643918547056,0.290405430196294
328773.411807,2730866.126422,0.0413919413919414,0.225824175824176,0.0119047619047619,0.464285714285714,0.0937728937728938,0.162820512820513
329273.411807,2730866.126422,0.0379816513761468,0.375596330275229,0.00954128440366972,0.397614678899083,0.0844036697247706,0.0948623853211009
329773.411807,2730866.126422,0.0625573289304715,0.372775637497707,0,0.257934323977252,0.0869565217391304,0.219776187855439
330273.411807,2730866.126422,0.0593406593406593,0.637179487179487,0.0137362637362637,0.101098901098901,0.0384615384615385,0.15018315018315
330773.411807,2730866.126422,0.0535779816513761,0.425688073394495,0.00311926605504587,0.293577981651376,0.0642201834862385,0.159816513761468
331273.411807,2730866.126422,0.0407264722069345,0.682443588332416,0.000183452577508714,0.0886075949367089,0.0963126031920749,0.091726288754357
331773.411807,2730866.126422,0.0598901098901099,0.578754578754579,0.000366300366300366,0.0545787545787546,0.097985347985348,0.208424908424908
332273.411807,2730866.126422,0.0231192660550459,0.725688073394495,0.00220183486238532,0.0642201834862385,0.0884403669724771,0.0963302752293578
332773.411807,2730866.126422,0.02568336085122,0.624105668684645,0.00495321959273528,0.0662263804806457,0.0748486516235553,0.204182718767199
333273.411807,2730866.126422,0.0943223443223443,0.107692307692308,0.378937728937729,0.1003663003663,0.0703296703296703,0.248351648351648
333773.411807,2730866.126422,0.0264220183486239,0.186605504587156,0.266238532110092,0.18697247706422,0.11045871559633,0.223302752293578
334273.411807,2730866.126422,0.148780040359567,0.087873784626674,0.262887543569987,0.195560447624289,0.0713630526508897,0.233535131168593
326273.411807,2730366.126422,0.207875457875458,0.18974358974359,0.00915750915750916,0.152197802197802,0.117216117216117,0.323809523809524
326773.411807,2730366.126422,0.0287545787545788,0.0417582417582418,0.0120879120879121,0.810805860805861,0.0725274725274725,0.0340659340659341
327273.411807,2730366.126422,0.0465713237990466,0.0443711037770444,0.00696736340300697,0.811147781444811,0.0687568756875688,0.0221855518885222
327773.411807,2730366.126422,0.0628205128205128,0.0100732600732601,0.00421245421245421,0.82985347985348,0.0604395604395604,0.0326007326007326
328273.411807,2730366.126422,0.0490842490842491,0.0377289377289377,0.00476190476190476,0.766666666666667,0.100915750915751,0.0408424908424908
328773.411807,2730366.126422,0.0539053905390539,0.204437110377704,0.0102676934360103,0.44994499449945,0.143747708104144,0.137697103043638
329273.411807,2730366.126422,0.03003663003663,0.667582417582418,0.0249084249084249,0.0549450549450549,0.0695970695970696,0.152930402930403
329773.411807,2730366.126422,0.021978021978022,0.767582417582418,0.0010989010989011,0.0355311355311355,0.0827838827838828,0.091025641025641
330273.411807,2730366.126422,0.0575724239090576,0.450678401173451,0.0273193986065273,0.162266226622662,0.101576824349102,0.200586725339201
330773.411807,2730366.126422,0.0587912087912088,0.432051282051282,0.00256410256410256,0.124542124542125,0.0902930402930403,0.291758241758242
331273.411807,2730366.126422,0.0221611721611722,0.792307692307692,0.0021978021978022,0.0611721611721612,0.0377289377289377,0.0844322344322344
331773.411807,2730366.126422,0.0361202786945361,0.69013568023469,0.00696736340300697,0.0746241290795746,0.0511551155115512,0.140997433076641
332273.411807,2730366.126422,0.0684981684981685,0.31996336996337,0.0131868131868132,0.143223443223443,0.158058608058608,0.297069597069597
332773.411807,2730366.126422,0.0404761904761905,0.691208791208791,0.0157509157509158,0.0203296703296703,0.043040293040293,0.189194139194139
333273.411807,2730366.126422,0.0748074807480748,0.135130179684635,0.418775210854419,0.0584891822515585,0.0533553355335534,0.259442610927759
333773.411807,2730366.126422,0.0476190476190476,0.163919413919414,0.159340659340659,0.271062271062271,0.183516483516484,0.174542124542125
334273.411807,2730366.126422,0.26996336996337,0.0789377289377289,0.0879120879120879,0.16025641025641,0.101648351648352,0.301282051282051
326273.411807,2729866.126422,0.138374013580473,0.288126261699394,0.0012846393833731,0.104789869700863,0.0853367590383557,0.382088456597541
326773.411807,2729866.126422,0.0973775903172566,0.0330093526499175,0.00458463231248854,0.636530350265909,0.131120484137172,0.0973775903172566
327273.411807,2729866.126422,0.0500274876305662,0.0258383727322705,0.00604727872457394,0.755726589701301,0.107018508337915,0.0553417628733736
327773.411807,2729866.126422,0.0211047898697009,0.0106441548908057,0.0106441548908057,0.89190677188475,0.0420260598274913,0.0236740686364471
328273.411807,2729866.126422,0.0449293966623877,0.0498807995598753,0.00715202640748212,0.759031725655602,0.0920594168347699,0.0469466348798826
328773.411807,2729866.126422,0.111599780098955,0.125160344511636,0.0053142752428074,0.461425691772036,0.129375114531794,0.167124793842771
329273.411807,2729866.126422,0.0473481372728941,0.487245366122224,0.00532207744540283,0.258212516057992,0.076344283354744,0.125527619746743
329773.411807,2729866.126422,0.044379240784889,0.583348615441042,0.0225563909774436,0.0986612873647534,0.0786722904823033,0.172382174949569
330273.411807,2729866.126422,0.040131940626718,0.586219534542789,0.0410481949789262,0.145867692871541,0.0720175920835624,0.114715044896463
330773.411807,2729866.126422,0.0501009359515507,0.531657184804551,0.0150486327766563,0.142411451642503,0.0879060378051019,0.172875757019637
331273.411807,2729866.126422,0.0386942967174033,0.702182284980745,0.000916926462497708,0.0872913992297818,0.072803961122318,0.0981111314872547
331773.411807,2729866.126422,0.0566245189664651,0.55268462525197,0.00806303829943192,0.172072567344695,0.0934579439252336,0.117097306212205
332273.411807,2729866.126422,0.130849697192145,0.287025142227932,0.0497338961277299,0.13286841622316,0.118920902917967,0.280601945311066
332773.411807,2729866.126422,0.0993948285347515,0.0645516229598386,0.421786172748946,0.0832569227947919,0.0817898404547955,0.249220612506877
333273.411807,2729866.126422,0.0776983690672531,0.293567894447499,0.294484148799707,0.0337181601612608,0.0524097489463075,0.248121678577973
333773.411807,2729866.126422,0.0561570930445953,0.104606349788952,0.0291796659937603,0.159478803450174,0.144613690585429,0.505964397137089
334273.411807,2729866.126422,0.34403080872914,0.0654685494223363,0.00110031175499725,0.106730240234733,0.130386942967174,0.352283146891619
334773.411807,2729866.126422,0.300897929265164,0.000366501740883269,0.398753894080997,0.111416529228514,0.0133773135422393,0.175187832142203
326273.411807,2729366.126422,0.159266055045872,0.0847706422018349,0.00110091743119266,0.37651376146789,0.145871559633028,0.232477064220183
326773.411807,2729366.126422,0.0946615299944964,0.200330214639516,0.00238488350761328,0.365804439552376,0.100165107319758,0.236653824986241
327273.411807,2729366.126422,0.078021978021978,0.192124542124542,0.00421245421245421,0.359340659340659,0.10970695970696,0.256593406593407
327773.411807,2729366.126422,0.0326605504587156,0.0258715596330275,0.00330275229357798,0.821100917431193,0.0862385321100917,0.0308256880733945
328273.411807,2729366.126422,0.0535681526325445,0.0816363969913777,0.00568702990277013,0.693817648137956,0.0543019629425793,0.110988809392772
328773.411807,2729366.126422,0.0525641025641026,0.420695970695971,0.00531135531135531,0.31996336996337,0.0758241758241758,0.125641025641026
329273.411807,2729366.126422,0.0774311926605505,0.440917431192661,0.000917431192660551,0.17651376146789,0.0829357798165138,0.221284403669725
329773.411807,2729366.126422,0.0509998165474225,0.63621353880022,0,0.0911759310218309,0.0807191341038342,0.140891579526692
330273.411807,2729366.126422,0.0214285714285714,0.843956043956044,0.000732600732600733,0.0434065934065934,0.0335164835164835,0.056959706959707
330773.411807,2729366.126422,0.0344954128440367,0.697981651376147,0.0244036697247706,0.0941284403669725,0.0427522935779817,0.106238532110092
