"x","y","forest","agri","water","built","other","grass"
212273.411807,2668866.126422,0.0501126126126126,0.257882882882883,0,0.192849099099099,0.0850225225225225,0.414132882882883
212773.411807,2668866.126422,0.0456081081081081,0.144144144144144,0,0.377815315315315,0.228322072072072,0.20411036036036
213273.411807,2668866.126422,0.0216840326668544,0.203886229231202,0,0.252041678400451,0.166150380174599,0.356237679526894
213773.411807,2668866.126422,0.00591216216216216,0.113738738738739,0,0.0743243243243243,0.146114864864865,0.65990990990991
214273.411807,2668866.126422,0.013795045045045,0.115146396396396,0.0143581081081081,0.232263513513514,0.171171171171171,0.453265765765766
214773.411807,2668866.126422,0.0146437623204731,0.219093213179386,0,0.241903689101662,0.1447479583216,0.37961137707688
215273.411807,2668866.126422,0.0470157657657658,0.0701013513513514,0.0289977477477477,0.725506756756757,0.0760135135135135,0.0523648648648649
215773.411807,2668866.126422,0.0411036036036036,0.013795045045045,0.0135135135135135,0.808558558558559,0.0720720720720721,0.0509572072072072
216273.411807,2668866.126422,0.0551957195156294,0.0287243030132357,0,0.798085046465784,0.0977189524077725,0.0202759785975781
216773.411807,2668866.126422,0.33277027027027,0.0208333333333333,0.00225225225225225,0.348536036036036,0.151745495495495,0.143862612612613
217273.411807,2668866.126422,0.261542792792793,0.0289977477477477,0.00140765765765766,0.404560810810811,0.199324324324324,0.104166666666667
217773.411807,2668866.126422,0.068149816952971,0.0349197409180513,0.00253449732469727,0.666572796395382,0.131512250070403,0.0963108983384962
218273.411807,2668866.126422,0.144425675675676,0.0168918918918919,0,0.54420045045045,0.0999436936936937,0.194538288288288
218773.411807,2668866.126422,0.0501126126126126,0.0112612612612613,0.000563063063063063,0.802927927927928,0.0717905405405405,0.0633445945945946
219273.411807,2668866.126422,0.224725429456491,0.00788510278794706,0,0.494226978315967,0.099408617290904,0.173753872148691
219773.411807,2668866.126422,0.0351914414414414,0.0917792792792793,0.00647522522522523,0.389921171171171,0.144425675675676,0.332207207207207
220273.411807,2668866.126422,0.00591216216216216,0.00168918918918919,0.00253378378378378,0.940315315315315,0.0436373873873874,0.00591216216216216
220773.411807,2668866.126422,0.00788510278794706,0.00253449732469727,0.000281610813855252,0.951281329203041,0.029005913827091,0.00901154604336806
221273.411807,2668866.126422,0.0304054054054054,0.0123873873873874,0,0.853603603603604,0.0869932432432432,0.0166103603603604
221773.411807,2668866.126422,0.0351914414414414,0.0098536036036036,0,0.782094594594595,0.136824324324324,0.036036036036036
222273.411807,2668866.126422,0.0163334272036046,0.0104196001126443,0,0.803717262742889,0.0540692762602084,0.115460433680653
222773.411807,2668866.126422,0.103603603603604,0.0273085585585586,0,0.233108108108108,0.0999436936936937,0.536036036036036
223273.411807,2668866.126422,0.275056306306306,0.00760135135135135,0,0.167511261261261,0.0641891891891892,0.485641891891892
223773.411807,2668866.126422,0.38496198254013,0.0109828217403548,0,0.0484370599831034,0.0520980005632216,0.503520135173191
224273.411807,2668866.126422,0.523648648648649,0.00365990990990991,0,0.0726351351351351,0.0565878378378378,0.343468468468468
212273.411807,2668366.126422,0.0581758120756102,0.0979996329601762,0.00293631859056708,0.599559552211415,0.131033217104056,0.110295467058176
212773.411807,2668366.126422,0.0627177700348432,0.156794425087108,0,0.462130937098845,0.117549972492206,0.200806895286998
213273.411807,2668366.126422,0.00293201392706615,0.176104086494411,0,0.34304562946674,0.216969030602895,0.260949239508888
213773.411807,2668366.126422,0.00917599559552211,0.139475133051936,0.00660671682877592,0.149752248118921,0.16186456230501,0.533125344099835
214273.411807,2668366.126422,0.0141206675224647,0.0671190170548322,0.00733541169998166,0.520814230698698,0.222629745094443,0.16798092792958
214773.411807,2668366.126422,0.0434304562946674,0.0469122228330585,0.0142935678944475,0.715044896463258,0.104086494410848,0.07623236210372
215273.411807,2668366.126422,0.0644154890805652,0.0436777390346853,0.0133969535694623,0.658102404110846,0.16993943842907,0.0504679757753716
215773.411807,2668366.126422,0.0496974142673758,0.0269576379974326,0.0075187969924812,0.800843572345498,0.0970108197322575,0.0179717586649551
216273.411807,2668366.126422,0.178669598680594,0.0311526479750779,0.0157595748579806,0.409015942825728,0.128092358438703,0.237309877221917
216773.411807,2668366.126422,0.183152872086621,0.0400073407964764,0.02073775004588,0.335841438796109,0.203707102220591,0.216553496054322
217273.411807,2668366.126422,0.166513845589584,0.0458463231248854,0.00788556757748029,0.482303319273794,0.201907207041995,0.0955437373922611
217773.411807,2668366.126422,0.0575407733186733,0.0351841671247938,0.009529045262965,0.683342495876855,0.131390874106652,0.0830126443100605
218273.411807,2668366.126422,0.0697375665259681,0.0244081482840888,0.00238575885483575,0.603964030097266,0.116535144063131,0.182969352174711
218773.411807,2668366.126422,0.0821566110397946,0.0330093526499175,0.000550155877498625,0.727306070053182,0.0799559875298001,0.0770218228498075
219273.411807,2668366.126422,0.179952354773685,0.148799706798607,0,0.193696170056808,0.140919919369617,0.336631849001283
219773.411807,2668366.126422,0.0829510001835199,0.115617544503579,0.0339511837034318,0.159295283538264,0.101119471462654,0.507065516608552
220273.411807,2668366.126422,0.106730240234733,0.017604988079956,0,0.59215110948102,0.0933431138822666,0.190170548322025
220773.411807,2668366.126422,0.1434854315558,0.0386659336631849,0,0.34524463991204,0.12332783580722,0.349276159061756
221273.411807,2668366.126422,0.101119471462654,0.009543035419343,0,0.737933565791888,0.0741420444118187,0.0772618829142962
221773.411807,2668366.126422,0.0212726939299468,0.0053181734824867,0,0.828351366220429,0.0561158995048597,0.0889418668622776
222273.411807,2668366.126422,0.0428807036833425,0.0201575957485798,0,0.265530511269929,0.104086494410848,0.567344694887301
222773.411807,2668366.126422,0.19104422829877,0.0220223894292531,0.000734079647641769,0.339144797210497,0.160946962745458,0.28610754266838
223273.411807,2668366.126422,0.175683110214561,0.0133871263524665,0,0.262974509444343,0.068402714102329,0.479552539886301
223773.411807,2668366.126422,0.337731354223933,0.0159428257284222,0,0.00604727872457394,0.0240058640278541,0.616272677295217
224273.411807,2668366.126422,0.556432372912461,0.000734079647641769,0,0.000550559735731327,0.00330335841438796,0.438979629289778
212273.411807,2667866.126422,0.0398165137614679,0.0427522935779817,0.00440366972477064,0.735779816513761,0.10697247706422,0.0702752293577982
212773.411807,2667866.126422,0.0546688680975968,0.34379013025133,0,0.315354980737479,0.099431297009723,0.186754723903871
213273.411807,2667866.126422,0.0476190476190476,0.107692307692308,0.0111721611721612,0.488827838827839,0.151282051282051,0.193406593406593
213773.411807,2667866.126422,0.0798165137614679,0.104036697247706,0,0.190275229357798,0.113761467889908,0.512110091743119
214273.411807,2667866.126422,0.0902586681342873,0.0396257567418822,0.00348559897266557,0.496055769583563,0.0924600990643919,0.27811410750321
214773.411807,2667866.126422,0.0496336996336996,0.0340659340659341,0.0146520146520147,0.780769230769231,0.0815018315018315,0.0393772893772894
215273.411807,2667866.126422,0.0376146788990826,0.0170642201834862,0.0238532110091743,0.852477064220183,0.036697247706422,0.0322935779816514
215773.411807,2667866.126422,0.121629058888277,0.0319207484865162,0.00091726288754357,0.616951018161805,0.141808842414236,0.0867730691616217
216273.411807,2667866.126422,0.039010989010989,0.0276556776556777,0.0238095238095238,0.809340659340659,0.0595238095238095,0.0406593406593407
216773.411807,2667866.126422,0.0554128440366972,0.0321100917431193,0.0211009174311927,0.644403669724771,0.115779816513761,0.131192660550459
217273.411807,2667866.126422,0.0471473124197395,0.024399192808659,0.01284168042561,0.6905155017428,0.105668684645019,0.119427627958173
217773.411807,2667866.126422,0.0358974358974359,0.019047619047619,0.00238095238095238,0.773260073260073,0.0793040293040293,0.0901098901098901
218273.411807,2667866.126422,0.0273394495412844,0.00513761467889908,0.00348623853211009,0.861100917431193,0.0845871559633028,0.018348623853211
218773.411807,2667866.126422,0.0843881856540084,0.101449275362319,0.00201797835259585,0.463034305631994,0.104017611447441,0.245092643551642
219273.411807,2667866.126422,0.192307692307692,0.101831501831502,0,0.146153846153846,0.0677655677655678,0.491941391941392
219773.411807,2667866.126422,0.0412844036697248,0.0488073394495413,0.00018348623853211,0.335412844036697,0.110091743119266,0.464220183486239
220273.411807,2667866.126422,0.112272977435333,0.0066042927903137,0.000183452577508714,0.645019262520638,0.125665015593469,0.110254999082737
220773.411807,2667866.126422,0.130586080586081,0.0133699633699634,0,0.647802197802198,0.0921245421245421,0.116117216117216
221273.411807,2667866.126422,0.0190825688073394,0.0532110091743119,0,0.69302752293578,0.0777981651376147,0.156880733944954
221773.411807,2667866.126422,0.150981471289672,0.00715465052283985,0,0.368556228215006,0.0862227114290956,0.387084938543387
222273.411807,2667866.126422,0.0586080586080586,0.0327838827838828,0.0212454212454212,0.308424908424908,0.160805860805861,0.418131868131868
222773.411807,2667866.126422,0.214311926605505,0.0122935779816514,0.00385321100917431,0.315045871559633,0.193211009174312,0.261284403669725
223273.411807,2667866.126422,0.296642817831591,0.00348559897266557,0,0.112089524857824,0.0552192258301229,0.532562832507797
223773.411807,2667866.126422,0.508791208791209,0.000732600732600733,0,0.01996336996337,0.0327838827838828,0.437728937728938
224273.411807,2667866.126422,0.46697247706422,0.00036697247706422,0,0.00073394495412844,0.00293577981651376,0.528990825688073
212273.411807,2667366.126422,0.0595238095238095,0.0622710622710623,0.000549450549450549,0.568498168498168,0.126373626373626,0.182783882783883
212773.411807,2667366.126422,0.045970695970696,0.0937728937728938,0.00805860805860806,0.533699633699634,0.151831501831502,0.166666666666667
213273.411807,2667366.126422,0.0163182984965163,0.0214521452145215,0.00476714338100477,0.792445911257792,0.100660066006601,0.0643564356435644
213773.411807,2667366.126422,0.0289377289377289,0.0452380952380952,0.00952380952380952,0.728205128205128,0.0915750915750916,0.0965201465201465
214273.411807,2667366.126422,0.0168498168498168,0.0397435897435897,0.013003663003663,0.731501831501831,0.120695970695971,0.0782051282051282
214773.411807,2667366.126422,0.0232856618995233,0.00935093509350935,0.00403373670700403,0.862302896956362,0.0652731939860653,0.0357535753575358
215273.411807,2667366.126422,0.0408424908424908,0.0313186813186813,0.00531135531135531,0.77014652014652,0.105128205128205,0.0472527472527473
215773.411807,2667366.126422,0.0666666666666667,0.0811355311355311,0.0021978021978022,0.542490842490842,0.103113553113553,0.204395604395604
216273.411807,2667366.126422,0.0727906123945728,0.0298863219655299,0.000183351668500183,0.548038137147048,0.165566556655666,0.183535020168684
216773.411807,2667366.126422,0.0467032967032967,0.0514652014652015,0.00842490842490842,0.521245421245421,0.154945054945055,0.217216117216117
217273.411807,2667366.126422,0.036996336996337,0.0177655677655678,0.00384615384615385,0.844505494505495,0.0743589743589744,0.0225274725274725
217773.411807,2667366.126422,0.00715071507150715,0.00183351668500183,0.0011001100110011,0.961862852951962,0.0242024202420242,0.00385038503850385
218273.411807,2667366.126422,0.0335164835164835,0.0287545787545788,0.000915750915750916,0.831501831501832,0.0840659340659341,0.0212454212454212
218773.411807,2667366.126422,0.0153846153846154,0.00769230769230769,0,0.867765567765568,0.0723443223443224,0.0368131868131868
219273.411807,2667366.126422,0.0221855518885222,0.0661899523285662,0.00825082508250825,0.438760542720939,0.110927759442611,0.353685368536854
219773.411807,2667366.126422,0.0461538461538462,0.0126373626373626,0.00146520146520147,0.814652014652015,0.060989010989011,0.0641025641025641
220273.411807,2667366.126422,0.00384615384615385,0.00384615384615385,0.000183150183150183,0.943406593406593,0.0344322344322344,0.0142857142857143
220773.411807,2667366.126422,0.104327099376604,0.0559222588925559,0,0.334983498349835,0.118261826182618,0.386505317198386
221273.411807,2667366.126422,0.0996336996336996,0.0706959706959707,0.00402930402930403,0.239010989010989,0.170512820512821,0.416117216117216
221773.411807,2667366.126422,0.0567765567765568,0.0710622710622711,0.000183150183150183,0.195238095238095,0.267399267399267,0.409340659340659
222273.411807,2667366.126422,0.0876420975430876,0.00495049504950495,0,0.625779244591126,0.142647598093143,0.138980564723139
222773.411807,2667366.126422,0.043040293040293,0.0177655677655678,0,0.735531135531136,0.153663003663004,0.05
223273.411807,2667366.126422,0.358241758241758,0.00274725274725275,0,0.106593406593407,0.0695970695970696,0.462820512820513
223773.411807,2667366.126422,0.640997433076641,0,0,0,0,0.359002566923359
224273.411807,2667366.126422,0.657875457875458,0.00256410256410256,0,0,0,0.33956043956044
212273.411807,2666866.126422,0.0524866948063865,0.0743255643237291,0.0137639933932832,0.409983483207928,0.191961827858323,0.257478436410351
212773.411807,2666866.126422,0.0275077938749312,0.0275077938749312,0.000550155877498625,0.823766733907941,0.0902255639097744,0.0304419585549239
213273.411807,2666866.126422,0.0502107385010079,0.0342679127725857,0.000733003481766538,0.780648708081363,0.0892431739050761,0.0448964632582005
213773.411807,2666866.126422,0.0935951550743256,0.139475133051936,0.00532207744540283,0.489264085153239,0.13268489631125,0.139658652963847
214273.411807,2666866.126422,0.070786722904823,0.0937098844672657,0.000183385292499542,0.347698514579131,0.292316156244269,0.195305336512012
214773.411807,2666866.126422,0.0734835990470955,0.117097306212205,0.000549752611324904,0.434121312076232,0.255085211654755,0.119662818398387
215273.411807,2666866.126422,0.0913929161314003,0.103138190493669,0.00311983850247752,0.337126078179482,0.19067718847495,0.274545788218022
215773.411807,2666866.126422,0.10783055198973,0.0300751879699248,0.00128369704749679,0.39189437007152,0.150192554557125,0.318723638364203
216273.411807,2666866.126422,0.0232728605460876,0.0157595748579806,0,0.759574857980575,0.0943741982774418,0.107018508337915
216773.411807,2666866.126422,0.052303174894476,0.0137639933932832,0.00110111947146265,0.494035602862911,0.0868049183336392,0.351991191044228
217273.411807,2666866.126422,0.0427287731523932,0.0188886851274528,0.000916926462497708,0.817348248670457,0.0739042728773152,0.0462130937098845
217773.411807,2666866.126422,0.00714678394722375,0.00916254352208173,0.00238226131574125,0.929814916620854,0.049660985889683,0.00183250870441635
218273.411807,2666866.126422,0.02073775004588,0.0154156726004772,0.00110111947146265,0.858322628005139,0.0728574050284456,0.0315654248485961
218773.411807,2666866.126422,0.0110031175499725,0.0146708233999633,0.00110031175499725,0.778287181368054,0.0614340729873464,0.133504492939666
219273.411807,2666866.126422,0.0342679127725857,0.0505772402418911,0.00219901044529962,0.599963349825912,0.101887483965549,0.211105002748763
219773.411807,2666866.126422,0.00330335841438796,0.00330335841438796,0,0.983116168104239,0.0102771150669848,0
220273.411807,2666866.126422,0.00916926462497708,0.0190720704199523,0,0.689895470383275,0.0790390610673024,0.202824133504493
220773.411807,2666866.126422,0.0423309510720176,0.0740333516584204,0,0.385743082279641,0.118196811434854,0.379695803555067
221273.411807,2666866.126422,0.10387227014131,0.0212883097816113,0.00789135621214902,0.635345935033951,0.0675353275830428,0.164066801247935
221773.411807,2666866.126422,0.0363102879149092,0.0231065468549422,0.00183385292499542,0.65193471483587,0.0918760315422703,0.194938565927013
222273.411807,2666866.126422,0.030602895363753,0.0128275609309144,0,0.692321788528495,0.131390874106652,0.132856881070185
222773.411807,2666866.126422,0.097082033400624,0.00880895577170123,0,0.627638098733713,0.125527619746743,0.14094329234722
223273.411807,2666866.126422,0.336328626444159,0.00678525582248304,0,0.155694113332111,0.0671190170548322,0.434072987346415
223773.411807,2666866.126422,0.530511269928532,0.0089792926516401,0,0,0,0.460509437419828
224273.411807,2666866.126422,0.534593503395118,0,0,0.0012846393833731,0.00238575885483575,0.461736098366673
212273.411807,2666366.126422,0.0390825688073395,0.0906422018348624,0.0102752293577982,0.552293577981651,0.145137614678899,0.16256880733945
212773.411807,2666366.126422,0.0544854155200881,0.147312419739497,0.00275178866263071,0.385433865345808,0.11410750321042,0.295909007521556
213273.411807,2666366.126422,0.0514652014652015,0.230952380952381,0.000183150183150183,0.438095238095238,0.0866300366300366,0.192673992673993
213773.411807,2666366.126422,0.0508256880733945,0.267889908256881,0.00201834862385321,0.368990825688073,0.144220183486239,0.16605504587156
214273.411807,2666366.126422,0.168042560997982,0.158503026967529,0.00110071546505228,0.190056870299028,0.193175564116676,0.289121262153733
214773.411807,2666366.126422,0.0701465201465201,0.284249084249084,0.00146520146520147,0.176190476190476,0.16978021978022,0.298168498168498
215273.411807,2666366.126422,0.0346788990825688,0.0779816513761468,0,0.142018348623853,0.0900917431192661,0.655229357798165
215773.411807,2666366.126422,0.0258668134287287,0.0777838928636947,0,0.197211520821868,0.133186571271326,0.565951201614383
216273.411807,2666366.126422,0.0307692307692308,0.116666666666667,0,0.31007326007326,0.14981684981685,0.392673992673993
216773.411807,2666366.126422,0.0288073394495413,0.161834862385321,0.00018348623853211,0.619633027522936,0.0915596330275229,0.0979816513761468
217273.411807,2666366.126422,0.0251330031186938,0.0113740598055403,0.00146762062006971,0.819482663731425,0.119977985690699,0.0225646670335718
217773.411807,2666366.126422,0.0379120879120879,0.0223443223443223,0.0021978021978022,0.80989010989011,0.0994505494505494,0.0282051282051282
218273.411807,2666366.126422,0.0143119266055046,0.0104587155963303,0.00825688073394495,0.897064220183486,0.0576146788990826,0.0122935779816514
218773.411807,2666366.126422,0.0190790680609063,0.0524674371674922,0.00348559897266557,0.525775087139974,0.0508163639699138,0.348376444689048
219273.411807,2666366.126422,0.00659340659340659,0.0336996336996337,0.0032967032967033,0.733516483516483,0.0831501831501831,0.13974358974359
219773.411807,2666366.126422,0.0238532110091743,0.0480733944954128,0.00018348623853211,0.378165137614679,0.131743119266055,0.417981651376147
220273.411807,2666366.126422,0.0653091175931022,0.06989543203082,0.00201797835259585,0.230232984773436,0.0653091175931022,0.567235369656944
220773.411807,2666366.126422,0.0324175824175824,0.0293040293040293,0.00311355311355311,0.706043956043956,0.155311355311355,0.0738095238095238
221273.411807,2666366.126422,0.013394495412844,0.00697247706422018,0.00110091743119266,0.862385321100917,0.078348623853211,0.0377981651376147
221773.411807,2666366.126422,0.0742982938910292,0.0132085855806274,0,0.646853788295726,0.0675105485232067,0.198128783709411
222273.411807,2666366.126422,0.0976190476190476,0.0375457875457875,0.000915750915750916,0.555677655677656,0.135897435897436,0.172344322344322
222773.411807,2666366.126422,0.399082568807339,0.00587155963302752,0,0.242018348623853,0.113761467889908,0.239266055045872
223273.411807,2666366.126422,0.508713997431664,0.000183452577508714,0,0.000550357732526142,0.0078884608328747,0.482663731425427
223773.411807,2666366.126422,0.562454212454212,0,0,0.000183150183150183,0.00238095238095238,0.434981684981685
224273.411807,2666366.126422,0.667522935779816,0.00036697247706422,0,0,0,0.332110091743119
212273.411807,2665866.126422,0.0882783882783883,0.146336996336996,0,0.393040293040293,0.147802197802198,0.224542124542125
212773.411807,2665866.126422,0.0353479853479853,0.101648351648352,0,0.644688644688645,0.0908424908424908,0.127472527472527
213273.411807,2665866.126422,0.0386872020535387,0.17033370003667,0.000183351668500183,0.625045837917125,0.0795746241290796,0.0861752841950862
213773.411807,2665866.126422,0.0840659340659341,0.134981684981685,0.0032967032967033,0.451282051282051,0.106043956043956,0.22032967032967
214273.411807,2665866.126422,0.0705128205128205,0.211721611721612,0.00146520146520147,0.445970695970696,0.133150183150183,0.137179487179487
214773.411807,2665866.126422,0.0313531353135314,0.53997066373304,0,0.127979464613128,0.0724239090575724,0.228272827282728
215273.411807,2665866.126422,0.0267399267399267,0.377838827838828,0,0.284981684981685,0.08003663003663,0.23040293040293
215773.411807,2665866.126422,0.0452380952380952,0.185714285714286,0,0.476556776556777,0.133699633699634,0.158791208791209
216273.411807,2665866.126422,0.046021268793546,0.248808214154749,0.000366703337000367,0.396773010634397,0.156215621562156,0.151815181518152
216773.411807,2665866.126422,0.0723443223443224,0.286630036630037,0,0.351648351648352,0.095970695970696,0.193406593406593
217273.411807,2665866.126422,0.017032967032967,0.0181318681318681,0.000549450549450549,0.877838827838828,0.076007326007326,0.0104395604395604
217773.411807,2665866.126422,0.0669233590025669,0.0392372570590392,0.00146681334800147,0.756325632563256,0.106894022735607,0.0291529152915292
218273.411807,2665866.126422,0.0291208791208791,0.0161172161172161,0.00402930402930403,0.81025641025641,0.0838827838827839,0.0565934065934066
218773.411807,2665866.126422,0.0287545787545788,0.0635531135531135,0.0117216117216117,0.149450549450549,0.0904761904761905,0.656043956043956
219273.411807,2665866.126422,0.048038137147048,0.0207187385405207,0.000183351668500183,0.489365603226989,0.0753575357535754,0.366336633663366
219773.411807,2665866.126422,0.0119047619047619,0.0267399267399267,0.000183150183150183,0.88992673992674,0.0549450549450549,0.0163003663003663
220273.411807,2665866.126422,0.0258241758241758,0.0663003663003663,0,0.686080586080586,0.0915750915750916,0.13021978021978
220773.411807,2665866.126422,0.0650898423175651,0.0672900623395673,0.000366703337000367,0.695819581958196,0.127612761276128,0.0438210487715438
221273.411807,2665866.126422,0.0503663003663004,0.0223443223443223,0.000366300366300366,0.728937728937729,0.137912087912088,0.0600732600732601
221773.411807,2665866.126422,0.1996336996337,0.00549450549450549,0,0.458058608058608,0.0675824175824176,0.269230769230769
222273.411807,2665866.126422,0.102676934360103,0.0313531353135314,0,0.557389072240557,0.118078474514118,0.19050238357169
222773.411807,2665866.126422,0.348168498168498,0.00750915750915751,0,0.301648351648352,0.127655677655678,0.215018315018315
223273.411807,2665866.126422,0.507692307692308,0.00824175824175824,0.000183150183150183,0.0514652014652015,0.0787545787545788,0.353663003663004
223773.411807,2665866.126422,0.578474514118078,0.000183351668500183,0,0,0.0011001100110011,0.42024202420242
224273.411807,2665866.126422,0.494322344322344,0.000915750915750916,0,0.000915750915750916,0.0128205128205128,0.491025641025641
212273.411807,2665366.126422,0.0121123141860892,0.063497889521013,0.0484492567443568,0.242980363369426,0.122224261332355,0.510735914846761
212773.411807,2665366.126422,0.0196222262974509,0.0706033376123235,0.066018705299835,0.0583165230148542,0.0999449844122501,0.685494223363286
213273.411807,2665366.126422,0.0234561114165292,0.045629466739967,0.026571376214037,0.202858713578889,0.122594832325454,0.578889499725124
213773.411807,2665366.126422,0.0357863828225362,0.130849697192145,0.0412919801798495,0.333639199853184,0.107542668379519,0.350890071572766
214273.411807,2665366.126422,0.028791490922428,0.0412616908123968,0.0183385292499542,0.525765633596186,0.150742710434623,0.235099944984412
214773.411807,2665366.126422,0.0296866410115448,0.172439069085578,0,0.564595931830676,0.119296316657504,0.113982041414697
215273.411807,2665366.126422,0.0304643053771334,0.423563956689301,0,0.316755367957423,0.0644154890805652,0.164800880895577
215773.411807,2665366.126422,0.0786722904823033,0.329726755914176,0,0.244269209609389,0.139556207592151,0.207775536401981
216273.411807,2665366.126422,0.0831958951805021,0.361920469122228,0.00109950522264981,0.237493128092358,0.0743998533993036,0.241891148982958
216773.411807,2665366.126422,0.0723068452927143,0.411635162415122,0,0.108276748027161,0.0680858873187741,0.339695356946229
217273.411807,2665366.126422,0.0909591050797726,0.0643682376673391,0,0.412983678708968,0.183201907207042,0.248487071336879
217773.411807,2665366.126422,0.0164925783397471,0.116364302730438,0.000549752611324904,0.749312809235844,0.0443467106468756,0.0729338464357706
218273.411807,2665366.126422,0.0238575885483575,0.0532207744540283,0.00642319691686548,0.452743622683061,0.0835015599192512,0.380253257478436
218773.411807,2665366.126422,0.0198056115899505,0.010819732257473,0.004401247019989,0.851641298367871,0.0297084173849257,0.0836236933797909
219273.411807,2665366.126422,0.0174088326919553,0.0274876305662452,0.000366501740883269,0.84973428623786,0.0776983690672531,0.0273043796958036
219773.411807,2665366.126422,0.0150486327766563,0.00862543585979079,0,0.880345017434392,0.0611121306661773,0.034868783262984
220273.411807,2665366.126422,0.0515312671923712,0.206675224646983,0,0.341646799926646,0.0937098844672657,0.306436823766734
220773.411807,2665366.126422,0.0613890415979476,0.0573575224482316,0.00293201392706615,0.443467106468756,0.166208539490563,0.268645776067436
221273.411807,2665366.126422,0.0735914846760874,0.0233070288126262,0.00238575885483575,0.679941273628189,0.0939621948981464,0.126812259130116
221773.411807,2665366.126422,0.155143957454612,0.0297084173849257,0.00256739409499358,0.519347148358702,0.119383825417202,0.173849257289565
222273.411807,2665366.126422,0.164559281656588,0.0386659336631849,0,0.422026754627084,0.16932380428807,0.205424225765072
222773.411807,2665366.126422,0.177280234905487,0.0271609469627455,0,0.276013947513305,0.285006423196917,0.234538447421545
223273.411807,2665366.126422,0.576930130203558,0.000183385292499542,0,0.00623509994498441,0.0122868145974693,0.404364569961489
223773.411807,2665366.126422,0.587319039765439,0,0,0.000916254352208173,0.00311526479750779,0.408649441084845
224273.411807,2665366.126422,0.488162965681776,0.000367039823820885,0,0.0012846393833731,0.00770783630023858,0.502477518810791
212273.411807,2664866.126422,0.0155963302752294,0.733761467889908,0,0.0561467889908257,0.0761467889908257,0.118348623853211
212773.411807,2664866.126422,0.0385250412768299,0.699137772885709,0,0.105485232067511,0.0539350577875619,0.102916895982389
213273.411807,2664866.126422,0.0393772893772894,0.631501831501831,0,0.0659340659340659,0.0692307692307692,0.193956043956044
213773.411807,2664866.126422,0.0636697247706422,0.345137614678899,0,0.248623853211009,0.0781651376146789,0.264403669724771
214273.411807,2664866.126422,0.019262520638415,0.190607228031554,0.00220143093010457,0.299394606494221,0.0919097413318657,0.39662447257384
214773.411807,2664866.126422,0.0250915750915751,0.0587912087912088,0.0254578754578755,0.156593406593407,0.0926739926739927,0.641391941391941
215273.411807,2664866.126422,0.0475229357798165,0.311376146788991,0.00330275229357798,0.254678899082569,0.0963302752293578,0.286788990825688
215773.411807,2664866.126422,0.0482480278847918,0.477710511832691,0,0.195743900201798,0.129700972298661,0.148596587782058
216273.411807,2664866.126422,0.0304029304029304,0.637362637362637,0,0.0798534798534798,0.063003663003663,0.189377289377289
216773.411807,2664866.126422,0.0689908256880734,0.433761467889908,0.00568807339449541,0.250091743119266,0.0702752293577982,0.171192660550459
217273.411807,2664866.126422,0.0482480278847918,0.344890845716382,0,0.158503026967529,0.170610897083104,0.277747202348193
217773.411807,2664866.126422,0.0468864468864469,0.156410256410256,0.0208791208791209,0.170879120879121,0.135714285714286,0.469230769230769
218273.411807,2664866.126422,0.0513761467889908,0.0680733944954128,0.00293577981651376,0.515045871559633,0.123853211009174,0.238715596330275
218773.411807,2664866.126422,0.0568702990277013,0.0304531278664465,0.000366905155017428,0.734911025499908,0.115942028985507,0.0614566134654192
219273.411807,2664866.126422,0.0228937728937729,0.00934065934065934,0.000366300366300366,0.86007326007326,0.0734432234432234,0.0338827838827839
219773.411807,2664866.126422,0.0154128440366972,0.00587155963302752,0,0.89045871559633,0.063302752293578,0.024954128440367
220273.411807,2664866.126422,0.0234819299211154,0.0427444505595304,0,0.704090992478444,0.105118326912493,0.124564300128417
220773.411807,2664866.126422,0.0441391941391941,0.108974358974359,0.00860805860805861,0.58021978021978,0.11025641025641,0.147802197802198
221273.411807,2664866.126422,0.102935779816514,0.0645871559633028,0,0.239633027522936,0.104220183486239,0.488623853211009
221773.411807,2664866.126422,0.225279765180701,0.108787378462667,0,0.143643368189323,0.0854889011190607,0.436800587048248
222273.411807,2664866.126422,0.153846153846154,0.0408424908424908,0,0.336813186813187,0.146520146520147,0.321978021978022
222773.411807,2664866.126422,0.11394495412844,0.0144954128440367,0.0018348623853211,0.52348623853211,0.177064220183486,0.169174311926606
223273.411807,2664866.126422,0.336268574573473,0.00513667217024399,0,0.1284168042561,0.170610897083104,0.359567051917079
223773.411807,2664866.126422,0.523443223443223,0,0,0.00201465201465201,0.00311355311355311,0.471428571428571
224273.411807,2664866.126422,0.398715596330275,0,0,0.00275229357798165,0.00348623853211009,0.595045871559633
212273.411807,2664366.126422,0.0452380952380952,0.501282051282051,0,0.153113553113553,0.0853479853479854,0.215018315018315
212773.411807,2664366.126422,0.0364468864468864,0.534615384615385,0,0.263369963369963,0.0866300366300366,0.0789377289377289
213273.411807,2664366.126422,0.0454712137880455,0.241474147414741,0.000916758342500917,0.520535386872021,0.125412541254125,0.0661899523285662
213773.411807,2664366.126422,0.0267399267399267,0.201098901098901,0.00238095238095238,0.592673992673993,0.0901098901098901,0.086996336996337
214273.411807,2664366.126422,0.00750915750915751,0.28956043956044,0,0.544871794871795,0.0793040293040293,0.0787545787545788
214773.411807,2664366.126422,0.0137513751375138,0.367253392005867,0,0.304730473047305,0.0845251191785845,0.22973964063073
215273.411807,2664366.126422,0.0192307692307692,0.165750915750916,0.00183150183150183,0.0796703296703297,0.0847985347985348,0.648717948717949
215773.411807,2664366.126422,0.0721611721611722,0.236080586080586,0.0021978021978022,0.230769230769231,0.0902930402930403,0.368498168498169
216273.411807,2664366.126422,0.0513384671800513,0.14961496149615,0,0.173450678401173,0.17033370003667,0.455262192885955
216773.411807,2664366.126422,0.0657509157509158,0.123443223443223,0.0195970695970696,0.101465201465201,0.145054945054945,0.544688644688645
217273.411807,2664366.126422,0.0254578754578755,0.0972527472527473,0.0155677655677656,0.334615384615385,0.107326007326007,0.41978021978022
217773.411807,2664366.126422,0.0306197286395306,0.254308764209754,0,0.48973230656399,0.0865419875320865,0.138797213054639
218273.411807,2664366.126422,0.0399267399267399,0.205311355311355,0,0.380952380952381,0.14010989010989,0.233699633699634
218773.411807,2664366.126422,0.117948717948718,0.0606227106227106,0,0.414468864468864,0.143406593406593,0.263553113553114
219273.411807,2664366.126422,0.0258525852585259,0.0264026402640264,0.00348368170150348,0.84983498349835,0.0588558855885589,0.0355702236890356
219773.411807,2664366.126422,0.0238095238095238,0.0205128205128205,0.000183150183150183,0.68021978021978,0.11043956043956,0.164835164835165
220273.411807,2664366.126422,0.021978021978022,0.0141025641025641,0,0.761721611721612,0.0871794871794872,0.115018315018315
220773.411807,2664366.126422,0.0561056105610561,0.00843417675100843,0,0.588558855885589,0.0781078107810781,0.268793546021269
221273.411807,2664366.126422,0.170879120879121,0.0254578754578755,0,0.228388278388278,0.118315018315018,0.456959706959707
221773.411807,2664366.126422,0.261904761904762,0.0108058608058608,0,0.0847985347985348,0.084981684981685,0.557509157509158
222273.411807,2664366.126422,0.541437477081041,0.00183351668500183,0,0.00531719838650532,0.024019068573524,0.427392739273927
222773.411807,2664366.126422,0.561904761904762,0.00677655677655678,0,0.00128205128205128,0.0153846153846154,0.414652014652015
223273.411807,2664366.126422,0.354395604395604,0.00641025641025641,0,0.0661172161172161,0.131684981684982,0.441391941391941
223773.411807,2664366.126422,0.596442977631096,0.00293362669600293,0,0.00568390172350568,0.0163182984965163,0.378621195452879
224273.411807,2664366.126422,0.538644688644689,0,0,0.00201465201465201,0.0133699633699634,0.445970695970696
212273.411807,2663866.126422,0.0517526151587447,0.33180400073408,0.000550559735731327,0.405395485410167,0.107175628555698,0.103321710405579
212773.411807,2663866.126422,0.079589216944801,0.305519897304236,0,0.221712818631946,0.102512378507244,0.290665688611773
213273.411807,2663866.126422,0.0474619754443834,0.513835440718343,0,0.233278358072201,0.089792926516401,0.115631299248671
213773.411807,2663866.126422,0.0341347036153423,0.319875206459901,0.000734079647641769,0.47311433290512,0.0792806019453111,0.0928610754266838
214273.411807,2663866.126422,0.028791490922428,0.472583898771319,0,0.328259673574179,0.072803961122318,0.0975609756097561
214773.411807,2663866.126422,0.017042330951072,0.852116547553601,0,0.0441634597764339,0.0296866410115448,0.0569910207073484
215273.411807,2663866.126422,0.0633143696091026,0.211231418608919,0,0.345935033951184,0.14920168838319,0.230317489447605
215773.411807,2663866.126422,0.0333761232349166,0.194021639464515,0.00605171465248487,0.310104529616725,0.106180084357235,0.350265908674124
216273.411807,2663866.126422,0.0289536375297783,0.299798424042514,0.0131940626717977,0.176837089976177,0.0962067069818582,0.385010078797874
216773.411807,2663866.126422,0.0614791704899982,0.131216737015966,0,0.222426133235456,0.0717562855569829,0.513121673701597
217273.411807,2663866.126422,0.0240234733174399,0.0830735375022923,0,0.671006785255822,0.0618008435723455,0.1600953603521
217773.411807,2663866.126422,0.0489279824079164,0.134872640645043,0,0.376397287887117,0.108484515301448,0.331317573758475
218273.411807,2663866.126422,0.0521196549825656,0.141677371994861,0.000367039823820885,0.504679757753716,0.145531290144981,0.155624885300055
218773.411807,2663866.126422,0.0460297084173849,0.044379240784889,0,0.682376673390794,0.108930863744728,0.118283513662204
219273.411807,2663866.126422,0.0355506688656771,0.0410481949789262,0,0.574308227964083,0.0753161077515118,0.273776800439802
219773.411807,2663866.126422,0.0785465222976693,0.0666177280234905,0,0.203707102220591,0.166636080014682,0.484492567443568
220273.411807,2663866.126422,0.0836236933797909,0.0407115349348982,0.000183385292499542,0.360352099761599,0.140839904639648,0.374289381991564
220773.411807,2663866.126422,0.0674363203225215,0.0333516584203775,0,0.400586402785413,0.162360271211288,0.336265347260399
221273.411807,2663866.126422,0.118370343182235,0.0677188474949532,0.000367039823820885,0.291613140025693,0.192695907505964,0.329234721967333
221773.411807,2663866.126422,0.329176600036677,0.00605171465248487,0,0.0720704199523198,0.130570328259674,0.462130937098845
222273.411807,2663866.126422,0.474070001832509,0.0131940626717977,0.00293201392706615,0.0978559648158329,0.0630382994319223,0.348909657320872
222773.411807,2663866.126422,0.521930629473298,0,0,0.00220223894292531,0.00550559735731327,0.470361534226464
223273.411807,2663866.126422,0.599669906473501,0.000183385292499542,0,0.000183385292499542,0.000366770584999083,0.399596552356501
223773.411807,2663866.126422,0.604727872457394,0.00164925783397471,0,0,0.000733003481766538,0.392889866226865
224273.411807,2663866.126422,0.43971370893742,0.000367039823820885,0,0.000183519911910442,0.00165167920719398,0.558084052119655
212273.411807,2663366.126422,0.0689908256880734,0.583669724770642,0,0.0939449541284404,0.142385321100917,0.111009174311927
212773.411807,2663366.126422,0.0532012474775271,0.53072830673271,0,0.278297560080719,0.0713630526508897,0.0664098330581545
213273.411807,2663366.126422,0.0443223443223443,0.408424908424908,0,0.271978021978022,0.0888278388278388,0.186446886446886
213773.411807,2663366.126422,0.0293577981651376,0.177614678899083,0,0.645321100917431,0.0777981651376147,0.0699082568807339
214273.411807,2663366.126422,0.023115024766098,0.339020363236103,0,0.551825353146212,0.0533847000550358,0.0326545587965511
214773.411807,2663366.126422,0.0324175824175824,0.726923076923077,0,0.0415750915750916,0.0417582417582418,0.157326007326007
215273.411807,2663366.126422,0.0194495412844037,0.709357798165138,0,0.0502752293577982,0.0853211009174312,0.135596330275229
215773.411807,2663366.126422,0.0339387268391121,0.395523757108787,0,0.28820399926619,0.101999633094845,0.180333883691066
216273.411807,2663366.126422,0.0547619047619048,0.589194139194139,0,0.0734432234432234,0.0921245421245421,0.19047619047619
216773.411807,2663366.126422,0.0288073394495413,0.55651376146789,0,0.188073394495413,0.0757798165137615,0.150825688073394
217273.411807,2663366.126422,0.0238488350761328,0.0783342505962209,0.000183452577508714,0.317189506512566,0.076316272243625,0.504127682993946
217773.411807,2663366.126422,0.0298534798534799,0.0815018315018315,0,0.710622710622711,0.0935897435897436,0.0844322344322344
218273.411807,2663366.126422,0.0311926605504587,0.307889908256881,0,0.307339449541284,0.11302752293578,0.240550458715596
218773.411807,2663366.126422,0.102183085672354,0.0706292423408549,0,0.190240322876536,0.147679324894515,0.48926802421574
219273.411807,2663366.126422,0.1,0.0591575091575092,0.000183150183150183,0.328937728937729,0.125641025641026,0.386080586080586
219773.411807,2663366.126422,0.122935779816514,0.011743119266055,0,0.559449541284404,0.147339449541284,0.158532110091743
220273.411807,2663366.126422,0.0895248578242524,0.0625573289304715,0.00605393505778756,0.476242891212622,0.125114657860943,0.240506329113924
220773.411807,2663366.126422,0.0582417582417582,0.0529304029304029,0,0.492857142857143,0.12014652014652,0.275824175824176
221273.411807,2663366.126422,0.103119266055046,0.0231192660550459,0,0.582752293577982,0.144587155963303,0.146422018348624
221773.411807,2663366.126422,0.449091909741332,0.00568702990277013,0,0.0513667217024399,0.0919097413318657,0.401944597321592
222273.411807,2663366.126422,0.236630036630037,0.0331501831501832,0,0.097985347985348,0.171062271062271,0.461172161172161
222773.411807,2663366.126422,0.473211009174312,0.00073394495412844,0,0.00385321100917431,0.013394495412844,0.508807339449541
223273.411807,2663366.126422,0.63621353880022,0,0,0,0,0.36378646119978
223773.411807,2663366.126422,0.467399267399267,0,0,0.000183150183150183,0.000366300366300366,0.532051282051282
224273.411807,2663366.126422,0.657064220183486,0,0,0,0.00018348623853211,0.342752293577982
212273.411807,2662866.126422,0.00824175824175824,0.250915750915751,0.00769230769230769,0.067032967032967,0.104212454212454,0.561904761904762
212773.411807,2662866.126422,0.0382783882783883,0.622527472527473,0,0.192307692307692,0.0785714285714286,0.0683150183150183
213273.411807,2662866.126422,0.0414374770810414,0.228272827282728,0,0.532086541987532,0.092959295929593,0.105243857719105
213773.411807,2662866.126422,0.0514652014652015,0.095970695970696,0.00201465201465201,0.445970695970696,0.160805860805861,0.243772893772894
214273.411807,2662866.126422,0.0450549450549451,0.350549450549451,0,0.231135531135531,0.142307692307692,0.230952380952381
214773.411807,2662866.126422,0.0265859919325266,0.539237257059039,0,0.206637330399707,0.0913091309130913,0.136230289695636
