"x","y","forest","agri","water","built","other","grass"
199273.411807,2640866.126422,0.137891077636153,0.433371958285052,0.000193124758594052,0.102162997296253,0.0590961761297798,0.267284665894168
199773.411807,2640866.126422,0.0895604395604396,0.345421245421245,0.0217948717948718,0.202197802197802,0.104029304029304,0.236996336996337
200273.411807,2640866.126422,0.14,0.325688073394495,0.00110091743119266,0.291376146788991,0.0904587155963303,0.151376146788991
200773.411807,2640866.126422,0.0552192258301229,0.104751421757476,0.0258668134287287,0.719684461566685,0.0352228948816731,0.0592551825353146
201273.411807,2640866.126422,0.0827838827838828,0.0657509157509158,0.0232600732600733,0.7,0.0587912087912088,0.0694139194139194
201773.411807,2640866.126422,0.0858715596330275,0.0502752293577982,0.0198165137614679,0.757798165137615,0.0493577981651376,0.0368807339449541
202273.411807,2640866.126422,0.0869565217391304,0.214456063107687,0.00275178866263071,0.490185287103284,0.100165107319758,0.105485232067511
202773.411807,2640866.126422,0.112820512820513,0.191025641025641,0,0.384615384615385,0.158974358974359,0.152564102564103
203273.411807,2640866.126422,0.13651376146789,0.250275229357798,0,0.221284403669725,0.162385321100917,0.22954128440367
203773.411807,2640866.126422,0.0396257567418822,0.227848101265823,0.001284168042561,0.33516785910842,0.130434782608696,0.265639332232618
204273.411807,2640866.126422,0.0371794871794872,0.274725274725275,0.00714285714285714,0.26978021978022,0.091025641025641,0.32014652014652
204773.411807,2640866.126422,0.0658715596330275,0.431192660550459,0,0.217247706422018,0.0977981651376147,0.187889908256881
205273.411807,2640866.126422,0.0132085855806274,0.548339754173546,0,0.123647037240873,0.0829205650339387,0.231884057971014
205773.411807,2640866.126422,0.0173992673992674,0.345054945054945,0.000183150183150183,0.0747252747252747,0.093040293040293,0.46959706959707
206273.411807,2640866.126422,0.038348623853211,0.235596330275229,0.00917431192660551,0.0777981651376147,0.0598165137614679,0.579266055045872
206773.411807,2640866.126422,0.0126582278481013,0.346541918913961,0.00330214639515685,0.126215373325995,0.105118326912493,0.406164006604293
207273.411807,2640866.126422,0.0613553113553114,0.294505494505495,0.00164835164835165,0.0510989010989011,0.0952380952380952,0.496153846153846
207773.411807,2640866.126422,0.0201834862385321,0.253394495412844,0.00752293577981651,0.164403669724771,0.0411009174311927,0.513394495412844
208273.411807,2640866.126422,0.0636580443955238,0.210970464135021,0.000366905155017428,0.367822417904972,0.133186571271326,0.22399559713814
208773.411807,2640866.126422,0.0186813186813187,0.50989010989011,0,0.0880952380952381,0.1496336996337,0.233699633699634
209273.411807,2640866.126422,0.0359633027522936,0.412844036697248,0,0.106605504587156,0.171743119266055,0.272844036697248
209773.411807,2640866.126422,0.224362502293157,0.0315538433314988,0,0.147495872317006,0.105301779490002,0.491286002568336
210273.411807,2640866.126422,0.304761904761905,0.00695970695970696,0,0.0498168498168498,0.0413919413919414,0.597069597069597
210773.411807,2640866.126422,0.71394495412844,0.00495412844036697,0,0,0,0.281100917431193
211273.411807,2640866.126422,0.55347642634379,0.010273344340488,0,0,0.000183452577508714,0.436066776738213
211773.411807,2640866.126422,0.620481927710843,0.038979447200567,0,0,0,0.34053862508859
199273.411807,2640366.126422,0.00346954510408635,0.782767925983038,0,0.164417887432537,0.0102158828064765,0.0391287586738628
199773.411807,2640366.126422,0.0815914924825816,0.550605060506051,0,0.200586725339201,0.0817748441510818,0.0854418775210854
200273.411807,2640366.126422,0.0815018315018315,0.151282051282051,0.0228937728937729,0.572710622710623,0.0580586080586081,0.113553113553114
200773.411807,2640366.126422,0.132600732600733,0.205494505494505,0.00347985347985348,0.417216117216117,0.0990842490842491,0.142124542124542
201273.411807,2640366.126422,0.083975064173084,0.36046938027136,0.000183351668500183,0.244591125779245,0.0951595159515952,0.215621562156216
201773.411807,2640366.126422,0.08003663003663,0.326007326007326,0.0117216117216117,0.241758241758242,0.0921245421245421,0.248351648351648
202273.411807,2640366.126422,0.0816849816849817,0.496703296703297,0.000732600732600733,0.163369963369963,0.0690476190476191,0.188461538461538
202773.411807,2640366.126422,0.0372203887055372,0.574807480748075,0,0.191785845251192,0.0938760542720939,0.102310231023102
203273.411807,2640366.126422,0.0463369963369963,0.428021978021978,0.00457875457875458,0.130769230769231,0.138095238095238,0.252197802197802
203773.411807,2640366.126422,0.0853479853479854,0.217582417582418,0.00274725274725275,0.348534798534799,0.13974358974359,0.206043956043956
204273.411807,2640366.126422,0.0476714338100477,0.0845251191785845,0.013017968463513,0.662082874954162,0.03997066373304,0.152731939860653
204773.411807,2640366.126422,0.056959706959707,0.212820512820513,0,0.535164835164835,0.124175824175824,0.0708791208791209
205273.411807,2640366.126422,0.0642857142857143,0.351831501831502,0.000366300366300366,0.251465201465201,0.147985347985348,0.184065934065934
205773.411807,2640366.126422,0.0603226989365603,0.223689035570224,0.000733406674000733,0.322148881554822,0.126329299596626,0.266776677667767
206273.411807,2640366.126422,0.036996336996337,0.408974358974359,0.00457875457875458,0.178571428571429,0.118315018315018,0.252564102564103
206773.411807,2640366.126422,0.0175824175824176,0.622710622710623,0.000549450549450549,0.106043956043956,0.0573260073260073,0.195787545787546
207273.411807,2640366.126422,0.0973597359735974,0.252475247524752,0.000183351668500183,0.231756508984232,0.117528419508618,0.300696736340301
207773.411807,2640366.126422,0.175824175824176,0.141575091575092,0.00293040293040293,0.329487179487179,0.123626373626374,0.226556776556777
208273.411807,2640366.126422,0.120512820512821,0.211721611721612,0.00164835164835165,0.267399267399267,0.132051282051282,0.266666666666667
208773.411807,2640366.126422,0.0625229189585625,0.456362302896956,0,0.12009534286762,0.142830949761643,0.218188485515218
209273.411807,2640366.126422,0.0168498168498168,0.489377289377289,0,0.142307692307692,0.135347985347985,0.216117216117216
209773.411807,2640366.126422,0.233333333333333,0.123076923076923,0,0.146520146520147,0.115567765567766,0.381501831501831
210273.411807,2640366.126422,0.412357902456912,0.165199853318665,0,0.000183351668500183,0.0108177484415108,0.411441144114411
210773.411807,2640366.126422,0.688461538461538,0.00512820512820513,0,0,0,0.306410256410256
211273.411807,2640366.126422,0.435347985347985,0.0827838827838828,0,0,0.00293040293040293,0.478937728937729
211773.411807,2640366.126422,0.148279531748847,0.071301880099326,0,0.0113515431003902,0.0659808442710181,0.703086200780419
199273.411807,2639866.126422,0.072972972972973,0.674517374517374,0.000386100386100386,0.0826254826254826,0.0565637065637066,0.112934362934363
199773.411807,2639866.126422,0.149349459409932,0.28807036833425,0.00678028220634048,0.338097855964816,0.0494777350192413,0.168224299065421
200273.411807,2639866.126422,0.0622132501376399,0.437694989906405,0.000367039823820885,0.270875389979813,0.0623967700495504,0.166452560102771
200773.411807,2639866.126422,0.0364936732074088,0.440491472583899,0.000550155877498625,0.176783421969558,0.0876581698147808,0.258023106546855
201273.411807,2639866.126422,0.0417811984606927,0.421293751145318,0.00769653655854865,0.173355323437786,0.110317024005864,0.24555616639179
201773.411807,2639866.126422,0.125894659570563,0.318957606900349,0.00110111947146265,0.242246283721784,0.111213066617728,0.200587263718113
202273.411807,2639866.126422,0.0762882816798093,0.446543187236384,0,0.194021639464515,0.109114249037227,0.174032642582065
202773.411807,2639866.126422,0.0452629649990837,0.50448964632582,0,0.205973978376397,0.0936411947956753,0.150632215503024
203273.411807,2639866.126422,0.0227564690768948,0.440998348320793,0.0133969535694623,0.160579922921637,0.0739585244999082,0.288309781611305
203773.411807,2639866.126422,0.0579497524298551,0.36787089675408,0.0053181734824867,0.193288098294517,0.0918760315422703,0.283697047496791
204273.411807,2639866.126422,0.119662818398387,0.473703500091625,0.00439802089059923,0.137804654572109,0.087777166941543,0.176653839105736
204773.411807,2639866.126422,0.133602495870802,0.495503762158194,0,0.222609653147366,0.055606533308864,0.0926775555147734
205273.411807,2639866.126422,0.033192737942417,0.48798826334128,0,0.198056115899505,0.120850907757198,0.1599119750596
205773.411807,2639866.126422,0.0428807036833425,0.365402235660619,0,0.172805570826461,0.149532710280374,0.269378779549203
206273.411807,2639866.126422,0.0638649293448339,0.470361534226464,0.000367039823820885,0.0829510001835199,0.115801064415489,0.266654432005873
206773.411807,2639866.126422,0.0673024023473317,0.266275444709334,0.00165046763249587,0.266092059416835,0.0893086374472767,0.309370988446727
207273.411807,2639866.126422,0.0831958951805021,0.144768187648891,0.00971229613340663,0.604361370716511,0.0694520798973795,0.0885101704233095
207773.411807,2639866.126422,0.0601945311066251,0.047715177096715,0.0291796659937603,0.794824738484125,0.0313819049366856,0.0367039823820885
208273.411807,2639866.126422,0.103796075554741,0.139556207592151,0.0022006235099945,0.347515129286631,0.100495140289749,0.306436823766734
208773.411807,2639866.126422,0.0491112332783581,0.182517866959868,0.000916254352208173,0.188381894814,0.169140553417629,0.409932197177937
209273.411807,2639866.126422,0.0770783630023858,0.199669664158561,0.00844191594788034,0.0890071572765645,0.258763075793724,0.367039823820885
209773.411807,2639866.126422,0.203374289381992,0.0374105996699065,0.000366770584999083,0.206125068769485,0.157711351549606,0.395011920044012
210273.411807,2639866.126422,0.58182151365219,0.0564412680960235,0,0.00678028220634048,0.0166758292101887,0.338281106835257
210773.411807,2639866.126422,0.623233620847862,0.00587263718113415,0,0,0,0.370893741971004
211273.411807,2639866.126422,0.637814047313406,0.0143040528149642,0,0,0.000183385292499542,0.347698514579131
211773.411807,2639866.126422,0.30354609929078,0.10177304964539,0,0.00106382978723404,0.0212765957446809,0.572340425531915
199273.411807,2639366.126422,0.0422943221320973,0.29934337582078,0.00231749710312862,0.291811510235612,0.116840478949401,0.24739281575898
199773.411807,2639366.126422,0.177838827838828,0.252197802197802,0.0010989010989011,0.123443223443223,0.124358974358974,0.321062271062271
200273.411807,2639366.126422,0.0944954128440367,0.293394495412844,0,0.143119266055046,0.120733944954128,0.348256880733945
200773.411807,2639366.126422,0.00642084021280499,0.49642267473858,0,0.174463401210787,0.102183085672354,0.220509998165474
201273.411807,2639366.126422,0.0347985347985348,0.456227106227106,0.00384615384615385,0.267399267399267,0.0811355311355311,0.156593406593407
201773.411807,2639366.126422,0.0543119266055046,0.237247706422018,0.0139449541284404,0.275229357798165,0.155229357798165,0.264036697247706
202273.411807,2639366.126422,0.0317372959090075,0.454595487066593,0.00348559897266557,0.185837461016327,0.141441937259218,0.182902219776188
202773.411807,2639366.126422,0.0437728937728938,0.40989010989011,0,0.251831501831502,0.140842490842491,0.153663003663004
203273.411807,2639366.126422,0.0693577981651376,0.376880733944954,0.00128440366972477,0.269174311926606,0.105871559633028,0.17743119266055
203773.411807,2639366.126422,0.0447624289121262,0.512199596404329,0.00825536598789213,0.173362685745735,0.0972298660796184,0.164190056870299
204273.411807,2639366.126422,0.0565934065934066,0.420695970695971,0.0111721611721612,0.247985347985348,0.115384615384615,0.148168498168498
204773.411807,2639366.126422,0.0919266055045872,0.408256880733945,0,0.252844036697248,0.100183486238532,0.146788990825688
205273.411807,2639366.126422,0.0264171711612548,0.30379746835443,0,0.124747752705926,0.143826820766832,0.401210787011557
205773.411807,2639366.126422,0.0399267399267399,0.390659340659341,0.000183150183150183,0.224175824175824,0.0983516483516483,0.246703296703297
206273.411807,2639366.126422,0.0168807339449541,0.428073394495413,0,0.304220183486239,0.055045871559633,0.195779816513761
206773.411807,2639366.126422,0.0187121629058888,0.455879655109154,0.00183452577508714,0.249862410566868,0.0651256650155935,0.208585580627408
207273.411807,2639366.126422,0.0604395604395604,0.309340659340659,0.0117216117216117,0.325274725274725,0.076007326007326,0.217216117216117
207773.411807,2639366.126422,0.0805504587155963,0.075045871559633,0.0122935779816514,0.661651376146789,0.0695412844036697,0.100917431192661
208273.411807,2639366.126422,0.0875068794716566,0.106035589800037,0.000366905155017428,0.677123463584663,0.0693450742982939,0.0596220876903321
208773.411807,2639366.126422,0.0417582417582418,0.250549450549451,0,0.356227106227106,0.0793040293040293,0.272161172161172
209273.411807,2639366.126422,0.0471559633027523,0.283669724770642,0,0.0473394495412844,0.168073394495413,0.453761467889908
209773.411807,2639366.126422,0.255732893047147,0.0820033021463952,0.000183452577508714,0.186020913593836,0.0919097413318657,0.384149697303247
210273.411807,2639366.126422,0.51959706959707,0.0221611721611722,0.000366300366300366,0.00494505494505494,0.00934065934065934,0.443589743589744
210773.411807,2639366.126422,0.60256880733945,0.00770642201834862,0,0,0.00055045871559633,0.389174311926606
211273.411807,2639366.126422,0.578242524307466,0.0143093010456797,0,0.000183452577508714,0.00146762062006971,0.405797101449275
211773.411807,2639366.126422,0.709071580439405,0.0357902197023388,0,0,0,0.255138199858257
199273.411807,2638866.126422,0.101966075558982,0.144757131842714,0.00944487278334618,0.530069390902082,0.0946414803392444,0.119121048573631
199773.411807,2638866.126422,0.0883755042170884,0.299229922992299,0.0044004400440044,0.288412174550788,0.123395672900623,0.196186285295196
200273.411807,2638866.126422,0.0644688644688645,0.302930402930403,0.00293040293040293,0.363553113553114,0.131684981684982,0.134432234432234
200773.411807,2638866.126422,0.0413919413919414,0.366117216117216,0.0010989010989011,0.271062271062271,0.0871794871794872,0.233150183150183
201273.411807,2638866.126422,0.0623395672900623,0.384121745507884,0.00183351668500183,0.194719471947195,0.103043637697103,0.253942060872754
201773.411807,2638866.126422,0.0600732600732601,0.370512820512821,0.00549450549450549,0.274908424908425,0.139010989010989,0.15
202273.411807,2638866.126422,0.076007326007326,0.40952380952381,0.0192307692307692,0.264285714285714,0.13040293040293,0.100549450549451
202773.411807,2638866.126422,0.0524385771910524,0.54987165383205,0,0.156582324899157,0.0808580858085809,0.16024935826916
203273.411807,2638866.126422,0.0485347985347985,0.418498168498169,0,0.182600732600733,0.110805860805861,0.23956043956044
203773.411807,2638866.126422,0.0423076923076923,0.405860805860806,0,0.151098901098901,0.137912087912088,0.262820512820513
204273.411807,2638866.126422,0.0357535753575358,0.36010267693436,0,0.213971397139714,0.181884855152182,0.208287495416208
204773.411807,2638866.126422,0.0412087912087912,0.405311355311355,0,0.264652014652015,0.124908424908425,0.163919413919414
205273.411807,2638866.126422,0.0435897435897436,0.378754578754579,0.0010989010989011,0.126007326007326,0.13956043956044,0.310989010989011
205773.411807,2638866.126422,0.0267693436010268,0.371103777044371,0.0172350568390172,0.222588925559223,0.0656398973230656,0.296662999633297
206273.411807,2638866.126422,0.0723443223443224,0.509157509157509,0.00732600732600733,0.179304029304029,0.0591575091575092,0.172710622710623
206773.411807,2638866.126422,0.103479853479853,0.314102564102564,0.00293040293040293,0.293589743589744,0.0637362637362637,0.222161172161172
207273.411807,2638866.126422,0.0449211587825449,0.33039970663733,0.00311697836450312,0.280894756142281,0.0874587458745875,0.253208654198753
207773.411807,2638866.126422,0.113186813186813,0.113919413919414,0.00970695970695971,0.529304029304029,0.0635531135531135,0.17032967032967
208273.411807,2638866.126422,0.0732600732600733,0.108058608058608,0.0177655677655678,0.648168498168498,0.0785714285714286,0.0741758241758242
208773.411807,2638866.126422,0.0740740740740741,0.182984965163183,0.00275027502750275,0.472680601393473,0.125595892922626,0.141914191419142
209273.411807,2638866.126422,0.106227106227106,0.211355311355311,0.00311355311355311,0.328937728937729,0.141575091575092,0.208791208791209
209773.411807,2638866.126422,0.276923076923077,0.0476190476190476,0.000183150183150183,0.212087912087912,0.165384615384615,0.297802197802198
210273.411807,2638866.126422,0.365603226989366,0.0669233590025669,0.00348368170150348,0.192152548588192,0.132013201320132,0.23982398239824
210773.411807,2638866.126422,0.647252747252747,0.00695970695970696,0,0.000732600732600733,0.00787545787545788,0.337179487179487
211273.411807,2638866.126422,0.792307692307692,0.000549450549450549,0,0,0,0.207142857142857
211773.411807,2638866.126422,0.785739623980135,0.00319262149698475,0,0,0,0.21106775452288
199273.411807,2638366.126422,0.0621621621621622,0.378378378378378,0.0164092664092664,0.368146718146718,0.0496138996138996,0.125289575289575
199773.411807,2638366.126422,0.0784313725490196,0.267546270844786,0.00164925783397471,0.398753894080997,0.113798790544255,0.139820414146967
200273.411807,2638366.126422,0.0790970820334006,0.325747843641035,0.0176179115434025,0.369792622499541,0.085887318774087,0.121857221508534
200773.411807,2638366.126422,0.107280396112232,0.286997982761783,0.0245736291949386,0.265175132954337,0.12818631945718,0.187786539519531
201273.411807,2638366.126422,0.0641378046545721,0.396005131024372,0.000916254352208173,0.189847901777533,0.111599780098955,0.237493128092358
201773.411807,2638366.126422,0.0734079647641769,0.453661222242613,0,0.232152688566709,0.0860708386859974,0.154707285740503
202273.411807,2638366.126422,0.0506143407298735,0.315422703099211,0.000183385292499542,0.211259856959472,0.157161195672107,0.265358518246837
202773.411807,2638366.126422,0.122778083195895,0.268462525196995,0.000733003481766538,0.173355323437786,0.165842037749679,0.268829026937878
203273.411807,2638366.126422,0.0917599559552211,0.348137272894109,0.000550559735731327,0.208845659754083,0.184988071205726,0.165718480455129
203773.411807,2638366.126422,0.0201723821749496,0.339446176416651,0,0.14414083990464,0.180817898404548,0.315422703099211
204273.411807,2638366.126422,0.0196078431372549,0.305662451896647,0.000916254352208173,0.3811618105186,0.156496243357156,0.136155396738135
204773.411807,2638366.126422,0.0431271792989539,0.318040007340796,0,0.363002385758855,0.146815929528354,0.129014498073041
205273.411807,2638366.126422,0.0997615991197506,0.254722171281863,0.000183385292499542,0.145241151659637,0.137905739959655,0.362185952686595
205773.411807,2638366.126422,0.106102253985706,0.284038849184534,0,0.228513835440718,0.107934762690123,0.273410298698919
206273.411807,2638366.126422,0.0497338961277299,0.0535878142778491,0.0311983850247752,0.774086988438246,0.0545054138374014,0.0368875022939989
206773.411807,2638366.126422,0.0717036493673207,0.358885017421603,0.013203741059967,0.28388043278929,0.066385475884834,0.205941683476985
207273.411807,2638366.126422,0.0199743448781382,0.620304196444933,0,0.0679860729338464,0.0623052959501558,0.229430089792927
207773.411807,2638366.126422,0.0471646173609837,0.388328133602496,0.000550559735731327,0.264635712974858,0.100752431638833,0.198568544687099
208273.411807,2638366.126422,0.0562992847973593,0.208692462864478,0.00348432055749129,0.405281496423987,0.141023289932147,0.185219145424537
208773.411807,2638366.126422,0.0542422576507238,0.290635880520432,0,0.218435037566428,0.0703683342495877,0.366318490012828
209273.411807,2638366.126422,0.0497338961277299,0.343182235272527,0,0.131583776839787,0.148100568911727,0.327399522848229
209773.411807,2638366.126422,0.50816064551623,0.0097194205024757,0,0.046396479002384,0.0597836053548505,0.37593984962406
210273.411807,2638366.126422,0.795125526846252,0.00256551218618288,0.000366501740883269,0.0146600696353308,0.0188748396554884,0.168407549935862
210773.411807,2638366.126422,0.650578087722518,0.0176179115434025,0,0,0,0.33180400073408
211273.411807,2638366.126422,0.566660553823583,0.0504309554373739,0,0,0.000366770584999083,0.382541720154044
211773.411807,2638366.126422,0.287943262411348,0.0726950354609929,0,0.0141843971631206,0.0336879432624113,0.591489361702128
199273.411807,2637866.126422,0.0614136732329085,0.489185013518733,0.00154499806875241,0.165701042873696,0.0832367709540363,0.198918501351873
199773.411807,2637866.126422,0.0355311355311355,0.628571428571429,0.000183150183150183,0.103296703296703,0.0437728937728938,0.188644688644689
200273.411807,2637866.126422,0.0311926605504587,0.426788990825688,0.0269724770642202,0.23302752293578,0.0998165137614679,0.182201834862385
200773.411807,2637866.126422,0.0460465969546872,0.395890662263805,0.0451293340671436,0.254081819849569,0.0772335351311686,0.181618051733627
201273.411807,2637866.126422,0.0406593406593407,0.456227106227106,0.00183150183150183,0.204212454212454,0.122344322344322,0.174725274725275
201773.411807,2637866.126422,0.00513761467889908,0.423302752293578,0.00018348623853211,0.475596330275229,0.0735779816513761,0.0222018348623853
202273.411807,2637866.126422,0.0449458814896349,0.456063107686663,0.000366905155017428,0.158503026967529,0.116859291873051,0.223261786828105
202773.411807,2637866.126422,0.0531135531135531,0.201831501831502,0,0.238644688644689,0.245787545787546,0.260622710622711
203273.411807,2637866.126422,0.0392660550458716,0.333211009174312,0.00201834862385321,0.0985321100917431,0.14954128440367,0.37743119266055
203773.411807,2637866.126422,0.0119244175380664,0.364520271509815,0,0.17409649605577,0.187305081636397,0.262153733259952
204273.411807,2637866.126422,0.0386446886446886,0.437545787545788,0,0.18956043956044,0.0906593406593407,0.243589743589744
204773.411807,2637866.126422,0.0396330275229358,0.28697247706422,0.00055045871559633,0.312110091743119,0.126238532110092,0.234495412844037
205273.411807,2637866.126422,0.0676940011007155,0.324344157035406,0,0.123830489818382,0.219225830122913,0.264905521922583
205773.411807,2637866.126422,0.192490842490843,0.265934065934066,0.00238095238095238,0.0968864468864469,0.0582417582417582,0.384065934065934
206273.411807,2637866.126422,0.0532110091743119,0.188256880733945,0.0113761467889908,0.445871559633028,0.0396330275229358,0.261651376146789
206773.411807,2637866.126422,0.0517336268574573,0.477343606677674,0.00110071546505228,0.201981287837094,0.0451293340671436,0.222711429095579
207273.411807,2637866.126422,0.00750915750915751,0.666849816849817,0,0.0536630036630037,0.0298534798534799,0.242124542124542
207773.411807,2637866.126422,0.033394495412844,0.440366972477064,0,0.148073394495413,0.166238532110092,0.211926605504587
208273.411807,2637866.126422,0.0642084021280499,0.211887727022565,0,0.276096129150615,0.146395156851954,0.301412584846817
208773.411807,2637866.126422,0.0663003663003663,0.233516483516484,0.000366300366300366,0.24047619047619,0.106043956043956,0.353296703296703
209273.411807,2637866.126422,0.036697247706422,0.391926605504587,0.00018348623853211,0.128990825688073,0.0790825688073395,0.363119266055046
209773.411807,2637866.126422,0.219959640432948,0.192074848651624,0,0.0820033021463952,0.0869565217391304,0.419005687029903
210273.411807,2637866.126422,0.66959706959707,0.00274725274725275,0,0,0,0.327655677655678
210773.411807,2637866.126422,0.619633027522936,0.0234862385321101,0,0,0,0.356880733944954
211273.411807,2637866.126422,0.446156668501192,0.066042927903137,0,0.000183452577508714,0.0121078701155751,0.475509080902587
211773.411807,2637866.126422,0.0861091424521616,0.0637845499645641,0,0.107725017717931,0.108433734939759,0.633947554925585
199273.411807,2637366.126422,0.274094063222822,0.33982266769468,0.0905936777178103,0.142058596761758,0.0418272937548188,0.111603700848111
199773.411807,2637366.126422,0.0966263292995966,0.554822148881555,0.00366703337000367,0.16996699669967,0.03997066373304,0.134946828016135
200273.411807,2637366.126422,0.0157509157509158,0.467216117216117,0.0465201465201465,0.242857142857143,0.0721611721611722,0.155494505494505
200773.411807,2637366.126422,0.0119047619047619,0.342307692307692,0.0232600732600733,0.370512820512821,0.097985347985348,0.154029304029304
201273.411807,2637366.126422,0.0755408874220755,0.412907957462413,0,0.363219655298863,0.0854418775210854,0.0628896222955629
201773.411807,2637366.126422,0.0789377289377289,0.504945054945055,0,0.0366300366300366,0.165567765567766,0.213919413919414
202273.411807,2637366.126422,0.0626373626373626,0.411172161172161,0,0.0490842490842491,0.093956043956044,0.383150183150183
202773.411807,2637366.126422,0.0984598459845985,0.182251558489182,0.00146681334800147,0.0557389072240557,0.168866886688669,0.493215988265493
203273.411807,2637366.126422,0.0399267399267399,0.17985347985348,0,0.0963369963369963,0.137179487179487,0.546703296703297
203773.411807,2637366.126422,0.0249084249084249,0.231501831501832,0.0276556776556777,0.17014652014652,0.181318681318681,0.364468864468864
204273.411807,2637366.126422,0.0636230289695636,0.273010634396773,0.0163182984965163,0.0617895122845618,0.113494682801613,0.471763843050972
204773.411807,2637366.126422,0.0507326007326007,0.208791208791209,0.00384615384615385,0.089010989010989,0.156776556776557,0.490842490842491
205273.411807,2637366.126422,0.0496336996336996,0.537362637362637,0,0.076007326007326,0.135347985347985,0.201648351648352
205773.411807,2637366.126422,0.205720572057206,0.370553722038871,0.00953428676200953,0.0297029702970297,0.0938760542720939,0.290612394572791
206273.411807,2637366.126422,0.1003663003663,0.24047619047619,0,0.106593406593407,0.135714285714286,0.416849816849817
206773.411807,2637366.126422,0.0362637362637363,0.31996336996337,0,0.0895604395604396,0.105860805860806,0.448351648351648
207273.411807,2637366.126422,0.0139347268060139,0.498899889988999,0,0.10982764943161,0.0601393472680601,0.317198386505317
207773.411807,2637366.126422,0.00695970695970696,0.456043956043956,0.000915750915750916,0.251282051282051,0.0928571428571429,0.191941391941392
208273.411807,2637366.126422,0.0194139194139194,0.225641025641026,0,0.466849816849817,0.121978021978022,0.166117216117216
208773.411807,2637366.126422,0.0711404473780711,0.185735240190686,0.0011001100110011,0.281261459479281,0.212137880454712,0.248624862486249
209273.411807,2637366.126422,0.0470695970695971,0.339010989010989,0,0.102930402930403,0.115567765567766,0.395421245421245
209773.411807,2637366.126422,0.501831501831502,0.0556776556776557,0.000183150183150183,0.0684981684981685,0.0736263736263736,0.30018315018315
210273.411807,2637366.126422,0.650531719838651,0.0077007700770077,0,0,0,0.341767510084342
210773.411807,2637366.126422,0.577289377289377,0.0179487179487179,0,0,0,0.404761904761905
211273.411807,2637366.126422,0.575457875457875,0.0194139194139194,0,0.00183150183150183,0.0120879120879121,0.391208791208791
211773.411807,2637366.126422,0.358637814827953,0.06952820148989,0,0.000354735721887194,0.0248315005321036,0.546647747428166
199273.411807,2636866.126422,0.448648648648649,0.372586872586873,0,0.0658301158301158,0.0225868725868726,0.0903474903474903
199773.411807,2636866.126422,0.517317207256734,0.337548103353491,0,0.0179585853032802,0.0802638812534359,0.0469122228330585
200273.411807,2636866.126422,0.0363369425582676,0.627087538997981,0,0.0324830244081483,0.0568911726922371,0.247201321343366
200773.411807,2636866.126422,0.0385109114249037,0.42013570511645,0,0.177516963139556,0.0988446726572529,0.264991747661838
201273.411807,2636866.126422,0.0890599230346344,0.374381528312259,0.00274876305662452,0.234194612424409,0.120762323621037,0.178852849551035
201773.411807,2636866.126422,0.0816663608001468,0.42319691686548,0,0.196366305744173,0.147733529087906,0.151036887502294
202273.411807,2636866.126422,0.0363102879149092,0.567210709701082,0,0.0504309554373739,0.0695030258573262,0.276545021089309
202773.411807,2636866.126422,0.0765988638446033,0.204691222283306,0.00586402785413231,0.130841121495327,0.127725856697819,0.454278907824812
203273.411807,2636866.126422,0.0752431638832813,0.142778491466324,0.0113782345384474,0.0776289227381171,0.147182969352175,0.545788218021655
203773.411807,2636866.126422,0.0359435173299101,0.357968090959105,0.0410783055198973,0.139189437007152,0.0838070786722905,0.342013570511645
204273.411807,2636866.126422,0.0163093274693055,0.448964632582005,0.000183250870441635,0.0439802089059923,0.110133773135422,0.380428807036833
204773.411807,2636866.126422,0.0361534226463571,0.785648742888603,0,0.0607450908423564,0.0326665443200587,0.0847861993026243
205273.411807,2636866.126422,0.0403447643498991,0.454245369521364,0,0.103062534384742,0.131120484137172,0.271226847606822
205773.411807,2636866.126422,0.0179585853032802,0.305479201026205,0,0.0690855781564962,0.165658786879238,0.441817848634781
206273.411807,2636866.126422,0.15342264635713,0.201871903101487,0,0.0789135621214902,0.104055790053221,0.461736098366673
206773.411807,2636866.126422,0.224830368604438,0.169264624977077,0,0.0330093526499175,0.066385475884834,0.506510177883734
207273.411807,2636866.126422,0.0648708081363387,0.187648891332234,0,0.137438152831226,0.125343595382078,0.484698552318124
207773.411807,2636866.126422,0.0390897412369242,0.327032483024408,0.000367039823820885,0.162415122040741,0.1159845843274,0.355111029546706
208273.411807,2636866.126422,0.0759215110948102,0.290115532734275,0,0.202824133504493,0.152576563359619,0.278562259306804
208773.411807,2636866.126422,0.061205790727506,0.287887117463808,0,0.19956019791094,0.146417445482866,0.30492944841488
209273.411807,2636866.126422,0.0956138741053404,0.202422462837218,0.000917599559552211,0.0981831528720866,0.178014314553129,0.424848596072674
209773.411807,2636866.126422,0.28388043278929,0.0392444525949019,0,0.117916743077205,0.129286631212177,0.429671740326426
210273.411807,2636866.126422,0.708631115997801,0.00366501740883269,0,0.00733003481766538,0.0042147700201576,0.276159061755543
210773.411807,2636866.126422,0.660121123141861,0.0216553496054322,0,0,0,0.318223527252707
211273.411807,2636866.126422,0.767650834403081,0.00165046763249587,0,0,0,0.230698697964423
211773.411807,2636866.126422,0.787234042553192,0.0124113475177305,0,0,0,0.200354609929078
199273.411807,2636366.126422,0.0774430281962147,0.399768250289687,0.0166087292390884,0.196214754731557,0.0843955195056006,0.225569718037852
199773.411807,2636366.126422,0.0032967032967033,0.807875457875458,0.000183150183150183,0.0893772893772894,0.0298534798534799,0.0694139194139194
200273.411807,2636366.126422,0.121100917431193,0.289724770642202,0.104587155963303,0.0524770642201835,0.0489908256880734,0.383119266055046
200773.411807,2636366.126422,0.126582278481013,0.247294074481746,0.071179600073381,0.18968996514401,0.122546321775821,0.242707760044029
201273.411807,2636366.126422,0.146153846153846,0.364468864468864,0,0.0946886446886447,0.0950549450549451,0.2996336996337
201773.411807,2636366.126422,0.15394495412844,0.432844036697248,0,0.0484403669724771,0.0741284403669725,0.290642201834862
202273.411807,2636366.126422,0.0365070629242341,0.248394789946799,0,0.122546321775821,0.178499357915979,0.414052467437168
202773.411807,2636366.126422,0.0538461538461538,0.213919413919414,0,0.20018315018315,0.164285714285714,0.367765567765568
203273.411807,2636366.126422,0.139082568807339,0.17743119266055,0,0.144770642201835,0.181834862385321,0.356880733944954
203773.411807,2636366.126422,0.0453127866446524,0.106585947532563,0.00366905155017428,0.179416620803522,0.0990643918547056,0.565951201614383
204273.411807,2636366.126422,0.0424908424908425,0.117948717948718,0,0.0468864468864469,0.137362637362637,0.655311355311355
204773.411807,2636366.126422,0.0522935779816514,0.325504587155963,0,0.073394495412844,0.137064220183486,0.411743119266055
205273.411807,2636366.126422,0.0456796917996698,0.326545587965511,0.00403595670519171,0.100348559897267,0.149880755824619,0.373509447807742
205773.411807,2636366.126422,0.0326007326007326,0.16959706959707,0.00549450549450549,0.102014652014652,0.162271062271062,0.528021978021978
206273.411807,2636366.126422,0.0429357798165138,0.318532110091743,0.00036697247706422,0.108256880733945,0.105688073394495,0.424220183486239
206773.411807,2636366.126422,0.101999633094845,0.243625022931572,0,0.0627407815079802,0.158136121812511,0.433498440653091
207273.411807,2636366.126422,0.0510989010989011,0.203846153846154,0.000183150183150183,0.112820512820513,0.141758241758242,0.49029304029304
207773.411807,2636366.126422,0.0761467889908257,0.187522935779817,0,0.209724770642202,0.150642201834862,0.375963302752294
208273.411807,2636366.126422,0.0165107319757843,0.32948082920565,0,0.283801137405981,0.136855622821501,0.233351678591084
208773.411807,2636366.126422,0.0510989010989011,0.236630036630037,0,0.160989010989011,0.215750915750916,0.335531135531136
209273.411807,2636366.126422,0.0651376146788991,0.229174311926606,0.00128440366972477,0.180183486238532,0.163302752293578,0.360917431192661
209773.411807,2636366.126422,0.179233168226014,0.0581544670702623,0.000550357732526142,0.257750871399743,0.15410016510732,0.350210970464135
210273.411807,2636366.126422,0.644871794871795,0.00494505494505494,0,0.0122710622710623,0.0139194139194139,0.323992673992674
210773.411807,2636366.126422,0.640366972477064,0.00954128440366972,0,0.021651376146789,0.0242201834862385,0.304220183486239
211273.411807,2636366.126422,0.755090809025867,0.00898917629792699,0,0,0,0.235920014676206
211773.411807,2636366.126422,0.611622962437987,0.00815024805102764,0,0,0.00779588944011339,0.372430900070872
199273.411807,2635866.126422,0.00346954510408635,0.43562066306862,0.00173477255204318,0.375481881264456,0.0905936777178103,0.0930994602929838
199773.411807,2635866.126422,0.0212687935460213,0.46974697469747,0,0.179317931793179,0.0627062706270627,0.266960029336267
200273.411807,2635866.126422,0.0831501831501831,0.441025641025641,0.0135531135531136,0.156959706959707,0.0619047619047619,0.243406593406593
200773.411807,2635866.126422,0.0826007326007326,0.291391941391941,0,0.338644688644689,0.0996336996336996,0.187728937728938
201273.411807,2635866.126422,0.0451045104510451,0.36028602860286,0.00238357169050238,0.318481848184819,0.0874587458745875,0.186285295196186
201773.411807,2635866.126422,0.0470695970695971,0.363736263736264,0.0293040293040293,0.211538461538462,0.101831501831502,0.246520146520147
202273.411807,2635866.126422,0.0152014652014652,0.287728937728938,0.000366300366300366,0.122527472527473,0.0901098901098901,0.484065934065934
202773.411807,2635866.126422,0.128896222955629,0.253025302530253,0,0.105793912724606,0.16960029336267,0.342684268426843
203273.411807,2635866.126422,0.0908424908424908,0.288095238095238,0.0111721611721612,0.17032967032967,0.136263736263736,0.303296703296703
203773.411807,2635866.126422,0.0985347985347985,0.108058608058608,0.00494505494505494,0.34010989010989,0.163553113553114,0.284798534798535
204273.411807,2635866.126422,0.0777411074440777,0.300696736340301,0,0.0575724239090576,0.168133480014668,0.395856252291896
204773.411807,2635866.126422,0.0785714285714286,0.382783882783883,0,0.0743589743589744,0.130769230769231,0.333516483516483
205273.411807,2635866.126422,0.0375457875457875,0.201465201465201,0,0.128571428571429,0.184981684981685,0.447435897435897
205773.411807,2635866.126422,0.017968463513018,0.182984965163183,0,0.156398973230656,0.186651998533187,0.455995599559956
206273.411807,2635866.126422,0.0562271062271062,0.253663003663004,0.000732600732600733,0.0796703296703297,0.131501831501832,0.478205128205128
206773.411807,2635866.126422,0.0648351648351648,0.212454212454212,0.00457875457875458,0.0697802197802198,0.11007326007326,0.538278388278388
207273.411807,2635866.126422,0.0759075907590759,0.250641730839751,0,0.0672900623395673,0.117895122845618,0.488265493215988
207773.411807,2635866.126422,0.0217948717948718,0.515384615384615,0.000366300366300366,0.084981684981685,0.0712454212454212,0.306227106227106
208273.411807,2635866.126422,0.0346153846153846,0.301831501831502,0,0.117948717948718,0.141208791208791,0.404395604395604
208773.411807,2635866.126422,0.0434543454345435,0.287128712871287,0.00476714338100477,0.117711771177118,0.131829849651632,0.415108177484415
209273.411807,2635866.126422,0.08003663003663,0.323626373626374,0.00164835164835165,0.0884615384615385,0.116117216117216,0.39010989010989
209773.411807,2635866.126422,0.153846153846154,0.16043956043956,0.00641025641025641,0.0858974358974359,0.105860805860806,0.487545787545788
210273.411807,2635866.126422,0.316464979831316,0.108177484415108,0.00238357169050238,0.0430876420975431,0.146497983131646,0.383388338833883
210773.411807,2635866.126422,0.666483516483516,0.0287545787545788,0,0.00567765567765568,0.0192307692307692,0.27985347985348
211273.411807,2635866.126422,0.711172161172161,0.00476190476190476,0,0,0,0.284065934065934
211773.411807,2635866.126422,0.723306136927989,0,0,0,0,0.276693863072011
199273.411807,2635366.126422,0.0480694980694981,0.53011583011583,0,0.184555984555985,0.067953667953668,0.169305019305019
199773.411807,2635366.126422,0.0104452996151732,0.385559831409199,0.000733003481766538,0.433754810335349,0.0775151181968114,0.0919919369617006
200273.411807,2635366.126422,0.0146815929528354,0.546155257845476,0,0.23637364654065,0.0757937236190127,0.126995779042026
200773.411807,2635366.126422,0.0154043645699615,0.534384742343664,0.0102695763799743,0.330460297084174,0.0498807995598753,0.059600220062351
201273.411807,2635366.126422,0.00879604178119846,0.482866043613707,0.000183250870441635,0.228513835440718,0.098772219168041,0.180868609125893
201773.411807,2635366.126422,0.104422829877042,0.350523031748945,0,0.0800146815929528,0.142044411818682,0.322995044962378
202273.411807,2635366.126422,0.150192554557125,0.337612323491656,0.000183385292499542,0.0339262791124152,0.0720704199523198,0.406015037593985
202773.411807,2635366.126422,0.0802638812534359,0.300348176653839,0.00842954004031519,0.18948140003665,0.134689389774601,0.286787612241158
203273.411807,2635366.126422,0.163883281336025,0.380803817214168,0.000183519911910442,0.0776289227381171,0.104239309965131,0.273261148834649
203773.411807,2635366.126422,0.119017054832202,0.292316156244269,0.00128369704749679,0.137905739959655,0.0979277461947552,0.351549605721621
204273.411807,2635366.126422,0.0791643760307861,0.176104086494411,0,0.235294117647059,0.183617372182518,0.325820047645226
204773.411807,2635366.126422,0.0502844558634612,0.166269040190861,0,0.0926775555147734,0.140759772435309,0.550009175995596
205273.411807,2635366.126422,0.0834403080872914,0.146524848707134,0,0.143223913442142,0.187052998349532,0.439757931413901
205773.411807,2635366.126422,0.0289536375297783,0.299248671431189,0.00311526479750779,0.10646875572659,0.205424225765072,0.356789444749863
206273.411807,2635366.126422,0.131583776839787,0.109561387410534,0.000367039823820885,0.126995779042026,0.142044411818682,0.48944760506515
206773.411807,2635366.126422,0.158811663304603,0.0878415551072804,0.00623509994498441,0.114249037227214,0.194388410049514,0.438474234366404
207273.411807,2635366.126422,0.28587135788895,0.165842037749679,0.00458127176104087,0.0575407733186733,0.103719992669965,0.382444566611691
207773.411807,2635366.126422,0.133786015782712,0.232886768214351,0,0.0734079647641769,0.136171774637548,0.423747476601211
208273.411807,2635366.126422,0.173115716119567,0.28406381808179,0,0.0933431138822666,0.077205208142307,0.372272143774069
208773.411807,2635366.126422,0.0432472054242258,0.307311709730621,0,0.220267546270845,0.154480483782298,0.27469305479201
209273.411807,2635366.126422,0.063497889521013,0.322811525050468,0.00293631859056708,0.108460267939071,0.142778491466324,0.359515507432556
209773.411807,2635366.126422,0.0607005318173482,0.317806711901706,0,0.0480469466348799,0.128553090042179,0.444892719603888
