"x","y","forest","agri","water","built","other","grass"
183773.411807,2654866.126422,0,0.0423930996513122,0.822903285006423,0.133051936135071,0.00165167920719398,0
184273.411807,2654866.126422,0.000733541169998166,0.125618925362186,0.666605538235833,0.175132954337062,0.0133871263524665,0.0185219145424537
184773.411807,2654866.126422,0.0120945574491479,0.105185999633498,0.55946490745831,0.156862745098039,0.0302363936228697,0.136155396738135
185273.411807,2654866.126422,0.0262433474031932,0.272160029363186,0.0574417324279684,0.193980546889337,0.0833180400073408,0.366856303908974
185773.411807,2654866.126422,0.114615807812213,0.445076104896387,0.00403447643498991,0.1199339812947,0.028791490922428,0.287548138639281
186273.411807,2654866.126422,0.0706185567010309,0.449484536082474,0,0.0966494845360825,0.0853092783505155,0.297938144329897
183773.411807,2654366.126422,0.00146788990825688,0.0640366972477064,0.59651376146789,0.167889908256881,0.0223853211009174,0.147706422018349
184273.411807,2654366.126422,0.00183452577508714,0.171895065125665,0.513667217024399,0.181067694001101,0.021830856723537,0.109704641350211
184773.411807,2654366.126422,0.00824175824175824,0.21959706959707,0.254029304029304,0.279304029304029,0.0620879120879121,0.176739926739927
185273.411807,2654366.126422,0.00018348623853211,0.508623853211009,0.00990825688073394,0.283669724770642,0.0394495412844037,0.158165137614679
185773.411807,2654366.126422,0.0669601907906806,0.429095578792882,0.00146762062006971,0.0920931939093744,0.0258668134287287,0.384516602458265
186273.411807,2654366.126422,0.0368366821226172,0.69629057187017,0.0247295208655332,0.0633693972179289,0.0443070582174137,0.134466769706337
182273.411807,2653866.126422,0.0032967032967033,0.172710622710623,0.516483516483517,0.234249084249084,0.00641025641025641,0.0668498168498168
182773.411807,2653866.126422,0,0.181684981684982,0.597985347985348,0.207692307692308,0.00531135531135531,0.00732600732600733
183273.411807,2653866.126422,0.00568390172350568,0.221488815548222,0.415474880821415,0.284745141180785,0.00806747341400807,0.0645397873120645
183773.411807,2653866.126422,0.00146520146520147,0.0730769230769231,0.653296703296703,0.247619047619048,0.0133699633699634,0.0111721611721612
184273.411807,2653866.126422,0.00366300366300366,0.165750915750916,0.550732600732601,0.143223443223443,0.0210622710622711,0.115567765567766
184773.411807,2653866.126422,0.024019068573524,0.265309864319765,0.00971763843050972,0.22973964063073,0.0610561056105611,0.41015768243491
185273.411807,2653866.126422,0.0120879120879121,0.199267399267399,0.203479853479853,0.113553113553114,0.0326007326007326,0.439010989010989
185773.411807,2653866.126422,0.060989010989011,0.303113553113553,0.101098901098901,0.123443223443223,0.043040293040293,0.368315018315018
186273.411807,2653866.126422,0.034020618556701,0.451288659793814,0.0711340206185567,0.142268041237113,0.0690721649484536,0.232216494845361
181773.411807,2653366.126422,0.0047645226314825,0.0824628916987356,0.657137621403702,0.181235110866777,0.0223566061938794,0.0520432472054242
182273.411807,2653366.126422,0.00201871903101487,0.217654615525785,0.575151403927326,0.198935584510919,0.00458799779776106,0.00165167920719398
182773.411807,2653366.126422,0.00201723821749496,0.23620025673941,0.594718503576013,0.158995048597103,0.00330093526499175,0.00476801760498808
183273.411807,2653366.126422,0,0.29595015576324,0.469855231812351,0.182334616089426,0.0240058640278541,0.0278541323071285
183773.411807,2653366.126422,0.00935951550743256,0.0886401174527436,0.706184621031382,0.176179115434025,0.00495503762158194,0.0146815929528354
184273.411807,2653366.126422,0.0152209792774619,0.308820832569228,0.137538969374656,0.174949569044563,0.0447460113698881,0.318723638364203
184773.411807,2653366.126422,0.0232728605460876,0.156679494227598,0.000183250870441635,0.000916254352208173,0.00513102437236577,0.813817115631299
185273.411807,2653366.126422,0.0367039823820885,0.545421178197834,0.00513855753349238,0.0706551660855203,0.0497338961277299,0.292347219673335
185773.411807,2653366.126422,0.0363102879149092,0.48413717219879,0.00128369704749679,0.243535668439391,0.0561158995048597,0.178617274894553
186273.411807,2653366.126422,0.0644329896907216,0.476546391752577,0,0.128865979381443,0.0628865979381443,0.267268041237113
181773.411807,2652866.126422,0.00256410256410256,0.0983516483516483,0.733699633699634,0.112271062271062,0.0364468864468864,0.0166666666666667
182273.411807,2652866.126422,0.00256880733944954,0.204770642201835,0.707706422018349,0.0755963302752294,0.00623853211009174,0.00311926605504587
182773.411807,2652866.126422,0.030820033021464,0.288754356998716,0.428178315905338,0.191891396074115,0.0266006237387635,0.0337552742616034
183273.411807,2652866.126422,0.0177655677655678,0.276556776556777,0.146886446886447,0.3996336996337,0.0827838827838828,0.0763736263736264
183773.411807,2652866.126422,0.015045871559633,0.147889908256881,0.0640366972477064,0.275779816513761,0.078348623853211,0.418899082568807
184273.411807,2652866.126422,0.0355898000366905,0.518436984039626,0.00183452577508714,0.0537516052100532,0.0293524124013942,0.361034672537149
184773.411807,2652866.126422,0.0379120879120879,0.263736263736264,0.0032967032967033,0.21007326007326,0.0576923076923077,0.427289377289377
185273.411807,2652866.126422,0.0519266055045872,0.529724770642202,0,0.134311926605505,0.0623853211009174,0.221651376146789
185773.411807,2652866.126422,0.0377912309667951,0.441386901485966,0,0.192074848651624,0.0432948082920565,0.285452210603559
186273.411807,2652866.126422,0.0154559505409583,0.475785677485832,0,0.142194744976816,0.0991756826378156,0.267387944358578
181773.411807,2652366.126422,0.000183351668500183,0.131279794646131,0.736707004033737,0.126879354602127,0.0022002200220022,0.00275027502750275
182273.411807,2652366.126422,0.000183150183150183,0.186813186813187,0.617948717948718,0.175091575091575,0.00952380952380952,0.0104395604395604
182773.411807,2652366.126422,0.00805860805860806,0.336630036630037,0.193223443223443,0.347619047619048,0.0336996336996337,0.0807692307692308
183273.411807,2652366.126422,0.0271360469380271,0.337917125045838,0.0192519251925193,0.227539420608728,0.0401540154015402,0.348001466813348
183773.411807,2652366.126422,0.0375457875457875,0.421978021978022,0.00128205128205128,0.241391941391941,0.0578754578754579,0.23992673992674
184273.411807,2652366.126422,0.056959706959707,0.392307692307692,0,0.0717948717948718,0.0496336996336996,0.429304029304029
184773.411807,2652366.126422,0.0540887422075541,0.396589658965897,0.000916758342500917,0.171433810047671,0.0737073707370737,0.303263659699303
185273.411807,2652366.126422,0.0267399267399267,0.58021978021978,0,0.115567765567766,0.0771062271062271,0.2003663003663
185773.411807,2652366.126422,0.0225274725274725,0.515934065934066,0,0.114285714285714,0.0474358974358974,0.29981684981685
186273.411807,2652366.126422,0.0605670103092784,0.55180412371134,0,0.038659793814433,0.0518041237113402,0.297164948453608
181273.411807,2651866.126422,0.015587749862461,0.126535851824684,0.49605721621126,0.235650100861911,0.0350265908674124,0.0911424903722722
181773.411807,2651866.126422,0.0595565328935312,0.231262598497343,0.343595382078065,0.181418361737218,0.0370166758292102,0.147150448964633
182273.411807,2651866.126422,0.00403743806202973,0.240044044778859,0.4481556248853,0.212332538080382,0.0212883097816113,0.0741420444118187
182773.411807,2651866.126422,0.0625343847423437,0.316523014854209,0.121767834219696,0.227214377406932,0.0397946084724005,0.23216578030442
183273.411807,2651866.126422,0.101887483965549,0.280373831775701,0,0.218984790177753,0.0723840938244457,0.326369800256551
183773.411807,2651866.126422,0.0598274912828042,0.230501009359516,0,0.23233620847862,0.0537713341897596,0.423563956689301
184273.411807,2651866.126422,0.0460297084173849,0.269759765266826,0,0.13992297817715,0.0456629378323858,0.498624610306253
184773.411807,2651866.126422,0.0590067802822063,0.430273043796958,0,0.115631299248671,0.0846619021440352,0.310426974528129
185273.411807,2651866.126422,0.176179115434025,0.217287575701964,0,0.259497155441365,0.122224261332355,0.224811892090292
185773.411807,2651866.126422,0.00861910874747845,0.540986612873648,0,0.0590500641848524,0.0696864111498258,0.321657803044196
186273.411807,2651866.126422,0.0417525773195876,0.47860824742268,0,0.136082474226804,0.103350515463918,0.24020618556701
181273.411807,2651366.126422,0.0302696752889378,0.107686662997615,0.602458264538617,0.102366538249862,0.0117409649605577,0.14547789396441
181773.411807,2651366.126422,0.0481684981684982,0.0835164835164835,0.402747252747253,0.147252747252747,0.032051282051282,0.286263736263736
182273.411807,2651366.126422,0.0645871559633028,0.0495412844036697,0.00697247706422018,0.0840366972477064,0.0414678899082569,0.753394495412844
182773.411807,2651366.126422,0.0832874701889562,0.0935608145294441,0.0432948082920565,0.652724270776004,0.0519170794349661,0.0752155567785727
183273.411807,2651366.126422,0.0811355311355311,0.184981684981685,0.017032967032967,0.444139194139194,0.0815018315018315,0.191208791208791
183773.411807,2651366.126422,0.0598165137614679,0.496697247706422,0,0.0743119266055046,0.0289908256880734,0.340183486238532
184273.411807,2651366.126422,0.0306365804439552,0.554026784076316,0,0.150431113557145,0.0332049165290772,0.231700605393506
184773.411807,2651366.126422,0.0373626373626374,0.517399267399267,0,0.0313186813186813,0.0545787545787546,0.359340659340659
185273.411807,2651366.126422,0.0695412844036697,0.379449541284404,0,0.108440366972477,0.127155963302752,0.315412844036697
185773.411807,2651366.126422,0.0398092093193909,0.441753806640983,0,0.151898734177215,0.141808842414236,0.224729407448175
186273.411807,2651366.126422,0.0739309634209171,0.394899536321484,0.000257599175682638,0.224884080370943,0.124935600206079,0.181092220504894
180773.411807,2650866.126422,0.00164835164835165,0.113003663003663,0.766666666666667,0.113186813186813,0.00164835164835165,0.00384615384615385
181273.411807,2650866.126422,0.00311355311355311,0.045970695970696,0.784981684981685,0.161538461538462,0.00201465201465201,0.00238095238095238
181773.411807,2650866.126422,0,0.0185185185185185,0.873487348734873,0.107444077741107,0.00055005500550055,0
182273.411807,2650866.126422,0.00714285714285714,0.123992673992674,0.47948717948718,0.2503663003663,0.0265567765567766,0.112454212454212
182773.411807,2650866.126422,0.0428571428571429,0.0924908424908425,0.000549450549450549,0.713919413919414,0.0741758241758242,0.076007326007326
183273.411807,2650866.126422,0.0601393472680601,0.307297396406307,0,0.390905757242391,0.0720572057205721,0.16960029336267
183773.411807,2650866.126422,0.084981684981685,0.319413919413919,0,0.241025641025641,0.0613553113553114,0.293223443223443
184273.411807,2650866.126422,0.0573260073260073,0.304761904761905,0,0.208424908424908,0.0595238095238095,0.36996336996337
184773.411807,2650866.126422,0.0894756142280895,0.41987532086542,0,0.116428309497616,0.046021268793546,0.328199486615328
185273.411807,2650866.126422,0.0617216117216117,0.433333333333333,0,0.0690476190476191,0.0406593406593407,0.395238095238095
185773.411807,2650866.126422,0.0395604395604396,0.41025641025641,0,0.158974358974359,0.0871794871794872,0.304029304029304
186273.411807,2650866.126422,0.0778350515463918,0.284536082474227,0,0.341494845360825,0.0860824742268041,0.210051546391753
180773.411807,2650366.126422,0,0.0363369425582676,0.826206643420811,0.1370893741971,0.000367039823820885,0
181273.411807,2650366.126422,0.000550155877498625,0.0427287731523932,0.876948468732808,0.0788556757748029,0.000916926462497708,0
181773.411807,2650366.126422,0,0.0201575957485798,0.807769836906725,0.169507055158512,0.00256551218618288,0
182273.411807,2650366.126422,0.0690034868783263,0.208111580106442,0.0833180400073408,0.229950449623784,0.0567076527803267,0.35290879060378
182773.411807,2650366.126422,0.0979277461947552,0.335411699981661,0,0.090408949202274,0.057582981844856,0.418668622776453
183273.411807,2650366.126422,0.0659703133589885,0.403335165842038,0,0.110683525746747,0.0590067802822063,0.36100421477002
183773.411807,2650366.126422,0.044411818682327,0.380620297302257,0,0.260965314736649,0.0765278032666544,0.237474766012112
184273.411807,2650366.126422,0.0854575463047864,0.46011369888135,0,0.0469466348798826,0.0513478818998716,0.35613423803411
184773.411807,2650366.126422,0.106102253985706,0.378779549202859,0,0.0153930731170973,0.0485614806670332,0.451163643027304
185273.411807,2650366.126422,0.0367039823820885,0.51881079097082,0,0.107175628555698,0.0693705267021472,0.267939071389246
185773.411807,2650366.126422,0.041995231982395,0.428204657986429,0,0.186502842472034,0.0986612873647534,0.244635980194388
186273.411807,2650366.126422,0.0311855670103093,0.712113402061856,0,0.150257731958763,0.015979381443299,0.0904639175257732
180273.411807,2649866.126422,0.000366300366300366,0.0364468864468864,0.77985347985348,0.183333333333333,0,0
180773.411807,2649866.126422,0.0194495412844037,0.105688073394495,0.734128440366972,0.131376146788991,0.00110091743119266,0.00825688073394495
181273.411807,2649866.126422,0.0111906072280316,0.0656760227481196,0.746285085305449,0.14694551458448,0.00587048248027885,0.0240322876536415
181773.411807,2649866.126422,0.0311355311355311,0.197802197802198,0.315750915750916,0.19047619047619,0.0120879120879121,0.252747252747253
182273.411807,2649866.126422,0.0803669724770642,0.379449541284404,0,0.168256880733945,0.0739449541284404,0.297981651376147
182773.411807,2649866.126422,0.0440286186020914,0.608695652173913,0,0.0893414052467437,0.0554026784076316,0.20253164556962
183273.411807,2649866.126422,0.0450549450549451,0.625274725274725,0,0.0710622710622711,0.0597069597069597,0.198901098901099
183773.411807,2649866.126422,0.0379816513761468,0.388440366972477,0,0.121834862385321,0.0557798165137615,0.395963302752294
184273.411807,2649866.126422,0.0315538433314988,0.52779306549257,0,0.0300862227114291,0.0119244175380664,0.398642450926436
184773.411807,2649866.126422,0.0769230769230769,0.434615384615385,0,0.114468864468864,0.0811355311355311,0.292857142857143
185273.411807,2649866.126422,0.0431192660550459,0.545504587155963,0,0.0596330275229358,0.0572477064220183,0.294495412844037
185773.411807,2649866.126422,0.0346725371491469,0.426160337552743,0,0.173179233168226,0.137222527976518,0.228765364153366
186273.411807,2649866.126422,0.00721277691911386,0.648634724368882,0,0.0324574961360124,0.0131375579598145,0.298557444616177
179773.411807,2649366.126422,0.000549450549450549,0.0923076923076923,0.495238095238095,0.411355311355311,0.000366300366300366,0.000183150183150183
180273.411807,2649366.126422,0.000183351668500183,0.0605060506050605,0.763659699303264,0.174917491749175,0.000733406674000733,0
180773.411807,2649366.126422,0.00311355311355311,0.0710622710622711,0.777838827838828,0.143772893772894,0.00146520146520147,0.00274725274725275
181273.411807,2649366.126422,0.015018315018315,0.115934065934066,0.606043956043956,0.182600732600733,0.00732600732600733,0.0730769230769231
181773.411807,2649366.126422,0.0276861019435277,0.525302530253025,0,0.155482214888155,0.0423542354235424,0.249174917491749
182273.411807,2649366.126422,0.0113553113553114,0.47032967032967,0,0.0188644688644689,0.0177655677655678,0.481684981684982
182773.411807,2649366.126422,0.0021978021978022,0.882417582417582,0.00952380952380952,0.00842490842490842,0.0043956043956044,0.093040293040293
183273.411807,2649366.126422,0.0121012101210121,0.607260726072607,0,0.0667400073340667,0.0229189585625229,0.290979097909791
183773.411807,2649366.126422,0.0342490842490843,0.551648351648352,0,0.0877289377289377,0.0289377289377289,0.297435897435897
184273.411807,2649366.126422,0.0553113553113553,0.672344322344322,0,0.0642857142857143,0.0157509157509158,0.192307692307692
184773.411807,2649366.126422,0.0418041804180418,0.541437477081041,0,0.117711771177118,0.0474880821415475,0.251558489182252
185273.411807,2649366.126422,0.0336996336996337,0.226190476190476,0,0.482967032967033,0.0798534798534798,0.177289377289377
185773.411807,2649366.126422,0.017032967032967,0.699084249084249,0,0.110989010989011,0.0208791208791209,0.152014652014652
186273.411807,2649366.126422,0.0280927835051546,0.649742268041237,0,0.0579896907216495,0.0471649484536082,0.217010309278351
179773.411807,2648866.126422,0.000183385292499542,0.0198056115899505,0.778837337245553,0.200990280579498,0.000183385292499542,0
180273.411807,2648866.126422,0,0.0256551218618288,0.861645592816566,0.112516034451164,0.000183250870441635,0
180773.411807,2648866.126422,0.00146815929528354,0.102587630757937,0.725821251605799,0.163149201688383,0.00165167920719398,0.00532207744540283
181273.411807,2648866.126422,0.0104529616724739,0.378323858426554,0.129286631212177,0.182835136622043,0.0306253438474234,0.268476068219329
181773.411807,2648866.126422,0.049660985889683,0.363936228697086,0,0.375114531794026,0.0727505955653289,0.138537658053876
182273.411807,2648866.126422,0.0211047898697009,0.667278399706368,0,0.00899247568361167,0.0212883097816113,0.281336024958708
182773.411807,2648866.126422,0.00953603520997616,0.803227581147992,0.0157711351549606,0.0126535851824684,0.00476801760498808,0.154043645699615
183273.411807,2648866.126422,0.0236393622869709,0.630566245189665,0.0053142752428074,0.133040131940627,0.0307861462341946,0.176653839105736
183773.411807,2648866.126422,0.0122958340979996,0.498990640484493,0.00495503762158194,0.191227748210681,0.028629106258029,0.263901633327216
184273.411807,2648866.126422,0.0152209792774619,0.629561709150926,0,0.0566660553823583,0.0614340729873464,0.237117183201907
184773.411807,2648866.126422,0.0753161077515118,0.539307311709731,0,0.159794759025105,0.0362836723474437,0.189298149166209
185273.411807,2648866.126422,0.0288126261699394,0.386492934483391,0,0.266654432005873,0.0789135621214902,0.239126445219306
185773.411807,2648866.126422,0.0291582615074271,0.453878598936365,0,0.108747478452228,0.107463781404731,0.300751879699248
186273.411807,2648866.126422,0.0154639175257732,0.667783505154639,0,0.0345360824742268,0.0569587628865979,0.225257731958763
179273.411807,2648366.126422,0.00862385321100917,0.148440366972477,0.610825688073395,0.231009174311927,0,0.00110091743119266
179773.411807,2648366.126422,0,0.200330214639516,0.631260319207485,0.0908090258668134,0.00201797835259585,0.0755824619335902
180273.411807,2648366.126422,0.00989010989010989,0.11978021978022,0.63021978021978,0.125457875457875,0.00347985347985348,0.111172161172161
180773.411807,2648366.126422,0.00073394495412844,0.129724770642202,0.513577981651376,0.240917431192661,0.00513761467889908,0.109908256880734
181273.411807,2648366.126422,0.0399926618968997,0.447807741698771,0,0.172995780590717,0.0489818381948266,0.290221977618786
181773.411807,2648366.126422,0.0496336996336996,0.355494505494506,0,0.279487179487179,0.0686813186813187,0.246703296703297
182273.411807,2648366.126422,0.013394495412844,0.82256880733945,0,0.0159633027522936,0.0225688073394495,0.125504587155963
182773.411807,2648366.126422,0.00825536598789213,0.678774536782242,0,0.0143093010456797,0.0194459732159237,0.279214822968263
183273.411807,2648366.126422,0.00915750915750916,0.754761904761905,0,0.0282051282051282,0.0276556776556777,0.18021978021978
183773.411807,2648366.126422,0.0132110091743119,0.517247706422018,0,0.02,0.0497247706422018,0.399816513761468
184273.411807,2648366.126422,0.0236653824986241,0.621720785177032,0,0.0143093010456797,0.0476976701522656,0.292606861126399
184773.411807,2648366.126422,0.0505494505494506,0.470879120879121,0,0.104761904761905,0.0827838827838828,0.291025641025641
185273.411807,2648366.126422,0.0139449541284404,0.559633027522936,0,0.169174311926606,0.0662385321100917,0.191009174311927
185773.411807,2648366.126422,0.0697119794533113,0.301229132269308,0,0.287470188956155,0.119977985690699,0.221610713630527
186273.411807,2648366.126422,0.0401854714064915,0.48531684698609,0,0.108964451313756,0.0399278722308089,0.325605358062854
180773.411807,2647866.126422,0.00366300366300366,0.364102564102564,0.0335164835164835,0.120695970695971,0.0344322344322344,0.443589743589744
181273.411807,2647866.126422,0.0765567765567766,0.357326007326007,0.0181318681318681,0.210805860805861,0.0380952380952381,0.299084249084249
181773.411807,2647866.126422,0.0128346167950128,0.716721672167217,0,0.0121012101210121,0.0044004400440044,0.253942060872754
182273.411807,2647866.126422,0.0307692307692308,0.743589743589744,0,0.0195970695970696,0.0217948717948718,0.184249084249084
182773.411807,2647866.126422,0.00567765567765568,0.667032967032967,0,0.0161172161172161,0.00549450549450549,0.305677655677656
183273.411807,2647866.126422,0.0225522552255226,0.586541987532087,0,0.0295196186285295,0.0445544554455446,0.316831683168317
183773.411807,2647866.126422,0.0489010989010989,0.636080586080586,0,0.144505494505494,0.0324175824175824,0.138095238095238
184273.411807,2647866.126422,0.032051282051282,0.541208791208791,0,0.115934065934066,0.0586080586080586,0.252197802197802
184773.411807,2647866.126422,0.0172350568390172,0.579207920792079,0.00348368170150348,0.0801246791345801,0.0812247891455812,0.238723872387239
185273.411807,2647866.126422,0.0201465201465201,0.568681318681319,0,0.0382783882783883,0.082967032967033,0.28992673992674
185773.411807,2647866.126422,0.0168498168498168,0.471978021978022,0,0.0791208791208791,0.0666666666666667,0.365384615384615
186273.411807,2647866.126422,0.0373711340206186,0.631185567010309,0,0.0391752577319588,0.0530927835051546,0.239175257731959
180273.411807,2647366.126422,0.139637163276526,0.126443100604728,0.0802638812534359,0.367967747846802,0.0393989371449514,0.246289169873557
180773.411807,2647366.126422,0.0273444668746559,0.315837768397871,0,0.209396219489815,0.0545054138374014,0.392916131400257
181273.411807,2647366.126422,0.0792224463598019,0.443425637263891,0.00641848523748395,0.0210893086374473,0.0170548322024574,0.432789290298918
181773.411807,2647366.126422,0.00714678394722375,0.81729888216969,0.000183250870441635,0.0131940626717977,0.0128275609309144,0.149349459409932
182273.411807,2647366.126422,0.0196366305744173,0.780693705267021,0,0.0385391815011929,0.0225729491649844,0.138557533492384
182773.411807,2647366.126422,0.0227397762699432,0.743077205208142,0,0.00146708233999633,0.0097194205024757,0.222996515679443
183273.411807,2647366.126422,0.0410481949789262,0.588785046728972,0,0.0124610591900312,0.00696353307678211,0.350742166025289
183773.411807,2647366.126422,0.0172508717195816,0.641035052303175,0,0.0592769315470729,0.012846393833731,0.26959075059644
184273.411807,2647366.126422,0.0458463231248854,0.669723088208326,0,0.0159545204474601,0.0297084173849257,0.238767650834403
184773.411807,2647366.126422,0.026571376214037,0.60875939160711,0,0.162360271211288,0.0736668499175371,0.128642111050027
185273.411807,2647366.126422,0.0546889337493118,0.636997614241145,0,0.00807487612405946,0.0387227014131033,0.26151587447238
185773.411807,2647366.126422,0.0346598202824134,0.609389326975976,0,0.0430955437373923,0.055198973042362,0.257656335961856
186273.411807,2647366.126422,0.0304123711340206,0.68298969072165,0,0.0556701030927835,0.0288659793814433,0.202061855670103
180273.411807,2646866.126422,0.0932234432234432,0.256227106227106,0.0366300366300366,0.534981684981685,0.00934065934065934,0.0695970695970696
180773.411807,2646866.126422,0.106238532110092,0.439816513761468,0.00036697247706422,0.328073394495413,0.0141284403669725,0.111376146788991
181273.411807,2646866.126422,0.002568336085122,0.842964593652541,0.00238488350761328,0.0354063474591818,0.00201797835259585,0.114657860942946
181773.411807,2646866.126422,0.039010989010989,0.702747252747253,0.01996336996337,0.0860805860805861,0.00512820512820513,0.147069597069597
182273.411807,2646866.126422,0.0486238532110092,0.547155963302752,0.00293577981651376,0.0737614678899083,0.0370642201834862,0.29045871559633
182773.411807,2646866.126422,0.073747936158503,0.54210236653825,0.002568336085122,0.118693817648138,0.0221977618785544,0.240689781691433
183273.411807,2646866.126422,0.0633699633699634,0.383516483516484,0.000732600732600733,0.172161172161172,0.0708791208791209,0.309340659340659
183773.411807,2646866.126422,0.0963302752293578,0.193394495412844,0.00055045871559633,0.394311926605505,0.0963302752293578,0.219082568807339
184273.411807,2646866.126422,0.109521188772702,0.0834709227664649,0.00605393505778756,0.628141625389837,0.0728306732709595,0.0999816547422491
184773.411807,2646866.126422,0.0553113553113553,0.656043956043956,0,0.0333333333333333,0.0326007326007326,0.222710622710623
185273.411807,2646866.126422,0.0271559633027523,0.631009174311927,0,0.00146788990825688,0.0144954128440367,0.325871559633027
185773.411807,2646866.126422,0.0370574206567602,0.683544303797468,0,0.00843881856540084,0.0300862227114291,0.240873234268941
186273.411807,2646866.126422,0.0193199381761978,0.895929933024214,0,0.00180319422977846,0.000257599175682638,0.0826893353941267
180273.411807,2646366.126422,0.0352035203520352,0.781628162816282,0,0.0946094609460946,0.00385038503850385,0.0847084708470847
180773.411807,2646366.126422,0.0203296703296703,0.690842490842491,0,0.093040293040293,0.010989010989011,0.184798534798535
181273.411807,2646366.126422,0.00531135531135531,0.477838827838828,0,0.285164835164835,0.017032967032967,0.214652014652015
181773.411807,2646366.126422,0.0317198386505317,0.635863586358636,0,0.0792079207920792,0.0139347268060139,0.239273927392739
182273.411807,2646366.126422,0.115201465201465,0.671978021978022,0,0.155494505494505,0.00567765567765568,0.0516483516483516
182773.411807,2646366.126422,0.0135531135531136,0.645421245421245,0,0.0523809523809524,0.0368131868131868,0.251831501831502
183273.411807,2646366.126422,0.0726072607260726,0.318481848184819,0,0.305097176384305,0.135496883021635,0.168316831683168
183773.411807,2646366.126422,0.0287545787545788,0.06996336996337,0.00183150183150183,0.806043956043956,0.0501831501831502,0.0432234432234432
184273.411807,2646366.126422,0.0428571428571429,0.168864468864469,0.00146520146520147,0.622161172161172,0.0307692307692308,0.133882783882784
184773.411807,2646366.126422,0.0375870920425376,0.593142647598093,0.0077007700770077,0.105060506050605,0.0799413274660799,0.176567656765677
185273.411807,2646366.126422,0.0765567765567766,0.660989010989011,0,0.0104395604395604,0.0175824175824176,0.234432234432234
185773.411807,2646366.126422,0.0452380952380952,0.543772893772894,0,0.0397435897435897,0.0553113553113553,0.315934065934066
186273.411807,2646366.126422,0.0342783505154639,0.765721649484536,0,0.0077319587628866,0.0164948453608247,0.175773195876289
179773.411807,2645866.126422,0.011186502842472,0.637630662020906,0.143407298734641,0.153493489822116,0.00476801760498808,0.0495140289748762
180273.411807,2645866.126422,0.0218068535825545,0.959868059373282,0,0.0144768187648891,0,0.00384826827927433
180773.411807,2645866.126422,0.0262433474031932,0.844925674435676,0.000367039823820885,0.0972655533125344,0.0141310332171041,0.0170673518076711
181273.411807,2645866.126422,0.00366770584999083,0.881349715752797,0,0.0476801760498808,0.0115532734274711,0.0557491289198606
181773.411807,2645866.126422,0.0196078431372549,0.765622136705149,0,0.0789811251603445,0.01905809052593,0.116730804471321
182273.411807,2645866.126422,0.0143145531290145,0.750412919801798,0,0.0864378785098183,0.00330335841438796,0.145531290144981
182773.411807,2645866.126422,0.00348432055749129,0.787273060700532,0,0.00476801760498808,0.00495140289748762,0.199523198239501
183273.411807,2645866.126422,0.0331684075499359,0.6681326736302,0.000916254352208173,0.175920835623969,0.0117280557082646,0.110133773135422
183773.411807,2645866.126422,0.0341347036153423,0.0357863828225362,0.00183519911910442,0.87961093778675,0.0458799779776106,0.00275279867865663
184273.411807,2645866.126422,0.0401613790573996,0.429304969741427,0,0.31597285897671,0.0451127819548872,0.169448010269576
184773.411807,2645866.126422,0.0403151914971596,0.675096206706982,0,0.0976727139453912,0.0654205607476635,0.121495327102804
185273.411807,2645866.126422,0.0519361350706552,0.64745824922004,0,0.0552394934850431,0.0546889337493118,0.19067718847495
185773.411807,2645866.126422,0.0339262791124152,0.538602604071153,0,0.139739592884651,0.0542820465798643,0.233449477351916
186273.411807,2645866.126422,0.0842783505154639,0.582216494845361,0,0.0311855670103093,0.0206185567010309,0.281701030927835
179773.411807,2645366.126422,0.0515501742799486,0.752522472940745,0.000183452577508714,0.12548156301596,0,0.0702623371858375
180273.411807,2645366.126422,0.00952380952380952,0.752014652014652,0.00787545787545788,0.136630036630037,0.00494505494505494,0.089010989010989
180773.411807,2645366.126422,0.115045871559633,0.822018348623853,0,0.0585321100917431,0.00073394495412844,0.0036697247706422
181273.411807,2645366.126422,0.017978352595854,0.828288387451844,0,0.0168776371308017,0.0155934690882407,0.12126215373326
181773.411807,2645366.126422,0.078021978021978,0.655677655677656,0,0.153663003663004,0.0230769230769231,0.0895604395604396
182273.411807,2645366.126422,0.00972477064220183,0.839266055045872,0,0.00715596330275229,0.0121100917431193,0.131743119266055
182773.411807,2645366.126422,0.0258668134287287,0.586681342872867,0,0.129884424876169,0.0805356815263254,0.177031737295909
183273.411807,2645366.126422,0.0547619047619048,0.384249084249084,0.0258241758241758,0.377106227106227,0.0851648351648352,0.0728937728937729
183773.411807,2645366.126422,0.0812844036697248,0.0845871559633028,0,0.745504587155963,0.0477064220183486,0.0409174311926606
184273.411807,2645366.126422,0.0559530361401578,0.680609062557329,0.000366905155017428,0.0565033938726839,0.0414602825169694,0.165107319757843
184773.411807,2645366.126422,0.0547619047619048,0.552930402930403,0.013003663003663,0.160622710622711,0.0362637362637363,0.182417582417582
185273.411807,2645366.126422,0.000917431192660551,0.77908256880734,0.00073394495412844,0.0732110091743119,0.0697247706422018,0.0763302752293578
185773.411807,2645366.126422,0.0214639515685195,0.66042927903137,0,0.0113740598055403,0.0108237020730141,0.295909007521556
186273.411807,2645366.126422,0.00618238021638331,0.67671303451829,0,0.00721277691911386,0.0280783101494075,0.281813498196806
179273.411807,2644866.126422,0.00677655677655678,0.251831501831502,0.308058608058608,0.230586080586081,0.0157509157509158,0.186996336996337
179773.411807,2644866.126422,0.0490842490842491,0.597619047619048,0.0179487179487179,0.15989010989011,0.0186813186813187,0.156776556776557
180273.411807,2644866.126422,0.00495049504950495,0.898789878987899,0.0122845617895123,0.0586725339200587,0.00165016501650165,0.0236523652365237
180773.411807,2644866.126422,0.0102564102564103,0.822893772893773,0.0139194139194139,0.1003663003663,0.0188644688644689,0.0336996336996337
181273.411807,2644866.126422,0.0377289377289377,0.793956043956044,0,0.107509157509158,0.0117216117216117,0.0490842490842491
181773.411807,2644866.126422,0.0394206087275394,0.775760909424276,0.0055005500550055,0.157499083241658,0.00568390172350568,0.0161349468280161
182273.411807,2644866.126422,0.010989010989011,0.784615384615385,0.000366300366300366,0.0648351648351648,0.0122710622710623,0.126923076923077
182773.411807,2644866.126422,0.0238095238095238,0.723626373626374,0,0.0686813186813187,0.1,0.0838827838827839
183273.411807,2644866.126422,0.0342867620095343,0.471213788045471,0,0.301430143014301,0.048954895489549,0.144114411441144
183773.411807,2644866.126422,0.0904761904761905,0.385164835164835,0,0.214652014652015,0.100915750915751,0.208791208791209
184273.411807,2644866.126422,0.0604395604395604,0.652930402930403,0.00366300366300366,0.0263736263736264,0.0163003663003663,0.24029304029304
184773.411807,2644866.126422,0.0302530253025303,0.798129812981298,0.00238357169050238,0.044004400440044,0.0271360469380271,0.0980931426475981
185273.411807,2644866.126422,0.041025641025641,0.668681318681319,0,0.05,0.0304029304029304,0.20989010989011
185773.411807,2644866.126422,0.0271062271062271,0.562271062271062,0,0.206410256410256,0.0322344322344322,0.171978021978022
186273.411807,2644866.126422,0.0219072164948454,0.312371134020619,0,0.0224226804123711,0.0180412371134021,0.625257731958763
179273.411807,2644366.126422,0.0590934116351624,0.292530739585245,0.00880895577170123,0.279867865663424,0.0710222059093412,0.288676821435126
179773.411807,2644366.126422,0.0445626260773886,0.789657069503026,0.0075187969924812,0.0495140289748762,0.00788556757748029,0.100861910874748
180273.411807,2644366.126422,0.0104452996151732,0.814000366501741,0.0186915887850467,0.114531794026022,0.00659703133589885,0.0357339197361187
180773.411807,2644366.126422,0.0203707102220591,0.836300238575886,0.000367039823820885,0.119654982565608,0.00165167920719398,0.0216553496054322
181273.411807,2644366.126422,0.0218228498074454,0.733174399413167,0.000183385292499542,0.221346048046947,0.004401247019989,0.0190720704199523
181773.411807,2644366.126422,0.0120945574491479,0.763972878871175,0,0.0760491112332784,0.0412314458493678,0.106652006597031
182273.411807,2644366.126422,0.0332171040557901,0.521196549825656,0,0.0820334006239677,0.0835015599192512,0.280051385575335
182773.411807,2644366.126422,0.0262240968274344,0.614890885750963,0,0.0966440491472584,0.0381441408399046,0.22409682743444
183273.411807,2644366.126422,0.0177753344328386,0.660069635330768,0,0.119662818398387,0.034084661902144,0.168407549935862
183773.411807,2644366.126422,0.0662506881996697,0.804367773903468,0,0.0934116351624151,0.0245916681959993,0.0113782345384474
184273.411807,2644366.126422,0.0447460113698881,0.75609756097561,0,0.112231799009719,0.0330093526499175,0.0539152759948652
184773.411807,2644366.126422,0.0410481949789262,0.614806670331684,0,0.247022173355323,0.0207073483599047,0.0764156129741616
185273.411807,2644366.126422,0.0895577170122958,0.329234721967333,0,0.479170489998165,0.0458799779776106,0.0561570930445953
185773.411807,2644366.126422,0.0607005318173482,0.0887584815697781,0,0.756647716853108,0.061984228864845,0.0319090408949202
186273.411807,2644366.126422,0.0876288659793814,0.144072164948454,0,0.477061855670103,0.0858247422680412,0.205412371134021
178773.411807,2643866.126422,0.0021978021978022,0.35989010989011,0.0578754578754579,0.223809523809524,0.0664835164835165,0.28974358974359
179273.411807,2643866.126422,0.0132110091743119,0.616880733944954,0.00238532110091743,0.151009174311927,0.0240366972477064,0.192477064220183
179773.411807,2643866.126422,0.0122913226930838,0.603192074848652,0.0328380113740598,0.287653641533664,0.00605393505778756,0.0579710144927536
180273.411807,2643866.126422,0.00293040293040293,0.889194139194139,0.00842490842490842,0.0846153846153846,0.00164835164835165,0.0131868131868132
180773.411807,2643866.126422,0.0445871559633028,0.758715596330275,0,0.145321100917431,0.00678899082568807,0.0445871559633028
181273.411807,2643866.126422,0.0247660979636764,0.846266740047698,0,0.0486149330398092,0.0066042927903137,0.073747936158503
181773.411807,2643866.126422,0.0371794871794872,0.782600732600733,0.0010989010989011,0.0838827838827839,0.0119047619047619,0.0833333333333333
182273.411807,2643866.126422,0.0539449541284404,0.632110091743119,0,0.168807339449541,0.0543119266055046,0.0908256880733945
182773.411807,2643866.126422,0.00990643918547056,0.851219959640433,0,0.0484314804623005,0.0106402494955054,0.0798018712162906
183273.411807,2643866.126422,0.0124542124542125,0.618681318681319,0,0.142490842490842,0.0263736263736264,0.2
183773.411807,2643866.126422,0.0240366972477064,0.763119266055046,0,0.110642201834862,0.0177981651376147,0.0844036697247706
184273.411807,2643866.126422,0.0132085855806274,0.88736011740965,0,0.0629242340854889,0.0111906072280316,0.0253164556962025
184773.411807,2643866.126422,0.047985347985348,0.765567765567766,0,0.0571428571428571,0.0157509157509158,0.113553113553114
185273.411807,2643866.126422,0.0954128440366973,0.283669724770642,0,0.427889908256881,0.0968807339449541,0.0961467889908257
185773.411807,2643866.126422,0.0832874701889562,0.110805356815263,0,0.704641350210971,0.0704457897633462,0.030820033021464
186273.411807,2643866.126422,0.0862957238536837,0.136012364760433,0,0.486604842864503,0.0947964966512107,0.19629057187017
178773.411807,2643366.126422,0.070957095709571,0.319398606527319,0.00971763843050972,0.27026035936927,0.0520718738540521,0.277594426109278
179273.411807,2643366.126422,0.0227106227106227,0.666300366300366,0.0238095238095238,0.165384615384615,0.0263736263736264,0.0954212454212454
179773.411807,2643366.126422,0.0476190476190476,0.666483516483516,0.0144688644688645,0.177289377289377,0.0269230769230769,0.0672161172161172
180273.411807,2643366.126422,0.0251191785845251,0.820865419875321,0,0.115694902823616,0.0139347268060139,0.0243857719105244
180773.411807,2643366.126422,0.0201465201465201,0.804029304029304,0,0.117948717948718,0.0249084249084249,0.032967032967033
181273.411807,2643366.126422,0.0142857142857143,0.935714285714286,0,0.043040293040293,0.00164835164835165,0.00531135531135531
181773.411807,2643366.126422,0.0451045104510451,0.596993032636597,0,0.246424642464246,0.0291529152915292,0.0823248991565823
182273.411807,2643366.126422,0.0648351648351648,0.252747252747253,0,0.475824175824176,0.093040293040293,0.113553113553114
182773.411807,2643366.126422,0.0521978021978022,0.643223443223443,0,0.179304029304029,0.0474358974358974,0.0778388278388278
183273.411807,2643366.126422,0.0264026402640264,0.786945361202787,0,0.17015034836817,0.0108177484415108,0.00568390172350568
183773.411807,2643366.126422,0.0342490842490843,0.75018315018315,0,0.108791208791209,0.0201465201465201,0.0866300366300366
184273.411807,2643366.126422,0.0501831501831502,0.615018315018315,0,0.223260073260073,0.0624542124542125,0.0490842490842491
184773.411807,2643366.126422,0.0401540154015402,0.702970297029703,0,0.0531719838650532,0.0511551155115512,0.152548588192153
185273.411807,2643366.126422,0.138644688644689,0.222893772893773,0,0.384981684981685,0.0723443223443224,0.181135531135531
185773.411807,2643366.126422,0.1,0.45,0,0.341575091575092,0.0531135531135531,0.0553113553113553
186273.411807,2643366.126422,0.107216494845361,0.503865979381443,0,0.167783505154639,0.0391752577319588,0.181958762886598
178273.411807,2642866.126422,0,0.27196038877682,0.246653218411883,0.305153126719237,0.0451127819548872,0.131120484137172
178773.411807,2642866.126422,0.0142935678944475,0.404984423676012,0,0.117097306212205,0.0555250137438153,0.40809968847352
179273.411807,2642866.126422,0.00146815929528354,0.691319508166636,0.0205542301339695,0.142227931730593,0.0139475133051936,0.130482657368324
179773.411807,2642866.126422,0.00476801760498808,0.736475334678159,0.0278745644599303,0.161929213277095,0.0110031175499725,0.0579497524298551
180273.411807,2642866.126422,0.0120945574491479,0.897196261682243,0.00256551218618288,0.0690855781564962,0.00623052959501558,0.0128275609309144
180773.411807,2642866.126422,0,0.837217838135438,0,0.0849697192145348,0.00146815929528354,0.076344283354744
181273.411807,2642866.126422,0.0489638730973776,0.821749495690446,0,0.123601687144691,0.00550155877498625,0.000183385292499542
181773.411807,2642866.126422,0.055158512002932,0.780098955470038,0,0.0947407000183251,0.0183250870441635,0.051676745464541
182273.411807,2642866.126422,0.0715727656450725,0.476417691319508,0,0.31932464672417,0.0512020554230134,0.0814828408882364
182773.411807,2642866.126422,0.0242068586099395,0.905923344947735,0,0.0594168347698515,0.0066018705299835,0.00385109114249037
183273.411807,2642866.126422,0.0161260765988638,0.840388491845336,0,0.117647058823529,0.0186915887850467,0.00714678394722375
183773.411807,2642866.126422,0.0359699027344467,0.84657735364287,0,0.0745090842356396,0.0255092677555515,0.017434391631492
184273.411807,2642866.126422,0.0150375939849624,0.895103612690262,0,0.0487804878048781,0.0212726939299468,0.0198056115899505
184773.411807,2642866.126422,0.11214953271028,0.629100238226132,0,0.0991387209089243,0.0602895363752978,0.099321971779366
