"x","y","forest","agri","water","built","other","grass"
160773.411807,2571866.126422,0.0225274725274725,0.183516483516484,0.0450549450549451,0.410805860805861,0.253846153846154,0.0842490842490843
161273.411807,2571866.126422,0.033394495412844,0.144036697247706,0.142935779816514,0.221284403669725,0.214862385321101,0.24348623853211
161773.411807,2571866.126422,0.0152265639332233,0.133736929003853,0.1326362135388,0.223445239405614,0.254448725004586,0.240506329113924
162273.411807,2571866.126422,0.00860805860805861,0.421428571428571,0.000915750915750916,0.0877289377289377,0.205128205128205,0.276190476190476
162773.411807,2571866.126422,0.0157798165137615,0.560917431192661,0,0.153577981651376,0.130825688073395,0.138899082568807
163273.411807,2571866.126422,0.0271509814712897,0.396441019996331,0.0133920381581361,0.14547789396441,0.230783342505962,0.186754723903871
163773.411807,2571866.126422,0.0470695970695971,0.103479853479853,0,0.443223443223443,0.24047619047619,0.165750915750916
164273.411807,2571866.126422,0.0377981651376147,0.418899082568807,0,0.117798165137615,0.168073394495413,0.25743119266055
164773.411807,2571866.126422,0.0196294257934324,0.240322876536415,0.0489818381948266,0.227848101265823,0.239405613648872,0.223812144560631
165273.411807,2571866.126422,0.00549450549450549,0.267948717948718,0.0619047619047619,0.152380952380952,0.124358974358974,0.387912087912088
165773.411807,2571866.126422,0.0159633027522936,0.406422018348624,0,0.107889908256881,0.100550458715596,0.369174311926605
166273.411807,2571866.126422,0.111355714547789,0.121445606310769,0.0524674371674922,0.144744083654375,0.167859108420473,0.402128049899101
166773.411807,2571866.126422,0.00695970695970696,0.063003663003663,0.351465201465201,0.291941391941392,0.189194139194139,0.0974358974358974
167273.411807,2571866.126422,0.0451376146788991,0.105688073394495,0.104220183486239,0.384770642201835,0.177614678899083,0.18256880733945
167773.411807,2571866.126422,0.128967161988626,0.181251146578609,0.00733810310034856,0.181067694001101,0.224729407448175,0.276646486883141
168273.411807,2571866.126422,0.0141025641025641,0.23992673992674,0.00347985347985348,0.374725274725275,0.13956043956044,0.228205128205128
168773.411807,2571866.126422,0.0245871559633028,0.409724770642202,0.00036697247706422,0.177064220183486,0.0994495412844037,0.288807339449541
169273.411807,2571866.126422,0.00568702990277013,0.0726472206934507,0.0354063474591818,0.62630709961475,0.15831957439002,0.101632727939828
169773.411807,2571866.126422,0.00604395604395604,0.126373626373626,0.18040293040293,0.453479853479853,0.0514652014652015,0.182234432234432
170273.411807,2571866.126422,0.00825688073394495,0.0726605504587156,0.318899082568807,0.365321100917431,0.158715596330275,0.0761467889908257
170773.411807,2571866.126422,0.0137589433131535,0.17409649605577,0.245826453861677,0.248027884791781,0.222161071363053,0.0961291506145661
171273.411807,2571866.126422,0.023992673992674,0.553296703296703,0,0.0628205128205128,0.0474358974358974,0.312454212454212
171773.411807,2571866.126422,0.0161467889908257,0.540366972477064,0.015045871559633,0.0445871559633028,0.0831192660550459,0.300733944954128
172273.411807,2571866.126422,0.00495321959273528,0.641166758392955,0,0.0335718216840947,0.0238488350761328,0.296459365254082
172773.411807,2571866.126422,0.0142857142857143,0.636630036630037,0.0164835164835165,0.019047619047619,0.00824175824175824,0.305311355311355
160773.411807,2571366.126422,0.0346534653465347,0.254308764209754,0.0011001100110011,0.404657132379905,0.213421342134213,0.0918591859185919
161273.411807,2571366.126422,0.0485347985347985,0.188644688644689,0.00970695970695971,0.387545787545788,0.162087912087912,0.203479853479853
161773.411807,2571366.126422,0.073992673992674,0.0943223443223443,0.00238095238095238,0.438644688644689,0.265201465201465,0.125457875457875
162273.411807,2571366.126422,0.0333700036670334,0.320498716538321,0,0.12962962962963,0.248991565823249,0.267510084341767
162773.411807,2571366.126422,0.0214285714285714,0.408608058608059,0,0.114652014652015,0.246336996336996,0.208974358974359
163273.411807,2571366.126422,0.0697802197802198,0.386080586080586,0.000183150183150183,0.0725274725274725,0.192673992673993,0.278754578754579
163773.411807,2571366.126422,0.0253025302530253,0.191235790245691,0.000183351668500183,0.38045471213788,0.215438210487715,0.187385405207187
164273.411807,2571366.126422,0.0465201465201465,0.231684981684982,0,0.317216117216117,0.212637362637363,0.191941391941392
164773.411807,2571366.126422,0.056959706959707,0.345604395604396,0,0.149267399267399,0.176556776556777,0.271611721611722
165273.411807,2571366.126422,0.0375870920425376,0.235606894022736,0,0.16006600660066,0.114228089475614,0.452511917858453
165773.411807,2571366.126422,0.0272893772893773,0.31007326007326,0.000183150183150183,0.0952380952380952,0.126007326007326,0.441208791208791
166273.411807,2571366.126422,0.0408424908424908,0.195787545787546,0.0697802197802198,0.16025641025641,0.214652014652015,0.318681318681319
166773.411807,2571366.126422,0.0887422075540887,0.0537220388705537,0.104693802713605,0.378071140447378,0.236890355702237,0.137880454712138
167273.411807,2571366.126422,0.0250915750915751,0.0782051282051282,0.0271062271062271,0.66025641025641,0.126923076923077,0.0824175824175824
167773.411807,2571366.126422,0.043040293040293,0.0391941391941392,0.329304029304029,0.341575091575092,0.0976190476190476,0.149267399267399
168273.411807,2571366.126422,0.112577924459113,0.170883755042171,0.00531719838650532,0.14979831316465,0.212137880454712,0.349284928492849
168773.411807,2571366.126422,0.0122710622710623,0.469413919413919,0.0467032967032967,0.148717948717949,0.123626373626374,0.199267399267399
169273.411807,2571366.126422,0.0148351648351648,0.0871794871794872,0.0423076923076923,0.543406593406593,0.156043956043956,0.156227106227106
169773.411807,2571366.126422,0.00311697836450312,0.0918591859185919,0.135680234690136,0.661166116611661,0.0535386872020535,0.0546387972130546
170273.411807,2571366.126422,0.00622710622710623,0.162820512820513,0.0163003663003663,0.606776556776557,0.107326007326007,0.100549450549451
170773.411807,2571366.126422,0.0142857142857143,0.251465201465201,0.102564102564103,0.301831501831502,0.121245421245421,0.208608058608059
171273.411807,2571366.126422,0.0196186285295196,0.295012834616795,0.0713237990465713,0.246424642464246,0.126696002933627,0.240924092409241
171773.411807,2571366.126422,0.0252747252747253,0.165567765567766,0.0157509157509158,0.301831501831502,0.16007326007326,0.331501831501831
172273.411807,2571366.126422,0.0100732600732601,0.216849816849817,0.128021978021978,0.179304029304029,0.174725274725275,0.291025641025641
172773.411807,2571366.126422,0.0322698936560323,0.341950861752842,0.0804913824715805,0.206453978731206,0.11037770443711,0.228456178951228
160773.411807,2570866.126422,0.00641378046545721,0.540590067802822,0,0.120945574491479,0.156679494227598,0.175371083012644
161273.411807,2570866.126422,0.00330335841438796,0.414571481005689,0,0.269040190860708,0.163516241512204,0.14956872820701
161773.411807,2570866.126422,0.017604988079956,0.407298734641482,0,0.122868145974693,0.219512195121951,0.232715936181918
162273.411807,2570866.126422,0.00787978742899029,0.507421660252886,0,0.0544255085211655,0.186366135239142,0.243906908557816
162773.411807,2570866.126422,0.0179849513672233,0.470545054138374,0.000734079647641769,0.0677188474949532,0.171958157460084,0.271058909891723
163273.411807,2570866.126422,0.0271410232899321,0.355033926279112,0.0471300201723822,0.115349348982212,0.145974692829635,0.309370988446727
163773.411807,2570866.126422,0.0509437419827744,0.157962250320689,0.17042330951072,0.177386842587502,0.219351291918637,0.223932563679677
164273.411807,2570866.126422,0.0543218939254909,0.203890622132501,0.19067718847495,0.155074325564324,0.178197834465039,0.217838135437695
164773.411807,2570866.126422,0.06400146708234,0.346231432239134,0.0260407115349349,0.103796075554741,0.115349348982212,0.344580964606639
165273.411807,2570866.126422,0.0731170973062122,0.210005497526113,0.0089792926516401,0.284038849184534,0.200842954004032,0.223016309327469
165773.411807,2570866.126422,0.0409249403560286,0.0304643053771334,0.012846393833731,0.616810423930996,0.246834281519545,0.0521196549825656
166273.411807,2570866.126422,0.0280579497524299,0.01998899688245,0.00128369704749679,0.7201540436457,0.190170548322025,0.0403447643498991
166773.411807,2570866.126422,0.0778816199376947,0.195528678761224,0.000183250870441635,0.266080263881253,0.18270111783031,0.277625068719076
167273.411807,2570866.126422,0.0106441548908057,0.0345017434391632,0.0260598274912828,0.7469260414755,0.130482657368324,0.0513855753349238
167773.411807,2570866.126422,0.104529616724739,0.059600220062351,0.0150375939849624,0.322758114799193,0.250504309554374,0.247570144874381
168273.411807,2570866.126422,0.0698185816382628,0.186549386109584,0.00494777350192413,0.188931647425325,0.181968114348543,0.367784496976361
168773.411807,2570866.126422,0.101486511286475,0.332538080381721,0.0209212699577904,0.237107726188291,0.114699944944026,0.193246467241696
169273.411807,2570866.126422,0.0790390610673024,0.491289198606272,0,0.106546854942234,0.0900421786172749,0.233082706766917
169773.411807,2570866.126422,0.0632215503023639,0.116730804471321,0.0665200659703134,0.304379695803555,0.156312992486714,0.292834890965732
170273.411807,2570866.126422,0.0264268673151037,0.110478986970086,0.0471646173609837,0.445402826206643,0.126995779042026,0.243530923105157
170773.411807,2570866.126422,0.0198056115899505,0.185585916009536,0.110031175499725,0.39189437007152,0.124701998899688,0.16798092792958
171273.411807,2570866.126422,0.0164925783397471,0.055158512002932,0.304746197544438,0.327835807220084,0.0852116547553601,0.210555250137438
171773.411807,2570866.126422,0.00422095797394017,0.0924940356028629,0.158194164066801,0.561020370710222,0.093778674986236,0.0902917966599376
172273.411807,2570866.126422,0.0291582615074271,0.194021639464515,0.0229231615624427,0.273427471116816,0.197505960022006,0.282963506326793
172773.411807,2570866.126422,0.0267546270844787,0.226681326736302,0.0410481949789262,0.21183800623053,0.148616455928166,0.345061389041598
160773.411807,2570366.126422,0.00256410256410256,0.345421245421245,0.0738095238095238,0.262820512820513,0.204212454212454,0.111172161172161
161273.411807,2570366.126422,0.015045871559633,0.229174311926606,0.0278899082568807,0.32348623853211,0.196697247706422,0.207706422018349
161773.411807,2570366.126422,0.0152265639332233,0.32232617868281,0.0297193175564117,0.0966795083470923,0.145661346541919,0.390387084938543
162273.411807,2570366.126422,0.00549450549450549,0.118681318681319,0.314468864468864,0.135347985347985,0.199450549450549,0.226556776556777
162773.411807,2570366.126422,0.00275229357798165,0.114311926605505,0.399633027522936,0.210825688073394,0.208807339449541,0.0636697247706422
163273.411807,2570366.126422,0.00330214639515685,0.243808475509081,0.0680609062557329,0.275729223995597,0.241240139423959,0.167859108420473
163773.411807,2570366.126422,0.0111721611721612,0.351465201465201,0.0157509157509158,0.0782051282051282,0.13974358974359,0.403663003663004
164273.411807,2570366.126422,0.0671559633027523,0.270091743119266,0.0306422018348624,0.0447706422018349,0.14,0.447339449541284
164773.411807,2570366.126422,0.0434782608695652,0.155200880572372,0.283250779673454,0.0396257567418822,0.126582278481013,0.351862043661713
165273.411807,2570366.126422,0.0104395604395604,0.595421245421245,0,0.0206959706959707,0.0355311355311355,0.337912087912088
165773.411807,2570366.126422,0.0293577981651376,0.165871559633028,0.00422018348623853,0.63045871559633,0.0811009174311927,0.0889908256880734
166273.411807,2570366.126422,0.00642084021280499,0.00495321959273528,0.00733810310034856,0.922766464868831,0.0552192258301229,0.00330214639515685
166773.411807,2570366.126422,0.0483516483516484,0.107509157509158,0.0010989010989011,0.559340659340659,0.16959706959707,0.114102564102564
167273.411807,2570366.126422,0.0209174311926606,0.281467889908257,0.0508256880733945,0.264587155963303,0.121467889908257,0.260733944954128
167773.411807,2570366.126422,0.0190790680609063,0.0928270042194093,0.0651256650155935,0.359200146762062,0.250045863144377,0.213722252797652
168273.411807,2570366.126422,0.00970695970695971,0.112271062271062,0.0443223443223443,0.438095238095238,0.242124542124542,0.153479853479853
168773.411807,2570366.126422,0.0181651376146789,0.103853211009174,0.0612844036697248,0.290275229357798,0.171926605504587,0.354495412844037
169273.411807,2570366.126422,0.0122913226930838,0.472757292239956,0.0654925701706109,0.115942028985507,0.080168776371308,0.253348009539534
169773.411807,2570366.126422,0.0532967032967033,0.29029304029304,0.00897435897435897,0.166483516483516,0.136813186813187,0.344139194139194
170273.411807,2570366.126422,0.0313761467889908,0.41651376146789,0.00018348623853211,0.0207339449541284,0.0957798165137615,0.435412844036697
170773.411807,2570366.126422,0.0330214639515685,0.194459732159237,0.0212804989910108,0.350761328196661,0.160337552742616,0.240139423958907
171273.411807,2570366.126422,0.0501831501831502,0.161172161172161,0.0512820512820513,0.282783882783883,0.119047619047619,0.335531135531136
171773.411807,2570366.126422,0.0704587155963303,0.105688073394495,0.0552293577981651,0.395963302752294,0.204403669724771,0.168256880733945
172273.411807,2570366.126422,0.0280682443588332,0.254448725004586,0,0.369656943680059,0.180333883691066,0.167492203265456
172773.411807,2570366.126422,0.0816849816849817,0.345238095238095,0,0.13956043956044,0.0743589743589744,0.359157509157509
160773.411807,2569866.126422,0.0077007700770077,0.0724239090575724,0.479097909790979,0.172350568390172,0.171617161716172,0.0968096809680968
161273.411807,2569866.126422,0.0265567765567766,0.093040293040293,0.47032967032967,0.128021978021978,0.154395604395604,0.127655677655678
161773.411807,2569866.126422,0.0267399267399267,0.056959706959707,0.362820512820513,0.265934065934066,0.172344322344322,0.115201465201465
162273.411807,2569866.126422,0.0265859919325266,0.101026769343601,0.249358269160249,0.151265126512651,0.298679867986799,0.173083975064173
162773.411807,2569866.126422,0.0265567765567766,0.268864468864469,0.134798534798535,0.0628205128205128,0.151465201465201,0.355494505494506
163273.411807,2569866.126422,0.0126373626373626,0.421611721611722,0.0010989010989011,0.0446886446886447,0.131868131868132,0.388095238095238
163773.411807,2569866.126422,0.0496883021635497,0.429226255958929,0,0.0243857719105244,0.102310231023102,0.394389438943894
164273.411807,2569866.126422,0.0611721611721612,0.355311355311355,0,0.0446886446886447,0.158058608058608,0.380769230769231
164773.411807,2569866.126422,0.0397435897435897,0.243223443223443,0.163919413919414,0.0168498168498168,0.100915750915751,0.435347985347985
165273.411807,2569866.126422,0.0188852218555189,0.182434910157682,0.184635130179685,0.0792079207920792,0.146864686468647,0.387972130546388
165773.411807,2569866.126422,0.0642857142857143,0.0815018315018315,0.000366300366300366,0.523626373626374,0.164835164835165,0.165384615384615
166273.411807,2569866.126422,0.0397435897435897,0.0201465201465201,0.00164835164835165,0.758241758241758,0.161538461538462,0.0186813186813187
166773.411807,2569866.126422,0.0353868720205354,0.244407774110744,0,0.391822515584892,0.142830949761643,0.185551888522186
167273.411807,2569866.126422,0.0413919413919414,0.36978021978022,0,0.108424908424908,0.0978021978021978,0.382600732600733
167773.411807,2569866.126422,0.128754578754579,0.138278388278388,0.000366300366300366,0.120695970695971,0.257142857142857,0.354761904761905
168273.411807,2569866.126422,0.028969563623029,0.105610561056106,0.0407040704070407,0.505683901723506,0.17033370003667,0.148698203153649
168773.411807,2569866.126422,0.00512820512820513,0.135531135531136,0.0353479853479853,0.506043956043956,0.132783882783883,0.185164835164835
169273.411807,2569866.126422,0.0104395604395604,0.147069597069597,0.0891941391941392,0.359157509157509,0.159157509157509,0.234981684981685
169773.411807,2569866.126422,0.0139347268060139,0.131463146314631,0.178767876787679,0.254675467546755,0.149248258159149,0.271910524385772
170273.411807,2569866.126422,0.0238095238095238,0.10970695970696,0.175824175824176,0.198901098901099,0.134615384615385,0.357142857142857
170773.411807,2569866.126422,0.0547619047619048,0.225457875457875,0.00659340659340659,0.0989010989010989,0.082967032967033,0.531318681318681
171273.411807,2569866.126422,0.0099009900990099,0.47964796479648,0,0.0627062706270627,0.0865419875320865,0.361202786945361
171773.411807,2569866.126422,0.0267399267399267,0.214102564102564,0.171428571428571,0.309157509157509,0.156959706959707,0.121611721611722
172273.411807,2569866.126422,0.0377289377289377,0.0882783882783883,0.0858974358974359,0.399450549450549,0.12985347985348,0.258791208791209
172773.411807,2569866.126422,0.124312431243124,0.303813714704804,0.00146681334800147,0.199486615328199,0.0775577557755776,0.293362669600293
160773.411807,2569366.126422,0.00696353307678211,0.268829026937878,0.180868609125893,0.040131940626718,0.23877588418545,0.264431006047279
161273.411807,2569366.126422,0.0310148651128647,0.229399889888053,0.116902183886952,0.0407414204441182,0.105340429436594,0.476601211231419
161773.411807,2569366.126422,0.039611223179901,0.3201907207042,0.0506143407298735,0.0931597285897671,0.114799193104713,0.381624793691546
162273.411807,2569366.126422,0.0120945574491479,0.392523364485981,0,0.0102620487447315,0.061205790727506,0.523914238592633
162773.411807,2569366.126422,0.0231235089007157,0.431271792989539,0.00642319691686548,0.0737750045879978,0.15342264635713,0.311983850247752
163273.411807,2569366.126422,0.0445626260773886,0.375756464331561,0.000183385292499542,0.217128186319457,0.131670640014671,0.230698697964423
163773.411807,2569366.126422,0.0518599963349826,0.244639912039582,0,0.304746197544438,0.175554333883086,0.223199560197911
164273.411807,2569366.126422,0.0409249403560286,0.24481556248853,0,0.158561203890622,0.19067718847495,0.36502110478987
164773.411807,2569366.126422,0.070419952319824,0.379240784889052,0.0128369704749679,0.04401247019989,0.0957271226847607,0.397762699431506
165273.411807,2569366.126422,0.0619387942092725,0.190214403518417,0.126992853216053,0.188198643943559,0.194612424409016,0.238042880703683
165773.411807,2569366.126422,0.127362818865847,0.363919985318407,0.0464305377133419,0.111029546705818,0.0818498807120573,0.269407230684529
166273.411807,2569366.126422,0.0313588850174216,0.245186136071887,0.00458463231248854,0.411333211076472,0.0854575463047864,0.222079589216945
166773.411807,2569366.126422,0.0350009162543522,0.24097489463075,0.000733003481766538,0.445299615173172,0.139270661535642,0.138720908924317
167273.411807,2569366.126422,0.0504679757753716,0.368140943292347,0.00458799779776106,0.117819783446504,0.0897412369242063,0.36924206276381
167773.411807,2569366.126422,0.0702365670273244,0.20814230698698,0.0152209792774619,0.220612506876948,0.190720704199523,0.295066935631762
168273.411807,2569366.126422,0.0234561114165292,0.0573575224482316,0.0412314458493678,0.571009712296133,0.204324720542423,0.102620487447315
168773.411807,2569366.126422,0.000367039823820885,0.0324830244081483,0.0708386859974307,0.779225545971738,0.0792806019453111,0.0378051018535511
169273.411807,2569366.126422,0.00733541169998166,0.1600953603521,0.0957271226847607,0.346048046946635,0.125252154777187,0.265541903539336
169773.411807,2569366.126422,0.0144768187648891,0.197727689206524,0.191863661352391,0.142019424592267,0.102437236576874,0.351475169507055
170273.411807,2569366.126422,0.0669847678473114,0.0880895577170123,0.155074325564324,0.24463204257662,0.189209029179666,0.256010277115067
170773.411807,2569366.126422,0.0216394645149459,0.0937098844672657,0.202824133504493,0.209426004034476,0.186502842472034,0.285897671006785
171273.411807,2569366.126422,0.0223566061938794,0.166391790361004,0.163826278174821,0.164009529045263,0.177020340846619,0.306395455378413
171773.411807,2569366.126422,0.017434391631492,0.490732244448523,0,0.0550559735731327,0.0633143696091026,0.37346302073775
172273.411807,2569366.126422,0.0174216027874564,0.357968090959105,0,0.0867412433522831,0.0768384375573079,0.461030625343847
172773.411807,2569366.126422,0.0106285504856148,0.444566611691406,0,0.0890599230346344,0.0555250137438153,0.40021990104453
160773.411807,2568866.126422,0.00970695970695971,0.423626373626374,0,0.0921245421245421,0.2003663003663,0.274175824175824
161273.411807,2568866.126422,0.0372477064220183,0.226605504587156,0.0856880733944954,0.107155963302752,0.193761467889908,0.34954128440367
161773.411807,2568866.126422,0.0291689598238855,0.272793982755458,0.00476976701522656,0.0886075949367089,0.30673270959457,0.297926985874152
162273.411807,2568866.126422,0.00934065934065934,0.434981684981685,0,0.0263736263736264,0.136813186813187,0.392490842490842
162773.411807,2568866.126422,0.0521100917431193,0.308623853211009,0,0.0944954128440367,0.120917431192661,0.423853211009174
163273.411807,2568866.126422,0.0322876536415337,0.156118143459916,0.0614566134654192,0.375527426160338,0.155017427994863,0.219592735277931
163773.411807,2568866.126422,0.0468864468864469,0.219047619047619,0.00677655677655678,0.285714285714286,0.163186813186813,0.278388278388278
164273.411807,2568866.126422,0.048256880733945,0.100733944954128,0,0.411743119266055,0.234678899082569,0.204587155963303
164773.411807,2568866.126422,0.0399926618968997,0.216474041460283,0.00091726288754357,0.412584846817098,0.168592918730508,0.161438268207668
165273.411807,2568866.126422,0.0358974358974359,0.557692307692308,0,0.0575091575091575,0.0985347985347985,0.2503663003663
165773.411807,2568866.126422,0.0368807339449541,0.349357798165138,0.17045871559633,0.0543119266055046,0.113761467889908,0.275229357798165
166273.411807,2568866.126422,0.0254999082737112,0.575857640799853,0,0.0790680609062557,0.0519170794349661,0.267657310585214
166773.411807,2568866.126422,0.0366300366300366,0.443040293040293,0.0106227106227106,0.0675824175824176,0.0798534798534798,0.362271062271062
167273.411807,2568866.126422,0.0154128440366972,0.596146788990826,0,0.0293577981651376,0.0678899082568807,0.291192660550459
167773.411807,2568866.126422,0.0335718216840947,0.452394056136489,0,0.072463768115942,0.120161438268208,0.321408915795267
168273.411807,2568866.126422,0.01996336996337,0.112271062271062,0.0203296703296703,0.484798534798535,0.158241758241758,0.204395604395604
168773.411807,2568866.126422,0.0455045871559633,0.0818348623853211,0.205321100917431,0.357064220183486,0.146238532110092,0.164036697247706
169273.411807,2568866.126422,0.000733810310034856,0.154467070262337,0.242157402311502,0.239405613648872,0.0876903320491653,0.275545771418088
169773.411807,2568866.126422,0.0494505494505494,0.156776556776557,0.0254578754578755,0.0974358974358974,0.191025641025641,0.47985347985348
170273.411807,2568866.126422,0.0289908256880734,0.053394495412844,0.0842201834862385,0.311926605504587,0.155229357798165,0.366238532110092
170773.411807,2568866.126422,0.118143459915612,0.0823702073014126,0.0988809392771968,0.210787011557512,0.204182718767199,0.285635663181068
171273.411807,2568866.126422,0.0375457875457875,0.131868131868132,0.326190476190476,0.261355311355311,0.142673992673993,0.1003663003663
171773.411807,2568866.126422,0.0801834862385321,0.146605504587156,0.0354128440366972,0.266788990825688,0.175229357798165,0.295779816513761
172273.411807,2568866.126422,0.100898917629793,0.240139423958907,0.000183452577508714,0.144377178499358,0.126031920748487,0.388369106585948
172773.411807,2568866.126422,0.0173992673992674,0.508974358974359,0,0.0880952380952381,0.0902930402930403,0.295238095238095
160773.411807,2568366.126422,0.0454712137880455,0.392005867253392,0,0.119361936193619,0.193986065273194,0.249174917491749
161273.411807,2568366.126422,0.0261904761904762,0.376190476190476,0.000366300366300366,0.106776556776557,0.119413919413919,0.371062271062271
161773.411807,2568366.126422,0.0353479853479853,0.0970695970695971,0.00347985347985348,0.485897435897436,0.244688644688645,0.133516483516484
162273.411807,2568366.126422,0.0586725339200587,0.492115878254492,0,0.0407040704070407,0.0784745141180785,0.33003300330033
162773.411807,2568366.126422,0.0584249084249084,0.421794871794872,0,0.00164835164835165,0.0384615384615385,0.47967032967033
163273.411807,2568366.126422,0.0124542124542125,0.38956043956044,0.0311355311355311,0.175274725274725,0.122893772893773,0.268681318681319
163773.411807,2568366.126422,0.0121012101210121,0.208837550421709,0.0738907224055739,0.373303997066373,0.0704070407040704,0.261459479281261
164273.411807,2568366.126422,0.0527472527472527,0.358241758241758,0,0.137545787545788,0.122893772893773,0.328571428571429
164773.411807,2568366.126422,0.0338827838827839,0.46959706959707,0,0.151831501831502,0.13040293040293,0.214285714285714
165273.411807,2568366.126422,0.0144847818115145,0.549321598826549,0,0.092042537587092,0.0854418775210854,0.258709204253759
165773.411807,2568366.126422,0.0148351648351648,0.218681318681319,0.237728937728938,0.0604395604395604,0.129120879120879,0.339194139194139
166273.411807,2568366.126422,0.0164835164835165,0.605860805860806,0,0.0386446886446886,0.0576923076923077,0.281318681318681
166773.411807,2568366.126422,0.0418041804180418,0.499633296663,0,0.0760909424275761,0.0925925925925926,0.28987898789879
167273.411807,2568366.126422,0.0408424908424908,0.592673992673993,0.00238095238095238,0.0188644688644689,0.0591575091575092,0.286080586080586
167773.411807,2568366.126422,0.0267399267399267,0.207875457875458,0.118864468864469,0.369047619047619,0.160989010989011,0.116483516483516
168273.411807,2568366.126422,0.0372203887055372,0.0781078107810781,0.116428309497616,0.455262192885955,0.164833149981665,0.148148148148148
168773.411807,2568366.126422,0.034981684981685,0.169413919413919,0.0313186813186813,0.191208791208791,0.15989010989011,0.413186813186813
169273.411807,2568366.126422,0.00787545787545788,0.107509157509158,0.303113553113553,0.145054945054945,0.188278388278388,0.248168498168498
169773.411807,2568366.126422,0.0566556655665567,0.12027869453612,0.0738907224055739,0.192519251925193,0.255225522552255,0.301430143014301
170273.411807,2568366.126422,0.0483516483516484,0.133516483516484,0.117582417582418,0.26025641025641,0.155128205128205,0.285164835164835
170773.411807,2568366.126422,0.148534798534799,0.0827838827838828,0.112087912087912,0.204212454212454,0.190659340659341,0.261721611721612
171273.411807,2568366.126422,0.0231023102310231,0.0643564356435644,0.14044737807114,0.470663733039971,0.17015034836817,0.131279794646131
171773.411807,2568366.126422,0.0302197802197802,0.101831501831502,0.156593406593407,0.315018315018315,0.208791208791209,0.187545787545788
172273.411807,2568366.126422,0.0421245421245421,0.12967032967033,0.108058608058608,0.243772893772894,0.190842490842491,0.285531135531136
172773.411807,2568366.126422,0.0190685735240191,0.477631096442978,0.0353868720205354,0.174184085075174,0.061972863953062,0.231756508984232
160773.411807,2567866.126422,0.0141103170240059,0.240608392889866,0,0.234377863294851,0.276342312625985,0.234561114165292
161273.411807,2567866.126422,0.0113782345384474,0.327216002936319,0,0.134520095430354,0.21141493852083,0.31547072857405
161773.411807,2567866.126422,0.011186502842472,0.657069503025857,0,0.0289748762149276,0.0803227581147992,0.222446359801944
162273.411807,2567866.126422,0.00146600696353308,0.624702217335532,0,0.0317024005864028,0.07623236210372,0.265897013010812
162773.411807,2567866.126422,0.0917599559552211,0.335841438796109,0,0.0974490732244448,0.0866213984217288,0.388328133602496
163273.411807,2567866.126422,0.0729873464148175,0.241885200806895,0,0.218595268659454,0.187236383642032,0.279295800476802
163773.411807,2567866.126422,0.0214403518416712,0.394722374931281,0.000733003481766538,0.124060839288987,0.160894264247755,0.298149166208539
164273.411807,2567866.126422,0.060561570930446,0.351807671132318,0,0.246100201871903,0.112497706001101,0.229032850064232
164773.411807,2567866.126422,0.0363102879149092,0.419768934531451,0.004401247019989,0.185402530717036,0.145057766367137,0.209059233449477
165273.411807,2567866.126422,0.00714678394722375,0.719809419094741,0,0.00641378046545721,0.0529595015576324,0.213670514934946
165773.411807,2567866.126422,0.0212883097816113,0.258579555881813,0.189943108827308,0.057258212516058,0.155808405211966,0.317122407781244
166273.411807,2567866.126422,0.0117366587199707,0.517146524848707,0,0.0425453878598936,0.0715202640748212,0.357051164496607
166773.411807,2567866.126422,0.0492944841487997,0.139087410665201,0,0.422576507238409,0.210371999266997,0.178669598680594
167273.411807,2567866.126422,0.0495503762158194,0.29858689667829,0.0330335841438796,0.214167737199486,0.0778124426500275,0.326848963112498
167773.411807,2567866.126422,0.0282413350449294,0.141206675224647,0.111314872547222,0.373189070236567,0.119567210709701,0.226480836236934
168273.411807,2567866.126422,0.0500274876305662,0.125710097122961,0.0577240241891149,0.332050577240242,0.182517866959868,0.251969946857248
168773.411807,2567866.126422,0.0622132501376399,0.140576252523399,0.0701046063497889,0.321159845843274,0.274912828041843,0.131033217104056
169273.411807,2567866.126422,0.0911424903722722,0.171465248487071,0.157894736842105,0.14817531633963,0.145241151659637,0.286081056299285
169773.411807,2567866.126422,0.0113615539673813,0.140736668499175,0.260399486897563,0.123144584936778,0.0885101704233095,0.375847535275793
170273.411807,2567866.126422,0.00734079647641769,0.207193980546889,0.163699761424115,0.178931914112681,0.122407781244265,0.320425766195632
170773.411807,2567866.126422,0.0172382174949569,0.0568494406748579,0.2398679625894,0.268659453511828,0.207225380524482,0.210159545204475
171273.411807,2567866.126422,0.00403151914971596,0.0428807036833425,0.279457577423493,0.399303646692322,0.153930731170973,0.120395821880154
171773.411807,2567866.126422,0.0345017434391632,0.0728574050284456,0.156542484859607,0.332721600293632,0.155991925123876,0.247384841255276
172273.411807,2567866.126422,0.0126535851824684,0.0394278378874014,0.176600036677059,0.393361452411517,0.213643865761966,0.164313222079589
172773.411807,2567866.126422,0.0335349092908191,0.102620487447315,0.174821330401319,0.272127542605827,0.260032985156679,0.156862745098039
160773.411807,2567366.126422,0.0032967032967033,0.176190476190476,0.0415750915750916,0.472710622710623,0.197069597069597,0.109157509157509
161273.411807,2567366.126422,0.0304587155963303,0.300183486238532,0.0102752293577982,0.292293577981651,0.185137614678899,0.181651376146789
161773.411807,2567366.126422,0.0539350577875619,0.384516602458265,0,0.10695285268758,0.117593102183086,0.337002384883508
162273.411807,2567366.126422,0.030952380952381,0.487912087912088,0,0.0514652014652015,0.117948717948718,0.311721611721612
162773.411807,2567366.126422,0.0442201834862385,0.428256880733945,0,0.0788990825688073,0.141651376146789,0.30697247706422
163273.411807,2567366.126422,0.0889745000917263,0.279398275545771,0,0.226013575490736,0.14401027334434,0.261603375527426
163773.411807,2567366.126422,0.0551282051282051,0.198351648351648,0,0.360622710622711,0.175641025641026,0.21025641025641
164273.411807,2567366.126422,0.0214678899082569,0.421467889908257,0.0172477064220183,0.0537614678899083,0.128256880733945,0.357798165137615
164773.411807,2567366.126422,0.023115024766098,0.485965877820583,0.00385250412768299,0.0590717299578059,0.0935608145294441,0.334434048798386
165273.411807,2567366.126422,0.0142857142857143,0.737728937728938,0,0.0142857142857143,0.0565934065934066,0.177106227106227
165773.411807,2567366.126422,0.021651376146789,0.29651376146789,0.0484403669724771,0.0475229357798165,0.138532110091743,0.447339449541284
166273.411807,2567366.126422,0.0311869381764814,0.204182718767199,0.0781507980187122,0.219776187855439,0.182902219776188,0.283801137405981
166773.411807,2567366.126422,0.0450549450549451,0.291575091575092,0,0.205128205128205,0.142857142857143,0.315384615384615
167273.411807,2567366.126422,0.0284403669724771,0.275963302752294,0.0770642201834862,0.143853211009174,0.169908256880734,0.304770642201835
167773.411807,2567366.126422,0.0431113557145478,0.117226197028068,0.182168409466153,0.226380480645753,0.137589433131535,0.293524124013942
168273.411807,2567366.126422,0.0333333333333333,0.110805860805861,0.125457875457875,0.223992673992674,0.201098901098901,0.305311355311355
168773.411807,2567366.126422,0.0812844036697248,0.0935779816513762,0.078348623853211,0.234678899082569,0.257981651376147,0.254128440366972
169273.411807,2567366.126422,0.0662263804806457,0.0748486516235553,0.11263988259035,0.302880205466887,0.168226013575491,0.275178866263071
169773.411807,2567366.126422,0.00714285714285714,0.0877289377289377,0.302197802197802,0.363919413919414,0.122893772893773,0.116117216117216
170273.411807,2567366.126422,0.0691743119266055,0.115045871559633,0.165137614678899,0.31743119266055,0.0970642201834862,0.236146788990826
170773.411807,2567366.126422,0.0355898000366905,0.0880572372041827,0.196661163089341,0.270225646670336,0.223628691983122,0.185837461016327
171273.411807,2567366.126422,0.0216117216117216,0.168681318681319,0.105128205128205,0.231135531135531,0.148351648351648,0.325091575091575
171773.411807,2567366.126422,0.0453211009174312,0.126605504587156,0.0357798165137615,0.190091743119266,0.189908256880734,0.412293577981651
172273.411807,2567366.126422,0.0509998165474225,0.10126582278481,0.154467070262337,0.276646486883141,0.186020913593836,0.230599889928453
172773.411807,2567366.126422,0.0289377289377289,0.123992673992674,0.0333333333333333,0.245970695970696,0.135714285714286,0.432051282051282
160773.411807,2566866.126422,0.00366703337000367,0.0592225889255592,0.229189585625229,0.509350935093509,0.175650898423176,0.0229189585625229
161273.411807,2566866.126422,0.0210622710622711,0.242490842490842,0.0043956043956044,0.275091575091575,0.287912087912088,0.169047619047619
161773.411807,2566866.126422,0.00732600732600733,0.493406593406593,0.000183150183150183,0.078021978021978,0.204578754578755,0.216483516483516
162273.411807,2566866.126422,0.00825082508250825,0.426475980931426,0,0.0627062706270627,0.167400073340667,0.335166850018335
162773.411807,2566866.126422,0.0108058608058608,0.556776556776557,0,0.0549450549450549,0.152380952380952,0.225091575091575
163273.411807,2566866.126422,0.0228937728937729,0.349450549450549,0.0373626373626374,0.076007326007326,0.125824175824176,0.388461538461538
163773.411807,2566866.126422,0.0553722038870554,0.0449211587825449,0,0.637880454712138,0.186468646864686,0.0753575357535754
164273.411807,2566866.126422,0.043956043956044,0.365018315018315,0,0.0542124542124542,0.112637362637363,0.424175824175824
164773.411807,2566866.126422,0.0124542124542125,0.595787545787546,0,0.0765567765567766,0.0778388278388278,0.237362637362637
165273.411807,2566866.126422,0.00385038503850385,0.430693069306931,0,0.27026035936927,0.154015401540154,0.141180784745141
165773.411807,2566866.126422,0.0322344322344322,0.31959706959707,0.0683150183150183,0.0527472527472527,0.105494505494505,0.421611721611722
166273.411807,2566866.126422,0.0201465201465201,0.36007326007326,0.0710622710622711,0.0181318681318681,0.0765567765567766,0.454029304029304
166773.411807,2566866.126422,0.0456545654565457,0.280528052805281,0.0638063806380638,0.13971397139714,0.134580124679135,0.335716905023836
167273.411807,2566866.126422,0.0254578754578755,0.352380952380952,0.023992673992674,0.176739926739927,0.162271062271062,0.259157509157509
167773.411807,2566866.126422,0.0626373626373626,0.17985347985348,0.00402930402930403,0.184065934065934,0.134065934065934,0.435347985347985
168273.411807,2566866.126422,0.0363036303630363,0.204437110377704,0.0438210487715438,0.226806013934727,0.152548588192153,0.336083608360836
168773.411807,2566866.126422,0.0750915750915751,0.298351648351648,0,0.181684981684982,0.181868131868132,0.263003663003663
169273.411807,2566866.126422,0.0476190476190476,0.0875457875457875,0.0893772893772894,0.313186813186813,0.242490842490842,0.21978021978022
169773.411807,2566866.126422,0.0628896222955629,0.0478547854785479,0.105243857719105,0.377887788778878,0.202786945361203,0.203337000366703
170273.411807,2566866.126422,0.0124542124542125,0.0598901098901099,0.194322344322344,0.405860805860806,0.174358974358974,0.153113553113553
170773.411807,2566866.126422,0.0558608058608059,0.0406593406593407,0.0487179487179487,0.213553113553114,0.204945054945055,0.436263736263736
171273.411807,2566866.126422,0.0132013201320132,0.340667400073341,0.0143014301430143,0.0826916024935827,0.13989732306564,0.409240924092409
171773.411807,2566866.126422,0.0362637362637363,0.232967032967033,0.0509157509157509,0.150732600732601,0.138278388278388,0.390842490842491
172273.411807,2566866.126422,0.0617216117216117,0.0408424908424908,0.150915750915751,0.263186813186813,0.182051282051282,0.301282051282051
172773.411807,2566866.126422,0.0665566556655666,0.123212321232123,0.0126512651265127,0.0973597359735974,0.132379904657132,0.567840117345068
160773.411807,2566366.126422,0.104086494410848,0.0720175920835624,0.129008612790911,0.342312625984973,0.173172072567345,0.17940260216236
161273.411807,2566366.126422,0.0198201504863278,0.367039823820885,0.0482657368324463,0.166819599926592,0.183703431822353,0.214351257111397
161773.411807,2566366.126422,0.024390243902439,0.483036860443792,0,0.0737208875848157,0.138639281129653,0.280212726939299
162273.411807,2566366.126422,0.0287703866593366,0.460875939160711,0,0.137621403701668,0.141652922851384,0.231079347626901
162773.411807,2566366.126422,0.0390897412369242,0.474031932464672,0,0.0706551660855203,0.101302991374564,0.314920168838319
163273.411807,2566366.126422,0.0388776820099028,0.113148725472217,0,0.569594718503576,0.180634513112048,0.0977443609022556
163773.411807,2566366.126422,0.0342679127725857,0.0355506688656771,0.000733003481766538,0.680043980208906,0.180318856514568,0.0690855781564962
164273.411807,2566366.126422,0.0724903652046247,0.248118920902918,0,0.19067718847495,0.162231602128831,0.326481923288677
164773.411807,2566366.126422,0.0183385292499542,0.450210893086374,0,0.0788556757748029,0.128736475334678,0.32385842655419
165273.411807,2566366.126422,0.015026571376214,0.269195528678761,0.00751328568810702,0.333150082462892,0.158878504672897,0.216236027121129
165773.411807,2566366.126422,0.0034868783262984,0.488162965681776,0,0.0163332721600294,0.0535878142778491,0.438429069554047
166273.411807,2566366.126422,0.0550155877498625,0.39611223179901,0,0.00550155877498625,0.048413717219879,0.494956904456263
166773.411807,2566366.126422,0.0298698918819864,0.307678211471504,0,0.139453912406084,0.135972145867693,0.387025838372732
167273.411807,2566366.126422,0.0774454028262066,0.433841071756286,0.000367039823820885,0.0818498807120573,0.131033217104056,0.275463387777574
167773.411807,2566366.126422,0.0372272143774069,0.631762332660921,0,0.0335595085274161,0.101962222629745,0.195488721804511
168273.411807,2566366.126422,0.0377496793109767,0.628733736485248,0,0.0430639545537841,0.0558915154846986,0.234561114165292
168773.411807,2566366.126422,0.0247751881079097,0.703431822352725,0,0.0130299137456414,0.0440447788585061,0.214718296935217
169273.411807,2566366.126422,0.0654685494223363,0.30790390610673,0.00495140289748762,0.214744177516963,0.191637630662021,0.215294333394462
169773.411807,2566366.126422,0.0580905259299982,0.229063588052043,0.000549752611324904,0.279091075682609,0.163276525563496,0.269928532160528
170273.411807,2566366.126422,0.0552394934850431,0.25711139658653,0.00789135621214902,0.219673334556799,0.201137823453845,0.258946595705634
170773.411807,2566366.126422,0.0451127819548872,0.410416284613974,0,0.0766550522648084,0.0966440491472584,0.371171832019072
171273.411807,2566366.126422,0.0399486897562763,0.314091991936962,0.00751328568810702,0.0474619754443834,0.0962067069818582,0.494777350192413
