"x","y","forest","agri","water","built","other","grass"
174773.411807,2502866.126422,0.610916374561843,0.0252879318978468,0.0232849273910866,0.282674011016525,0.0250375563345018,0.0327991987981973
175273.411807,2502866.126422,0.185092546273137,0.0362681340670335,0,0.638069034517259,0.0882941470735368,0.0522761380690345
175773.411807,2502866.126422,0.216141929035482,0.0477261369315342,0.000749625187406297,0.517741129435282,0.0509745127436282,0.166666666666667
176273.411807,2502866.126422,0.0673510265398097,0.0312969454181272,0.0057586379569354,0.839759639459189,0.028542814221332,0.0272909364046069
176773.411807,2502866.126422,0.208354177088544,0.0630315157578789,0.00475237618809405,0.5927963981991,0.0425212606303152,0.088544272136068
177273.411807,2502866.126422,0.123938030984508,0.122688655672164,0.0107446276861569,0.675412293853073,0.0279860069965017,0.0392303848075962
177773.411807,2502866.126422,0.172759138708062,0.0325488232348523,0.00926389584376565,0.618928392588883,0.0297946920380571,0.13670505758638
178273.411807,2502866.126422,0.109054527263632,0.0440220110055028,0.00175087543771886,0.708604302151076,0.0335167583791896,0.103051525762881
178773.411807,2502866.126422,0.0449775112443778,0.0229885057471264,0.0102448775612194,0.901549225387306,0.0164917541229385,0.00374812593703148
179273.411807,2502866.126422,0.203054581872809,0.102403605408112,0.00500751126690035,0.50350525788683,0.0826239359038558,0.103405107661492
179773.411807,2502866.126422,0.0935467733866933,0.116308154077039,0.00700350175087544,0.696598299149575,0.0337668834417209,0.0527763881940971
180273.411807,2502866.126422,0.189905047476262,0.146176911544228,0.00574712643678161,0.461269365317341,0.0637181409295352,0.133183408295852
180773.411807,2502866.126422,0.233600400600901,0.0968953430145218,0.00801201802704056,0.451677516274412,0.0643465197796695,0.145468202303455
181273.411807,2502866.126422,0.0595297648824412,0.0422711355677839,0.00100050025012506,0.804902451225613,0.0525262631315658,0.0397698849424712
181773.411807,2502866.126422,0.254872563718141,0.0679660169915042,0.00449775112443778,0.408295852073963,0.04047976011994,0.223888055972014
182273.411807,2502866.126422,0.169754631947922,0.0931397095643465,0,0.343264897346019,0.106659989984977,0.287180771156735
182773.411807,2502866.126422,0.0270135067533767,0.329664832416208,0.000250125062531266,0.335667833916958,0.083791895947974,0.223611805902951
183273.411807,2502866.126422,0.0734632683658171,0.0519740129935032,0.00374812593703148,0.737881059470265,0.0594702648675662,0.0734632683658171
183773.411807,2502866.126422,0.126439659489234,0.108662994491738,0,0.647471206810215,0.0623435152729094,0.0550826239359039
184273.411807,2502866.126422,0.0277638819409705,0.0185092546273137,0.00100050025012506,0.938969484742371,0.0100050025012506,0.00375187593796898
184773.411807,2502866.126422,0.0644677661169415,0.0312343828085957,0.000249875062468766,0.76711644177911,0.0492253873063468,0.0877061469265367
185273.411807,2502866.126422,0.0403104656985478,0.0440660991487231,0.00375563345017526,0.863044566850275,0.0360540811216825,0.0127691537305959
173773.411807,2502366.126422,0,0,0.969230769230769,0.0307692307692308,0,0
174273.411807,2502366.126422,0.0011001100110011,0.00146681334800147,0.946461312797946,0.0506050605060506,0.000183351668500183,0.000183351668500183
174773.411807,2502366.126422,0.411721611721612,0.043040293040293,0.0247252747252747,0.393040293040293,0.0639194139194139,0.0635531135531135
175273.411807,2502366.126422,0.0195970695970696,0.0232600732600733,0.127655677655678,0.794322344322344,0.0225274725274725,0.0126373626373626
175773.411807,2502366.126422,0.0682068206820682,0.092959295929593,0.00971763843050972,0.636230289695636,0.0410707737440411,0.151815181518152
176273.411807,2502366.126422,0.0549450549450549,0.0461538461538462,0.0752747252747253,0.741208791208791,0.0318681318681319,0.0505494505494506
176773.411807,2502366.126422,0.153296703296703,0.0672161172161172,0.00915750915750916,0.570879120879121,0.0593406593406593,0.14010989010989
177273.411807,2502366.126422,0.07004033736707,0.0513384671800513,0.0412541254125413,0.773377337733773,0.0293362669600293,0.0346534653465347
177773.411807,2502366.126422,0.017032967032967,0.0238095238095238,0.045970695970696,0.895970695970696,0.0155677655677656,0.00164835164835165
178273.411807,2502366.126422,0.0362637362637363,0.0183150183150183,0.0100732600732601,0.918498168498168,0.0155677655677656,0.00128205128205128
178773.411807,2502366.126422,0.0612394572790612,0.072973964063073,0.0108177484415108,0.792995966263293,0.0317198386505317,0.0302530253025303
179273.411807,2502366.126422,0.0998168498168498,0.112637362637363,0.00586080586080586,0.735531135531136,0.0272893772893773,0.0188644688644689
179773.411807,2502366.126422,0.0395604395604396,0.0401098901098901,0.000366300366300366,0.886263736263736,0.0197802197802198,0.0139194139194139
180273.411807,2502366.126422,0.0669233590025669,0.0441877521085442,0.00165016501650165,0.828932893289329,0.0297029702970297,0.0286028602860286
180773.411807,2502366.126422,0.0483516483516484,0.052014652014652,0.000183150183150183,0.839010989010989,0.0313186813186813,0.0291208791208791
181273.411807,2502366.126422,0.0428571428571429,0.0296703296703297,0.00256410256410256,0.872527472527473,0.0241758241758242,0.0282051282051282
181773.411807,2502366.126422,0.161532819948662,0.0594059405940594,0.00128346167950128,0.56967363403007,0.0357535753575358,0.172350568390172
182273.411807,2502366.126422,0.238278388278388,0.0778388278388278,0.0507326007326007,0.0179487179487179,0.0304029304029304,0.584798534798535
182773.411807,2502366.126422,0.215384615384615,0.10952380952381,0,0.262454212454212,0.158791208791209,0.253846153846154
183273.411807,2502366.126422,0.14961496149615,0.0925925925925926,0.00275027502750275,0.616428309497616,0.0927759442610928,0.0458379171250458
183773.411807,2502366.126422,0.0666666666666667,0.0250915750915751,0.00128205128205128,0.864652014652015,0.0291208791208791,0.0131868131868132
184273.411807,2502366.126422,0.10989010989011,0.0844322344322344,0,0.698717948717949,0.0562271062271062,0.0507326007326007
184773.411807,2502366.126422,0.199486615328199,0.0636230289695636,0.000366703337000367,0.432526585991932,0.132013201320132,0.171983865053172
185273.411807,2502366.126422,0.285897435897436,0.0710622710622711,0,0.276923076923077,0.0873626373626374,0.278754578754579
174273.411807,2501866.126422,0.165292285138354,0.0518599963349826,0.373465273960051,0.31610775151182,0.0168590800806304,0.0764156129741616
174773.411807,2501866.126422,0.0167003119838502,0.0245916681959993,0,0.919801798495137,0.0251422279317306,0.0137639933932832
175273.411807,2501866.126422,0,0,0.555474050981111,0.444525949018889,0,0
175773.411807,2501866.126422,0,0.00164925783397471,0.16364302730438,0.834707714861646,0,0
176273.411807,2501866.126422,0.0189025509267756,0.0133969535694623,0.122774821068086,0.814277849146632,0.0209212699577904,0.00972655533125344
176773.411807,2501866.126422,0.0113698881349716,0.0119200440124702,0.231432239134421,0.698514579130754,0.0344764349899138,0.0122868145974693
177273.411807,2501866.126422,0.0346344145134689,0.0711013377313542,0.174454828660436,0.666116914055342,0.0282206340480117,0.0254718709913872
177773.411807,2501866.126422,0.0934116351624151,0.0431271792989539,0.0196366305744173,0.769315470728574,0.0297302257294917,0.0447788585061479
178273.411807,2501866.126422,0.0832569227947919,0.0599669906473501,0.00586832935998533,0.772418852008069,0.0412616908123968,0.0372272143774069
178773.411807,2501866.126422,0.0296866410115448,0.0254718709913872,0.00494777350192413,0.919736118746564,0.00568077698369067,0.0144768187648891
179273.411807,2501866.126422,0.0886401174527436,0.098733712607818,0.0266103872270141,0.723986052486695,0.0225729491649844,0.0394567810607451
179773.411807,2501866.126422,0.0788556757748029,0.0566660553823583,0.00421786172748946,0.802127269392995,0.0363102879149092,0.0218228498074454
180273.411807,2501866.126422,0.0971229613340663,0.0630382994319223,0.00219901044529962,0.736851750045813,0.0403151914971596,0.0604727872457394
180773.411807,2501866.126422,0.126812259130116,0.0869884382455496,0.000367039823820885,0.623784180583593,0.0440447788585061,0.118003303358414
181273.411807,2501866.126422,0.13992297817715,0.0867412433522831,0.000916926462497708,0.554923895103613,0.0570328259673574,0.160462130937099
181773.411807,2501866.126422,0.0621220450797141,0.0954737035000916,0.00164925783397471,0.682059739783764,0.0844786512735936,0.074216602528862
182273.411807,2501866.126422,0.295100018351991,0.117819783446504,0,0.13286841622316,0.114332905120206,0.339878876858139
182773.411807,2501866.126422,0.0614340729873464,0.0748211993398129,0.000916926462497708,0.749312305153127,0.079589216944801,0.0339262791124152
183273.411807,2501866.126422,0.194245922668133,0.0775151181968114,0.00164925783397471,0.529961517317207,0.116181051859996,0.0804471321238776
183773.411807,2501866.126422,0.158377683978712,0.0728574050284456,0.00293631859056708,0.460267939071389,0.108093228115251,0.197467425215636
184273.411807,2501866.126422,0.146341463414634,0.0959105079772602,0,0.481753163396296,0.107463781404731,0.168531083807079
184773.411807,2501866.126422,0.326553051126993,0.0765988638446033,0,0.0753161077515118,0.109217518783214,0.412314458493678
185273.411807,2501866.126422,0.353092310515691,0.0482657368324463,0.121490181684713,0.0554230133969536,0.0574417324279684,0.364287025142228
174273.411807,2501366.126422,0.0294871794871795,0.0489010989010989,0.786446886446886,0.0408424908424908,0.0173992673992674,0.0769230769230769
174773.411807,2501366.126422,0.0499082568807339,0.0453211009174312,0.111009174311927,0.689174311926605,0.0587155963302752,0.0458715596330275
175273.411807,2501366.126422,0.0165107319757843,0.00495321959273528,0.136305265088975,0.820399926618969,0.021830856723537,0
175773.411807,2501366.126422,0.000915750915750916,0.000549450549450549,0.0912087912087912,0.904212454212454,0.00311355311355311,0
176273.411807,2501366.126422,0,0.00055045871559633,0.0192660550458716,0.980183486238532,0,0
176773.411807,2501366.126422,0,0,0.00953953403045313,0.990460465969547,0,0
177273.411807,2501366.126422,0.00567765567765568,0.0368131868131868,0.017032967032967,0.913186813186813,0.0245421245421245,0.00274725274725275
177773.411807,2501366.126422,0.0678899082568807,0.200550458715596,0.0488073394495413,0.420917431192661,0.0671559633027523,0.194678899082569
178273.411807,2501366.126422,0.104751421757476,0.205099981654742,0.0636580443955238,0.530177949000183,0.0126582278481013,0.0836543753439736
178773.411807,2501366.126422,0.0613553113553114,0.0516483516483516,0.028021978021978,0.801831501831502,0.0368131868131868,0.0203296703296703
179273.411807,2501366.126422,0.0990825688073395,0.0427522935779817,0.00238532110091743,0.809357798165138,0.0205504587155963,0.0258715596330275
179773.411807,2501366.126422,0.0854889011190607,0.0836543753439736,0.000366905155017428,0.727756374977068,0.0403595670519171,0.0623738763529628
180273.411807,2501366.126422,0.146336996336996,0.0774725274725275,0.000366300366300366,0.614285714285714,0.0514652014652015,0.11007326007326
180773.411807,2501366.126422,0.0231192660550459,0.0339449541284404,0.00018348623853211,0.855229357798165,0.0337614678899083,0.0537614678899083
181273.411807,2501366.126422,0.071179600073381,0.0519170794349661,0.00403595670519171,0.797651807007889,0.0379746835443038,0.0372408732342689
181773.411807,2501366.126422,0.0228937728937729,0.0227106227106227,0.00274725274725275,0.927655677655678,0.0168498168498168,0.00714285714285714
182273.411807,2501366.126422,0.0308256880733945,0.0471559633027523,0.00055045871559633,0.89045871559633,0.0198165137614679,0.0111926605504587
182773.411807,2501366.126422,0.0381581361218125,0.0363236103467254,0.00862227114290956,0.894331315354981,0.014125848468171,0.00843881856540084
183273.411807,2501366.126422,0.14010989010989,0.122893772893773,0,0.493223443223443,0.0915750915750916,0.152197802197802
183773.411807,2501366.126422,0.271376146788991,0.0741284403669725,0,0.199449541284404,0.0711926605504587,0.383853211009174
184273.411807,2501366.126422,0.100532012474775,0.0667767382131719,0,0.545037607778389,0.0880572372041827,0.199596404329481
184773.411807,2501366.126422,0.284798534798535,0.0642857142857143,0,0.182783882783883,0.146886446886447,0.321245421245421
185273.411807,2501366.126422,0.387889908256881,0.0453211009174312,0.00605504587155963,0.125137614678899,0.0721100917431193,0.36348623853211
175273.411807,2500866.126422,0.0932234432234432,0.0380952380952381,0.00238095238095238,0.733516483516483,0.05,0.0827838827838828
175773.411807,2500866.126422,0.0392372570590392,0.0359369270260359,0.1002933626696,0.709020902090209,0.0482214888155482,0.0672900623395673
176273.411807,2500866.126422,0.000183150183150183,0.000183150183150183,0.223260073260073,0.768864468864469,0.00750915750915751,0
176773.411807,2500866.126422,0.0456043956043956,0.065018315018315,0.0021978021978022,0.835531135531136,0.026007326007326,0.0256410256410256
177273.411807,2500866.126422,0.00568390172350568,0.013017968463513,0.0495049504950495,0.922258892555922,0.00605060506050605,0.00348368170150348
177773.411807,2500866.126422,0.0331501831501832,0.0813186813186813,0.0122710622710623,0.774908424908425,0.0380952380952381,0.0602564102564103
178273.411807,2500866.126422,0.125641025641026,0.236263736263736,0.0163003663003663,0.46996336996337,0.0454212454212454,0.106410256410256
178773.411807,2500866.126422,0.166299963329666,0.115878254492116,0.033003300330033,0.458195819581958,0.0625229189585625,0.164099743307664
179273.411807,2500866.126422,0.217032967032967,0.0950549450549451,0.00384615384615385,0.478021978021978,0.0316849816849817,0.174358974358974
179773.411807,2500866.126422,0.146520146520147,0.234798534798535,0.00164835164835165,0.298901098901099,0.0818681318681319,0.236263736263736
180273.411807,2500866.126422,0.085991932526586,0.0722405573890722,0.000916758342500917,0.708104143747708,0.0601393472680601,0.0726072607260726
180773.411807,2500866.126422,0.0375457875457875,0.0424908424908425,0.00256410256410256,0.867032967032967,0.0267399267399267,0.0236263736263736
181273.411807,2500866.126422,0.0100732600732601,0.00879120879120879,0.00457875457875458,0.968131868131868,0.00549450549450549,0.00293040293040293
181773.411807,2500866.126422,0.132013201320132,0.0973597359735974,0.000366703337000367,0.688302163549688,0.0317198386505317,0.0502383571690502
182273.411807,2500866.126422,0.0217948717948718,0.0620879120879121,0.00201465201465201,0.865750915750916,0.0283882783882784,0.01996336996337
182773.411807,2500866.126422,0.0877289377289377,0.0608058608058608,0.000183150183150183,0.658424908424908,0.0637362637362637,0.129120879120879
183273.411807,2500866.126422,0.0991932526585992,0.261276127612761,0,0.256875687568757,0.123579024569124,0.259075907590759
183773.411807,2500866.126422,0.214652014652015,0.101465201465201,0.000183150183150183,0.237362637362637,0.117765567765568,0.328571428571429
184273.411807,2500866.126422,0.174358974358974,0.0549450549450549,0,0.407875457875458,0.11043956043956,0.252380952380952
184773.411807,2500866.126422,0.262009534286762,0.0443711037770444,0,0.118261826182618,0.092042537587092,0.483314998166483
185273.411807,2500866.126422,0.577289377289377,0.0203296703296703,0,0,0,0.402380952380952
175273.411807,2500366.126422,0.0982945167797543,0.0724371905373189,0.00861910874747845,0.663671373555841,0.0379607555474051,0.119017054832202
175773.411807,2500366.126422,0.0830126443100605,0.043613707165109,0.00238226131574125,0.691588785046729,0.0842954004031519,0.0951072017592084
176273.411807,2500366.126422,0.012846393833731,0.0339511837034318,0.285189943108827,0.623784180583593,0.00734079647641769,0.0368875022939989
176773.411807,2500366.126422,0.0135705116449661,0.0221896203924445,0.0386942967174033,0.902439024390244,0.0117366587199707,0.0113698881349716
177273.411807,2500366.126422,0.0234561114165292,0.0320689023272861,0.101887483965549,0.823895913505589,0.0168590800806304,0.00183250870441635
177773.411807,2500366.126422,0.0222059093411635,0.0407414204441182,0.179665993760323,0.682143512571114,0.0625802899614608,0.0126628739218205
178273.411807,2500366.126422,0.14010636346965,0.116816431322208,0.00348432055749129,0.543370621676142,0.109847790207225,0.0863744727672841
178773.411807,2500366.126422,0.0670698185816383,0.147883452446399,0.0458127176104087,0.445482866043614,0.129558365402236,0.164192779915705
179273.411807,2500366.126422,0.134153055606533,0.135254175077996,0.00367039823820885,0.222059093411635,0.157460084419159,0.347403193246467
179773.411807,2500366.126422,0.298918026774253,0.110031175499725,0,0.169448010269576,0.159545204474601,0.262057582981845
180273.411807,2500366.126422,0.129375114531794,0.0940076965365585,0.00109950522264981,0.503939893714495,0.124793842770753,0.146783947223749
180773.411807,2500366.126422,0.104239309965131,0.0489998164800881,0.000367039823820885,0.743255643237291,0.0409249403560286,0.0622132501376399
181273.411807,2500366.126422,0.015587749862461,0.0075187969924812,0.00348432055749129,0.962772785622593,0.00586832935998533,0.00476801760498808
181773.411807,2500366.126422,0.0148433205057724,0.0199743448781382,0.000183250870441635,0.949056258017226,0.00641378046545721,0.009529045262965
182273.411807,2500366.126422,0.0552394934850431,0.0489998164800881,0.00293631859056708,0.809873371260782,0.0467975775371628,0.0361534226463571
182773.411807,2500366.126422,0.179534201357051,0.0698697964423253,0,0.222262974509444,0.141206675224647,0.387126352466532
183273.411807,2500366.126422,0.0824628916987356,0.116364302730438,0.000733003481766538,0.573025471870991,0.122045079714129,0.10536925050394
183773.411807,2500366.126422,0.343365755184438,0.122958340979996,0.0236740686364471,0.127913378601578,0.073040924940356,0.309047531657185
184273.411807,2500366.126422,0.190720704199523,0.0643682376673391,0,0.11608289015221,0.11589950485971,0.512928663121218
184773.411807,2500366.126422,0.309327469305479,0.0740333516584204,0,0.0850284038849184,0.0967564595931831,0.434854315557999
185273.411807,2500366.126422,0.397137089374197,0.175261515874472,0.00422095797394017,0,0.00311983850247752,0.420260598274913
175773.411807,2499866.126422,0.121245421245421,0.0564102564102564,0,0.663003663003663,0.0406593406593407,0.118681318681319
176273.411807,2499866.126422,0.0139449541284404,0.0229357798165138,0.279449541284404,0.669357798165138,0.00715596330275229,0.00715596330275229
176773.411807,2499866.126422,0.000733810310034856,0.00587048248027885,0.397541735461383,0.592184920198129,0.00311869381764814,0.000550357732526142
177273.411807,2499866.126422,0.0294871794871795,0.0450549450549451,0.00402930402930403,0.877472527472527,0.036996336996337,0.00695970695970696
177773.411807,2499866.126422,0.0055045871559633,0.0227522935779817,0.24605504587156,0.711009174311927,0.00697247706422018,0.00770642201834862
178273.411807,2499866.126422,0.017978352595854,0.247844432214273,0.0304531278664465,0.383415886993212,0.0719134103834159,0.248394789946799
178773.411807,2499866.126422,0.0214285714285714,0.142490842490842,0.00622710622710623,0.621428571428571,0.117582417582418,0.0908424908424908
179273.411807,2499866.126422,0.0568807339449541,0.164587155963303,0.00073394495412844,0.16,0.145504587155963,0.472293577981651
179773.411807,2499866.126422,0.112823335167859,0.128967161988626,0.000183452577508714,0.428912126215373,0.131535498073748,0.197578425976885
180273.411807,2499866.126422,0.0243589743589744,0.0446886446886447,0.00146520146520147,0.844871794871795,0.0358974358974359,0.0487179487179487
180773.411807,2499866.126422,0.0796330275229358,0.0352293577981651,0.0126605504587156,0.794495412844037,0.0284403669724771,0.0495412844036697
181273.411807,2499866.126422,0.0174279948633278,0.00770500825536599,0,0.960924600990644,0.00935608145294441,0.00458631443771785
181773.411807,2499866.126422,0.0580586080586081,0.0336996336996337,0.000366300366300366,0.861538461538462,0.0206959706959707,0.0256410256410256
182273.411807,2499866.126422,0.0878899082568807,0.0653211009174312,0.00899082568807339,0.748990825688073,0.0203669724770642,0.0684403669724771
182773.411807,2499866.126422,0.0423775454045129,0.0913593835993396,0.000550357732526142,0.655109154283618,0.0616400660429279,0.148963492937076
183273.411807,2499866.126422,0.160989010989011,0.225457875457875,0,0.324358974358974,0.0855311355311355,0.203663003663004
183773.411807,2499866.126422,0.200366972477064,0.131743119266055,0.00513761467889908,0.130825688073395,0.0455045871559633,0.486422018348624
184273.411807,2499866.126422,0.286002568336085,0.0566868464501926,0,0.253164556962025,0.09557879288204,0.308567235369657
184773.411807,2499866.126422,0.197435897435897,0.0868131868131868,0.000732600732600733,0.149450549450549,0.173626373626374,0.391941391941392
185273.411807,2499866.126422,0.283119266055046,0.129357798165138,0.0190825688073394,0.0409174311926606,0.0418348623853211,0.485688073394495
176273.411807,2499366.126422,0.0615384615384615,0.212271062271062,0.0227106227106227,0.362820512820513,0.0884615384615385,0.252197802197802
176773.411807,2499366.126422,0.00714285714285714,0.00989010989010989,0.206776556776557,0.757509157509157,0.0124542124542125,0.00622710622710623
177273.411807,2499366.126422,0.0141180784745141,0.0273193986065273,0.130729739640631,0.807114044737807,0.0190685735240191,0.00165016501650165
177773.411807,2499366.126422,0.0106227106227106,0.0322344322344322,0.019047619047619,0.904212454212454,0.0254578754578755,0.00842490842490842
178273.411807,2499366.126422,0.019047619047619,0.207326007326007,0.0578754578754579,0.398717948717949,0.0983516483516483,0.218681318681319
178773.411807,2499366.126422,0.106160616061606,0.103043637697103,0.0022002200220022,0.557755775577558,0.0649064906490649,0.165933259992666
179273.411807,2499366.126422,0.0249084249084249,0.0496336996336996,0.0010989010989011,0.827106227106227,0.0483516483516484,0.0489010989010989
179773.411807,2499366.126422,0.0972527472527473,0.106043956043956,0.0402930402930403,0.537912087912088,0.0514652014652015,0.167032967032967
180273.411807,2499366.126422,0.0782911624495783,0.268610194352769,0.0254858819215255,0.303080308030803,0.0562889622295563,0.268243491015768
180773.411807,2499366.126422,0.0161172161172161,0.0173992673992674,0.0021978021978022,0.951831501831502,0.0100732600732601,0.00238095238095238
181273.411807,2499366.126422,0.0119047619047619,0.0186813186813187,0,0.942857142857143,0.0120879120879121,0.0144688644688645
181773.411807,2499366.126422,0.103043637697103,0.0397873120645398,0,0.742940960762743,0.0245691235790246,0.0896589658965897
182273.411807,2499366.126422,0.0245421245421245,0.0978021978021978,0.000366300366300366,0.632417582417582,0.0514652014652015,0.193406593406593
182773.411807,2499366.126422,0.0155677655677656,0.258974358974359,0,0.507326007326007,0.0652014652014652,0.152930402930403
183273.411807,2499366.126422,0.0429042904290429,0.424275760909424,0.00165016501650165,0.285111844517785,0.0474880821415475,0.198569856985699
183773.411807,2499366.126422,0.0333333333333333,0.0684981684981685,0,0.396886446886447,0.0435897435897436,0.457692307692308
184273.411807,2499366.126422,0.0366300366300366,0.0554945054945055,0.00128205128205128,0.727472527472527,0.0441391941391941,0.134981684981685
184773.411807,2499366.126422,0.222772277227723,0.0735240190685735,0,0.281444811147781,0.0634396773010634,0.358819215254859
185273.411807,2499366.126422,0.235531135531136,0.157326007326007,0,0.0384615384615385,0.0534798534798535,0.515201465201465
176773.411807,2498866.126422,0.0946268109297634,0.0713368787823217,0.120484137172199,0.506693563176233,0.0722538052448194,0.134604804694663
177273.411807,2498866.126422,0,0,0.538207806487081,0.461792193512919,0,0
177773.411807,2498866.126422,0.0130299137456414,0.0390897412369242,0.0209212699577904,0.862543585979079,0.0278950266103872,0.036520462470178
178273.411807,2498866.126422,0.00825233816247937,0.0177883733724555,0.00990280579497524,0.933614524115166,0.0297084173849257,0.000733541169998166
178773.411807,2498866.126422,0.0428807036833425,0.0322521531977277,0.0520432472054242,0.80831958951805,0.0408649441084845,0.0236393622869709
179273.411807,2498866.126422,0.163149201688383,0.0625802899614608,0.0258763075793724,0.459166819599927,0.0370710222059093,0.252156358964948
179773.411807,2498866.126422,0.135338345864662,0.0744544287548139,0.00183385292499542,0.597285897671007,0.0740876581698148,0.116999816614707
180273.411807,2498866.126422,0.0901594282572842,0.109217518783214,0.0441634597764339,0.567894447498626,0.0729338464357706,0.115631299248671
180773.411807,2498866.126422,0.031932464672417,0.0214718296935217,0.000734079647641769,0.900899247568361,0.0354193429987154,0.009543035419343
181273.411807,2498866.126422,0.077205208142307,0.0546488171648634,0.00495140289748762,0.760498807995599,0.0333761232349166,0.0693196405648267
181773.411807,2498866.126422,0.0388491845336265,0.0998717243906908,0,0.684625251969947,0.0514934945940993,0.125160344511636
182273.411807,2498866.126422,0.0185355111029547,0.173609836667278,0.000550559735731327,0.45623050100936,0.101853551110295,0.249220040374381
182773.411807,2498866.126422,0.0152209792774619,0.166330460297084,0.000183385292499542,0.498441225013754,0.0489638730973776,0.270860077021823
183273.411807,2498866.126422,0.144401685908008,0.185083379146051,0,0.217335532343779,0.0839288986622686,0.369250503939894
183773.411807,2498866.126422,0.0526702147182969,0.163149201688383,0.00330335841438796,0.535878142778491,0.0554230133969536,0.189576069003487
184273.411807,2498866.126422,0.04401247019989,0.16779754263708,0.00238400880249404,0.658353200073354,0.0221896203924445,0.105263157894737
184773.411807,2498866.126422,0.0765988638446033,0.105002748763057,0.00256551218618288,0.647791827011178,0.0608392889866227,0.107201759208356
185273.411807,2498866.126422,0.29454945861626,0.143329051202055,0.000183519911910442,0.299320976325931,0.0546889337493118,0.207928060194531
176773.411807,2498366.126422,0.0335718216840947,0.0454962392221611,0,0.818565400843882,0.073747936158503,0.0286186020913594
177273.411807,2498366.126422,0.00970695970695971,0.00970695970695971,0.266666666666667,0.702014652014652,0.00531135531135531,0.00659340659340659
177773.411807,2498366.126422,0,0,0.148623853211009,0.851376146788991,0,0
178273.411807,2498366.126422,0.0511832691249312,0.0812694918363603,0.00972298660796184,0.704641350210971,0.104934874334984,0.0482480278847918
178773.411807,2498366.126422,0.100732600732601,0.123809523809524,0,0.478388278388278,0.160622710622711,0.136446886446886
179273.411807,2498366.126422,0.0510091743119266,0.0444036697247706,0.0267889908256881,0.819816513761468,0.0242201834862385,0.0337614678899083
179773.411807,2498366.126422,0.0831040176114474,0.0352228948816731,0.000733810310034856,0.785360484314805,0.0500825536598789,0.0454962392221611
180273.411807,2498366.126422,0.0935897435897436,0.0507326007326007,0.000366300366300366,0.713186813186813,0.0393772893772894,0.102747252747253
180773.411807,2498366.126422,0.111559633027523,0.137614678899083,0.0423853211009174,0.504587155963303,0.0724770642201835,0.131376146788991
181273.411807,2498366.126422,0.0847550908090259,0.110805356815263,0.00513667217024399,0.56778572738947,0.0920931939093744,0.139423958906623
181773.411807,2498366.126422,0.0701465201465201,0.223260073260073,0,0.381684981684982,0.0835164835164835,0.241391941391941
182273.411807,2498366.126422,0.048256880733945,0.300183486238532,0.00073394495412844,0.358899082568807,0.0570642201834862,0.234862385321101
182773.411807,2498366.126422,0.0805356815263254,0.137222527976518,0,0.558246193359017,0.0702623371858375,0.153733259952302
183273.411807,2498366.126422,0.102197802197802,0.0456043956043956,0.000366300366300366,0.701831501831502,0.0505494505494506,0.0994505494505494
183773.411807,2498366.126422,0.0409174311926606,0.0710091743119266,0.00238532110091743,0.788256880733945,0.023302752293578,0.0741284403669725
184273.411807,2498366.126422,0.0348559897266557,0.02568336085122,0.001284168042561,0.903320491652908,0.0174279948633278,0.0174279948633278
184773.411807,2498366.126422,0.0756410256410256,0.123443223443223,0.00274725274725275,0.575641025641026,0.0672161172161172,0.155311355311355
185273.411807,2498366.126422,0.235963302752294,0.180183486238532,0,0.253211009174312,0.0702752293577982,0.260366972477064
177273.411807,2497866.126422,0.0718738540520719,0.0935093509350935,0,0.722588925559223,0.0198019801980198,0.0922258892555922
177773.411807,2497866.126422,0.000183150183150183,0.000366300366300366,0.106776556776557,0.892490842490843,0.000183150183150183,0
178273.411807,2497866.126422,0.0230769230769231,0.0417582417582418,0.13003663003663,0.755677655677656,0.0333333333333333,0.0161172161172161
178773.411807,2497866.126422,0.0282361569490282,0.01998533186652,0.0848918225155849,0.825632563256326,0.0375870920425376,0.00366703337000367
179273.411807,2497866.126422,0.013003663003663,0.0311355311355311,0.0787545787545788,0.83956043956044,0.0298534798534799,0.00769230769230769
179773.411807,2497866.126422,0.0794871794871795,0.0514652014652015,0.00476190476190476,0.76043956043956,0.0549450549450549,0.0489010989010989
180273.411807,2497866.126422,0.0484048404840484,0.0198019801980198,0.000733406674000733,0.888705537220389,0.0168683535020169,0.0254858819215255
180773.411807,2497866.126422,0.0840659340659341,0.0771062271062271,0.015018315018315,0.726190476190476,0.0432234432234432,0.0543956043956044
181273.411807,2497866.126422,0.0505494505494506,0.151465201465201,0.00732600732600733,0.510805860805861,0.121062271062271,0.158791208791209
181773.411807,2497866.126422,0.0304363769710304,0.265493215988265,0.000916758342500917,0.386505317198386,0.0183351668500183,0.298313164649798
182273.411807,2497866.126422,0.0487179487179487,0.418681318681319,0.00897435897435897,0.25,0.0326007326007326,0.241025641025641
182773.411807,2497866.126422,0.110622710622711,0.31043956043956,0.00457875457875458,0.0855311355311355,0.0710622710622711,0.417765567765568
183273.411807,2497866.126422,0.088008800880088,0.219288595526219,0,0.00751741840850752,0.0386872020535387,0.646497983131647
183773.411807,2497866.126422,0.0490842490842491,0.286446886446886,0.00164835164835165,0.283699633699634,0.0358974358974359,0.343223443223443
184273.411807,2497866.126422,0.052014652014652,0.232600732600733,0,0.201465201465201,0.0860805860805861,0.427838827838828
184773.411807,2497866.126422,0.0423542354235424,0.219105243857719,0,0.281444811147781,0.052988632196553,0.404107077374404
185273.411807,2497866.126422,0.0527472527472527,0.0985347985347985,0,0.602380952380952,0.0923076923076923,0.154029304029304
177773.411807,2497366.126422,0.0315654248485961,0.0383556615892824,0.0946962745457882,0.768948430904753,0.015782712424298,0.0506514956872821
178273.411807,2497366.126422,0.00293416467999266,0.00348432055749129,0.116816431322208,0.875664771685311,0.000733541169998166,0.000366770584999083
178773.411807,2497366.126422,0.00311526479750779,0.00696353307678211,0.01905809052593,0.967747846802272,0.00311526479750779,0
179273.411807,2497366.126422,0.0211047898697009,0.0304643053771334,0.0189025509267756,0.893741971003854,0.0258763075793724,0.00991007524316388
179773.411807,2497366.126422,0.0427287731523932,0.0405281496423987,0.0198056115899505,0.861910874747845,0.0168714469099578,0.0181551439574546
180273.411807,2497366.126422,0.0175920835623969,0.0214403518416712,0.00219901044529962,0.932013927066154,0.0157595748579806,0.0109950522264981
180773.411807,2497366.126422,0.000367039823820885,0.00201871903101487,0.0379886217654616,0.956505780877225,0.00311983850247752,0
181273.411807,2497366.126422,0.097194205024757,0.0997615991197506,0.013203741059967,0.490188886851275,0.0506143407298735,0.249037227214377
181773.411807,2497366.126422,0.00256551218618288,0.243357155946491,0.00513102437236577,0.640461792193513,0.0274876305662452,0.0809968847352025
182273.411807,2497366.126422,0,0.125160579922922,0,0.735180767113232,0.0119287942741787,0.127729858689668
182773.411807,2497366.126422,0,0.189987163029525,0.0177883733724555,0.679075738125802,0.00788556757748029,0.105263157894737
183273.411807,2497366.126422,0.00733003481766538,0.176104086494411,0,0.490745831042697,0.0293201392706615,0.296499908374565
183773.411807,2497366.126422,0.00422095797394017,0.358781427784915,0.0203707102220591,0.313452009543035,0.025325747843641,0.27784914663241
184273.411807,2497366.126422,0.0102695763799743,0.326242435356684,0,0.313588850174216,0.0302585732624244,0.319640564826701
184773.411807,2497366.126422,0.00128275609309144,0.318673263698003,0.000549752611324904,0.299431922301631,0.0236393622869709,0.356422943008979
185273.411807,2497366.126422,0.0475316571848046,0.127362818865847,0,0.497338961277299,0.0356028629106258,0.292163699761424
178273.411807,2496866.126422,0.0225646670335718,0.00770500825536599,0.0110071546505228,0.822968262704091,0.131352045496239,0.00440286186020914
178773.411807,2496866.126422,0.00421245421245421,0,0.154945054945055,0.840842490842491,0,0
179273.411807,2496866.126422,0.013394495412844,0.0161467889908257,0.120183486238532,0.829908256880734,0.018348623853211,0.00201834862385321
179773.411807,2496866.126422,0.00697119794533113,0.0203632361034673,0.116125481563016,0.83030636580444,0.019262520638415,0.00697119794533113
180273.411807,2496866.126422,0.00476190476190476,0.0206959706959707,0.00659340659340659,0.958058608058608,0.00677655677655678,0.00311355311355311
180773.411807,2496866.126422,0.00660550458715596,0.00788990825688073,0.0280733944954128,0.950642201834862,0.00623853211009174,0.00055045871559633
181273.411807,2496866.126422,0.0332049165290772,0.0155934690882407,0.00201797835259585,0.905705375160521,0.017978352595854,0.0254999082737112
181773.411807,2496866.126422,0.101465201465201,0.163369963369963,0.00989010989010989,0.452930402930403,0.0802197802197802,0.192124542124542
182273.411807,2496866.126422,0.0513761467889908,0.0748623853211009,0.0110091743119266,0.741100917431193,0.0757798165137615,0.0458715596330275
182773.411807,2496866.126422,0.103650706292423,0.100348559897267,0,0.686296092460099,0.0486149330398092,0.0610897083104018
183273.411807,2496866.126422,0.0470695970695971,0.0703296703296703,0,0.810805860805861,0.0183150183150183,0.0534798534798535
183773.411807,2496866.126422,0.0214678899082569,0.0521100917431193,0.00587155963302752,0.868990825688073,0.0256880733944954,0.0258715596330275
184273.411807,2496866.126422,0.073747936158503,0.0476976701522656,0.00238488350761328,0.839112089524858,0.0196294257934324,0.0174279948633278
184773.411807,2496866.126422,0.0342490842490843,0.174358974358974,0,0.62967032967033,0.0379120879120879,0.123809523809524
185273.411807,2496866.126422,0.0201834862385321,0.209357798165138,0,0.54697247706422,0.0699082568807339,0.153577981651376
178273.411807,2496366.126422,0.045970695970696,0.043040293040293,0.0141025641025641,0.863369963369963,0.0104395604395604,0.0230769230769231
178773.411807,2496366.126422,0.00238357169050238,0.00146681334800147,0.13953061972864,0.854235423542354,0.00238357169050238,0
179273.411807,2496366.126422,0.00293040293040293,0.00128205128205128,0.1003663003663,0.893589743589744,0.00183150183150183,0
179773.411807,2496366.126422,0.0119047619047619,0.0289377289377289,0.0313186813186813,0.884615384615385,0.0164835164835165,0.0267399267399267
180273.411807,2496366.126422,0.0271360469380271,0.0177851118445178,0.0133846718005134,0.877337733773377,0.0608727539420609,0.00348368170150348
180773.411807,2496366.126422,0.0434065934065934,0.0424908424908425,0.00201465201465201,0.863736263736264,0.0434065934065934,0.00494505494505494
181273.411807,2496366.126422,0.0254578754578755,0.0450549450549451,0.000183150183150183,0.904212454212454,0.0216117216117216,0.00347985347985348
181773.411807,2496366.126422,0.0999266593325999,0.143381004767143,0,0.65951595159516,0.0339200586725339,0.0632563256325633
182273.411807,2496366.126422,0.105128205128205,0.117032967032967,0.00146520146520147,0.656410256410256,0.0456043956043956,0.0743589743589744
182773.411807,2496366.126422,0.101648351648352,0.0686813186813187,0.00622710622710623,0.754212454212454,0.0293040293040293,0.0399267399267399
183273.411807,2496366.126422,0.0203520352035204,0.0315364869820315,0.0284195086175284,0.8997066373304,0.00971763843050972,0.0102676934360103
183773.411807,2496366.126422,0.133150183150183,0.197619047619048,0.0122710622710623,0.547619047619048,0.0269230769230769,0.0824175824175824
184273.411807,2496366.126422,0.10952380952381,0.133333333333333,0.00164835164835165,0.695604395604396,0.0230769230769231,0.0368131868131868
184773.411807,2496366.126422,0.0705903923725706,0.111661166116612,0.00128346167950128,0.766593325999267,0.0357535753575358,0.0141180784745141
185273.411807,2496366.126422,0.162820512820513,0.188644688644689,0.000549450549450549,0.467765567765568,0.067032967032967,0.113186813186813
178773.411807,2495866.126422,0.0373831775700935,0.109034267912773,0.00604727872457394,0.778266446765622,0.0284038849184534,0.0408649441084845
179273.411807,2495866.126422,0.00789135621214902,0.00275279867865663,0.0726738851165352,0.913562121490182,0.00183519911910442,0.0012846393833731
179773.411807,2495866.126422,0.000183385292499542,0.000916926462497708,0.113515496057216,0.885384192187787,0,0
180273.411807,2495866.126422,0.000366501740883269,0.000916254352208173,0.0161260765988638,0.974528129008613,0.00806303829943192,0
180773.411807,2495866.126422,0.0603780510185355,0.04147550009176,0.038172141677372,0.849330152321527,0.00642319691686548,0.00422095797394017
181273.411807,2495866.126422,0.0333761232349166,0.0370438290849074,0.00476801760498808,0.904456262607739,0.0119200440124702,0.00843572345497891
181773.411807,2495866.126422,0.117097306212205,0.097306212204508,0.00256551218618288,0.631299248671431,0.0448964632582005,0.106835257467473
182273.411807,2495866.126422,0.0456964580657001,0.0657001284639383,0.0412919801798495,0.801798495136722,0.0350523031748945,0.0104606349788952
182773.411807,2495866.126422,0.0392444525949019,0.0357601320374106,0.0720704199523198,0.814780854575463,0.0344764349899138,0.00366770584999083
183273.411807,2495866.126422,0.0359171706065604,0.0472787245739417,0.00109950522264981,0.893897746014294,0.0164925783397471,0.0053142752428074
183773.411807,2495866.126422,0.0596439713708937,0.0910258763075794,0.000183519911910442,0.805652413286842,0.028629106258029,0.0148651128647458
184273.411807,2495866.126422,0.0445626260773886,0.0192554557124519,0.0260407115349349,0.885017421602787,0.0240234733174399,0.00110031175499725
184773.411807,2495866.126422,0.00513102437236577,0.015026571376214,0.0580905259299982,0.908191313908741,0.0108118013560564,0.00274876305662452
185273.411807,2495866.126422,0.106992108643788,0.287208662139842,0,0.360616626904019,0.0596439713708937,0.185538630941457
179273.411807,2495366.126422,0.0339449541284404,0.0444036697247706,0.0688073394495413,0.802385321100917,0.00972477064220183,0.0407339449541284
179773.411807,2495366.126422,0.000550357732526142,0.00110071546505228,0.0396257567418822,0.956705191707944,0.00201797835259585,0
180273.411807,2495366.126422,0.0399267399267399,0.0168498168498168,0.102197802197802,0.840659340659341,0.000366300366300366,0
180773.411807,2495366.126422,0.00055045871559633,0.00165137614678899,0.075045871559633,0.922752293577982,0,0
181273.411807,2495366.126422,0.000550357732526142,0.00110071546505228,0.102183085672354,0.896165841130068,0,0
181773.411807,2495366.126422,0.0214285714285714,0.0291208791208791,0.00366300366300366,0.917948717948718,0.0155677655677656,0.0122710622710623
182273.411807,2495366.126422,0.0361467889908257,0.0438532110091743,0.0622018348623853,0.820550458715596,0.0299082568807339,0.0073394495412844
182773.411807,2495366.126422,0.0416437350944781,0.0654925701706109,0.0577875619152449,0.83452577508714,0.000550357732526142,0
183273.411807,2495366.126422,0.114652014652015,0.147069597069597,0.00238095238095238,0.732234432234432,0.00183150183150183,0.00183150183150183
