"x","y","forest","agri","water","built","other","grass"
199273.411807,2654866.126422,0.0220619431480696,0.735256682223165,0,0.0727619855748833,0.0504879083580823,0.1194314806958
199773.411807,2654866.126422,0.055158512002932,0.537108301264431,0,0.133040131940627,0.10426974528129,0.17042330951072
200273.411807,2654866.126422,0.0534042943659387,0.361534226463571,0,0.225545971737934,0.138006973756653,0.221508533675904
200773.411807,2654866.126422,0.0181551439574546,0.694113332110765,0,0.057582981844856,0.0605171465248487,0.169631395562076
201273.411807,2654866.126422,0.0359171706065604,0.685541506322155,0,0.0364669232178853,0.0670698185816383,0.175004581271761
201773.411807,2654866.126422,0.0416590200036704,0.629473297852817,0,0.0723068452927143,0.110662506881997,0.145898329968802
202273.411807,2654866.126422,0.0291582615074271,0.698697964423253,0,0.0451127819548872,0.0614340729873464,0.165596919127086
202773.411807,2654866.126422,0.0568077698369067,0.269928532160528,0,0.174821330401319,0.129008612790911,0.369433754810335
203273.411807,2654866.126422,0.0308313452009543,0.76766379152138,0,0.02073775004588,0.0379886217654616,0.142778491466324
203773.411807,2654866.126422,0.04401247019989,0.0794058316523015,0.00348432055749129,0.564459930313589,0.187236383642032,0.121401063634696
204273.411807,2654866.126422,0.0251053692505039,0.173538574308228,0,0.256001466006964,0.232362103719993,0.312992486714312
204773.411807,2654866.126422,0.0310148651128647,0.334923839236557,0.000734079647641769,0.231969168654799,0.155257845476234,0.246100201871903
205273.411807,2654866.126422,0.0500641848523748,0.29616724738676,0.0119200440124702,0.323491655969191,0.147625160462131,0.170731707317073
205773.411807,2654866.126422,0,0.920652373098772,0,0.00146600696353308,0.00201575957485798,0.0758658603628367
206273.411807,2654866.126422,0.00789135621214902,0.804734813727289,0,0.0480822169205359,0.0357863828225362,0.103505230317489
206773.411807,2654866.126422,0.0280579497524299,0.636346964973409,0,0.0867412433522831,0.0623509994498441,0.186502842472034
207273.411807,2654866.126422,0.181968114348543,0.0410481949789262,0,0.314091991936962,0.205240974894631,0.257650723840938
207773.411807,2654866.126422,0.354560469810974,0.00623967700495504,0,0.0247751881079097,0.0563406129565058,0.558084052119655
208273.411807,2654866.126422,0.312305153126719,0.00880249403997799,0,0.19200440124702,0.104346231432239,0.382541720154044
208773.411807,2654866.126422,0.320689023272861,0.00696353307678211,0,0.0738501007879787,0.07623236210372,0.522264980758659
209273.411807,2654866.126422,0.48559368691503,0.0126628739218205,0,0.0546889337493118,0.087538997981281,0.359515507432556
209773.411807,2654866.126422,0.590684027141023,0.000183385292499542,0,0.000733541169998166,0.0066018705299835,0.401797175866495
210273.411807,2654866.126422,0.52134872640645,0.000366501740883269,0,0.122961334066337,0.078248121678578,0.277075316107751
210773.411807,2654866.126422,0.679207193980547,0,0,0,0,0.320792806019453
211273.411807,2654866.126422,0.44801026957638,0.00146708233999633,0,0.0100861910874748,0.0183385292499542,0.522097927746195
211773.411807,2654866.126422,0.30268314742237,0.000904431715405487,0,0.0147723846849563,0.031052155562255,0.650587880615014
199273.411807,2654366.126422,0.0784896054306322,0.533305048790836,0.0148493848112007,0.114340263046245,0.0924904539669071,0.166525243954179
199773.411807,2654366.126422,0.0146520146520147,0.828205128205128,0,0.0161172161172161,0.0120879120879121,0.128937728937729
200273.411807,2654366.126422,0.00844036697247706,0.607889908256881,0,0.0708256880733945,0.028256880733945,0.284587155963303
200773.411807,2654366.126422,0.00880572372041827,0.896716198862594,0,0.00752155567785727,0.00275178866263071,0.0842047330764997
201273.411807,2654366.126422,0.0611721611721612,0.460622710622711,0,0.0657509157509158,0.0824175824175824,0.33003663003663
201773.411807,2654366.126422,0.0203669724770642,0.540550458715596,0,0.160917431192661,0.106788990825688,0.171376146788991
202273.411807,2654366.126422,0.0293524124013942,0.634379013025133,0,0.0928270042194093,0.0744817464685379,0.168959823885526
202773.411807,2654366.126422,0.039010989010989,0.474725274725275,0,0.128205128205128,0.110805860805861,0.247252747252747
203273.411807,2654366.126422,0.0354128440366972,0.468807339449541,0,0.0873394495412844,0.0823853211009174,0.32605504587156
203773.411807,2654366.126422,0.0568702990277013,0.0300862227114291,0,0.679141441937259,0.174279948633278,0.0596220876903321
204273.411807,2654366.126422,0.013003663003663,0.18003663003663,0,0.21025641025641,0.167765567765568,0.428937728937729
204773.411807,2654366.126422,0.0326605504587156,0.238899082568807,0.00018348623853211,0.28348623853211,0.191009174311927,0.253761467889908
205273.411807,2654366.126422,0.0394423041643735,0.0774169877086773,0.000733810310034856,0.549990827371125,0.169877086773069,0.162538983672721
205773.411807,2654366.126422,0.0351648351648352,0.323443223443223,0.00494505494505494,0.36996336996337,0.119413919413919,0.147069597069597
206273.411807,2654366.126422,0.0124770642201835,0.770091743119266,0,0.0401834862385321,0.0774311926605505,0.0998165137614679
206773.411807,2654366.126422,0.0236653824986241,0.737846266740048,0,0.0618235186204366,0.0368739680792515,0.13979086406164
207273.411807,2654366.126422,0.118864468864469,0.275641025641026,0,0.256593406593407,0.106959706959707,0.241941391941392
207773.411807,2654366.126422,0.180550458715596,0.0181651376146789,0,0.242752293577982,0.155045871559633,0.40348623853211
208273.411807,2654366.126422,0.259035039442304,0.00421940928270042,0.000366905155017428,0.0341221794166208,0.0293524124013942,0.672904054301963
208773.411807,2654366.126422,0.245787545787546,0.000732600732600733,0,0.00128205128205128,0.00402930402930403,0.748168498168498
209273.411807,2654366.126422,0.614862385321101,0.00055045871559633,0,0.00018348623853211,0.00128440366972477,0.383119266055046
209773.411807,2654366.126422,0.655109154283618,0.000183452577508714,0,0.0106402494955054,0.0464135021097046,0.287653641533664
210273.411807,2654366.126422,0.569230769230769,0.00274725274725275,0,0.0631868131868132,0.0598901098901099,0.304945054945055
210773.411807,2654366.126422,0.360183486238532,0.00128440366972477,0,0.111192660550459,0.112844036697248,0.414495412844037
211273.411807,2654366.126422,0.584296459365254,0.000183452577508714,0,0.00348559897266557,0.00642084021280499,0.405613648871767
211773.411807,2654366.126422,0.45134076529075,0.00241036456764086,0,0.0346489906598373,0.0424826755046701,0.469117203977102
199273.411807,2653866.126422,0.0540368722186904,0.559016740834923,0.00127145581691036,0.0483153210425938,0.114854842127569,0.222504767959313
199773.411807,2653866.126422,0.0936927026035937,0.517785111844518,0.00568390172350568,0.0227356068940227,0.0484048404840484,0.311697836450312
200273.411807,2653866.126422,0.0327838827838828,0.710989010989011,0,0.010989010989011,0.0902930402930403,0.154945054945055
200773.411807,2653866.126422,0.0507326007326007,0.547802197802198,0,0.0468864468864469,0.111355311355311,0.243223443223443
201273.411807,2653866.126422,0.0396039603960396,0.718921892189219,0,0.0540887422075541,0.07004033736707,0.117345067840117
201773.411807,2653866.126422,0.0593406593406593,0.306959706959707,0,0.196886446886447,0.138278388278388,0.298534798534799
202273.411807,2653866.126422,0.0327838827838828,0.276007326007326,0.000183150183150183,0.387912087912088,0.156593406593407,0.146520146520147
202773.411807,2653866.126422,0.024019068573524,0.35001833516685,0.000366703337000367,0.20975430876421,0.139347268060139,0.276494316098277
203273.411807,2653866.126422,0.0144688644688645,0.155128205128205,0.0104395604395604,0.409340659340659,0.181868131868132,0.228754578754579
203773.411807,2653866.126422,0.0250915750915751,0.200549450549451,0.000183150183150183,0.142857142857143,0.14010989010989,0.491208791208791
204273.411807,2653866.126422,0.0192519251925193,0.101393472680601,0.00238357169050238,0.204070407040704,0.204803813714705,0.468096809680968
204773.411807,2653866.126422,0.0353479853479853,0.105494505494505,0.000183150183150183,0.363919413919414,0.155677655677656,0.339377289377289
205273.411807,2653866.126422,0.0179487179487179,0.121794871794872,0.00201465201465201,0.51978021978022,0.138644688644689,0.19981684981685
205773.411807,2653866.126422,0.0476714338100477,0.0507884121745508,0.0077007700770077,0.656582324899157,0.14998166483315,0.0872753942060873
206273.411807,2653866.126422,0.043040293040293,0.454212454212454,0.00128205128205128,0.204029304029304,0.111172161172161,0.186263736263736
206773.411807,2653866.126422,0.0155677655677656,0.845970695970696,0,0.0313186813186813,0.013003663003663,0.0941391941391941
207273.411807,2653866.126422,0.0271360469380271,0.501100110011001,0,0.136046938027136,0.0744407774110744,0.261276127612761
207773.411807,2653866.126422,0.121062271062271,0.0873626373626374,0,0.342857142857143,0.203296703296703,0.245421245421245
208273.411807,2653866.126422,0.131135531135531,0.0146520146520147,0,0.399084249084249,0.15952380952381,0.295604395604396
208773.411807,2653866.126422,0.589108910891089,0,0,0.000183351668500183,0.0022002200220022,0.408507517418409
209273.411807,2653866.126422,0.746153846153846,0,0,0,0,0.253846153846154
209773.411807,2653866.126422,0.772344322344322,0,0,0,0,0.227655677655678
210273.411807,2653866.126422,0.355335533553355,0.0137513751375138,0,0.00128346167950128,0.00531719838650532,0.624312431243124
210773.411807,2653866.126422,0.236996336996337,0.00970695970695971,0,0.1503663003663,0.108791208791209,0.494139194139194
211273.411807,2653866.126422,0.614652014652015,0.000549450549450549,0,0.00146520146520147,0.00366300366300366,0.37967032967033
211773.411807,2653866.126422,0.515983112183353,0.00271411338962606,0,0.00874547647768396,0.0392038600723764,0.43335343787696
199273.411807,2653366.126422,0.00890963088672041,0.784896054306322,0,0.00212134068731438,0.0231226134917268,0.180950360627917
199773.411807,2653366.126422,0.144035184167125,0.339563862928349,0.015026571376214,0.111233278358072,0.155579989004948,0.234561114165292
200273.411807,2653366.126422,0.028629106258029,0.658285924022756,0,0.0293631859056708,0.0754266837951918,0.208295100018352
200773.411807,2653366.126422,0.0823399963322941,0.291766000366771,0,0.219695580414451,0.281863194571795,0.124335228314689
201273.411807,2653366.126422,0.0428807036833425,0.73428623785963,0,0.0998717243906908,0.0562580172255818,0.066703316840755
201773.411807,2653366.126422,0.0543218939254909,0.41493852082951,0,0.1370893741971,0.16608552027895,0.227564690768948
202273.411807,2653366.126422,0.0313588850174216,0.570695030258573,0,0.0482303319273794,0.0898587933247754,0.25985695947185
202773.411807,2653366.126422,0.0454462158695254,0.548836356972696,0,0.055158512002932,0.138720908924317,0.21183800623053
203273.411807,2653366.126422,0.0334006239677005,0.366122224261332,0,0.0857037988621766,0.141493852082951,0.37327950082584
203773.411807,2653366.126422,0.0209059233449477,0.23601687144691,0,0.14395745461214,0.231432239134421,0.367687511461581
204273.411807,2653366.126422,0.0229063588052043,0.193696170056808,0,0.110500274876306,0.169873556899395,0.503023639362287
204773.411807,2653366.126422,0.0308313452009543,0.17434391631492,0,0.211047898697009,0.164066801247935,0.419710038539181
205273.411807,2653366.126422,0.0245736291949386,0.111314872547222,0.00366770584999083,0.3999633229415,0.243352283146892,0.217128186319457
205773.411807,2653366.126422,0.0720175920835624,0.120945574491479,0.000366501740883269,0.487813817115631,0.11434854315558,0.204507971412864
206273.411807,2653366.126422,0.0238575885483575,0.230868049183336,0.000550559735731327,0.496788401541567,0.122407781244265,0.125527619746743
206773.411807,2653366.126422,0.0209059233449477,0.411699981661471,0.00238400880249404,0.32789290298918,0.11186502842472,0.125252154777187
207273.411807,2653366.126422,0.0544255085211655,0.34524463991204,0.000183250870441635,0.36430273043797,0.0738501007879787,0.161993769470405
207773.411807,2653366.126422,0.0647825289043861,0.298219856854469,0,0.317856487428886,0.159295283538264,0.159845843273995
208273.411807,2653366.126422,0.149459013387126,0.00770218228498074,0,0.445993031358885,0.12396845772969,0.272877315239318
208773.411807,2653366.126422,0.339197361187466,0.00861279091075683,0,0.0967564595931831,0.0883269195528679,0.467106468755727
209273.411807,2653366.126422,0.62231602128831,0.0012846393833731,0,0.0238575885483575,0.019086070838686,0.333455679941274
209773.411807,2653366.126422,0.741059966990647,0,0,0,0,0.258940033009353
210273.411807,2653366.126422,0.654022356606194,0.00879604178119846,0,0.00219901044529962,0.00293201392706615,0.332050577240242
210773.411807,2653366.126422,0.384474215452377,0.0163332721600294,0,0.0227564690768948,0.0671682877592219,0.509267755551477
211273.411807,2653366.126422,0.517513295433706,0.00275077938749312,0,0.0408949202273978,0.0590500641848524,0.379790940766551
211773.411807,2653366.126422,0.671088332830871,0,0,0,0,0.328911667169129
199273.411807,2652866.126422,0.0271531607976241,0.514212982605006,0,0.0470937632583793,0.0562155282138311,0.355324565125159
199773.411807,2652866.126422,0.0950549450549451,0.259157509157509,0,0.0393772893772894,0.114835164835165,0.491575091575092
200273.411807,2652866.126422,0.0889908256880734,0.235229357798165,0.0557798165137615,0.169174311926606,0.158165137614679,0.292660550458716
200773.411807,2652866.126422,0.0319207484865162,0.453861676756558,0,0.0475142175747569,0.116675839295542,0.350027517886626
201273.411807,2652866.126422,0.0371794871794872,0.563736263736264,0,0.0227106227106227,0.0706959706959707,0.305677655677656
201773.411807,2652866.126422,0.0502752293577982,0.605137614678899,0,0.0326605504587156,0.0710091743119266,0.240917431192661
202273.411807,2652866.126422,0.0768666299761512,0.252797651807008,0,0.126215373325995,0.168409466152999,0.375710878737846
202773.411807,2652866.126422,0.0184981684981685,0.33974358974359,0.0010989010989011,0.06996336996337,0.176007326007326,0.394688644688645
203273.411807,2652866.126422,0.011743119266055,0.373211009174312,0.00018348623853211,0.131192660550459,0.138532110091743,0.345137614678899
203773.411807,2652866.126422,0.0416437350944781,0.343606677673821,0,0.0691616217207852,0.131718950651257,0.413869014859659
204273.411807,2652866.126422,0.026007326007326,0.349450549450549,0,0.125274725274725,0.163003663003663,0.336263736263736
204773.411807,2652866.126422,0.0227522935779817,0.276330275229358,0,0.241284403669725,0.186788990825688,0.272844036697248
205273.411807,2652866.126422,0.0254999082737112,0.317372959090075,0,0.234635846633645,0.227848101265823,0.194643184736746
205773.411807,2652866.126422,0.0547619047619048,0.269413919413919,0,0.155494505494505,0.143040293040293,0.377289377289377
206273.411807,2652866.126422,0.0368807339449541,0.0427522935779817,0,0.745137614678899,0.121284403669725,0.0539449541284404
206773.411807,2652866.126422,0.0794349660612732,0.327829756008072,0.00201797835259585,0.313153549807375,0.125665015593469,0.151898734177215
207273.411807,2652866.126422,0.0393772893772894,0.733516483516483,0.000183150183150183,0.104029304029304,0.0338827838827839,0.089010989010989
207773.411807,2652866.126422,0.0499082568807339,0.577798165137615,0,0.0781651376146789,0.0899082568807339,0.204220183486239
208273.411807,2652866.126422,0.11410750321042,0.0587048248027885,0,0.390753990093561,0.190974133186571,0.245459548706659
208773.411807,2652866.126422,0.23021978021978,0.00622710622710623,0,0.290659340659341,0.123992673992674,0.348901098901099
209273.411807,2652866.126422,0.62,0.00055045871559633,0,0.00825688073394495,0.0106422018348624,0.360550458715596
209773.411807,2652866.126422,0.603925885158687,0,0,0.00330214639515685,0.00697119794533113,0.385800770500826
210273.411807,2652866.126422,0.644688644688645,0.00146520146520147,0,0.00695970695970696,0.0282051282051282,0.318681318681319
210773.411807,2652866.126422,0.747889908256881,0,0,0.00073394495412844,0.00697247706422018,0.244403669724771
211273.411807,2652866.126422,0.41368556228215,0.0110071546505228,0.000183452577508714,0.0291689598238855,0.0818198495688864,0.464135021097046
211773.411807,2652866.126422,0.665561916239831,0,0,0.000301295570955107,0.00331425128050618,0.330822536908707
199273.411807,2652366.126422,0.0101716465352829,0.519389701207883,0,0.0300911210002119,0.073744437380801,0.366603093875821
199773.411807,2652366.126422,0.0429042904290429,0.342500916758342,0,0.100660066006601,0.183168316831683,0.330766409974331
200273.411807,2652366.126422,0.122527472527473,0.154029304029304,0.0543956043956044,0.155860805860806,0.21959706959707,0.293589743589744
200773.411807,2652366.126422,0.0336996336996337,0.204212454212454,0.0296703296703297,0.304578754578755,0.186813186813187,0.241025641025641
201273.411807,2652366.126422,0.050971763843051,0.294279427942794,0.00403373670700403,0.155665566556656,0.192335900256692,0.302713604693803
201773.411807,2652366.126422,0.0353479853479853,0.494505494505495,0,0.0912087912087912,0.0857142857142857,0.293223443223443
202273.411807,2652366.126422,0.144322344322344,0.224542124542125,0,0.121611721611722,0.161721611721612,0.347802197802198
202773.411807,2652366.126422,0.063989732306564,0.325999266593326,0,0.158782544921159,0.159149248258159,0.292079207920792
203273.411807,2652366.126422,0.0357142857142857,0.337179487179487,0,0.0976190476190476,0.152014652014652,0.377472527472527
203773.411807,2652366.126422,0.0765567765567766,0.422710622710623,0,0.0100732600732601,0.0761904761904762,0.414468864468864
204273.411807,2652366.126422,0.044004400440044,0.507334066740007,0,0.0916758342500917,0.115328199486615,0.241657499083242
204773.411807,2652366.126422,0.0346153846153846,0.409340659340659,0,0.214652014652015,0.167032967032967,0.174358974358974
205273.411807,2652366.126422,0.0298534798534799,0.447985347985348,0,0.141025641025641,0.129120879120879,0.252014652014652
205773.411807,2652366.126422,0.0306197286395306,0.216171617161716,0.00513384671800513,0.376787678767877,0.191419141914191,0.17986798679868
206273.411807,2652366.126422,0.0395604395604396,0.0483516483516484,0.00512820512820513,0.623992673992674,0.157509157509158,0.125457875457875
206773.411807,2652366.126422,0.0210622710622711,0.217032967032967,0.00402930402930403,0.474542124542125,0.166666666666667,0.116666666666667
207273.411807,2652366.126422,0.0293362669600293,0.638797213054639,0.000366703337000367,0.133846718005134,0.0572057205720572,0.14044737807114
207773.411807,2652366.126422,0.0318681318681319,0.801282051282051,0,0.0305860805860806,0.0452380952380952,0.091025641025641
208273.411807,2652366.126422,0.0173992673992674,0.704945054945055,0,0.0228937728937729,0.0395604395604396,0.215201465201465
208773.411807,2652366.126422,0.132563256325633,0.162999633296663,0,0.262192885955262,0.190869086908691,0.251375137513751
209273.411807,2652366.126422,0.206776556776557,0.0152014652014652,0,0.226190476190476,0.150732600732601,0.401098901098901
209773.411807,2652366.126422,0.530769230769231,0.00311355311355311,0,0.0483516483516484,0.0701465201465201,0.347619047619048
210273.411807,2652366.126422,0.582508250825083,0.0033003300330033,0,0.00586725339200587,0.0313531353135314,0.376971030436377
210773.411807,2652366.126422,0.712087912087912,0,0,0.000183150183150183,0.00183150183150183,0.285897435897436
211273.411807,2652366.126422,0.498534798534799,0.00311355311355311,0,0.0804029304029304,0.0826007326007326,0.335347985347985
211773.411807,2652366.126422,0.578709288299156,0.00060313630880579,0,0.00814234016887817,0.0129674306393245,0.399577804583836
199273.411807,2651866.126422,0.0106067034365719,0.381629189647857,0,0.126644039032669,0.281289775137887,0.199830292745015
199773.411807,2651866.126422,0.0355506688656771,0.36320322521532,0,0.184716877405168,0.170056807769837,0.246472420743999
200273.411807,2651866.126422,0.0669847678473114,0.0868049183336392,0.00697375665259681,0.479537529821986,0.207744540282621,0.151954487061846
200773.411807,2651866.126422,0.0814230698697964,0.23216578030442,0.0209059233449477,0.0794058316523015,0.125802310654686,0.460297084173849
201273.411807,2651866.126422,0.064687557265897,0.447498625618472,0,0.0382994319223016,0.109034267912773,0.340480117280557
201773.411807,2651866.126422,0.0724903652046247,0.363002385758855,0.00752431638832813,0.155441365388145,0.12038906221325,0.281152505046798
202273.411807,2651866.126422,0.08399046396479,0.199339812947002,0.00146708233999633,0.199156427654502,0.202640748211993,0.313405464881717
202773.411807,2651866.126422,0.0500274876305662,0.384643577056991,0,0.249587685541506,0.155763239875389,0.159978009895547
203273.411807,2651866.126422,0.0334006239677005,0.23251972839053,0.00568911726922371,0.180950633143696,0.243897962928978,0.303541934299872
203773.411807,2651866.126422,0.0581331377223547,0.459746928296351,0,0.06400146708234,0.14414083990464,0.273977626994315
204273.411807,2651866.126422,0.0304196444933113,0.484698552318124,0,0.01905809052593,0.139087410665201,0.326736301997434
204773.411807,2651866.126422,0.0833180400073408,0.154340245916682,0,0.202973022572949,0.187557349972472,0.371811341530556
205273.411807,2651866.126422,0.0377773702549056,0.185035760132037,0,0.368237667339079,0.171465248487071,0.237483953786906
205773.411807,2651866.126422,0.0243723657687374,0.112882536192047,0.00568077698369067,0.54150632215503,0.170056807769837,0.145501191130658
206273.411807,2651866.126422,0.00770783630023858,0.0583593319875206,0.00862543585979079,0.788585061479171,0.104239309965131,0.0324830244081483
206773.411807,2651866.126422,0.00421786172748946,0.061617458279846,0.00146708233999633,0.717953420135705,0.12800293416468,0.0867412433522831
207273.411807,2651866.126422,0.0212571009712296,0.168590800806304,0.00146600696353308,0.516034451163643,0.136338647608576,0.156312992486714
207773.411807,2651866.126422,0.0456964580657001,0.585612038906221,0,0.0910258763075794,0.0836850798311617,0.193980546889337
208273.411807,2651866.126422,0.070786722904823,0.342380341096644,0,0.188703465982028,0.130937098844673,0.267192371171832
208773.411807,2651866.126422,0.0797141286421111,0.0304196444933113,0,0.226131574124977,0.208722741433022,0.455011911306579
209273.411807,2651866.126422,0.188107909708203,0.00844191594788034,0,0.326114883464856,0.154340245916682,0.322995044962378
209773.411807,2651866.126422,0.525949018888685,0.00201723821749496,0,0.0306253438474234,0.0339262791124152,0.407482119933981
210273.411807,2651866.126422,0.40241891148983,0.00659703133589885,0,0.190397654388858,0.0835623969213854,0.317024005864028
210773.411807,2651866.126422,0.380253257478436,0.00862543585979079,0,0.0489998164800881,0.0794641218572215,0.482657368324463
211273.411807,2651866.126422,0.693563176233266,0.000366770584999083,0,0.00165046763249587,0.00476801760498808,0.299651567944251
211773.411807,2651866.126422,0.457340970756708,0.00422068133855894,0,0.0584865842628881,0.071148628278565,0.40880313536328
199273.411807,2651366.126422,0.0110309715740348,0.470725498515062,0,0.113067458633857,0.24480271531608,0.160373355960967
199773.411807,2651366.126422,0.0152014652014652,0.366849816849817,0,0.112637362637363,0.252930402930403,0.252380952380952
200273.411807,2651366.126422,0.0407339449541284,0.454495412844037,0.00128440366972477,0.0306422018348624,0.113761467889908,0.359082568807339
200773.411807,2651366.126422,0.0616400660429279,0.471840029352412,0.00275178866263071,0.0587048248027885,0.131352045496239,0.273711245643001
201273.411807,2651366.126422,0.0445054945054945,0.562637362637363,0,0.0996336996336996,0.0785714285714286,0.214652014652015
201773.411807,2651366.126422,0.0796330275229358,0.267706422018349,0.00458715596330275,0.230091743119266,0.18348623853211,0.234495412844037
202273.411807,2651366.126422,0.0476976701522656,0.392588515868648,0,0.105485232067511,0.155017427994863,0.299211153916713
202773.411807,2651366.126422,0.0587912087912088,0.364102564102564,0.000915750915750916,0.161904761904762,0.168131868131868,0.246153846153846
203273.411807,2651366.126422,0.0555963302752294,0.221467889908257,0.00275229357798165,0.20256880733945,0.148440366972477,0.369174311926605
203773.411807,2651366.126422,0.0508163639699138,0.50210970464135,0,0.0658594753256283,0.0898917629792699,0.291322693083838
204273.411807,2651366.126422,0.0924908424908425,0.129304029304029,0,0.297619047619048,0.195238095238095,0.285347985347985
204773.411807,2651366.126422,0.044954128440367,0.477614678899083,0,0.122201834862385,0.11743119266055,0.237798165137615
205273.411807,2651366.126422,0.0379746835443038,0.0680609062557329,0.00311869381764814,0.583746101632728,0.131902403228765,0.175197211520822
205773.411807,2651366.126422,0.00769230769230769,0.0106227106227106,0.0135531135531136,0.865201465201465,0.0782051282051282,0.0247252747252747
206273.411807,2651366.126422,0.0141284403669725,0.0170642201834862,0.00587155963302752,0.879633027522936,0.0722935779816514,0.0110091743119266
206773.411807,2651366.126422,0.0229315721885892,0.0177949000183453,0.00330214639515685,0.882039992661897,0.0603558980003669,0.0135754907356448
207273.411807,2651366.126422,0.0115384615384615,0.00274725274725275,0.00695970695970696,0.959157509157509,0.0106227106227106,0.00897435897435897
207773.411807,2651366.126422,0.0484403669724771,0.18256880733945,0,0.39743119266055,0.176146788990826,0.195412844036697
208273.411807,2651366.126422,0.0473307649972482,0.250412768299395,0,0.337552742616034,0.150798018712163,0.213905705375161
208773.411807,2651366.126422,0.0818681318681319,0.197802197802198,0,0.073992673992674,0.103113553113553,0.543223443223443
209273.411807,2651366.126422,0.0638532110091743,0.00807339449541284,0.00256880733944954,0.472110091743119,0.144954128440367,0.308440366972477
209773.411807,2651366.126422,0.170977802238121,0.0126582278481013,0,0.183452577508714,0.201064024949551,0.431847367455513
210273.411807,2651366.126422,0.334615384615385,0.0217948717948718,0.000915750915750916,0.269413919413919,0.142490842490842,0.230769230769231
210773.411807,2651366.126422,0.659633027522936,0.0055045871559633,0,0.0055045871559633,0.0271559633027523,0.302201834862385
211273.411807,2651366.126422,0.679141441937259,0.000183452577508714,0,0,0.00330214639515685,0.317372959090075
211773.411807,2651366.126422,0.542030732148237,0.00120518228382043,0,0.0213919855378126,0.0460982223561314,0.389273877673998
199273.411807,2650866.126422,0.0277601186692096,0.340750158931977,0,0.10680228862047,0.150031786395423,0.37465564738292
199773.411807,2650866.126422,0.0256692335900257,0.334250091675834,0,0.0441877521085442,0.116061606160616,0.47983131646498
200273.411807,2650866.126422,0.0293040293040293,0.572893772893773,0,0.0421245421245421,0.0794871794871795,0.276190476190476
200773.411807,2650866.126422,0.0668498168498168,0.473626373626374,0,0.0346153846153846,0.111721611721612,0.313186813186813
201273.411807,2650866.126422,0.0368536853685369,0.393839383938394,0,0.0630729739640631,0.175100843417675,0.331133113311331
201773.411807,2650866.126422,0.045970695970696,0.604212454212454,0,0.0424908424908425,0.0791208791208791,0.228205128205128
202273.411807,2650866.126422,0.104761904761905,0.3503663003663,0,0.0983516483516483,0.120695970695971,0.325824175824176
202773.411807,2650866.126422,0.0449211587825449,0.399339933993399,0,0.206453978731206,0.147048038137147,0.202236890355702
203273.411807,2650866.126422,0.0465201465201465,0.16978021978022,0.000915750915750916,0.244505494505494,0.189377289377289,0.348901098901099
203773.411807,2650866.126422,0.0556776556776557,0.205494505494505,0,0.317032967032967,0.163553113553114,0.258241758241758
204273.411807,2650866.126422,0.0452878621195453,0.192152548588192,0,0.346718005133847,0.208104143747708,0.207737440410708
204773.411807,2650866.126422,0.0694139194139194,0.179487179487179,0,0.2996336996337,0.185714285714286,0.265750915750916
205273.411807,2650866.126422,0.0267399267399267,0.065018315018315,0,0.65989010989011,0.171428571428571,0.0769230769230769
205773.411807,2650866.126422,0.0577557755775578,0.0394206087275394,0.00293362669600293,0.74037403740374,0.124679134580125,0.0348368170150348
206273.411807,2650866.126422,0.019047619047619,0.0249084249084249,0.0133699633699634,0.866849816849817,0.0611721611721612,0.0146520146520147
206773.411807,2650866.126422,0.0263736263736264,0.0327838827838828,0.00183150183150183,0.797619047619048,0.112271062271062,0.0291208791208791
207273.411807,2650866.126422,0.0280528052805281,0.0242024202420242,0.00256692335900257,0.871837183718372,0.0669233590025669,0.00641730839750642
207773.411807,2650866.126422,0.0223443223443223,0.0730769230769231,0.000732600732600733,0.622710622710623,0.156776556776557,0.124358974358974
208273.411807,2650866.126422,0.0316849816849817,0.243956043956044,0,0.413369963369963,0.135897435897436,0.175091575091575
208773.411807,2650866.126422,0.0733406674000733,0.174000733406674,0,0.276677667766777,0.14961496149615,0.326365969930326
209273.411807,2650866.126422,0.0626373626373626,0.0119047619047619,0.000183150183150183,0.492490842490843,0.137179487179487,0.295604395604396
209773.411807,2650866.126422,0.100732600732601,0.0333333333333333,0,0.261721611721612,0.154395604395604,0.44981684981685
210273.411807,2650866.126422,0.304913824715805,0.00568390172350568,0,0.0826916024935827,0.123579024569124,0.483131646497983
210773.411807,2650866.126422,0.538827838827839,0.00622710622710623,0,0.0108058608058608,0.0501831501831502,0.393956043956044
211273.411807,2650866.126422,0.645421245421245,0.000732600732600733,0,0.00750915750915751,0.0232600732600733,0.323076923076923
211773.411807,2650866.126422,0.754825090470446,0.000301568154402895,0,0.000904704463208685,0.00874547647768396,0.235223160434258
199273.411807,2650366.126422,0.065337293169283,0.333050487908358,0.00233347475604582,0.122189223589308,0.150190920661858,0.326898599915146
199773.411807,2650366.126422,0.0238226131574125,0.366135239142386,0,0.17262231995602,0.100971229613341,0.336448598130841
200273.411807,2650366.126422,0.0420260598274913,0.366672783997064,0,0.0838685997430721,0.0935951550743256,0.413837401358047
200773.411807,2650366.126422,0.0203557674674491,0.547221712818632,0,0.0251237850724372,0.0762882816798093,0.331010452961672
201273.411807,2650366.126422,0.0249221183800623,0.478834524463991,0.000916254352208173,0.0863111599780099,0.145317940260216,0.263698002565512
201773.411807,2650366.126422,0.0601945311066251,0.761974674252156,0,0.00311983850247752,0.0150486327766563,0.159662323362085
202273.411807,2650366.126422,0.0562992847973593,0.463231248853842,0,0.0581331377223547,0.127452778287181,0.294883550339263
202773.411807,2650366.126422,0.0569910207073484,0.216236027121129,0.000366501740883269,0.201026204874473,0.180318856514568,0.345061389041598
203273.411807,2650366.126422,0.0405579005322077,0.157093044595339,0,0.264819232886768,0.23251972839053,0.305010093595155
203773.411807,2650366.126422,0.0397946084724005,0.412983678708968,0,0.0819732257472951,0.106546854942234,0.358701632129103
204273.411807,2650366.126422,0.047645226314825,0.220267546270845,0.0304196444933113,0.411947956752795,0.132856881070185,0.156862745098039
204773.411807,2650366.126422,0.0392732611488346,0.104422829877042,0.000917599559552211,0.544503578638282,0.126261699394384,0.184621031381905
205273.411807,2650366.126422,0.0579497524298551,0.126169081239685,0.00165046763249587,0.460847240051348,0.151292866312122,0.202090592334495
205773.411807,2650366.126422,0.0177753344328386,0.00604727872457394,0.011544804837823,0.905809052593,0.0465457210921752,0.0122778083195895
206273.411807,2650366.126422,0.0100935951550743,0.0108276748027161,0.02073775004588,0.92126995779042,0.0300972655533125,0.00697375665259681
206773.411807,2650366.126422,0.0335595085274161,0.015587749862461,0.00385109114249037,0.83605354850541,0.0814230698697964,0.0295250320924262
207273.411807,2650366.126422,0.00769653655854865,0.00696353307678211,0.00256551218618288,0.9529045262965,0.0282206340480117,0.00164925783397471
207773.411807,2650366.126422,0.031932464672417,0.0598274912828042,0.000183519911910442,0.671682877592219,0.174894476050652,0.0614791704899982
208273.411807,2650366.126422,0.0473134054648817,0.230515312671924,0.00275077938749312,0.224463598019439,0.145974692829635,0.348982211626628
208773.411807,2650366.126422,0.0604727872457394,0.109034267912773,0,0.0393989371449514,0.0624885468205974,0.728605460875939
209273.411807,2650366.126422,0.0772618829142962,0.00991007524316388,0.000367039823820885,0.343916314920169,0.127729858689668,0.440814828408882
209773.411807,2650366.126422,0.22391344214194,0.0205391527599487,0.00128369704749679,0.358518246836604,0.194021639464515,0.201723821749496
210273.411807,2650366.126422,0.457027670881437,0.00366501740883269,0,0.122961334066337,0.11544804837823,0.300897929265164
210773.411807,2650366.126422,0.670581758120756,0.00165167920719398,0,0.00991007524316388,0.0256927876674619,0.292163699761424
211273.411807,2650366.126422,0.673757564643316,0,0,0.000366770584999083,0.00385109114249037,0.322024573629195
211773.411807,2650366.126422,0.770575821525475,0,0,0,0.00150738619234248,0.227916792282183
199273.411807,2649866.126422,0.0615188799321171,0.134917267713195,0.000424268137462877,0.387568943572338,0.168010182435299,0.247560458209588
199773.411807,2649866.126422,0.107875457875458,0.0972527472527473,0,0.261904761904762,0.241941391941392,0.291025641025641
200273.411807,2649866.126422,0.055045871559633,0.21302752293578,0.00036697247706422,0.453577981651376,0.104036697247706,0.17394495412844
200773.411807,2649866.126422,0.0352228948816731,0.210603558980004,0.000366905155017428,0.453311319024032,0.138139790864062,0.162355531095212
201273.411807,2649866.126422,0.0401098901098901,0.305128205128205,0.00293040293040293,0.238278388278388,0.179487179487179,0.234065934065934
201773.411807,2649866.126422,0.0442201834862385,0.339266055045872,0.00128440366972477,0.366605504587156,0.0842201834862385,0.164403669724771
202273.411807,2649866.126422,0.0695285268758026,0.338470005503577,0.000183452577508714,0.17116125481563,0.13410383415887,0.286552926068611
202773.411807,2649866.126422,0.0723443223443224,0.225274725274725,0,0.332967032967033,0.129120879120879,0.24029304029304
203273.411807,2649866.126422,0.0521100917431193,0.0899082568807339,0.00146788990825688,0.619816513761468,0.129357798165138,0.107339449541284
203773.411807,2649866.126422,0.0497156485048615,0.086589616584113,0.00110071546505228,0.602274811961108,0.113557145477894,0.146762062006971
204273.411807,2649866.126422,0.0573260073260073,0.0868131868131868,0.0111721611721612,0.53021978021978,0.0996336996336996,0.214835164835165
204773.411807,2649866.126422,0.0495412844036697,0.0477064220183486,0.00146788990825688,0.623302752293578,0.109908256880734,0.168073394495413
205273.411807,2649866.126422,0.0453127866446524,0.060906255732893,0.000733810310034856,0.560997982021647,0.140341221794166,0.191707943496606
205773.411807,2649866.126422,0.0377289377289377,0.0388278388278388,0.00934065934065934,0.657875457875458,0.134981684981685,0.121245421245421
206273.411807,2649866.126422,0.00862385321100917,0.0073394495412844,0.00788990825688073,0.933394495412844,0.0335779816513761,0.00917431192660551
206773.411807,2649866.126422,0.0148596587782058,0.00862227114290956,0.000366905155017428,0.911942762795817,0.0493487433498441,0.0148596587782058
207273.411807,2649866.126422,0.0913919413919414,0.0527472527472527,0.00164835164835165,0.627472527472527,0.110622710622711,0.116117216117216
207773.411807,2649866.126422,0.0796330275229358,0.076697247706422,0.00018348623853211,0.398899082568807,0.211743119266055,0.232844036697248
208273.411807,2649866.126422,0.0579710144927536,0.0741148413135205,0.000366905155017428,0.519904604659695,0.17116125481563,0.176481379563383
208773.411807,2649866.126422,0.0395604395604396,0.0161172161172161,0.000366300366300366,0.503479853479853,0.165018315018315,0.275457875457875
209273.411807,2649866.126422,0.088256880733945,0.0161467889908257,0,0.293761467889908,0.122018348623853,0.479816513761468
209773.411807,2649866.126422,0.286919831223629,0.011557512383049,0.000733810310034856,0.223261786828105,0.130067877453678,0.347459181801504
210273.411807,2649866.126422,0.423076923076923,0.00879120879120879,0,0.136446886446886,0.0919413919413919,0.33974358974359
210773.411807,2649866.126422,0.449174311926606,0.0119266055045872,0,0.0693577981651376,0.141834862385321,0.327706422018349
211273.411807,2649866.126422,0.494221243808475,0.00146762062006971,0,0.0423775454045129,0.0884241423592002,0.373509447807742
211773.411807,2649866.126422,0.621271467309431,0.00662850256101235,0,0.0183790298282615,0.0650798433263031,0.288641156974992
199273.411807,2649366.126422,0.0372960372960373,0.365967365967366,0,0.0926043653316381,0.151303242212333,0.352828989192626
199773.411807,2649366.126422,0.0262192885955262,0.226072607260726,0,0.136780344701137,0.143197653098643,0.467730106343968
200273.411807,2649366.126422,0.0912087912087912,0.173260073260073,0,0.106227106227106,0.141758241758242,0.487545787545788
200773.411807,2649366.126422,0.0985347985347985,0.19981684981685,0,0.28992673992674,0.153113553113553,0.258608058608059
201273.411807,2649366.126422,0.085991932526586,0.13953061972864,0,0.374404107077374,0.211404473780711,0.188668866886689
201773.411807,2649366.126422,0.0895604395604396,0.108974358974359,0.000549450549450549,0.469047619047619,0.176556776556777,0.155311355311355
202273.411807,2649366.126422,0.0282051282051282,0.186813186813187,0,0.508424908424908,0.122344322344322,0.154212454212454
202773.411807,2649366.126422,0.0797579757975798,0.299046571323799,0.00696736340300697,0.11037770443711,0.124495782911624,0.379354602126879
203273.411807,2649366.126422,0.0891941391941392,0.37032967032967,0,0.148717948717949,0.0917582417582418,0.3
203773.411807,2649366.126422,0.0415750915750916,0.339377289377289,0,0.291391941391941,0.117399267399267,0.21025641025641
204273.411807,2649366.126422,0.0515218188485515,0.155482214888155,0.00146681334800147,0.392372570590392,0.196186285295196,0.202970297029703
204773.411807,2649366.126422,0.131868131868132,0.0514652014652015,0.00183150183150183,0.488461538461538,0.14981684981685,0.176556776556777
205273.411807,2649366.126422,0.0741758241758242,0.0397435897435897,0,0.587362637362637,0.152564102564103,0.146153846153846
205773.411807,2649366.126422,0.0339200586725339,0.0678401173450678,0.00476714338100477,0.662999633296663,0.151815181518152,0.0786578657865787
206273.411807,2649366.126422,0.0315018315018315,0.0948717948717949,0.000915750915750916,0.566483516483516,0.184615384615385,0.121611721611722
206773.411807,2649366.126422,0.013003663003663,0.0419413919413919,0.00238095238095238,0.797435897435897,0.106227106227106,0.039010989010989
207273.411807,2649366.126422,0.0234690135680235,0.0705903923725706,0.00953428676200953,0.67968463513018,0.163916391639164,0.0528052805280528
207773.411807,2649366.126422,0.039010989010989,0.274542124542125,0,0.247985347985348,0.14981684981685,0.288644688644689
208273.411807,2649366.126422,0.0395604395604396,0.369230769230769,0,0.185531135531136,0.111355311355311,0.294322344322344
208773.411807,2649366.126422,0.0302530253025303,0.050971763843051,0,0.638613861386139,0.149431609827649,0.130729739640631
209273.411807,2649366.126422,0.0454212454212454,0.0111721611721612,0,0.607875457875458,0.144322344322344,0.191208791208791
209773.411807,2649366.126422,0.273260073260073,0.00934065934065934,0,0.224358974358974,0.177838827838828,0.315201465201465
210273.411807,2649366.126422,0.524202420242024,0.00421708837550422,0,0.124495782911624,0.107260726072607,0.23982398239824
210773.411807,2649366.126422,0.509340659340659,0.00494505494505494,0,0.01996336996337,0.0646520146520147,0.401098901098901
211273.411807,2649366.126422,0.594871794871795,0.0010989010989011,0,0.00457875457875458,0.0236263736263736,0.375824175824176
211773.411807,2649366.126422,0.676718938480096,0.0108564535585042,0,0.00452352231604343,0.0404101326899879,0.267490952955368
199273.411807,2648866.126422,0.0570640644887569,0.257318625371235,0,0.0108188375053034,0.102460755197285,0.57233771743742
