"x","y","forest","agri","water","built","other","grass"
288273.411807,2779366.126422,0.698002565512186,0.000549752611324904,0,0.0282206340480117,0.0262048744731537,0.247022173355323
288773.411807,2779366.126422,0.644888970453294,0.000367039823820885,0,0.00110111947146265,0.00293631859056708,0.350706551660855
289273.411807,2779366.126422,0.310287914909224,0.00165046763249587,0,0.0726205758298184,0.044379240784889,0.571061800843572
289773.411807,2779366.126422,0.168407549935862,0.0130108118013561,0,0.129924867143119,0.103719992669965,0.584936778449698
290273.411807,2779366.126422,0.405946045145898,0.000183519911910442,0,0.00770783630023858,0.0104606349788952,0.575701963663057
290773.411807,2779366.126422,0.551439574546121,0.00201723821749496,0,0.0181551439574546,0.0135705116449661,0.414817531633963
291273.411807,2779366.126422,0.445666116914055,0,0,0.00329851566794942,0.0053142752428074,0.545721092175188
291773.411807,2779366.126422,0.424665076160763,0.000917599559552211,0,0.0275279867865663,0.0300972655533125,0.516792071939805
292273.411807,2779366.126422,0.496790757381258,0.0234733174399413,0,0.00256739409499358,0.00366770584999083,0.473500825233816
292773.411807,2779366.126422,0.58072200842954,0.00164925783397471,0,0.0155763239875389,0.0164925783397471,0.385559831409199
293273.411807,2779366.126422,0.67223343732795,0.000183519911910442,0,0.0170673518076711,0.0222059093411635,0.288309781611305
293773.411807,2779366.126422,0.431688978543921,0.00495140289748762,0.000366770584999083,0.0150375939849624,0.0179717586649551,0.529983495323675
294273.411807,2779366.126422,0.34304562946674,0.00751328568810702,0,0.0117280557082646,0.0106285504856148,0.627084478651274
294773.411807,2779366.126422,0.451275463387778,0.000550559735731327,0,0.0880895577170123,0.0585428518994311,0.401541567260048
295273.411807,2779366.126422,0.475334678158812,0.00256739409499358,0,0.0192554557124519,0.0344764349899138,0.468366037043829
295773.411807,2779366.126422,0.175737584753528,0.0448964632582005,0.00861279091075683,0.185816382627817,0.102986989188199,0.481949789261499
296273.411807,2779366.126422,0.00367039823820885,0.0368875022939989,0.777757386676454,0.176546155257845,0.00146815929528354,0.00367039823820885
296773.411807,2779366.126422,0.328626444159178,0.131487254722171,0,0.16798092792958,0.142857142857143,0.229048230331927
297273.411807,2779366.126422,0.0934579439252336,0.0703683342495877,0.0168590800806304,0.53362653472604,0.174271577789994,0.111416529228514
297773.411807,2779366.126422,0.1493852082951,0.209029179665994,0.00183519911910442,0.179115434024592,0.126812259130116,0.333822719765095
298273.411807,2779366.126422,0.048413717219879,0.528516412983679,0,0.0313588850174216,0.0500641848523748,0.341646799926646
298773.411807,2779366.126422,0.135239142385926,0.258383727322705,0,0.0558915154846986,0.0518599963349826,0.498625618471688
299273.411807,2779366.126422,0.150486327766563,0.169205358781428,0,0.0543218939254909,0.0699210864378785,0.55606533308864
299773.411807,2779366.126422,0.159545204474601,0.0320924261874198,0.00146708233999633,0.220429121584449,0.106363469649734,0.4801026957638
300273.411807,2779366.126422,0.0930902111324376,0.0236084452975048,0.000767754318618042,0.610940499040307,0.121305182341651,0.150287907869482
288273.411807,2778866.126422,0.736630036630037,0.00970695970695971,0,0.0624542124542125,0.023992673992674,0.167216117216117
288773.411807,2778866.126422,0.818715596330275,0,0,0.00018348623853211,0.00128440366972477,0.179816513761468
289273.411807,2778866.126422,0.626490552192258,0.00110071546505228,0,0.0190790680609063,0.0181618051733627,0.33516785910842
289773.411807,2778866.126422,0.19981684981685,0.0181318681318681,0,0.214285714285714,0.116483516483516,0.451282051282051
290273.411807,2778866.126422,0.586422018348624,0.00256880733944954,0,0.0423853211009174,0.0273394495412844,0.341284403669725
290773.411807,2778866.126422,0.434966061273161,0.00807191341038342,0,0.0267840763162722,0.0420106402494955,0.488167308750688
291273.411807,2778866.126422,0.334981684981685,0.00146520146520147,0,0.0287545787545788,0.0413919413919414,0.593406593406593
291773.411807,2778866.126422,0.406422018348624,0.00055045871559633,0,0.0636697247706422,0.0645871559633028,0.464770642201835
292273.411807,2778866.126422,0.413318657127133,0.00183452577508714,0,0.0675105485232067,0.0493487433498441,0.467987525224729
292773.411807,2778866.126422,0.542490842490842,0,0,0.00586080586080586,0.0106227106227106,0.441025641025641
293273.411807,2778866.126422,0.682935779816514,0.00055045871559633,0,0.0258715596330275,0.0264220183486239,0.264220183486239
293773.411807,2778866.126422,0.407815079801871,0.00293524124013942,0,0.0310034855989727,0.0343056319941295,0.523940561364887
294273.411807,2778866.126422,0.392490842490842,0.000366300366300366,0,0.0241758241758242,0.0243589743589744,0.558608058608059
294773.411807,2778866.126422,0.389174311926606,0.0055045871559633,0,0.0242201834862385,0.0460550458715596,0.535045871559633
295273.411807,2778866.126422,0.113557145477894,0.0177949000183453,0,0.0458631443771785,0.203632361034673,0.61915244909191
295773.411807,2778866.126422,0.24010989010989,0.0194139194139194,0.00750915750915751,0.0388278388278388,0.121611721611722,0.572527472527472
296273.411807,2778866.126422,0.0394495412844037,0.0319266055045872,0.555412844036697,0.158715596330275,0.0387155963302752,0.175779816513761
296773.411807,2778866.126422,0.154467070262337,0.0277013392038158,0.122179416620804,0.258851586864795,0.103467253714915,0.333333333333333
297273.411807,2778866.126422,0.167765567765568,0.0532967032967033,0.0168498168498168,0.146336996336996,0.0844322344322344,0.531318681318681
297773.411807,2778866.126422,0.0251376146788991,0.119266055045872,0.0102752293577982,0.064954128440367,0.0288073394495413,0.751559633027523
298273.411807,2778866.126422,0.115758576407999,0.254999082737112,0.002568336085122,0.0383415886993212,0.0293524124013942,0.558980003669052
298773.411807,2778866.126422,0.134065934065934,0.0313186813186813,0,0.234798534798535,0.142307692307692,0.457509157509157
299273.411807,2778866.126422,0.267706422018349,0.0260550458715596,0.0823853211009174,0.106422018348624,0.0686238532110092,0.448807339449541
299773.411807,2778866.126422,0.157218858924968,0.335901669418455,0,0.00385250412768299,0.0078884608328747,0.495138506696019
300273.411807,2778866.126422,0.0694417801649722,0.217916746595051,0.000959140610013428,0.311337042010359,0.112411279493574,0.287934011126031
288273.411807,2778366.126422,0.251741840850752,0.0108177484415108,0,0.167950128346168,0.0907590759075908,0.478731206453979
288773.411807,2778366.126422,0.406959706959707,0.00567765567765568,0.00952380952380952,0.0305860805860806,0.0159340659340659,0.531318681318681
289273.411807,2778366.126422,0.705677655677656,0.000732600732600733,0,0.0131868131868132,0.0137362637362637,0.266666666666667
289773.411807,2778366.126422,0.537037037037037,0.0108177484415108,0,0.0441877521085442,0.046021268793546,0.361936193619362
290273.411807,2778366.126422,0.457692307692308,0,0,0.0437728937728938,0.017032967032967,0.481501831501832
290773.411807,2778366.126422,0.562637362637363,0,0,0.000549450549450549,0.00238095238095238,0.434432234432234
291273.411807,2778366.126422,0.505133846718005,0.00238357169050238,0,0.0201686835350202,0.0198019801980198,0.452511917858453
291773.411807,2778366.126422,0.367216117216117,0.00128205128205128,0,0.0225274725274725,0.0347985347985348,0.574175824175824
292273.411807,2778366.126422,0.483882783882784,0.000549450549450549,0,0.0311355311355311,0.0285714285714286,0.455860805860806
292773.411807,2778366.126422,0.309314264759809,0.00843417675100843,0,0.16960029336267,0.10964429776311,0.403006967363403
293273.411807,2778366.126422,0.378937728937729,0.00274725274725275,0,0.0943223443223443,0.067032967032967,0.456959706959707
293773.411807,2778366.126422,0.576923076923077,0,0,0.03003663003663,0.0192307692307692,0.373809523809524
294273.411807,2778366.126422,0.46039603960396,0.00238357169050238,0,0.0207187385405207,0.0452878621195453,0.471213788045471
294773.411807,2778366.126422,0.327472527472527,0.000732600732600733,0,0.010989010989011,0.0179487179487179,0.642857142857143
295273.411807,2778366.126422,0.137912087912088,0.0247252747252747,0.0043956043956044,0.0137362637362637,0.0736263736263736,0.745604395604396
295773.411807,2778366.126422,0.114411441144114,0.0319031903190319,0,0.0485881921525486,0.0999266593325999,0.705170517051705
296273.411807,2778366.126422,0.146886446886447,0.0813186813186813,0.479304029304029,0.0758241758241758,0.0250915750915751,0.191575091575092
296773.411807,2778366.126422,0.103846153846154,0.0133699633699634,0.310805860805861,0.39029304029304,0.0139194139194139,0.167765567765568
297273.411807,2778366.126422,0.46039603960396,0.0088008800880088,0.128712871287129,0.0192519251925193,0.0077007700770077,0.375137513751375
297773.411807,2778366.126422,0.27032967032967,0.0216117216117216,0.197985347985348,0.0214285714285714,0.00164835164835165,0.486996336996337
298273.411807,2778366.126422,0.116483516483516,0.0355311355311355,0.471794871794872,0.0353479853479853,0.0168498168498168,0.323992673992674
298773.411807,2778366.126422,0.0377704437110378,0.0592225889255592,0.371287128712871,0.113861386138614,0.112761276127613,0.305097176384305
299273.411807,2778366.126422,0.101282051282051,0.127655677655678,0.0673992673992674,0.131684981684982,0.0998168498168498,0.472161172161172
299773.411807,2778366.126422,0.0723443223443224,0.0384615384615385,0.324358974358974,0.119230769230769,0.0723443223443224,0.373260073260073
300273.411807,2778366.126422,0.0693164362519201,0.0835253456221198,0.0359062980030722,0.283986175115207,0.0917818740399386,0.435483870967742
288273.411807,2777866.126422,0.701850833791461,0.00183250870441635,0,0.00568077698369067,0.0089792926516401,0.281656587868792
288773.411807,2777866.126422,0.357496788401542,0.00532207744540283,0,0.110846026793907,0.0471646173609837,0.479170489998165
289273.411807,2777866.126422,0.534017971758665,0.00586832935998533,0,0.0201723821749496,0.0144874381074638,0.425453878598936
289773.411807,2777866.126422,0.700934579439252,0.0342679127725857,0,0.0157595748579806,0.0144768187648891,0.234561114165292
290273.411807,2777866.126422,0.697742705083502,0.0130299137456414,0,0.0198201504863278,0.0187190310148651,0.250688199669664
290773.411807,2777866.126422,0.597102512378507,0.00366770584999083,0,0.0286081056299285,0.0253071703649367,0.345314505776637
291273.411807,2777866.126422,0.56386292834891,0.00128275609309144,0,0.0632215503023639,0.030602895363753,0.341029869891882
291773.411807,2777866.126422,0.466324096164434,0.00422095797394017,0,0.0126628739218205,0.011194714626537,0.505597357313268
292273.411807,2777866.126422,0.425453878598936,0.00348432055749129,0,0.00861910874747845,0.0128369704749679,0.549605721621126
292773.411807,2777866.126422,0.599963349825912,0.000366501740883269,0,0.0300531427524281,0.0148433205057724,0.354773685175005
293273.411807,2777866.126422,0.382639016333272,0.0233070288126262,0.000183519911910442,0.230133969535695,0.102220590934116,0.26151587447238
293773.411807,2777866.126422,0.511461580781221,0.0124701998899688,0,0.0797726022373006,0.0465798642948836,0.349715752796626
294273.411807,2777866.126422,0.346710646875573,0.000183250870441635,0,0.00806303829943192,0.0203408466190214,0.624702217335532
294773.411807,2777866.126422,0.541750779959626,0.00238575885483575,0,0.0455129381537897,0.057258212516058,0.353092310515691
295273.411807,2777866.126422,0.316706400146708,0.0280579497524299,0,0.0526315789473684,0.118650284247203,0.48395378690629
295773.411807,2777866.126422,0.222466556716144,0.0718343412131208,0.00439802089059923,0.185266630016493,0.173355323437786,0.342679127725857
296273.411807,2777866.126422,0,0.108643787850982,0.296017617911543,0.54358597907873,0,0.0517526151587447
296773.411807,2777866.126422,0,0.00605171465248487,0.127452778287181,0.770768384375573,0.00311754997249221,0.0926095727122685
297273.411807,2777866.126422,0.0734835990470955,0.0280373831775701,0.132123877588419,0.262048744731537,0.149899212021257,0.354407183434121
297773.411807,2777866.126422,0.131950816663608,0.0322995044962378,0.0838685997430721,0.197834465039457,0.156175445035786,0.397871169021839
298273.411807,2777866.126422,0.217861727489455,0.0286081056299285,0.00550155877498625,0.13203741059967,0.111498257839721,0.504492939666239
298773.411807,2777866.126422,0.135788894997251,0.0461792193512919,0.000733003481766538,0.154297232911856,0.122778083195895,0.540223566061939
299273.411807,2777866.126422,0.131583776839787,0.0222059093411635,0.000183519911910442,0.217654615525785,0.114516425032116,0.513855753349238
299773.411807,2777866.126422,0.124335228314689,0.0458463231248854,0.00293416467999266,0.310104529616725,0.157894736842105,0.358885017421603
300273.411807,2777866.126422,0.0658349328214971,0.0383877159309021,0.282149712092131,0.296928982725528,0.0767754318618042,0.239923224568138
288273.411807,2777366.126422,0.516666666666667,0.00201465201465201,0,0.116117216117216,0.0357142857142857,0.329487179487179
288773.411807,2777366.126422,0.274678899082569,0.00678899082568807,0.00073394495412844,0.244587155963303,0.160183486238532,0.31302752293578
289273.411807,2777366.126422,0.518620436617134,0.00476976701522656,0.00385250412768299,0.000733810310034856,0.00532012474775271,0.466703357182168
289773.411807,2777366.126422,0.864468864468865,0.000183150183150183,0,0.00695970695970696,0.00274725274725275,0.125641025641026
290273.411807,2777366.126422,0.719266055045872,0.0124770642201835,0,0.0137614678899083,0.0135779816513761,0.240917431192661
290773.411807,2777366.126422,0.532562832507797,0.00421940928270042,0.000183452577508714,0.166758392955421,0.0581544670702623,0.238121445606311
291273.411807,2777366.126422,0.468864468864469,0.00421245421245421,0,0.178754578754579,0.0811355311355311,0.267032967032967
291773.411807,2777366.126422,0.515045871559633,0.00862385321100917,0,0.193211009174312,0.0811009174311927,0.202018348623853
292273.411807,2777366.126422,0.42799486332783,0.00458631443771785,0,0.00275178866263071,0.00201797835259585,0.562649055219226
292773.411807,2777366.126422,0.437728937728938,0.0144688644688645,0.000183150183150183,0.00897435897435897,0.00989010989010989,0.528754578754579
293273.411807,2777366.126422,0.492110091743119,0.00311926605504587,0,0.0214678899082569,0.0196330275229358,0.463669724770642
293773.411807,2777366.126422,0.391304347826087,0.00752155567785727,0,0.251696936341956,0.107503210420106,0.241973949733994
294273.411807,2777366.126422,0.265384615384615,0.00989010989010989,0,0.295970695970696,0.130586080586081,0.298168498168498
294773.411807,2777366.126422,0.297614678899083,0.0440366972477064,0,0.380917431192661,0.182752293577982,0.0946788990825688
295273.411807,2777366.126422,0.143826820766832,0.0352228948816731,0.000733810310034856,0.500458631443772,0.171528159970648,0.148229682627041
295773.411807,2777366.126422,0.0593406593406593,0.0926739926739927,0.052014652014652,0.384798534798535,0.105860805860806,0.305311355311355
296273.411807,2777366.126422,0,0,0.575229357798165,0.424770642201835,0,0
296773.411807,2777366.126422,0,0,0.441019996330948,0.558980003669052,0,0
297273.411807,2777366.126422,0,0,0.116300366300366,0.883699633699634,0,0
297773.411807,2777366.126422,0.0225688073394495,0.00403669724770642,0.11394495412844,0.766605504587156,0.0277064220183486,0.0651376146788991
298273.411807,2777366.126422,0.0482480278847918,0.00458631443771785,0.0952118877270226,0.599889928453495,0.0856723536965694,0.166391487800404
298773.411807,2777366.126422,0.0672161172161172,0.0192307692307692,0.0141025641025641,0.472344322344322,0.187912087912088,0.239194139194139
299273.411807,2777366.126422,0.156330275229358,0.0293577981651376,0.000917431192660551,0.215229357798165,0.150642201834862,0.447522935779816
299773.411807,2777366.126422,0.142726105301779,0.0260502660062374,0,0.149880755824619,0.116859291873051,0.564483580994313
300273.411807,2777366.126422,0.0815269518511414,0.0901592173412622,0.336466525992711,0.215806637253021,0.0771149050450796,0.198925762516785
288273.411807,2776866.126422,0.508067473414008,0.00935093509350935,0,0.0650898423175651,0.0155848918225156,0.401906857352402
288773.411807,2776866.126422,0.32032967032967,0.00366300366300366,0.000549450549450549,0.277838827838828,0.0858974358974359,0.311721611721612
289273.411807,2776866.126422,0.273443223443223,0.00750915750915751,0.00164835164835165,0.123626373626374,0.0551282051282051,0.538644688644689
289773.411807,2776866.126422,0.602493582691602,0.00311697836450312,0.0033003300330033,0.000916758342500917,0.00201686835350202,0.388155482214888
290273.411807,2776866.126422,0.581868131868132,0.0133699633699634,0,0.0236263736263736,0.0208791208791209,0.36025641025641
290773.411807,2776866.126422,0.162637362637363,0.032967032967033,0,0.341758241758242,0.116849816849817,0.345787545787546
291273.411807,2776866.126422,0.286762009534287,0.0102676934360103,0.00238357169050238,0.27961129446278,0.125229189585625,0.295746241290796
291773.411807,2776866.126422,0.566300366300366,0.00604395604395604,0,0.170879120879121,0.0706959706959707,0.186080586080586
292273.411807,2776866.126422,0.488827838827839,0.00531135531135531,0,0.125641025641026,0.0652014652014652,0.315018315018315
292773.411807,2776866.126422,0.668683535020169,0.00421708837550422,0,0.0416208287495416,0.0306197286395306,0.254858819215255
293273.411807,2776866.126422,0.457692307692308,0.00641025641025641,0,0.010989010989011,0.0148351648351648,0.51007326007326
293773.411807,2776866.126422,0.428021978021978,0.00531135531135531,0,0.0391941391941392,0.0417582417582418,0.485714285714286
294273.411807,2776866.126422,0.400623395672901,0.00146681334800147,0,0.000733406674000733,0.00733406674000733,0.58984231756509
294773.411807,2776866.126422,0.249267399267399,0.00677655677655678,0,0.0965201465201465,0.123076923076923,0.524358974358974
295273.411807,2776866.126422,0.267399267399267,0.0256410256410256,0.00311355311355311,0.34047619047619,0.10970695970696,0.253663003663004
295773.411807,2776866.126422,0.057022368903557,0.096993032636597,0.0579391272460579,0.204070407040704,0.0583058305830583,0.525669233590026
296273.411807,2776866.126422,0.019047619047619,0.0358974358974359,0.0542124542124542,0.237728937728938,0.0437728937728938,0.609340659340659
296773.411807,2776866.126422,0.0644688644688645,0.0826007326007326,0.0247252747252747,0.345238095238095,0.141575091575092,0.341391941391941
297273.411807,2776866.126422,0.0174184085075174,0.142464246424642,0.0163182984965163,0.620645397873121,0.122112211221122,0.081041437477081
297773.411807,2776866.126422,0.0877289377289377,0.478021978021978,0.00531135531135531,0.180952380952381,0.0358974358974359,0.212087912087912
298273.411807,2776866.126422,0.0406593406593407,0.151282051282051,0.179487179487179,0.212820512820513,0.00146520146520147,0.414285714285714
298773.411807,2776866.126422,0,0.0803080308030803,0.201320132013201,0.671250458379171,0,0.0471213788045471
299273.411807,2776866.126422,0.0624542124542125,0.00970695970695971,0.0652014652014652,0.608424908424908,0.0968864468864469,0.157326007326007
299773.411807,2776866.126422,0.0904761904761905,0.0250915750915751,0.000366300366300366,0.344139194139194,0.192307692307692,0.347619047619048
300273.411807,2776866.126422,0.0503072196620584,0.0529953917050691,0.354454685099846,0.307219662058372,0.0558755760368664,0.179147465437788
288273.411807,2776366.126422,0.174638079530878,0.00989554700384827,0,0.392156862745098,0.139087410665201,0.284222100054975
288773.411807,2776366.126422,0.138374013580473,0.0178014314553129,0.00201871903101487,0.226096531473665,0.129565057808772,0.486144246650762
289273.411807,2776366.126422,0.0608839171098478,0.0245736291949386,0.0161379057399597,0.283513662204291,0.165963689712085,0.448927196038878
289773.411807,2776366.126422,0.142935678944475,0.00311526479750779,0,0.121861828843687,0.0350009162543522,0.697086311159978
290273.411807,2776366.126422,0.683244632042577,0.00293631859056708,0,0.0326665443200587,0.0220223894292531,0.259130115617545
290773.411807,2776366.126422,0.466532184118834,0.0066018705299835,0,0.144690995782138,0.0871080139372822,0.295066935631762
291273.411807,2776366.126422,0.549935862195345,0.00384826827927433,0,0.0853949056258017,0.0481949789261499,0.312625984973429
291773.411807,2776366.126422,0.69297118737383,0.000367039823820885,0,0.00385391815011929,0.00458799779776106,0.298219856854469
292273.411807,2776366.126422,0.50816064551623,0.0381441408399046,0,0.139006051714652,0.104529616724739,0.210159545204475
292773.411807,2776366.126422,0.326736301997434,0.0179585853032802,0,0.234561114165292,0.17042330951072,0.250320689023273
293273.411807,2776366.126422,0.596072673885117,0.0139475133051936,0,0.0794641218572215,0.0563406129565058,0.254175077995963
293773.411807,2776366.126422,0.503392627911242,0.000916926462497708,0,0.00605171465248487,0.0066018705299835,0.483036860443792
294273.411807,2776366.126422,0.321055525013744,0.0128275609309144,0.000549752611324904,0.15026571376214,0.09529045262965,0.420010995052226
294773.411807,2776366.126422,0.318223527252707,0.0122958340979996,0.00110111947146265,0.111580106441549,0.164800880895577,0.391998531840705
295273.411807,2776366.126422,0.0564826700898588,0.0423620025673941,0.0194388410049514,0.374289381991564,0.116999816614707,0.390427287731524
295773.411807,2776366.126422,0.00604727872457394,0.0621220450797141,0.106835257467473,0.0426974528129009,0.0295033901411032,0.752794575774235
296273.411807,2776366.126422,0.0334006239677005,0.0372545421178198,0.128280418425399,0.363919985318407,0.158010644154891,0.279133786015783
296773.411807,2776366.126422,0.0942600403447643,0.00806895286997983,0.000366770584999083,0.595085274161012,0.178250504309554,0.12396845772969
297273.411807,2776366.126422,0.0908924317390508,0.0459959684808503,0.0139270661535642,0.550852116547554,0.153380978559648,0.144951438519333
297773.411807,2776366.126422,0.0324830244081483,0.00917599559552211,0.000917599559552211,0.782712424298036,0.106074509084236,0.0686364470545054
298273.411807,2776366.126422,0.0926095727122685,0.0278745644599303,0,0.458096460663855,0.125252154777187,0.29616724738676
298773.411807,2776366.126422,0.0547920102620487,0.030602895363753,0,0.275426058273777,0.117830309693971,0.52134872640645
299273.411807,2776366.126422,0.00422095797394017,0.104606349788952,0.301890255092678,0.0862543585979079,0.0311983850247752,0.471829693521747
299773.411807,2776366.126422,0.0212726939299468,0.0256739409499358,0.355584082156611,0.497707683843756,0.0581331377223547,0.0416284613973959
300273.411807,2776366.126422,0.0593090211132438,0.0347408829174664,0.0641074856046065,0.514971209213052,0.200383877159309,0.126487523992322
288273.411807,2775866.126422,0.023992673992674,0.153113553113553,0.0137362637362637,0.301648351648352,0.192673992673993,0.314835164835165
288773.411807,2775866.126422,0.0570642201834862,0.0341284403669725,0.00128440366972477,0.479816513761468,0.222201834862385,0.205504587155963
289273.411807,2775866.126422,0.274445055953036,0.0113740598055403,0.00091726288754357,0.228765364153366,0.157585764079985,0.326912493120528
289773.411807,2775866.126422,0.226556776556777,0.0010989010989011,0,0.0514652014652015,0.0316849816849817,0.689194139194139
290273.411807,2775866.126422,0.519816513761468,0.00532110091743119,0.00018348623853211,0.188807339449541,0.031743119266055,0.254128440366972
290773.411807,2775866.126422,0.0939277196844616,0.0104567969179967,0.000550357732526142,0.598055402678408,0.13979086406164,0.157218858924968
291273.411807,2775866.126422,0.499267399267399,0.00402930402930403,0,0.140659340659341,0.0521978021978022,0.303846153846154
291773.411807,2775866.126422,0.784587155963303,0.00899082568807339,0,0.0328440366972477,0.0157798165137615,0.157798165137615
292273.411807,2775866.126422,0.821500642084021,0.00091726288754357,0,0.0311869381764814,0.0297193175564117,0.116675839295542
292773.411807,2775866.126422,0.694505494505494,0.0547619047619048,0,0.0384615384615385,0.101831501831502,0.11043956043956
293273.411807,2775866.126422,0.261651376146789,0.0968807339449541,0,0.202935779816514,0.29743119266055,0.141100917431193
293773.411807,2775866.126422,0.207668317739864,0.0352228948816731,0.00605393505778756,0.370023848835076,0.165290772335351,0.215740231150248
294273.411807,2775866.126422,0.295238095238095,0.00879120879120879,0.000366300366300366,0.133333333333333,0.0655677655677656,0.496703296703297
294773.411807,2775866.126422,0.0759633027522936,0.0618348623853211,0.0119266055045872,0.63743119266055,0.139266055045872,0.0735779816513761
295273.411807,2775866.126422,0.0432948082920565,0.098147128967162,0.137405980554027,0.198679141441937,0.0823702073014126,0.440102733443405
295773.411807,2775866.126422,0.00842490842490842,0.0743589743589744,0.268315018315018,0.0525641025641026,0.0637362637362637,0.532600732600733
296273.411807,2775866.126422,0.031743119266055,0.0242201834862385,0.0447706422018349,0.799266055045872,0.071743119266055,0.028256880733945
296773.411807,2775866.126422,0.0594386351128233,0.0649422124380847,0.0489818381948266,0.582645386167676,0.149146945514584,0.0948449825720051
297273.411807,2775866.126422,0.102380952380952,0.0298534798534799,0.00659340659340659,0.634065934065934,0.105677655677656,0.121428571428571
297773.411807,2775866.126422,0.0387155963302752,0.0299082568807339,0.0104587155963303,0.860366972477064,0.053394495412844,0.00715596330275229
298273.411807,2775866.126422,0.0522839845899835,0.0313703907539901,0.00091726288754357,0.709227664648688,0.0919097413318657,0.114290955787929
298773.411807,2775866.126422,0.041025641025641,0.0336996336996337,0.00586080586080586,0.726007326007326,0.137912087912088,0.0554945054945055
299273.411807,2775866.126422,0.0475229357798165,0.143302752293578,0.0686238532110092,0.581467889908257,0.100733944954128,0.058348623853211
299773.411807,2775866.126422,0.0165107319757843,0.133003118693818,0.162355531095212,0.187855439368923,0.0680609062557329,0.43221427261053
300273.411807,2775866.126422,0.0120851716861692,0.0141952810281987,0.233071168233263,0.697678879723768,0.0249376558603491,0.0180318434682524
288273.411807,2775366.126422,0.0572057205720572,0.102493582691602,0.055005500550055,0.380821415474881,0.16978364503117,0.234690135680235
288773.411807,2775366.126422,0.0476190476190476,0.05,0.00164835164835165,0.393956043956044,0.18974358974359,0.317032967032967
289273.411807,2775366.126422,0.268864468864469,0.0126373626373626,0.00183150183150183,0.293406593406593,0.226739926739927,0.196520146520147
289773.411807,2775366.126422,0.473414008067473,0.0185185185185185,0.000183351668500183,0.129079574624129,0.0991932526585992,0.27961129446278
290273.411807,2775366.126422,0.392124542124542,0.00494505494505494,0,0.193406593406593,0.0642857142857143,0.345238095238095
290773.411807,2775366.126422,0.106959706959707,0.0137362637362637,0,0.582417582417582,0.122161172161172,0.174725274725275
291273.411807,2775366.126422,0.551338467180051,0.00751741840850752,0,0.225522552255226,0.0551888522185552,0.16043270993766
291773.411807,2775366.126422,0.571794871794872,0.00238095238095238,0,0.11959706959707,0.0915750915750916,0.214652014652015
292273.411807,2775366.126422,0.560989010989011,0.0106227106227106,0,0.0608058608058608,0.0424908424908425,0.325091575091575
292773.411807,2775366.126422,0.696369636963696,0.044004400440044,0,0.0154015401540154,0.0143014301430143,0.22992299229923
293273.411807,2775366.126422,0.645787545787546,0.00274725274725275,0,0.0373626373626374,0.0282051282051282,0.285897435897436
293773.411807,2775366.126422,0.283882783882784,0.0164835164835165,0,0.434981684981685,0.0992673992673993,0.165384615384615
294273.411807,2775366.126422,0.0588558855885589,0.0482214888155482,0.00605060506050605,0.711221122112211,0.112577924459113,0.0630729739640631
294773.411807,2775366.126422,0.0282051282051282,0.116117216117216,0.0712454212454212,0.576007326007326,0.139010989010989,0.0694139194139194
295273.411807,2775366.126422,0.039010989010989,0.0514652014652015,0.0591575091575092,0.127838827838828,0.0413919413919414,0.681135531135531
295773.411807,2775366.126422,0.00916758342500917,0.0654565456545655,0.256692335900257,0.14044737807114,0.129079574624129,0.399156582324899
296273.411807,2775366.126422,0.0608058608058608,0.0274725274725275,0.013003663003663,0.786813186813187,0.0855311355311355,0.0263736263736264
296773.411807,2775366.126422,0.0521978021978022,0.0485347985347985,0.0364468864468864,0.71007326007326,0.0838827838827839,0.0688644688644689
297273.411807,2775366.126422,0.0887422075540887,0.0401540154015402,0.0139347268060139,0.625779244591126,0.139163916391639,0.0922258892555922
297773.411807,2775366.126422,0.127106227106227,0.052014652014652,0.0131868131868132,0.586080586080586,0.132967032967033,0.0886446886446886
298273.411807,2775366.126422,0.0360805860805861,0.0208791208791209,0.00586080586080586,0.884249084249084,0.047985347985348,0.00494505494505494
298773.411807,2775366.126422,0.0936927026035937,0.0685735240190686,0.0443711037770444,0.656215621562156,0.0942427576090942,0.0429042904290429
299273.411807,2775366.126422,0.114652014652015,0.0723443223443224,0.0432234432234432,0.45952380952381,0.181501831501831,0.128754578754579
299773.411807,2775366.126422,0.104761904761905,0.0426739926739927,0.0148351648351648,0.615384615384615,0.0846153846153846,0.137728937728938
300273.411807,2775366.126422,0.0153609831029186,0.116167434715822,0.221966205837174,0.378072196620584,0.0643241167434716,0.204109062980031
288273.411807,2774866.126422,0.0676195711929632,0.111050027487631,0.0412314458493678,0.520982224665567,0.136521898479018,0.122594832325454
288773.411807,2774866.126422,0.0783630023857589,0.0440447788585061,0.00256927876674619,0.540282620664342,0.171224077812443,0.163516241512204
289273.411807,2774866.126422,0.118283513662204,0.039611223179901,0.0066018705299835,0.501558774986246,0.200806895286998,0.133137722354667
289773.411807,2774866.126422,0.513835440718343,0.017042330951072,0.00128275609309144,0.155946490745831,0.102803738317757,0.209089243173905
290273.411807,2774866.126422,0.189759588915397,0.0122958340979996,0.00146815929528354,0.546522297669297,0.127913378601578,0.122040741420444
290773.411807,2774866.126422,0.467449110581331,0.00861910874747845,0.00128369704749679,0.220245736291949,0.119383825417202,0.183018521914542
291273.411807,2774866.126422,0.633864760857614,0.00238226131574125,0,0.128642111050027,0.0608392889866227,0.174271577789994
291773.411807,2774866.126422,0.803266654432006,0.00165167920719398,0,0.0130299137456414,0.00991007524316388,0.172141677371995
292273.411807,2774866.126422,0.543370621676142,0.0144874381074638,0,0.0269576379974326,0.0148542086924629,0.400330093526499
292773.411807,2774866.126422,0.410481949789262,0.000366501740883269,0,0.0309693971046362,0.0168590800806304,0.541323071284589
293273.411807,2774866.126422,0.800146815929528,0.00238575885483575,0,0.00972655533125344,0.0187190310148651,0.169021838869517
293773.411807,2774866.126422,0.446909957821383,0.0174216027874564,0.004401247019989,0.170548322024574,0.110581331377224,0.250137538969375
294273.411807,2774866.126422,0.0397654388858347,0.0291368884002199,0.015026571376214,0.688107018508338,0.115631299248671,0.112332783580722
294773.411807,2774866.126422,0.0679023674068636,0.0212883097816113,0.0124793540099101,0.5852449990824,0.162231602128831,0.150853367590384
295273.411807,2774866.126422,0.0546488171648634,0.0788556757748029,0.00128369704749679,0.266092059416835,0.0689528699798276,0.530166880616175
295773.411807,2774866.126422,0.023089609675646,0.0542422576507238,0.112516034451164,0.109767271394539,0.0852116547553601,0.615173172072567
296273.411807,2774866.126422,0.0291796659937603,0.0288126261699394,0.00367039823820885,0.776472747293081,0.097082033400624,0.0647825289043861
296773.411807,2774866.126422,0.0247570144874381,0.0097194205024757,0.00403447643498991,0.92389510361269,0.0344764349899138,0.00311754997249221
297273.411807,2774866.126422,0.026571376214037,0.0199743448781382,0.0042147700201576,0.883635697269562,0.0518599963349826,0.0137438152831226
297773.411807,2774866.126422,0.044411818682327,0.0148651128647458,0.00752431638832813,0.848412552761975,0.0732244448522665,0.0115617544503579
298273.411807,2774866.126422,0.0425453878598936,0.0227397762699432,0.00733541169998166,0.817164863377957,0.0706033376123235,0.039611223179901
298773.411807,2774866.126422,0.05717427157779,0.0219901044529962,0.00293201392706615,0.872640645043064,0.0293201392706615,0.0159428257284222
299273.411807,2774866.126422,0.0345017434391632,0.0238575885483575,0.00568911726922371,0.896678289594421,0.0326665443200587,0.00660671682877592
299773.411807,2774866.126422,0.0583165230148542,0.0286081056299285,0.00788556757748029,0.830918760315423,0.0504309554373739,0.0238400880249404
300273.411807,2774866.126422,0.055278310940499,0.0660268714011516,0.00882917466410749,0.645873320537428,0.1021113243762,0.121880998080614
288273.411807,2774366.126422,0.0963369963369963,0.158241758241758,0.00677655677655678,0.283699633699634,0.17032967032967,0.284615384615385
288773.411807,2774366.126422,0.0862385321100917,0.0634862385321101,0.0102752293577982,0.479633027522936,0.175596330275229,0.184770642201835
289273.411807,2774366.126422,0.0831040176114474,0.0337552742616034,0.00587048248027885,0.665749403779123,0.126765731058521,0.0847550908090259
289773.411807,2774366.126422,0.0529304029304029,0.0346153846153846,0.00164835164835165,0.691941391941392,0.122710622710623,0.0961538461538462
290273.411807,2774366.126422,0.190642201834862,0.0244036697247706,0.00128440366972477,0.552660550458716,0.129908256880734,0.101100917431193
290773.411807,2774366.126422,0.403045312786645,0.0122913226930838,0,0.380113740598055,0.0884241423592002,0.116125481563016
291273.411807,2774366.126422,0.584981684981685,0.00201465201465201,0,0.0954212454212454,0.0234432234432234,0.294139194139194
291773.411807,2774366.126422,0.698715596330275,0.00348623853211009,0,0.0372477064220183,0.0311926605504587,0.229357798165138
292273.411807,2774366.126422,0.321408915795267,0.00587048248027885,0.00146762062006971,0.220876903320492,0.068611263988259,0.381764813795634
292773.411807,2774366.126422,0.253113553113553,0.00183150183150183,0,0.0564102564102564,0.0558608058608059,0.632783882783883
293273.411807,2774366.126422,0.689357798165138,0.00036697247706422,0,0.0157798165137615,0.0207339449541284,0.273761467889908
293773.411807,2774366.126422,0.289671619886259,0.0368739680792515,0.00183452577508714,0.370574206567602,0.146211704274445,0.154833975417355
294273.411807,2774366.126422,0.177106227106227,0.0135531135531136,0.00769230769230769,0.426373626373626,0.0652014652014652,0.31007326007326
294773.411807,2774366.126422,0.128440366972477,0.0504587155963303,0.0119266055045872,0.391926605504587,0.131376146788991,0.285871559633028
295273.411807,2774366.126422,0.0935608145294441,0.0728306732709595,0.001284168042561,0.308200330214639,0.114841313520455,0.409282700421941
295773.411807,2774366.126422,0.0163003663003663,0.0456043956043956,0.0401098901098901,0.0399267399267399,0.0333333333333333,0.824725274725275
296273.411807,2774366.126422,0.0587155963302752,0.0225688073394495,0.00458715596330275,0.521100917431193,0.131926605504587,0.261100917431193
296773.411807,2774366.126422,0.0381581361218125,0.0229315721885892,0.00898917629792699,0.709961474958723,0.102549990827371,0.117409649605577
297273.411807,2774366.126422,0.0331501831501832,0.0161172161172161,0.0128205128205128,0.829304029304029,0.0721611721611722,0.0364468864468864
297773.411807,2774366.126422,0.0541284403669725,0.015045871559633,0.00018348623853211,0.733577981651376,0.100183486238532,0.0968807339449541
298273.411807,2774366.126422,0.0421940928270042,0.0198128783709411,0.000733810310034856,0.836543753439736,0.0777838928636947,0.0229315721885892
298773.411807,2774366.126422,0.0562271062271062,0.0184981684981685,0.00256410256410256,0.817582417582418,0.0571428571428571,0.047985347985348
299273.411807,2774366.126422,0.0422018348623853,0.0242201834862385,0.0157798165137615,0.830275229357798,0.061651376146789,0.0258715596330275
299773.411807,2774366.126422,0.0900752155567786,0.0407264722069345,0.00862227114290956,0.683177398642451,0.0838378279214823,0.0935608145294441
300273.411807,2774366.126422,0.126606560521772,0.0362555150585076,0.0132361404181853,0.672357567619413,0.077498561289085,0.0740456550930366
288273.411807,2773866.126422,0.307664099743308,0.0957095709570957,0.00678401173450678,0.147781444811148,0.145764576457646,0.296296296296296
288773.411807,2773866.126422,0.211904761904762,0.0501831501831502,0.0010989010989011,0.33974358974359,0.157875457875458,0.239194139194139
289273.411807,2773866.126422,0.0443223443223443,0.089010989010989,0.00531135531135531,0.333516483516483,0.224542124542125,0.303296703296703
289773.411807,2773866.126422,0.562889622295563,0.0154015401540154,0,0.106160616061606,0.0735240190685735,0.242024202420242
290273.411807,2773866.126422,0.445604395604396,0.00824175824175824,0.000183150183150183,0.106776556776557,0.0948717948717949,0.344322344322344
290773.411807,2773866.126422,0.807875457875458,0.000549450549450549,0,0.00714285714285714,0.0108058608058608,0.173626373626374
291273.411807,2773866.126422,0.782911624495783,0.00146681334800147,0,0.0331866519985332,0.0287862119545288,0.153648698203154
291773.411807,2773866.126422,0.669230769230769,0.00128205128205128,0.000366300366300366,0.0232600732600733,0.0276556776556777,0.278205128205128
292273.411807,2773866.126422,0.555494505494506,0.00695970695970696,0,0.128571428571429,0.065018315018315,0.243956043956044
292773.411807,2773866.126422,0.771543821048772,0.00935093509350935,0,0.0443711037770444,0.0522552255225523,0.122478914558122
293273.411807,2773866.126422,0.381318681318681,0.0148351648351648,0.0043956043956044,0.254029304029304,0.154212454212454,0.191208791208791
293773.411807,2773866.126422,0.118681318681319,0.0406593406593407,0.00476190476190476,0.686630036630037,0.107509157509158,0.0417582417582418
294273.411807,2773866.126422,0.18976897689769,0.0205353868720205,0.00238357169050238,0.314264759809314,0.137697103043638,0.335350201686835
294773.411807,2773866.126422,0.186446886446886,0.0311355311355311,0.0144688644688645,0.455494505494505,0.110989010989011,0.201465201465201
295273.411807,2773866.126422,0.047985347985348,0.0631868131868132,0.086996336996337,0.502930402930403,0.103296703296703,0.195604395604396
295773.411807,2773866.126422,0.0568390172350568,0.0705903923725706,0.0507884121745508,0.484415108177484,0.0579391272460579,0.279427942794279
296273.411807,2773866.126422,0.0230769230769231,0.0659340659340659,0.0532967032967033,0.126007326007326,0.131868131868132,0.59981684981685
296773.411807,2773866.126422,0.0201465201465201,0.0135531135531136,0.00238095238095238,0.55,0.118681318681319,0.295238095238095
297273.411807,2773866.126422,0.0617895122845618,0.0231023102310231,0.00806747341400807,0.741657499083242,0.0933259992665933,0.0720572057205721
297773.411807,2773866.126422,0.0943223443223443,0.0258241758241758,0.0188644688644689,0.733699633699634,0.0807692307692308,0.0465201465201465
298273.411807,2773866.126422,0.0474358974358974,0.0192307692307692,0.00677655677655678,0.841758241758242,0.0481684981684982,0.0366300366300366
298773.411807,2773866.126422,0.0414374770810414,0.0148514851485149,0.00751741840850752,0.88045471213788,0.0366703337000367,0.0190685735240191
299273.411807,2773866.126422,0.115934065934066,0.0388278388278388,0.00952380952380952,0.637362637362637,0.112087912087912,0.0862637362637363
299773.411807,2773866.126422,0.0481684981684982,0.0210622710622711,0.0186813186813187,0.851648351648352,0.0395604395604396,0.0208791208791209
300273.411807,2773866.126422,0.0635560675883256,0.0291858678955453,0.00288018433179724,0.736751152073733,0.115399385560676,0.0522273425499232
288273.411807,2773366.126422,0.238959135055892,0.0447132123877588,0.0130108118013561,0.301814183617372,0.200476452263148,0.201026204874473
