"x","y","forest","agri","water","built","other","grass"
198773.411807,2530366.126422,0.0562354312354312,0.79020979020979,0,0.00116550116550117,0.0157342657342657,0.136655011655012
199273.411807,2530366.126422,0.174473307424831,0.295766005318061,0,0.00184086725301698,0.0302720392718347,0.497647780732256
199773.411807,2530366.126422,0.0798448029405759,0.5719828466408,0,0,0.0281805186849091,0.319991831733715
200273.411807,2530366.126422,0.204052394596807,0.31723291035612,0,0.000409332787556283,0.0276299631600491,0.450675399099468
200773.411807,2530366.126422,0.122519942728574,0.552669257516875,0,0.0032726528942524,0.0695438740028636,0.251994272857435
201273.411807,2530366.126422,0.081274249540535,0.516847049213804,0,0.00612619971411068,0.114968347968144,0.280784153563406
201773.411807,2530366.126422,0.123413835448219,0.387024150634466,0,0.00777732296356938,0.0863692181743758,0.39541547277937
202273.411807,2530366.126422,0.0816117815504193,0.346083043567192,0.00184086725301698,0.0292493352423809,0.172223358560033,0.368991613826958
202773.411807,2530366.126422,0.0980191954257709,0.299571166020012,0.00857667959975495,0.0171533591995099,0.148662446395752,0.428017153359199
203273.411807,2530366.126422,0.0732705689725747,0.381702824396234,0.0282439623413835,0.0280392959476054,0.180515759312321,0.308227589029881
203773.411807,2530366.126422,0.0587032112906525,0.370423399468194,0.000204540805890775,0.0165678052771528,0.169768868889343,0.384332174268767
204273.411807,2530366.126422,0.0659587502552583,0.425362466816418,0.0018378599142332,0.0163365325709618,0.107616908311211,0.382887482131917
204773.411807,2530366.126422,0.0753172329103561,0.323577568563242,0.000613999181334425,0.0313139582480557,0.22247237003684,0.346704871060172
205273.411807,2530366.126422,0.366332583350378,0.277152791982,0,0.00695438740028636,0.0615667825731233,0.287993454694212
205773.411807,2530366.126422,0.106187461711252,0.173167245252195,0.000204206657137023,0.0483969777414744,0.308147845619767,0.363896263018174
206273.411807,2530366.126422,0.113589848546869,0.392959476054032,0.0124846500204666,0.00920998772001637,0.102128530495293,0.369627507163324
206773.411807,2530366.126422,0.931683370832481,0.00490897934137861,0.0040908161178155,0.000204540805890775,0.00470443853548783,0.0544078543669462
207273.411807,2530366.126422,0.859710026546865,0.00204206657137023,0,0.0018378599142332,0.00265468654278129,0.13375536042475
207773.411807,2530366.126422,0.767294310274253,0.00429799426934097,0,0.00163733115022513,0.0169873106835858,0.209783053622595
208273.411807,2530366.126422,0.851912456535079,0.00838617304152178,0,0.000613622417672326,0.0139087748005727,0.125178973205154
208773.411807,2530366.126422,0.887686338574638,0.00122523994282214,0,0,0.00326730651419236,0.107821114968348
209273.411807,2530366.126422,0.633647155137126,0.0282439623413835,0,0.00225133033155956,0.00880065493246009,0.32705689725747
209773.411807,2530366.126422,0.189813867866639,0.222335856003273,0.0503170382491307,0.0128860707711188,0.0531806095316016,0.471466557578237
210273.411807,2530366.126422,0.352664896875638,0.0624872370839289,0,0.00245047988564427,0.0422707780273637,0.540126608127425
210773.411807,2530366.126422,0.140196479738027,0.11563651248465,0.00450266066311912,0.0218993041342612,0.146950470732706,0.570814572247237
211273.411807,2530366.126422,0.0443051201671891,0.077324973876698,0.0374085684430512,0.462904911180773,0.225914315569488,0.1521421107628
198773.411807,2529866.126422,0.361275392131653,0.0725122139367447,0,0.000257135510413988,0.0305991257392646,0.535356132681923
199273.411807,2529866.126422,0.0717299578059072,0.521005320124748,0,0.00091726288754357,0.011557512383049,0.394789946798753
199773.411807,2529866.126422,0.0201465201465201,0.717765567765568,0,0,0.0858974358974359,0.176190476190476
200273.411807,2529866.126422,0.0976146788990826,0.436697247706422,0,0.00073394495412844,0.0365137614678899,0.428440366972477
200773.411807,2529866.126422,0.125848468170978,0.306182351862044,0,0.0104567969179967,0.200513667217024,0.356998715831957
201273.411807,2529866.126422,0.133333333333333,0.294139194139194,0,0.010989010989011,0.169230769230769,0.392307692307692
201773.411807,2529866.126422,0.0856880733944954,0.345137614678899,0,0.0168807339449541,0.157614678899083,0.394678899082569
202273.411807,2529866.126422,0.0467804072647221,0.385250412768299,0.00421940928270042,0.0627407815079802,0.225646670335718,0.27536231884058
202773.411807,2529866.126422,0.0532967032967033,0.478937728937729,0.00183150183150183,0.0336996336996337,0.168498168498169,0.263736263736264
203273.411807,2529866.126422,0.0425688073394495,0.435596330275229,0,0.0104587155963303,0.119449541284404,0.391926605504587
203773.411807,2529866.126422,0.108787378462667,0.384149697303247,0.000366905155017428,0.0196294257934324,0.159236837277564,0.327829756008072
204273.411807,2529866.126422,0.0653846153846154,0.51007326007326,0.00714285714285714,0.00989010989010989,0.145054945054945,0.262454212454212
204773.411807,2529866.126422,0.144036697247706,0.482752293577982,0,0.00477064220183486,0.0855045871559633,0.282935779816514
205273.411807,2529866.126422,0.0598055402678408,0.455329297376628,0,0.0172445422858191,0.12694918363603,0.340671436433682
205773.411807,2529866.126422,0.102564102564103,0.31043956043956,0,0.0278388278388278,0.190842490842491,0.368315018315018
206273.411807,2529866.126422,0.159082568807339,0.424954128440367,0,0.00146788990825688,0.0297247706422018,0.384770642201835
206773.411807,2529866.126422,0.224545954870666,0.250412768299395,0.000733810310034856,0.00898917629792699,0.106402494955054,0.408915795266924
207273.411807,2529866.126422,0.33021978021978,0.123626373626374,0.000366300366300366,0.0203296703296703,0.183333333333333,0.342124542124542
207773.411807,2529866.126422,0.668073394495413,0.0218348623853211,0,0.00330275229357798,0.0381651376146789,0.268623853211009
208273.411807,2529866.126422,0.968446156668501,0.00440286186020914,0,0,0,0.0271509814712897
208773.411807,2529866.126422,0.704029304029304,0.0750915750915751,0.0353479853479853,0.0428571428571429,0.0146520146520147,0.128021978021978
209273.411807,2529866.126422,0.153211009174312,0.168256880733945,0.0405504587155963,0.0489908256880734,0.0381651376146789,0.550825688073394
209773.411807,2529866.126422,0.0627407815079802,0.191524490919097,0.0273344340487984,0.0603558980003669,0.257383966244726,0.400660429279031
210273.411807,2529866.126422,0.00714285714285714,0.233150183150183,0.0205128205128205,0.0298534798534799,0.128571428571429,0.580769230769231
210773.411807,2529866.126422,0.00935779816513761,0.0952293577981651,0.00110091743119266,0.28256880733945,0.311559633027523,0.300183486238532
211273.411807,2529866.126422,0.0286088257292446,0.0568436798803291,0.00074794315632012,0.467277486910995,0.111256544502618,0.335265519820494
198773.411807,2529366.126422,0.15041067761807,0.655287474332649,0,0,0.00795687885010267,0.186344969199179
199273.411807,2529366.126422,0.0342490842490843,0.838827838827839,0,0,0.00201465201465201,0.124908424908425
199773.411807,2529366.126422,0.154382104877154,0.50953428676201,0,0.00128346167950128,0.0617895122845618,0.273010634396773
200273.411807,2529366.126422,0.139377289377289,0.274358974358974,0,0.00293040293040293,0.0593406593406593,0.523992673992674
200773.411807,2529366.126422,0.222710622710623,0.194505494505495,0,0.0205128205128205,0.153663003663004,0.408608058608059
201273.411807,2529366.126422,0.106710671067107,0.277411074440777,0.0436376971030436,0.0531719838650532,0.141547488082142,0.377521085441878
201773.411807,2529366.126422,0.0525641025641026,0.468315018315018,0.0210622710622711,0.0184981684981685,0.115384615384615,0.324175824175824
202273.411807,2529366.126422,0.101282051282051,0.204945054945055,0.0131868131868132,0.166483516483516,0.289010989010989,0.225091575091575
202773.411807,2529366.126422,0.0513384671800513,0.40997433076641,0.0033003300330033,0.0104510451045105,0.132379904657132,0.392555922258893
203273.411807,2529366.126422,0.132600732600733,0.35952380952381,0.000915750915750916,0.0346153846153846,0.212271062271062,0.26007326007326
203773.411807,2529366.126422,0.0358974358974359,0.600549450549451,0,0.00494505494505494,0.043956043956044,0.314652014652015
204273.411807,2529366.126422,0.09002566923359,0.382654932159883,0.00366703337000367,0.0495049504950495,0.221305463879721,0.252841950861753
204773.411807,2529366.126422,0.110989010989011,0.292307692307692,0.000366300366300366,0.0426739926739927,0.155494505494505,0.398168498168498
205273.411807,2529366.126422,0.0778388278388278,0.356227106227106,0.0100732600732601,0.0622710622710623,0.136996336996337,0.356593406593407
205773.411807,2529366.126422,0.088008800880088,0.300696736340301,0.000183351668500183,0.0870920425375871,0.258892555922259,0.265126512651265
206273.411807,2529366.126422,0.588827838827839,0.18040293040293,0,0.00402930402930403,0.045970695970696,0.180769230769231
206773.411807,2529366.126422,0.555128205128205,0.091025641025641,0,0.00457875457875458,0.0467032967032967,0.302564102564103
207273.411807,2529366.126422,0.744224422442244,0.0242024202420242,0,0.00201686835350202,0.0152181884855152,0.214338100476714
207773.411807,2529366.126422,0.926007326007326,0.0201465201465201,0,0,0,0.0538461538461538
208273.411807,2529366.126422,0.771978021978022,0.0666666666666667,0,0.0318681318681319,0.0148351648351648,0.114652014652015
208773.411807,2529366.126422,0.0784745141180785,0.12981298129813,0.0104510451045105,0.392372570590392,0.0603226989365603,0.328566189952329
209273.411807,2529366.126422,0.0578754578754579,0.233699633699634,0.000183150183150183,0.411904761904762,0.0529304029304029,0.243406593406593
209773.411807,2529366.126422,0,0.2996336996337,0,0.409157509157509,0.183699633699634,0.107509157509158
210273.411807,2529366.126422,0,0.127062706270627,0,0.637513751375138,0.182618261826183,0.0528052805280528
210773.411807,2529366.126422,0.119230769230769,0.117216117216117,0,0.294139194139194,0.0175824175824176,0.451831501831502
211273.411807,2529366.126422,0.165608663181479,0.294809559372666,0,0.0388349514563107,0.0834578043315907,0.417289021657954
198773.411807,2528866.126422,0.0023130300693909,0.938319198149576,0,0,0,0.0593677717810332
199273.411807,2528866.126422,0.141390060517147,0.686044379240785,0,0,0.0188886851274528,0.153676875114616
199773.411807,2528866.126422,0.193329668315924,0.29265164009529,0,0.00201575957485798,0.0302363936228697,0.481766538391057
200273.411807,2528866.126422,0.153973206092861,0.266654432005873,0,0.00532207744540283,0.0557900532207745,0.518260231235089
200773.411807,2528866.126422,0.157344580964607,0.136255272327159,0.00110031175499725,0.0469466348798826,0.204291215844489,0.454061984228865
201273.411807,2528866.126422,0.223199560197911,0.269745281290086,0.00293201392706615,0.0142935678944475,0.104452996151732,0.385376580538758
201773.411807,2528866.126422,0.0781794824738484,0.420444118186823,0.011194714626537,0.0102771150669848,0.156542484859607,0.323362084786199
202273.411807,2528866.126422,0.0709701081973226,0.286264441591784,0.000183385292499542,0.0674857876398313,0.191454245369521,0.383642031909041
202773.411807,2528866.126422,0.0430639545537841,0.420927249404435,0,0.0214403518416712,0.127909107568261,0.386659336631849
203273.411807,2528866.126422,0.0343182235272527,0.641218572215085,0,0.0104606349788952,0.022389429253074,0.291613140025693
203773.411807,2528866.126422,0.0456629378323858,0.579314139006052,0,0.0121034293049697,0.0781221346048047,0.284797359251788
204273.411807,2528866.126422,0.078248121678578,0.513285688107018,0.00164925783397471,0.0729338464357706,0.167674546454096,0.166208539490563
204773.411807,2528866.126422,0.101302991374564,0.409616443384107,0,0.0717562855569829,0.219122774821068,0.198201504863278
205273.411807,2528866.126422,0.0621676141573446,0.468549422336329,0,0.0201723821749496,0.0520814230698698,0.397029158261507
205773.411807,2528866.126422,0.10646875572659,0.357888949972512,0,0.00751328568810702,0.0654205607476635,0.462708447865127
206273.411807,2528866.126422,0.812626169939438,0.055606533308864,0,0,0.00256927876674619,0.129198017984951
206773.411807,2528866.126422,0.943700715202641,0.00330093526499175,0,0,0,0.0529983495323675
207273.411807,2528866.126422,0.617555433388309,0.045629466739967,0,0,0.0260216236027121,0.310793476269012
207773.411807,2528866.126422,0.19104422829877,0.179665993760323,0,0.036520462470178,0.154523765828592,0.438245549642136
208273.411807,2528866.126422,0.00385109114249037,0.121584448927196,0.000183385292499542,0.552356501008619,0.257839721254355,0.0641848523748395
208773.411807,2528866.126422,0,0.0388491845336265,0,0.920835623969214,0.0403151914971596,0
209273.411807,2528866.126422,0.0117452743622683,0.0776289227381171,0,0.633694255826757,0.237658285924023,0.0392732611488346
209773.411807,2528866.126422,0.0605171465248487,0.107463781404731,0,0.306803594351733,0.337612323491656,0.187603154227031
210273.411807,2528866.126422,0.184716877405168,0.215136521898479,0,0.0520432472054242,0.0678028220634048,0.480300531427524
210773.411807,2528866.126422,0.184804551293815,0.287575701963663,0,0.0034868783262984,0.0244081482840888,0.499724720132134
211273.411807,2528866.126422,0.231632080762759,0.178164142830436,0,0.019442886520845,0.0708543653019256,0.499906524584034
198773.411807,2528366.126422,0.00308562612496786,0.956544098740036,0,0,0,0.0403702751349961
199273.411807,2528366.126422,0.226930838378279,0.294991744634012,0,0.00440286186020914,0.126582278481013,0.347092276646487
199773.411807,2528366.126422,0.134065934065934,0.301648351648352,0,0.00293040293040293,0.10018315018315,0.461172161172161
200273.411807,2528366.126422,0.164954128440367,0.184770642201835,0.0306422018348624,0.0244036697247706,0.104587155963303,0.490642201834862
200773.411807,2528366.126422,0.124747752705926,0.246927169326729,0.001284168042561,0.0676940011007155,0.240322876536415,0.319024032287654
201273.411807,2528366.126422,0.118498168498168,0.265934065934066,0,0.00402930402930403,0.106043956043956,0.505494505494505
201773.411807,2528366.126422,0.0473394495412844,0.379449541284404,0.00844036697247706,0.0137614678899083,0.108623853211009,0.442385321100917
202273.411807,2528366.126422,0.0568702990277013,0.315354980737479,0.00440286186020914,0.0897083104017612,0.24967895798936,0.283984589983489
202773.411807,2528366.126422,0.0587912087912088,0.346703296703297,0.0164835164835165,0.0254578754578755,0.137179487179487,0.415384615384615
203273.411807,2528366.126422,0.0702752293577982,0.430091743119266,0.0168807339449541,0.0238532110091743,0.0922935779816514,0.366605504587156
203773.411807,2528366.126422,0.0339387268391121,0.352595853971748,0.00201797835259585,0.0216474041460283,0.102366538249862,0.487433498440653
204273.411807,2528366.126422,0.0932234432234432,0.213369963369963,0.0010989010989011,0.0261904761904762,0.131684981684982,0.534432234432234
204773.411807,2528366.126422,0.114128440366972,0.476697247706422,0.00055045871559633,0.0036697247706422,0.0445871559633028,0.360366972477064
205273.411807,2528366.126422,0.0577875619152449,0.553659878921299,0.000366905155017428,0.00733810310034856,0.0438451660245826,0.337002384883508
205773.411807,2528366.126422,0.283150183150183,0.18040293040293,0.000183150183150183,0.0331501831501832,0.136446886446886,0.366666666666667
206273.411807,2528366.126422,0.551926605504587,0.0444036697247706,0,0.00385321100917431,0.0122935779816514,0.387522935779817
206773.411807,2528366.126422,0.158503026967529,0.0948449825720051,0.000733810310034856,0.0163272793982755,0.00733810310034856,0.722252797651807
207273.411807,2528366.126422,0.00293040293040293,0.199084249084249,0,0.45018315018315,0.194871794871795,0.152930402930403
207773.411807,2528366.126422,0.00495412844036697,0.0739449541284404,0,0.785321100917431,0.127706422018349,0.00807339449541284
208273.411807,2528366.126422,0.00330214639515685,0.0332049165290772,0,0.916895982388553,0.0284351495138507,0.0181618051733627
208773.411807,2528366.126422,0.0584249084249084,0.293956043956044,0,0.333882783882784,0.202197802197802,0.111538461538462
209273.411807,2528366.126422,0.196880733944954,0.126788990825688,0,0.0713761467889908,0.258348623853211,0.346605504587156
209773.411807,2528366.126422,0.321959273527793,0.113373692900385,0,0.00953953403045313,0.0471473124197395,0.507980187121629
210273.411807,2528366.126422,0.262271062271062,0.184432234432234,0,0.00421245421245421,0.0241758241758242,0.524908424908425
210773.411807,2528366.126422,0.16605504587156,0.105871559633028,0,0.0198165137614679,0.0897247706422018,0.618532110091743
211273.411807,2528366.126422,0.237658937920718,0.160059835452506,0,0.00411368735976066,0.0261780104712042,0.571989528795812
198773.411807,2527866.126422,0.00231006160164271,0.975359342915811,0,0,0,0.0223305954825462
199273.411807,2527866.126422,0.14010989010989,0.577838827838828,0,0,0.0120879120879121,0.26996336996337
199773.411807,2527866.126422,0,0.97011367803447,0,0,0,0.0298863219655299
200273.411807,2527866.126422,0.0100732600732601,0.737545787545788,0,0.000183150183150183,0.00897435897435897,0.243223443223443
200773.411807,2527866.126422,0.115750915750916,0.330586080586081,0.028021978021978,0.0456043956043956,0.1496336996337,0.33040293040293
201273.411807,2527866.126422,0.0905757242390906,0.241657499083242,0.0319031903190319,0.0605060506050605,0.205537220388706,0.36982031536487
201773.411807,2527866.126422,0.0490842490842491,0.204761904761905,0.000549450549450549,0.0487179487179487,0.181868131868132,0.515018315018315
202273.411807,2527866.126422,0.043956043956044,0.403846153846154,0,0.0100732600732601,0.0851648351648352,0.456959706959707
202773.411807,2527866.126422,0.057022368903557,0.294279427942794,0,0.0348368170150348,0.151631829849652,0.462229556288962
203273.411807,2527866.126422,0.0666666666666667,0.315750915750916,0.000915750915750916,0.0518315018315018,0.208058608058608,0.356776556776557
203773.411807,2527866.126422,0.0600732600732601,0.181135531135531,0.0212454212454212,0.0820512820512821,0.229304029304029,0.426190476190476
204273.411807,2527866.126422,0.0731573157315732,0.279427942794279,0,0.00715071507150715,0.0627062706270627,0.577557755775578
204773.411807,2527866.126422,0.0327838827838828,0.491208791208791,0,0.0470695970695971,0.0652014652014652,0.363736263736264
205273.411807,2527866.126422,0.142490842490842,0.260989010989011,0,0.0652014652014652,0.084981684981685,0.446336996336996
205773.411807,2527866.126422,0.342134213421342,0.244774477447745,0,0.0128346167950128,0.0363036303630363,0.363953061972864
206273.411807,2527866.126422,0.0435897435897436,0.101465201465201,0.000183150183150183,0.201465201465201,0.019047619047619,0.634249084249084
206773.411807,2527866.126422,0.00567765567765568,0.145604395604396,0.000915750915750916,0.658608058608059,0.13003663003663,0.0591575091575092
207273.411807,2527866.126422,0,0.0088008800880088,0.00055005500550055,0.936743674367437,0.0539053905390539,0
207773.411807,2527866.126422,0.0276556776556777,0.133882783882784,0,0.73956043956044,0.00824175824175824,0.0906593406593407
208273.411807,2527866.126422,0.267582417582418,0.417032967032967,0,0.0373626373626374,0.0175824175824176,0.26043956043956
208773.411807,2527866.126422,0.295012834616795,0.248074807480748,0,0.0157682434910158,0.0441877521085442,0.396956362302897
209273.411807,2527866.126422,0.336630036630037,0.0375457875457875,0.000183150183150183,0.141575091575092,0.11978021978022,0.364285714285714
209773.411807,2527866.126422,0.329487179487179,0.00879120879120879,0,0.204578754578755,0.162637362637363,0.294505494505495
210273.411807,2527866.126422,0.162449578291162,0.0575724239090576,0,0.259075907590759,0.242574257425743,0.278327832783278
210773.411807,2527866.126422,0.206776556776557,0.227472527472527,0,0.0021978021978022,0.0573260073260073,0.506227106227106
211273.411807,2527866.126422,0.33831217326363,0.141150112023898,0,0.0168035847647498,0.0449962658700523,0.45873786407767
198773.411807,2527366.126422,0.0107941403238242,0.942945258288358,0,0,0,0.046260601387818
199273.411807,2527366.126422,0.10819732257473,0.765450210893086,0,0,0.0115532734274711,0.114799193104713
199773.411807,2527366.126422,0.00549752611324904,0.979659153380979,0,0,0,0.0148433205057724
200273.411807,2527366.126422,0.0139475133051936,0.928610754266838,0,0.00697375665259681,0.00330335841438796,0.0471646173609837
200773.411807,2527366.126422,0.0511644966073721,0.312671923711718,0.0194388410049514,0.19182101595452,0.0960938932697598,0.328809829451678
201273.411807,2527366.126422,0.093274693054792,0.178852849551035,0.00439802089059923,0.0201575957485798,0.110317024005864,0.59299981674913
201773.411807,2527366.126422,0.0354193429987154,0.498440080748761,0,0.00899247568361167,0.0528537346302074,0.404294365938704
202273.411807,2527366.126422,0.0355767467449111,0.301485420869246,0,0.0102695763799743,0.0788556757748029,0.573812580231066
202773.411807,2527366.126422,0.0434304562946674,0.210555250137438,0,0.108484515301448,0.21073850100788,0.426791277258567
203273.411807,2527366.126422,0.0728574050284456,0.311616810423931,0,0.0194531106625069,0.0963479537529822,0.499724720132134
203773.411807,2527366.126422,0.117183201907207,0.325142123601687,0.00366770584999083,0.0221896203924445,0.0748211993398129,0.456996148908858
204273.411807,2527366.126422,0.0830126443100605,0.387758841854499,0,0.0053142752428074,0.0337181601612608,0.490196078431373
204773.411807,2527366.126422,0.0466140576252523,0.24499908240044,0.0330335841438796,0.331253440998348,0.122224261332355,0.221875573499725
205273.411807,2527366.126422,0.0201723821749496,0.427287731523932,0.00330093526499175,0.127636163579681,0.0423620025673941,0.379240784889052
205773.411807,2527366.126422,0.0738501007879787,0.188748396554884,0.000733003481766538,0.272127542605827,0.0714678394722375,0.393073117097306
206273.411807,2527366.126422,0,0.0873554780693705,0,0.774821068085887,0.124242980363369,0.0135804734813727
206773.411807,2527366.126422,0.000183385292499542,0.139556207592151,0,0.505776636713736,0.287181368054282,0.0673024023473317
207273.411807,2527366.126422,0.0736668499175371,0.195895180502107,0,0.310060472787246,0.312076232362104,0.108301264431006
207773.411807,2527366.126422,0.090475316571848,0.567810607450908,0,0.0271609469627455,0.0034868783262984,0.3110662506882
208273.411807,2527366.126422,0.188520080689529,0.29983495323675,0,0.0157711351549606,0.0867412433522831,0.409132587566477
208773.411807,2527366.126422,0.387025838372732,0.0399486897562763,0,0.00659703133589885,0.0273043796958036,0.539124060839289
209273.411807,2527366.126422,0.282987704165902,0.111396586529638,0,0.109194347586713,0.13268489631125,0.363736465406497
209773.411807,2527366.126422,0.137722354667156,0.229965156794425,0,0.124701998899688,0.101778837337246,0.405831652301485
210273.411807,2527366.126422,0.207256734469489,0.259299981674913,0,0.00769653655854865,0.0337181601612608,0.492028587135789
210773.411807,2527366.126422,0.211965498256561,0.244081482840888,0.00789135621214902,0.015782712424298,0.052303174894476,0.467975775371628
211273.411807,2527366.126422,0.141147878108058,0.149560665544962,0,0.00523462329407366,0.0400074780332772,0.66404935501963
198773.411807,2526866.126422,0.00231421959372589,0.951915659552584,0,0,0,0.0457701208536899
199273.411807,2526866.126422,0.105118326912493,0.802421574023115,0,0,0.00201797835259585,0.090442120711796
199773.411807,2526866.126422,0.0247252747252747,0.733699633699634,0,0.0305860805860806,0.0573260073260073,0.153663003663004
200273.411807,2526866.126422,0.13394495412844,0.225321100917431,0,0.104587155963303,0.204770642201835,0.331376146788991
200773.411807,2526866.126422,0.0664098330581545,0.263804806457531,0.0554026784076316,0.125665015593469,0.120711796000734,0.36800587048248
201273.411807,2526866.126422,0.0860805860805861,0.315018315018315,0.0227106227106227,0.0291208791208791,0.0750915750915751,0.471978021978022
201773.411807,2526866.126422,0.066605504587156,0.395412844036697,0.00055045871559633,0.0188990825688073,0.120550458715596,0.397981651376147
202273.411807,2526866.126422,0.0691616217207852,0.200697119794533,0.00495321959273528,0.0502660062373876,0.192074848651624,0.482847184002935
202773.411807,2526866.126422,0.115018315018315,0.145238095238095,0,0.0274725274725275,0.0946886446886447,0.617582417582418
203273.411807,2526866.126422,0.0913761467889908,0.168073394495413,0.0172477064220183,0.0913761467889908,0.245321100917431,0.386605504587156
203773.411807,2526866.126422,0.10988809392772,0.309484498257201,0.00678774536782242,0.0117409649605577,0.0508163639699138,0.511282333516786
204273.411807,2526866.126422,0.111538461538462,0.342124542124542,0,0.00238095238095238,0.0448717948717949,0.499084249084249
204773.411807,2526866.126422,0.111743119266055,0.528990825688073,0,0.0174311926605505,0.0374311926605505,0.304403669724771
205273.411807,2526866.126422,0.0671436433681893,0.460282516969363,0.000183452577508714,0.0596220876903321,0.015410016510732,0.397358282883875
205773.411807,2526866.126422,0.026007326007326,0.0428571428571429,0.00293040293040293,0.778021978021978,0.0778388278388278,0.0723443223443224
206273.411807,2526866.126422,0.0489908256880734,0.154495412844037,0,0.465871559633028,0.110275229357798,0.220366972477064
206773.411807,2526866.126422,0.00880572372041827,0.249862410566868,0,0.0188956154833975,0.463401210787012,0.259035039442304
207273.411807,2526866.126422,0.138278388278388,0.395054945054945,0,0.0516483516483516,0.188827838827839,0.226190476190476
207773.411807,2526866.126422,0.228807339449541,0.143119266055046,0,0.00238532110091743,0.0176146788990826,0.608073394495413
208273.411807,2526866.126422,0.283801137405981,0.0537516052100532,0,0.00862227114290956,0.0339387268391121,0.619886259401945
208773.411807,2526866.126422,0.305860805860806,0.0782051282051282,0,0.0888278388278388,0.0833333333333333,0.443772893772894
209273.411807,2526866.126422,0.351926605504587,0.124220183486239,0,0.0018348623853211,0.00935779816513761,0.512660550458716
209773.411807,2526866.126422,0.183452577508714,0.212988442487617,0,0.0451293340671436,0.0928270042194093,0.465602641717116
210273.411807,2526866.126422,0.194688644688645,0.207142857142857,0,0.00274725274725275,0.0287545787545788,0.566666666666667
210773.411807,2526866.126422,0.131009174311927,0.171743119266055,0,0.00972477064220183,0.0324770642201835,0.655045871559633
211273.411807,2526866.126422,0.159685863874346,0.0762902019446522,0,0.00486163051608078,0.0289827973074046,0.730179506357517
198773.411807,2526366.126422,0,0.995636550308008,0,0,0,0.00436344969199179
199273.411807,2526366.126422,0.115018315018315,0.803663003663004,0,0,0.000183150183150183,0.0811355311355311
199773.411807,2526366.126422,0.000183351668500183,0.859185918591859,0,0.00605060506050605,0.0166850018335167,0.117895122845618
200273.411807,2526366.126422,0.00164835164835165,0.954761904761905,0,0,0.000366300366300366,0.0432234432234432
200773.411807,2526366.126422,0.0712454212454212,0.339010989010989,0.00512820512820513,0.129487179487179,0.0833333333333333,0.371794871794872
201273.411807,2526366.126422,0.0669233590025669,0.256142280894756,0.0848918225155849,0.0592225889255592,0.132929959662633,0.3998899889989
201773.411807,2526366.126422,0.139010989010989,0.204945054945055,0.026007326007326,0.0567765567765568,0.207692307692308,0.365567765567766
202273.411807,2526366.126422,0.0866300366300366,0.215750915750916,0.0250915750915751,0.126190476190476,0.178571428571429,0.367765567765568
202773.411807,2526366.126422,0.112394572790612,0.377521085441878,0,0.0784745141180785,0.0788412174550788,0.352768610194353
203273.411807,2526366.126422,0.0864468864468864,0.145238095238095,0.0489010989010989,0.224542124542125,0.0489010989010989,0.445970695970696
203773.411807,2526366.126422,0.32967032967033,0.202930402930403,0,0.166300366300366,0.0276556776556777,0.273443223443223
204273.411807,2526366.126422,0.240924092409241,0.217455078841217,0,0.0280528052805281,0.0715071507150715,0.442060872753942
204773.411807,2526366.126422,0.0826007326007326,0.346703296703297,0,0.197069597069597,0.0772893772893773,0.296336996336996
205273.411807,2526366.126422,0,0.0822344322344322,0,0.77967032967033,0.133882783882784,0.00421245421245421
205773.411807,2526366.126422,0.0394206087275394,0.218005133846718,0,0.403740374037404,0.0667400073340667,0.272093876054272
206273.411807,2526366.126422,0.102930402930403,0.211172161172161,0,0.0252747252747253,0.301831501831502,0.358791208791209
206773.411807,2526366.126422,0.058974358974359,0.315384615384615,0,0.0769230769230769,0.281684981684982,0.267032967032967
207273.411807,2526366.126422,0.165016501650165,0.146314631463146,0,0.00055005500550055,0.0308030803080308,0.657315731573157
207773.411807,2526366.126422,0.309340659340659,0.043040293040293,0,0.0032967032967033,0.0194139194139194,0.624908424908425
208273.411807,2526366.126422,0.421978021978022,0.0498168498168498,0,0.0446886446886447,0.0818681318681319,0.401648351648352
208773.411807,2526366.126422,0.283828382838284,0.132563256325633,0,0.0738907224055739,0.112211221122112,0.397506417308398
209273.411807,2526366.126422,0.257509157509157,0.0921245421245421,0,0.0404761904761905,0.108241758241758,0.501648351648352
209773.411807,2526366.126422,0.165201465201465,0.221794871794872,0,0.0119047619047619,0.0611721611721612,0.53992673992674
210273.411807,2526366.126422,0.142097543087642,0.285661899523286,0,0.0044004400440044,0.0251191785845251,0.542720938760543
210773.411807,2526366.126422,0.165384615384615,0.265750915750916,0,0.00476190476190476,0.032051282051282,0.532051282051282
211273.411807,2526366.126422,0.147498132935026,0.252240477968633,0,0.00989544436146378,0.0545182972367438,0.535847647498133
198773.411807,2525866.126422,0.129272680544847,0.593420714469288,0.0257003341043434,0.00411205345669494,0.0143921870984323,0.233102030326394
199273.411807,2525866.126422,0.12396845772969,0.730790390610673,0,0.000733541169998166,0.0168714469099578,0.127636163579681
199773.411807,2525866.126422,0,0.891332233828111,0,0,0.028587135788895,0.0800806303829943
200273.411807,2525866.126422,0.0934116351624151,0.700128463938337,0,0,0.000734079647641769,0.205725821251606
200773.411807,2525866.126422,0.136438657619659,0.405098111131487,0.00293416467999266,0.0163212910324592,0.0959105079772602,0.343297267559142
201273.411807,2525866.126422,0.223749312809236,0.0991387209089243,0.0300531427524281,0.126443100604728,0.199193696170057,0.321422026754627
201773.411807,2525866.126422,0.254175077995963,0.123141860891907,0.0220223894292531,0.0691870067902367,0.175077995962562,0.356395668930079
202273.411807,2525866.126422,0.145607922244636,0.14817531633963,0.108747478452228,0.0713368787823217,0.0896754080322758,0.436456996148909
202773.411807,2525866.126422,0.131757375847535,0.12112882536192,0.0157595748579806,0.112699285321605,0.124793842770753,0.493861095840205
203273.411807,2525866.126422,0.0546889337493118,0.244081482840888,0.212149018168471,0.240227564690769,0.0924940356028629,0.156358964947697
203773.411807,2525866.126422,0.121401063634696,0.217861727489455,0.0335595085274161,0.355584082156611,0.0861910874747845,0.185402530717036
204273.411807,2525866.126422,0.148982957669049,0.34414513468939,0.00164925783397471,0.187832142202675,0.0168590800806304,0.300531427524281
204773.411807,2525866.126422,0.0251422279317306,0.355111029546706,0,0.449807304092494,0.119654982565608,0.0502844558634612
205273.411807,2525866.126422,0,0.0269576379974326,0,0.962772785622593,0.0097194205024757,0.000550155877498625
205773.411807,2525866.126422,0.0181418361737218,0.38226131574125,0,0.064687557265897,0.176837089976177,0.358072200842954
206273.411807,2525866.126422,0.125160579922922,0.30721233253808,0,0.00440447788585061,0.110478986970086,0.452743622683061
206773.411807,2525866.126422,0.220979277461948,0.145057766367137,0,0.0275077938749312,0.0603337612323492,0.546121401063635
207273.411807,2525866.126422,0.146600696353308,0.123877588418545,0,0.106102253985706,0.10756826094924,0.515851200293201
207773.411807,2525866.126422,0.226830611121307,0.125711139658653,0.000367039823820885,0.0600110111947146,0.159111763626353,0.427968434575151
208273.411807,2525866.126422,0.261140656519347,0.239134421419402,0.00403447643498991,0.00238400880249404,0.0188886851274528,0.474417751696314
208773.411807,2525866.126422,0.230346344145135,0.184350375664284,0,0.00458127176104087,0.0538757559098406,0.5268462525197
209273.411807,2525866.126422,0.261148834648559,0.22426133235456,0,0.0306478252890439,0.0623967700495504,0.421545237658286
209773.411807,2525866.126422,0.157711351549606,0.243719053731891,0,0.024390243902439,0.0553823583348615,0.518796992481203
210273.411807,2525866.126422,0.085761407366685,0.068719076415613,0,0.21073850100788,0.246838922484882,0.38794209272494
210773.411807,2525866.126422,0.341897595889154,0.139658652963847,0,0.0264268673151037,0.0712057258212516,0.420811158010644
211273.411807,2525866.126422,0.125817909889699,0.237053654888764,0,0.00579547578986726,0.0390727238736212,0.592260235558048
198773.411807,2525366.126422,0.295705836976086,0.0902545641553098,0.0349704294163024,0.0295705836976086,0.203908459758293,0.3455901259964
199273.411807,2525366.126422,0.197761878554394,0.194092827004219,0.0409099247844432,0.0871399743166392,0.11557512383049,0.364520271509815
199773.411807,2525366.126422,0.0772893772893773,0.358424908424908,0.0419413919413919,0.0435897435897436,0.117582417582418,0.361172161172161
200273.411807,2525366.126422,0.0561467889908257,0.21394495412844,0.0113761467889908,0.0862385321100917,0.161467889908257,0.470825688073394
200773.411807,2525366.126422,0.221427261053018,0.129517519721152,0.150981471289672,0.115024766097964,0.120528343423225,0.26252063841497
201273.411807,2525366.126422,0.172161172161172,0.119413919413919,0.0163003663003663,0.128754578754579,0.15989010989011,0.403479853479853
201773.411807,2525366.126422,0.192477064220183,0.0922935779816514,0.0159633027522936,0.0453211009174312,0.0915596330275229,0.562385321100917
202273.411807,2525366.126422,0.186571271326362,0.187855439368923,0.0403595670519171,0.0432948082920565,0.182902219776188,0.359016694184553
202773.411807,2525366.126422,0.224725274725275,0.141758241758242,0.111172161172161,0.141575091575092,0.056043956043956,0.324725274725275
203273.411807,2525366.126422,0.0906422018348624,0.26954128440367,0.0431192660550459,0.292477064220183,0.0387155963302752,0.265504587155963
203773.411807,2525366.126422,0.0572372041827188,0.514401027334434,0.0066042927903137,0.209135938359934,0.0332049165290772,0.179416620803522
204273.411807,2525366.126422,0.010989010989011,0.382417582417582,0,0.152930402930403,0.0282051282051282,0.425457875457875
204773.411807,2525366.126422,0,0.0174311926605505,0,0.965504587155963,0.015045871559633,0.00201834862385321
205273.411807,2525366.126422,0.0332049165290772,0.14547789396441,0,0.623922216107136,0.100532012474775,0.096862960924601
205773.411807,2525366.126422,0.210622710622711,0.343406593406593,0,0.0104395604395604,0.0851648351648352,0.3503663003663
206273.411807,2525366.126422,0.126238532110092,0.190091743119266,0,0.0310091743119266,0.136880733944954,0.515779816513761
206773.411807,2525366.126422,0.168776371308017,0.170427444505595,0,0.000183452577508714,0.0502660062373876,0.610346725371491
207273.411807,2525366.126422,0.203296703296703,0.129487179487179,0,0.0624542124542125,0.11043956043956,0.494322344322344
207773.411807,2525366.126422,0.31743119266055,0.135779816513761,0,0.1,0.122385321100917,0.324403669724771
208273.411807,2525366.126422,0.268574573472757,0.0825536598789213,0,0.138139790864062,0.15685195376995,0.353880022014309
208773.411807,2525366.126422,0.341391941391941,0.0371794871794872,0.000183150183150183,0.104761904761905,0.130952380952381,0.385531135531136
209273.411807,2525366.126422,0.290275229357798,0.135596330275229,0.00018348623853211,0.0862385321100917,0.104403669724771,0.383302752293578
209773.411807,2525366.126422,0.22546321775821,0.229132269308384,0,0.0210970464135021,0.067327095945698,0.456980370574207
210273.411807,2525366.126422,0.164285714285714,0.125457875457875,0.0010989010989011,0.0188644688644689,0.0932234432234432,0.597069597069597
210773.411807,2525366.126422,0.265321100917431,0.0471559633027523,0,0.00990825688073394,0.0328440366972477,0.644770642201835
211273.411807,2525366.126422,0.207554225878833,0.0351533283470456,0,0.141548242333583,0.202318623784592,0.413425579655946
198773.411807,2524866.126422,0.161960985626283,0.314168377823409,0.00333675564681725,0.0497946611909651,0.154004106776181,0.316735112936345
199273.411807,2524866.126422,0.133699633699634,0.0961538461538462,0.0157509157509158,0.168864468864469,0.163553113553114,0.421978021978022
199773.411807,2524866.126422,0.131463146314631,0.343417675100843,0.0364869820315365,0.092042537587092,0.140814081408141,0.255775577557756
200273.411807,2524866.126422,0.0761904761904762,0.578205128205128,0.0216117216117216,0.0289377289377289,0.0505494505494506,0.244505494505494
200773.411807,2524866.126422,0.342673992673993,0.205311355311355,0.0137362637362637,0.0388278388278388,0.0686813186813187,0.330769230769231
201273.411807,2524866.126422,0.172533920058673,0.483498349834984,0.0044004400440044,0.0388705537220389,0.0685735240190686,0.232123212321232
201773.411807,2524866.126422,0.131684981684982,0.167582417582418,0.125091575091575,0.229120879120879,0.106776556776557,0.23974358974359
202273.411807,2524866.126422,0.246703296703297,0.141575091575092,0.0472527472527473,0.0831501831501831,0.0789377289377289,0.402380952380952
202773.411807,2524866.126422,0.0966263292995966,0.286211954528786,0.0432709937660433,0.142097543087642,0.11037770443711,0.321415474880821
203273.411807,2524866.126422,0.102014652014652,0.6,0,0.0901098901098901,0.0148351648351648,0.193040293040293
203773.411807,2524866.126422,0.00293040293040293,0.422344322344322,0,0.213553113553114,0.0467032967032967,0.314468864468864
204273.411807,2524866.126422,0,0.0665566556655666,0,0.768243491015768,0.0487715438210488,0.116428309497616
204773.411807,2524866.126422,0.0021978021978022,0.0562271062271062,0,0.912271062271062,0.0225274725274725,0.00677655677655678
205273.411807,2524866.126422,0.0642857142857143,0.32032967032967,0,0.239194139194139,0.158608058608059,0.217582417582418
205773.411807,2524866.126422,0.263843050971764,0.168133480014668,0,0.00293362669600293,0.0678401173450678,0.497249724972497
206273.411807,2524866.126422,0.135531135531136,0.0902930402930403,0.000366300366300366,0.459157509157509,0.0990842490842491,0.215567765567766
206773.411807,2524866.126422,0.0923076923076923,0.316849816849817,0,0.0846153846153846,0.0811355311355311,0.425091575091575
207273.411807,2524866.126422,0.2999633296663,0.0867253392005867,0.000733406674000733,0.035020168683535,0.0881921525485882,0.489365603226989
207773.411807,2524866.126422,0.132600732600733,0.0756410256410256,0.00256410256410256,0.29981684981685,0.21007326007326,0.279304029304029
208273.411807,2524866.126422,0.186263736263736,0.215567765567766,0.000366300366300366,0.0457875457875458,0.10989010989011,0.442124542124542
208773.411807,2524866.126422,0.118445177851118,0.0506050605060506,0.000183351668500183,0.44957829116245,0.180784745141181,0.2004033736707
209273.411807,2524866.126422,0.178205128205128,0.0258241758241758,0.0021978021978022,0.373992673992674,0.202930402930403,0.216849816849817
209773.411807,2524866.126422,0.314652014652015,0.056043956043956,0,0.0122710622710623,0.0547619047619048,0.562271062271062
210273.411807,2524866.126422,0.213054638797213,0.129262926292629,0.00293362669600293,0.0099009900990099,0.127979464613128,0.516868353502017
210773.411807,2524866.126422,0.186263736263736,0.126373626373626,0,0.00769230769230769,0.0573260073260073,0.622344322344322
211273.411807,2524866.126422,0.196415235250187,0.117625093353249,0,0.00466766243465273,0.0539581777445855,0.627333831217326
198773.411807,2524366.126422,0.00334104343356464,0.636597275764585,0.0053970701619121,0.0336674376766898,0.0161912104857363,0.304805962477512
199273.411807,2524366.126422,0.0583165230148542,0.251788006601871,0.000366770584999083,0.233449477351916,0.161562442692096,0.294516779754264
