"x","y","forest","agri","water","built","other","grass"
198773.411807,2502366.126422,0.168395849960096,0.134078212290503,0.0115722266560255,0.0660415003990423,0.164405426975259,0.455506783719074
199273.411807,2502366.126422,0.0913919413919414,0.0752747252747253,0,0.00769230769230769,0.0399267399267399,0.785714285714286
199773.411807,2502366.126422,0.226989365603227,0.0608727539420609,0.0011001100110011,0.044004400440044,0.178401173450678,0.488632196552989
200273.411807,2502366.126422,0.322344322344322,0.0203296703296703,0,0.0582417582417582,0.140842490842491,0.458241758241758
200773.411807,2502366.126422,0.293772893772894,0.0305860805860806,0,0.129304029304029,0.24047619047619,0.305860805860806
201273.411807,2502366.126422,0.198569856985699,0.0408874220755409,0,0.212137880454712,0.341584158415842,0.206820682068207
201773.411807,2502366.126422,0.368681318681319,0.334432234432234,0,0.0335164835164835,0.0928571428571429,0.170512820512821
202273.411807,2502366.126422,0.399267399267399,0.0141025641025641,0,0.0705128205128205,0.221062271062271,0.295054945054945
202773.411807,2502366.126422,0.35020168683535,0.0396039603960396,0.00256692335900257,0.0566556655665567,0.18005133846718,0.370920425375871
203273.411807,2502366.126422,0.285531135531136,0.0655677655677656,0.00201465201465201,0.0714285714285714,0.234981684981685,0.34047619047619
203773.411807,2502366.126422,0.470695970695971,0.0261904761904762,0.0021978021978022,0.032967032967033,0.113553113553114,0.354395604395604
204273.411807,2502366.126422,0.427209387605427,0.0216354968830216,0,0.0209020902090209,0.0726072607260726,0.457645764576458
204773.411807,2502366.126422,0.208974358974359,0.0360805860805861,0,0.334615384615385,0.245421245421245,0.174908424908425
205273.411807,2502366.126422,0.192857142857143,0.0412087912087912,0,0.352197802197802,0.164468864468864,0.249267399267399
205773.411807,2502366.126422,0.545287862119545,0.00421708837550422,0,0.0135680234690136,0.0476714338100477,0.389255592225889
206273.411807,2502366.126422,0.386263736263736,0.00824175824175824,0,0.0238095238095238,0.0476190476190476,0.534065934065934
206773.411807,2502366.126422,0.441758241758242,0.00604395604395604,0,0.0672161172161172,0.125824175824176,0.359157509157509
207273.411807,2502366.126422,0.313348001466813,0.0232856618995233,0,0.117895122845618,0.279244591125779,0.266226622662266
207773.411807,2502366.126422,0.506776556776557,0.00604395604395604,0,0.0104395604395604,0.0465201465201465,0.43021978021978
208273.411807,2502366.126422,0.197985347985348,0.054029304029304,0,0.00201465201465201,0.0230769230769231,0.722893772893773
208773.411807,2502366.126422,0.345801246791346,0.0665566556655666,0,0.0146681334800147,0.0432709937660433,0.52970297029703
209273.411807,2502366.126422,0.462820512820513,0.000732600732600733,0.00146520146520147,0.015018315018315,0.0565934065934066,0.463369963369963
209773.411807,2502366.126422,0.521611721611722,0.0111721611721612,0,0.00934065934065934,0.0478021978021978,0.41007326007326
210273.411807,2502366.126422,0.457095709570957,0.0141180784745141,0,0.00825082508250825,0.0282361569490282,0.492299229922992
210773.411807,2502366.126422,0.426373626373626,0.00531135531135531,0,0.0133699633699634,0.0296703296703297,0.525274725274725
211273.411807,2502366.126422,0.350743099787686,0.0195329087048832,0,0.000212314225053079,0.0180467091295117,0.611464968152866
198773.411807,2501866.126422,0.114131521087348,0.309614231461123,0.00139916050369778,0.107735358784729,0.202678392964221,0.264441335198881
199273.411807,2501866.126422,0.109481019622226,0.166513845589584,0.000916926462497708,0.0289748762149276,0.0676691729323308,0.626444159178434
199773.411807,2501866.126422,0.0560747663551402,0.294300897929265,0.0586402785413231,0.140003665017409,0.155213487264065,0.295766904892798
200273.411807,2501866.126422,0.276931547072857,0.167003119838502,0.0260598274912828,0.0396403009726555,0.11194714626537,0.378418058359332
200773.411807,2501866.126422,0.318173482486705,0.0185219145424537,0,0.125252154777187,0.173482486704566,0.364569961489089
201273.411807,2501866.126422,0.220084295400403,0.0478284771852666,0.00568077698369067,0.180135605644127,0.28587135788895,0.260399486897563
201773.411807,2501866.126422,0.454395301890255,0.0768948430904753,0,0.0262433474031932,0.13690585428519,0.305560653330886
202273.411807,2501866.126422,0.3200073354117,0.0447460113698881,0,0.0913258756647717,0.16816431322208,0.375756464331561
202773.411807,2501866.126422,0.168041048194979,0.0373831775700935,0,0.186182884368701,0.232911856331318,0.375481033534909
203273.411807,2501866.126422,0.342998715360617,0.0227564690768948,0.00238575885483575,0.0743255643237291,0.210130299137456,0.347403193246467
203773.411807,2501866.126422,0.374839537869063,0.0289748762149276,0,0.0643682376673391,0.17201540436457,0.3598019438841
204273.411807,2501866.126422,0.387209089243174,0.017042330951072,0,0.0679860729338464,0.188748396554884,0.339014110317024
204773.411807,2501866.126422,0.320976325931364,0.031932464672417,0,0.12442650027528,0.166452560102771,0.356212149018168
205273.411807,2501866.126422,0.152393178067119,0.0687694846873281,0.000183385292499542,0.48817164863378,0.20795892169448,0.0825233816247937
205773.411807,2501866.126422,0.209272494044347,0.021073850100788,0,0.496793109767271,0.126809602345611,0.146050943741983
206273.411807,2501866.126422,0.21985685446871,0.0543218939254909,0,0.208478619930262,0.178014314553129,0.339328317122408
206773.411807,2501866.126422,0.28406381808179,0.00678525582248304,0,0.182284980744544,0.197689345314506,0.329176600036677
207273.411807,2501866.126422,0.310060472787246,0.0146600696353308,0,0.0199743448781382,0.0753161077515118,0.579989004947774
207773.411807,2501866.126422,0.386676454395302,0.216737015966232,0,0.00183519911910442,0.00146815929528354,0.393283171224078
208273.411807,2501866.126422,0.273610856409316,0.0385109114249037,0,0.00238400880249404,0.0207225380524482,0.664771685310838
208773.411807,2501866.126422,0.407183434121312,0.00384826827927433,0,0.00403151914971596,0.0386659336631849,0.546270844786513
209273.411807,2501866.126422,0.372361901266287,0.0113782345384474,0,0.0201871903101487,0.0633143696091026,0.532758304276014
209773.411807,2501866.126422,0.339446176416651,0.0330093526499175,0,0.00513478818998716,0.0467632495873831,0.575646433156061
210273.411807,2501866.126422,0.415796225032069,0.00824628916987356,0,0.00787978742899029,0.0395821880153931,0.528495510353674
210773.411807,2501866.126422,0.557717012295834,0.00587263718113415,0.0122958340979996,0.000183519911910442,0.00991007524316388,0.414020921269958
211273.411807,2501866.126422,0.320373911196091,0.113660505629913,0.0318674314850223,0.00807308264287232,0.0420650095602294,0.483960059485872
198773.411807,2501366.126422,0.0367705835331735,0.619104716227018,0.000399680255795364,0.0517585931254996,0.0985211830535572,0.193445243804956
199273.411807,2501366.126422,0.0434782608695652,0.46358466336452,0,0.104017611447441,0.111172261970281,0.277747202348193
199773.411807,2501366.126422,0.133882783882784,0.148534798534799,0,0.103479853479853,0.20018315018315,0.413919413919414
200273.411807,2501366.126422,0.243669724770642,0.128256880733945,0.00073394495412844,0.043302752293578,0.135963302752294,0.448073394495413
200773.411807,2501366.126422,0.317556411667584,0.0603558980003669,0.015410016510732,0.0530177949000183,0.180884241423592,0.372775637497707
201273.411807,2501366.126422,0.33021978021978,0.0851648351648352,0,0.0119047619047619,0.0816849816849817,0.491025641025641
201773.411807,2501366.126422,0.305871559633028,0.100183486238532,0,0.0658715596330275,0.15743119266055,0.370642201834862
202273.411807,2501366.126422,0.339937626123647,0.0132085855806274,0,0.0616400660429279,0.161988625940194,0.423225096312603
202773.411807,2501366.126422,0.363919413919414,0.0208791208791209,0.000915750915750916,0.114102564102564,0.187362637362637,0.312820512820513
203273.411807,2501366.126422,0.315412844036697,0.00990825688073394,0.0104587155963303,0.100183486238532,0.180550458715596,0.38348623853211
203773.411807,2501366.126422,0.347642634379013,0.0471473124197395,0,0.0251330031186938,0.0935608145294441,0.48651623555311
204273.411807,2501366.126422,0.458058608058608,0.0252747252747253,0,0.0701465201465201,0.162087912087912,0.284432234432234
204773.411807,2501366.126422,0.383669724770642,0.0190825688073394,0,0.100733944954128,0.134678899082569,0.361834862385321
205273.411807,2501366.126422,0.145110988809393,0.0229315721885892,0,0.420106402494955,0.194092827004219,0.217758209502844
205773.411807,2501366.126422,0.151648351648352,0.0311355311355311,0,0.511172161172161,0.191575091575092,0.114468864468864
206273.411807,2501366.126422,0.345504587155963,0.0379816513761468,0,0.173394495412844,0.0768807339449541,0.366238532110092
206773.411807,2501366.126422,0.42799486332783,0.0232984773436067,0,0.00532012474775271,0.0262337185837461,0.517152815997065
207273.411807,2501366.126422,0.34047619047619,0.0617216117216117,0,0.0302197802197802,0.221428571428571,0.346153846153846
207773.411807,2501366.126422,0.342385321100917,0.168990825688073,0,0.00348623853211009,0.0337614678899083,0.451376146788991
208273.411807,2501366.126422,0.467987525224729,0.00752155567785727,0.00146762062006971,0.0284351495138507,0.0722803155384333,0.42230783342506
208773.411807,2501366.126422,0.373443223443223,0.00824175824175824,0.0269230769230769,0.0525641025641026,0.113369963369963,0.425457875457875
209273.411807,2501366.126422,0.320183486238532,0.00697247706422018,0.011743119266055,0.0864220183486239,0.159449541284404,0.415229357798165
209773.411807,2501366.126422,0.434415703540635,0.0091726288754357,0,0.002568336085122,0.0133920381581361,0.540451293340671
210273.411807,2501366.126422,0.414468864468864,0.0250915750915751,0,0.00238095238095238,0.00604395604395604,0.552014652014652
210773.411807,2501366.126422,0.603302752293578,0.0018348623853211,0,0.000917431192660551,0.00862385321100917,0.385321100917431
211273.411807,2501366.126422,0.564718384697131,0.0250797024442083,0,0.0199787460148778,0.0588735387885228,0.33134962805526
198773.411807,2500866.126422,0.0403032721468476,0.497007182761373,0,0.0885873902633679,0.176975259377494,0.197126895450918
199273.411807,2500866.126422,0.137545787545788,0.33021978021978,0.013003663003663,0.148717948717949,0.17014652014652,0.2003663003663
199773.411807,2500866.126422,0.059039237257059,0.257975797579758,0.00476714338100477,0.17015034836817,0.234690135680235,0.273377337733773
200273.411807,2500866.126422,0.245970695970696,0.104029304029304,0.00677655677655678,0.0518315018315018,0.204029304029304,0.387362637362637
200773.411807,2500866.126422,0.213003663003663,0.0921245421245421,0.000732600732600733,0.171428571428571,0.198168498168498,0.324542124542125
201273.411807,2500866.126422,0.304913824715805,0.148514851485149,0.0022002200220022,0.0436376971030436,0.116061606160616,0.384671800513385
201773.411807,2500866.126422,0.287912087912088,0.0602564102564103,0.000183150183150183,0.12032967032967,0.154395604395604,0.376923076923077
202273.411807,2500866.126422,0.388095238095238,0.0600732600732601,0,0.0238095238095238,0.0758241758241758,0.452197802197802
202773.411807,2500866.126422,0.458012467913458,0.0088008800880088,0,0.0339200586725339,0.0603226989365603,0.438943894389439
203273.411807,2500866.126422,0.261355311355311,0.0380952380952381,0,0.153846153846154,0.233699633699634,0.313003663003663
203773.411807,2500866.126422,0.378937728937729,0.00970695970695971,0.00183150183150183,0.0467032967032967,0.123260073260073,0.43956043956044
204273.411807,2500866.126422,0.273010634396773,0.0661899523285662,0,0.0405207187385405,0.166299963329666,0.453978731206454
204773.411807,2500866.126422,0.394505494505494,0.0296703296703297,0,0.122161172161172,0.134798534798535,0.318864468864469
205273.411807,2500866.126422,0.158974358974359,0.0324175824175824,0,0.506043956043956,0.151098901098901,0.151465201465201
205773.411807,2500866.126422,0.152731939860653,0.0817748441510818,0,0.0771910524385772,0.333149981664833,0.355152181884855
206273.411807,2500866.126422,0.272527472527473,0.0124542124542125,0,0.0758241758241758,0.13956043956044,0.4996336996337
206773.411807,2500866.126422,0.397435897435897,0.00512820512820513,0,0.00311355311355311,0.0128205128205128,0.581501831501832
207273.411807,2500866.126422,0.284928492849285,0.118261826182618,0,0.000366703337000367,0.0106343967730106,0.585808580858086
207773.411807,2500866.126422,0.541941391941392,0.00970695970695971,0,0.00879120879120879,0.0212454212454212,0.418315018315018
208273.411807,2500866.126422,0.576190476190476,0.000366300366300366,0,0.00183150183150183,0.00586080586080586,0.415750915750916
208773.411807,2500866.126422,0.493399339933993,0.0113678034470114,0,0.00531719838650532,0.0322698936560323,0.457645764576458
209273.411807,2500866.126422,0.307875457875458,0.0269230769230769,0,0.0391941391941392,0.181501831501831,0.444505494505494
209773.411807,2500866.126422,0.310989010989011,0.0152014652014652,0,0.0227106227106227,0.0673992673992674,0.583699633699634
210273.411807,2500866.126422,0.602310231023102,0.00421708837550422,0,0.0517051705170517,0.0408874220755409,0.300880088008801
210773.411807,2500866.126422,0.785347985347985,0.00366300366300366,0,0.00256410256410256,0.0256410256410256,0.182783882783883
211273.411807,2500866.126422,0.319957537154989,0.035031847133758,0.000636942675159236,0.114437367303609,0.173673036093418,0.356263269639066
198773.411807,2500366.126422,0.0255846492104737,0.7027783330002,0,0.04597241655007,0.0955426743953628,0.130121926843894
199273.411807,2500366.126422,0.0491472583898771,0.472767284063818,0.0139372822299652,0.0940766550522648,0.103429304969741,0.266642215294333
199773.411807,2500366.126422,0.0883269195528679,0.354773685175005,0.00348176653839106,0.0859446582371266,0.15246472420744,0.31500824628917
200273.411807,2500366.126422,0.0508350155991925,0.329234721967333,0,0.030280785465223,0.170489998164801,0.41915947880345
200773.411807,2500366.126422,0.162112598569595,0.146158078122135,0.0330093526499175,0.0916926462497708,0.197689345314506,0.369337979094077
201273.411807,2500366.126422,0.337731354223933,0.0890599230346344,0.00311526479750779,0.0674363203225215,0.151731720725673,0.35092541689573
201773.411807,2500366.126422,0.312350890071573,0.0794641218572215,0,0.0691870067902367,0.140759772435309,0.39823820884566
202273.411807,2500366.126422,0.194571795342014,0.0786722904823033,0,0.169081239684577,0.207225380524482,0.350449293966624
202773.411807,2500366.126422,0.35422393256368,0.0282206340480117,0.00146600696353308,0.0280373831775701,0.10646875572659,0.481583287520616
203273.411807,2500366.126422,0.361901266287392,0.0152321526885667,0,0.0653330886401175,0.133418975958892,0.424114516425032
203773.411807,2500366.126422,0.3999633229415,0.0119200440124702,0,0.0605171465248487,0.205208142306987,0.322391344214194
204273.411807,2500366.126422,0.385926333150082,0.0432472054242258,0,0.05717427157779,0.145317940260216,0.368334249587686
204773.411807,2500366.126422,0.240961644338411,0.0297302257294917,0.000917599559552211,0.23251972839053,0.219673334556799,0.276197467425216
205273.411807,2500366.126422,0.299284797359252,0.0139372822299652,0.000366770584999083,0.330643682376673,0.122134604804695,0.233632862644416
205773.411807,2500366.126422,0.384643577056991,0.0232728605460876,0,0.0813633864760858,0.140919919369617,0.369800256551219
206273.411807,2500366.126422,0.486878326298403,0.0367039823820885,0,0.00642319691686548,0.0326665443200587,0.437327950082584
206773.411807,2500366.126422,0.427654502108931,0.0135705116449661,0.000916926462497708,0.00256739409499358,0.00733541169998166,0.54795525398863
207273.411807,2500366.126422,0.352391423859263,0.0595565328935312,0,0.0161260765988638,0.0575407733186733,0.514385193329668
207773.411807,2500366.126422,0.57661956322261,0.0154156726004772,0,0,0.00495503762158194,0.403009726555331
208273.411807,2500366.126422,0.377773702549056,0.000733541169998166,0,0.00238400880249404,0.00458463231248854,0.614524115165964
208773.411807,2500366.126422,0.391607110133773,0.0179585853032802,0,0.00513102437236577,0.0478284771852666,0.537474803005314
209273.411807,2500366.126422,0.420994677922555,0.0148651128647458,0,0.000550559735731327,0.00697375665259681,0.556615892824371
209773.411807,2500366.126422,0.261690812396846,0.0190720704199523,0,0.0148542086924629,0.0797726022373006,0.624610306253438
210273.411807,2500366.126422,0.787062488546821,0.00201575957485798,0,0.0102620487447315,0.0172255818215137,0.183434121312076
210773.411807,2500366.126422,0.587997797761057,0.00495503762158194,0,0.0172508717195816,0.0343182235272527,0.355478069370527
211273.411807,2500366.126422,0.180369662205226,0.0939026981091991,0,0.0541746335245379,0.0817930741448906,0.589759932016146
198773.411807,2499866.126422,0.01378896882494,0.127498001598721,0,0.0227817745803357,0.0539568345323741,0.781974420463629
199273.411807,2499866.126422,0.0871399743166392,0.417171161254816,0.0133920381581361,0.0587048248027885,0.0869565217391304,0.33663547972849
199773.411807,2499866.126422,0.0761904761904762,0.29047619047619,0.00769230769230769,0.126739926739927,0.218315018315018,0.280586080586081
200273.411807,2499866.126422,0.0524770642201835,0.327706422018349,0.0539449541284404,0.136880733944954,0.213211009174312,0.215779816513761
200773.411807,2499866.126422,0.123096679508347,0.249862410566868,0.0108237020730141,0.125298110438452,0.16400660429279,0.326912493120528
201273.411807,2499866.126422,0.246153846153846,0.258608058608059,0,0.0646520146520147,0.121611721611722,0.308974358974359
201773.411807,2499866.126422,0.262201834862385,0.0355963302752294,0,0.130825688073395,0.252660550458716,0.318715596330275
202273.411807,2499866.126422,0.506696019079068,0.00330214639515685,0,0.0271509814712897,0.0623738763529628,0.400476976701523
202773.411807,2499866.126422,0.405677655677656,0.0212454212454212,0,0.0236263736263736,0.0783882783882784,0.471062271062271
203273.411807,2499866.126422,0.347889908256881,0.0280733944954128,0.00018348623853211,0.0765137614678899,0.181467889908257,0.365871559633028
203773.411807,2499866.126422,0.394973399376261,0.0221977618785544,0.00440286186020914,0.0234819299211154,0.0849385433865346,0.470005503577325
204273.411807,2499866.126422,0.226556776556777,0.0267399267399267,0.00457875457875458,0.165018315018315,0.167582417582418,0.40952380952381
204773.411807,2499866.126422,0.281467889908257,0.015045871559633,0,0.300917431192661,0.166422018348624,0.236146788990826
205273.411807,2499866.126422,0.384700055035773,0.00201797835259585,0,0.0612731608879105,0.129334067143643,0.422674738580077
205773.411807,2499866.126422,0.358058608058608,0.000732600732600733,0,0.0296703296703297,0.0705128205128205,0.541025641025641
206273.411807,2499866.126422,0.235045871559633,0.00532110091743119,0,0,0.00036697247706422,0.759266055045872
206773.411807,2499866.126422,0.257934323977252,0.0227481196110805,0,0.0130251330031187,0.0405430196294258,0.665749403779123
207273.411807,2499866.126422,0.511355311355311,0.0111721611721612,0,0.00256410256410256,0.0166666666666667,0.458241758241758
207773.411807,2499866.126422,0.415779816513761,0.00073394495412844,0,0.00440366972477064,0.0308256880733945,0.548256880733945
208273.411807,2499866.126422,0.51641900568703,0.0121078701155751,0,0.000733810310034856,0.00403595670519171,0.466703357182168
208773.411807,2499866.126422,0.491758241758242,0.0249084249084249,0,0.00531135531135531,0.0542124542124542,0.423809523809524
209273.411807,2499866.126422,0.379082568807339,0.0143119266055046,0,0.0018348623853211,0.0144954128440367,0.590275229357798
209773.411807,2499866.126422,0.278481012658228,0.00330214639515685,0,0.155017427994863,0.196294257934324,0.366905155017428
210273.411807,2499866.126422,0.302930402930403,0.0261904761904762,0.000183150183150183,0.0750915750915751,0.175457875457875,0.42014652014652
210773.411807,2499866.126422,0.598348623853211,0.0148623853211009,0,0.00385321100917431,0.0242201834862385,0.358715596330275
211273.411807,2499866.126422,0.298618490967056,0.0397449521785335,0,0.0503719447396387,0.171519659936238,0.439744952178533
198773.411807,2499366.126422,0.113328012769354,0.379688747007183,0,0.0249401436552275,0.100159616919393,0.381883479648843
199273.411807,2499366.126422,0.0489010989010989,0.597802197802198,0,0.0232600732600733,0.114468864468864,0.215567765567766
199773.411807,2499366.126422,0.101210121012101,0.287312064539787,0.0181518151815182,0.0986431976530986,0.157315731573157,0.337367070040337
200273.411807,2499366.126422,0.0432234432234432,0.47985347985348,0.0287545787545788,0.176007326007326,0.136446886446886,0.135714285714286
200773.411807,2499366.126422,0.145787545787546,0.285897435897436,0.00531135531135531,0.0478021978021978,0.0884615384615385,0.426739926739927
201273.411807,2499366.126422,0.434360102676934,0.0511551155115512,0,0.0496883021635497,0.112027869453612,0.352768610194353
201773.411807,2499366.126422,0.307692307692308,0.0252747252747253,0.00274725274725275,0.166483516483516,0.191208791208791,0.306593406593407
202273.411807,2499366.126422,0.227472527472527,0.0769230769230769,0.000183150183150183,0.198351648351648,0.205494505494505,0.291575091575092
202773.411807,2499366.126422,0.301246791345801,0.0491382471580491,0.0148514851485149,0.0438210487715438,0.137147048038137,0.453795379537954
203273.411807,2499366.126422,0.376923076923077,0.0142857142857143,0,0.0393772893772894,0.134798534798535,0.434615384615385
203773.411807,2499366.126422,0.258974358974359,0.0302197802197802,0,0.163736263736264,0.306043956043956,0.241025641025641
204273.411807,2499366.126422,0.327099376604327,0.0407040704070407,0,0.137147048038137,0.179134580124679,0.315914924825816
204773.411807,2499366.126422,0.436080586080586,0.00824175824175824,0,0.0534798534798535,0.105311355311355,0.396886446886447
205273.411807,2499366.126422,0.452564102564103,0.0542124542124542,0,0.0142857142857143,0.0368131868131868,0.442124542124542
205773.411807,2499366.126422,0.274844151081775,0.0298863219655299,0,0.0636230289695636,0.145581224789146,0.486065273193986
206273.411807,2499366.126422,0.285347985347985,0.00531135531135531,0,0.00366300366300366,0.0216117216117216,0.684065934065934
206773.411807,2499366.126422,0.410805860805861,0.00402930402930403,0,0.015018315018315,0.0474358974358974,0.522710622710623
207273.411807,2499366.126422,0.505317198386505,0.00531719838650532,0,0.0055005500550055,0.0146681334800147,0.469196919691969
207773.411807,2499366.126422,0.497985347985348,0.0256410256410256,0,0.000549450549450549,0.000183150183150183,0.475641025641026
208273.411807,2499366.126422,0.524542124542125,0.0111721611721612,0,0.00750915750915751,0.0478021978021978,0.408974358974359
208773.411807,2499366.126422,0.381921525485882,0.0275027502750275,0,0.0287862119545288,0.132013201320132,0.42977631096443
209273.411807,2499366.126422,0.337545787545788,0.00457875457875458,0,0.00769230769230769,0.0331501831501832,0.617032967032967
209773.411807,2499366.126422,0.247069597069597,0.00769230769230769,0,0.136996336996337,0.14981684981685,0.458424908424908
210273.411807,2499366.126422,0.322148881554822,0.0137513751375138,0,0.0506050605060506,0.112027869453612,0.501466813348001
210773.411807,2499366.126422,0.761355311355311,0.0113553113553114,0,0.000915750915750916,0.00311355311355311,0.223260073260073
211273.411807,2499366.126422,0.45859872611465,0.0292993630573248,0,0.0407643312101911,0.0365180467091295,0.434819532908705
198773.411807,2498866.126422,0.0167899260443734,0.790125924445333,0,0.000199880071956826,0.00519688187087747,0.18768738756746
199273.411807,2498866.126422,0.039611223179901,0.746194755180634,0,0.0221896203924445,0.0764716669723088,0.115532734274711
199773.411807,2498866.126422,0.0529595015576324,0.355323437786329,0,0.0758658603628367,0.121312076232362,0.394539124060839
200273.411807,2498866.126422,0.0647825289043861,0.378968618095063,0.00367039823820885,0.0800146815929528,0.163332721600294,0.309231051569095
200773.411807,2498866.126422,0.109114249037227,0.102695763799743,0.011186502842472,0.110214560792224,0.249037227214377,0.417751696313956
201273.411807,2498866.126422,0.403151914971596,0.0498442367601246,0,0.0371999266996518,0.0700018325087044,0.439802089059923
201773.411807,2498866.126422,0.488346485593687,0.00715727656450725,0,0.051018535511103,0.0798311616810424,0.37364654064966
202273.411807,2498866.126422,0.379607555474051,0.00623509994498441,0.000550155877498625,0.0951769668072621,0.146708233999633,0.371721987896571
202773.411807,2498866.126422,0.194245922668133,0.0714678394722375,0,0.188931647425325,0.181051859996335,0.36430273043797
203273.411807,2498866.126422,0.310699210864379,0.0563406129565058,0.000917599559552211,0.0979996329601762,0.198201504863278,0.335841438796109
203773.411807,2498866.126422,0.340546488171649,0.0885750962772786,0,0.0583165230148542,0.141573445809646,0.370988446726573
204273.411807,2498866.126422,0.255818215136522,0.11214953271028,0,0.0776983690672531,0.154297232911856,0.400036650174088
204773.411807,2498866.126422,0.404661405762525,0.0102771150669848,0,0.0264268673151037,0.0831345200954303,0.475500091759956
205273.411807,2498866.126422,0.319457179534201,0.0139372822299652,0,0,0.000550155877498625,0.666055382358335
205773.411807,2498866.126422,0.242807403335166,0.0234561114165292,0.000183250870441635,0.0282206340480117,0.0280373831775701,0.677295217152281
206273.411807,2498866.126422,0.278399706368141,0.0695540466140576,0,0.0144980730409249,0.0565241328684162,0.58102404110846
206773.411807,2498866.126422,0.226664221529433,0.0141206675224647,0,0.213277095176967,0.329543370621676,0.216394645149459
207273.411807,2498866.126422,0.41029869891882,0.00769653655854865,0.00238226131574125,0.0859446582371266,0.14238592633315,0.351291918636614
207773.411807,2498866.126422,0.42723435492751,0.00110111947146265,0,0.00715727656450725,0.0293631859056708,0.53514406313085
208273.411807,2498866.126422,0.449293966623877,0.00825233816247937,0,0.0315422703099211,0.0995782138272511,0.411333211076472
208773.411807,2498866.126422,0.27689206523731,0.0232728605460876,0,0.0784313725490196,0.20963899578523,0.411764705882353
209273.411807,2498866.126422,0.335474398972288,0.00623967700495504,0,0.0100935951550743,0.0278950266103872,0.620297302257295
209773.411807,2498866.126422,0.217678342196956,0.0198056115899505,0,0.0997615991197506,0.149459013387126,0.513295433706217
210273.411807,2498866.126422,0.146783947223749,0.0172255818215137,0,0.252702950339014,0.244639912039582,0.338647608576141
210773.411807,2498866.126422,0.383189576069004,0.0238575885483575,0,0.00495503762158194,0.0196366305744173,0.56836116718664
211273.411807,2498866.126422,0.384321223709369,0.0641597620565116,0,0.00361164223496919,0.0369662205226259,0.510941151476524
198773.411807,2498366.126422,0.0435651478816946,0.544564348521183,0,0.106714628297362,0.152078337330136,0.153077537969624
199273.411807,2498366.126422,0.0475142175747569,0.31095211887727,0.0104567969179967,0.220326545587966,0.200880572372042,0.209869748669969
199773.411807,2498366.126422,0.0683150183150183,0.402930402930403,0.0032967032967033,0.0580586080586081,0.136813186813187,0.330586080586081
200273.411807,2498366.126422,0.0732110091743119,0.207339449541284,0,0.0409174311926606,0.124770642201835,0.553761467889908
200773.411807,2498366.126422,0.201797835259585,0.263621353880022,0.0181618051733627,0.026967528893781,0.077600440286186,0.411851036507063
201273.411807,2498366.126422,0.404029304029304,0.0542124542124542,0,0.0525641025641026,0.113369963369963,0.375824175824176
201773.411807,2498366.126422,0.411926605504587,0.0106422018348624,0,0.0192660550458716,0.185137614678899,0.37302752293578
202273.411807,2498366.126422,0.369106585947533,0.0313703907539901,0,0.0493487433498441,0.0950284351495139,0.455145844799119
202773.411807,2498366.126422,0.388095238095238,0.0177655677655678,0,0.0617216117216117,0.137912087912088,0.394505494505494
203273.411807,2498366.126422,0.117064220183486,0.0379816513761468,0,0.361651376146789,0.222935779816514,0.260366972477064
203773.411807,2498366.126422,0.240322876536415,0.113190240322877,0.0137589433131535,0.0574206567602275,0.153549807374794,0.421757475692533
204273.411807,2498366.126422,0.197985347985348,0.0921245421245421,0.043956043956044,0.0263736263736264,0.0245421245421245,0.615018315018315
204773.411807,2498366.126422,0.309174311926605,0.0222018348623853,0,0.0880733944954128,0.161651376146789,0.418899082568807
205273.411807,2498366.126422,0.375343973582829,0.0111906072280316,0,0.00330214639515685,0.0100898917629793,0.600073381031003
205773.411807,2498366.126422,0.438095238095238,0.043040293040293,0,0.0214285714285714,0.0826007326007326,0.414835164835165
206273.411807,2498366.126422,0.46256880733945,0.0126605504587156,0,0.0155963302752294,0.0702752293577982,0.438899082568807
206773.411807,2498366.126422,0.298844248761695,0.0443955237571088,0.000183452577508714,0.0207301412584847,0.071179600073381,0.564667033571822
207273.411807,2498366.126422,0.454578754578755,0.00164835164835165,0,0.0128205128205128,0.0456043956043956,0.485347985347985
207773.411807,2498366.126422,0.365137614678899,0.0370642201834862,0,0.00146788990825688,0.0073394495412844,0.588990825688073
208273.411807,2498366.126422,0.344707393138874,0.00807191341038342,0,0.00183452577508714,0.0245826453861677,0.620803522289488
208773.411807,2498366.126422,0.408974358974359,0.021978021978022,0,0.0296703296703297,0.0565934065934066,0.482783882783883
209273.411807,2498366.126422,0.395596330275229,0.0188990825688073,0,0.00532110091743119,0.0209174311926606,0.559266055045872
209773.411807,2498366.126422,0.250596220876903,0.0460465969546872,0.00165107319757843,0.0132085855806274,0.101999633094845,0.586497890295359
210273.411807,2498366.126422,0.236813186813187,0.0201465201465201,0,0.0043956043956044,0.0197802197802198,0.718864468864469
210773.411807,2498366.126422,0.158715596330275,0.00899082568807339,0,0.00807339449541284,0.0258715596330275,0.798348623853211
211273.411807,2498366.126422,0.259511158342189,0.0184909670563231,0,0.0363443145589798,0.0858660998937301,0.599787460148778
198773.411807,2497866.126422,0.141260973663208,0.299082202713488,0,0.138268156424581,0.137270550678372,0.284118116520351
199273.411807,2497866.126422,0.0615384615384615,0.304945054945055,0.00421245421245421,0.149450549450549,0.15970695970696,0.32014652014652
199773.411807,2497866.126422,0.124862486248625,0.0799413274660799,0.00531719838650532,0.11991199119912,0.204437110377704,0.465529886321966
200273.411807,2497866.126422,0.127106227106227,0.0703296703296703,0.000549450549450549,0.253846153846154,0.307509157509158,0.240659340659341
200773.411807,2497866.126422,0.166117216117216,0.133516483516484,0.00732600732600733,0.0401098901098901,0.0954212454212454,0.557509157509158
201273.411807,2497866.126422,0.271727172717272,0.191235790245691,0.0119178584525119,0.044004400440044,0.0799413274660799,0.401173450678401
201773.411807,2497866.126422,0.43003663003663,0.0468864468864469,0.00476190476190476,0.0413919413919414,0.0782051282051282,0.398717948717949
202273.411807,2497866.126422,0.399450549450549,0.0183150183150183,0,0.0998168498168498,0.139377289377289,0.343040293040293
202773.411807,2497866.126422,0.412907957462413,0.0555555555555556,0,0.0236523652365237,0.116611661166117,0.391272460579391
203273.411807,2497866.126422,0.246336996336996,0.06996336996337,0.000366300366300366,0.0794871794871795,0.170879120879121,0.432967032967033
203773.411807,2497866.126422,0.122527472527473,0.0934065934065934,0.000366300366300366,0.00805860805860806,0.0201465201465201,0.755494505494505
204273.411807,2497866.126422,0.00843417675100843,0.308030803080308,0,0,0,0.683535020168684
204773.411807,2497866.126422,0.184065934065934,0.0657509157509158,0,0.00659340659340659,0.039010989010989,0.704578754578755
205273.411807,2497866.126422,0.167399267399267,0.0644688644688645,0,0.0316849816849817,0.0635531135531135,0.672893772893773
205773.411807,2497866.126422,0.437110377704437,0.013017968463513,0,0.00935093509350935,0.0328199486615328,0.507700770077008
206273.411807,2497866.126422,0.358241758241758,0.0141025641025641,0,0.0276556776556777,0.093956043956044,0.506043956043956
206773.411807,2497866.126422,0.462087912087912,0.00677655677655678,0,0.0175824175824176,0.0611721611721612,0.452380952380952
207273.411807,2497866.126422,0.548221488815548,0.00696736340300697,0,0.0119178584525119,0.061972863953062,0.370920425375871
207773.411807,2497866.126422,0.328021978021978,0.0426739926739927,0,0.0032967032967033,0.0217948717948718,0.604212454212454
208273.411807,2497866.126422,0.380952380952381,0.0521978021978022,0,0.0203296703296703,0.0307692307692308,0.515750915750916
208773.411807,2497866.126422,0.287678767876788,0.0559222588925559,0.00568390172350568,0.0122845617895123,0.0583058305830583,0.58012467913458
209273.411807,2497866.126422,0.132600732600733,0.0769230769230769,0.0043956043956044,0.146886446886447,0.0908424908424908,0.548351648351648
209773.411807,2497866.126422,0.199084249084249,0.182417582417582,0.0472527472527473,0.102380952380952,0.142673992673993,0.326190476190476
210273.411807,2497866.126422,0.143564356435644,0.107994132746608,0.00916758342500917,0.0779244591125779,0.109460946094609,0.551888522185552
210773.411807,2497866.126422,0.0452380952380952,0.108058608058608,0.000366300366300366,0.071978021978022,0.0847985347985348,0.68956043956044
211273.411807,2497866.126422,0.122505307855626,0.0613588110403397,0,0.00849256900212314,0.0394904458598726,0.768152866242038
198773.411807,2497366.126422,0.0859484309414351,0.393363981611033,0,0.111932840295823,0.186488107135719,0.22226664001599
199273.411807,2497366.126422,0.103245919677242,0.265175132954337,0.00330093526499175,0.0671190170548322,0.182651751329543,0.378507243719054
199773.411807,2497366.126422,0.158145501191131,0.148066703316841,0,0.139453912406084,0.139087410665201,0.415246472420744
200273.411807,2497366.126422,0.193062947329785,0.114883464855937,0.0306478252890439,0.139658652963847,0.171224077812443,0.350523031748945
200773.411807,2497366.126422,0.151109481019622,0.17604988079956,0.00935264991747662,0.0770218228498075,0.210159545204475,0.376306620209059
201273.411807,2497366.126422,0.258200476452263,0.0808136338647609,0.00219901044529962,0.0866776617188932,0.157045995968481,0.415063221550302
201773.411807,2497366.126422,0.258396035969903,0.0501009359515507,0.00642319691686548,0.0945127546338778,0.1616810423931,0.428886034134704
202273.411807,2497366.126422,0.445259490188887,0.0097194205024757,0.00146708233999633,0.0524481936548689,0.119200440124702,0.37190537318907
202773.411807,2497366.126422,0.358255451713396,0.0698185816382628,0,0.110500274876306,0.213670514934946,0.24775517683709
203273.411807,2497366.126422,0.295834097999633,0.039823820884566,0,0.109744907322444,0.188658469443935,0.365938704349422
203773.411807,2497366.126422,0.0717036493673207,0.0951769668072621,0,0.028791490922428,0.0513478818998716,0.752980011003118
204273.411807,2497366.126422,0.125893347993403,0.196078431372549,0.00641378046545721,0.00513102437236577,0.0232728605460876,0.643210555250137
204773.411807,2497366.126422,0.459533859423747,0.00403743806202973,0,0.0189025509267756,0.0757937236190127,0.441732427968435
205273.411807,2497366.126422,0.3601687144691,0.010819732257473,0,0.0825233816247937,0.15587749862461,0.390610673024023
205773.411807,2497366.126422,0.168590800806304,0.0174088326919553,0.000366501740883269,0.348909657320872,0.234194612424409,0.230529595015576
206273.411807,2497366.126422,0.44393466691136,0.0130299137456414,0,0.0343182235272527,0.0686364470545054,0.440080748761241
206773.411807,2497366.126422,0.342930496974143,0.00476801760498808,0,0.00806895286997983,0.0390610673024023,0.605171465248487
207273.411807,2497366.126422,0.460509437419828,0.0153930731170973,0.00219901044529962,0.0042147700201576,0.0199743448781382,0.49770936411948
207773.411807,2497366.126422,0.432556432372912,0.0321159845843274,0,0.0306478252890439,0.12846393833731,0.376215819416407
208273.411807,2497366.126422,0.318907023656703,0.046396479002384,0,0.0447460113698881,0.101412066752246,0.488538419218779
208773.411807,2497366.126422,0.237493128092358,0.10536925050394,0.0262048744731537,0.0654205607476635,0.148616455928166,0.416895730254719
209273.411807,2497366.126422,0.207744540282621,0.1036887502294,0.00458799779776106,0.0495503762158194,0.103505230317489,0.53092310515691
209773.411807,2497366.126422,0.215110948101962,0.17219878965707,0.0361269026224097,0.0832569227947919,0.117916743077205,0.375389693746562
210273.411807,2497366.126422,0.201942459226681,0.1927799157046,0.0130108118013561,0.0309693971046362,0.0962067069818582,0.465090709180869
210773.411807,2497366.126422,0.328684162231602,0.0708386859974307,0.00165167920719398,0.02073775004588,0.0341347036153423,0.543953018902551
211273.411807,2497366.126422,0.115572551519014,0.0996388357765031,0,0.00679838538347143,0.023369449755683,0.754620777565328
198773.411807,2496866.126422,0.106514788169464,0.25779376498801,0.0241806554756195,0.122701838529177,0.164068745003997,0.324740207833733
199273.411807,2496866.126422,0.0941111722619703,0.184186387818749,0.0135754907356448,0.212988442487617,0.245092643551642,0.250045863144377
199773.411807,2496866.126422,0.143406593406593,0.231135531135531,0,0.06996336996337,0.148351648351648,0.407142857142857
200273.411807,2496866.126422,0.161100917431193,0.131192660550459,0.0124770642201835,0.11651376146789,0.204587155963303,0.374128440366972
200773.411807,2496866.126422,0.0794349660612732,0.199229499174463,0.0066042927903137,0.243625022931572,0.165657677490369,0.305448541552009
201273.411807,2496866.126422,0.0913919413919414,0.146703296703297,0.0188644688644689,0.158241758241758,0.224908424908425,0.35989010989011
201773.411807,2496866.126422,0.209174311926606,0.111743119266055,0.00146788990825688,0.0708256880733945,0.132110091743119,0.474678899082569
202273.411807,2496866.126422,0.334984406530912,0.0176114474408365,0.00330214639515685,0.0504494588148963,0.106585947532563,0.487066593285636
202773.411807,2496866.126422,0.211721611721612,0.0322344322344322,0,0.21978021978022,0.22967032967033,0.306593406593407
203273.411807,2496866.126422,0.0577981651376147,0.10256880733945,0,0.0484403669724771,0.0471559633027523,0.744036697247706
203773.411807,2496866.126422,0.123830489818382,0.0473307649972482,0,0.00532012474775271,0.0152265639332233,0.808292056503394
204273.411807,2496866.126422,0.254212454212454,0.0241758241758242,0,0.00421245421245421,0.0267399267399267,0.690659340659341
204773.411807,2496866.126422,0.367522935779817,0.0537614678899083,0,0.0152293577981651,0.0286238532110092,0.534862385321101
205273.411807,2496866.126422,0.200697119794533,0.0240322876536415,0,0.122913226930838,0.131168592918731,0.521188772702256
205773.411807,2496866.126422,0.0957875457875458,0.0117216117216117,0,0.493956043956044,0.241391941391941,0.157142857142857
206273.411807,2496866.126422,0.205321100917431,0.0506422018348624,0.00110091743119266,0.101467889908257,0.156330275229358,0.485137614678899
206773.411807,2496866.126422,0.273344340487984,0.0122913226930838,0,0.0188956154833975,0.0719134103834159,0.623555310952119
207273.411807,2496866.126422,0.210805860805861,0.0399267399267399,0.0463369963369963,0.0368131868131868,0.0963369963369963,0.56978021978022
207773.411807,2496866.126422,0.159633027522936,0.0377981651376147,0,0.253211009174312,0.0888073394495413,0.460550458715596
208273.411807,2496866.126422,0.130067877453678,0.0601724454228582,0.000183452577508714,0.108603925885159,0.180517336268575,0.520454962392222
208773.411807,2496866.126422,0.125641025641026,0.0163003663003663,0,0.288644688644689,0.214285714285714,0.355128205128205
209273.411807,2496866.126422,0.237064220183486,0.083302752293578,0.00220183486238532,0.118532110091743,0.128073394495413,0.430825688073394
209773.411807,2496866.126422,0.125114657860943,0.0867730691616217,0.0227481196110805,0.236286919831224,0.260502660062374,0.268574573472757
210273.411807,2496866.126422,0.215567765567766,0.0115384615384615,0.00146520146520147,0.0043956043956044,0.01996336996337,0.747069597069597
