"x","y","forest","agri","water","built","other","grass"
198773.411807,2488866.126422,0.00437732545414752,0.932589188006128,0,0.000875465090829503,0.0183847669074196,0.0437732545414752
199273.411807,2488866.126422,0.0205215904232578,0.850363403163745,0.00235143223599829,0.0376229157759726,0.0209491235570757,0.0681915348439504
199773.411807,2488866.126422,0.0771862304896301,0.576437887534744,0,0.0215950395552705,0.0594398118451999,0.265341030575155
200273.411807,2488866.126422,0.0213720880530028,0.572130797178884,0,0.0143192989955119,0.053857661893567,0.338320153879034
200773.411807,2488866.126422,0.0733219324497649,0.457674219752031,0,0.0106883283454468,0.0433946130825139,0.414920906370244
201273.411807,2488866.126422,0.131066923241394,0.490485353859312,0,0.0380585845627539,0.0624331836647424,0.277955954671798
201773.411807,2488866.126422,0.00106860440265014,0.902970720239367,0,0.000641162641590083,0.00448813849113058,0.0908313742252618
202273.411807,2488866.126422,0.300555793073963,0.228302693458743,0,0.00513039760581445,0.062847370671227,0.403163745190252
202773.411807,2488866.126422,0.325208466966004,0.0374171477442805,0.0449005772931366,0.00919392773145179,0.024160786829164,0.559119093435963
203273.411807,2488866.126422,0.22804017952554,0.0495832442829664,0,0.0258602265441334,0.0912588159863219,0.605257533661039
203773.411807,2488866.126422,0.226806327490381,0.0752458315519453,0,0.00513039760581445,0.0316374519025224,0.661179991449337
204273.411807,2488866.126422,0.205259781911482,0.0138977977335899,0.0010690613641223,0.161428265982467,0.240538806927518,0.377806286080821
204773.411807,2488866.126422,0.234665526821971,0.00683906817696089,0,0.0406069673007053,0.07693951699081,0.640948920709553
205273.411807,2488866.126422,0.0964087216759299,0.0624198375374092,0.00320649850363403,0.0414707139803335,0.0664814023086789,0.730012825994015
205773.411807,2488866.126422,0.160786829163994,0.0908702159503956,0.00363480863801582,0.137908915971777,0.147530468248877,0.45926876202694
206273.411807,2488866.126422,0.0686044026501389,0.392177815772601,0.0200897627698226,0.0587732421457576,0.114981833725155,0.345372942936525
206773.411807,2488866.126422,0.086147926464301,0.36746472851646,0,0.0273621205643437,0.0797349294570329,0.439290294997862
207273.411807,2488866.126422,0.080393414581997,0.246097926020954,0.037630960017105,0.0759033568526833,0.0970707718623049,0.462903570664956
207773.411807,2488866.126422,0.240863432357341,0.0874118401367814,0.0123958110707416,0.0944646291942723,0.166061124171832,0.398803163069032
208273.411807,2488866.126422,0.178922616502779,0.122060709705002,0,0.0532278751603249,0.0598546387345019,0.585934159897392
208773.411807,2488866.126422,0.0243745991019885,0.111396194141544,0,0.690186016677357,0.0496044472952748,0.124438742783836
209273.411807,2488866.126422,0.0653985894421885,0.139559734986108,0,0.428510365462706,0.0504381278050866,0.316093182303911
209773.411807,2488866.126422,0.127191107310817,0.0577169730654126,0,0.108165882855921,0.111372381359555,0.595553655408294
210273.411807,2488866.126422,0.177036561898653,0.0367757109258071,0,0.00042762454564892,0.034851400470387,0.750908702159504
210773.411807,2488866.126422,0.356272707843556,0.0121820901902116,0,0.00106860440265014,0.0468048728360761,0.583671724727506
211273.411807,2488866.126422,0.487513873473918,0.000554938956714761,0,0,0,0.511931187569367
198773.411807,2488366.126422,0.0992323534918555,0.479498221306871,0.00879985021531548,0.0350121700056169,0.103538663171691,0.27391874180865
199273.411807,2488366.126422,0.104529616724739,0.0827067669172932,0,0.289565376856776,0.197872730607005,0.325325508894187
199773.411807,2488366.126422,0.150082462891699,0.0480117280557083,0.000733003481766538,0.318490012827561,0.216602528862012,0.266080263881253
200273.411807,2488366.126422,0.181868232703248,0.068452927142595,0,0.0739585244999082,0.224811892090292,0.450908423563957
200773.411807,2488366.126422,0.0414450761048964,0.417751696313956,0.00165046763249587,0.118100128369705,0.129286631212177,0.291766000366771
201273.411807,2488366.126422,0.0348176653839106,0.75114531794026,0,0.0441634597764339,0.0322521531977277,0.137621403701668
201773.411807,2488366.126422,0.000917599559552211,0.861442466507616,0,0.00458799779776106,0.0343182235272527,0.098733712607818
202273.411807,2488366.126422,0.0548322024573629,0.588850174216028,0,0.0126535851824684,0.0830735375022923,0.260590500641849
202773.411807,2488366.126422,0.258017225581821,0.0498442367601246,0,0.0284038849184534,0.0564412680960235,0.607293384643577
203273.411807,2488366.126422,0.12442650027528,0.0229399889888053,0.000183519911910442,0.262433474031932,0.250871719581575,0.339144797210497
203773.411807,2488366.126422,0.293233082706767,0.0177883733724555,0,0.0302585732624244,0.0905923344947735,0.56812763616358
204273.411807,2488366.126422,0.35422393256368,0,0,0.0053142752428074,0.028587135788895,0.611874656404618
204773.411807,2488366.126422,0.310515690952468,0.0423930996513122,0.00201871903101487,0.0133969535694623,0.0200036703982382,0.611671866397504
205273.411807,2488366.126422,0.252888318356868,0.0871080139372822,0.00806895286997983,0.0221896203924445,0.0645516229598386,0.565193471483587
205773.411807,2488366.126422,0.17940260216236,0.446032618654939,0,0,0.013560564412681,0.36100421477002
206273.411807,2488366.126422,0.126445219306295,0.0416590200036704,0,0.0126628739218205,0.0662506881996697,0.752982198568545
206773.411807,2488366.126422,0.112965340179718,0.0429121584448927,0.00275077938749312,0.171098477902072,0.0786722904823033,0.591600953603521
207273.411807,2488366.126422,0.185449880886934,0.212571009712296,0.0448964632582005,0.0458127176104087,0.0513102437236577,0.459959684808503
207773.411807,2488366.126422,0.123325380803817,0.0906588364837585,0.00403743806202973,0.111029546705818,0.229950449623784,0.440998348320793
208273.411807,2488366.126422,0.081606455162296,0.0966440491472584,0,0.414450761048964,0.139006051714652,0.268292682926829
208773.411807,2488366.126422,0.136155396738135,0.0507604911123328,0,0.0852116547553601,0.0491112332783581,0.678761224115815
209273.411807,2488366.126422,0.02073775004588,0.400440447788585,0,0.00605615709304459,0.0765278032666544,0.496237841805836
209773.411807,2488366.126422,0.159728589767101,0.035209976159912,0,0.0053181734824867,0.0562992847973593,0.743443975793141
210273.411807,2488366.126422,0.138354407183434,0.00256551218618288,0,0.000183250870441635,0.0203408466190214,0.83855598314092
210773.411807,2488366.126422,0.232152688566709,0.00458799779776106,0,0.0104606349788952,0.057258212516058,0.695540466140576
211273.411807,2488366.126422,0.498250524842547,0.0118964310706788,0,0.0704455330067646,0.115465360391882,0.303942150688127
198773.411807,2487866.126422,0.0688880569075253,0.358105578435043,0,0.207038562336204,0.101834518906776,0.264133283414452
199273.411807,2487866.126422,0.0427444505595304,0.0355898000366905,0.000550357732526142,0.634379013025133,0.214822968262704,0.0719134103834159
199773.411807,2487866.126422,0.0646520146520147,0.0276556776556777,0.000183150183150183,0.577106227106227,0.177655677655678,0.152747252747253
200273.411807,2487866.126422,0.0455045871559633,0.393394495412844,0.00018348623853211,0.0467889908256881,0.151926605504587,0.362201834862385
200773.411807,2487866.126422,0.0961291506145661,0.294257934323977,0,0.0379746835443038,0.19831223628692,0.373325995230233
201273.411807,2487866.126422,0.18040293040293,0.331868131868132,0,0.0347985347985348,0.0880952380952381,0.364835164835165
201773.411807,2487866.126422,0.130275229357798,0.115412844036697,0,0.127339449541284,0.205871559633028,0.421100917431193
202273.411807,2487866.126422,0.0735644835809943,0.156118143459916,0.0170610897083104,0.129700972298661,0.157952669235003,0.465602641717116
202773.411807,2487866.126422,0.136813186813187,0.227655677655678,0,0.134615384615385,0.135897435897436,0.365018315018315
203273.411807,2487866.126422,0.253394495412844,0.0295412844036697,0,0.0530275229357798,0.146605504587156,0.51743119266055
203773.411807,2487866.126422,0.261236470372409,0.0482480278847918,0.00733810310034856,0.0432948082920565,0.188405797101449,0.451476793248945
204273.411807,2487866.126422,0.380586080586081,0.000915750915750916,0,0.00201465201465201,0.0137362637362637,0.602747252747253
204773.411807,2487866.126422,0.283119266055046,0.00697247706422018,0.0036697247706422,0.02,0.0721100917431193,0.614128440366972
205273.411807,2487866.126422,0.44652357365621,0.0480645753072831,0,0.0113740598055403,0.0104567969179967,0.48358099431297
205773.411807,2487866.126422,0.148717948717949,0.168498168498169,0,0,0.000183150183150183,0.682600732600733
206273.411807,2487866.126422,0.18,0.0678899082568807,0,0,0.0170642201834862,0.735045871559633
206773.411807,2487866.126422,0.117593102183086,0.0893414052467437,0.0708126949183636,0.181618051733627,0.196294257934324,0.344340487983856
207273.411807,2487866.126422,0.135531135531136,0.0448717948717949,0.00256410256410256,0.209157509157509,0.190659340659341,0.417216117216117
207773.411807,2487866.126422,0.0154128440366972,0.111926605504587,0,0.491192660550459,0.0779816513761468,0.30348623853211
208273.411807,2487866.126422,0.190974133186571,0.0950284351495139,0,0.0748486516235553,0.0306365804439552,0.608512199596404
208773.411807,2487866.126422,0.0813186813186813,0.121978021978022,0,0.00366300366300366,0.067032967032967,0.726007326007326
209273.411807,2487866.126422,0.0159633027522936,0.585688073394495,0,0.00018348623853211,0.112110091743119,0.28605504587156
209773.411807,2487866.126422,0.123096679508347,0.0620069711979453,0,0,0.0236653824986241,0.791230966795083
210273.411807,2487866.126422,0.0987179487179487,0.00183150183150183,0,0,0.0210622710622711,0.878388278388278
210773.411807,2487866.126422,0.451192660550459,0.00385321100917431,0,0.00201834862385321,0.0414678899082569,0.501467889908257
211273.411807,2487866.126422,0.506884480746791,0.00746791131855309,0,0.0207701283547258,0.056242707117853,0.408634772462077
198773.411807,2487366.126422,0.0803738317757009,0.172897196261682,0.000560747663551402,0.16785046728972,0.215514018691589,0.362803738317757
199273.411807,2487366.126422,0.0813186813186813,0.185897435897436,0,0.0126373626373626,0.239377289377289,0.480769230769231
199773.411807,2487366.126422,0.116244957829116,0.174000733406674,0,0.0170517051705171,0.0685735240190686,0.624129079574624
200273.411807,2487366.126422,0.162820512820513,0.0302197802197802,0,0.134065934065934,0.195970695970696,0.476923076923077
200773.411807,2487366.126422,0.163736263736264,0.225457875457875,0,0.0153846153846154,0.0815018315018315,0.513919413919414
201273.411807,2487366.126422,0.237440410707737,0.295562889622296,0,0.0139347268060139,0.0539053905390539,0.399156582324899
201773.411807,2487366.126422,0.21978021978022,0.212271062271062,0,0.0802197802197802,0.0824175824175824,0.405311355311355
202273.411807,2487366.126422,0.143772893772894,0.126556776556777,0.00421245421245421,0.142673992673993,0.212454212454212,0.37032967032967
202773.411807,2487366.126422,0.126696002933627,0.208287495416208,0.000733406674000733,0.0553722038870554,0.191235790245691,0.417675100843418
203273.411807,2487366.126422,0.343040293040293,0.0542124542124542,0,0.00384615384615385,0.0194139194139194,0.57948717948718
203773.411807,2487366.126422,0.347435897435897,0.0043956043956044,0,0.0443223443223443,0.0899267399267399,0.513919413919414
204273.411807,2487366.126422,0.205170517051705,0.0883755042170884,0.0264026402640264,0.030986431976531,0.114594792812615,0.534470113678034
204773.411807,2487366.126422,0.325457875457875,0.0104395604395604,0.00457875457875458,0.0232600732600733,0.0708791208791209,0.565384615384615
205273.411807,2487366.126422,0.33021978021978,0.0793040293040293,0,0.0153846153846154,0.10018315018315,0.474908424908425
205773.411807,2487366.126422,0.439310597726439,0.0146681334800147,0,0.0132013201320132,0.041987532086542,0.490832416574991
206273.411807,2487366.126422,0.235897435897436,0.0152014652014652,0,0.00347985347985348,0.0298534798534799,0.715567765567766
206773.411807,2487366.126422,0.256593406593407,0.0360805860805861,0.0032967032967033,0.0192307692307692,0.0622710622710623,0.622527472527473
207273.411807,2487366.126422,0.116428309497616,0.0498716538320499,0,0.472863953061973,0.0907590759075908,0.27007700770077
207773.411807,2487366.126422,0.0763736263736264,0.00622710622710623,0,0.360622710622711,0.0406593406593407,0.516117216117216
208273.411807,2487366.126422,0.28040293040293,0.0021978021978022,0,0.00293040293040293,0.0672161172161172,0.647252747252747
208773.411807,2487366.126422,0.246057939127246,0.0163182984965163,0,0.00165016501650165,0.0537220388705537,0.682251558489182
209273.411807,2487366.126422,0.0727106227106227,0.0358974358974359,0,0,0.108424908424908,0.782967032967033
209773.411807,2487366.126422,0.243589743589744,0.0822344322344322,0,0.00769230769230769,0.054029304029304,0.612454212454212
210273.411807,2487366.126422,0.0821415474880821,0.063989732306564,0,0.0374037403740374,0.284561789512285,0.531903190319032
210773.411807,2487366.126422,0.33021978021978,0.00787545787545788,0,0.000183150183150183,0.0157509157509158,0.645970695970696
211273.411807,2487366.126422,0.661538461538462,0.0013986013986014,0,0,0,0.337062937062937
198773.411807,2486866.126422,0.0303313986144917,0.0975472757910504,0.00168507770080509,0.17300131061599,0.163265306122449,0.534169631155214
199273.411807,2486866.126422,0.0302585732624244,0.281313038694297,0,0.00183385292499542,0.00366770584999083,0.682926829268293
199773.411807,2486866.126422,0.0861279091075683,0.129558365402236,0,0.00733003481766538,0.0505772402418911,0.72640645043064
200273.411807,2486866.126422,0.117636263534593,0.235823086804918,0,0.0357863828225362,0.105340429436594,0.505413837401358
200773.411807,2486866.126422,0.166513845589584,0.376490005501559,0,0.0177883733724555,0.0515312671923712,0.387676508344031
201273.411807,2486866.126422,0.244456661169141,0.122778083195895,0,0.0700018325087044,0.0650540590067803,0.49770936411948
201773.411807,2486866.126422,0.212332538080382,0.181501192879427,0,0.129381537896862,0.117269223710773,0.359515507432556
202273.411807,2486866.126422,0.274161012286815,0.144507610489639,0.00165046763249587,0.0110031175499725,0.0792224463598019,0.489455345681276
202773.411807,2486866.126422,0.256551218618288,0.0635880520432472,0,0.00751328568810702,0.0538757559098406,0.618471687740517
203273.411807,2486866.126422,0.175261515874472,0.0660671682877592,0.00201871903101487,0.057258212516058,0.124242980363369,0.575151403927326
203773.411807,2486866.126422,0.158995048597103,0.0652851641298368,0.00293416467999266,0.0456629378323858,0.0918760315422703,0.635246653218412
204273.411807,2486866.126422,0.319406267179769,0.0175920835623969,0,0.009529045262965,0.0249221183800623,0.628550485614807
204773.411807,2486866.126422,0.225362451826023,0.0701046063497889,0.0159662323362085,0.0447788585061479,0.125894659570563,0.517893191411268
205273.411807,2486866.126422,0.257289565376857,0.0346598202824134,0,0.0348432055749129,0.0651017788373372,0.60810562992848
205773.411807,2486866.126422,0.22649807586586,0.0203408466190214,0.00293201392706615,0.0146600696353308,0.0377496793109767,0.697819314641745
206273.411807,2486866.126422,0.187006790236741,0.0172508717195816,0.0154156726004772,0.0196366305744173,0.0528537346302074,0.707836300238576
206773.411807,2486866.126422,0.113882266642215,0.0429121584448927,0.00678525582248304,0.303319273794242,0.119200440124702,0.413900605171465
207273.411807,2486866.126422,0.0645043063954554,0.0403151914971596,0.000916254352208173,0.371449514385193,0.0287703866593366,0.494044346710647
207773.411807,2486866.126422,0.134520095430354,0.0846026793907139,0,0.00440447788585061,0.0244081482840888,0.752064599008992
208273.411807,2486866.126422,0.132220795892169,0.0546488171648634,0,0.000183385292499542,0.0381441408399046,0.774802860810563
208773.411807,2486866.126422,0.285321605277625,0.000366501740883269,0,0.000916254352208173,0.0214403518416712,0.691955286787612
209273.411807,2486866.126422,0.31124977060011,0.00238575885483575,0,0.00110111947146265,0.0368875022939989,0.648375848779593
209773.411807,2486866.126422,0.168347698514579,0.0891252521547772,0,0.0733541169998166,0.204657986429488,0.464514945901339
210273.411807,2486866.126422,0.170240058640279,0.0888766721641928,0,0.0696353307678211,0.0881436686824262,0.583104269745281
210773.411807,2486866.126422,0.136722334373279,0.077995962561938,0,0.0178014314553129,0.142411451642503,0.625068819966966
211273.411807,2486866.126422,0.416608350828085,0.073011429904362,0,0.000233263354327035,0.0116631677163518,0.498483788196874
198773.411807,2486366.126422,0.0207787345563459,0.296518157993261,0,0.187383002620741,0.0887308124298016,0.40658929239985
199273.411807,2486366.126422,0.0221977618785544,0.560814529444139,0,0.00403595670519171,0.0357732526141992,0.377178499357916
199773.411807,2486366.126422,0.0461538461538462,0.200549450549451,0,0.0234432234432234,0.110622710622711,0.619230769230769
200273.411807,2486366.126422,0.194128440366972,0.142935779816514,0.0119266055045872,0.0480733944954128,0.0937614678899083,0.509174311926605
200773.411807,2486366.126422,0.137956338286553,0.220143093010457,0,0.0554026784076316,0.0552192258301229,0.531278664465236
201273.411807,2486366.126422,0.174725274725275,0.203296703296703,0,0.0637362637362637,0.121245421245421,0.436996336996337
201773.411807,2486366.126422,0.184770642201835,0.10256880733945,0,0.0623853211009174,0.0994495412844037,0.550825688073394
202273.411807,2486366.126422,0.0843881856540084,0.275912676573106,0.000550357732526142,0.0387084938543387,0.154650522839846,0.445789763346175
202773.411807,2486366.126422,0.104761904761905,0.336996336996337,0,0.00897435897435897,0.0659340659340659,0.483333333333333
203273.411807,2486366.126422,0.111926605504587,0.026605504587156,0.0273394495412844,0.237981651376147,0.210642201834862,0.385504587155963
203773.411807,2486366.126422,0.200330214639516,0.0220143093010457,0,0.0720968629609246,0.161071363052651,0.544487250045863
204273.411807,2486366.126422,0.217032967032967,0.0518315018315018,0,0.015018315018315,0.127289377289377,0.588827838827839
204773.411807,2486366.126422,0.283302752293578,0.0381651376146789,0.00055045871559633,0.076697247706422,0.102201834862385,0.499082568807339
205273.411807,2486366.126422,0.264538616767566,0.01284168042561,0,0.0135754907356448,0.0528343423225096,0.65620986974867
205773.411807,2486366.126422,0.165201465201465,0.0864468864468864,0.00531135531135531,0.0119047619047619,0.0677655677655678,0.663369963369963
206273.411807,2486366.126422,0.109174311926606,0.0792660550458716,0.0310091743119266,0.117247706422018,0.0838532110091743,0.579449541284404
206773.411807,2486366.126422,0.0849385433865346,0.130985140341222,0,0.445422858191158,0.0506329113924051,0.288020546688681
207273.411807,2486366.126422,0.27051282051282,0.0166666666666667,0,0,0.0153846153846154,0.697435897435897
207773.411807,2486366.126422,0.180917431192661,0.00293577981651376,0,0,0.0122935779816514,0.803853211009174
208273.411807,2486366.126422,0.180700788846083,0.00275178866263071,0,0.0280682443588332,0.0792515134837644,0.709227664648688
208773.411807,2486366.126422,0.370879120879121,0.000366300366300366,0,0,0.00183150183150183,0.626923076923077
209273.411807,2486366.126422,0.220917431192661,0.0102752293577982,0,0.0222018348623853,0.116880733944954,0.629724770642202
209773.411807,2486366.126422,0.0959456980370574,0.0315538433314988,0,0.291689598238855,0.252614199229499,0.328196661163089
210273.411807,2486366.126422,0.15989010989011,0.0498168498168498,0.08003663003663,0.143956043956044,0.201098901098901,0.365201465201465
210773.411807,2486366.126422,0.532293577981651,0.00403669724770642,0,0.00055045871559633,0.0231192660550459,0.44
211273.411807,2486366.126422,0.463710618436406,0.0191365227537923,0,0,0.00256709451575263,0.514585764294049
198773.411807,2485866.126422,0.0401869158878505,0.339252336448598,0,0.0121495327102804,0.0585046728971963,0.549906542056075
199273.411807,2485866.126422,0.0358974358974359,0.321611721611722,0,0.0153846153846154,0.0424908424908425,0.584615384615385
199773.411807,2485866.126422,0.0456545654565457,0.353685368536854,0,0.011001100110011,0.0682068206820682,0.521452145214521
200273.411807,2485866.126422,0.161721611721612,0.325457875457875,0.0217948717948718,0.00915750915750916,0.0344322344322344,0.447435897435897
200773.411807,2485866.126422,0.0565934065934066,0.132600732600733,0.0032967032967033,0.176739926739927,0.274725274725275,0.356043956043956
201273.411807,2485866.126422,0.0364869820315365,0.254125412541254,0,0.0308030803080308,0.116061606160616,0.562522918958563
201773.411807,2485866.126422,0.0600732600732601,0.189194139194139,0,0.0324175824175824,0.0683150183150183,0.65
202273.411807,2485866.126422,0.187179487179487,0.113003663003663,0,0.0102564102564103,0.0406593406593407,0.648901098901099
202773.411807,2485866.126422,0.10964429776311,0.224422442244224,0,0.00385038503850385,0.0168683535020169,0.645214521452145
203273.411807,2485866.126422,0.0734432234432234,0.104578754578755,0.0115384615384615,0.222893772893773,0.130952380952381,0.456593406593407
203773.411807,2485866.126422,0.156776556776557,0.0197802197802198,0,0.292857142857143,0.167032967032967,0.363553113553114
204273.411807,2485866.126422,0.21048771543821,0.0236523652365237,0,0.0306197286395306,0.0799413274660799,0.655298863219655
204773.411807,2485866.126422,0.22967032967033,0.0373626373626374,0,0.0249084249084249,0.0276556776556777,0.68040293040293
205273.411807,2485866.126422,0.26007326007326,0.0115384615384615,0,0.00641025641025641,0.0159340659340659,0.706043956043956
205773.411807,2485866.126422,0.208104143747708,0.0594059405940594,0,0.0251191785845251,0.0874587458745875,0.61991199119912
206273.411807,2485866.126422,0.0382783882783883,0.112454212454212,0.00915750915750916,0.381684981684982,0.0968864468864469,0.361538461538462
206773.411807,2485866.126422,0.359340659340659,0.0192307692307692,0,0.00256410256410256,0.0192307692307692,0.5996336996337
207273.411807,2485866.126422,0.068023469013568,0.00825082508250825,0,0.022002200220022,0.0359369270260359,0.865786578657866
207773.411807,2485866.126422,0.111538461538462,0.065018315018315,0,0.0981684981684982,0.224725274725275,0.500549450549451
208273.411807,2485866.126422,0.179487179487179,0.0624542124542125,0.00366300366300366,0.0591575091575092,0.154212454212454,0.541025641025641
208773.411807,2485866.126422,0.100660066006601,0.0434543454345435,0,0.0544554455445545,0.196186285295196,0.605243857719105
209273.411807,2485866.126422,0.120695970695971,0.0472527472527473,0.000366300366300366,0.0261904761904762,0.108791208791209,0.696703296703297
209773.411807,2485866.126422,0.0836996336996337,0.0782051282051282,0.0216117216117216,0.0435897435897436,0.167582417582418,0.605311355311355
210273.411807,2485866.126422,0.27979464613128,0.0960762742940961,0.00531719838650532,0.0610561056105611,0.12962962962963,0.428126145947928
210773.411807,2485866.126422,0.740842490842491,0.0010989010989011,0,0.000366300366300366,0.000732600732600733,0.256959706959707
211273.411807,2485866.126422,0.74009324009324,0,0,0,0,0.25990675990676
198773.411807,2485366.126422,0.0335143231604568,0.135929601198277,0,0.108406665418461,0.137801909754728,0.584347500468077
199273.411807,2485366.126422,0.0649183935448377,0.0794058316523015,0.000916926462497708,0.0476801760498808,0.0874747845222813,0.719603887768201
199773.411807,2485366.126422,0.109400769653656,0.27799157045996,0,0.0201575957485798,0.0833791460509437,0.509070918086861
200273.411807,2485366.126422,0.0324830244081483,0.489998164800881,0,0.0110111947146265,0.0321159845843274,0.434391631492017
200773.411807,2485366.126422,0.0893086374472767,0.213460480469466,0.000183385292499542,0.035209976159912,0.086007702182285,0.57582981844856
201273.411807,2485366.126422,0.0916254352208173,0.177753344328386,0,0.0447132123877588,0.0590067802822063,0.626901227780832
201773.411807,2485366.126422,0.0416590200036704,0.167370159662323,0,0.00917599559552211,0.0291796659937603,0.752615158744724
202273.411807,2485366.126422,0.0931597285897671,0.178433889602054,0,0.0177883733724555,0.0662020905923345,0.644415917843389
202773.411807,2485366.126422,0.146234194612424,0.10317024005864,0.0260216236027121,0.0317024005864028,0.070734835990471,0.622136705149349
203273.411807,2485366.126422,0.188291429620114,0.13690585428519,0,0.0422095797394017,0.168104239309965,0.464488897045329
203773.411807,2485366.126422,0.114799193104713,0.0324591967724189,0,0.312488538419219,0.255639097744361,0.284613973959288
204273.411807,2485366.126422,0.293567894447499,0.00568077698369067,0.000366501740883269,0.0183250870441635,0.0689023272860546,0.613157412497709
204773.411807,2485366.126422,0.363552945494586,0.0159662323362085,0.0245916681959993,0.0324830244081483,0.0447788585061479,0.51862727105891
205273.411807,2485366.126422,0.284430588666789,0.0223730056849441,0,0.0674857876398313,0.0977443609022556,0.52796625710618
205773.411807,2485366.126422,0.0443467106468756,0.10646875572659,0.0284038849184534,0.571376214037017,0.0945574491478835,0.154846985523181
206273.411807,2485366.126422,0.0267939071389246,0.163883281336025,0,0.0688199669664159,0.0968985134887135,0.643604331069921
206773.411807,2485366.126422,0.176416651384559,0.0806895286997983,0.0181551439574546,0.0313588850174216,0.180817898404548,0.512561892536219
207273.411807,2485366.126422,0.064687557265897,0.17372182517867,0,0.0634048011728056,0.327652556349643,0.370533260032985
207773.411807,2485366.126422,0.110662506881997,0.0385391815011929,0.00587263718113415,0.168287759221876,0.178748394200771,0.49788952101303
208273.411807,2485366.126422,0.208509077571979,0.0386942967174033,0,0.0130203557674674,0.106546854942234,0.633229415000917
208773.411807,2485366.126422,0.0956569543705333,0.105735752244823,0.000733003481766538,0.00751328568810702,0.0588235294117647,0.731537474803005
209273.411807,2485366.126422,0.0673518076711323,0.0590934116351624,0.0862543585979079,0.0576252523398789,0.103321710405579,0.626353459350339
209773.411807,2485366.126422,0.0724371905373189,0.0726205758298184,0.124335228314689,0.0265908674124335,0.12818631945718,0.57582981844856
210273.411807,2485366.126422,0.147883452446399,0.0892431739050761,0,0.066703316840755,0.123694337548103,0.572475719259666
210773.411807,2485366.126422,0.379152138006974,0.0352358230868049,0,0.0172508717195816,0.076344283354744,0.492016883831896
211273.411807,2485366.126422,0.624912526242127,0.0142290646139491,0,0,0.000933053417308141,0.359925355726615
198773.411807,2484866.126422,0.028453762635717,0.572257581430176,0.0020591538749532,0.0419318607263197,0.0803070011231748,0.274990640209659
199273.411807,2484866.126422,0.134470739313887,0.398275545771418,0,0.00587048248027885,0.0238488350761328,0.437534397358283
199773.411807,2484866.126422,0.0672161172161172,0.247252747252747,0,0.0738095238095238,0.161721611721612,0.45
200273.411807,2484866.126422,0.0359633027522936,0.264036697247706,0,0.00788990825688073,0.0515596330275229,0.640550458715596
200773.411807,2484866.126422,0.0953953403045313,0.269491836360301,0,0.00110071546505228,0.0113740598055403,0.622638048064575
201273.411807,2484866.126422,0.0836996336996337,0.0413919413919414,0,0.0496336996336996,0.0906593406593407,0.734615384615385
201773.411807,2484866.126422,0.0678899082568807,0.0365137614678899,0,0.328623853211009,0.281834862385321,0.285137614678899
202273.411807,2484866.126422,0.148046230049532,0.115942028985507,0,0.02568336085122,0.0675105485232067,0.642817831590534
202773.411807,2484866.126422,0.14047619047619,0.185164835164835,0,0.0467032967032967,0.0701465201465201,0.557509157509158
203273.411807,2484866.126422,0.165321100917431,0.113394495412844,0,0.0288073394495413,0.104587155963303,0.587889908256881
203773.411807,2484866.126422,0.0790680609062557,0.134837644468905,0,0.16694184553293,0.185654008438819,0.433498440653091
204273.411807,2484866.126422,0.0723443223443224,0.29047619047619,0,0.0921245421245421,0.186630036630037,0.358424908424908
204773.411807,2484866.126422,0.0289908256880734,0.165321100917431,0.00715596330275229,0.583302752293578,0.075045871559633,0.140183486238532
205273.411807,2484866.126422,0.00935608145294441,0.251880388919464,0.010273344340488,0.458998348926802,0.0489818381948266,0.220509998165474
205773.411807,2484866.126422,0.0186813186813187,0.364468864468864,0.00183150183150183,0.257875457875458,0.126923076923077,0.23021978021978
206273.411807,2484866.126422,0,0.248623853211009,0,0.303119266055046,0.15045871559633,0.297798165137615
206773.411807,2484866.126422,0.0216474041460283,0.0537516052100532,0,0.077600440286186,0.120528343423225,0.726472206934507
207273.411807,2484866.126422,0.13956043956044,0.0745421245421245,0,0.00879120879120879,0.0717948717948718,0.705311355311355
207773.411807,2484866.126422,0.219816513761468,0.0115596330275229,0,0,0.0073394495412844,0.761284403669725
208273.411807,2484866.126422,0.226563933223262,0.00715465052283985,0,0,0.000550357732526142,0.765731058521372
208773.411807,2484866.126422,0.166666666666667,0.0163003663003663,0,0.013003663003663,0.0243589743589744,0.77967032967033
209273.411807,2484866.126422,0.135045871559633,0.00990825688073394,0.016697247706422,0.169908256880734,0.134128440366972,0.534311926605505
209773.411807,2484866.126422,0.111722619702807,0.0240322876536415,0,0.00220143093010457,0.0383415886993212,0.823702073014126
210273.411807,2484866.126422,0.0619047619047619,0.154945054945055,0.000732600732600733,0.0111721611721612,0.0445054945054945,0.726739926739927
210773.411807,2484866.126422,0.351376146788991,0.0346788990825688,0.00018348623853211,0.155596330275229,0.0776146788990826,0.380550458715596
211273.411807,2484866.126422,0.687747957992999,0.0126021003500583,0,0.0539089848308051,0.0457409568261377,0.2
198773.411807,2484366.126422,0.0854205607476635,0.150280373831776,0.00168224299065421,0.292523364485981,0.217383177570093,0.252710280373832
199273.411807,2484366.126422,0.0615384615384615,0.138827838827839,0,0.0721611721611722,0.107692307692308,0.61978021978022
199773.411807,2484366.126422,0.0698569856985699,0.0858085808580858,0,0.0438210487715438,0.167033370003667,0.633480014668134
200273.411807,2484366.126422,0.0391941391941392,0.212271062271062,0,0.00274725274725275,0.0203296703296703,0.725457875457875
200773.411807,2484366.126422,0.0842490842490843,0.157692307692308,0,0.0578754578754579,0.0844322344322344,0.615750915750916
201273.411807,2484366.126422,0.169233590025669,0.0993766043270994,0,0.030986431976531,0.0463879721305464,0.654015401540154
201773.411807,2484366.126422,0.2,0.0661172161172161,0.00293040293040293,0.0974358974358974,0.164468864468864,0.469047619047619
202273.411807,2484366.126422,0.0963369963369963,0.24029304029304,0.00128205128205128,0.0283882783882784,0.0873626373626374,0.546336996336996
202773.411807,2484366.126422,0.0275027502750275,0.373854052071874,0,0.013017968463513,0.0328199486615328,0.552805280528053
203273.411807,2484366.126422,0.118864468864469,0.115018315018315,0.000183150183150183,0.0492673992673993,0.150549450549451,0.566117216117216
203773.411807,2484366.126422,0.124542124542125,0.0483516483516484,0.00238095238095238,0.141941391941392,0.234432234432234,0.448351648351648
204273.411807,2484366.126422,0.115144847818115,0.0803080308030803,0.013017968463513,0.0500550055005501,0.115878254492116,0.625595892922626
204773.411807,2484366.126422,0.117582417582418,0.0518315018315018,0,0.00805860805860806,0.0142857142857143,0.808241758241758
205273.411807,2484366.126422,0.162820512820513,0.127106227106227,0,0.0010989010989011,0.0133699633699634,0.695604395604396
205773.411807,2484366.126422,0.205537220388706,0.0539053905390539,0,0.0183351668500183,0.0418041804180418,0.68041804180418
206273.411807,2484366.126422,0.130769230769231,0.121794871794872,0.00604395604395604,0.107326007326007,0.120879120879121,0.513186813186813
206773.411807,2484366.126422,0.0391941391941392,0.0835164835164835,0.0155677655677656,0.110805860805861,0.0901098901098901,0.660805860805861
207273.411807,2484366.126422,0.00165016501650165,0.0421708837550422,0,0.298129812981298,0.081958195819582,0.576090942427576
207773.411807,2484366.126422,0.0344322344322344,0.131868131868132,0.000183150183150183,0.366849816849817,0.212271062271062,0.254395604395604
208273.411807,2484366.126422,0.060989010989011,0.0223443223443223,0,0.299084249084249,0.152747252747253,0.464835164835165
208773.411807,2484366.126422,0.144114411441144,0.00458379171250458,0,0.000183351668500183,0.00531719838650532,0.845801246791346
209273.411807,2484366.126422,0.193772893772894,0.00531135531135531,0,0,0.0278388278388278,0.773076923076923
209773.411807,2484366.126422,0.0527472527472527,0.0551282051282051,0,0.0139194139194139,0.136446886446886,0.741758241758242
210273.411807,2484366.126422,0.127062706270627,0.135680234690136,0,0.041987532086542,0.124679134580125,0.570590392372571
210773.411807,2484366.126422,0.613186813186813,0.0141025641025641,0,0,0.00366300366300366,0.369047619047619
211273.411807,2484366.126422,0.631002331002331,0.0808857808857809,0,0,0.00163170163170163,0.286480186480186
198773.411807,2483866.126422,0.0484927916120577,0.107470511140236,0.018161392997566,0.149971915371653,0.18573300879985,0.490170380078637
199273.411807,2483866.126422,0.0267742527049331,0.115165963689712,0.000183385292499542,0.138455895837154,0.216944801026958,0.502475701448744
199773.411807,2483866.126422,0.0346344145134689,0.183800623052959,0,0.0219901044529962,0.081729888216969,0.677844969763606
200273.411807,2483866.126422,0.0482657368324463,0.0879060378051019,0,0.0282620664342081,0.0712057258212516,0.764360433106992
200773.411807,2483866.126422,0.150742710434623,0.070786722904823,0.000550155877498625,0.122134604804695,0.248670456629378,0.407115349348982
201273.411807,2483866.126422,0.32618654938611,0.103719992669965,0.0315191497159611,0.0128275609309144,0.0463624702217336,0.479384277075316
201773.411807,2483866.126422,0.160212883097816,0.130482657368324,0.00513855753349238,0.0789135621214902,0.151403927326115,0.473848412552762
202273.411807,2483866.126422,0.0830735375022923,0.521181001283697,0,0.0469466348798826,0.066018705299835,0.282780121034293
202773.411807,2483866.126422,0.223016309327469,0.043613707165109,0,0.0795308777716694,0.177386842587502,0.47645226314825
203273.411807,2483866.126422,0.297302257294916,0.00385391815011929,0,0.00862543585979079,0.0280785465222977,0.662139842172876
203773.411807,2483866.126422,0.233449477351916,0.0300751879699248,0.000366770584999083,0.0955437373922611,0.155327342747112,0.485237483953787
204273.411807,2483866.126422,0.249221183800623,0.0089792926516401,0,0.0419644493311343,0.112699285321605,0.587135788894997
204773.411807,2483866.126422,0.303908974123692,0.009543035419343,0,0.0378051018535511,0.0862543585979079,0.562488530005506
205273.411807,2483866.126422,0.306986979644233,0.0357601320374106,0,0.00770218228498074,0.0364936732074088,0.613057032825967
205773.411807,2483866.126422,0.262048744731537,0.00256551218618288,0,0.055158512002932,0.122411581455012,0.557815649624336
206273.411807,2483866.126422,0.239677004955038,0.00807487612405946,0,0.00660671682877592,0.0618462103138191,0.683795191778308
206773.411807,2483866.126422,0.0555657436273611,0.0678525582248304,0.00293416467999266,0.142123601687145,0.194388410049514,0.537135521731157
207273.411807,2483866.126422,0.0174088326919553,0.102803738317757,0,0.00274876305662452,0.107934762690123,0.76910390324354
207773.411807,2483866.126422,0.0115617544503579,0.156358964947697,0,0.000367039823820885,0.144063130849697,0.687649109928427
208273.411807,2483866.126422,0.075187969924812,0.0383275261324042,0,0.0623509994498441,0.175499724922061,0.648633779570878
208773.411807,2483866.126422,0.0905259299981675,0.102986989188199,0,0.398204141469672,0.212204507971413,0.196078431372549
209273.411807,2483866.126422,0.214534777023307,0.0609286107542668,0,0.0781794824738484,0.0590934116351624,0.587263718113415
209773.411807,2483866.126422,0.483036860443792,0.0166880616174583,0,0.000183385292499542,0.00861910874747845,0.491472583898771
210273.411807,2483866.126422,0.0927249404434671,0.0775151181968114,0.0263881253435954,0.0273043796958036,0.0874106652006597,0.688656771119663
210773.411807,2483866.126422,0.372912461002019,0.0216553496054322,0,0.00146815929528354,0.0251422279317306,0.578821802165535
211273.411807,2483866.126422,0.51691159318871,0.0424539304875204,0,0,0.00116631677163518,0.439468159552134
198773.411807,2483366.126422,0.0151628603519281,0.0758143017596406,0.263758891800824,0.403594159490827,0.110819917633845,0.130849868962935
199273.411807,2483366.126422,0.0194459732159237,0.197028068244359,0.389836727206017,0.194092827004219,0.0726472206934507,0.12694918363603
199773.411807,2483366.126422,0.0285714285714286,0.0747252747252747,0.121062271062271,0.202564102564103,0.155677655677656,0.417399267399267
200273.411807,2483366.126422,0.0522935779816514,0.0271559633027523,0,0.0227522935779817,0.0864220183486239,0.811376146788991
200773.411807,2483366.126422,0.148229682627041,0.060906255732893,0,0.0799853237937993,0.131718950651257,0.57915978719501
201273.411807,2483366.126422,0.186263736263736,0.0653846153846154,0,0.0571428571428571,0.0778388278388278,0.613369963369963
201773.411807,2483366.126422,0.0535779816513761,0.246238532110092,0.00440366972477064,0.0390825688073395,0.103119266055046,0.553577981651376
202273.411807,2483366.126422,0.0985140341221794,0.129334067143643,0.000183452577508714,0.25536598789213,0.22399559713814,0.292606861126399
202773.411807,2483366.126422,0.183333333333333,0.0551282051282051,0,0.0336996336996337,0.0998168498168498,0.628021978021978
203273.411807,2483366.126422,0.195229357798165,0.0211009174311927,0,0.0788990825688073,0.078348623853211,0.626422018348624
203773.411807,2483366.126422,0.270042194092827,0.0603558980003669,0,0.0418271876719868,0.0656760227481196,0.5620986974867
204273.411807,2483366.126422,0.259340659340659,0.0423076923076923,0,0.036996336996337,0.109340659340659,0.552014652014652
204773.411807,2483366.126422,0.179449541284404,0.00697247706422018,0,0.245871559633028,0.327339449541284,0.240366972477064
205273.411807,2483366.126422,0.291689598238855,0.0100898917629793,0,0.0359567051917079,0.0961291506145661,0.566134654191891
205773.411807,2483366.126422,0.188644688644689,0.032051282051282,0.00915750915750916,0.0846153846153846,0.136630036630037,0.548901098901099
206273.411807,2483366.126422,0.073394495412844,0.0620183486238532,0.0330275229357798,0.0915596330275229,0.22605504587156,0.51394495412844
206773.411807,2483366.126422,0.0842047330764997,0.0816363969913777,0.00825536598789213,0.00421940928270042,0.0394423041643735,0.782241790497156
207273.411807,2483366.126422,0.0203296703296703,0.00293040293040293,0,0.00128205128205128,0.0250915750915751,0.9503663003663
207773.411807,2483366.126422,0.0119266055045872,0.00146788990825688,0,0.00128440366972477,0.0363302752293578,0.948990825688073
208273.411807,2483366.126422,0.00898917629792699,0.0322876536415337,0,0.00642084021280499,0.17409649605577,0.778205833791965
208773.411807,2483366.126422,0.141758241758242,0.0173992673992674,0.00402930402930403,0.172710622710623,0.125457875457875,0.538644688644689
209273.411807,2483366.126422,0.0855045871559633,0.0611009174311927,0,0.212477064220183,0.189174311926605,0.451743119266055
209773.411807,2483366.126422,0.14401027334434,0.0288020546688681,0.00165107319757843,0.221427261053018,0.141441937259218,0.462667400476977
210273.411807,2483366.126422,0.167948717948718,0.052014652014652,0,0.128021978021978,0.0924908424908425,0.55952380952381
210773.411807,2483366.126422,0.233211009174312,0.0902752293577982,0,0.00844036697247706,0.0431192660550459,0.624954128440367
211273.411807,2483366.126422,0.38879813302217,0.0242707117852975,0,0.000933488914819137,0.0184364060676779,0.567561260210035
198773.411807,2482866.126422,0.00691588785046729,0.0652336448598131,0.630654205607477,0.17981308411215,0.0697196261682243,0.0476635514018692
