"x","y","forest","agri","water","built","other","grass"
173273.411807,2571866.126422,0.0513320337881741,0.623456790123457,0,0.0422352176738142,0.0233918128654971,0.259584145549058
173773.411807,2571866.126422,0.071179600073381,0.595853971748303,0,0.113740598055403,0.0515501742799486,0.167675655842965
174273.411807,2571866.126422,0.0296703296703297,0.719413919413919,0,0.0205128205128205,0.0340659340659341,0.196336996336996
174773.411807,2571866.126422,0.0493577981651376,0.352660550458716,0,0.193761467889908,0.212110091743119,0.192110091743119
175273.411807,2571866.126422,0.0480645753072831,0.418822234452394,0,0.142542652724271,0.157585764079985,0.232984773436067
175773.411807,2571866.126422,0.0505494505494506,0.662271062271062,0,0.0380952380952381,0.0815018315018315,0.167582417582418
176273.411807,2571866.126422,0.0308256880733945,0.486422018348624,0.00807339449541284,0.204220183486239,0.109174311926606,0.161284403669725
176773.411807,2571866.126422,0.0297193175564117,0.327462850853054,0.000550357732526142,0.169510181618052,0.236286919831224,0.236470372408732
177273.411807,2571866.126422,0.0181318681318681,0.222710622710623,0.0201465201465201,0.285347985347985,0.268498168498168,0.185164835164835
177773.411807,2571866.126422,0.0170642201834862,0.285871559633028,0.0588990825688073,0.23302752293578,0.203853211009174,0.201284403669725
178273.411807,2571866.126422,0.096862960924601,0.178499357915979,0.00146762062006971,0.103650706292423,0.113557145477894,0.505962208769033
178773.411807,2571866.126422,0.0523809523809524,0.278937728937729,0.0373626373626374,0.102380952380952,0.147619047619048,0.381318681318681
179273.411807,2571866.126422,0.0311926605504587,0.43045871559633,0.013394495412844,0.164954128440367,0.187889908256881,0.172110091743119
179773.411807,2571866.126422,0.147128967161989,0.199963309484498,0.0201797835259585,0.329113924050633,0.132819666116309,0.170794349660613
180273.411807,2571866.126422,0.0267399267399267,0.458058608058608,0.00164835164835165,0.124908424908425,0.171978021978022,0.216666666666667
180773.411807,2571866.126422,0.00036697247706422,0.592110091743119,0,0.0256880733944954,0.159082568807339,0.222752293577982
181273.411807,2571866.126422,0.00587048248027885,0.563566318106769,0.0254999082737112,0.0658594753256283,0.118693817648138,0.220509998165474
181773.411807,2571866.126422,0.00293040293040293,0.777472527472527,0,0.000549450549450549,0.021978021978022,0.197069597069597
182273.411807,2571866.126422,0.0970642201834862,0.153394495412844,0,0.00642201834862385,0.031743119266055,0.711376146788991
182773.411807,2571866.126422,0.0410933773619519,0.541552008805724,0.0251330031186938,0.0618235186204366,0.0346725371491469,0.295725554944047
183273.411807,2571866.126422,0.0032967032967033,0.687912087912088,0.0155677655677656,0.0228937728937729,0.0421245421245421,0.228205128205128
183773.411807,2571866.126422,0.0954128440366973,0.266422018348624,0.0631192660550459,0.104036697247706,0.151926605504587,0.319082568807339
184273.411807,2571866.126422,0.431113557145478,0.117776554760594,0,0.00843881856540084,0.0245826453861677,0.418088424142359
184773.411807,2571866.126422,0.337728937728938,0.155860805860806,0.00586080586080586,0.0673992673992674,0.0633699633699634,0.36978021978022
185273.411807,2571866.126422,0.116880733944954,0.31045871559633,0.00697247706422018,0.0919266055045872,0.083302752293578,0.39045871559633
185773.411807,2571866.126422,0.356020942408377,0.0549738219895288,0.00579655946148093,0.0886312640239342,0.0968586387434555,0.397718773373224
173273.411807,2571366.126422,0.0667314544865565,0.624878522837707,0,0.115322319403952,0.0382248137350178,0.154842889536767
173773.411807,2571366.126422,0.052014652014652,0.686630036630037,0,0.0793040293040293,0.0532967032967033,0.128754578754579
174273.411807,2571366.126422,0.136596993032637,0.515034836817015,0.000733406674000733,0.0665566556655666,0.07004033736707,0.211037770443711
174773.411807,2571366.126422,0.0620879120879121,0.417032967032967,0,0.206227106227106,0.127655677655678,0.186996336996337
175273.411807,2571366.126422,0.0483516483516484,0.506776556776557,0,0.122710622710623,0.142857142857143,0.179304029304029
175773.411807,2571366.126422,0.123579024569124,0.42024202420242,0,0.116244957829116,0.094976164283095,0.244957829116245
176273.411807,2571366.126422,0.126373626373626,0.477289377289377,0,0.0864468864468864,0.0978021978021978,0.212087912087912
176773.411807,2571366.126422,0.0201465201465201,0.359157509157509,0,0.175824175824176,0.24981684981685,0.195054945054945
177273.411807,2571366.126422,0.0304363769710304,0.248441510817748,0.0524385771910524,0.115328199486615,0.178951228456179,0.374404107077374
177773.411807,2571366.126422,0.0580586080586081,0.265201465201465,0.0298534798534799,0.143223443223443,0.207692307692308,0.295970695970696
178273.411807,2571366.126422,0.0205128205128205,0.287179487179487,0.0313186813186813,0.14981684981685,0.262637362637363,0.248534798534799
178773.411807,2571366.126422,0.0579391272460579,0.312981298129813,0.00275027502750275,0.125779244591126,0.265676567656766,0.234873487348735
179273.411807,2571366.126422,0.0531135531135531,0.293956043956044,0.0749084249084249,0.112271062271062,0.23040293040293,0.235347985347985
179773.411807,2571366.126422,0.120695970695971,0.261721611721612,0.0010989010989011,0.189377289377289,0.18956043956044,0.237545787545788
180273.411807,2571366.126422,0.0793912724605794,0.332233223322332,0.00165016501650165,0.262742940960763,0.19050238357169,0.133480014668133
180773.411807,2571366.126422,0.047985347985348,0.390659340659341,0,0.163003663003663,0.221611721611722,0.176739926739927
181273.411807,2571366.126422,0.0265567765567766,0.48021978021978,0.0470695970695971,0.0912087912087912,0.192124542124542,0.162820512820513
181773.411807,2571366.126422,0.0198019801980198,0.586358635863586,0,0.0317198386505317,0.194169416941694,0.167950128346168
182273.411807,2571366.126422,0.0681318681318681,0.426556776556777,0.0322344322344322,0.117765567765568,0.107326007326007,0.247985347985348
182773.411807,2571366.126422,0.0122710622710623,0.747802197802198,0,0.00146520146520147,0.0113553113553114,0.227106227106227
183273.411807,2571366.126422,0.0304363769710304,0.569306930693069,0.0203520352035204,0.0353868720205354,0.0348368170150348,0.30968096809681
183773.411807,2571366.126422,0.0840659340659341,0.268315018315018,0.124358974358974,0.117032967032967,0.137912087912088,0.268315018315018
184273.411807,2571366.126422,0.0236263736263736,0.526739926739927,0.00897435897435897,0.0437728937728938,0.118681318681319,0.278205128205128
184773.411807,2571366.126422,0.0608727539420609,0.358635863586359,0.0348368170150348,0.0682068206820682,0.134946828016135,0.342500916758342
185273.411807,2571366.126422,0.312087912087912,0.0342490842490843,0.0126373626373626,0.0826007326007326,0.0679487179487179,0.49047619047619
185773.411807,2571366.126422,0.298917102315161,0.108849887976102,0,0.034167289021658,0.0819641523525019,0.476101568334578
173273.411807,2570866.126422,0.0126623376623377,0.876623376623377,0,0.0243506493506494,0.00454545454545455,0.0818181818181818
173773.411807,2570866.126422,0.0529983495323675,0.697781037960756,0,0.0485971025123785,0.0676691729323308,0.132954337062168
174273.411807,2570866.126422,0.0678028220634048,0.177386842587502,0.000366501740883269,0.521898479017775,0.152098222466557,0.0804471321238776
174773.411807,2570866.126422,0.0277115066984768,0.0877225178931914,0.00146815929528354,0.689117269223711,0.134703615342265,0.0592769315470729
175273.411807,2570866.126422,0.0940766550522648,0.224463598019439,0.000916926462497708,0.302769117916743,0.202273977626994,0.175499724922061
175773.411807,2570866.126422,0.0681693238042881,0.586769287154114,0.0120945574491479,0.0645043063954554,0.0848451530144768,0.183617372182518
176273.411807,2570866.126422,0.0374380620297302,0.77170122958341,0,0.02073775004588,0.0280785465222977,0.142044411818682
176773.411807,2570866.126422,0.00568494406748579,0.373005684944067,0,0.169814780854575,0.256739409499358,0.194755180634513
177273.411807,2570866.126422,0.0329851566794942,0.390690855781565,0.00274876305662452,0.0558915154846986,0.100787978742899,0.416895730254719
177773.411807,2570866.126422,0.0623967700495504,0.4358597907873,0,0.019086070838686,0.121673701596623,0.36098366672784
178273.411807,2570866.126422,0.0762882816798093,0.189987163029525,0.050797726022373,0.171281863194572,0.151659636897121,0.3599853291766
178773.411807,2570866.126422,0.128092358438703,0.127176104086494,0.0474619754443834,0.129741616272677,0.140736668499175,0.426791277258567
179273.411807,2570866.126422,0.065149568728207,0.180216553496054,0.0271609469627455,0.345200954303542,0.17012295834098,0.212149018168471
179773.411807,2570866.126422,0.0522648083623693,0.246286447826884,0.0313588850174216,0.169998166147075,0.211259856959472,0.288831835686778
180273.411807,2570866.126422,0.0350009162543522,0.393989371449514,0.0196078431372549,0.113432288803372,0.152281473336998,0.285688107018508
180773.411807,2570866.126422,0.0326665443200587,0.301890255092678,0.00789135621214902,0.26959075059644,0.227197650945128,0.160763442833547
181273.411807,2570866.126422,0.0289748762149276,0.322024573629195,0,0.310838070786723,0.225930680359435,0.112231799009719
181773.411807,2570866.126422,0.0502107385010079,0.644676562213671,0,0.0262048744731537,0.134872640645043,0.144035184167125
182273.411807,2570866.126422,0.00495503762158194,0.592585795558818,0,0.0256927876674619,0.145898329968802,0.230868049183336
182773.411807,2570866.126422,0.0075187969924812,0.678158811663305,0,0.0187052998349532,0.0601503759398496,0.235466715569411
183273.411807,2570866.126422,0.0148433205057724,0.650723840938244,0.009529045262965,0.0153930731170973,0.0727505955653289,0.236760124610592
183773.411807,2570866.126422,0.068452927142595,0.458799779776106,0.0469810974490732,0.0420260598274913,0.082583960359699,0.301156175445036
184273.411807,2570866.126422,0.0647350082523382,0.431138822666422,0.00366770584999083,0.0148542086924629,0.105813313772235,0.379790940766551
184773.411807,2570866.126422,0.0901594282572842,0.270844786512736,0.0483782297965915,0.0758658603628367,0.131940626717977,0.382811068352575
185273.411807,2570866.126422,0.175261515874472,0.108276748027161,0.0244081482840888,0.0179849513672233,0.0803817214167737,0.593686915030281
185773.411807,2570866.126422,0.265096279678445,0.0372032155543092,0.000747803327724808,0.107870630024304,0.214432604225089,0.374649467190129
173273.411807,2570366.126422,0.0308641975308642,0.48180636777128,0,0.221247563352826,0.0730994152046784,0.192982456140351
173773.411807,2570366.126422,0.0388919464318474,0.310034855989727,0,0.412584846817098,0.135938359933957,0.102549990827371
174273.411807,2570366.126422,0.0391941391941392,0.0402930402930403,0.0131868131868132,0.758974358974359,0.123076923076923,0.0252747252747253
174773.411807,2570366.126422,0.0289908256880734,0.0308256880733945,0.00018348623853211,0.77302752293578,0.122935779816514,0.0440366972477064
175273.411807,2570366.126422,0.0625573289304715,0.255549440469639,0,0.322509631260319,0.203265455879655,0.156118143459916
175773.411807,2570366.126422,0.0478021978021978,0.656043956043956,0,0.0421245421245421,0.0663003663003663,0.187728937728938
176273.411807,2570366.126422,0.0456880733944954,0.692660550458716,0.00440366972477064,0.0370642201834862,0.0587155963302752,0.161467889908257
176773.411807,2570366.126422,0.0187121629058888,0.253164556962025,0,0.249495505411851,0.237387635296276,0.241240139423959
177273.411807,2570366.126422,0.0175824175824176,0.289377289377289,0,0.142307692307692,0.204395604395604,0.346336996336996
177773.411807,2570366.126422,0.02,0.407706422018349,0.00788990825688073,0.095045871559633,0.269174311926606,0.200183486238532
178273.411807,2570366.126422,0.0194459732159237,0.243441570354063,0.106585947532563,0.22399559713814,0.23536965694368,0.17116125481563
178773.411807,2570366.126422,0.0163003663003663,0.145054945054945,0.0860805860805861,0.298901098901099,0.342857142857143,0.110805860805861
179273.411807,2570366.126422,0.00642201834862385,0.296330275229358,0.00623853211009174,0.389908256880734,0.231926605504587,0.0691743119266055
179773.411807,2570366.126422,0.0961291506145661,0.271326362135388,0,0.221060355898,0.267290405430196,0.144193725921849
180273.411807,2570366.126422,0.0884615384615385,0.127472527472527,0.000732600732600733,0.292307692307692,0.171794871794872,0.319230769230769
180773.411807,2570366.126422,0.00587155963302752,0.397247706422018,0.0244036697247706,0.156697247706422,0.304220183486239,0.111559633027523
181273.411807,2570366.126422,0.0267840763162722,0.443404879838562,0.0310034855989727,0.137039075399009,0.175013758943313,0.186754723903871
181773.411807,2570366.126422,0.034981684981685,0.36043956043956,0.000732600732600733,0.211904761904762,0.150915750915751,0.241025641025641
182273.411807,2570366.126422,0.0798165137614679,0.375779816513761,0.0110091743119266,0.155412844036697,0.143853211009174,0.234128440366972
182773.411807,2570366.126422,0.0352228948816731,0.327646303430563,0.000366905155017428,0.290588882773803,0.184369840396258,0.161805173362686
183273.411807,2570366.126422,0.0346153846153846,0.225274725274725,0,0.400549450549451,0.18003663003663,0.15952380952381
183773.411807,2570366.126422,0.0460550458715596,0.226788990825688,0.00568807339449541,0.392293577981651,0.157981651376147,0.171192660550459
184273.411807,2570366.126422,0.0585213722252798,0.267473858007705,0,0.121995964043295,0.183269124931205,0.368739680792515
184773.411807,2570366.126422,0.38956043956044,0.0661172161172161,0.00659340659340659,0.0476190476190476,0.0659340659340659,0.424175824175824
185273.411807,2570366.126422,0.163853211009174,0.160917431192661,0.0201834862385321,0.0436697247706422,0.157247706422018,0.454128440366972
185773.411807,2570366.126422,0.704749439042633,0.0170157068062827,0.00112191473448018,0.00074794315632012,0.0295437546746447,0.246821241585639
173273.411807,2569866.126422,0.0715905409782961,0.580822805312601,0,0.115322319403952,0.114026563006155,0.118237771298996
173773.411807,2569866.126422,0.0375457875457875,0.739194139194139,0,0.0728937728937729,0.0564102564102564,0.093956043956044
174273.411807,2569866.126422,0.0645397873120645,0.18005133846718,0,0.444811147781445,0.224055738907224,0.0865419875320865
174773.411807,2569866.126422,0.0412087912087912,0.335714285714286,0,0.435347985347985,0.111538461538462,0.0761904761904762
175273.411807,2569866.126422,0.0318681318681319,0.516300366300366,0,0.0886446886446886,0.13992673992674,0.223260073260073
175773.411807,2569866.126422,0.0407040704070407,0.495049504950495,0.024019068573524,0.132746607994133,0.135863586358636,0.171617161716172
176273.411807,2569866.126422,0.019047619047619,0.473809523809524,0.00457875457875458,0.0547619047619048,0.089010989010989,0.358791208791209
176773.411807,2569866.126422,0.0335164835164835,0.2496336996337,0,0.120512820512821,0.266117216117216,0.33021978021978
177273.411807,2569866.126422,0.0154015401540154,0.315548221488816,0.022002200220022,0.144481114778144,0.207004033736707,0.295562889622296
177773.411807,2569866.126422,0.0333333333333333,0.297802197802198,0.00512820512820513,0.196886446886447,0.239010989010989,0.227838827838828
178273.411807,2569866.126422,0.0331501831501832,0.316666666666667,0.0274725274725275,0.195054945054945,0.275274725274725,0.152380952380952
178773.411807,2569866.126422,0.0267693436010268,0.224789145581225,0.0137513751375138,0.423175650898423,0.237440410707737,0.0740740740740741
179273.411807,2569866.126422,0.0153846153846154,0.235714285714286,0,0.385347985347985,0.276007326007326,0.0875457875457875
179773.411807,2569866.126422,0.115201465201465,0.160622710622711,0.05,0.26996336996337,0.2,0.204212454212454
180273.411807,2569866.126422,0.0478547854785479,0.108177484415108,0,0.203337000366703,0.0931426475980931,0.547488082141548
180773.411807,2569866.126422,0.0371794871794872,0.354761904761905,0.0163003663003663,0.101098901098901,0.243589743589744,0.247069597069597
181273.411807,2569866.126422,0.0153846153846154,0.457509157509157,0.00659340659340659,0.0393772893772894,0.167216117216117,0.313919413919414
181773.411807,2569866.126422,0.0210854418775211,0.581041437477081,0.0375870920425376,0.0352035203520352,0.108727539420609,0.216354968830216
182273.411807,2569866.126422,0.0192307692307692,0.556410256410256,0.0205128205128205,0.0620879120879121,0.113919413919414,0.227838827838828
182773.411807,2569866.126422,0.0355311355311355,0.272893772893773,0.000183150183150183,0.351465201465201,0.166849816849817,0.173076923076923
183273.411807,2569866.126422,0.024019068573524,0.0383204987165383,0.000366703337000367,0.752475247524752,0.144847818115145,0.03997066373304
183773.411807,2569866.126422,0.0166666666666667,0.0139194139194139,0,0.873809523809524,0.08003663003663,0.0155677655677656
184273.411807,2569866.126422,0.0364468864468864,0.191025641025641,0,0.328571428571429,0.184432234432234,0.25952380952381
184773.411807,2569866.126422,0.106527319398607,0.308397506417308,0.0421708837550422,0.0924092409240924,0.103226989365603,0.347268060139347
185273.411807,2569866.126422,0.476923076923077,0.0705128205128205,0.00915750915750916,0.0272893772893773,0.0987179487179487,0.317399267399267
185773.411807,2569866.126422,0.603435399551904,0.0326736370425691,0.0283793876026886,0.0505974607916355,0.0875653472740851,0.197348767737117
173273.411807,2569366.126422,0.0103896103896104,0.844155844155844,0,0.0555194805194805,0.024025974025974,0.0659090909090909
173773.411807,2569366.126422,0.0161379057399597,0.786722904823033,0,0.0240234733174399,0.0467632495873831,0.126352466532184
174273.411807,2569366.126422,0.0243723657687374,0.803188565145684,0,0.0324354040681693,0.0331684075499359,0.106835257467473
174773.411807,2569366.126422,0.0657001284639383,0.42723435492751,0.00568911726922371,0.122224261332355,0.115066984767847,0.264085153239126
175273.411807,2569366.126422,0.0584999083073537,0.336878782321658,0.0150375939849624,0.181551439574546,0.204291215844489,0.203741059966991
175773.411807,2569366.126422,0.01905809052593,0.322704782847719,0.0690855781564962,0.215319772768921,0.188381894814,0.185449880886934
176273.411807,2569366.126422,0.0130299137456414,0.284088823637365,0.00532207744540283,0.367223343732795,0.165167920719398,0.165167920719398
176773.411807,2569366.126422,0.0113698881349716,0.322024573629195,0.00605171465248487,0.232349165596919,0.247570144874381,0.180634513112048
177273.411807,2569366.126422,0.0393989371449514,0.376397287887117,0.00934579439252336,0.125710097122961,0.165292285138354,0.283855598314092
177773.411807,2569366.126422,0.0326665443200587,0.19067718847495,0.0403743806202973,0.212149018168471,0.185538630941457,0.338594237474766
178273.411807,2569366.126422,0.0348432055749129,0.143774069319641,0.0388776820099028,0.325325508894187,0.273244085824317,0.18393544837704
178773.411807,2569366.126422,0.0247388675096207,0.218068535825545,0.0678028220634048,0.270844786512736,0.131940626717977,0.286604361370716
179273.411807,2569366.126422,0.0655166085520279,0.150486327766563,0.0034868783262984,0.467241695723986,0.112681225913012,0.200587263718113
179773.411807,2569366.126422,0.0143040528149642,0.296350632679259,0.00275077938749312,0.466165413533835,0.0990280579497524,0.121401063634696
180273.411807,2569366.126422,0.0943741982774418,0.224848818031886,0.00989554700384827,0.261682242990654,0.158328752061572,0.250870441634598
180773.411807,2569366.126422,0.0308313452009543,0.462103138190494,0.0205542301339695,0.0387227014131033,0.125894659570563,0.321893925490916
181273.411807,2569366.126422,0.0652851641298368,0.38015771135155,0.010819732257473,0.0627177700348432,0.17586649550706,0.305153126719237
181773.411807,2569366.126422,0.0199743448781382,0.24555616639179,0.17262231995602,0.223566061938794,0.149166208539491,0.189114898295767
182273.411807,2569366.126422,0.0855202789502661,0.185538630941457,0.0800146815929528,0.204074142044412,0.186089190677188,0.258763075793724
182773.411807,2569366.126422,0.0896754080322758,0.193104713002017,0.0117366587199707,0.368604437924078,0.186686227764533,0.150192554557125
183273.411807,2569366.126422,0.0535092541689573,0.0503939893714495,0,0.646325820047645,0.208172988821697,0.0415979475902511
183773.411807,2569366.126422,0.0350523031748945,0.124242980363369,0,0.592218755734997,0.158744723802533,0.0897412369242063
184273.411807,2569366.126422,0.0194388410049514,0.589400330093527,0,0.0509811113148725,0.10012836970475,0.2400513478819
184773.411807,2569366.126422,0.198827194429174,0.252336448598131,0.000183250870441635,0.0696353307678211,0.127725856697819,0.351291918636614
185273.411807,2569366.126422,0.711323178564874,0.011194714626537,0,0.0130299137456414,0.0458799779776106,0.218572215085337
185773.411807,2569366.126422,0.780145821648906,0.0319685922602356,0.0510375771172182,0.031407739764442,0.0145821648906338,0.0908581043185642
173273.411807,2568866.126422,0.0100714749837557,0.905133203378817,0,0.00032488628979857,0.00292397660818713,0.0815464587394412
173773.411807,2568866.126422,0.0368739680792515,0.730691616217208,0.00165107319757843,0.0658594753256283,0.0442120711796001,0.120711796000734
174273.411807,2568866.126422,0.0142857142857143,0.7003663003663,0.0265567765567766,0.0534798534798535,0.0478021978021978,0.157509157509158
174773.411807,2568866.126422,0.0462385321100917,0.383119266055046,0.0280733944954128,0.168623853211009,0.137247706422018,0.236697247706422
175273.411807,2568866.126422,0.029535864978903,0.330581544670703,0.00678774536782242,0.241240139423959,0.216107136305265,0.175747569253348
175773.411807,2568866.126422,0.0153846153846154,0.343589743589744,0.00732600732600733,0.188278388278388,0.291758241758242,0.153663003663004
176273.411807,2568866.126422,0.024954128440367,0.257064220183486,0,0.252660550458716,0.228440366972477,0.236880733944954
176773.411807,2568866.126422,0.016694184553293,0.401394239589066,0,0.19977985690699,0.18400293524124,0.198128783709411
177273.411807,2568866.126422,0.039010989010989,0.28956043956044,0.000915750915750916,0.17032967032967,0.184249084249084,0.315934065934066
177773.411807,2568866.126422,0.0574311926605505,0.210825688073394,0.00678899082568807,0.214862385321101,0.155045871559633,0.355045871559633
178273.411807,2568866.126422,0.0616400660429279,0.141808842414236,0.0548523206751055,0.355531095211888,0.124013942395891,0.262153733259952
178773.411807,2568866.126422,0.148534798534799,0.104395604395604,0.00567765567765568,0.361172161172161,0.115384615384615,0.264835164835165
179273.411807,2568866.126422,0.0622018348623853,0.348807339449541,0.00055045871559633,0.237798165137615,0.247706422018349,0.102935779816514
179773.411807,2568866.126422,0.0177949000183453,0.400476976701523,0.0240322876536415,0.286919831223629,0.153549807374794,0.117226197028068
180273.411807,2568866.126422,0.0166666666666667,0.429487179487179,0.00989010989010989,0.086996336996337,0.13974358974359,0.317216117216117
180773.411807,2568866.126422,0.132477064220183,0.21045871559633,0.00568807339449541,0.233761467889908,0.182201834862385,0.235412844036697
181273.411807,2568866.126422,0.0469638598422308,0.131535498073748,0.00330214639515685,0.378646119977986,0.268758026050266,0.170794349660613
181773.411807,2568866.126422,0.0360805860805861,0.464652014652015,0.00604395604395604,0.0679487179487179,0.156593406593407,0.268681318681319
182273.411807,2568866.126422,0.0721100917431193,0.167339449541284,0.0315596330275229,0.158532110091743,0.124036697247706,0.446422018348624
182773.411807,2568866.126422,0.0882406897816914,0.195927352779307,0.0238488350761328,0.205099981654742,0.186204366171345,0.300678774536782
183273.411807,2568866.126422,0.0468864468864469,0.198534798534799,0,0.357509157509158,0.177106227106227,0.21996336996337
183773.411807,2568866.126422,0.038348623853211,0.434862385321101,0.0198165137614679,0.119449541284404,0.134128440366972,0.253394495412844
184273.411807,2568866.126422,0.11410750321042,0.352779306549257,0.00587048248027885,0.133003118693818,0.127316088791048,0.266923500275179
184773.411807,2568866.126422,0.158974358974359,0.457509157509157,0,0.00897435897435897,0.104761904761905,0.26978021978022
185273.411807,2568866.126422,0.861284403669725,0.00770642201834862,0.00954128440366972,0.0203669724770642,0.0332110091743119,0.0678899082568807
185773.411807,2568866.126422,0.681002243829469,0.0392670157068063,0.208302169035153,0.00056095736724009,0.00804038893044129,0.06282722513089
173273.411807,2568366.126422,0.021379980563654,0.390022675736961,0.0696469063816003,0.252672497570457,0.103012633624879,0.163265306122449
173773.411807,2568366.126422,0.0294871794871795,0.491025641025641,0.0366300366300366,0.158424908424908,0.15970695970696,0.124725274725275
174273.411807,2568366.126422,0.0143014301430143,0.462596259625963,0.0284195086175284,0.0867253392005867,0.114961496149615,0.292995966263293
174773.411807,2568366.126422,0.0298534798534799,0.398168498168498,0.000549450549450549,0.136263736263736,0.16043956043956,0.274725274725275
175273.411807,2568366.126422,0.0401098901098901,0.303113553113553,0.0021978021978022,0.261172161172161,0.182234432234432,0.211172161172161
175773.411807,2568366.126422,0.0462046204620462,0.044004400440044,0.00825082508250825,0.637330399706637,0.173634030069674,0.0905757242390906
176273.411807,2568366.126422,0.0571428571428571,0.060989010989011,0,0.535347985347985,0.214835164835165,0.131684981684982
176773.411807,2568366.126422,0.041025641025641,0.284432234432234,0,0.187728937728938,0.238095238095238,0.248717948717949
177273.411807,2568366.126422,0.063989732306564,0.333333333333333,0.000366703337000367,0.14008067473414,0.114228089475614,0.348001466813348
177773.411807,2568366.126422,0.05,0.218131868131868,0.0117216117216117,0.241025641025641,0.232051282051282,0.247069597069597
178273.411807,2568366.126422,0.112637362637363,0.155860805860806,0.0527472527472527,0.152380952380952,0.213186813186813,0.313186813186813
178773.411807,2568366.126422,0.0375870920425376,0.243124312431243,0.00385038503850385,0.315731573157316,0.172900623395673,0.226806013934727
179273.411807,2568366.126422,0.0106227106227106,0.390659340659341,0,0.118681318681319,0.163919413919414,0.316117216117216
179773.411807,2568366.126422,0.0465201465201465,0.396336996336996,0.0195970695970696,0.104945054945055,0.164835164835165,0.267765567765568
180273.411807,2568366.126422,0.0438210487715438,0.274110744407774,0.0665566556655666,0.268610194352769,0.186101943527686,0.160799413274661
180773.411807,2568366.126422,0.175641025641026,0.056959706959707,0.000183150183150183,0.473992673992674,0.178754578754579,0.114468864468864
181273.411807,2568366.126422,0.0576923076923077,0.0683150183150183,0,0.539377289377289,0.243406593406593,0.0912087912087912
181773.411807,2568366.126422,0.00605060506050605,0.451778511184452,0,0.151448478181151,0.0913091309130913,0.299413274660799
182273.411807,2568366.126422,0.00805860805860806,0.488644688644689,0,0.0664835164835165,0.131318681318681,0.305494505494506
182773.411807,2568366.126422,0.0148351648351648,0.502014652014652,0.0032967032967033,0.151648351648352,0.219047619047619,0.109157509157509
183273.411807,2568366.126422,0.0485881921525486,0.383021635496883,0.0183351668500183,0.176200953428676,0.18958562522919,0.184268426842684
183773.411807,2568366.126422,0.0223443223443223,0.407692307692308,0.0646520146520147,0.130952380952381,0.185897435897436,0.188461538461538
184273.411807,2568366.126422,0.0957875457875458,0.232783882783883,0.0496336996336996,0.138461538461538,0.10018315018315,0.383150183150183
184773.411807,2568366.126422,0.400623395672901,0.0689402273560689,0.0792079207920792,0.081041437477081,0.144297763109644,0.225889255592226
185273.411807,2568366.126422,0.866300366300366,0.00659340659340659,0,0.00457875457875458,0.0296703296703297,0.0928571428571429
185773.411807,2568366.126422,0.560679611650485,0.0481702763256161,0.332337565347274,0.000933532486930545,0.00392083644510829,0.0539581777445855
173273.411807,2567866.126422,0.0461038961038961,0.27987012987013,0.0220779220779221,0.0915584415584416,0.123376623376623,0.437012987012987
173773.411807,2567866.126422,0.0205391527599487,0.640931597285898,0.00715202640748212,0.0687694846873281,0.0893086374472767,0.173299101412067
174273.411807,2567866.126422,0.00751328568810702,0.355506688656771,0,0.256001466006964,0.22081729888217,0.160161260765989
174773.411807,2567866.126422,0.022389429253074,0.260231235089007,0,0.292714259497155,0.260965314736649,0.163699761424115
175273.411807,2567866.126422,0.0762882816798093,0.204657986429488,0.00256739409499358,0.227764533284431,0.267192371171832,0.221529433339446
175773.411807,2567866.126422,0.0628550485614807,0.208905992303463,0.00293201392706615,0.313725490196078,0.247388675096207,0.164192779915705
176273.411807,2567866.126422,0.0387227014131033,0.31124977060011,0.00238575885483575,0.18663975041292,0.230684529271426,0.230317489447605
176773.411807,2567866.126422,0.0159545204474601,0.371171832019072,0.00788556757748029,0.118650284247203,0.1998899688245,0.286447826884284
177273.411807,2567866.126422,0.0447132123877588,0.335532343778633,0.11324903793293,0.103719992669965,0.11434854315558,0.288436870075133
177773.411807,2567866.126422,0.0260598274912828,0.177463754817398,0.109744907322444,0.19930262433474,0.230684529271426,0.256744356762709
178273.411807,2567866.126422,0.0689528699798276,0.289748762149276,0.0113698881349716,0.135521731157161,0.154593801577114,0.33981294700165
178773.411807,2567866.126422,0.150082462891699,0.126809602345611,0,0.230529595015576,0.206157229246839,0.286421110500275
179273.411807,2567866.126422,0.128280418425399,0.167553679574234,0.00807487612405946,0.213250137639934,0.209946779225546,0.272894109010828
179773.411807,2567866.126422,0.0210893086374473,0.302585732624244,0.00256739409499358,0.13185402530717,0.357417935081606,0.184485604254539
180273.411807,2567866.126422,0.0540590067802822,0.195711929631666,0.0047645226314825,0.461242440901594,0.164376030786146,0.119846069268829
180773.411807,2567866.126422,0.0568911726922371,0.0473481372728941,0.00422095797394017,0.626353459350339,0.154707285740503,0.110478986970086
181273.411807,2567866.126422,0.0203557674674491,0.0223730056849441,0.00165046763249587,0.726022373005685,0.0997615991197506,0.129836787089675
181773.411807,2567866.126422,0.009529045262965,0.52354773685175,0.000366501740883269,0.124244090159428,0.225398570643211,0.116914055341763
182273.411807,2567866.126422,0.00770783630023858,0.508350155991925,0,0.0800146815929528,0.136722334373279,0.267204991741604
182773.411807,2567866.126422,0.030808729139923,0.331377223546672,0,0.0863744727672841,0.286997982761783,0.264441591784339
183273.411807,2567866.126422,0.158695253802456,0.153747480300531,0,0.221367051493495,0.194978926149899,0.271211288253619
183773.411807,2567866.126422,0.0488162965681776,0.28629106258029,0.00275279867865663,0.202238942925307,0.183703431822353,0.276197467425216
184273.411807,2567866.126422,0.0762882816798093,0.278195488721804,0.00183385292499542,0.132587566477169,0.125252154777187,0.385842655419035
184773.411807,2567866.126422,0.125160344511636,0.129375114531794,0.00311526479750779,0.127542605827378,0.197910940076965,0.416895730254719
185273.411807,2567866.126422,0.572215085336759,0.0310148651128647,0,0.0396403009726555,0.0941457148100569,0.262984033767664
185773.411807,2567866.126422,0.490558982987474,0.0635632828566087,0.337633202467751,0.0444942979996261,0.00429986913441765,0.0594503645541223
173273.411807,2567366.126422,0.0126705653021442,0.487979207277453,0.00162443144899285,0.01591942820013,0.0536062378167641,0.428200129954516
173773.411807,2567366.126422,0.0515501742799486,0.315905338470006,0,0.116859291873051,0.115758576407999,0.399926618968997
174273.411807,2567366.126422,0.0247252747252747,0.337545787545788,0,0.127472527472527,0.220695970695971,0.28956043956044
174773.411807,2567366.126422,0.0372477064220183,0.145688073394495,0,0.305504587155963,0.226422018348624,0.285137614678899
175273.411807,2567366.126422,0.0236653824986241,0.329297376628142,0,0.119244175380664,0.243808475509081,0.283984589983489
175773.411807,2567366.126422,0.0113553113553114,0.421611721611722,0,0.0741758241758242,0.1496336996337,0.343223443223443
176273.411807,2567366.126422,0.0205504587155963,0.569724770642202,0.0108256880733945,0.126788990825688,0.0981651376146789,0.17394495412844
176773.411807,2567366.126422,0.00293524124013942,0.412768299394607,0,0.159420289855072,0.22821500642084,0.196661163089341
177273.411807,2567366.126422,0.0507326007326007,0.216666666666667,0.00641025641025641,0.121062271062271,0.207509157509158,0.397619047619048
177773.411807,2567366.126422,0.0669724770642202,0.16954128440367,0.00532110091743119,0.191009174311927,0.393394495412844,0.173761467889908
178273.411807,2567366.126422,0.0521005320124748,0.319390937442671,0.0418271876719868,0.166574940377912,0.202898550724638,0.217207851770317
178773.411807,2567366.126422,0.0708791208791209,0.14981684981685,0.116849816849817,0.238644688644689,0.282600732600733,0.141208791208791
179273.411807,2567366.126422,0.114128440366972,0.114495412844037,0.00201834862385321,0.104954128440367,0.213761467889908,0.450642201834862
179773.411807,2567366.126422,0.0150431113557145,0.434599156118143,0,0.128783709411117,0.174463401210787,0.247110621904238
180273.411807,2567366.126422,0.0377289377289377,0.237179487179487,0.00128205128205128,0.466117216117216,0.18021978021978,0.0774725274725275
180773.411807,2567366.126422,0.0115596330275229,0.0192660550458716,0.00311926605504587,0.845688073394495,0.112660550458716,0.00770642201834862
181273.411807,2567366.126422,0.0117409649605577,0.0343056319941295,0.0381581361218125,0.805907172995781,0.100165107319758,0.00972298660796184
181773.411807,2567366.126422,0.052014652014652,0.344505494505495,0,0.155677655677656,0.153846153846154,0.293956043956044
182273.411807,2567366.126422,0.18256880733945,0.31394495412844,0.00201834862385321,0.066605504587156,0.0985321100917431,0.336330275229358
182773.411807,2567366.126422,0.0939277196844616,0.235736562098697,0.0119244175380664,0.0210970464135021,0.185837461016327,0.451476793248945
183273.411807,2567366.126422,0.060989010989011,0.351831501831502,0.000183150183150183,0.196336996336996,0.173260073260073,0.217399267399267
183773.411807,2567366.126422,0.0508256880733945,0.373211009174312,0.0209174311926606,0.0609174311926605,0.234311926605505,0.259816513761468
184273.411807,2567366.126422,0.0262337185837461,0.393505778756192,0.0539350577875619,0.0908090258668134,0.194643184736746,0.240873234268941
184773.411807,2567366.126422,0.189377289377289,0.131501831501832,0.0331501831501832,0.138644688644689,0.15989010989011,0.347435897435897
185273.411807,2567366.126422,0.294862385321101,0.0754128440366972,0.0623853211009174,0.0944954128440367,0.133761467889908,0.339082568807339
185773.411807,2567366.126422,0.181189229618549,0.0353403141361257,0.68511593118923,0.0540388930441286,0.00691847419596111,0.037397157816006
173273.411807,2566866.126422,0.0210560414642047,0.240362811791383,0,0.0871396177518626,0.159054097829608,0.492387431162941
173773.411807,2566866.126422,0.129304029304029,0.193956043956044,0,0.0432234432234432,0.146886446886447,0.486630036630037
174273.411807,2566866.126422,0.125779244591126,0.145764576457646,0,0.0876420975430876,0.129262926292629,0.511551155115512
174773.411807,2566866.126422,0.113553113553114,0.134432234432234,0,0.0725274725274725,0.138095238095238,0.541391941391941
175273.411807,2566866.126422,0.0855311355311355,0.291941391941392,0,0.114468864468864,0.221611721611722,0.286446886446886
175773.411807,2566866.126422,0.0218188485515218,0.565456545654565,0.000733406674000733,0.0617895122845618,0.0933259992665933,0.256875687568757
176273.411807,2566866.126422,0.0538461538461538,0.495970695970696,0,0.00750915750915751,0.0706959706959707,0.371978021978022
176773.411807,2566866.126422,0.0236263736263736,0.40970695970696,0.000366300366300366,0.0705128205128205,0.113369963369963,0.382417582417582
177273.411807,2566866.126422,0.0573890722405574,0.341584158415842,0.00165016501650165,0.136230289695636,0.169050238357169,0.294096076274294
177773.411807,2566866.126422,0.0668498168498168,0.335714285714286,0.0857142857142857,0.0131868131868132,0.0703296703296703,0.428205128205128
178273.411807,2566866.126422,0.0421245421245421,0.184798534798535,0.194871794871795,0.0452380952380952,0.149267399267399,0.383699633699634
178773.411807,2566866.126422,0.0225522552255226,0.274110744407774,0.000733406674000733,0.0540887422075541,0.122478914558122,0.526035936927026
179273.411807,2566866.126422,0.0282051282051282,0.338461538461538,0.000366300366300366,0.00641025641025641,0.0873626373626374,0.539194139194139
179773.411807,2566866.126422,0.0695970695970696,0.192124542124542,0.0227106227106227,0.325641025641026,0.178754578754579,0.211172161172161
180273.411807,2566866.126422,0.251558489182252,0.0812247891455812,0.0077007700770077,0.199303263659699,0.149064906490649,0.311147781444811
180773.411807,2566866.126422,0.0467032967032967,0.0188644688644689,0.00128205128205128,0.826739926739927,0.0587912087912088,0.0476190476190476
181273.411807,2566866.126422,0.0743589743589744,0.102014652014652,0,0.565201465201465,0.143589743589744,0.114835164835165
181773.411807,2566866.126422,0.0889255592225889,0.295562889622296,0.0172350568390172,0.140997433076641,0.150531719838651,0.306747341400807
182273.411807,2566866.126422,0.147985347985348,0.291575091575092,0.0336996336996337,0.0868131868131868,0.189194139194139,0.250732600732601
182773.411807,2566866.126422,0.470512820512821,0.0582417582417582,0.0188644688644689,0.0333333333333333,0.0565934065934066,0.362454212454212
183273.411807,2566866.126422,0.037037037037037,0.352035203520352,0.00275027502750275,0.0634396773010634,0.171800513384672,0.372937293729373
183773.411807,2566866.126422,0.0217948717948718,0.556043956043956,0,0.0228937728937729,0.154761904761905,0.244505494505494
184273.411807,2566866.126422,0.0135531135531136,0.501098901098901,0,0.0336996336996337,0.187912087912088,0.263736263736264
184773.411807,2566866.126422,0.191235790245691,0.187018701870187,0.057022368903557,0.0317198386505317,0.105610561056106,0.427392739273927
185273.411807,2566866.126422,0.227655677655678,0.158241758241758,0.199450549450549,0.0238095238095238,0.0644688644688645,0.326373626373626
185773.411807,2566866.126422,0,0,0.951082897684839,0.0489171023151606,0,0
173273.411807,2566366.126422,0.074025974025974,0.111363636363636,0,0.11461038961039,0.339935064935065,0.360064935064935
173773.411807,2566366.126422,0.152393178067119,0.0247570144874381,0,0.0511644966073721,0.129286631212177,0.642398679625894
174273.411807,2566366.126422,0.197544438336082,0.0203408466190214,0,0.0698185816382628,0.124244090159428,0.588052043247205
174773.411807,2566366.126422,0.189025509267756,0.158377683978712,0.000367039823820885,0.180950633143696,0.143329051202055,0.32795008258396
175273.411807,2566366.126422,0.147441775169631,0.225563909774436,0,0.134788189987163,0.161745827984596,0.330460297084174
175773.411807,2566366.126422,0.0846619021440352,0.319589518050211,0.00311526479750779,0.0712845886017959,0.147883452446399,0.373465273960051
176273.411807,2566366.126422,0.0438612589465957,0.362451826023124,0,0.0423930996513122,0.0963479537529822,0.454945861625986
176773.411807,2566366.126422,0.0126535851824684,0.350449293966624,0,0.117366587199707,0.183568677792041,0.33596185585916
177273.411807,2566366.126422,0.0656038116181052,0.199743448781382,0,0.0425142019424592,0.196811434854316,0.495327102803738
177773.411807,2566366.126422,0.0614791704899982,0.231418608919068,0.22811525050468,0.0662506881996697,0.105523949348504,0.30721233253808
178273.411807,2566366.126422,0.0685860993948285,0.215477718686961,0.0849073904272877,0.136805428204658,0.149459013387126,0.344764349899138
178773.411807,2566366.126422,0.131574124977094,0.113065787062489,0.10317024005864,0.0443467106468756,0.136888400219901,0.470954737035001
179273.411807,2566366.126422,0.107175628555698,0.129565057808772,0.00311983850247752,0.071389245733162,0.122591301156175,0.566158928243714
