"x","y","forest","agri","water","built","other","grass"
186273.411807,2530366.126422,0.446640316205534,0.00677583286278938,0,0.00376435159043855,0.0112930547713156,0.531526444569923
186773.411807,2530366.126422,0.370544974542712,0.0260230058457477,0.00754290024514426,0.0299830284744484,0.0850462002640015,0.480859890627946
187273.411807,2530366.126422,0.613456464379947,0.00207312476441764,0,0.0163965322276668,0.0486241990199774,0.319449679607991
187773.411807,2530366.126422,0.62300018821758,0.00301148127235084,0.000941087897609637,0.0163749294184077,0.0523244871070958,0.304347826086957
188273.411807,2530366.126422,0.627003582877616,0.00829719026965868,0.00565717518385819,0.0216858382047897,0.046954554026023,0.290401659438054
188773.411807,2530366.126422,0.719939690915944,0.0137580098002262,0.0124387485865058,0.00150772710139465,0.00980022615906521,0.242555597436864
189273.411807,2530366.126422,0.846414455110107,0.00451722190852626,0.00131752305665349,0,0.00771692076039902,0.140033879164314
189773.411807,2530366.126422,0.809730341316236,0.0128229304167452,0.00320573260418631,0.00942862530643032,0.0103714878370734,0.154440882519329
190273.411807,2530366.126422,0.755748209574067,0.0201658499811534,0.000188465887674331,0.0141349415755748,0.0463626083678854,0.163399924613645
190773.411807,2530366.126422,0.728778467908903,0.0346320346320346,0,0.00715226802183324,0.0161867118388858,0.213250517598344
191273.411807,2530366.126422,0.586649066566095,0.0294173109560626,0.000377145012257213,0.064680369602112,0.0488402790873091,0.270035828776164
191773.411807,2530366.126422,0.551451187335092,0.0333584621183566,0.00169619298906898,0.0686015831134565,0.0842442517904259,0.2606483226536
192273.411807,2530366.126422,0.42480707698099,0.0453604366647845,0.0114812723508376,0.120271033314512,0.118765292678336,0.27931488801054
192773.411807,2530366.126422,0.334150480859891,0.0405430888176504,0.00188572506128606,0.107109183481048,0.0816518951536866,0.434659626626438
193273.411807,2530366.126422,0.478703354692801,0.0263852242744063,0.00188465887674331,0.0384470410855635,0.0510742555597437,0.403505465510743
193773.411807,2530366.126422,0.355731225296443,0.00489365706757011,0,0,0.00131752305665349,0.638057594579334
194273.411807,2530366.126422,0.275881576466151,0.0209315481802753,0.0150858004902885,0.00414859513482934,0.0158400905148029,0.668112389213653
194773.411807,2530366.126422,0.714285714285714,0.00131926121372032,0,0,0.00527704485488127,0.279117979645684
195273.411807,2530366.126422,0.697346132128741,0.00112930547713156,0,0.00188217579521927,0.00432900432900433,0.295313382269904
195773.411807,2530366.126422,0.561003205732604,0.0058457476899868,0.0030171600980577,0.016782953045446,0.0507260041485951,0.36262492928531
196273.411807,2530366.126422,0.31549189596683,0.0222389747455711,0.000753863550697324,0.082548058801357,0.153411232566905,0.425555974368639
196773.411807,2530366.126422,0.10446075663467,0.0690758516845473,0.0319969885187276,0.0152456239412761,0.0412196499153021,0.738001129305477
197273.411807,2530366.126422,0.088629077880445,0.046954554026023,0.0863662078069018,0.0633603620592118,0.106354893456534,0.608334904770884
197773.411807,2530366.126422,0.32943837165473,0.079721070486242,0,0.0420278929513758,0.07745947983415,0.471353185073502
198273.411807,2530366.126422,0.370976849237719,0.0240918501788067,0.00131752305665349,0.0325616412572934,0.116694899303595,0.454357236965933
186273.411807,2529866.126422,0.714285714285714,0.0117216117216117,0,0.00641025641025641,0.0364468864468864,0.231135531135531
186773.411807,2529866.126422,0.583119266055046,0.0300917431192661,0,0.0236697247706422,0.0715596330275229,0.291559633027523
187273.411807,2529866.126422,0.647037240873234,0.010273344340488,0.0174279948633278,0.00550357732526142,0.0198128783709411,0.299944964226747
187773.411807,2529866.126422,0.807509157509158,0.0124542124542125,0.0144688644688645,0.000183150183150183,0.00586080586080586,0.15952380952381
188273.411807,2529866.126422,0.600917431192661,0.0144954128440367,0,0.00330275229357798,0.0341284403669725,0.347155963302752
188773.411807,2529866.126422,0.854889011190607,0.00311869381764814,0.00091726288754357,0.000183452577508714,0.00605393505778756,0.134837644468905
189273.411807,2529866.126422,0.754395604395604,0.00421245421245421,0,0,0.0113553113553114,0.23003663003663
189773.411807,2529866.126422,0.917981651376147,0.00146788990825688,0,0,0.0163302752293578,0.0642201834862385
190273.411807,2529866.126422,0.723903870849385,0.0144927536231884,0,0.0119244175380664,0.019262520638415,0.230416437350945
190773.411807,2529866.126422,0.801648351648352,0.0137362637362637,0,0.0100732600732601,0.0205128205128205,0.154029304029304
191273.411807,2529866.126422,0.681100917431193,0.0242201834862385,0,0.0170642201834862,0.0513761467889908,0.226238532110092
191773.411807,2529866.126422,0.450559530361402,0.0333883691065859,0,0.0570537516052101,0.0709961474958723,0.38800220143093
192273.411807,2529866.126422,0.48956043956044,0.0443223443223443,0.0135531135531136,0.106776556776557,0.0701465201465201,0.275641025641026
192773.411807,2529866.126422,0.56605504587156,0.0163302752293578,0,0.00880733944954129,0.024954128440367,0.383853211009174
193273.411807,2529866.126422,0.506329113924051,0.0133920381581361,0,0.0302696752889378,0.120344890845716,0.329664281783159
193773.411807,2529866.126422,0.371062271062271,0.0135531135531136,0.000549450549450549,0.00897435897435897,0.0278388278388278,0.578021978021978
194273.411807,2529866.126422,0.260183486238532,0.0137614678899083,0,0.00256880733944954,0.0119266055045872,0.711559633027523
194773.411807,2529866.126422,0.537882957255549,0.00990643918547056,0.00807191341038342,0.00110071546505228,0.00935608145294441,0.4336818932306
195273.411807,2529866.126422,0.813186813186813,0,0,0,0.00476190476190476,0.182051282051282
195773.411807,2529866.126422,0.435779816513761,0.00697247706422018,0.00110091743119266,0.117798165137615,0.135229357798165,0.303119266055046
196273.411807,2529866.126422,0.0948449825720051,0.0522839845899835,0.0854889011190607,0.0722803155384333,0.117409649605577,0.57769216657494
196773.411807,2529866.126422,0.311172161172161,0.0111721611721612,0,0.00274725274725275,0.0043956043956044,0.67051282051282
197273.411807,2529866.126422,0.291743119266055,0.0390825688073395,0.000917431192660551,0.0392660550458716,0.0557798165137615,0.573211009174312
197773.411807,2529866.126422,0.16694184553293,0.0880572372041827,0.002568336085122,0.239222161071363,0.203082003302146,0.300128416804256
198273.411807,2529866.126422,0.194505494505495,0.105860805860806,0.0289377289377289,0.0996336996336996,0.133333333333333,0.437728937728938
186273.411807,2529366.126422,0.447928126145948,0.00348368170150348,0,0.0099009900990099,0.0315364869820315,0.507150715071507
186773.411807,2529366.126422,0.733333333333333,0.0117216117216117,0,0.000183150183150183,0.00549450549450549,0.249267399267399
187273.411807,2529366.126422,0.780769230769231,0.00164835164835165,0,0,0.00183150183150183,0.215750915750916
187773.411807,2529366.126422,0.595526219288596,0.0139347268060139,0.00055005500550055,0.0011001100110011,0.0216354968830216,0.367253392005867
188273.411807,2529366.126422,0.408058608058608,0.0595238095238095,0.000366300366300366,0.0424908424908425,0.143589743589744,0.345970695970696
188773.411807,2529366.126422,0.601831501831502,0.00915750915750916,0.0175824175824176,0.00531135531135531,0.0225274725274725,0.343589743589744
189273.411807,2529366.126422,0.634396773010634,0.00238357169050238,0.000733406674000733,0.000733406674000733,0.00971763843050972,0.352035203520352
189773.411807,2529366.126422,0.784615384615385,0.00879120879120879,0,0.00311355311355311,0.0137362637362637,0.18974358974359
190273.411807,2529366.126422,0.815384615384615,0.00695970695970696,0,0.0120879120879121,0.0184981684981685,0.147069597069597
190773.411807,2529366.126422,0.814814814814815,0.00733406674000733,0,0.0011001100110011,0.00843417675100843,0.168316831683168
191273.411807,2529366.126422,0.836630036630037,0.00183150183150183,0,0,0.0010989010989011,0.16043956043956
191773.411807,2529366.126422,0.751648351648352,0.00512820512820513,0,0.000732600732600733,0.0113553113553114,0.231135531135531
192273.411807,2529366.126422,0.677484415108177,0.0357535753575358,0.00623395672900623,0.0253025302530253,0.0333700036670334,0.221855518885222
192773.411807,2529366.126422,0.606043956043956,0.0263736263736264,0.0269230769230769,0.00641025641025641,0.0254578754578755,0.308791208791209
193273.411807,2529366.126422,0.625091575091575,0.0161172161172161,0.000732600732600733,0.0021978021978022,0.0203296703296703,0.335531135531136
193773.411807,2529366.126422,0.407957462412908,0.0174184085075174,0.000916758342500917,0.00935093509350935,0.0601393472680601,0.504217088375504
194273.411807,2529366.126422,0.50018315018315,0.00750915750915751,0,0,0.00879120879120879,0.483516483516484
194773.411807,2529366.126422,0.372161172161172,0.0236263736263736,0.0117216117216117,0.0152014652014652,0.0633699633699634,0.513919413919414
195273.411807,2529366.126422,0.674367436743674,0.00385038503850385,0,0.015034836817015,0.0742574257425743,0.232489915658232
195773.411807,2529366.126422,0.527472527472527,0.0272893772893773,0,0.0580586080586081,0.0897435897435897,0.297435897435897
196273.411807,2529366.126422,0.203479853479853,0.112454212454212,0.0507326007326007,0.0245421245421245,0.0318681318681319,0.576923076923077
196773.411807,2529366.126422,0.472863953061973,0.0128346167950128,0,0.00568390172350568,0.0121012101210121,0.496516318298497
197273.411807,2529366.126422,0.154029304029304,0.384615384615385,0.0010989010989011,0.0164835164835165,0.0976190476190476,0.346153846153846
197773.411807,2529366.126422,0.0866300366300366,0.567216117216117,0.000183150183150183,0.0221611721611722,0.0663003663003663,0.257509157509157
198273.411807,2529366.126422,0.146314631463146,0.528236156949028,0.0181518151815182,0.0108177484415108,0.0247524752475248,0.271727172717272
186273.411807,2528866.126422,0.521898479017775,0.024555616639179,0.00329851566794942,0.0291368884002199,0.0800806303829943,0.341029869891882
186773.411807,2528866.126422,0.530739585244999,0.00422095797394017,0,0.0148651128647458,0.05395485410167,0.396219489814645
187273.411807,2528866.126422,0.470933431138823,0.00495140289748762,0,0.00880249403997799,0.0355767467449111,0.479735925178801
187773.411807,2528866.126422,0.42715777899945,0.032618654938611,0.000549752611324904,0.0183250870441635,0.0668865677111966,0.454462158695254
188273.411807,2528866.126422,0.579188841989356,0.0110111947146265,0.00220223894292531,0.00403743806202973,0.0251422279317306,0.378418058359332
188773.411807,2528866.126422,0.614524115165964,0.00788556757748029,0.00183385292499542,0.00916926462497708,0.0291582615074271,0.337428938199156
189273.411807,2528866.126422,0.524463991203958,0.0089792926516401,0.00329851566794942,0.00109950522264981,0.0256551218618288,0.436503573391974
189773.411807,2528866.126422,0.591851715911176,0.00770783630023858,0,0.0135804734813727,0.0198201504863278,0.367039823820885
190273.411807,2528866.126422,0.890702365670273,0.000916926462497708,0,0,0.000916926462497708,0.107463781404731
190773.411807,2528866.126422,0.642477551768371,0.0269378779549203,0,0.0109950522264981,0.0342679127725857,0.285321605277625
191273.411807,2528866.126422,0.58506147917049,0.0273444668746559,0,0.0198201504863278,0.0471646173609837,0.320609286107543
191773.411807,2528866.126422,0.6801760498808,0.0159545204474601,0,0.00843572345497891,0.0260407115349349,0.269392994681827
192273.411807,2528866.126422,0.86659336631849,0,0,0,0,0.13340663368151
192773.411807,2528866.126422,0.662506881996697,0.0209212699577904,0.000550559735731327,0.00642319691686548,0.00770783630023858,0.301890255092678
193273.411807,2528866.126422,0.713002017238218,0.0408949202273978,0.00348432055749129,0,0.00201723821749496,0.240601503759398
193773.411807,2528866.126422,0.499725123694338,0.109767271394539,0.0106285504856148,0.00513102437236577,0.0513102437236577,0.323437786329485
194273.411807,2528866.126422,0.503762158194164,0.00440447788585061,0.00495503762158194,0,0.00293631859056708,0.483942007707836
194773.411807,2528866.126422,0.59618558591601,0.00586832935998533,0,0.004401247019989,0.00898587933247754,0.384558958371539
195273.411807,2528866.126422,0.604361370716511,0.0042147700201576,0.000916254352208173,0.0157595748579806,0.0273043796958036,0.347443650357339
195773.411807,2528866.126422,0.433106992108644,0.0346852633510736,0.000917599559552211,0.0603780510185355,0.114883464855937,0.356028629106258
196273.411807,2528866.126422,0.222446359801944,0.077205208142307,0.0608839171098478,0.0159545204474601,0.0441958554923895,0.579314139006052
196773.411807,2528866.126422,0.311892981491662,0.239142385926333,0,0.00164925783397471,0.0203408466190214,0.426974528129009
197273.411807,2528866.126422,0.239309965131217,0.284455863461186,0.00458799779776106,0.00642319691686548,0.0335841438796109,0.43163883281336
197773.411807,2528866.126422,0.268292682926829,0.0810562992847974,0.0247570144874381,0.0212726939299468,0.0669356317623327,0.537685677608656
198273.411807,2528866.126422,0.00659703133589885,0.954920285871358,0,0,0,0.0384826827927433
186273.411807,2528366.126422,0.46996336996337,0.0227106227106227,0.0304029304029304,0.0901098901098901,0.122344322344322,0.264468864468864
186773.411807,2528366.126422,0.703119266055046,0.00917431192660551,0,0.00146788990825688,0.00990825688073394,0.276330275229358
187273.411807,2528366.126422,0.522289488167309,0.0133920381581361,0,0.00623738763529628,0.0447624289121262,0.413318657127133
187773.411807,2528366.126422,0.456043956043956,0.00989010989010989,0.0212454212454212,0.00787545787545788,0.0347985347985348,0.47014652014652
188273.411807,2528366.126422,0.537064220183486,0.0126605504587156,0,0.023302752293578,0.0614678899082569,0.365504587155963
188773.411807,2528366.126422,0.261419922949917,0.0317372959090075,0.00330214639515685,0.0286186020913594,0.0906255732893047,0.584296459365254
189273.411807,2528366.126422,0.546336996336996,0.0380952380952381,0.0179487179487179,0.0424908424908425,0.104212454212454,0.250915750915751
189773.411807,2528366.126422,0.704587155963303,0.0124770642201835,0,0.00201834862385321,0.0220183486238532,0.258899082568807
190273.411807,2528366.126422,0.762428912126215,0.00880572372041827,0,0.000183452577508714,0.00587048248027885,0.222711429095579
190773.411807,2528366.126422,0.563003663003663,0.0283882783882784,0,0.0131868131868132,0.0368131868131868,0.358608058608059
191273.411807,2528366.126422,0.627889908256881,0.0113761467889908,0,0.000917431192660551,0.0126605504587156,0.347155963302752
191773.411807,2528366.126422,0.599706475875986,0.0113740598055403,0,0.0277013392038158,0.0221977618785544,0.339020363236103
192273.411807,2528366.126422,0.694139194139194,0.0327838827838828,0,0,0.00402930402930403,0.269047619047619
192773.411807,2528366.126422,0.552110091743119,0.0126605504587156,0,0.0018348623853211,0.011743119266055,0.421651376146789
193273.411807,2528366.126422,0.693817648137956,0.016694184553293,0,0,0,0.289488167308751
193773.411807,2528366.126422,0.561538461538462,0.00586080586080586,0,0,0.0115384615384615,0.421062271062271
194273.411807,2528366.126422,0.652844036697248,0.0073394495412844,0.00330275229357798,0,0.00605504587155963,0.33045871559633
194773.411807,2528366.126422,0.412768299394607,0.00183452577508714,0,0.00330214639515685,0.0346725371491469,0.547422491286003
195273.411807,2528366.126422,0.396886446886447,0.00970695970695971,0,0.0282051282051282,0.176373626373626,0.388827838827839
195773.411807,2528366.126422,0.383669724770642,0.00807339449541284,0,0.0484403669724771,0.172844036697248,0.38697247706422
196273.411807,2528366.126422,0.198862594019446,0.021830856723537,0,0.0535681526325445,0.159053384700055,0.566685011924418
196773.411807,2528366.126422,0.108058608058608,0.310805860805861,0.08003663003663,0.0613553113553114,0.0289377289377289,0.410805860805861
197273.411807,2528366.126422,0.247706422018349,0.0486238532110092,0.0297247706422018,0.0036697247706422,0.0418348623853211,0.628440366972477
197773.411807,2528366.126422,0.264538616767566,0.0330214639515685,0,0.0163272793982755,0.0524674371674922,0.633645202715098
198273.411807,2528366.126422,0.123992673992674,0.660622710622711,0.000183150183150183,0.00915750915750916,0.0454212454212454,0.160622710622711
186273.411807,2527866.126422,0.607994132746608,0.0124679134580125,0.0044004400440044,0.00641730839750642,0.0823248991565823,0.286395306197286
186773.411807,2527866.126422,0.499450549450549,0.0152014652014652,0.0245421245421245,0.0421245421245421,0.101282051282051,0.317399267399267
187273.411807,2527866.126422,0.455311355311355,0.0362637362637363,0.0010989010989011,0.0256410256410256,0.108974358974359,0.372710622710623
187773.411807,2527866.126422,0.552438577191052,0.011001100110011,0.00385038503850385,0.0106343967730106,0.0528052805280528,0.369270260359369
188273.411807,2527866.126422,0.559340659340659,0.0289377289377289,0,0.00824175824175824,0.0551282051282051,0.348351648351648
188773.411807,2527866.126422,0.619413919413919,0.00769230769230769,0.000183150183150183,0.0108058608058608,0.0474358974358974,0.314468864468864
189273.411807,2527866.126422,0.829116244957829,0.0022002200220022,0.000366703337000367,0.00128346167950128,0.00311697836450312,0.163916391639164
189773.411807,2527866.126422,0.722710622710623,0.0157509157509158,0,0.017032967032967,0.0311355311355311,0.213369963369963
190273.411807,2527866.126422,0.846886446886447,0.000732600732600733,0,0,0.00201465201465201,0.1503663003663
190773.411807,2527866.126422,0.765126512651265,0.00256692335900257,0,0.000733406674000733,0.00531719838650532,0.226255958929226
191273.411807,2527866.126422,0.423076923076923,0.0476190476190476,0,0.0432234432234432,0.0833333333333333,0.402747252747253
191773.411807,2527866.126422,0.646336996336996,0.0201465201465201,0.00750915750915751,0.0183150183150183,0.0243589743589744,0.283333333333333
192273.411807,2527866.126422,0.525669233590026,0.0924092409240924,0.00843417675100843,0.044004400440044,0.0495049504950495,0.27997799779978
192773.411807,2527866.126422,0.531501831501832,0.128388278388278,0.00421245421245421,0.0342490842490843,0.0551282051282051,0.246520146520147
193273.411807,2527866.126422,0.676556776556777,0.00641025641025641,0,0.000915750915750916,0.0192307692307692,0.296886446886447
193773.411807,2527866.126422,0.708837550421709,0.0077007700770077,0,0.00476714338100477,0.011001100110011,0.267693436010268
194273.411807,2527866.126422,0.852930402930403,0,0,0,0,0.147069597069597
194773.411807,2527866.126422,0.701098901098901,0.000549450549450549,0,0.0115384615384615,0.0307692307692308,0.256043956043956
195273.411807,2527866.126422,0.37990465713238,0.0154015401540154,0.00183351668500183,0.083975064173084,0.154565456545655,0.364319765309864
195773.411807,2527866.126422,0.325824175824176,0.0179487179487179,0,0.108424908424908,0.203296703296703,0.344505494505495
196273.411807,2527866.126422,0.174908424908425,0.0249084249084249,0,0.118315018315018,0.264652014652015,0.417216117216117
196773.411807,2527866.126422,0.224422442244224,0.162999633296663,0.0122845617895123,0.0771910524385772,0.112394572790612,0.410707737440411
197273.411807,2527866.126422,0.181501831501831,0.0752747252747253,0.0701465201465201,0.0106227106227106,0.0833333333333333,0.579120879120879
197773.411807,2527866.126422,0.292857142857143,0.0412087912087912,0,0.0364468864468864,0.119413919413919,0.51007326007326
198273.411807,2527866.126422,0.05995599559956,0.713604693802714,0.0011001100110011,0.0124679134580125,0.0553722038870554,0.157499083241658
186273.411807,2527366.126422,0.579072750595565,0.0247388675096207,0.0131940626717977,0.0111783030969397,0.0443467106468756,0.327469305479201
186773.411807,2527366.126422,0.624701780143145,0.0104606349788952,0.0418425399155808,0.0506514956872821,0.0767113231785649,0.195632226096531
187273.411807,2527366.126422,0.68402714102329,0.00990280579497524,0.0273244085824317,0.00165046763249587,0.0106363469649734,0.266458830001834
187773.411807,2527366.126422,0.620304196444933,0.0142935678944475,0.0370166758292102,0.00384826827927433,0.0130108118013561,0.311526479750779
188273.411807,2527366.126422,0.285924022756469,0.0754266837951918,0.00311983850247752,0.0209212699577904,0.125894659570563,0.488713525417508
188773.411807,2527366.126422,0.483036860443792,0.0911424903722722,0.00641848523748395,0.0511644966073721,0.0680359435173299,0.300201723821749
189273.411807,2527366.126422,0.599596848085028,0.0163093274693055,0,0.00513102437236577,0.0414146967198094,0.337548103353491
189773.411807,2527366.126422,0.688566709487979,0.0167003119838502,0,0.00789135621214902,0.0456964580657001,0.241145164250321
190273.411807,2527366.126422,0.62002567394095,0.0630845406198423,0,0.00568494406748579,0.0330093526499175,0.278195488721804
190773.411807,2527366.126422,0.598497342862379,0.0344511636430273,0.00274876305662452,0.045629466739967,0.051676745464541,0.266996518233462
191273.411807,2527366.126422,0.660855202789503,0.011194714626537,0,0.0238575885483575,0.030280785465223,0.27381170857038
191773.411807,2527366.126422,0.729690078855676,0.0260407115349349,0.000733541169998166,0.0247570144874381,0.0165046763249587,0.202273977626994
192273.411807,2527366.126422,0.557265897013011,0.0908924317390508,0.0047645226314825,0.109950522264981,0.101337731354224,0.135788894997251
192773.411807,2527366.126422,0.441732427968435,0.113782345384474,0.0135804734813727,0.0792806019453111,0.115250504679758,0.23637364654065
193273.411807,2527366.126422,0.707133687878232,0.00715202640748212,0,0.00165046763249587,0.022006235099945,0.262057582981845
193773.411807,2527366.126422,0.862195345427891,0,0,0,0.000916254352208173,0.136888400219901
194273.411807,2527366.126422,0.426133235456047,0.0122958340979996,0,0,0,0.561570930445953
194773.411807,2527366.126422,0.335411699981661,0.00238400880249404,0,0.0146708233999633,0.0739042728773152,0.573629194938566
195273.411807,2527366.126422,0.279640828293934,0.00934579439252336,0.00201575957485798,0.102437236576874,0.227047828477185,0.379512552684625
195773.411807,2527366.126422,0.36502110478987,0.00679023674068636,0,0.0704716461736098,0.194714626536979,0.363002385758855
196273.411807,2527366.126422,0.235283330276912,0.0313588850174216,0.00495140289748762,0.0454795525398863,0.113515496057216,0.569411333211077
196773.411807,2527366.126422,0.185816382627817,0.0745831042697453,0.0339014110317024,0.0395821880153931,0.0830126443100605,0.583104269745281
197273.411807,2527366.126422,0.225362451826023,0.0396403009726555,0.0759772435309231,0.0326665443200587,0.12864745824922,0.497706001101119
197773.411807,2527366.126422,0.225563909774436,0.115532734274711,0,0.0286081056299285,0.145974692829635,0.484320557491289
198273.411807,2527366.126422,0.158512002932014,0.53362653472604,0.00201575957485798,0.0379329301814184,0.074216602528862,0.193696170056808
186273.411807,2526866.126422,0.650732600732601,0.00457875457875458,0.000732600732600733,0.0258241758241758,0.0516483516483516,0.266483516483516
186773.411807,2526866.126422,0.620550458715596,0.00660550458715596,0.0102752293577982,0.00495412844036697,0.0308256880733945,0.326788990825688
187273.411807,2526866.126422,0.685011924417538,0.019262520638415,0.0146762062006971,0.0465969546872134,0.030820033021464,0.203632361034673
187773.411807,2526866.126422,0.725457875457875,0.0142857142857143,0,0.00677655677655678,0.0214285714285714,0.232051282051282
188273.411807,2526866.126422,0.269908256880734,0.08,0.0247706422018349,0.0385321100917431,0.0913761467889908,0.495412844036697
188773.411807,2526866.126422,0.661529994496423,0.0174279948633278,0.0638414969730325,0.00220143093010457,0.0152265639332233,0.239772518803889
189273.411807,2526866.126422,0.644688644688645,0.00421245421245421,0.000732600732600733,0.00622710622710623,0.036996336996337,0.307142857142857
189773.411807,2526866.126422,0.837247706422018,0.0018348623853211,0.00220183486238532,0.00018348623853211,0.00293577981651376,0.155596330275229
190273.411807,2526866.126422,0.753439735828288,0.00330214639515685,0,0.00678774536782242,0.0251330031186938,0.211337369290039
190773.411807,2526866.126422,0.602930402930403,0.0388278388278388,0.000732600732600733,0.0913919413919414,0.0932234432234432,0.172893772893773
191273.411807,2526866.126422,0.619816513761468,0.0491743119266055,0.00055045871559633,0.0570642201834862,0.0871559633027523,0.186238532110092
191773.411807,2526866.126422,0.695652173913043,0.0181618051733627,0,0.0172445422858191,0.0418271876719868,0.227114290955788
192273.411807,2526866.126422,0.702747252747253,0.00805860805860806,0.000183150183150183,0.00146520146520147,0.0214285714285714,0.266117216117216
192773.411807,2526866.126422,0.679816513761468,0.00165137614678899,0,0.000917431192660551,0.00532110091743119,0.312293577981651
193273.411807,2526866.126422,0.744817464685379,0.00110071546505228,0,0.002568336085122,0.00990643918547056,0.241607044578976
193773.411807,2526866.126422,0.87985347985348,0,0,0,0,0.12014652014652
194273.411807,2526866.126422,0.701834862385321,0.00036697247706422,0,0,0,0.297798165137615
194773.411807,2526866.126422,0.359016694184553,0.00935608145294441,0.00146762062006971,0.0640249495505412,0.113006787745368,0.453127866446524
195273.411807,2526866.126422,0.245238095238095,0.00860805860805861,0,0.163553113553114,0.247252747252747,0.335347985347985
195773.411807,2526866.126422,0.315412844036697,0.0124770642201835,0,0.0777981651376147,0.198165137614679,0.396146788990826
196273.411807,2526866.126422,0.294624839478995,0.0106402494955054,0,0.00972298660796184,0.0425609979820216,0.642450926435516
196773.411807,2526866.126422,0.0633699633699634,0.231501831501832,0.0375457875457875,0.00164835164835165,0.0141025641025641,0.651831501831502
197273.411807,2526866.126422,0.210825688073394,0.04,0,0.0148623853211009,0.0899082568807339,0.644403669724771
197773.411807,2526866.126422,0.408915795266924,0.0066042927903137,0,0.0110071546505228,0.029535864978903,0.543936892313337
198273.411807,2526866.126422,0.13040293040293,0.456410256410256,0.00659340659340659,0.0293040293040293,0.127472527472527,0.24981684981685
186273.411807,2526366.126422,0.54968830216355,0.0737073707370737,0.0229189585625229,0.00586725339200587,0.0231023102310231,0.324715804913825
186773.411807,2526366.126422,0.671062271062271,0.0152014652014652,0.0465201465201465,0.015018315018315,0.0238095238095238,0.228388278388278
187273.411807,2526366.126422,0.537728937728938,0.0256410256410256,0,0.0315018315018315,0.0716117216117216,0.333516483516483
187773.411807,2526366.126422,0.547304730473047,0.0253025302530253,0.00348368170150348,0.0394206087275394,0.0465713237990466,0.337917125045838
188273.411807,2526366.126422,0.524908424908425,0.0278388278388278,0.0161172161172161,0.0547619047619048,0.0516483516483516,0.324725274725275
188773.411807,2526366.126422,0.594322344322344,0.00750915750915751,0.00384615384615385,0.0108058608058608,0.0353479853479853,0.348168498168498
189273.411807,2526366.126422,0.51045104510451,0.0133846718005134,0.0011001100110011,0.0099009900990099,0.0645397873120645,0.400623395672901
189773.411807,2526366.126422,0.735164835164835,0.0186813186813187,0.00567765567765568,0.00274725274725275,0.0216117216117216,0.216117216117216
190273.411807,2526366.126422,0.756227106227106,0.0168498168498168,0.00970695970695971,0.000366300366300366,0.0135531135531136,0.203296703296703
190773.411807,2526366.126422,0.484781811514485,0.050971763843051,0.000733406674000733,0.0891089108910891,0.103593692702604,0.270810414374771
191273.411807,2526366.126422,0.456593406593407,0.0826007326007326,0.00347985347985348,0.0587912087912088,0.155677655677656,0.242857142857143
191773.411807,2526366.126422,0.587362637362637,0.0148351648351648,0,0.00293040293040293,0.041025641025641,0.353846153846154
192273.411807,2526366.126422,0.785478547854785,0.000733406674000733,0,0,0.000183351668500183,0.213604693802714
192773.411807,2526366.126422,0.685531135531136,0.000915750915750916,0,0.00201465201465201,0.0119047619047619,0.2996336996337
193273.411807,2526366.126422,0.901648351648352,0,0,0,0,0.0983516483516483
193773.411807,2526366.126422,0.865236523652365,0,0,0,0.000916758342500917,0.133846718005134
194273.411807,2526366.126422,0.664835164835165,0,0,0.000732600732600733,0.00311355311355311,0.331318681318681
194773.411807,2526366.126422,0.376923076923077,0.00402930402930403,0.000915750915750916,0.0505494505494506,0.137728937728938,0.42985347985348
195273.411807,2526366.126422,0.400806747341401,0.0247524752475248,0,0.0328199486615328,0.141547488082142,0.4000733406674
195773.411807,2526366.126422,0.406593406593407,0.0179487179487179,0,0.00824175824175824,0.041025641025641,0.526190476190476
196273.411807,2526366.126422,0.16978021978022,0.0313186813186813,0.00860805860805861,0,0.00164835164835165,0.788644688644689
196773.411807,2526366.126422,0.0683901723505684,0.0595892922625596,0.0696736340300697,0.00531719838650532,0.0496883021635497,0.747341400806747
197273.411807,2526366.126422,0.325457875457875,0,0,0.000183150183150183,0.00311355311355311,0.671245421245421
197773.411807,2526366.126422,0.332967032967033,0.0408424908424908,0,0.0133699633699634,0.103113553113553,0.50970695970696
198273.411807,2526366.126422,0.0713237990465713,0.651448478181151,0.00751741840850752,0.0119178584525119,0.0537220388705537,0.204070407040704
186273.411807,2525866.126422,0.789078248121679,0.0106285504856148,0.000183250870441635,0.00128275609309144,0.0214403518416712,0.177386842587502
186773.411807,2525866.126422,0.7592218755735,0.00311983850247752,0.000183519911910442,0.000367039823820885,0.00605615709304459,0.231051569095247
187273.411807,2525866.126422,0.594535118283514,0.017604988079956,0.0022006235099945,0.0122868145974693,0.0878415551072804,0.285530900421786
187773.411807,2525866.126422,0.627084478651274,0.00439802089059923,0,0.0042147700201576,0.0406816932380429,0.323621037199927
188273.411807,2525866.126422,0.658469443934667,0.0110111947146265,0.00789135621214902,0.000550559735731327,0.0119287942741787,0.310148651128647
188773.411807,2525866.126422,0.650834403080873,0.0121034293049697,0.01998899688245,0.0364936732074088,0.0478635613423803,0.232715936181918
189273.411807,2525866.126422,0.69287154113982,0.00971229613340663,0.000366501740883269,0.0450797141286421,0.0269378779549203,0.225032068902327
189773.411807,2525866.126422,0.835015599192512,0.00623967700495504,0,0.000917599559552211,0.00789135621214902,0.149935768030831
190273.411807,2525866.126422,0.771501925545571,0.0535485054098661,0,0.00550155877498625,0.0267742527049331,0.142673757564643
190773.411807,2525866.126422,0.479750778816199,0.221550302363936,0.0133773135422393,0.0196078431372549,0.0375664284405351,0.228147333699835
191273.411807,2525866.126422,0.553312534409984,0.0179849513672233,0,0.00697375665259681,0.0396403009726555,0.382088456597541
191773.411807,2525866.126422,0.650284247203374,0.00238400880249404,0,0.000733541169998166,0.0181551439574546,0.328443058866679
192273.411807,2525866.126422,0.620120945574491,0.00696353307678211,0.0109950522264981,0,0.00329851566794942,0.358621953454279
192773.411807,2525866.126422,0.912461002018719,0,0,0,0,0.087538997981281
193273.411807,2525866.126422,0.75187969924812,0,0,0,0,0.24812030075188
193773.411807,2525866.126422,0.542422576507238,0,0,0,0,0.457577423492762
194273.411807,2525866.126422,0.772985868966783,0,0,0,0,0.227014131033217
194773.411807,2525866.126422,0.302218962039244,0.0110031175499725,0.00128369704749679,0.126902622409683,0.23198239501192,0.326609205941683
195273.411807,2525866.126422,0.337914605094374,0.0247388675096207,0,0.0042147700201576,0.0408649441084845,0.592266813267363
195773.411807,2525866.126422,0.173609836667278,0.0528537346302074,0.0965314736648926,0.00550559735731327,0.017434391631492,0.654064966048816
196273.411807,2525866.126422,0.052814964239868,0.0584999083073537,0.115165963689712,0.0337428938199156,0.0960938932697598,0.643682376673391
196773.411807,2525866.126422,0.0131940626717977,0.551035367417995,0.00238226131574125,0.0236393622869709,0.117280557082646,0.292468389224849
197273.411807,2525866.126422,0.104973389612773,0.686180950633144,0.000183519911910442,0.022389429253074,0.0179849513672233,0.168287759221876
197773.411807,2525866.126422,0.0786722904823033,0.531633962956171,0.0113698881349716,0.0150375939849624,0.0542820465798643,0.309004217861727
198273.411807,2525866.126422,0.225581821513652,0.250870441634598,0.0342679127725857,0.0108118013560564,0.0712845886017959,0.407183434121312
186273.411807,2525366.126422,0.717948717948718,0.01996336996337,0.0135531135531136,0.00164835164835165,0.0104395604395604,0.236446886446886
186773.411807,2525366.126422,0.492844036697248,0.0603669724770642,0.0188990825688073,0.00330275229357798,0.0398165137614679,0.384770642201835
187273.411807,2525366.126422,0.401577692166575,0.0201797835259585,0.0335718216840947,0.0078884608328747,0.0665932856356632,0.470188956154834
187773.411807,2525366.126422,0.62967032967033,0.00238095238095238,0,0.00384615384615385,0.0282051282051282,0.335897435897436
188273.411807,2525366.126422,0.650642201834862,0.00330275229357798,0.00697247706422018,0.00128440366972477,0.0128440366972477,0.324954128440367
188773.411807,2525366.126422,0.671619886259402,0.00733810310034856,0,0,0.00330214639515685,0.317739864245093
189273.411807,2525366.126422,0.624908424908425,0.000366300366300366,0,0.0120879120879121,0.0445054945054945,0.318131868131868
189773.411807,2525366.126422,0.829174311926606,0.0223853211009174,0,0.0445871559633028,0.0271559633027523,0.076697247706422
190273.411807,2525366.126422,0.603558980003669,0.110621904237755,0,0.0843881856540084,0.0658594753256283,0.13557145477894
190773.411807,2525366.126422,0.351282051282051,0.138095238095238,0.00805860805860806,0.183333333333333,0.0858974358974359,0.233333333333333
191273.411807,2525366.126422,0.547339449541284,0.0488073394495413,0,0.0073394495412844,0.0664220183486239,0.330091743119266
191773.411807,2525366.126422,0.610163272793983,0.00678774536782242,0,0.000366905155017428,0.0091726288754357,0.373509447807742
192273.411807,2525366.126422,0.924175824175824,0,0,0,0,0.0758241758241758
192773.411807,2525366.126422,0.88605504587156,0,0,0,0,0.11394495412844
193273.411807,2525366.126422,0.625756741882223,0.000550357732526142,0,0.000550357732526142,0.00330214639515685,0.369840396257567
193773.411807,2525366.126422,0.548717948717949,0.0021978021978022,0,0,0.000366300366300366,0.448717948717949
194273.411807,2525366.126422,0.677981651376147,0,0,0.00165137614678899,0.0135779816513761,0.306788990825688
194773.411807,2525366.126422,0.264355164190057,0.0119244175380664,0,0.0645753072830673,0.12694918363603,0.532195927352779
195273.411807,2525366.126422,0.164835164835165,0.0543956043956044,0.0677655677655678,0.0338827838827839,0.0304029304029304,0.648717948717949
195773.411807,2525366.126422,0.221467889908257,0.228073394495413,0.0302752293577982,0.00458715596330275,0.0581651376146789,0.45743119266055
196273.411807,2525366.126422,0.0165107319757843,0.749587231700605,0,0.000366905155017428,0.00990643918547056,0.223628691983122
196773.411807,2525366.126422,0,0.855860805860806,0,0.000183150183150183,0.00347985347985348,0.14047619047619
197273.411807,2525366.126422,0,0.925688073394495,0,0.00972477064220183,0.0442201834862385,0.0203669724770642
197773.411807,2525366.126422,0.0838378279214823,0.540267840763163,0,0.110621904237755,0.0629242340854889,0.202348192992112
198273.411807,2525366.126422,0.0976190476190476,0.134249084249084,0.0778388278388278,0.234249084249084,0.157509157509158,0.298534798534799
186273.411807,2524866.126422,0.395122845617895,0.022002200220022,0.0132013201320132,0.0467546754675468,0.077007700770077,0.445911257792446
186773.411807,2524866.126422,0.620695970695971,0.00897435897435897,0.00274725274725275,0.0010989010989011,0.0124542124542125,0.354029304029304
187273.411807,2524866.126422,0.724358974358974,0.00641025641025641,0.0139194139194139,0.00128205128205128,0.0131868131868132,0.240842490842491
187773.411807,2524866.126422,0.77007700770077,0.00605060506050605,0.000366703337000367,0.00146681334800147,0.0106343967730106,0.211404473780711
188273.411807,2524866.126422,0.714652014652015,0.00622710622710623,0,0.00659340659340659,0.0304029304029304,0.242124542124542
188773.411807,2524866.126422,0.771245421245421,0,0,0.00183150183150183,0.013003663003663,0.213919413919414
189273.411807,2524866.126422,0.732673267326733,0.00183351668500183,0,0.0102676934360103,0.035020168683535,0.22020535386872
189773.411807,2524866.126422,0.64029304029304,0.10970695970696,0,0.0216117216117216,0.0346153846153846,0.193772893772894
190273.411807,2524866.126422,0.368131868131868,0.136080586080586,0.0673992673992674,0.116300366300366,0.114285714285714,0.197802197802198
190773.411807,2524866.126422,0.667216721672167,0.0581224789145581,0,0.00165016501650165,0.0234690135680235,0.24954162082875
191273.411807,2524866.126422,0.521978021978022,0.00366300366300366,0,0.0131868131868132,0.060989010989011,0.40018315018315
191773.411807,2524866.126422,0.81007326007326,0.00457875457875458,0,0,0.000366300366300366,0.184981684981685
192273.411807,2524866.126422,0.609460946094609,0.01998533186652,0,0.00678401173450678,0.01998533186652,0.343784378437844
192773.411807,2524866.126422,0.745787545787546,0.00238095238095238,0.000549450549450549,0.0010989010989011,0.00970695970695971,0.24047619047619
193273.411807,2524866.126422,0.501098901098901,0.00915750915750916,0,0.00421245421245421,0.0269230769230769,0.458608058608059
193773.411807,2524866.126422,0.681884855152182,0.00311697836450312,0,0.000916758342500917,0.00861752841950862,0.305463879721305
194273.411807,2524866.126422,0.364652014652015,0.0100732600732601,0,0.00384615384615385,0.0243589743589744,0.597069597069597
194773.411807,2524866.126422,0.246336996336996,0.0521978021978022,0.0653846153846154,0.0155677655677656,0.08003663003663,0.54047619047619
195273.411807,2524866.126422,0.232123212321232,0.017968463513018,0,0.00055005500550055,0.00531719838650532,0.744041070773744
195773.411807,2524866.126422,0.176739926739927,0.527106227106227,0,0.000183150183150183,0.00128205128205128,0.294688644688645
196273.411807,2524866.126422,0.0021978021978022,0.989010989010989,0,0,0,0.00879120879120879
196773.411807,2524866.126422,0,0.997249724972497,0,0,0,0.00275027502750275
197273.411807,2524866.126422,0.0102564102564103,0.819413919413919,0,0.0221611721611722,0.0391941391941392,0.108974358974359
197773.411807,2524866.126422,0.0516483516483516,0.202380952380952,0,0.247069597069597,0.223260073260073,0.275641025641026
198273.411807,2524866.126422,0.0170517051705171,0.56032269893656,0.100843417675101,0.0924092409240924,0.0889255592225889,0.14044737807114
186273.411807,2524366.126422,0.663001649257834,0.000733003481766538,0,0.0042147700201576,0.0109950522264981,0.321055525013744
186773.411807,2524366.126422,0.743439163149202,0,0,0.000183519911910442,0.000367039823820885,0.256010277115067
187273.411807,2524366.126422,0.621676141573446,0.0066018705299835,0.00678525582248304,0.0177883733724555,0.0454795525398863,0.301668806161746
187773.411807,2524366.126422,0.666116914055342,0.00256551218618288,0.00109950522264981,0.00164925783397471,0.0109950522264981,0.317573758475353
188273.411807,2524366.126422,0.792071939805469,0,0,0.000550559735731327,0.000367039823820885,0.207010460634979
188773.411807,2524366.126422,0.79185769301302,0,0,0.000366770584999083,0.00293416467999266,0.204841371721988
189273.411807,2524366.126422,0.570093457943925,0.0109950522264981,0.00769653655854865,0.011544804837823,0.0359171706065604,0.363752977826645
189773.411807,2524366.126422,0.467425215635897,0.0418425399155808,0.0181684712791338,0.0959809139291613,0.118370343182235,0.258212516057992
190273.411807,2524366.126422,0.576563359618559,0.0515312671923712,0.0394278378874014,0.0938932697597653,0.0797726022373006,0.158811663304603
190773.411807,2524366.126422,0.541139820414147,0.00971229613340663,0,0.00824628916987356,0.0601062855048561,0.380795308777717
