"x","y","forest","agri","water","built","other","grass"
156773.411807,2571866.126422,0.0363302752293578,0.0205504587155963,0.695045871559633,0.233761467889908,0.0143119266055046,0
157273.411807,2571866.126422,0.00697119794533113,0.000550357732526142,0.789396441019996,0.197211520821868,0.00587048248027885,0
157773.411807,2571866.126422,0,0.000549450549450549,0.600549450549451,0.398717948717949,0.000183150183150183,0
158273.411807,2571866.126422,0,0.0893577981651376,0.729724770642202,0.154678899082569,0.0143119266055046,0.0119266055045872
158773.411807,2571866.126422,0.00275178866263071,0.114841313520455,0.461933590166942,0.348376444689048,0.0258668134287287,0.0462300495321959
159273.411807,2571866.126422,0.000366300366300366,0.230586080586081,0.174542124542125,0.417399267399267,0.0336996336996337,0.143406593406593
159773.411807,2571866.126422,0.00385321100917431,0.328256880733945,0.00605504587155963,0.501284403669725,0.073394495412844,0.0871559633027523
160273.411807,2571866.126422,0.00676779463243874,0.179463243873979,0.234772462077013,0.364060676779463,0.0889148191365228,0.126021003500583
156773.411807,2571366.126422,0.106227106227106,0.0404761904761905,0.355494505494506,0.46978021978022,0.0153846153846154,0.0126373626373626
157273.411807,2571366.126422,0,0,0.682234432234432,0.317765567765568,0,0
157773.411807,2571366.126422,0,0.0100843417675101,0.866886688668867,0.118445177851118,0.00238357169050238,0.0022002200220022
158273.411807,2571366.126422,0.00146520146520147,0.0293040293040293,0.435897435897436,0.506043956043956,0.0236263736263736,0.00366300366300366
158773.411807,2571366.126422,0.0205128205128205,0.190842490842491,0.248901098901099,0.281684981684982,0.0996336996336996,0.158424908424908
159273.411807,2571366.126422,0.00953428676200953,0.325999266593326,0.115878254492116,0.263292995966263,0.125412541254125,0.15988265493216
159773.411807,2571366.126422,0.010989010989011,0.556776556776557,0.0703296703296703,0.173992673992674,0.0501831501831502,0.137728937728938
160273.411807,2571366.126422,0.00792540792540793,0.186946386946387,0.258974358974359,0.139393939393939,0.16993006993007,0.236829836829837
156773.411807,2570866.126422,0.0247751881079097,0.0495503762158194,0.520645990089925,0.197834465039457,0.0337676637915214,0.173426316755368
157273.411807,2570866.126422,0,0.00715202640748212,0.600770218228498,0.391527599486521,0.000366770584999083,0.000183385292499542
157773.411807,2570866.126422,0,0.0236393622869709,0.355140186915888,0.608942642477552,0.00623052959501558,0.00604727872457394
158273.411807,2570866.126422,0.047715177096715,0.0543218939254909,0.521013029913746,0.194164066801248,0.0462470178014315,0.136538814461369
158773.411807,2570866.126422,0.118283513662204,0.185219145424537,0.0480469466348799,0.297817715019255,0.160462130937099,0.190170548322025
159273.411807,2570866.126422,0.00934579439252336,0.325270295033901,0,0.461425691772036,0.119113065787062,0.0848451530144768
159773.411807,2570866.126422,0.0262433474031932,0.448522664709121,0.0433106992108644,0.219122774821068,0.0991007524316388,0.163699761424115
160273.411807,2570866.126422,0.0258922323303009,0.22813156053184,0.0706787963610917,0.146722649871705,0.115698623746209,0.412876137158852
156273.411807,2570366.126422,0.0161172161172161,0.0518315018315018,0.167032967032967,0.322161172161172,0.0261904761904762,0.416666666666667
156773.411807,2570366.126422,0.00073394495412844,0.00385321100917431,0.770091743119266,0.216697247706422,0.00348623853211009,0.00513761467889908
157273.411807,2570366.126422,0,0.0299027701339204,0.731058521372225,0.216474041460283,0.0161438268207668,0.00642084021280499
157773.411807,2570366.126422,0,0.0752747252747253,0.286813186813187,0.478937728937729,0.0653846153846154,0.0935897435897436
158273.411807,2570366.126422,0.0159633027522936,0.192110091743119,0.233394495412844,0.225321100917431,0.0889908256880734,0.244220183486239
158773.411807,2570366.126422,0.00605393505778756,0.378646119977986,0.00715465052283985,0.136121812511466,0.11704274445056,0.354980737479362
159273.411807,2570366.126422,0.0106227106227106,0.671611721611722,0,0.158608058608059,0.0565934065934066,0.102564102564103
159773.411807,2570366.126422,0.0100917431192661,0.752110091743119,0.0128440366972477,0.076697247706422,0.0185321100917431,0.129724770642202
160273.411807,2570366.126422,0.0275379229871645,0.291481913652275,0.138389731621937,0.134889148191365,0.0912485414235706,0.316452742123687
156273.411807,2569866.126422,0,0.0161349468280161,0.415658232489916,0.107994132746608,0.0238357169050238,0.436376971030436
156773.411807,2569866.126422,0,0,0.755311355311355,0.244688644688645,0,0
157273.411807,2569866.126422,0,0.00714285714285714,0.61959706959707,0.35970695970696,0.00293040293040293,0.0106227106227106
157773.411807,2569866.126422,0.00165016501650165,0.0759075907590759,0.707370737073707,0.142647598093143,0.0308030803080308,0.0416208287495416
158273.411807,2569866.126422,0.00146520146520147,0.0787545787545788,0.313003663003663,0.523076923076923,0.0113553113553114,0.0723443223443224
158773.411807,2569866.126422,0,0.144322344322344,0.504761904761905,0.172527472527473,0.0282051282051282,0.15018315018315
159273.411807,2569866.126422,0.00403373670700403,0.108544187752109,0.658965896589659,0.0251191785845251,0.0122845617895123,0.191052438577191
159773.411807,2569866.126422,0.00860805860805861,0.118498168498168,0.538278388278388,0.0879120879120879,0.0457875457875458,0.200915750915751
160273.411807,2569866.126422,0.0027972027972028,0.141724941724942,0.452447552447552,0.171794871794872,0.0354312354312354,0.195804195804196
156273.411807,2569366.126422,0,0.051126992853216,0.585669781931464,0.113798790544255,0.0181418361737218,0.231262598497343
156773.411807,2569366.126422,0.00532207744540283,0.0258763075793724,0.860341347036153,0.0614791704899982,0.00275279867865663,0.0442282987704166
157273.411807,2569366.126422,0,0.00495140289748762,0.375389693746562,0.61580781221346,0.00183385292499542,0.00201723821749496
157773.411807,2569366.126422,0.0201575957485798,0.0199743448781382,0.756276342312626,0.130841121495327,0.0185083379146051,0.0542422576507238
158273.411807,2569366.126422,0.000917599559552211,0.0587263718113415,0.728023490548725,0.146999449440264,0.031932464672417,0.0334006239677005
158773.411807,2569366.126422,0.00403447643498991,0.0799559875298001,0.582431688978544,0.151109481019622,0.0566660553823583,0.125802310654686
159273.411807,2569366.126422,0.0452629649990837,0.18050210738501,0.450247388675096,0.0764156129741616,0.0930914421843504,0.154480483782298
159773.411807,2569366.126422,0.0400073407964764,0.275463387777574,0.0719398054688934,0.057258212516058,0.085887318774087,0.469443934666911
160273.411807,2569366.126422,0.00886400746442734,0.331467226498717,0.09913692558899,0.0216934919524143,0.0723116398413809,0.46652670865407
156273.411807,2568866.126422,0.14047619047619,0.0554945054945055,0.32014652014652,0.102014652014652,0.0384615384615385,0.343406593406593
156773.411807,2568866.126422,0.0161467889908257,0.0893577981651376,0.62605504587156,0.0469724770642202,0.00385321100917431,0.217614678899083
157273.411807,2568866.126422,0.00421940928270042,0.00807191341038342,0.556228215006421,0.40799853237938,0.0183452577508714,0.00513667217024399
157773.411807,2568866.126422,0.08003663003663,0.0983516483516483,0.178754578754579,0.270879120879121,0.0727106227106227,0.299267399267399
158273.411807,2568866.126422,0.0594495412844037,0.111559633027523,0.237981651376147,0.162385321100917,0.0719266055045872,0.356697247706422
158773.411807,2568866.126422,0.019262520638415,0.362685745734728,0.00201797835259585,0.0772335351311686,0.0790680609062557,0.459732159236837
159273.411807,2568866.126422,0.128571428571429,0.260805860805861,0.0395604395604396,0.104212454212454,0.119413919413919,0.347435897435897
159773.411807,2568866.126422,0.0229357798165138,0.180733944954128,0,0.320366972477064,0.216880733944954,0.259082568807339
160273.411807,2568866.126422,0.000466744457409568,0.363127187864644,0.0114352392065344,0.0329054842473746,0.0693115519253209,0.522753792298716
155773.411807,2568366.126422,0,0.00732600732600733,0.822344322344322,0.148717948717949,0.00915750915750916,0.0124542124542125
156273.411807,2568366.126422,0.22973964063073,0.0711404473780711,0.20993766043271,0.122295562889622,0.0352035203520352,0.331683168316832
156773.411807,2568366.126422,0.0857142857142857,0.135714285714286,0.197802197802198,0.0538461538461538,0.0620879120879121,0.464835164835165
157273.411807,2568366.126422,0.000366300366300366,0.0672161172161172,0.382234432234432,0.477838827838828,0.0366300366300366,0.0357142857142857
157773.411807,2568366.126422,0.000183351668500183,0.0388705537220389,0.188485515218188,0.454895489548955,0.211037770443711,0.106527319398607
158273.411807,2568366.126422,0.0487179487179487,0.220512820512821,0.157142857142857,0.0690476190476191,0.0785714285714286,0.426007326007326
158773.411807,2568366.126422,0.0135531135531136,0.317948717948718,0.0677655677655678,0.121978021978022,0.0875457875457875,0.391208791208791
159273.411807,2568366.126422,0.035020168683535,0.18976897689769,0.141547488082142,0.237623762376238,0.126329299596626,0.26971030436377
159773.411807,2568366.126422,0.0990842490842491,0.185347985347985,0.0254578754578755,0.167216117216117,0.193406593406593,0.329487179487179
160273.411807,2568366.126422,0.0228438228438228,0.31981351981352,0.00955710955710956,0.161538461538462,0.124475524475524,0.361771561771562
156273.411807,2567866.126422,0.0053142752428074,0.171706065603812,0.365585486531061,0.235660619387942,0.0318856514568444,0.189847901777533
156773.411807,2567866.126422,0.0379886217654616,0.164250321159846,0.258028996146082,0.257845476234171,0.098733712607818,0.183152872086621
157273.411807,2567866.126422,0,0.0386942967174033,0.802127269392995,0.149275628094627,0.00770218228498074,0.0022006235099945
157773.411807,2567866.126422,0.00128275609309144,0.0525929998167491,0.448231629100238,0.36320322521532,0.10536925050394,0.0293201392706615
158273.411807,2567866.126422,0.0115617544503579,0.0822169205358781,0.611855386309415,0.249954120022022,0.0152321526885667,0.0291796659937603
158773.411807,2567866.126422,0.00421786172748946,0.185952686594535,0.416467999266459,0.236383642031909,0.0577663671373556,0.099211443242252
159273.411807,2567866.126422,0.0131940626717977,0.324170789811252,0.186182884368701,0.20853949056258,0.111783030969397,0.156129741616273
159773.411807,2567866.126422,0.0449623784180584,0.20315654248486,0.188658469443935,0.164617360983667,0.0838685997430721,0.314736648926409
160273.411807,2567866.126422,0.0636808957312806,0.269652437602053,0,0.260555166783298,0.156986237462095,0.249125262421274
156273.411807,2567366.126422,0,0.11025641025641,0.614285714285714,0.13974358974359,0.0128205128205128,0.122893772893773
156773.411807,2567366.126422,0.0128440366972477,0.116330275229358,0.516697247706422,0.176330275229358,0.0370642201834862,0.140733944954128
157273.411807,2567366.126422,0,0.0385250412768299,0.68042560997982,0.274078150798019,0.00678774536782242,0.000183452577508714
157773.411807,2567366.126422,0,0.0186813186813187,0.917765567765568,0.0490842490842491,0.00970695970695971,0.00476190476190476
158273.411807,2567366.126422,0,0.0100917431192661,0.836146788990826,0.149174311926606,0.00458715596330275,0
158773.411807,2567366.126422,0,0.0420106402494955,0.718767198679141,0.199963309484498,0.00990643918547056,0.0293524124013942
159273.411807,2567366.126422,0.00293040293040293,0.297069597069597,0.304212454212454,0.194871794871795,0.0703296703296703,0.130586080586081
159773.411807,2567366.126422,0.00201834862385321,0.134862385321101,0.140183486238532,0.552844036697248,0.106238532110092,0.0638532110091743
160273.411807,2567366.126422,0.0242707117852975,0.211668611435239,0.0581096849474912,0.313418903150525,0.127887981330222,0.264644107351225
155773.411807,2566866.126422,0.00366300366300366,0.0478021978021978,0.865018315018315,0.0556776556776557,0.00604395604395604,0.0217948717948718
156273.411807,2566866.126422,0,0.00146681334800147,0.886138613861386,0.112394572790612,0,0
156773.411807,2566866.126422,0.00659340659340659,0.0840659340659341,0.778937728937729,0.107326007326007,0.00586080586080586,0.0172161172161172
157273.411807,2566866.126422,0,0.0271062271062271,0.853296703296703,0.104212454212454,0.0133699633699634,0.00201465201465201
157773.411807,2566866.126422,0,0.00165016501650165,0.957829116244958,0.0394206087275394,0.0011001100110011,0
158273.411807,2566866.126422,0,0.00989010989010989,0.887912087912088,0.101465201465201,0.000732600732600733,0
158773.411807,2566866.126422,0,0.0201465201465201,0.920879120879121,0.0547619047619048,0.000183150183150183,0.00402930402930403
159273.411807,2566866.126422,0,0.0854418775210854,0.731939860652732,0.113678034470114,0.0126512651265127,0.0562889622295563
159773.411807,2566866.126422,0.000366300366300366,0.0824175824175824,0.416117216117216,0.462820512820513,0.032051282051282,0.00622710622710623
160273.411807,2566866.126422,0,0.118414918414918,0.184382284382284,0.581818181818182,0.0981351981351981,0.0172494172494173
155773.411807,2566366.126422,0,0.000550155877498625,0.994498441225014,0.00476801760498808,0.000183385292499542,0
156273.411807,2566366.126422,0,0.0888766721641928,0.50668865677112,0.404434671064688,0,0
156773.411807,2566366.126422,0,0.0330335841438796,0.111763626353459,0.824004404477886,0.0139475133051936,0.0172508717195816
157273.411807,2566366.126422,0,0.0790390610673024,0.762699431505593,0.141573445809646,0.00806895286997983,0.00861910874747845
157773.411807,2566366.126422,0,0.0109950522264981,0.875206157229247,0.112882536192047,0.000916254352208173,0
158273.411807,2566366.126422,0,0.0012846393833731,0.795008258396036,0.202422462837218,0.0012846393833731,0
158773.411807,2566366.126422,0,0.00880249403997799,0.453511828351366,0.518796992481203,0.00586832935998533,0.0130203557674674
159273.411807,2566366.126422,0,0.00238226131574125,0.468755726589701,0.525929998167491,0.00256551218618288,0.000366501740883269
159773.411807,2566366.126422,0.000917599559552211,0.0321159845843274,0.0488162965681776,0.86327766562672,0.0385391815011929,0.0163332721600294
160273.411807,2566366.126422,0.00373221366923256,0.0746442733846513,0.0842080709120597,0.764870538838349,0.0517844646606018,0.0207604385351061
155273.411807,2565866.126422,0.00128440366972477,0.0170642201834862,0.891376146788991,0.0858715596330275,0.00128440366972477,0.00311926605504587
155773.411807,2565866.126422,0,0,0.89011190607228,0.10988809392772,0,0
156273.411807,2565866.126422,0,0.0419413919413919,0.0379120879120879,0.903846153846154,0.0122710622710623,0.00402930402930403
156773.411807,2565866.126422,0.00642201834862385,0.0774311926605505,0.120366972477064,0.761834862385321,0.028256880733945,0.00568807339449541
157273.411807,2565866.126422,0.00458631443771785,0.127866446523574,0.566501559346909,0.221977618785544,0.0299027701339204,0.0491652907723353
157773.411807,2565866.126422,0,0.0232600732600733,0.938095238095238,0.0373626373626374,0.000732600732600733,0.000549450549450549
158273.411807,2565866.126422,0.00220183486238532,0.0306422018348624,0.764220183486239,0.185137614678899,0.0159633027522936,0.0018348623853211
158773.411807,2565866.126422,0,0.0236653824986241,0.495872317006054,0.473124197394973,0.00201797835259585,0.00532012474775271
159273.411807,2565866.126422,0,0,0.391575091575092,0.604578754578755,0.00384615384615385,0
159773.411807,2565866.126422,0,0.0245871559633028,0,0.947522935779816,0.0238532110091743,0.00403669724770642
160273.411807,2565866.126422,0,0.0254375729288215,0.00863477246207701,0.912485414235706,0.0462077012835473,0.00723453908984831
155273.411807,2565366.126422,0.00879120879120879,0.0342490842490843,0.912820512820513,0.0402930402930403,0.0021978021978022,0.00164835164835165
155773.411807,2565366.126422,0.0010989010989011,0.0994505494505494,0.325091575091575,0.571062271062271,0.000366300366300366,0.00293040293040293
156273.411807,2565366.126422,0,0.0925925925925926,0.0183351668500183,0.864503116978364,0.0066006600660066,0.017968463513018
156773.411807,2565366.126422,0,0.065018315018315,0.281868131868132,0.516117216117216,0.0935897435897436,0.0434065934065934
157273.411807,2565366.126422,0,0.0595238095238095,0.364285714285714,0.467216117216117,0.0554945054945055,0.0534798534798535
157773.411807,2565366.126422,0,0.0106343967730106,0.882288228822882,0.0991932526585992,0.00623395672900623,0.00165016501650165
158273.411807,2565366.126422,0,0.0168498168498168,0.90018315018315,0.0655677655677656,0.00567765567765568,0.0117216117216117
158773.411807,2565366.126422,0,0.0120879120879121,0.944688644688645,0.0408424908424908,0.00238095238095238,0
159273.411807,2565366.126422,0,0.0181518151815182,0.611111111111111,0.359369270260359,0.0113678034470114,0
159773.411807,2565366.126422,0.00164835164835165,0.0714285714285714,0.0549450549450549,0.758241758241758,0.0443223443223443,0.0694139194139194
160273.411807,2565366.126422,0.00862470862470863,0.308158508158508,0.0202797202797203,0.377156177156177,0.0405594405594406,0.245221445221445
154773.411807,2564866.126422,0,0.130841121495327,0.67601246105919,0.149715961150815,0.00568077698369067,0.0377496793109767
155273.411807,2564866.126422,0,0.0682694072306845,0.688199669664159,0.238942925307396,0.000734079647641769,0.00385391815011929
155773.411807,2564866.126422,0,0.00513478818998716,0.165596919127086,0.829268292682927,0,0
156273.411807,2564866.126422,0,0.00641378046545721,0.222649807586586,0.770936411947957,0,0
156773.411807,2564866.126422,0,0.0504679757753716,0.51881079097082,0.412002202238943,0.00275279867865663,0.0159662323362085
157273.411807,2564866.126422,0,0.0304419585549239,0.51586282780121,0.421052631578947,0.0194388410049514,0.013203741059967
157773.411807,2564866.126422,0,0.0141103170240059,0.886017958585303,0.0846619021440352,0.0152098222466557,0
158273.411807,2564866.126422,0,0.0212883097816113,0.936318590567077,0.0304643053771334,0.0034868783262984,0.00844191594788034
158773.411807,2564866.126422,0,0.0447460113698881,0.690812396845773,0.23601687144691,0.00770218228498074,0.0207225380524482
159273.411807,2564866.126422,0,0.0331684075499359,0.191313908741067,0.729704966098589,0.0335349092908191,0.0122778083195895
159773.411807,2564866.126422,0.000550559735731327,0.134153055606533,0.0201871903101487,0.563589649476968,0.0972655533125344,0.184253991558084
160273.411807,2564866.126422,0.00373221366923256,0.289246559365524,0.0324236062514579,0.56729647772335,0.0566829951014696,0.0506181478889666
154773.411807,2564366.126422,0,0.130952380952381,0.750549450549451,0.0434065934065934,0.0172161172161172,0.0578754578754579
155273.411807,2564366.126422,0,0.00201834862385321,0.478899082568807,0.518899082568807,0.00018348623853211,0
155773.411807,2564366.126422,0,0,0.096862960924601,0.903137039075399,0,0
156273.411807,2564366.126422,0,0,0,1,0,0
156773.411807,2564366.126422,0,0.0513761467889908,0.0055045871559633,0.916697247706422,0.0100917431192661,0.0163302752293578
157273.411807,2564366.126422,0,0.0742982938910292,0.364520271509815,0.499174463401211,0.0302696752889378,0.0317372959090075
157773.411807,2564366.126422,0,0.0514652014652015,0.823992673992674,0.101098901098901,0.00824175824175824,0.0152014652014652
158273.411807,2564366.126422,0.00201834862385321,0.0510091743119266,0.847522935779817,0.0774311926605505,0.00678899082568807,0.0152293577981651
158773.411807,2564366.126422,0,0.112823335167859,0.509814712896716,0.299027701339204,0.0238488350761328,0.0544854155200881
159273.411807,2564366.126422,0,0.148717948717949,0.0884615384615385,0.659157509157509,0.0531135531135531,0.0505494505494506
159773.411807,2564366.126422,0,0.0629357798165138,0.147339449541284,0.678348623853211,0.0420183486238532,0.0693577981651376
160273.411807,2564366.126422,0,0.0252042007001167,0.266977829638273,0.677479579929988,0.0287047841306884,0.00163360560093349
154773.411807,2563866.126422,0,0.0799413274660799,0.724055738907224,0.0995599559955996,0.0088008800880088,0.0876420975430876
155273.411807,2563866.126422,0,0.0767399267399267,0.45989010989011,0.448168498168498,0.00201465201465201,0.0131868131868132
155773.411807,2563866.126422,0.0122710622710623,0.0173992673992674,0.0137362637362637,0.954945054945055,0.000366300366300366,0.00128205128205128
156273.411807,2563866.126422,0.000916758342500917,0.028969563623029,0.00916758342500917,0.952878621195453,0,0.00806747341400807
156773.411807,2563866.126422,0,0.0446886446886447,0,0.936813186813187,0.00311355311355311,0.0153846153846154
157273.411807,2563866.126422,0,0.104029304029304,0.363369963369963,0.420695970695971,0.0346153846153846,0.0772893772893773
157773.411807,2563866.126422,0,0.00623395672900623,0.835350201686835,0.155482214888155,0.00293362669600293,0
158273.411807,2563866.126422,0,0.0172161172161172,0.721428571428571,0.250732600732601,0.00604395604395604,0.00457875457875458
158773.411807,2563866.126422,0,0.00457875457875458,0.356593406593407,0.608608058608059,0.0302197802197802,0
159273.411807,2563866.126422,0,0.243857719105244,0.273927392739274,0.448661532819949,0.0333700036670334,0.000183351668500183
159773.411807,2563866.126422,0,0.0749084249084249,0.246886446886447,0.662087912087912,0.0104395604395604,0.00567765567765568
160273.411807,2563866.126422,0.0027972027972028,0.228904428904429,0.241025641025641,0.487179487179487,0.0121212121212121,0.027972027972028
154773.411807,2563366.126422,0,0.0120945574491479,0.336631849001283,0.629833241707898,0.0042147700201576,0.0172255818215137
155273.411807,2563366.126422,0,0.0313819049366856,0.547072857405028,0.420260598274913,0,0.0012846393833731
155773.411807,2563366.126422,0.00513478818998716,0.0150375939849624,0.380891252521548,0.595635430038511,0,0.00330093526499175
156273.411807,2563366.126422,0.00311526479750779,0.0153930731170973,0.202308960967565,0.777716694154297,0.000916254352208173,0.000549752611324904
156773.411807,2563366.126422,0.000550559735731327,0.0357863828225362,0.192328867682144,0.756652596806754,0.00220223894292531,0.0124793540099101
157273.411807,2563366.126422,0,0.0394278378874014,0.318173482486705,0.602604071153493,0.00825233816247937,0.0315422703099211
157773.411807,2563366.126422,0,0.0557082646142569,0.574857980575408,0.336265347260399,0.0295033901411032,0.00366501740883269
158273.411807,2563366.126422,0,0.00495503762158194,0.475683611671866,0.499357680308313,0.0200036703982382,0
158773.411807,2563366.126422,0,0.0146708233999633,0.0320924261874198,0.930680359435173,0.0196222262974509,0.00293416467999266
159273.411807,2563366.126422,0.00164925783397471,0.11654755360088,0.320872274143302,0.508337914605094,0.0289536375297783,0.0236393622869709
159773.411807,2563366.126422,0.00403743806202973,0.0601945311066251,0.0976325931363553,0.770783630023858,0.0574417324279684,0.00991007524316388
160273.411807,2563366.126422,0,0.0800093305341731,0.105901562864474,0.759505481688827,0.0473524609283882,0.00723116398413809
154773.411807,2562866.126422,0,0,0,1,0,0
155273.411807,2562866.126422,0,0.0201834862385321,0.24954128440367,0.719082568807339,0.00587155963302752,0.00532110091743119
155773.411807,2562866.126422,0,0.000183452577508714,0.0289855072463768,0.970647587598606,0.000183452577508714,0
156273.411807,2562866.126422,0,0,0,1,0,0
156773.411807,2562866.126422,0,0.0280733944954128,0.0319266055045872,0.902752293577982,0.0297247706422018,0.00752293577981651
157273.411807,2562866.126422,0,0.0146762062006971,0.169510181618052,0.812511465786094,0.00183452577508714,0.00146762062006971
157773.411807,2562866.126422,0,0.00457875457875458,0.402930402930403,0.58956043956044,0.00293040293040293,0
158273.411807,2562866.126422,0,0.0018348623853211,0.564587155963303,0.43045871559633,0.00311926605504587,0
158773.411807,2562866.126422,0.000550357732526142,0.0258668134287287,0.377728857090442,0.525775087139974,0.0502660062373876,0.0198128783709411
159273.411807,2562866.126422,0,0.0769230769230769,0.167032967032967,0.673260073260073,0.0705128205128205,0.0122710622710623
159773.411807,2562866.126422,0,0.159266055045872,0.392293577981651,0.21045871559633,0.0886238532110092,0.149357798165138
160273.411807,2562866.126422,0,0.162893815635939,0.379696616102684,0.27024504084014,0.0543757292882147,0.132788798133022
154273.411807,2562366.126422,0,0,0.566666666666667,0.433333333333333,0,0
154773.411807,2562366.126422,0,0,0,1,0,0
155273.411807,2562366.126422,0.00531135531135531,0.00750915750915751,0.0664835164835165,0.908241758241758,0.0100732600732601,0.00238095238095238
155773.411807,2562366.126422,0,0.00879120879120879,0.206593406593407,0.783516483516484,0.000915750915750916,0.000183150183150183
156273.411807,2562366.126422,0,0,0.144297763109644,0.855335533553355,0.000366703337000367,0
156773.411807,2562366.126422,0,0.0666666666666667,0.520512820512821,0.381684981684982,0.0243589743589744,0.00677655677655678
157273.411807,2562366.126422,0,0.00879120879120879,0.613369963369963,0.376007326007326,0.000549450549450549,0.00128205128205128
157773.411807,2562366.126422,0.000366703337000367,0.0258525852585259,0.0205353868720205,0.783094976164283,0.0284195086175284,0.141730839750642
158273.411807,2562366.126422,0,0.0355311355311355,0.0267399267399267,0.822527472527472,0.0478021978021978,0.0673992673992674
158773.411807,2562366.126422,0,0.0924908424908425,0,0.76996336996337,0.0547619047619048,0.0827838827838828
159273.411807,2562366.126422,0,0.0889255592225889,0.308580858085809,0.534836817015035,0.0548221488815548,0.0128346167950128
159773.411807,2562366.126422,0.00659340659340659,0.236446886446886,0.276007326007326,0.102930402930403,0.0505494505494506,0.327472527472527
160273.411807,2562366.126422,0.013986013986014,0.387412587412587,0.096969696969697,0.0953379953379953,0.051981351981352,0.354312354312354
154273.411807,2561866.126422,0,0,0.239134421419402,0.760865578580598,0,0
154773.411807,2561866.126422,0,0.000183250870441635,0,0.999816749129558,0,0
155273.411807,2561866.126422,0.00330335841438796,0.0211047898697009,0.106992108643788,0.831345200954304,0.0124793540099101,0.0247751881079097
155773.411807,2561866.126422,0,0.00898587933247754,0.389143590684027,0.601870529983495,0,0
156273.411807,2561866.126422,0,0.00109950522264981,0.195528678761224,0.803371816016126,0,0
156773.411807,2561866.126422,0.0082583960359699,0.158744723802533,0.418425399155808,0.32795008258396,0.0532207744540283,0.0334006239677005
157273.411807,2561866.126422,0,0.00110031175499725,0.625343847423437,0.369154593801577,0.004401247019989,0
157773.411807,2561866.126422,0.0256551218618288,0.108118013560564,0.0273043796958036,0.619387942092725,0.100787978742899,0.118746564046179
158273.411807,2561866.126422,0.00495503762158194,0.0574417324279684,0.0315654248485961,0.723068452927143,0.0851532391264452,0.0978161130482657
158773.411807,2561866.126422,0,0.06400146708234,0.0260407115349349,0.620942600403448,0.153493489822116,0.135521731157161
159273.411807,2561866.126422,0,0.0177753344328386,0.365768737401503,0.55268462525197,0.0637713029136888,0
159773.411807,2561866.126422,0,0.243714443017067,0.154890805652413,0.233804367773903,0.0545054138374014,0.313084969719215
160273.411807,2561866.126422,0,0.213902495917891,0.177280149288547,0.17074877536739,0.032890132960112,0.40517844646606
154273.411807,2561366.126422,0,0,0.0236653824986241,0.976334617501376,0,0
154773.411807,2561366.126422,0,0.000183150183150183,0.00164835164835165,0.997802197802198,0.000366300366300366,0
155273.411807,2561366.126422,0.018348623853211,0.0176146788990826,0.329357798165138,0.60605504587156,0.0155963302752294,0.0130275229357798
155773.411807,2561366.126422,0,0.0642084021280499,0.0625573289304715,0.815813612181251,0.030820033021464,0.0266006237387635
156273.411807,2561366.126422,0,0.252564102564103,0.0338827838827839,0.481501831501832,0.104578754578755,0.127472527472527
156773.411807,2561366.126422,0.00477064220183486,0.0908256880733945,0.400366972477064,0.375963302752294,0.0577981651376147,0.0702752293577982
157273.411807,2561366.126422,0,0.105118326912493,0.461199779856907,0.371858374610163,0.0212804989910108,0.0405430196294258
157773.411807,2561366.126422,0.0642857142857143,0.117032967032967,0.0580586080586081,0.582967032967033,0.0653846153846154,0.112271062271062
158273.411807,2561366.126422,0.0423853211009174,0.0724770642201835,0.02,0.493394495412844,0.192110091743119,0.179633027522936
158773.411807,2561366.126422,0.0194459732159237,0.122546321775821,0.0651256650155935,0.41937259218492,0.152265639332233,0.221243808475509
159273.411807,2561366.126422,0.00183150183150183,0.0413919413919414,0.224542124542125,0.577106227106227,0.119230769230769,0.0358974358974359
159773.411807,2561366.126422,0.00697247706422018,0.13045871559633,0.238348623853211,0.37045871559633,0.0941284403669725,0.159633027522936
160273.411807,2561366.126422,0.0133022170361727,0.179229871645274,0.219603267211202,0.241073512252042,0.0779463243873979,0.268844807467911
154273.411807,2560866.126422,0,0,0,1,0,0
154773.411807,2560866.126422,0,0.0011001100110011,0.373670700403374,0.623028969563623,0.0022002200220022,0
155273.411807,2560866.126422,0.0021978021978022,0.021978021978022,0.436996336996337,0.517399267399267,0.00622710622710623,0.0152014652014652
155773.411807,2560866.126422,0,0.0467032967032967,0.10018315018315,0.835531135531136,0.015018315018315,0.00256410256410256
156273.411807,2560866.126422,0,0.130913091309131,0.0282361569490282,0.655665566556656,0.0804913824715805,0.104693802713605
156773.411807,2560866.126422,0,0.0895604395604396,0.597435897435897,0.26007326007326,0.0258241758241758,0.0271062271062271
157273.411807,2560866.126422,0,0.0298534798534799,0.512454212454212,0.430952380952381,0.0188644688644689,0.00787545787545788
157773.411807,2560866.126422,0.00843417675100843,0.085991932526586,0.545287862119545,0.253942060872754,0.0172350568390172,0.0891089108910891
158273.411807,2560866.126422,0.109157509157509,0.0727106227106227,0.133150183150183,0.26043956043956,0.0811355311355311,0.343406593406593
158773.411807,2560866.126422,0.026007326007326,0.145787545787546,0.0838827838827839,0.163736263736264,0.166117216117216,0.414468864468864
159273.411807,2560866.126422,0.0166850018335167,0.184268426842684,0.26952695269527,0.143747708104144,0.12027869453612,0.265493215988265
159773.411807,2560866.126422,0.0644688644688645,0.143406593406593,0.147252747252747,0.269413919413919,0.0915750915750916,0.283882783882784
160273.411807,2560866.126422,0.0219114219114219,0.0687645687645688,0.44988344988345,0.209090909090909,0.0645687645687646,0.185780885780886
154273.411807,2560366.126422,0.0135705116449661,0.0256739409499358,0.0577663671373556,0.886301118650284,0.0166880616174583,0
154773.411807,2560366.126422,0,0,0.389224848818032,0.610775151181968,0,0
155273.411807,2560366.126422,0,0,0.856120389062213,0.143879610937787,0,0
155773.411807,2560366.126422,0,0,0.824316889785439,0.174949569044563,0.000733541169998166,0
156273.411807,2560366.126422,0,0.0368334249587686,0.701484332050577,0.244823162910024,0.011544804837823,0.0053142752428074
156773.411807,2560366.126422,0,0.00642319691686548,0.66379152138007,0.325564323729125,0.00422095797394017,0
157273.411807,2560366.126422,0,0.00348432055749129,0.572345497891069,0.42013570511645,0.00403447643498991,0
157773.411807,2560366.126422,0,0.00164925783397471,0.299065420560748,0.697086311159978,0.00201575957485798,0.000183250870441635
158273.411807,2560366.126422,0.00752431638832813,0.0236740686364471,0.305193613507066,0.619196182785832,0.0108276748027161,0.0335841438796109
158773.411807,2560366.126422,0,0.113515496057216,0.317073170731707,0.385109114249037,0.0803227581147992,0.10397946084724
159273.411807,2560366.126422,0.000366501740883269,0.221733553234378,0.309693971046362,0.200109950522265,0.106652006597031,0.16144401685908
159773.411807,2560366.126422,0.0124793540099101,0.17856487428886,0.409799963296018,0.205909341163516,0.065149568728207,0.128096898513489
160273.411807,2560366.126422,0,0.00116631677163518,0.741544203405645,0.252390949381852,0.00489853044086774,0
153773.411807,2559866.126422,0.00458715596330275,0.0258715596330275,0.44697247706422,0.485871559633028,0.036697247706422,0
154273.411807,2559866.126422,0,0,0.470188956154834,0.529811043845166,0,0
154773.411807,2559866.126422,0,0,0.728571428571429,0.271428571428571,0,0
155273.411807,2559866.126422,0,0,0.484220183486239,0.515779816513761,0,0
155773.411807,2559866.126422,0,0,0.415520088057237,0.584479911942763,0,0
156273.411807,2559866.126422,0,0.0208791208791209,0.917582417582418,0.0564102564102564,0.00512820512820513,0
156773.411807,2559866.126422,0,0.0170642201834862,0.877614678899083,0.0988990825688073,0.00495412844036697,0.00146788990825688
157273.411807,2559866.126422,0,0.0941111722619703,0.684645019262521,0.172812328013209,0.0177949000183453,0.0306365804439552
157773.411807,2559866.126422,0,0.0675824175824176,0.467399267399267,0.392307692307692,0.0553113553113553,0.0173992673992674
158273.411807,2559866.126422,0.00770642201834862,0.0781651376146789,0.15394495412844,0.541100917431193,0.0489908256880734,0.170091743119266
158773.411807,2559866.126422,0.0601724454228582,0.0454962392221611,0.326178682810494,0.457347275729224,0.0487983856173179,0.0620069711979453
159273.411807,2559866.126422,0.0128205128205128,0.0567765567765568,0.0304029304029304,0.696336996336996,0.131684981684982,0.071978021978022
159773.411807,2559866.126422,0.0321100917431193,0.135412844036697,0.04,0.336330275229358,0.230642201834862,0.225504587155963
160273.411807,2559866.126422,0.0466744457409568,0.181096849474912,0.00956826137689615,0.171295215869312,0.197199533255543,0.39416569428238
153273.411807,2559366.126422,0.122478914558122,0.0548221488815548,0.776494316098276,0.0247524752475248,0.0214521452145215,0
153773.411807,2559366.126422,0,0,0.730769230769231,0.269230769230769,0,0
154273.411807,2559366.126422,0,0,0.48040293040293,0.51959706959707,0,0
154773.411807,2559366.126422,0,0,0.381004767143381,0.618995232856619,0,0
155273.411807,2559366.126422,0,0,0,1,0,0
155773.411807,2559366.126422,0,0,0,1,0,0
156273.411807,2559366.126422,0,0.0207187385405207,0.155665566556656,0.812797946461313,0.00971763843050972,0.0011001100110011
156773.411807,2559366.126422,0,0.0333333333333333,0.595421245421245,0.342307692307692,0.010989010989011,0.0179487179487179
157273.411807,2559366.126422,0,0.0611721611721612,0.353846153846154,0.490659340659341,0.0238095238095238,0.0705128205128205
157773.411807,2559366.126422,0,0.0579391272460579,0.686101943527686,0.216721672167217,0.0308030803080308,0.00843417675100843
158273.411807,2559366.126422,0,0.0243589743589744,0.791941391941392,0.14029304029304,0.0135531135531136,0.0298534798534799
158773.411807,2559366.126422,0.023992673992674,0.105494505494505,0.643589743589744,0.0728937728937729,0.0525641025641026,0.101465201465201
159273.411807,2559366.126422,0.0397873120645398,0.298313164649798,0.0799413274660799,0.228822882288229,0.114961496149615,0.238173817381738
159773.411807,2559366.126422,0.010989010989011,0.294871794871795,0.0210622710622711,0.321245421245421,0.129120879120879,0.222710622710623
160273.411807,2559366.126422,0.0328671328671329,0.21048951048951,0.0895104895104895,0.217715617715618,0.139160839160839,0.31025641025641
153273.411807,2558866.126422,0.231079347626901,0.032618654938611,0.494960601062855,0.128458860179586,0.112882536192047,0
153773.411807,2558866.126422,0,0,0.860341347036153,0.139658652963847,0,0
154273.411807,2558866.126422,0,0,0.0755547405098111,0.924445259490189,0,0
154773.411807,2558866.126422,0,0,0,1,0,0
155273.411807,2558866.126422,0,0,0,1,0,0
155773.411807,2558866.126422,0,0,0.00861910874747845,0.991380891252522,0,0
156273.411807,2558866.126422,0,0.0524097489463075,0.0557082646142569,0.852483049294484,0.0159428257284222,0.0234561114165292
156773.411807,2558866.126422,0,0.0467975775371628,0.80913929161314,0.119471462653698,0.0047715177096715,0.0198201504863278
157273.411807,2558866.126422,0.0022006235099945,0.0825233816247937,0.629378323858427,0.183201907207042,0.0629011553273428,0.0397946084724005
157773.411807,2558866.126422,0,0.0982224665567161,0.615356422943009,0.193329668315924,0.0454462158695254,0.047645226314825
158273.411807,2558866.126422,0.00385391815011929,0.0462470178014315,0.723068452927143,0.179665993760323,0.0335841438796109,0.0135804734813727
158773.411807,2558866.126422,0.053181734824867,0.116266275444709,0.467449110581331,0.123051531267192,0.037593984962406,0.202457362919494
159273.411807,2558866.126422,0.0104452996151732,0.1905809052593,0.0934579439252336,0.122411581455012,0.0786146234194612,0.50448964632582
159773.411807,2558866.126422,0.0409249403560286,0.278950266103872,0.0985501926959075,0.188291429620114,0.117636263534593,0.275646907689484
160273.411807,2558866.126422,0.0291579192908794,0.200839748075577,0.0706787963610917,0.287613715885234,0.11173314672265,0.299976673664567
