"x","y","forest","agri","water","built","other","grass"
275273.411807,2765366.126422,0.0971244131455399,0.121478873239437,0.189847417840376,0.129988262910798,0.112089201877934,0.349471830985915
275773.411807,2765366.126422,0.128233351678591,0.140524674371675,0.000733810310034856,0.204549623922216,0.112456430012842,0.413502109704641
276273.411807,2765366.126422,0.0827838827838828,0.159157509157509,0.000183150183150183,0.0855311355311355,0.104578754578755,0.567765567765568
276773.411807,2765366.126422,0.0587155963302752,0.119633027522936,0,0.225504587155963,0.081651376146789,0.514495412844037
277273.411807,2765366.126422,0.10842047330765,0.080168776371308,0.0121078701155751,0.161071363052651,0.127866446523574,0.510365070629242
277773.411807,2765366.126422,0.0666666666666667,0.146153846153846,0.241941391941392,0.0756410256410256,0.134981684981685,0.334615384615385
278273.411807,2765366.126422,0.123669724770642,0.101834862385321,0.00880733944954129,0.21394495412844,0.136330275229358,0.415412844036697
278773.411807,2765366.126422,0.0787011557512383,0.02568336085122,0.0113740598055403,0.353696569436801,0.147312419739497,0.383232434415704
279273.411807,2765366.126422,0.0763736263736264,0.0600732600732601,0.0399267399267399,0.593589743589744,0.185897435897436,0.0441391941391941
279773.411807,2765366.126422,0.0341284403669725,0.132110091743119,0.0955963302752294,0.524770642201835,0.131009174311927,0.0823853211009174
280273.411807,2765366.126422,0.0396257567418822,0.030820033021464,0.0328380113740598,0.808475509080903,0.0656760227481196,0.0225646670335718
280773.411807,2765366.126422,0.0798534798534798,0.0298534798534799,0.0371794871794872,0.695054945054945,0.122710622710623,0.0353479853479853
281273.411807,2765366.126422,0.021651376146789,0.00899082568807339,0.0212844036697248,0.913761467889908,0.0295412844036697,0.00477064220183486
281773.411807,2765366.126422,0.0535681526325445,0.0111906072280316,0.0374243258117777,0.792331682260136,0.091726288754357,0.0137589433131535
282273.411807,2765366.126422,0.177106227106227,0.0611721611721612,0.0426739926739927,0.493589743589744,0.157509157509158,0.0679487179487179
282773.411807,2765366.126422,0.109724770642202,0.0537614678899083,0.0574311926605505,0.48954128440367,0.180917431192661,0.108623853211009
283273.411807,2765366.126422,0.194459732159237,0.125298110438452,0.0543019629425793,0.221977618785544,0.191891396074115,0.212071179600073
283773.411807,2765366.126422,0.0989010989010989,0.047985347985348,0.0177655677655678,0.534065934065934,0.201831501831502,0.0994505494505494
284273.411807,2765366.126422,0.071743119266055,0.0511926605504587,0.0055045871559633,0.535963302752294,0.211009174311927,0.124587155963303
284773.411807,2765366.126422,0.45221060355898,0.0168776371308017,0.015410016510732,0.331315354980737,0.112456430012842,0.0717299578059072
285273.411807,2765366.126422,0.560805860805861,0,0,0,0,0.439194139194139
285773.411807,2765366.126422,0.432110091743119,0.00752293577981651,0.00311926605504587,0.10348623853211,0.0842201834862385,0.36954128440367
286273.411807,2765366.126422,0.356815263254449,0.0159603742432581,0.00091726288754357,0.206200697119795,0.18693817648138,0.233168226013575
286773.411807,2765366.126422,0.396886446886447,0.0620879120879121,0.00238095238095238,0.297985347985348,0.0789377289377289,0.161721611721612
287273.411807,2765366.126422,0.774128440366972,0.0592660550458716,0,0,0.00238532110091743,0.164220183486239
287773.411807,2765366.126422,0.875395033860045,0.0582392776523702,0,0,0,0.0663656884875846
275273.411807,2764866.126422,0.0459736456808199,0.0459736456808199,0.00761346998535871,0.692532942898975,0.13909224011713,0.068814055636896
275773.411807,2764866.126422,0.0961538461538462,0.114652014652015,0.0606227106227106,0.38992673992674,0.128021978021978,0.210622710622711
276273.411807,2764866.126422,0.0628896222955629,0.198203153648698,0.0445544554455446,0.137880454712138,0.0854418775210854,0.471030436376971
276773.411807,2764866.126422,0.0626373626373626,0.115750915750916,0.00805860805860806,0.478021978021978,0.103479853479853,0.232051282051282
277273.411807,2764866.126422,0.106227106227106,0.138278388278388,0.000915750915750916,0.348901098901099,0.158241758241758,0.247435897435897
277773.411807,2764866.126422,0.0762742940960763,0.0344701136780345,0.0837917125045838,0.523102310231023,0.14026402640264,0.142097543087642
278273.411807,2764866.126422,0.0648351648351648,0.0673992673992674,0.0983516483516483,0.578754578754579,0.0987179487179487,0.0919413919413919
278773.411807,2764866.126422,0.0549450549450549,0.0602564102564103,0.0556776556776557,0.680952380952381,0.0983516483516483,0.0498168498168498
279273.411807,2764866.126422,0.0506050605060506,0.0284195086175284,0.0421708837550422,0.763843050971764,0.0944261092775944,0.0205353868720205
279773.411807,2764866.126422,0.060989010989011,0.0252747252747253,0.0413919413919414,0.776007326007326,0.0838827838827839,0.0124542124542125
280273.411807,2764866.126422,0.034981684981685,0.01996336996337,0.0443223443223443,0.8003663003663,0.0758241758241758,0.0245421245421245
280773.411807,2764866.126422,0.0634396773010634,0.0231023102310231,0.059039237257059,0.702236890355702,0.103593692702604,0.0485881921525486
281273.411807,2764866.126422,0.0573260073260073,0.0274725274725275,0.0653846153846154,0.744505494505495,0.0798534798534798,0.0254578754578755
281773.411807,2764866.126422,0.0489010989010989,0.0141025641025641,0.0816849816849817,0.80970695970696,0.0423076923076923,0.0032967032967033
282273.411807,2764866.126422,0.165749908324166,0.0254858819215255,0.0205353868720205,0.477814448111478,0.127979464613128,0.182434910157682
282773.411807,2764866.126422,0.0276556776556777,0.01996336996337,0.0261904761904762,0.728388278388278,0.124542124542125,0.0732600732600733
283273.411807,2764866.126422,0.0838827838827839,0.0278388278388278,0.0194139194139194,0.698168498168498,0.093040293040293,0.0776556776556777
283773.411807,2764866.126422,0.127979464613128,0.0253025302530253,0.0231023102310231,0.646497983131647,0.129446277961129,0.0476714338100477
284273.411807,2764866.126422,0.331684981684982,0.0289377289377289,0.0152014652014652,0.304212454212454,0.138827838827839,0.181135531135531
284773.411807,2764866.126422,0.346520146520147,0.0402930402930403,0.0146520146520147,0.332417582417582,0.0985347985347985,0.167582417582418
285273.411807,2764866.126422,0.665566556655666,0.000366703337000367,0,0.0011001100110011,0.00183351668500183,0.331133113311331
285773.411807,2764866.126422,0.565750915750916,0.00402930402930403,0.00384615384615385,0.00604395604395604,0.0313186813186813,0.389010989010989
286273.411807,2764866.126422,0.34047619047619,0.0184981684981685,0.000915750915750916,0.153846153846154,0.0952380952380952,0.391025641025641
286773.411807,2764866.126422,0.57040704070407,0.0264026402640264,0.00183351668500183,0.134763476347635,0.101760176017602,0.164833149981665
287273.411807,2764866.126422,0.834249084249084,0,0,0.00824175824175824,0.0131868131868132,0.144322344322344
287773.411807,2764866.126422,0.779981965734896,0.0624436429215509,0,0.0227682596934175,0.0437330928764653,0.09107303877367
275273.411807,2764366.126422,0.0929618768328446,0.0583577712609971,0.00175953079178886,0.513782991202346,0.160703812316716,0.172434017595308
275773.411807,2764366.126422,0.0590500641848524,0.0680359435173299,0.0121034293049697,0.285714285714286,0.14414083990464,0.430955437373923
276273.411807,2764366.126422,0.0787978742899029,0.0795308777716694,0,0.0982224665567161,0.132673630199743,0.610775151181968
276773.411807,2764366.126422,0.0612956505780877,0.0847861993026243,0.00110111947146265,0.164984400807488,0.147550009175996,0.540282620664342
277273.411807,2764366.126422,0.0460297084173849,0.366037043829085,0.000916926462497708,0.110948101962223,0.0988446726572529,0.377223546671557
277773.411807,2764366.126422,0.240425142019425,0.101887483965549,0.0758658603628367,0.0492944841487997,0.0850284038849184,0.447498625618472
278273.411807,2764366.126422,0.0389062213250138,0.0271609469627455,0.0757937236190127,0.633877775738668,0.0620297302257295,0.162231602128831
278773.411807,2764366.126422,0.111681643132221,0.081606455162296,0.0366770584999083,0.446726572528883,0.18411883366954,0.139189437007152
279273.411807,2764366.126422,0.0439802089059923,0.049660985889683,0.0949239508887667,0.691588785046729,0.0899761773868426,0.0298698918819864
279773.411807,2764366.126422,0.0587263718113415,0.0231235089007157,0.0679023674068636,0.638098733712608,0.121490181684713,0.0906588364837585
280273.411807,2764366.126422,0.0423620025673941,0.0471300201723822,0.0053181734824867,0.54006968641115,0.107280396112232,0.257839721254355
280773.411807,2764366.126422,0.0595565328935312,0.021073850100788,0.0155763239875389,0.692138537658054,0.109950522264981,0.101704233095107
281273.411807,2764366.126422,0.0679023674068636,0.0471646173609837,0.0429436593870435,0.690034868783263,0.0857037988621766,0.0662506881996697
281773.411807,2764366.126422,0.0944434256372639,0.0295250320924262,0.0423620025673941,0.694846873280763,0.0674857876398313,0.0713368787823217
282273.411807,2764366.126422,0.0568077698369067,0.0269378779549203,0.0346344145134689,0.748213304013194,0.109034267912773,0.0243723657687374
282773.411807,2764366.126422,0.0750596439713709,0.0425766195632226,0.0335841438796109,0.697926224995412,0.104606349788952,0.0462470178014315
283273.411807,2764366.126422,0.0608839171098478,0.0469466348798826,0.0416284613973959,0.678158811663305,0.114432422519714,0.0579497524298551
283773.411807,2764366.126422,0.263148249954187,0.0229063588052043,0.00623052959501558,0.251969946857248,0.0678028220634048,0.38794209272494
284273.411807,2764366.126422,0.454762341714076,0.00880895577170123,0,0.0948797944576987,0.0592769315470729,0.382271976509451
284773.411807,2764366.126422,0.342930496974143,0.00641848523748395,0.004401247019989,0.18796992481203,0.11204841371722,0.346231432239134
285273.411807,2764366.126422,0.347993402968664,0.0179585853032802,0.00494777350192413,0.255451713395639,0.196078431372549,0.177570093457944
285773.411807,2764366.126422,0.446320425766196,0.0047715177096715,0.000367039823820885,0.077995962561938,0.102404110846027,0.368140943292347
286273.411807,2764366.126422,0.524481936548689,0.0157711351549606,0.000366770584999083,0.0161379057399597,0.0654685494223363,0.377773702549056
286773.411807,2764366.126422,0.695253802455562,0.132856881070185,0,0.0513102437236577,0.043613707165109,0.0769653655854865
287273.411807,2764366.126422,0.87961093778675,0.0278950266103872,0,0.00146815929528354,0.0132134336575518,0.0778124426500275
287773.411807,2764366.126422,0.779332129963899,0.065658844765343,0,0.0042870036101083,0.0146660649819495,0.1360559566787
275273.411807,2763866.126422,0.0654342723004695,0.0237676056338028,0.0126173708920188,0.689553990610329,0.120892018779343,0.0877347417840376
275773.411807,2763866.126422,0.078884608328747,0.0614566134654192,0.0104567969179967,0.300862227114291,0.0966795083470923,0.451660245826454
276273.411807,2763866.126422,0.202747252747253,0.019047619047619,0.000732600732600733,0.233699633699634,0.132600732600733,0.411172161172161
276773.411807,2763866.126422,0.0434862385321101,0.086605504587156,0.00036697247706422,0.105504587155963,0.115963302752294,0.648073394495413
277273.411807,2763866.126422,0.0675105485232067,0.0834709227664649,0.0469638598422308,0.527426160337553,0.148780040359567,0.125848468170978
277773.411807,2763866.126422,0.017032967032967,0.0761904761904762,0.117765567765568,0.629120879120879,0.105677655677656,0.0542124542124542
278273.411807,2763866.126422,0.0418348623853211,0.078348623853211,0.0128440366972477,0.337614678899083,0.129357798165138,0.4
278773.411807,2763866.126422,0.084021280498991,0.24252430746652,0.00385250412768299,0.150614566134654,0.105668684645019,0.413318657127133
279273.411807,2763866.126422,0.0840659340659341,0.108974358974359,0.138278388278388,0.213553113553114,0.114102564102564,0.341025641025641
279773.411807,2763866.126422,0.0875229357798165,0.0636697247706422,0.0897247706422018,0.0651376146788991,0.0943119266055046,0.599633027522936
280273.411807,2763866.126422,0.161805173362686,0.0368739680792515,0.0078884608328747,0.14841313520455,0.16547422491286,0.479545037607778
280773.411807,2763866.126422,0.095970695970696,0.0247252747252747,0.019047619047619,0.70970695970696,0.086996336996337,0.0635531135531135
281273.411807,2763866.126422,0.116330275229358,0.0218348623853211,0.00990825688073394,0.603669724770642,0.0834862385321101,0.164770642201835
281773.411807,2763866.126422,0.141441937259218,0.0409099247844432,0.020546688680976,0.612364703724087,0.128049899101082,0.0566868464501926
282273.411807,2763866.126422,0.0382783882783883,0.0173992673992674,0.0274725274725275,0.823992673992674,0.0818681318681319,0.010989010989011
282773.411807,2763866.126422,0.0304587155963303,0.0286238532110092,0.0330275229357798,0.790825688073394,0.0996330275229358,0.0174311926605505
283273.411807,2763866.126422,0.0242157402311502,0.019262520638415,0.0242157402311502,0.840396257567419,0.0845716382315172,0.00733810310034856
283773.411807,2763866.126422,0.304395604395604,0.0166666666666667,0.00311355311355311,0.255494505494505,0.150549450549451,0.26978021978022
284273.411807,2763866.126422,0.508807339449541,0.00256880733944954,0,0.00440366972477064,0.018348623853211,0.465871559633028
284773.411807,2763866.126422,0.254815630159604,0.0111906072280316,0.000183452577508714,0.320124747752706,0.135754907356448,0.277930654925702
285273.411807,2763866.126422,0.406776556776557,0.00695970695970696,0.000183150183150183,0.189377289377289,0.139194139194139,0.257509157509157
285773.411807,2763866.126422,0.418348623853211,0.0137614678899083,0,0.134678899082569,0.278348623853211,0.154862385321101
286273.411807,2763866.126422,0.905338470005504,0.0133920381581361,0,0.00311869381764814,0.0234819299211154,0.0546688680975968
286773.411807,2763866.126422,0.956776556776557,0.00824175824175824,0,0.000915750915750916,0.00164835164835165,0.0324175824175824
287273.411807,2763866.126422,0.985504587155963,0.00844036697247706,0,0.00018348623853211,0.00110091743119266,0.00477064220183486
287773.411807,2763866.126422,0.910609480812641,0.0255079006772009,0,0,0.00158013544018059,0.0623024830699774
275273.411807,2763366.126422,0.0445095168374817,0.0289897510980966,0.0486090775988287,0.722401171303075,0.0576866764275256,0.0978038067349927
275773.411807,2763366.126422,0.0950549450549451,0.0648351648351648,0.0505494505494506,0.603846153846154,0.0972527472527473,0.0884615384615385
276273.411807,2763366.126422,0.107627429409608,0.0137513751375138,0.0137513751375138,0.597359735973597,0.103043637697103,0.164466446644664
276773.411807,2763366.126422,0.101098901098901,0.0721611721611722,0.0148351648351648,0.218498168498168,0.108241758241758,0.485164835164835
277273.411807,2763366.126422,0.104945054945055,0.0842490842490843,0.0388278388278388,0.448534798534799,0.173992673992674,0.149450549450549
277773.411807,2763366.126422,0.0482214888155482,0.0452878621195453,0.0275027502750275,0.761276127612761,0.0946094609460946,0.0231023102310231
278273.411807,2763366.126422,0.10989010989011,0.145787545787546,0.0708791208791209,0.0655677655677656,0.174725274725275,0.433150183150183
278773.411807,2763366.126422,0.0767399267399267,0.318315018315018,0.000366300366300366,0.0706959706959707,0.0675824175824176,0.466300366300366
279273.411807,2763366.126422,0.0867253392005867,0.12027869453612,0.0247524752475248,0.298129812981298,0.152181884855152,0.317931793179318
279773.411807,2763366.126422,0.0897435897435897,0.198717948717949,0,0.0681318681318681,0.0778388278388278,0.565567765567766
280273.411807,2763366.126422,0.152564102564103,0.0421245421245421,0.00549450549450549,0.319413919413919,0.165934065934066,0.314468864468864
280773.411807,2763366.126422,0.123579024569124,0.0784745141180785,0.0243857719105244,0.465529886321966,0.166299963329666,0.141730839750642
281273.411807,2763366.126422,0.0593406593406593,0.108424908424908,0.00549450549450549,0.500915750915751,0.12032967032967,0.205494505494505
281773.411807,2763366.126422,0.127106227106227,0.118315018315018,0.00457875457875458,0.356593406593407,0.161355311355311,0.232051282051282
282273.411807,2763366.126422,0.0663733039970664,0.0258525852585259,0.00403373670700403,0.678034470113678,0.108727539420609,0.116978364503117
282773.411807,2763366.126422,0.0315018315018315,0.00934065934065934,0.0144688644688645,0.819413919413919,0.108241758241758,0.017032967032967
283273.411807,2763366.126422,0.103846153846154,0.0549450549450549,0.0419413919413919,0.502197802197802,0.143772893772894,0.153296703296703
283773.411807,2763366.126422,0.145947928126146,0.011001100110011,0.0011001100110011,0.547854785478548,0.224055738907224,0.07004033736707
284273.411807,2763366.126422,0.441208791208791,0.00476190476190476,0,0.248534798534799,0.0844322344322344,0.221062271062271
284773.411807,2763366.126422,0.530769230769231,0.00457875457875458,0.00164835164835165,0.0690476190476191,0.0554945054945055,0.338461538461538
285273.411807,2763366.126422,0.325265859919325,0.015951595159516,0.000183351668500183,0.145947928126146,0.139347268060139,0.373303997066373
285773.411807,2763366.126422,0.548901098901099,0.0043956043956044,0,0.0666666666666667,0.0267399267399267,0.353296703296703
286273.411807,2763366.126422,0.948351648351648,0.00366300366300366,0,0.000366300366300366,0.0021978021978022,0.0454212454212454
286773.411807,2763366.126422,0.936927026035937,0.000733406674000733,0,0.00165016501650165,0.00385038503850385,0.0568390172350568
287273.411807,2763366.126422,0.933150183150183,0.000732600732600733,0,0,0,0.0661172161172161
287773.411807,2763366.126422,0.876014427412083,0,0,0,0,0.123985572587917
275273.411807,2762866.126422,0.12258064516129,0.0868035190615836,0.0894428152492669,0.462756598240469,0.105278592375367,0.133137829912023
275773.411807,2762866.126422,0.0493306436823767,0.0231065468549422,0.00476801760498808,0.830368604437924,0.0709701081973226,0.0214560792224464
276273.411807,2762866.126422,0.0489279824079164,0.0491112332783581,0.0344511636430273,0.691222283305846,0.132673630199743,0.043613707165109
276773.411807,2762866.126422,0.114699944944026,0.185171591117636,0.0104606349788952,0.379152138006974,0.134887135254175,0.175628555698293
277273.411807,2762866.126422,0.102328993214744,0.0658353200073354,0.0133871263524665,0.438841004951403,0.136255272327159,0.243352283146892
277773.411807,2762866.126422,0.0395821880153931,0.0238226131574125,0.00678028220634048,0.745098039215686,0.110317024005864,0.0743998533993036
278273.411807,2762866.126422,0.0579922921636998,0.216369976142411,0.000183519911910442,0.0855202789502661,0.0767113231785649,0.563222609653147
278773.411807,2762866.126422,0.0573995965523565,0.0696864111498258,0.0399779937649001,0.353383458646617,0.171098477902072,0.308454061984229
279273.411807,2762866.126422,0.072200842954004,0.0463624702217336,0,0.255085211654755,0.130841121495327,0.49551035367418
279773.411807,2762866.126422,0.0794641218572215,0.176546155257845,0.00275279867865663,0.193980546889337,0.169755918517159,0.37750045879978
280273.411807,2762866.126422,0.0216394645149459,0.030808729139923,0.0256739409499358,0.817164863377957,0.0579497524298551,0.0467632495873831
280773.411807,2762866.126422,0.0866776617188932,0.176287337364852,0.00164925783397471,0.367784496976361,0.131574124977094,0.236027121128825
281273.411807,2762866.126422,0.102220590934116,0.173059276931547,0.00110111947146265,0.293631859056708,0.140209212699578,0.289777940906588
281773.411807,2762866.126422,0.0931597285897671,0.13203741059967,0,0.312671923711718,0.178433889602054,0.283697047496791
282273.411807,2762866.126422,0.081729888216969,0.0502107385010079,0.0317024005864028,0.545354590434305,0.10756826094924,0.183434121312076
282773.411807,2762866.126422,0.0203707102220591,0.0662506881996697,0.0464305377133419,0.79684345751514,0.05395485410167,0.0161497522481189
283273.411807,2762866.126422,0.0515312671923712,0.0979277461947552,0.0315422703099211,0.441408399046397,0.154593801577114,0.222996515679443
283773.411807,2762866.126422,0.0214403518416712,0.147150448964633,0.0207073483599047,0.35202492211838,0.145501191130658,0.313175737584754
284273.411807,2762866.126422,0.134520095430354,0.0229399889888053,0.00183519911910442,0.497338961277299,0.173793356579189,0.169572398605249
284773.411807,2762866.126422,0.382541720154044,0.00825233816247937,0.00843572345497891,0.162479369154594,0.104346231432239,0.333944617641665
285273.411807,2762866.126422,0.347993402968664,0.0157595748579806,0.00128275609309144,0.184900128275609,0.152098222466557,0.297965915338098
285773.411807,2762866.126422,0.454395301890255,0.0034868783262984,0.000367039823820885,0.0502844558634612,0.0640484492567444,0.42741787483942
286273.411807,2762866.126422,0.530166880616175,0.00623509994498441,0,0.0410783055198973,0.0520814230698698,0.370438290849074
286773.411807,2762866.126422,0.812351108667766,0.000733003481766538,0.000183250870441635,0.0053142752428074,0.0157595748579806,0.165658786879238
287273.411807,2762866.126422,0.959442099467792,0,0,0,0,0.0405579005322077
287773.411807,2762866.126422,0.945848375451264,0,0,0,0,0.0541516245487365
275273.411807,2762366.126422,0.156396713615023,0.0622065727699531,0.0490023474178404,0.480340375586854,0.145539906103286,0.106514084507042
275773.411807,2762366.126422,0.233351678591084,0.0392588515868648,0.0546688680975968,0.318290221977619,0.170794349660613,0.183636030086223
276273.411807,2762366.126422,0.0510989010989011,0.0234432234432234,0.028021978021978,0.734981684981685,0.113003663003663,0.0494505494505494
276773.411807,2762366.126422,0.328807339449541,0.0425688073394495,0.0154128440366972,0.319449541284404,0.103302752293578,0.19045871559633
277273.411807,2762366.126422,0.136305265088975,0.0726472206934507,0.00476976701522656,0.376811594202899,0.0983305815446707,0.311135571454779
277773.411807,2762366.126422,0.0708791208791209,0.0181318681318681,0.000915750915750916,0.442673992673993,0.117948717948718,0.349450549450549
278273.411807,2762366.126422,0.0436697247706422,0.13651376146789,0.0148623853211009,0.473577981651376,0.118715596330275,0.212660550458716
278773.411807,2762366.126422,0.105852137222528,0.255182535314621,0.00862227114290956,0.11410750321042,0.182902219776188,0.333333333333333
279273.411807,2762366.126422,0.0915750915750916,0.078021978021978,0.0866300366300366,0.105860805860806,0.133150183150183,0.504761904761905
279773.411807,2762366.126422,0.0365137614678899,0.0511926605504587,0.00623853211009174,0.70348623853211,0.0801834862385321,0.122385321100917
280273.411807,2762366.126422,0.0311869381764814,0.0764997248211337,0.0544854155200881,0.707943496606127,0.0902586681342873,0.0396257567418822
280773.411807,2762366.126422,0.0558608058608059,0.105860805860806,0.00549450549450549,0.531135531135531,0.132600732600733,0.169047619047619
281273.411807,2762366.126422,0.0829357798165138,0.0398165137614679,0.00018348623853211,0.356697247706422,0.193761467889908,0.326605504587156
281773.411807,2762366.126422,0.155017427994863,0.0730141258484682,0.00458631443771785,0.188772702256467,0.184736745551275,0.393872683911209
282273.411807,2762366.126422,0.0873626373626374,0.0796703296703297,0.0298534798534799,0.461172161172161,0.135347985347985,0.206593406593407
282773.411807,2762366.126422,0.0768807339449541,0.110642201834862,0.0168807339449541,0.429908256880734,0.103853211009174,0.261834862385321
283273.411807,2762366.126422,0.0350394423041644,0.0339387268391121,0.00568702990277013,0.76463034305632,0.0926435516419006,0.0680609062557329
283773.411807,2762366.126422,0.101282051282051,0.0941391941391941,0.0338827838827839,0.382234432234432,0.171794871794872,0.216666666666667
284273.411807,2762366.126422,0.181284403669725,0.0704587155963303,0.00055045871559633,0.188807339449541,0.0935779816513762,0.465321100917431
284773.411807,2762366.126422,0.290588882773803,0.0260502660062374,0.00146762062006971,0.320858558062741,0.114290955787929,0.24674371674922
285273.411807,2762366.126422,0.787362637362637,0.0021978021978022,0,0.0135531135531136,0.0126373626373626,0.184249084249084
285773.411807,2762366.126422,0.471192660550459,0.00403669724770642,0,0.0528440366972477,0.0812844036697248,0.390642201834862
286273.411807,2762366.126422,0.714547789396441,0.0258668134287287,0,0.0130251330031187,0.0198128783709411,0.226747385800771
286773.411807,2762366.126422,0.911355311355311,0.00164835164835165,0,0,0.0010989010989011,0.0858974358974359
287273.411807,2762366.126422,0.870275229357798,0.00018348623853211,0,0.0130275229357798,0.0229357798165138,0.0935779816513762
287773.411807,2762366.126422,0.87313769751693,0,0,0.00474040632054176,0.00948081264108352,0.112641083521445
275273.411807,2761866.126422,0.127672035139092,0.0281112737920937,0.0196193265007321,0.65095168374817,0.120058565153734,0.0535871156661786
275773.411807,2761866.126422,0.108608058608059,0.0492673992673993,0.0532967032967033,0.632783882783883,0.0703296703296703,0.0857142857142857
276273.411807,2761866.126422,0.0177851118445178,0.0203520352035204,0.0258525852585259,0.876787678767877,0.0449211587825449,0.0143014301430143
276773.411807,2761866.126422,0.175641025641026,0.0798534798534798,0.0106227106227106,0.351465201465201,0.101648351648352,0.280769230769231
277273.411807,2761866.126422,0.103479853479853,0.166300366300366,0.0549450549450549,0.0734432234432234,0.0934065934065934,0.508424908424908
277773.411807,2761866.126422,0.0865419875320865,0.118445177851118,0.00861752841950862,0.264026402640264,0.12981298129813,0.392555922258893
278273.411807,2761866.126422,0.0478021978021978,0.0340659340659341,0.0104395604395604,0.680586080586081,0.153113553113553,0.073992673992674
278773.411807,2761866.126422,0.0906593406593407,0.134615384615385,0.0554945054945055,0.139010989010989,0.129120879120879,0.451098901098901
279273.411807,2761866.126422,0.154565456545655,0.0775577557755776,0.00623395672900623,0.206820682068207,0.111294462779611,0.443527686101944
279773.411807,2761866.126422,0.0697802197802198,0.0692307692307692,0.0624542124542125,0.688278388278388,0.0655677655677656,0.0446886446886447
280273.411807,2761866.126422,0.0386446886446886,0.0285714285714286,0.00824175824175824,0.741391941391941,0.125091575091575,0.0580586080586081
280773.411807,2761866.126422,0.026035936927026,0.0388705537220389,0.0502383571690502,0.762926292629263,0.0724239090575724,0.0495049504950495
281273.411807,2761866.126422,0.0432234432234432,0.0194139194139194,0.00622710622710623,0.580586080586081,0.168131868131868,0.182417582417582
281773.411807,2761866.126422,0.0580586080586081,0.266849816849817,0.000549450549450549,0.172161172161172,0.216117216117216,0.286263736263736
282273.411807,2761866.126422,0.0628896222955629,0.0781078107810781,0.00715071507150715,0.537587092042538,0.11037770443711,0.203887055372204
282773.411807,2761866.126422,0.0653846153846154,0.0804029304029304,0.00952380952380952,0.336080586080586,0.148534798534799,0.36007326007326
283273.411807,2761866.126422,0.0254578754578755,0.034981684981685,0.0212454212454212,0.763736263736264,0.0835164835164835,0.0710622710622711
283773.411807,2761866.126422,0.0876420975430876,0.00568390172350568,0,0.679134580124679,0.0766409974330766,0.150898423175651
284273.411807,2761866.126422,0.173443223443223,0.0335164835164835,0.000366300366300366,0.221611721611722,0.108791208791209,0.462271062271062
284773.411807,2761866.126422,0.492307692307692,0.0163003663003663,0.000183150183150183,0.177472527472527,0.0783882783882784,0.235347985347985
285273.411807,2761866.126422,0.849284928492849,0.000733406674000733,0,0.0055005500550055,0.00843417675100843,0.136046938027136
285773.411807,2761866.126422,0.911538461538462,0,0,0,0,0.0884615384615385
286273.411807,2761866.126422,0.977655677655678,0,0,0,0,0.0223443223443223
286773.411807,2761866.126422,0.922625595892923,0,0,0,0,0.0773744041070774
287273.411807,2761866.126422,0.884432234432234,0.000183150183150183,0,0.000366300366300366,0.00622710622710623,0.108791208791209
287773.411807,2761866.126422,0.914111812443643,0,0,0,0.000225428313796213,0.0856627592425609
275273.411807,2761366.126422,0.133137829912023,0.0495601173020528,0.000293255131964809,0.403519061583578,0.0768328445747801,0.336656891495601
275773.411807,2761366.126422,0.135338345864662,0.059600220062351,0,0.350999449844123,0.102145607922245,0.35191637630662
276273.411807,2761366.126422,0.083745647791827,0.0128275609309144,0.0443467106468756,0.692688290269379,0.0615722924683892,0.104819497892615
276773.411807,2761366.126422,0.190310148651129,0.0880895577170123,0.00935951550743256,0.404110846026794,0.0888236373646541,0.219306294732979
277273.411807,2761366.126422,0.0783055198973042,0.213643865761966,0.0196222262974509,0.199339812947002,0.1998899688245,0.289198606271777
277773.411807,2761366.126422,0.070734835990471,0.140919919369617,0.0637713029136888,0.293018141836174,0.137254901960784,0.294300897929265
278273.411807,2761366.126422,0.0719398054688934,0.080932281152505,0.0423930996513122,0.516975591851716,0.157460084419159,0.130299137456414
278773.411807,2761366.126422,0.0779387493123052,0.129836787089675,0.00311754997249221,0.291032459196772,0.111314872547222,0.386759581881533
279273.411807,2761366.126422,0.0448964632582005,0.111966281839839,0.0100787978742899,0.509070918086861,0.152281473336998,0.171706065603812
279773.411807,2761366.126422,0.079647641769132,0.0359699027344467,0.0167003119838502,0.797394017250872,0.0537713341897596,0.0165167920719398
280273.411807,2761366.126422,0.0726205758298184,0.0144874381074638,0.00825233816247937,0.681092976343297,0.110397946084724,0.113148725472217
280773.411807,2761366.126422,0.10536925050394,0.0362836723474437,0.00824628916987356,0.546820597397838,0.220267546270845,0.0830126443100605
281273.411807,2761366.126422,0.068452927142595,0.057258212516058,0.216186456230501,0.23251972839053,0.194347586713158,0.231235089007157
281773.411807,2761366.126422,0.0913258756647717,0.0900421786172749,0.00770218228498074,0.177883733724555,0.135521731157161,0.497524298551256
282273.411807,2761366.126422,0.055158512002932,0.0560747663551402,0.000549752611324904,0.427707531610775,0.107934762690123,0.352574674729705
282773.411807,2761366.126422,0.0554230133969536,0.0280785465222977,0.00513855753349238,0.577720682694072,0.152872086621398,0.180767113231786
283273.411807,2761366.126422,0.0350265908674124,0.0141206675224647,0.00953603520997616,0.698514579130754,0.127452778287181,0.115349348982212
283773.411807,2761366.126422,0.0613890415979476,0.0179585853032802,0.0042147700201576,0.727505955653289,0.127909107568261,0.0610225398570643
284273.411807,2761366.126422,0.196549825656084,0.0273444668746559,0.00495503762158194,0.360249587080198,0.156358964947697,0.254542117819783
284773.411807,2761366.126422,0.503025857326242,0.013203741059967,0.00201723821749496,0.0540986612873648,0.0562992847973593,0.371355217311572
285273.411807,2761366.126422,0.71632765255635,0.00256551218618288,0.000916254352208173,0.0469122228330585,0.0520432472054242,0.181235110866777
285773.411807,2761366.126422,0.670031198385025,0.00458799779776106,0,0.0976325931363553,0.0710222059093412,0.156726004771518
286273.411807,2761366.126422,0.865761965890336,0.000366770584999083,0.000366770584999083,0.0128369704749679,0.0218228498074454,0.0988446726572529
286773.411807,2761366.126422,0.766904892798241,0.000916254352208173,0,0.00641378046545721,0.0263881253435954,0.199376947040498
287273.411807,2761366.126422,0.463754817397688,0.0133969535694623,0.000367039823820885,0.0847861993026243,0.15764360433107,0.280051385575335
287773.411807,2761366.126422,0.480595667870036,0.0110559566787004,0.00970216606498195,0.0175992779783394,0.0342960288808664,0.446750902527076
275273.411807,2760866.126422,0.119131455399061,0.0223004694835681,0.0187793427230047,0.455985915492958,0.10768779342723,0.276115023474178
275773.411807,2760866.126422,0.118326912493121,0.0425609979820216,0.0858558062740782,0.39937626123647,0.0992478444322143,0.254632177582095
276273.411807,2760866.126422,0.114468864468864,0.0523809523809524,0.00622710622710623,0.457326007326007,0.131135531135531,0.238461538461538
276773.411807,2760866.126422,0.0588990825688073,0.0401834862385321,0.00348623853211009,0.668990825688073,0.127339449541284,0.101100917431193
277273.411807,2760866.126422,0.0489818381948266,0.398275545771418,0.0139423958906623,0.0884241423592002,0.100348559897267,0.350027517886626
277773.411807,2760866.126422,0.0965201465201465,0.182600732600733,0.0269230769230769,0.161904761904762,0.0776556776556777,0.454395604395604
278273.411807,2760866.126422,0.0801834862385321,0.104220183486239,0.0018348623853211,0.198532110091743,0.124220183486239,0.491009174311927
278773.411807,2760866.126422,0.0715465052283985,0.183085672353697,0.000550357732526142,0.157585764079985,0.194826637314254,0.392405063291139
279273.411807,2760866.126422,0.0457875457875458,0.0943223443223443,0.00384615384615385,0.335164835164835,0.251465201465201,0.269413919413919
279773.411807,2760866.126422,0.0757798165137615,0.0744954128440367,0.064954128440367,0.595963302752294,0.0908256880733945,0.0979816513761468
280273.411807,2760866.126422,0.193542469271693,0.0177949000183453,0.0139423958906623,0.464685378829573,0.110438451660246,0.199596404329481
280773.411807,2760866.126422,0.0617216117216117,0.0608058608058608,0.0188644688644689,0.592857142857143,0.116117216117216,0.1496336996337
281273.411807,2760866.126422,0.104770642201835,0.169908256880734,0.00844036697247706,0.29651376146789,0.138348623853211,0.282018348623853
281773.411807,2760866.126422,0.1284168042561,0.0409099247844432,0.00513667217024399,0.493670886075949,0.151715281599706,0.180150431113557
282273.411807,2760866.126422,0.0542124542124542,0.0228937728937729,0.0545787545787546,0.467582417582418,0.111721611721612,0.289010989010989
282773.411807,2760866.126422,0.0941284403669725,0.0209174311926606,0.00899082568807339,0.505137614678899,0.137981651376147,0.232844036697248
283273.411807,2760866.126422,0.288570904421207,0.0350394423041644,0.00091726288754357,0.394606494221244,0.132819666116309,0.148046230049532
283773.411807,2760866.126422,0.319413919413919,0.00769230769230769,0.00604395604395604,0.177106227106227,0.0683150183150183,0.421428571428571
284273.411807,2760866.126422,0.0910091743119266,0.0460550458715596,0.0187155963302752,0.527155963302752,0.151009174311927,0.16605504587156
284773.411807,2760866.126422,0.0871399743166392,0.0352228948816731,0.0267840763162722,0.655842964593653,0.123830489818382,0.071179600073381
285273.411807,2760866.126422,0.0501831501831502,0.0604395604395604,0.0269230769230769,0.735897435897436,0.108241758241758,0.0183150183150183
285773.411807,2760866.126422,0.0411009174311927,0.0255045871559633,0.0231192660550459,0.727889908256881,0.148990825688073,0.033394495412844
286273.411807,2760866.126422,0.0950284351495139,0.0363236103467254,0.0100898917629793,0.246560264171712,0.226930838378279,0.385066960190791
286773.411807,2760866.126422,0.106410256410256,0.0249084249084249,0.0304029304029304,0.140842490842491,0.110805860805861,0.586630036630037
287273.411807,2760866.126422,0.0867889908256881,0.0390825688073395,0.0104587155963303,0.0787155963302752,0.106605504587156,0.678348623853211
287773.411807,2760866.126422,0.122121896162528,0.0295711060948081,0.0250564334085779,0.128893905191874,0.0891647855530474,0.605191873589165
275273.411807,2760366.126422,0.0585651537335286,0.0752562225475842,0,0.0638360175695461,0.07701317715959,0.725329428989751
275773.411807,2760366.126422,0.0978021978021978,0.0159340659340659,0.000366300366300366,0.322710622710623,0.119230769230769,0.443956043956044
276273.411807,2760366.126422,0.0214521452145215,0.0187018701870187,0.00586725339200587,0.858819215254859,0.059039237257059,0.0361202786945361
276773.411807,2760366.126422,0.138644688644689,0.0287545787545788,0.0021978021978022,0.399450549450549,0.093956043956044,0.336996336996337
277273.411807,2760366.126422,0.0375457875457875,0.386813186813187,0.0249084249084249,0.0822344322344322,0.25970695970696,0.208791208791209
277773.411807,2760366.126422,0.0408874220755409,0.16996699669967,0.0751741840850752,0.0397873120645398,0.239273927392739,0.434910157682435
278273.411807,2760366.126422,0.0512820512820513,0.334249084249084,0.0252747252747253,0.0639194139194139,0.0998168498168498,0.425457875457875
278773.411807,2760366.126422,0.102380952380952,0.0756410256410256,0.0613553113553114,0.252564102564103,0.1496336996337,0.358424908424908
279273.411807,2760366.126422,0.10964429776311,0.0742574257425743,0.00146681334800147,0.4000733406674,0.141547488082142,0.273010634396773
279773.411807,2760366.126422,0.097985347985348,0.104029304029304,0.000549450549450549,0.344871794871795,0.171794871794872,0.280769230769231
280273.411807,2760366.126422,0.220512820512821,0.0247252747252747,0.000366300366300366,0.325457875457875,0.114285714285714,0.314652014652015
280773.411807,2760366.126422,0.112027869453612,0.0355702236890356,0.00458379171250458,0.113494682801613,0.149431609827649,0.584891822515585
281273.411807,2760366.126422,0.0558608058608059,0.0598901098901099,0.00293040293040293,0.366483516483516,0.161904761904762,0.352930402930403
281773.411807,2760366.126422,0.222527472527473,0.0738095238095238,0.0137362637362637,0.220695970695971,0.0923076923076923,0.376923076923077
282273.411807,2760366.126422,0.115511551155116,0.0174184085075174,0.00898423175650898,0.366703337000367,0.146864686468647,0.344517785111844
282773.411807,2760366.126422,0.332783882783883,0.0250915750915751,0.0137362637362637,0.128388278388278,0.114468864468864,0.385531135531136
283273.411807,2760366.126422,0.14029304029304,0.0516483516483516,0.00347985347985348,0.523992673992674,0.148534798534799,0.132051282051282
283773.411807,2760366.126422,0.346718005133847,0.0201686835350202,0.00953428676200953,0.177301063439677,0.112394572790612,0.333883388338834
284273.411807,2760366.126422,0.0382783882783883,0.0388278388278388,0.00402930402930403,0.760989010989011,0.117582417582418,0.0402930402930403
284773.411807,2760366.126422,0.125274725274725,0.0362637362637363,0.00915750915750916,0.55,0.173076923076923,0.106227106227106
285273.411807,2760366.126422,0.115878254492116,0.0192519251925193,0.0144847818115145,0.624495782911624,0.145214521452145,0.0806747341400807
285773.411807,2760366.126422,0.121978021978022,0.0296703296703297,0.00641025641025641,0.33956043956044,0.173809523809524,0.328571428571429
286273.411807,2760366.126422,0.0527472527472527,0.0531135531135531,0.0646520146520147,0.172710622710623,0.102197802197802,0.554578754578755
286773.411807,2760366.126422,0.167216721672167,0.0236523652365237,0.0630729739640631,0.0210854418775211,0.0441877521085442,0.680784745141181
287273.411807,2760366.126422,0.145604395604396,0.0195970695970696,0.000183150183150183,0.127838827838828,0.119230769230769,0.587545787545788
287773.411807,2760366.126422,0.161857529305681,0.03809738503156,0.036068530207394,0.229711451758341,0.131875563570785,0.40238954012624
275273.411807,2759866.126422,0.10733137829912,0.0419354838709677,0.189442815249267,0.219941348973607,0.13782991202346,0.303519061583578
275773.411807,2759866.126422,0.0678525582248304,0.0562992847973593,0.004401247019989,0.340913258756648,0.155327342747112,0.375206308454062
276273.411807,2759866.126422,0.0514934945940993,0.0458127176104087,0.0379329301814184,0.55048561480667,0.0995052226498076,0.214770020157596
276773.411807,2759866.126422,0.196733345567994,0.0849697192145348,0.000183519911910442,0.0535878142778491,0.0814828408882364,0.583042760139475
277273.411807,2759866.126422,0.0210893086374473,0.203741059966991,0.000183385292499542,0.146158078122135,0.389510361269026,0.239317806711902
277773.411807,2759866.126422,0.0344511636430273,0.415796225032069,0,0.0463624702217336,0.165842037749679,0.337548103353491
278273.411807,2759866.126422,0.085887318774087,0.136171774637548,0.0178014314553129,0.133235456046981,0.194714626536979,0.432189392549092
278773.411807,2759866.126422,0.147625160462131,0.104896387309738,0.00128369704749679,0.147625160462131,0.0790390610673024,0.519530533651201
