"x","y","forest","agri","water","built","other","grass"
313273.411807,2779366.126422,0.76398312855309,0.00293416467999266,0,0,0.00201723821749496,0.231065468549422
313773.411807,2779366.126422,0.900311526479751,0.00274876305662452,0,0,0,0.0969397104636247
314273.411807,2779366.126422,0.916498440080749,0,0,0,0,0.0835015599192512
314773.411807,2779366.126422,0.830368604437924,0.00861910874747845,0,0.00238400880249404,0.00275077938749312,0.15587749862461
315273.411807,2779366.126422,0.864577606743632,0.00238226131574125,0,0,0,0.133040131940627
315773.411807,2779366.126422,0.917416039640301,0,0,0,0,0.082583960359699
316273.411807,2779366.126422,0.862277645332844,0.0022006235099945,0,0.000183385292499542,0.00238400880249404,0.132954337062168
316773.411807,2779366.126422,0.65017408832692,0.0133773135422393,0,0.00623052959501558,0.0142935678944475,0.315924500641378
317273.411807,2779366.126422,0.782161864562305,0.0110111947146265,0,0.00183519911910442,0.00679023674068636,0.198201504863278
317773.411807,2779366.126422,0.953603520997616,0,0,0,0,0.046396479002384
318273.411807,2779366.126422,0.78028220634048,0.0053142752428074,0,0.0053142752428074,0.00696353307678211,0.202125710097123
318773.411807,2779366.126422,0.729491649844008,0.0170673518076711,0,0.000734079647641769,0.0082583960359699,0.244448522664709
319273.411807,2779366.126422,0.934164679992665,0,0,0,0,0.0658353200073354
319773.411807,2779366.126422,0.698918819864394,0,0,0,0,0.301081180135606
320273.411807,2779366.126422,0.397871169021839,0.0502844558634612,0,0.0945127546338778,0.052303174894476,0.405028445586346
320773.411807,2779366.126422,0.783238584265542,0.0401613790573996,0,0.00128369704749679,0.00623509994498441,0.169081239684577
321273.411807,2779366.126422,0.619571192963167,0.028587135788895,0,0.000366501740883269,0.000549752611324904,0.35092541689573
321773.411807,2779366.126422,0.585612038906221,0.0262433474031932,0,0.0012846393833731,0.0165167920719398,0.370343182235273
322273.411807,2779366.126422,0.326975976526683,0.183201907207042,0.00880249403997799,0.066385475884834,0.0627177700348432,0.35191637630662
322773.411807,2779366.126422,0.271211288253619,0.149899212021257,0.0274876305662452,0.323804288070368,0.10646875572659,0.12112882536192
323273.411807,2779366.126422,0.715360616626904,0.015782712424298,0.00110111947146265,0.0728574050284456,0.009543035419343,0.185355111029547
323773.411807,2779366.126422,0.641665138455896,0.0150375939849624,0,0.00623509994498441,0.026407482119934,0.310654685494223
324273.411807,2779366.126422,0.530328019058091,0.0481949789261499,0.000549752611324904,0.0406816932380429,0.043613707165109,0.336631849001283
324773.411807,2779366.126422,0.295100018351991,0.0418425399155808,0.00367039823820885,0.4024591668196,0.0833180400073408,0.173609836667278
325273.411807,2779366.126422,0.605354850540987,0.0555657436273611,0.00128369704749679,0.0687694846873281,0.0641848523748395,0.204841371721988
313273.411807,2778866.126422,0.694184553292974,0.00697119794533113,0,0.00293524124013942,0.00440286186020914,0.291506145661347
313773.411807,2778866.126422,0.827106227106227,0.00421245421245421,0,0.00641025641025641,0.0124542124542125,0.14981684981685
314273.411807,2778866.126422,0.847155963302752,0.00256880733944954,0,0.00036697247706422,0.000917431192660551,0.148990825688073
314773.411807,2778866.126422,0.8673637864612,0.00311869381764814,0,0.00348559897266557,0.00678774536782242,0.119244175380664
315273.411807,2778866.126422,0.877472527472527,0,0,0.00732600732600733,0.00476190476190476,0.11043956043956
315773.411807,2778866.126422,0.845321100917431,0.00311926605504587,0,0.00036697247706422,0.00201834862385321,0.149174311926606
316273.411807,2778866.126422,0.805907172995781,0.0431113557145478,0,0.00403595670519171,0.00623738763529628,0.140708126949184
316773.411807,2778866.126422,0.737912087912088,0.0108058608058608,0,0.00641025641025641,0.0104395604395604,0.234432234432234
317273.411807,2778866.126422,0.880917431192661,0.0108256880733945,0,0.00036697247706422,0.00018348623853211,0.107706422018349
317773.411807,2778866.126422,0.906072280315538,0.00311869381764814,0,0,0,0.0908090258668134
318273.411807,2778866.126422,0.845421245421245,0.000183150183150183,0,0.000183150183150183,0.000549450549450549,0.153663003663004
318773.411807,2778866.126422,0.801651376146789,0.0055045871559633,0,0.00146788990825688,0.00422018348623853,0.187155963302752
319273.411807,2778866.126422,0.645202715098147,0.0066042927903137,0,0.00605393505778756,0.0346725371491469,0.307466519904605
319773.411807,2778866.126422,0.638461538461538,0.0794871794871795,0,0.0267399267399267,0.0302197802197802,0.225091575091575
320273.411807,2778866.126422,0.528990825688073,0.0477064220183486,0,0.0286238532110092,0.021651376146789,0.37302752293578
320773.411807,2778866.126422,0.625022931572189,0.0273344340487984,0,0.00513667217024399,0.0203632361034673,0.322142726105302
321273.411807,2778866.126422,0.688095238095238,0.0126373626373626,0,0,0.000366300366300366,0.298901098901099
321773.411807,2778866.126422,0.68697247706422,0.00788990825688073,0,0,0.00458715596330275,0.300550458715596
322273.411807,2778866.126422,0.279948633278298,0.067327095945698,0,0.0592551825353146,0.0880572372041827,0.505411851036507
322773.411807,2778866.126422,0.493406593406593,0.0179487179487179,0,0.00750915750915751,0.0135531135531136,0.467582417582418
323273.411807,2778866.126422,0.342752293577982,0.11651376146789,0.0161467889908257,0.13045871559633,0.0822018348623853,0.311926605504587
323773.411807,2778866.126422,0.648688314070813,0.0453127866446524,0,0.0258668134287287,0.0357732526141992,0.244358833241607
324273.411807,2778866.126422,0.736446886446886,0.00201465201465201,0,0,0,0.261538461538462
324773.411807,2778866.126422,0.558899082568807,0.0451376146788991,0.00311926605504587,0.101834862385321,0.0528440366972477,0.238165137614679
325273.411807,2778866.126422,0.697670152265639,0.0473307649972482,0.000183452577508714,0.0642084021280499,0.0354063474591818,0.155200880572372
313273.411807,2778366.126422,0.793589743589744,0.00934065934065934,0,0.00494505494505494,0.0212454212454212,0.170879120879121
313773.411807,2778366.126422,0.628896222955629,0.013017968463513,0,0.00825082508250825,0.0320865419875321,0.317748441510818
314273.411807,2778366.126422,0.837728937728938,0.00347985347985348,0,0.000915750915750916,0.00384615384615385,0.154029304029304
314773.411807,2778366.126422,0.778205128205128,0.00476190476190476,0,0.00256410256410256,0.017032967032967,0.197435897435897
315273.411807,2778366.126422,0.697469746974697,0.0194352768610194,0,0.0198019801980198,0.0638063806380638,0.199486615328199
315773.411807,2778366.126422,0.791575091575092,0.00641025641025641,0,0.000549450549450549,0.0043956043956044,0.197069597069597
316273.411807,2778366.126422,0.873076923076923,0.01996336996337,0,0,0,0.106959706959707
316773.411807,2778366.126422,0.785845251191786,0.0106343967730106,0,0.00348368170150348,0.00971763843050972,0.19031903190319
317273.411807,2778366.126422,0.887545787545788,0.0111721611721612,0,0.000183150183150183,0.00183150183150183,0.0992673992673993
317773.411807,2778366.126422,0.860989010989011,0.00531135531135531,0,0,0,0.133699633699634
318273.411807,2778366.126422,0.884488448844885,0.00311697836450312,0,0,0,0.112394572790612
318773.411807,2778366.126422,0.827838827838828,0.00494505494505494,0,0.000183150183150183,0.00842490842490842,0.158608058608059
319273.411807,2778366.126422,0.488644688644689,0.067032967032967,0,0.056959706959707,0.0593406593406593,0.328021978021978
319773.411807,2778366.126422,0.396956362302897,0.106160616061606,0.00366703337000367,0.0568390172350568,0.0271360469380271,0.409240924092409
320273.411807,2778366.126422,0.732234432234432,0.0269230769230769,0,0,0,0.240842490842491
320773.411807,2778366.126422,0.819047619047619,0.00549450549450549,0,0,0,0.175457875457875
321273.411807,2778366.126422,0.748441510817748,0.0172350568390172,0,0.000916758342500917,0.00238357169050238,0.231023102310231
321773.411807,2778366.126422,0.614102564102564,0.0194139194139194,0,0.0197802197802198,0.0342490842490843,0.312454212454212
322273.411807,2778366.126422,0.36978021978022,0.0135531135531136,0,0.00183150183150183,0.00549450549450549,0.609340659340659
322773.411807,2778366.126422,0.306930693069307,0.0623395672900623,0,0.0227356068940227,0.0423542354235424,0.565639897323066
323273.411807,2778366.126422,0.411355311355311,0.0463369963369963,0.00512820512820513,0.115018315018315,0.10018315018315,0.321978021978022
323773.411807,2778366.126422,0.412087912087912,0.0855311355311355,0.0302197802197802,0.0716117216117216,0.0840659340659341,0.316483516483516
324273.411807,2778366.126422,0.570957095709571,0.0495049504950495,0,0.131279794646131,0.0606894022735607,0.187568756875688
324773.411807,2778366.126422,0.303663003663004,0.0622710622710623,0,0.0545787545787546,0.0893772893772894,0.49010989010989
325273.411807,2778366.126422,0.473443223443223,0.0562271062271062,0,0.0188644688644689,0.0994505494505494,0.352014652014652
313273.411807,2777866.126422,0.636713735558408,0.004401247019989,0,0.00458463231248854,0.0148542086924629,0.339446176416651
313773.411807,2777866.126422,0.871907641561297,0.00183250870441635,0,0.000183250870441635,0.00256551218618288,0.123511086677662
314273.411807,2777866.126422,0.865663424481556,0.00734079647641769,0,0,0.0012846393833731,0.125711139658653
314773.411807,2777866.126422,0.628828167980928,0.0399779937649001,0,0.0119200440124702,0.0399779937649001,0.279295800476802
315273.411807,2777866.126422,0.804837822979659,0.0159428257284222,0,0.00183250870441635,0.0144768187648891,0.162910023822613
315773.411807,2777866.126422,0.945311066250688,0.000183519911910442,0,0,0,0.0545054138374014
316273.411807,2777866.126422,0.885200806895287,0,0,0,0,0.114799193104713
316773.411807,2777866.126422,0.919186366135239,0.000733003481766538,0,0.000366501740883269,0.00201575957485798,0.0776983690672531
317273.411807,2777866.126422,0.779225545971738,0.0233070288126262,0,0.00734079647641769,0.0300972655533125,0.160029363185906
317773.411807,2777866.126422,0.871630295250321,0.00201723821749496,0,0,0.000183385292499542,0.126169081239685
318273.411807,2777866.126422,0.812900861279091,0.00696353307678211,0,0,0.000916254352208173,0.179219351291919
318773.411807,2777866.126422,0.630207377500459,0.0372545421178198,0,0.0385391815011929,0.0216553496054322,0.272343549275096
319273.411807,2777866.126422,0.558041445076105,0.0520814230698698,0,0.0163212910324592,0.0289748762149276,0.344580964606639
319773.411807,2777866.126422,0.38904159794759,0.0705515851200293,0.000366501740883269,0.0527762506871908,0.0696353307678211,0.417628733736485
320273.411807,2777866.126422,0.777573866764544,0.0159662323362085,0,0,0,0.206459900899248
320773.411807,2777866.126422,0.672473867595819,0.0212726939299468,0.000183385292499542,0.0634513112048414,0.0133871263524665,0.229231615624427
321273.411807,2777866.126422,0.698918819864394,0.0267546270844787,0,0,0.00183250870441635,0.272494044346711
321773.411807,2777866.126422,0.601211231418609,0.0324830244081483,0,0.0100935951550743,0.0192695907505964,0.336942558267572
322273.411807,2777866.126422,0.518796992481203,0.0341096644049147,0,0.163396295617092,0.0627177700348432,0.220979277461948
322773.411807,2777866.126422,0.521898479017775,0.0197910940076965,0,0.0324354040681693,0.0445299615173172,0.381345061389042
323273.411807,2777866.126422,0.151403927326115,0.192512387594054,0.0372545421178198,0.220774454028262,0.111580106441549,0.2864745824922
323773.411807,2777866.126422,0.227764533284431,0.0953603520997616,0.00348432055749129,0.21584448927196,0.161562442692096,0.29598386209426
324273.411807,2777866.126422,0.320689023272861,0.0852116547553601,0.0227231079347627,0.215869525380246,0.102620487447315,0.252886201209456
324773.411807,2777866.126422,0.376949899064048,0.0201871903101487,0.00642319691686548,0.0814828408882364,0.0374380620297302,0.477518810790971
325273.411807,2777866.126422,0.506876948468733,0.0196222262974509,0,0.00495140289748762,0.0739042728773152,0.394645149459013
313273.411807,2777366.126422,0.705558613098514,0.00807191341038342,0,0.00568702990277013,0.0245826453861677,0.256099798202165
313773.411807,2777366.126422,0.735164835164835,0.0104395604395604,0,0.00201465201465201,0.0113553113553114,0.241025641025641
314273.411807,2777366.126422,0.936146788990826,0,0,0,0,0.0638532110091743
314773.411807,2777366.126422,0.616767565584296,0.0144927536231884,0,0.00752155567785727,0.0210970464135021,0.340121078701156
315273.411807,2777366.126422,0.918498168498168,0.0111721611721612,0,0.00146520146520147,0.00476190476190476,0.0641025641025641
315773.411807,2777366.126422,0.92954128440367,0.000917431192660551,0,0,0,0.0695412844036697
316273.411807,2777366.126422,0.898917629792699,0.002568336085122,0,0,0,0.0985140341221794
316773.411807,2777366.126422,0.900915750915751,0.00274725274725275,0,0,0.000183150183150183,0.0961538461538462
317273.411807,2777366.126422,0.822201834862385,0.0100917431192661,0,0.00201834862385321,0.0115596330275229,0.154128440366972
317773.411807,2777366.126422,0.886809759677123,0.00201797835259585,0,0.000733810310034856,0.00440286186020914,0.106035589800037
318273.411807,2777366.126422,0.804212454212454,0.00677655677655678,0,0,0,0.189010989010989
318773.411807,2777366.126422,0.533211009174312,0.0500917431192661,0,0.00935779816513761,0.0343119266055046,0.37302752293578
319273.411807,2777366.126422,0.806824435883324,0.00311869381764814,0,0,0,0.190056870299028
319773.411807,2777366.126422,0.64981684981685,0.0446886446886447,0,0.0283882783882784,0.0208791208791209,0.256227106227106
320273.411807,2777366.126422,0.554128440366973,0.0537614678899083,0.000917431192660551,0.016697247706422,0.0423853211009174,0.332110091743119
320773.411807,2777366.126422,0.775637497706843,0.0104567969179967,0,0.00421940928270042,0.0168776371308017,0.192808658961658
321273.411807,2777366.126422,0.727106227106227,0.0032967032967033,0,0,0.000732600732600733,0.268864468864469
321773.411807,2777366.126422,0.475412844036697,0.0420183486238532,0.00165137614678899,0.138715596330275,0.0878899082568807,0.254311926605505
322273.411807,2777366.126422,0.315354980737479,0.0486149330398092,0.0119244175380664,0.22968262704091,0.08273711245643,0.311685929187305
322773.411807,2777366.126422,0.101282051282051,0.146153846153846,0.0168498168498168,0.342857142857143,0.123626373626374,0.269230769230769
323273.411807,2777366.126422,0.40605504587156,0.123119266055046,0.00201834862385321,0.18605504587156,0.0673394495412844,0.215412844036697
323773.411807,2777366.126422,0.475325628325078,0.0748486516235553,0.0482480278847918,0.0188956154833975,0.0144927536231884,0.368189323059989
324273.411807,2777366.126422,0.19047619047619,0.106043956043956,0.0353479853479853,0.298351648351648,0.112820512820513,0.256959706959707
324773.411807,2777366.126422,0.352477064220183,0.147339449541284,0.021651376146789,0.22,0.086605504587156,0.171926605504587
325273.411807,2777366.126422,0.43074665199046,0.0882406897816914,0.00843881856540084,0.100165107319758,0.094294624839479,0.27811410750321
313273.411807,2776866.126422,0.803663003663004,0.00769230769230769,0,0.00146520146520147,0.00860805860805861,0.178571428571429
313773.411807,2776866.126422,0.631463146314632,0.00898423175650898,0,0.0033003300330033,0.0163182984965163,0.33993399339934
314273.411807,2776866.126422,0.739377289377289,0.0353479853479853,0,0.0184981684981685,0.0549450549450549,0.151831501831502
314773.411807,2776866.126422,0.588095238095238,0.0619047619047619,0,0.0536630036630037,0.0741758241758242,0.222161172161172
315273.411807,2776866.126422,0.883571690502384,0.00458379171250458,0,0,0,0.111844517785112
315773.411807,2776866.126422,0.883882783882784,0.000549450549450549,0,0,0,0.115567765567766
316273.411807,2776866.126422,0.779120879120879,0.00421245421245421,0,0.00128205128205128,0.0043956043956044,0.210989010989011
316773.411807,2776866.126422,0.81004767143381,0.0146681334800147,0,0.000183351668500183,0.00128346167950128,0.173817381738174
317273.411807,2776866.126422,0.718315018315018,0.0216117216117216,0,0.00457875457875458,0.0362637362637363,0.219230769230769
317773.411807,2776866.126422,0.662087912087912,0.0355311355311355,0,0.0206959706959707,0.0595238095238095,0.222161172161172
318273.411807,2776866.126422,0.729006233956729,0.026952695269527,0,0.00256692335900257,0.0128346167950128,0.228639530619729
318773.411807,2776866.126422,0.7503663003663,0.0227106227106227,0,0.00128205128205128,0.00989010989010989,0.215750915750916
319273.411807,2776866.126422,0.802380952380952,0.0157509157509158,0,0,0,0.181868131868132
319773.411807,2776866.126422,0.513201320132013,0.00971763843050972,0,0,0,0.477081041437477
320273.411807,2776866.126422,0.515567765567766,0.0501831501831502,0.000183150183150183,0.0100732600732601,0.0117216117216117,0.412271062271062
320773.411807,2776866.126422,0.3,0.104945054945055,0.0102564102564103,0.102197802197802,0.089010989010989,0.393589743589744
321273.411807,2776866.126422,0.236156949028236,0.0999266593325999,0.0396039603960396,0.096993032636597,0.0636230289695636,0.463696369636964
321773.411807,2776866.126422,0.0371794871794872,0.101282051282051,0.0421245421245421,0.671428571428571,0.0948717948717949,0.0531135531135531
322273.411807,2776866.126422,0.0146520146520147,0.117582417582418,0.0208791208791209,0.722161172161172,0.0831501831501831,0.0415750915750916
322773.411807,2776866.126422,0.301613494682802,0.0907590759075908,0.00348368170150348,0.371470480381371,0.041987532086542,0.190685735240191
323273.411807,2776866.126422,0.829120879120879,0.00183150183150183,0,0,0,0.169047619047619
323773.411807,2776866.126422,0.627838827838828,0.023992673992674,0.00750915750915751,0.032967032967033,0.0706959706959707,0.236996336996337
324273.411807,2776866.126422,0.266409974330766,0.0716905023835717,0.0412541254125413,0.302346901356802,0.0740740740740741,0.244224422442244
324773.411807,2776866.126422,0.423443223443223,0.00952380952380952,0,0.0761904761904762,0.0580586080586081,0.432783882783883
325273.411807,2776866.126422,0.215934065934066,0.065018315018315,0.0106227106227106,0.30970695970696,0.173260073260073,0.225457875457875
313273.411807,2776366.126422,0.876214927562809,0.00476801760498808,0,0,0,0.119017054832202
313773.411807,2776366.126422,0.786146234194612,0.0157595748579806,0,0.00201575957485798,0.013560564412681,0.182517866959868
314273.411807,2776366.126422,0.763809873371261,0.00256927876674619,0,0.00679023674068636,0.0146815929528354,0.212149018168471
314773.411807,2776366.126422,0.619292132770952,0.00458463231248854,0,0.011186502842472,0.0163212910324592,0.348615441041628
315273.411807,2776366.126422,0.723291185633132,0.00366501740883269,0,0.0146600696353308,0.0177753344328386,0.240608392889866
315773.411807,2776366.126422,0.574050284455863,0.0117452743622683,0.0345017434391632,0.00220223894292531,0.00752431638832813,0.369976142411452
316273.411807,2776366.126422,0.809829451677975,0.00623509994498441,0,0,0,0.18393544837704
316773.411807,2776366.126422,0.667766171889317,0.0309693971046362,0,0.0100787978742899,0.0362836723474437,0.254901960784314
317273.411807,2776366.126422,0.514039273261149,0.0680858873187741,0,0.0343182235272527,0.0849697192145348,0.29858689667829
317773.411807,2776366.126422,0.827801210342931,0.00825233816247937,0,0.000183385292499542,0.000733541169998166,0.163029525032092
318273.411807,2776366.126422,0.747297049660986,0.0153930731170973,0,0,0,0.237309877221917
318773.411807,2776366.126422,0.594237474766012,0.0170673518076711,0,0.00789135621214902,0.0238575885483575,0.35694622866581
319273.411807,2776366.126422,0.61580781221346,0.0487804878048781,0.000550155877498625,0.0478635613423803,0.0467632495873831,0.240234733174399
319773.411807,2776366.126422,0.57284222100055,0.0225398570643211,0.00549752611324904,0.0432472054242258,0.0883269195528679,0.267546270844786
320273.411807,2776366.126422,0.343549275096348,0.104239309965131,0.0236740686364471,0.139842172875757,0.0322995044962378,0.356395668930079
320773.411807,2776366.126422,0.295800476801761,0.0520814230698698,0.0161379057399597,0.233082706766917,0.116449660737209,0.286447826884284
321273.411807,2776366.126422,0.0384826827927433,0.0729338464357706,0.0100787978742899,0.56386292834891,0.122411581455012,0.192230163093275
321773.411807,2776366.126422,0.0466140576252523,0.127913378601578,0.0356028629106258,0.621581941640668,0.0913929161314003,0.0768948430904753
322273.411807,2776366.126422,0.194205024757014,0.0671190170548322,0.00678525582248304,0.406565193471484,0.165963689712085,0.159361819182102
322773.411807,2776366.126422,0.504123144584937,0.0364669232178853,0.00769653655854865,0.123694337548103,0.047645226314825,0.280373831775701
323273.411807,2776366.126422,0.767847311433291,0.00146815929528354,0,0,0,0.230684529271426
323773.411807,2776366.126422,0.659086741243352,0.0148542086924629,0,0.0179717586649551,0.0462130937098845,0.261874197689345
324273.411807,2776366.126422,0.238226131574125,0.091258933479934,0.00934579439252336,0.29485065054059,0.0960234561114165,0.270295033901411
324773.411807,2776366.126422,0.544870618462103,0.0322995044962378,0,0.0170673518076711,0.0456964580657001,0.360066067168288
325273.411807,2776366.126422,0.598386209426004,0.0133871263524665,0.000550155877498625,0.0729873464148175,0.0273244085824317,0.287364753346782
313273.411807,2775866.126422,0.741148413135205,0.002568336085122,0,0.000183452577508714,0.000183452577508714,0.255916345624656
313773.411807,2775866.126422,0.81978021978022,0.00238095238095238,0,0,0,0.177838827838828
314273.411807,2775866.126422,0.763669724770642,0.00330275229357798,0,0.00055045871559633,0.00513761467889908,0.227339449541284
314773.411807,2775866.126422,0.625756741882223,0.0143093010456797,0,0.0157769216657494,0.0341221794166208,0.310034855989727
315273.411807,2775866.126422,0.25952380952381,0.0822344322344322,0.000183150183150183,0.185164835164835,0.17985347985348,0.293040293040293
315773.411807,2775866.126422,0.608440366972477,0.0286238532110092,0,0.023302752293578,0.048256880733945,0.291376146788991
316273.411807,2775866.126422,0.778756191524491,0,0,0,0,0.221243808475509
316773.411807,2775866.126422,0.704578754578755,0.0131868131868132,0,0.00512820512820513,0.0120879120879121,0.265018315018315
317273.411807,2775866.126422,0.310642201834862,0.0693577981651376,0,0.0363302752293578,0.180366972477064,0.403302752293578
317773.411807,2775866.126422,0.699137772885709,0.0190790680609063,0,0,0.000550357732526142,0.281232801320859
318273.411807,2775866.126422,0.710989010989011,0.0032967032967033,0,0.000732600732600733,0.0032967032967033,0.281684981684982
318773.411807,2775866.126422,0.659266055045872,0.0185321100917431,0.0299082568807339,0.00330275229357798,0.00660550458715596,0.282385321100917
319273.411807,2775866.126422,0.524124013942396,0.0638414969730325,0.002568336085122,0.0792515134837644,0.0733810310034856,0.2568336085122
319773.411807,2775866.126422,0.468864468864469,0.0331501831501832,0.000366300366300366,0.10970695970696,0.0714285714285714,0.316483516483516
320273.411807,2775866.126422,0.0856880733944954,0.0924770642201835,0.026605504587156,0.316146788990826,0.075045871559633,0.404036697247706
320773.411807,2775866.126422,0.218858924967896,0.0625573289304715,0.0113740598055403,0.427077600440286,0.142909557879288,0.137222527976518
321273.411807,2775866.126422,0.2503663003663,0.107326007326007,0.0450549450549451,0.343406593406593,0.0701465201465201,0.183699633699634
321773.411807,2775866.126422,0.341100917431193,0.0504587155963303,0,0.0752293577981651,0.0244036697247706,0.508807339449541
322273.411807,2775866.126422,0.624472573839662,0.00532012474775271,0,0.002568336085122,0.00458631443771785,0.363052650889745
322773.411807,2775866.126422,0.54981684981685,0.0291208791208791,0,0.0210622710622711,0.0287545787545788,0.371245421245421
323273.411807,2775866.126422,0.678165137614679,0.0260550458715596,0,0.00422018348623853,0.0247706422018349,0.266788990825688
323773.411807,2775866.126422,0.612915061456613,0.00513667217024399,0,0.000733810310034856,0.00366905155017428,0.377545404512933
324273.411807,2775866.126422,0.66996336996337,0.0322344322344322,0.000183150183150183,0.000366300366300366,0.00421245421245421,0.293040293040293
324773.411807,2775866.126422,0.571559633027523,0.0179816513761468,0,0.00844036697247706,0.0341284403669725,0.367889908256881
325273.411807,2775866.126422,0.776738213171895,0.0122913226930838,0,0,0,0.210970464135021
313273.411807,2775366.126422,0.806410256410256,0.0164835164835165,0,0.00183150183150183,0.0115384615384615,0.163736263736264
313773.411807,2775366.126422,0.789328932893289,0.000733406674000733,0,0.000183351668500183,0.000733406674000733,0.209020902090209
314273.411807,2775366.126422,0.469230769230769,0.0347985347985348,0,0.0906593406593407,0.093956043956044,0.311355311355311
314773.411807,2775366.126422,0.577106227106227,0.00402930402930403,0,0.0393772893772894,0.0871794871794872,0.292307692307692
315273.411807,2775366.126422,0.378071140447378,0.0513384671800513,0.00385038503850385,0.16024935826916,0.0960762742940961,0.31041437477081
315773.411807,2775366.126422,0.762820512820513,0.030952380952381,0.000183150183150183,0.0465201465201465,0.0208791208791209,0.138644688644689
316273.411807,2775366.126422,0.821794871794872,0.00897435897435897,0,0,0,0.169230769230769
316773.411807,2775366.126422,0.648331499816648,0.00733406674000733,0,0.00696736340300697,0.0124679134580125,0.324899156582325
317273.411807,2775366.126422,0.51007326007326,0.0641025641025641,0.00128205128205128,0.0489010989010989,0.0580586080586081,0.317582417582418
317773.411807,2775366.126422,0.341758241758242,0.0886446886446886,0.0115384615384615,0.0666666666666667,0.0860805860805861,0.405311355311355
318273.411807,2775366.126422,0.111844517785112,0.0771910524385772,0.0597726439310598,0.218005133846718,0.160982764943161,0.372203887055372
318773.411807,2775366.126422,0.17032967032967,0.0835164835164835,0.0677655677655678,0.187545787545788,0.146336996336996,0.344505494505495
319273.411807,2775366.126422,0.0732600732600733,0.0750915750915751,0.0503663003663004,0.295238095238095,0.135897435897436,0.37014652014652
319773.411807,2775366.126422,0.0738907224055739,0.0916758342500917,0.0568390172350568,0.392555922258893,0.105977264393106,0.279061239457279
320273.411807,2775366.126422,0.0600732600732601,0.0545787545787546,0.0153846153846154,0.773992673992674,0.0774725274725275,0.0184981684981685
320773.411807,2775366.126422,0.0531135531135531,0.0967032967032967,0.032967032967033,0.489010989010989,0.108608058608059,0.21959706959707
321273.411807,2775366.126422,0.398056472313898,0.0394206087275394,0.00495049504950495,0.145031169783645,0.0482214888155482,0.364319765309864
321773.411807,2775366.126422,0.428937728937729,0.0342490842490843,0,0.0924908424908425,0.0496336996336996,0.394688644688645
322273.411807,2775366.126422,0.710622710622711,0.0194139194139194,0,0,0,0.26996336996337
322773.411807,2775366.126422,0.661349468280161,0.00275027502750275,0,0.000183351668500183,0.00238357169050238,0.333333333333333
323273.411807,2775366.126422,0.849267399267399,0.00659340659340659,0,0,0.000183150183150183,0.143956043956044
323773.411807,2775366.126422,0.86025641025641,0.00732600732600733,0,0,0,0.132417582417582
324273.411807,2775366.126422,0.57957462412908,0.0792079207920792,0.0669233590025669,0.174000733406674,0.00696736340300697,0.0933259992665933
324773.411807,2775366.126422,0.822161172161172,0.0335164835164835,0,0,0,0.144322344322344
325273.411807,2775366.126422,0.492857142857143,0.0258241758241758,0,0.0157509157509158,0.0426739926739927,0.422893772893773
313273.411807,2774866.126422,0.494039977993765,0.0590500641848524,0.000366770584999083,0.139006051714652,0.117183201907207,0.190353933614524
313773.411807,2774866.126422,0.603811618105186,0.0131940626717977,0,0.00787978742899029,0.0342679127725857,0.34084661902144
314273.411807,2774866.126422,0.43989722884933,0.0559735731326849,0.000550559735731327,0.123325380803817,0.0965314736648926,0.283721783813544
314773.411807,2774866.126422,0.267008985879332,0.0814230698697964,0.00275077938749312,0.223730056849441,0.181918210159545,0.243168897854392
315273.411807,2774866.126422,0.24885468205974,0.0870441634597764,0.00769653655854865,0.192230163093275,0.0846619021440352,0.379512552684625
315773.411807,2774866.126422,0.725087171958157,0.0328500642319692,0,0.00972655533125344,0.0144980730409249,0.217838135437695
316273.411807,2774866.126422,0.751696313955621,0.00183385292499542,0,0.000183385292499542,0.00201723821749496,0.244269209609389
316773.411807,2774866.126422,0.597214586769287,0.01905809052593,0,0.0196078431372549,0.0373831775700935,0.326736301997434
317273.411807,2774866.126422,0.170673518076711,0.113048265736832,0.017434391631492,0.260598274912828,0.131767296751698,0.306478252890439
317773.411807,2774866.126422,0.0495140289748762,0.115165963689712,0.0330093526499175,0.475334678158812,0.128553090042179,0.198422886484504
318273.411807,2774866.126422,0.642111050027488,0.024555616639179,0.00109950522264981,0.0820963899578523,0.0342679127725857,0.215869525380246
318773.411807,2774866.126422,0.360066067168288,0.0534042943659387,0.0214718296935217,0.139108093228115,0.0578087722517893,0.368140943292347
319273.411807,2774866.126422,0.06400146708234,0.0489638730973776,0,0.60407115349349,0.151476251604621,0.131487254722171
319773.411807,2774866.126422,0.0974894630749496,0.123511086677662,0.0562580172255818,0.278358072200843,0.100787978742899,0.343595382078065
320273.411807,2774866.126422,0.0701046063497889,0.0857037988621766,0.0517526151587447,0.588364837584878,0.0627638098733713,0.141310332171041
320773.411807,2774866.126422,0.246653218411883,0.1600953603521,0.0452961672473868,0.103429304969741,0.0520814230698698,0.392444525949019
321273.411807,2774866.126422,0.591717060656038,0.0197910940076965,0,0.00604727872457394,0.0117280557082646,0.370716510903427
321773.411807,2774866.126422,0.606166269040191,0.0122958340979996,0,0.00440447788585061,0.0220223894292531,0.355111029546706
322273.411807,2774866.126422,0.826700898587933,0.0190720704199523,0,0,0,0.154227030992114
322773.411807,2774866.126422,0.864027854132307,0.0100787978742899,0,0,0,0.125893347993403
323273.411807,2774866.126422,0.88383189576069,0.00220223894292531,0,0,0,0.113965865296385
323773.411807,2774866.126422,0.897671006785256,0.00366770584999083,0,0,0,0.0986612873647534
324273.411807,2774866.126422,0.835807220084295,0.00311526479750779,0,0,0,0.161077515118197
324773.411807,2774866.126422,0.899798128096899,0.00734079647641769,0,0,0,0.0928610754266838
325273.411807,2774866.126422,0.690445626260774,0.0432789290298918,0,0.00348432055749129,0.0119200440124702,0.250871080139373
313273.411807,2774366.126422,0.524490919097413,0.0572372041827188,0.000550357732526142,0.0851219959640433,0.0568702990277013,0.275729223995597
313773.411807,2774366.126422,0.441758241758242,0.0913919413919414,0.0148351648351648,0.0380952380952381,0.0862637362637363,0.327655677655678
314273.411807,2774366.126422,0.422935779816514,0.0965137614678899,0.00990825688073394,0.128073394495413,0.0922935779816514,0.250275229357798
314773.411807,2774366.126422,0.143459915611814,0.112272977435333,0.0640249495505412,0.269491836360301,0.130985140341222,0.279765180700789
315273.411807,2774366.126422,0.127838827838828,0.0776556776556777,0.105677655677656,0.211172161172161,0.0926739926739927,0.384981684981685
315773.411807,2774366.126422,0.509174311926605,0.0390825688073395,0.00201834862385321,0.112477064220183,0.0653211009174312,0.271926605504587
316273.411807,2774366.126422,0.383048981838195,0.0645753072830673,0,0.12694918363603,0.063474591818015,0.361951935424693
316773.411807,2774366.126422,0.120695970695971,0.0917582417582418,0.0924908424908425,0.151282051282051,0.0754578754578755,0.468315018315018
317273.411807,2774366.126422,0.265321100917431,0.136146788990826,0.0867889908256881,0.296146788990826,0.0746788990825688,0.140917431192661
317773.411807,2774366.126422,0.331315354980737,0.062190423775454,0.00623738763529628,0.273711245643001,0.0739313887360117,0.252614199229499
318273.411807,2774366.126422,0.196886446886447,0.0992673992673993,0.0010989010989011,0.467399267399267,0.0712454212454212,0.164102564102564
318773.411807,2774366.126422,0.167889908256881,0.0724770642201835,0.00990825688073394,0.481284403669725,0.111926605504587,0.15651376146789
319273.411807,2774366.126422,0.128233351678591,0.0783342505962209,0.00623738763529628,0.562649055219226,0.117226197028068,0.107319757842598
319773.411807,2774366.126422,0.144688644688645,0.0827838827838828,0.00622710622710623,0.424908424908425,0.0956043956043956,0.245787545787546
320273.411807,2774366.126422,0.290275229357798,0.0398165137614679,0.00128440366972477,0.248073394495413,0.0985321100917431,0.322018348623853
320773.411807,2774366.126422,0.640799853237938,0.001284168042561,0,0.000550357732526142,0.000733810310034856,0.35663181067694
321273.411807,2774366.126422,0.681501831501832,0.0104395604395604,0.000366300366300366,0.00183150183150183,0.0021978021978022,0.303663003663004
321773.411807,2774366.126422,0.815596330275229,0.00293577981651376,0,0,0,0.181467889908257
322273.411807,2774366.126422,0.727939827554577,0.0132085855806274,0,0.00348559897266557,0.0159603742432581,0.239405613648872
322773.411807,2774366.126422,0.846336996336996,0.000732600732600733,0,0,0,0.152930402930403
323273.411807,2774366.126422,0.905871559633028,0.00513761467889908,0,0,0,0.0889908256880734
323773.411807,2774366.126422,0.909924784443221,0.0247660979636764,0,0,0,0.0653091175931022
324273.411807,2774366.126422,0.827838827838828,0.00421245421245421,0,0,0,0.167948717948718
324773.411807,2774366.126422,0.922752293577982,0.00275229357798165,0,0,0,0.0744954128440367
325273.411807,2774366.126422,0.837094111172262,0.000733810310034856,0,0,0,0.162172078517703
313273.411807,2773866.126422,0.425824175824176,0.0263736263736264,0.000915750915750916,0.144871794871795,0.112087912087912,0.28992673992674
313773.411807,2773866.126422,0.122845617895123,0.0863586358635864,0.182068206820682,0.458379171250458,0.0696736340300697,0.0806747341400807
314273.411807,2773866.126422,0.177838827838828,0.0877289377289377,0.0276556776556777,0.379487179487179,0.122527472527473,0.204761904761905
314773.411807,2773866.126422,0.0919413919413919,0.115018315018315,0.105128205128205,0.272527472527473,0.0708791208791209,0.344505494505495
315273.411807,2773866.126422,0.203337000366703,0.0636230289695636,0.0284195086175284,0.152365236523652,0.0535386872020535,0.498716538320499
315773.411807,2773866.126422,0.160622710622711,0.0763736263736264,0.0228937728937729,0.29047619047619,0.101465201465201,0.348168498168498
316273.411807,2773866.126422,0.213736263736264,0.0518315018315018,0.0538461538461538,0.283333333333333,0.0836996336996337,0.313553113553114
316773.411807,2773866.126422,0.0803080308030803,0.0947928126145948,0.0498716538320499,0.561422808947561,0.0616061606160616,0.151998533186652
317273.411807,2773866.126422,0.224725274725275,0.104761904761905,0.0558608058608059,0.437362637362637,0.0558608058608059,0.121428571428571
317773.411807,2773866.126422,0.337912087912088,0.0344322344322344,0,0.261538461538462,0.0875457875457875,0.278571428571429
318273.411807,2773866.126422,0.088008800880088,0.0777411074440777,0.0022002200220022,0.653281994866153,0.101760176017602,0.077007700770077
318773.411807,2773866.126422,0.138827838827839,0.0904761904761905,0.00293040293040293,0.408241758241758,0.11043956043956,0.249084249084249
319273.411807,2773866.126422,0.136080586080586,0.0725274725274725,0.0111721611721612,0.475091575091575,0.132600732600733,0.172527472527473
319773.411807,2773866.126422,0.507884121745508,0.0242024202420242,0.00165016501650165,0.145581224789146,0.0388705537220389,0.281811514484782
320273.411807,2773866.126422,0.497619047619048,0.0428571428571429,0,0.137545787545788,0.0432234432234432,0.278754578754579
320773.411807,2773866.126422,0.893772893772894,0.0032967032967033,0,0,0,0.102930402930403
321273.411807,2773866.126422,0.888705537220389,0.00183351668500183,0,0,0,0.109460946094609
321773.411807,2773866.126422,0.719230769230769,0.000549450549450549,0,0.000549450549450549,0.00311355311355311,0.276556776556777
322273.411807,2773866.126422,0.737912087912088,0.00567765567765568,0,0.000183150183150183,0.00293040293040293,0.253296703296703
322773.411807,2773866.126422,0.712321232123212,0.0826916024935827,0,0.0011001100110011,0.00605060506050605,0.197836450311698
323273.411807,2773866.126422,0.931684981684982,0.0021978021978022,0,0,0,0.0661172161172161
323773.411807,2773866.126422,0.956043956043956,0,0,0,0,0.043956043956044
324273.411807,2773866.126422,0.918041804180418,0.0117345067840117,0,0,0,0.0702236890355702
324773.411807,2773866.126422,0.908608058608059,0.00622710622710623,0,0,0,0.0851648351648352
325273.411807,2773866.126422,0.931684981684982,0,0,0,0,0.0683150183150183
313273.411807,2773366.126422,0.0555657436273611,0.061617458279846,0.00385109114249037,0.772785622593068,0.0746378140473134,0.0315422703099211
313773.411807,2773366.126422,0.0295033901411032,0.051676745464541,0.0258383727322705,0.83635697269562,0.0434304562946674,0.0131940626717977
314273.411807,2773366.126422,0.0583593319875206,0.14956872820701,0.118186823270325,0.529087906037805,0.0434942191227748,0.101302991374564
314773.411807,2773366.126422,0.158078122134605,0.10012836970475,0.0518980377773703,0.51201173665872,0.0750045846323125,0.102879149092243
315273.411807,2773366.126422,0.279824079164376,0.0254718709913872,0.0291368884002199,0.0577240241891149,0.0831958951805021,0.5246472420744
315773.411807,2773366.126422,0.114699944944026,0.121673701596623,0.153055606533309,0.148284088823637,0.0638649293448339,0.39842172875757
316273.411807,2773366.126422,0.104896387309738,0.141206675224647,0.0500641848523748,0.552906656886118,0.0823399963322941,0.0685860993948285
316773.411807,2773366.126422,0.0835623969213854,0.0824628916987356,0.0172255818215137,0.662268645776067,0.108301264431006,0.0461792193512919
317273.411807,2773366.126422,0.318590567076528,0.112497706001101,0.0211047898697009,0.168838318957607,0.0844191594788034,0.29454945861626
317773.411807,2773366.126422,0.204841371721988,0.101962222629745,0.00165046763249587,0.265725288831836,0.113698881349716,0.31212176783422
318273.411807,2773366.126422,0.17152281473337,0.078248121678578,0.000366501740883269,0.329851566794942,0.059190031152648,0.360820963899579
318773.411807,2773366.126422,0.211965498256561,0.0416590200036704,0,0.0238575885483575,0.0616626904019086,0.660855202789503
319273.411807,2773366.126422,0.510544654318724,0.0267742527049331,0,0.0152209792774619,0.0234733174399413,0.42398679625894
319773.411807,2773366.126422,0.491662085394906,0.0357339197361187,0,0.0183250870441635,0.0382994319223016,0.415979475902511
320273.411807,2773366.126422,0.744173242796843,0.00917599559552211,0,0.0034868783262984,0.00697375665259681,0.236190126628739
320773.411807,2773366.126422,0.925362185952687,0.00165046763249587,0,0,0,0.0729873464148175
321273.411807,2773366.126422,0.899212021257101,0.00714678394722375,0,0,0,0.0936411947956753
321773.411807,2773366.126422,0.795742338043678,0.00807487612405946,0,0,0.000734079647641769,0.195448706184621
322273.411807,2773366.126422,0.910691362552723,0.000733541169998166,0,0,0,0.0885750962772786
322773.411807,2773366.126422,0.732820230896097,0.00329851566794942,0,0.000733003481766538,0.00348176653839106,0.259666483415796
323273.411807,2773366.126422,0.876307579372362,0.00495503762158194,0,0,0,0.118737383006056
323773.411807,2773366.126422,0.952503209242619,0.00311754997249221,0,0,0,0.044379240784889
324273.411807,2773366.126422,0.948323254535459,0.00109950522264981,0,0,0,0.0505772402418911
324773.411807,2773366.126422,0.926592035235823,0.000734079647641769,0,0,0,0.0726738851165352
325273.411807,2773366.126422,0.957454612140106,0.00403447643498991,0,0,0,0.0385109114249037
313273.411807,2772866.126422,0.0403595670519171,0.0440286186020914,0.000366905155017428,0.804989910108237,0.0480645753072831,0.062190423775454
