"x","y","forest","agri","water","built","other","grass"
186273.411807,2516366.126422,0.104945054945055,0.346703296703297,0.00274725274725275,0.0622710622710623,0.065018315018315,0.418315018315018
186773.411807,2516366.126422,0.214862385321101,0.078348623853211,0,0.0478899082568807,0.172293577981651,0.486605504587156
187273.411807,2516366.126422,0.421757475692533,0.024399192808659,0.000550357732526142,0.110071546505228,0.111722619702807,0.331498807558246
187773.411807,2516366.126422,0.341758241758242,0.0163003663003663,0,0.0318681318681319,0.139194139194139,0.470879120879121
188273.411807,2516366.126422,0.49743119266055,0.00752293577981651,0,0.0163302752293578,0.0585321100917431,0.420183486238532
188773.411807,2516366.126422,0.668684645019263,0.00642084021280499,0,0.002568336085122,0.0416437350944781,0.280682443588332
189273.411807,2516366.126422,0.606043956043956,0.00805860805860806,0,0.0021978021978022,0.026007326007326,0.357692307692308
189773.411807,2516366.126422,0.763302752293578,0.0196330275229358,0,0,0,0.217064220183486
190273.411807,2516366.126422,0.622638048064575,0.0366905155017428,0,0.00605393505778756,0.00898917629792699,0.325628325077967
190773.411807,2516366.126422,0.767582417582418,0,0,0,0,0.232417582417582
191273.411807,2516366.126422,0.668256880733945,0.0143119266055046,0,0.00110091743119266,0.0126605504587156,0.303669724770642
191773.411807,2516366.126422,0.228948816730875,0.00678774536782242,0,0.00843881856540084,0.0122913226930838,0.743533296642818
192273.411807,2516366.126422,0.272161172161172,0.0106227106227106,0,0.00238095238095238,0.00934065934065934,0.705494505494506
192773.411807,2516366.126422,0.348440366972477,0.0255045871559633,0,0.0880733944954128,0.141467889908257,0.39651376146789
193273.411807,2516366.126422,0.104567969179967,0.0221977618785544,0.000550357732526142,0.303980920931939,0.261603375527426,0.307099614749587
193773.411807,2516366.126422,0.0117216117216117,0.0157509157509158,0.273443223443223,0.606776556776557,0.00787545787545788,0.0844322344322344
194273.411807,2516366.126422,0.0187155963302752,0.126422018348624,0.230825688073394,0.353577981651376,0.0618348623853211,0.208623853211009
194773.411807,2516366.126422,0.0475142175747569,0.451843698403963,0.0810860392588516,0.0794349660612732,0.0693450742982939,0.270776004402862
195273.411807,2516366.126422,0.0957875457875458,0.246520146520147,0.208791208791209,0.10989010989011,0.125091575091575,0.213919413919414
195773.411807,2516366.126422,0.112844036697248,0.0774311926605505,0.179816513761468,0.120917431192661,0.128256880733945,0.380733944954128
196273.411807,2516366.126422,0.118143459915612,0.170427444505595,0.0565033938726839,0.151531829022198,0.157218858924968,0.346175013758943
196773.411807,2516366.126422,0.0736263736263736,0.0950549450549451,0.0968864468864469,0.275091575091575,0.179304029304029,0.28003663003663
197273.411807,2516366.126422,0.0592660550458716,0.0822018348623853,0.0194495412844037,0.391926605504587,0.182018348623853,0.265137614678899
197773.411807,2516366.126422,0.0845716382315172,0.0653091175931022,0.096862960924601,0.448908457163823,0.167859108420473,0.136488717666483
198273.411807,2516366.126422,0.0554945054945055,0.128021978021978,0.125457875457875,0.27032967032967,0.165934065934066,0.254761904761905
186273.411807,2515866.126422,0.442610927759443,0.10964429776311,0,0.00843417675100843,0.0672900623395673,0.372020535386872
186773.411807,2515866.126422,0.574175824175824,0.170879120879121,0.0032967032967033,0.0380952380952381,0.0591575091575092,0.154395604395604
187273.411807,2515866.126422,0.772161172161172,0.0043956043956044,0,0.00183150183150183,0.00677655677655678,0.214835164835165
187773.411807,2515866.126422,0.547854785478548,0.00788412174550788,0,0.00641730839750642,0.0672900623395673,0.370553722038871
188273.411807,2515866.126422,0.504029304029304,0.0172161172161172,0.000366300366300366,0.00677655677655678,0.0443223443223443,0.427289377289377
188773.411807,2515866.126422,0.707326007326007,0.00311355311355311,0.0021978021978022,0.00347985347985348,0.0117216117216117,0.272161172161172
189273.411807,2515866.126422,0.519251925192519,0.00348368170150348,0,0,0.00055005500550055,0.476714338100477
189773.411807,2515866.126422,0.734615384615385,0.00494505494505494,0,0,0.00366300366300366,0.256776556776557
190273.411807,2515866.126422,0.713369963369963,0.0142857142857143,0,0,0.000549450549450549,0.271794871794872
190773.411807,2515866.126422,0.881188118811881,0,0,0,0.00201686835350202,0.116795012834617
191273.411807,2515866.126422,0.810989010989011,0.000366300366300366,0,0.000732600732600733,0.0032967032967033,0.184615384615385
191773.411807,2515866.126422,0.454945054945055,0.00897435897435897,0,0.0128205128205128,0.0571428571428571,0.466117216117216
192273.411807,2515866.126422,0.247158049138247,0.0044004400440044,0,0.0183351668500183,0.0385038503850385,0.691602493582692
192773.411807,2515866.126422,0.418681318681319,0.000915750915750916,0,0.00695970695970696,0.0386446886446886,0.534798534798535
193273.411807,2515866.126422,0.0463369963369963,0.0593406593406593,0,0.249084249084249,0.180769230769231,0.464468864468864
193773.411807,2515866.126422,0.0276861019435277,0.134030069673634,0.0957095709570957,0.514301430143014,0.0647231389805647,0.163549688302164
194273.411807,2515866.126422,0.0261904761904762,0.1003663003663,0.233333333333333,0.522161172161172,0.00714285714285714,0.110805860805861
194773.411807,2515866.126422,0.0217948717948718,0.57032967032967,0.0657509157509158,0.0593406593406593,0.0523809523809524,0.23040293040293
195273.411807,2515866.126422,0.0916758342500917,0.248624862486249,0.0531719838650532,0.0341034103410341,0.0716905023835717,0.500733406674001
195773.411807,2515866.126422,0.097985347985348,0.0716117216117216,0.0379120879120879,0.21996336996337,0.133333333333333,0.439194139194139
196273.411807,2515866.126422,0.0322344322344322,0.0941391941391941,0.0375457875457875,0.30952380952381,0.186630036630037,0.33992673992674
196773.411807,2515866.126422,0.0586725339200587,0.125779244591126,0.0293362669600293,0.210671067106711,0.14998166483315,0.425559222588926
197273.411807,2515866.126422,0.15970695970696,0.104212454212454,0.0611721611721612,0.245970695970696,0.167582417582418,0.261355311355311
197773.411807,2515866.126422,0.0686813186813187,0.056043956043956,0.0153846153846154,0.364102564102564,0.154578754578755,0.341208791208791
198273.411807,2515866.126422,0.125229189585625,0.153465346534653,0.0445544554455446,0.164649798313165,0.169050238357169,0.343050971763843
186273.411807,2515366.126422,0.671064687557266,0.0520432472054242,0.0053142752428074,0.00494777350192413,0.0256551218618288,0.24097489463075
186773.411807,2515366.126422,0.540099100752432,0.0211047898697009,0.00238575885483575,0.0682694072306845,0.154523765828592,0.213617177463755
187273.411807,2515366.126422,0.715019255455712,0.00311754997249221,0,0.000550155877498625,0.00275077938749312,0.278562259306804
187773.411807,2515366.126422,0.610408649441085,0.00146600696353308,0,0,0.00879604178119846,0.379329301814184
188273.411807,2515366.126422,0.498440080748761,0.00238575885483575,0,0.00330335841438796,0.0152321526885667,0.480638649293448
188773.411807,2515366.126422,0.392627911241518,0.0203557674674491,0.00696864111498258,0.0449293966623877,0.0711534934898221,0.46396479002384
189273.411807,2515366.126422,0.49660985889683,0.0124610591900312,0,0.000733003481766538,0.0575407733186733,0.432655305112699
189773.411807,2515366.126422,0.63497889521013,0.0176179115434025,0,0.00165167920719398,0.0337676637915214,0.311983850247752
190273.411807,2515366.126422,0.868512745277829,0,0,0,0,0.131487254722171
190773.411807,2515366.126422,0.518050210738501,0.03811618105186,0,0,0.000366501740883269,0.443467106468756
191273.411807,2515366.126422,0.686731510368875,0.00220223894292531,0,0.0409249403560286,0.0745090842356396,0.195632226096531
191773.411807,2515366.126422,0.590684027141023,0.0117366587199707,0,0.0982945167797543,0.16412983678709,0.135154960572162
192273.411807,2515366.126422,0.419461242440902,0.00439802089059923,0.00293201392706615,0.0251053692505039,0.0309693971046362,0.517133956386293
192773.411807,2515366.126422,0.310699210864379,0.0534042943659387,0,0.0212883097816113,0.0499174160396403,0.564690768948431
193273.411807,2515366.126422,0.0355767467449111,0.0210893086374473,0,0.126719237117183,0.176233266092059,0.640381441408399
193773.411807,2515366.126422,0.032618654938611,0.156496243357156,0.00128275609309144,0.308777716694154,0.143302180685358,0.357522448231629
194273.411807,2515366.126422,0,0.0304643053771334,0.338594237474766,0.606166269040191,0.0240411084602679,0.000734079647641769
194773.411807,2515366.126422,0.0122868145974693,0.651017788373372,0.00366770584999083,0.0823399963322941,0.0227397762699432,0.22794791857693
195273.411807,2515366.126422,0.0595565328935312,0.394539124060839,0.0498442367601246,0.0639545537841305,0.11544804837823,0.316657504123145
195773.411807,2515366.126422,0.0794641218572215,0.0409249403560286,0.034868783262984,0.205175261515874,0.189025509267756,0.450541383740136
196273.411807,2515366.126422,0.0805061434072987,0.123601687144691,0.0544654318723638,0.192921327709518,0.198056115899505,0.350449293966624
196773.411807,2515366.126422,0.0652373098772219,0.115814550119113,0.0892431739050761,0.204324720542423,0.147883452446399,0.377496793109767
197273.411807,2515366.126422,0.0559735731326849,0.101853551110295,0.0611121306661773,0.212883097816113,0.170489998164801,0.397687649109928
197773.411807,2515366.126422,0.0357601320374106,0.057582981844856,0.00916926462497708,0.522281313038694,0.110214560792224,0.264991747661838
198273.411807,2515366.126422,0.0524097489463075,0.0864944108484515,0.017042330951072,0.233095107201759,0.175004581271761,0.435953820780649
186273.411807,2514866.126422,0.754578754578755,0.148717948717949,0,0.000915750915750916,0.00586080586080586,0.0899267399267399
186773.411807,2514866.126422,0.699266055045872,0.00513761467889908,0.000917431192660551,0.00018348623853211,0.00605504587155963,0.288440366972477
187273.411807,2514866.126422,0.734177215189873,0.0177949000183453,0,0.00421940928270042,0.0148596587782058,0.228948816730875
187773.411807,2514866.126422,0.766483516483517,0.00293040293040293,0,0.000915750915750916,0.013003663003663,0.216666666666667
188273.411807,2514866.126422,0.621834862385321,0.013394495412844,0.00128440366972477,0.0137614678899083,0.0434862385321101,0.306238532110092
188773.411807,2514866.126422,0.31095211887727,0.0326545587965511,0.00091726288754357,0.0343056319941295,0.0623738763529628,0.558796551091543
189273.411807,2514866.126422,0.486446886446886,0.0258241758241758,0.000183150183150183,0.0141025641025641,0.0366300366300366,0.436813186813187
189773.411807,2514866.126422,0.53302752293578,0.0291743119266055,0.00036697247706422,0.00605504587155963,0.0321100917431193,0.399266055045872
190273.411807,2514866.126422,0.528710328380114,0.0405430196294258,0,0.00091726288754357,0.010273344340488,0.419556044762429
190773.411807,2514866.126422,0.229304029304029,0.0413919413919414,0,0.0567765567765568,0.0840659340659341,0.588461538461538
191273.411807,2514866.126422,0.392844036697248,0.000917431192660551,0,0.0018348623853211,0.0055045871559633,0.598899082568807
191773.411807,2514866.126422,0.490368739680793,0.00935608145294441,0.000183452577508714,0.073747936158503,0.086589616584113,0.339754173546138
192273.411807,2514866.126422,0.47032967032967,0.0518315018315018,0.000183150183150183,0.119230769230769,0.238095238095238,0.12032967032967
192773.411807,2514866.126422,0.290642201834862,0.0409174311926606,0,0.102935779816514,0.149357798165138,0.416146788990826
193273.411807,2514866.126422,0.0603558980003669,0.026967528893781,0,0.21830856723537,0.240689781691433,0.45367822417905
193773.411807,2514866.126422,0.0188644688644689,0.269230769230769,0.00293040293040293,0.0498168498168498,0.14010989010989,0.519047619047619
194273.411807,2514866.126422,0,0.0528440366972477,0.34,0.50954128440367,0.0502752293577982,0.0473394495412844
194773.411807,2514866.126422,0.0212804989910108,0.209319390937443,0,0.000183452577508714,0.0165107319757843,0.752705925518254
195273.411807,2514866.126422,0.0221611721611722,0.488278388278388,0.0871794871794872,0.0531135531135531,0.0661172161172161,0.283150183150183
195773.411807,2514866.126422,0.0748623853211009,0.0915596330275229,0.0607339449541284,0.142935779816514,0.121100917431193,0.508807339449541
196273.411807,2514866.126422,0.0273344340487984,0.098147128967162,0.0277013392038158,0.18693817648138,0.211520821867547,0.448358099431297
196773.411807,2514866.126422,0.13040293040293,0.0725274725274725,0.000732600732600733,0.296153846153846,0.152747252747253,0.347435897435897
197273.411807,2514866.126422,0.0262385321100917,0.0264220183486239,0.00458715596330275,0.759082568807339,0.0952293577981651,0.0884403669724771
197773.411807,2514866.126422,0.0588882773802972,0.0350394423041644,0.0194459732159237,0.550724637681159,0.159603742432581,0.176297926985874
198273.411807,2514866.126422,0.0423076923076923,0.0344322344322344,0.00567765567765568,0.466300366300366,0.158608058608059,0.292673992673993
186273.411807,2514366.126422,0.747891455812248,0.0451045104510451,0,0,0.00348368170150348,0.203520352035204
186773.411807,2514366.126422,0.702930402930403,0,0,0,0.00274725274725275,0.294322344322344
187273.411807,2514366.126422,0.501282051282051,0.0232600732600733,0,0.0117216117216117,0.0644688644688645,0.399267399267399
187773.411807,2514366.126422,0.804180418041804,0.0033003300330033,0,0.000183351668500183,0.00201686835350202,0.19031903190319
188273.411807,2514366.126422,0.637728937728938,0.010989010989011,0.000732600732600733,0.0556776556776557,0.122344322344322,0.172527472527473
188773.411807,2514366.126422,0.0576923076923077,0.0565934065934066,0.00604395604395604,0.428021978021978,0.357142857142857,0.0945054945054945
189273.411807,2514366.126422,0.53978731206454,0.0284195086175284,0.00256692335900257,0.162632929959663,0.12999633296663,0.136596993032637
189773.411807,2514366.126422,0.762637362637363,0.0446886446886447,0,0,0.00421245421245421,0.188461538461538
190273.411807,2514366.126422,0.421978021978022,0.0186813186813187,0,0.00567765567765568,0.0249084249084249,0.528754578754579
190773.411807,2514366.126422,0.317381738173817,0.0667400073340667,0,0.0311697836450312,0.1001100110011,0.484598459845985
191273.411807,2514366.126422,0.435347985347985,0.00402930402930403,0,0.00989010989010989,0.0311355311355311,0.51959706959707
191773.411807,2514366.126422,0.187179487179487,0.00476190476190476,0,0.0228937728937729,0.0558608058608059,0.729304029304029
192273.411807,2514366.126422,0.435093509350935,0.00605060506050605,0,0.033003300330033,0.1002933626696,0.425559222588926
192773.411807,2514366.126422,0.232967032967033,0.0252747252747253,0.000183150183150183,0.17985347985348,0.232967032967033,0.328754578754579
193273.411807,2514366.126422,0.0604395604395604,0.0496336996336996,0,0.0899267399267399,0.16025641025641,0.63974358974359
193773.411807,2514366.126422,0.0375870920425376,0.228639530619729,0.000183351668500183,0.101576824349102,0.167950128346168,0.464063072973964
194273.411807,2514366.126422,0,0.0287545787545788,0.621978021978022,0.194139194139194,0.0296703296703297,0.125457875457875
194773.411807,2514366.126422,0.0159340659340659,0.0782051282051282,0,0.000366300366300366,0.00402930402930403,0.901465201465201
195273.411807,2514366.126422,0.044004400440044,0.455078841217455,0.0456545654565457,0.0597726439310598,0.085991932526586,0.309497616428309
195773.411807,2514366.126422,0.0347985347985348,0.0734432234432234,0.0256410256410256,0.172527472527473,0.114468864468864,0.579120879120879
196273.411807,2514366.126422,0.0492673992673993,0.0987179487179487,0.114652014652015,0.188461538461538,0.197252747252747,0.351648351648352
196773.411807,2514366.126422,0.102493582691602,0.0946094609460946,0.0203520352035204,0.224422442244224,0.123395672900623,0.434726806013935
197273.411807,2514366.126422,0.0793040293040293,0.0133699633699634,0.00238095238095238,0.592490842490842,0.13003663003663,0.182417582417582
197773.411807,2514366.126422,0.0937728937728938,0.0974358974358974,0.000366300366300366,0.288095238095238,0.170512820512821,0.34981684981685
198273.411807,2514366.126422,0.0964429776310964,0.117345067840117,0.00183351668500183,0.152181884855152,0.162632929959663,0.46956362302897
186273.411807,2513866.126422,0.750778816199377,0.0619387942092725,0,0,0.00293201392706615,0.184350375664284
186773.411807,2513866.126422,0.71792989539365,0,0,0,0,0.28207010460635
187273.411807,2513866.126422,0.578030441958555,0.141023289932147,0,0.0097194205024757,0.037593984962406,0.233632862644416
187773.411807,2513866.126422,0.452446399120396,0.142569177203592,0.00751328568810702,0.0267546270844787,0.112516034451164,0.258200476452263
188273.411807,2513866.126422,0.796292897779409,0.000183519911910442,0,0.00220223894292531,0.00935951550743256,0.191961827858323
188773.411807,2513866.126422,0.53181734824867,0.030808729139923,0.00568494406748579,0.0990280579497524,0.0960938932697598,0.236567027324409
189273.411807,2513866.126422,0.602895363752978,0.0390324354040682,0.000366501740883269,0.0494777350192413,0.0954737035000916,0.212754260582738
189773.411807,2513866.126422,0.705083501559919,0.0047715177096715,0,0.000734079647641769,0.000917599559552211,0.288493301523215
190273.411807,2513866.126422,0.613240418118467,0.00110031175499725,0,0.000916926462497708,0.00458463231248854,0.38015771135155
190773.411807,2513866.126422,0.428807036833425,0.0406816932380429,0,0.000733003481766538,0.00384826827927433,0.525929998167491
191273.411807,2513866.126422,0.248485960726739,0.0611121306661773,0,0.0194531106625069,0.0554230133969536,0.615525784547623
191773.411807,2513866.126422,0.362002567394095,0.00550155877498625,0,0.017604988079956,0.0592334494773519,0.555657436273611
192273.411807,2513866.126422,0.365951988271944,0.000549752611324904,0,0.00586402785413231,0.0207073483599047,0.606926882902694
192773.411807,2513866.126422,0.133418975958892,0.0480822169205359,0,0.139108093228115,0.19067718847495,0.488713525417508
193273.411807,2513866.126422,0.0465798642948836,0.0674857876398313,0.000183385292499542,0.0121034293049697,0.105813313772235,0.76783421969558
193773.411807,2513866.126422,0.0109950522264981,0.266080263881253,0.0487447315374748,0.107385010078798,0.127725856697819,0.439069085578156
194273.411807,2513866.126422,0,0.0879060378051019,0.440814828408882,0.345200954303542,0.0222059093411635,0.10387227014131
194773.411807,2513866.126422,0.0104529616724739,0.00770218228498074,0,0,0,0.981844856042545
195273.411807,2513866.126422,0.0208905992303463,0.528495510353674,0.0168590800806304,0.017042330951072,0.0798973795125527,0.336815099871724
195773.411807,2513866.126422,0.103505230317489,0.0838685997430721,0.057258212516058,0.221141493852083,0.136538814461369,0.397687649109928
196273.411807,2513866.126422,0.14799193104713,0.081606455162296,0.0238400880249404,0.126902622409683,0.124518613607189,0.495140289748762
196773.411807,2513866.126422,0.15466373465274,0.0498442367601246,0.0558915154846986,0.227047828477185,0.137438152831226,0.375114531794026
197273.411807,2513866.126422,0.109010827674803,0.0433106992108644,0.0119287942741787,0.420811158010644,0.187557349972472,0.227381170857038
197773.411807,2513866.126422,0.0953603520997616,0.107280396112232,0.01998899688245,0.121034293049697,0.113698881349716,0.542637080506143
198273.411807,2513866.126422,0.10536925050394,0.117097306212205,0.0295033901411032,0.17262231995602,0.17152281473337,0.403884918453363
186273.411807,2513366.126422,0.555860805860806,0.0122710622710623,0,0.0238095238095238,0.0868131868131868,0.321245421245421
186773.411807,2513366.126422,0.660733944954128,0.0108256880733945,0.00018348623853211,0.015045871559633,0.0388990825688073,0.274311926605505
187273.411807,2513366.126422,0.616584113006788,0.156118143459916,0,0.0330214639515685,0.0565033938726839,0.137772885709044
187773.411807,2513366.126422,0.377838827838828,0.0701465201465201,0.000183150183150183,0.043956043956044,0.131318681318681,0.376556776556777
188273.411807,2513366.126422,0.548440366972477,0.0222018348623853,0.0229357798165138,0.00128440366972477,0.0201834862385321,0.384954128440367
188773.411807,2513366.126422,0.676940011007155,0,0,0,0.000183452577508714,0.322876536415337
189273.411807,2513366.126422,0.57014652014652,0.00989010989010989,0,0.00128205128205128,0.00915750915750916,0.40952380952381
189773.411807,2513366.126422,0.560733944954128,0.046605504587156,0,0.0165137614678899,0.0273394495412844,0.348807339449541
190273.411807,2513366.126422,0.296092460099064,0.00091726288754357,0,0.00110071546505228,0.0132085855806274,0.688680975967712
190773.411807,2513366.126422,0.191208791208791,0.0139194139194139,0,0.00641025641025641,0.0397435897435897,0.748717948717949
191273.411807,2513366.126422,0.230825688073394,0.00477064220183486,0,0.0185321100917431,0.0906422018348624,0.655229357798165
191773.411807,2513366.126422,0.377178499357916,0.0152265639332233,0,0.00220143093010457,0.0170610897083104,0.588332416070446
192273.411807,2513366.126422,0.183150183150183,0.0166666666666667,0,0.0695970695970696,0.145970695970696,0.584615384615385
192773.411807,2513366.126422,0.106238532110092,0.0453211009174312,0,0.137614678899083,0.161100917431193,0.549724770642202
193273.411807,2513366.126422,0.131718950651257,0.0251330031186938,0.00091726288754357,0.0409099247844432,0.122546321775821,0.678774536782242
193773.411807,2513366.126422,0.0408424908424908,0.171794871794872,0.194688644688645,0.175641025641026,0.0712454212454212,0.345787545787546
194273.411807,2513366.126422,0.00073394495412844,0.0108256880733945,0.43302752293578,0.48,0.0179816513761468,0.0574311926605505
194773.411807,2513366.126422,0.0155934690882407,0,0,0,0,0.984406530911759
195273.411807,2513366.126422,0.0399267399267399,0.291208791208791,0,0.0452380952380952,0.104395604395604,0.519230769230769
195773.411807,2513366.126422,0.0377981651376147,0.125688073394495,0.0741284403669725,0.19651376146789,0.120550458715596,0.445321100917431
196273.411807,2513366.126422,0.0680609062557329,0.276096129150615,0.0190790680609063,0.0843881856540084,0.0752155567785727,0.477160154100165
196773.411807,2513366.126422,0.0968864468864469,0.268864468864469,0.00347985347985348,0.080952380952381,0.122893772893773,0.426923076923077
197273.411807,2513366.126422,0.151192660550459,0.256697247706422,0.00440366972477064,0.151559633027523,0.111192660550459,0.324954128440367
197773.411807,2513366.126422,0.119977985690699,0.124564300128417,0.0744817464685379,0.183085672353697,0.191707943496606,0.306182351862044
198273.411807,2513366.126422,0.126190476190476,0.613919413919414,0.00366300366300366,0.0241758241758242,0.0441391941391941,0.187912087912088
186273.411807,2512866.126422,0.382104877154382,0.00678401173450678,0.00165016501650165,0.0339200586725339,0.1001100110011,0.475430876420975
186773.411807,2512866.126422,0.556776556776557,0.0278388278388278,0,0.00476190476190476,0.0137362637362637,0.396886446886447
187273.411807,2512866.126422,0.331684981684982,0.126923076923077,0.000183150183150183,0.0683150183150183,0.113369963369963,0.35952380952381
187773.411807,2512866.126422,0.569123579024569,0.0088008800880088,0,0.0055005500550055,0.0297029702970297,0.386872020535387
188273.411807,2512866.126422,0.808791208791209,0.000732600732600733,0,0.000915750915750916,0.00531135531135531,0.184249084249084
188773.411807,2512866.126422,0.56007326007326,0.0104395604395604,0,0.000183150183150183,0.0021978021978022,0.427106227106227
189273.411807,2512866.126422,0.544737807114045,0.00458379171250458,0,0.0033003300330033,0.0119178584525119,0.435460212687935
189773.411807,2512866.126422,0.542124542124542,0.11959706959707,0,0.0523809523809524,0.0663003663003663,0.21959706959707
190273.411807,2512866.126422,0.357142857142857,0.00549450549450549,0,0.0128205128205128,0.0228937728937729,0.601648351648352
190773.411807,2512866.126422,0.286945361202787,0.0390539053905391,0,0.00348368170150348,0.0111844517785112,0.659332599926659
191273.411807,2512866.126422,0.135531135531136,0.00824175824175824,0,0.0141025641025641,0.0659340659340659,0.776190476190476
191773.411807,2512866.126422,0.285164835164835,0.00274725274725275,0,0.0021978021978022,0.0144688644688645,0.695421245421245
192273.411807,2512866.126422,0.156032269893656,0.0280528052805281,0,0.07004033736707,0.143197653098643,0.602676934360103
192773.411807,2512866.126422,0.0963369963369963,0.0721611721611722,0,0.241575091575092,0.19029304029304,0.3996336996337
193273.411807,2512866.126422,0.107326007326007,0.189377289377289,0,0.107326007326007,0.178021978021978,0.417948717948718
193773.411807,2512866.126422,0.111111111111111,0.213788045471214,0.165933259992666,0.194352768610194,0.0632563256325633,0.251558489182252
194273.411807,2512866.126422,0,0.0404761904761905,0.349084249084249,0.532783882783883,0.0267399267399267,0.0509157509157509
194773.411807,2512866.126422,0.0137362637362637,0,0,0.000732600732600733,0,0.985531135531136
195273.411807,2512866.126422,0.0088008800880088,0.246057939127246,0,0.030986431976531,0.0528052805280528,0.661349468280161
195773.411807,2512866.126422,0.03003663003663,0.229120879120879,0.00201465201465201,0.0353479853479853,0.163553113553114,0.53992673992674
196273.411807,2512866.126422,0.0305860805860806,0.120879120879121,0.00201465201465201,0.151831501831502,0.0941391941391941,0.600549450549451
196773.411807,2512866.126422,0.0592225889255592,0.0973597359735974,0.0694902823615695,0.186651998533187,0.1996699669967,0.387605427209388
197273.411807,2512866.126422,0.0406593406593407,0.173809523809524,0.0998168498168498,0.308608058608059,0.146886446886447,0.23021978021978
197773.411807,2512866.126422,0.0285714285714286,0.332600732600733,0.0272893772893773,0.0549450549450549,0.0646520146520147,0.491941391941392
198273.411807,2512866.126422,0.00916758342500917,0.913641364136414,0,0.000183351668500183,0.00715071507150715,0.0698569856985699
186273.411807,2512366.126422,0.24885468205974,0.0758658603628367,0.000183250870441635,0.181418361737218,0.158695253802456,0.334982591167308
186773.411807,2512366.126422,0.363185905670765,0.104606349788952,0,0.160029363185906,0.107542668379519,0.264635712974858
187273.411807,2512366.126422,0.183568677792041,0.0638180817898405,0.0693196405648267,0.198789657069503,0.205391527599487,0.279112415184302
187773.411807,2512366.126422,0.145317940260216,0.043613707165109,0.0815466373465274,0.332783580722008,0.269378779549203,0.127359354956936
188273.411807,2512366.126422,0.650761607634428,0.0244081482840888,0.00862543585979079,0.026977427050835,0.0743255643237291,0.214901816847128
188773.411807,2512366.126422,0.481936548688795,0.0374105996699065,0.000366770584999083,0.024390243902439,0.0260407115349349,0.429855125618925
189273.411807,2512366.126422,0.480300531427524,0.0119113065787062,0,0.00201575957485798,0.00879604178119846,0.496976360637713
189773.411807,2512366.126422,0.498990640484493,0.0100935951550743,0,0.00458799779776106,0.0126628739218205,0.473664892640852
190273.411807,2512366.126422,0.219145424536952,0.00880249403997799,0,0.00678525582248304,0.026407482119934,0.738859343480653
190773.411807,2512366.126422,0.19736118746564,0.00311526479750779,0,0.0247388675096207,0.0729338464357706,0.701850833791461
191273.411807,2512366.126422,0.316938887869334,0.019086070838686,0,0.00807487612405946,0.00238575885483575,0.653514406313085
191773.411807,2512366.126422,0.337795708784155,0.0188886851274528,0,0.00678525582248304,0.0297084173849257,0.606821932880983
192273.411807,2512366.126422,0.101887483965549,0.0597397837639729,0,0.0656038116181052,0.100604727872457,0.672164192779916
192773.411807,2512366.126422,0.0411084602679391,0.122224261332355,0,0.116535144063131,0.129014498073041,0.591117636263535
193273.411807,2512366.126422,0.0920594168347699,0.273244085824317,0,0.0522648083623693,0.17586649550706,0.406565193471484
193773.411807,2512366.126422,0.0447132123877588,0.183617372182518,0.119662818398387,0.282389591350559,0.104086494410848,0.265530511269929
194273.411807,2512366.126422,0,0.0205542301339695,0.341714075977244,0.538997981280969,0.046063497889521,0.0526702147182969
194773.411807,2512366.126422,0.00550155877498625,0.0432789290298918,0,0.000366770584999083,0.00128369704749679,0.949569044562626
195273.411807,2512366.126422,0.0337181601612608,0.465457210921752,0.000916254352208173,0.00787978742899029,0.0454462158695254,0.446582371266263
195773.411807,2512366.126422,0.108460267939071,0.162598641952652,0,0.0306478252890439,0.0662506881996697,0.632042576619563
196273.411807,2512366.126422,0.0436456996148909,0.134971575279663,0.0715202640748212,0.205758298184486,0.154043645699615,0.390060517146525
196773.411807,2512366.126422,0.0269378779549203,0.147150448964633,0.116364302730438,0.200476452263148,0.130657870624885,0.378413047461975
197273.411807,2512366.126422,0.100018351991191,0.2407781244265,0.055606533308864,0.256744356762709,0.116535144063131,0.230317489447605
197773.411807,2512366.126422,0.00916926462497708,0.924261874197689,0,0.00110031175499725,0.0066018705299835,0.0588666788923528
198273.411807,2512366.126422,0.0053142752428074,0.927249404434671,0,0,0.00109950522264981,0.0663368150998717
186273.411807,2511866.126422,0.254945054945055,0.0840659340659341,0.000183150183150183,0.144688644688645,0.0782051282051282,0.437912087912088
186773.411807,2511866.126422,0.321651376146789,0.0891743119266055,0,0.153761467889908,0.0684403669724771,0.36697247706422
187273.411807,2511866.126422,0.211887727022565,0.129884424876169,0.0286186020913594,0.288937809576225,0.144377178499358,0.196294257934324
187773.411807,2511866.126422,0.315934065934066,0.0576923076923077,0.00476190476190476,0.0871794871794872,0.138461538461538,0.395970695970696
188273.411807,2511866.126422,0.426605504587156,0.0185321100917431,0,0.0957798165137615,0.0614678899082569,0.397614678899083
188773.411807,2511866.126422,0.55494404696386,0.0277013392038158,0.00532012474775271,0.145844799119428,0.0565033938726839,0.20968629609246
189273.411807,2511866.126422,0.524175824175824,0.00256410256410256,0,0.000915750915750916,0.00732600732600733,0.465018315018315
189773.411807,2511866.126422,0.679633027522936,0.00532110091743119,0,0.00311926605504587,0.00862385321100917,0.303302752293578
190273.411807,2511866.126422,0.255732893047147,0.0277013392038158,0,0.163456246560264,0.150798018712163,0.40231150247661
190773.411807,2511866.126422,0.433516483516484,0.0172161172161172,0,0.292673992673993,0.0727106227106227,0.183882783882784
191273.411807,2511866.126422,0.341467889908257,0.0275229357798165,0,0.0607339449541284,0.0889908256880734,0.481284403669725
191773.411807,2511866.126422,0.175013758943313,0.0132085855806274,0,0.133553476426344,0.177215189873418,0.501008989176298
192273.411807,2511866.126422,0.133150183150183,0.0542124542124542,0,0.115750915750916,0.130586080586081,0.566300366300366
192773.411807,2511866.126422,0.155779816513761,0.0427522935779817,0,0.0770642201834862,0.093394495412844,0.631009174311927
193273.411807,2511866.126422,0.0365070629242341,0.282883874518437,0,0.0875068794716566,0.201981287837094,0.391120895248578
193773.411807,2511866.126422,0.0179487179487179,0.141941391941392,0.370695970695971,0.257875457875458,0.102197802197802,0.109340659340659
194273.411807,2511866.126422,0,0.101100917431193,0.384036697247706,0.261100917431193,0.145504587155963,0.108256880733945
194773.411807,2511866.126422,0.00678774536782242,0.27958172812328,0,0.00935608145294441,0.0091726288754357,0.695101816180517
195273.411807,2511866.126422,0.0228937728937729,0.665384615384615,0.0230769230769231,0.00750915750915751,0.043040293040293,0.238095238095238
195773.411807,2511866.126422,0.14256880733945,0.400550458715596,0.00110091743119266,0.0552293577981651,0.0977981651376147,0.302752293577982
196273.411807,2511866.126422,0.0959456980370574,0.126031920748487,0.00403595670519171,0.0999816547422491,0.105852137222528,0.568152632544487
196773.411807,2511866.126422,0.0708791208791209,0.0155677655677656,0,0.039010989010989,0.0860805860805861,0.788461538461538
197273.411807,2511866.126422,0.19743119266055,0.140183486238532,0.00146788990825688,0.0532110091743119,0.0900917431192661,0.517614678899083
197773.411807,2511866.126422,0.0977802238121446,0.14694551458448,0,0.162905888827738,0.117226197028068,0.475142175747569
198273.411807,2511866.126422,0.0928571428571429,0.289010989010989,0.00677655677655678,0.244688644688645,0.105677655677656,0.260989010989011
186273.411807,2511366.126422,0.135680234690136,0.129446277961129,0.00311697836450312,0.385955262192886,0.162266226622662,0.183535020168684
186773.411807,2511366.126422,0.134432234432234,0.105860805860806,0.0113553113553114,0.296336996336996,0.166483516483516,0.285531135531136
187273.411807,2511366.126422,0.291391941391941,0.103846153846154,0.00677655677655678,0.379487179487179,0.0871794871794872,0.131318681318681
187773.411807,2511366.126422,0.0914924825815915,0.0342867620095343,0.00421708837550422,0.615511551155115,0.0993766043270994,0.155115511551155
188273.411807,2511366.126422,0.596886446886447,0.0626373626373626,0.000549450549450549,0.0113553113553114,0.0344322344322344,0.294139194139194
188773.411807,2511366.126422,0.180952380952381,0.0716117216117216,0.00952380952380952,0.38003663003663,0.120695970695971,0.237179487179487
189273.411807,2511366.126422,0.724055738907224,0.0295196186285295,0,0.000366703337000367,0.00348368170150348,0.242574257425743
189773.411807,2511366.126422,0.453846153846154,0.00457875457875458,0,0.00347985347985348,0.013003663003663,0.525091575091575
190273.411807,2511366.126422,0.30952380952381,0.0397435897435897,0,0.130769230769231,0.163369963369963,0.356593406593407
190773.411807,2511366.126422,0.567290062339567,0.011001100110011,0,0.0214521452145215,0.0815914924825816,0.318665199853319
191273.411807,2511366.126422,0.637912087912088,0.010989010989011,0,0.032051282051282,0.0893772893772894,0.22967032967033
191773.411807,2511366.126422,0.221062271062271,0.0217948717948718,0,0.204395604395604,0.175641025641026,0.377106227106227
192273.411807,2511366.126422,0.111111111111111,0.057022368903557,0,0.0542720938760543,0.0753575357535754,0.702236890355702
192773.411807,2511366.126422,0.126007326007326,0.146336996336996,0,0.0267399267399267,0.101648351648352,0.599267399267399
193273.411807,2511366.126422,0.0463369963369963,0.40970695970696,0,0.0216117216117216,0.115384615384615,0.406959706959707
193773.411807,2511366.126422,0,0.0188852218555189,0.768426842684268,0.176751008434177,0.0286028602860286,0.00733406674000733
194273.411807,2511366.126422,0.00402930402930403,0.145421245421245,0.0311355311355311,0.143406593406593,0.25,0.426007326007326
194773.411807,2511366.126422,0.00659340659340659,0.695970695970696,0,0,0.00146520146520147,0.295970695970696
195273.411807,2511366.126422,0.0403373670700403,0.555188852218555,0.00513384671800513,0.0152181884855152,0.0575724239090576,0.326549321598827
195773.411807,2511366.126422,0.0985347985347985,0.133699633699634,0,0.0871794871794872,0.134981684981685,0.545604395604396
196273.411807,2511366.126422,0.105311355311355,0.136996336996337,0,0.148717948717949,0.216849816849817,0.392124542124542
196773.411807,2511366.126422,0,0.0293362669600293,0,0.65988265493216,0.108360836083608,0.202420242024202
197273.411807,2511366.126422,0.0032967032967033,0.0945054945054945,0,0.417948717948718,0.113186813186813,0.371062271062271
197773.411807,2511366.126422,0,0.0681318681318681,0,0.407875457875458,0.0516483516483516,0.472344322344322
198273.411807,2511366.126422,0.0650898423175651,0.262192885955262,0,0.11991199119912,0.101026769343601,0.451778511184452
186273.411807,2510866.126422,0.341029869891882,0.0472787245739417,0.098772219168041,0.223382811068353,0.081729888216969,0.207806487080814
186773.411807,2510866.126422,0.478619930262433,0.0524866948063865,0.000183519911910442,0.0679023674068636,0.0271609469627455,0.37364654064966
187273.411807,2510866.126422,0.232899321474418,0.0251237850724372,0.00366770584999083,0.238767650834403,0.0715202640748212,0.42802127269393
187773.411807,2510866.126422,0.499358621953454,0.0120945574491479,0,0.0249221183800623,0.0313358988455195,0.432288803371816
188273.411807,2510866.126422,0.798311616810424,0,0,0,0,0.201688383189576
188773.411807,2510866.126422,0.721804511278195,0.00311754997249221,0,0.0137538969374656,0.0152209792774619,0.246103062534385
189273.411807,2510866.126422,0.338830859446582,0.0676195711929632,0,0.0403151914971596,0.0753161077515118,0.477918270111783
189773.411807,2510866.126422,0.35694622866581,0.0449623784180584,0.00275279867865663,0.0919434758671316,0.0756102037071022,0.427784914663241
190273.411807,2510866.126422,0.117549972492206,0.127269392994682,0.000183385292499542,0.150192554557125,0.198789657069503,0.406015037593985
190773.411807,2510866.126422,0.39124060839289,0.01905809052593,0.000183250870441635,0.0791643760307861,0.145501191130658,0.364852483049294
191273.411807,2510866.126422,0.164250321159846,0.00550559735731327,0,0.0512020554230134,0.322077445402826,0.456964580657001
191773.411807,2510866.126422,0.152209792774619,0.0548322024573629,0.000733541169998166,0.221712818631946,0.150926095727123,0.419585549238951
192273.411807,2510866.126422,0.104452996151732,0.0441634597764339,0,0.0568077698369067,0.097306212204508,0.69726956203042
192773.411807,2510866.126422,0.0372545421178198,0.105156909524683,0,0.0563406129565058,0.130849697192145,0.670398238208846
193273.411807,2510866.126422,0.0115532734274711,0.192371171832019,0.117916743077205,0.460480469466349,0.0328259673574179,0.184852374839538
193773.411807,2510866.126422,0,0.150632215503024,0.365035733919736,0.306761957119296,0.0872274143302181,0.0903426791277259
194273.411807,2510866.126422,0.00311983850247752,0.418608919067719,0,0.0638649293448339,0.02073775004588,0.49366856303909
194773.411807,2510866.126422,0.00935264991747662,0.675591417568311,0.000733541169998166,0.00843572345497891,0.0245736291949386,0.281313038694297
195273.411807,2510866.126422,0.0282206340480117,0.581088510170423,0.00183250870441635,0.12222833058457,0.0557082646142569,0.210921751878321
195773.411807,2510866.126422,0.0141310332171041,0.152321526885667,0,0.447054505413837,0.122774821068086,0.263718113415306
196273.411807,2510866.126422,0.0119200440124702,0.168897854392078,0,0.493306436823767,0.180451127819549,0.145424536952136
196773.411807,2510866.126422,0.255268462525197,0.0729338464357706,0,0.229063588052043,0.108484515301448,0.334249587685542
197273.411807,2510866.126422,0.31528720866214,0.060561570930446,0,0.18241879243898,0.0789135621214902,0.362818865846944
197773.411807,2510866.126422,0.297634329726756,0.0462130937098845,0.000183385292499542,0.141206675224647,0.0548322024573629,0.45993031358885
198273.411807,2510866.126422,0.136155396738135,0.0172255818215137,0.00128275609309144,0.41707898112516,0.154297232911856,0.273960051310244
186273.411807,2510366.126422,0.286630036630037,0.0617216117216117,0.000183150183150183,0.174175824175824,0.095970695970696,0.381318681318681
186773.411807,2510366.126422,0.381651376146789,0.0267889908256881,0.0757798165137615,0.0302752293577982,0.0344954128440367,0.451009174311927
187273.411807,2510366.126422,0.379379930288021,0.0306365804439552,0.000366905155017428,0.00513667217024399,0.00697119794533113,0.577508713997432
187773.411807,2510366.126422,0.42014652014652,0.043956043956044,0.000366300366300366,0.0426739926739927,0.0501831501831502,0.442673992673993
188273.411807,2510366.126422,0.657064220183486,0.013394495412844,0,0,0.00293577981651376,0.326605504587156
188773.411807,2510366.126422,0.514401027334434,0.00623738763529628,0,0.00330214639515685,0.0242157402311502,0.451843698403963
189273.411807,2510366.126422,0.468131868131868,0.126739926739927,0,0.019047619047619,0.0371794871794872,0.348901098901099
189773.411807,2510366.126422,0.268256880733945,0.048256880733945,0,0.00605504587155963,0.0264220183486239,0.651009174311927
190273.411807,2510366.126422,0.311869381764814,0.0576041093377362,0,0.0155934690882407,0.0315538433314988,0.583379196477711
