"x","y","forest","agri","water","built","other","grass"
152773.411807,2558366.126422,0.231162790697674,0.0581395348837209,0.338837209302326,0.283953488372093,0.087906976744186,0
153273.411807,2558366.126422,0.00162639405204461,0.00255576208178439,0.989544609665427,0.00580855018587361,0.000464684014869888,0
153773.411807,2558366.126422,0,0,0.385474860335196,0.614525139664804,0,0
154273.411807,2558366.126422,0,0,0,1,0,0
154773.411807,2558366.126422,0,0,0,1,0,0
155273.411807,2558366.126422,0.0141992551210428,0.0484171322160149,0,0.92574487895717,0.00698324022346369,0.00465549348230913
155773.411807,2558366.126422,0,0.0541860465116279,0.033953488372093,0.874883720930233,0.0267441860465116,0.0102325581395349
156273.411807,2558366.126422,0,0.0473977695167286,0.537174721189591,0.393587360594796,0.00766728624535316,0.0141728624535316
156773.411807,2558366.126422,0,0.0607541899441341,0.861033519553073,0.0600558659217877,0.00861266294227188,0.00954376163873371
157273.411807,2558366.126422,0.000697674418604651,0.0862790697674419,0.738139534883721,0.152325581395349,0.0072093023255814,0.0153488372093023
157773.411807,2558366.126422,0,0.0618029739776952,0.780901486988848,0.129646840148699,0.00557620817843866,0.0220724907063197
158273.411807,2558366.126422,0.000465549348230912,0.0288640595903166,0.543761638733706,0.41852886405959,0.00256052141527002,0.00581936685288641
158773.411807,2558366.126422,0.000232558139534884,0.162558139534884,0.688837209302326,0.0693023255813953,0.0102325581395349,0.0688372093023256
159273.411807,2558366.126422,0.0078996282527881,0.0861988847583643,0.569702602230483,0.25092936802974,0.00650557620817844,0.0787639405204461
159773.411807,2558366.126422,0.00605214152700186,0.168761638733706,0.377327746741155,0.247206703910615,0.0446927374301676,0.155959031657356
160273.411807,2558366.126422,0.0306328093510681,0.215235792019347,0.375251914550584,0.141878274889158,0.0294236195082628,0.20757758968158
152773.411807,2557866.126422,0.0010989010989011,0.015018315018315,0.802014652014652,0.164102564102564,0.0155677655677656,0.0021978021978022
153273.411807,2557866.126422,0,0,0.573707370737074,0.426292629262926,0,0
153773.411807,2557866.126422,0,0,0.0287545787545788,0.971245421245421,0,0
154273.411807,2557866.126422,0.000549450549450549,0.043040293040293,0,0.91996336996337,0.0106227106227106,0.0258241758241758
154773.411807,2557866.126422,0.00513384671800513,0.0617895122845618,0,0.923909057572424,0.0066006600660066,0.00256692335900257
155273.411807,2557866.126422,0.00586080586080586,0.0201465201465201,0.475091575091575,0.495787545787546,0.00274725274725275,0.000366300366300366
155773.411807,2557866.126422,0,0.121062271062271,0.412271062271062,0.391575091575092,0.0326007326007326,0.0424908424908425
156273.411807,2557866.126422,0,0.0388705537220389,0.66960029336267,0.27026035936927,0.015951595159516,0.00531719838650532
156773.411807,2557866.126422,0.00421245421245421,0.0705128205128205,0.6996336996337,0.0580586080586081,0.0117216117216117,0.155860805860806
157273.411807,2557866.126422,0.0106227106227106,0.0232600732600733,0.886263736263736,0.0767399267399267,0.00311355311355311,0
157773.411807,2557866.126422,0.00348368170150348,0.0726072607260726,0.705720572057206,0.164099743307664,0.0207187385405207,0.0333700036670334
158273.411807,2557866.126422,0,0.102930402930403,0.525091575091575,0.263919413919414,0.0545787545787546,0.0534798534798535
158773.411807,2557866.126422,0.00183150183150183,0.0765567765567766,0.377289377289377,0.513369963369963,0.00860805860805861,0.0223443223443223
159273.411807,2557866.126422,0,0.00531719838650532,0.391822515584892,0.601576824349102,0.00128346167950128,0
159773.411807,2557866.126422,0.000549450549450549,0.206227106227106,0.116849816849817,0.462271062271062,0.0463369963369963,0.167765567765568
160273.411807,2557866.126422,0.00282752120640905,0.190700596921144,0.356896010053409,0.303487276154571,0.061262959472196,0.0848256361922714
152273.411807,2557366.126422,0,0,0.915030280785465,0.0849697192145348,0,0
152773.411807,2557366.126422,0,0.000916926462497708,0.598569594718504,0.399046396479002,0.00146708233999633,0
153273.411807,2557366.126422,0.000916254352208173,0.0738501007879787,0.166391790361004,0.717427157778999,0.00641378046545721,0.0350009162543522
153773.411807,2557366.126422,0,0.090475316571848,0.00201871903101487,0.880161497522481,0.00458799779776106,0.0227564690768948
154273.411807,2557366.126422,0.000183385292499542,0.0458463231248854,0.206675224646983,0.738125802310655,0.00366770584999083,0.00550155877498625
154773.411807,2557366.126422,0.00513102437236577,0.0745831042697453,0.563129924867143,0.26681326736302,0.0254718709913872,0.0648708081363387
155273.411807,2557366.126422,0.0277115066984768,0.167370159662323,0.608001468159295,0.092126995779042,0.0458799779776106,0.058909891723252
155773.411807,2557366.126422,0.0141206675224647,0.285897671006785,0.454061984228865,0.0445626260773886,0.0561158995048597,0.145241151659637
156273.411807,2557366.126422,0,0.0824628916987356,0.422393256367968,0.432105552501374,0.0197910940076965,0.0432472054242258
156773.411807,2557366.126422,0.0012846393833731,0.0943292347219673,0.294916498440081,0.420627638098734,0.039823820884566,0.149018168471279
157273.411807,2557366.126422,0,0.0278745644599303,0.691545938015771,0.250320924261874,0.0139372822299652,0.0163212910324592
157773.411807,2557366.126422,0,0.0984057174271578,0.811984606926883,0.0696353307678211,0.00568077698369067,0.0142935678944475
158273.411807,2557366.126422,0.00183519911910442,0.114516425032116,0.753165718480455,0.0666177280234905,0.009543035419343,0.0543218939254909
158773.411807,2557366.126422,0,0.0825233816247937,0.469833119383825,0.418668622776453,0.00788556757748029,0.0210893086374473
159273.411807,2557366.126422,0.000366501740883269,0.00439802089059923,0.241707898112516,0.748579805754077,0.00494777350192413,0
159773.411807,2557366.126422,0.00715727656450725,0.139475133051936,0.0012846393833731,0.69297118737383,0.071389245733162,0.0877225178931914
160273.411807,2557366.126422,0.0169864737338786,0.211072664359862,0.361119849009122,0.159484114501416,0.0497011638880151,0.201635734507707
151773.411807,2556866.126422,0,0.00311355311355311,0.90970695970696,0.0838827838827839,0.00201465201465201,0.00128205128205128
152273.411807,2556866.126422,0,0.0475229357798165,0.648807339449541,0.262018348623853,0.00165137614678899,0.04
152773.411807,2556866.126422,0,0.248578242524307,0.19537699504678,0.503026967528894,0.002568336085122,0.0504494588148963
153273.411807,2556866.126422,0.00238095238095238,0.0714285714285714,0.596886446886447,0.327472527472527,0.0010989010989011,0.000732600732600733
153773.411807,2556866.126422,0.00293577981651376,0.0928440366972477,0.542752293577982,0.34605504587156,0.00972477064220183,0.00568807339449541
154273.411807,2556866.126422,0,0.0623738763529628,0.825720051366722,0.0935608145294441,0.0078884608328747,0.0104567969179967
154773.411807,2556866.126422,0,0.0666666666666667,0.885714285714286,0.0227106227106227,0.0166666666666667,0.00824175824175824
155273.411807,2556866.126422,0.0188990825688073,0.0845871559633028,0.697064220183486,0.0642201834862385,0.0355963302752294,0.0996330275229358
155773.411807,2556866.126422,0,0.0792515134837644,0.687213355347643,0.0442120711796001,0.0199963309484498,0.169326729040543
156273.411807,2556866.126422,0,0.112820512820513,0.680769230769231,0.0294871794871795,0.0221611721611722,0.154761904761905
156773.411807,2556866.126422,0.00201834862385321,0.0688073394495413,0.71045871559633,0.17651376146789,0.0155963302752294,0.026605504587156
157273.411807,2556866.126422,0,0.0363236103467254,0.899467987525225,0.0480645753072831,0.0111906072280316,0.00495321959273528
157773.411807,2556866.126422,0.00238095238095238,0.0637362637362637,0.843406593406593,0.0564102564102564,0.0144688644688645,0.0195970695970696
158273.411807,2556866.126422,0,0.0954128440366973,0.73651376146789,0.084954128440367,0.0242201834862385,0.0588990825688073
158773.411807,2556866.126422,0.000733810310034856,0.0979636763896533,0.504311135571455,0.260319207484865,0.0594386351128233,0.0772335351311686
159273.411807,2556866.126422,0.0214285714285714,0.0860805860805861,0.377472527472527,0.409157509157509,0.0241758241758242,0.0816849816849817
159773.411807,2556866.126422,0.00403669724770642,0.144036697247706,0.0845871559633028,0.560183486238532,0.0387155963302752,0.168440366972477
160273.411807,2556866.126422,0.00755429650613787,0.111740635819956,0.230720805791627,0.498268807050677,0.051306263770853,0.100409191060749
151773.411807,2556366.126422,0.0044004400440044,0.147781444811148,0.442427576090942,0.15951595159516,0.0190685735240191,0.226806013934727
152273.411807,2556366.126422,0,0.211904761904762,0.333516483516483,0.262087912087912,0.0126373626373626,0.17985347985348
152773.411807,2556366.126422,0,0.116666666666667,0.627289377289377,0.228021978021978,0.00238095238095238,0.0256410256410256
153273.411807,2556366.126422,0,0.0383204987165383,0.723322332233223,0.233223322332233,0.00385038503850385,0.00128346167950128
153773.411807,2556366.126422,0,0.00897435897435897,0.697619047619048,0.291391941391941,0.0010989010989011,0.000915750915750916
154273.411807,2556366.126422,0.000366300366300366,0.0324175824175824,0.83003663003663,0.133699633699634,0.0032967032967033,0.000183150183150183
154773.411807,2556366.126422,0.00128346167950128,0.05995599559956,0.853868720205354,0.0663733039970664,0.00568390172350568,0.0128346167950128
155273.411807,2556366.126422,0.010989010989011,0.113369963369963,0.53003663003663,0.311538461538462,0.0128205128205128,0.0212454212454212
155773.411807,2556366.126422,0,0.0860805860805861,0.804029304029304,0.0952380952380952,0.00860805860805861,0.00604395604395604
156273.411807,2556366.126422,0,0.0507884121745508,0.682801613494683,0.239090575724239,0.0155848918225156,0.0117345067840117
156773.411807,2556366.126422,0.0021978021978022,0.196336996336996,0.532051282051282,0.056043956043956,0.0470695970695971,0.166300366300366
157273.411807,2556366.126422,0,0.0855311355311355,0.826007326007326,0.047985347985348,0.0221611721611722,0.0183150183150183
157773.411807,2556366.126422,0,0.0742574257425743,0.795746241290796,0.048038137147048,0.0238357169050238,0.0581224789145581
158273.411807,2556366.126422,0.00293040293040293,0.0974358974358974,0.68021978021978,0.0862637362637363,0.0335164835164835,0.0996336996336996
158773.411807,2556366.126422,0.0267399267399267,0.246520146520147,0.195421245421245,0.133882783882784,0.0904761904761905,0.306959706959707
159273.411807,2556366.126422,0.146497983131646,0.243491015768244,0.0465713237990466,0.172900623395673,0.105427209387605,0.285111844517785
159773.411807,2556366.126422,0.0771062271062271,0.193406593406593,0.0617216117216117,0.373809523809524,0.123809523809524,0.17014652014652
160273.411807,2556366.126422,0.0895381715362865,0.269557021677663,0.121897580898523,0.276782909205152,0.102419101476594,0.139805215205781
151273.411807,2555866.126422,0,0.0872913992297818,0.495323675041262,0.312671923711718,0.00733541169998166,0.0973775903172566
151773.411807,2555866.126422,0,0.252702950339014,0.230346344145135,0.230712845886018,0.0111783030969397,0.275059556532894
152273.411807,2555866.126422,0,0.156726004771518,0.608919067718848,0.127179298953937,0.0143145531290145,0.0928610754266838
152773.411807,2555866.126422,0,0.0326425820649184,0.919127086007702,0.0465798642948836,0.00110031175499725,0.000550155877498625
153273.411807,2555866.126422,0,0.028587135788895,0.612790910756826,0.328935312442734,0.0241891148982958,0.00549752611324904
153773.411807,2555866.126422,0,0.0143145531290145,0.611488346485594,0.370710222059093,0.0034868783262984,0
154273.411807,2555866.126422,0.00110031175499725,0.0251237850724372,0.939116082890152,0.013203741059967,0.00110031175499725,0.0203557674674491
154773.411807,2555866.126422,0.00787978742899029,0.0888766721641928,0.803921568627451,0.0560747663551402,0.0126443100604728,0.030602895363753
155273.411807,2555866.126422,0.00293631859056708,0.0814828408882364,0.787483942007708,0.100752431638833,0.0220223894292531,0.00532207744540283
155773.411807,2555866.126422,0.0163212910324592,0.322941500091693,0.282229965156794,0.0863744727672841,0.015587749862461,0.276545021089309
156273.411807,2555866.126422,0.00733003481766538,0.240058640278541,0.455744914788345,0.130474619754444,0.0542422576507238,0.11214953271028
156773.411807,2555866.126422,0.02073775004588,0.130849697192145,0.413470361534226,0.224628372178381,0.0704716461736098,0.139842172875757
157273.411807,2555866.126422,0.00165046763249587,0.150926095727123,0.479002384008803,0.0902255639097744,0.0651017788373372,0.213093709884467
157773.411807,2555866.126422,0.01905809052593,0.219901044529962,0.26681326736302,0.0617555433388309,0.111783030969397,0.320689023272861
158273.411807,2555866.126422,0.0122958340979996,0.263534593503395,0.128280418425399,0.202973022572949,0.142778491466324,0.250137639933933
158773.411807,2555866.126422,0.0548322024573629,0.46781588116633,0.00421786172748946,0.0517146524848707,0.0630845406198423,0.358334861544104
159273.411807,2555866.126422,0.155213487264065,0.355140186915888,0,0.11544804837823,0.0967564595931831,0.277441817848635
159773.411807,2555866.126422,0.111763626353459,0.138190493668563,0.000367039823820885,0.158010644154891,0.114699944944026,0.476968251055239
160273.411807,2555866.126422,0.149103491664045,0.331550802139037,0,0.142183076439132,0.195973576596414,0.181189053161371
151273.411807,2555366.126422,0.00275178866263071,0.271509814712897,0.476793248945148,0.148229682627041,0.0170610897083104,0.0836543753439736
151773.411807,2555366.126422,0,0.401831501831502,0.346703296703297,0.188827838827839,0.000366300366300366,0.0622710622710623
152273.411807,2555366.126422,0.00055045871559633,0.169908256880734,0.753211009174312,0.0315596330275229,0.0104587155963303,0.0343119266055046
152773.411807,2555366.126422,0,0.0104567969179967,0.924967895798936,0.0574206567602275,0.00440286186020914,0.00275178866263071
153273.411807,2555366.126422,0,0.000732600732600733,0.842490842490842,0.1503663003663,0.00641025641025641,0
153773.411807,2555366.126422,0,0.0192660550458716,0.822018348623853,0.151376146788991,0.00605504587155963,0.00128440366972477
154273.411807,2555366.126422,0.00201797835259585,0.0735644835809943,0.793065492570171,0.117593102183086,0.0104567969179967,0.00330214639515685
154773.411807,2555366.126422,0.0518315018315018,0.0820512820512821,0.792307692307692,0.0399267399267399,0.0131868131868132,0.0206959706959707
155273.411807,2555366.126422,0.00348623853211009,0.103302752293578,0.670091743119266,0.0559633027522936,0.0113761467889908,0.155779816513761
155773.411807,2555366.126422,0.00990643918547056,0.222711429095579,0.364887176664832,0.315538433314988,0.0152265639332233,0.0717299578059072
156273.411807,2555366.126422,0.00750915750915751,0.143406593406593,0.229304029304029,0.428021978021978,0.0490842490842491,0.142673992673993
156773.411807,2555366.126422,0.00458715596330275,0.127706422018349,0.434128440366972,0.152293577981651,0.149908256880734,0.131376146788991
157273.411807,2555366.126422,0.00513667217024399,0.090442120711796,0.414052467437168,0.325628325077967,0.0909924784443221,0.073747936158503
157773.411807,2555366.126422,0.0547619047619048,0.282234432234432,0.222161172161172,0.163369963369963,0.0703296703296703,0.207142857142857
158273.411807,2555366.126422,0.0055045871559633,0.208623853211009,0.0873394495412844,0.331009174311927,0.145321100917431,0.222201834862385
158773.411807,2555366.126422,0.0066042927903137,0.389653274628509,0.109521188772702,0.0893414052467437,0.0957622454595487,0.309117593102183
159273.411807,2555366.126422,0.115201465201465,0.298901098901099,0.136630036630037,0.113186813186813,0.0763736263736264,0.25970695970696
159773.411807,2555366.126422,0.0478899082568807,0.378532110091743,0,0.254128440366972,0.131559633027523,0.187889908256881
160273.411807,2555366.126422,0.0198300283286119,0.455775889203651,0,0.105445388731508,0.072710103871577,0.346238589864652
151273.411807,2554866.126422,0.00531135531135531,0.235347985347985,0.605128205128205,0.0884615384615385,0.00989010989010989,0.0558608058608059
151773.411807,2554866.126422,0,0.363219655298863,0.374037403740374,0.0815914924825816,0.00165016501650165,0.17950128346168
152273.411807,2554866.126422,0,0.143956043956044,0.834981684981685,0.0115384615384615,0.00238095238095238,0.00714285714285714
152773.411807,2554866.126422,0.00238095238095238,0.0543956043956044,0.874725274725275,0.0507326007326007,0.00714285714285714,0.0106227106227106
153273.411807,2554866.126422,0.00458379171250458,0.030986431976531,0.863769710304364,0.0942427576090942,0.00476714338100477,0.00165016501650165
153773.411807,2554866.126422,0.00512820512820513,0.0353479853479853,0.85952380952381,0.0776556776556777,0.0201465201465201,0.0021978021978022
154273.411807,2554866.126422,0.000732600732600733,0.0463369963369963,0.864835164835165,0.0454212454212454,0.0336996336996337,0.00897435897435897
154773.411807,2554866.126422,0.015034836817015,0.124129079574624,0.715804913824716,0.0848918225155849,0.0275027502750275,0.0326365969930326
155273.411807,2554866.126422,0.00402930402930403,0.125274725274725,0.384249084249084,0.195970695970696,0.0692307692307692,0.221245421245421
155773.411807,2554866.126422,0.0333333333333333,0.163369963369963,0.250732600732601,0.131318681318681,0.0683150183150183,0.352930402930403
156273.411807,2554866.126422,0.0106343967730106,0.125595892922626,0.144664466446645,0.170700403373671,0.129446277961129,0.418958562522919
156773.411807,2554866.126422,0.0335164835164835,0.0756410256410256,0.289194139194139,0.231868131868132,0.261355311355311,0.108424908424908
157273.411807,2554866.126422,0.00164835164835165,0.156959706959707,0.195604395604396,0.238461538461538,0.186080586080586,0.221245421245421
157773.411807,2554866.126422,0.150531719838651,0.23010634396773,0.00678401173450678,0.151448478181151,0.167766776677668,0.293362669600293
158273.411807,2554866.126422,0.0131868131868132,0.343223443223443,0.0527472527472527,0.286630036630037,0.0904761904761905,0.213736263736264
158773.411807,2554866.126422,0.01996336996337,0.456593406593407,0.000183150183150183,0.117216117216117,0.122344322344322,0.283699633699634
159273.411807,2554866.126422,0.0122845617895123,0.154748808214155,0.335533553355336,0.134763476347635,0.115694902823616,0.246974697469747
159773.411807,2554866.126422,0.0166666666666667,0.258791208791209,0.25,0.217582417582418,0.0888278388278388,0.168131868131868
160273.411807,2554866.126422,0.0537229029217719,0.234684260131951,0.0782280867106503,0.202953188815583,0.161168708765316,0.269242852654728
151273.411807,2554366.126422,0,0.129470016504676,0.587199706583532,0.228864845039428,0.0194388410049514,0.0350265908674124
151773.411807,2554366.126422,0.000549752611324904,0.352941176470588,0.338097855964816,0.0863111599780099,0.0309693971046362,0.191130657870625
152273.411807,2554366.126422,0.00238575885483575,0.0574417324279684,0.881629656817765,0.0418425399155808,0.00330335841438796,0.0133969535694623
152773.411807,2554366.126422,0.00110031175499725,0.044379240784889,0.732624243535668,0.203741059966991,0.00275077938749312,0.0154043645699615
153273.411807,2554366.126422,0,0.0412314458493678,0.912039582188015,0.0390324354040682,0.0053142752428074,0.00238226131574125
153773.411807,2554366.126422,0.00110111947146265,0.0877225178931914,0.620847861993026,0.237474766012112,0.0405579005322077,0.0122958340979996
154273.411807,2554366.126422,0.00770218228498074,0.0581331377223547,0.664955070603338,0.194755180634513,0.00898587933247754,0.0654685494223363
154773.411807,2554366.126422,0.000183250870441635,0.0676195711929632,0.834341213120762,0.0538757559098406,0.00549752611324904,0.0384826827927433
155273.411807,2554366.126422,0.0115617544503579,0.160029363185906,0.478619930262433,0.0565241328684162,0.0284455863461186,0.264819232886768
155773.411807,2554366.126422,0.0163212910324592,0.0832569227947919,0.50009169264625,0.0896754080322758,0.0827067669172932,0.22794791857693
156273.411807,2554366.126422,0.00879604178119846,0.125893347993403,0.200476452263148,0.284405350925417,0.167491295583654,0.212937511453179
156773.411807,2554366.126422,0.0339511837034318,0.0787300422095797,0.049366856303909,0.268673151036887,0.132134336575518,0.437144430170674
157273.411807,2554366.126422,0.0267742527049331,0.109664404914726,0.183752063084541,0.290298918026774,0.13992297817715,0.249587383091876
157773.411807,2554366.126422,0.0152098222466557,0.176837089976177,0.116181051859996,0.256184716877405,0.155763239875389,0.279824079164376
158273.411807,2554366.126422,0.000183519911910442,0.164984400807488,0.245366122224261,0.271058909891723,0.126812259130116,0.191594788034502
158773.411807,2554366.126422,0.013203741059967,0.174216027874564,0.411516596368971,0.145791307537136,0.0858243168897854,0.169448010269576
159273.411807,2554366.126422,0.00659703133589885,0.0619387942092725,0.551951621770203,0.11324903793293,0.03811618105186,0.228147333699835
159773.411807,2554366.126422,0.00807487612405946,0.0827674802716095,0.495687282070105,0.220774454028262,0.0706551660855203,0.122040741420444
160273.411807,2554366.126422,0,0.221453287197232,0.401069518716578,0.16766278703995,0.0380622837370242,0.171752123309217
151273.411807,2553866.126422,0.000733810310034856,0.081452944413869,0.487433498440653,0.367272060172445,0.0181618051733627,0.0449458814896349
151773.411807,2553866.126422,0.00128205128205128,0.166300366300366,0.537728937728938,0.27032967032967,0.000732600732600733,0.0236263736263736
152273.411807,2553866.126422,0,0.0176146788990826,0.900550458715596,0.0809174311926606,0.000917431192660551,0
152773.411807,2553866.126422,0.00146762062006971,0.0616400660429279,0.63768115942029,0.295175197211521,0.00238488350761328,0.00165107319757843
153273.411807,2553866.126422,0.00146520146520147,0.0452380952380952,0.851282051282051,0.0851648351648352,0.00604395604395604,0.0108058608058608
153773.411807,2553866.126422,0.00440366972477064,0.0269724770642202,0.867706422018349,0.0825688073394495,0.00513761467889908,0.0132110091743119
154273.411807,2553866.126422,0,0.0946615299944964,0.737846266740048,0.075032104201064,0.0232984773436067,0.0691616217207852
154773.411807,2553866.126422,0.00201465201465201,0.162820512820513,0.645604395604396,0.0672161172161172,0.032967032967033,0.0893772893772894
155273.411807,2553866.126422,0.00954128440366972,0.084954128440367,0.520183486238532,0.024954128440367,0.0203669724770642,0.34
155773.411807,2553866.126422,0.000550357732526142,0.168042560997982,0.187488534213906,0.105485232067511,0.0999816547422491,0.438451660245826
156273.411807,2553866.126422,0,0.230586080586081,0.043040293040293,0.255128205128205,0.208791208791209,0.262454212454212
156773.411807,2553866.126422,0.0218348623853211,0.188807339449541,0.235412844036697,0.226788990825688,0.14,0.187155963302752
157273.411807,2553866.126422,0,0.0343056319941295,0.680609062557329,0.10420106402495,0.0209135938359934,0.159970647587599
157773.411807,2553866.126422,0.0108058608058608,0.00677655677655678,0.486813186813187,0.138095238095238,0.030952380952381,0.326556776556777
158273.411807,2553866.126422,0,0.0422018348623853,0.232110091743119,0.0704587155963303,0.0414678899082569,0.613761467889908
158773.411807,2553866.126422,0,0.161805173362686,0.15116492386718,0.357365620986975,0.261603375527426,0.0680609062557329
159273.411807,2553866.126422,0,0.327106227106227,0.0888278388278388,0.265750915750916,0.201282051282051,0.117032967032967
159773.411807,2553866.126422,0,0.401834862385321,0.195229357798165,0.161651376146789,0.164403669724771,0.0768807339449541
160273.411807,2553866.126422,0.00314762354422411,0.357570034623859,0.261567516525024,0.167768334907145,0.0827824992130941,0.127163991186654
151273.411807,2553366.126422,0,0.0377289377289377,0.182234432234432,0.736996336996337,0.0243589743589744,0.0186813186813187
151773.411807,2553366.126422,0,0.0551888522185552,0.53025302530253,0.372387238723872,0.00971763843050972,0.0324532453245325
152273.411807,2553366.126422,0,0.0481684981684982,0.263369963369963,0.646336996336996,0.0032967032967033,0.0388278388278388
152773.411807,2553366.126422,0.00384615384615385,0.0358974358974359,0.380952380952381,0.539377289377289,0.0102564102564103,0.0296703296703297
153273.411807,2553366.126422,0,0.0465713237990466,0.653465346534653,0.264759809314265,0.00916758342500917,0.026035936927026
153773.411807,2553366.126422,0.000366300366300366,0.0827838827838828,0.721245421245421,0.151831501831502,0.0234432234432234,0.0203296703296703
154273.411807,2553366.126422,0,0.0717948717948718,0.741391941391941,0.116666666666667,0.0163003663003663,0.0538461538461538
154773.411807,2553366.126422,0,0.193986065273194,0.604877154382105,0.0535386872020535,0.0181518151815182,0.129446277961129
155273.411807,2553366.126422,0,0.132967032967033,0.647435897435897,0.0287545787545788,0.0122710622710623,0.178571428571429
155773.411807,2553366.126422,0,0.256043956043956,0.0153846153846154,0.126556776556777,0.104945054945055,0.497069597069597
156273.411807,2553366.126422,0.00256692335900257,0.628529519618629,0.0412541254125413,0.0986431976530986,0.037953795379538,0.191052438577191
156773.411807,2553366.126422,0.00494505494505494,0.0201465201465201,0.723626373626374,0.196703296703297,0.00604395604395604,0.0485347985347985
157273.411807,2553366.126422,0.036996336996337,0.104029304029304,0.309157509157509,0.238095238095238,0.124908424908425,0.186813186813187
157773.411807,2553366.126422,0.00751741840850752,0.121195452878621,0.497616428309498,0.0883755042170884,0.0669233590025669,0.218371837183718
158273.411807,2553366.126422,0,0.170879120879121,0.0271062271062271,0.0371794871794872,0.076007326007326,0.688827838827839
158773.411807,2553366.126422,0.019047619047619,0.308608058608059,0,0.265384615384615,0.130586080586081,0.276373626373626
159273.411807,2553366.126422,0.0209020902090209,0.423542354235424,0,0.251558489182252,0.133846718005134,0.17015034836817
159773.411807,2553366.126422,0.0126373626373626,0.551465201465202,0,0.190659340659341,0.0736263736263736,0.171611721611722
160273.411807,2553366.126422,0.0235626767200754,0.509267986176563,0,0.11153000314169,0.078856424756519,0.276782909205152
151273.411807,2552866.126422,0,0,0,1,0,0
151773.411807,2552866.126422,0.00201575957485798,0.0370166758292102,0.444383360820964,0.491478834524464,0.000916254352208173,0.0241891148982958
152273.411807,2552866.126422,0,0.000917599559552211,0.743806202973023,0.255092677555515,0.000183519911910442,0
152773.411807,2552866.126422,0,0.017604988079956,0.645516229598386,0.311754997249221,0.00861910874747845,0.0165046763249587
153273.411807,2552866.126422,0,0.0797141286421111,0.707531610775151,0.0861279091075683,0.0502107385010079,0.0764156129741616
153773.411807,2552866.126422,0,0.0919434758671316,0.728574050284456,0.0972655533125344,0.0133969535694623,0.0688199669664159
154273.411807,2552866.126422,0.000183385292499542,0.0907757197872731,0.689161929213277,0.0357601320374106,0.0135705116449661,0.170548322024574
154773.411807,2552866.126422,0.000549752611324904,0.0830126443100605,0.827744181784864,0.0645043063954554,0.0177753344328386,0.00641378046545721
155273.411807,2552866.126422,0,0.249954120022022,0.271425949715544,0.111213066617728,0.055606533308864,0.311800330335841
155773.411807,2552866.126422,0,0.30386942967174,0.041995231982395,0.125985695947185,0.177700348432056,0.350449293966624
156273.411807,2552866.126422,0,0.112699285321605,0.579072750595565,0.191313908741067,0.0480117280557083,0.0689023272860546
156773.411807,2552866.126422,0.00385391815011929,0.015782712424298,0.46870985501927,0.461002018719031,0.0418425399155808,0.00880895577170123
157273.411807,2552866.126422,0.0172382174949569,0.0651017788373372,0.618191821015954,0.172382174949569,0.0474967907573813,0.079589216944801
157773.411807,2552866.126422,0.0701850833791461,0.12222833058457,0.100421477002016,0.103903243540407,0.137621403701668,0.465640461792194
158273.411807,2552866.126422,0.103321710405579,0.209212699577904,0.0565241328684162,0.0996513121673702,0.118920902917967,0.412369242062764
158773.411807,2552866.126422,0.0152209792774619,0.125252154777187,0.0781221346048047,0.300935264991748,0.142673757564643,0.337795708784155
159273.411807,2552866.126422,0.0731170973062122,0.356789444749863,0.00274876305662452,0.121312076232362,0.0789811251603445,0.367051493494594
159773.411807,2552866.126422,0.131216737015966,0.207744540282621,0.00256927876674619,0.260598274912828,0.145898329968802,0.251972839053037
160273.411807,2552866.126422,0.0487574709027996,0.328719723183391,0,0.234350424661843,0.145957848379994,0.242214532871972
151273.411807,2552366.126422,0,0,0,1,0,0
151773.411807,2552366.126422,0,0.0228937728937729,0.245787545787546,0.711355311355311,0.0133699633699634,0.00659340659340659
152273.411807,2552366.126422,0.0177981651376147,0.0508256880733945,0.631559633027523,0.265871559633027,0.00293577981651376,0.0310091743119266
152773.411807,2552366.126422,0,0,0.607411484131352,0.392588515868648,0,0
153273.411807,2552366.126422,0,0.253846153846154,0.426739926739927,0.181318681318681,0.0375457875457875,0.100549450549451
153773.411807,2552366.126422,0,0.107339449541284,0.762385321100917,0.0801834862385321,0.0277064220183486,0.0223853211009174
154273.411807,2552366.126422,0.00513667217024399,0.0803522289488167,0.667033571821684,0.0352228948816731,0.0181618051733627,0.194092827004219
154773.411807,2552366.126422,0,0.0816849816849817,0.686813186813187,0.0862637362637363,0.0382783882783883,0.106959706959707
155273.411807,2552366.126422,0,0.342935779816514,0.325688073394495,0.119082568807339,0.0704587155963303,0.141834862385321
155773.411807,2552366.126422,0.00953953403045313,0.331865712713264,0.193359016694185,0.0941111722619703,0.0909924784443221,0.280132085855806
156273.411807,2552366.126422,0,0,0.735714285714286,0.264285714285714,0,0
156773.411807,2552366.126422,0.06,0.118532110091743,0.23302752293578,0.329357798165138,0.0515596330275229,0.207522935779817
157273.411807,2552366.126422,0.00220143093010457,0.133553476426344,0.199046046596955,0.123463584663365,0.0423775454045129,0.499357915978719
157773.411807,2552366.126422,0.0126373626373626,0.121062271062271,0.227289377289377,0.124725274725275,0.0672161172161172,0.447069597069597
158273.411807,2552366.126422,0.00513761467889908,0.0904587155963303,0.422201834862385,0.199633027522936,0.0897247706422018,0.192844036697248
158773.411807,2552366.126422,0.0487983856173179,0.19262520638415,0.164740414602825,0.134470739313887,0.0860392588515869,0.373325995230233
159273.411807,2552366.126422,0.0619047619047619,0.196336996336996,0.0620879120879121,0.144505494505494,0.106593406593407,0.428571428571429
159773.411807,2552366.126422,0.113394495412844,0.202018348623853,0.0387155963302752,0.13302752293578,0.0664220183486239,0.446422018348624
160273.411807,2552366.126422,0.145105445388732,0.194837897387472,0,0.103871576959396,0.109537299338999,0.446647780925401
151773.411807,2551866.126422,0,0.0487715438210488,0.205720572057206,0.616611661166117,0.128896222955629,0
152273.411807,2551866.126422,0,0.0598901098901099,0.656959706959707,0.233516483516484,0.0141025641025641,0.0355311355311355
152773.411807,2551866.126422,0,0.0102564102564103,0.797619047619048,0.188278388278388,0.000366300366300366,0.00347985347985348
153273.411807,2551866.126422,0,0.216354968830216,0.409424275760909,0.308397506417308,0.0441877521085442,0.0216354968830216
153773.411807,2551866.126422,0.000915750915750916,0.0571428571428571,0.714285714285714,0.197069597069597,0.0294871794871795,0.0010989010989011
154273.411807,2551866.126422,0,0.130952380952381,0.657875457875458,0.112454212454212,0.0192307692307692,0.0794871794871795
154773.411807,2551866.126422,0.00641730839750642,0.211221122112211,0.38962229556289,0.176751008434177,0.0495049504950495,0.166483314998166
155273.411807,2551866.126422,0.00366300366300366,0.168681318681319,0.550549450549451,0.078021978021978,0.0413919413919414,0.157692307692308
155773.411807,2551866.126422,0.00549450549450549,0.0445054945054945,0.68974358974359,0.152930402930403,0.0690476190476191,0.0382783882783883
156273.411807,2551866.126422,0.00146681334800147,0.0786578657865787,0.689218921892189,0.0771910524385772,0.037953795379538,0.115511551155116
156773.411807,2551866.126422,0.0181318681318681,0.126556776556777,0.362637362637363,0.102380952380952,0.0404761904761905,0.34981684981685
157273.411807,2551866.126422,0,0.206776556776557,0.33956043956044,0.316300366300366,0.0371794871794872,0.10018315018315
157773.411807,2551866.126422,0.00385038503850385,0.22020535386872,0.0896589658965897,0.531353135313531,0.0581224789145581,0.0968096809680968
158273.411807,2551866.126422,0.000183150183150183,0.0778388278388278,0.520879120879121,0.291758241758242,0.0798534798534798,0.0294871794871795
158773.411807,2551866.126422,0.041025641025641,0.143223443223443,0.344688644688645,0.116666666666667,0.0884615384615385,0.265934065934066
159273.411807,2551866.126422,0.00861752841950862,0.127796112944628,0.226072607260726,0.15969930326366,0.115144847818115,0.362669600293363
159773.411807,2551866.126422,0.00402930402930403,0.151465201465201,0.272710622710623,0.402380952380952,0.0681318681318681,0.101282051282051
160273.411807,2551866.126422,0.0917373546968269,0.268300345585925,0.0716305372290292,0.198868991517436,0.0920515237197612,0.277411247251021
152773.411807,2551366.126422,0,0.033192737942417,0.701448743810746,0.228681459746928,0.0141206675224647,0.0225563909774436
153273.411807,2551366.126422,0,0.119296316657504,0.0984057174271578,0.757742349276159,0.0199743448781382,0.00458127176104087
153773.411807,2551366.126422,0.00256927876674619,0.133969535694623,0.56010277115067,0.210680858873188,0.0447788585061479,0.0478986970086254
154273.411807,2551366.126422,0.00843572345497891,0.0869246286447827,0.791674307720521,0.0938932697597653,0.00898587933247754,0.0100861910874748
154773.411807,2551366.126422,0.00238226131574125,0.178486347810152,0.679860729338464,0.068719076415613,0.00678028220634048,0.0637713029136888
155273.411807,2551366.126422,0,0.0537713341897596,0.770049550376216,0.103138190493669,0.0390897412369242,0.0339511837034318
155773.411807,2551366.126422,0,0.0561158995048597,0.781588116633046,0.0388776820099028,0.0297084173849257,0.0937098844672657
156273.411807,2551366.126422,0.0315191497159611,0.216236027121129,0.392706615356423,0.189664650907092,0.0448964632582005,0.124977093641195
156773.411807,2551366.126422,0.00110111947146265,0.170673518076711,0.342631675536796,0.337126078179482,0.0299137456414021,0.118553863094146
157273.411807,2551366.126422,0.000550155877498625,0.183018521914542,0.153676875114616,0.255639097744361,0.105629928479736,0.301485420869246
157773.411807,2551366.126422,0.0243723657687374,0.287887117463808,0.111416529228514,0.31170973062122,0.0613890415979476,0.203225215319773
158273.411807,2551366.126422,0.00899247568361167,0.0965314736648926,0.404477885850615,0.351440631308497,0.0528537346302074,0.0857037988621766
158773.411807,2551366.126422,0.0495140289748762,0.164313222079589,0.3198239501192,0.177700348432056,0.0456629378323858,0.242985512561893
159273.411807,2551366.126422,0.0377496793109767,0.168957302547187,0.190397654388858,0.1412864211105,0.0989554700384827,0.362653472603995
159773.411807,2551366.126422,0.0431271792989539,0.177096714993577,0.290144980730409,0.146815929528354,0.120572582125161,0.222242613323546
160273.411807,2551366.126422,0.099087763447625,0.115445108524693,0.0270525322428437,0.0629128656810318,0.104435357030513,0.591066373073293
152773.411807,2550866.126422,0,0.122546321775821,0.120711796000734,0.665749403779123,0.0576041093377362,0.0333883691065859
153273.411807,2550866.126422,0,0.0142857142857143,0.72985347985348,0.251831501831502,0.00366300366300366,0.000366300366300366
153773.411807,2550866.126422,0.00220183486238532,0.041651376146789,0.622935779816514,0.281651376146789,0.0444036697247706,0.00715596330275229
154273.411807,2550866.126422,0.00330214639515685,0.0539350577875619,0.644652357365621,0.274811961108054,0.0143093010456797,0.00898917629792699
154773.411807,2550866.126422,0.00164835164835165,0.126556776556777,0.576556776556777,0.141208791208791,0.0802197802197802,0.0738095238095238
155273.411807,2550866.126422,0.00513761467889908,0.0513761467889908,0.741100917431193,0.083302752293578,0.0289908256880734,0.0900917431192661
155773.411807,2550866.126422,0.071179600073381,0.138873601174097,0.251146578609429,0.191891396074115,0.0974133186571271,0.249495505411851
156273.411807,2550866.126422,0.0705128205128205,0.188095238095238,0.433882783882784,0.182783882783883,0.0434065934065934,0.0813186813186813
156773.411807,2550866.126422,0.102752293577982,0.208073394495413,0.174678899082569,0.245688073394495,0.112660550458716,0.156146788990826
157273.411807,2550866.126422,0.0311869381764814,0.145294441386901,0.0722803155384333,0.270776004402862,0.170427444505595,0.310034855989727
157773.411807,2550866.126422,0.0333333333333333,0.134432234432234,0.137362637362637,0.495421245421245,0.0485347985347985,0.150915750915751
158273.411807,2550866.126422,0.0121100917431193,0.190091743119266,0.301100917431193,0.111743119266055,0.0992660550458716,0.285688073394495
158773.411807,2550866.126422,0.0467804072647221,0.219225830122913,0.274445055953036,0.209869748669969,0.0469638598422308,0.202715098147129
159273.411807,2550866.126422,0.105494505494505,0.173626373626374,0.144139194139194,0.201648351648352,0.128021978021978,0.247069597069597
159773.411807,2550866.126422,0.0645871559633028,0.0919266055045872,0.116146788990826,0.425871559633028,0.132293577981651,0.169174311926606
160273.411807,2550866.126422,0.110796348756689,0.140698772426818,0.156751652502361,0.363550519357885,0.0790053509600252,0.149197355996223
153273.411807,2550366.126422,0,0.0011001100110011,0.661166116611661,0.336633663366337,0.000916758342500917,0.000183351668500183
153773.411807,2550366.126422,0,0,0.865934065934066,0.134065934065934,0,0
154273.411807,2550366.126422,0,0,0.604029304029304,0.395970695970696,0,0
154773.411807,2550366.126422,0,0.0654565456545655,0.500916758342501,0.291162449578291,0.0284195086175284,0.114044737807114
155273.411807,2550366.126422,0.0184981684981685,0.261538461538462,0.145787545787546,0.114835164835165,0.0340659340659341,0.425274725274725
155773.411807,2550366.126422,0.00860805860805861,0.158974358974359,0.387362637362637,0.19010989010989,0.0688644688644689,0.186080586080586
156273.411807,2550366.126422,0.0231023102310231,0.160616061606161,0.224972497249725,0.437293729372937,0.0451045104510451,0.108910891089109
156773.411807,2550366.126422,0.0131868131868132,0.210622710622711,0.485714285714286,0.135714285714286,0.0646520146520147,0.0901098901098901
157273.411807,2550366.126422,0.0119047619047619,0.213736263736264,0.171978021978022,0.250732600732601,0.125824175824176,0.225824175824176
157773.411807,2550366.126422,0.0231023102310231,0.178401173450678,0.324349101576824,0.323799046571324,0.0256692335900257,0.124679134580125
158273.411807,2550366.126422,0.00164835164835165,0.297252747252747,0.24047619047619,0.276190476190476,0.0366300366300366,0.147802197802198
158773.411807,2550366.126422,0.00952380952380952,0.165201465201465,0.488461538461538,0.198351648351648,0.0637362637362637,0.0747252747252747
159273.411807,2550366.126422,0.0506050605060506,0.238173817381738,0.381371470480381,0.0894756142280895,0.0553722038870554,0.185001833516685
159773.411807,2550366.126422,0.0177655677655678,0.13992673992674,0.168131868131868,0.173992673992674,0.0373626373626374,0.462820512820513
160273.411807,2550366.126422,0.0153942821237826,0.181903864278982,0.202639019792648,0.339930882814954,0.120326735783852,0.139805215205781
153273.411807,2549866.126422,0,0,0.422210005497526,0.577789994502474,0,0
153773.411807,2549866.126422,0,0,0.240961644338411,0.759038355661589,0,0
154273.411807,2549866.126422,0,0,0,1,0,0
154773.411807,2549866.126422,0,0.0481949789261499,0,0.393073117097306,0.0295033901411032,0.529228513835441
