"x","y","forest","agri","water","built","other","grass"
173273.411807,2516366.126422,0.0128440366972477,0.433761467889908,0,0.102752293577982,0.176880733944954,0.273761467889908
173773.411807,2516366.126422,0.0487983856173179,0.0935608145294441,0,0.526692350027518,0.190974133186571,0.139974316639149
174273.411807,2516366.126422,0.0346153846153846,0.0646520146520147,0,0.677106227106227,0.153846153846154,0.0697802197802198
174773.411807,2516366.126422,0.0280733944954128,0.369908256880734,0,0.0508256880733945,0.134862385321101,0.416330275229358
175273.411807,2516366.126422,0.0735644835809943,0.499357915978719,0.0423775454045129,0.0720968629609246,0.10126582278481,0.211337369290039
175773.411807,2516366.126422,0.0492673992673993,0.400915750915751,0,0.2003663003663,0.212454212454212,0.136996336996337
176273.411807,2516366.126422,0.0761467889908257,0.439816513761468,0,0.0836697247706422,0.211926605504587,0.188440366972477
176773.411807,2516366.126422,0.0409099247844432,0.67895798935975,0,0.0691616217207852,0.101449275362319,0.109521188772702
177273.411807,2516366.126422,0.015018315018315,0.633882783882784,0,0.0602564102564103,0.0976190476190476,0.193223443223443
177773.411807,2516366.126422,0.02,0.612293577981651,0,0.0915596330275229,0.068256880733945,0.207889908256881
178273.411807,2516366.126422,0.0515501742799486,0.198862594019446,0,0.380664098330582,0.215556778572739,0.153366354797285
178773.411807,2516366.126422,0.0831501831501831,0.0697802197802198,0,0.228937728937729,0.268864468864469,0.349267399267399
179273.411807,2516366.126422,0.11045871559633,0.0634862385321101,0,0.0985321100917431,0.320917431192661,0.406605504587156
179773.411807,2516366.126422,0.0438451660245826,0.0405430196294258,0.00862227114290956,0.306182351862044,0.312603192074849,0.28820399926619
180273.411807,2516366.126422,0.217032967032967,0.118498168498168,0,0.0476190476190476,0.152564102564103,0.464285714285714
180773.411807,2516366.126422,0.096697247706422,0.604954128440367,0,0.0730275229357798,0.0977981651376147,0.127522935779817
181273.411807,2516366.126422,0.062190423775454,0.146578609429462,0.00091726288754357,0.45221060355898,0.171344707393139,0.166758392955421
181773.411807,2516366.126422,0.23974358974359,0.0256410256410256,0.000183150183150183,0.337179487179487,0.101282051282051,0.295970695970696
182273.411807,2516366.126422,0.149174311926606,0.00440366972477064,0,0.402201834862385,0.0684403669724771,0.375779816513761
182773.411807,2516366.126422,0.0100898917629793,0.00458631443771785,0,0.89579893597505,0.0807191341038342,0.00880572372041827
183273.411807,2516366.126422,0.0388278388278388,0.0379120879120879,0,0.70989010989011,0.147069597069597,0.0663003663003663
183773.411807,2516366.126422,0.200550458715596,0.0467889908256881,0,0.269357798165138,0.187155963302752,0.296146788990826
184273.411807,2516366.126422,0.129334067143643,0.0260502660062374,0,0.287470188956155,0.240689781691433,0.316455696202532
184773.411807,2516366.126422,0.211538461538462,0.047985347985348,0.00183150183150183,0.401098901098901,0.187912087912088,0.1496336996337
185273.411807,2516366.126422,0.109908256880734,0.226605504587156,0,0.0963302752293578,0.0977981651376147,0.469357798165138
173273.411807,2515866.126422,0.0203296703296703,0.147069597069597,0.000183150183150183,0.567399267399267,0.165018315018315,0.1
173773.411807,2515866.126422,0.0586080586080586,0.486996336996337,0.000915750915750916,0.0468864468864469,0.104029304029304,0.302564102564103
174273.411807,2515866.126422,0.0623395672900623,0.171067106710671,0,0.444261092775944,0.19013568023469,0.132196552988632
174773.411807,2515866.126422,0.158241758241758,0.144322344322344,0.0346153846153846,0.177838827838828,0.162271062271062,0.322710622710623
175273.411807,2515866.126422,0.0805860805860806,0.661904761904762,0,0.00238095238095238,0.0412087912087912,0.213919413919414
175773.411807,2515866.126422,0.0359369270260359,0.842134213421342,0,0.00165016501650165,0.0236523652365237,0.0966263292995966
176273.411807,2515866.126422,0.0108058608058608,0.69981684981685,0,0.000366300366300366,0.0183150183150183,0.270695970695971
176773.411807,2515866.126422,0.0282051282051282,0.660622710622711,0,0.0102564102564103,0.0705128205128205,0.23040293040293
177273.411807,2515866.126422,0.0337367070040337,0.24990832416575,0,0.532086541987532,0.113494682801613,0.0707737440410708
177773.411807,2515866.126422,0.0271062271062271,0.0327838827838828,0,0.696153846153846,0.150549450549451,0.0934065934065934
178273.411807,2515866.126422,0.167582417582418,0.10970695970696,0,0.153113553113553,0.242857142857143,0.326739926739927
178773.411807,2515866.126422,0.0935093509350935,0.102493582691602,0.0033003300330033,0.0727906123945728,0.186285295196186,0.541620828749542
179273.411807,2515866.126422,0.065018315018315,0.0950549450549451,0,0.0992673992673993,0.18040293040293,0.56025641025641
179773.411807,2515866.126422,0.0443223443223443,0.0888278388278388,0.0148351648351648,0.306410256410256,0.211904761904762,0.333699633699634
180273.411807,2515866.126422,0.157499083241658,0.0817748441510818,0.000366703337000367,0.118078474514118,0.241290795746241,0.400990099009901
180773.411807,2515866.126422,0.110989010989011,0.145054945054945,0.00567765567765568,0.407326007326007,0.115384615384615,0.215567765567766
181273.411807,2515866.126422,0.144688644688645,0.15,0,0.347435897435897,0.139010989010989,0.218864468864469
181773.411807,2515866.126422,0.1002933626696,0.0256692335900257,0.00348368170150348,0.684268426842684,0.118445177851118,0.0678401173450678
182273.411807,2515866.126422,0.0391941391941392,0.0364468864468864,0,0.366300366300366,0.221978021978022,0.336080586080586
182773.411807,2515866.126422,0.208424908424908,0.0267399267399267,0,0.239377289377289,0.183333333333333,0.342124542124542
183273.411807,2515866.126422,0.068023469013568,0.0469380271360469,0,0.255042170883755,0.207554088742208,0.422442244224422
183773.411807,2515866.126422,0.373076923076923,0.0256410256410256,0,0.0468864468864469,0.122710622710623,0.431684981684982
184273.411807,2515866.126422,0.18956043956044,0.0302197802197802,0,0.342307692307692,0.147069597069597,0.290842490842491
184773.411807,2515866.126422,0.106527319398607,0.0671067106710671,0,0.296846351301797,0.185001833516685,0.344517785111844
185273.411807,2515866.126422,0.211172161172161,0.0402930402930403,0,0.15,0.158424908424908,0.44010989010989
173273.411807,2515366.126422,0.0356028629106258,0.236924206276381,0.000183519911910442,0.309414571481006,0.177280234905487,0.24059460451459
173773.411807,2515366.126422,0.0328259673574179,0.178984045479553,0,0.516596368971209,0.150375939849624,0.121217678342197
174273.411807,2515366.126422,0.043613707165109,0.11324903793293,0.0489279824079164,0.492395088876672,0.162360271211288,0.139453912406084
174773.411807,2515366.126422,0.0403743806202973,0.334740319324647,0.0866213984217288,0.380620297302257,0.0908423563956689,0.066801247935401
175273.411807,2515366.126422,0.0104529616724739,0.672657252888318,0.030808729139923,0.101412066752246,0.0713368787823217,0.113332110764717
175773.411807,2515366.126422,0.0773318673263698,0.279274326553051,0.043613707165109,0.175004581271761,0.228880337181602,0.195895180502107
176273.411807,2515366.126422,0.0741420444118187,0.49366856303909,0.00880895577170123,0.0473481372728941,0.110846026793907,0.265186272710589
176773.411807,2515366.126422,0.0671190170548322,0.392444525949019,0.00366770584999083,0.0100861910874748,0.0533651201173666,0.473317439941317
177273.411807,2515366.126422,0.0756826094923951,0.0879604178119846,0.000183250870441635,0.355689939527213,0.247205424225765,0.233278358072201
177773.411807,2515366.126422,0.0767113231785649,0.0902917966599376,0.000550559735731327,0.349421912277482,0.260047715177097,0.222976692971187
178273.411807,2515366.126422,0.0515312671923712,0.0935264991747662,0,0.202090592334495,0.268292682926829,0.384558958371539
178773.411807,2515366.126422,0.0894264247755177,0.0833791460509437,0.00861279091075683,0.312992486714312,0.292101887483966,0.213487264064504
179273.411807,2515366.126422,0.0965314736648926,0.073040924940356,0.00165167920719398,0.0704716461736098,0.246100201871903,0.512204074142044
179773.411807,2515366.126422,0.222813130386943,0.0880249403997799,0.0179717586649551,0.217494956904456,0.21987896570695,0.233816247936915
180273.411807,2515366.126422,0.0905259299981675,0.0157595748579806,0.00164925783397471,0.61993769470405,0.198643943558732,0.0734835990470955
180773.411807,2515366.126422,0.127362818865847,0.0334006239677005,0.0121123141860892,0.530739585244999,0.160396403009727,0.135988254725638
181273.411807,2515366.126422,0.0148542086924629,0.0282413350449294,0,0.883550339262791,0.066018705299835,0.00733541169998166
181773.411807,2515366.126422,0.0196078431372549,0.0188748396554884,0.0047645226314825,0.891881986439436,0.0434304562946674,0.0214403518416712
182273.411807,2515366.126422,0.0442282987704166,0.0941457148100569,0,0.293264819232887,0.247384841255276,0.320976325931364
182773.411807,2515366.126422,0.0364936732074088,0.0643682376673391,0,0.102145607922245,0.272327159361819,0.524665321841188
183273.411807,2515366.126422,0.101337731354224,0.0513102437236577,0,0.139087410665201,0.24097489463075,0.467289719626168
183773.411807,2515366.126422,0.175995595522114,0.0330335841438796,0,0.172141677371995,0.20756102037071,0.411268122591301
184273.411807,2515366.126422,0.0245736291949386,0.041995231982395,0.00568494406748579,0.574179350816065,0.185769301302036,0.16779754263708
184773.411807,2515366.126422,0.0698185816382628,0.0672530694520799,0,0.315557998900495,0.204874473153747,0.342495876855415
185273.411807,2515366.126422,0.133051936135071,0.0288126261699394,0,0.141860891906772,0.187373830060562,0.508900715727656
173273.411807,2514866.126422,0.0313761467889908,0.0456880733944954,0,0.767155963302752,0.115596330275229,0.0401834862385321
173773.411807,2514866.126422,0.0249495505411851,0.428545221060356,0,0.138506696019079,0.12126215373326,0.28673637864612
174273.411807,2514866.126422,0.0333333333333333,0.785897435897436,0,0.0119047619047619,0.0483516483516484,0.120512820512821
174773.411807,2514866.126422,0.0436697247706422,0.0372477064220183,0.0900917431192661,0.482201834862385,0.229357798165138,0.11743119266055
175273.411807,2514866.126422,0.0254999082737112,0.0781507980187122,0.105118326912493,0.475325628325078,0.178682810493487,0.137222527976518
175773.411807,2514866.126422,0.103663003663004,0.0556776556776557,0.0194139194139194,0.256043956043956,0.406410256410256,0.158791208791209
176273.411807,2514866.126422,0.217798165137615,0.0387155963302752,0.00697247706422018,0.159266055045872,0.16256880733945,0.414678899082569
176773.411807,2514866.126422,0.19684461566685,0.0317372959090075,0,0.114657860942946,0.192074848651624,0.464685378829573
177273.411807,2514866.126422,0.0576923076923077,0.0833333333333333,0.00366300366300366,0.521245421245421,0.19029304029304,0.143772893772894
177773.411807,2514866.126422,0.198348623853211,0.0788990825688073,0,0.163302752293578,0.275229357798165,0.284220183486239
178273.411807,2514866.126422,0.0684278114107503,0.13557145477894,0.0286186020913594,0.148963492937076,0.148046230049532,0.470372408732343
178773.411807,2514866.126422,0.267948717948718,0.0119047619047619,0,0.000366300366300366,0.0245421245421245,0.695238095238095
179273.411807,2514866.126422,0.393761467889908,0.0121100917431193,0,0.00165137614678899,0.0440366972477064,0.548440366972477
179773.411807,2514866.126422,0.512383048981838,0.0266006237387635,0.00091726288754357,0.0629242340854889,0.123280132085856,0.27389469822051
180273.411807,2514866.126422,0.0974358974358974,0.0564102564102564,0.00238095238095238,0.499267399267399,0.191391941391941,0.153113553113553
180773.411807,2514866.126422,0.0126605504587156,0.111926605504587,0.00899082568807339,0.594862385321101,0.178899082568807,0.0926605504587156
181273.411807,2514866.126422,0.107136305265089,0.108970831040176,0.00440286186020914,0.525591634562466,0.192258301229132,0.0616400660429279
181773.411807,2514866.126422,0.104761904761905,0.0717948717948718,0.00421245421245421,0.454029304029304,0.123260073260073,0.241941391941392
182273.411807,2514866.126422,0.0585321100917431,0.0539449541284404,0,0.468807339449541,0.192110091743119,0.226605504587156
182773.411807,2514866.126422,0.0132085855806274,0.0159603742432581,0,0.705008255365988,0.121078701155751,0.144744083654375
183273.411807,2514866.126422,0.056959706959707,0.0135531135531136,0,0.821062271062271,0.0637362637362637,0.0446886446886447
183773.411807,2514866.126422,0.156697247706422,0.0488073394495413,0,0.481100917431193,0.128256880733945,0.185137614678899
184273.411807,2514866.126422,0.0590717299578059,0.0124747752705926,0,0.57347275729224,0.152265639332233,0.202715098147129
184773.411807,2514866.126422,0.136263736263736,0.0419413919413919,0,0.218681318681319,0.223626373626374,0.379487179487179
185273.411807,2514866.126422,0.377981651376147,0.0161467889908257,0.0339449541284404,0.0477064220183486,0.093394495412844,0.430825688073394
173273.411807,2514366.126422,0.0261904761904762,0.0135531135531136,0.182417582417582,0.692124542124542,0.0706959706959707,0.015018315018315
173773.411807,2514366.126422,0.0815018315018315,0.0184981684981685,0,0.746153846153846,0.097985347985348,0.0558608058608059
174273.411807,2514366.126422,0.0214521452145215,0.0628896222955629,0.248258159149248,0.421525485881922,0.17950128346168,0.0663733039970664
174773.411807,2514366.126422,0.174725274725275,0.0194139194139194,0.082967032967033,0.196520146520147,0.0633699633699634,0.463003663003663
175273.411807,2514366.126422,0.00549450549450549,0.0521978021978022,0.00677655677655678,0.687912087912088,0.207326007326007,0.0402930402930403
175773.411807,2514366.126422,0.0564723138980565,0.0768243491015768,0.00293362669600293,0.583791712504584,0.2004033736707,0.0795746241290796
176273.411807,2514366.126422,0.0417582417582418,0.0714285714285714,0.0100732600732601,0.695054945054945,0.109340659340659,0.0723443223443224
176773.411807,2514366.126422,0.129120879120879,0.0639194139194139,0.000732600732600733,0.398534798534799,0.173076923076923,0.234615384615385
177273.411807,2514366.126422,0.101943527686102,0.072973964063073,0.0119178584525119,0.567473414008068,0.116795012834617,0.128896222955629
177773.411807,2514366.126422,0.0782051282051282,0.102014652014652,0.0652014652014652,0.47985347985348,0.170695970695971,0.104029304029304
178273.411807,2514366.126422,0.0576923076923077,0.0827838827838828,0.0408424908424908,0.584249084249084,0.0818681318681319,0.152564102564103
178773.411807,2514366.126422,0.183168316831683,0.0973597359735974,0.0577557755775578,0.451595159515952,0.0328199486615328,0.177301063439677
179273.411807,2514366.126422,0.173626373626374,0.0868131868131868,0.0289377289377289,0.460989010989011,0.131501831501832,0.118131868131868
179773.411807,2514366.126422,0.0727106227106227,0.104761904761905,0.03003663003663,0.304578754578755,0.263919413919414,0.223992673992674
180273.411807,2514366.126422,0.0388705537220389,0.0170517051705171,0.013017968463513,0.873670700403374,0.0434543454345435,0.0139347268060139
180773.411807,2514366.126422,0.0554945054945055,0.0305860805860806,0.00384615384615385,0.818498168498168,0.0664835164835165,0.0250915750915751
181273.411807,2514366.126422,0.047985347985348,0.0164835164835165,0.00238095238095238,0.864835164835165,0.0489010989010989,0.0194139194139194
181773.411807,2514366.126422,0.0845251191785845,0.0355702236890356,0.0044004400440044,0.782728272827283,0.0498716538320499,0.0429042904290429
182273.411807,2514366.126422,0.0161172161172161,0.0133699633699634,0.00311355311355311,0.892307692307692,0.0694139194139194,0.00567765567765568
182773.411807,2514366.126422,0.0673992673992674,0.0324175824175824,0,0.711904761904762,0.143406593406593,0.0448717948717949
183273.411807,2514366.126422,0.00861752841950862,0.00935093509350935,0,0.936743674367437,0.0357535753575358,0.00953428676200953
183773.411807,2514366.126422,0.0747252747252747,0.0179487179487179,0,0.736630036630037,0.147619047619048,0.0230769230769231
184273.411807,2514366.126422,0.0340659340659341,0.0472527472527473,0,0.6996336996337,0.110622710622711,0.108424908424908
184773.411807,2514366.126422,0.152365236523652,0.0254858819215255,0.00055005500550055,0.27007700770077,0.227356068940227,0.324165749908324
185273.411807,2514366.126422,0.475274725274725,0.0106227106227106,0.000732600732600733,0.119230769230769,0.168681318681319,0.225457875457875
173773.411807,2513866.126422,0.0579497524298551,0.0691362552723272,0.123234916559692,0.404547955253989,0.231248853841922,0.113882266642215
174273.411807,2513866.126422,0.0448964632582005,0.0370166758292102,0.0617555433388309,0.580172255818215,0.132856881070185,0.143302180685358
174773.411807,2513866.126422,0,0,0.0291796659937603,0.97082033400624,0,0
175273.411807,2513866.126422,0.000366770584999083,0.0053181734824867,0.0124701998899688,0.953236750412617,0.0278745644599303,0.000733541169998166
175773.411807,2513866.126422,0.015026571376214,0.0670698185816383,0.000366501740883269,0.784680227231079,0.0910756826094924,0.0417811984606927
176273.411807,2513866.126422,0.022389429253074,0.117636263534593,0.0135804734813727,0.558451091943476,0.191411268122591,0.0965314736648926
176773.411807,2513866.126422,0.138272510544654,0.0485971025123785,0.0447460113698881,0.386209426004034,0.216211259856959,0.165963689712085
177273.411807,2513866.126422,0.0914421843503757,0.0604727872457394,0.0800806303829943,0.595565328935312,0.10426974528129,0.0681693238042881
177773.411807,2513866.126422,0.0579922921636998,0.068452927142595,0.0205542301339695,0.782895944209947,0.0478986970086254,0.0222059093411635
178273.411807,2513866.126422,0.0465798642948836,0.0495140289748762,0.0542820465798643,0.790207225380524,0.0548322024573629,0.00458463231248854
178773.411807,2513866.126422,0.0573575224482316,0.0558915154846986,0.00824628916987356,0.759574857980575,0.102253985706432,0.0166758292101887
179273.411807,2513866.126422,0.103505230317489,0.039823820884566,0.00220223894292531,0.732060928610754,0.0831345200954303,0.0392732611488346
179773.411807,2513866.126422,0.21181001283697,0.0847240051347882,0.0209059233449477,0.377957087841555,0.150926095727123,0.153676875114616
180273.411807,2513866.126422,0.083745647791827,0.103903243540407,0.0714678394722375,0.319956019791094,0.218984790177753,0.201942459226681
180773.411807,2513866.126422,0.105523949348504,0.0480822169205359,0.000734079647641769,0.658469443934667,0.117452743622683,0.0697375665259681
181273.411807,2513866.126422,0.0993948285347515,0.0407115349348982,0.000733541169998166,0.66403814414084,0.129836787089675,0.0652851641298368
181773.411807,2513866.126422,0.0639545537841305,0.0652373098772219,0.0102620487447315,0.764705882352941,0.0668865677111966,0.0289536375297783
182273.411807,2513866.126422,0.0229399889888053,0.0363369425582676,0.0266103872270141,0.848412552761975,0.058909891723252,0.00679023674068636
182773.411807,2513866.126422,0.079589216944801,0.0810562992847974,0.00183385292499542,0.52814964239868,0.150559325142124,0.158811663304603
183273.411807,2513866.126422,0.0120945574491479,0.00916254352208173,0,0.922301630932747,0.0524097489463075,0.00403151914971596
183773.411807,2513866.126422,0.0673518076711323,0.0148651128647458,0,0.70141310332171,0.131400256927877,0.0849697192145348
184273.411807,2513866.126422,0.00550155877498625,0.0201723821749496,0.00110031175499725,0.787273060700532,0.113148725472217,0.072803961122318
184773.411807,2513866.126422,0.142935678944475,0.0527762506871908,0.00146600696353308,0.351291918636614,0.194612424409016,0.256917720359172
185273.411807,2513866.126422,0.574967884015416,0.0108276748027161,0.00146815929528354,0.0306478252890439,0.0640484492567444,0.318040007340796
173773.411807,2513366.126422,0.00935608145294441,0.0454962392221611,0.168776371308017,0.510365070629242,0.0823702073014126,0.183636030086223
174273.411807,2513366.126422,0.000183150183150183,0.047985347985348,0.208791208791209,0.718131868131868,0.0241758241758242,0.000732600732600733
174773.411807,2513366.126422,0.00073394495412844,0.0743119266055046,0.383302752293578,0.495045871559633,0.0464220183486239,0.00018348623853211
175273.411807,2513366.126422,0.0100898917629793,0.0247660979636764,0.0359567051917079,0.925701706108971,0.00348559897266557,0
175773.411807,2513366.126422,0.01996336996337,0.0591575091575092,0.0721611721611722,0.733882783882784,0.0904761904761905,0.0243589743589744
176273.411807,2513366.126422,0.00715596330275229,0.0163302752293578,0.0607339449541284,0.842752293577982,0.0631192660550459,0.00990825688073394
176773.411807,2513366.126422,0.0361401577692167,0.0227481196110805,0.000183452577508714,0.873234268941479,0.0546688680975968,0.0130251330031187
177273.411807,2513366.126422,0.0708791208791209,0.0236263736263736,0.00347985347985348,0.698717948717949,0.0717948717948718,0.131501831501832
177773.411807,2513366.126422,0.116697247706422,0.0343119266055046,0.00073394495412844,0.701100917431193,0.0899082568807339,0.0572477064220183
178273.411807,2513366.126422,0.11557512383049,0.0399926618968997,0.000733810310034856,0.674004769767015,0.130434782608696,0.0392588515868648
178773.411807,2513366.126422,0.0983516483516483,0.0419413919413919,0.000732600732600733,0.726556776556777,0.111355311355311,0.0210622710622711
179273.411807,2513366.126422,0.0143119266055046,0.0137614678899083,0.00807339449541284,0.916880733944954,0.043302752293578,0.0036697247706422
179773.411807,2513366.126422,0.084021280498991,0.0188956154833975,0.000366905155017428,0.750871399743166,0.081452944413869,0.0643918547055586
180273.411807,2513366.126422,0.105311355311355,0.0635531135531135,0.000366300366300366,0.433699633699634,0.257875457875458,0.139194139194139
180773.411807,2513366.126422,0.0998165137614679,0.0695412844036697,0,0.35743119266055,0.20256880733945,0.270642201834862
181273.411807,2513366.126422,0.19831223628692,0.0335718216840947,0.00146762062006971,0.485415520088057,0.139240506329114,0.141992294991745
181773.411807,2513366.126422,0.0128205128205128,0.0144688644688645,0.00421245421245421,0.900549450549451,0.0646520146520147,0.0032967032967033
182273.411807,2513366.126422,0.0236697247706422,0.0207339449541284,0.00715596330275229,0.811376146788991,0.0922935779816514,0.0447706422018349
182773.411807,2513366.126422,0.0517336268574573,0.0119244175380664,0,0.744450559530361,0.142909557879288,0.0489818381948266
183273.411807,2513366.126422,0.0641025641025641,0.0141025641025641,0,0.483150183150183,0.203113553113553,0.235531135531136
183773.411807,2513366.126422,0.0884403669724771,0.0563302752293578,0,0.227155963302752,0.227155963302752,0.400917431192661
184273.411807,2513366.126422,0.0196294257934324,0.0183452577508714,0.00366905155017428,0.823885525591635,0.0996147495872317,0.0348559897266557
184773.411807,2513366.126422,0.473260073260073,0.0043956043956044,0.00421245421245421,0.109340659340659,0.130769230769231,0.278021978021978
185273.411807,2513366.126422,0.515596330275229,0.0214678899082569,0.000917431192660551,0.00954128440366972,0.0328440366972477,0.419633027522936
173773.411807,2512866.126422,0.0172161172161172,0.0228937728937729,0.541575091575092,0.404578754578755,0.0137362637362637,0
174273.411807,2512866.126422,0.000183351668500183,0.00513384671800513,0.466079941327466,0.528602860286029,0,0
174773.411807,2512866.126422,0.00238095238095238,0.0131868131868132,0.158608058608059,0.825824175824176,0,0
175273.411807,2512866.126422,0.0166666666666667,0.201098901098901,0.241391941391941,0.288461538461538,0.162637362637363,0.0897435897435897
175773.411807,2512866.126422,0.000733406674000733,0.17968463513018,0.00311697836450312,0.565456545654565,0.0698569856985699,0.181151448478181
176273.411807,2512866.126422,0.0217948717948718,0.0338827838827839,0,0.897802197802198,0.0401098901098901,0.00641025641025641
176773.411807,2512866.126422,0.0360805860805861,0.0177655677655678,0,0.864285714285714,0.0512820512820513,0.0305860805860806
177273.411807,2512866.126422,0.0918591859185919,0.0484048404840484,0.000366703337000367,0.674000733406674,0.124679134580125,0.0606894022735607
177773.411807,2512866.126422,0.134981684981685,0.0445054945054945,0,0.629487179487179,0.0836996336996337,0.107326007326007
178273.411807,2512866.126422,0.113553113553114,0.0765567765567766,0.0122710622710623,0.552930402930403,0.167948717948718,0.0767399267399267
178773.411807,2512866.126422,0.0968096809680968,0.0555555555555556,0,0.475064173083975,0.284928492849285,0.0876420975430876
179273.411807,2512866.126422,0.0842490842490843,0.0294871794871795,0,0.646336996336996,0.13992673992674,0.1
179773.411807,2512866.126422,0.125641025641026,0.0498168498168498,0,0.692307692307692,0.0978021978021978,0.0344322344322344
180273.411807,2512866.126422,0.0562889622295563,0.0533553355335534,0.00146681334800147,0.698753208654199,0.176384305097176,0.0137513751375138
180773.411807,2512866.126422,0.183150183150183,0.0899267399267399,0.00293040293040293,0.311721611721612,0.172527472527473,0.23974358974359
181273.411807,2512866.126422,0.308424908424908,0.00732600732600733,0,0.55018315018315,0.023992673992674,0.11007326007326
181773.411807,2512866.126422,0.00458379171250458,0.0119178584525119,0.00825082508250825,0.941510817748441,0.0320865419875321,0.00165016501650165
182273.411807,2512866.126422,0.0197802197802198,0.0111721611721612,0.00256410256410256,0.878205128205128,0.0571428571428571,0.0311355311355311
182773.411807,2512866.126422,0.20970695970696,0.0465201465201465,0,0.608791208791209,0.0989010989010989,0.0360805860805861
183273.411807,2512866.126422,0.535203520352035,0.138980564723139,0,0.074990832416575,0.101943527686102,0.148881554822149
183773.411807,2512866.126422,0.163736263736264,0.0208791208791209,0,0.159340659340659,0.215384615384615,0.440659340659341
184273.411807,2512866.126422,0.058974358974359,0.0657509157509158,0.00476190476190476,0.614835164835165,0.118498168498168,0.137179487179487
184773.411807,2512866.126422,0.309314264759809,0.0172350568390172,0.00935093509350935,0.171433810047671,0.176200953428676,0.316464979831316
185273.411807,2512866.126422,0.597802197802198,0.00256410256410256,0,0.0113553113553114,0.0311355311355311,0.357142857142857
174273.411807,2512366.126422,0.00513102437236577,0.120395821880154,0.392706615356423,0.467289719626168,0.0126443100604728,0.00183250870441635
174773.411807,2512366.126422,0.000550559735731327,0.100018351991191,0.26573683244632,0.552945494586163,0.0781794824738484,0.00256927876674619
175273.411807,2512366.126422,0.00733541169998166,0.134788189987163,0.00825233816247937,0.597469282963506,0.238584265541904,0.0135705116449661
175773.411807,2512366.126422,0.0181418361737218,0.155579989004948,0,0.337548103353491,0.193696170056808,0.295033901411032
176273.411807,2512366.126422,0.087538997981281,0.0902917966599376,0,0.450724903652046,0.0737750045879978,0.297669297118737
176773.411807,2512366.126422,0.0133871263524665,0.0128369704749679,0.000733541169998166,0.910141206675225,0.0471300201723822,0.0157711351549606
177273.411807,2512366.126422,0.055158512002932,0.0247388675096207,0,0.821513652189848,0.0681693238042881,0.0304196444933113
177773.411807,2512366.126422,0.0135804734813727,0.0176179115434025,0.00146815929528354,0.938520829510002,0.0236740686364471,0.00513855753349238
178273.411807,2512366.126422,0.187419768934531,0.0570328259673574,0.00275077938749312,0.376490005501559,0.181551439574546,0.194755180634513
178773.411807,2512366.126422,0.137254901960784,0.0606560381161811,0.000183250870441635,0.452079897379513,0.218068535825545,0.131757375847535
179273.411807,2512366.126422,0.0150486327766563,0.0227564690768948,0.0119287942741787,0.921820517526152,0.0260598274912828,0.00238575885483575
179773.411807,2512366.126422,0.0315422703099211,0.0203557674674491,0.000550155877498625,0.880982945167798,0.0550155877498625,0.0115532734274711
180273.411807,2512366.126422,0.0350009162543522,0.0907091808686091,0.000366501740883269,0.793109767271395,0.0670698185816383,0.0137438152831226
180773.411807,2512366.126422,0.0389062213250138,0.0814828408882364,0.000183519911910442,0.656817764727473,0.089190677188475,0.133418975958892
181273.411807,2512366.126422,0.0350265908674124,0.0469466348798826,0.00293416467999266,0.774069319640565,0.070786722904823,0.0702365670273244
181773.411807,2512366.126422,0.0406816932380429,0.032618654938611,0.000916254352208173,0.840021990104453,0.0553417628733736,0.0304196444933113
182273.411807,2512366.126422,0.00734079647641769,0.0165167920719398,0,0.946779225545972,0.0256927876674619,0.00367039823820885
182773.411807,2512366.126422,0.147625160462131,0.0410783055198973,0,0.583348615441042,0.126535851824684,0.101412066752246
183273.411807,2512366.126422,0.276708814366868,0.0745831042697453,0,0.331684075499359,0.149349459409932,0.167674546454096
183773.411807,2512366.126422,0.0543218939254909,0.0932281152505047,0.00330335841438796,0.433106992108644,0.167920719398055,0.248118920902918
184273.411807,2512366.126422,0.0242068586099395,0.0141206675224647,0.00495140289748762,0.814414083990464,0.0907757197872731,0.0515312671923712
184773.411807,2512366.126422,0.380795308777717,0.0868609125893348,0,0.129741616272677,0.0690855781564962,0.333516584203775
185273.411807,2512366.126422,0.210864378785098,0.515690952468343,0,0.00770783630023858,0.00734079647641769,0.258396035969903
174273.411807,2511866.126422,0.0545787545787546,0.103663003663004,0.100549450549451,0.449450549450549,0.266849816849817,0.0249084249084249
175773.411807,2511866.126422,0.0296703296703297,0.1003663003663,0,0.361172161172161,0.238827838827839,0.26996336996337
176273.411807,2511866.126422,0.0647706422018349,0.0937614678899083,0,0.312110091743119,0.248623853211009,0.280733944954128
176773.411807,2511866.126422,0.116859291873051,0.0741148413135205,0,0.575490735644836,0.132269308383783,0.10126582278481
177273.411807,2511866.126422,0.183150183150183,0.0831501831501831,0.00311355311355311,0.411721611721612,0.196886446886447,0.121978021978022
177773.411807,2511866.126422,0.183669724770642,0.0177981651376147,0,0.402201834862385,0.0954128440366973,0.300917431192661
178273.411807,2511866.126422,0.246927169326729,0.073747936158503,0,0.230783342505962,0.258117776554761,0.190423775454045
178773.411807,2511866.126422,0.0882783882783883,0.160622710622711,0,0.37967032967033,0.243589743589744,0.127838827838828
179273.411807,2511866.126422,0.0759633027522936,0.0471559633027523,0.00201834862385321,0.749174311926606,0.0746788990825688,0.0510091743119266
179773.411807,2511866.126422,0.227114290955788,0.178682810493487,0.00165107319757843,0.217758209502844,0.149880755824619,0.224912860025683
180273.411807,2511866.126422,0.151098901098901,0.0752747252747253,0,0.46007326007326,0.194322344322344,0.119230769230769
180773.411807,2511866.126422,0.0374311926605505,0.0768807339449541,0.0126605504587156,0.643302752293578,0.126788990825688,0.102935779816514
181273.411807,2511866.126422,0.0108237020730141,0.00825536598789213,0.0539350577875619,0.893597505044946,0.0277013392038158,0.00568702990277013
181773.411807,2511866.126422,0.0305860805860806,0.0139194139194139,0.00238095238095238,0.892490842490843,0.0478021978021978,0.0128205128205128
182273.411807,2511866.126422,0.0341284403669725,0.0299082568807339,0.00055045871559633,0.84348623853211,0.0737614678899083,0.0181651376146789
182773.411807,2511866.126422,0.0449458814896349,0.096862960924601,0,0.715648504861493,0.0730141258484682,0.0695285268758026
183273.411807,2511866.126422,0.0924908424908425,0.183333333333333,0,0.337728937728938,0.112454212454212,0.273992673992674
183773.411807,2511866.126422,0.0377981651376147,0.128256880733945,0,0.27045871559633,0.14697247706422,0.41651376146789
184273.411807,2511866.126422,0.106402494955054,0.0181618051733627,0.0170610897083104,0.555677857273895,0.0484314804623005,0.254265272427078
184773.411807,2511866.126422,0.0606227106227106,0.148168498168498,0,0.446153846153846,0.123260073260073,0.221794871794872
185273.411807,2511866.126422,0.120366972477064,0.266238532110092,0.0036697247706422,0.259266055045872,0.121651376146789,0.228807339449541
174273.411807,2511366.126422,0.0113678034470114,0.0254858819215255,0.571323799046571,0.327282728272827,0.044004400440044,0.0205353868720205
175773.411807,2511366.126422,0.0416208287495416,0.0361202786945361,0,0.713421342134213,0.128346167950128,0.0804913824715805
176273.411807,2511366.126422,0.116666666666667,0.0434065934065934,0,0.397069597069597,0.21978021978022,0.223076923076923
176773.411807,2511366.126422,0.31025641025641,0.0686813186813187,0.00183150183150183,0.171794871794872,0.271428571428571,0.176007326007326
177273.411807,2511366.126422,0.156215621562156,0.115694902823616,0,0.355335533553355,0.243307664099743,0.129446277961129
177773.411807,2511366.126422,0.20952380952381,0.058974358974359,0.00494505494505494,0.180586080586081,0.186263736263736,0.35970695970696
178273.411807,2511366.126422,0.255311355311355,0.0657509157509158,0.00604395604395604,0.209157509157509,0.21978021978022,0.243956043956044
178773.411807,2511366.126422,0.418408507517418,0.0253025302530253,0.00568390172350568,0.170883755042171,0.118078474514118,0.261642830949762
179273.411807,2511366.126422,0.673443223443223,0.000732600732600733,0,0,0.0010989010989011,0.324725274725275
179773.411807,2511366.126422,0.587179487179487,0.0128205128205128,0.000366300366300366,0.0992673992673993,0.023992673992674,0.276373626373626
180273.411807,2511366.126422,0.0671067106710671,0.0597726439310598,0.00825082508250825,0.649064906490649,0.148331499816648,0.0674734140080675
180773.411807,2511366.126422,0.030952380952381,0.0836996336996337,0.0228937728937729,0.690842490842491,0.121794871794872,0.0498168498168498
181273.411807,2511366.126422,0.0327838827838828,0.10989010989011,0.0108058608058608,0.709157509157509,0.0672161172161172,0.0701465201465201
181773.411807,2511366.126422,0.00678401173450678,0.0401540154015402,0.00531719838650532,0.916024935826916,0.0100843417675101,0.0216354968830216
182273.411807,2511366.126422,0.00934065934065934,0.00732600732600733,0.00293040293040293,0.962271062271062,0.0119047619047619,0.00622710622710623
182773.411807,2511366.126422,0.0131868131868132,0.0205128205128205,0.000915750915750916,0.914102564102564,0.0412087912087912,0.0100732600732601
183273.411807,2511366.126422,0.0454712137880455,0.0293362669600293,0.000183351668500183,0.82013201320132,0.0661899523285662,0.0386872020535387
183773.411807,2511366.126422,0.0516483516483516,0.0624542124542125,0,0.671978021978022,0.171428571428571,0.0424908424908425
184273.411807,2511366.126422,0.0346153846153846,0.0747252747252747,0.00805860805860806,0.69010989010989,0.131318681318681,0.0611721611721612
184773.411807,2511366.126422,0.0903923725705904,0.0933259992665933,0,0.402640264026403,0.211587825449212,0.202053538687202
185273.411807,2511366.126422,0.130769230769231,0.0302197802197802,0.00238095238095238,0.529487179487179,0.208608058608059,0.0985347985347985
175273.411807,2510866.126422,0.0163212910324592,0.0102695763799743,0,0.899504859710251,0.0629011553273428,0.0110031175499725
175773.411807,2510866.126422,0.0773318673263698,0.0602895363752978,0,0.549019607843137,0.255268462525197,0.0580905259299982
176273.411807,2510866.126422,0.189025509267756,0.0506514956872821,0,0.0985501926959075,0.12038906221325,0.541383740135805
176773.411807,2510866.126422,0.143407298734641,0.109847790207225,0.00568494406748579,0.344947735191638,0.18815331010453,0.20795892169448
177273.411807,2510866.126422,0.21751878321422,0.0892431739050761,0.000549752611324904,0.251053692505039,0.314458493677845,0.127176104086494
177773.411807,2510866.126422,0.151036887502294,0.126628739218205,0,0.207010460634979,0.267755551477335,0.247568361167187
178273.411807,2510866.126422,0.167247386759582,0.141756831102146,0.0122868145974693,0.287181368054282,0.161379057399597,0.230148542086925
178773.411807,2510866.126422,0.782114715044896,0.00183250870441635,0,0.0419644493311343,0.0164925783397471,0.157595748579806
179273.411807,2510866.126422,0.656083685079831,0.00770783630023858,0.000183519911910442,0.0214718296935217,0.00972655533125344,0.304826573683245
179773.411807,2510866.126422,0.138639281129653,0.0379607555474051,0.0110031175499725,0.587016321291032,0.141390060517147,0.08399046396479
180273.411807,2510866.126422,0.0183250870441635,0.0328019058090526,0.0106285504856148,0.838922484881803,0.0899761773868426,0.00934579439252336
180773.411807,2510866.126422,0.0557900532207745,0.100935951550743,0,0.614975224811892,0.123508900715728,0.104789869700863
181273.411807,2510866.126422,0.0192554557124519,0.157527966257106,0,0.605905006418485,0.106913625527233,0.110397946084724
181773.411807,2510866.126422,0.013560564412681,0.101337731354224,0.0089792926516401,0.689389774601429,0.0729338464357706,0.113798790544255
182273.411807,2510866.126422,0.00513855753349238,0.180216553496054,0.0113782345384474,0.634244815562489,0.0611121306661773,0.10790970820334
182773.411807,2510866.126422,0.0265908674124335,0.099211443242252,0.00183385292499542,0.550155877498625,0.122684760682193,0.199523198239501
183273.411807,2510866.126422,0.0786146234194612,0.0630382994319223,0,0.70295033901411,0.0833791460509437,0.0720175920835624
183773.411807,2510866.126422,0.350339511837034,0.0616626904019086,0,0.294365938704349,0.125344099834832,0.168287759221876
184273.411807,2510866.126422,0.0597836053548505,0.0887584815697781,0.000366770584999083,0.6798092792958,0.100495140289749,0.070786722904823
184773.411807,2510866.126422,0.194978926149899,0.0896096756459593,0,0.442734102986989,0.200476452263148,0.072200842954004
185273.411807,2510866.126422,0.0979996329601762,0.0981831528720866,0.000734079647641769,0.510735914846761,0.155991925123876,0.136355294549459
175773.411807,2510366.126422,0.21043956043956,0.0375457875457875,0.000732600732600733,0.362637362637363,0.187362637362637,0.201282051282051
176273.411807,2510366.126422,0.23651376146789,0.0427522935779817,0,0.121834862385321,0.154678899082569,0.444220183486239
176773.411807,2510366.126422,0.392405063291139,0.0487983856173179,0,0.0753990093560815,0.193175564116676,0.290221977618786
177273.411807,2510366.126422,0.272344322344322,0.0617216117216117,0.00183150183150183,0.27967032967033,0.24010989010989,0.144322344322344
177773.411807,2510366.126422,0.11651376146789,0.0423853211009174,0.00146788990825688,0.667155963302752,0.115779816513761,0.056697247706422
178273.411807,2510366.126422,0.256466703357182,0.0403595670519171,0.00183452577508714,0.362502293157219,0.149146945514584,0.18968996514401
178773.411807,2510366.126422,0.625824175824176,0.0631868131868132,0,0.0391941391941392,0.0102564102564103,0.261538461538462
179273.411807,2510366.126422,0.137981651376147,0.0368807339449541,0.00330275229357798,0.320733944954128,0.142018348623853,0.359082568807339
179773.411807,2510366.126422,0.0530177949000183,0.0731975784259769,0.0106402494955054,0.501559346908824,0.285085305448542,0.0764997248211337
180273.411807,2510366.126422,0.0186813186813187,0.086996336996337,0,0.764102564102564,0.0924908424908425,0.0377289377289377
180773.411807,2510366.126422,0.0445871559633028,0.289724770642202,0,0.444403669724771,0.0930275229357798,0.128256880733945
181273.411807,2510366.126422,0.0319207484865162,0.0697119794533113,0,0.679141441937259,0.0636580443955238,0.155567785727389
181773.411807,2510366.126422,0.0358974358974359,0.118315018315018,0,0.676007326007326,0.0496336996336996,0.12014652014652
182273.411807,2510366.126422,0.0759633027522936,0.133394495412844,0.00055045871559633,0.516880733944954,0.0867889908256881,0.186422018348624
182773.411807,2510366.126422,0.108053568152633,0.0937442671069529,0.00091726288754357,0.433498440653091,0.123096679508347,0.240689781691433
183273.411807,2510366.126422,0.067032967032967,0.0741758241758242,0.000183150183150183,0.709340659340659,0.095970695970696,0.0532967032967033
183773.411807,2510366.126422,0.233394495412844,0.0601834862385321,0.00128440366972477,0.350825688073394,0.124220183486239,0.230091743119266
184273.411807,2510366.126422,0.109154283617685,0.131535498073748,0.0476976701522656,0.287286736378646,0.206200697119795,0.218125114657861
