"x","y","forest","agri","water","built","other","grass"
212273.411807,2682366.126422,0.102380952380952,0.0617216117216117,0,0.0291208791208791,0.127289377289377,0.67948717948718
212773.411807,2682366.126422,0.155860805860806,0.0853479853479854,0,0,0.0366300366300366,0.722161172161172
213273.411807,2682366.126422,0.178401173450678,0.0154015401540154,0,0.0854418775210854,0.150715071507151,0.57004033736707
213773.411807,2682366.126422,0.11043956043956,0.226556776556777,0,0.100732600732601,0.146336996336996,0.415934065934066
214273.411807,2682366.126422,0.0847985347985348,0.107326007326007,0,0.0886446886446886,0.177838827838828,0.541391941391941
214773.411807,2682366.126422,0.0403373670700403,0.12027869453612,0.000733406674000733,0.239090575724239,0.188302163549688,0.411257792445911
215273.411807,2682366.126422,0.0633699633699634,0.162454212454212,0.00183150183150183,0.27967032967033,0.144871794871795,0.347802197802198
215773.411807,2682366.126422,0.0653846153846154,0.106776556776557,0.000366300366300366,0.365018315018315,0.131318681318681,0.331135531135531
216273.411807,2682366.126422,0.0672900623395673,0.233223322332233,0.000183351668500183,0.167216721672167,0.099009900990099,0.433076640997433
216773.411807,2682366.126422,0.0919413919413919,0.252747252747253,0,0.265750915750916,0.128937728937729,0.260622710622711
217273.411807,2682366.126422,0.0514652014652015,0.0842490842490843,0.000183150183150183,0.539194139194139,0.113553113553114,0.211355311355311
217773.411807,2682366.126422,0.0229189585625229,0.0313531353135314,0.000366703337000367,0.741657499083242,0.141914191419142,0.0617895122845618
218273.411807,2682366.126422,0.0915750915750916,0.0655677655677656,0.000366300366300366,0.652930402930403,0.10018315018315,0.0893772893772894
218773.411807,2682366.126422,0.0501831501831502,0.0547619047619048,0.00128205128205128,0.651831501831502,0.103296703296703,0.138644688644689
219273.411807,2682366.126422,0.0194352768610194,0.0203520352035204,0,0.855518885221855,0.074990832416575,0.0297029702970297
219773.411807,2682366.126422,0.0842490842490843,0.0336996336996337,0.00677655677655678,0.733333333333333,0.0880952380952381,0.0538461538461538
220273.411807,2682366.126422,0.00989010989010989,0.0108058608058608,0.000366300366300366,0.92985347985348,0.0371794871794872,0.0119047619047619
220773.411807,2682366.126422,0.0746241290795746,0.0346534653465347,0.00293362669600293,0.737807114044738,0.105793912724606,0.0441877521085442
221273.411807,2682366.126422,0.0188644688644689,0.0217948717948718,0.0126373626373626,0.878021978021978,0.0415750915750916,0.0271062271062271
221773.411807,2682366.126422,0.105494505494505,0.0622710622710623,0.00128205128205128,0.577655677655678,0.178021978021978,0.0752747252747253
222273.411807,2682366.126422,0.0412541254125413,0.0181518151815182,0.0011001100110011,0.874954162082875,0.0528052805280528,0.0117345067840117
222773.411807,2682366.126422,0.0565934065934066,0.0263736263736264,0.00567765567765568,0.522527472527473,0.141025641025641,0.247802197802198
223273.411807,2682366.126422,0.155311355311355,0.0276556776556777,0,0.374175824175824,0.114468864468864,0.328388278388278
223773.411807,2682366.126422,0.224605793912725,0.0432709937660433,0,0.000366703337000367,0.048038137147048,0.683718371837184
224273.411807,2682366.126422,0.67051282051282,0.0126373626373626,0,0.00201465201465201,0.0291208791208791,0.285714285714286
212273.411807,2681866.126422,0.100568911726922,0.012846393833731,0,0.480822169205359,0.0576252523398789,0.348137272894109
212773.411807,2681866.126422,0.105629928479736,0.101412066752246,0,0.328809829451678,0.136255272327159,0.32789290298918
213273.411807,2681866.126422,0.0907091808686091,0.173905076049111,0,0.0734835990470955,0.117463807953088,0.544438336082096
213773.411807,2681866.126422,0.0748761240594605,0.16590200036704,0,0.0660671682877592,0.147917048999816,0.545237658285924
214273.411807,2681866.126422,0.0447460113698881,0.129653401797176,0,0.174216027874564,0.171098477902072,0.480286081056299
214773.411807,2681866.126422,0.0595565328935312,0.087777166941543,0,0.238959135055892,0.148799706798607,0.464907458310427
215273.411807,2681866.126422,0.0513855753349238,0.155441365388145,0.000183519911910442,0.139108093228115,0.148834648559369,0.505046797577537
215773.411807,2681866.126422,0.0689528699798276,0.197505960022006,0,0.106546854942234,0.113882266642215,0.513112048413717
216273.411807,2681866.126422,0.0586402785413231,0.21641927799157,0.000549752611324904,0.265347260399487,0.137621403701668,0.321422026754627
216773.411807,2681866.126422,0.063497889521013,0.202789502661039,0.000367039823820885,0.369976142411452,0.143145531290145,0.220223894292531
217273.411807,2681866.126422,0.0759215110948102,0.191270860077022,0,0.382725105446543,0.155510728039611,0.194571795342014
217773.411807,2681866.126422,0.108118013560564,0.091258933479934,0,0.305479201026205,0.148433205057724,0.346710646875573
218273.411807,2681866.126422,0.071389245733162,0.194531106625069,0,0.260781794824739,0.165718480455129,0.307579372361901
218773.411807,2681866.126422,0.0812396845772969,0.165963689712085,0,0.294150009169265,0.163396295617092,0.295250320924262
219273.411807,2681866.126422,0.0393989371449514,0.164925783397471,0,0.448048378229797,0.148799706798607,0.198827194429174
219773.411807,2681866.126422,0.0521196549825656,0.0598274912828042,0,0.612772985868967,0.1370893741971,0.138190493668563
220273.411807,2681866.126422,0.0209059233449477,0.0185219145424537,0.000550155877498625,0.881349715752797,0.0469466348798826,0.0317256556024207
220773.411807,2681866.126422,0.0181418361737218,0.0229063588052043,0.000183250870441635,0.884735202492212,0.066703316840755,0.00733003481766538
221273.411807,2681866.126422,0.068452927142595,0.0407414204441182,0,0.772068269407231,0.0801982015048633,0.0385391815011929
221773.411807,2681866.126422,0.04401247019989,0.0344764349899138,0.00201723821749496,0.829451677975426,0.0612506876948469,0.028791490922428
222273.411807,2681866.126422,0.0465457210921752,0.0144768187648891,0.000183250870441635,0.762140370166758,0.0956569543705333,0.0809968847352025
222773.411807,2681866.126422,0.0561570930445953,0.0346852633510736,0,0.557900532207744,0.150853367590384,0.200403743806203
223273.411807,2681866.126422,0.252704933064368,0.0500641848523748,0.000733541169998166,0.312488538419219,0.15606088391711,0.22794791857693
223773.411807,2681866.126422,0.605644126809602,0.00659703133589885,0,0.01905809052593,0.0549752611324904,0.313725490196078
224273.411807,2681866.126422,0.599008992475684,0.009543035419343,0,0,0.00275279867865663,0.388695173426317
212273.411807,2681366.126422,0.162935779816514,0.167706422018349,0.00055045871559633,0.170642201834862,0.130825688073395,0.367339449541284
212773.411807,2681366.126422,0.0504494588148963,0.0680609062557329,0,0.385800770500826,0.17116125481563,0.324527609612915
213273.411807,2681366.126422,0.0272893772893773,0.245787545787546,0,0.0987179487179487,0.115384615384615,0.512820512820513
213773.411807,2681366.126422,0.0559633027522936,0.129174311926606,0,0.116880733944954,0.200733944954128,0.497247706422018
214273.411807,2681366.126422,0.0291689598238855,0.133186571271326,0,0.0810860392588516,0.164190056870299,0.592368372775637
214773.411807,2681366.126422,0.0289377289377289,0.0490842490842491,0,0.265567765567766,0.138827838827839,0.517582417582418
215273.411807,2681366.126422,0.0524770642201835,0.213394495412844,0.00036697247706422,0.282935779816514,0.0908256880733945,0.36
215773.411807,2681366.126422,0.0856723536965694,0.3494771601541,0.00403595670519171,0.0889745000917263,0.115208218675472,0.35663181067694
216273.411807,2681366.126422,0.0194139194139194,0.0924908424908425,0.000549450549450549,0.669047619047619,0.123992673992674,0.0945054945054945
216773.411807,2681366.126422,0.051743119266055,0.0941284403669725,0.00055045871559633,0.469908256880734,0.11651376146789,0.267155963302752
217273.411807,2681366.126422,0.0587048248027885,0.199046046596955,0,0.273711245643001,0.162538983672721,0.305998899284535
217773.411807,2681366.126422,0.0767399267399267,0.236996336996337,0,0.0804029304029304,0.156776556776557,0.449084249084249
218273.411807,2681366.126422,0.0970642201834862,0.176330275229358,0,0.299633027522936,0.187889908256881,0.239082568807339
218773.411807,2681366.126422,0.0587048248027885,0.100715465052284,0,0.385066960190791,0.170427444505595,0.285085305448542
219273.411807,2681366.126422,0.036996336996337,0.24047619047619,0,0.301282051282051,0.201098901098901,0.22014652014652
219773.411807,2681366.126422,0.0601834862385321,0.0965137614678899,0.00018348623853211,0.395412844036697,0.16697247706422,0.280733944954128
220273.411807,2681366.126422,0.0410933773619519,0.032104201064025,0.000366905155017428,0.749770684278114,0.10273344340488,0.0739313887360117
220773.411807,2681366.126422,0.0364468864468864,0.0221611721611722,0.000549450549450549,0.765567765567766,0.0862637362637363,0.089010989010989
221273.411807,2681366.126422,0.0511926605504587,0.0631192660550459,0.00036697247706422,0.61651376146789,0.141100917431193,0.127706422018349
221773.411807,2681366.126422,0.0302696752889378,0.0475142175747569,0.000550357732526142,0.735277930654926,0.120161438268208,0.0662263804806457
222273.411807,2681366.126422,0.0604395604395604,0.0324175824175824,0.000183150183150183,0.536263736263736,0.13021978021978,0.24047619047619
222773.411807,2681366.126422,0.119816513761468,0.0396330275229358,0.00036697247706422,0.252660550458716,0.204220183486239,0.383302752293578
223273.411807,2681366.126422,0.638781874885342,0.0144927536231884,0.000366905155017428,0.121078701155751,0.0662263804806457,0.159053384700055
223773.411807,2681366.126422,0.487545787545788,0.00457875457875458,0,0.047985347985348,0.0725274725274725,0.387362637362637
224273.411807,2681366.126422,0.530825688073394,0.00055045871559633,0,0,0.00128440366972477,0.467339449541284
212273.411807,2680866.126422,0.0443223443223443,0.102564102564103,0,0.145421245421245,0.123260073260073,0.584432234432234
212773.411807,2680866.126422,0.141391941391941,0.114835164835165,0,0.115384615384615,0.201098901098901,0.427289377289377
213273.411807,2680866.126422,0.0751741840850752,0.125779244591126,0,0.354052071873854,0.154748808214155,0.29024569123579
213773.411807,2680866.126422,0.052014652014652,0.154395604395604,0,0.191941391941392,0.167582417582418,0.434065934065934
214273.411807,2680866.126422,0.0285714285714286,0.0983516483516483,0,0.183516483516484,0.165750915750916,0.523809523809524
214773.411807,2680866.126422,0.041987532086542,0.0656398973230656,0.00146681334800147,0.323065639897323,0.116061606160616,0.451778511184452
215273.411807,2680866.126422,0.0474358974358974,0.127472527472527,0.00183150183150183,0.537545787545788,0.0932234432234432,0.192490842490843
215773.411807,2680866.126422,0.0322344322344322,0.0705128205128205,0.0043956043956044,0.692673992673993,0.0736263736263736,0.126556776556777
216273.411807,2680866.126422,0.0352035203520352,0.0938760542720939,0.00146681334800147,0.609460946094609,0.0905757242390906,0.169416941694169
216773.411807,2680866.126422,0.0791208791208791,0.0902930402930403,0.000183150183150183,0.242490842490842,0.171428571428571,0.416483516483517
217273.411807,2680866.126422,0.063003663003663,0.308058608058608,0.0010989010989011,0.157875457875458,0.109157509157509,0.360805860805861
217773.411807,2680866.126422,0.0595892922625596,0.322698936560323,0,0.178951228456179,0.111661166116612,0.327099376604327
218273.411807,2680866.126422,0.052014652014652,0.251098901098901,0.000183150183150183,0.297619047619048,0.129487179487179,0.26959706959707
218773.411807,2680866.126422,0.0752747252747253,0.15952380952381,0,0.334249084249084,0.198168498168498,0.232783882783883
219273.411807,2680866.126422,0.0638063806380638,0.143381004767143,0,0.219288595526219,0.14961496149615,0.423909057572424
219773.411807,2680866.126422,0.0617216117216117,0.0846153846153846,0,0.369047619047619,0.156043956043956,0.328571428571429
220273.411807,2680866.126422,0.0175824175824176,0.032051282051282,0.00311355311355311,0.794322344322344,0.0701465201465201,0.0827838827838828
220773.411807,2680866.126422,0.0603226989365603,0.164099743307664,0,0.522002200220022,0.101026769343601,0.152548588192153
221273.411807,2680866.126422,0.0468864468864469,0.262087912087912,0,0.320695970695971,0.125091575091575,0.245238095238095
221773.411807,2680866.126422,0.0706959706959707,0.0787545787545788,0,0.231684981684982,0.20989010989011,0.408974358974359
222273.411807,2680866.126422,0.140630729739641,0.0463879721305464,0.00385038503850385,0.327099376604327,0.171983865053172,0.31004767143381
222773.411807,2680866.126422,0.323626373626374,0.0373626373626374,0,0.0844322344322344,0.0983516483516483,0.456227106227106
223273.411807,2680866.126422,0.489010989010989,0.015018315018315,0,0.0956043956043956,0.0617216117216117,0.338644688644689
223773.411807,2680866.126422,0.407407407407407,0.0122845617895123,0,0.0427209387605427,0.0823248991565823,0.455262192885955
224273.411807,2680866.126422,0.23021978021978,0.0146520146520147,0,0.0626373626373626,0.161538461538462,0.530952380952381
212273.411807,2680366.126422,0.0418425399155808,0.0627638098733713,0,0.129381537896862,0.225729491649844,0.540282620664342
212773.411807,2680366.126422,0.0418118466898955,0.115349348982212,0,0.378323858426554,0.224463598019439,0.2400513478819
213273.411807,2680366.126422,0.0696353307678211,0.142019424592267,0.000549752611324904,0.197544438336082,0.187465640461792,0.402785413230713
213773.411807,2680366.126422,0.0440447788585061,0.0642319691686548,0,0.642319691686548,0.140576252523399,0.108827307762892
214273.411807,2680366.126422,0.0198056115899505,0.0355767467449111,0.0183385292499542,0.799193104713002,0.0634513112048414,0.0636346964973409
214773.411807,2680366.126422,0.0573575224482316,0.0238226131574125,0.00366501740883269,0.75334432838556,0.0668865677111966,0.0949239508887667
215273.411807,2680366.126422,0.026977427050835,0.0917599559552211,0.00165167920719398,0.541200220223894,0.122591301156175,0.21581941640668
215773.411807,2680366.126422,0.0548322024573629,0.0940766550522648,0.000366770584999083,0.441041628461397,0.0858243168897854,0.32385842655419
216273.411807,2680366.126422,0.0657870624885468,0.174271577789994,0,0.286787612241158,0.0883269195528679,0.384826827927433
216773.411807,2680366.126422,0.0512020554230134,0.178931914112681,0,0.365938704349422,0.105523949348504,0.298403376766379
217273.411807,2680366.126422,0.0462130937098845,0.333577847056666,0,0.113698881349716,0.0777553640198056,0.428754813863928
217773.411807,2680366.126422,0.0458127176104087,0.24665567161444,0,0.254718709913872,0.153197727689207,0.299615173172073
218273.411807,2680366.126422,0.0748761240594605,0.191594788034502,0,0.377316938887869,0.12020554230134,0.236006606716829
218773.411807,2680366.126422,0.0564826700898588,0.160462130937099,0.000183385292499542,0.30808729139923,0.16779754263708,0.306986979644233
219273.411807,2680366.126422,0.0969397104636247,0.158695253802456,0,0.216602528862012,0.142202675462708,0.385559831409199
219773.411807,2680366.126422,0.0974490732244448,0.146632409616443,0,0.29858689667829,0.15764360433107,0.299688016149752
220273.411807,2680366.126422,0.0265908674124335,0.0790390610673024,0.000550155877498625,0.753346781588117,0.101595452044746,0.0388776820099028
220773.411807,2680366.126422,0.0293201392706615,0.051676745464541,0,0.819131390874107,0.0645043063954554,0.0353674179952355
221273.411807,2680366.126422,0.0581758120756102,0.324096164433841,0,0.223527252706919,0.1493852082951,0.24481556248853
221773.411807,2680366.126422,0.0823399963322941,0.0513478818998716,0,0.339629561709151,0.22391344214194,0.302769117916743
222273.411807,2680366.126422,0.18948140003665,0.0227231079347627,0.00109950522264981,0.19736118746564,0.184716877405168,0.404617921935129
222773.411807,2680366.126422,0.307579372361901,0.0330335841438796,0,0.130482657368324,0.128280418425399,0.400623967700496
223273.411807,2680366.126422,0.622593068035943,0,0,0,0,0.377406931964057
223773.411807,2680366.126422,0.538940809968847,0.00109950522264981,0,0.000366501740883269,0.00128275609309144,0.458310426974528
224273.411807,2680366.126422,0.345567994127363,0.000550559735731327,0,0.000367039823820885,0.00844191594788034,0.645072490365205
212273.411807,2679866.126422,0.103302752293578,0.125321100917431,0.00568807339449541,0.361100917431193,0.158715596330275,0.245871559633028
212773.411807,2679866.126422,0.0458631443771785,0.321225463217758,0,0.158136121812511,0.122546321775821,0.352228948816731
213273.411807,2679866.126422,0.0620879120879121,0.0805860805860806,0.00824175824175824,0.261904761904762,0.204395604395604,0.382783882783883
213773.411807,2679866.126422,0.0587155963302752,0.0423853211009174,0.00165137614678899,0.314862385321101,0.115963302752294,0.466422018348624
214273.411807,2679866.126422,0.0396257567418822,0.0280682443588332,0.000550357732526142,0.806090625573289,0.0871399743166392,0.0385250412768299
214773.411807,2679866.126422,0.0340659340659341,0.045970695970696,0.00146520146520147,0.758058608058608,0.106043956043956,0.0543956043956044
215273.411807,2679866.126422,0.0368807339449541,0.0926605504587156,0.00201834862385321,0.518899082568807,0.0853211009174312,0.264220183486239
215773.411807,2679866.126422,0.11263988259035,0.0614566134654192,0,0.371674922032655,0.134287286736379,0.319941295175197
216273.411807,2679866.126422,0.0595238095238095,0.121062271062271,0.000366300366300366,0.343406593406593,0.119047619047619,0.356593406593407
216773.411807,2679866.126422,0.0710091743119266,0.168256880733945,0.00110091743119266,0.18954128440367,0.125137614678899,0.444954128440367
217273.411807,2679866.126422,0.0381581361218125,0.285635663181068,0,0.198679141441937,0.11263988259035,0.364887176664832
217773.411807,2679866.126422,0.0628205128205128,0.250732600732601,0,0.255677655677656,0.121611721611722,0.309157509157509
218273.411807,2679866.126422,0.0807339449541284,0.208623853211009,0,0.310275229357798,0.137064220183486,0.263302752293578
218773.411807,2679866.126422,0.0177949000183453,0.077600440286186,0.0152265639332233,0.760961291506146,0.0607228031553843,0.0676940011007155
219273.411807,2679866.126422,0.0382783882783883,0.217399267399267,0.000183150183150183,0.447802197802198,0.126190476190476,0.17014652014652
219773.411807,2679866.126422,0.0438532110091743,0.0954128440366973,0.00385321100917431,0.634678899082569,0.12256880733945,0.0996330275229358
220273.411807,2679866.126422,0.133920381581361,0.138873601174097,0.000183452577508714,0.439552375710879,0.0884241423592002,0.199046046596955
220773.411807,2679866.126422,0.060989010989011,0.32985347985348,0,0.241758241758242,0.110989010989011,0.256410256410256
221273.411807,2679866.126422,0.11743119266055,0.569908256880734,0,0.0704587155963303,0.0638532110091743,0.178348623853211
221773.411807,2679866.126422,0.109704641350211,0.0590717299578059,0,0.2168409466153,0.199229499174463,0.41515318290222
222273.411807,2679866.126422,0.158241758241758,0.0192307692307692,0,0.255677655677656,0.174542124542125,0.392307692307692
222773.411807,2679866.126422,0.489174311926605,0.0264220183486239,0,0.0899082568807339,0.068256880733945,0.326238532110092
223273.411807,2679866.126422,0.723903870849385,0,0,0,0,0.276096129150615
223773.411807,2679866.126422,0.77032967032967,0,0,0,0,0.22967032967033
224273.411807,2679866.126422,0.445871559633028,0.00018348623853211,0,0.00055045871559633,0.0113761467889908,0.542018348623853
212273.411807,2679366.126422,0.067032967032967,0.258608058608059,0,0.162271062271062,0.127655677655678,0.384432234432234
212773.411807,2679366.126422,0.056959706959707,0.144688644688645,0,0.266483516483516,0.153663003663004,0.378205128205128
213273.411807,2679366.126422,0.0482214888155482,0.0940594059405941,0,0.427392739273927,0.131463146314631,0.298863219655299
213773.411807,2679366.126422,0.0481684981684982,0.135714285714286,0.00421245421245421,0.331318681318681,0.154578754578755,0.326007326007326
214273.411807,2679366.126422,0.0324175824175824,0.034981684981685,0.00586080586080586,0.785714285714286,0.0796703296703297,0.0613553113553114
214773.411807,2679366.126422,0.0414374770810414,0.0359369270260359,0.0128346167950128,0.69050238357169,0.118995232856619,0.1002933626696
215273.411807,2679366.126422,0.0448717948717949,0.0606227106227106,0.00128205128205128,0.566117216117216,0.11025641025641,0.216849816849817
215773.411807,2679366.126422,0.0366300366300366,0.0833333333333333,0.0010989010989011,0.487728937728938,0.16043956043956,0.230769230769231
216273.411807,2679366.126422,0.0612394572790612,0.0883755042170884,0.000733406674000733,0.445544554455446,0.154932159882655,0.249174917491749
216773.411807,2679366.126422,0.0382783882783883,0.191941391941392,0,0.206410256410256,0.111172161172161,0.452197802197802
217273.411807,2679366.126422,0.0639194139194139,0.225641025641026,0,0.234615384615385,0.110622710622711,0.365201465201465
217773.411807,2679366.126422,0.0636230289695636,0.238357169050238,0,0.160799413274661,0.108910891089109,0.428309497616428
218273.411807,2679366.126422,0.045970695970696,0.235897435897436,0.000366300366300366,0.356227106227106,0.124175824175824,0.237362637362637
218773.411807,2679366.126422,0.0236263736263736,0.0408424908424908,0.0010989010989011,0.81043956043956,0.060989010989011,0.063003663003663
219273.411807,2679366.126422,0.0579391272460579,0.369086908690869,0.000366703337000367,0.313164649798313,0.0843417675100843,0.175100843417675
219773.411807,2679366.126422,0.0749084249084249,0.0646520146520147,0.00146520146520147,0.711172161172161,0.0992673992673993,0.0485347985347985
220273.411807,2679366.126422,0.101465201465201,0.0970695970695971,0.000549450549450549,0.503296703296703,0.109340659340659,0.188278388278388
220773.411807,2679366.126422,0.0797579757975798,0.226989365603227,0.000733406674000733,0.213971397139714,0.137147048038137,0.341400806747341
221273.411807,2679366.126422,0.135347985347985,0.204212454212454,0.00512820512820513,0.13956043956044,0.170512820512821,0.345238095238095
221773.411807,2679366.126422,0.0750915750915751,0.166483516483516,0.0282051282051282,0.322527472527473,0.224358974358974,0.183333333333333
222273.411807,2679366.126422,0.327649431609828,0.0837917125045838,0,0.174550788412175,0.126329299596626,0.287678767876788
222773.411807,2679366.126422,0.452380952380952,0.00421245421245421,0,0.0267399267399267,0.0423076923076923,0.474358974358974
223273.411807,2679366.126422,0.717765567765568,0,0,0,0,0.282234432234432
223773.411807,2679366.126422,0.695452878621195,0.00128346167950128,0,0,0,0.303263659699303
224273.411807,2679366.126422,0.361355311355311,0.000732600732600733,0,0.000549450549450549,0.00824175824175824,0.629120879120879
212273.411807,2678866.126422,0.0306478252890439,0.35290879060378,0,0.0379886217654616,0.0724903652046247,0.505964397137089
212773.411807,2678866.126422,0.04401247019989,0.163763066202091,0.00256739409499358,0.373005684944067,0.169264624977077,0.247386759581882
213273.411807,2678866.126422,0.0502107385010079,0.134322888033718,0.0053142752428074,0.250137438152831,0.175187832142203,0.384826827927433
213773.411807,2678866.126422,0.0280785465222977,0.0594604514589833,0.00238575885483575,0.267388511653514,0.137823453844742,0.504863277665627
214273.411807,2678866.126422,0.0436456996148909,0.0333761232349166,0.0119200440124702,0.748211993398129,0.10801393728223,0.0548322024573629
214773.411807,2678866.126422,0.0610225398570643,0.0945574491478835,0.00183250870441635,0.512735935495694,0.0872274143302181,0.242624152464724
215273.411807,2678866.126422,0.0638649293448339,0.161497522481189,0.00201871903101487,0.131950816663608,0.0943292347219673,0.546338777757387
215773.411807,2678866.126422,0.0441958554923895,0.140839904639648,0,0.357601320374106,0.121401063634696,0.33596185585916
216273.411807,2678866.126422,0.03811618105186,0.0406816932380429,0.00641378046545721,0.597764339380612,0.140370166758292,0.176653839105736
216773.411807,2678866.126422,0.0361534226463571,0.129381537896862,0.00238575885483575,0.414571481005689,0.160763442833547,0.256744356762709
217273.411807,2678866.126422,0.0445626260773886,0.146891619292133,0,0.465982028241335,0.138272510544654,0.204291215844489
217773.411807,2678866.126422,0.0619387942092725,0.296499908374565,0,0.296316657504123,0.120945574491479,0.224299065420561
218273.411807,2678866.126422,0.0392732611488346,0.151220407414204,0.000734079647641769,0.513672233437328,0.140392732611488,0.154707285740503
218773.411807,2678866.126422,0.0154043645699615,0.169998166147075,0.00165046763249587,0.58793324775353,0.0476801760498808,0.177333577847057
219273.411807,2678866.126422,0.0698185816382628,0.0888766721641928,0.000183250870441635,0.303463441451347,0.228880337181602,0.308777716694154
219773.411807,2678866.126422,0.0526702147182969,0.0189025509267756,0.0108276748027161,0.775371627821619,0.106808588731877,0.0354193429987154
220273.411807,2678866.126422,0.0401613790573996,0.0458463231248854,0.00568494406748579,0.779570878415551,0.094810196222263,0.0339262791124152
220773.411807,2678866.126422,0.0485614806670332,0.118013560564413,0.000733003481766538,0.54150632215503,0.136705149349459,0.154480483782298
221273.411807,2678866.126422,0.0781794824738484,0.175995595522114,0.0143145531290145,0.190310148651129,0.153239126445219,0.387961093778675
221773.411807,2678866.126422,0.117549972492206,0.061984228864845,0,0.252704933064368,0.146158078122135,0.421602787456446
222273.411807,2678866.126422,0.179769103903244,0.0302363936228697,0.000183250870441635,0.310976727139454,0.131757375847535,0.347077148616456
222773.411807,2678866.126422,0.442466507616076,0.0251422279317306,0.000183519911910442,0.0948797944576987,0.0537713341897596,0.383556615892824
223273.411807,2678866.126422,0.745094443425637,0.00146708233999633,0,0.000366770584999083,0.00806895286997983,0.245002750779387
223773.411807,2678866.126422,0.56276342312626,0.000366501740883269,0,0.00164925783397471,0.009529045262965,0.425691772035917
224273.411807,2678866.126422,0.425949715544137,0.00201871903101487,0,0.00146815929528354,0.0209212699577904,0.549642136171775
212273.411807,2678366.126422,0.0732110091743119,0.0585321100917431,0.00238532110091743,0.355963302752294,0.139449541284404,0.37045871559633
212773.411807,2678366.126422,0.0407264722069345,0.140708126949184,0,0.337185837461016,0.14694551458448,0.334434048798386
213273.411807,2678366.126422,0.0542124542124542,0.124358974358974,0.00934065934065934,0.400915750915751,0.156410256410256,0.254761904761905
213773.411807,2678366.126422,0.0440366972477064,0.0746788990825688,0.0152293577981651,0.578532110091743,0.095045871559633,0.192477064220183
214273.411807,2678366.126422,0.0491652907723353,0.0500825536598789,0.00715465052283985,0.615483397541735,0.119977985690699,0.158136121812511
214773.411807,2678366.126422,0.0357142857142857,0.0935897435897436,0.000549450549450549,0.571062271062271,0.120695970695971,0.178388278388278
215273.411807,2678366.126422,0.0684403669724771,0.154678899082569,0.00036697247706422,0.265688073394495,0.129908256880734,0.380917431192661
215773.411807,2678366.126422,0.0612731608879105,0.119427627958173,0.00110071546505228,0.431480462300495,0.153182902219776,0.233535131168593
216273.411807,2678366.126422,0.0532967032967033,0.158974358974359,0,0.389377289377289,0.117032967032967,0.281318681318681
216773.411807,2678366.126422,0.0623853211009174,0.204587155963303,0,0.225871559633028,0.151926605504587,0.355229357798165
217273.411807,2678366.126422,0.0684278114107503,0.339020363236103,0,0.129150614566135,0.0766831773986425,0.386718033388369
217773.411807,2678366.126422,0.060989010989011,0.276556776556777,0,0.227655677655678,0.106043956043956,0.328754578754579
218273.411807,2678366.126422,0.0321100917431193,0.190091743119266,0.00036697247706422,0.494311926605505,0.128990825688073,0.154128440366972
218773.411807,2678366.126422,0.0653091175931022,0.292606861126399,0.000366905155017428,0.125298110438452,0.109704641350211,0.406714364336819
219273.411807,2678366.126422,0.0584249084249084,0.27014652014652,0.00347985347985348,0.154395604395604,0.117032967032967,0.396520146520146
219773.411807,2678366.126422,0.0829357798165138,0.0300917431192661,0.0168807339449541,0.761467889908257,0.058348623853211,0.0502752293577982
220273.411807,2678366.126422,0.084021280498991,0.0706292423408549,0.00091726288754357,0.685929187305082,0.0895248578242524,0.0689781691432765
220773.411807,2678366.126422,0.137728937728938,0.0664835164835165,0,0.424542124542125,0.0941391941391941,0.277106227106227
221273.411807,2678366.126422,0.0763302752293578,0.190275229357798,0.00972477064220183,0.081651376146789,0.14954128440367,0.492477064220184
221773.411807,2678366.126422,0.127866446523574,0.081452944413869,0,0.0931939093744267,0.141992294991745,0.555494404696386
222273.411807,2678366.126422,0.191941391941392,0.00732600732600733,0,0.0426739926739927,0.235531135531136,0.522527472527473
222773.411807,2678366.126422,0.616146788990826,0.00018348623853211,0,0,0,0.383669724770642
223273.411807,2678366.126422,0.820583379196478,0,0,0,0,0.179416620803522
223773.411807,2678366.126422,0.43040293040293,0.00347985347985348,0,0,0.00567765567765568,0.56043956043956
224273.411807,2678366.126422,0.429908256880734,0.0370642201834862,0,0.00018348623853211,0.00660550458715596,0.526238532110092
212273.411807,2677866.126422,0.036996336996337,0.115934065934066,0.000183150183150183,0.536080586080586,0.13974358974359,0.171062271062271
212773.411807,2677866.126422,0.0364468864468864,0.0752747252747253,0.000183150183150183,0.61978021978022,0.137545787545788,0.130769230769231
213273.411807,2677866.126422,0.0412541254125413,0.188485515218188,0,0.384121745507884,0.122295562889622,0.263843050971764
213773.411807,2677866.126422,0.0212454212454212,0.134615384615385,0.00293040293040293,0.578754578754579,0.117582417582418,0.144871794871795
214273.411807,2677866.126422,0.0382783882783883,0.142673992673993,0.00402930402930403,0.265201465201465,0.0934065934065934,0.456410256410256
214773.411807,2677866.126422,0.0874587458745875,0.0555555555555556,0.00183351668500183,0.552255225522552,0.0755408874220755,0.227356068940227
215273.411807,2677866.126422,0.126923076923077,0.123076923076923,0.000366300366300366,0.18956043956044,0.0989010989010989,0.461172161172161
215773.411807,2677866.126422,0.0679487179487179,0.121428571428571,0.000183150183150183,0.281318681318681,0.155128205128205,0.373992673992674
216273.411807,2677866.126422,0.0353868720205354,0.37037037037037,0.00751741840850752,0.169233590025669,0.0947928126145948,0.322698936560323
216773.411807,2677866.126422,0.0435897435897436,0.187728937728938,0.00293040293040293,0.379304029304029,0.0835164835164835,0.302930402930403
217273.411807,2677866.126422,0.0353479853479853,0.0547619047619048,0.00750915750915751,0.674358974358974,0.0891941391941392,0.138827838827839
217773.411807,2677866.126422,0.0610561056105611,0.166850018335167,0.00055005500550055,0.238723872387239,0.12981298129813,0.403006967363403
218273.411807,2677866.126422,0.0435897435897436,0.215201465201465,0,0.3003663003663,0.101831501831502,0.339010989010989
218773.411807,2677866.126422,0.0549450549450549,0.376007326007326,0,0.0659340659340659,0.0727106227106227,0.43040293040293
219273.411807,2677866.126422,0.0531719838650532,0.398606527319399,0,0.0753575357535754,0.0667400073340667,0.406123945727906
219773.411807,2677866.126422,0.0529304029304029,0.0483516483516484,0.0195970695970696,0.728205128205128,0.0505494505494506,0.1003663003663
220273.411807,2677866.126422,0.0382783882783883,0.0243589743589744,0.00787545787545788,0.824725274725275,0.0549450549450549,0.0498168498168498
220773.411807,2677866.126422,0.188668866886689,0.153281994866153,0,0.472863953061973,0.0773744041070774,0.107810781078108
221273.411807,2677866.126422,0.107692307692308,0.0906593406593407,0.0010989010989011,0.112271062271062,0.147252747252747,0.541025641025641
221773.411807,2677866.126422,0.136630036630037,0.0287545787545788,0,0.222161172161172,0.197985347985348,0.414468864468864
222273.411807,2677866.126422,0.299229922992299,0.0115511551155116,0,0.0584891822515585,0.22992299229923,0.400806747341401
222773.411807,2677866.126422,0.538278388278388,0.00824175824175824,0,0.0201465201465201,0.0424908424908425,0.390842490842491
223273.411807,2677866.126422,0.607692307692308,0.00531135531135531,0,0.00146520146520147,0.00805860805860806,0.377472527472527
223773.411807,2677866.126422,0.397139713971397,0.000733406674000733,0,0.00183351668500183,0.0276861019435277,0.572607260726073
224273.411807,2677866.126422,0.554761904761905,0.00659340659340659,0,0.000915750915750916,0.0144688644688645,0.423260073260073
212273.411807,2677366.126422,0.0475316571848046,0.20315654248486,0.00110111947146265,0.382455496421362,0.123875940539549,0.241879243897963
212773.411807,2677366.126422,0.0482303319273794,0.231432239134421,0.00806895286997983,0.203557674674491,0.10801393728223,0.400696864111498
213273.411807,2677366.126422,0.0322521531977277,0.202492211838006,0.00311526479750779,0.2376763789628,0.111050027487631,0.413413963716328
213773.411807,2677366.126422,0.0334006239677005,0.132134336575518,0.00311983850247752,0.63883281336025,0.0680858873187741,0.12442650027528
214273.411807,2677366.126422,0.0289748762149276,0.123051531267192,0.000733541169998166,0.564643315606088,0.0781221346048047,0.204474601136989
214773.411807,2677366.126422,0.0665200659703134,0.118380062305296,0.00256551218618288,0.462341946124244,0.148066703316841,0.202125710097123
215273.411807,2677366.126422,0.031932464672417,0.0475316571848046,0.00385391815011929,0.650027527986787,0.109744907322444,0.156909524683428
215773.411807,2677366.126422,0.0500641848523748,0.109114249037227,0.000550155877498625,0.505960022006235,0.106180084357235,0.22813130386943
216273.411807,2677366.126422,0.0650540590067803,0.0659703133589885,0.009529045262965,0.470954737035001,0.0674363203225215,0.321055525013744
216773.411807,2677366.126422,0.057258212516058,0.0719398054688934,0.00146815929528354,0.461552578454762,0.0935951550743256,0.314186089190677
217273.411807,2677366.126422,0.0339262791124152,0.144690995782138,0,0.460663854758848,0.0893086374472767,0.271410232899321
217773.411807,2677366.126422,0.0284038849184534,0.0934579439252336,0.00293201392706615,0.564779182701118,0.103536741799524,0.206890232728605
218273.411807,2677366.126422,0.0715727656450725,0.090475316571848,0.00660671682877592,0.528720866213984,0.126628739218205,0.175995595522114
218773.411807,2677366.126422,0.053181734824867,0.0997615991197506,0.00110031175499725,0.396295617091509,0.160828901522098,0.288831835686778
219273.411807,2677366.126422,0.0949239508887667,0.0808136338647609,0.00109950522264981,0.358438702583837,0.0991387209089243,0.365585486531061
219773.411807,2677366.126422,0.0776289227381171,0.063497889521013,0.0181684712791338,0.566893007891356,0.128280418425399,0.145531290144981
220273.411807,2677366.126422,0.0190720704199523,0.0304419585549239,0.013203741059967,0.843572345497891,0.0458463231248854,0.0478635613423803
220773.411807,2677366.126422,0.118013560564413,0.0765988638446033,0.000366501740883269,0.298882169690306,0.164559281656588,0.341579622503207
221273.411807,2677366.126422,0.0820334006239677,0.283905303725454,0.00513855753349238,0.160212883097816,0.195632226096531,0.273077628922738
221773.411807,2677366.126422,0.184485604254539,0.106363469649734,0.000183385292499542,0.265908674124335,0.20795892169448,0.235099944984412
222273.411807,2677366.126422,0.232545354590434,0.0205240974894631,0.000916254352208173,0.362653472603995,0.12662635147517,0.25673446948873
222773.411807,2677366.126422,0.568728207010461,0.000550559735731327,0,0.000550559735731327,0.00311983850247752,0.427050835015599
223273.411807,2677366.126422,0.550339262791124,0.00256739409499358,0,0.000733541169998166,0.00880249403997799,0.437557307903906
223773.411807,2677366.126422,0.520615722924684,0.000733003481766538,0,0.00109950522264981,0.0168590800806304,0.460692688290269
224273.411807,2677366.126422,0.655166085520279,0.000734079647641769,0,0.00275279867865663,0.0264268673151037,0.314920168838319
212273.411807,2676866.126422,0.0388990825688073,0.405137614678899,0,0.184587155963303,0.0855045871559633,0.285871559633028
212773.411807,2676866.126422,0.0662263804806457,0.345074298293891,0,0.153366354797285,0.0988809392771968,0.336452027150981
213273.411807,2676866.126422,0.047985347985348,0.498168498168498,0.0032967032967033,0.0679487179487179,0.0668498168498168,0.315750915750916
213773.411807,2676866.126422,0.0601834862385321,0.0818348623853211,0.00018348623853211,0.524770642201835,0.112293577981651,0.220733944954128
214273.411807,2676866.126422,0.0313703907539901,0.0653091175931022,0.00110071546505228,0.368739680792515,0.140891579526692,0.392588515868648
214773.411807,2676866.126422,0.00567765567765568,0.121978021978022,0.00293040293040293,0.47032967032967,0.169047619047619,0.23003663003663
215273.411807,2676866.126422,0.0236697247706422,0.0577981651376147,0.00807339449541284,0.72697247706422,0.0869724770642202,0.0965137614678899
215773.411807,2676866.126422,0.0559530361401578,0.0365070629242341,0.00458631443771785,0.761328196661163,0.0742982938910292,0.067327095945698
216273.411807,2676866.126422,0.0263736263736264,0.205494505494505,0,0.0943223443223443,0.11959706959707,0.554212454212454
216773.411807,2676866.126422,0.00110091743119266,0.161651376146789,0,0.108807339449541,0.152293577981651,0.576146788990826
217273.411807,2676866.126422,0.0194459732159237,0.104384516602458,0.00110071546505228,0.347642634379013,0.171895065125665,0.355531095211888
217773.411807,2676866.126422,0.0393772893772894,0.136630036630037,0.0146520146520147,0.306593406593407,0.117216117216117,0.385531135531136
218273.411807,2676866.126422,0.0455045871559633,0.141284403669725,0.0388990825688073,0.344036697247706,0.111376146788991,0.318899082568807
218773.411807,2676866.126422,0.0214639515685195,0.140708126949184,0.000550357732526142,0.206567602274812,0.19977985690699,0.430930104567969
219273.411807,2676866.126422,0.0368131868131868,0.0820512820512821,0.00183150183150183,0.644688644688645,0.0957875457875458,0.138827838827839
219773.411807,2676866.126422,0.0146788990825688,0.0242201834862385,0.00752293577981651,0.734495412844037,0.100183486238532,0.118899082568807
220273.411807,2676866.126422,0.0838378279214823,0.240873234268941,0.0335718216840947,0.181251146578609,0.113006787745368,0.347459181801504
220773.411807,2676866.126422,0.211355311355311,0.0542124542124542,0,0.0386446886446886,0.129487179487179,0.566300366300366
221273.411807,2676866.126422,0.0856880733944954,0.116330275229358,0.00495412844036697,0.201284403669725,0.23045871559633,0.361284403669725
221773.411807,2676866.126422,0.12126215373326,0.0730141258484682,0.0091726288754357,0.308750687947166,0.250412768299395,0.237387635296276
222273.411807,2676866.126422,0.304395604395604,0.00860805860805861,0,0.0919413919413919,0.100549450549451,0.494505494505495
222773.411807,2676866.126422,0.641467889908257,0.00788990825688073,0,0.00587155963302752,0.00917431192660551,0.335596330275229
223273.411807,2676866.126422,0.570720968629609,0.00146762062006971,0,0.00348559897266557,0.019262520638415,0.40506329113924
223773.411807,2676866.126422,0.335164835164835,0.00164835164835165,0,0.00402930402930403,0.0186813186813187,0.64047619047619
224273.411807,2676866.126422,0.309357798165138,0.0187155963302752,0,0.0504587155963303,0.135045871559633,0.486422018348624
212273.411807,2676366.126422,0.0679487179487179,0.122710622710623,0,0.0708791208791209,0.0923076923076923,0.646153846153846
212773.411807,2676366.126422,0.0593406593406593,0.456227106227106,0,0.0992673992673993,0.08003663003663,0.305128205128205
213273.411807,2676366.126422,0.0500550055005501,0.25980931426476,0.00146681334800147,0.216721672167217,0.117161716171617,0.354785478547855
213773.411807,2676366.126422,0.0289377289377289,0.108241758241758,0.00659340659340659,0.235347985347985,0.152564102564103,0.468315018315018
214273.411807,2676366.126422,0.00476190476190476,0.134981684981685,0.00347985347985348,0.183150183150183,0.0877289377289377,0.585897435897436
