"x","y","forest","agri","water","built","other","grass"
273773.411807,2778366.126422,0.0567765567765568,0.0503663003663004,0.0844322344322344,0.179120879120879,0.0166666666666667,0.612637362637363
274273.411807,2778366.126422,0.0521978021978022,0.0338827838827839,0.00989010989010989,0.236446886446886,0.16996336996337,0.497619047619048
274773.411807,2778366.126422,0.0441877521085442,0.125595892922626,0.092042537587092,0.283094976164283,0.0957095709570957,0.359369270260359
271773.411807,2777866.126422,0.05717427157779,0.0311526479750779,0.233461608942642,0.266446765622137,0.0459959684808503,0.365768737401503
272273.411807,2777866.126422,0.0209212699577904,0.0519361350706552,0.100935951550743,0.16590200036704,0.0392732611488346,0.621031381904937
272773.411807,2777866.126422,0.086007702182285,0.0286081056299285,0,0.0993948285347515,0.0379607555474051,0.74802860810563
273273.411807,2777866.126422,0.0307861462341946,0.0359171706065604,0.000733003481766538,0.260949239508888,0.112699285321605,0.558915154846986
273773.411807,2777866.126422,0.0229399889888053,0.0429436593870435,0,0.129198017984951,0.0785465222976693,0.726371811341531
274273.411807,2777866.126422,0.0636346964973409,0.0445626260773886,0,0.32404181184669,0.178800660187053,0.388960205391528
274773.411807,2777866.126422,0.0339014110317024,0.100054975261132,0.0558915154846986,0.270478284771853,0.10317024005864,0.436503573391974
270773.411807,2777366.126422,0,0.0627522935779816,0.395045871559633,0.204220183486239,0.081651376146789,0.256330275229358
271273.411807,2777366.126422,0.0341221794166208,0.0333883691065859,0.00330214639515685,0.144560631076867,0.108053568152633,0.676573105852137
271773.411807,2777366.126422,0.0135531135531136,0.119230769230769,0.000732600732600733,0.322344322344322,0.142673992673993,0.401465201465201
272273.411807,2777366.126422,0.0113761467889908,0.138715596330275,0,0.0838532110091743,0.0596330275229358,0.706422018348624
272773.411807,2777366.126422,0.0284351495138507,0.0631076866629976,0,0.0302696752889378,0.0508163639699138,0.8273711245643
273273.411807,2777366.126422,0.0393772893772894,0.0382783882783883,0,0.0611721611721612,0.0802197802197802,0.780952380952381
273773.411807,2777366.126422,0.0344954128440367,0.00954128440366972,0,0.0491743119266055,0.0614678899082569,0.845321100917431
274273.411807,2777366.126422,0.0744817464685379,0.00733810310034856,0.00091726288754357,0.200697119794533,0.114657860942946,0.601907906806091
274773.411807,2777366.126422,0.0701465201465201,0.0347985347985348,0.000366300366300366,0.267582417582418,0.145970695970696,0.481135531135531
270273.411807,2776866.126422,0.0280528052805281,0.150531719838651,0.0291529152915292,0.0542720938760543,0.050971763843051,0.687018701870187
270773.411807,2776866.126422,0.00293040293040293,0.047985347985348,0.0558608058608059,0.203663003663004,0.111172161172161,0.578388278388278
271273.411807,2776866.126422,0.0527472527472527,0.0358974358974359,0.0146520146520147,0.231318681318681,0.197435897435897,0.467948717948718
271773.411807,2776866.126422,0.218738540520719,0.0353868720205354,0.00256692335900257,0.152365236523652,0.134946828016135,0.455995599559956
272273.411807,2776866.126422,0.019047619047619,0.185714285714286,0.015018315018315,0.0661172161172161,0.0448717948717949,0.669230769230769
272773.411807,2776866.126422,0.132051282051282,0.0655677655677656,0,0.0379120879120879,0.0802197802197802,0.684249084249084
273273.411807,2776866.126422,0.0617895122845618,0.00146681334800147,0,0.0388705537220389,0.0733406674000733,0.824532453245325
273773.411807,2776866.126422,0.155860805860806,0.00879120879120879,0,0.153479853479853,0.112454212454212,0.569413919413919
274273.411807,2776866.126422,0.0633699633699634,0.00567765567765568,0.00146520146520147,0.437362637362637,0.117216117216117,0.374908424908425
274773.411807,2776866.126422,0.00806747341400807,0.01998533186652,0.0077007700770077,0.720938760542721,0.0726072607260726,0.170700403373671
269273.411807,2776366.126422,0.109377867498624,0.0244081482840888,0.419710038539181,0.155991925123876,0.0638649293448339,0.226647091209396
269773.411807,2776366.126422,0.196405648267009,0.153126719237117,0.0374105996699065,0.163029525032092,0.110581331377224,0.339446176416651
270273.411807,2776366.126422,0.0417811984606927,0.232911856331318,0.000733003481766538,0.162360271211288,0.0863111599780099,0.475902510536925
270773.411807,2776366.126422,0.058909891723252,0.0345017434391632,0.0167003119838502,0.24059460451459,0.120572582125161,0.528720866213984
271273.411807,2776366.126422,0.000183385292499542,0.0462130937098845,0.000733541169998166,0.465248487071337,0.264441591784339,0.223179900971942
271773.411807,2776366.126422,0.017042330951072,0.0357339197361187,0.000733003481766538,0.331317573758475,0.375297782664468,0.2398753894081
272273.411807,2776366.126422,0.106074509084236,0.0913929161314003,0,0.139475133051936,0.136538814461369,0.526518627271059
272773.411807,2776366.126422,0.0717036493673207,0.0159545204474601,0.144874381074638,0.0654685494223363,0.0841738492572896,0.617825050430955
273273.411807,2776366.126422,0.0355506688656771,0.0238226131574125,0.374748030053143,0.0207073483599047,0.0368334249587686,0.508337914605094
273773.411807,2776366.126422,0.140392732611488,0.00770783630023858,0,0.330519361350707,0.102771150669848,0.418608919067719
274273.411807,2776366.126422,0,0.00513478818998716,0,0.499724922061251,0.0739042728773152,0.421236016871447
274773.411807,2776366.126422,0.000366501740883269,0.0197910940076965,0,0.264431006047279,0.100421477002016,0.614989921202126
268273.411807,2775866.126422,0.0957622454595487,0.0357732526141992,0.406347459181801,0.162172078517703,0.0475142175747569,0.25243074665199
268773.411807,2775866.126422,0.123626373626374,0.167032967032967,0.0347985347985348,0.073992673992674,0.0804029304029304,0.52014652014652
269273.411807,2775866.126422,0.071743119266055,0.295779816513761,0,0.15394495412844,0.0644036697247706,0.414128440366972
269773.411807,2775866.126422,0.067327095945698,0.267473858007705,0.0161438268207668,0.0546688680975968,0.0449458814896349,0.549440469638598
270273.411807,2775866.126422,0.0765567765567766,0.0723443223443224,0,0.126007326007326,0.0935897435897436,0.631501831501831
270773.411807,2775866.126422,0.0328440366972477,0.134311926605505,0.0192660550458716,0.276146788990826,0.11302752293578,0.424403669724771
271273.411807,2775866.126422,0.0570537516052101,0.0842047330764997,0,0.297743533296643,0.184736745551275,0.376261236470372
271773.411807,2775866.126422,0.0968864468864469,0.0567765567765568,0,0.155311355311355,0.144505494505494,0.546520146520146
272273.411807,2775866.126422,0.0555963302752294,0.00678899082568807,0.225504587155963,0.0218348623853211,0.031743119266055,0.658532110091743
272773.411807,2775866.126422,0.0427444505595304,0.0229315721885892,0.251513483764447,0.0425609979820216,0.0469638598422308,0.593285635663181
273273.411807,2775866.126422,0.0866300366300366,0.0111721611721612,0.000183150183150183,0.240842490842491,0.141941391941392,0.519230769230769
273773.411807,2775866.126422,0.00256880733944954,0.0238532110091743,0.00697247706422018,0.288807339449541,0.0974311926605505,0.580366972477064
274273.411807,2775866.126422,0,0,0.0324711062190424,0.511649238671803,0.077600440286186,0.378279214822968
274773.411807,2775866.126422,0.000366300366300366,0.000732600732600733,0,0.97967032967033,0.0192307692307692,0
267773.411807,2775366.126422,0.174175824175824,0.0324175824175824,0.156776556776557,0.215750915750916,0.0963369963369963,0.324542124542125
268273.411807,2775366.126422,0.27014652014652,0.288461538461538,0.00146520146520147,0.0875457875457875,0.0712454212454212,0.281135531135531
268773.411807,2775366.126422,0.0275027502750275,0.2995966263293,0,0.300880088008801,0.0588558855885589,0.313164649798313
269273.411807,2775366.126422,0.0423076923076923,0.192673992673993,0.00549450549450549,0.243956043956044,0.17967032967033,0.335897435897436
269773.411807,2775366.126422,0.0858974358974359,0.295787545787546,0.00256410256410256,0.144505494505494,0.105860805860806,0.365384615384615
270273.411807,2775366.126422,0.0401540154015402,0.210671067106711,0,0.0738907224055739,0.0737073707370737,0.601576824349102
270773.411807,2775366.126422,0.0346153846153846,0.121978021978022,0,0.208058608058608,0.135164835164835,0.50018315018315
271273.411807,2775366.126422,0.0683150183150183,0.254029304029304,0,0.135347985347985,0.125274725274725,0.417032967032967
271773.411807,2775366.126422,0.113127979464613,0.00843417675100843,0,0.0113678034470114,0.0253025302530253,0.841767510084342
272273.411807,2775366.126422,0.0813186813186813,0.0133699633699634,0.0206959706959707,0.0532967032967033,0.0586080586080586,0.772710622710623
272773.411807,2775366.126422,0.0351648351648352,0.118864468864469,0,0.169230769230769,0.139194139194139,0.537545787545788
273273.411807,2775366.126422,0,0.0168683535020169,0.0452878621195453,0.422258892555922,0.059039237257059,0.456545654565457
273773.411807,2775366.126422,0,0.00293040293040293,0.0384615384615385,0.550915750915751,0.0697802197802198,0.337912087912088
274273.411807,2775366.126422,0.00970695970695971,0.00915750915750916,0.000732600732600733,0.823809523809524,0.089010989010989,0.0675824175824176
274773.411807,2775366.126422,0.0715071507150715,0.0196186285295196,0.0121012101210121,0.644481114778145,0.131463146314631,0.120828749541621
266273.411807,2774866.126422,0.0189025509267756,0.0194531106625069,0.281886584694439,0.333455679941274,0.0229399889888053,0.323362084786199
266773.411807,2774866.126422,0.218411883366954,0.0315422703099211,0.0557491289198606,0.145791307537136,0.0529983495323675,0.495507060333761
267273.411807,2774866.126422,0.135239142385926,0.0240058640278541,0.0247388675096207,0.159061755543339,0.0712845886017959,0.585669781931464
267773.411807,2774866.126422,0.039823820884566,0.15764360433107,0.0803817214167737,0.362818865846944,0.0581758120756102,0.301156175445036
268273.411807,2774866.126422,0.0511644966073721,0.263157894736842,0.00275077938749312,0.229048230331927,0.0825233816247937,0.371355217311572
268773.411807,2774866.126422,0.0767821147150449,0.0951072017592084,0.145867692871541,0.288620120945574,0.126259849734286,0.267363019974345
269273.411807,2774866.126422,0.0743255643237291,0.0855202789502661,0.0117452743622683,0.527803266654432,0.159111763626353,0.141493852082951
269773.411807,2774866.126422,0.0297084173849257,0.328259673574179,0.00385109114249037,0.187419768934531,0.0880249403997799,0.362736108564093
270273.411807,2774866.126422,0.0469122228330585,0.366868242624152,0,0.0804471321238776,0.0674363203225215,0.43833608209639
270773.411807,2774866.126422,0.0478986970086254,0.0407414204441182,0.000917599559552211,0.0723068452927143,0.0774454028262066,0.760690034868783
271273.411807,2774866.126422,0.0452961672473868,0.044379240784889,0.298184485604255,0.0623509994498441,0.0594168347698515,0.490372272143774
271773.411807,2774866.126422,0.12222833058457,0.00751328568810702,0.0463624702217336,0.103536741799524,0.0859446582371266,0.634414513468939
272273.411807,2774866.126422,0.0790970820334006,0.0976325931363553,0,0.241145164250321,0.155624885300055,0.426500275279868
272773.411807,2774866.126422,0,0.0764716669723088,0.0216394645149459,0.202090592334495,0.0520814230698698,0.647716853108381
273273.411807,2774866.126422,0,0.0128275609309144,0.0273043796958036,0.683708997617739,0.0505772402418911,0.225581821513652
273773.411807,2774866.126422,0.00201871903101487,0.00330335841438796,0,0.945311066250688,0.0475316571848046,0.00183519911910442
274273.411807,2774866.126422,0.00275077938749312,0.00311754997249221,0.000733541169998166,0.912891986062718,0.0544654318723638,0.0260407115349349
274773.411807,2774866.126422,0.000183250870441635,0.0047645226314825,0,0.708081363386476,0.0597397837639729,0.227231079347627
263773.411807,2774366.126422,0,0.00495321959273528,0.600990643918547,0.390387084938543,0.00110071546505228,0.002568336085122
264273.411807,2774366.126422,0,0.0342490842490843,0.442857142857143,0.417765567765568,0.0184981684981685,0.0866300366300366
264773.411807,2774366.126422,0.00440366972477064,0.0684403669724771,0.289724770642202,0.297798165137615,0.0379816513761468,0.301651376146789
265273.411807,2774366.126422,0.0387084938543387,0.104751421757476,0.0829205650339387,0.308934140524674,0.0623738763529628,0.40231150247661
265773.411807,2774366.126422,0.125641025641026,0.0362637362637363,0,0.132783882783883,0.0798534798534798,0.625457875457875
266273.411807,2774366.126422,0.0713761467889908,0.0744954128440367,0.00036697247706422,0.24605504587156,0.0970642201834862,0.510642201834862
266773.411807,2774366.126422,0.121445606310769,0.0359567051917079,0,0.112823335167859,0.0794349660612732,0.650339387268391
267273.411807,2774366.126422,0.0994505494505494,0.173992673992674,0.00293040293040293,0.121428571428571,0.131684981684982,0.470512820512821
267773.411807,2774366.126422,0.0242201834862385,0.0355963302752294,0.0326605504587156,0.640917431192661,0.124770642201835,0.141834862385321
268273.411807,2774366.126422,0.103283801137406,0.0744817464685379,0.00366905155017428,0.428912126215373,0.109154283617685,0.280498991010824
268773.411807,2774366.126422,0.0100732600732601,0.00293040293040293,0.00421245421245421,0.938461538461538,0.0324175824175824,0.0119047619047619
269273.411807,2774366.126422,0.0559633027522936,0.024954128440367,0.00201834862385321,0.738715596330275,0.0917431192660551,0.086605504587156
269773.411807,2774366.126422,0.0952118877270226,0.0988809392771968,0.00220143093010457,0.16547422491286,0.133003118693818,0.505228398458998
270273.411807,2774366.126422,0.0305860805860806,0.2003663003663,0.215934065934066,0.0362637362637363,0.0672161172161172,0.4496336996337
270773.411807,2774366.126422,0.0528440366972477,0.0539449541284404,0,0.122201834862385,0.118899082568807,0.652110091743119
271273.411807,2774366.126422,0.115758576407999,0.113740598055403,0.000550357732526142,0.114474408365438,0.118693817648138,0.536782241790497
271773.411807,2774366.126422,0.0296703296703297,0.0534798534798535,0,0.0683150183150183,0.116849816849817,0.731684981684982
272273.411807,2774366.126422,0,0.0170642201834862,0.0302752293577982,0.258899082568807,0.0638532110091743,0.629908256880734
272773.411807,2774366.126422,0,0.0124747752705926,0,0.662080352228949,0.0504494588148963,0.274995413685562
273273.411807,2774366.126422,0.0441391941391941,0.00604395604395604,0.000183150183150183,0.857326007326007,0.0866300366300366,0.00567765567765568
273773.411807,2774366.126422,0.0201834862385321,0.00385321100917431,0.00073394495412844,0.857981651376147,0.068256880733945,0.0489908256880734
274273.411807,2774366.126422,0,0.00238488350761328,0.00678774536782242,0.780957622454595,0.0431113557145478,0.166758392955421
274773.411807,2774366.126422,0.0111721611721612,0.0144688644688645,0.0516483516483516,0.176739926739927,0.0840659340659341,0.661904761904762
262773.411807,2773866.126422,0.00180577849117175,0.101123595505618,0.204253611556982,0.270465489566613,0.00963081861958266,0.412720706260032
263273.411807,2773866.126422,0.017032967032967,0.0613553113553114,0.00860805860805861,0.223809523809524,0.0672161172161172,0.621978021978022
263773.411807,2773866.126422,0.0586080586080586,0.102014652014652,0.0377289377289377,0.103296703296703,0.0456043956043956,0.652747252747253
264273.411807,2773866.126422,0.0331866519985332,0.0331866519985332,0.123945727906124,0.197653098643198,0.0473047304730473,0.564723138980565
264773.411807,2773866.126422,0.0333333333333333,0.0256410256410256,0,0.412637362637363,0.137179487179487,0.391208791208791
265273.411807,2773866.126422,0.121794871794872,0.065018315018315,0.03003663003663,0.0404761904761905,0.0924908424908425,0.65018315018315
265773.411807,2773866.126422,0.178767876787679,0.015951595159516,0,0.0524385771910524,0.0421708837550422,0.710671067106711
266273.411807,2773866.126422,0.152747252747253,0.0318681318681319,0,0.0510989010989011,0.0745421245421245,0.68974358974359
266773.411807,2773866.126422,0.0604395604395604,0.0507326007326007,0,0.0179487179487179,0.0267399267399267,0.844139194139194
267273.411807,2773866.126422,0.0625229189585625,0.0454712137880455,0.00366703337000367,0.112944627796113,0.0636230289695636,0.711771177117712
267773.411807,2773866.126422,0.0342490842490843,0.0208791208791209,0.0021978021978022,0.736996336996337,0.132967032967033,0.0727106227106227
268273.411807,2773866.126422,0.0326007326007326,0.0282051282051282,0.0102564102564103,0.483516483516484,0.100549450549451,0.344871794871795
268773.411807,2773866.126422,0.103043637697103,0.127062706270627,0.0161349468280161,0.0922258892555922,0.0487715438210488,0.612761276127613
269273.411807,2773866.126422,0.0371794871794872,0.0197802197802198,0.0716117216117216,0.708058608058608,0.091025641025641,0.0723443223443224
269773.411807,2773866.126422,0.167948717948718,0.0117216117216117,0.143406593406593,0.383333333333333,0.212820512820513,0.0807692307692308
270273.411807,2773866.126422,0.0826916024935827,0.104693802713605,0.0192519251925193,0.144297763109644,0.105793912724606,0.543270993766043
270773.411807,2773866.126422,0.0406593406593407,0.0921245421245421,0,0.206959706959707,0.178571428571429,0.481684981684982
271273.411807,2773866.126422,0.00531135531135531,0.0357142857142857,0.00366300366300366,0.136630036630037,0.0948717948717949,0.723809523809524
271773.411807,2773866.126422,0,0.00623395672900623,0.00201686835350202,0.233223322332233,0.0463879721305464,0.712137880454712
272273.411807,2773866.126422,0.000732600732600733,0.0168498168498168,0.000549450549450549,0.728754578754579,0.0723443223443224,0.180769230769231
272773.411807,2773866.126422,0.00531135531135531,0.00860805860805861,0,0.984249084249084,0.00183150183150183,0
273273.411807,2773866.126422,0.000366703337000367,0.0119178584525119,0,0.971030436376971,0.0139347268060139,0.00275027502750275
273773.411807,2773866.126422,0,0.0021978021978022,0.0163003663003663,0.782967032967033,0.0423076923076923,0.156227106227106
274273.411807,2773866.126422,0.0175824175824176,0.0181318681318681,0.0542124542124542,0.0882783882783883,0.0721611721611722,0.7496336996337
274773.411807,2773866.126422,0.105977264393106,0.160799413274661,0,0.0553722038870554,0.0540887422075541,0.623762376237624
262773.411807,2773366.126422,0.101926163723917,0.0319020866773676,0.00441412520064205,0.681982343499197,0.0391252006420546,0.140650080256822
263273.411807,2773366.126422,0.0691870067902367,0.0488162965681776,0.00679023674068636,0.242246283721784,0.146265369792623,0.486694806386493
263773.411807,2773366.126422,0.137172198789657,0.0441958554923895,0,0.367137355584082,0.0753713552173116,0.37612323491656
264273.411807,2773366.126422,0.112516034451164,0.00934579439252336,0.055158512002932,0.484515301447682,0.0467289719626168,0.291735385743082
264773.411807,2773366.126422,0.447788585061479,0.0238575885483575,0,0.0313819049366856,0.0429436593870435,0.454028262066434
265273.411807,2773366.126422,0.209792774619476,0.066018705299835,0,0.0260407115349349,0.0485971025123785,0.649550706033376
265773.411807,2773366.126422,0.175737584753528,0.0284038849184534,0.00183250870441635,0.0524097489463075,0.119662818398387,0.621953454278908
266273.411807,2773366.126422,0.0939621948981464,0.0308313452009543,0,0.034868783262984,0.0541383740135805,0.786199302624335
266773.411807,2773366.126422,0.100678525582248,0.0319090408949202,0.0535485054098661,0.00366770584999083,0.0238400880249404,0.786356134238034
267273.411807,2773366.126422,0.120945574491479,0.0901594282572842,0.015026571376214,0.00916254352208173,0.0346344145134689,0.730071467839472
267773.411807,2773366.126422,0.0513855753349238,0.0148651128647458,0.000183519911910442,0.391080932281152,0.120939621948981,0.421545237658286
268273.411807,2773366.126422,0.057582981844856,0.121217678342197,0.00238400880249404,0.396479002384009,0.13203741059967,0.290298918026774
268773.411807,2773366.126422,0.0404984423676012,0.198094190947407,0.000549752611324904,0.287337364852483,0.070734835990471,0.402785413230713
269273.411807,2773366.126422,0.0917599559552211,0.0242246283721784,0.0579922921636998,0.428702514222793,0.114699944944026,0.282620664342081
269773.411807,2773366.126422,0.0647350082523382,0.0482303319273794,0.0137538969374656,0.416467999266459,0.0993948285347515,0.357417935081606
270273.411807,2773366.126422,0.064687557265897,0.05717427157779,0.000549752611324904,0.524463991203958,0.112882536192047,0.240241891148983
270773.411807,2773366.126422,0.0978161130482657,0.07469260414755,0.0178014314553129,0.305193613507066,0.15764360433107,0.346852633510736
271273.411807,2773366.126422,0,0.0682193288098294,0.00348432055749129,0.114799193104713,0.0788556757748029,0.734641481753163
271773.411807,2773366.126422,0.00824628916987356,0.0769653655854865,0.00586402785413231,0.419094740700018,0.137438152831226,0.352391423859263
272273.411807,2773366.126422,0.0721233253808038,0.0561570930445953,0.0119287942741787,0.678840154156726,0.110295467058176,0.0706551660855203
272773.411807,2773366.126422,0.00898587933247754,0.0207225380524482,0,0.83220245736292,0.0597836053548505,0.0783055198973042
273273.411807,2773366.126422,0,0.0126443100604728,0.017042330951072,0.479384277075316,0.0663368150998717,0.424592266813267
273773.411807,2773366.126422,0.0486327766562672,0.0642319691686548,0.0915764360433107,0.118553863094146,0.0877225178931914,0.58928243714443
274273.411807,2773366.126422,0.0399779937649001,0.206308454061984,0.000183385292499542,0.107647166697231,0.10819732257473,0.537685677608656
274773.411807,2773366.126422,0.0586402785413231,0.1905809052593,0,0.0569910207073484,0.0637713029136888,0.63001649257834
262773.411807,2772866.126422,0.0820296831127156,0.0194544725230646,0.00681909346169274,0.655435218612114,0.137986361813077,0.0982751704773365
263273.411807,2772866.126422,0.305504587155963,0.0502752293577982,0,0.206605504587156,0.146605504587156,0.291009174311927
263773.411807,2772866.126422,0.351128233351679,0.0216474041460283,0.00366905155017428,0.172078517703174,0.0908090258668134,0.360667767382132
264273.411807,2772866.126422,0.434615384615385,0.0388278388278388,0.0380952380952381,0.229304029304029,0.0195970695970696,0.23956043956044
264773.411807,2772866.126422,0.386238532110092,0.00917431192660551,0.00036697247706422,0.00348623853211009,0.0106422018348624,0.590091743119266
265273.411807,2772866.126422,0.271876719867914,0.0266006237387635,0.00183452577508714,0.00220143093010457,0.0174279948633278,0.680058704824803
265773.411807,2772866.126422,0.191025641025641,0.0192307692307692,0.0827838827838828,0.0358974358974359,0.0908424908424908,0.58021978021978
266273.411807,2772866.126422,0.1,0.0587155963302752,0.0321100917431193,0.0508256880733945,0.0955963302752294,0.662752293577982
266773.411807,2772866.126422,0.155017427994863,0.0247660979636764,0,0.0288020546688681,0.0746651990460466,0.716749220326546
267273.411807,2772866.126422,0.117216117216117,0.0227106227106227,0,0.0906593406593407,0.100732600732601,0.668681318681319
267773.411807,2772866.126422,0.111376146788991,0.0346788990825688,0.00678899082568807,0.281834862385321,0.121651376146789,0.443669724770642
268273.411807,2772866.126422,0.0315538433314988,0.0262337185837461,0,0.488901119060723,0.0983305815446707,0.354980737479362
268773.411807,2772866.126422,0.0446886446886447,0.0217948717948718,0.00183150183150183,0.526373626373626,0.067032967032967,0.338278388278388
269273.411807,2772866.126422,0.0530275229357798,0.0453211009174312,0.20605504587156,0.303853211009174,0.102201834862385,0.28954128440367
269773.411807,2772866.126422,0.0203632361034673,0.0267840763162722,0.00623738763529628,0.819299211153917,0.0816363969913777,0.0456796917996698
270273.411807,2772866.126422,0.0241758241758242,0.0152014652014652,0,0.755860805860806,0.0904761904761905,0.114285714285714
270773.411807,2772866.126422,0.0372477064220183,0.104770642201835,0,0.414311926605505,0.154495412844037,0.289174311926606
271273.411807,2772866.126422,0.0728306732709595,0.0842047330764997,0.0174279948633278,0.183452577508714,0.146395156851954,0.495688864428545
271773.411807,2772866.126422,0.0256410256410256,0.131318681318681,0.00311355311355311,0.411172161172161,0.176739926739927,0.252014652014652
272273.411807,2772866.126422,0.0135779816513761,0.0565137614678899,0.00513761467889908,0.789724770642202,0.058348623853211,0.076697247706422
272773.411807,2772866.126422,0,0.020546688680976,0.0176114474408365,0.409833058154467,0.0587048248027885,0.493303980920932
273273.411807,2772866.126422,0.0487179487179487,0.0252747252747253,0.0210622710622711,0.0553113553113553,0.0935897435897436,0.756043956043956
273773.411807,2772866.126422,0.122752293577982,0.170091743119266,0.0647706422018349,0.0992660550458716,0.0864220183486239,0.456697247706422
274273.411807,2772866.126422,0.205283434232251,0.141075032104201,0,0.0759493670886076,0.0818198495688864,0.495872317006054
274773.411807,2772866.126422,0.186996336996337,0.0164835164835165,0,0.0423076923076923,0.0489010989010989,0.705311355311355
262773.411807,2772366.126422,0.0327046548956661,0.0431380417335473,0.0036115569823435,0.800963081861958,0.0609951845906902,0.0585874799357945
263273.411807,2772366.126422,0.250732600732601,0.0380952380952381,0.000915750915750916,0.178937728937729,0.0556776556776557,0.475641025641026
263773.411807,2772366.126422,0.30952380952381,0.00879120879120879,0.0010989010989011,0.137362637362637,0.093040293040293,0.45018315018315
264273.411807,2772366.126422,0.31041437477081,0.0297029702970297,0,0.0137513751375138,0.0421708837550422,0.603960396039604
264773.411807,2772366.126422,0.194139194139194,0.0575091575091575,0,0.05,0.0340659340659341,0.664285714285714
265273.411807,2772366.126422,0.220512820512821,0.0391941391941392,0,0.0144688644688645,0.0573260073260073,0.668498168498168
265773.411807,2772366.126422,0.191052438577191,0.0364869820315365,0.147048038137147,0.0198019801980198,0.0568390172350568,0.548771543821049
266273.411807,2772366.126422,0.186263736263736,0.0362637362637363,0.304578754578755,0.0254578754578755,0.0567765567765568,0.390659340659341
266773.411807,2772366.126422,0.195421245421245,0.0228937728937729,0,0.0923076923076923,0.114652014652015,0.574725274725275
267273.411807,2772366.126422,0.0467546754675468,0.0608727539420609,0.137330399706637,0.151815181518152,0.165016501650165,0.438210487715438
267773.411807,2772366.126422,0.0269230769230769,0.0888278388278388,0.0230769230769231,0.432967032967033,0.167032967032967,0.261172161172161
268273.411807,2772366.126422,0.103663003663004,0.0232600732600733,0.00128205128205128,0.380769230769231,0.173992673992674,0.317032967032967
268773.411807,2772366.126422,0.0742574257425743,0.0647231389805647,0.000366703337000367,0.0319031903190319,0.0647231389805647,0.764026402640264
269273.411807,2772366.126422,0.0470695970695971,0.115201465201465,0.00164835164835165,0.193772893772894,0.131684981684982,0.510622710622711
269773.411807,2772366.126422,0.0296703296703297,0.0641025641025641,0.0164835164835165,0.635347985347985,0.114835164835165,0.13956043956044
270273.411807,2772366.126422,0.120645397873121,0.0476714338100477,0.00201686835350202,0.393289328932893,0.171800513384672,0.264576457645765
270773.411807,2772366.126422,0.130769230769231,0.00421245421245421,0,0.271428571428571,0.065018315018315,0.528571428571429
271273.411807,2772366.126422,0.0941391941391941,0.0604395604395604,0.0256410256410256,0.406410256410256,0.181318681318681,0.232051282051282
271773.411807,2772366.126422,0.0383204987165383,0.172167216721672,0.0759075907590759,0.285295196186285,0.142097543087642,0.286211954528786
272273.411807,2772366.126422,0.00311355311355311,0.0686813186813187,0.00164835164835165,0.108974358974359,0.131318681318681,0.686263736263736
272773.411807,2772366.126422,0.0734432234432234,0.0234432234432234,0,0.0683150183150183,0.0644688644688645,0.77032967032967
273273.411807,2772366.126422,0.194902823615695,0.00861752841950862,0.0011001100110011,0.118628529519619,0.0971763843050972,0.57957462412908
273773.411807,2772366.126422,0.152380952380952,0.195421245421245,0,0.131868131868132,0.101282051282051,0.419047619047619
274273.411807,2772366.126422,0.0591575091575092,0.0100732600732601,0,0.155494505494505,0.122527472527473,0.652747252747253
274773.411807,2772366.126422,0.00825082508250825,0.0203520352035204,0.0172350568390172,0.147048038137147,0.138980564723139,0.668133480014668
262773.411807,2771866.126422,0.00601926163723917,0.0403290529695024,0.00762439807383628,0.844502407704655,0.0636035313001605,0.0379213483146067
263273.411807,2771866.126422,0.0590934116351624,0.022389429253074,0.0047715177096715,0.579922921636998,0.113415305560653,0.220407414204441
263773.411807,2771866.126422,0.374105996699065,0.0210893086374473,0.00183385292499542,0.195672107097011,0.125802310654686,0.281496423986796
264273.411807,2771866.126422,0.226864577606744,0.0318856514568444,0.0042147700201576,0.232545354590434,0.188381894814,0.31610775151182
264773.411807,2771866.126422,0.139291613140026,0.0712057258212516,0,0.11213066617728,0.108827307762892,0.56854468709855
265273.411807,2771866.126422,0.26004034476435,0.0511644966073721,0,0.0803227581147992,0.119017054832202,0.489455345681276
265773.411807,2771866.126422,0.101154480483782,0.0139270661535642,0.00238226131574125,0.194429173538574,0.111233278358072,0.576873740150266
266273.411807,2771866.126422,0.114332905120206,0.0354193429987154,0.00991007524316388,0.363919985318407,0.200403743806203,0.276013947513305
266773.411807,2771866.126422,0.222079589216945,0.0205391527599487,0,0.272327159361819,0.161929213277095,0.323124885384192
267273.411807,2771866.126422,0.00916254352208173,0.0896096756459593,0.0271211288253619,0.225398570643211,0.227414330218069,0.421293751145318
267773.411807,2771866.126422,0.0183519911910442,0.0445953385942375,0.0168838318957607,0.306294732978528,0.173793356579189,0.440080748761241
268273.411807,2771866.126422,0.0766550522648084,0.0262240968274344,0,0.133321107647167,0.153860260407115,0.609939482853475
268773.411807,2771866.126422,0.0672530694520799,0.331134322888034,0.000183250870441635,0.0527762506871908,0.0727505955653289,0.475902510536925
269273.411807,2771866.126422,0.0407414204441182,0.306294732978528,0.00422095797394017,0.121673701596623,0.0752431638832813,0.451826023123509
269773.411807,2771866.126422,0.103429304969741,0.0462130937098845,0.00403447643498991,0.137355584082157,0.123418301852191,0.585549238951036
270273.411807,2771866.126422,0.0701850833791461,0.158145501191131,0.00293201392706615,0.0201575957485798,0.0500274876305662,0.698552318123511
270773.411807,2771866.126422,0.0983666727839971,0.172508717195816,0,0.198385024775188,0.105523949348504,0.425215635896495
271273.411807,2771866.126422,0.0922428021272694,0.117916743077205,0.00275077938749312,0.314139006051715,0.18008435723455,0.292866312121768
271773.411807,2771866.126422,0.0654205607476635,0.0593732820230896,0.000549752611324904,0.304379695803555,0.136338647608576,0.433938061205791
272273.411807,2771866.126422,0.0469810974490732,0.217104055790053,0.000550559735731327,0.185905670765278,0.122040741420444,0.42741787483942
272773.411807,2771866.126422,0.0797726022373006,0.0106363469649734,0,0.277645332844306,0.104713002017238,0.527232715936182
273273.411807,2771866.126422,0.116364302730438,0.0656038116181052,0,0.0731170973062122,0.0881436686824262,0.656771119662818
273773.411807,2771866.126422,0.138741053404294,0.00568911726922371,0,0.0983666727839971,0.0946962745457882,0.662506881996697
274273.411807,2771866.126422,0,0.0139372822299652,0,0.149459013387126,0.0408949202273978,0.795708784155511
274773.411807,2771866.126422,0.0258383727322705,0.0130108118013561,0,0.078248121678578,0.0679860729338464,0.814916620853949
262773.411807,2771366.126422,0.0421179302045728,0.0517448856799037,0,0.511632571199358,0.0485359005214601,0.345968712394705
263273.411807,2771366.126422,0.0478899082568807,0.013394495412844,0,0.659816513761468,0.194128440366972,0.0847706422018349
263773.411807,2771366.126422,0.236470372408732,0.0464135021097046,0,0.387451843698404,0.084021280498991,0.245643001284168
264273.411807,2771366.126422,0.0717948717948718,0.0316849816849817,0,0.25970695970696,0.192673992673993,0.444139194139194
264773.411807,2771366.126422,0.0532110091743119,0.078348623853211,0.00275229357798165,0.32954128440367,0.219633027522936,0.31651376146789
265273.411807,2771366.126422,0.153366354797285,0.016694184553293,0,0.200330214639516,0.110071546505228,0.519537699504678
265773.411807,2771366.126422,0.163003663003663,0.00860805860805861,0,0.0738095238095238,0.121978021978022,0.632600732600733
266273.411807,2771366.126422,0.210825688073394,0.124587155963303,0,0.0165137614678899,0.0363302752293578,0.611743119266055
266773.411807,2771366.126422,0.072463768115942,0.15116492386718,0,0.144377178499358,0.148046230049532,0.483947899467988
267273.411807,2771366.126422,0.0443223443223443,0.0492673992673993,0.166666666666667,0.118498168498168,0.138095238095238,0.483150183150183
267773.411807,2771366.126422,0.0528440366972477,0.0818348623853211,0.00825688073394495,0.308623853211009,0.146422018348624,0.402018348623853
268273.411807,2771366.126422,0.0970464135021097,0.130251330031187,0,0.181434599156118,0.0856723536965694,0.505595303614016
268773.411807,2771366.126422,0.0708791208791209,0.0203296703296703,0.120879120879121,0.0743589743589744,0.0727106227106227,0.640842490842491
269273.411807,2771366.126422,0.086605504587156,0.117064220183486,0.17045871559633,0.127522935779817,0.0897247706422018,0.408623853211009
269773.411807,2771366.126422,0.084021280498991,0.0880572372041827,0,0.0908090258668134,0.104751421757476,0.632361034672537
270273.411807,2771366.126422,0.0657509157509158,0.136263736263736,0.161355311355311,0.143589743589744,0.123076923076923,0.36996336996337
270773.411807,2771366.126422,0.0825688073394495,0.153761467889908,0.00018348623853211,0.225321100917431,0.108623853211009,0.42954128440367
271273.411807,2771366.126422,0.0975967712346359,0.0983305815446707,0,0.252614199229499,0.126582278481013,0.424876169510182
271773.411807,2771366.126422,0.0580586080586081,0.187362637362637,0.000915750915750916,0.226007326007326,0.149450549450549,0.378205128205128
272273.411807,2771366.126422,0.0405504587155963,0.0267889908256881,0.00293577981651376,0.11302752293578,0.0976146788990826,0.719082568807339
272773.411807,2771366.126422,0.0618235186204366,0.161988625940194,0.002568336085122,0.457163823151715,0.160337552742616,0.156118143459916
273273.411807,2771366.126422,0.0423076923076923,0.108791208791209,0.0144688644688645,0.545970695970696,0.132417582417582,0.156043956043956
273773.411807,2771366.126422,0.00055045871559633,0.173211009174312,0.00788990825688073,0.312110091743119,0.137064220183486,0.369174311926605
274273.411807,2771366.126422,0.00385250412768299,0.107136305265089,0,0.506879471656577,0.0502660062373876,0.331865712713264
274773.411807,2771366.126422,0.0811355311355311,0.0600732600732601,0,0.147435897435897,0.106593406593407,0.604761904761905
262773.411807,2770866.126422,0.195425361155698,0.0473515248796148,0,0.0186597110754414,0.0345104333868379,0.704052969502408
263273.411807,2770866.126422,0.0794871794871795,0.026007326007326,0.00659340659340659,0.502930402930403,0.154212454212454,0.230769230769231
263773.411807,2770866.126422,0.0115384615384615,0.0813186813186813,0.0173992673992674,0.464835164835165,0.154945054945055,0.26996336996337
264273.411807,2770866.126422,0.0676567656765677,0.0408874220755409,0.0022002200220022,0.578474514118078,0.163733039970664,0.147048038137147
264773.411807,2770866.126422,0.0807692307692308,0.183699633699634,0.0368131868131868,0.177289377289377,0.146520146520147,0.374908424908425
265273.411807,2770866.126422,0.0721611721611722,0.312637362637363,0.175824175824176,0.0457875457875458,0.0195970695970696,0.373992673992674
265773.411807,2770866.126422,0.234140080674734,0.052988632196553,0,0.0216354968830216,0.0698569856985699,0.621378804547121
266273.411807,2770866.126422,0.143223443223443,0.152014652014652,0,0.00879120879120879,0.0223443223443223,0.673626373626374
266773.411807,2770866.126422,0.0472527472527473,0.105128205128205,0.0106227106227106,0.142307692307692,0.165567765567766,0.529120879120879
267273.411807,2770866.126422,0.0927759442610928,0.0727906123945728,0.0542720938760543,0.107260726072607,0.134946828016135,0.537953795379538
267773.411807,2770866.126422,0.173809523809524,0.0666666666666667,0,0.166666666666667,0.0994505494505494,0.493406593406593
268273.411807,2770866.126422,0.0818681318681319,0.0657509157509158,0.000732600732600733,0.128571428571429,0.143772893772894,0.579304029304029
268773.411807,2770866.126422,0.1002933626696,0.0253025302530253,0.00055005500550055,0.245874587458746,0.162816281628163,0.465163182984965
269273.411807,2770866.126422,0.0580586080586081,0.0580586080586081,0.0327838827838828,0.38956043956044,0.135714285714286,0.325824175824176
269773.411807,2770866.126422,0.118864468864469,0.210989010989011,0,0.0119047619047619,0.0302197802197802,0.628021978021978
270273.411807,2770866.126422,0.113127979464613,0.161166116611661,0.0044004400440044,0.0718738540520719,0.0672900623395673,0.582141547488082
270773.411807,2770866.126422,0.0553113553113553,0.434981684981685,0,0.0586080586080586,0.0813186813186813,0.36978021978022
271273.411807,2770866.126422,0.101282051282051,0.0913919413919414,0,0.111538461538462,0.0884615384615385,0.607326007326007
271773.411807,2770866.126422,0.0623395672900623,0.164466446644664,0.00476714338100477,0.198753208654199,0.157865786578658,0.411807847451412
272273.411807,2770866.126422,0.0384615384615385,0.0179487179487179,0,0.259157509157509,0.113003663003663,0.571428571428571
272773.411807,2770866.126422,0.0315018315018315,0.0924908424908425,0,0.443956043956044,0.115934065934066,0.316117216117216
273273.411807,2770866.126422,0.0231023102310231,0.117161716171617,0.00146681334800147,0.334066740007334,0.151631829849652,0.372570590392373
273773.411807,2770866.126422,0.036996336996337,0.106410256410256,0.108058608058608,0.524175824175824,0.0908424908424908,0.133516483516484
274273.411807,2770866.126422,0.0551282051282051,0.123076923076923,0.00238095238095238,0.510989010989011,0.0853479853479854,0.223076923076923
274773.411807,2770866.126422,0.118445177851118,0.114961496149615,0.00055005500550055,0.20957095709571,0.124862486248625,0.431609827649432
262773.411807,2770366.126422,0.237158908507223,0.0780497592295345,0,0.0284911717495987,0.062800963081862,0.593499197431782
263273.411807,2770366.126422,0.130666177280235,0.0273444668746559,0,0.16993943842907,0.189392549091576,0.482657368324463
263773.411807,2770366.126422,0.0629011553273428,0.0513478818998716,0.00275077938749312,0.607005318173482,0.15606088391711,0.1199339812947
264273.411807,2770366.126422,0.0403151914971596,0.0518599963349826,0.0053142752428074,0.645959318306762,0.119846069268829,0.136705149349459
264773.411807,2770366.126422,0.1370893741971,0.0772618829142962,0.346852633510736,0.0119287942741787,0.026977427050835,0.399889888052854
265273.411807,2770366.126422,0.177150192554557,0.0102695763799743,0.120850907757198,0.0106363469649734,0.0265908674124335,0.654502108930864
265773.411807,2770366.126422,0.141836173721825,0.119296316657504,0,0.0159428257284222,0.0370166758292102,0.685908008063038
266273.411807,2770366.126422,0.200036703982382,0.0985501926959075,0,0.0240411084602679,0.0495503762158194,0.627821618645623
266773.411807,2770366.126422,0.0700531817348249,0.172748945534568,0.157161195672107,0.17219878965707,0.0293416467999266,0.398496240601504
267273.411807,2770366.126422,0.122411581455012,0.105735752244823,0,0.00623052959501558,0.0188748396554884,0.746747297049661
267773.411807,2770366.126422,0.160579922921637,0.125160579922922,0.000183519911910442,0.0262433474031932,0.0585428518994311,0.629289777940907
268273.411807,2770366.126422,0.134421419402164,0.116449660737209,0,0.0469466348798826,0.0627177700348432,0.639464514945901
268773.411807,2770366.126422,0.0635880520432472,0.162726772952172,0,0.0423309510720176,0.0463624702217336,0.68499175371083
