"x","y","forest","agri","water","built","other","grass"
263273.411807,2530366.126422,0.966767371601209,0.0188821752265861,0,0,0,0.0143504531722054
263773.411807,2530366.126422,0.792600050339794,0.000251698968034231,0,0,0,0.207148250692172
264273.411807,2530366.126422,0.829396984924623,0.00050251256281407,0,0,0,0.170100502512563
264773.411807,2530366.126422,0.700402819738167,0.00478348439073515,0,0,0,0.294813695871098
265273.411807,2530366.126422,0.0677070224012082,0.313868613138686,0.0556254719355651,0.164107727158319,0.00654417316889001,0.392146992197332
265773.411807,2530366.126422,0.308793969849246,0.175879396984925,0.00603015075376884,0.24070351758794,0.0110552763819095,0.257537688442211
266273.411807,2530366.126422,0.647532729103726,0.00251762336354481,0,0,0.0027693856998993,0.34718026183283
266773.411807,2530366.126422,0.749307827837906,0.147243896300025,0,0,0,0.103448275862069
267273.411807,2530366.126422,0.713065326633166,0.280150753768844,0,0,0,0.00678391959798995
267773.411807,2530366.126422,0.962487411883182,0.0375125881168177,0,0,0,0
268273.411807,2530366.126422,0.925497105461868,0.0604077523282155,0,0,0,0.0140951422099169
268773.411807,2530366.126422,0.834422110552764,0.000251256281407035,0,0,0.00100502512562814,0.164321608040201
269273.411807,2530366.126422,0.758811681772407,0.054380664652568,0,0.00528700906344411,0.00579053373615307,0.175730110775428
269773.411807,2530366.126422,0.818776743015354,0,0,0,0,0.181223256984646
270273.411807,2530366.126422,0.525879396984925,0,0,0.00050251256281407,0.00276381909547739,0.470854271356784
270773.411807,2530366.126422,0.421701913393756,0.00780463242698892,0,0.00151057401812689,0.0027693856998993,0.566213494461229
271273.411807,2530366.126422,0.359174427384848,0.0614145482003524,0,0.00629247420085578,0.0246664988673546,0.548452051346589
271773.411807,2530366.126422,0.224623115577889,0.0261306532663317,0,0.00376884422110553,0.0346733668341709,0.710804020100502
272273.411807,2530366.126422,0.245720040281974,0.00906344410876133,0,0.00100704934541793,0.00604229607250755,0.738167170191339
272773.411807,2530366.126422,0.202617669267556,0.00528567832871885,0,0.016360432922225,0.035992952428895,0.739743267052605
273273.411807,2530366.126422,0.146482412060302,0.0336683417085427,0.00628140703517588,0.423366834170854,0.188190954773869,0.202010050251256
273773.411807,2530366.126422,0.158610271903323,0.0385196374622356,0,0.0231621349446123,0.0211480362537764,0.758559919436052
274273.411807,2530366.126422,0.0385099421092374,0.0166121318902593,0.567077774981123,0.0750062924742009,0.0118298514976089,0.290964007047571
263273.411807,2529866.126422,0.873211009174312,0,0,0,0,0.126788990825688
263773.411807,2529866.126422,0.793248945147679,0.000366905155017428,0,0,0,0.206384149697303
264273.411807,2529866.126422,0.595421245421245,0.00494505494505494,0,0,0.00457875457875458,0.395054945054945
264773.411807,2529866.126422,0.329357798165138,0.14256880733945,0,0,0.000917431192660551,0.527155963302752
265273.411807,2529866.126422,0.00201797835259585,0.392955421023665,0.0640249495505412,0.271142909557879,0.0407264722069345,0.229132269308384
265773.411807,2529866.126422,0.531318681318681,0.247069597069597,0,0.109340659340659,0.019047619047619,0.0932234432234432
266273.411807,2529866.126422,0.848440366972477,0.0667889908256881,0,0,0,0.0847706422018349
266773.411807,2529866.126422,0.778939644102,0.186571271326362,0,0,0,0.0344890845716382
267273.411807,2529866.126422,0.914285714285714,0.0846153846153846,0,0,0,0.0010989010989011
267773.411807,2529866.126422,0.90697247706422,0.078348623853211,0,0,0.00036697247706422,0.0143119266055046
268273.411807,2529866.126422,0.878004035956705,0.100532012474775,0,0,0,0.0214639515685195
268773.411807,2529866.126422,0.571611721611722,0.00659340659340659,0,0,0.00256410256410256,0.419230769230769
269273.411807,2529866.126422,0.659633027522936,0.0403669724770642,0,0.00110091743119266,0.00403669724770642,0.294862385321101
269773.411807,2529866.126422,0.66758392955421,0.00238488350761328,0,0.00330214639515685,0.00403595670519171,0.322693083837828
270273.411807,2529866.126422,0.407326007326007,0.00531135531135531,0,0.00201465201465201,0.0120879120879121,0.573260073260073
270773.411807,2529866.126422,0.478899082568807,0.0055045871559633,0,0.00073394495412844,0.00256880733944954,0.512293577981651
271273.411807,2529866.126422,0.257750871399743,0.0460465969546872,0,0.00201797835259585,0.00953953403045313,0.684645019262521
271773.411807,2529866.126422,0.28040293040293,0.0144688644688645,0.000183150183150183,0.00641025641025641,0.0186813186813187,0.67985347985348
272273.411807,2529866.126422,0.342752293577982,0.00862385321100917,0,0.00275229357798165,0.0124770642201835,0.633394495412844
272773.411807,2529866.126422,0.127499541368556,0.0317372959090075,0.017978352595854,0.0359567051917079,0.0493487433498441,0.73747936158503
273273.411807,2529866.126422,0.102380952380952,0.0364468864468864,0.0747252747252747,0.0587912087912088,0.0602564102564103,0.667399267399267
273773.411807,2529866.126422,0.19045871559633,0.00587155963302752,0.00293577981651376,0.00073394495412844,0.0115596330275229,0.788440366972477
263273.411807,2529366.126422,0.833516483516484,0.000732600732600733,0,0.000549450549450549,0.00201465201465201,0.163186813186813
263773.411807,2529366.126422,0.61025641025641,0.00421245421245421,0,0,0.000183150183150183,0.385347985347985
264273.411807,2529366.126422,0.242940960762743,0.152181884855152,0,0.000183351668500183,0.00165016501650165,0.603043637697103
264773.411807,2529366.126422,0.178205128205128,0.198168498168498,0,0,0.00128205128205128,0.622344322344322
265273.411807,2529366.126422,0.107326007326007,0.222161172161172,0.0716117216117216,0.526923076923077,0.017032967032967,0.0549450549450549
265773.411807,2529366.126422,0.354052071873854,0.121378804547121,0,0,0.00403373670700403,0.520535386872021
266273.411807,2529366.126422,0.677838827838828,0.017032967032967,0,0,0.00164835164835165,0.303479853479853
266773.411807,2529366.126422,0.877106227106227,0.00146520146520147,0,0,0,0.121428571428571
267273.411807,2529366.126422,0.92005867253392,0.0465713237990466,0,0,0,0.0333700036670334
267773.411807,2529366.126422,0.897435897435897,0.0492673992673993,0,0,0,0.0532967032967033
268273.411807,2529366.126422,0.826923076923077,0.00347985347985348,0,0.000183150183150183,0.000549450549450549,0.168864468864469
268773.411807,2529366.126422,0.611844517785112,0.00971763843050972,0.024019068573524,0.000366703337000367,0.0077007700770077,0.346351301796846
269273.411807,2529366.126422,0.596703296703297,0.000366300366300366,0,0,0,0.402930402930403
269773.411807,2529366.126422,0.547252747252747,0.00476190476190476,0,0,0,0.447985347985348
270273.411807,2529366.126422,0.643381004767143,0.000366703337000367,0,0,0.000183351668500183,0.356068940227356
270773.411807,2529366.126422,0.564652014652015,0.00146520146520147,0,0.000549450549450549,0.000732600732600733,0.432600732600733
271273.411807,2529366.126422,0.306043956043956,0.0157509157509158,0.234798534798535,0.0382783882783883,0.0179487179487179,0.387179487179487
271773.411807,2529366.126422,0.210671067106711,0.0168683535020169,0.25045837917125,0.0654565456545655,0.0262192885955262,0.43032636596993
273773.411807,2529366.126422,0.0117216117216117,0.00824175824175824,0.566300366300366,0.0736263736263736,0.00805860805860806,0.332051282051282
263273.411807,2528866.126422,0.765094512754634,0.118737383006056,0,0,0.00679023674068636,0.109377867498624
263773.411807,2528866.126422,0.185585916009536,0.0885750962772786,0,0.0353933614524115,0.0320924261874198,0.658353200073354
264273.411807,2528866.126422,0.112882536192047,0.187648891332234,0.000366501740883269,0.0525929998167491,0.0382994319223016,0.608209638995785
264773.411807,2528866.126422,0.00165167920719398,0.442650027527987,0.0495503762158194,0.259864195265186,0.0315654248485961,0.214718296935217
265273.411807,2528866.126422,0.515496057216211,0.199156427654502,0.0137538969374656,0.230882083256923,0.0286081056299285,0.0121034293049697
265773.411807,2528866.126422,0.640828293934396,0.244273410298699,0,0.000183250870441635,0.00366501740883269,0.111050027487631
266273.411807,2528866.126422,0.804551293815379,0.0238575885483575,0,0,0.000734079647641769,0.170857037988622
266773.411807,2528866.126422,0.929763432972676,0.00678525582248304,0,0,0,0.0634513112048414
267273.411807,2528866.126422,0.930731170973062,0.000549752611324904,0,0,0,0.068719076415613
267773.411807,2528866.126422,0.875940539548541,0.0143145531290145,0,0,0.00256927876674619,0.107175628555698
268273.411807,2528866.126422,0.828351366220429,0.004401247019989,0,0,0,0.167247386759582
268773.411807,2528866.126422,0.760491112332784,0.0053142752428074,0,0.00146600696353308,0.00366501740883269,0.229063588052043
269273.411807,2528866.126422,0.398788768581391,0.000734079647641769,0,0.000183519911910442,0.00293631859056708,0.59735731326849
269773.411807,2528866.126422,0.577847056666055,0.00385109114249037,0,0,0,0.418301852191454
270273.411807,2528866.126422,0.735019241341396,0.000183250870441635,0,0,0.000549752611324904,0.264247755176837
270773.411807,2528866.126422,0.289410901082767,0.0249587080198202,0.335841438796109,0.129565057808772,0.046063497889521,0.17416039640301
263273.411807,2528366.126422,0.579633027522936,0.0612844036697248,0,0.0036697247706422,0.0322935779816514,0.323119266055046
263773.411807,2528366.126422,0.104751421757476,0.191524490919097,0.0152265639332233,0.0836543753439736,0.0449458814896349,0.559897266556595
264273.411807,2528366.126422,0.00146520146520147,0.107142857142857,0.0641025641025641,0.496703296703297,0.215750915750916,0.114835164835165
264773.411807,2528366.126422,0.00477064220183486,0.0955963302752294,0.0585321100917431,0.524036697247706,0.269357798165138,0.0477064220183486
265273.411807,2528366.126422,0.505778756191524,0.322876536415337,0.00862227114290956,0.0328380113740598,0.001284168042561,0.128600256833609
265773.411807,2528366.126422,0.907692307692308,0.0917582417582418,0,0,0,0.000549450549450549
266273.411807,2528366.126422,0.783853211009174,0.031743119266055,0,0,0,0.184403669724771
266773.411807,2528366.126422,0.868831407081269,0.023115024766098,0,0,0,0.108053568152633
267273.411807,2528366.126422,0.920695970695971,0.0010989010989011,0,0,0,0.0782051282051282
267773.411807,2528366.126422,0.855229357798165,0.00715596330275229,0,0,0,0.137614678899083
268273.411807,2528366.126422,0.786094294624839,0.0284351495138507,0,0,0,0.18547055586131
268773.411807,2528366.126422,0.500732600732601,0.00622710622710623,0,0.00384615384615385,0.0113553113553114,0.477838827838828
269273.411807,2528366.126422,0.809174311926605,0.00330275229357798,0,0,0,0.187522935779817
269773.411807,2528366.126422,0.507062924234085,0.0165107319757843,0,0.000366905155017428,0.00568702990277013,0.470372408732343
270273.411807,2528366.126422,0.247435897435897,0.0571428571428571,0.291758241758242,0.08003663003663,0.041025641025641,0.282600732600733
263273.411807,2527866.126422,0.775091575091575,0.00128205128205128,0,0.0184981684981685,0.00677655677655678,0.198351648351648
263773.411807,2527866.126422,0.0945054945054945,0.0915750915750916,0.0437728937728938,0.298901098901099,0.197619047619048,0.273626373626374
264273.411807,2527866.126422,0,0.0262192885955262,0.147231389805647,0.680784745141181,0.113311331133113,0.0324532453245325
264773.411807,2527866.126422,0.292307692307692,0.206227106227106,0.168681318681319,0.108974358974359,0.0261904761904762,0.197619047619048
265273.411807,2527866.126422,0.418681318681319,0.24047619047619,0,0.000183150183150183,0.00457875457875458,0.336080586080586
265773.411807,2527866.126422,0.66996699669967,0.291895856252292,0,0.000183351668500183,0.000733406674000733,0.0372203887055372
266273.411807,2527866.126422,0.848534798534799,0.00311355311355311,0,0,0,0.148351648351648
266773.411807,2527866.126422,0.888644688644689,0.00238095238095238,0,0,0,0.108974358974359
267273.411807,2527866.126422,0.825449211587825,0.0355702236890356,0,0,0,0.138980564723139
267773.411807,2527866.126422,0.883882783882784,0.00293040293040293,0,0,0,0.113186813186813
268273.411807,2527866.126422,0.784615384615385,0,0,0,0,0.215384615384615
268773.411807,2527866.126422,0.453428676200953,0.00715071507150715,0,0.000733406674000733,0.00293362669600293,0.535753575357536
269273.411807,2527866.126422,0.460989010989011,0.0184981684981685,0.000915750915750916,0.00256410256410256,0.015018315018315,0.502014652014652
269773.411807,2527866.126422,0.151465201465201,0.0184981684981685,0.47014652014652,0.0785714285714286,0.0531135531135531,0.228205128205128
263273.411807,2527366.126422,0.479721049733896,0.00275279867865663,0,0.0996513121673702,0.235089007157277,0.182785832262801
263773.411807,2527366.126422,0,0.0374105996699065,0.0513478818998716,0.280762882816798,0.201907207041995,0.428571428571429
264273.411807,2527366.126422,0.0859446582371266,0.110133773135422,0.0175920835623969,0.588418544988089,0.0159428257284222,0.181968114348543
264773.411807,2527366.126422,0.436960910258763,0.226463571297486,0,0.0012846393833731,0.00532207744540283,0.329968801614975
265273.411807,2527366.126422,0.531267192371172,0.0863744727672841,0,0.00458463231248854,0.0218228498074454,0.35595085274161
265773.411807,2527366.126422,0.705882352941177,0.0328019058090526,0,0,0,0.261315741249771
266273.411807,2527366.126422,0.741971003853918,0,0,0,0,0.258028996146082
266773.411807,2527366.126422,0.865578580597836,0.0247570144874381,0,0,0,0.109664404914726
267273.411807,2527366.126422,0.82737768004398,0.000183250870441635,0,0,0,0.172439069085578
267773.411807,2527366.126422,0.80510185355111,0,0,0,0,0.19489814644889
268273.411807,2527366.126422,0.652668256005868,0.00550155877498625,0,0,0.00183385292499542,0.33999633229415
268773.411807,2527366.126422,0.678394722374931,0.0130108118013561,0,0,0,0.308594465823713
269273.411807,2527366.126422,0.383373095980914,0.063497889521013,0.104239309965131,0.0464305377133419,0.0167003119838502,0.38575885483575
263273.411807,2526866.126422,0.143119266055046,0.0190825688073394,0.0377981651376147,0.315963302752294,0.193761467889908,0.290275229357798
263773.411807,2526866.126422,0.0387084938543387,0.193542469271693,0.0889745000917263,0.218675472390387,0.0513667217024399,0.408732342689415
264273.411807,2526866.126422,0.288827838827839,0.154761904761905,0.0247252747252747,0.156227106227106,0.0271062271062271,0.348351648351648
264773.411807,2526866.126422,0.522018348623853,0.0234862385321101,0.00055045871559633,0.00532110091743119,0.00678899082568807,0.441834862385321
265273.411807,2526866.126422,0.616033755274262,0.0155934690882407,0,0,0.000366905155017428,0.36800587048248
265773.411807,2526866.126422,0.422344322344322,0.262637362637363,0,0,0.000366300366300366,0.314652014652015
266273.411807,2526866.126422,0.660550458715596,0.00403669724770642,0,0.00128440366972477,0.0543119266055046,0.279816513761468
266773.411807,2526866.126422,0.832874701889562,0.0190790680609063,0,0,0,0.148046230049532
267273.411807,2526866.126422,0.804395604395604,0.00274725274725275,0,0,0,0.192857142857143
267773.411807,2526866.126422,0.695779816513761,0.0177981651376147,0,0.0157798165137615,0.0192660550458716,0.251376146788991
268273.411807,2526866.126422,0.472940744817465,0.028251696936342,0,0,0,0.498807558246193
268773.411807,2526866.126422,0.392490842490842,0.047985347985348,0,0.000549450549450549,0.00384615384615385,0.555128205128205
269273.411807,2526866.126422,0.407339449541284,0.0471559633027523,0.0159633027522936,0.0928440366972477,0.0359633027522936,0.400733944954128
263273.411807,2526366.126422,0.00970695970695971,0.0166666666666667,0.000549450549450549,0.487545787545788,0.141758241758242,0.343772893772894
263773.411807,2526366.126422,0.0203296703296703,0.245421245421245,0.16959706959707,0.399267399267399,0.0186813186813187,0.146703296703297
264273.411807,2526366.126422,0.477997799779978,0.0517051705170517,0,0.00128346167950128,0.0108177484415108,0.458195819581958
264773.411807,2526366.126422,0.726190476190476,0.0503663003663004,0,0,0,0.223443223443223
265273.411807,2526366.126422,0.65989010989011,0.0840659340659341,0,0,0.000366300366300366,0.255677655677656
265773.411807,2526366.126422,0.749174917491749,0.0132013201320132,0,0.000733406674000733,0.0033003300330033,0.233590025669234
266273.411807,2526366.126422,0.657509157509158,0,0,0.000549450549450549,0.00586080586080586,0.336080586080586
266773.411807,2526366.126422,0.731868131868132,0.0465201465201465,0,0.000366300366300366,0.00604395604395604,0.215201465201465
267273.411807,2526366.126422,0.70993766043271,0.024019068573524,0,0,0,0.266043270993766
267773.411807,2526366.126422,0.695787545787546,0,0,0,0,0.304212454212454
268273.411807,2526366.126422,0.379487179487179,0.0148351648351648,0,0,0,0.605677655677656
268773.411807,2526366.126422,0.755592225889256,0,0,0,0,0.244407774110744
269273.411807,2526366.126422,0.183333333333333,0.0695970695970696,0.293772893772894,0.167582417582418,0.0641025641025641,0.221611721611722
263273.411807,2525866.126422,0.00991007524316388,0.0701046063497889,0.00385391815011929,0.472563773169389,0.314369609102588,0.129198017984951
263773.411807,2525866.126422,0.171098477902072,0.0601503759398496,0.0940766550522648,0.149459013387126,0.0161379057399597,0.509077571978727
264273.411807,2525866.126422,0.575407733186733,0.0188748396554884,0,0.000916254352208173,0.00238226131574125,0.40241891148983
264773.411807,2525866.126422,0.782895944209947,0.00201871903101487,0,0,0.00110111947146265,0.213984217287576
265273.411807,2525866.126422,0.728406381808179,0.048413717219879,0,0,0.000916926462497708,0.222262974509444
265773.411807,2525866.126422,0.509070918086861,0.0247388675096207,0,0.000183250870441635,0.00256551218618288,0.463441451346894
266273.411807,2525866.126422,0.694072306845293,0.00844191594788034,0,0.00256927876674619,0.0082583960359699,0.286658102404111
266773.411807,2525866.126422,0.738125802310655,0,0,0,0,0.261874197689345
267273.411807,2525866.126422,0.772585669781931,0,0,0,0,0.227414330218069
267773.411807,2525866.126422,0.694255826757203,0.00367039823820885,0,0.000734079647641769,0.00201871903101487,0.299320976325931
268273.411807,2525866.126422,0.554557124518614,0.0022006235099945,0,0.000183385292499542,0.0022006235099945,0.440858243168898
268773.411807,2525866.126422,0.610408649441085,0.00256551218618288,0,0,0.000549752611324904,0.386476085761407
263273.411807,2525366.126422,0.0420183486238532,0.357064220183486,0.0464220183486239,0.50605504587156,0.0111926605504587,0.0372477064220183
263773.411807,2525366.126422,0.14401027334434,0.0315538433314988,0,0.0139423958906623,0.0289855072463768,0.781507980187122
264273.411807,2525366.126422,0.54010989010989,0.0181318681318681,0,0.000915750915750916,0.00604395604395604,0.434798534798535
264773.411807,2525366.126422,0.765137614678899,0.00201834862385321,0,0,0.00128440366972477,0.231559633027523
265273.411807,2525366.126422,0.535864978902954,0.107870115575124,0,0.001284168042561,0.021830856723537,0.333149880755825
265773.411807,2525366.126422,0.523443223443223,0.32985347985348,0,0,0.000732600732600733,0.145970695970696
266273.411807,2525366.126422,0.737247706422018,0.00697247706422018,0,0,0.00422018348623853,0.251559633027523
266773.411807,2525366.126422,0.686479545037608,0.0365070629242341,0,0,0.00385250412768299,0.273160887910475
267273.411807,2525366.126422,0.707326007326007,0.0164835164835165,0,0,0,0.276190476190476
267773.411807,2525366.126422,0.741651376146789,0,0,0,0,0.258348623853211
268273.411807,2525366.126422,0.668134287286736,0.00752155567785727,0,0.00275178866263071,0.00458631443771785,0.317006053935058
268773.411807,2525366.126422,0.357326007326007,0.00915750915750916,0,0,0.0032967032967033,0.63021978021978
269273.411807,2525366.126422,0.0563302752293578,0.023302752293578,0.516697247706422,0.146788990825688,0.0453211009174312,0.211559633027523
263273.411807,2524866.126422,0.157142857142857,0.165934065934066,0.0963369963369963,0.323443223443223,0.00641025641025641,0.250732600732601
263773.411807,2524866.126422,0.0954212454212454,0.054029304029304,0.000366300366300366,0.0688644688644689,0.134615384615385,0.646703296703297
264273.411807,2524866.126422,0.307847451411808,0.0187018701870187,0,0.00256692335900257,0.00403373670700403,0.666850018335167
264773.411807,2524866.126422,0.860989010989011,0.000366300366300366,0,0,0,0.138644688644689
265273.411807,2524866.126422,0.622344322344322,0.0613553113553114,0,0,0.00622710622710623,0.31007326007326
265773.411807,2524866.126422,0.793179317931793,0.0557389072240557,0,0,0.00348368170150348,0.147598093142648
266273.411807,2524866.126422,0.838278388278388,0.0188644688644689,0,0,0,0.142857142857143
266773.411807,2524866.126422,0.812454212454212,0.0527472527472527,0,0,0,0.134798534798535
267273.411807,2524866.126422,0.736156949028236,0.00275027502750275,0,0,0.00165016501650165,0.259442610927759
267773.411807,2524866.126422,0.468498168498168,0.000915750915750916,0,0.000183150183150183,0.00201465201465201,0.528388278388278
268273.411807,2524866.126422,0.54981684981685,0.0360805860805861,0,0,0.00146520146520147,0.412637362637363
268773.411807,2524866.126422,0.271727172717272,0.0033003300330033,0,0,0.00696736340300697,0.718005133846718
269273.411807,2524866.126422,0.283699633699634,0.123809523809524,0,0.00311355311355311,0.00952380952380952,0.57985347985348
263273.411807,2524366.126422,0.0480822169205359,0.192879427417875,0.100201871903101,0.539915580840521,0.0161497522481189,0.102771150669848
263773.411807,2524366.126422,0.165963689712085,0.0462130937098845,0,0.00421786172748946,0.0174216027874564,0.766183752063085
264273.411807,2524366.126422,0.395272127542606,0.0207073483599047,0,0.00787978742899029,0.0148433205057724,0.561297416162727
264773.411807,2524366.126422,0.458249220040374,0.0508350155991925,0.000183519911910442,0.185905670765278,0.111763626353459,0.193062947329785
265273.411807,2524366.126422,0.483587016321291,0.00495140289748762,0,0.000366770584999083,0.0100861910874748,0.501008619108747
265773.411807,2524366.126422,0.698918819864394,0,0,0,0,0.301081180135606
266273.411807,2524366.126422,0.628188658469444,0.0917599559552211,0,0,0.000734079647641769,0.279317305927693
266773.411807,2524366.126422,0.779020722538052,0.00715202640748212,0,0,0.00110031175499725,0.212726939299468
267273.411807,2524366.126422,0.841854498808869,0,0,0,0,0.158145501191131
267773.411807,2524366.126422,0.829510001835199,0,0,0,0,0.170489998164801
268273.411807,2524366.126422,0.781221346048047,0,0,0,0,0.218778653951953
268773.411807,2524366.126422,0.424958768554151,0.0120945574491479,0,0,0.00238226131574125,0.56056441268096
269273.411807,2524366.126422,0.222609653147366,0.0600110111947146,0,0.0403743806202973,0.0524866948063865,0.624518260231235
269773.411807,2524366.126422,0.0460297084173849,0.145057766367137,0.469833119383825,0.112965340179718,0.0185219145424537,0.207592151109481
263273.411807,2523866.126422,0.0394495412844037,0.199266055045872,0.031743119266055,0.590642201834862,0.0376146788990826,0.101284403669725
263773.411807,2523866.126422,0.100898917629793,0.129517519721152,0.0271509814712897,0.15978719501009,0.0159603742432581,0.566685011924418
264273.411807,2523866.126422,0.414285714285714,0.0483516483516484,0.0010989010989011,0.021978021978022,0.0542124542124542,0.46007326007326
264773.411807,2523866.126422,0.21302752293578,0.0812844036697248,0,0.217981651376147,0.15394495412844,0.333761467889908
265273.411807,2523866.126422,0.420473307649972,0.00293524124013942,0,0.0078884608328747,0.0130251330031187,0.555677857273895
265773.411807,2523866.126422,0.507692307692308,0.00256410256410256,0,0.00293040293040293,0.015018315018315,0.471794871794872
266273.411807,2523866.126422,0.486605504587156,0.0770642201834862,0,0,0,0.436330275229358
266773.411807,2523866.126422,0.798569069895432,0.00110071546505228,0,0.000366905155017428,0.00330214639515685,0.196661163089341
267273.411807,2523866.126422,0.697802197802198,0,0,0,0,0.302197802197802
267773.411807,2523866.126422,0.790091743119266,0,0,0,0,0.209908256880734
268273.411807,2523866.126422,0.642084021280499,0,0,0,0,0.357915978719501
268773.411807,2523866.126422,0.351098901098901,0.0653846153846154,0,0,0.00164835164835165,0.581868131868132
269273.411807,2523866.126422,0.0823853211009174,0.109724770642202,0,0.00311926605504587,0.0100917431192661,0.794678899082569
269773.411807,2523866.126422,0.135388002201431,0.0919097413318657,0.0225646670335718,0.090442120711796,0.0242157402311502,0.635479728490185
270273.411807,2523866.126422,0,0.0104395604395604,0.947619047619048,0.0419413919413919,0,0
263273.411807,2523366.126422,0.095970695970696,0.236996336996337,0.147985347985348,0.326556776556777,0.0302197802197802,0.162271062271062
263773.411807,2523366.126422,0.116300366300366,0.254945054945055,0.0342490842490843,0.483333333333333,0.023992673992674,0.0871794871794872
264273.411807,2523366.126422,0.29042904290429,0.0643564356435644,0.000733406674000733,0.0535386872020535,0.0702236890355702,0.520718738540521
264773.411807,2523366.126422,0.345421245421245,0.0148351648351648,0,0.00293040293040293,0.0108058608058608,0.626007326007326
265273.411807,2523366.126422,0.358058608058608,0.0126373626373626,0,0.0043956043956044,0.0263736263736264,0.598534798534799
265773.411807,2523366.126422,0.43050971763843,0.000366703337000367,0,0.0011001100110011,0.00715071507150715,0.560872753942061
266273.411807,2523366.126422,0.794322344322344,0.00494505494505494,0,0,0,0.200732600732601
266773.411807,2523366.126422,0.775641025641026,0,0,0,0,0.224358974358974
267273.411807,2523366.126422,0.596626329299597,0,0,0,0,0.403373670700403
267773.411807,2523366.126422,0.757692307692308,0,0,0,0.000183150183150183,0.242124542124542
268273.411807,2523366.126422,0.444871794871795,0,0,0,0.000732600732600733,0.554395604395604
268773.411807,2523366.126422,0.411991199119912,0.0491382471580491,0,0,0,0.538870553722039
269273.411807,2523366.126422,0.097985347985348,0.0362637362637363,0.00952380952380952,0.0743589743589744,0.126556776556777,0.655311355311355
269773.411807,2523366.126422,0.280586080586081,0.036996336996337,0.00604395604395604,0.0021978021978022,0.00989010989010989,0.664285714285714
263273.411807,2522866.126422,0.283538263901633,0.133051936135071,0.0385391815011929,0.0407414204441182,0.0612956505780877,0.442833547439897
263773.411807,2522866.126422,0.0975609756097561,0.3201907207042,0.0256739409499358,0.25582248303686,0.0236567027324409,0.277095176966807
264273.411807,2522866.126422,0.0179585853032802,0.214403518416712,0.0124610591900312,0.259116730804471,0.246472420743999,0.249587685541506
264773.411807,2522866.126422,0.394751330519361,0.0789135621214902,0,0.0515690952468343,0.0607450908423564,0.414020921269958
265273.411807,2522866.126422,0.548872180451128,0.00421786172748946,0,0.00146708233999633,0.0115532734274711,0.433889602053915
265773.411807,2522866.126422,0.604178119846069,0.0236393622869709,0,0.0126443100604728,0.028587135788895,0.330951072017592
266273.411807,2522866.126422,0.860524866948064,0.000550559735731327,0,0.000734079647641769,0.00367039823820885,0.134520095430354
266773.411807,2522866.126422,0.733907940583165,0,0,0,0,0.266092059416835
267273.411807,2522866.126422,0.765072384093824,0,0,0,0,0.234927615906176
267773.411807,2522866.126422,0.686731510368875,0.00385391815011929,0,0.00220223894292531,0.0144980730409249,0.292714259497155
268273.411807,2522866.126422,0.606271777003484,0.0100861910874748,0,0.0161379057399597,0.00861910874747845,0.358885017421603
268773.411807,2522866.126422,0.623969213853766,0.030602895363753,0,0,0.00238226131574125,0.34304562946674
269273.411807,2522866.126422,0.415856120389062,0.0179849513672233,0.000550559735731327,0.225362451826023,0.0956138741053404,0.24463204257662
269773.411807,2522866.126422,0.252338162479369,0.0115532734274711,0,0.128919860627178,0.0447460113698881,0.562442692096094
270273.411807,2522866.126422,0.0892431739050761,0.0458127176104087,0.285504856148067,0.120945574491479,0.0470954737035001,0.41139820414147
263273.411807,2522366.126422,0.35743119266055,0.0739449541284404,0.0106422018348624,0.0284403669724771,0.0537614678899083,0.475779816513761
263773.411807,2522366.126422,0.0757659145110989,0.337002384883508,0.0311869381764814,0.0163272793982755,0.156301596037424,0.383415886993212
264273.411807,2522366.126422,0.00128205128205128,0.314652014652015,0.113736263736264,0.344505494505495,0.0970695970695971,0.128754578754579
264773.411807,2522366.126422,0.195596330275229,0.127155963302752,0,0.184036697247706,0.0965137614678899,0.396697247706422
265273.411807,2522366.126422,0.593285635663181,0.0809025866813429,0,0.00568702990277013,0.023115024766098,0.297009722986608
265773.411807,2522366.126422,0.667216117216117,0.00915750915750916,0,0.000183150183150183,0.0010989010989011,0.322344322344322
266273.411807,2522366.126422,0.790091743119266,0.00348623853211009,0,0,0.00073394495412844,0.205688073394495
266773.411807,2522366.126422,0.721518987341772,0.00495321959273528,0,0,0,0.273527793065493
267273.411807,2522366.126422,0.670879120879121,0.00421245421245421,0,0,0,0.324908424908425
267773.411807,2522366.126422,0.679633027522936,0.00238532110091743,0,0.00036697247706422,0,0.317614678899083
268273.411807,2522366.126422,0.549440469638598,0.00898917629792699,0,0.0232984773436067,0.0304531278664465,0.387818748853421
268773.411807,2522366.126422,0.438095238095238,0.0807692307692308,0.00311355311355311,0.105677655677656,0.0928571428571429,0.279487179487179
269273.411807,2522366.126422,0.175963302752294,0.0302752293577982,0.00220183486238532,0.23651376146789,0.0798165137614679,0.475229357798165
269773.411807,2522366.126422,0.51495138506696,0.0111906072280316,0,0.0121078701155751,0.0078884608328747,0.453861676756558
270273.411807,2522366.126422,0.273992673992674,0.0353479853479853,0.0564102564102564,0.0842490842490843,0.0448717948717949,0.505128205128205
263273.411807,2521866.126422,0.117948717948718,0.123809523809524,0.0153846153846154,0.275274725274725,0.121611721611722,0.345970695970696
263773.411807,2521866.126422,0.0468864468864469,0.19010989010989,0.184798534798535,0.0606227106227106,0.113369963369963,0.404212454212454
264273.411807,2521866.126422,0.0194352768610194,0.370553722038871,0.0909424275760909,0.264026402640264,0.0258525852585259,0.229189585625229
264773.411807,2521866.126422,0.0901098901098901,0.1496336996337,0,0.343040293040293,0.198534798534799,0.218681318681319
265273.411807,2521866.126422,0.661355311355311,0.0241758241758242,0,0.00201465201465201,0.00714285714285714,0.305311355311355
265773.411807,2521866.126422,0.746974697469747,0,0,0,0,0.253025302530253
266273.411807,2521866.126422,0.766666666666667,0.0128205128205128,0,0.00238095238095238,0.00421245421245421,0.213919413919414
266773.411807,2521866.126422,0.280952380952381,0.00293040293040293,0,0,0,0.716117216117216
267273.411807,2521866.126422,0.695269526952695,0.00623395672900623,0,0,0,0.298496516318298
267773.411807,2521866.126422,0.392673992673993,0.0188644688644689,0.00238095238095238,0.00293040293040293,0.0188644688644689,0.564285714285714
268273.411807,2521866.126422,0.402014652014652,0.0179487179487179,0,0.0254578754578755,0.0474358974358974,0.507142857142857
268773.411807,2521866.126422,0.186835350201687,0.028969563623029,0.00898423175650898,0.195452878621195,0.0751741840850752,0.504583791712505
269273.411807,2521866.126422,0.48992673992674,0.00732600732600733,0.000183150183150183,0.0694139194139194,0.023992673992674,0.409157509157509
269773.411807,2521866.126422,0.45970695970696,0.0456043956043956,0,0.00274725274725275,0.0210622710622711,0.470879120879121
270273.411807,2521866.126422,0.466813348001467,0.0115511551155116,0,0.0544554455445545,0.0421708837550422,0.425009167583425
263273.411807,2521366.126422,0.15342264635713,0.0978161130482657,0.000183519911910442,0.21178197834465,0.135070655166086,0.401725087171958
263773.411807,2521366.126422,0.0480469466348799,0.312488538419219,0.0693196405648267,0.0372272143774069,0.0566660553823583,0.476251604621309
264273.411807,2521366.126422,0.0593732820230896,0.415612974161627,0.0890599230346344,0.119846069268829,0.0382994319223016,0.277808319589518
264773.411807,2521366.126422,0.0956138741053404,0.22811525050468,0.0741420444118187,0.512938153789686,0.0256927876674619,0.063497889521013
265273.411807,2521366.126422,0.821932880982945,0.00330093526499175,0,0.00990280579497524,0.024390243902439,0.140473134054649
265773.411807,2521366.126422,0.462525196994686,0.01905809052593,0,0.0481949789261499,0.0469122228330585,0.423309510720176
266273.411807,2521366.126422,0.708937419710039,0.00679023674068636,0,0.0047715177096715,0.0034868783262984,0.276013947513305
266773.411807,2521366.126422,0.588300018338529,0.00715202640748212,0,0.00385109114249037,0.00641848523748395,0.394278378874014
267273.411807,2521366.126422,0.81949789261499,0.000183250870441635,0,0.00494777350192413,0.00934579439252336,0.166025288620121
267773.411807,2521366.126422,0.418241879243898,0.0236740686364471,0.00972655533125344,0.0506514956872821,0.0585428518994311,0.439163149201688
268273.411807,2521366.126422,0.236933797909408,0.0452961672473868,0.000733541169998166,0.110031175499725,0.0742710434623143,0.532734274711168
268773.411807,2521366.126422,0.0894264247755177,0.0767821147150449,0,0.177203591717061,0.0822796408282939,0.574308227964083
269273.411807,2521366.126422,0.135804734813727,0.0205542301339695,0.108643787850982,0.384107175628556,0.0882730776289227,0.262616993943843
269773.411807,2521366.126422,0.198606271777003,0.0304419585549239,0.129286631212177,0.351366220429122,0.0871080139372822,0.203190904089492
263273.411807,2520866.126422,0.125321100917431,0.102935779816514,0.00495412844036697,0.306238532110092,0.188256880733945,0.272293577981651
263773.411807,2520866.126422,0.124380847550908,0.314804623004953,0.0651256650155935,0.0924600990643919,0.0671436433681893,0.336085121995964
264273.411807,2520866.126422,0.0518315018315018,0.346153846153846,0.0315018315018315,0.056959706959707,0.0470695970695971,0.466483516483516
264773.411807,2520866.126422,0.00165137614678899,0.528623853211009,0.129174311926606,0.277064220183486,0,0.0634862385321101
265273.411807,2520866.126422,0.0610897083104018,0.37516052100532,0.0665932856356632,0.112823335167859,0.00972298660796184,0.374610163272794
265773.411807,2520866.126422,0.105677655677656,0.393406593406593,0.00897435897435897,0.00549450549450549,0.0360805860805861,0.4503663003663
266273.411807,2520866.126422,0.643669724770642,0.0223853211009174,0,0.0119266055045872,0.0113761467889908,0.310642201834862
266773.411807,2520866.126422,0.504494588148964,0.0443955237571088,0.00110071546505228,0.0497156485048615,0.0405430196294258,0.359750504494588
267273.411807,2520866.126422,0.347252747252747,0.0322344322344322,0.00970695970695971,0.0234432234432234,0.0765567765567766,0.510805860805861
267773.411807,2520866.126422,0.100366972477064,0.056697247706422,0.0102752293577982,0.466238532110092,0.172477064220183,0.19394495412844
268273.411807,2520866.126422,0.0284351495138507,0.020546688680976,0.00293524124013942,0.312052834342323,0.0451293340671436,0.590900752155568
268773.411807,2520866.126422,0.165750915750916,0.0701465201465201,0.175641025641026,0.313919413919414,0.0653846153846154,0.209157509157509
263273.411807,2520366.126422,0.0836996336996337,0.249267399267399,0.000183150183150183,0.232234432234432,0.137362637362637,0.297252747252747
263773.411807,2520366.126422,0.0236263736263736,0.516483516483517,0.0408424908424908,0.0115384615384615,0.0509157509157509,0.356593406593407
264273.411807,2520366.126422,0.0322698936560323,0.411257792445911,0.0135680234690136,0.00788412174550788,0.0502383571690502,0.484781811514485
264773.411807,2520366.126422,0.0467032967032967,0.228205128205128,0,0.0249084249084249,0.0994505494505494,0.600732600732601
265273.411807,2520366.126422,0.0228937728937729,0.365384615384615,0.0791208791208791,0.45018315018315,0.0591575091575092,0.0232600732600733
265773.411807,2520366.126422,0.00898423175650898,0.645397873120645,0,0,0.000916758342500917,0.344701136780345
266273.411807,2520366.126422,0.175457875457875,0.323076923076923,0.00421245421245421,0.140659340659341,0.0582417582417582,0.298351648351648
266773.411807,2520366.126422,0.0652014652014652,0.507692307692308,0.0421245421245421,0.0694139194139194,0.0434065934065934,0.272161172161172
267273.411807,2520366.126422,0.0958929226255959,0.358269160249358,0.0115511551155116,0.0608727539420609,0.0528052805280528,0.420608727539421
267773.411807,2520366.126422,0.00714285714285714,0.026007326007326,0.039010989010989,0.507142857142857,0.0472527472527473,0.373443223443223
268273.411807,2520366.126422,0.0935897435897436,0.107142857142857,0.00512820512820513,0.0802197802197802,0.0355311355311355,0.678388278388278
263273.411807,2519866.126422,0.107175628555698,0.342815195448706,0.0047715177096715,0.113965865296385,0.0330335841438796,0.39823820884566
263773.411807,2519866.126422,0.139006051714652,0.287181368054282,0.000916926462497708,0.0905923344947735,0.100861910874748,0.381441408399046
264273.411807,2519866.126422,0.156862745098039,0.312076232362104,0.028587135788895,0.0271211288253619,0.0771486164559282,0.398204141469672
264773.411807,2519866.126422,0.079647641769132,0.364287025142228,0.0411084602679391,0.0130299137456414,0.0359699027344467,0.465957056340613
265273.411807,2519866.126422,0.0680359435173299,0.362369337979094,0.0735375022923162,0.239684577296901,0.120484137172199,0.13588850174216
265773.411807,2519866.126422,0.015026571376214,0.490196078431373,0.0637713029136888,0.109217518783214,0.00329851566794942,0.318490012827561
266273.411807,2519866.126422,0.0121123141860892,0.538814461369059,0,0,0.00422095797394017,0.444852266470912
266773.411807,2519866.126422,0.122501375389694,0.442875481386393,0,0.00366770584999083,0.0251237850724372,0.405831652301485
267273.411807,2519866.126422,0.0881436686824262,0.356789444749863,0,0.122045079714129,0.0555250137438153,0.377496793109767
267773.411807,2519866.126422,0.0515690952468343,0.0469810974490732,0.00789135621214902,0.19086070838686,0.0541383740135805,0.648559368691503
268273.411807,2519866.126422,0.0564826700898588,0.1599119750596,0.134971575279663,0.196772418852008,0.0370438290849074,0.414817531633963
263273.411807,2519366.126422,0.143119266055046,0.144587155963303,0.048256880733945,0.246422018348624,0.0425688073394495,0.375045871559633
263773.411807,2519366.126422,0.172995780590717,0.227297743533297,0.0203632361034673,0.157952669235003,0.117409649605577,0.303980920931939
264273.411807,2519366.126422,0.120512820512821,0.174725274725275,0.0496336996336996,0.0523809523809524,0.0983516483516483,0.504395604395604
264773.411807,2519366.126422,0.108990825688073,0.296880733944954,0.13651376146789,0.0563302752293578,0.129724770642202,0.271559633027523
265273.411807,2519366.126422,0.241240139423959,0.0999816547422491,0.0915428361768483,0.024399192808659,0.0210970464135021,0.521739130434783
265773.411807,2519366.126422,0.122710622710623,0.0267399267399267,0.405128205128205,0.242307692307692,0.0128205128205128,0.19029304029304
266273.411807,2519366.126422,0.0946788990825688,0.305504587155963,0.0594495412844037,0.190275229357798,0.00293577981651376,0.347155963302752
266773.411807,2519366.126422,0.00550357732526142,0.565767749036874,0,0,0.000183452577508714,0.428545221060356
267273.411807,2519366.126422,0.0663003663003663,0.390842490842491,0,0.000549450549450549,0.0221611721611722,0.52014652014652
267773.411807,2519366.126422,0.216697247706422,0.126238532110092,0.0172477064220183,0.1,0.0543119266055046,0.485504587155963
268273.411807,2519366.126422,0.0990643918547056,0.0365070629242341,0.446707026233719,0.168776371308017,0.0266006237387635,0.222344523940561
263273.411807,2518866.126422,0.186813186813187,0.0668498168498168,0.00293040293040293,0.0954212454212454,0.102564102564103,0.545421245421245
263773.411807,2518866.126422,0.16959706959707,0.0549450549450549,0.0615384615384615,0.298351648351648,0.101831501831502,0.313736263736264
264273.411807,2518866.126422,0.0716905023835717,0.0854418775210854,0.0507884121745508,0.455995599559956,0.109460946094609,0.226622662266227
