"x","y","forest","agri","water","built","other","grass"
224773.411807,2682366.126422,0.527698574338086,0.00529531568228106,0,0.00346232179226069,0.0193482688391039,0.444195519348269
225273.411807,2682366.126422,0.47964796479648,0.00238357169050238,0,0.00733406674000733,0.0187018701870187,0.491932526585992
225773.411807,2682366.126422,0.744871794871795,0.000366300366300366,0,0.00128205128205128,0.0032967032967033,0.25018315018315
226273.411807,2682366.126422,0.754212454212454,0.00183150183150183,0,0.00549450549450549,0.0287545787545788,0.20970695970696
226773.411807,2682366.126422,0.500550055005501,0.00275027502750275,0,0.00348368170150348,0.0124679134580125,0.480748074807481
227273.411807,2682366.126422,0.439377289377289,0.0032967032967033,0,0.00750915750915751,0.0258241758241758,0.523992673992674
227773.411807,2682366.126422,0.25989010989011,0.0661172161172161,0.000183150183150183,0.11978021978022,0.13021978021978,0.423809523809524
228273.411807,2682366.126422,0.23047304730473,0.0799413274660799,0.0227356068940227,0.106710671067107,0.107810781078108,0.452328566189952
228773.411807,2682366.126422,0.270695970695971,0.015018315018315,0.000915750915750916,0.0216117216117216,0.0368131868131868,0.654945054945055
229273.411807,2682366.126422,0.241575091575092,0.0404761904761905,0,0.0168498168498168,0.0677655677655678,0.633333333333333
229773.411807,2682366.126422,0.378437843784378,0.00348368170150348,0.00458379171250458,0.0135680234690136,0.0346534653465347,0.565273193986065
230273.411807,2682366.126422,0.265018315018315,0.0355311355311355,0.00164835164835165,0.082967032967033,0.10970695970696,0.505128205128205
230773.411807,2682366.126422,0.0886446886446886,0.0241758241758242,0.00512820512820513,0.327289377289377,0.132417582417582,0.422344322344322
231273.411807,2682366.126422,0.365969930326366,0.0044004400440044,0,0.0264026402640264,0.0504217088375504,0.552805280528053
231773.411807,2682366.126422,0.112637362637363,0.017032967032967,0.0032967032967033,0.0401098901098901,0.113736263736264,0.713186813186813
232273.411807,2682366.126422,0.00238095238095238,0.0164835164835165,0.032967032967033,0.263736263736264,0.31996336996337,0.364468864468864
232773.411807,2682366.126422,0.0885588558855886,0.0381371470480381,0.026952695269527,0.527136046938027,0.0942427576090942,0.224972497249725
233273.411807,2682366.126422,0.182417582417582,0.047985347985348,0.0366300366300366,0.200915750915751,0.176373626373626,0.355677655677656
233773.411807,2682366.126422,0.0743589743589744,0.0333333333333333,0.0126373626373626,0.227838827838828,0.205311355311355,0.446520146520147
234273.411807,2682366.126422,0.145214521452145,0.0326365969930326,0.00201686835350202,0.118261826182618,0.117711771177118,0.584158415841584
234773.411807,2682366.126422,0.253296703296703,0.00567765567765568,0,0.0175824175824176,0.0485347985347985,0.674908424908425
235273.411807,2682366.126422,0.266483516483516,0.00970695970695971,0,0.00183150183150183,0.0137362637362637,0.708241758241758
235773.411807,2682366.126422,0.583241657499083,0.0011001100110011,0,0.0011001100110011,0.00751741840850752,0.407040704070407
236273.411807,2682366.126422,0.535347985347985,0.00750915750915751,0,0.00293040293040293,0.0208791208791209,0.433333333333333
236773.411807,2682366.126422,0.361904761904762,0.00238095238095238,0,0.00146520146520147,0.0335164835164835,0.600732600732601
237273.411807,2682366.126422,0.361992385786802,0.00951776649746193,0,0.00253807106598985,0.0139593908629442,0.611992385786802
224773.411807,2681866.126422,0.393840505812768,0.000815827044666531,0,0.00305935141749949,0.00795431368549867,0.594330002039568
225273.411807,2681866.126422,0.615356422943009,0.000183250870441635,0,0.000549752611324904,0.00641378046545721,0.377496793109767
225773.411807,2681866.126422,0.462653697926225,0.00513855753349238,0,0.0141310332171041,0.0530372545421178,0.465039456781061
226273.411807,2681866.126422,0.527232715936182,0.00128369704749679,0,0.00385109114249037,0.0284247203374289,0.439207775536402
226773.411807,2681866.126422,0.708997617738684,0.000733003481766538,0,0.000916254352208173,0.00861279091075683,0.280740333516584
227273.411807,2681866.126422,0.579005322077445,0.00550559735731327,0,0.0132134336575518,0.0258763075793724,0.376399339328317
227773.411807,2681866.126422,0.0320924261874198,0.0573995965523565,0.00311754997249221,0.119567210709701,0.141940216394645,0.645883000183385
228273.411807,2681866.126422,0.0663368150998717,0.0351841671247938,0.0331684075499359,0.308044713212388,0.265347260399487,0.291918636613524
228773.411807,2681866.126422,0.417324279684346,0.00513855753349238,0.00862543585979079,0.0150486327766563,0.0335841438796109,0.520278950266104
229273.411807,2681866.126422,0.318723638364203,0.0117366587199707,0.00476801760498808,0.0104529616724739,0.0427287731523932,0.611589950485971
229773.411807,2681866.126422,0.382078064870808,0.0117280557082646,0,0.00787978742899029,0.0408649441084845,0.557449147883452
230273.411807,2681866.126422,0.129014498073041,0.0368875022939989,0.00880895577170123,0.242980363369426,0.12864745824922,0.453661222242613
230773.411807,2681866.126422,0.105079772602237,0.0247570144874381,0.0201723821749496,0.287364753346782,0.223730056849441,0.338896020539153
231273.411807,2681866.126422,0.0709180868609126,0.0284038849184534,0.0053142752428074,0.0350009162543522,0.101887483965549,0.758475352757926
231773.411807,2681866.126422,0.206459900899248,0.00458799779776106,0.00899247568361167,0.0167003119838502,0.0521196549825656,0.711139658652964
232273.411807,2681866.126422,0.00385109114249037,0.028791490922428,0.0306253438474234,0.260223730056849,0.460480469466349,0.21602787456446
232773.411807,2681866.126422,0.0725673446948873,0.0196078431372549,0.00824628916987356,0.235843870258384,0.14238592633315,0.52134872640645
233273.411807,2681866.126422,0.222976692971187,0.0315654248485961,0.0695540466140576,0.1616810423931,0.154890805652413,0.359331987520646
233773.411807,2681866.126422,0.393728222996516,0.0253071703649367,0.000366770584999083,0.0383275261324042,0.046396479002384,0.49587383091876
234273.411807,2681866.126422,0.227231079347627,0.0344511636430273,0.0047645226314825,0.0892431739050761,0.138171156312992,0.506138904159795
234773.411807,2681866.126422,0.0912093962194898,0.0139475133051936,0.00605615709304459,0.0473481372728941,0.0833180400073408,0.758120756102037
235273.411807,2681866.126422,0.307537135521731,0.00843572345497891,0,0.0097194205024757,0.0381441408399046,0.63616357968091
235773.411807,2681866.126422,0.35990470954737,0.00311526479750779,0,0.00293201392706615,0.0353674179952355,0.59868059373282
236273.411807,2681866.126422,0.234721967333456,0.0176179115434025,0,0.0100935951550743,0.0473481372728941,0.690218388695173
236773.411807,2681866.126422,0.276545021089309,0.00861910874747845,0,0.0165046763249587,0.055198973042362,0.643132220795892
237273.411807,2681866.126422,0.43242385786802,0.0111040609137056,0,0.00158629441624365,0.0114213197969543,0.543464467005076
224773.411807,2681366.126422,0.512747297572915,0.00203956761166633,0,0.00917805425249847,0.0208035896389965,0.455231490923924
225273.411807,2681366.126422,0.495238095238095,0.00970695970695971,0.0010989010989011,0.0126373626373626,0.0518315018315018,0.429487179487179
225773.411807,2681366.126422,0.713577981651376,0.00018348623853211,0,0.00055045871559633,0.00385321100917431,0.281834862385321
226273.411807,2681366.126422,0.5221060355898,0.00165107319757843,0,0.00532012474775271,0.0172445422858191,0.45367822417905
226773.411807,2681366.126422,0.473443223443223,0.00183150183150183,0,0.00512820512820513,0.023992673992674,0.495604395604396
227273.411807,2681366.126422,0.32605504587156,0.00311926605504587,0,0.00403669724770642,0.0179816513761468,0.648807339449541
227773.411807,2681366.126422,0.357365620986975,0.0194459732159237,0.0176114474408365,0.0144927536231884,0.0306365804439552,0.560447624289121
228273.411807,2681366.126422,0.0974358974358974,0.039010989010989,0.0192307692307692,0.0901098901098901,0.133882783882784,0.62032967032967
228773.411807,2681366.126422,0.490642201834862,0.00825688073394495,0.00110091743119266,0.0359633027522936,0.102752293577982,0.361284403669725
229273.411807,2681366.126422,0.362502293157219,0.0249495505411851,0.0330214639515685,0.0210970464135021,0.0616400660429279,0.496789579893598
229773.411807,2681366.126422,0.233516483516484,0.0117216117216117,0.00860805860805861,0.112271062271062,0.0902930402930403,0.543589743589744
230273.411807,2681366.126422,0.116880733944954,0.0227522935779817,0.00440366972477064,0.155596330275229,0.194311926605505,0.50605504587156
230773.411807,2681366.126422,0.142359200146762,0.0220143093010457,0.00733810310034856,0.228948816730875,0.193175564116676,0.406164006604293
231273.411807,2681366.126422,0.21959706959707,0.0245421245421245,0,0.0600732600732601,0.110805860805861,0.584981684981685
231773.411807,2681366.126422,0.133577981651376,0.0306422018348624,0.0411009174311927,0.0451376146788991,0.11394495412844,0.635596330275229
232273.411807,2681366.126422,0.000550357732526142,0.0288020546688681,0.00495321959273528,0.0693450742982939,0.530361401577692,0.365987892129884
232773.411807,2681366.126422,0.0549450549450549,0.030952380952381,0.00256410256410256,0.0761904761904762,0.119230769230769,0.716117216117216
233273.411807,2681366.126422,0.0961467889908257,0.0352293577981651,0.00807339449541284,0.270091743119266,0.194495412844037,0.395963302752294
233773.411807,2681366.126422,0.311502476609796,0.0104567969179967,0,0.00990643918547056,0.0706292423408549,0.597505044945882
234273.411807,2681366.126422,0.43956043956044,0.0146520146520147,0,0.00293040293040293,0.0247252747252747,0.518131868131868
234773.411807,2681366.126422,0.135229357798165,0.0168807339449541,0.00605504587155963,0.156697247706422,0.151009174311927,0.534128440366972
235273.411807,2681366.126422,0.213722252797652,0.0568702990277013,0.00403595670519171,0.0412768299394606,0.100898917629793,0.583195743900202
235773.411807,2681366.126422,0.156043956043956,0.0173992673992674,0.000732600732600733,0.0269230769230769,0.0807692307692308,0.718131868131868
236273.411807,2681366.126422,0.503119266055046,0.0209174311926606,0,0.0055045871559633,0.0271559633027523,0.443302752293578
236773.411807,2681366.126422,0.628875435699872,0.00898917629792699,0,0.000183452577508714,0.00513667217024399,0.356815263254449
237273.411807,2681366.126422,0.567850348763475,0.00126823081800888,0,0.00190234622701332,0.00475586556753329,0.42422320862397
224773.411807,2680866.126422,0.473727087576375,0.00325865580448065,0,0.0114052953156823,0.0319755600814664,0.479633401221996
225273.411807,2680866.126422,0.293912724605794,0.00055005500550055,0,0.0102676934360103,0.0245691235790246,0.670700403373671
225773.411807,2680866.126422,0.480952380952381,0.000549450549450549,0,0.00274725274725275,0.0135531135531136,0.502197802197802
226273.411807,2680866.126422,0.502930402930403,0.00256410256410256,0,0.00366300366300366,0.0234432234432234,0.467399267399267
226773.411807,2680866.126422,0.615694902823616,0.0139347268060139,0,0.0022002200220022,0.0515218188485515,0.316648331499817
227273.411807,2680866.126422,0.51043956043956,0.00256410256410256,0,0.00128205128205128,0.00915750915750916,0.476556776556777
227773.411807,2680866.126422,0.597069597069597,0.00201465201465201,0,0.00146520146520147,0.0119047619047619,0.387545787545788
228273.411807,2680866.126422,0.0755408874220755,0.0212687935460213,0.000183351668500183,0.0759075907590759,0.172350568390172,0.654748808214155
228773.411807,2680866.126422,0.41007326007326,0.00970695970695971,0,0.00586080586080586,0.0346153846153846,0.53974358974359
229273.411807,2680866.126422,0.172344322344322,0.0357142857142857,0,0.0289377289377289,0.0796703296703297,0.683333333333333
229773.411807,2680866.126422,0.115878254492116,0.0588558855885589,0.0121012101210121,0.285845251191786,0.165566556655666,0.361752841950862
230273.411807,2680866.126422,0.132417582417582,0.0360805860805861,0.00128205128205128,0.0990842490842491,0.157326007326007,0.573809523809524
230773.411807,2680866.126422,0.10018315018315,0.0245421245421245,0.00476190476190476,0.248901098901099,0.295970695970696,0.325641025641026
231273.411807,2680866.126422,0.251008434176751,0.0157682434910158,0.000183351668500183,0.20957095709571,0.239090575724239,0.284378437843784
231773.411807,2680866.126422,0.175091575091575,0.0507326007326007,0.0474358974358974,0.0285714285714286,0.0895604395604396,0.608608058608059
232273.411807,2680866.126422,0.00787545787545788,0.0342490842490843,0.00347985347985348,0.0271062271062271,0.42014652014652,0.507142857142857
232773.411807,2680866.126422,0.0847084708470847,0.0115511551155116,0.000183351668500183,0.0407040704070407,0.109094242757609,0.753758709204254
233273.411807,2680866.126422,0.0741758241758242,0.0377289377289377,0.00128205128205128,0.22967032967033,0.18040293040293,0.476739926739927
233773.411807,2680866.126422,0.328754578754579,0.0186813186813187,0,0.00421245421245421,0.0395604395604396,0.608791208791209
234273.411807,2680866.126422,0.301063439677301,0.00275027502750275,0,0.00421708837550422,0.0231023102310231,0.668866886688669
234773.411807,2680866.126422,0.421428571428571,0.0021978021978022,0,0.00384615384615385,0.0155677655677656,0.556959706959707
235273.411807,2680866.126422,0.274175824175824,0.00659340659340659,0,0.00347985347985348,0.0250915750915751,0.690659340659341
235773.411807,2680866.126422,0.58049138247158,0.00513384671800513,0,0.00275027502750275,0.015034836817015,0.396589658965897
236273.411807,2680866.126422,0.56978021978022,0.00842490842490842,0,0.0010989010989011,0.0153846153846154,0.405311355311355
236773.411807,2680866.126422,0.498901098901099,0.0124542124542125,0,0.00659340659340659,0.0347985347985348,0.447252747252747
237273.411807,2680866.126422,0.421319796954315,0.00285532994923858,0,0.00126903553299492,0.00475888324873096,0.569796954314721
224773.411807,2680366.126422,0.450132571894758,0.00489496226799918,0,0.0326330817866612,0.0495614929634917,0.46277789108709
225273.411807,2680366.126422,0.349276159061756,0.00219901044529962,0,0.0100787978742899,0.0247388675096207,0.613707165109034
225773.411807,2680366.126422,0.534409983483208,0.00220223894292531,0,0.00293631859056708,0.0170673518076711,0.443384107175629
226273.411807,2680366.126422,0.412433522831469,0.00293416467999266,0,0.00330093526499175,0.026407482119934,0.554923895103613
226773.411807,2680366.126422,0.482133040131941,0.00219901044529962,0,0.0042147700201576,0.028587135788895,0.482866043613707
227273.411807,2680366.126422,0.364103505230317,0.011194714626537,0.000917599559552211,0.0934116351624151,0.0502844558634612,0.480088089557717
227773.411807,2680366.126422,0.484503942783789,0.00898587933247754,0,0.0502475701448744,0.0344764349899138,0.421786172748946
228273.411807,2680366.126422,0.214953271028037,0.0053142752428074,0,0.0392156862745098,0.0663368150998717,0.674179952354774
228773.411807,2680366.126422,0.338410717562856,0.009543035419343,0.00513855753349238,0.0473481372728941,0.0983666727839971,0.501192879427418
229273.411807,2680366.126422,0.15202640748212,0.017604988079956,0.00605171465248487,0.134238034109664,0.0990280579497524,0.591050797726022
229773.411807,2680366.126422,0.113798790544255,0.0331684075499359,0.00787978742899029,0.325820047645226,0.221000549752611,0.298332417078981
230273.411807,2680366.126422,0.29454945861626,0.0389062213250138,0.0216553496054322,0.122774821068086,0.199669664158561,0.322444485226647
230773.411807,2680366.126422,0.147258389877132,0.0495140289748762,0.00770218228498074,0.240418118466899,0.184302218962039,0.370805061434073
231273.411807,2680366.126422,0.0410481949789262,0.0139270661535642,0,0.496426608026388,0.338097855964816,0.110500274876306
231773.411807,2680366.126422,0.147366489264085,0.051018535511103,0.000917599559552211,0.0407414204441182,0.0774454028262066,0.682510552394935
232273.411807,2680366.126422,0.00293416467999266,0.0388776820099028,0.0588666788923528,0.0599669906473501,0.539519530533651,0.29983495323675
232773.411807,2680366.126422,0.0775151181968114,0.00714678394722375,0,0.0271211288253619,0.0802638812534359,0.807953087777167
233273.411807,2680366.126422,0.052303174894476,0.02073775004588,0.00311983850247752,0.132317856487429,0.175812075610204,0.615709304459534
233773.411807,2680366.126422,0.324775353016688,0.00806895286997983,0.00128369704749679,0.0152209792774619,0.041995231982395,0.608655785805978
234273.411807,2680366.126422,0.273410298698919,0.00824628916987356,0,0.00769653655854865,0.0350009162543522,0.675645959318307
234773.411807,2680366.126422,0.44833914479721,0.00275279867865663,0,0.0034868783262984,0.0108276748027161,0.534593503395118
235273.411807,2680366.126422,0.742893819915643,0.000183385292499542,0,0.000550155877498625,0.00550155877498625,0.250871080139373
235773.411807,2680366.126422,0.634414513468939,0.00751328568810702,0,0.00311526479750779,0.009529045262965,0.345427890782481
236273.411807,2680366.126422,0.494769682510552,0.00165167920719398,0,0.00880895577170123,0.0234905487245366,0.471279133786016
236773.411807,2680366.126422,0.24390243902439,0.0122868145974693,0,0.00311754997249221,0.0363102879149092,0.704382908490739
237273.411807,2680366.126422,0.504124365482233,0,0,0.000317258883248731,0.000634517766497462,0.49492385786802
224773.411807,2679866.126422,0.647766673465225,0.00224352437283296,0,0.00183561085049969,0.0163165408933306,0.331837650418111
225273.411807,2679866.126422,0.454761904761905,0.00421245421245421,0,0.0148351648351648,0.0445054945054945,0.481684981684982
225773.411807,2679866.126422,0.493761467889908,0.00275229357798165,0,0.00036697247706422,0.0144954128440367,0.488623853211009
226273.411807,2679866.126422,0.625940194459732,0.00807191341038342,0,0.00146762062006971,0.00183452577508714,0.362685745734728
226773.411807,2679866.126422,0.465750915750916,0.0289377289377289,0.015018315018315,0.131318681318681,0.0663003663003663,0.292673992673993
227273.411807,2679866.126422,0.110642201834862,0.0796330275229358,0.0552293577981651,0.355596330275229,0.164036697247706,0.234862385321101
227773.411807,2679866.126422,0.186571271326362,0.0289855072463768,0.00385250412768299,0.380297193175564,0.0787011557512383,0.321592368372776
228273.411807,2679866.126422,0.371062271062271,0.0183150183150183,0.00970695970695971,0.0547619047619048,0.0600732600732601,0.486080586080586
228773.411807,2679866.126422,0.125688073394495,0.0484403669724771,0.00568807339449541,0.0713761467889908,0.129174311926606,0.619633027522936
229273.411807,2679866.126422,0.0548523206751055,0.0594386351128233,0.00697119794533113,0.161988625940194,0.168776371308017,0.547972849018529
229773.411807,2679866.126422,0.0730769230769231,0.0840659340659341,0.0263736263736264,0.26043956043956,0.260622710622711,0.295421245421245
230273.411807,2679866.126422,0.111926605504587,0.0313761467889908,0.00495412844036697,0.197247706422018,0.18256880733945,0.471926605504587
230773.411807,2679866.126422,0.0642084021280499,0.0759493670886076,0.00807191341038342,0.153916712529811,0.215923683727756,0.481929921115392
231273.411807,2679866.126422,0.285897435897436,0.0181318681318681,0.0010989010989011,0.186813186813187,0.16996336996337,0.338095238095238
231773.411807,2679866.126422,0.175963302752294,0.0640366972477064,0,0.0829357798165138,0.117247706422018,0.559816513761468
232273.411807,2679866.126422,0.00385250412768299,0.0289855072463768,0.0581544670702623,0.0851219959640433,0.545954870665933,0.277930654925702
232773.411807,2679866.126422,0.0375457875457875,0.015018315018315,0,0.0117216117216117,0.0928571428571429,0.842857142857143
233273.411807,2679866.126422,0.0737614678899083,0.0385321100917431,0.00605504587155963,0.123669724770642,0.151559633027523,0.606422018348624
233773.411807,2679866.126422,0.0959456980370574,0.0286186020913594,0.00440286186020914,0.120528343423225,0.176114474408365,0.574390020179784
234273.411807,2679866.126422,0.406776556776557,0.00384615384615385,0,0.00366300366300366,0.0122710622710623,0.573443223443223
234773.411807,2679866.126422,0.48348623853211,0.00146788990825688,0,0.00165137614678899,0.00568807339449541,0.507706422018349
235273.411807,2679866.126422,0.685195376995047,0.000183452577508714,0,0.00091726288754357,0.00550357732526142,0.308200330214639
235773.411807,2679866.126422,0.371794871794872,0.00201465201465201,0,0.0113553113553114,0.0267399267399267,0.588095238095238
236273.411807,2679866.126422,0.444220183486239,0.0223853211009174,0,0.00128440366972477,0.0198165137614679,0.512293577981651
236773.411807,2679866.126422,0.319024032287654,0.0335718216840947,0,0.00146762062006971,0.0442120711796001,0.601724454228582
237273.411807,2679866.126422,0.435320228281547,0.00443880786303107,0,0.00190234622701332,0.020291693088142,0.538046924540266
224773.411807,2679366.126422,0.344399185336049,0.00366598778004073,0,0.0010183299389002,0.0171079429735234,0.633808553971487
225273.411807,2679366.126422,0.608177484415108,0.000183351668500183,0,0.00055005500550055,0.00366703337000367,0.387422075540887
225773.411807,2679366.126422,0.521794871794872,0.00128205128205128,0,0.00128205128205128,0.00879120879120879,0.466849816849817
226273.411807,2679366.126422,0.611721611721612,0.000549450549450549,0,0,0.00384615384615385,0.383882783882784
226773.411807,2679366.126422,0.268793546021269,0.0429042904290429,0.0212687935460213,0.14961496149615,0.106343967730106,0.411074440777411
227273.411807,2679366.126422,0.0617216117216117,0.0646520146520147,0.0194139194139194,0.365384615384615,0.186446886446886,0.302380952380952
227773.411807,2679366.126422,0.0362637362637363,0.0904761904761905,0.0294871794871795,0.453296703296703,0.180769230769231,0.20970695970696
228273.411807,2679366.126422,0.327649431609828,0.00385038503850385,0.000366703337000367,0.00861752841950862,0.0342867620095343,0.625229189585625
228773.411807,2679366.126422,0.0897435897435897,0.0404761904761905,0.013003663003663,0.211172161172161,0.153479853479853,0.492124542124542
229273.411807,2679366.126422,0.0613553113553114,0.0547619047619048,0.00732600732600733,0.463919413919414,0.189010989010989,0.223626373626374
229773.411807,2679366.126422,0.102493582691602,0.113678034470114,0.00293362669600293,0.0614228089475614,0.0999266593325999,0.61954528786212
230273.411807,2679366.126422,0.0384615384615385,0.0946886446886447,0.00274725274725275,0.177838827838828,0.16025641025641,0.526007326007326
230773.411807,2679366.126422,0.227655677655678,0.0236263736263736,0.00274725274725275,0.132967032967033,0.138644688644689,0.474358974358974
231273.411807,2679366.126422,0.102676934360103,0.0333700036670334,0.0139347268060139,0.333700036670334,0.164283094976164,0.352035203520352
231773.411807,2679366.126422,0.117216117216117,0.109157509157509,0.0272893772893773,0.201465201465201,0.0802197802197802,0.464652014652015
232273.411807,2679366.126422,0.0452380952380952,0.026007326007326,0.0311355311355311,0.290659340659341,0.312454212454212,0.294505494505495
232773.411807,2679366.126422,0.0203520352035204,0.00953428676200953,0,0.0300696736340301,0.134396773010634,0.805647231389806
233273.411807,2679366.126422,0.1003663003663,0.0173992673992674,0.00183150183150183,0.13974358974359,0.17032967032967,0.57032967032967
233773.411807,2679366.126422,0.0945054945054945,0.0355311355311355,0.00934065934065934,0.316483516483516,0.303113553113553,0.241025641025641
234273.411807,2679366.126422,0.52035203520352,0.00568390172350568,0.00201686835350202,0.0566556655665567,0.0306197286395306,0.384671800513385
234773.411807,2679366.126422,0.721978021978022,0.0032967032967033,0,0.0010989010989011,0.0122710622710623,0.261355311355311
235273.411807,2679366.126422,0.617948717948718,0.00128205128205128,0,0.000549450549450549,0.0032967032967033,0.376923076923077
235773.411807,2679366.126422,0.459479281261459,0.00146681334800147,0,0.0033003300330033,0.00953428676200953,0.526219288595526
236273.411807,2679366.126422,0.428021978021978,0.00641025641025641,0,0.000732600732600733,0.00384615384615385,0.560989010989011
236773.411807,2679366.126422,0.523260073260073,0.00989010989010989,0,0.000915750915750916,0.0133699633699634,0.452564102564103
237273.411807,2679366.126422,0.238578680203046,0.00253807106598985,0,0.00285532994923858,0.0111040609137056,0.74492385786802
224773.411807,2678866.126422,0.516214562512747,0.000611870283499898,0,0.00326330817866612,0.00917805425249847,0.470732204772588
225273.411807,2678866.126422,0.602712112882536,0.00146600696353308,0,0.000183250870441635,0.0089792926516401,0.386659336631849
225773.411807,2678866.126422,0.591301156175445,0.000367039823820885,0,0.00256927876674619,0.0108276748027161,0.394934850431272
226273.411807,2678866.126422,0.673757564643316,0.000366770584999083,0,0.00128369704749679,0.0141206675224647,0.310471300201724
226773.411807,2678866.126422,0.2354773685175,0.049660985889683,0.0278541323071285,0.301997434487814,0.0853949056258017,0.299615173172073
227273.411807,2678866.126422,0.0295467058175812,0.0721233253808038,0.009543035419343,0.552578454762342,0.217287575701964,0.118920902917967
227773.411807,2678866.126422,0.0625343847423437,0.0687694846873281,0.0498807995598753,0.364203190904089,0.207592151109481,0.247019988996882
228273.411807,2678866.126422,0.431922301630933,0.00714678394722375,0.000183250870441635,0.0864944108484515,0.0771486164559282,0.397104636247022
228773.411807,2678866.126422,0.0260598274912828,0.089190677188475,0.00238575885483575,0.233987887685814,0.189759588915397,0.458616259864195
229273.411807,2678866.126422,0.0238400880249404,0.0984779020722538,0.0476801760498808,0.339446176416651,0.133504492939666,0.357051164496607
229773.411807,2678866.126422,0.0529595015576324,0.0949239508887667,0.00146600696353308,0.147516950705516,0.140736668499175,0.562396921385377
230273.411807,2678866.126422,0.0345017434391632,0.0416590200036704,0.0218388695173426,0.220774454028262,0.135437694989906,0.545788218021655
230773.411807,2678866.126422,0.0363102879149092,0.0562992847973593,0.00348432055749129,0.0696864111498258,0.102145607922245,0.73207408765817
231273.411807,2678866.126422,0.191313908741067,0.0736668499175371,0.0153930731170973,0.0995052226498076,0.118746564046179,0.501374381528312
231773.411807,2678866.126422,0.143696091025876,0.0378051018535511,0.00807487612405946,0.109744907322444,0.102954670581758,0.597724353092311
232273.411807,2678866.126422,0.121034293049697,0.037593984962406,0.0390610673024023,0.0869246286447827,0.333211076471667,0.382174949569045
232773.411807,2678866.126422,0.00183250870441635,0.0414146967198094,0,0.023089609675646,0.222833058457028,0.710830126443101
233273.411807,2678866.126422,0.057258212516058,0.017434391631492,0,0.00862543585979079,0.0322995044962378,0.884382455496421
233773.411807,2678866.126422,0.068402714102329,0.0460297084173849,0.00293416467999266,0.0973775903172566,0.151476251604621,0.633779570878416
234273.411807,2678866.126422,0.52354773685175,0.0238226131574125,0.000183250870441635,0.00678028220634048,0.0535092541689573,0.392156862745098
234773.411807,2678866.126422,0.745457882180217,0.000183519911910442,0,0.000550559735731327,0.00330335841438796,0.250504679757754
235273.411807,2678866.126422,0.717219878965707,0.00311754997249221,0,0.00183385292499542,0.0119200440124702,0.265908674124335
235773.411807,2678866.126422,0.449147883452446,0.00659703133589885,0,0.00311526479750779,0.0130108118013561,0.528129008612791
236273.411807,2678866.126422,0.429436593870435,0.00532207744540283,0,0.00201871903101487,0.00734079647641769,0.55588181317673
236773.411807,2678866.126422,0.417935081606455,0.00843572345497891,0,0.000733541169998166,0.0295250320924262,0.543370621676142
237273.411807,2678866.126422,0.310279187817259,0.0133248730964467,0,0.0050761421319797,0.0155456852791878,0.655774111675127
224773.411807,2678366.126422,0.437487252702427,0.00142769732816643,0,0.00591474607383235,0.0216194166836631,0.533550887211911
225273.411807,2678366.126422,0.552747252747253,0.00311355311355311,0,0.00421245421245421,0.0183150183150183,0.421611721611722
225773.411807,2678366.126422,0.605321100917431,0.00348623853211009,0,0.00238532110091743,0.00495412844036697,0.383853211009174
226273.411807,2678366.126422,0.464685378829573,0.00935608145294441,0,0.00366905155017428,0.068611263988259,0.45367822417905
226773.411807,2678366.126422,0.57014652014652,0.000366300366300366,0,0.00347985347985348,0.00934065934065934,0.416666666666667
227273.411807,2678366.126422,0.459633027522936,0.00568807339449541,0,0.0227522935779817,0.0695412844036697,0.442385321100917
227773.411807,2678366.126422,0.534764263437901,0.0152265639332233,0.00311869381764814,0.0798018712162906,0.0669601907906806,0.300128416804256
228273.411807,2678366.126422,0.204395604395604,0.0501831501831502,0.00146520146520147,0.0789377289377289,0.0937728937728938,0.571245421245421
228773.411807,2678366.126422,0.102935779816514,0.0831192660550459,0.0598165137614679,0.393577981651376,0.16,0.200550458715596
229273.411807,2678366.126422,0.0449458814896349,0.0902586681342873,0.0161438268207668,0.315721885892497,0.199412951751972,0.333516785910842
229773.411807,2678366.126422,0.021978021978022,0.130586080586081,0.00476190476190476,0.212271062271062,0.156043956043956,0.474358974358974
230273.411807,2678366.126422,0.126422018348624,0.103302752293578,0.00917431192660551,0.115779816513761,0.159449541284404,0.485871559633028
230773.411807,2678366.126422,0.156668501192442,0.0884241423592002,0.0091726288754357,0.10420106402495,0.148963492937076,0.492570170610897
231273.411807,2678366.126422,0.142673992673993,0.0382783882783883,0.0285714285714286,0.102197802197802,0.124175824175824,0.564102564102564
231773.411807,2678366.126422,0.0504587155963303,0.0412844036697248,0.00036697247706422,0.0535779816513761,0.133211009174312,0.721100917431193
232273.411807,2678366.126422,0.245826453861677,0.0117409649605577,0.00201797835259585,0.0476976701522656,0.0873234268941479,0.605393505778756
232773.411807,2678366.126422,0.0106227106227106,0.235347985347985,0.0434065934065934,0.177106227106227,0.160989010989011,0.372527472527473
233273.411807,2678366.126422,0.0313761467889908,0.0148623853211009,0,0.0289908256880734,0.105321100917431,0.819449541284404
233773.411807,2678366.126422,0.0792515134837644,0.020546688680976,0.000366905155017428,0.071179600073381,0.111539167125298,0.717116125481563
234273.411807,2678366.126422,0.556593406593407,0.0194139194139194,0.00421245421245421,0.0232600732600733,0.0756410256410256,0.320879120879121
234773.411807,2678366.126422,0.593394495412844,0.0198165137614679,0,0.00348623853211009,0.0409174311926606,0.342385321100917
235273.411807,2678366.126422,0.542836176848285,0.00421940928270042,0,0.000733810310034856,0.00330214639515685,0.448908457163823
235773.411807,2678366.126422,0.471062271062271,0.00604395604395604,0,0.0010989010989011,0.00750915750915751,0.514285714285714
236273.411807,2678366.126422,0.511009174311927,0.00403669724770642,0,0.00055045871559633,0.00385321100917431,0.480550458715596
236773.411807,2678366.126422,0.439919280865896,0.00495321959273528,0,0.000183452577508714,0.00275178866263071,0.552192258301229
237273.411807,2678366.126422,0.57863031071655,0.0177552314521243,0,0.00126823081800888,0.0120481927710843,0.390298034242232
224773.411807,2677866.126422,0.608961303462322,0.00285132382892057,0,0.00529531568228106,0.0164969450101833,0.366395112016293
225273.411807,2677866.126422,0.41015768243491,0.00238357169050238,0,0.00751741840850752,0.024019068573524,0.555922258892556
225773.411807,2677866.126422,0.625641025641026,0.00256410256410256,0,0.00695970695970696,0.026007326007326,0.338827838827839
226273.411807,2677866.126422,0.421794871794872,0.00164835164835165,0,0.00457875457875458,0.0152014652014652,0.556776556776557
226773.411807,2677866.126422,0.516685001833517,0.0135680234690136,0.000733406674000733,0.0443711037770444,0.101576824349102,0.323065639897323
227273.411807,2677866.126422,0.604395604395604,0.000183150183150183,0,0.00897435897435897,0.0175824175824176,0.368864468864469
227773.411807,2677866.126422,0.623443223443223,0.000549450549450549,0,0.000915750915750916,0.00311355311355311,0.371978021978022
228273.411807,2677866.126422,0.500366703337,0.0132013201320132,0,0.013017968463513,0.072973964063073,0.4004400440044
228773.411807,2677866.126422,0.246336996336996,0.0424908424908425,0.0197802197802198,0.169047619047619,0.186813186813187,0.335531135531136
229273.411807,2677866.126422,0.113369963369963,0.0542124542124542,0.00366300366300366,0.297069597069597,0.217765567765568,0.313919413919414
229773.411807,2677866.126422,0.092042537587092,0.0381371470480381,0.0317198386505317,0.23964063072974,0.185551888522186,0.412907957462413
230273.411807,2677866.126422,0.174175824175824,0.0501831501831502,0.0489010989010989,0.257326007326007,0.192490842490843,0.276923076923077
230773.411807,2677866.126422,0.182600732600733,0.106043956043956,0.0010989010989011,0.118315018315018,0.125274725274725,0.466666666666667
231273.411807,2677866.126422,0.133113311331133,0.0806747341400807,0.0198019801980198,0.145581224789146,0.18041804180418,0.44041070773744
231773.411807,2677866.126422,0.179304029304029,0.0327838827838828,0.00421245421245421,0.200915750915751,0.172710622710623,0.41007326007326
232273.411807,2677866.126422,0.1996336996337,0.00567765567765568,0,0.0102564102564103,0.0382783882783883,0.746153846153846
232773.411807,2677866.126422,0.00513384671800513,0.181151448478181,0.00183351668500183,0.0753575357535754,0.0641730839750642,0.672350568390172
233273.411807,2677866.126422,0.0225274725274725,0.0904761904761905,0.0478021978021978,0.207142857142857,0.163186813186813,0.468864468864469
233773.411807,2677866.126422,0.101098901098901,0.0283882783882784,0.0021978021978022,0.111355311355311,0.155494505494505,0.601465201465201
234273.411807,2677866.126422,0.702786945361203,0.00311697836450312,0,0.0011001100110011,0.00825082508250825,0.284745141180785
234773.411807,2677866.126422,0.39047619047619,0.0203296703296703,0,0.0122710622710623,0.0457875457875458,0.531135531135531
235273.411807,2677866.126422,0.45970695970696,0.0133699633699634,0,0.00311355311355311,0.010989010989011,0.512820512820513
235773.411807,2677866.126422,0.626145947928126,0.00568390172350568,0,0.00733406674000733,0.0196186285295196,0.341217455078841
236273.411807,2677866.126422,0.510805860805861,0.00824175824175824,0,0.00586080586080586,0.0510989010989011,0.423992673992674
236773.411807,2677866.126422,0.390659340659341,0.00677655677655678,0,0.00238095238095238,0.0104395604395604,0.58974358974359
237273.411807,2677866.126422,0.876903553299492,0,0,0,0,0.123096446700508
224773.411807,2677366.126422,0.605751580664899,0.00326330817866612,0,0.0169284111768305,0.0379359575769937,0.336120742402611
225273.411807,2677366.126422,0.408282939343962,0.0148433205057724,0.00201575957485798,0.0392156862745098,0.0822796408282939,0.453362653472604
225773.411807,2677366.126422,0.600844191594788,0.00642319691686548,0.000734079647641769,0.00679023674068636,0.0341347036153423,0.351073591484676
226273.411807,2677366.126422,0.561892536218595,0.000366770584999083,0,0.00146708233999633,0.0075187969924812,0.428754813863928
226773.411807,2677366.126422,0.492578339747114,0.00971229613340663,0.000366501740883269,0.0267546270844787,0.0795308777716694,0.391057357522448
227273.411807,2677366.126422,0.504863277665627,0.000917599559552211,0,0.00513855753349238,0.0148651128647458,0.474215452376583
227773.411807,2677366.126422,0.619108747478452,0.00513478818998716,0,0.0128369704749679,0.0594168347698515,0.303502659086741
228273.411807,2677366.126422,0.482499541872824,0.00348176653839106,0,0.0053142752428074,0.0333516584203775,0.4753527579256
228773.411807,2677366.126422,0.503028078546522,0.00587263718113415,0,0.0280785465222977,0.0546889337493118,0.408331804000734
229273.411807,2677366.126422,0.44819365486888,0.0203557674674491,0,0.0207225380524482,0.0529983495323675,0.457729690078856
229773.411807,2677366.126422,0.101520982224666,0.0870441634597764,0.023089609675646,0.325453545904343,0.185816382627817,0.277075316107751
230273.411807,2677366.126422,0.0614791704899982,0.0902917966599376,0.00568911726922371,0.206643420811158,0.209396219489815,0.426500275279868
230773.411807,2677366.126422,0.0517146524848707,0.13992297817715,0.00458463231248854,0.0346598202824134,0.122317990097194,0.646799926645883
231273.411807,2677366.126422,0.0393989371449514,0.0535092541689573,0.0278541323071285,0.0969397104636247,0.189298149166209,0.59299981674913
231773.411807,2677366.126422,0.126078179482474,0.0489998164800881,0.00146815929528354,0.0820334006239677,0.127729858689668,0.613690585428519
232273.411807,2677366.126422,0.326425820649184,0.00898587933247754,0,0.0194388410049514,0.0394278378874014,0.605721621125986
232773.411807,2677366.126422,0.00513102437236577,0.0280373831775701,0,0.0166758292101887,0.137071651090343,0.813084112149533
233273.411807,2677366.126422,0.00165167920719398,0.141493852082951,0.00623967700495504,0.212699577904203,0.245733162048082,0.392182051752615
233773.411807,2677366.126422,0.0711534934898221,0.0388776820099028,0.0139372822299652,0.301852191454245,0.172932330827068,0.401247019988997
234273.411807,2677366.126422,0.269378779549203,0.0104452996151732,0,0.0109950522264981,0.0254718709913872,0.683708997617739
234773.411807,2677366.126422,0.409799963296018,0.0130299137456414,0,0.00146815929528354,0.0104606349788952,0.565241328684162
235273.411807,2677366.126422,0.164679992664588,0.00586832935998533,0,0.00586832935998533,0.0276911791674308,0.79589216944801
235773.411807,2677366.126422,0.526113249037933,0.00348176653839106,0,0.00348176653839106,0.0177753344328386,0.449147883452446
236273.411807,2677366.126422,0.438612589465957,0.00623967700495504,0,0.000183519911910442,0.00623967700495504,0.548724536612222
236773.411807,2677366.126422,0.520630845406198,0.00348432055749129,0,0.00165046763249587,0.00403447643498991,0.470199889968825
237273.411807,2677366.126422,0.722715736040609,0.000317258883248731,0,0,0,0.276967005076142
224773.411807,2676866.126422,0.510911686722415,0.00917805425249847,0,0.0256985519069957,0.0591474607383235,0.395064246379768
225273.411807,2676866.126422,0.510805860805861,0.00384615384615385,0,0.0010989010989011,0.0122710622710623,0.471978021978022
225773.411807,2676866.126422,0.511009174311927,0.0148623853211009,0.00036697247706422,0.0242201834862385,0.0922935779816514,0.357247706422018
226273.411807,2676866.126422,0.230049532195927,0.0210970464135021,0.000366905155017428,0.0614566134654192,0.123280132085856,0.563749770684278
226773.411807,2676866.126422,0.257326007326007,0.0135531135531136,0,0.034981684981685,0.115934065934066,0.578205128205128
227273.411807,2676866.126422,0.190642201834862,0.0196330275229358,0.00422018348623853,0.0932110091743119,0.166238532110092,0.52605504587156
227773.411807,2676866.126422,0.444872500458631,0.00935608145294441,0.000366905155017428,0.00972298660796184,0.0476976701522656,0.487983856173179
228273.411807,2676866.126422,0.454212454212454,0.00421245421245421,0.000183150183150183,0.0131868131868132,0.045970695970696,0.482234432234432
228773.411807,2676866.126422,0.472293577981651,0.00165137614678899,0,0.00036697247706422,0.0113761467889908,0.514311926605505
229273.411807,2676866.126422,0.614199229499174,0.0198128783709411,0,0.000733810310034856,0.0405430196294258,0.324711062190424
229773.411807,2676866.126422,0.417032967032967,0.03003663003663,0.0375457875457875,0.176190476190476,0.106410256410256,0.232783882783883
230273.411807,2676866.126422,0.0917431192660551,0.0469724770642202,0.00403669724770642,0.279816513761468,0.222752293577982,0.354678899082569
230773.411807,2676866.126422,0.0328380113740598,0.073747936158503,0.00715465052283985,0.329664281783159,0.162722436250229,0.393872683911209
231273.411807,2676866.126422,0.0498168498168498,0.0827838827838828,0.00164835164835165,0.121978021978022,0.142124542124542,0.601648351648352
231773.411807,2676866.126422,0.134128440366972,0.0352293577981651,0.00880733944954129,0.108440366972477,0.117064220183486,0.596330275229358
