"x","y","forest","agri","water","built","other","grass"
313273.411807,2737866.126422,0.94975556762629,0.0116784356328083,0,0,0,0.0385659967409017
313773.411807,2737866.126422,0.715254858819215,0.187018701870187,0,0.000183351668500183,0.00165016501650165,0.0958929226255959
314273.411807,2737866.126422,0.906776556776557,0.0816849816849817,0,0,0,0.0115384615384615
314773.411807,2737866.126422,0.581501831501832,0.243589743589744,0.135531135531136,0.00457875457875458,0.000183150183150183,0.0346153846153846
315273.411807,2737866.126422,0.918408507517418,0.0331866519985332,0,0,0,0.0484048404840484
315773.411807,2737866.126422,0.666849816849817,0.0470695970695971,0,0.00128205128205128,0.0139194139194139,0.270879120879121
316273.411807,2737866.126422,0.74010989010989,0.0256410256410256,0,0,0.000915750915750916,0.233333333333333
316773.411807,2737866.126422,0.925925925925926,0.015034836817015,0,0,0,0.059039237257059
317273.411807,2737866.126422,0.952930402930403,0.0181318681318681,0,0,0,0.0289377289377289
317773.411807,2737866.126422,0.766300366300366,0.00128205128205128,0,0.00347985347985348,0.0117216117216117,0.217216117216117
318273.411807,2737866.126422,0.532453245324532,0.0817748441510818,0,0.00348368170150348,0.00825082508250825,0.374037403740374
318773.411807,2737866.126422,0.12032967032967,0.091025641025641,0.000183150183150183,0.00677655677655678,0.0100732600732601,0.771611721611722
319273.411807,2737866.126422,0.162087912087912,0.216483516483516,0,0.0316849816849817,0.0604395604395604,0.529304029304029
319773.411807,2737866.126422,0.0843417675100843,0.298313164649798,0.00055005500550055,0.14026402640264,0.103777044371104,0.372753942060873
320273.411807,2737866.126422,0.0644688644688645,0.378205128205128,0.00604395604395604,0.1503663003663,0.136263736263736,0.264652014652015
320773.411807,2737866.126422,0.0928571428571429,0.436080586080586,0.00769230769230769,0.0901098901098901,0.0767399267399267,0.296520146520147
321273.411807,2737866.126422,0.0826916024935827,0.31994866153282,0.00623395672900623,0.0962596259625963,0.0889255592225889,0.405940594059406
321773.411807,2737866.126422,0.0935897435897436,0.283516483516484,0.000732600732600733,0.129304029304029,0.111355311355311,0.381501831501831
322273.411807,2737866.126422,0.198168498168498,0.175824175824176,0.000366300366300366,0.0163003663003663,0.01996336996337,0.589377289377289
322773.411807,2737866.126422,0.317015034836817,0.107994132746608,0.00055005500550055,0.101576824349102,0.0812247891455812,0.391639163916392
323273.411807,2737866.126422,0.186446886446886,0.0653846153846154,0.00824175824175824,0.307142857142857,0.149084249084249,0.283699633699634
323773.411807,2737866.126422,0.093956043956044,0.212087912087912,0.00476190476190476,0.427838827838828,0.124908424908425,0.136446886446886
324273.411807,2737866.126422,0.0671067106710671,0.327282728272827,0.0122845617895123,0.418958562522919,0.0869086908690869,0.0874587458745875
324773.411807,2737866.126422,0.0503663003663004,0.171978021978022,0.0135531135531136,0.621611721611722,0.0571428571428571,0.0853479853479854
325273.411807,2737866.126422,0.207875457875458,0.0858974358974359,0.030952380952381,0.462637362637363,0.100915750915751,0.111721611721612
325773.411807,2737866.126422,0.118286182861829,0.0854858548585486,0.010660106601066,0.531980319803198,0.142681426814268,0.110906109061091
313273.411807,2737366.126422,0.936887921653972,0.00516866158868335,0,0,0,0.0579434167573449
313773.411807,2737366.126422,0.91588785046729,0.00861279091075683,0,0,0,0.0754993586219534
314273.411807,2737366.126422,0.983666727839971,0.0143145531290145,0,0,0,0.00201871903101487
314773.411807,2737366.126422,0.979644232532551,0.0106363469649734,0,0,0,0.0097194205024757
315273.411807,2737366.126422,0.967014843320506,0.00366501740883269,0,0,0,0.0293201392706615
315773.411807,2737366.126422,0.854101670031198,0.00385391815011929,0,0,0.000550559735731327,0.141493852082951
316273.411807,2737366.126422,0.657619658903356,0.0452961672473868,0,0,0,0.297084173849257
316773.411807,2737366.126422,0.8587135788895,0.00989554700384827,0,0,0,0.131390874106652
317273.411807,2737366.126422,0.967333455679941,0,0,0,0,0.0326665443200587
317773.411807,2737366.126422,0.813863928112965,0.033192737942417,0,0,0,0.152943333944618
318273.411807,2737366.126422,0.83965548836357,0.00238226131574125,0,0,0,0.157962250320689
318773.411807,2737366.126422,0.500642319691687,0.0965314736648926,0,0.00256927876674619,0.00899247568361167,0.391264452193063
319273.411807,2737366.126422,0.652851641298368,0.00311754997249221,0,0,0,0.34403080872914
319773.411807,2737366.126422,0.282023089609676,0.15136521898479,0.0355506688656771,0.0155763239875389,0.0293201392706615,0.486164559281657
320273.411807,2737366.126422,0.0653330886401175,0.471646173609837,0.000183519911910442,0.0590934116351624,0.0871719581574601,0.316571848045513
320773.411807,2737366.126422,0.0579497524298551,0.503759398496241,0.000916926462497708,0.0691362552723272,0.057216211259857,0.311021456079222
321273.411807,2737366.126422,0.0656038116181052,0.53142752428074,0.00201575957485798,0.0333516584203775,0.0533260032985157,0.314275242807403
321773.411807,2737366.126422,0.0436777390346853,0.615525784547623,0.000367039823820885,0.0135804734813727,0.0552394934850431,0.271609469627455
322273.411807,2737366.126422,0.133871263524665,0.591784338896021,0.000366770584999083,0.0133871263524665,0.0265908674124335,0.233999633229415
322773.411807,2737366.126422,0.157045995968481,0.279091075682609,0.000183250870441635,0.0164925783397471,0.0142935678944475,0.532893531244273
323273.411807,2737366.126422,0.0831345200954303,0.360433106992109,0.0132134336575518,0.313635529454946,0.0917599559552211,0.137823453844742
323773.411807,2737366.126422,0.0495140289748762,0.775536401980561,0,0.0377773702549056,0.0317256556024207,0.105446543187236
324273.411807,2737366.126422,0.034084661902144,0.816749129558365,0.000366501740883269,0.0382994319223016,0.0282206340480117,0.0822796408282939
324773.411807,2737366.126422,0.0455129381537897,0.694439346669114,0.000734079647641769,0.0502844558634612,0.0455129381537897,0.163516241512204
325273.411807,2737366.126422,0.0797726022373006,0.706400146708234,0.000366770584999083,0.0843572345497891,0.0397946084724005,0.0893086374472767
325773.411807,2737366.126422,0.0543255432554326,0.22119721197212,0.0174251742517425,0.481754817548176,0.0871258712587126,0.138171381713817
313273.411807,2736866.126422,0.984226271416916,0.00027196083763938,0,0,0,0.0155017677454447
313773.411807,2736866.126422,0.858974358974359,0.010989010989011,0,0.000183150183150183,0.0148351648351648,0.115018315018315
314273.411807,2736866.126422,0.96605504587156,0.0220183486238532,0,0,0.00311926605504587,0.00880733944954129
314773.411807,2736866.126422,0.989910108237021,0.00935608145294441,0,0,0,0.000733810310034856
315273.411807,2736866.126422,0.944871794871795,0.019047619047619,0,0.000366300366300366,0.000549450549450549,0.0351648351648352
315773.411807,2736866.126422,0.917431192660551,0.00036697247706422,0,0,0,0.0822018348623853
316273.411807,2736866.126422,0.893780957622455,0.00311869381764814,0,0,0.000183452577508714,0.102916895982389
316773.411807,2736866.126422,0.688278388278388,0.00512820512820513,0,0,0,0.306593406593407
317273.411807,2736866.126422,0.697981651376147,0.231009174311927,0,0,0,0.0710091743119266
317773.411807,2736866.126422,0.766831773986425,0.029535864978903,0,0,0,0.203632361034673
318273.411807,2736866.126422,0.856959706959707,0.0227106227106227,0,0,0,0.12032967032967
318773.411807,2736866.126422,0.727155963302752,0.0130275229357798,0,0,0.00055045871559633,0.259266055045872
319273.411807,2736866.126422,0.59346908824069,0.000733810310034856,0,0.000733810310034856,0.00220143093010457,0.402861860209136
319773.411807,2736866.126422,0.64029304029304,0.0327838827838828,0.206593406593407,0,0.000915750915750916,0.119413919413919
320273.411807,2736866.126422,0.0592660550458716,0.450275229357798,0.026605504587156,0.00660550458715596,0.0304587155963303,0.426788990825688
320773.411807,2736866.126422,0.0528343423225096,0.712162905888828,0.000183452577508714,0.0144927536231884,0.0245826453861677,0.195743900201798
321273.411807,2736866.126422,0.0415750915750916,0.6,0.000183150183150183,0.0435897435897436,0.071978021978022,0.242673992673993
321773.411807,2736866.126422,0.031743119266055,0.624770642201835,0.0018348623853211,0.0275229357798165,0.0579816513761468,0.256146788990826
322273.411807,2736866.126422,0.0388919464318474,0.574573472757292,0.000366905155017428,0.0207301412584847,0.0313703907539901,0.334067143643368
322773.411807,2736866.126422,0.105494505494505,0.314285714285714,0.00256410256410256,0.16043956043956,0.12032967032967,0.296886446886447
323273.411807,2736866.126422,0.0715596330275229,0.659266055045872,0.00128440366972477,0.0655045871559633,0.0491743119266055,0.153211009174312
323773.411807,2736866.126422,0.0306365804439552,0.763529627591268,0.000183452577508714,0.0407264722069345,0.0469638598422308,0.117960007338103
324273.411807,2736866.126422,0.0723443223443224,0.543040293040293,0.000183150183150183,0.104395604395604,0.0622710622710623,0.217765567765568
324773.411807,2736866.126422,0.0484403669724771,0.624587155963303,0.00458715596330275,0.138348623853211,0.0651376146788991,0.118899082568807
325273.411807,2736866.126422,0.0880572372041827,0.591634562465603,0.00495321959273528,0.096862960924601,0.0590717299578059,0.159420289855072
325773.411807,2736866.126422,0.0366803278688525,0.846311475409836,0.000204918032786885,0.0258196721311475,0.0342213114754098,0.0567622950819672
313273.411807,2736366.126422,0.880228136882129,0.0581205866376969,0,0,0.00162954915806627,0.0600217273221076
313773.411807,2736366.126422,0.96974697469747,0.000733406674000733,0,0,0,0.0295196186285295
314273.411807,2736366.126422,0.966849816849817,0.0141025641025641,0,0,0,0.019047619047619
314773.411807,2736366.126422,0.973992673992674,0.0228937728937729,0,0,0.000183150183150183,0.00293040293040293
315273.411807,2736366.126422,0.983314998166483,0.0166850018335167,0,0,0,0
315773.411807,2736366.126422,0.822161172161172,0.15952380952381,0,0,0,0.0183150183150183
316273.411807,2736366.126422,0.964468864468864,0.0163003663003663,0,0,0,0.0192307692307692
316773.411807,2736366.126422,0.92977631096443,0.0044004400440044,0,0,0,0.0658232489915658
317273.411807,2736366.126422,0.916849816849817,0.0758241758241758,0,0,0,0.00732600732600733
317773.411807,2736366.126422,0.577106227106227,0.137728937728938,0,0,0,0.285164835164835
318273.411807,2736366.126422,0.352218555188852,0.077007700770077,0,0.0011001100110011,0.00128346167950128,0.568390172350568
318773.411807,2736366.126422,0.424542124542125,0.12967032967033,0,0.000915750915750916,0.000732600732600733,0.444139194139194
319273.411807,2736366.126422,0.476923076923077,0.28040293040293,0,0.000183150183150183,0.000549450549450549,0.241941391941392
319773.411807,2736366.126422,0.675650898423176,0.00806747341400807,0,0,0.000366703337000367,0.315914924825816
320273.411807,2736366.126422,0.704945054945055,0,0,0.000915750915750916,0.00146520146520147,0.292673992673993
320773.411807,2736366.126422,0.0860805860805861,0.456593406593407,0.00366300366300366,0.0518315018315018,0.0928571428571429,0.308974358974359
321273.411807,2736366.126422,0.0562889622295563,0.592959295929593,0.00916758342500917,0.0161349468280161,0.0423542354235424,0.283094976164283
321773.411807,2736366.126422,0.0989010989010989,0.397252747252747,0.00421245421245421,0.0318681318681319,0.0631868131868132,0.404578754578755
322273.411807,2736366.126422,0.159340659340659,0.241758241758242,0.00238095238095238,0.0446886446886447,0.0644688644688645,0.487362637362637
322773.411807,2736366.126422,0.0515218188485515,0.677484415108177,0.00128346167950128,0.0740740740740741,0.0562889622295563,0.139347268060139
323273.411807,2736366.126422,0.0470695970695971,0.676923076923077,0.000732600732600733,0.0489010989010989,0.0534798534798535,0.172893772893773
323773.411807,2736366.126422,0.0657509157509158,0.489377289377289,0.00293040293040293,0.171794871794872,0.0864468864468864,0.183699633699634
324273.411807,2736366.126422,0.057022368903557,0.601943527686102,0.0108177484415108,0.0854418775210854,0.07004033736707,0.174734140080675
324773.411807,2736366.126422,0.0970695970695971,0.560989010989011,0.0021978021978022,0.0847985347985348,0.0727106227106227,0.182234432234432
325273.411807,2736366.126422,0.0501831501831502,0.726190476190476,0.000183150183150183,0.0128205128205128,0.0206959706959707,0.18992673992674
325773.411807,2736366.126422,0.030340303403034,0.370233702337023,0.00574005740057401,0.0686756867568676,0.0682656826568266,0.456744567445674
313273.411807,2735866.126422,0.937159956474429,0.00136017410228509,0,0,0.000272034820457019,0.0612078346028292
313773.411807,2735866.126422,0.984973428623786,0.000916254352208173,0,0,0,0.0141103170240059
314273.411807,2735866.126422,0.978528170306478,0.000917599559552211,0,0,0,0.0205542301339695
314773.411807,2735866.126422,0.990463964790024,0.00348432055749129,0,0,0,0.00605171465248487
315273.411807,2735866.126422,0.969397104636247,0.0126443100604728,0,0,0,0.0179585853032802
315773.411807,2735866.126422,0.965498256560837,0.02073775004588,0,0,0,0.0137639933932832
316273.411807,2735866.126422,0.953236750412617,0,0,0,0,0.0467632495873831
316773.411807,2735866.126422,0.905076049111233,0.00384826827927433,0,0,0,0.0910756826094924
317273.411807,2735866.126422,0.932097632593136,0.000183519911910442,0,0,0,0.0677188474949532
317773.411807,2735866.126422,0.918943700715203,0.0337428938199156,0,0,0,0.0473134054648817
318273.411807,2735866.126422,0.709547370350009,0.000916254352208173,0,0.000733003481766538,0.00128275609309144,0.287520615722925
318773.411807,2735866.126422,0.854468709855019,0.0034868783262984,0,0,0,0.142044411818682
319273.411807,2735866.126422,0.801577113515496,0.0344764349899138,0,0.000183385292499542,0,0.163763066202091
319773.411807,2735866.126422,0.274509803921569,0.225215319772769,0.00219901044529962,0.00714678394722375,0.0500274876305662,0.440901594282573
320273.411807,2735866.126422,0.188474949532024,0.316571848045513,0.000550559735731327,0.0453294182418792,0.0517526151587447,0.397320609286108
320773.411807,2735866.126422,0.0524481936548689,0.456629378323858,0.00128369704749679,0.0258573262424354,0.0520814230698698,0.411699981661471
321273.411807,2735866.126422,0.111599780098955,0.368700751328569,0.0337181601612608,0.0192413413963716,0.0379329301814184,0.428807036833425
321773.411807,2735866.126422,0.0798311616810424,0.351807671132318,0.0378051018535511,0.0590934116351624,0.066801247935401,0.404661405762525
322273.411807,2735866.126422,0.0828901522097928,0.454612140106363,0.0139372822299652,0.0909591050797726,0.0872913992297818,0.270309921144324
322773.411807,2735866.126422,0.0263881253435954,0.747297049660986,0.00201575957485798,0.0342679127725857,0.0375664284405351,0.15246472420744
323273.411807,2735866.126422,0.0422095797394017,0.692053587814278,0.00330335841438796,0.0447788585061479,0.063497889521013,0.154156726004772
323773.411807,2735866.126422,0.0755547405098111,0.420319090408949,0.00165046763249587,0.121401063634696,0.128736475334678,0.252338162479369
324273.411807,2735866.126422,0.051676745464541,0.619204691222283,0.00201575957485798,0.0604727872457394,0.0756826094923951,0.190947407000183
324773.411807,2735866.126422,0.0521196549825656,0.687832629840338,0.00715727656450725,0.076344283354744,0.0622132501376399,0.114332905120206
325273.411807,2735866.126422,0.0251237850724372,0.402714102328993,0.053181734824867,0.0434623143223913,0.0423620025673941,0.433156060883917
325773.411807,2735866.126422,0.023370233702337,0.354243542435424,0.0014350143501435,0.115826158261583,0.0984009840098401,0.406724067240672
313273.411807,2735366.126422,0.971988033723144,0.00380745172695132,0,0,0,0.0242045145499048
313773.411807,2735366.126422,0.846703296703297,0.00952380952380952,0.000549450549450549,0.00164835164835165,0.00457875457875458,0.136996336996337
314273.411807,2735366.126422,0.92348623853211,0.00862385321100917,0,0,0,0.0678899082568807
314773.411807,2735366.126422,0.913410383415887,0.00678774536782242,0,0,0.00165107319757843,0.0781507980187122
315273.411807,2735366.126422,0.973626373626374,0.000366300366300366,0,0,0,0.026007326007326
315773.411807,2735366.126422,0.955412844036697,0.00440366972477064,0,0,0,0.0401834862385321
316273.411807,2735366.126422,0.975050449458815,0,0,0,0,0.0249495505411851
316773.411807,2735366.126422,0.886996336996337,0.00366300366300366,0,0,0,0.109340659340659
317273.411807,2735366.126422,0.828807339449541,0,0,0,0,0.171192660550459
317773.411807,2735366.126422,0.953953403045313,0,0,0,0,0.0460465969546872
318273.411807,2735366.126422,0.718131868131868,0.0166666666666667,0,0,0.00293040293040293,0.262271062271062
318773.411807,2735366.126422,0.268807339449541,0.213761467889908,0.00055045871559633,0.0185321100917431,0.031743119266055,0.466605504587156
319273.411807,2735366.126422,0.361401577692167,0.147128967161989,0.000183452577508714,0.0344890845716382,0.0405430196294258,0.416253898367272
319773.411807,2735366.126422,0.120512820512821,0.201831501831502,0.000915750915750916,0.0921245421245421,0.0860805860805861,0.498534798534799
320273.411807,2735366.126422,0.0293577981651376,0.632110091743119,0.0073394495412844,0.0297247706422018,0.0310091743119266,0.27045871559633
320773.411807,2735366.126422,0.0181618051733627,0.813979086406164,0,0.000366905155017428,0.00366905155017428,0.163823151715282
321273.411807,2735366.126422,0.144871794871795,0.475274725274725,0.0153846153846154,0.0368131868131868,0.0613553113553114,0.266300366300366
321773.411807,2735366.126422,0.0779816513761468,0.351192660550459,0.0110091743119266,0.0702752293577982,0.0803669724770642,0.409174311926606
322273.411807,2735366.126422,0.0543019629425793,0.565584296459365,0.000733810310034856,0.0352228948816731,0.0697119794533113,0.274445055953036
322773.411807,2735366.126422,0.082967032967033,0.532967032967033,0.00128205128205128,0.0822344322344322,0.110805860805861,0.18974358974359
323273.411807,2735366.126422,0.0884403669724771,0.351192660550459,0.00678899082568807,0.172110091743119,0.115779816513761,0.265688073394495
323773.411807,2735366.126422,0.0418271876719868,0.575490735644836,0.00311869381764814,0.091726288754357,0.0783342505962209,0.209502843514951
324273.411807,2735366.126422,0.0578754578754579,0.5996336996337,0.00531135531135531,0.0254578754578755,0.0615384615384615,0.25018315018315
324773.411807,2735366.126422,0.0445871559633028,0.652844036697248,0.0319266055045872,0.0344954128440367,0.043302752293578,0.192844036697248
325273.411807,2735366.126422,0.0495321959273528,0.416253898367272,0.0383415886993212,0.0469638598422308,0.0785177031737296,0.370390753990094
325773.411807,2735366.126422,0.0764344262295082,0.389549180327869,0.000204918032786885,0.0399590163934426,0.0454918032786885,0.448360655737705
313273.411807,2734866.126422,0.963878326996198,0.00733297121129821,0,0,0,0.0287887017925041
313773.411807,2734866.126422,0.963329666299963,0.00641730839750642,0,0,0,0.0302530253025303
314273.411807,2734866.126422,0.857142857142857,0.0932234432234432,0,0,0,0.0496336996336996
314773.411807,2734866.126422,0.716666666666667,0.00952380952380952,0,0.0021978021978022,0.00677655677655678,0.264835164835165
315273.411807,2734866.126422,0.952511917858452,0.00293362669600293,0,0,0,0.0445544554455446
315773.411807,2734866.126422,0.937728937728938,0,0,0,0,0.0622710622710623
316273.411807,2734866.126422,0.92032967032967,0.00842490842490842,0,0,0,0.0712454212454212
316773.411807,2734866.126422,0.856618995232857,0.00586725339200587,0,0,0,0.137513751375138
317273.411807,2734866.126422,0.966483516483516,0,0,0,0,0.0335164835164835
317773.411807,2734866.126422,0.926373626373626,0.00238095238095238,0,0,0,0.0712454212454212
318273.411807,2734866.126422,0.864503116978364,0.0144847818115145,0.000733406674000733,0,0,0.12027869453612
318773.411807,2734866.126422,0.337912087912088,0.276739926739927,0.0644688644688645,0.00567765567765568,0.0203296703296703,0.294871794871795
319273.411807,2734866.126422,0.0785714285714286,0.238827838827839,0,0.0269230769230769,0.0545787545787546,0.601098901098901
319773.411807,2734866.126422,0.118811881188119,0.285111844517785,0.00128346167950128,0.153648698203154,0.106527319398607,0.334616795012835
320273.411807,2734866.126422,0.103846153846154,0.326739926739927,0,0.01996336996337,0.0307692307692308,0.518681318681319
320773.411807,2734866.126422,0.0987179487179487,0.43956043956044,0.000732600732600733,0.0206959706959707,0.0316849816849817,0.408608058608059
321273.411807,2734866.126422,0.192702603593693,0.192152548588192,0.0232856618995233,0.0485881921525486,0.0764576457645765,0.466813348001467
321773.411807,2734866.126422,0.0446886446886447,0.701098901098901,0.00457875457875458,0.0503663003663004,0.0510989010989011,0.148168498168498
322273.411807,2734866.126422,0.0322344322344322,0.684065934065934,0.00311355311355311,0.0527472527472527,0.0694139194139194,0.158424908424908
322773.411807,2734866.126422,0.0462046204620462,0.668316831683168,0.00146681334800147,0.059039237257059,0.0658232489915658,0.159149248258159
323273.411807,2734866.126422,0.0675824175824176,0.521062271062271,0.00494505494505494,0.0679487179487179,0.0692307692307692,0.269230769230769
323773.411807,2734866.126422,0.0615384615384615,0.606227106227106,0.0155677655677656,0.0331501831501832,0.0450549450549451,0.238461538461538
324273.411807,2734866.126422,0.0363036303630363,0.512101210121012,0.00586725339200587,0.0705903923725706,0.114044737807114,0.261092775944261
324773.411807,2734866.126422,0.0578754578754579,0.473260073260073,0.00989010989010989,0.0613553113553114,0.0924908424908425,0.305128205128205
325273.411807,2734866.126422,0.0857142857142857,0.255860805860806,0.00128205128205128,0.121611721611722,0.0990842490842491,0.436446886446886
325773.411807,2734866.126422,0.035670356703567,0.260147601476015,0.003690036900369,0.0674456744567446,0.0647806478064781,0.568265682656827
313273.411807,2734366.126422,0.9069640914037,0.0119695321001088,0,0,0,0.0810663764961915
313773.411807,2734366.126422,0.935129191863661,0.0328019058090526,0,0,0,0.0320689023272861
314273.411807,2734366.126422,0.980363369425583,0,0,0,0,0.0196366305744173
314773.411807,2734366.126422,0.494773519163763,0.0276911791674308,0.000916926462497708,0.0066018705299835,0.0385109114249037,0.431505593251421
315273.411807,2734366.126422,0.677478468022723,0.00751328568810702,0.0251053692505039,0.1434854315558,0.0320689023272861,0.11434854315558
315773.411807,2734366.126422,0.843824554964214,0.00697375665259681,0,0,0,0.14920168838319
316273.411807,2734366.126422,0.917476618375206,0.00256739409499358,0,0,0,0.0799559875298001
316773.411807,2734366.126422,0.929448414879971,0,0,0,0,0.0705515851200293
317273.411807,2734366.126422,0.659020003670398,0.058909891723252,0,0.00183519911910442,0.00697375665259681,0.273261148834649
317773.411807,2734366.126422,0.804327892902989,0.00330093526499175,0,0.00165046763249587,0.00238400880249404,0.188336695397029
318273.411807,2734366.126422,0.678944474986256,0.0331684075499359,0.0161260765988638,0.0437969580355507,0.00733003481766538,0.220634048011728
318773.411807,2734366.126422,0.449623784180584,0.0277115066984768,0.104239309965131,0.009543035419343,0.0143145531290145,0.394567810607451
319273.411807,2734366.126422,0.0852741610122868,0.257289565376857,0.00293416467999266,0.0313588850174216,0.0451127819548872,0.578030441958555
319773.411807,2734366.126422,0.117830309693971,0.0588235294117647,0.0410481949789262,0.34194612424409,0.102437236576874,0.337914605094374
320273.411807,2734366.126422,0.133969535694623,0.385391815011929,0.00293631859056708,0.125711139658653,0.100752431638833,0.251238759405395
320773.411807,2734366.126422,0.0416284613973959,0.583348615441042,0.0177883733724555,0.153676875114616,0.0518980377773703,0.151659636897121
321273.411807,2734366.126422,0.0894264247755177,0.384460326186549,0.0117280557082646,0.0971229613340663,0.0793476269012278,0.337914605094374
321773.411807,2734366.126422,0.0416590200036704,0.668930078913562,0.00550559735731327,0.0110111947146265,0.0554230133969536,0.217471095613874
322273.411807,2734366.126422,0.0511644966073721,0.625710618008436,0.00366770584999083,0.0394278378874014,0.0638180817898405,0.216211259856959
322773.411807,2734366.126422,0.0676195711929632,0.5224482316291,0.00568077698369067,0.0996884735202492,0.0899761773868426,0.214586769287154
323273.411807,2734366.126422,0.0445953385942375,0.723251972839053,0.000367039823820885,0.0603780510185355,0.0363369425582676,0.135070655166086
323773.411807,2734366.126422,0.0315422703099211,0.706583532000734,0.00146708233999633,0.0874747845222813,0.0500641848523748,0.122868145974693
324273.411807,2734366.126422,0.043613707165109,0.532343778632948,0.000549752611324904,0.0637713029136888,0.0809968847352025,0.278724573941726
324773.411807,2734366.126422,0.0429436593870435,0.207010460634979,0.0423930996513122,0.1159845843274,0.103505230317489,0.488162965681776
325273.411807,2734366.126422,0.0117366587199707,0.0597836053548505,0.369521364386576,0.159545204474601,0.01998899688245,0.379424170181551
325773.411807,2734366.126422,0.00676506765067651,0.209307093070931,0.398113981139811,0.0996309963099631,0.0383353833538335,0.247847478474785
313273.411807,2733866.126422,0.975251563774816,0,0,0,0,0.0247484362251836
313773.411807,2733866.126422,0.97032967032967,0.00311355311355311,0,0,0,0.0265567765567766
314273.411807,2733866.126422,0.960550458715596,0.00642201834862385,0,0,0,0.0330275229357798
314773.411807,2733866.126422,0.79453311319024,0.0473307649972482,0.000366905155017428,0.00642084021280499,0.011557512383049,0.13979086406164
315273.411807,2733866.126422,0.370512820512821,0.0305860805860806,0,0.0159340659340659,0.0384615384615385,0.544505494505494
315773.411807,2733866.126422,0.259266055045872,0.0277064220183486,0,0.0212844036697248,0.0495412844036697,0.642201834862385
316273.411807,2733866.126422,0.312052834342323,0.0421940928270042,0,0.0130251330031187,0.0497156485048615,0.583012291322693
316773.411807,2733866.126422,0.806043956043956,0.0269230769230769,0,0.0032967032967033,0.00384615384615385,0.15989010989011
317273.411807,2733866.126422,0.181834862385321,0.116880733944954,0.0141284403669725,0.124587155963303,0.0915596330275229,0.471009174311927
317773.411807,2733866.126422,0.161805173362686,0.00348559897266557,0,0.00183452577508714,0.00348559897266557,0.829389102916896
318273.411807,2733866.126422,0.236263736263736,0.0177655677655678,0,0.0252747252747253,0.0738095238095238,0.646886446886447
318773.411807,2733866.126422,0.412477064220183,0.110091743119266,0.0159633027522936,0.083302752293578,0.0398165137614679,0.338348623853211
319273.411807,2733866.126422,0.0774169877086773,0.448908457163823,0.00110071546505228,0.0952118877270226,0.0708126949183636,0.306549257017061
319773.411807,2733866.126422,0.08003663003663,0.613369963369963,0.000183150183150183,0.052014652014652,0.0736263736263736,0.180769230769231
320273.411807,2733866.126422,0.0365137614678899,0.657798165137615,0.00018348623853211,0.0277064220183486,0.0548623853211009,0.222935779816514
320773.411807,2733866.126422,0.0550357732526142,0.642450926435516,0.000366905155017428,0.0392588515868648,0.0649422124380847,0.197945331131902
321273.411807,2733866.126422,0.041025641025641,0.488095238095238,0.00494505494505494,0.0501831501831502,0.0701465201465201,0.345604395604396
321773.411807,2733866.126422,0.0365137614678899,0.465137614678899,0.0148623853211009,0.0244036697247706,0.0612844036697248,0.397798165137615
322273.411807,2733866.126422,0.0495321959273528,0.593652540818199,0.00238488350761328,0.0581544670702623,0.0854889011190607,0.210787011557512
322773.411807,2733866.126422,0.0445054945054945,0.631135531135531,0.000183150183150183,0.0840659340659341,0.0827838827838828,0.157326007326007
323273.411807,2733866.126422,0.038348623853211,0.555779816513762,0.0018348623853211,0.0706422018348624,0.0603669724770642,0.27302752293578
323773.411807,2733866.126422,0.0429279031370391,0.302880205466887,0.0418271876719868,0.115758576407999,0.0933773619519354,0.403228765364153
324273.411807,2733866.126422,0.0217948717948718,0.207142857142857,0.132051282051282,0.356593406593407,0.0472527472527473,0.235164835164835
324773.411807,2733866.126422,0,0.076697247706422,0.469724770642202,0.374862385321101,0.00311926605504587,0.0755963302752294
325273.411807,2733866.126422,0.0176114474408365,0.424876169510182,0.0311869381764814,0.0304531278664465,0.0187121629058888,0.477160154100165
325773.411807,2733866.126422,0.0676229508196721,0.211680327868852,0.0782786885245902,0.149385245901639,0.0952868852459016,0.397745901639344
313273.411807,2733366.126422,0.971754481260185,0,0,0,0,0.0282455187398153
313773.411807,2733366.126422,0.967546754675468,0,0,0,0,0.0324532453245325
314273.411807,2733366.126422,0.549267399267399,0.0137362637362637,0,0.00421245421245421,0.00952380952380952,0.423260073260073
314773.411807,2733366.126422,0.809157509157509,0.0141025641025641,0,0,0,0.176739926739927
315273.411807,2733366.126422,0.448111477814448,0.044004400440044,0.000366703337000367,0.0117345067840117,0.0157682434910158,0.48001466813348
315773.411807,2733366.126422,0.723626373626374,0.0236263736263736,0.000732600732600733,0.00750915750915751,0.0203296703296703,0.224175824175824
316273.411807,2733366.126422,0.67985347985348,0.0173992673992674,0,0,0,0.302747252747253
316773.411807,2733366.126422,0.294462779611294,0.0463879721305464,0,0.00696736340300697,0.00843417675100843,0.643747708104144
317273.411807,2733366.126422,0,0.0258241758241758,0.00512820512820513,0.0873626373626374,0.0282051282051282,0.853479853479853
317773.411807,2733366.126422,0,0.017032967032967,0.01996336996337,0.361355311355311,0.0210622710622711,0.580586080586081
318273.411807,2733366.126422,0,0.0352035203520352,0.0911257792445911,0.398239823982398,0.0408874220755409,0.434543454345435
318773.411807,2733366.126422,0.00457875457875458,0.0631868131868132,0.0203296703296703,0.683516483516484,0.0360805860805861,0.192307692307692
319273.411807,2733366.126422,0.0135531135531136,0.0628205128205128,0.0512820512820513,0.539010989010989,0.0663003663003663,0.267032967032967
319773.411807,2733366.126422,0.0144847818115145,0.110561056105611,0.0737073707370737,0.441694169416942,0.0386872020535387,0.320865419875321
320273.411807,2733366.126422,0.0315018315018315,0.137728937728938,0.152930402930403,0.371978021978022,0.0494505494505494,0.256410256410256
320773.411807,2733366.126422,0.039010989010989,0.071978021978022,0.0919413919413919,0.626373626373626,0.0542124542124542,0.116483516483516
321273.411807,2733366.126422,0.00165016501650165,0.190869086908691,0.0458379171250458,0.253392005867253,0.0608727539420609,0.447378071140447
321773.411807,2733366.126422,0,0.13992673992674,0.0543956043956044,0.512637362637363,0.0542124542124542,0.238827838827839
322273.411807,2733366.126422,0.0181318681318681,0.10952380952381,0.196703296703297,0.453113553113553,0.0531135531135531,0.169413919413919
322773.411807,2733366.126422,0.00458379171250458,0.138613861386139,0.144297763109644,0.427759442610928,0.0253025302530253,0.259442610927759
323273.411807,2733366.126422,0.00769230769230769,0.0793040293040293,0.187545787545788,0.450732600732601,0.028021978021978,0.246703296703297
323773.411807,2733366.126422,0,0.104761904761905,0.208974358974359,0.603479853479853,0.00457875457875458,0.0782051282051282
324273.411807,2733366.126422,0,0.160799413274661,0.12046204620462,0.348918225155849,0.00586725339200587,0.363953061972864
324773.411807,2733366.126422,0.0249084249084249,0.464468864468864,0.0249084249084249,0.0282051282051282,0.0443223443223443,0.413186813186813
325273.411807,2733366.126422,0.0406593406593407,0.662087912087912,0.000183150183150183,0.0476190476190476,0.0631868131868132,0.186263736263736
325773.411807,2733366.126422,0.0828208282082821,0.48380483804838,0.00615006150061501,0.160106601066011,0.0984009840098401,0.168716687166872
313273.411807,2732866.126422,0.931175190424374,0,0,0,0,0.0688248095756257
313773.411807,2732866.126422,0.848818031885651,0,0,0,0,0.151181968114349
314273.411807,2732866.126422,0.747843641035052,0.000183519911910442,0,0,0.00165167920719398,0.250321159845843
314773.411807,2732866.126422,0.627361085640932,0.00733541169998166,0.00770218228498074,0.0473134054648817,0.0196222262974509,0.290665688611773
315273.411807,2732866.126422,0.55946490745831,0.0131940626717977,0.00403151914971596,0.0678028220634048,0.0232728605460876,0.332233828110684
315773.411807,2732866.126422,0.178014314553129,0.0846026793907139,0,0.0603780510185355,0.115801064415489,0.561203890622132
316273.411807,2732866.126422,0.00861910874747845,0.0282413350449294,0.0399779937649001,0.567027324408582,0.0249403997799376,0.331193838254172
316773.411807,2732866.126422,0,0.0185083379146051,0.0923584387025838,0.723840938244457,0.0120945574491479,0.153197727689207
317273.411807,2732866.126422,0,0.0471646173609837,0.212516057992292,0.659387043494219,0.0321159845843274,0.0488162965681776
317773.411807,2732866.126422,0,0.0174216027874564,0.0731707317073171,0.629011553273428,0.0190720704199523,0.261324041811847
318273.411807,2732866.126422,0,0.308411214953271,0.00201575957485798,0.274143302180685,0.0243723657687374,0.391057357522448
318773.411807,2732866.126422,0.00715727656450725,0.51018535511103,0.0367039823820885,0.225729491649844,0.0400073407964764,0.180216553496054
319273.411807,2732866.126422,0.0610673024023473,0.256922794791858,0.0286081056299285,0.278562259306804,0.0405281496423987,0.334311388226664
319773.411807,2732866.126422,0.0284038849184534,0.152281473336998,0.0251053692505039,0.250687190764156,0.0518599963349826,0.491662085394906
320273.411807,2732866.126422,0.127729858689668,0.0658836483758488,0.026977427050835,0.23251972839053,0.0378051018535511,0.509084235639567
320773.411807,2732866.126422,0.0465798642948836,0.112598569594719,0.0726205758298184,0.128919860627178,0.046396479002384,0.592884650651018
321273.411807,2732866.126422,0.0452629649990837,0.189664650907092,0.0670698185816383,0.248121678577973,0.0355506688656771,0.414330218068536
321773.411807,2732866.126422,0.0242246283721784,0.229583409799963,0.0317489447605065,0.223343732795008,0.0495503762158194,0.441548908056524
322273.411807,2732866.126422,0.0188886851274528,0.097194205024757,0.0357601320374106,0.219695580414451,0.00861910874747845,0.61984228864845
322773.411807,2732866.126422,0.0196078431372549,0.35990470954737,0.0941909474070002,0.165475536008796,0.0415979475902511,0.319223016309327
323273.411807,2732866.126422,0.036520462470178,0.424298036336943,0.123875940539549,0.115801064415489,0.0295467058175812,0.269957790420261
323773.411807,2732866.126422,0.0645516229598386,0.192371171832019,0.06400146708234,0.236567027324409,0.0689528699798276,0.373555840821566
324273.411807,2732866.126422,0.0599230346344145,0.290086127909108,0,0.00842954004031519,0.0320689023272861,0.609492395088877
324773.411807,2732866.126422,0.0596439713708937,0.488530005505597,0.00256927876674619,0.116902183886952,0.113598825472564,0.218755734997247
325273.411807,2732866.126422,0.101228681459747,0.446543187236384,0.00513478818998716,0.137538969374656,0.117916743077205,0.191637630662021
325773.411807,2732866.126422,0.0838458384583846,0.403444034440344,0.0022550225502255,0.144936449364494,0.101271012710127,0.264247642476425
313273.411807,2732366.126422,0.899374490073429,0,0,0,0,0.100625509926571
313773.411807,2732366.126422,0.736446886446886,0.00164835164835165,0,0.0139194139194139,0.0157509157509158,0.232234432234432
314273.411807,2732366.126422,0.311559633027523,0.0724770642201835,0.00018348623853211,0.0387155963302752,0.0671559633027523,0.509908256880734
314773.411807,2732366.126422,0.280315538433315,0.0460465969546872,0,0.0172445422858191,0.0137589433131535,0.642634379013025
315273.411807,2732366.126422,0.00366300366300366,0.190842490842491,0.0278388278388278,0.208058608058608,0.0395604395604396,0.53003663003663
315773.411807,2732366.126422,0,0.0355963302752294,0.15651376146789,0.694128440366973,0.0247706422018349,0.0889908256880734
316273.411807,2732366.126422,0,0.0165107319757843,0.081452944413869,0.560080719134104,0.137589433131535,0.204366171344707
316773.411807,2732366.126422,0.00952380952380952,0.255677655677656,0.00128205128205128,0.347252747252747,0.0485347985347985,0.337728937728938
317273.411807,2732366.126422,0.107889908256881,0.108440366972477,0,0.0273394495412844,0.0473394495412844,0.708990825688073
317773.411807,2732366.126422,0.234085488901119,0.387268391120895,0,0.00348559897266557,0.0183452577508714,0.356815263254449
318273.411807,2732366.126422,0.288095238095238,0.143040293040293,0.00183150183150183,0.00457875457875458,0.0252747252747253,0.537179487179487
318773.411807,2732366.126422,0.126422018348624,0.193761467889908,0,0.000917431192660551,0.00385321100917431,0.675045871559633
319273.411807,2732366.126422,0.137589433131535,0.248027884791781,0.000366905155017428,0.0190790680609063,0.0280682443588332,0.566868464501926
319773.411807,2732366.126422,0.0448717948717949,0.491941391941392,0,0.00677655677655678,0.0316849816849817,0.424725274725275
320273.411807,2732366.126422,0.056697247706422,0.522752293577982,0.00073394495412844,0.00458715596330275,0.0172477064220183,0.397981651376147
320773.411807,2732366.126422,0.0618235186204366,0.508347092276647,0.00623738763529628,0.0454962392221611,0.0513667217024399,0.32672904054302
321273.411807,2732366.126422,0.0666666666666667,0.557509157509158,0.0010989010989011,0.034981684981685,0.0417582417582418,0.297985347985348
321773.411807,2732366.126422,0.0653211009174312,0.411559633027523,0.0453211009174312,0.157064220183486,0.0559633027522936,0.264770642201835
322273.411807,2732366.126422,0.0271509814712897,0.678591084204733,0.00146762062006971,0.0748486516235553,0.0563199412951752,0.161621720785177
322773.411807,2732366.126422,0.06996336996337,0.616300366300366,0.00146520146520147,0.0408424908424908,0.0873626373626374,0.184065934065934
323273.411807,2732366.126422,0.0445871559633028,0.714128440366972,0.00110091743119266,0.0271559633027523,0.031743119266055,0.181284403669725
323773.411807,2732366.126422,0.0232984773436067,0.800953953403045,0,0.024399192808659,0.0366905155017428,0.114657860942946
324273.411807,2732366.126422,0.0952380952380952,0.371978021978022,0.00366300366300366,0.133699633699634,0.102380952380952,0.293040293040293
324773.411807,2732366.126422,0.0711926605504587,0.639449541284404,0.00293577981651376,0.0557798165137615,0.0642201834862385,0.166422018348624
325273.411807,2732366.126422,0.0508163639699138,0.425243074665199,0.00348559897266557,0.0453127866446524,0.0566868464501926,0.418455329297377
325773.411807,2732366.126422,0.0817622950819672,0.467213114754098,0.0209016393442623,0.0122950819672131,0.0592213114754098,0.358606557377049
313273.411807,2731866.126422,0.876969038565997,0.00380228136882129,0,0.000543183052688756,0.00190114068441065,0.116784356328083
313773.411807,2731866.126422,0.669233590025669,0.000733406674000733,0,0.00696736340300697,0.0137513751375138,0.309314264759809
314273.411807,2731866.126422,0.110989010989011,0.282417582417582,0,0.00860805860805861,0.0214285714285714,0.576556776556777
314773.411807,2731866.126422,0.00164835164835165,0.183699633699634,0.082967032967033,0.4996336996337,0.00952380952380952,0.222527472527473
315273.411807,2731866.126422,0,0.0297029702970297,0.128896222955629,0.602310231023102,0.0397873120645398,0.199303263659699
315773.411807,2731866.126422,0.0111721611721612,0.165750915750916,0.0172161172161172,0.253846153846154,0.0675824175824176,0.484432234432234
316273.411807,2731866.126422,0.0454212454212454,0.093956043956044,0.0302197802197802,0.193956043956044,0.165934065934066,0.470512820512821
316773.411807,2731866.126422,0.0308030803080308,0.552255225522552,0.0617895122845618,0.125045837917125,0.0238357169050238,0.206270627062706
317273.411807,2731866.126422,0.058974358974359,0.155128205128205,0,0.0194139194139194,0.0562271062271062,0.71025641025641
