"x","y","forest","agri","water","built","other","grass"
224773.411807,2696366.126422,0.849234923492349,0,0,0,0.0009000900090009,0.14986498649865
225273.411807,2696366.126422,0.625915492957747,0.00901408450704225,0,0.00262910798122066,0.11830985915493,0.244131455399061
225773.411807,2696366.126422,0.473842679713963,0.0223936770794129,0,0.0368837034249153,0.0767783214151298,0.390101618366579
226273.411807,2696366.126422,0.536493604213695,0.0109104589917231,0,0.0270880361173815,0.0519187358916479,0.373589164785553
226773.411807,2696366.126422,0.788920187793427,0,0,0.000187793427230047,0.00112676056338028,0.209765258215962
227273.411807,2696366.126422,0.843432442604441,0.00207000376364321,0,0.00357546104629281,0.00451637184794881,0.146405720737674
227773.411807,2696366.126422,0.721218961625282,0.00169300225733634,0,0.00752445447705041,0.0141083521444695,0.255455229495862
228273.411807,2696366.126422,0.925821596244131,0,0,0,0.000751173708920188,0.0734272300469484
228773.411807,2696366.126422,0.786225065863756,0.00357546104629281,0,0.000564546480993602,0.0186300338727889,0.191004892736169
229273.411807,2696366.126422,0.806621519939804,0.000376222723852521,0,0,0.000752445447705041,0.192249811888638
229773.411807,2696366.126422,0.963943661971831,0,0,0,0.00262910798122066,0.0334272300469484
230273.411807,2696366.126422,0.931878057960105,0,0,0,0.000752728641324802,0.0673692133985698
230773.411807,2696366.126422,0.948833709556057,0,0,0,0,0.0511662904439428
231273.411807,2696366.126422,0.724131455399061,0.000375586854460094,0,0,0,0.275492957746479
231773.411807,2696366.126422,0.788295069627399,0.00828001505457283,0,0.0015054572826496,0.0015054572826496,0.200414000752729
232273.411807,2696366.126422,0.669112114371708,0.0018811136192626,0,0.000752445447705041,0.00507900677200903,0.323175319789315
232773.411807,2696366.126422,0.862159624413146,0.000187793427230047,0,0.000375586854460094,0.00131455399061033,0.135962441314554
233273.411807,2696366.126422,0.745013172751223,0.000564546480993602,0,0.00338727888596161,0.0197591268347761,0.231275875047046
233773.411807,2696366.126422,0.548344620015049,0.0141083521444695,0,0.0237020316027088,0.0316027088036117,0.382242287434161
234273.411807,2696366.126422,0.549859154929577,0.00469483568075117,0,0.00751173708920188,0.0332394366197183,0.404694835680751
234773.411807,2696366.126422,0.521264584117426,0.00432818968761761,0,0.0011290929619872,0.00846819721490403,0.464809936018065
235273.411807,2696366.126422,0.521256583897667,0.0146726862302483,0,0.00263355906696764,0.0159894657637321,0.445447705041384
235773.411807,2696366.126422,0.596431924882629,0.00619718309859155,0,0.00450704225352113,0.0182159624413146,0.374647887323944
236273.411807,2696366.126422,0.483063605570192,0.0126082047421904,0,0.0013172751223184,0.0205118554761009,0.482499059089198
236773.411807,2696366.126422,0.7127539503386,0.00413844996237773,0,0.00018811136192626,0.00206922498118886,0.280850263355907
237273.411807,2696366.126422,0.598383587193037,0.00590612371774946,0,0,0.00310848616723656,0.392601802921977
224773.411807,2695866.126422,0.815485278080698,0.00109051254089422,0,0.0034896401308615,0.0119956379498364,0.16793893129771
225273.411807,2695866.126422,0.53043637697103,0.00916758342500917,0,0.00256692335900257,0.106894022735607,0.350935093509351
225773.411807,2695866.126422,0.888827838827839,0.000183150183150183,0,0,0.00512820512820513,0.105860805860806
226273.411807,2695866.126422,0.946703296703297,0,0,0,0,0.0532967032967033
226773.411807,2695866.126422,0.747341400806747,0.00403373670700403,0,0.00458379171250458,0.0306197286395306,0.213421342134213
227273.411807,2695866.126422,0.749450549450549,0.00677655677655678,0,0.00604395604395604,0.0144688644688645,0.223260073260073
227773.411807,2695866.126422,0.82967032967033,0.00201465201465201,0,0.00622710622710623,0.0124542124542125,0.1496336996337
228273.411807,2695866.126422,0.830949761642831,0.000366703337000367,0,0.00055005500550055,0.00715071507150715,0.160982764943161
228773.411807,2695866.126422,0.943589743589744,0.000183150183150183,0,0.000183150183150183,0.00622710622710623,0.0498168498168498
229273.411807,2695866.126422,0.822161172161172,0.000183150183150183,0,0,0.00146520146520147,0.176190476190476
229773.411807,2695866.126422,0.961862852951962,0,0,0,0,0.0381371470480381
230273.411807,2695866.126422,0.924175824175824,0,0,0,0,0.0758241758241758
230773.411807,2695866.126422,0.797985347985348,0,0,0.00164835164835165,0.00384615384615385,0.196520146520147
231273.411807,2695866.126422,0.812247891455812,0.00513384671800513,0,0,0.000183351668500183,0.182434910157682
231773.411807,2695866.126422,0.648168498168498,0.00128205128205128,0,0.00128205128205128,0.00842490842490842,0.340842490842491
232273.411807,2695866.126422,0.896520146520147,0,0,0,0,0.103479853479853
232773.411807,2695866.126422,0.903557022368904,0,0,0,0,0.0964429776310964
233273.411807,2695866.126422,0.798717948717949,0,0,0.000732600732600733,0.00421245421245421,0.196336996336996
233773.411807,2695866.126422,0.404945054945055,0.0137362637362637,0,0.00989010989010989,0.0507326007326007,0.520695970695971
234273.411807,2695866.126422,0.634396773010634,0.00256692335900257,0,0,0.00165016501650165,0.361386138613861
234773.411807,2695866.126422,0.492307692307692,0.0131868131868132,0,0.0043956043956044,0.0228937728937729,0.467216117216117
235273.411807,2695866.126422,0.347619047619048,0.01996336996337,0,0.00494505494505494,0.0307692307692308,0.596703296703297
235773.411807,2695866.126422,0.668500183351668,0.00586725339200587,0,0.00128346167950128,0.0143014301430143,0.31004767143381
236273.411807,2695866.126422,0.526556776556777,0.00421245421245421,0,0.0021978021978022,0.010989010989011,0.456043956043956
236773.411807,2695866.126422,0.474542124542125,0.00476190476190476,0,0.00128205128205128,0.00824175824175824,0.511172161172161
237273.411807,2695866.126422,0.808202653799759,0.00572979493365501,0,0,0.00150784077201448,0.184559710494572
224773.411807,2695366.126422,0.954138458178642,0,0,0,0.000436776588774842,0.0454247652325835
225273.411807,2695366.126422,0.846619021440352,0,0,0,0,0.153380978559648
225773.411807,2695366.126422,0.89227381170857,0.000550559735731327,0,0.00110111947146265,0.012846393833731,0.0932281152505047
226273.411807,2695366.126422,0.913992297817715,0,0,0.000550155877498625,0,0.0854575463047864
226773.411807,2695366.126422,0.934579439252336,0,0,0,0,0.0654205607476635
227273.411807,2695366.126422,0.761424114516425,0.00660671682877592,0,0.00660671682877592,0.0469810974490732,0.17838135437695
227773.411807,2695366.126422,0.554740509811113,0.010819732257473,0.000183385292499542,0.00953603520997616,0.0337428938199156,0.390977443609023
228273.411807,2695366.126422,0.915704599596848,0,0,0,0.000916254352208173,0.0833791460509437
228773.411807,2695366.126422,0.919434758671316,0,0,0.000367039823820885,0.00146815929528354,0.0787300422095797
229273.411807,2695366.126422,0.814047313405465,0.000366770584999083,0,0.000550155877498625,0.00550155877498625,0.179534201357051
229773.411807,2695366.126422,0.715777899945025,0.00256551218618288,0,0.00879604178119846,0.0388491845336265,0.234011361553967
230273.411807,2695366.126422,0.92512387594054,0,0,0,0.000183519911910442,0.07469260414755
230773.411807,2695366.126422,0.942967174032643,0,0,0,0,0.0570328259673574
231273.411807,2695366.126422,0.78358072200843,0,0,0.000549752611324904,0.000549752611324904,0.215319772768921
231773.411807,2695366.126422,0.774454028262066,0.00110111947146265,0,0.00146815929528354,0.00789135621214902,0.215085336759038
232273.411807,2695366.126422,0.798276178250504,0.00275077938749312,0,0.00385109114249037,0.00550155877498625,0.189620392444526
232773.411807,2695366.126422,0.820230896096756,0.000733003481766538,0,0.000733003481766538,0.00274876305662452,0.175554333883086
233273.411807,2695366.126422,0.52688566709488,0.0102771150669848,0,0.00422095797394017,0.0124793540099101,0.446136905854285
233773.411807,2695366.126422,0.320924261874198,0.050797726022373,0,0.00843572345497891,0.0434623143223913,0.576379974326059
234273.411807,2695366.126422,0.499541872823896,0.0229063588052043,0,0.00842954004031519,0.0350009162543522,0.434121312076232
234773.411807,2695366.126422,0.561020370710222,0.00844191594788034,0,0.00238575885483575,0.0108276748027161,0.417324279684346
235273.411807,2695366.126422,0.60407115349349,0,0,0,0.000366770584999083,0.395562075921511
235773.411807,2695366.126422,0.534359538207806,0.009529045262965,0,0.00109950522264981,0.0130108118013561,0.442001099505223
236273.411807,2695366.126422,0.582308680491833,0.00293631859056708,0,0.00238575885483575,0.00880895577170123,0.403560286291063
236773.411807,2695366.126422,0.395562075921511,0.0359435173299101,0,0.0053181734824867,0.0370438290849074,0.526132404181185
237273.411807,2695366.126422,0.718721736508894,0.0111546578233343,0,0,0.00904431715405487,0.261079288513717
224773.411807,2694866.126422,0.910024022712383,0,0,0.000436776588774842,0.000655164883162262,0.0888840358156803
225273.411807,2694866.126422,0.950549450549451,0,0,0,0,0.0494505494505494
225773.411807,2694866.126422,0.959633027522936,0,0,0,0.00055045871559633,0.0398165137614679
226273.411807,2694866.126422,0.860942946248395,0,0,0.00220143093010457,0.010273344340488,0.126582278481013
226773.411807,2694866.126422,0.833150183150183,0.0010989010989011,0,0.000732600732600733,0.00274725274725275,0.162271062271062
227273.411807,2694866.126422,0.330275229357798,0.0110091743119266,0.00018348623853211,0.0289908256880734,0.0992660550458716,0.530275229357798
227773.411807,2694866.126422,0.580443955237571,0.00697119794533113,0,0.0124747752705926,0.0377912309667951,0.36231884057971
228273.411807,2694866.126422,0.632417582417582,0.00494505494505494,0,0.0032967032967033,0.0102564102564103,0.349084249084249
228773.411807,2694866.126422,0.759633027522936,0.000917431192660551,0,0.00146788990825688,0.0036697247706422,0.234311926605505
229273.411807,2694866.126422,0.818565400843882,0,0,0.000183452577508714,0.00752155567785727,0.173729590900752
229773.411807,2694866.126422,0.604395604395604,0.000183150183150183,0,0.0010989010989011,0.0232600732600733,0.371062271062271
230273.411807,2694866.126422,0.885871559633028,0,0,0,0.00055045871559633,0.113577981651376
230773.411807,2694866.126422,0.953403045312787,0,0,0,0,0.0465969546872134
231273.411807,2694866.126422,0.951465201465201,0,0,0,0,0.0485347985347985
231773.411807,2694866.126422,0.699082568807339,0,0,0.00055045871559633,0.000917431192660551,0.299449541284404
232273.411807,2694866.126422,0.815813612181251,0,0,0.00146762062006971,0.00495321959273528,0.177765547605944
232773.411807,2694866.126422,0.673260073260073,0.00347985347985348,0,0.000366300366300366,0.00842490842490842,0.314468864468864
233273.411807,2694866.126422,0.40605504587156,0.0100917431192661,0,0.0154128440366972,0.056697247706422,0.511743119266055
233773.411807,2694866.126422,0.14694551458448,0.0170610897083104,0,0.0187121629058888,0.0838378279214823,0.733443404879839
234273.411807,2694866.126422,0.513369963369963,0.00970695970695971,0,0.00879120879120879,0.0311355311355311,0.436996336996337
234773.411807,2694866.126422,0.34954128440367,0.0269724770642202,0,0.0132110091743119,0.0693577981651376,0.540917431192661
235273.411807,2694866.126422,0.536598789212988,0.0203632361034673,0,0.00348559897266557,0.015410016510732,0.424142359200147
235773.411807,2694866.126422,0.77985347985348,0,0,0.000915750915750916,0.00238095238095238,0.216849816849817
236273.411807,2694866.126422,0.65394495412844,0.000917431192660551,0,0.00330275229357798,0.0161467889908257,0.325688073394495
236773.411807,2694866.126422,0.691432764630343,0.0110071546505228,0,0.00165107319757843,0.0152265639332233,0.280682443588332
237273.411807,2694866.126422,0.476047002109069,0.000903886712865321,0,0.000301295570955107,0.00964145827056342,0.513106357336547
224773.411807,2694366.126422,0.440348964013086,0.0327153762268266,0.0104689203925845,0.0281352235550709,0.0940021810250818,0.39432933478735
225273.411807,2694366.126422,0.742574257425743,0.0108177484415108,0.00055005500550055,0.0135680234690136,0.0245691235790246,0.207920792079208
225773.411807,2694366.126422,0.907692307692308,0.000549450549450549,0,0.00402930402930403,0.0265567765567766,0.0611721611721612
226273.411807,2694366.126422,0.886263736263736,0.000549450549450549,0,0.000183150183150183,0.00238095238095238,0.110622710622711
226773.411807,2694366.126422,0.593142647598093,0.00843417675100843,0,0.0152181884855152,0.0502383571690502,0.332966629996333
227273.411807,2694366.126422,0.558241758241758,0.0133699633699634,0,0.00952380952380952,0.0406593406593407,0.378205128205128
227773.411807,2694366.126422,0.805860805860806,0.000549450549450549,0,0.000183150183150183,0.00238095238095238,0.191025641025641
228273.411807,2694366.126422,0.785478547854785,0.000366703337000367,0,0.000916758342500917,0.00165016501650165,0.211587825449212
228773.411807,2694366.126422,0.816117216117216,0.00384615384615385,0,0,0.0115384615384615,0.168498168498169
229273.411807,2694366.126422,0.800915750915751,0.00347985347985348,0,0.000183150183150183,0.00311355311355311,0.192307692307692
229773.411807,2694366.126422,0.884488448844885,0,0,0,0.000733406674000733,0.114778144481115
230273.411807,2694366.126422,0.758608058608059,0.00128205128205128,0,0.000549450549450549,0.00164835164835165,0.237912087912088
230773.411807,2694366.126422,0.824725274725275,0.019047619047619,0,0.0010989010989011,0.00622710622710623,0.148901098901099
231273.411807,2694366.126422,0.801980198019802,0.000183351668500183,0,0.000183351668500183,0.000733406674000733,0.196919691969197
231773.411807,2694366.126422,0.701282051282051,0.0846153846153846,0.0124542124542125,0.000732600732600733,0.00604395604395604,0.194871794871795
232273.411807,2694366.126422,0.852564102564103,0.00659340659340659,0.00274725274725275,0.000549450549450549,0.00549450549450549,0.132051282051282
232773.411807,2694366.126422,0.455078841217455,0.0764576457645765,0.0304363769710304,0.00421708837550422,0.0456545654565457,0.388155482214888
233273.411807,2694366.126422,0.246520146520147,0.0586080586080586,0.000915750915750916,0.0146520146520147,0.108241758241758,0.571062271062271
233773.411807,2694366.126422,0.415384615384615,0.0395604395604396,0.0413919413919414,0.00604395604395604,0.0510989010989011,0.446520146520147
234273.411807,2694366.126422,0.166116611661166,0.0245691235790246,0,0.0170517051705171,0.0352035203520352,0.757059039237257
234773.411807,2694366.126422,0.475091575091575,0.00494505494505494,0,0.00366300366300366,0.0163003663003663,0.5
235273.411807,2694366.126422,0.356959706959707,0.0203296703296703,0,0.0179487179487179,0.0457875457875458,0.558974358974359
235773.411807,2694366.126422,0.430693069306931,0.011001100110011,0,0.00715071507150715,0.0275027502750275,0.523652365236524
236273.411807,2694366.126422,0.471978021978022,0.00366300366300366,0,0.00494505494505494,0.0254578754578755,0.493956043956044
236773.411807,2694366.126422,0.651831501831502,0.00512820512820513,0,0.00366300366300366,0.0157509157509158,0.323626373626374
237273.411807,2694366.126422,0.69481302774427,0.00211097708082027,0,0.000904704463208685,0.00301568154402895,0.299155609167672
224773.411807,2693866.126422,0.327800829875519,0.149377593360996,0.00283904782703647,0.0404018344616729,0.136055907403363,0.343524787071413
225273.411807,2693866.126422,0.0524097489463075,0.329118563313176,0.000733003481766538,0.0645043063954554,0.139270661535642,0.413963716327653
225773.411807,2693866.126422,0.635896494769682,0.0473481372728941,0.0106441548908057,0.0132134336575518,0.0464305377133419,0.246467241695724
226273.411807,2693866.126422,0.870163212910325,0.000366770584999083,0,0.00165046763249587,0.00366770584999083,0.12415184302219
226773.411807,2693866.126422,0.851750045812718,0,0,0.000183250870441635,0,0.148066703316841
227273.411807,2693866.126422,0.901449807304093,0.000734079647641769,0,0.000367039823820885,0.00495503762158194,0.0924940356028629
227773.411807,2693866.126422,0.715019255455712,0.00330093526499175,0,0.004401247019989,0.0174216027874564,0.25985695947185
228273.411807,2693866.126422,0.720542422576507,0.000549752611324904,0,0.00384826827927433,0.00989554700384827,0.265164009529045
228773.411807,2693866.126422,0.828408882363736,0.00201871903101487,0,0.000367039823820885,0.00752431638832813,0.1616810423931
229273.411807,2693866.126422,0.837887401430405,0.000183385292499542,0,0.000550155877498625,0.00238400880249404,0.158995048597103
229773.411807,2693866.126422,0.835990470954737,0.000366501740883269,0,0.000733003481766538,0.00274876305662452,0.160161260765989
230273.411807,2693866.126422,0.894109010827675,0.000183519911910442,0,0,0.000550559735731327,0.105156909524683
230773.411807,2693866.126422,0.654502108930864,0.135705116449661,0.00366770584999083,0.000550155877498625,0.00385109114249037,0.201723821749496
231273.411807,2693866.126422,0.389591350558915,0.0392156862745098,0.0760491112332784,0.0223566061938794,0.0597397837639729,0.413047461975444
231773.411807,2693866.126422,0.00844191594788034,0.0288126261699394,0.951000183519912,0.00422095797394017,0.00403743806202973,0.0034868783262984
232273.411807,2693866.126422,0.234733174399413,0.0638180817898405,0.390610673024023,0.00311754997249221,0.0275077938749312,0.280212726939299
232773.411807,2693866.126422,0.218984790177753,0.0852116547553601,0.240058640278541,0.0175920835623969,0.0520432472054242,0.386109584020524
233273.411807,2693866.126422,0.379152138006974,0.0181684712791338,0.000183519911910442,0.00220223894292531,0.0308313452009543,0.569462286658102
233773.411807,2693866.126422,0.352466532184119,0.0735375022923162,0.270126535851825,0.00586832935998533,0.0293416467999266,0.268659453511828
234273.411807,2693866.126422,0.312259483232545,0.0566245189664651,0.0855781564962434,0.00659703133589885,0.0219901044529962,0.516950705515851
234773.411807,2693866.126422,0.433841071756286,0.0640484492567444,0.0396403009726555,0.00587263718113415,0.0205542301339695,0.436043310699211
235273.411807,2693866.126422,0.404731340546488,0.0339262791124152,0,0.0133871263524665,0.0506143407298735,0.497340913258757
235773.411807,2693866.126422,0.475169507055159,0.00659703133589885,0,0.0196078431372549,0.0153930731170973,0.48323254535459
236273.411807,2693866.126422,0.621581941640668,0.00880895577170123,0,0.00293631859056708,0.0181684712791338,0.34850431271793
236773.411807,2693866.126422,0.286264441591784,0.0326425820649184,0,0.0102695763799743,0.0533651201173666,0.617458279845956
237273.411807,2693866.126422,0.516731986735002,0.00602954476936991,0,0.0066324992463069,0.033463973470003,0.437141995779319
224773.411807,2693366.126422,0.843415592924219,0,0,0,0,0.156584407075781
225273.411807,2693366.126422,0.749450549450549,0.00256410256410256,0.000183150183150183,0.000732600732600733,0.00421245421245421,0.242857142857143
225773.411807,2693366.126422,0.171559633027523,0.25045871559633,0.0141284403669725,0.0295412844036697,0.137247706422018,0.397064220183486
226273.411807,2693366.126422,0.569987158319574,0.0675105485232067,0,0.0111906072280316,0.0636580443955238,0.287653641533664
226773.411807,2693366.126422,0.795970695970696,0,0,0,0.000732600732600733,0.203296703296703
227273.411807,2693366.126422,0.75394495412844,0,0,0.00055045871559633,0.00275229357798165,0.242752293577982
227773.411807,2693366.126422,0.701706108970831,0.00275178866263071,0,0.00495321959273528,0.0418271876719868,0.248761695101816
228273.411807,2693366.126422,0.651282051282051,0.0232600732600733,0.22032967032967,0.00402930402930403,0.0232600732600733,0.0778388278388278
228773.411807,2693366.126422,0.623669724770642,0.0346788990825688,0.0363302752293578,0.0018348623853211,0.0157798165137615,0.287706422018349
229273.411807,2693366.126422,0.795083470922766,0.0214639515685195,0.0111906072280316,0,0.00458631443771785,0.167675655842965
229773.411807,2693366.126422,0.806410256410256,0.00567765567765568,0.000183150183150183,0.000366300366300366,0.00274725274725275,0.184615384615385
230273.411807,2693366.126422,0.735779816513761,0.0245871559633028,0.0924770642201835,0.000917431192660551,0.0104587155963303,0.135779816513761
230773.411807,2693366.126422,0.0957622454595487,0.0577875619152449,0.798752522472941,0.0066042927903137,0.010273344340488,0.030820033021464
231273.411807,2693366.126422,0.0617216117216117,0.0635531135531135,0.729487179487179,0.0395604395604396,0.017032967032967,0.0886446886446886
231773.411807,2693366.126422,0.292293577981651,0.0431192660550459,0.467522935779817,0.0436697247706422,0.0157798165137615,0.137614678899083
232273.411807,2693366.126422,0.323977251880389,0.0645753072830673,0.00605393505778756,0.0603558980003669,0.109521188772702,0.435516419005687
232773.411807,2693366.126422,0.323992673992674,0.0336996336996337,0.00531135531135531,0.0432234432234432,0.0826007326007326,0.511172161172161
233273.411807,2693366.126422,0.295045871559633,0.0622018348623853,0.405871559633028,0.00623853211009174,0.0293577981651376,0.201284403669725
233773.411807,2693366.126422,0.291689598238855,0.0812694918363603,0.320124747752706,0.00385250412768299,0.017978352595854,0.285085305448542
234273.411807,2693366.126422,0.250549450549451,0.00586080586080586,0,0.0163003663003663,0.0382783882783883,0.689010989010989
234773.411807,2693366.126422,0.301100917431193,0.0381651376146789,0.00477064220183486,0.00477064220183486,0.0368807339449541,0.614311926605505
235273.411807,2693366.126422,0.466703357182168,0.0508163639699138,0.00110071546505228,0.0214639515685195,0.0498991010823702,0.410016510731976
235773.411807,2693366.126422,0.543772893772894,0.023992673992674,0,0.00311355311355311,0.017032967032967,0.412087912087912
236273.411807,2693366.126422,0.607706422018349,0.00018348623853211,0,0.000917431192660551,0.00293577981651376,0.388256880733945
236773.411807,2693366.126422,0.585580627407815,0.010273344340488,0,0.00385250412768299,0.0201797835259585,0.380113740598055
237273.411807,2693366.126422,0.392889424525459,0.0138595962639349,0,0.00301295570955107,0.0198855076830371,0.570352515818017
224773.411807,2692866.126422,0.500327153762268,0.181897491821156,0.000654307524536532,0.0820065430752454,0.0597600872410033,0.175354416575791
225273.411807,2692866.126422,0.898423175650898,0,0,0,0,0.101576824349102
225773.411807,2692866.126422,0.558791208791209,0.0467032967032967,0,0.00915750915750916,0.0516483516483516,0.333699633699634
226273.411807,2692866.126422,0.295054945054945,0.0787545787545788,0.058974358974359,0.0622710622710623,0.143772893772894,0.361172161172161
226773.411807,2692866.126422,0.377154382104877,0.0678401173450678,0.00146681334800147,0.00275027502750275,0.0348368170150348,0.515951595159516
227273.411807,2692866.126422,0.637362637362637,0.00457875457875458,0.0860805860805861,0.0247252747252747,0.0518315018315018,0.195421245421245
227773.411807,2692866.126422,0.34981684981685,0.0373626373626374,0.161172161172161,0.0575091575091575,0.185531135531136,0.208608058608059
228273.411807,2692866.126422,0.0883755042170884,0.114044737807114,0.686651998533187,0.0865419875320865,0.00641730839750642,0.017968463513018
228773.411807,2692866.126422,0.0657509157509158,0.317582417582418,0.593223443223443,0.0010989010989011,0.00421245421245421,0.0181318681318681
229273.411807,2692866.126422,0.182234432234432,0.10989010989011,0.683150183150183,0.00531135531135531,0.00677655677655678,0.0126373626373626
229773.411807,2692866.126422,0.14979831316465,0.0203520352035204,0.783094976164283,0.00476714338100477,0.0137513751375138,0.0282361569490282
230273.411807,2692866.126422,0.20952380952381,0.0128205128205128,0.637912087912088,0.0192307692307692,0.0192307692307692,0.101282051282051
230773.411807,2692866.126422,0.10952380952381,0.00860805860805861,0.814102564102564,0.0373626373626374,0.0172161172161172,0.0131868131868132
231273.411807,2692866.126422,0.137330399706637,0.0271360469380271,0.458562522918959,0.296846351301797,0.00586725339200587,0.0742574257425743
231773.411807,2692866.126422,0.292307692307692,0.0311355311355311,0.474908424908425,0.0987179487179487,0.0225274725274725,0.0804029304029304
232273.411807,2692866.126422,0.219230769230769,0.0362637362637363,0.476923076923077,0.00641025641025641,0.0326007326007326,0.228571428571429
232773.411807,2692866.126422,0.398056472313898,0.0385038503850385,0.326732673267327,0.00861752841950862,0.0282361569490282,0.1998533186652
233273.411807,2692866.126422,0.346520146520147,0.0619047619047619,0.322893772893773,0.00311355311355311,0.0316849816849817,0.233882783882784
233773.411807,2692866.126422,0.396153846153846,0.0417582417582418,0.0628205128205128,0.00256410256410256,0.0120879120879121,0.484615384615385
234273.411807,2692866.126422,0.207004033736707,0.013017968463513,0,0.0104510451045105,0.101943527686102,0.667583425009168
234773.411807,2692866.126422,0.335531135531136,0.00915750915750916,0,0.00146520146520147,0.0108058608058608,0.643040293040293
235273.411807,2692866.126422,0.322710622710623,0.00915750915750916,0,0.0108058608058608,0.0593406593406593,0.597985347985348
235773.411807,2692866.126422,0.478547854785479,0.0337367070040337,0,0.000733406674000733,0.00843417675100843,0.478547854785479
236273.411807,2692866.126422,0.270879120879121,0.00201465201465201,0,0.00146520146520147,0.0141025641025641,0.711538461538462
236773.411807,2692866.126422,0.652747252747253,0.00201465201465201,0,0.000732600732600733,0.0108058608058608,0.333699633699634
237273.411807,2692866.126422,0.315440289505428,0.0274427020506634,0,0.0060313630880579,0.0410132689987937,0.610072376357057
224773.411807,2692366.126422,0.0235859357938414,0.0369076217514741,0.0148504040183446,0.674164664773968,0.213583751910898,0.0369076217514741
225273.411807,2692366.126422,0.588968297599414,0.0863111599780099,0.00146600696353308,0.074216602528862,0.0844786512735936,0.164559281656588
225773.411807,2692366.126422,0.924573316204808,0,0,0,0,0.0754266837951918
226273.411807,2692366.126422,0.919677241885201,0,0,0.00183385292499542,0.0203557674674491,0.0581331377223547
226773.411807,2692366.126422,0.839105735752245,0.000733003481766538,0,0.00329851566794942,0.0271211288253619,0.129741616272677
227273.411807,2692366.126422,0.486878326298403,0.0172508717195816,0.00311983850247752,0.0132134336575518,0.0855202789502661,0.39401725087172
227773.411807,2692366.126422,0.785989363653035,0.0122868145974693,0.000183385292499542,0.00183385292499542,0.0231065468549422,0.176600036677059
228273.411807,2692366.126422,0.776433938061206,0.0397654388858347,0,0.000916254352208173,0.00806303829943192,0.174821330401319
228773.411807,2692366.126422,0.569645806570013,0.0400073407964764,0.0792806019453111,0.00440447788585061,0.0609286107542668,0.245733162048082
229273.411807,2692366.126422,0.526315789473684,0.0502475701448744,0.136622042912158,0.0100861910874748,0.0643682376673391,0.212360168714469
229773.411807,2692366.126422,0.664284405350925,0.0186915887850467,0.0842954004031519,0.00971229613340663,0.0287703866593366,0.194245922668133
230273.411807,2692366.126422,0.52303174894476,0.0170673518076711,0.0912093962194898,0.00752431638832813,0.0363369425582676,0.324830244081483
230773.411807,2692366.126422,0.592884650651018,0.0328259673574179,0.0177883733724555,0.0135705116449661,0.0562992847973593,0.286631212176783
231273.411807,2692366.126422,0.303096939710464,0.125710097122961,0.0302363936228697,0.0318856514568444,0.130657870624885,0.378413047461975
231773.411807,2692366.126422,0.325380803817214,0.133418975958892,0.000550559735731327,0.0135804734813727,0.0864378785098183,0.440631308496972
232273.411807,2692366.126422,0.508344030808729,0.0278745644599303,0,0.00880249403997799,0.0403447643498991,0.414634146341463
232773.411807,2692366.126422,0.733736485248305,0.00183250870441635,0,0.00164925783397471,0.00458127176104087,0.258200476452263
233273.411807,2692366.126422,0.504496237841806,0.0121123141860892,0,0.00587263718113415,0.0288126261699394,0.448706184621031
233773.411807,2692366.126422,0.603704382908491,0.0161379057399597,0.000366770584999083,0.00201723821749496,0.00990280579497524,0.36787089675408
234273.411807,2692366.126422,0.545537841304746,0.0141103170240059,0,0.00403151914971596,0.0141103170240059,0.422210005497526
234773.411807,2692366.126422,0.41090108276748,0.00972655533125344,0,0.0154156726004772,0.0489998164800881,0.514956872820701
235273.411807,2692366.126422,0.30790390610673,0.00678525582248304,0,0.0075187969924812,0.0432789290298918,0.634513112048414
235773.411807,2692366.126422,0.427524280740333,0.00458127176104087,0,0.009529045262965,0.0555250137438153,0.502840388491845
236273.411807,2692366.126422,0.452743622683061,0.00110111947146265,0,0.000183519911910442,0.00440447788585061,0.541567260047715
236773.411807,2692366.126422,0.313222079589217,0.00385109114249037,0,0.00110031175499725,0.00678525582248304,0.675041261690812
237273.411807,2692366.126422,0.320470304492011,0.0259270425082906,0,0.0217063611697317,0.115164305094965,0.516731986735002
224773.411807,2691866.126422,0.00283904782703647,0.0432408822887093,0.00458615418213584,0.355754531557109,0.53854553395938,0.05503385018563
225273.411807,2691866.126422,0.0756410256410256,0.131135531135531,0.00695970695970696,0.394139194139194,0.23021978021978,0.161904761904762
225773.411807,2691866.126422,0.899816513761468,0.00110091743119266,0,0.00036697247706422,0.00018348623853211,0.0985321100917431
226273.411807,2691866.126422,0.962575674188222,0,0,0,0,0.0374243258117777
226773.411807,2691866.126422,0.908058608058608,0,0,0,0,0.0919413919413919
227273.411807,2691866.126422,0.828073394495413,0.00311926605504587,0,0.00201834862385321,0.0188990825688073,0.147889908256881
227773.411807,2691866.126422,0.656026417171161,0.0227481196110805,0,0.0108237020730141,0.0592551825353146,0.251146578609429
228273.411807,2691866.126422,0.314835164835165,0.0100732600732601,0,0.0126373626373626,0.0807692307692308,0.581684981684982
228773.411807,2691866.126422,0.579816513761468,0.00055045871559633,0,0.00513761467889908,0.0115596330275229,0.402935779816514
229273.411807,2691866.126422,0.546138323243442,0.000366905155017428,0,0.000733810310034856,0.00862227114290956,0.444138690148597
229773.411807,2691866.126422,0.493406593406593,0.00256410256410256,0,0.0043956043956044,0.0137362637362637,0.485897435897436
230273.411807,2691866.126422,0.502018348623853,0.00917431192660551,0,0.00788990825688073,0.0222018348623853,0.458715596330275
230773.411807,2691866.126422,0.370023848835076,0.0137589433131535,0,0.00385250412768299,0.0515501742799486,0.560814529444139
231273.411807,2691866.126422,0.338461538461538,0.0835164835164835,0.000366300366300366,0.0326007326007326,0.0847985347985348,0.46025641025641
231773.411807,2691866.126422,0.157064220183486,0.056697247706422,0.00018348623853211,0.0293577981651376,0.135779816513761,0.620917431192661
232273.411807,2691866.126422,0.152265639332233,0.129700972298661,0.0434782608695652,0.0443955237571088,0.112272977435333,0.5178866263071
232773.411807,2691866.126422,0.233333333333333,0.0454212454212454,0,0.0146520146520147,0.071978021978022,0.634615384615385
233273.411807,2691866.126422,0.388990825688073,0.0385321100917431,0.0256880733944954,0.0207339449541284,0.0759633027522936,0.450091743119266
233773.411807,2691866.126422,0.481929921115392,0.00366905155017428,0,0.00091726288754357,0.011557512383049,0.501926252063841
234273.411807,2691866.126422,0.534249084249084,0.0214285714285714,0,0.00494505494505494,0.0393772893772894,0.4
234773.411807,2691866.126422,0.399266055045872,0.00605504587155963,0,0.00238532110091743,0.0128440366972477,0.579449541284404
235273.411807,2691866.126422,0.495688864428545,0.0104567969179967,0,0.00440286186020914,0.0108237020730141,0.478627774720235
235773.411807,2691866.126422,0.401648351648352,0.0032967032967033,0,0.00750915750915751,0.0316849816849817,0.555860805860806
236273.411807,2691866.126422,0.301651376146789,0.0168807339449541,0,0.0018348623853211,0.0168807339449541,0.662752293577982
236773.411807,2691866.126422,0.411484131352045,0.0078884608328747,0,0.00110071546505228,0.00697119794533113,0.572555494404696
237273.411807,2691866.126422,0.660138595962639,0.0147634829768002,0,0.0132570051220247,0.0331425128050618,0.278698403133474
224773.411807,2691366.126422,0.104689203925845,0.102508178844057,0,0.0187568157033806,0.356161395856052,0.417884405670665
225273.411807,2691366.126422,0.0152181884855152,0.0229189585625229,0,0.458195819581958,0.275027502750275,0.228639530619729
225773.411807,2691366.126422,0.124908424908425,0.136080586080586,0.0021978021978022,0.320512820512821,0.0956043956043956,0.320695970695971
226273.411807,2691366.126422,0.354029304029304,0.0358974358974359,0.00128205128205128,0.152564102564103,0.0893772893772894,0.366849816849817
226773.411807,2691366.126422,0.451045104510451,0.0273193986065273,0.00055005500550055,0.113311331133113,0.100843417675101,0.306930693069307
227273.411807,2691366.126422,0.734798534798535,0.0142857142857143,0,0.0102564102564103,0.0412087912087912,0.199450549450549
227773.411807,2691366.126422,0.680586080586081,0.000366300366300366,0,0.00238095238095238,0.0163003663003663,0.3003663003663
228273.411807,2691366.126422,0.507334066740007,0.015951595159516,0.0139347268060139,0.104693802713605,0.028969563623029,0.329116244957829
228773.411807,2691366.126422,0.226923076923077,0.0139194139194139,0,0.122893772893773,0.344505494505495,0.291758241758242
229273.411807,2691366.126422,0.102564102564103,0.125641025641026,0.000732600732600733,0.0225274725274725,0.227838827838828,0.520695970695971
229773.411807,2691366.126422,0.059039237257059,0.0874587458745875,0.0606894022735607,0.0764576457645765,0.1001100110011,0.616244957829116
230273.411807,2691366.126422,0.0950549450549451,0.0598901098901099,0.00366300366300366,0.0179487179487179,0.0831501831501831,0.74029304029304
230773.411807,2691366.126422,0.121611721611722,0.0450549450549451,0,0.017032967032967,0.0655677655677656,0.750732600732601
231273.411807,2691366.126422,0.301980198019802,0.0436376971030436,0.00531719838650532,0.0506050605060506,0.114411441144114,0.484048404840484
231773.411807,2691366.126422,0.588644688644689,0.0223443223443223,0,0.0913919413919414,0.141208791208791,0.156410256410256
232273.411807,2691366.126422,0.532600732600733,0.0710622710622711,0.000366300366300366,0.0302197802197802,0.112454212454212,0.253296703296703
232773.411807,2691366.126422,0.384121745507884,0.0390539053905391,0,0.0044004400440044,0.07004033736707,0.502383571690502
233273.411807,2691366.126422,0.62014652014652,0.0144688644688645,0,0.00256410256410256,0.0399267399267399,0.322893772893773
233773.411807,2691366.126422,0.62967032967033,0.00164835164835165,0,0.000183150183150183,0.00567765567765568,0.362820512820513
234273.411807,2691366.126422,0.625412541254125,0.00311697836450312,0,0.0022002200220022,0.0275027502750275,0.341767510084342
234773.411807,2691366.126422,0.747985347985348,0.00128205128205128,0,0.000915750915750916,0.00421245421245421,0.245604395604396
235273.411807,2691366.126422,0.718315018315018,0.000183150183150183,0,0.000183150183150183,0.000915750915750916,0.28040293040293
235773.411807,2691366.126422,0.66960029336267,0,0,0,0,0.33039970663733
236273.411807,2691366.126422,0.688461538461538,0.0010989010989011,0,0.000366300366300366,0.000732600732600733,0.309340659340659
236773.411807,2691366.126422,0.843956043956044,0.000183150183150183,0,0,0.000183150183150183,0.155677655677656
237273.411807,2691366.126422,0.834137515078408,0.000301568154402895,0,0,0,0.165560916767189
224773.411807,2690866.126422,0.357938414500983,0.105699934483512,0,0.0917230836427168,0.226250272985368,0.218388294387421
225273.411807,2690866.126422,0.490745831042697,0.0659703133589885,0.000549752611324904,0.132673630199743,0.113982041414697,0.196078431372549
225773.411807,2690866.126422,0.165534960543219,0.09543035419343,0.00165167920719398,0.235456046981097,0.15342264635713,0.34850431271793
226273.411807,2690866.126422,0.0474967907573813,0.287364753346782,0.00696864111498258,0.343297267559142,0.184302218962039,0.130570328259674
226773.411807,2690866.126422,0.138171156312992,0.099321971779366,0.00128275609309144,0.238592633315008,0.288620120945574,0.234011361553967
227273.411807,2690866.126422,0.0622132501376399,0.107542668379519,0.0176179115434025,0.24499908240044,0.181684712791338,0.38594237474766
227773.411807,2690866.126422,0.0832569227947919,0.0462130937098845,0.0225563909774436,0.456812763616358,0.336695397029158,0.0544654318723638
228273.411807,2690866.126422,0.00219901044529962,0.0141103170240059,0.0100787978742899,0.482499541872824,0.404434671064688,0.0866776617188932
228773.411807,2690866.126422,0.00146815929528354,0.0106441548908057,0.0047715177096715,0.640851532391264,0.318040007340796,0.0242246283721784
229273.411807,2690866.126422,0,0.0216394645149459,0,0.469833119383825,0.466348798826334,0.0421786172748946
229773.411807,2690866.126422,0.0225398570643211,0.0502107385010079,0.0274876305662452,0.539124060839289,0.256001466006964,0.104636247022173
230273.411807,2690866.126422,0.0247751881079097,0.111763626353459,0.00623967700495504,0.0469810974490732,0.166452560102771,0.643787850981832
230773.411807,2690866.126422,0.0731707317073171,0.041995231982395,0,0.0190720704199523,0.0651017788373372,0.800660187052998
231273.411807,2690866.126422,0.0243723657687374,0.0769653655854865,0.000366501740883269,0.0716510903426791,0.170056807769837,0.656587868792377
231773.411807,2690866.126422,0.0467975775371628,0.090475316571848,0.00789135621214902,0.109194347586713,0.154523765828592,0.591117636263535
232273.411807,2690866.126422,0.219328809829452,0.0330093526499175,0.000550155877498625,0.0850907757197873,0.127086007702182,0.534934898221163
232773.411807,2690866.126422,0.805021073850101,0.000916254352208173,0,0.000183250870441635,0.00348176653839106,0.190397654388858
233273.411807,2690866.126422,0.488713525417508,0.000550559735731327,0,0.00256927876674619,0.0104606349788952,0.497706001101119
233773.411807,2690866.126422,0.714469099578214,0.000366770584999083,0,0.00110031175499725,0.00311754997249221,0.280946268109298
234273.411807,2690866.126422,0.835074216602529,0.000183250870441635,0.000183250870441635,0.000916254352208173,0.00806303829943192,0.155579989004948
234773.411807,2690866.126422,0.736465406496605,0.000183519911910442,0,0.000917599559552211,0.00293631859056708,0.259497155441365
235273.411807,2690866.126422,0.563543003851091,0.000366770584999083,0,0.00293416467999266,0.010819732257473,0.422336328626444
235773.411807,2690866.126422,0.528129008612791,0.00201575957485798,0,0.00146600696353308,0.00879604178119846,0.45959318306762
236273.411807,2690866.126422,0.576436043310699,0.000550559735731327,0,0.000734079647641769,0.0012846393833731,0.420994677922555
236773.411807,2690866.126422,0.596368971208509,0.000366770584999083,0,0.00348432055749129,0.00696864111498258,0.392811296534018
237273.411807,2690866.126422,0.886946035574314,0,0,0,0,0.113053964425686
224773.411807,2690366.126422,0.728106573487661,0.00218388294387421,0,0.000873553177549683,0.0163791220790566,0.252456868311858
225273.411807,2690366.126422,0.854578754578755,0.000366300366300366,0,0.000915750915750916,0.00695970695970696,0.137179487179487
225773.411807,2690366.126422,0.504036697247706,0.00238532110091743,0,0.00348623853211009,0.0144954128440367,0.475596330275229
226273.411807,2690366.126422,0.081452944413869,0.0407264722069345,0.00605393505778756,0.285085305448542,0.246193359016694,0.340487983856173
226773.411807,2690366.126422,0.00183150183150183,0.151098901098901,0.000732600732600733,0.321245421245421,0.342124542124542,0.182967032967033
227273.411807,2690366.126422,0.0212844036697248,0.0840366972477064,0.00128440366972477,0.183669724770642,0.237981651376147,0.471743119266055
227773.411807,2690366.126422,0.0355898000366905,0.0254999082737112,0,0.0091726288754357,0.0275178866263071,0.902219776187855
228273.411807,2690366.126422,0.0703296703296703,0.0386446886446886,0,0.0021978021978022,0.0324175824175824,0.856410256410256
228773.411807,2690366.126422,0.0794495412844037,0.0699082568807339,0.00018348623853211,0.159816513761468,0.135045871559633,0.555596330275229
