"x","y","forest","agri","water","built","other","grass"
326273.411807,2751866.126422,0.987339449541284,0.00917431192660551,0,0,0,0.00348623853211009
326773.411807,2751866.126422,0.923500275178866,0.0541185103650706,0,0,0.000183452577508714,0.0221977618785544
327273.411807,2751866.126422,0.917765567765568,0.0576923076923077,0,0,0.000732600732600733,0.0238095238095238
327773.411807,2751866.126422,0.875596330275229,0.0911926605504587,0,0,0,0.0332110091743119
328273.411807,2751866.126422,0.842414235920015,0.0537516052100532,0,0,0.00532012474775271,0.0985140341221794
328773.411807,2751866.126422,0.856959706959707,0.0998168498168498,0,0,0,0.0432234432234432
329273.411807,2751866.126422,0.89394495412844,0.0788990825688073,0,0,0,0.0271559633027523
329773.411807,2751866.126422,0.913410383415887,0.0568702990277013,0,0,0,0.0297193175564117
330273.411807,2751866.126422,0.921794871794872,0.0736263736263736,0,0,0,0.00457875457875458
330773.411807,2751866.126422,0.857614678899083,0.141467889908257,0,0,0,0.000917431192660551
331273.411807,2751866.126422,0.913960741148413,0.0577875619152449,0,0,0,0.028251696936342
331773.411807,2751866.126422,0.772161172161172,0.00274725274725275,0,0,0.0021978021978022,0.222893772893773
332273.411807,2751866.126422,0.908990825688073,0,0,0,0.00036697247706422,0.0906422018348624
332773.411807,2751866.126422,0.843514951385067,0.00183452577508714,0,0.000183452577508714,0.00348559897266557,0.150981471289672
333273.411807,2751866.126422,0.93974358974359,0,0,0,0,0.0602564102564103
333773.411807,2751866.126422,0.847155963302752,0,0,0,0.00055045871559633,0.152293577981651
334273.411807,2751866.126422,0.493670886075949,0.0238488350761328,0.002568336085122,0.0799853237937993,0.0535681526325445,0.346358466336452
334773.411807,2751866.126422,0.100732600732601,0.114468864468864,0.00842490842490842,0.218498168498168,0.128388278388278,0.429487179487179
326273.411807,2751366.126422,0.994139194139194,0.00586080586080586,0,0,0,0
326773.411807,2751366.126422,0.964468864468864,0.0355311355311355,0,0,0,0
327273.411807,2751366.126422,0.941694169416942,0.0249358269160249,0,0,0,0.0333700036670334
327773.411807,2751366.126422,0.89010989010989,0.000183150183150183,0,0,0,0.10970695970696
328273.411807,2751366.126422,0.814835164835165,0.0234432234432234,0,0,0.0166666666666667,0.145054945054945
328773.411807,2751366.126422,0.760726072607261,0.022002200220022,0,0,0,0.217271727172717
329273.411807,2751366.126422,0.645970695970696,0.0481684981684982,0,0,0.000366300366300366,0.305494505494506
329773.411807,2751366.126422,0.875457875457875,0.0923076923076923,0,0,0,0.0322344322344322
330273.411807,2751366.126422,0.926842684268427,0.0731573157315732,0,0,0,0
330773.411807,2751366.126422,0.926007326007326,0.0514652014652015,0,0,0,0.0225274725274725
331273.411807,2751366.126422,0.916849816849817,0.0346153846153846,0,0,0.000732600732600733,0.0478021978021978
331773.411807,2751366.126422,0.78016134946828,0.00348368170150348,0,0.000366703337000367,0.0011001100110011,0.214888155482215
332273.411807,2751366.126422,0.797802197802198,0,0,0.000732600732600733,0.0122710622710623,0.189194139194139
332773.411807,2751366.126422,0.620512820512821,0.00604395604395604,0,0.00750915750915751,0.0413919413919414,0.324542124542125
333273.411807,2751366.126422,0.482948294829483,0.0044004400440044,0,0.000916758342500917,0.015034836817015,0.496699669966997
333773.411807,2751366.126422,0.297435897435897,0.0184981684981685,0,0.0521978021978022,0.0758241758241758,0.556043956043956
334273.411807,2751366.126422,0.0565934065934066,0.122710622710623,0.235164835164835,0.333699633699634,0.063003663003663,0.188827838827839
326273.411807,2750866.126422,0.970636814094329,0.0155991925123876,0,0,0,0.0137639933932832
326773.411807,2750866.126422,0.976343297267559,0.0225563909774436,0,0,0,0.00110031175499725
327273.411807,2750866.126422,0.96976360637713,0.0174088326919553,0,0,0,0.0128275609309144
327773.411807,2750866.126422,0.956872820701046,0.000183519911910442,0,0,0,0.0429436593870435
328273.411807,2750866.126422,0.86814597469283,0.00605171465248487,0,0,0.00256739409499358,0.123234916559692
328773.411807,2750866.126422,0.789078248121679,0.0896096756459593,0,0,0.000916254352208173,0.120395821880154
329273.411807,2750866.126422,0.858322628005139,0.00513855753349238,0,0.00220223894292531,0.00532207744540283,0.129014498073041
329773.411807,2750866.126422,0.87218045112782,0.0295250320924262,0,0.00311754997249221,0.00733541169998166,0.0878415551072804
330273.411807,2750866.126422,0.941359721458677,0.0492944841487997,0,0,0,0.00934579439252336
330773.411807,2750866.126422,0.80913929161314,0.153239126445219,0,0,0.000550559735731327,0.0370710222059093
331273.411807,2750866.126422,0.786356134238034,0.0438290849073904,0,0.0333761232349166,0.0632679259123418,0.0731707317073171
331773.411807,2750866.126422,0.22869708631116,0.0974894630749496,0.000366501740883269,0.0461792193512919,0.115081546637347,0.512186182884369
332273.411807,2750866.126422,0.400256927876675,0.0168838318957607,0,0.118737383006056,0.121673701596623,0.342448155624885
332773.411807,2750866.126422,0.204841371721988,0.0573995965523565,0.000183385292499542,0.192737942417018,0.130937098844673,0.413900605171465
333273.411807,2750866.126422,0.149166208539491,0.0727505955653289,0,0.087777166941543,0.136705149349459,0.553600879604178
333773.411807,2750866.126422,0.0768948430904753,0.0614791704899982,0.000917599559552211,0.239677004955038,0.189025509267756,0.432005872637181
326273.411807,2750366.126422,0.993211009174312,0.00678899082568807,0,0,0,0
326773.411807,2750366.126422,0.968262704090992,0.00715465052283985,0,0,0,0.0245826453861677
327273.411807,2750366.126422,0.9503663003663,0.00714285714285714,0,0,0,0.0424908424908425
327773.411807,2750366.126422,0.874495412844037,0.0328440366972477,0,0,0,0.0926605504587156
328273.411807,2750366.126422,0.680975967712346,0.0928270042194093,0,0.00091726288754357,0.0159603742432581,0.209319390937443
328773.411807,2750366.126422,0.846336996336996,0.0210622710622711,0,0.000183150183150183,0.00402930402930403,0.128388278388278
329273.411807,2750366.126422,0.839266055045872,0.0594495412844037,0,0,0,0.101284403669725
329773.411807,2750366.126422,0.878187488534214,0.11979453311319,0,0,0,0.00201797835259585
330273.411807,2750366.126422,0.858058608058608,0.134798534798535,0,0,0,0.00714285714285714
330773.411807,2750366.126422,0.733211009174312,0.0809174311926606,0,0.0036697247706422,0.0418348623853211,0.140366972477064
331273.411807,2750366.126422,0.114290955787929,0.327462850853054,0,0.024399192808659,0.0950284351495139,0.438818565400844
331773.411807,2750366.126422,0.0628205128205128,0.493406593406593,0.000549450549450549,0.00128205128205128,0.0137362637362637,0.428205128205128
332273.411807,2750366.126422,0.238715596330275,0.0605504587155963,0,0.189724770642202,0.0994495412844037,0.411559633027523
332773.411807,2750366.126422,0.171528159970648,0.111722619702807,0.000366905155017428,0.197394973399376,0.158869932122546,0.360117409649606
333273.411807,2750366.126422,0.0554945054945055,0.0529304029304029,0,0.611172161172161,0.133150183150183,0.147252747252747
333773.411807,2750366.126422,0.013394495412844,0.150642201834862,0.00275229357798165,0.187155963302752,0.165321100917431,0.480733944954128
334273.411807,2750366.126422,0.0157769216657494,0.0559530361401578,0.131902403228765,0.22546321775821,0.0416437350944781,0.52926068611264
326273.411807,2749866.126422,0.991758241758242,0.00824175824175824,0,0,0,0
326773.411807,2749866.126422,0.987179487179487,0.0115384615384615,0,0,0,0.00128205128205128
327273.411807,2749866.126422,0.913274660799413,0.00385038503850385,0,0,0.000366703337000367,0.0825082508250825
327773.411807,2749866.126422,0.699084249084249,0.0456043956043956,0,0.000366300366300366,0.00146520146520147,0.253479853479853
328273.411807,2749866.126422,0.771245421245421,0.00311355311355311,0,0.000366300366300366,0.0021978021978022,0.223076923076923
328773.411807,2749866.126422,0.683168316831683,0.000733406674000733,0,0.000366703337000367,0.00128346167950128,0.314448111477814
329273.411807,2749866.126422,0.933516483516484,0.00567765567765568,0,0,0.000549450549450549,0.0602564102564103
329773.411807,2749866.126422,0.953846153846154,0.0448717948717949,0,0,0,0.00128205128205128
330273.411807,2749866.126422,0.8997066373304,0.0968096809680968,0,0.0011001100110011,0.00183351668500183,0.00055005500550055
330773.411807,2749866.126422,0.423626373626374,0.157875457875458,0,0.0184981684981685,0.0866300366300366,0.313369963369963
331273.411807,2749866.126422,0.157875457875458,0.132967032967033,0,0.0282051282051282,0.0928571428571429,0.588095238095238
331773.411807,2749866.126422,0.112577924459113,0.422808947561423,0,0.0218188485515218,0.0815914924825816,0.361202786945361
332273.411807,2749866.126422,0.140842490842491,0.128021978021978,0,0.0895604395604396,0.155677655677656,0.485897435897436
332773.411807,2749866.126422,0.14981684981685,0.0763736263736264,0,0.197252747252747,0.168864468864469,0.407692307692308
333273.411807,2749866.126422,0.101576824349102,0.116611661166117,0.0011001100110011,0.375687568756876,0.132929959662633,0.272093876054272
333773.411807,2749866.126422,0.247619047619048,0.137362637362637,0.0197802197802198,0.181684981684982,0.105128205128205,0.308424908424908
326273.411807,2749366.126422,0.998348320792806,0.00165167920719398,0,0,0,0
326773.411807,2749366.126422,0.974692829635063,0,0,0,0,0.0253071703649367
327273.411807,2749366.126422,0.854132307128459,0,0,0,0,0.145867692871541
327773.411807,2749366.126422,0.890622132501376,0,0,0,0,0.109377867498624
328273.411807,2749366.126422,0.915275994865212,0,0,0,0,0.0847240051347882
328773.411807,2749366.126422,0.798424042514202,0,0,0.000183250870441635,0.00219901044529962,0.199193696170057
329273.411807,2749366.126422,0.973206092861075,0.00844191594788034,0,0,0.000367039823820885,0.0179849513672233
329773.411807,2749366.126422,0.779754263708051,0.164496607372089,0,0,0.0209059233449477,0.0348432055749129
330273.411807,2749366.126422,0.643943558731904,0.228513835440718,0,0.0443467106468756,0.0502107385010079,0.0329851566794942
330773.411807,2749366.126422,0.0818498807120573,0.384841255276197,0,0.00734079647641769,0.0486327766562672,0.47733529087906
331273.411807,2749366.126422,0.105996699064735,0.484870713368788,0,0.0524481936548689,0.0805061434072987,0.27617825050431
331773.411807,2749366.126422,0.0733003481766538,0.50229063588052,0,0.017042330951072,0.0518599963349826,0.355506688656771
332273.411807,2749366.126422,0.148651128647458,0.193062947329785,0,0.117085703798862,0.0941457148100569,0.447054505413837
332773.411807,2749366.126422,0.0544654318723638,0.379607555474051,0,0.0320924261874198,0.0654685494223363,0.468366037043829
333273.411807,2749366.126422,0.0296866410115448,0.219534542789078,0.0353674179952355,0.100787978742899,0.0925416895730255,0.522081729888217
333773.411807,2749366.126422,0.278583226280051,0.038172141677372,0.20756102037071,0.20315654248486,0.0772618829142962,0.195265186272711
326273.411807,2748866.126422,0.994495412844037,0.0055045871559633,0,0,0,0
326773.411807,2748866.126422,0.961108053568153,0.0172445422858191,0,0,0,0.0216474041460283
327273.411807,2748866.126422,0.974175824175824,0,0,0,0,0.0258241758241758
327773.411807,2748866.126422,0.909174311926605,0,0,0,0,0.0908256880733945
328273.411807,2748866.126422,0.778022381214456,0.00330214639515685,0,0,0,0.218675472390387
328773.411807,2748866.126422,0.958058608058608,0.000183150183150183,0,0,0,0.0417582417582418
329273.411807,2748866.126422,0.971559633027523,0.0161467889908257,0,0,0,0.0122935779816514
329773.411807,2748866.126422,0.476976701522656,0.284168042560998,0,0.00403595670519171,0.0548523206751055,0.179966978536048
330273.411807,2748866.126422,0.103296703296703,0.217948717948718,0,0.0945054945054945,0.236996336996337,0.347252747252747
330773.411807,2748866.126422,0.0396330275229358,0.507522935779817,0,0.00146788990825688,0.0172477064220183,0.434128440366972
331273.411807,2748866.126422,0.0429279031370391,0.661346541918914,0,0.0816363969913777,0.0757659145110989,0.13832324344157
331773.411807,2748866.126422,0.0950549450549451,0.219230769230769,0.00476190476190476,0.264652014652015,0.156776556776557,0.25952380952381
332273.411807,2748866.126422,0.131009174311927,0.261467889908257,0.00293577981651376,0.124587155963303,0.110275229357798,0.369724770642202
332773.411807,2748866.126422,0.0614566134654192,0.393322326178683,0.111906072280316,0.159970647587599,0.0487983856173179,0.224545954870666
333273.411807,2748866.126422,0.147252747252747,0.266849816849817,0.170512820512821,0.117948717948718,0.0397435897435897,0.257692307692308
326273.411807,2748366.126422,0.97032967032967,0.0293040293040293,0,0,0,0.000366300366300366
326773.411807,2748366.126422,0.750732600732601,0.129120879120879,0,0,0,0.12014652014652
327273.411807,2748366.126422,0.92995966263293,0.00715071507150715,0,0,0,0.0628896222955629
327773.411807,2748366.126422,0.910805860805861,0.00183150183150183,0,0.000732600732600733,0.0032967032967033,0.0833333333333333
328273.411807,2748366.126422,0.908608058608059,0.00989010989010989,0,0,0.00128205128205128,0.0802197802197802
328773.411807,2748366.126422,0.824165749908324,0.00586725339200587,0,0.0011001100110011,0.00605060506050605,0.162816281628163
329273.411807,2748366.126422,0.423992673992674,0.076007326007326,0,0.0386446886446886,0.118681318681319,0.342673992673993
329773.411807,2748366.126422,0.247985347985348,0.260622710622711,0,0.0254578754578755,0.157142857142857,0.308791208791209
330273.411807,2748366.126422,0.0892922625595893,0.416574990832417,0,0.0414374770810414,0.0735240190685735,0.379171250458379
330773.411807,2748366.126422,0.0342490842490843,0.498168498168498,0,0.0382783882783883,0.0923076923076923,0.336996336996337
331273.411807,2748366.126422,0.0551282051282051,0.688827838827839,0,0.0362637362637363,0.067032967032967,0.152747252747253
331773.411807,2748366.126422,0.224055738907224,0.230839750641731,0.0280528052805281,0.0203520352035204,0.0546387972130546,0.442060872753942
332273.411807,2748366.126422,0.0424908424908425,0.304945054945055,0.317948717948718,0.0945054945054945,0.0135531135531136,0.226556776556777
332773.411807,2748366.126422,0.0278388278388278,0.233882783882784,0.433699633699634,0.267032967032967,0.00750915750915751,0.03003663003663
333273.411807,2748366.126422,0.0605060506050605,0.141180784745141,0.182984965163183,0.384488448844884,0.0561056105610561,0.174734140080675
326273.411807,2747866.126422,0.811525050467976,0.0172508717195816,0,0.000183519911910442,0.000917599559552211,0.17012295834098
326773.411807,2747866.126422,0.901705483220246,0.0357601320374106,0,0,0,0.0625343847423437
327273.411807,2747866.126422,0.880703683342496,0.0529595015576324,0,0,0,0.0663368150998717
327773.411807,2747866.126422,0.892640851532391,0.00311983850247752,0,0,0,0.104239309965131
328273.411807,2747866.126422,0.862094260040345,0.00421786172748946,0,0.000183385292499542,0.00238400880249404,0.131120484137172
328773.411807,2747866.126422,0.553600879604178,0.00696353307678211,0,0.0324354040681693,0.0861279091075683,0.320872274143302
329273.411807,2747866.126422,0.12442650027528,0.171224077812443,0.00311983850247752,0.19086070838686,0.205358781427785,0.305010093595155
329773.411807,2747866.126422,0.122501375389694,0.118466898954704,0,0.192554557124519,0.179167430772052,0.387309737759032
330273.411807,2747866.126422,0.0657870624885468,0.534359538207806,0,0.0441634597764339,0.118563313175738,0.237126626351475
330773.411807,2747866.126422,0.0267939071389246,0.669847678473114,0.00972655533125344,0.0282620664342081,0.0567076527803267,0.208662139842173
331273.411807,2747866.126422,0.0775719787273061,0.497524298551256,0,0.103612690262241,0.0830735375022923,0.238217494956904
331773.411807,2747866.126422,0.0800806303829943,0.148616455928166,0.172805570826461,0.241341396371633,0.0615722924683892,0.295583654022357
332273.411807,2747866.126422,0.0104606349788952,0.106625068819967,0.274362268306111,0.580289961460818,0.017434391631492,0.0108276748027161
332773.411807,2747866.126422,0.0236567027324409,0.216944801026958,0.371538602604071,0.29616724738676,0.0194388410049514,0.0722538052448194
333273.411807,2747866.126422,0.139087410665201,0.11434854315558,0.0465457210921752,0.287337364852483,0.0919919369617006,0.320689023272861
326273.411807,2747366.126422,0.911376146788991,0.0018348623853211,0,0.000917431192660551,0.00715596330275229,0.0787155963302752
326773.411807,2747366.126422,0.946798752522473,0.0390753990093561,0,0,0,0.014125848468171
327273.411807,2747366.126422,0.924175824175824,0.0584249084249084,0,0,0,0.0173992673992674
327773.411807,2747366.126422,0.544220183486239,0.0139449541284404,0,0.0262385321100917,0.150091743119266,0.265504587155963
328273.411807,2747366.126422,0.280315538433315,0.117409649605577,0.00715465052283985,0.126398825903504,0.253714914694551,0.215006420840213
328773.411807,2747366.126422,0.112454212454212,0.245787545787546,0.00421245421245421,0.215934065934066,0.156593406593407,0.265018315018315
329273.411807,2747366.126422,0.0807339449541284,0.353394495412844,0.00972477064220183,0.0440366972477064,0.130825688073395,0.381284403669725
329773.411807,2747366.126422,0.0583379196477711,0.441753806640983,0.00953953403045313,0.0854889011190607,0.0961291506145661,0.308750687947166
330273.411807,2747366.126422,0.0412087912087912,0.682783882783883,0.0043956043956044,0.01996336996337,0.0556776556776557,0.195970695970696
330773.411807,2747366.126422,0.0460550458715596,0.684587155963303,0.0508256880733945,0.0291743119266055,0.0559633027522936,0.133394495412844
331273.411807,2747366.126422,0.0728306732709595,0.449642267473858,0.0933773619519354,0.113190240322877,0.0592551825353146,0.211704274445056
331773.411807,2747366.126422,0.0434065934065934,0.215567765567766,0.453296703296703,0.168681318681319,0.0293040293040293,0.0897435897435897
332273.411807,2747366.126422,0.0135779816513761,0.176330275229358,0.424036697247706,0.334311926605505,0.0267889908256881,0.024954128440367
332773.411807,2747366.126422,0.0110071546505228,0.156118143459916,0.439919280865896,0.28104934874335,0.0172445422858191,0.0946615299944964
333273.411807,2747366.126422,0.168498168498169,0.0663003663003663,0.121062271062271,0.352014652014652,0.0478021978021978,0.244322344322344
326273.411807,2746866.126422,0.497985347985348,0.0133699633699634,0,0.00842490842490842,0.0840659340659341,0.396153846153846
326773.411807,2746866.126422,0.548168498168498,0.121062271062271,0,0.0316849816849817,0.135347985347985,0.163736263736264
327273.411807,2746866.126422,0.495966263292996,0.0757242390905757,0.000916758342500917,0.104877154382105,0.169233590025669,0.153281994866153
327773.411807,2746866.126422,0.1996336996337,0.0534798534798535,0.00347985347985348,0.348717948717949,0.258424908424908,0.136263736263736
328273.411807,2746866.126422,0.0847985347985348,0.122527472527473,0.00695970695970696,0.517948717948718,0.152197802197802,0.115567765567766
328773.411807,2746866.126422,0.0282361569490282,0.43949394939494,0.000366703337000367,0.0218188485515218,0.0561056105610561,0.453978731206454
329273.411807,2746866.126422,0.0358974358974359,0.625457875457875,0,0.00750915750915751,0.0527472527472527,0.278388278388278
329773.411807,2746866.126422,0.0531135531135531,0.141025641025641,0.00201465201465201,0.0470695970695971,0.0976190476190476,0.659157509157509
330273.411807,2746866.126422,0.0359369270260359,0.36982031536487,0.0412541254125413,0.0104510451045105,0.046021268793546,0.496516318298497
330773.411807,2746866.126422,0.052014652014652,0.2996336996337,0.243223443223443,0.0435897435897436,0.0393772893772894,0.322161172161172
331273.411807,2746866.126422,0.01996336996337,0.148351648351648,0.498717948717949,0.20952380952381,0.034981684981685,0.0884615384615385
331773.411807,2746866.126422,0.00825082508250825,0.215438210487715,0.555372203887055,0.126145947928126,0.0168683535020169,0.0779244591125779
332273.411807,2746866.126422,0.0113553113553114,0.167582417582418,0.516666666666667,0.213186813186813,0.041025641025641,0.0501831501831502
332773.411807,2746866.126422,0.0391941391941392,0.243772893772894,0.298534798534799,0.222161172161172,0.0358974358974359,0.16043956043956
326273.411807,2746366.126422,0.405946045145898,0.0609286107542668,0,0.00770783630023858,0.0724903652046247,0.452927142594972
326773.411807,2746366.126422,0.272693929946818,0.176600036677059,0,0.01998899688245,0.0959105079772602,0.434806528516413
327273.411807,2746366.126422,0.420743998533993,0.0852116547553601,0,0.0668865677111966,0.128642111050027,0.298515667949423
327773.411807,2746366.126422,0.170857037988622,0.0546889337493118,0.00165167920719398,0.320058726371811,0.292897779409066,0.159845843273995
328273.411807,2746366.126422,0.0735375022923162,0.26810929763433,0,0.0568494406748579,0.147258389877132,0.454245369521364
328773.411807,2746366.126422,0.101520982224666,0.602712112882536,0,0.0295033901411032,0.0406816932380429,0.225581821513652
329273.411807,2746366.126422,0.0541383740135805,0.469260414755001,0.00458799779776106,0.0794641218572215,0.105890989172325,0.286658102404111
329773.411807,2746366.126422,0.024390243902439,0.328993214744178,0.247386759581882,0.141390060517147,0.0399779937649001,0.217861727489455
330273.411807,2746366.126422,0.00623052959501558,0.156312992486714,0.63899578522998,0.131390874106652,0.0311526479750779,0.0359171706065604
330773.411807,2746366.126422,0.015782712424298,0.187557349972472,0.350706551660855,0.205909341163516,0.0726738851165352,0.167370159662323
331273.411807,2746366.126422,0.0159545204474601,0.189987163029525,0.386026040711535,0.166513845589584,0.0452961672473868,0.196222262974509
331773.411807,2746366.126422,0.0175920835623969,0.1905809052593,0.443833608209639,0.129558365402236,0.0492944841487997,0.169140553417629
332273.411807,2746366.126422,0.0233070288126262,0.245733162048082,0.348320792806019,0.113231785648743,0.0699210864378785,0.199486144246651
332773.411807,2746366.126422,0.0696864111498258,0.147625160462131,0.172565560242069,0.143223913442142,0.0779387493123052,0.388960205391528
326273.411807,2745866.126422,0.084954128440367,0.34,0,0.00623853211009174,0.106238532110092,0.46256880733945
326773.411807,2745866.126422,0.0566868464501926,0.637130801687764,0,0.00605393505778756,0.0616400660429279,0.238488350761328
327273.411807,2745866.126422,0.130769230769231,0.189377289377289,0,0.00622710622710623,0.0624542124542125,0.611172161172161
327773.411807,2745866.126422,0.0943119266055046,0.0759633027522936,0.00073394495412844,0.43302752293578,0.158715596330275,0.237247706422018
328273.411807,2745866.126422,0.0684278114107503,0.642634379013025,0,0.0170610897083104,0.0454962392221611,0.226380480645753
328773.411807,2745866.126422,0.0690476190476191,0.614835164835165,0.0010989010989011,0.0172161172161172,0.095970695970696,0.201831501831502
329273.411807,2745866.126422,0.0506422018348624,0.837614678899083,0.00440366972477064,0.0148623853211009,0.021651376146789,0.0708256880733945
329773.411807,2745866.126422,0.0117409649605577,0.290588882773803,0.370023848835076,0.0225646670335718,0.0700788846083287,0.235002751788663
330273.411807,2745866.126422,0.0529304029304029,0.185347985347985,0.333150183150183,0.137545787545788,0.108424908424908,0.182600732600733
330773.411807,2745866.126422,0.026605504587156,0.212844036697248,0.301467889908257,0.15743119266055,0.0644036697247706,0.237247706422018
331273.411807,2745866.126422,0.0519170794349661,0.153916712529811,0.333333333333333,0.279398275545771,0.0675105485232067,0.113924050632911
331773.411807,2745866.126422,0.0296703296703297,0.200549450549451,0.260622710622711,0.210805860805861,0.104029304029304,0.194322344322344
332273.411807,2745866.126422,0.0811009174311927,0.175779816513761,0.218348623853211,0.148440366972477,0.0660550458715596,0.310275229357798
332773.411807,2745866.126422,0.143643368189323,0.157218858924968,0.0794349660612732,0.173179233168226,0.086589616584113,0.359933957072097
326273.411807,2745366.126422,0.0983516483516483,0.238461538461538,0,0.0335164835164835,0.207692307692308,0.421978021978022
326773.411807,2745366.126422,0.0794871794871795,0.437728937728938,0,0.0245421245421245,0.144871794871795,0.313369963369963
327273.411807,2745366.126422,0.0518885221855519,0.573157315731573,0,0.015034836817015,0.105793912724606,0.254125412541254
327773.411807,2745366.126422,0.211721611721612,0.136996336996337,0,0.0476190476190476,0.123809523809524,0.47985347985348
328273.411807,2745366.126422,0.0791208791208791,0.508974358974359,0.000549450549450549,0.0593406593406593,0.130952380952381,0.221062271062271
328773.411807,2745366.126422,0.0931426475980931,0.822332233223322,0,0.000366703337000367,0.0238357169050238,0.0603226989365603
329273.411807,2745366.126422,0.0230769230769231,0.902380952380952,0,0,0.00805860805860806,0.0664835164835165
329773.411807,2745366.126422,0.0364468864468864,0.799450549450549,0,0.00256410256410256,0.0265567765567766,0.134981684981685
330273.411807,2745366.126422,0.0212687935460213,0.826182618261826,0.00696736340300697,0.0234690135680235,0.0383204987165383,0.0837917125045838
330773.411807,2745366.126422,0.0620879120879121,0.361172161172161,0.300915750915751,0.067032967032967,0.0527472527472527,0.156043956043956
331273.411807,2745366.126422,0.0208791208791209,0.779487179487179,0.0782051282051282,0.0256410256410256,0.0111721611721612,0.0846153846153846
331773.411807,2745366.126422,0.0430876420975431,0.496699669966997,0.24019068573524,0.0909424275760909,0.0196186285295196,0.109460946094609
332273.411807,2745366.126422,0.0384615384615385,0.446886446886447,0.0824175824175824,0.107509157509158,0.0543956043956044,0.27032967032967
332773.411807,2745366.126422,0.231868131868132,0.0985347985347985,0.0573260073260073,0.188461538461538,0.0884615384615385,0.335347985347985
326273.411807,2744866.126422,0.662690401908607,0.166269040190861,0,0.0012846393833731,0.0275279867865663,0.142227931730593
326773.411807,2744866.126422,0.0610673024023473,0.409315972858977,0,0.0183385292499542,0.152576563359619,0.358701632129103
327273.411807,2744866.126422,0.0787978742899029,0.447681876488913,0,0.0441634597764339,0.114898295766905,0.314458493677845
327773.411807,2744866.126422,0.0945127546338778,0.545054138374014,0,0.0537713341897596,0.0989172325197284,0.207744540282621
328273.411807,2744866.126422,0.0434623143223913,0.722538052448194,0,0.00678525582248304,0.0372272143774069,0.189987163029525
328773.411807,2744866.126422,0.0905259299981675,0.538207806487081,0.000916254352208173,0.0525929998167491,0.119479567527946,0.198277441817849
329273.411807,2744866.126422,0.0273444668746559,0.715177096714994,0.0528537346302074,0.0519361350706552,0.0583593319875206,0.0943292347219673
329773.411807,2744866.126422,0.0581331377223547,0.515679442508711,0.0850907757197873,0.094810196222263,0.11186502842472,0.134421419402164
330273.411807,2744866.126422,0.0839288986622686,0.546637346527396,0.108118013560564,0.028587135788895,0.0813633864760858,0.15136521898479
330773.411807,2744866.126422,0.0464305377133419,0.773352908790604,0.0835015599192512,0.00330335841438796,0.0187190310148651,0.07469260414755
331273.411807,2744866.126422,0.028791490922428,0.889418668622776,0.00916926462497708,0.000550155877498625,0.00880249403997799,0.0632679259123418
331773.411807,2744866.126422,0.0146600696353308,0.836540223566062,0.00586402785413231,0.0317024005864028,0.0342679127725857,0.0769653655854865
332273.411807,2744866.126422,0.0170673518076711,0.582675720315654,0.046063497889521,0.063497889521013,0.0790970820334006,0.21159845843274
332773.411807,2744866.126422,0.240601503759398,0.108930863744728,0.0465798642948836,0.21199339812947,0.0852741610122868,0.306620209059233
326273.411807,2744366.126422,0.704954128440367,0.153211009174312,0,0.00146788990825688,0.0278899082568807,0.112477064220183
326773.411807,2744366.126422,0.0365070629242341,0.698403962575674,0,0.000550357732526142,0.0223812144560631,0.242157402311502
327273.411807,2744366.126422,0.0553113553113553,0.565384615384615,0,0.0232600732600733,0.0963369963369963,0.25970695970696
327773.411807,2744366.126422,0.035045871559633,0.70697247706422,0.00440366972477064,0.0036697247706422,0.024954128440367,0.224954128440367
328273.411807,2744366.126422,0.0420106402494955,0.615483397541735,0.0442120711796001,0.089157952669235,0.0476976701522656,0.161438268207668
328773.411807,2744366.126422,0.0391941391941392,0.616300366300366,0.106776556776557,0.0598901098901099,0.0441391941391941,0.133699633699634
329273.411807,2744366.126422,0.0546788990825688,0.851009174311927,0.00642201834862385,0.0137614678899083,0.0126605504587156,0.0614678899082569
329773.411807,2744366.126422,0.0236653824986241,0.841130067877454,0,0.00715465052283985,0.0409099247844432,0.0871399743166392
330273.411807,2744366.126422,0.00274725274725275,0.921062271062271,0,0.000732600732600733,0.00842490842490842,0.067032967032967
330773.411807,2744366.126422,0.0196330275229358,0.817614678899083,0.00697247706422018,0.00715596330275229,0.035045871559633,0.113577981651376
331273.411807,2744366.126422,0.0253164556962025,0.822234452394056,0.0480645753072831,0.0201797835259585,0.0264171711612548,0.0577875619152449
331773.411807,2744366.126422,0.0509157509157509,0.525274725274725,0.017032967032967,0.0692307692307692,0.0802197802197802,0.257326007326007
332273.411807,2744366.126422,0.024954128440367,0.174311926605505,0.265137614678899,0.183119266055046,0.0948623853211009,0.257614678899083
332773.411807,2744366.126422,0.0849385433865346,0.0752155567785727,0.0288020546688681,0.406347459181801,0.0875068794716566,0.317189506512566
326273.411807,2743866.126422,0.0948717948717949,0.563369963369963,0,0.00238095238095238,0.121428571428571,0.217948717948718
326773.411807,2743866.126422,0.0778388278388278,0.683333333333333,0,0.00201465201465201,0.0765567765567766,0.16025641025641
327273.411807,2743866.126422,0.0531719838650532,0.477997799779978,0.000366703337000367,0.085991932526586,0.151998533186652,0.23047304730473
327773.411807,2743866.126422,0.0565934065934066,0.803113553113553,0,0.00531135531135531,0.0664835164835165,0.0684981684981685
328273.411807,2743866.126422,0.0133699633699634,0.937362637362637,0,0,0.0010989010989011,0.0481684981684982
328773.411807,2743866.126422,0.0418041804180418,0.858452511917858,0.000366703337000367,0.00348368170150348,0.0359369270260359,0.05995599559956
329273.411807,2743866.126422,0.0994505494505494,0.770879120879121,0,0.000366300366300366,0.0432234432234432,0.0860805860805861
329773.411807,2743866.126422,0.0613553113553114,0.866849816849817,0,0.000732600732600733,0.0294871794871795,0.0415750915750916
330273.411807,2743866.126422,0.0555555555555556,0.794279427942794,0,0.00128346167950128,0.0462046204620462,0.102676934360103
330773.411807,2743866.126422,0.021978021978022,0.903113553113553,0,0.000183150183150183,0.0216117216117216,0.0531135531135531
331273.411807,2743866.126422,0.0119047619047619,0.903846153846154,0.000183150183150183,0.00146520146520147,0.0241758241758242,0.0584249084249084
331773.411807,2743866.126422,0.0383204987165383,0.505867253392006,0.0795746241290796,0.0421708837550422,0.066006600660066,0.268060139347268
332273.411807,2743866.126422,0.0241758241758242,0.184249084249084,0.127838827838828,0.144322344322344,0.0987179487179487,0.420695970695971
332773.411807,2743866.126422,0.0397435897435897,0.0787545787545788,0.0992673992673993,0.364468864468864,0.112087912087912,0.305677655677656
326273.411807,2743366.126422,0.270691870067902,0.542117819783447,0,0.00422095797394017,0.0229399889888053,0.160029363185906
326773.411807,2743366.126422,0.0533651201173666,0.76398312855309,0,0.00256739409499358,0.0401613790573996,0.13992297817715
327273.411807,2743366.126422,0.0793476269012278,0.614256917720359,0.00109950522264981,0.0133773135422393,0.127359354956936,0.164559281656588
327773.411807,2743366.126422,0.00385391815011929,0.948981464488897,0,0,0.0012846393833731,0.0458799779776106
328273.411807,2743366.126422,0.0194388410049514,0.971208509077572,0,0.000183385292499542,0.00146708233999633,0.00770218228498074
328773.411807,2743366.126422,0.0564412680960235,0.788345244639912,0,0.00219901044529962,0.074216602528862,0.0787978742899029
329273.411807,2743366.126422,0.0862543585979079,0.80088089557717,0,0.000917599559552211,0.0524866948063865,0.0594604514589833
329773.411807,2743366.126422,0.0977443609022556,0.689528699798276,0,0.00256739409499358,0.0709701081973226,0.139189437007152
330273.411807,2743366.126422,0.0841121495327103,0.68719076415613,0,0.00329851566794942,0.074216602528862,0.151181968114349
330773.411807,2743366.126422,0.0179849513672233,0.903835566158928,0,0.000550559735731327,0.0170673518076711,0.060561570930446
331273.411807,2743366.126422,0.0414450761048964,0.856592701265358,0,0.0201723821749496,0.0133871263524665,0.068402714102329
331773.411807,2743366.126422,0.0454462158695254,0.307678211471504,0.200293201392707,0.155763239875389,0.0663368150998717,0.224482316291002
332273.411807,2743366.126422,0.065149568728207,0.162048082216921,0.184621031381905,0.175995595522114,0.0743255643237291,0.337860157827124
332773.411807,2743366.126422,0.0218228498074454,0.153676875114616,0.222629745094443,0.334678158811663,0.0537318907023657,0.213460480469466
326273.411807,2742866.126422,0.0484403669724771,0.805504587155963,0,0.00055045871559633,0.0434862385321101,0.102018348623853
326773.411807,2742866.126422,0.0328380113740598,0.814162538983673,0,0.0124747752705926,0.0229315721885892,0.117593102183086
327273.411807,2742866.126422,0.0675824175824176,0.741208791208791,0,0.00824175824175824,0.0736263736263736,0.109340659340659
327773.411807,2742866.126422,0.0587155963302752,0.791926605504587,0,0.00275229357798165,0.0242201834862385,0.122385321100917
328273.411807,2742866.126422,0.0533847000550358,0.838011374059806,0,0.000733810310034856,0.0212804989910108,0.086589616584113
328773.411807,2742866.126422,0.0763736263736264,0.806043956043956,0.000183150183150183,0.00128205128205128,0.0153846153846154,0.100732600732601
329273.411807,2742866.126422,0.0755963302752294,0.776697247706422,0,0.00220183486238532,0.0805504587155963,0.064954128440367
329773.411807,2742866.126422,0.0385250412768299,0.916162172078518,0,0.000183452577508714,0.00898917629792699,0.0361401577692167
330273.411807,2742866.126422,0.0628205128205128,0.846886446886447,0.000183150183150183,0.0126373626373626,0.0217948717948718,0.0556776556776557
330773.411807,2742866.126422,0.0137614678899083,0.864954128440367,0,0.00018348623853211,0.0245871559633028,0.0965137614678899
331273.411807,2742866.126422,0.0649422124380847,0.820033021463952,0,0.00146762062006971,0.0359567051917079,0.077600440286186
331773.411807,2742866.126422,0.0673992673992674,0.647802197802198,0.0223443223443223,0.0172161172161172,0.0679487179487179,0.177289377289377
332273.411807,2742866.126422,0.0251376146788991,0.331926605504587,0.103302752293578,0.117614678899083,0.0957798165137615,0.326238532110092
326273.411807,2742366.126422,0.0241758241758242,0.792124542124542,0,0.0141025641025641,0.0521978021978022,0.117399267399267
326773.411807,2742366.126422,0.132783882783883,0.152380952380952,0.000183150183150183,0.243406593406593,0.266666666666667,0.204578754578755
327273.411807,2742366.126422,0.0720572057205721,0.662449578291162,0,0.0284195086175284,0.079024569123579,0.158049138247158
327773.411807,2742366.126422,0.0620879120879121,0.776923076923077,0,0.000366300366300366,0.0351648351648352,0.125457875457875
328273.411807,2742366.126422,0.0417582417582418,0.872527472527473,0,0.000183150183150183,0.0139194139194139,0.0716117216117216
328773.411807,2742366.126422,0.0977264393105977,0.807480748074808,0,0.000733406674000733,0.00861752841950862,0.0854418775210854
329273.411807,2742366.126422,0.073992673992674,0.759523809523809,0,0.00183150183150183,0.0424908424908425,0.122161172161172
329773.411807,2742366.126422,0.0285714285714286,0.931868131868132,0,0,0.00201465201465201,0.0375457875457875
330273.411807,2742366.126422,0.0469380271360469,0.834800146681335,0,0.00128346167950128,0.0276861019435277,0.0892922625595893
330773.411807,2742366.126422,0.0375457875457875,0.851465201465201,0,0.00402930402930403,0.0258241758241758,0.0811355311355311
331273.411807,2742366.126422,0.0113553113553114,0.885164835164835,0,0.000366300366300366,0.00622710622710623,0.0968864468864469
331773.411807,2742366.126422,0.0170517051705171,0.891089108910891,0.00825082508250825,0.00678401173450678,0.0291529152915292,0.0476714338100477
332273.411807,2742366.126422,0.0373626373626374,0.338095238095238,0.136080586080586,0.1,0.0578754578754579,0.330586080586081
326273.411807,2741866.126422,0.051018535511103,0.760873554780694,0,0.000734079647641769,0.0431271792989539,0.144246650761608
326773.411807,2741866.126422,0.0960938932697598,0.511278195488722,0,0.111131487254722,0.139556207592151,0.141940216394645
327273.411807,2741866.126422,0.081729888216969,0.737035000916254,0,0.00348176653839106,0.0535092541689573,0.124244090159428
327773.411807,2741866.126422,0.0601945311066251,0.836667278399706,0,0.000550559735731327,0.0216553496054322,0.080932281152505
328273.411807,2741866.126422,0.0535485054098661,0.876581698147809,0,0,0.0117366587199707,0.0581331377223547
328773.411807,2741866.126422,0.129008612790911,0.685908008063038,0.000183250870441635,0.00824628916987356,0.0573575224482316,0.119296316657504
329273.411807,2741866.126422,0.051018535511103,0.832446320425766,0,0.00734079647641769,0.0288126261699394,0.0803817214167737
329773.411807,2741866.126422,0.0412616908123968,0.895286997982762,0,0,0.0146708233999633,0.0487804878048781
330273.411807,2741866.126422,0.0546087593916071,0.868059373282023,0,0.000183250870441635,0.0238226131574125,0.0533260032985157
330773.411807,2741866.126422,0.00789135621214902,0.985318407047165,0,0,0.00183519911910442,0.00495503762158194
331273.411807,2741866.126422,0.0122868145974693,0.952686594535118,0,0,0.00330093526499175,0.0317256556024207
331773.411807,2741866.126422,0.0342679127725857,0.821330401319406,0,0.0128275609309144,0.0404984423676012,0.0910756826094924
332273.411807,2741866.126422,0.0645990089924757,0.289594420994678,0.0178014314553129,0.189576069003487,0.0926775555147734,0.345751514039273
326273.411807,2741366.126422,0.0519266055045872,0.862018348623853,0,0.00018348623853211,0.0179816513761468,0.0678899082568807
326773.411807,2741366.126422,0.0871399743166392,0.564483580994313,0,0.0601724454228582,0.122913226930838,0.165290772335351
327273.411807,2741366.126422,0.0186813186813187,0.893956043956044,0,0.000732600732600733,0.0115384615384615,0.0750915750915751
327773.411807,2741366.126422,0.0539449541284404,0.876146788990826,0,0.00110091743119266,0.0207339449541284,0.0480733944954128
328273.411807,2741366.126422,0.0607228031553843,0.802421574023115,0,0.00953953403045313,0.0330214639515685,0.094294624839479
328773.411807,2741366.126422,0.078021978021978,0.744139194139194,0.000915750915750916,0.0241758241758242,0.0853479853479854,0.0673992673992674
329273.411807,2741366.126422,0.0825688073394495,0.640550458715596,0,0.016697247706422,0.0844036697247706,0.175779816513761
329773.411807,2741366.126422,0.102916895982389,0.658227848101266,0,0.0418271876719868,0.0805356815263254,0.116492386718033
330273.411807,2741366.126422,0.0578754578754579,0.906776556776557,0,0,0.00750915750915751,0.0278388278388278
330773.411807,2741366.126422,0.0227522935779817,0.944954128440367,0,0.00110091743119266,0.00275229357798165,0.0284403669724771
331273.411807,2741366.126422,0.0550357732526142,0.811777655476059,0,0.00165107319757843,0.0504494588148963,0.0810860392588516
331773.411807,2741366.126422,0.0423076923076923,0.816483516483516,0,0.00457875457875458,0.0470695970695971,0.0895604395604396
332273.411807,2741366.126422,0.0590825688073394,0.396146788990826,0.0526605504587156,0.132660550458716,0.0739449541284404,0.285504587155963
326273.411807,2740866.126422,0.0635531135531135,0.727655677655678,0,0.0807692307692308,0.0478021978021978,0.0802197802197802
326773.411807,2740866.126422,0.0688644688644689,0.393040293040293,0.00347985347985348,0.316666666666667,0.109157509157509,0.108791208791209
