"x","y","forest","agri","water","built","other","grass"
313273.411807,2724366.126422,0.291614518147685,0.158948685857322,0.312265331664581,0.00187734668335419,0.0150187734668335,0.220275344180225
313773.411807,2724366.126422,0.574156588160407,0.186823679185232,0.0356460852959898,0.00127307447485678,0.0264162953532782,0.175684277530236
314273.411807,2724366.126422,0.83004455760662,0.0366008911521324,0.0133672819859962,0.0108211330362826,0.0891152132399745,0.0200509229789943
314773.411807,2724366.126422,0.915977084659453,0.0216422660725652,0,0.00477402928071292,0.0194143857415659,0.0381922342457034
315273.411807,2724366.126422,0.914385741565882,0.00381922342457034,0.000318268618714195,0.0101845957988542,0.0439210693825589,0.0273711012094207
315773.411807,2724366.126422,0.773392743475493,0,0,0,0,0.226607256524507
316273.411807,2724366.126422,0.936664544875875,0,0,0,0,0.0633354551241248
316773.411807,2724366.126422,0.957352005092298,0.000318268618714195,0,0.000318268618714195,0.00159134309357097,0.0404201145767027
317273.411807,2724366.126422,0.836409929980904,0,0,0,0,0.163590070019096
317773.411807,2724366.126422,0.878103119032463,0,0,0,0,0.121896880967537
318273.411807,2724366.126422,0.682049649904519,0,0,0,0,0.317950350095481
318773.411807,2724366.126422,0.751432208784214,0.00572883513685551,0,0.00477402928071292,0.00763844684914067,0.230426479949077
319273.411807,2724366.126422,0.556970082749841,0.00063653723742839,0,0.000954805856142584,0.00222788033099936,0.439210693825589
319773.411807,2724366.126422,0.655633354551241,0.000318268618714195,0,0.000318268618714195,0.00063653723742839,0.343093570973902
320273.411807,2724366.126422,0.657224697644812,0.050604710375557,0.0480585614258434,0.00827498408656906,0.00509229789942712,0.230744748567791
320773.411807,2724366.126422,0.0213239974538511,0.0840229153405474,0.0872056015276894,0.0210057288351369,0.0197326543602801,0.766709102482495
321273.411807,2724366.126422,0.145767027371101,0.0846594525779758,0.106301718650541,0.00795671546785487,0.0181413112667091,0.637173774665818
321773.411807,2724366.126422,0.331317632081477,0.0957988542329726,0.00286441756842775,0.0499681731381286,0.104392106938256,0.415658816040738
322273.411807,2724366.126422,0.838319541693189,0.00286441756842775,0,0.00063653723742839,0.00572883513685551,0.152450668364099
322773.411807,2724366.126422,0.753660089115213,0,0,0,0.000318268618714195,0.246021642266073
323273.411807,2724366.126422,0.81413112667091,0,0,0,0,0.18586887332909
323773.411807,2724366.126422,0.325907065563335,0.0477402928071292,0.00891152132399745,0.0235518777848504,0.0283259070655633,0.565563335455124
324273.411807,2724366.126422,0.741884150222788,0.0111394016549968,0,0.00222788033099936,0.0120942075111394,0.232654360280076
324773.411807,2724366.126422,0.722469764481222,0.00891152132399745,0,0,0.0136855506047104,0.25493316359007
325273.411807,2724366.126422,0.856460852959898,0.00381922342457034,0,0.000318268618714195,0.000954805856142584,0.138446849140675
325773.411807,2724366.126422,0.497450605481198,0.00701083492670491,0,0.0082855321861058,0.0140216698534098,0.473231357552581
313273.411807,2723866.126422,0.676406926406926,0.0108225108225108,0,0,0.0018037518037518,0.310966810966811
313773.411807,2723866.126422,0.45959318306762,0.131024372365769,0.10646875572659,0.00568077698369067,0.00787978742899029,0.289353124427341
314273.411807,2723866.126422,0.534042943659387,0.126078179482474,0.172508717195816,0.00789135621214902,0.00623967700495504,0.153239126445219
314773.411807,2723866.126422,0.87199706583532,0.00275077938749312,0,0.00146708233999633,0.0102695763799743,0.113515496057216
315273.411807,2723866.126422,0.890049477735019,0.00293201392706615,0,0.00366501740883269,0.0227231079347627,0.0806303829943192
315773.411807,2723866.126422,0.929161314002569,0,0,0,0,0.0708386859974307
316273.411807,2723866.126422,0.807078672290482,0,0,0,0,0.192921327709518
316773.411807,2723866.126422,0.898662268645776,0,0,0,0,0.101337731354224
317273.411807,2723866.126422,0.866948063864929,0,0,0,0,0.133051936135071
317773.411807,2723866.126422,0.816798092792958,0.000366770584999083,0,0,0,0.182835136622043
318273.411807,2723866.126422,0.573025471870991,0.043613707165109,0.00696353307678211,0.00311526479750779,0.0410481949789262,0.332233828110684
318773.411807,2723866.126422,0.403927326114883,0.138741053404294,0.00385391815011929,0.000734079647641769,0.0144980730409249,0.438245549642136
319273.411807,2723866.126422,0.57986429488355,0.0104529616724739,0,0.0194388410049514,0.0265908674124335,0.363653035026591
319773.411807,2723866.126422,0.497892614989921,0.0868609125893348,0,0,0.00311526479750779,0.412131207623236
320273.411807,2723866.126422,0.306478252890439,0.158744723802533,0.17856487428886,0.026977427050835,0.00660671682877592,0.322628005138558
320773.411807,2723866.126422,0.210526315789474,0.0832569227947919,0.0933431138822666,0.0258573262424354,0.048413717219879,0.538602604071153
321273.411807,2723866.126422,0.400769653655855,0.0199743448781382,0.000916254352208173,0.0379329301814184,0.0498442367601246,0.490562580172256
321773.411807,2723866.126422,0.179298953936502,0.0192695907505964,0.319875206459901,0.04147550009176,0.0141310332171041,0.425949715544137
322273.411807,2723866.126422,0.864478268842839,0.000366770584999083,0,0,0,0.135154960572162
322773.411807,2723866.126422,0.73538574308228,0.0113615539673813,0,0.000183250870441635,0.00109950522264981,0.251969946857248
323273.411807,2723866.126422,0.824004404477886,0.000183519911910442,0,0.00256927876674619,0.00256927876674619,0.170673518076711
323773.411807,2723866.126422,0.421786172748946,0.0232899321474418,0.00403447643498991,0.0267742527049331,0.0399779937649001,0.48413717219879
324273.411807,2723866.126422,0.805570826461426,0.0249221183800623,0.00439802089059923,0.00274876305662452,0.00439802089059923,0.157962250320689
324773.411807,2723866.126422,0.733162048082217,0.00844191594788034,0,0.000367039823820885,0.00275279867865663,0.255276197467425
325273.411807,2723866.126422,0.652484870713369,0.000183385292499542,0,0.000183385292499542,0.000183385292499542,0.346964973409133
325773.411807,2723866.126422,0.263573000733676,0.0504402054292003,0.0121056493030081,0.0143066764490095,0.0106382978723404,0.648936170212766
313273.411807,2723366.126422,0.753607503607504,0.0191197691197691,0,0.00288600288600289,0.0274170274170274,0.196969696969697
313773.411807,2723366.126422,0.801465201465202,0.00183150183150183,0,0.000366300366300366,0.00457875457875458,0.191758241758242
314273.411807,2723366.126422,0.330275229357798,0.200550458715596,0.186788990825688,0.0155963302752294,0.026605504587156,0.240183486238532
314773.411807,2723366.126422,0.878921298844249,0.000550357732526142,0,0.000550357732526142,0.00697119794533113,0.113006787745368
315273.411807,2723366.126422,0.854395604395604,0.000549450549450549,0,0.000366300366300366,0.00293040293040293,0.141758241758242
315773.411807,2723366.126422,0.879082568807339,0,0,0,0,0.120917431192661
316273.411807,2723366.126422,0.832140891579527,0.00110071546505228,0,0.000733810310034856,0.00091726288754357,0.165107319757843
316773.411807,2723366.126422,0.87014652014652,0,0,0,0,0.12985347985348
317273.411807,2723366.126422,0.722935779816514,0.00954128440366972,0,0.00110091743119266,0.00788990825688073,0.258532110091743
317773.411807,2723366.126422,0.72041827187672,0.0322876536415337,0.000550357732526142,0.00458631443771785,0.0350394423041644,0.207117960007338
318273.411807,2723366.126422,0.898168498168498,0.0111721611721612,0,0.00183150183150183,0.0115384615384615,0.0772893772893773
318773.411807,2723366.126422,0.779633027522936,0.0196330275229358,0,0.00293577981651376,0.0104587155963303,0.187339449541284
319273.411807,2723366.126422,0.441937259218492,0.128233351678591,0.00146762062006971,0.00293524124013942,0.0221977618785544,0.403228765364153
319773.411807,2723366.126422,0.0844322344322344,0.0406593406593407,0.257875457875458,0.0245421245421245,0.023992673992674,0.568498168498168
320273.411807,2723366.126422,0.388073394495413,0.0407339449541284,0.184587155963303,0.0190825688073394,0.0315596330275229,0.335963302752294
320773.411807,2723366.126422,0.873601174096496,0.00110071546505228,0,0.000183452577508714,0.000733810310034856,0.124380847550908
321273.411807,2723366.126422,0.804212454212454,0.000549450549450549,0,0.000732600732600733,0.000183150183150183,0.194322344322344
321773.411807,2723366.126422,0.171743119266055,0.0805504587155963,0.475596330275229,0.0255045871559633,0.0106422018348624,0.235963302752294
322273.411807,2723366.126422,0.587415153182902,0.0161438268207668,0.000183452577508714,0.0111906072280316,0.0196294257934324,0.365437534397358
322773.411807,2723366.126422,0.667216117216117,0.00732600732600733,0,0.00238095238095238,0.00347985347985348,0.31959706959707
323273.411807,2723366.126422,0.805688073394495,0.00293577981651376,0,0.00018348623853211,0.00440366972477064,0.186788990825688
323773.411807,2723366.126422,0.705742065676023,0.0124747752705926,0.000183452577508714,0.000183452577508714,0.00238488350761328,0.279031370390754
324273.411807,2723366.126422,0.705860805860806,0.0305860805860806,0.00274725274725275,0.0043956043956044,0.0225274725274725,0.233882783882784
324773.411807,2723366.126422,0.86605504587156,0.00238532110091743,0,0,0.00036697247706422,0.131192660550459
325273.411807,2723366.126422,0.801871216290589,0.00293524124013942,0,0.000183452577508714,0.00201797835259585,0.192992111539167
325773.411807,2723366.126422,0.305407882676444,0.0817598533455545,0.153987167736022,0.0111824014665445,0.0155820348304308,0.432080659945005
313273.411807,2722866.126422,0.713462922966163,0,0,0,0,0.286537077033837
313773.411807,2722866.126422,0.80986431976531,0,0,0,0,0.19013568023469
314273.411807,2722866.126422,0.338461538461538,0.124358974358974,0.283150183150183,0.0195970695970696,0.0197802197802198,0.214652014652015
314773.411807,2722866.126422,0.76996336996337,0.026007326007326,0,0.0021978021978022,0.0271062271062271,0.174725274725275
315273.411807,2722866.126422,0.846718005133847,0.000733406674000733,0,0.000366703337000367,0.000183351668500183,0.151998533186652
315773.411807,2722866.126422,0.810622710622711,0.00347985347985348,0,0,0,0.185897435897436
316273.411807,2722866.126422,0.861172161172161,0.00183150183150183,0,0.00183150183150183,0.00604395604395604,0.129120879120879
316773.411807,2722866.126422,0.763659699303264,0.0172350568390172,0,0.0033003300330033,0.0243857719105244,0.191419141914191
317273.411807,2722866.126422,0.766483516483517,0.00201465201465201,0,0.000732600732600733,0.0126373626373626,0.218131868131868
317773.411807,2722866.126422,0.768864468864469,0.0216117216117216,0,0.000549450549450549,0.0115384615384615,0.197435897435897
318273.411807,2722866.126422,0.797579757975798,0.00623395672900623,0,0.00146681334800147,0.00183351668500183,0.192885955262193
318773.411807,2722866.126422,0.672344322344322,0.00128205128205128,0,0.000183150183150183,0.0010989010989011,0.325091575091575
319273.411807,2722866.126422,0.113186813186813,0.0624542124542125,0.17014652014652,0.023992673992674,0.0358974358974359,0.594322344322344
319773.411807,2722866.126422,0.0962596259625963,0.0883755042170884,0.207737440410708,0.083975064173084,0.0808580858085809,0.442794279427943
320273.411807,2722866.126422,0.840659340659341,0.00476190476190476,0,0.000549450549450549,0.00494505494505494,0.149084249084249
320773.411807,2722866.126422,0.874908424908425,0.00146520146520147,0,0,0.00366300366300366,0.11996336996337
321273.411807,2722866.126422,0.845801246791346,0.00165016501650165,0,0.00201686835350202,0.00843417675100843,0.142097543087642
321773.411807,2722866.126422,0.484432234432234,0.0331501831501832,0.252564102564103,0.00586080586080586,0.00146520146520147,0.222527472527473
322273.411807,2722866.126422,0.571611721611722,0.013003663003663,0.318131868131868,0.00622710622710623,0.0108058608058608,0.0802197802197802
322773.411807,2722866.126422,0.891639163916392,0.00971763843050972,0,0.000366703337000367,0.0055005500550055,0.0927759442610928
323273.411807,2722866.126422,0.847435897435897,0.00256410256410256,0,0.000366300366300366,0.0010989010989011,0.148534798534799
323773.411807,2722866.126422,0.808974358974359,0.0104395604395604,0.000183150183150183,0.000183150183150183,0.00201465201465201,0.178205128205128
324273.411807,2722866.126422,0.878071140447378,0.00256692335900257,0.000183351668500183,0.000916758342500917,0.0124679134580125,0.105793912724606
324773.411807,2722866.126422,0.905128205128205,0.000915750915750916,0,0.000183150183150183,0.00164835164835165,0.0921245421245421
325273.411807,2722866.126422,0.81025641025641,0.00183150183150183,0,0,0.00732600732600733,0.180586080586081
325773.411807,2722866.126422,0.309174311926605,0.0862385321100917,0.0913761467889908,0.00073394495412844,0.0055045871559633,0.50697247706422
313273.411807,2722366.126422,0.657647907647908,0,0,0,0,0.342352092352092
313773.411807,2722366.126422,0.728055708264614,0.00623052959501558,0,0,0.000183250870441635,0.265530511269929
314273.411807,2722366.126422,0.486327766562672,0.0759772435309231,0.178931914112681,0.0034868783262984,0.0126628739218205,0.242613323545605
314773.411807,2722366.126422,0.465065101778837,0.0251237850724372,0.264258206491839,0.0306253438474234,0.0271410232899321,0.187786539519531
315273.411807,2722366.126422,0.81051859996335,0.00439802089059923,0,0.00201575957485798,0.00806303829943192,0.175004581271761
315773.411807,2722366.126422,0.777206826940723,0.00146815929528354,0,0.00458799779776106,0.0126628739218205,0.204074142044412
316273.411807,2722366.126422,0.821566110397946,0.0159545204474601,0.00128369704749679,0.00330093526499175,0.0240234733174399,0.133871263524665
316773.411807,2722366.126422,0.780831958951805,0.028587135788895,0,0.00366501740883269,0.0263881253435954,0.160527762506872
317273.411807,2722366.126422,0.723251972839053,0.0165167920719398,0,0.0012846393833731,0.0106441548908057,0.248302440814828
317773.411807,2722366.126422,0.885567577480286,0.0183385292499542,0,0.0022006235099945,0.00623509994498441,0.0876581698147808
318273.411807,2722366.126422,0.829943192230163,0.00696353307678211,0,0,0.00384826827927433,0.15924500641378
318773.411807,2722366.126422,0.647091209396219,0.0385391815011929,0.00238575885483575,0.000550559735731327,0.0201871903101487,0.291246100201872
319273.411807,2722366.126422,0.20392444525949,0.145974692829635,0.216944801026958,0.0465798642948836,0.0485971025123785,0.337979094076655
319773.411807,2722366.126422,0.735202492211838,0.00293201392706615,0,0.00293201392706615,0.00751328568810702,0.251420194245923
320273.411807,2722366.126422,0.614791704899982,0.0401908607083869,0.00238575885483575,0.00385391815011929,0.0187190310148651,0.320058726371811
320773.411807,2722366.126422,0.744360902255639,0.00330093526499175,0,0,0.00421786172748946,0.24812030075188
321273.411807,2722366.126422,0.832875206157229,0.00787978742899029,0,0,0.00806303829943192,0.151181968114349
321773.411807,2722366.126422,0.893007891356212,0.0047715177096715,0,0.000183519911910442,0.000734079647641769,0.101302991374564
322273.411807,2722366.126422,0.249403997799376,0.0427287731523932,0.551439574546121,0.00605171465248487,0.011186502842472,0.139189437007152
322773.411807,2722366.126422,0.794759025105369,0.0223566061938794,0,0.000916254352208173,0.0533260032985157,0.128642111050027
323273.411807,2722366.126422,0.837401358047348,0.00110111947146265,0,0.000550559735731327,0.000367039823820885,0.160579922921637
323773.411807,2722366.126422,0.801943884100495,0.00458463231248854,0,0.00128369704749679,0.00421786172748946,0.18796992481203
324273.411807,2722366.126422,0.88675096206707,0.00971229613340663,0.00201575957485798,0.00256551218618288,0.0293201392706615,0.0696353307678211
324773.411807,2722366.126422,0.8963112497706,0.0034868783262984,0,0,0,0.100201871903101
325273.411807,2722366.126422,0.792958004768018,0.0706033376123235,0,0,0.000733541169998166,0.135705116449661
325773.411807,2722366.126422,0.513756419662509,0.103264856933236,0.00293470286133529,0.00183418928833456,0.0278796771826853,0.3503301540719
313273.411807,2721866.126422,0.579004329004329,0.0945165945165945,0.0119047619047619,0.00865800865800866,0.0988455988455988,0.207070707070707
313773.411807,2721866.126422,0.663369963369963,0.0675824175824176,0.0331501831501832,0.00567765567765568,0.0798534798534798,0.1503663003663
314273.411807,2721866.126422,0.654128440366972,0.0374311926605505,0.0477064220183486,0.0036697247706422,0.0267889908256881,0.230275229357798
314773.411807,2721866.126422,0.67620620069712,0.0155934690882407,0.101999633094845,0.00146762062006971,0.00587048248027885,0.198862594019446
315273.411807,2721866.126422,0.582967032967033,0.0379120879120879,0.172527472527473,0.00311355311355311,0.0201465201465201,0.183333333333333
315773.411807,2721866.126422,0.81394495412844,0.015045871559633,0,0.00256880733944954,0.0231192660550459,0.145321100917431
316273.411807,2721866.126422,0.878004035956705,0.0176114474408365,0,0,0,0.104384516602458
316773.411807,2721866.126422,0.772893772893773,0,0,0,0,0.227106227106227
317273.411807,2721866.126422,0.8,0.0157798165137615,0,0.00275229357798165,0.0141284403669725,0.167339449541284
317773.411807,2721866.126422,0.796917996697854,0.002568336085122,0,0.000366905155017428,0.000733810310034856,0.199412951751972
318273.411807,2721866.126422,0.747069597069597,0.0210622710622711,0.000915750915750916,0.00805860805860806,0.10989010989011,0.113003663003663
318773.411807,2721866.126422,0.848256880733945,0.00036697247706422,0,0,0.00055045871559633,0.150825688073394
319273.411807,2721866.126422,0.318840579710145,0.151898734177215,0.0161438268207668,0.00972298660796184,0.0330214639515685,0.470372408732343
319773.411807,2721866.126422,0.873809523809524,0.00128205128205128,0,0,0.00311355311355311,0.121794871794872
320273.411807,2721866.126422,0.685871559633027,0.0339449541284404,0,0.00018348623853211,0.00036697247706422,0.279633027522936
320773.411807,2721866.126422,0.89873417721519,0.00201797835259585,0,0,0.00201797835259585,0.0972298660796184
321273.411807,2721866.126422,0.802380952380952,0.00183150183150183,0,0.000183150183150183,0.000732600732600733,0.194871794871795
321773.411807,2721866.126422,0.720733944954128,0.0330275229357798,0.00642201834862385,0.00275229357798165,0.0376146788990826,0.199449541284404
322273.411807,2721866.126422,0.386351128233352,0.0535681526325445,0.410016510731976,0.0146762062006971,0.00348559897266557,0.131902403228765
322773.411807,2721866.126422,0.680586080586081,0.0278388278388278,0,0.00238095238095238,0.0417582417582418,0.247435897435897
323273.411807,2721866.126422,0.71394495412844,0.00880733944954129,0,0,0.00422018348623853,0.27302752293578
323773.411807,2721866.126422,0.675472390387085,0.0225646670335718,0,0,0.00110071546505228,0.300862227114291
324273.411807,2721866.126422,0.853113553113553,0.0313186813186813,0.00897435897435897,0.000183150183150183,0.00970695970695971,0.0967032967032967
324773.411807,2721866.126422,0.957614678899083,0.018348623853211,0,0,0,0.0240366972477064
325273.411807,2721866.126422,0.801504311135571,0.143276463034306,0.00990643918547056,0.000183452577508714,0.00366905155017428,0.0414602825169694
325773.411807,2721866.126422,0.84711274060495,0.0515123739688359,0.012282309807516,0.00366636113657195,0.029147571035747,0.0562786434463795
313273.411807,2721366.126422,0.819654427645788,0.0143988480921526,0,0.00719942404607631,0.0529157667386609,0.105831533477322
313773.411807,2721366.126422,0.898239823982398,0.00293362669600293,0.0011001100110011,0.00293362669600293,0.0218188485515218,0.072973964063073
314273.411807,2721366.126422,0.746336996336996,0.0304029304029304,0.000183150183150183,0.00347985347985348,0.0683150183150183,0.151282051282051
314773.411807,2721366.126422,0.731868131868132,0.0263736263736264,0.0446886446886447,0.00128205128205128,0.0043956043956044,0.191391941391941
315273.411807,2721366.126422,0.74019068573524,0.0425375870920425,0.0291529152915292,0.00311697836450312,0.0196186285295196,0.165383204987165
315773.411807,2721366.126422,0.86959706959707,0.0758241758241758,0,0,0.0126373626373626,0.0419413919413919
316273.411807,2721366.126422,0.797435897435897,0.0428571428571429,0,0.000183150183150183,0.00146520146520147,0.158058608058608
316773.411807,2721366.126422,0.799046571323799,0.00256692335900257,0,0,0.00055005500550055,0.197836450311698
317273.411807,2721366.126422,0.837912087912088,0.0216117216117216,0,0.00183150183150183,0.0139194139194139,0.124725274725275
317773.411807,2721366.126422,0.707875457875458,0.0315018315018315,0.00347985347985348,0.00824175824175824,0.0344322344322344,0.214468864468864
318273.411807,2721366.126422,0.747524752475248,0.0212687935460213,0,0.00385038503850385,0.0236523652365237,0.203703703703704
318773.411807,2721366.126422,0.821245421245421,0.00695970695970696,0,0.0010989010989011,0.00897435897435897,0.161721611721612
319273.411807,2721366.126422,0.598351648351648,0.0510989010989011,0.019047619047619,0.00201465201465201,0.00805860805860806,0.321428571428571
319773.411807,2721366.126422,0.90960762742941,0.000366703337000367,0,0.000366703337000367,0.00843417675100843,0.0812247891455812
320273.411807,2721366.126422,0.857326007326007,0.00805860805860806,0,0.00238095238095238,0.0111721611721612,0.121062271062271
320773.411807,2721366.126422,0.810622710622711,0.0335164835164835,0,0.00183150183150183,0.0307692307692308,0.123260073260073
321273.411807,2721366.126422,0.664099743307664,0.0418041804180418,0.0122845617895123,0.0044004400440044,0.107810781078108,0.16960029336267
321773.411807,2721366.126422,0.781501831501832,0.0243589743589744,0,0,0.00842490842490842,0.185714285714286
322273.411807,2721366.126422,0.746520146520147,0.0139194139194139,0.0119047619047619,0.00402930402930403,0.00366300366300366,0.21996336996337
322773.411807,2721366.126422,0.461129446277961,0.0918591859185919,0.124679134580125,0.026035936927026,0.00385038503850385,0.292445911257792
323273.411807,2721366.126422,0.651098901098901,0.0188644688644689,0,0.000549450549450549,0.0212454212454212,0.308241758241758
323773.411807,2721366.126422,0.913736263736264,0.0261904761904762,0,0,0.00293040293040293,0.0571428571428571
324273.411807,2721366.126422,0.888888888888889,0.00256692335900257,0,0,0,0.108544187752109
324773.411807,2721366.126422,0.788644688644689,0.187728937728938,0,0,0,0.0236263736263736
325273.411807,2721366.126422,0.842490842490842,0.116117216117216,0.0353479853479853,0,0.00604395604395604,0
325773.411807,2721366.126422,0.816880733944954,0.131926605504587,0.0192660550458716,0.00165137614678899,0.0179816513761468,0.0122935779816514
313273.411807,2720866.126422,0.805916305916306,0.0176767676767677,0.00144300144300144,0.00685425685425685,0.0295815295815296,0.138528138528139
313773.411807,2720866.126422,0.769287154113982,0.0377496793109767,0.00329851566794942,0.00934579439252336,0.0853949056258017,0.0949239508887667
314273.411807,2720866.126422,0.884749495320242,0.00844191594788034,0.00165167920719398,0.00330335841438796,0.0337676637915214,0.0680858873187741
314773.411807,2720866.126422,0.854025307170365,0.0258573262424354,0.00311754997249221,0.000366770584999083,0.00550155877498625,0.111131487254722
315273.411807,2720866.126422,0.782297965915338,0.0503939893714495,0.00109950522264981,0.00513102437236577,0.0692688290269379,0.0918086860912589
315773.411807,2720866.126422,0.80913929161314,0.0754266837951918,0.000917599559552211,0.00220223894292531,0.012846393833731,0.0994677922554597
316273.411807,2720866.126422,0.855492389510361,0.097194205024757,0,0.00146708233999633,0.00935264991747662,0.0364936732074088
316773.411807,2720866.126422,0.832325453545904,0.0214403518416712,0.00146600696353308,0.00696353307678211,0.0414146967198094,0.0963899578522998
317273.411807,2720866.126422,0.705817581207561,0.0189025509267756,0,0.00110111947146265,0.00403743806202973,0.270141310332171
317773.411807,2720866.126422,0.555107280396112,0.000366770584999083,0,0.000366770584999083,0.000733541169998166,0.443425637263891
318273.411807,2720866.126422,0.663917903610042,0.000366501740883269,0,0,0.00109950522264981,0.334616089426425
318773.411807,2720866.126422,0.768581391080932,0.00165167920719398,0.000550559735731327,0.00165167920719398,0.00201871903101487,0.225545971737934
319273.411807,2720866.126422,0.500641848523748,0.300568494406749,0.0159545204474601,0.00385109114249037,0.0298918026774253,0.149092242802127
319773.411807,2720866.126422,0.873007146783947,0.0604727872457394,0,0.000916254352208173,0.024555616639179,0.0410481949789262
320273.411807,2720866.126422,0.91301156175445,0.000367039823820885,0,0.000734079647641769,0.000734079647641769,0.0851532391264452
320773.411807,2720866.126422,0.772235466715569,0.0311754997249221,0,0.00495140289748762,0.0916926462497708,0.0999449844122501
321273.411807,2720866.126422,0.788711746380795,0.00513102437236577,0,0.000366501740883269,0.000916254352208173,0.204874473153747
321773.411807,2720866.126422,0.798678656634245,0.00220223894292531,0,0.000550559735731327,0.0012846393833731,0.197283905303725
322273.411807,2720866.126422,0.789473684210526,0.00458463231248854,0,0.0022006235099945,0.0192554557124519,0.184485604254539
322773.411807,2720866.126422,0.559831409199194,0.0714678394722375,0.108851017042331,0.017042330951072,0.0300531427524281,0.212754260582738
323273.411807,2720866.126422,0.542117819783447,0.0420260598274913,0.0671682877592219,0.0308313452009543,0.0154156726004772,0.302440814828409
323773.411807,2720866.126422,0.811479919310471,0.0313588850174216,0,0.000916926462497708,0.0185219145424537,0.137722354667156
324273.411807,2720866.126422,0.869891881986439,0.0137438152831226,0,0,0,0.116364302730438
324773.411807,2720866.126422,0.805835933198752,0.113415305560653,0,0.0034868783262984,0.0108276748027161,0.0664342081115801
325273.411807,2720866.126422,0.896937465615258,0.102512378507244,0.000366770584999083,0,0,0.000183385292499542
325773.411807,2720866.126422,0.892333088774762,0.0933602347762289,0.00568598679383712,0.000183418928833456,0.0066030814380044,0.00183418928833456
313273.411807,2720366.126422,0.97005772005772,0.00324675324675325,0,0.000360750360750361,0.00288600288600289,0.0234487734487734
313773.411807,2720366.126422,0.86996336996337,0,0,0,0,0.13003663003663
314273.411807,2720366.126422,0.817981651376147,0,0,0,0,0.182018348623853
314773.411807,2720366.126422,0.851953769950468,0.0135754907356448,0,0.00110071546505228,0.00440286186020914,0.128967161988626
315273.411807,2720366.126422,0.783699633699634,0.0717948717948718,0.00311355311355311,0.00659340659340659,0.056959706959707,0.0778388278388278
315773.411807,2720366.126422,0.806422018348624,0.0418348623853211,0.0130275229357798,0.00348623853211009,0.0915596330275229,0.0436697247706422
316273.411807,2720366.126422,0.830489818381948,0.121629058888277,0.000183452577508714,0.000733810310034856,0.0355898000366905,0.0113740598055403
316773.411807,2720366.126422,0.906410256410256,0.0717948717948718,0,0.0043956043956044,0.00805860805860806,0.00934065934065934
317273.411807,2720366.126422,0.831559633027523,0.00165137614678899,0,0,0.00018348623853211,0.166605504587156
317773.411807,2720366.126422,0.863327829756008,0,0,0,0.000183452577508714,0.136488717666483
318273.411807,2720366.126422,0.765750915750916,0,0,0.000366300366300366,0,0.233882783882784
318773.411807,2720366.126422,0.704036697247706,0.00293577981651376,0,0.00036697247706422,0.00311926605504587,0.28954128440367
319273.411807,2720366.126422,0.712713263621354,0.00605393505778756,0,0.00165107319757843,0.0306365804439552,0.248945147679325
319773.411807,2720366.126422,0.635714285714286,0.0602564102564103,0.0289377289377289,0.0106227106227106,0.117399267399267,0.147069597069597
320273.411807,2720366.126422,0.890642201834862,0.00880733944954129,0.00256880733944954,0.00165137614678899,0.0330275229357798,0.063302752293578
320773.411807,2720366.126422,0.842781141075032,0.0317372959090075,0,0.00513667217024399,0.0196294257934324,0.100715465052284
321273.411807,2720366.126422,0.95,0.000366300366300366,0,0,0.00201465201465201,0.0476190476190476
321773.411807,2720366.126422,0.855412844036697,0.00899082568807339,0,0.00128440366972477,0.0055045871559633,0.128807339449541
322273.411807,2720366.126422,0.628508530544854,0.0365070629242341,0,0.00348559897266557,0.0251330031186938,0.306365804439552
322773.411807,2720366.126422,0.705494505494506,0.0351648351648352,0,0.00293040293040293,0.0882783882783883,0.168131868131868
323273.411807,2720366.126422,0.566238532110092,0.0647706422018349,0.026605504587156,0.0110091743119266,0.0319266055045872,0.299449541284404
323773.411807,2720366.126422,0.657860942946248,0.023115024766098,0.00495321959273528,0.001284168042561,0.00953953403045313,0.303247110621904
324273.411807,2720366.126422,0.778021978021978,0.0393772893772894,0,0.000549450549450549,0.0245421245421245,0.157509157509158
324773.411807,2720366.126422,0.87651376146789,0.0311926605504587,0,0,0.00495412844036697,0.0873394495412844
325273.411807,2720366.126422,0.816730875068795,0.139607411484131,0.000183452577508714,0.00220143093010457,0.0227481196110805,0.0185287103283801
325773.411807,2720366.126422,0.830430797433547,0.0846929422548121,0.0306141154903758,0.00861594867094409,0.0434463794683776,0.00219981668194317
313273.411807,2719866.126422,0.962922966162707,0.0338372930165587,0,0,0,0.00323974082073434
313773.411807,2719866.126422,0.922625595892923,0.0557389072240557,0,0,0,0.0216354968830216
314273.411807,2719866.126422,0.595787545787546,0.0666666666666667,0.00457875457875458,0.00146520146520147,0.0168498168498168,0.314652014652015
314773.411807,2719866.126422,0.868498168498169,0.0545787545787546,0.00238095238095238,0.00311355311355311,0.0501831501831502,0.0212454212454212
315273.411807,2719866.126422,0.818481848184819,0.0522552255225523,0,0.00348368170150348,0.0476714338100477,0.0781078107810781
315773.411807,2719866.126422,0.811355311355311,0.16025641025641,0.000549450549450549,0,0.00897435897435897,0.0188644688644689
316273.411807,2719866.126422,0.793589743589744,0.0875457875457875,0,0.000549450549450549,0.0032967032967033,0.115018315018315
316773.411807,2719866.126422,0.834616795012835,0.0291529152915292,0.00165016501650165,0.0102676934360103,0.0430876420975431,0.0812247891455812
317273.411807,2719866.126422,0.900732600732601,0.0258241758241758,0,0,0.000915750915750916,0.0725274725274725
317773.411807,2719866.126422,0.852197802197802,0.00183150183150183,0,0.00366300366300366,0.019047619047619,0.123260073260073
318273.411807,2719866.126422,0.811147781444811,0.0022002200220022,0,0.000366703337000367,0.0022002200220022,0.184085075174184
318773.411807,2719866.126422,0.698168498168498,0.0635531135531135,0,0.00384615384615385,0.00805860805860806,0.226373626373626
319273.411807,2719866.126422,0.724175824175824,0.0567765567765568,0.000366300366300366,0.00183150183150183,0.0294871794871795,0.187362637362637
319773.411807,2719866.126422,0.914008067473414,0.00568390172350568,0,0.000366703337000367,0.00421708837550422,0.0757242390905757
320273.411807,2719866.126422,0.965934065934066,0.0223443223443223,0,0.000183150183150183,0.00457875457875458,0.00695970695970696
320773.411807,2719866.126422,0.9503663003663,0.00549450549450549,0,0.000915750915750916,0.00714285714285714,0.0360805860805861
321273.411807,2719866.126422,0.902823615694903,0.0606894022735607,0,0.000183351668500183,0.00825082508250825,0.0280528052805281
321773.411807,2719866.126422,0.768131868131868,0.0322344322344322,0.0175824175824176,0.0104395604395604,0.0331501831501832,0.138461538461538
322273.411807,2719866.126422,0.733699633699634,0.0353479853479853,0,0.00347985347985348,0.0168498168498168,0.210622710622711
322773.411807,2719866.126422,0.773744041070774,0.0328199486615328,0,0.00201686835350202,0.0192519251925193,0.172167216721672
323273.411807,2719866.126422,0.810805860805861,0.0445054945054945,0.00402930402930403,0.00604395604395604,0.0454212454212454,0.0891941391941392
323773.411807,2719866.126422,0.633699633699634,0.0717948717948718,0.0179487179487179,0.0100732600732601,0.0485347985347985,0.217948717948718
324273.411807,2719866.126422,0.803813714704804,0.0225522552255226,0,0.00275027502750275,0.0122845617895123,0.158599193252659
324773.411807,2719866.126422,0.847985347985348,0.0161172161172161,0.000549450549450549,0.00512820512820513,0.0357142857142857,0.0945054945054945
325273.411807,2719866.126422,0.785714285714286,0.0261904761904762,0,0.0021978021978022,0.00805860805860806,0.177838827838828
325773.411807,2719866.126422,0.95394495412844,0.0405504587155963,0,0.00110091743119266,0.00293577981651376,0.00146788990825688
313273.411807,2719366.126422,0.770562770562771,0.159451659451659,0,0,0,0.06998556998557
313773.411807,2719366.126422,0.636980025655122,0.183617372182518,0.00733003481766538,0.0137438152831226,0.0956569543705333,0.062671797691039
314273.411807,2719366.126422,0.81758120756102,0.0699210864378785,0.000183519911910442,0.00367039823820885,0.0238575885483575,0.0847861993026243
314773.411807,2719366.126422,0.815697781037961,0.103245919677242,0.00330093526499175,0.0022006235099945,0.0240234733174399,0.0515312671923712
315273.411807,2719366.126422,0.886201209455745,0.017042330951072,0,0.00183250870441635,0.0146600696353308,0.0802638812534359
315773.411807,2719366.126422,0.718113415305561,0.0376215819416407,0.0012846393833731,0.0102771150669848,0.11616810423931,0.116535144063131
316273.411807,2719366.126422,0.904639647900238,0.039611223179901,0,0.0166880616174583,0.0231065468549422,0.0159545204474601
316773.411807,2719366.126422,0.887483965548836,0.0318856514568444,0,0.00274876305662452,0.011544804837823,0.0663368150998717
317273.411807,2719366.126422,0.909524683428152,0.0469810974490732,0,0,0.00110111947146265,0.0423930996513122
317773.411807,2719366.126422,0.887584815697781,0,0,0,0,0.112415184302219
318273.411807,2719366.126422,0.784313725490196,0.00604727872457394,0,0,0.00183250870441635,0.207806487080814
318773.411807,2719366.126422,0.679757753716278,0.128096898513489,0,0.0012846393833731,0.0372545421178198,0.15360616626904
319273.411807,2719366.126422,0.89583715386026,0.0674857876398313,0.000916926462497708,0,0.0124701998899688,0.0232899321474418
319773.411807,2719366.126422,0.834707714861646,0.032618654938611,0.00696353307678211,0.00494777350192413,0.0267546270844787,0.0940076965365585
320273.411807,2719366.126422,0.831712240778124,0.0462470178014315,0.00697375665259681,0.00256927876674619,0.0754266837951918,0.0370710222059093
320773.411807,2719366.126422,0.72803961122318,0.0181551439574546,0,0.000366770584999083,0.00403447643498991,0.249403997799376
321273.411807,2719366.126422,0.781015209822247,0.0152098222466557,0,0,0.000549752611324904,0.203225215319773
321773.411807,2719366.126422,0.833180400073408,0.00110111947146265,0.00146815929528354,0.00146815929528354,0.0012846393833731,0.161497522481189
322273.411807,2719366.126422,0.837153860260407,0.0225563909774436,0.000183385292499542,0.00806895286997983,0.0805061434072987,0.0515312671923712
322773.411807,2719366.126422,0.852299798424042,0.0258383727322705,0.0175920835623969,0.00568077698369067,0.0333516584203775,0.0652373098772219
323273.411807,2719366.126422,0.897962928977794,0.0179849513672233,0.00330335841438796,0.00238575885483575,0.0150486327766563,0.0633143696091026
323773.411807,2719366.126422,0.817164863377957,0.0170548322024574,0.000550155877498625,0.0102695763799743,0.0359435173299101,0.119017054832202
324273.411807,2719366.126422,0.708081363386476,0.0694520798973795,0.0282206340480117,0.00604727872457394,0.0368334249587686,0.15136521898479
324773.411807,2719366.126422,0.631492016883832,0.0627638098733713,0.025325747843641,0.00311983850247752,0.0117452743622683,0.26555331253441
325273.411807,2719366.126422,0.737759031725656,0.050797726022373,0.000183385292499542,0.00385109114249037,0.0330093526499175,0.174399413167064
325773.411807,2719366.126422,0.853815113719736,0.0476889214966985,0,0,0.000366837857666911,0.0981291269258988
313273.411807,2718866.126422,0.58982683982684,0.0678210678210678,0,0.0133477633477633,0.143578643578644,0.185425685425685
313773.411807,2718866.126422,0.705677655677656,0.0587912087912088,0.00860805860805861,0.00970695970695971,0.153296703296703,0.0639194139194139
314273.411807,2718866.126422,0.9,0.0761467889908257,0.00018348623853211,0.00055045871559633,0.00385321100917431,0.0192660550458716
314773.411807,2718866.126422,0.888277380297193,0.0739313887360117,0.00366905155017428,0.001284168042561,0.0273344340487984,0.00550357732526142
315273.411807,2718866.126422,0.93974358974359,0.0172161172161172,0.00183150183150183,0.00238095238095238,0.0331501831501832,0.00567765567765568
315773.411807,2718866.126422,0.726422018348624,0.0601834862385321,0,0.00036697247706422,0.00935779816513761,0.203669724770642
316273.411807,2718866.126422,0.910658594753256,0.0273344340487984,0,0.0155934690882407,0.0352228948816731,0.0111906072280316
316773.411807,2718866.126422,0.941391941391941,0.0315018315018315,0,0.00366300366300366,0.0163003663003663,0.00714285714285714
317273.411807,2718866.126422,0.852477064220183,0.131192660550459,0,0,0,0.0163302752293578
317773.411807,2718866.126422,0.811227297743533,0.0227481196110805,0,0,0,0.166024582645386
318273.411807,2718866.126422,0.601465201465201,0.0225274725274725,0,0.00311355311355311,0.0368131868131868,0.336080586080586
318773.411807,2718866.126422,0.832660550458716,0.073394495412844,0,0.00275229357798165,0.0357798165137615,0.0554128440366972
319273.411807,2718866.126422,0.899651440102733,0.0667767382131719,0.00678774536782242,0.00165107319757843,0.0203632361034673,0.00476976701522656
319773.411807,2718866.126422,0.757509157509157,0.0296703296703297,0.0487179487179487,0.00494505494505494,0.0750915750915751,0.0840659340659341
320273.411807,2718866.126422,0.534128440366972,0.0055045871559633,0.00073394495412844,0.00018348623853211,0.0132110091743119,0.446238532110092
320773.411807,2718866.126422,0.810676940011007,0,0,0,0,0.189323059988993
321273.411807,2718866.126422,0.851282051282051,0.00531135531135531,0,0.00146520146520147,0.0102564102564103,0.131684981684982
321773.411807,2718866.126422,0.650275229357798,0.0148623853211009,0,0,0.000917431192660551,0.33394495412844
322273.411807,2718866.126422,0.811961108053568,0.0423775454045129,0.014125848468171,0.00146762062006971,0.016694184553293,0.113373692900385
322773.411807,2718866.126422,0.691208791208791,0.0628205128205128,0.127106227106227,0.0108058608058608,0.0732600732600733,0.0347985347985348
323273.411807,2718866.126422,0.836146788990826,0.02,0.0187155963302752,0,0.0055045871559633,0.119633027522936
323773.411807,2718866.126422,0.836910658594753,0.0220143093010457,0.00330214639515685,0.00311869381764814,0.0245826453861677,0.110071546505228
324273.411807,2718866.126422,0.961721611721612,0.00274725274725275,0,0.00274725274725275,0.0104395604395604,0.0223443223443223
324773.411807,2718866.126422,0.63045871559633,0.231376146788991,0.0774311926605505,0.00220183486238532,0.0110091743119266,0.0475229357798165
325273.411807,2718866.126422,0.498073747936158,0.215189873417722,0.0832874701889562,0.00953953403045313,0.1284168042561,0.0654925701706109
325773.411807,2718866.126422,0.784601283226398,0.0593950504124656,0.00073327222731439,0.012282309807516,0.0564619615032081,0.0865261228230981
313273.411807,2718366.126422,0.61411087113031,0.0701943844492441,0.114470842332613,0.0435565154787617,0.152267818574514,0.00539956803455724
313773.411807,2718366.126422,0.851485148514851,0.0924092409240924,0.0011001100110011,0.0011001100110011,0.0135680234690136,0.0403373670700403
314273.411807,2718366.126422,0.716483516483516,0.179487179487179,0.0565934065934066,0.000549450549450549,0.0021978021978022,0.0446886446886447
314773.411807,2718366.126422,0.740842490842491,0.197802197802198,0.0388278388278388,0.000549450549450549,0.0208791208791209,0.0010989010989011
315273.411807,2718366.126422,0.991199119911991,0.0077007700770077,0,0,0.0011001100110011,0
315773.411807,2718366.126422,0.8503663003663,0.0263736263736264,0.000366300366300366,0.036996336996337,0.0807692307692308,0.00512820512820513
