"x","y","forest","agri","water","built","other","grass"
160773.411807,2558366.126422,0.00125078173858662,0.118824265165729,0.000625390869293308,0.589118198874296,0.231707317073171,0.0584740462789243
161273.411807,2558366.126422,0.0291444688185522,0.248511438420558,0,0.193983077405202,0.128486367909746,0.399874647445942
161773.411807,2558366.126422,0.0244131455399061,0.118622848200313,0.0156494522691706,0.189671361502347,0.215023474178404,0.436619718309859
162273.411807,2558366.126422,0.0140712945590994,0.144152595372108,0.215134459036898,0.278298936835522,0.193871169480926,0.154471544715447
162773.411807,2558366.126422,0.0153556878721404,0.276089000313381,0.00344719523660295,0.124725791287997,0.185208398621122,0.395173926668756
163273.411807,2558366.126422,0.0278560250391236,0.560250391236307,0,0.0112676056338028,0.0710485133020344,0.329577464788732
163773.411807,2558366.126422,0.0531582238899312,0.276422764227642,0,0.0531582238899312,0.144777986241401,0.472482801751094
164273.411807,2558366.126422,0.0670636164211846,0.154183641491695,0,0.332184268254466,0.26668755875901,0.179880915073645
164773.411807,2558366.126422,0.0629107981220657,0.273239436619718,0,0.0938967136150235,0.217527386541471,0.352425665101721
165273.411807,2558366.126422,0.0250156347717323,0.435897435897436,0,0.0281425891181989,0.152282676672921,0.358661663539712
165773.411807,2558366.126422,0.0586023190222501,0.352554058288938,0,0.0100282043246631,0.065496709495456,0.513318708868693
166273.411807,2558366.126422,0.0751173708920188,0.288575899843505,0,0.031924882629108,0.151486697965571,0.452895148669797
166773.411807,2558366.126422,0.092245153220763,0.205753595997498,0,0.188555347091932,0.291744840525328,0.221701063164478
167273.411807,2558366.126422,0.0780319649012849,0.401754935756816,0,0.112503917267314,0.148542776559072,0.259166405515512
167773.411807,2558366.126422,0.0647887323943662,0.27981220657277,0,0.10547730829421,0.167449139280125,0.382472613458529
168273.411807,2558366.126422,0.0569105691056911,0.0725453408380238,0,0.59068167604753,0.16260162601626,0.117260787992495
168773.411807,2558366.126422,0.059855844562833,0.17580695706675,0,0.355374490755249,0.217486681291131,0.191476026324036
169273.411807,2558366.126422,0.0103286384976526,0.58622848200313,0,0.00125195618153365,0.037245696400626,0.364945226917058
169773.411807,2558366.126422,0.0337711069418387,0.406191369606004,0,0.111632270168856,0.101313320825516,0.347091932457786
170273.411807,2558366.126422,0.0457536822312755,0.617674710122219,0,0.0228768411156377,0.0579755562519586,0.255719210278909
170773.411807,2558366.126422,0.010641627543036,0.237245696400626,0.100782472613459,0.0766823161189358,0.0957746478873239,0.47887323943662
171273.411807,2558366.126422,0,0.0791119449656035,0.441525953721076,0.131644777986241,0.0187617260787993,0.32895559724828
171773.411807,2558366.126422,0.0288310874334065,0.116264493889063,0.0952679410842996,0.090253838921968,0.0918207458476966,0.577561892823566
172273.411807,2558366.126422,0.103912363067293,0.301095461658842,0,0.130203442879499,0.145226917057903,0.319561815336463
172773.411807,2558366.126422,0.144777986241401,0.1588492808005,0,0.232020012507817,0.16447779862414,0.299874921826141
160773.411807,2557866.126422,0.00751741840850752,0.0385038503850385,0.422075540887422,0.440777411074441,0.0782911624495783,0.0128346167950128
161273.411807,2557866.126422,0.0115384615384615,0.0382783882783883,0.0298534798534799,0.614835164835165,0.218498168498168,0.086996336996337
161773.411807,2557866.126422,0.0364468864468864,0.0734432234432234,0.173626373626374,0.176923076923077,0.236996336996337,0.302564102564103
162273.411807,2557866.126422,0.0115511551155116,0.151631829849652,0.238723872387239,0.349101576824349,0.201503483681702,0.0474880821415475
162773.411807,2557866.126422,0.041025641025641,0.125457875457875,0.219230769230769,0.273260073260073,0.21978021978022,0.121245421245421
163273.411807,2557866.126422,0.0815018315018315,0.341025641025641,0.0010989010989011,0.0586080586080586,0.184249084249084,0.333516483516483
163773.411807,2557866.126422,0.057022368903557,0.462046204620462,0,0.0163182984965163,0.0683901723505684,0.396222955628896
164273.411807,2557866.126422,0.0816849816849817,0.394505494505494,0,0.0723443223443224,0.118864468864469,0.332600732600733
164773.411807,2557866.126422,0.0399267399267399,0.47014652014652,0,0.0296703296703297,0.0897435897435897,0.370512820512821
165273.411807,2557866.126422,0.00861752841950862,0.44004400440044,0,0.0337367070040337,0.157132379904657,0.36046938027136
165773.411807,2557866.126422,0.017032967032967,0.407326007326007,0.00311355311355311,0.0509157509157509,0.106043956043956,0.415567765567766
166273.411807,2557866.126422,0.0404761904761905,0.491941391941392,0,0.0164835164835165,0.0673992673992674,0.383699633699634
166773.411807,2557866.126422,0.050971763843051,0.197836450311698,0,0.314448111477814,0.253392005867253,0.183351668500183
167273.411807,2557866.126422,0.0386446886446886,0.415018315018315,0,0.0468864468864469,0.0816849816849817,0.417765567765568
167773.411807,2557866.126422,0.0734432234432234,0.132051282051282,0.000549450549450549,0.392857142857143,0.182417582417582,0.218681318681319
168273.411807,2557866.126422,0.0335533553355336,0.0392372570590392,0.00256692335900257,0.803813714704804,0.0812247891455812,0.0396039603960396
168773.411807,2557866.126422,0.0553113553113553,0.31996336996337,0,0.318864468864469,0.163369963369963,0.142490842490842
169273.411807,2557866.126422,0.0283882783882784,0.422161172161172,0,0.1503663003663,0.0954212454212454,0.303663003663004
169773.411807,2557866.126422,0.0438210487715438,0.139163916391639,0.00348368170150348,0.327649431609828,0.262742940960763,0.223138980564723
170273.411807,2557866.126422,0.0256410256410256,0.191758241758242,0.21978021978022,0.1996336996337,0.0613553113553114,0.301831501831502
170773.411807,2557866.126422,0.00164835164835165,0.435531135531136,0.202197802197802,0.00934065934065934,0.0210622710622711,0.33021978021978
171273.411807,2557866.126422,0.0176017601760176,0.411257792445911,0,0.0375870920425376,0.133663366336634,0.3998899889989
171773.411807,2557866.126422,0.0324175824175824,0.0467032967032967,0.000183150183150183,0.661172161172161,0.186813186813187,0.0727106227106227
172273.411807,2557866.126422,0.0934065934065934,0.13040293040293,0,0.345421245421245,0.193956043956044,0.236813186813187
172773.411807,2557866.126422,0.0438210487715438,0.324715804913825,0,0.184451778511184,0.148148148148148,0.298863219655299
160773.411807,2557366.126422,0.00879604178119846,0.0672530694520799,0.359538207806487,0.308960967564596,0.197177936595199,0.0582737768004398
161273.411807,2557366.126422,0.0227564690768948,0.0328500642319692,0.00220223894292531,0.831528720866214,0.109010827674803,0.00165167920719398
161773.411807,2557366.126422,0.10801393728223,0.288648450394278,0,0.35209976159912,0.238034109664405,0.013203741059967
162273.411807,2557366.126422,0.292101887483966,0.224665567161444,0,0.126809602345611,0.294484148799707,0.0619387942092725
162773.411807,2557366.126422,0.0321159845843274,0.0653330886401175,0.0440447788585061,0.658836483758488,0.128096898513489,0.0715727656450725
163273.411807,2557366.126422,0.0144874381074638,0.316339629561709,0.0676691729323308,0.152393178067119,0.183568677792041,0.265541903539336
163773.411807,2557366.126422,0.0630382994319223,0.347077148616456,0.000183250870441635,0.120029320139271,0.173905076049111,0.295766904892798
164273.411807,2557366.126422,0.0370710222059093,0.396770049550376,0.000183519911910442,0.0930445953385942,0.0915764360433107,0.381354376949899
164773.411807,2557366.126422,0.0137538969374656,0.523565010086191,0,0.0168714469099578,0.06400146708234,0.381808178984045
165273.411807,2557366.126422,0.0423309510720176,0.264980758658604,0.00109950522264981,0.121678577973245,0.174454828660436,0.395455378413047
165773.411807,2557366.126422,0.0385391815011929,0.394567810607451,0,0.0768948430904753,0.115801064415489,0.374197100385392
166273.411807,2557366.126422,0.0315422703099211,0.444709334311388,0,0.00201723821749496,0.0581331377223547,0.463598019438841
166773.411807,2557366.126422,0.0962067069818582,0.34084661902144,0,0.111599780098955,0.125893347993403,0.325453545904343
167273.411807,2557366.126422,0.0935951550743256,0.231051569095247,0,0.291613140025693,0.135254175077996,0.248485960726739
167773.411807,2557366.126422,0.0687694846873281,0.240784889051898,0,0.318907023656703,0.199523198239501,0.17201540436457
168273.411807,2557366.126422,0.0588235294117647,0.219534542789078,0,0.352391423859263,0.134139637163277,0.235110866776617
168773.411807,2557366.126422,0.063497889521013,0.288860341347036,0.00110111947146265,0.296384657735364,0.136171774637548,0.213984217287576
169273.411807,2557366.126422,0.0236567027324409,0.410599669906474,0,0.109114249037227,0.145791307537136,0.310838070786723
169773.411807,2557366.126422,0.0373831775700935,0.110866776617189,0.321055525013744,0.114898295766905,0.081729888216969,0.3340663368151
170273.411807,2557366.126422,0.0150486327766563,0.29032850064232,0,0.0249587080198202,0.0715727656450725,0.598091392916131
170773.411807,2557366.126422,0.057216211259857,0.188703465982028,0,0.0154043645699615,0.0926095727122685,0.646066385475885
171273.411807,2557366.126422,0.045629466739967,0.45629466739967,0,0.0302363936228697,0.0773318673263698,0.390507604911123
171773.411807,2557366.126422,0.049366856303909,0.0924940356028629,0,0.597724353092311,0.176913195081666,0.0835015599192512
172273.411807,2557366.126422,0.0385109114249037,0.395745461214011,0,0.193654868879516,0.116266275444709,0.25582248303686
172773.411807,2557366.126422,0.0540590067802822,0.416895730254719,0,0.121678577973245,0.103536741799524,0.30382994319223
160773.411807,2556866.126422,0.0228937728937729,0.0375457875457875,0.304029304029304,0.502380952380952,0.117948717948718,0.0152014652014652
161273.411807,2556866.126422,0.00348623853211009,0.0357798165137615,0.00146788990825688,0.700917431192661,0.245504587155963,0.0128440366972477
161773.411807,2556866.126422,0.00293524124013942,0.0662263804806457,0,0.831223628691983,0.0939277196844616,0.00568702990277013
162273.411807,2556866.126422,0.0761904761904762,0.26978021978022,0,0.584065934065934,0.0294871794871795,0.0404761904761905
162773.411807,2556866.126422,0.0322935779816514,0.239633027522936,0,0.036697247706422,0.289174311926606,0.402201834862385
163273.411807,2556866.126422,0.0284351495138507,0.428178315905338,0,0.0176114474408365,0.0944780774169877,0.431297009722987
163773.411807,2556866.126422,0.0304029304029304,0.266483516483516,0,0.220512820512821,0.242673992673993,0.23992673992674
164273.411807,2556866.126422,0.0543119266055046,0.412110091743119,0.00018348623853211,0.0965137614678899,0.0959633027522936,0.340917431192661
164773.411807,2556866.126422,0.0306365804439552,0.321225463217758,0,0.104567969179967,0.131352045496239,0.41221794166208
165273.411807,2556866.126422,0.0327838827838828,0.312087912087912,0,0.162637362637363,0.117216117216117,0.375274725274725
165773.411807,2556866.126422,0.0794495412844037,0.311009174311927,0,0.0697247706422018,0.104036697247706,0.435779816513761
166273.411807,2556866.126422,0.0280682443588332,0.589066226380481,0,0.00752155567785727,0.0915428361768483,0.283801137405981
166773.411807,2556866.126422,0.0421245421245421,0.573076923076923,0,0.00183150183150183,0.0611721611721612,0.321794871794872
167273.411807,2556866.126422,0.0238532110091743,0.42605504587156,0,0.0700917431192661,0.158532110091743,0.321467889908257
167773.411807,2556866.126422,0.0225646670335718,0.461750137589433,0,0.0462300495321959,0.0515501742799486,0.417904971564851
168273.411807,2556866.126422,0.0558608058608059,0.441208791208791,0,0.123992673992674,0.131318681318681,0.247619047619048
168773.411807,2556866.126422,0.0581651376146789,0.149724770642202,0.125321100917431,0.156330275229358,0.151926605504587,0.358532110091743
169273.411807,2556866.126422,0.00476976701522656,0.21830856723537,0.303430563199413,0.0823702073014126,0.0913593835993396,0.299761511649239
169773.411807,2556866.126422,0.0826007326007326,0.159340659340659,0,0.00915750915750916,0.0437728937728938,0.705128205128205
170273.411807,2556866.126422,0.0297247706422018,0.349174311926606,0,0.0625688073394495,0.125137614678899,0.433394495412844
170773.411807,2556866.126422,0.0486149330398092,0.534397358282884,0,0.0183452577508714,0.0469638598422308,0.351678591084205
171273.411807,2556866.126422,0.0419413919413919,0.513736263736264,0,0.0437728937728938,0.0487179487179487,0.351831501831502
171773.411807,2556866.126422,0.0403669724770642,0.164770642201835,0,0.486788990825688,0.114678899082569,0.193394495412844
172273.411807,2556866.126422,0.0478811227297744,0.495138506696019,0,0.0908090258668134,0.0427444505595304,0.323426894147863
172773.411807,2556866.126422,0.0835164835164835,0.568864468864469,0,0.0891941391941392,0.0463369963369963,0.212087912087912
160773.411807,2556366.126422,0.110561056105611,0.132929959662633,0.0757242390905757,0.350935093509351,0.132013201320132,0.197836450311698
161273.411807,2556366.126422,0.0247252747252747,0.0866300366300366,0,0.0571428571428571,0.402380952380952,0.429120879120879
161773.411807,2556366.126422,0.108241758241758,0.451465201465201,0,0.0417582417582418,0.0765567765567766,0.321978021978022
162273.411807,2556366.126422,0.00476714338100477,0.46993032636597,0,0.121745507884122,0.144481114778144,0.259075907590759
162773.411807,2556366.126422,0.0188644688644689,0.196703296703297,0.0893772893772894,0.248534798534799,0.244871794871795,0.201648351648352
163273.411807,2556366.126422,0.0666666666666667,0.404395604395604,0,0.0668498168498168,0.13021978021978,0.331868131868132
163773.411807,2556366.126422,0.0236523652365237,0.461129446277961,0,0.00806747341400807,0.0513384671800513,0.455812247891456
164273.411807,2556366.126422,0.0302197802197802,0.243223443223443,0,0.06996336996337,0.220695970695971,0.435897435897436
164773.411807,2556366.126422,0.0311355311355311,0.301831501831502,0,0.13021978021978,0.145054945054945,0.391758241758242
165273.411807,2556366.126422,0.0381371470480381,0.348368170150348,0,0.0606894022735607,0.167033370003667,0.385771910524386
165773.411807,2556366.126422,0.0419413919413919,0.0703296703296703,0.000183150183150183,0.320879120879121,0.279304029304029,0.287362637362637
166273.411807,2556366.126422,0.0631868131868132,0.328205128205128,0.000366300366300366,0.180586080586081,0.179120879120879,0.248534798534799
166773.411807,2556366.126422,0.0491382471580491,0.395122845617895,0,0.128162816281628,0.11954528786212,0.308030803080308
167273.411807,2556366.126422,0.0271062271062271,0.222710622710623,0,0.30018315018315,0.227472527472527,0.222527472527473
167773.411807,2556366.126422,0.0291208791208791,0.352014652014652,0.000366300366300366,0.0950549450549451,0.167582417582418,0.355860805860806
168273.411807,2556366.126422,0.0271360469380271,0.102310231023102,0.390905757242391,0.0463879721305464,0.035020168683535,0.398239823982398
168773.411807,2556366.126422,0.039010989010989,0.264835164835165,0.192490842490843,0.0783882783882784,0.0763736263736264,0.348901098901099
169273.411807,2556366.126422,0.0228937728937729,0.314652014652015,0,0.00915750915750916,0.255311355311355,0.397985347985348
169773.411807,2556366.126422,0.0740740740740741,0.155848918225156,0,0.214521452145215,0.27044371103777,0.285111844517785
170273.411807,2556366.126422,0.0576923076923077,0.242857142857143,0,0.216483516483516,0.205128205128205,0.277838827838828
170773.411807,2556366.126422,0.0402930402930403,0.552197802197802,0,0.0994505494505494,0.034981684981685,0.273076923076923
171273.411807,2556366.126422,0.0628896222955629,0.56032269893656,0.00623395672900623,0.0438210487715438,0.0594059405940594,0.267326732673267
171773.411807,2556366.126422,0.065018315018315,0.418131868131868,0,0.221428571428571,0.114652014652015,0.180769230769231
172273.411807,2556366.126422,0.0426739926739927,0.692673992673993,0,0.0368131868131868,0.0681318681318681,0.15970695970696
172773.411807,2556366.126422,0.0568390172350568,0.647964796479648,0.00128346167950128,0.0826916024935827,0.0537220388705537,0.157499083241658
160773.411807,2555866.126422,0.0335349092908191,0.204874473153747,0.00146600696353308,0.182884368700751,0.248488180318857,0.328752061572292
161273.411807,2555866.126422,0.0568911726922371,0.0440447788585061,0,0.0737750045879978,0.105523949348504,0.719765094512755
161773.411807,2555866.126422,0.0177883733724555,0.263708050614341,0,0.359251788006602,0.200440124701999,0.158811663304603
162273.411807,2555866.126422,0.0472787245739417,0.153197727689207,0.000366501740883269,0.383910573575224,0.278541323071285,0.136705149349459
162773.411807,2555866.126422,0.0150486327766563,0.102220590934116,0.22811525050468,0.412185722150853,0.166819599926592,0.0756102037071022
163273.411807,2555866.126422,0.0555657436273611,0.189803777737026,0.0960938932697598,0.173299101412067,0.0830735375022923,0.402163946451495
163773.411807,2555866.126422,0.0635880520432472,0.280740333516584,0,0.0659703133589885,0.205973978376397,0.383727322704783
164273.411807,2555866.126422,0.0695540466140576,0.195999265920352,0,0.276380987337126,0.216369976142411,0.241695723986052
164773.411807,2555866.126422,0.0265908674124335,0.396479002384009,0,0.0137538969374656,0.0801393728222996,0.483036860443792
165273.411807,2555866.126422,0.0104452996151732,0.401685908008063,0,0.017042330951072,0.0945574491478835,0.476269012277808
165773.411807,2555866.126422,0.015782712424298,0.475316571848045,0,0.10772618829143,0.125160579922922,0.276013947513305
166273.411807,2555866.126422,0.0353933614524115,0.335595085274161,0,0.0717036493673207,0.121217678342197,0.43609022556391
166773.411807,2555866.126422,0.00201575957485798,0.534542789078248,0,0.0470954737035001,0.147700201575957,0.268645776067436
167273.411807,2555866.126422,0.0367039823820885,0.216369976142411,0.181501192879427,0.0844191594788034,0.0467975775371628,0.434208111580106
167773.411807,2555866.126422,0.0115532734274711,0.198056115899505,0.382358334861544,0.134421419402164,0.0733541169998166,0.200256739409499
168273.411807,2555866.126422,0.0610225398570643,0.418544988088693,0.000733003481766538,0.0181418361737218,0.0681693238042881,0.433388308594466
168773.411807,2555866.126422,0.0701046063497889,0.22426133235456,0,0.22426133235456,0.172692237107726,0.308680491833364
169273.411807,2555866.126422,0.0594168347698515,0.402897487621493,0,0.106730240234733,0.129286631212177,0.301668806161746
169773.411807,2555866.126422,0.0575407733186733,0.324170789811252,0.000183250870441635,0.122411581455012,0.150998717243907,0.344694887300715
170273.411807,2555866.126422,0.0346852633510736,0.363002385758855,0,0.0506514956872821,0.154890805652413,0.396770049550376
170773.411807,2555866.126422,0.0489638730973776,0.261324041811847,0,0.249587383091876,0.189803777737026,0.250320924261874
171273.411807,2555866.126422,0.0492944841487997,0.463074949606011,0,0.173905076049111,0.118013560564413,0.195711929631666
171773.411807,2555866.126422,0.0445953385942375,0.366122224261332,0,0.35694622866581,0.137823453844742,0.0945127546338778
172273.411807,2555866.126422,0.0445626260773886,0.742160278745645,0,0.0645516229598386,0.0315422703099211,0.117183201907207
172773.411807,2555866.126422,0.0126443100604728,0.717060656038116,0,0.0643210555250137,0.0344511636430273,0.17152281473337
160773.411807,2555366.126422,0.382234432234432,0.354029304029304,0,0.0362637362637363,0.0567765567765568,0.170695970695971
161273.411807,2555366.126422,0.212293577981651,0.437798165137615,0,0.0310091743119266,0.12697247706422,0.191926605504587
161773.411807,2555366.126422,0.148229682627041,0.146395156851954,0.000733810310034856,0.250963126031921,0.0825536598789213,0.371124564300128
162273.411807,2555366.126422,0.0512820512820513,0.0514652014652015,0,0.333882783882784,0.235714285714286,0.327655677655678
162773.411807,2555366.126422,0.0335779816513761,0.309908256880734,0.0190825688073394,0.17302752293578,0.163302752293578,0.301100917431193
163273.411807,2555366.126422,0.0304531278664465,0.211704274445056,0.116308934140525,0.100348559897267,0.113373692900385,0.427811410750321
163773.411807,2555366.126422,0.091025641025641,0.158058608058608,0.0525641025641026,0.0692307692307692,0.0763736263736264,0.552747252747253
164273.411807,2555366.126422,0.00880733944954129,0.576146788990826,0,0.0207339449541284,0.0855045871559633,0.308807339449541
164773.411807,2555366.126422,0.0126582278481013,0.49495505411851,0,0.0225646670335718,0.138873601174097,0.33094844982572
165273.411807,2555366.126422,0.00201465201465201,0.408791208791209,0,0.0434065934065934,0.16978021978022,0.376007326007326
165773.411807,2555366.126422,0,0.367889908256881,0,0.101284403669725,0.142385321100917,0.388440366972477
166273.411807,2555366.126422,0.0394423041643735,0.454962392221611,0.0766831773986425,0.0629242340854889,0.0598055402678408,0.306182351862044
166773.411807,2555366.126422,0.00989010989010989,0.170879120879121,0.470879120879121,0.0785714285714286,0.0554945054945055,0.214285714285714
167273.411807,2555366.126422,0.0110091743119266,0.351376146788991,0.172110091743119,0.108990825688073,0.119082568807339,0.23743119266055
167773.411807,2555366.126422,0.0401761144744084,0.270042194092827,0.0262337185837461,0.114841313520455,0.132452760961291,0.416253898367272
168273.411807,2555366.126422,0.0567765567765568,0.242673992673993,0.0206959706959707,0.146153846153846,0.123443223443223,0.41025641025641
168773.411807,2555366.126422,0.0557798165137615,0.326788990825688,0,0.161651376146789,0.117247706422018,0.338532110091743
169273.411807,2555366.126422,0.0497156485048615,0.0766831773986425,0,0.597505044945882,0.216290588882774,0.0598055402678408
169773.411807,2555366.126422,0.0727106227106227,0.339194139194139,0,0.184249084249084,0.101831501831502,0.302014652014652
170273.411807,2555366.126422,0.0655045871559633,0.36605504587156,0.00018348623853211,0.175963302752294,0.0645871559633028,0.327706422018349
170773.411807,2555366.126422,0.0959456980370574,0.270042194092827,0,0.157035406347459,0.203632361034673,0.273344340487984
171273.411807,2555366.126422,0.0782051282051282,0.534615384615385,0,0.097985347985348,0.0635531135531135,0.225641025641026
171773.411807,2555366.126422,0.0209174311926606,0.480733944954128,0.00018348623853211,0.140733944954128,0.122201834862385,0.235229357798165
172273.411807,2555366.126422,0.0603558980003669,0.463034305631994,0.000183452577508714,0.255916345624656,0.11410750321042,0.106402494955054
172773.411807,2555366.126422,0.0648351648351648,0.534065934065934,0,0.0529304029304029,0.108424908424908,0.23974358974359
160773.411807,2554866.126422,0.0564723138980565,0.074990832416575,0.00055005500550055,0.350935093509351,0.191602493582692,0.325449211587825
161273.411807,2554866.126422,0.0379120879120879,0.221978021978022,0,0.17985347985348,0.175274725274725,0.384981684981685
161773.411807,2554866.126422,0.0205128205128205,0.10989010989011,0,0.0652014652014652,0.0769230769230769,0.727472527472527
162273.411807,2554866.126422,0.0249358269160249,0.174184085075174,0,0.0606894022735607,0.0799413274660799,0.66024935826916
162773.411807,2554866.126422,0.0108058608058608,0.201465201465201,0.0104395604395604,0.232051282051282,0.13040293040293,0.414835164835165
163273.411807,2554866.126422,0.0043956043956044,0.165934065934066,0.0413919413919414,0.172527472527473,0.167765567765568,0.447985347985348
163773.411807,2554866.126422,0.0181518151815182,0.4998166483315,0.0493215988265493,0.0559222588925559,0.14961496149615,0.227172717271727
164273.411807,2554866.126422,0,0.682051282051282,0,0.0214285714285714,0.0536630036630037,0.242857142857143
164773.411807,2554866.126422,0.0338827838827839,0.3003663003663,0,0.0457875457875458,0.0895604395604396,0.53040293040293
165273.411807,2554866.126422,0.026952695269527,0.366886688668867,0.0418041804180418,0.0559222588925559,0.0916758342500917,0.416758342500917
165773.411807,2554866.126422,0.0232600732600733,0.131868131868132,0.376739926739927,0.126007326007326,0.0567765567765568,0.285347985347985
166273.411807,2554866.126422,0.0137362637362637,0.163919413919414,0.317216117216117,0.172710622710623,0.126007326007326,0.206410256410256
166773.411807,2554866.126422,0.0595892922625596,0.495599559955996,0,0.1004767143381,0.106894022735607,0.237440410707737
167273.411807,2554866.126422,0.0551282051282051,0.422710622710623,0,0.0591575091575092,0.0935897435897436,0.369413919413919
167773.411807,2554866.126422,0.0258241758241758,0.516666666666667,0,0.0703296703296703,0.0622710622710623,0.324908424908425
168273.411807,2554866.126422,0.0390539053905391,0.61019435276861,0,0.0231023102310231,0.0531719838650532,0.274477447744774
168773.411807,2554866.126422,0.0571428571428571,0.419047619047619,0,0.25952380952381,0.104945054945055,0.159340659340659
169273.411807,2554866.126422,0.0675824175824176,0.166849816849817,0,0.30018315018315,0.19010989010989,0.275274725274725
169773.411807,2554866.126422,0.0434543454345435,0.32013201320132,0,0.0792079207920792,0.128529519618629,0.428676200953429
170273.411807,2554866.126422,0.0384615384615385,0.362087912087912,0,0.144139194139194,0.0998168498168498,0.355494505494506
170773.411807,2554866.126422,0.0419413919413919,0.392673992673993,0.000183150183150183,0.0996336996336996,0.0943223443223443,0.371245421245421
171273.411807,2554866.126422,0.0531719838650532,0.188668866886689,0.00055005500550055,0.653832049871654,0.0678401173450678,0.0359369270260359
171773.411807,2554866.126422,0.0432234432234432,0.133150183150183,0.000732600732600733,0.502564102564103,0.165750915750916,0.154578754578755
172273.411807,2554866.126422,0.105860805860806,0.102197802197802,0.00732600732600733,0.567582417582418,0.106959706959707,0.11007326007326
172773.411807,2554866.126422,0.0902090209020902,0.295196186285295,0.0300696736340301,0.267693436010268,0.145764576457646,0.171067106710671
160773.411807,2554366.126422,0.0269378779549203,0.122778083195895,0.227780831958952,0.11544804837823,0.101887483965549,0.405167674546454
161273.411807,2554366.126422,0.0897412369242063,0.092126995779042,0.118370343182235,0.138006973756653,0.0715727656450725,0.490181684712791
161773.411807,2554366.126422,0.0405281496423987,0.177150192554557,0.206491839354484,0.106363469649734,0.0438290849073904,0.425637263891436
162273.411807,2554366.126422,0.00256551218618288,0.223932563679677,0.218435037566428,0.311892981491662,0.0694520798973795,0.17372182517867
162773.411807,2554366.126422,0.0205542301339695,0.154156726004772,0.281152505046798,0.345200954303542,0.0857037988621766,0.113231785648743
163273.411807,2554366.126422,0.00330093526499175,0.270676691729323,0.271593618191821,0.253805244819366,0.0489638730973776,0.151659636897121
163773.411807,2554366.126422,0.0441634597764339,0.21641927799157,0.405167674546454,0.147883452446399,0.0317024005864028,0.15466373465274
164273.411807,2554366.126422,0.0012846393833731,0.22407781244265,0.326665443200587,0.256560836850798,0.0205542301339695,0.170857037988622
164773.411807,2554366.126422,0.0368604437924078,0.0474967907573813,0.415367687511462,0.20392444525949,0.0876581698147808,0.208692462864478
165273.411807,2554366.126422,0.0131940626717977,0.303646692321789,0.308594465823713,0.0971229613340663,0.156312992486714,0.12112882536192
165773.411807,2554366.126422,0.0271609469627455,0.356579188841989,0.0154156726004772,0.148467608735548,0.0644154890805652,0.387961093778675
166273.411807,2554366.126422,0.119383825417202,0.444709334311388,0,0.0656519347148359,0.088391710984779,0.281863194571795
166773.411807,2554366.126422,0.0604727872457394,0.51346893897746,0,0.103353490929082,0.0689023272860546,0.253802455561664
167273.411807,2554366.126422,0.0315654248485961,0.34850431271793,0,0.220590934116352,0.131033217104056,0.268306111213067
167773.411807,2554366.126422,0.0320924261874198,0.472583898771319,0.000183385292499542,0.0498807995598753,0.0909591050797726,0.354300385109114
168273.411807,2554366.126422,0.0652373098772219,0.380245556166392,0,0.130657870624885,0.11654755360088,0.307311709730621
168773.411807,2554366.126422,0.0420260598274913,0.288309781611305,0.000183519911910442,0.32372912461002,0.127546338777757,0.218205175261516
169273.411807,2554366.126422,0.0183385292499542,0.134238034109664,0.000183385292499542,0.581147991931047,0.158628278012103,0.107463781404731
169773.411807,2554366.126422,0.0685358255451713,0.308227964082829,0.000366501740883269,0.286054608759392,0.0980392156862745,0.23877588418545
170273.411807,2554366.126422,0.082583960359699,0.318774086988438,0,0.158928243714443,0.105707469260415,0.334006239677005
170773.411807,2554366.126422,0.0513478818998716,0.337245552906657,0.000366770584999083,0.158628278012103,0.090408949202274,0.362002567394095
171273.411807,2554366.126422,0.0522264980758659,0.108301264431006,0.000366501740883269,0.581455011911307,0.164192779915705,0.0934579439252336
171773.411807,2554366.126422,0.0688199669664159,0.0783630023857589,0,0.475683611671866,0.214901816847128,0.162231602128831
172273.411807,2554366.126422,0.0407115349348982,0.110948101962223,0.0427287731523932,0.456996148908858,0.117916743077205,0.230698697964423
172773.411807,2554366.126422,0.034084661902144,0.0841121495327103,0.0274876305662452,0.529411764705882,0.152647975077882,0.172255818215137
160773.411807,2553866.126422,0.00805860805860806,0.399084249084249,0.252380952380952,0.115750915750916,0.114102564102564,0.110622710622711
161273.411807,2553866.126422,0.0122935779816514,0.351376146788991,0.176330275229358,0.164403669724771,0.150091743119266,0.145504587155963
161773.411807,2553866.126422,0.0165107319757843,0.270776004402862,0.147128967161989,0.209502843514951,0.113557145477894,0.24252430746652
162273.411807,2553866.126422,0.124358974358974,0.165384615384615,0.0580586080586081,0.105677655677656,0.113369963369963,0.433150183150183
162773.411807,2553866.126422,0.0308256880733945,0.232293577981651,0.0146788990825688,0.0992660550458716,0.127339449541284,0.495596330275229
163273.411807,2553866.126422,0.0170610897083104,0.264722069345074,0.0188956154833975,0.154833975417355,0.129700972298661,0.414786277747202
163773.411807,2553866.126422,0.0186813186813187,0.3003663003663,0.0108058608058608,0.279487179487179,0.158974358974359,0.231684981684982
164273.411807,2553866.126422,0.051743119266055,0.22954128440367,0,0.214495412844037,0.239633027522936,0.264587155963303
164773.411807,2553866.126422,0.0528343423225096,0.32379379930288,0,0.0519170794349661,0.199046046596955,0.372408732342689
165273.411807,2553866.126422,0.0457875457875458,0.2996336996337,0.000366300366300366,0.03003663003663,0.148901098901099,0.475274725274725
165773.411807,2553866.126422,0.0247706422018349,0.351743119266055,0.0510091743119266,0.147706422018349,0.0891743119266055,0.335596330275229
166273.411807,2553866.126422,0.107870115575124,0.134470739313887,0.00715465052283985,0.367455512749954,0.132452760961291,0.250596220876903
166773.411807,2553866.126422,0.0322344322344322,0.31959706959707,0.000366300366300366,0.218498168498168,0.142857142857143,0.286446886446886
167273.411807,2553866.126422,0.00532110091743119,0.196697247706422,0.00293577981651376,0.547522935779816,0.111376146788991,0.136146788990826
167773.411807,2553866.126422,0.0332049165290772,0.423592001467621,0,0.155934690882407,0.0886075949367089,0.298660796184186
168273.411807,2553866.126422,0.056959706959707,0.377838827838828,0,0.181318681318681,0.0730769230769231,0.310805860805861
168773.411807,2553866.126422,0.0577981651376147,0.304770642201835,0,0.292110091743119,0.162201834862385,0.183119266055046
169273.411807,2553866.126422,0.0598055402678408,0.107136305265089,0,0.484681709778022,0.180700788846083,0.167675655842965
169773.411807,2553866.126422,0.00952380952380952,0.388278388278388,0,0.0558608058608059,0.102747252747253,0.443589743589744
170273.411807,2553866.126422,0.0236697247706422,0.163119266055046,0.00073394495412844,0.418348623853211,0.143669724770642,0.25045871559633
170773.411807,2553866.126422,0.0493487433498441,0.231884057971014,0.000183452577508714,0.350761328196661,0.15685195376995,0.210970464135021
171273.411807,2553866.126422,0.0399267399267399,0.261904761904762,0,0.175457875457875,0.181684981684982,0.341025641025641
171773.411807,2553866.126422,0.0341284403669725,0.215596330275229,0.00238532110091743,0.383302752293578,0.183119266055046,0.181467889908257
172273.411807,2553866.126422,0.0333883691065859,0.119427627958173,0.110254999082737,0.186204366171345,0.178132452760961,0.372592184920198
172773.411807,2553866.126422,0.0448717948717949,0.162820512820513,0.107142857142857,0.445054945054945,0.0901098901098901,0.15
160773.411807,2553366.126422,0.0276861019435277,0.304730473047305,0,0.28951228456179,0.171617161716172,0.206453978731206
161273.411807,2553366.126422,0.0373626373626374,0.404212454212454,0,0.201465201465201,0.137545787545788,0.219413919413919
161773.411807,2553366.126422,0.0360805860805861,0.195604395604396,0,0.388827838827839,0.167582417582418,0.211904761904762
162273.411807,2553366.126422,0.0335533553355336,0.214154748808214,0.00146681334800147,0.351485148514851,0.200770077007701,0.198569856985699
162773.411807,2553366.126422,0.0375457875457875,0.31043956043956,0,0.22014652014652,0.191391941391941,0.24047619047619
163273.411807,2553366.126422,0.0683150183150183,0.158241758241758,0.000549450549450549,0.0393772893772894,0.134432234432234,0.599084249084249
163773.411807,2553366.126422,0.0267693436010268,0.178767876787679,0,0.0685735240190686,0.123212321232123,0.602676934360103
164273.411807,2553366.126422,0.0752747252747253,0.193406593406593,0.00531135531135531,0.0591575091575092,0.137545787545788,0.529304029304029
164773.411807,2553366.126422,0.0551282051282051,0.228388278388278,0.0010989010989011,0.115384615384615,0.138827838827839,0.461172161172161
165273.411807,2553366.126422,0.0300696736340301,0.146314631463146,0.21012101210121,0.226439310597726,0.0960762742940961,0.290979097909791
165773.411807,2553366.126422,0.0122710622710623,0.159340659340659,0.0721611721611722,0.275274725274725,0.229487179487179,0.251465201465201
166273.411807,2553366.126422,0.0465201465201465,0.0783882783882784,0.0122710622710623,0.216849816849817,0.0840659340659341,0.561904761904762
166773.411807,2553366.126422,0.00055005500550055,0.083975064173084,0.0119178584525119,0.781628162816282,0.109460946094609,0.0124679134580125
167273.411807,2553366.126422,0.0633699633699634,0.283516483516484,0.00256410256410256,0.313553113553114,0.0728937728937729,0.264102564102564
167773.411807,2553366.126422,0.0393772893772894,0.255311355311355,0,0.248717948717949,0.171245421245421,0.285347985347985
168273.411807,2553366.126422,0.0449211587825449,0.396956362302897,0,0.148514851485149,0.159149248258159,0.25045837917125
168773.411807,2553366.126422,0.0613553113553114,0.258058608058608,0,0.237362637362637,0.217399267399267,0.225824175824176
169273.411807,2553366.126422,0.0690476190476191,0.130952380952381,0,0.482783882783883,0.148534798534799,0.168681318681319
169773.411807,2553366.126422,0.0603226989365603,0.222222222222222,0,0.230656398973231,0.182434910157682,0.304363769710304
170273.411807,2553366.126422,0.0289377289377289,0.0928571428571429,0,0.586080586080586,0.150732600732601,0.141391941391941
170773.411807,2553366.126422,0.0593406593406593,0.31043956043956,0,0.0873626373626374,0.0734432234432234,0.469413919413919
171273.411807,2553366.126422,0.0881921525485882,0.283094976164283,0.00586725339200587,0.177301063439677,0.131096442977631,0.314448111477814
171773.411807,2553366.126422,0.167582417582418,0.223992673992674,0,0.123076923076923,0.078021978021978,0.407326007326007
172273.411807,2553366.126422,0.129120879120879,0.0683150183150183,0,0.0954212454212454,0.198717948717949,0.508424908424908
172773.411807,2553366.126422,0.0183351668500183,0.105977264393106,0,0.567106710671067,0.200770077007701,0.107810781078108
160773.411807,2552866.126422,0.0397654388858347,0.359354956936045,0.053142752428074,0.165475536008796,0.163459776433938,0.218801539307312
161273.411807,2552866.126422,0.0636814094329235,0.264819232886768,0,0.225729491649844,0.186456230501009,0.259313635529455
161773.411807,2552866.126422,0.0438290849073904,0.414634146341463,0,0.090408949202274,0.143590684027141,0.307537135521731
162273.411807,2552866.126422,0.0529595015576324,0.190764156129742,0.0322521531977277,0.341029869891882,0.212021257100971,0.170973062122045
162773.411807,2552866.126422,0.0570746926041475,0.253808038172142,0.0293631859056708,0.129932097632593,0.129565057808772,0.400256927876675
163273.411807,2552866.126422,0.0504309554373739,0.305336512011737,0.0166880616174583,0.134421419402164,0.155327342747112,0.337795708784155
163773.411807,2552866.126422,0.0828293934396188,0.157045995968481,0,0.183800623052959,0.212937511453179,0.363386476085761
164273.411807,2552866.126422,0.080932281152505,0.331069921086438,0,0.0288126261699394,0.11194714626537,0.447238025325748
164773.411807,2552866.126422,0.0673024023473317,0.368787823216578,0,0.0190720704199523,0.118833669539703,0.426004034476435
165273.411807,2552866.126422,0.0505772402418911,0.183983873923401,0.00714678394722375,0.0262048744731537,0.137804654572109,0.594282572842221
165773.411807,2552866.126422,0.0864378785098183,0.0790970820334006,0.0723068452927143,0.155441365388145,0.220774454028262,0.38594237474766
166273.411807,2552866.126422,0.00715202640748212,0.0544654318723638,0.0315422703099211,0.537135521731157,0.149275628094627,0.220429121584449
166773.411807,2552866.126422,0.00861279091075683,0.0678028220634048,0.00293201392706615,0.596664834157962,0.147333699835074,0.176653839105736
167273.411807,2552866.126422,0.0137639933932832,0.355845109194348,0,0.24059460451459,0.124242980363369,0.26555331253441
167773.411807,2552866.126422,0.0559325142123602,0.329359985329177,0,0.128736475334678,0.118283513662204,0.367687511461581
168273.411807,2552866.126422,0.0784313725490196,0.229613340663368,0,0.169507055158512,0.159061755543339,0.363386476085761
168773.411807,2552866.126422,0.0831345200954303,0.0770783630023858,0.0299137456414021,0.293264819232887,0.114332905120206,0.402275646907689
169273.411807,2552866.126422,0.0718870346598203,0.0192554557124519,0.000366770584999083,0.761232349165597,0.0872913992297818,0.0599669906473501
169773.411807,2552866.126422,0.0764156129741616,0.219901044529962,0,0.158328752061572,0.158328752061572,0.387025838372732
170273.411807,2552866.126422,0.0857037988621766,0.0776289227381171,0,0.311983850247752,0.171224077812443,0.353459350339512
170773.411807,2552866.126422,0.0562992847973593,0.217128186319457,0.00513478818998716,0.20814230698698,0.152576563359619,0.360718870346598
171273.411807,2552866.126422,0.113065787062489,0.490379329301814,0.00513102437236577,0.00787978742899029,0.0262048744731537,0.357339197361187
171773.411807,2552866.126422,0.159295283538264,0.0836850798311617,0.218205175261516,0.135804734813727,0.175812075610204,0.227197650945128
172273.411807,2552866.126422,0.0194388410049514,0.187786539519531,0.240234733174399,0.114982578397213,0.100495140289749,0.337062167614157
172773.411807,2552866.126422,0.0604727872457394,0.22979659153381,0.0419644493311343,0.268462525196995,0.127359354956936,0.271944291735386
160773.411807,2552366.126422,0.0254578754578755,0.341025641025641,0.00366300366300366,0.258608058608059,0.22032967032967,0.150915750915751
161273.411807,2552366.126422,0.0563302752293578,0.220183486238532,0.0381651376146789,0.230642201834862,0.205321100917431,0.249357798165138
161773.411807,2552366.126422,0.113740598055403,0.161438268207668,0.0667767382131719,0.08273711245643,0.158686479545038,0.416620803522289
162273.411807,2552366.126422,0.0353479853479853,0.364285714285714,0.109157509157509,0.0798534798534798,0.141941391941392,0.269413919413919
162773.411807,2552366.126422,0.0209174311926606,0.226238532110092,0,0.0655045871559633,0.148990825688073,0.538348623853211
163273.411807,2552366.126422,0.0465969546872134,0.11410750321042,0.0363236103467254,0.176297926985874,0.253714914694551,0.372959090075216
163773.411807,2552366.126422,0.0347985347985348,0.0877289377289377,0,0.578937728937729,0.193589743589744,0.104945054945055
