"x","y","forest","agri","water","built","other","grass"
186273.411807,2599366.126422,0.0741874705605276,0.0529910504003768,0,0.755770136599152,0.107630711257654,0.00942063118228921
186773.411807,2599366.126422,0.0552394934850431,0.0618462103138191,0,0.762892273811709,0.0631308496971921,0.0568911726922371
187273.411807,2599366.126422,0.0843572345497891,0.170548322024574,0.00678525582248304,0.589583715386026,0.0926095727122685,0.0561158995048597
187773.411807,2599366.126422,0.0861279091075683,0.409932197177937,0,0.158695253802456,0.0971229613340663,0.248121678577973
188273.411807,2599366.126422,0.079647641769132,0.314002569278767,0,0.208662139842173,0.140209212699578,0.257478436410351
188773.411807,2599366.126422,0.0344764349899138,0.685310838070787,0,0.0386942967174033,0.0124701998899688,0.229048230331927
189273.411807,2599366.126422,0.172439069085578,0.20065970313359,0.00238226131574125,0.028587135788895,0.111050027487631,0.484881803188565
189773.411807,2599366.126422,0.0961644338410718,0.336391998531841,0,0.0893741971003854,0.0886401174527436,0.389429253073959
190273.411807,2599366.126422,0.0126535851824684,0.558591600953603,0,0.0124701998899688,0.024390243902439,0.39189437007152
190773.411807,2599366.126422,0.0267546270844787,0.791094007696537,0,0.0776983690672531,0.0425142019424592,0.0619387942092725
191273.411807,2599366.126422,0.0675353275830428,0.224444852266471,0,0.358964947696825,0.157460084419159,0.191594788034502
191773.411807,2599366.126422,0.088391710984779,0.266092059416835,0,0.306436823766734,0.0905923344947735,0.248487071336879
192273.411807,2599366.126422,0.0780648708081363,0.418728238959135,0.00146600696353308,0.0863111599780099,0.0547920102620487,0.360637713029137
192773.411807,2599366.126422,0.0961644338410718,0.0906588364837585,0,0.215085336759038,0.118186823270325,0.479904569645807
193273.411807,2599366.126422,0.214927562809463,0.0542820465798643,0,0.335044929396662,0.145057766367137,0.250687694846873
193773.411807,2599366.126422,0.126992853216053,0.0780648708081363,0.000366501740883269,0.483049294484149,0.0941909474070002,0.217335532343779
194273.411807,2599366.126422,0.0350523031748945,0.0165167920719398,0.0082583960359699,0.878142778491466,0.0497338961277299,0.0122958340979996
194773.411807,2599366.126422,0.146524848707134,0.0231065468549422,0,0.157344580964607,0.100678525582248,0.572345497891069
195273.411807,2599366.126422,0.0868609125893348,0.0397654388858347,0,0.13560564412681,0.0716510903426791,0.666116914055342
195773.411807,2599366.126422,0.300972655533125,0.0383556615892824,0,0.274729308129932,0.108093228115251,0.27784914663241
196273.411807,2599366.126422,0.344580964606639,0.0353933614524115,0,0.0408949202273978,0.10012836970475,0.479002384008803
196773.411807,2599366.126422,0.393622869708631,0.0491112332783581,0,0.0694520798973795,0.0894264247755177,0.398387392340114
197273.411807,2599366.126422,0.395485410167003,0.0334006239677005,0.000183519911910442,0.0471646173609837,0.151220407414204,0.372545421178198
197773.411807,2599366.126422,0.219512195121951,0.017604988079956,0,0.11589950485971,0.16798092792958,0.479002384008803
198273.411807,2599366.126422,0.167857797324537,0.00916254352208173,0.0108118013560564,0.142569177203592,0.136888400219901,0.532710280373832
198773.411807,2599366.126422,0.370344985149646,0.0121087502855837,0.00388393877084761,0.219099840073109,0.0980123372172721,0.296550148503541
186273.411807,2598866.126422,0.0051789077212806,0.693738229755179,0,0.181732580037665,0.00870998116760829,0.110640301318267
186773.411807,2598866.126422,0.0495412844036697,0.50954128440367,0,0.291926605504587,0.0205504587155963,0.128440366972477
187273.411807,2598866.126422,0.0583379196477711,0.505411851036507,0,0.289671619886259,0.060906255732893,0.0856723536965694
187773.411807,2598866.126422,0.0512820512820513,0.307509157509158,0,0.219413919413919,0.195787545787546,0.226007326007326
188273.411807,2598866.126422,0.0844036697247706,0.115045871559633,0,0.586605504587156,0.121651376146789,0.0922935779816514
188773.411807,2598866.126422,0.0574206567602275,0.37662814162539,0,0.211887727022565,0.11410750321042,0.239955971381398
189273.411807,2598866.126422,0.107142857142857,0.404212454212454,0,0.154945054945055,0.143956043956044,0.18974358974359
189773.411807,2598866.126422,0.0735779816513761,0.248990825688073,0.00036697247706422,0.171743119266055,0.145504587155963,0.359816513761468
190273.411807,2598866.126422,0.0570537516052101,0.316455696202532,0,0.227848101265823,0.138139790864062,0.260502660062374
190773.411807,2598866.126422,0.0668498168498168,0.335531135531136,0,0.217032967032967,0.152930402930403,0.227655677655678
191273.411807,2598866.126422,0.137981651376147,0.17045871559633,0.00018348623853211,0.232660550458716,0.0735779816513761,0.385137614678899
191773.411807,2598866.126422,0.127132636213539,0.0592551825353146,0.00220143093010457,0.692166574940378,0.0779673454412034,0.0412768299394606
192273.411807,2598866.126422,0.114102564102564,0.0375457875457875,0.00549450549450549,0.766483516483517,0.065018315018315,0.0113553113553114
192773.411807,2598866.126422,0.0440366972477064,0.0409174311926606,0.00128440366972477,0.82256880733945,0.0557798165137615,0.0354128440366972
193273.411807,2598866.126422,0.165657677490369,0.0779673454412034,0.00275178866263071,0.454962392221611,0.129884424876169,0.168776371308017
193773.411807,2598866.126422,0.256593406593407,0.0888278388278388,0.00531135531135531,0.323992673992674,0.0816849816849817,0.243589743589744
194273.411807,2598866.126422,0.111376146788991,0.0820183486238532,0.00238532110091743,0.602201834862385,0.134311926605505,0.0677064220183486
194773.411807,2598866.126422,0.139974316639149,0.0302696752889378,0.00752155567785727,0.518987341772152,0.119244175380664,0.18400293524124
195273.411807,2598866.126422,0.271428571428571,0.0163003663003663,0.000366300366300366,0.355860805860806,0.0736263736263736,0.282417582417582
195773.411807,2598866.126422,0.12605504587156,0.0398165137614679,0,0.656146788990826,0.123669724770642,0.0543119266055046
196273.411807,2598866.126422,0.307466519904605,0.0836543753439736,0.00293524124013942,0.216107136305265,0.151531829022198,0.238304898183819
196773.411807,2598866.126422,0.10018315018315,0.0261904761904762,0.00915750915750916,0.55970695970696,0.188644688644689,0.116117216117216
197273.411807,2598866.126422,0.255412844036697,0.0823853211009174,0,0.088256880733945,0.208990825688073,0.364954128440367
197773.411807,2598866.126422,0.481746468537883,0.0216474041460283,0.00146762062006971,0.0565033938726839,0.107686662997615,0.33094844982572
198273.411807,2598866.126422,0.417582417582418,0.00879120879120879,0.00128205128205128,0.112271062271062,0.150549450549451,0.30952380952381
198773.411807,2598866.126422,0.597853391185202,0.00342543959808175,0,0.0335693080612012,0.0883763416305093,0.276775519525006
186273.411807,2598366.126422,0.0433246997880857,0.426418648457735,0,0.00518012714857546,0.0336708264657405,0.491405698139863
186773.411807,2598366.126422,0.0380952380952381,0.294139194139194,0.0032967032967033,0.084981684981685,0.0608058608058608,0.518681318681319
187273.411807,2598366.126422,0.0871794871794872,0.228937728937729,0,0.353663003663004,0.135531135531136,0.194688644688645
187773.411807,2598366.126422,0.0418041804180418,0.315548221488816,0,0.258892555922259,0.224422442244224,0.159332599926659
188273.411807,2598366.126422,0.0313186813186813,0.56978021978022,0,0.109340659340659,0.0521978021978022,0.237362637362637
188773.411807,2598366.126422,0.0362637362637363,0.50989010989011,0,0.121062271062271,0.108974358974359,0.223809523809524
189273.411807,2598366.126422,0.0218188485515218,0.759442610927759,0,0.0551888522185552,0.0874587458745875,0.0760909424275761
189773.411807,2598366.126422,0.0641025641025641,0.443589743589744,0,0.170512820512821,0.095970695970696,0.225824175824176
190273.411807,2598366.126422,0.134981684981685,0.152197802197802,0,0.455860805860806,0.13003663003663,0.126923076923077
190773.411807,2598366.126422,0.18976897689769,0.162816281628163,0,0.240557389072241,0.0841584158415842,0.322698936560323
191273.411807,2598366.126422,0.224908424908425,0.136813186813187,0.00256410256410256,0.322527472527473,0.0604395604395604,0.252747252747253
191773.411807,2598366.126422,0.0391941391941392,0.0228937728937729,0.00769230769230769,0.860805860805861,0.0628205128205128,0.00659340659340659
192273.411807,2598366.126422,0.0753575357535754,0.0328199486615328,0.000916758342500917,0.819031903190319,0.059039237257059,0.0128346167950128
192773.411807,2598366.126422,0.136813186813187,0.095970695970696,0.000915750915750916,0.631135531135531,0.0897435897435897,0.0454212454212454
193273.411807,2598366.126422,0.0362637362637363,0.0238095238095238,0.00677655677655678,0.88992673992674,0.0375457875457875,0.00567765567765568
193773.411807,2598366.126422,0.198019801980198,0.115694902823616,0,0.341400806747341,0.168866886688669,0.176017601760176
194273.411807,2598366.126422,0.196520146520147,0.0946886446886447,0.0021978021978022,0.440659340659341,0.17014652014652,0.0957875457875458
194773.411807,2598366.126422,0.159340659340659,0.0710622710622711,0.000732600732600733,0.46996336996337,0.194688644688645,0.104212454212454
195273.411807,2598366.126422,0.211221122112211,0.0696736340300697,0.00238357169050238,0.407224055738907,0.18041804180418,0.129079574624129
195773.411807,2598366.126422,0.186630036630037,0.041025641025641,0.00238095238095238,0.57032967032967,0.112637362637363,0.086996336996337
196273.411807,2598366.126422,0.642490842490843,0.0175824175824176,0.0010989010989011,0.0265567765567766,0.0690476190476191,0.243223443223443
196773.411807,2598366.126422,0.472130546387972,0.0106343967730106,0,0.127796112944628,0.102310231023102,0.287128712871287
197273.411807,2598366.126422,0.453846153846154,0.00915750915750916,0,0.0716117216117216,0.110989010989011,0.354395604395604
197773.411807,2598366.126422,0.321611721611722,0.00732600732600733,0,0.0450549450549451,0.100549450549451,0.525457875457875
198273.411807,2598366.126422,0.395856252291896,0.0146681334800147,0,0.0854418775210854,0.14998166483315,0.354052071873854
198773.411807,2598366.126422,0.634725074150125,0.00638831850330824,0,0.00570385580652521,0.0216746520647958,0.331508099475245
186273.411807,2597866.126422,0.0301460197833255,0.124587847385775,0,0.0421573245407442,0.0748940178991993,0.728214790390956
186773.411807,2597866.126422,0.00330335841438796,0.0688199669664159,0,0.0251422279317306,0.0967149935768031,0.806019453110662
187273.411807,2597866.126422,0.0656519347148359,0.2400513478819,0,0.0474967907573813,0.0273244085824317,0.619475518063451
187773.411807,2597866.126422,0.110866776617189,0.247938427707532,0.000549752611324904,0.0252886201209456,0.0544255085211655,0.560930914421844
188273.411807,2597866.126422,0.0100935951550743,0.728207010460635,0,0,0.00513855753349238,0.256560836850798
188773.411807,2597866.126422,0.039611223179901,0.730240234733174,0,0,0.00568494406748579,0.224463598019439
189273.411807,2597866.126422,0.0269378779549203,0.59868059373282,0,0.170606560381162,0.0716510903426791,0.132123877588419
189773.411807,2597866.126422,0.0396403009726555,0.237107726188291,0,0.37768397871169,0.202605982749128,0.142962011378235
190273.411807,2597866.126422,0.0462130937098845,0.333027691179167,0,0.169998166147075,0.119017054832202,0.331743994131671
190773.411807,2597866.126422,0.21073850100788,0.143118929814917,0,0.211105002748763,0.107201759208356,0.327835807220084
191273.411807,2597866.126422,0.0868049183336392,0.0611121306661773,0.00513855753349238,0.706368140943292,0.0963479537529822,0.0442282987704166
191773.411807,2597866.126422,0.0533651201173666,0.0555657436273611,0.0113698881349716,0.776453328443059,0.0750045846323125,0.0282413350449294
192273.411807,2597866.126422,0.0148433205057724,0.0111783030969397,0.00989554700384827,0.945574491478835,0.0175920835623969,0.000916254352208173
192773.411807,2597866.126422,0.0548724536612222,0.0453294182418792,0.000550559735731327,0.801247935400991,0.0759772435309231,0.0220223894292531
193273.411807,2597866.126422,0.0198056115899505,0.0143040528149642,0.00495140289748762,0.907023656702732,0.0451127819548872,0.00880249403997799
193773.411807,2597866.126422,0.0434304562946674,0.026571376214037,0.000733003481766538,0.853582554517134,0.0474619754443834,0.0282206340480117
194273.411807,2597866.126422,0.0581758120756102,0.0299137456414021,0.00275279867865663,0.790420260598275,0.0890071572765645,0.0297302257294917
194773.411807,2597866.126422,0.0506143407298735,0.0267742527049331,0.00385109114249037,0.84797359251788,0.0614340729873464,0.00935264991747662
195273.411807,2597866.126422,0.298515667949423,0.0562580172255818,0.00146600696353308,0.398570643210555,0.148433205057724,0.0967564595931831
195773.411807,2597866.126422,0.737566525968067,0.0467975775371628,0.000367039823820885,0.015782712424298,0.0352358230868049,0.164250321159846
196273.411807,2597866.126422,0.212726939299468,0.0783055198973042,0,0.0383275261324042,0.136622042912158,0.534017971758665
196773.411807,2597866.126422,0.342495876855415,0.0410481949789262,0.00824628916987356,0.172805570826461,0.210188748396555,0.225215319772769
197273.411807,2597866.126422,0.149752248118921,0.0291796659937603,0.00256927876674619,0.448522664709121,0.212332538080382,0.15764360433107
197773.411807,2597866.126422,0.212543554006969,0.0187052998349532,0,0.428754813863928,0.217128186319457,0.122868145974693
198273.411807,2597866.126422,0.50448964632582,0.00916254352208173,0,0.023089609675646,0.0848451530144768,0.378413047461975
198773.411807,2597866.126422,0.313913639479095,0.026045236463331,0,0.106237148732008,0.327621658670322,0.226182316655243
186273.411807,2597366.126422,0.0315442561205273,0.306732580037665,0,0.0209510357815443,0.104284369114878,0.536487758945386
186773.411807,2597366.126422,0.0570642201834862,0.391743119266055,0,0.0339449541284404,0.0919266055045872,0.425321100917431
187273.411807,2597366.126422,0.010273344340488,0.398092093193909,0,0.00091726288754357,0.019262520638415,0.571454778939644
187773.411807,2597366.126422,0.0236263736263736,0.168681318681319,0.0144688644688645,0.234065934065934,0.0492673992673993,0.50989010989011
188273.411807,2597366.126422,0.124954128440367,0.221284403669725,0.0640366972477064,0.0763302752293578,0.0992660550458716,0.414128440366972
188773.411807,2597366.126422,0.0454962392221611,0.451109888093928,0.00366905155017428,0.0155934690882407,0.105485232067511,0.378646119977986
189273.411807,2597366.126422,0.0428571428571429,0.539194139194139,0,0.0710622710622711,0.0673992673992674,0.279487179487179
189773.411807,2597366.126422,0.0100917431192661,0.687522935779816,0,0.0376146788990826,0.023302752293578,0.241467889908257
190273.411807,2597366.126422,0.0498991010823702,0.385250412768299,0,0.0522839845899835,0.0742982938910292,0.438268207668318
190773.411807,2597366.126422,0.301282051282051,0.195421245421245,0,0.0868131868131868,0.12985347985348,0.286630036630037
191273.411807,2597366.126422,0.131743119266055,0.0996330275229358,0.00128440366972477,0.442201834862385,0.136880733944954,0.188256880733945
191773.411807,2597366.126422,0.0566868464501926,0.0680609062557329,0.00825536598789213,0.754173546138323,0.0882406897816914,0.0245826453861677
192273.411807,2597366.126422,0.0681318681318681,0.0545787545787546,0.0043956043956044,0.791575091575092,0.0531135531135531,0.0282051282051282
192773.411807,2597366.126422,0.0374311926605505,0.028256880733945,0.00587155963302752,0.866422018348624,0.0561467889908257,0.00587155963302752
193273.411807,2597366.126422,0.0172445422858191,0.0183452577508714,0.00275178866263071,0.954503760777839,0.00623738763529628,0.00091726288754357
193773.411807,2597366.126422,0.00714285714285714,0.00586080586080586,0.000366300366300366,0.978021978021978,0.00842490842490842,0.000183150183150183
194273.411807,2597366.126422,0.0409174311926606,0.013394495412844,0.00348623853211009,0.916330275229358,0.0188990825688073,0.00697247706422018
194773.411807,2597366.126422,0.0396257567418822,0.0420106402494955,0.00238488350761328,0.827738029719318,0.0623738763529628,0.0258668134287287
195273.411807,2597366.126422,0.235531135531136,0.11025641025641,0.00311355311355311,0.381684981684982,0.168681318681319,0.100732600732601
195773.411807,2597366.126422,0.184036697247706,0.018348623853211,0.00422018348623853,0.624770642201835,0.123302752293578,0.0453211009174312
196273.411807,2597366.126422,0.410933773619519,0.0172445422858191,0.00165107319757843,0.337919647771051,0.129884424876169,0.102366538249862
196773.411807,2597366.126422,0.362637362637363,0.071978021978022,0.114102564102564,0.135347985347985,0.13974358974359,0.176190476190476
197273.411807,2597366.126422,0.547889908256881,0.0295412844036697,0.0829357798165138,0.0836697247706422,0.0904587155963303,0.165504587155963
197773.411807,2597366.126422,0.653824986241057,0.0812694918363603,0.147128967161989,0.00165107319757843,0.00476976701522656,0.111355714547789
198273.411807,2597366.126422,0.885347985347985,0.000366300366300366,0,0,0.00164835164835165,0.112637362637363
198773.411807,2597366.126422,0.814112811144097,0,0,0.00159853847910482,0.0132450331125828,0.171043617264216
186273.411807,2596866.126422,0.0847657169766894,0.22298092771368,0,0.0925359076995526,0.287026136096068,0.31269131151401
186773.411807,2596866.126422,0.0598901098901099,0.254945054945055,0,0.0183150183150183,0.0708791208791209,0.595970695970696
187273.411807,2596866.126422,0.176556776556777,0.182417582417582,0,0.0183150183150183,0.0580586080586081,0.564652014652015
187773.411807,2596866.126422,0.00843417675100843,0.15034836817015,0,0.20993766043271,0.0531719838650532,0.578107810781078
188273.411807,2596866.126422,0.121794871794872,0.026007326007326,0,0.170879120879121,0.0523809523809524,0.628937728937729
188773.411807,2596866.126422,0.126007326007326,0.0503663003663004,0,0.0697802197802198,0.0880952380952381,0.665750915750916
189273.411807,2596866.126422,0.0482214888155482,0.317015034836817,0,0.210854418775211,0.112944627796113,0.310964429776311
189773.411807,2596866.126422,0.0492673992673993,0.38040293040293,0,0.215018315018315,0.128021978021978,0.227289377289377
190273.411807,2596866.126422,0.0688644688644689,0.245970695970696,0,0.435531135531136,0.133333333333333,0.116300366300366
190773.411807,2596866.126422,0.14979831316465,0.106160616061606,0,0.433993399339934,0.147414741474147,0.162632929959663
191273.411807,2596866.126422,0.0311355311355311,0.0432234432234432,0.00347985347985348,0.818315018315018,0.0765567765567766,0.0272893772893773
191773.411807,2596866.126422,0.0888278388278388,0.093040293040293,0.0032967032967033,0.676190476190476,0.0826007326007326,0.056043956043956
192273.411807,2596866.126422,0.0726072607260726,0.0463879721305464,0.000733406674000733,0.77979464613128,0.0566556655665567,0.0438210487715438
192773.411807,2596866.126422,0.0406593406593407,0.0245421245421245,0.00860805860805861,0.872527472527473,0.0452380952380952,0.00842490842490842
193273.411807,2596866.126422,0.0419413919413919,0.0197802197802198,0.00494505494505494,0.905494505494505,0.0250915750915751,0.00274725274725275
193773.411807,2596866.126422,0.11037770443711,0.0782911624495783,0,0.648881554822149,0.0914924825815915,0.070957095709571
194273.411807,2596866.126422,0.0657509157509158,0.0461538461538462,0.000366300366300366,0.752197802197802,0.109157509157509,0.0263736263736264
194773.411807,2596866.126422,0.054029304029304,0.0291208791208791,0.000549450549450549,0.839010989010989,0.0664835164835165,0.0108058608058608
195273.411807,2596866.126422,0.211771177117712,0.0333700036670334,0,0.556105610561056,0.10982764943161,0.0889255592225889
195773.411807,2596866.126422,0.39981684981685,0.0419413919413919,0.000549450549450549,0.181318681318681,0.166117216117216,0.21025641025641
196273.411807,2596866.126422,0.381318681318681,0.030952380952381,0.00695970695970696,0.163553113553114,0.108058608058608,0.309157509157509
196773.411807,2596866.126422,0.213971397139714,0.111661166116612,0.528602860286029,0.0337367070040337,0.00733406674000733,0.104693802713605
197273.411807,2596866.126422,0.510805860805861,0.06996336996337,0.271611721611722,0.00750915750915751,0.0472527472527473,0.0928571428571429
197773.411807,2596866.126422,0.641025641025641,0.0128205128205128,0.00879120879120879,0.0472527472527473,0.11007326007326,0.18003663003663
198273.411807,2596866.126422,0.960762742940961,0,0,0,0,0.0392372570590392
198773.411807,2596866.126422,0.872918092630618,0,0,0,0.000684462696783025,0.126397444672599
186273.411807,2596366.126422,0.0216674517192652,0.472915685350918,0,0.10880829015544,0.264248704663212,0.132359868111163
186773.411807,2596366.126422,0.124793540099101,0.263351073591485,0,0.0146815929528354,0.0666177280234905,0.530556065333089
187273.411807,2596366.126422,0.283697047496791,0.00110031175499725,0,0.0177883733724555,0.0368604437924078,0.660553823583349
187773.411807,2596366.126422,0.0214403518416712,0.0227231079347627,0,0.246838922484882,0.0507604911123328,0.658237126626351
188273.411807,2596366.126422,0.261148834648559,0.025325747843641,0,0.0923105156909525,0.0552394934850431,0.565975408331804
188773.411807,2596366.126422,0.0915092609572712,0.146524848707134,0,0.113515496057216,0.0843572345497891,0.56409315972859
189273.411807,2596366.126422,0.0386659336631849,0.285138354407183,0,0.379879054425509,0.133773135422393,0.16254352208173
189773.411807,2596366.126422,0.0695540466140576,0.231235089007157,0,0.316571848045513,0.154156726004772,0.228482290328501
190273.411807,2596366.126422,0.118466898954704,0.116999816614707,0,0.476801760498808,0.133504492939666,0.154227030992114
190773.411807,2596366.126422,0.128275609309144,0.138904159794759,0,0.382444566611691,0.123144584936778,0.227231079347627
191273.411807,2596366.126422,0.181684712791338,0.128280418425399,0.000917599559552211,0.413286841622316,0.135070655166086,0.140759772435309
191773.411807,2596366.126422,0.110948101962223,0.0364936732074088,0.00256739409499358,0.771135154960572,0.0509811113148725,0.0278745644599303
192273.411807,2596366.126422,0.0705515851200293,0.0296866410115448,0.00256551218618288,0.841121495327103,0.0295033901411032,0.026571376214037
192773.411807,2596366.126422,0.0115617544503579,0.0209212699577904,0.00385391815011929,0.92549091576436,0.0332171040557901,0.00495503762158194
193273.411807,2596366.126422,0.0960938932697598,0.0564826700898588,0.00513478818998716,0.74381074637814,0.08399046396479,0.0144874381074638
193773.411807,2596366.126422,0.145317940260216,0.0355506688656771,0.00256551218618288,0.691955286787612,0.0727505955653289,0.0518599963349826
194273.411807,2596366.126422,0.100568911726922,0.0356028629106258,0.00330335841438796,0.755551477335291,0.0690034868783263,0.0359699027344467
194773.411807,2596366.126422,0.0849073904272877,0.0286081056299285,0,0.766183752063085,0.101045296167247,0.0192554557124519
195273.411807,2596366.126422,0.106102253985706,0.0529595015576324,0.00403151914971596,0.60765988638446,0.166208539490563,0.0630382994319223
195773.411807,2596366.126422,0.260047715177097,0.0212883097816113,0.000183519911910442,0.466874655900165,0.089190677188475,0.162415122040741
196273.411807,2596366.126422,0.686594535118283,0.0168714469099578,0.000550155877498625,0.0452961672473868,0.0975609756097561,0.153126719237117
196773.411807,2596366.126422,0.0133773135422393,0.045629466739967,0.847718526663002,0.0276708814366868,0.0238226131574125,0.0417811984606927
197273.411807,2596366.126422,0.445035786382823,0.0451458983299688,0.0765278032666544,0.127913378601578,0.164984400807488,0.140392732611488
197773.411807,2596366.126422,0.835686777920411,0.00678525582248304,0,0.0104529616724739,0.024390243902439,0.122684760682193
198273.411807,2596366.126422,0.888033718160161,0,0,0.00146600696353308,0.0131940626717977,0.097306212204508
198773.411807,2596366.126422,0.646333104866347,0.00502627370344985,0,0.00936714644733836,0.0623714873200822,0.276901987662783
186273.411807,2595866.126422,0.108992467043315,0.436440677966102,0,0.0614406779661017,0.118173258003766,0.274952919020716
186773.411807,2595866.126422,0.291926605504587,0.132110091743119,0,0.031743119266055,0.255412844036697,0.288807339449541
187273.411807,2595866.126422,0.900018345257751,0,0,0.000366905155017428,0.00587048248027885,0.0937442671069529
187773.411807,2595866.126422,0.0250915750915751,0.0274725274725275,0,0.173809523809524,0.0435897435897436,0.73003663003663
188273.411807,2595866.126422,0.0722935779816514,0.0574311926605505,0,0.188990825688073,0.0856880733944954,0.595596330275229
188773.411807,2595866.126422,0.0165107319757843,0.463034305631994,0,0.0177949000183453,0.0592551825353146,0.443404879838562
189273.411807,2595866.126422,0.0108058608058608,0.673443223443223,0,0.00347985347985348,0.0379120879120879,0.274358974358974
189773.411807,2595866.126422,0.0306422018348624,0.60256880733945,0,0.115045871559633,0.0959633027522936,0.155779816513761
190273.411807,2595866.126422,0.0427444505595304,0.103283801137406,0.000183452577508714,0.475509080902587,0.128049899101082,0.250229315721886
190773.411807,2595866.126422,0.043956043956044,0.177838827838828,0,0.606959706959707,0.0864468864468864,0.0847985347985348
191273.411807,2595866.126422,0.185688073394495,0.169174311926606,0,0.355596330275229,0.107706422018349,0.181834862385321
191773.411807,2595866.126422,0.0691616217207852,0.118143459915612,0.000183452577508714,0.654191891396074,0.0959456980370574,0.0623738763529628
192273.411807,2595866.126422,0.043040293040293,0.0214285714285714,0.0010989010989011,0.897069597069597,0.0302197802197802,0.00714285714285714
192773.411807,2595866.126422,0.204587155963303,0.0922935779816514,0.000917431192660551,0.436697247706422,0.146605504587156,0.118899082568807
193273.411807,2595866.126422,0.201064024949551,0.0704457897633462,0.00311869381764814,0.482480278847918,0.124013942395891,0.118877270225647
193773.411807,2595866.126422,0.0771062271062271,0.0336996336996337,0.00457875457875458,0.742673992673993,0.104212454212454,0.0377289377289377
194273.411807,2595866.126422,0.0913761467889908,0.0422018348623853,0.00623853211009174,0.733394495412844,0.0755963302752294,0.0511926605504587
194773.411807,2595866.126422,0.104567969179967,0.0370574206567602,0.000550357732526142,0.713630526508897,0.098147128967162,0.0460465969546872
195273.411807,2595866.126422,0.0957875457875458,0.0401098901098901,0,0.673260073260073,0.147435897435897,0.0434065934065934
195773.411807,2595866.126422,0.308073394495413,0.0429357798165138,0,0.362752293577982,0.151376146788991,0.134862385321101
196273.411807,2595866.126422,0.442671069528527,0.0181618051733627,0,0.0091726288754357,0.0678774536782242,0.462117042744451
196773.411807,2595866.126422,0.306959706959707,0.0521978021978022,0.0857142857142857,0.0761904761904762,0.243589743589744,0.235347985347985
197273.411807,2595866.126422,0.399449541284404,0.0332110091743119,0,0.105871559633028,0.268990825688073,0.192477064220183
197773.411807,2595866.126422,0.623738763529628,0.00697119794533113,0,0.0139423958906623,0.0532012474775271,0.302146395156852
198273.411807,2595866.126422,0.837728937728938,0.000732600732600733,0,0.00128205128205128,0.0111721611721612,0.149084249084249
198773.411807,2595866.126422,0.673213062343001,0.0228362639872117,0,0.011646494633478,0.0968257593057776,0.195478419730532
186273.411807,2595366.126422,0.0334353661408053,0.556628208146927,0,0.0430892394631505,0.120791146691782,0.246056039557335
186773.411807,2595366.126422,0.039010989010989,0.595421245421245,0,0.00128205128205128,0.0747252747252747,0.28956043956044
187273.411807,2595366.126422,0.771428571428571,0.0483516483516484,0,0.00769230769230769,0.0177655677655678,0.154761904761905
187773.411807,2595366.126422,0.0242024202420242,0.00348368170150348,0,0.13971397139714,0.0517051705170517,0.780894756142281
188273.411807,2595366.126422,0.00915750915750916,0.0371794871794872,0,0.18956043956044,0.0862637362637363,0.677838827838828
188773.411807,2595366.126422,0.0697802197802198,0.272161172161172,0,0.178388278388278,0.131318681318681,0.348351648351648
189273.411807,2595366.126422,0.0152181884855152,0.353502016868353,0,0.044004400440044,0.132379904657132,0.454895489548955
189773.411807,2595366.126422,0.0342490842490843,0.323809523809524,0.00128205128205128,0.0164835164835165,0.0862637362637363,0.537912087912088
190273.411807,2595366.126422,0.0562271062271062,0.211538461538462,0.0021978021978022,0.23956043956044,0.1496336996337,0.340842490842491
190773.411807,2595366.126422,0.0540887422075541,0.122478914558122,0,0.401173450678401,0.167400073340667,0.254858819215255
191273.411807,2595366.126422,0.052014652014652,0.253663003663004,0.000183150183150183,0.215567765567766,0.150549450549451,0.328021978021978
191773.411807,2595366.126422,0.0635531135531135,0.23956043956044,0,0.365934065934066,0.134249084249084,0.196703296703297
192273.411807,2595366.126422,0.22002200220022,0.112027869453612,0,0.316281628162816,0.125229189585625,0.226439310597726
192773.411807,2595366.126422,0.263736263736264,0.0514652014652015,0,0.418315018315018,0.0972527472527473,0.169230769230769
193273.411807,2595366.126422,0.0981684981684982,0.0512820512820513,0.00402930402930403,0.704212454212454,0.0915750915750916,0.0507326007326007
193773.411807,2595366.126422,0.0264026402640264,0.0403373670700403,0.00623395672900623,0.833333333333333,0.05995599559956,0.0337367070040337
194273.411807,2595366.126422,0.133150183150183,0.13021978021978,0.000549450549450549,0.472161172161172,0.164652014652015,0.0992673992673993
194773.411807,2595366.126422,0.108608058608059,0.078021978021978,0.00622710622710623,0.32032967032967,0.104029304029304,0.382783882783883
195273.411807,2595366.126422,0.209387605427209,0.094976164283095,0.0287862119545288,0.0333700036670334,0.103777044371104,0.52970297029703
195773.411807,2595366.126422,0.20952380952381,0.0981684981684982,0.0402930402930403,0.29010989010989,0.147802197802198,0.214102564102564
196273.411807,2595366.126422,0.232967032967033,0.0305860805860806,0.0362637362637363,0.152564102564103,0.142673992673993,0.404945054945055
196773.411807,2595366.126422,0.310781078107811,0.0315364869820315,0.0106343967730106,0.0262192885955262,0.109094242757609,0.511734506784012
197273.411807,2595366.126422,0.206043956043956,0.0457875457875458,0.00531135531135531,0.102930402930403,0.199084249084249,0.440842490842491
197773.411807,2595366.126422,0.327655677655678,0.0298534798534799,0,0.060989010989011,0.197802197802198,0.383699633699634
198273.411807,2595366.126422,0.414374770810414,0.0308030803080308,0,0.0137513751375138,0.134763476347635,0.406307297396406
198773.411807,2595366.126422,0.672370522473192,0.000912616929044034,0,0.00182523385808807,0.0209901893680128,0.303901437371663
186273.411807,2594866.126422,0.00659444182760245,0.353273669335845,0,0.0233160621761658,0.269194536033914,0.347621290626472
186773.411807,2594866.126422,0.0686364470545054,0.217654615525785,0,0.00789135621214902,0.0899247568361167,0.615892824371444
187273.411807,2594866.126422,0.657619658903356,0.00458463231248854,0,0,0.0139372822299652,0.32385842655419
187773.411807,2594866.126422,0.0423309510720176,0.0124610591900312,0,0.170606560381162,0.0524097489463075,0.722191680410482
188273.411807,2594866.126422,0,0.0282620664342081,0,0.208111580106442,0.0732244448522665,0.690401908607084
188773.411807,2594866.126422,0.137905739959655,0.0405281496423987,0,0.519347148358702,0.190353933614524,0.11186502842472
189273.411807,2594866.126422,0.188381894814,0.149899212021257,0,0.225581821513652,0.176104086494411,0.260032985156679
189773.411807,2594866.126422,0.0939621948981464,0.122224261332355,0,0.183519911910442,0.198385024775188,0.401908607083869
190273.411807,2594866.126422,0.0634513112048414,0.222813130386943,0.00165046763249587,0.243719053731891,0.130937098844673,0.337428938199156
190773.411807,2594866.126422,0.0945574491478835,0.125710097122961,0,0.350558915154847,0.134139637163277,0.295033901411032
191273.411807,2594866.126422,0.0750596439713709,0.166819599926592,0.000734079647641769,0.131950816663608,0.148467608735548,0.476968251055239
191773.411807,2594866.126422,0.068402714102329,0.228864845039428,0,0.239501192004401,0.133321107647167,0.329910141206675
192273.411807,2594866.126422,0.100421477002016,0.116364302730438,0.00183250870441635,0.394722374931281,0.119479567527946,0.267179769103903
192773.411807,2594866.126422,0.0673518076711323,0.0361534226463571,0.000734079647641769,0.744356762708754,0.105707469260415,0.0456964580657001
193273.411807,2594866.126422,0.0214560792224464,0.0935264991747662,0.00238400880249404,0.698881349715753,0.0874747845222813,0.0962772785622593
193773.411807,2594866.126422,0.240241891148983,0.0822796408282939,0.00238226131574125,0.226131574124977,0.0839288986622686,0.365035733919736
194273.411807,2594866.126422,0.222426133235456,0.0932281152505047,0.00183519911910442,0.213617177463755,0.112314186089191,0.356579188841989
194773.411807,2594866.126422,0.0449293966623877,0.0298918026774253,0.00476801760498808,0.840638180817898,0.0304419585549239,0.0493306436823767
195273.411807,2594866.126422,0.0597397837639729,0.0229063588052043,0,0.770020157595749,0.0874106652006597,0.0599230346344145
195773.411807,2594866.126422,0.150486327766563,0.0701046063497889,0,0.226096531473665,0.101119471462654,0.45219306294733
196273.411807,2594866.126422,0.131303869429672,0.0981111314872547,0,0.343297267559142,0.14817531633963,0.279112415184302
196773.411807,2594866.126422,0.127725856697819,0.0656038116181052,0,0.124793842770753,0.205790727505956,0.476085761407367
197273.411807,2594866.126422,0.176362635345935,0.0601945311066251,0.011194714626537,0.0284455863461186,0.165534960543219,0.558267572031565
197773.411807,2594866.126422,0.328626444159178,0.0319090408949202,0.00861910874747845,0.0871080139372822,0.135154960572162,0.408582431688979
198273.411807,2594866.126422,0.303096939710464,0.0520432472054242,0,0.015026571376214,0.110866776617189,0.518966465090709
198773.411807,2594866.126422,0.580763079734978,0.000456933973040896,0,0.0109664153529815,0.0596298834818369,0.348183687457162
186273.411807,2594366.126422,0.0101224105461394,0.395480225988701,0,0.00541431261770245,0.0532015065913371,0.535781544256121
186773.411807,2594366.126422,0.199633027522936,0.183853211009174,0,0.0177981651376147,0.160733944954128,0.437981651376147
187273.411807,2594366.126422,0.357549073564484,0.0354063474591818,0,0.011557512383049,0.0438451660245826,0.551641900568703
187773.411807,2594366.126422,0.0159340659340659,0.010989010989011,0,0.383699633699634,0.0772893772893773,0.512087912087912
188273.411807,2594366.126422,0.0185321100917431,0.102752293577982,0,0.194495412844037,0.104954128440367,0.579266055045872
188773.411807,2594366.126422,0.0803522289488167,0.213171895065126,0,0.245092643551642,0.133370023848835,0.328013208585581
189273.411807,2594366.126422,0.0648351648351648,0.345787545787546,0,0.187179487179487,0.082967032967033,0.319230769230769
189773.411807,2594366.126422,0.053394495412844,0.291009174311927,0,0.214311926605505,0.15302752293578,0.288256880733945
190273.411807,2594366.126422,0.0717299578059072,0.152999449642267,0,0.359750504494588,0.159420289855072,0.256099798202165
190773.411807,2594366.126422,0.056043956043956,0.327472527472527,0,0.0197802197802198,0.0631868131868132,0.533516483516484
191273.411807,2594366.126422,0.0271559633027523,0.345688073394495,0,0.0954128440366973,0.0781651376146789,0.453577981651376
191773.411807,2594366.126422,0.121995964043295,0.10420106402495,0,0.387818748853421,0.130618235186204,0.25536598789213
192273.411807,2594366.126422,0.0166666666666667,0.143772893772894,0.00128205128205128,0.416300366300366,0.186263736263736,0.235714285714286
192773.411807,2594366.126422,0.0442201834862385,0.202385321100917,0.00036697247706422,0.324587155963303,0.167522935779817,0.260917431192661
193273.411807,2594366.126422,0.00550357732526142,0.162172078517703,0,0.414235920014676,0.196477710511833,0.221610713630527
193773.411807,2594366.126422,0.165384615384615,0.20970695970696,0,0.0868131868131868,0.150915750915751,0.387179487179487
194273.411807,2594366.126422,0.189357798165138,0.0422018348623853,0,0.437064220183486,0.0928440366972477,0.238532110091743
194773.411807,2594366.126422,0.0405430196294258,0.0139423958906623,0,0.876169510181618,0.0554026784076316,0.0139423958906623
195273.411807,2594366.126422,0.0705128205128205,0.0558608058608059,0,0.644688644688645,0.146703296703297,0.0822344322344322
195773.411807,2594366.126422,0.142018348623853,0.0588990825688073,0,0.498348623853211,0.167522935779817,0.133211009174312
196273.411807,2594366.126422,0.187855439368923,0.0731975784259769,0,0.225830122913227,0.136305265088975,0.376811594202899
196773.411807,2594366.126422,0.0893772893772894,0.0366300366300366,0.000366300366300366,0.496886446886447,0.24047619047619,0.136263736263736
197273.411807,2594366.126422,0.195412844036697,0.0715596330275229,0.00036697247706422,0.255963302752294,0.187155963302752,0.28954128440367
197773.411807,2594366.126422,0.186387818748853,0.0344890845716382,0.00440286186020914,0.181984956888644,0.149513850669602,0.443221427261053
198273.411807,2594366.126422,0.304029304029304,0.0245421245421245,0.00879120879120879,0.0108058608058608,0.104212454212454,0.547619047619048
198773.411807,2594366.126422,0.470655400776433,0.0550353962091802,0.0463576158940397,0.0107330440739895,0.0842658141128111,0.332952728933546
186273.411807,2593866.126422,0.0543913350600424,0.191664704497292,0,0.0110666352719567,0.108782670120085,0.634094655050624
186773.411807,2593866.126422,0.00915750915750916,0.32032967032967,0,0.0197802197802198,0.117765567765568,0.532967032967033
187273.411807,2593866.126422,0.0108058608058608,0.105311355311355,0,0.00494505494505494,0.0641025641025641,0.814835164835165
187773.411807,2593866.126422,0.00641730839750642,0.0381371470480381,0,0.0517051705170517,0.0555555555555556,0.848184818481848
188273.411807,2593866.126422,0.144139194139194,0.00311355311355311,0,0.0836996336996337,0.0705128205128205,0.698534798534798
188773.411807,2593866.126422,0.0754578754578755,0.311904761904762,0,0.0633699633699634,0.0891941391941392,0.46007326007326
189273.411807,2593866.126422,0.0238357169050238,0.356068940227356,0.00238357169050238,0.0374037403740374,0.0597726439310598,0.520535386872021
189773.411807,2593866.126422,0.0344322344322344,0.296520146520147,0,0.203663003663004,0.190842490842491,0.274542124542125
190273.411807,2593866.126422,0.110989010989011,0.261721611721612,0,0.18021978021978,0.104578754578755,0.342490842490842
190773.411807,2593866.126422,0.0364869820315365,0.436010267693436,0,0.129446277961129,0.0887422075540887,0.309314264759809
191273.411807,2593866.126422,0.047985347985348,0.24029304029304,0,0.399267399267399,0.136630036630037,0.175824175824176
191773.411807,2593866.126422,0.0620879120879121,0.0551282051282051,0,0.685714285714286,0.121611721611722,0.0754578754578755
192273.411807,2593866.126422,0.0555555555555556,0.0694902823615695,0,0.682068206820682,0.079024569123579,0.113861386138614
192773.411807,2593866.126422,0.00567765567765568,0.166849816849817,0,0.32032967032967,0.153296703296703,0.353846153846154
193273.411807,2593866.126422,0,0.243040293040293,0.000366300366300366,0.271611721611722,0.182967032967033,0.302014652014652
193773.411807,2593866.126422,0.284561789512285,0.188118811881188,0,0.0980931426475981,0.0586725339200587,0.370553722038871
194273.411807,2593866.126422,0.221978021978022,0.056043956043956,0.000549450549450549,0.325641025641026,0.0857142857142857,0.31007326007326
194773.411807,2593866.126422,0.0575091575091575,0.0831501831501831,0.000183150183150183,0.475457875457875,0.143589743589744,0.24010989010989
195273.411807,2593866.126422,0.136963696369637,0.241474147414741,0,0.0396039603960396,0.134580124679135,0.447378071140447
195773.411807,2593866.126422,0.202197802197802,0.0774725274725275,0.013003663003663,0.172527472527473,0.152014652014652,0.382783882783883
196273.411807,2593866.126422,0.146520146520147,0.131318681318681,0.0421245421245421,0.0615384615384615,0.176923076923077,0.441575091575092
