"x","y","forest","agri","water","built","other","grass"
300773.411807,2779366.126422,0.275830427601395,0.151403927326115,0,0.133786015782712,0.390897412369242,0.0480822169205359
301273.411807,2779366.126422,0.360902255639098,0.057216211259857,0,0.266092059416835,0.102879149092243,0.212910324591968
301773.411807,2779366.126422,0.435404068169324,0.0886934212937511,0,0.153197727689207,0.1434854315558,0.179219351291919
302273.411807,2779366.126422,0.523215268856671,0.232886768214351,0,0.172325197283905,0.0335841438796109,0.0379886217654616
302773.411807,2779366.126422,0.274527782871814,0.165596919127086,0.000183385292499542,0.409315972858977,0.107463781404731,0.0429121584448927
303273.411807,2779366.126422,0.231079347626901,0.0899761773868426,0.0130108118013561,0.444016859080081,0.132856881070185,0.0890599230346344
303773.411807,2779366.126422,0.307579372361901,0.104422829877042,0.00495503762158194,0.348137272894109,0.100752431638833,0.134153055606533
304273.411807,2779366.126422,0.638547588483404,0.0236567027324409,0,0.01998899688245,0.0966440491472584,0.221162662754447
304773.411807,2779366.126422,0.685724757192597,0.00329851566794942,0,0.00769653655854865,0.0344511636430273,0.268829026937878
305273.411807,2779366.126422,0.783262984033768,0.00311983850247752,0,0.00238575885483575,0.00752431638832813,0.203707102220591
305773.411807,2779366.126422,0.410049514028975,0.033192737942417,0,0.0210893086374473,0.116633046029708,0.419035393361452
306273.411807,2779366.126422,0.37328202308961,0.0241891148982958,0,0.0287703866593366,0.0703683342495877,0.50339014110317
306773.411807,2779366.126422,0.384107175628556,0.0255092677555515,0,0.0194531106625069,0.0759772435309231,0.494953202422463
307273.411807,2779366.126422,0.729506693563176,0.00146708233999633,0,0.00183385292499542,0.00715202640748212,0.26004034476435
307773.411807,2779366.126422,0.466006963533077,0.0256551218618288,0,0.0142935678944475,0.0558915154846986,0.438152831225948
308273.411807,2779366.126422,0.53936502110479,0.0108276748027161,0,0.0130299137456414,0.0422095797394017,0.394567810607451
308773.411807,2779366.126422,0.738675958188153,0.00916926462497708,0,0.00696864111498258,0.0265908674124335,0.218595268659454
309273.411807,2779366.126422,0.687740516767455,0.0214403518416712,0,0.00824628916987356,0.0236393622869709,0.25893347993403
309773.411807,2779366.126422,0.834281519544871,0.0115617544503579,0,0.000183519911910442,0.00422095797394017,0.149752248118921
310273.411807,2779366.126422,0.961672473867596,0.00293416467999266,0,0,0,0.0353933614524115
310773.411807,2779366.126422,0.889866226864578,0.000549752611324904,0,0.00329851566794942,0.00329851566794942,0.102986989188199
311273.411807,2779366.126422,0.909708203340062,0.000367039823820885,0,0,0.000367039823820885,0.0895577170122958
311773.411807,2779366.126422,0.924261874197689,0.00128369704749679,0,0,0,0.0744544287548139
312273.411807,2779366.126422,0.932197177936595,0.0106285504856148,0,0.000733003481766538,0.000366501740883269,0.0560747663551402
312773.411807,2779366.126422,0.935584510919435,0.00550559735731327,0,0,0,0.058909891723252
300773.411807,2778866.126422,0.110642201834862,0.159816513761468,0,0.279266055045872,0.281467889908257,0.168807339449541
301273.411807,2778866.126422,0.0915428361768483,0.0352228948816731,0.000183452577508714,0.811043845166025,0.0388919464318474,0.023115024766098
301773.411807,2778866.126422,0.141758241758242,0.106593406593407,0.0010989010989011,0.616300366300366,0.0899267399267399,0.0443223443223443
302273.411807,2778866.126422,0.138715596330275,0.175779816513761,0.0102752293577982,0.640733944954128,0.0273394495412844,0.00715596330275229
302773.411807,2778866.126422,0.228948816730875,0.227297743533297,0,0.31095211887727,0.0992478444322143,0.133553476426344
303273.411807,2778866.126422,0.0741758241758242,0.0738095238095238,0.0010989010989011,0.702380952380952,0.131868131868132,0.0166666666666667
303773.411807,2778866.126422,0.137798165137615,0.121100917431193,0.0106422018348624,0.563302752293578,0.101651376146789,0.0655045871559633
304273.411807,2778866.126422,0.268024215740231,0.0809025866813429,0.00568702990277013,0.206200697119795,0.147679324894515,0.291506145661347
304773.411807,2778866.126422,0.499450549450549,0.0192307692307692,0,0.0265567765567766,0.122527472527473,0.332234432234432
305273.411807,2778866.126422,0.668990825688073,0.00587155963302752,0,0.00403669724770642,0.0244036697247706,0.296697247706422
305773.411807,2778866.126422,0.465602641717116,0.0354063474591818,0,0.0277013392038158,0.126765731058521,0.344523940561365
306273.411807,2778866.126422,0.443956043956044,0.0197802197802198,0,0.0104395604395604,0.0364468864468864,0.489377289377289
306773.411807,2778866.126422,0.712660550458716,0.00917431192660551,0,0.00110091743119266,0.00330275229357798,0.273761467889908
307273.411807,2778866.126422,0.589249678957989,0.0190790680609063,0,0.00550357732526142,0.0440286186020914,0.342139057053752
307773.411807,2778866.126422,0.672710622710623,0.00695970695970696,0,0.00366300366300366,0.0181318681318681,0.298534798534799
308273.411807,2778866.126422,0.642935779816514,0.0124770642201835,0,0.00825688073394495,0.0205504587155963,0.315779816513761
308773.411807,2778866.126422,0.746285085305449,0.0177949000183453,0,0.00091726288754357,0.0111906072280316,0.223812144560631
309273.411807,2778866.126422,0.926007326007326,0.00347985347985348,0,0.000366300366300366,0.000732600732600733,0.0694139194139194
309773.411807,2778866.126422,0.936697247706422,0.00605504587155963,0,0.00018348623853211,0,0.0570642201834862
310273.411807,2778866.126422,0.919280865896166,0.000366905155017428,0,0.000366905155017428,0.00091726288754357,0.0790680609062557
310773.411807,2778866.126422,0.91978021978022,0,0,0,0,0.0802197802197802
311273.411807,2778866.126422,0.877981651376147,0.0124770642201835,0,0.00018348623853211,0.0018348623853211,0.107522935779817
311773.411807,2778866.126422,0.744817464685379,0.00935608145294441,0,0.002568336085122,0.0196294257934324,0.223628691983122
312273.411807,2778866.126422,0.834615384615385,0.00622710622710623,0,0.00531135531135531,0.0188644688644689,0.134981684981685
312773.411807,2778866.126422,0.884954128440367,0,0,0,0,0.115045871559633
300773.411807,2778366.126422,0.0772893772893773,0.206227106227106,0,0.166117216117216,0.118315018315018,0.432051282051282
301273.411807,2778366.126422,0.0798534798534798,0.181501831501831,0.0043956043956044,0.52032967032967,0.0705128205128205,0.143406593406593
301773.411807,2778366.126422,0.0715071507150715,0.03997066373304,0,0.820498716538321,0.0458379171250458,0.0221855518885222
302273.411807,2778366.126422,0.0705128205128205,0.0608058608058608,0.0108058608058608,0.782600732600733,0.0454212454212454,0.0298534798534799
302773.411807,2778366.126422,0.195604395604396,0.15989010989011,0,0.407326007326007,0.08003663003663,0.157142857142857
303273.411807,2778366.126422,0.0984598459845985,0.0462046204620462,0.000366703337000367,0.755592225889256,0.0605060506050605,0.0388705537220389
303773.411807,2778366.126422,0.105860805860806,0.112820512820513,0.0188644688644689,0.535897435897436,0.0961538461538462,0.13040293040293
304273.411807,2778366.126422,0.13040293040293,0.0970695970695971,0.00549450549450549,0.531501831501832,0.121245421245421,0.114285714285714
304773.411807,2778366.126422,0.64979831316465,0.0115511551155116,0,0.00256692335900257,0.0139347268060139,0.322148881554822
305273.411807,2778366.126422,0.561355311355311,0.0124542124542125,0,0.00512820512820513,0.0206959706959707,0.4003663003663
305773.411807,2778366.126422,0.410805860805861,0.0285714285714286,0,0.030952380952381,0.127472527472527,0.402197802197802
306273.411807,2778366.126422,0.623762376237624,0.0201686835350202,0,0.0126512651265127,0.0557389072240557,0.287678767876788
306773.411807,2778366.126422,0.376007326007326,0.0556776556776557,0,0.0368131868131868,0.0730769230769231,0.458424908424908
307273.411807,2778366.126422,0.653663003663004,0.0344322344322344,0.00567765567765568,0.0144688644688645,0.0633699633699634,0.228388278388278
307773.411807,2778366.126422,0.751375137513751,0.0247524752475248,0,0.000916758342500917,0.00293362669600293,0.22002200220022
308273.411807,2778366.126422,0.675641025641026,0.0166666666666667,0,0.00494505494505494,0.00970695970695971,0.293040293040293
308773.411807,2778366.126422,0.844871794871795,0.000183150183150183,0,0,0,0.154945054945055
309273.411807,2778366.126422,0.936927026035937,0.000183351668500183,0,0.00055005500550055,0.00201686835350202,0.0603226989365603
309773.411807,2778366.126422,0.924542124542125,0,0,0,0,0.0754578754578755
310273.411807,2778366.126422,0.807326007326007,0.0981684981684982,0,0.000732600732600733,0.00494505494505494,0.0888278388278388
310773.411807,2778366.126422,0.715621562156216,0.0485881921525486,0,0.0143014301430143,0.0478547854785479,0.173634030069674
311273.411807,2778366.126422,0.613553113553114,0.0532967032967033,0,0.052014652014652,0.1003663003663,0.180769230769231
311773.411807,2778366.126422,0.721062271062271,0.0326007326007326,0,0.00512820512820513,0.0399267399267399,0.201282051282051
312273.411807,2778366.126422,0.783828382838284,0.0227356068940227,0,0.00256692335900257,0.0188852218555189,0.171983865053172
312773.411807,2778366.126422,0.765750915750916,0.000366300366300366,0,0.00164835164835165,0.00824175824175824,0.223992673992674
300773.411807,2777866.126422,0.118553863094146,0.477518810790971,0,0.0133969535694623,0.047715177096715,0.342815195448706
301273.411807,2777866.126422,0.157894736842105,0.288831835686778,0,0.119200440124702,0.101962222629745,0.33211076471667
301773.411807,2777866.126422,0.146234194612424,0.0773318673263698,0.00238226131574125,0.573575224482316,0.1434854315558,0.0569910207073484
302273.411807,2777866.126422,0.0884565975408332,0.0710222059093412,0.00734079647641769,0.724536612222426,0.0794641218572215,0.0291796659937603
302773.411807,2777866.126422,0.158995048597103,0.0918760315422703,0.00788556757748029,0.54795525398863,0.0792224463598019,0.114065651934715
303273.411807,2777866.126422,0.10317024005864,0.0745831042697453,0.00641378046545721,0.746747297049661,0.0370166758292102,0.0320689023272861
303773.411807,2777866.126422,0.167920719398055,0.0941457148100569,0.0176179115434025,0.619563222609653,0.0458799779776106,0.0548724536612222
304273.411807,2777866.126422,0.535485054098661,0.0823399963322941,0.000183385292499542,0.102512378507244,0.100311754997249,0.179167430772052
304773.411807,2777866.126422,0.643393806120579,0.0298698918819864,0,0.00971229613340663,0.045629466739967,0.271394539124061
305273.411807,2777866.126422,0.487428886034135,0.0262433474031932,0,0.0141310332171041,0.0759772435309231,0.396219489814645
305773.411807,2777866.126422,0.442875481386393,0.0119200440124702,0,0.00788556757748029,0.037593984962406,0.499724922061251
306273.411807,2777866.126422,0.520432472054242,0.0621220450797141,0.000549752611324904,0.0273043796958036,0.148616455928166,0.24097489463075
306773.411807,2777866.126422,0.599743072123325,0.0343182235272527,0,0.0148651128647458,0.0798311616810424,0.271242429803634
307273.411807,2777866.126422,0.671556941133321,0.0447460113698881,0.000366770584999083,0.00990280579497524,0.0370438290849074,0.236383642031909
307773.411807,2777866.126422,0.811068352574675,0.0205240974894631,0,0.000366501740883269,0.00256551218618288,0.165475536008796
308273.411807,2777866.126422,0.79684345751514,0.00660671682877592,0,0,0,0.196549825656084
308773.411807,2777866.126422,0.83220245736292,0.0053181734824867,0,0.000366770584999083,0.000183385292499542,0.161929213277095
309273.411807,2777866.126422,0.767088143668682,0.00238226131574125,0,0.00549752611324904,0.0208905992303463,0.204141469671981
309773.411807,2777866.126422,0.872453661222243,0.000734079647641769,0,0,0.000734079647641769,0.126078179482474
310273.411807,2777866.126422,0.901522097927746,0,0,0,0,0.0984779020722538
310773.411807,2777866.126422,0.869708631115998,0,0,0,0,0.130291368884002
311273.411807,2777866.126422,0.806202973022573,0.00972655533125344,0,0.00623967700495504,0.0211047898697009,0.156726004771518
311773.411807,2777866.126422,0.874931230515313,0.00238400880249404,0,0,0.00165046763249587,0.121034293049697
312273.411807,2777866.126422,0.755360087960418,0.000366501740883269,0,0.00109950522264981,0.00164925783397471,0.241524647242074
312773.411807,2777866.126422,0.882180216553496,0.000183519911910442,0,0,0.00146815929528354,0.11616810423931
300773.411807,2777366.126422,0.117614678899083,0.581100917431193,0,0.076697247706422,0.0385321100917431,0.18605504587156
301273.411807,2777366.126422,0.211704274445056,0.282700421940928,0,0.0293524124013942,0.0418271876719868,0.434415703540635
301773.411807,2777366.126422,0.0701465201465201,0.212820512820513,0.00787545787545788,0.421428571428571,0.143772893772894,0.143956043956044
302273.411807,2777366.126422,0.107155963302752,0.163669724770642,0.0148623853211009,0.542018348623853,0.103853211009174,0.0684403669724771
302773.411807,2777366.126422,0.0933773619519354,0.085305448541552,0.0267840763162722,0.695468721335535,0.0616400660429279,0.0374243258117777
303273.411807,2777366.126422,0.234249084249084,0.0996336996336996,0.00256410256410256,0.534065934065934,0.0736263736263736,0.0558608058608059
303773.411807,2777366.126422,0.39743119266055,0.101651376146789,0.00165137614678899,0.202385321100917,0.162935779816514,0.13394495412844
304273.411807,2777366.126422,0.506512566501559,0.0656760227481196,0,0.102183085672354,0.15116492386718,0.174463401210787
304773.411807,2777366.126422,0.443406593406593,0.0261904761904762,0,0.0173992673992674,0.0948717948717949,0.418131868131868
305273.411807,2777366.126422,0.714128440366972,0.0172477064220183,0,0.0293577981651376,0.0761467889908257,0.163119266055046
305773.411807,2777366.126422,0.596771234635847,0.0304531278664465,0.00146762062006971,0.0275178866263071,0.102366538249862,0.241423592001468
306273.411807,2777366.126422,0.533333333333333,0.0294871794871795,0,0.00604395604395604,0.0432234432234432,0.387912087912088
306773.411807,2777366.126422,0.786238532110092,0.00110091743119266,0,0.00036697247706422,0.00055045871559633,0.211743119266055
307273.411807,2777366.126422,0.812144560631077,0.00623738763529628,0,0.000366905155017428,0.001284168042561,0.179966978536048
307773.411807,2777366.126422,0.852747252747253,0,0,0,0,0.147252747252747
308273.411807,2777366.126422,0.781651376146789,0.000917431192660551,0,0,0.00458715596330275,0.212844036697248
308773.411807,2777366.126422,0.757292239955971,0.00476976701522656,0,0.0091726288754357,0.0390753990093561,0.18968996514401
309273.411807,2777366.126422,0.489010989010989,0.0366300366300366,0,0.00824175824175824,0.0774725274725275,0.388644688644689
309773.411807,2777366.126422,0.674128440366973,0.0055045871559633,0,0.0036697247706422,0.00642201834862385,0.310275229357798
310273.411807,2777366.126422,0.822784810126582,0.00843881856540084,0,0.00311869381764814,0.00733810310034856,0.15831957439002
310773.411807,2777366.126422,0.821611721611722,0.0021978021978022,0,0.00164835164835165,0.0108058608058608,0.163736263736264
311273.411807,2777366.126422,0.680733944954128,0.0122935779816514,0,0.00697247706422018,0.0207339449541284,0.279266055045872
311773.411807,2777366.126422,0.829022197761879,0.0150431113557145,0,0,0.00146762062006971,0.154467070262337
312273.411807,2777366.126422,0.835714285714286,0,0,0.000366300366300366,0,0.163919413919414
312773.411807,2777366.126422,0.740550458715596,0.00697247706422018,0,0.00128440366972477,0.00385321100917431,0.247339449541284
300773.411807,2776866.126422,0.178571428571429,0.20952380952381,0.00366300366300366,0.3503663003663,0.143589743589744,0.114285714285714
301273.411807,2776866.126422,0.16007326007326,0.247069597069597,0.00567765567765568,0.34981684981685,0.134249084249084,0.103113553113553
301773.411807,2776866.126422,0.0535386872020535,0.228272827282728,0.0500550055005501,0.412907957462413,0.132196552988632,0.123028969563623
302273.411807,2776866.126422,0.106410256410256,0.133333333333333,0.0767399267399267,0.277655677655678,0.172893772893773,0.232967032967033
302773.411807,2776866.126422,0.0694139194139194,0.0716117216117216,0.0489010989010989,0.591025641025641,0.110805860805861,0.108241758241758
303273.411807,2776866.126422,0.127246057939127,0.103960396039604,0.0185185185185185,0.435276861019435,0.0931426475980931,0.221855518885222
303773.411807,2776866.126422,0.193040293040293,0.0818681318681319,0,0.352014652014652,0.167216117216117,0.205860805860806
304273.411807,2776866.126422,0.425824175824176,0.0549450549450549,0,0.0695970695970696,0.154395604395604,0.295238095238095
304773.411807,2776866.126422,0.596809680968097,0.0319031903190319,0.000183351668500183,0.0238357169050238,0.0964429776310964,0.250825082508251
305273.411807,2776866.126422,0.33040293040293,0.0582417582417582,0.000549450549450549,0.145787545787546,0.238095238095238,0.226923076923077
305773.411807,2776866.126422,0.723076923076923,0.0626373626373626,0.000183150183150183,0.0100732600732601,0.0467032967032967,0.157326007326007
306273.411807,2776866.126422,0.775577557755776,0.0306197286395306,0,0.00055005500550055,0.00641730839750642,0.186835350201687
306773.411807,2776866.126422,0.866849816849817,0.0108058608058608,0,0,0,0.122344322344322
307273.411807,2776866.126422,0.8,0.00805860805860806,0,0.000366300366300366,0.00238095238095238,0.189194139194139
307773.411807,2776866.126422,0.807847451411808,0,0,0,0,0.192152548588192
308273.411807,2776866.126422,0.823992673992674,0,0,0,0,0.176007326007326
308773.411807,2776866.126422,0.812820512820513,0.0021978021978022,0,0.000366300366300366,0.00384615384615385,0.180769230769231
309273.411807,2776866.126422,0.597726439310598,0.0286028602860286,0,0.0088008800880088,0.041987532086542,0.322882288228823
309773.411807,2776866.126422,0.77985347985348,0.00915750915750916,0,0.0010989010989011,0.00604395604395604,0.203846153846154
310273.411807,2776866.126422,0.882600732600733,0,0,0,0,0.117399267399267
310773.411807,2776866.126422,0.852035203520352,0.00238357169050238,0,0.00476714338100477,0.0144847818115145,0.126329299596626
311273.411807,2776866.126422,0.781684981684982,0.000366300366300366,0,0,0.000549450549450549,0.217399267399267
311773.411807,2776866.126422,0.795604395604396,0.000183150183150183,0,0.000183150183150183,0.000915750915750916,0.203113553113553
312273.411807,2776866.126422,0.761276127612761,0,0,0,0.000366703337000367,0.238357169050238
312773.411807,2776866.126422,0.815201465201465,0.000183150183150183,0,0,0,0.184615384615385
300773.411807,2776366.126422,0.0154156726004772,0.0691870067902367,0.20315654248486,0.222059093411635,0.104789869700863,0.385391815011929
301273.411807,2776366.126422,0.00898587933247754,0.157894736842105,0.302218962039244,0.177150192554557,0.0861910874747845,0.267559141756831
301773.411807,2776366.126422,0.0800806303829943,0.118380062305296,0.122411581455012,0.318856514568444,0.186732636980026,0.173538574308228
302273.411807,2776366.126422,0.144797210497339,0.11213066617728,0.0220223894292531,0.52266470912094,0.109561387410534,0.0888236373646541
302773.411807,2776366.126422,0.0744544287548139,0.0634513112048414,0.00293416467999266,0.758848340363103,0.0643682376673391,0.0359435173299101
303273.411807,2776366.126422,0.121861828843687,0.105735752244823,0.00201575957485798,0.515301447681876,0.124060839288987,0.131024372365769
303773.411807,2776366.126422,0.554230133969536,0.0537713341897596,0.00201871903101487,0.107542668379519,0.076344283354744,0.206092861075427
304273.411807,2776366.126422,0.670640014670823,0.0282413350449294,0,0.00476801760498808,0.015587749862461,0.280762882816798
304773.411807,2776366.126422,0.646509070918087,0.0668865677111966,0.000183250870441635,0.0273043796958036,0.0921751878321422,0.166941542972329
305273.411807,2776366.126422,0.472380253257478,0.109377867498624,0,0.0345017434391632,0.121490181684713,0.262249954120022
305773.411807,2776366.126422,0.82009902805795,0.0300751879699248,0,0.000366770584999083,0.00256739409499358,0.146891619292133
306273.411807,2776366.126422,0.895363752977827,0,0,0,0,0.104636247022173
306773.411807,2776366.126422,0.756285556982933,0.0537713341897596,0,0.00238575885483575,0.00275279867865663,0.184804551293815
307273.411807,2776366.126422,0.872913992297818,0.00183385292499542,0,0,0,0.125252154777187
307773.411807,2776366.126422,0.708631115997801,0,0,0.000549752611324904,0.00128275609309144,0.289536375297783
308273.411807,2776366.126422,0.755734997247201,0.00587263718113415,0,0.00513855753349238,0.0130299137456414,0.220223894292531
308773.411807,2776366.126422,0.705299834953237,0.000916926462497708,0,0.00201723821749496,0.0022006235099945,0.289565376856776
309273.411807,2776366.126422,0.726039948689756,0.0106285504856148,0,0.00348176653839106,0.01905809052593,0.240791643760308
309773.411807,2776366.126422,0.770233070288126,0.0126628739218205,0,0,0,0.217104055790053
310273.411807,2776366.126422,0.781404731340546,0.0231065468549422,0,0.000183385292499542,0.000183385292499542,0.195121951219512
310773.411807,2776366.126422,0.730071467839472,0.00219901044529962,0,0.000733003481766538,0.00678028220634048,0.260216236027121
311273.411807,2776366.126422,0.769131950816664,0.000367039823820885,0,0.0012846393833731,0.00238575885483575,0.226830611121307
311773.411807,2776366.126422,0.894920227397763,0,0,0,0,0.105079772602237
312273.411807,2776366.126422,0.79714128642111,0.00659703133589885,0,0.00109950522264981,0.00568077698369067,0.18948140003665
312773.411807,2776366.126422,0.696825105523949,0.00770783630023858,0,0.0047715177096715,0.0047715177096715,0.285924022756469
300773.411807,2775866.126422,0.0977981651376147,0.0565137614678899,0.00036697247706422,0.639449541284404,0.0988990825688073,0.10697247706422
301273.411807,2775866.126422,0.0605393505778756,0.0359567051917079,0,0.842230783342506,0.0344890845716382,0.0267840763162722
301773.411807,2775866.126422,0.0287545787545788,0.0763736263736264,0.157509157509158,0.448534798534799,0.102014652014652,0.186813186813187
302273.411807,2775866.126422,0.0684403669724771,0.0722935779816514,0.00880733944954129,0.771009174311927,0.0500917431192661,0.0293577981651376
302773.411807,2775866.126422,0.121445606310769,0.0871399743166392,0.00807191341038342,0.626123647037241,0.105485232067511,0.0517336268574573
303273.411807,2775866.126422,0.271245421245421,0.06996336996337,0,0.304945054945055,0.175824175824176,0.178021978021978
303773.411807,2775866.126422,0.836330275229358,0.0515596330275229,0,0.00403669724770642,0.0121100917431193,0.0959633027522936
304273.411807,2775866.126422,0.794349660612732,0.00953953403045313,0,0.000366905155017428,0.00220143093010457,0.193542469271693
304773.411807,2775866.126422,0.68003663003663,0.00183150183150183,0,0,0,0.318131868131868
305273.411807,2775866.126422,0.757064220183486,0.0073394495412844,0,0.00055045871559633,0.00146788990825688,0.233577981651376
305773.411807,2775866.126422,0.793799302880206,0.00293524124013942,0,0.002568336085122,0.020546688680976,0.180150431113557
306273.411807,2775866.126422,0.806410256410256,0.0227106227106227,0,0.00641025641025641,0.0461538461538462,0.118315018315018
306773.411807,2775866.126422,0.517981651376147,0.026605504587156,0.00018348623853211,0.0629357798165138,0.0706422018348624,0.321651376146789
307273.411807,2775866.126422,0.623188405797101,0.00440286186020914,0,0.0168776371308017,0.0203632361034673,0.33516785910842
307773.411807,2775866.126422,0.754761904761905,0.00238095238095238,0,0.00531135531135531,0.0166666666666667,0.220879120879121
308273.411807,2775866.126422,0.801834862385321,0.00935779816513761,0,0.00018348623853211,0.00036697247706422,0.188256880733945
308773.411807,2775866.126422,0.690148596587782,0.0247660979636764,0,0.0508163639699138,0.0643918547055586,0.169877086773069
309273.411807,2775866.126422,0.666483516483516,0.0340659340659341,0,0.0498168498168498,0.0738095238095238,0.175824175824176
309773.411807,2775866.126422,0.703119266055046,0.0308256880733945,0.00348623853211009,0.083302752293578,0.0640366972477064,0.115229357798165
310273.411807,2775866.126422,0.485598972665566,0.0232984773436067,0.000733810310034856,0.0445789763346175,0.0632911392405063,0.382498624105669
310773.411807,2775866.126422,0.806776556776557,0.0256410256410256,0,0.0212454212454212,0.0358974358974359,0.11043956043956
311273.411807,2775866.126422,0.784954128440367,0.00055045871559633,0,0.00036697247706422,0.00311926605504587,0.211009174311927
311773.411807,2775866.126422,0.71473124197395,0.0174279948633278,0,0.00421940928270042,0.0146762062006971,0.248945147679325
312273.411807,2775866.126422,0.824725274725275,0.000732600732600733,0,0,0.000732600732600733,0.173809523809524
312773.411807,2775866.126422,0.658348623853211,0.0122935779816514,0,0.00972477064220183,0.0240366972477064,0.295596330275229
300773.411807,2775366.126422,0.0423076923076923,0.0368131868131868,0.0144688644688645,0.723076923076923,0.0261904761904762,0.157142857142857
301273.411807,2775366.126422,0.0684981684981685,0.0472527472527473,0.00805860805860806,0.815201465201465,0.0494505494505494,0.0115384615384615
301773.411807,2775366.126422,0.0176017601760176,0.0531719838650532,0.158049138247158,0.47011367803447,0.124495782911624,0.176567656765677
302273.411807,2775366.126422,0.108608058608059,0.0322344322344322,0.000183150183150183,0.704578754578755,0.0741758241758242,0.0802197802197802
302773.411807,2775366.126422,0.122161172161172,0.0946886446886447,0.0271062271062271,0.582417582417582,0.128571428571429,0.0450549450549451
303273.411807,2775366.126422,0.586908690869087,0.0682068206820682,0,0.0584891822515585,0.0968096809680968,0.18958562522919
303773.411807,2775366.126422,0.867582417582418,0.00695970695970696,0,0,0,0.125457875457875
304273.411807,2775366.126422,0.431868131868132,0.0388278388278388,0,0.0188644688644689,0.186263736263736,0.324175824175824
304773.411807,2775366.126422,0.424092409240924,0.0302530253025303,0.00165016501650165,0.159149248258159,0.0799413274660799,0.304913824715805
305273.411807,2775366.126422,0.320512820512821,0.0347985347985348,0.000549450549450549,0.265018315018315,0.140842490842491,0.238278388278388
305773.411807,2775366.126422,0.282783882783883,0.101282051282051,0.0128205128205128,0.273626373626374,0.138278388278388,0.191208791208791
306273.411807,2775366.126422,0.222038870553722,0.083975064173084,0.00825082508250825,0.405390539053905,0.172717271727173,0.107627429409608
306773.411807,2775366.126422,0.0976190476190476,0.117765567765568,0.0272893772893773,0.634432234432234,0.06996336996337,0.0529304029304029
307273.411807,2775366.126422,0.19047619047619,0.0523809523809524,0.0010989010989011,0.535714285714286,0.103113553113553,0.117216117216117
307773.411807,2775366.126422,0.311514484781812,0.0705903923725706,0.00788412174550788,0.389438943894389,0.112577924459113,0.107994132746608
308273.411807,2775366.126422,0.529304029304029,0.0532967032967033,0.00787545787545788,0.176923076923077,0.080952380952381,0.151648351648352
308773.411807,2775366.126422,0.534615384615385,0.0395604395604396,0.00402930402930403,0.105128205128205,0.0833333333333333,0.233333333333333
309273.411807,2775366.126422,0.67968463513018,0.0311697836450312,0.000366703337000367,0.122662266226623,0.0575724239090576,0.108544187752109
309773.411807,2775366.126422,0.325457875457875,0.0622710622710623,0.03003663003663,0.434065934065934,0.0871794871794872,0.060989010989011
310273.411807,2775366.126422,0.392857142857143,0.0769230769230769,0.00238095238095238,0.289010989010989,0.129120879120879,0.10970695970696
310773.411807,2775366.126422,0.273560689402274,0.104693802713605,0.00825082508250825,0.240924092409241,0.212137880454712,0.16043270993766
311273.411807,2775366.126422,0.707692307692308,0.00787545787545788,0,0.0137362637362637,0.0131868131868132,0.257509157509157
311773.411807,2775366.126422,0.774358974358974,0.00128205128205128,0,0.00256410256410256,0.00934065934065934,0.212454212454212
312273.411807,2775366.126422,0.868903557022369,0.000916758342500917,0,0.000183351668500183,0.00128346167950128,0.128712871287129
312773.411807,2775366.126422,0.691208791208791,0.0141025641025641,0,0.00989010989010989,0.0205128205128205,0.264285714285714
300773.411807,2774866.126422,0.00220223894292531,0.0200036703982382,0.163699761424115,0.670214718296935,0.0411084602679391,0.102771150669848
301273.411807,2774866.126422,0.066018705299835,0.070419952319824,0.00421786172748946,0.699614890885751,0.0564826700898588,0.103245919677242
301773.411807,2774866.126422,0.0513102437236577,0.0659703133589885,0.105919003115265,0.545537841304746,0.109217518783214,0.122045079714129
302273.411807,2774866.126422,0.0420260598274913,0.0434942191227748,0.038172141677372,0.691870067902367,0.0992842723435493,0.0851532391264452
302773.411807,2774866.126422,0.178800660187053,0.0894920227397763,0.0141206675224647,0.563543003851091,0.0867412433522831,0.0673024023473317
303273.411807,2774866.126422,0.738317757009346,0.0126443100604728,0.00109950522264981,0.0240058640278541,0.0536925050393989,0.170240058640279
303773.411807,2774866.126422,0.583776839787117,0.0334006239677005,0.00422095797394017,0.0917599559552211,0.134887135254175,0.151954487061846
304273.411807,2774866.126422,0.234366403814414,0.0656519347148359,0.0621676141573446,0.282229965156794,0.184485604254539,0.171098477902072
304773.411807,2774866.126422,0.0800806303829943,0.0703683342495877,0.00201575957485798,0.298332417078981,0.272860546087594,0.276342312625985
305273.411807,2774866.126422,0.0831345200954303,0.0633143696091026,0.0159662323362085,0.723068452927143,0.0800146815929528,0.0345017434391632
305773.411807,2774866.126422,0.0792224463598019,0.171281863194572,0.055198973042362,0.61214010636347,0.0588666788923528,0.0232899321474418
306273.411807,2774866.126422,0.0980392156862745,0.26791277258567,0.0447132123877588,0.44621586952538,0.0703683342495877,0.0727505955653289
306773.411807,2774866.126422,0.0924940356028629,0.189025509267756,0.051018535511103,0.526151587447238,0.085887318774087,0.0554230133969536
307273.411807,2774866.126422,0.0691362552723272,0.0861910874747845,0.0605171465248487,0.75591417568311,0.0154043645699615,0.0128369704749679
307773.411807,2774866.126422,0.0593732820230896,0.0824628916987356,0.0131940626717977,0.766904892798241,0.0390324354040682,0.0390324354040682
308273.411807,2774866.126422,0.0732244448522665,0.084235639566893,0.0161497522481189,0.721416773719949,0.0620297302257295,0.0429436593870435
308773.411807,2774866.126422,0.252704933064368,0.0731707317073171,0.289198606271777,0.222996515679443,0.0654685494223363,0.0964606638547588
309273.411807,2774866.126422,0.415429723291186,0.0639545537841305,0.0221733553234378,0.22081729888217,0.106102253985706,0.17152281473337
309773.411807,2774866.126422,0.136538814461369,0.0550559735731327,0.0227564690768948,0.689667828959442,0.0532207744540283,0.0427601394751331
310273.411807,2774866.126422,0.192554557124519,0.14780854575463,0.035209976159912,0.339262791124152,0.155510728039611,0.129653401797176
310773.411807,2774866.126422,0.459043430456295,0.0617555433388309,0.108484515301448,0.0749496060106286,0.0879604178119846,0.207806487080814
311273.411807,2774866.126422,0.486144246650762,0.0374380620297302,0.231051569095247,0.0427601394751331,0.0374380620297302,0.165167920719398
311773.411807,2774866.126422,0.879699248120301,0,0,0,0,0.120300751879699
312273.411807,2774866.126422,0.726772952171523,0.00201575957485798,0,0.000916254352208173,0.0047645226314825,0.265530511269929
312773.411807,2774866.126422,0.764360433106992,0.0139475133051936,0,0.0189025509267756,0.0321159845843274,0.170673518076711
300773.411807,2774366.126422,0.02,0.0409174311926606,0.109357798165138,0.640917431192661,0.115045871559633,0.0737614678899083
301273.411807,2774366.126422,0.0742982938910292,0.0627407815079802,0.00330214639515685,0.720601724454229,0.0640249495505412,0.075032104201064
301773.411807,2774366.126422,0.180952380952381,0.102564102564103,0.0122710622710623,0.511355311355311,0.0847985347985348,0.108058608058608
302273.411807,2774366.126422,0.13045871559633,0.0838532110091743,0.0539449541284404,0.509357798165138,0.0935779816513762,0.128807339449541
302773.411807,2774366.126422,0.159053384700055,0.0803522289488167,0.062190423775454,0.40377912309668,0.0996147495872317,0.195010089891763
303273.411807,2774366.126422,0.191758241758242,0.0805860805860806,0.244322344322344,0.143223443223443,0.084981684981685,0.255128205128205
303773.411807,2774366.126422,0.0422018348623853,0.0644036697247706,0.319816513761468,0.152477064220183,0.165504587155963,0.255596330275229
304273.411807,2774366.126422,0.0537516052100532,0.0561364887176665,0.210787011557512,0.308200330214639,0.16694184553293,0.204182718767199
304773.411807,2774366.126422,0.071978021978022,0.0714285714285714,0.209157509157509,0.262820512820513,0.127655677655678,0.256959706959707
305273.411807,2774366.126422,0.036697247706422,0.0838532110091743,0.222018348623853,0.29651376146789,0.0781651376146789,0.282752293577982
305773.411807,2774366.126422,0.0552192258301229,0.131352045496239,0.252981104384517,0.148046230049532,0.162538983672721,0.249862410566868
306273.411807,2774366.126422,0.107326007326007,0.101831501831502,0.0902930402930403,0.110622710622711,0.254212454212454,0.335714285714286
306773.411807,2774366.126422,0.124403669724771,0.115229357798165,0.0124770642201835,0.163669724770642,0.187522935779817,0.396697247706422
307273.411807,2774366.126422,0.076316272243625,0.115024766097964,0.173546138323243,0.167125298110438,0.0739313887360117,0.394056136488718
307773.411807,2774366.126422,0.0923076923076923,0.132051282051282,0.0697802197802198,0.554212454212454,0.0853479853479854,0.0663003663003663
308273.411807,2774366.126422,0.130825688073395,0.104403669724771,0.0201834862385321,0.658532110091743,0.0513761467889908,0.0346788990825688
308773.411807,2774366.126422,0.16969363419556,0.126765731058521,0.029535864978903,0.554026784076316,0.0730141258484682,0.0469638598422308
309273.411807,2774366.126422,0.398901098901099,0.0857142857142857,0.0106227106227106,0.22032967032967,0.114468864468864,0.16996336996337
309773.411807,2774366.126422,0.587706422018349,0.0548623853211009,0.00018348623853211,0.127889908256881,0.0655045871559633,0.163853211009174
310273.411807,2774366.126422,0.760777838928637,0.0108237020730141,0.00110071546505228,0.0254999082737112,0.0126582278481013,0.189139607411484
310773.411807,2774366.126422,0.66978021978022,0.0201465201465201,0,0.00512820512820513,0.0285714285714286,0.276373626373626
311273.411807,2774366.126422,0.594128440366972,0.0700917431192661,0.0251376146788991,0.0539449541284404,0.0818348623853211,0.174862385321101
311773.411807,2774366.126422,0.387635296275913,0.0919097413318657,0.00238488350761328,0.147679324894515,0.196294257934324,0.17409649605577
312273.411807,2774366.126422,0.538644688644689,0.0578754578754579,0.000366300366300366,0.136630036630037,0.0835164835164835,0.182967032967033
312773.411807,2774366.126422,0.297064220183486,0.0941284403669725,0.00697247706422018,0.167706422018349,0.195596330275229,0.238532110091743
300773.411807,2773866.126422,0.0637362637362637,0.0847985347985348,0.0117216117216117,0.583516483516484,0.145604395604396,0.110622710622711
301273.411807,2773866.126422,0.034981684981685,0.0351648351648352,0.0701465201465201,0.793589743589744,0.0395604395604396,0.0265567765567766
301773.411807,2773866.126422,0.0605060506050605,0.030986431976531,0.0011001100110011,0.865603226989366,0.0300696736340301,0.0117345067840117
302273.411807,2773866.126422,0.11025641025641,0.0582417582417582,0.0206959706959707,0.684798534798535,0.0666666666666667,0.0593406593406593
302773.411807,2773866.126422,0.202380952380952,0.0703296703296703,0.000366300366300366,0.291208791208791,0.164285714285714,0.271428571428571
303273.411807,2773866.126422,0.157682434910158,0.0804913824715805,0.11019435276861,0.327282728272827,0.123945727906124,0.2004033736707
303773.411807,2773866.126422,0.172161172161172,0.124908424908425,0.0142857142857143,0.316666666666667,0.114468864468864,0.257509157509157
304273.411807,2773866.126422,0.113736263736264,0.0489010989010989,0.00128205128205128,0.417399267399267,0.184249084249084,0.234432234432234
304773.411807,2773866.126422,0.0405207187385405,0.0342867620095343,0,0.546754675467547,0.103226989365603,0.275210854418775
305273.411807,2773866.126422,0.0373626373626374,0.0421245421245421,0,0.513369963369963,0.115934065934066,0.291208791208791
305773.411807,2773866.126422,0.0406593406593407,0.0556776556776557,0,0.341025641025641,0.158058608058608,0.404578754578755
306273.411807,2773866.126422,0.0344701136780345,0.0496883021635497,0.100660066006601,0.388338833883388,0.12999633296663,0.296846351301797
306773.411807,2773866.126422,0.0142857142857143,0.0456043956043956,0.252564102564103,0.255677655677656,0.0765567765567766,0.355311355311355
307273.411807,2773866.126422,0.0142857142857143,0.030952380952381,0,0.232234432234432,0.152564102564103,0.56996336996337
307773.411807,2773866.126422,0.0421708837550422,0.0812247891455812,0.168500183351668,0.447928126145948,0.0716905023835717,0.188485515218188
308273.411807,2773866.126422,0.0917582417582418,0.0701465201465201,0.0173992673992674,0.627655677655678,0.0734432234432234,0.11959706959707
308773.411807,2773866.126422,0.556043956043956,0.0322344322344322,0.00366300366300366,0.21025641025641,0.0492673992673993,0.148534798534799
309273.411807,2773866.126422,0.62046204620462,0.0473047304730473,0.00165016501650165,0.151998533186652,0.0628896222955629,0.115694902823616
309773.411807,2773866.126422,0.27032967032967,0.0587912087912088,0.0113553113553114,0.415201465201465,0.102747252747253,0.141575091575092
310273.411807,2773866.126422,0.163736263736264,0.117948717948718,0.00293040293040293,0.189010989010989,0.206043956043956,0.32032967032967
310773.411807,2773866.126422,0.442060872753942,0.112577924459113,0.035020168683535,0.147598093142648,0.110927759442611,0.151815181518152
311273.411807,2773866.126422,0.244871794871795,0.145054945054945,0.0553113553113553,0.42014652014652,0.0857142857142857,0.0489010989010989
311773.411807,2773866.126422,0.262087912087912,0.0769230769230769,0.00714285714285714,0.521978021978022,0.0765567765567766,0.0553113553113553
312273.411807,2773866.126422,0.185001833516685,0.0304363769710304,0.0155848918225156,0.638980564723139,0.0573890722405574,0.0726072607260726
312773.411807,2773866.126422,0.332417582417582,0.0796703296703297,0.00787545787545788,0.219047619047619,0.0941391941391941,0.266849816849817
300773.411807,2773366.126422,0.0367039823820885,0.0442282987704166,0.00238575885483575,0.791154340245917,0.0499174160396403,0.0756102037071022
301273.411807,2773366.126422,0.017604988079956,0.0232899321474418,0.174582798459564,0.757197872730607,0.0265908674124335,0.000733541169998166
301773.411807,2773366.126422,0.0426974528129009,0.0404984423676012,0.00714678394722375,0.863294850650541,0.0243723657687374,0.0219901044529962
302273.411807,2773366.126422,0.13268489631125,0.0675353275830428,0.0113782345384474,0.651862727105891,0.077995962561938,0.0585428518994311
302773.411807,2773366.126422,0.21217678342197,0.0706033376123235,0.0122868145974693,0.49202273977627,0.102695763799743,0.110214560792224
303273.411807,2773366.126422,0.0628550485614807,0.0507604911123328,0.0122778083195895,0.696719809419095,0.0885101704233095,0.0888766721641928
303773.411807,2773366.126422,0.077995962561938,0.04147550009176,0.0159662323362085,0.742154523765829,0.0752431638832813,0.0471646173609837
304273.411807,2773366.126422,0.0344764349899138,0.039611223179901,0.000366770584999083,0.754080322758115,0.0759215110948102,0.0955437373922611
304773.411807,2773366.126422,0.0208905992303463,0.028587135788895,0.000366501740883269,0.626351475169507,0.0921751878321422,0.231629100238226
305273.411807,2773366.126422,0.00165167920719398,0.00532207744540283,0,0.665993760322995,0.0594604514589833,0.267572031565425
305773.411807,2773366.126422,0,0.00715202640748212,0,0.703282596735742,0.04401247019989,0.245552906656886
306273.411807,2773366.126422,0,0.0155763239875389,0,0.686824262415247,0.0703683342495877,0.227231079347627
