"x","y","forest","agri","water","built","other","grass"
211773.411807,2703866.126422,0,0.00215179968701095,0.277582159624413,0.705790297339593,0.0144757433489828,0
211773.411807,2703366.126422,0.157265961613788,0.41108499804152,0.00313356835095966,0.133176654915785,0.0387779083431257,0.256560908734822
211273.411807,2702866.126422,0.00843572345497891,0.293049697414267,0.25600586832936,0.246103062534385,0.0346598202824134,0.161745827984596
211773.411807,2702866.126422,0.0246623605402231,0.675083186533568,0.00156586416128401,0.160696809551771,0.0403210021530632,0.09767077706009
210773.411807,2702366.126422,0.00954128440366972,0.0172477064220183,0.590642201834862,0.354495412844037,0.00238532110091743,0.0256880733944954
211273.411807,2702366.126422,0.0304531278664465,0.403962575674188,0.0431113557145478,0.278847917813245,0.0726472206934507,0.170977802238121
211773.411807,2702366.126422,0.00978090766823161,0.744327073552426,0.013302034428795,0.139084507042254,0.02660406885759,0.0669014084507042
210773.411807,2701866.126422,0.111538461538462,0.214102564102564,0.113736263736264,0.312271062271062,0.0532967032967033,0.195054945054945
211273.411807,2701866.126422,0.013003663003663,0.551098901098901,0,0.184615384615385,0.0886446886446886,0.162637362637363
211773.411807,2701866.126422,0.00802976889933412,0.803172737955347,0,0.0515080297688993,0.0354484919702311,0.101840971406189
210273.411807,2701366.126422,0.085761407366685,0.111599780098955,0.0284038849184534,0.346710646875573,0.0575407733186733,0.36998350742166
210773.411807,2701366.126422,0.194531106625069,0.33198752064599,0,0.00862543585979079,0.0330335841438796,0.431822352725271
211273.411807,2701366.126422,0.0482303319273794,0.510544654318724,0,0.183568677792041,0.072803961122318,0.184852374839538
211773.411807,2701366.126422,0.0217263652378156,0.710119397142298,0,0.0733998825601879,0.0412996672538657,0.153454687805833
209773.411807,2700866.126422,0.0201797835259585,0.06989543203082,0.136488717666483,0.631260319207485,0.0326545587965511,0.109521188772702
210273.411807,2700866.126422,0.0254578754578755,0.564835164835165,0,0.0243589743589744,0.0318681318681319,0.353479853479854
210773.411807,2700866.126422,0.0247706422018349,0.496697247706422,0,0.204770642201835,0.0711926605504587,0.20256880733945
211273.411807,2700866.126422,0.0302696752889378,0.54063474591818,0,0.130618235186204,0.0627407815079802,0.235736562098697
211773.411807,2700866.126422,0.0330594679186228,0.569444444444444,0.00234741784037559,0.20226917057903,0.047339593114241,0.145539906103286
209273.411807,2700366.126422,0,0.0293040293040293,0.301831501831502,0.662454212454212,0.00347985347985348,0.00293040293040293
209773.411807,2700366.126422,0.200549450549451,0.182417582417582,0.0681318681318681,0.253296703296703,0.113186813186813,0.182417582417582
210273.411807,2700366.126422,0.00733406674000733,0.525302530253025,0.157132379904657,0.112027869453612,0.0546387972130546,0.143564356435644
210773.411807,2700366.126422,0.0043956043956044,0.72032967032967,0,0.100915750915751,0.0214285714285714,0.152930402930403
211273.411807,2700366.126422,0.0366300366300366,0.686630036630037,0,0.0375457875457875,0.0315018315018315,0.207692307692308
211773.411807,2700366.126422,0.0209557383470427,0.616137877007442,0,0.0795142969056013,0.0564042303172738,0.22698785742264
208773.411807,2699866.126422,0,0.0302363936228697,0.213487264064504,0.754810335349093,0.00146600696353308,0
209273.411807,2699866.126422,0,0.159662323362085,0.0407414204441182,0.624518260231235,0.0255092677555515,0.14956872820701
209773.411807,2699866.126422,0,0.253805244819366,0.00330093526499175,0.12781954887218,0.136622042912158,0.478452228131304
210273.411807,2699866.126422,0,0.471137987905443,0.00549752611324904,0.107385010078798,0.0701850833791461,0.345794392523364
210773.411807,2699866.126422,0.011194714626537,0.657551844375115,0.000550559735731327,0.202973022572949,0.0464305377133419,0.0812993209763259
211273.411807,2699866.126422,0.01998899688245,0.796258940033009,0,0.0100861910874748,0.0177883733724555,0.15587749862461
211773.411807,2699866.126422,0.0221178312781366,0.500880798590722,0,0.15247602270503,0.0522607163828538,0.272264631043257
208773.411807,2699366.126422,0.000549450549450549,0.0565934065934066,0.317399267399267,0.482600732600733,0.0155677655677656,0.127289377289377
209273.411807,2699366.126422,0.0207339449541284,0.233761467889908,0.00899082568807339,0.0834862385321101,0.0724770642201835,0.580550458715596
209773.411807,2699366.126422,0.00366905155017428,0.217758209502844,0.0133920381581361,0.167859108420473,0.145294441386901,0.452027150981471
210273.411807,2699366.126422,0.0161172161172161,0.239010989010989,0.0205128205128205,0.261172161172161,0.155311355311355,0.307875457875458
210773.411807,2699366.126422,0,0.551559633027523,0.0188990825688073,0.175963302752294,0.0574311926605505,0.196146788990826
211273.411807,2699366.126422,0.00220143093010457,0.687947165657677,0,0.075032104201064,0.0354063474591818,0.199412951751972
211773.411807,2699366.126422,0.00508607198748044,0.847613458528952,0,0.00391236306729264,0.0127151799687011,0.130672926447574
208273.411807,2698866.126422,0.00421245421245421,0.0192307692307692,0.711355311355311,0.224725274725275,0.00714285714285714,0.0333333333333333
208773.411807,2698866.126422,0.050971763843051,0.612027869453612,0.0157682434910158,0.113127979464613,0.0386872020535387,0.169416941694169
209273.411807,2698866.126422,0.0276556776556777,0.632417582417582,0.0032967032967033,0.106776556776557,0.0463369963369963,0.183516483516484
209773.411807,2698866.126422,0.0379120879120879,0.522710622710623,0.000915750915750916,0.167765567765568,0.0598901098901099,0.210805860805861
210273.411807,2698866.126422,0.00935093509350935,0.226806013934727,0,0.206820682068207,0.121195452878621,0.435826916024936
210773.411807,2698866.126422,0,0.0884615384615385,0.00714285714285714,0.460622710622711,0.196336996336996,0.247435897435897
211273.411807,2698866.126422,0,0.343040293040293,0,0.182417582417582,0.14047619047619,0.334065934065934
211773.411807,2698866.126422,0.00176263219741481,0.426361143752448,0.0072463768115942,0.151390520955738,0.168625146886016,0.244614179396788
208773.411807,2698366.126422,0.0120945574491479,0.776800439802089,0.00201575957485798,0.0529595015576324,0.0289536375297783,0.127176104086494
209273.411807,2698366.126422,0.0172508717195816,0.55606533308864,0.0172508717195816,0.20334006239677,0.0574417324279684,0.148651128647458
209773.411807,2698366.126422,0.0117366587199707,0.673940949935815,0,0.110397946084724,0.0377773702549056,0.166147075004585
210273.411807,2698366.126422,0.0177753344328386,0.73428623785963,0,0.0601062855048561,0.0364669232178853,0.15136521898479
210773.411807,2698366.126422,0.0233070288126262,0.586529638465774,0,0.0433106992108644,0.0390897412369242,0.307762892273812
211273.411807,2698366.126422,0.0588666788923528,0.386942967174033,0.000183385292499542,0.24812030075188,0.104713002017238,0.201173665871997
211773.411807,2698366.126422,0.00411039342337052,0.337052260716383,0,0.214131924055588,0.212174593853983,0.232530827950675
207773.411807,2697866.126422,0.00587155963302752,0.00880733944954129,0.877981651376147,0.0968807339449541,0.00348623853211009,0.00697247706422018
208273.411807,2697866.126422,0.0706292423408549,0.70610897083104,0.0104567969179967,0.0533847000550358,0.0262337185837461,0.133186571271326
208773.411807,2697866.126422,0.0223443223443223,0.526556776556777,0,0.2003663003663,0.0538461538461538,0.196886446886447
209273.411807,2697866.126422,0.0269724770642202,0.708807339449541,0,0.117064220183486,0.0568807339449541,0.0902752293577982
209773.411807,2697866.126422,0.0333883691065859,0.639515685195377,0,0.122362869198312,0.067327095945698,0.137405980554027
210273.411807,2697866.126422,0.0201465201465201,0.537545787545788,0.000915750915750916,0.217582417582418,0.0578754578754579,0.165934065934066
210773.411807,2697866.126422,0.0161467889908257,0.689908256880734,0,0.0236697247706422,0.048256880733945,0.222018348623853
211273.411807,2697866.126422,0.0106402494955054,0.892129884424876,0,0.0168776371308017,0.0181618051733627,0.062190423775454
211773.411807,2697866.126422,0.0176056338028169,0.69972613458529,0,0.0383411580594679,0.022887323943662,0.221439749608764
207773.411807,2697366.126422,0.00787545787545788,0.0862637362637363,0.474542124542125,0.344505494505495,0.0675824175824176,0.0192307692307692
208273.411807,2697366.126422,0.0346153846153846,0.436630036630037,0.0305860805860806,0.276190476190476,0.100915750915751,0.121062271062271
208773.411807,2697366.126422,0.0181518151815182,0.604143747708104,0,0.171617161716172,0.0447378071140447,0.161349468280161
209273.411807,2697366.126422,0.0124542124542125,0.75,0,0.0421245421245421,0.030952380952381,0.164468864468864
209773.411807,2697366.126422,0.0322344322344322,0.697802197802198,0,0.103663003663004,0.0608058608058608,0.105494505494505
210273.411807,2697366.126422,0.0342867620095343,0.547854785478548,0,0.167766776677668,0.0947928126145948,0.155298863219655
210773.411807,2697366.126422,0.043040293040293,0.665934065934066,0,0.093040293040293,0.0663003663003663,0.131684981684982
211273.411807,2697366.126422,0.0326007326007326,0.726190476190476,0,0.103663003663004,0.0448717948717949,0.0926739926739927
211773.411807,2697366.126422,0.0242851547199373,0.761652957305131,0,0.0311398354876616,0.0475910693301998,0.13533098315707
207273.411807,2696866.126422,0,0,0.766355140186916,0.233644859813084,0,0
207773.411807,2696866.126422,0.187740869884382,0.144613690585429,0.0930445953385942,0.170673518076711,0.0526702147182969,0.351257111396587
208273.411807,2696866.126422,0.0311754997249221,0.487254722171282,0.000183385292499542,0.241885200806895,0.070786722904823,0.168714469099578
208773.411807,2696866.126422,0.0284038849184534,0.557632398753894,0,0.204507971412864,0.0657870624885468,0.143668682426242
209273.411807,2696866.126422,0.0205542301339695,0.594237474766012,0,0.140759772435309,0.0743255643237291,0.17012295834098
209773.411807,2696866.126422,0.033192737942417,0.565560242068586,0,0.158078122134605,0.0685860993948285,0.174582798459564
210273.411807,2696866.126422,0.032618654938611,0.610591900311526,0,0.106835257467473,0.0694520798973795,0.18050210738501
210773.411807,2696866.126422,0.0236740686364471,0.689851348871353,0,0.019086070838686,0.0251422279317306,0.242246283721784
211273.411807,2696866.126422,0.0106363469649734,0.768934531450578,0,0.0412616908123968,0.0265908674124335,0.152576563359619
211773.411807,2696866.126422,0.0248580935603836,0.650812292033666,0,0.0912115873947935,0.0587199060481503,0.174398120963006
