"x","y","forest","agri","water","built","other","grass"
250273.411807,2751866.126422,0.0292319957480733,0.0502258836035078,0.000265745415891576,0.734254584108424,0.0922136593143768,0.0938081318097263
250773.411807,2751866.126422,0.100610565436687,0.0230953013007698,0.00238916910007964,0.687549774356252,0.112821874170427,0.0735333156357844
251273.411807,2751866.126422,0.0327214684756584,0.0140994945464219,0.00212822559191274,0.867783985102421,0.0649108805533387,0.0183559457302474
251773.411807,2751866.126422,0.123571618389583,0.0172734520329524,0.000265745415891576,0.464522986978475,0.185756045708212,0.208610151474887
252273.411807,2751866.126422,0.105919830103531,0.0345102203344837,0.000265463233342182,0.610299973453677,0.109105388903637,0.13989912397133
252773.411807,2751866.126422,0.0976323490289971,0.0356477786645384,0.0151636073423783,0.584197924980048,0.168395849960096,0.0989624900239425
253273.411807,2751866.126422,0.0712197714589423,0.0239170874302418,0.00584639914961467,0.698910443794845,0.145894233324475,0.0542120648418815
253773.411807,2751866.126422,0.0252190071675073,0.0334483674011149,0.00371648526679055,0.799840722059995,0.106185293336873,0.0315901247677197
254273.411807,2751866.126422,0.273476988560787,0.0178238893322692,0.00239425379090184,0.341048151104017,0.186219739292365,0.179036977919659
254773.411807,2751866.126422,0.558596864204092,0.00186021791124103,0.00239170874302418,0.267339888386925,0.0504916290193994,0.119319691735318
255273.411807,2751866.126422,0.508627555083621,0.002920095566764,0,0.0448632864348288,0.0788425803026281,0.364746482612158
255773.411807,2751866.126422,0.790635807395584,0.00345836658685821,0,0.0109071561585528,0.0260707635009311,0.168927906358074
256273.411807,2751866.126422,0.842678713792187,0,0,0.00531490831783152,0.0199309061918682,0.132075471698113
256773.411807,2751866.126422,0.855853464295195,0,0,0.00238916910007964,0.00318555880010619,0.138571807804619
257273.411807,2751866.126422,0.485235434956105,0.0111731843575419,0,0.0135674381484437,0.0625166267624368,0.427507315775472
257773.411807,2751866.126422,0.437151209141642,0.0122242891310125,0,0.00690938081318097,0.0393303215519532,0.504384799362211
258273.411807,2751866.126422,0.756039288558535,0.00159277940005309,0,0.00663658083355455,0.0329174409344306,0.202813910273427
258773.411807,2751866.126422,0.67730779462623,0.00665070497472732,0,0.0494812450119713,0.0941739824421389,0.172386272944932
259273.411807,2751866.126422,0.5615200637789,0.00637788998139782,0,0.0186021791124103,0.0467711931969174,0.366728673930375
259773.411807,2751866.126422,0.577117069285904,0.000265463233342182,0,0.00398194850013273,0.00690204406689674,0.411733474913724
260273.411807,2751866.126422,0.538973131151902,0.00159616919393456,0,0.00186219739292365,0.0167597765363128,0.440808725724927
260773.411807,2751866.126422,0.433696518735052,0.00186021791124103,0,0.00265745415891576,0.0132872707945788,0.548498538400213
261273.411807,2751866.126422,0.428723121847624,0.00610565436687019,0,0.00982213963366074,0.0469869923015662,0.508362091850279
261773.411807,2751866.126422,0.875232774674115,0,0,0.00133014099494546,0.00106411279595637,0.122372971534983
262273.411807,2751866.126422,0.371512091416423,0.0130215253786872,0,0.00823810789263885,0.0459739569492426,0.561254318363008
250273.411807,2751366.126422,0.0201465201465201,0.0192307692307692,0.000366300366300366,0.899084249084249,0.0532967032967033,0.00787545787545788
250773.411807,2751366.126422,0.0163182984965163,0.0232856618995233,0.000183351668500183,0.84983498349835,0.0889255592225889,0.0214521452145215
251273.411807,2751366.126422,0.0159340659340659,0.00366300366300366,0,0.955677655677656,0.0234432234432234,0.00128205128205128
251773.411807,2751366.126422,0.0842490842490843,0.023992673992674,0.0021978021978022,0.753296703296703,0.0879120879120879,0.0483516483516484
252273.411807,2751366.126422,0.0718738540520719,0.033003300330033,0.00476714338100477,0.720572057205721,0.096993032636597,0.0727906123945728
252773.411807,2751366.126422,0.0461538461538462,0.0124542124542125,0.0010989010989011,0.832600732600733,0.0783882783882784,0.0293040293040293
253273.411807,2751366.126422,0.067032967032967,0.0245421245421245,0.000366300366300366,0.738827838827839,0.0847985347985348,0.0844322344322344
253773.411807,2751366.126422,0.26035936927026,0.0133846718005134,0.00238357169050238,0.397323065639897,0.137330399706637,0.189218921892189
254273.411807,2751366.126422,0.667399267399267,0.00586080586080586,0.00347985347985348,0.0965201465201465,0.0518315018315018,0.174908424908425
254773.411807,2751366.126422,0.165018315018315,0.0161172161172161,0,0.3,0.257875457875458,0.260989010989011
255273.411807,2751366.126422,0.491749174917492,0.00256692335900257,0,0.15034836817015,0.0665566556655666,0.288778877887789
255773.411807,2751366.126422,0.612454212454212,0,0,0.00347985347985348,0.00604395604395604,0.378021978021978
256273.411807,2751366.126422,0.580952380952381,0.00274725274725275,0,0.00732600732600733,0.021978021978022,0.386996336996337
256773.411807,2751366.126422,0.592959295929593,0,0,0.00293362669600293,0.00293362669600293,0.401173450678401
257273.411807,2751366.126422,0.555311355311355,0,0,0.0010989010989011,0.00274725274725275,0.440842490842491
257773.411807,2751366.126422,0.601098901098901,0.000732600732600733,0,0,0.00201465201465201,0.396153846153846
258273.411807,2751366.126422,0.547488082141548,0.00238357169050238,0,0.0102676934360103,0.015034836817015,0.424825815914925
258773.411807,2751366.126422,0.52032967032967,0.010989010989011,0,0.0152014652014652,0.0335164835164835,0.41996336996337
259273.411807,2751366.126422,0.681318681318681,0.00146520146520147,0,0.00915750915750916,0.0324175824175824,0.275641025641026
259773.411807,2751366.126422,0.741107444077741,0.000366703337000367,0,0.000366703337000367,0.00183351668500183,0.256325632563256
260273.411807,2751366.126422,0.632417582417582,0.000366300366300366,0,0.00128205128205128,0.00677655677655678,0.359157509157509
260773.411807,2751366.126422,0.864102564102564,0.0010989010989011,0,0,0.00183150183150183,0.132967032967033
261273.411807,2751366.126422,0.589292262559589,0.00605060506050605,0,0.0223689035570224,0.0632563256325633,0.319031903190319
261773.411807,2751366.126422,0.86025641025641,0,0,0.000549450549450549,0.00128205128205128,0.137912087912088
262273.411807,2751366.126422,0.805677655677656,0,0,0.00238095238095238,0.00274725274725275,0.189194139194139
250273.411807,2750866.126422,0.0524481936548689,0.0289748762149276,0,0.768934531450578,0.11608289015221,0.0335595085274161
250773.411807,2750866.126422,0.00806303829943192,0.00842954004031519,0.00604727872457394,0.923584387025838,0.0492944841487997,0.00458127176104087
251273.411807,2750866.126422,0.0811158010644155,0.022389429253074,0.00991007524316388,0.76362635345935,0.0765278032666544,0.0464305377133419
251773.411807,2750866.126422,0.0295250320924262,0.0262240968274344,0.00421786172748946,0.815514395745461,0.10819732257473,0.0163212910324592
252273.411807,2750866.126422,0.0520432472054242,0.0232728605460876,0.0053142752428074,0.778266446765622,0.120212571009712,0.0208905992303463
252773.411807,2750866.126422,0.0697375665259681,0.097082033400624,0.00146815929528354,0.503578638282254,0.13690585428519,0.191227748210681
253273.411807,2750866.126422,0.186686227764533,0.130937098844673,0,0.293599853291766,0.149825783972125,0.238951036126903
253773.411807,2750866.126422,0.508337914605094,0.165475536008796,0,0.0723840938244457,0.0963899578522998,0.157412497709364
254273.411807,2750866.126422,0.594237474766012,0.000734079647641769,0,0.0899247568361167,0.101670031198385,0.213433657551844
254773.411807,2750866.126422,0.323308270676692,0,0,0.0975609756097561,0.0630845406198423,0.51604621309371
255273.411807,2750866.126422,0.430273043796958,0.00366501740883269,0,0.0513102437236577,0.0371999266996518,0.4775517683709
255773.411807,2750866.126422,0.681592952835383,0,0,0.00679023674068636,0.00495503762158194,0.306661772802349
256273.411807,2750866.126422,0.715386026040712,0,0,0.00385109114249037,0.0229231615624427,0.257839721254355
256773.411807,2750866.126422,0.712662635147517,0.000733003481766538,0,0.0175920835623969,0.0725673446948873,0.196444933113432
257273.411807,2750866.126422,0.563406129565058,0,0,0.0284455863461186,0.0389062213250138,0.36924206276381
257773.411807,2750866.126422,0.525582248303686,0,0,0.0154043645699615,0.0135705116449661,0.445442875481386
258273.411807,2750866.126422,0.33516584203775,0.00458127176104087,0,0.0188748396554884,0.101154480483782,0.540223566061939
258773.411807,2750866.126422,0.625619379702698,0.0390897412369242,0,0,0.00110111947146265,0.334189759588915
259273.411807,2750866.126422,0.801026957637997,0,0,0,0,0.198973042362003
259773.411807,2750866.126422,0.644126809602346,0.0042147700201576,0,0.0219901044529962,0.0373831775700935,0.292285138354407
260273.411807,2750866.126422,0.865112864745825,0,0,0,0.000183519911910442,0.134703615342265
260773.411807,2750866.126422,0.867229048230332,0.000183385292499542,0,0.00146708233999633,0.00678525582248304,0.124335228314689
261273.411807,2750866.126422,0.866043613707165,0.00274876305662452,0,0.00238226131574125,0.0219901044529962,0.106835257467473
261773.411807,2750866.126422,0.785098183152872,0,0,0.000367039823820885,0.00679023674068636,0.207744540282621
262273.411807,2750866.126422,0.850724371905373,0,0,0,0,0.149275628094627
250273.411807,2750366.126422,0.10988809392772,0.123463584663365,0.00091726288754357,0.512566501559347,0.0975967712346359,0.155567785727389
250773.411807,2750366.126422,0.0553113553113553,0.0507326007326007,0.0010989010989011,0.691941391941392,0.0902930402930403,0.110622710622711
251273.411807,2750366.126422,0.195229357798165,0.0244036697247706,0.00532110091743119,0.472660550458716,0.148990825688073,0.153394495412844
251773.411807,2750366.126422,0.0106402494955054,0.0288020546688681,0.002568336085122,0.833975417354614,0.0999816547422491,0.0240322876536415
252273.411807,2750366.126422,0.112087912087912,0.0161172161172161,0.00201465201465201,0.604212454212454,0.166849816849817,0.0987179487179487
252773.411807,2750366.126422,0.347155963302752,0.0647706422018349,0.00055045871559633,0.183669724770642,0.158532110091743,0.245321100917431
253273.411807,2750366.126422,0.526508897450009,0.0176114474408365,0.0420106402494955,0.0453127866446524,0.0555861309851403,0.312970097229866
253773.411807,2750366.126422,0.642673992673993,0.0161172161172161,0,0.0256410256410256,0.0395604395604396,0.276007326007326
254273.411807,2750366.126422,0.361467889908257,0.00752293577981651,0.0231192660550459,0.0522935779816514,0.0245871559633028,0.531009174311927
254773.411807,2750366.126422,0.246560264171712,0.001284168042561,0,0.0216474041460283,0.0121078701155751,0.718400293524124
255273.411807,2750366.126422,0.16959706959707,0.00384615384615385,0,0.0805860805860806,0.0703296703296703,0.675641025641026
255773.411807,2750366.126422,0.453394495412844,0,0,0.0119266055045872,0.0135779816513761,0.521100917431193
256273.411807,2750366.126422,0.298293891029169,0,0,0.0385250412768299,0.0486149330398092,0.614566134654192
256773.411807,2750366.126422,0.511721611721612,0,0,0.0106227106227106,0.0124542124542125,0.465201465201465
257273.411807,2750366.126422,0.506788990825688,0,0,0.00532110091743119,0.00642201834862385,0.481467889908257
257773.411807,2750366.126422,0.696385984223078,0.00366905155017428,0,0.00513667217024399,0.0242157402311502,0.270592551825353
258273.411807,2750366.126422,0.546153846153846,0,0,0.000366300366300366,0.000183150183150183,0.453296703296703
258773.411807,2750366.126422,0.668440366972477,0.00036697247706422,0,0,0.00275229357798165,0.328440366972477
259273.411807,2750366.126422,0.714914694551458,0,0,0.00146762062006971,0.00385250412768299,0.279765180700789
259773.411807,2750366.126422,0.64029304029304,0.000549450549450549,0,0.00714285714285714,0.01996336996337,0.332051282051282
260273.411807,2750366.126422,0.861284403669725,0.00036697247706422,0,0.00018348623853211,0.00385321100917431,0.134311926605505
260773.411807,2750366.126422,0.618051733626858,0.000366905155017428,0,0.00183452577508714,0.00807191341038342,0.371674922032655
261273.411807,2750366.126422,0.660805860805861,0.000183150183150183,0,0.000549450549450549,0.00274725274725275,0.335714285714286
261773.411807,2750366.126422,0.858715596330275,0.0018348623853211,0,0.00073394495412844,0.00330275229357798,0.135412844036697
262273.411807,2750366.126422,0.704274445055953,0,0,0.00220143093010457,0.00587048248027885,0.287653641533664
250273.411807,2749866.126422,0.379304029304029,0.0269230769230769,0,0.208241758241758,0.0985347985347985,0.286996336996337
250773.411807,2749866.126422,0.455445544554455,0.063989732306564,0,0.124679134580125,0.0678401173450678,0.288045471213788
251273.411807,2749866.126422,0.441758241758242,0.0161172161172161,0.00201465201465201,0.257692307692308,0.118315018315018,0.164102564102564
251773.411807,2749866.126422,0.197252747252747,0.026007326007326,0.00183150183150183,0.464835164835165,0.138827838827839,0.171245421245421
252273.411807,2749866.126422,0.238723872387239,0.0418041804180418,0.0242024202420242,0.264209754308764,0.180968096809681,0.25009167583425
252773.411807,2749866.126422,0.298717948717949,0.123626373626374,0.00183150183150183,0.161721611721612,0.123626373626374,0.29047619047619
253273.411807,2749866.126422,0.348534798534799,0.00714285714285714,0.00311355311355311,0.215018315018315,0.0994505494505494,0.326739926739927
253773.411807,2749866.126422,0.11991199119912,0,0,0.177484415108177,0.0707737440410708,0.631829849651632
254273.411807,2749866.126422,0.052014652014652,0.000366300366300366,0,0.113736263736264,0.063003663003663,0.770879120879121
254773.411807,2749866.126422,0.260805860805861,0,0,0.0221611721611722,0.0133699633699634,0.703663003663004
255273.411807,2749866.126422,0.18995232856619,0.0762742940960763,0,0.0293362669600293,0.0408874220755409,0.663549688302164
255773.411807,2749866.126422,0.358608058608059,0.0194139194139194,0,0.00897435897435897,0.0653846153846154,0.547619047619048
256273.411807,2749866.126422,0.488095238095238,0,0,0.000183150183150183,0.000549450549450549,0.511172161172161
256773.411807,2749866.126422,0.50990099009901,0.00495049504950495,0,0.00238357169050238,0.0111844517785112,0.471580491382472
257273.411807,2749866.126422,0.728754578754579,0,0,0.000549450549450549,0.000915750915750916,0.26978021978022
257773.411807,2749866.126422,0.606776556776557,0.000915750915750916,0,0.00989010989010989,0.0135531135531136,0.368864468864469
258273.411807,2749866.126422,0.378437843784378,0.0166850018335167,0,0.0146681334800147,0.0467546754675468,0.543454345434543
258773.411807,2749866.126422,0.712820512820513,0.000183150183150183,0,0.00824175824175824,0.019047619047619,0.25970695970696
259273.411807,2749866.126422,0.64010989010989,0.00311355311355311,0,0.00842490842490842,0.0456043956043956,0.302747252747253
259773.411807,2749866.126422,0.612577924459113,0.000733406674000733,0,0.00513384671800513,0.0192519251925193,0.362302896956362
260273.411807,2749866.126422,0.681501831501832,0.000366300366300366,0,0.00457875457875458,0.00714285714285714,0.306410256410256
260773.411807,2749866.126422,0.571062271062271,0.00457875457875458,0,0.00952380952380952,0.0322344322344322,0.382600732600733
261273.411807,2749866.126422,0.807847451411808,0,0,0.00165016501650165,0.00476714338100477,0.185735240190686
261773.411807,2749866.126422,0.672893772893773,0.00146520146520147,0,0.00311355311355311,0.0124542124542125,0.31007326007326
262273.411807,2749866.126422,0.647252747252747,0.00512820512820513,0,0.0122710622710623,0.041025641025641,0.294322344322344
250273.411807,2749366.126422,0.0766550522648084,0.0370438290849074,0.000550155877498625,0.313588850174216,0.161562442692096,0.410599669906474
250773.411807,2749366.126422,0.0425142019424592,0.0624885468205974,0.00458127176104087,0.249404434671065,0.11214953271028,0.528862012094557
251273.411807,2749366.126422,0.198017984951367,0.0262433474031932,0.0181684712791338,0.138924573316205,0.12038906221325,0.498256560836851
251773.411807,2749366.126422,0.590133871263525,0.0177883733724555,0.00715202640748212,0.0353933614524115,0.057216211259857,0.292316156244269
252273.411807,2749366.126422,0.566794942275976,0.00201575957485798,0,0.0505772402418911,0.0547920102620487,0.325820047645226
252773.411807,2749366.126422,0.589465957056341,0.000183519911910442,0,0.0201871903101487,0.0607450908423564,0.329418241879244
253273.411807,2749366.126422,0.315055932514212,0.00403447643498991,0,0.04401247019989,0.0885750962772786,0.548322024573629
253773.411807,2749366.126422,0.316657504123145,0.0894264247755177,0,0.16144401685908,0.139270661535642,0.293201392706615
254273.411807,2749366.126422,0.291246100201872,0.00293631859056708,0,0.0706551660855203,0.0866213984217288,0.548541016700312
254773.411807,2749366.126422,0.329359985329177,0.00861910874747845,0,0.0361269026224097,0.120667522464698,0.505226480836237
255273.411807,2749366.126422,0.755360087960418,0.00623052959501558,0,0.00164925783397471,0.00366501740883269,0.233095107201759
255773.411807,2749366.126422,0.590383556615893,0.0271609469627455,0,0,0,0.382455496421362
256273.411807,2749366.126422,0.34788189987163,0,0,0.00110031175499725,0.00715202640748212,0.64386576196589
256773.411807,2749366.126422,0.405717427157779,0.00311526479750779,0,0.00329851566794942,0.0157595748579806,0.572109217518783
257273.411807,2749366.126422,0.512754633877776,0.0012846393833731,0,0.00293631859056708,0.0108276748027161,0.472196733345568
257773.411807,2749366.126422,0.532917660003668,0.00201723821749496,0,0.013203741059967,0.0271410232899321,0.424720337428938
258273.411807,2749366.126422,0.43833608209639,0.0139270661535642,0,0.0148433205057724,0.0674363203225215,0.465457210921752
258773.411807,2749366.126422,0.48981464488897,0.00880895577170123,0,0.0233070288126262,0.0702881262616994,0.407781244265003
259273.411807,2749366.126422,0.806711901705483,0.000183385292499542,0,0.000733541169998166,0.00311754997249221,0.189253621859527
259773.411807,2749366.126422,0.593916071101338,0,0,0.00164925783397471,0.0053142752428074,0.39912039582188
260273.411807,2749366.126422,0.599926592035236,0.00330335841438796,0,0.009543035419343,0.0275279867865663,0.359699027344467
260773.411807,2749366.126422,0.675591417568311,0.000733541169998166,0,0.00715202640748212,0.0216394645149459,0.294883550339263
261273.411807,2749366.126422,0.69726956203042,0.00769653655854865,0,0.00348176653839106,0.00989554700384827,0.281656587868792
261773.411807,2749366.126422,0.687282070104606,0.00110111947146265,0,0.00330335841438796,0.00642319691686548,0.301890255092678
262273.411807,2749366.126422,0.540803227581148,0.0102695763799743,0,0.017604988079956,0.0838070786722905,0.347515129286631
250273.411807,2748866.126422,0.0709961474958723,0.0315538433314988,0.0159603742432581,0.546138323243442,0.113740598055403,0.221610713630527
250773.411807,2748866.126422,0.0468864468864469,0.00879120879120879,0.00183150183150183,0.796886446886447,0.0774725274725275,0.0681318681318681
251273.411807,2748866.126422,0.0777981651376147,0.0354128440366972,0.00275229357798165,0.528440366972477,0.141467889908257,0.214128440366972
251773.411807,2748866.126422,0.0820033021463952,0.0403595670519171,0.00183452577508714,0.54356998715832,0.150981471289672,0.181251146578609
252273.411807,2748866.126422,0.15989010989011,0.0293040293040293,0.000183150183150183,0.164468864468864,0.106959706959707,0.539194139194139
252773.411807,2748866.126422,0.268807339449541,0.0124770642201835,0.00036697247706422,0.151926605504587,0.164036697247706,0.402385321100917
253273.411807,2748866.126422,0.305631994129518,0.0078884608328747,0.00458631443771785,0.218858924967896,0.186204366171345,0.276829939460649
253773.411807,2748866.126422,0.392673992673993,0.00311355311355311,0,0.0791208791208791,0.204029304029304,0.321062271062271
254273.411807,2748866.126422,0.781834862385321,0,0,0.00660550458715596,0.0214678899082569,0.190091743119266
254773.411807,2748866.126422,0.668134287286736,0.000733810310034856,0,0.0108237020730141,0.0449458814896349,0.27536231884058
255273.411807,2748866.126422,0.82032967032967,0.000549450549450549,0,0.00897435897435897,0.0177655677655678,0.152380952380952
255773.411807,2748866.126422,0.556330275229358,0.00862385321100917,0,0.00422018348623853,0.0102752293577982,0.420550458715596
256273.411807,2748866.126422,0.580994312970097,0.001284168042561,0,0.00458631443771785,0.0172445422858191,0.395890662263805
256773.411807,2748866.126422,0.404212454212454,0.000732600732600733,0,0.0102564102564103,0.0159340659340659,0.568864468864469
257273.411807,2748866.126422,0.312844036697248,0.00073394495412844,0,0.0110091743119266,0.0388990825688073,0.63651376146789
257773.411807,2748866.126422,0.614566134654192,0.00935608145294441,0,0.00587048248027885,0.0311869381764814,0.339020363236103
258273.411807,2748866.126422,0.784065934065934,0,0,0.0010989010989011,0.00457875457875458,0.21025641025641
258773.411807,2748866.126422,0.797614678899083,0,0,0.00036697247706422,0.00073394495412844,0.201284403669725
259273.411807,2748866.126422,0.776554760594386,0,0,0.002568336085122,0.00458631443771785,0.216290588882774
259773.411807,2748866.126422,0.792857142857143,0,0,0.000183150183150183,0.000549450549450549,0.206410256410256
260273.411807,2748866.126422,0.704770642201835,0.00422018348623853,0,0.00917431192660551,0.0559633027522936,0.225871559633028
260773.411807,2748866.126422,0.303063658044396,0.0278847917813245,0,0.0315538433314988,0.0935608145294441,0.543936892313337
261273.411807,2748866.126422,0.123992673992674,0.0551282051282051,0,0.0113553113553114,0.06996336996337,0.73956043956044
261773.411807,2748866.126422,0.322935779816514,0.0102752293577982,0,0.0306422018348624,0.113761467889908,0.522385321100917
262273.411807,2748866.126422,0.570904421207118,0.00238488350761328,0,0.0091726288754357,0.0423775454045129,0.37516052100532
250273.411807,2748366.126422,0.0668498168498168,0.0249084249084249,0.00421245421245421,0.623626373626374,0.100915750915751,0.179487179487179
250773.411807,2748366.126422,0.0830583058305831,0.0418041804180418,0.00421708837550422,0.458562522918959,0.124495782911624,0.287862119545288
251273.411807,2748366.126422,0.105677655677656,0.0353479853479853,0.0287545787545788,0.505677655677656,0.130952380952381,0.193589743589744
251773.411807,2748366.126422,0.0564102564102564,0.0441391941391941,0.0168498168498168,0.782600732600733,0.0769230769230769,0.0230769230769231
252273.411807,2748366.126422,0.0553722038870554,0.0539053905390539,0,0.238907224055739,0.151815181518152,0.5
252773.411807,2748366.126422,0.0935897435897436,0.0423076923076923,0,0.0553113553113553,0.089010989010989,0.71978021978022
253273.411807,2748366.126422,0.0249084249084249,0.167582417582418,0.00384615384615385,0.213919413919414,0.176556776556777,0.413186813186813
253773.411807,2748366.126422,0.13036303630363,0.0834250091675834,0.0011001100110011,0.21983865053172,0.142647598093143,0.422625595892923
254273.411807,2748366.126422,0.329120879120879,0.00512820512820513,0,0.0935897435897436,0.115567765567766,0.456593406593407
254773.411807,2748366.126422,0.666300366300366,0.00164835164835165,0,0.00732600732600733,0.0278388278388278,0.296886446886447
255273.411807,2748366.126422,0.693986065273194,0.000733406674000733,0,0.00806747341400807,0.0265859919325266,0.270627062706271
255773.411807,2748366.126422,0.504029304029304,0,0,0.00183150183150183,0.00512820512820513,0.489010989010989
256273.411807,2748366.126422,0.293956043956044,0.00457875457875458,0,0.0899267399267399,0.144871794871795,0.466666666666667
256773.411807,2748366.126422,0.293546021268794,0.0185185185185185,0,0.0218188485515218,0.048954895489549,0.617161716171617
257273.411807,2748366.126422,0.506410256410256,0.00183150183150183,0,0.0043956043956044,0.0177655677655678,0.46959706959707
257773.411807,2748366.126422,0.745238095238095,0.000549450549450549,0,0.0133699633699634,0.0338827838827839,0.206959706959707
258273.411807,2748366.126422,0.741840850751742,0.00183351668500183,0,0.00806747341400807,0.0286028602860286,0.21965529886322
258773.411807,2748366.126422,0.704761904761905,0.000366300366300366,0,0.00476190476190476,0.0203296703296703,0.26978021978022
259273.411807,2748366.126422,0.874358974358974,0.000366300366300366,0,0.00274725274725275,0.00805860805860806,0.114468864468864
259773.411807,2748366.126422,0.890905757242391,0.000183351668500183,0,0.000183351668500183,0.000733406674000733,0.107994132746608
260273.411807,2748366.126422,0.215934065934066,0.043040293040293,0,0.0208791208791209,0.0858974358974359,0.634249084249084
260773.411807,2748366.126422,0.113736263736264,0.222344322344322,0,0.00750915750915751,0.0298534798534799,0.626556776556777
261273.411807,2748366.126422,0.200770077007701,0.114594792812615,0,0.00733406674000733,0.0207187385405207,0.656582324899157
261773.411807,2748366.126422,0.133516483516484,0.316483516483516,0,0.00695970695970696,0.0461538461538462,0.496886446886447
262273.411807,2748366.126422,0.0923076923076923,0.302014652014652,0,0.019047619047619,0.056043956043956,0.530586080586081
250273.411807,2747866.126422,0.113698881349716,0.0225563909774436,0.00183385292499542,0.597469282963506,0.149092242802127,0.115349348982212
250773.411807,2747866.126422,0.0139270661535642,0.0137438152831226,0.00384826827927433,0.882719442917354,0.0692688290269379,0.0164925783397471
251273.411807,2747866.126422,0.0537713341897596,0.0170673518076711,0.00495503762158194,0.768581391080932,0.119654982565608,0.0359699027344467
251773.411807,2747866.126422,0.104529616724739,0.0253071703649367,0.0221896203924445,0.680359435173299,0.109847790207225,0.0577663671373556
252273.411807,2747866.126422,0.0529595015576324,0.111233278358072,0.00696353307678211,0.358438702583837,0.172805570826461,0.297599413597215
252773.411807,2747866.126422,0.0912093962194898,0.281336024958708,0,0.185171591117636,0.0774454028262066,0.364837584877959
253273.411807,2747866.126422,0.0550155877498625,0.266275444709334,0,0.0144874381074638,0.033192737942417,0.631028791490922
253773.411807,2747866.126422,0.0659703133589885,0.0709180868609126,0.00128275609309144,0.113065787062489,0.128458860179586,0.620304196444933
254273.411807,2747866.126422,0.0427601394751331,0.237107726188291,0,0.0225729491649844,0.065149568728207,0.632409616443384
254773.411807,2747866.126422,0.0652851641298368,0.144324225197139,0,0.0920594168347699,0.216211259856959,0.482119933981295
255273.411807,2747866.126422,0.358255451713396,0.0417811984606927,0,0.100787978742899,0.148616455928166,0.350558915154847
255773.411807,2747866.126422,0.275096347953753,0.0328500642319692,0.000917599559552211,0.124977060011011,0.0906588364837585,0.475500091759956
256273.411807,2747866.126422,0.506326792591234,0.00275077938749312,0,0.0106363469649734,0.0320924261874198,0.44819365486888
256773.411807,2747866.126422,0.638079530877772,0.000183250870441635,0,0.00678028220634048,0.0131940626717977,0.341762873373649
257273.411807,2747866.126422,0.810240411084603,0.000917599559552211,0,0.00697375665259681,0.0192695907505964,0.162598641952652
257773.411807,2747866.126422,0.665138455895837,0.000733541169998166,0,0.0102695763799743,0.0254905556574363,0.298367870896754
258273.411807,2747866.126422,0.65017408832692,0.000733003481766538,0,0.00366501740883269,0.0108118013560564,0.334616089426425
258773.411807,2747866.126422,0.821985685446871,0.000183519911910442,0,0.0192695907505964,0.0392732611488346,0.119287942741787
259273.411807,2747866.126422,0.822666422152943,0,0,0.00421786172748946,0.00916926462497708,0.16394645149459
259773.411807,2747866.126422,0.416712479384277,0.0560747663551402,0,0.0344511636430273,0.0864944108484515,0.406267179769104
260273.411807,2747866.126422,0.125344099834832,0.129014498073041,0.000183519911910442,0.0752431638832813,0.138924573316205,0.53129014498073
260773.411807,2747866.126422,0.348615441041628,0.0370438290849074,0.00165046763249587,0.0148542086924629,0.0509811113148725,0.546854942233633
261273.411807,2747866.126422,0.455928165658787,0.0908924317390508,0,0.0104452996151732,0.0509437419827744,0.391790361004215
261773.411807,2747866.126422,0.645439530189026,0.123508900715728,0,0.00807487612405946,0.0379886217654616,0.184988071205726
262273.411807,2747866.126422,0.864294883550339,0.00843572345497891,0,0.00733541169998166,0.0161379057399597,0.103796075554741
250273.411807,2747366.126422,0.0730141258484682,0.0726472206934507,0.0111906072280316,0.587048248027885,0.129700972298661,0.126398825903504
250773.411807,2747366.126422,0.0380952380952381,0.0252747252747253,0.028021978021978,0.77014652014652,0.0844322344322344,0.054029304029304
251273.411807,2747366.126422,0.0247706422018349,0.00880733944954129,0.00275229357798165,0.871926605504587,0.0570642201834862,0.0346788990825688
251773.411807,2747366.126422,0.0409099247844432,0.0177949000183453,0.011557512383049,0.85874151531829,0.0398092093193909,0.0311869381764814
252273.411807,2747366.126422,0.0785714285714286,0.0419413919413919,0.0102564102564103,0.545238095238095,0.124908424908425,0.199084249084249
252773.411807,2747366.126422,0.0532110091743119,0.0895412844036697,0.00403669724770642,0.56256880733945,0.145871559633028,0.144770642201835
253273.411807,2747366.126422,0.0570537516052101,0.137956338286553,0.00275178866263071,0.244725738396624,0.139057053751605,0.418455329297377
253773.411807,2747366.126422,0.11996336996337,0.0587912087912088,0.000183150183150183,0.133516483516484,0.0785714285714286,0.608974358974359
254273.411807,2747366.126422,0.0811009174311927,0.142385321100917,0,0.00201834862385321,0.035045871559633,0.739449541284404
254773.411807,2747366.126422,0.0552192258301229,0.309667950834709,0,0.01284168042561,0.0610897083104018,0.561181434599156
255273.411807,2747366.126422,0.0562271062271062,0.374358974358974,0,0.0472527472527473,0.101648351648352,0.420512820512821
255773.411807,2747366.126422,0.0585321100917431,0.257981651376147,0,0.144403669724771,0.0897247706422018,0.449357798165138
256273.411807,2747366.126422,0.368189323059989,0.024399192808659,0,0.0985140341221794,0.115024766097964,0.393872683911209
256773.411807,2747366.126422,0.524725274725275,0.00366300366300366,0,0.0380952380952381,0.063003663003663,0.370512820512821
257273.411807,2747366.126422,0.571376146788991,0.00165137614678899,0,0.0456880733944954,0.075045871559633,0.306238532110092
257773.411807,2747366.126422,0.444689047881123,0.00165107319757843,0,0.0581544670702623,0.0618235186204366,0.4336818932306
258273.411807,2747366.126422,0.445787545787546,0.00494505494505494,0,0.0836996336996337,0.11007326007326,0.355494505494506
258773.411807,2747366.126422,0.594678899082569,0.00440366972477064,0,0.043302752293578,0.0500917431192661,0.307522935779816
259273.411807,2747366.126422,0.286919831223629,0.0335718216840947,0,0.02568336085122,0.0594386351128233,0.594386351128233
259773.411807,2747366.126422,0.0741758241758242,0.165750915750916,0,0.026007326007326,0.0684981684981685,0.665567765567766
260273.411807,2747366.126422,0.637798165137615,0.0548623853211009,0,0.00422018348623853,0.00954128440366972,0.293577981651376
260773.411807,2747366.126422,0.928270042194093,0.00183452577508714,0,0.00091726288754357,0.00440286186020914,0.0645753072830673
261273.411807,2747366.126422,0.739377289377289,0.00293040293040293,0.0021978021978022,0.00293040293040293,0.0131868131868132,0.239377289377289
261773.411807,2747366.126422,0.865504587155963,0.00073394495412844,0,0.00440366972477064,0.015045871559633,0.114311926605505
262273.411807,2747366.126422,0.753806640983306,0.000366905155017428,0,0.00568702990277013,0.0199963309484498,0.220143093010457
250273.411807,2746866.126422,0.0556776556776557,0.0195970695970696,0.0102564102564103,0.78956043956044,0.0886446886446886,0.0362637362637363
250773.411807,2746866.126422,0.0828749541620829,0.0221855518885222,0.0077007700770077,0.7000366703337,0.118628529519619,0.0685735240190686
251273.411807,2746866.126422,0.101465201465201,0.0285714285714286,0.0172161172161172,0.496153846153846,0.189377289377289,0.167216117216117
251773.411807,2746866.126422,0.0666666666666667,0.0267399267399267,0.00787545787545788,0.734432234432234,0.108058608058608,0.0562271062271062
252273.411807,2746866.126422,0.09002566923359,0.0843417675100843,0.00366703337000367,0.564173083975064,0.124679134580125,0.133113311331133
252773.411807,2746866.126422,0.0805860805860806,0.067032967032967,0.043956043956044,0.54010989010989,0.0990842490842491,0.169230769230769
253273.411807,2746866.126422,0.150732600732601,0.0336996336996337,0.00714285714285714,0.310989010989011,0.235714285714286,0.261721611721612
253773.411807,2746866.126422,0.223872387238724,0.026952695269527,0.00806747341400807,0.323432343234323,0.193986065273194,0.223689035570224
254273.411807,2746866.126422,0.177655677655678,0.0489010989010989,0,0.138644688644689,0.142857142857143,0.491941391941392
254773.411807,2746866.126422,0.0664835164835165,0.141208791208791,0,0.060989010989011,0.121611721611722,0.60970695970696
255273.411807,2746866.126422,0.0720572057205721,0.148331499816648,0.00146681334800147,0.0817748441510818,0.101393472680601,0.594976164283095
255773.411807,2746866.126422,0.12014652014652,0.127289377289377,0.00128205128205128,0.287912087912088,0.0597069597069597,0.403663003663004
256273.411807,2746866.126422,0.123992673992674,0.177106227106227,0.00714285714285714,0.146520146520147,0.104212454212454,0.441025641025641
256773.411807,2746866.126422,0.142830949761643,0.0214521452145215,0.000183351668500183,0.351485148514851,0.174734140080675,0.309314264759809
257273.411807,2746866.126422,0.324542124542125,0.00842490842490842,0.0010989010989011,0.326373626373626,0.154212454212454,0.185347985347985
257773.411807,2746866.126422,0.367399267399267,0.00457875457875458,0,0.386630036630037,0.113553113553114,0.127838827838828
258273.411807,2746866.126422,0.376604327099377,0.00825082508250825,0.00183351668500183,0.314264759809314,0.134580124679135,0.164466446644664
258773.411807,2746866.126422,0.1,0.084981684981685,0,0.150549450549451,0.10018315018315,0.564285714285714
259273.411807,2746866.126422,0.117765567765568,0.109157509157509,0,0.0146520146520147,0.0393772893772894,0.719047619047619
259773.411807,2746866.126422,0.773560689402274,0.0141180784745141,0,0.00458379171250458,0.0108177484415108,0.196919691969197
260273.411807,2746866.126422,0.956776556776557,0.000366300366300366,0,0,0,0.0428571428571429
260773.411807,2746866.126422,0.654212454212454,0.00238095238095238,0,0.0564102564102564,0.222344322344322,0.0646520146520147
261273.411807,2746866.126422,0.893105977264393,0.000183351668500183,0,0.0132013201320132,0.0390539053905391,0.0544554455445545
261773.411807,2746866.126422,0.844871794871795,0.000183150183150183,0,0.00293040293040293,0.0164835164835165,0.135531135531136
262273.411807,2746866.126422,0.66043956043956,0.0152014652014652,0,0.00549450549450549,0.0216117216117216,0.297252747252747
250273.411807,2746366.126422,0.0737208875848157,0.0942600403447643,0.0124701998899688,0.307353750229232,0.181001283697047,0.331193838254172
250773.411807,2746366.126422,0.0555250137438153,0.0137438152831226,0.0042147700201576,0.657320872274143,0.0974894630749496,0.171706065603812
251273.411807,2746366.126422,0.193246467241696,0.0192695907505964,0.012846393833731,0.550009175995596,0.114332905120206,0.110295467058176
251773.411807,2746366.126422,0.158628278012103,0.0187052998349532,0.0117366587199707,0.411516596368971,0.162662754447093,0.236750412616908
252273.411807,2746366.126422,0.382444566611691,0.0137438152831226,0.0159428257284222,0.164925783397471,0.0800806303829943,0.342862378596298
252773.411807,2746366.126422,0.0519361350706552,0.0407414204441182,0.0334006239677005,0.753532758304276,0.0752431638832813,0.0451458983299688
253273.411807,2746366.126422,0.0317256556024207,0.0889418668622776,0.04401247019989,0.595635430038511,0.160278745644599,0.0794058316523015
253773.411807,2746366.126422,0.30602895363753,0.0404984423676012,0.00146600696353308,0.109767271394539,0.0896096756459593,0.452629649990837
254273.411807,2746366.126422,0.881079097082033,0.0012846393833731,0.000183519911910442,0.009543035419343,0.0264268673151037,0.0814828408882364
254773.411807,2746366.126422,0.785805978360535,0.0238400880249404,0,0.0247570144874381,0.0517146524848707,0.113882266642215
255273.411807,2746366.126422,0.493861095840205,0.0679860729338464,0,0.178486347810152,0.112332783580722,0.147333699835074
255773.411807,2746366.126422,0.120939621948981,0.0082583960359699,0.0181684712791338,0.692053587814278,0.111213066617728,0.049366856303909
256273.411807,2746366.126422,0.066385475884834,0.14395745461214,0.00183385292499542,0.221162662754447,0.17183201907207,0.394828534751513
256773.411807,2746366.126422,0.0579072750595565,0.0419644493311343,0,0.111233278358072,0.16034451163643,0.628550485614807
257273.411807,2746366.126422,0.0504679757753716,0.255276197467425,0,0.0941457148100569,0.119287942741787,0.480822169205359
257773.411807,2746366.126422,0.061617458279846,0.0449293966623877,0.00238400880249404,0.354667155694113,0.205574912891986,0.330827067669173
258273.411807,2746366.126422,0.0392156862745098,0.183434121312076,0.00733003481766538,0.319589518050211,0.175554333883086,0.274876305662452
258773.411807,2746366.126422,0.120022022389429,0.0666177280234905,0,0.132317856487429,0.113415305560653,0.567627087538998
259273.411807,2746366.126422,0.430038510911425,0.0517146524848707,0,0.127452778287181,0.14780854575463,0.242985512561893
259773.411807,2746366.126422,0.912039582188015,0,0,0.00568077698369067,0.00274876305662452,0.0795308777716694
260273.411807,2746366.126422,0.966232336208479,0,0,0,0.000550559735731327,0.0332171040557901
260773.411807,2746366.126422,0.636713735558408,0.0553823583348615,0,0.0133871263524665,0.0506143407298735,0.24390243902439
261273.411807,2746366.126422,0.54260582737768,0.00696353307678211,0,0.0128275609309144,0.0542422576507238,0.3833608209639
261773.411807,2746366.126422,0.36098366672784,0.0297302257294917,0,0.0154156726004772,0.0871719581574601,0.506698476784731
262273.411807,2746366.126422,0.494406748578764,0.0845406198422887,0,0.0022006235099945,0.0240234733174399,0.394828534751513
250273.411807,2745866.126422,0.0144927536231884,0.0913593835993396,0.0317372959090075,0.02568336085122,0.0449458814896349,0.79178132452761
250773.411807,2745866.126422,0.0688644688644689,0.0598901098901099,0.0188644688644689,0.327472527472527,0.089010989010989,0.435897435897436
251273.411807,2745866.126422,0.102752293577982,0.0711926605504587,0.0359633027522936,0.54697247706422,0.153761467889908,0.0893577981651376
251773.411807,2745866.126422,0.116125481563016,0.0337552742616034,0.00898917629792699,0.460649422124381,0.176297926985874,0.204182718767199
252273.411807,2745866.126422,0.0633699633699634,0.0304029304029304,0.0283882783882784,0.683882783882784,0.0882783882783883,0.105677655677656
252773.411807,2745866.126422,0.0273394495412844,0.0427522935779817,0.0315596330275229,0.819266055045872,0.0706422018348624,0.00844036697247706
253273.411807,2745866.126422,0.0796184186387819,0.0212804989910108,0.00110071546505228,0.47220693450743,0.119427627958173,0.306365804439552
253773.411807,2745866.126422,0.104945054945055,0.0393772893772894,0,0.0287545787545788,0.0536630036630037,0.773260073260073
254273.411807,2745866.126422,0.402201834862385,0.031743119266055,0,0.0181651376146789,0.0379816513761468,0.509908256880734
254773.411807,2745866.126422,0.900385250412768,0.000733810310034856,0,0.000550357732526142,0.00110071546505228,0.0972298660796184
255273.411807,2745866.126422,0.962637362637363,0,0,0.000366300366300366,0.000732600732600733,0.0362637362637363
255773.411807,2745866.126422,0.914128440366972,0.00055045871559633,0,0,0.0018348623853211,0.0834862385321101
256273.411807,2745866.126422,0.471289671619886,0.000550357732526142,0.000183452577508714,0.0920931939093744,0.0489818381948266,0.386901485965878
256773.411807,2745866.126422,0.212271062271062,0.132417582417582,0,0.0717948717948718,0.106410256410256,0.477106227106227
