"x","y","forest","agri","water","built","other","grass"
244773.411807,2751866.126422,0.410296411856474,0.0114404576183047,0.0915236609464379,0.209828393135725,0.0447217888715549,0.232189287571503
245273.411807,2751866.126422,0.24048983845753,0.0667014069828035,0.00156331422615946,0.195414278269932,0.0766023970818134,0.419228764981761
245773.411807,2751866.126422,0.25481520041645,0.0874544508068714,0.000260281103591879,0.201457574180115,0.115564809994794,0.340447683498178
246273.411807,2751866.126422,0.694227769110764,0.00702028081123245,0,0.0340613624544982,0.03068122724909,0.234009360374415
246773.411807,2751866.126422,0.783220427305888,0.000521104742053153,0,0,0.000781657113079729,0.215476810838979
247273.411807,2751866.126422,0.722540343571057,0.0119729307652264,0,0.0952628839146278,0.0239458615304529,0.146277980218636
247773.411807,2751866.126422,0.637805512220489,0.00520020800832033,0.000520020800832033,0.0387415496619865,0.0262610504420177,0.291471658866355
248273.411807,2751866.126422,0.647733194372069,0.00911933298593017,0.00104220948410631,0.102657634184471,0.0536737884314747,0.185773840541949
248773.411807,2751866.126422,0.22852680895367,0.0278500780843311,0.0062467464862051,0.477095262883915,0.0629880270692348,0.197293076522644
249273.411807,2751866.126422,0.147685907436297,0.0902236089443578,0.00702028081123245,0.417576703068123,0.0527821112844514,0.284711388455538
249773.411807,2751866.126422,0.0145579671784013,0.0299100052938062,0.0124404446797247,0.904446797247221,0.0280571731074643,0.0105876124933827
244273.411807,2751366.126422,0.0684981684981685,0.00311355311355311,0.423992673992674,0.437179487179487,0.0148351648351648,0.0523809523809524
244773.411807,2751366.126422,0.396222955628896,0.0612394572790612,0.173083975064173,0.0586725339200587,0.0795746241290796,0.231206453978731
245273.411807,2751366.126422,0.0664835164835165,0.319047619047619,0.000732600732600733,0.244688644688645,0.0912087912087912,0.277838827838828
245773.411807,2751366.126422,0.0298534798534799,0.520512820512821,0.000183150183150183,0.080952380952381,0.0741758241758242,0.294322344322344
246273.411807,2751366.126422,0.0311697836450312,0.410707737440411,0.000183351668500183,0.112027869453612,0.0795746241290796,0.366336633663366
246773.411807,2751366.126422,0.219413919413919,0.186263736263736,0,0.0945054945054945,0.095970695970696,0.403846153846154
247273.411807,2751366.126422,0.675824175824176,0.00750915750915751,0,0.000366300366300366,0.00201465201465201,0.314285714285714
247773.411807,2751366.126422,0.586358635863586,0.0117345067840117,0.00128346167950128,0.0764576457645765,0.0658232489915658,0.258342500916758
248273.411807,2751366.126422,0.496520146520147,0.00787545787545788,0.00769230769230769,0.291575091575092,0.0545787545787546,0.141758241758242
248773.411807,2751366.126422,0.267216117216117,0.0283882783882784,0.0010989010989011,0.318131868131868,0.101465201465201,0.283699633699634
249273.411807,2751366.126422,0.0183351668500183,0.0232856618995233,0.00806747341400807,0.814631463146315,0.0689402273560689,0.0667400073340667
249773.411807,2751366.126422,0.0181548721748796,0.0181548721748796,0.0116709892552797,0.895146350500185,0.0481659874027418,0.00870692849203409
243773.411807,2750866.126422,0,0.009543035419343,0.754633877775739,0.189025509267756,0.0313819049366856,0.0154156726004772
244273.411807,2750866.126422,0.310287914909224,0.068402714102329,0.315239317806712,0.0520814230698698,0.0599669906473501,0.194021639464515
244773.411807,2750866.126422,0.192596664834158,0.19846069268829,0.0819131390874107,0.202308960967565,0.102620487447315,0.222100054975261
245273.411807,2750866.126422,0.0979996329601762,0.396953569462287,0.000183519911910442,0.218388695173426,0.0677188474949532,0.218755734997247
245773.411807,2750866.126422,0.0418118466898955,0.493306436823767,0,0.0916926462497708,0.070786722904823,0.302402347331744
246273.411807,2750866.126422,0.0786146234194612,0.349276159061756,0.000549752611324904,0.0800806303829943,0.0599230346344145,0.431555799890049
246773.411807,2750866.126422,0.0723068452927143,0.19104422829877,0,0.198017984951367,0.104606349788952,0.434024591668196
247273.411807,2750866.126422,0.128369704749679,0.147625160462131,0,0.0607005318173482,0.0768384375573079,0.586466165413534
247773.411807,2750866.126422,0.475169507055159,0.0216236027121129,0,0.0542422576507238,0.0414146967198094,0.407549935862195
248273.411807,2750866.126422,0.378051018535511,0.0255092677555515,0.00679023674068636,0.369792622499541,0.0768948430904753,0.142962011378235
248773.411807,2750866.126422,0.136255272327159,0.0817898404547955,0.00513478818998716,0.622226297450944,0.111498257839721,0.0430955437373923
249273.411807,2750866.126422,0.0811801356056441,0.0379329301814184,0.009529045262965,0.682242990654206,0.0754993586219534,0.113615539673813
249773.411807,2750866.126422,0.069029504546298,0.0617925403599926,0.0564112080163296,0.617368714047133,0.125069586194099,0.0703284468361477
243273.411807,2750366.126422,0,0.0032967032967033,0.808791208791209,0.156410256410256,0.0315018315018315,0
243773.411807,2750366.126422,0.185504587155963,0.0444036697247706,0.23651376146789,0.0634862385321101,0.168256880733945,0.301834862385321
244273.411807,2750366.126422,0.133003118693818,0.090442120711796,0.426710695285269,0.101999633094845,0.110071546505228,0.137772885709044
244773.411807,2750366.126422,0.134065934065934,0.235531135531136,0.112271062271062,0.222344322344322,0.10952380952381,0.186263736263736
245273.411807,2750366.126422,0.101834862385321,0.228623853211009,0.0396330275229358,0.235045871559633,0.143119266055046,0.251743119266055
245773.411807,2750366.126422,0.0390753990093561,0.341038341588699,0.00403595670519171,0.296826270409099,0.0785177031737296,0.240506329113924
246273.411807,2750366.126422,0.0604395604395604,0.25018315018315,0.0208791208791209,0.383333333333333,0.0996336996336996,0.185531135531136
246773.411807,2750366.126422,0.0818348623853211,0.246605504587156,0.00018348623853211,0.0781651376146789,0.0776146788990826,0.515596330275229
247273.411807,2750366.126422,0.0447624289121262,0.288020546688681,0.000183452577508714,0.195010089891763,0.0935608145294441,0.378462667400477
247773.411807,2750366.126422,0.0578754578754579,0.206043956043956,0.000183150183150183,0.163919413919414,0.0926739926739927,0.479304029304029
248273.411807,2750366.126422,0.299266055045872,0.0765137614678899,0.00018348623853211,0.0570642201834862,0.0511926605504587,0.515779816513761
248773.411807,2750366.126422,0.232434415703541,0.0443955237571088,0,0.239772518803889,0.125848468170978,0.357549073564484
249273.411807,2750366.126422,0.380952380952381,0.0335164835164835,0,0.174542124542125,0.100915750915751,0.31007326007326
249773.411807,2750366.126422,0.404081632653061,0.0840445269016698,0.125231910946197,0.0569573283858998,0.0743970315398887,0.255287569573284
243273.411807,2749866.126422,0.000733406674000733,0.00623395672900623,0.355335533553355,0.616428309497616,0.0168683535020169,0.0044004400440044
243773.411807,2749866.126422,0.0124542124542125,0.0258241758241758,0.752564102564103,0.135531135531136,0.0602564102564103,0.0133699633699634
244273.411807,2749866.126422,0.146520146520147,0.0338827838827839,0.312271062271062,0.15018315018315,0.109157509157509,0.247985347985348
244773.411807,2749866.126422,0.132013201320132,0.176567656765677,0.057022368903557,0.164283094976164,0.121928859552622,0.348184818481848
245273.411807,2749866.126422,0.0489010989010989,0.265384615384615,0.14029304029304,0.104029304029304,0.116483516483516,0.324908424908425
245773.411807,2749866.126422,0.0397435897435897,0.18040293040293,0.0393772893772894,0.084981684981685,0.0820512820512821,0.573443223443223
246273.411807,2749866.126422,0.0757242390905757,0.0735240190685735,0.0746241290795746,0.378071140447378,0.0892922625595893,0.308764209754309
246773.411807,2749866.126422,0.0386446886446886,0.147252747252747,0.101465201465201,0.0901098901098901,0.0683150183150183,0.554212454212454
247273.411807,2749866.126422,0.0558608058608059,0.12032967032967,0.0324175824175824,0.0247252747252747,0.0556776556776557,0.710989010989011
247773.411807,2749866.126422,0.0707737440410708,0.0748074807480748,0.0249358269160249,0.0643564356435644,0.0634396773010634,0.701686835350202
248273.411807,2749866.126422,0.0961538461538462,0.0717948717948718,0.0267399267399267,0.00750915750915751,0.0304029304029304,0.767399267399267
248773.411807,2749866.126422,0.183333333333333,0.0496336996336996,0.0265567765567766,0.0688644688644689,0.0688644688644689,0.602747252747253
249273.411807,2749866.126422,0.118261826182618,0.0826916024935827,0.0196186285295196,0.172900623395673,0.127796112944628,0.478731206453979
249773.411807,2749866.126422,0.110781771026306,0.157465728047425,0.00129677658391997,0.192478695813264,0.110226009633197,0.427751018895887
241273.411807,2749366.126422,0,0.00256739409499358,0.615074271043462,0.381624793691546,0.000366770584999083,0.000366770584999083
242273.411807,2749366.126422,0.00770783630023858,0.0434942191227748,0.267939071389246,0.481556248853001,0.039823820884566,0.159478803450174
243773.411807,2749366.126422,0.0524866948063865,0.055606533308864,0.540466140576253,0.117269223710773,0.0789135621214902,0.155257845476234
244273.411807,2749366.126422,0.0993948285347515,0.2798459563543,0.017604988079956,0.202824133504493,0.125618925362186,0.274711168164313
244773.411807,2749366.126422,0.135055891515485,0.277258566978193,0.00109950522264981,0.244639912039582,0.108118013560564,0.233828110683526
245273.411807,2749366.126422,0.0704716461736098,0.513121673701597,0,0.07469260414755,0.0759772435309231,0.26573683244632
245773.411807,2749366.126422,0.117733357784706,0.114065651934715,0.121951219512195,0.198239501192004,0.115716119567211,0.332294150009169
246273.411807,2749366.126422,0.0743998533993036,0.292468389224849,0.107385010078798,0.0260216236027121,0.0503939893714495,0.449331134322888
246773.411807,2749366.126422,0.0455129381537897,0.400073407964764,0,0.0530372545421178,0.0354193429987154,0.465957056340613
247273.411807,2749366.126422,0.068402714102329,0.276728406381808,0.000183385292499542,0.135705116449661,0.0821566110397946,0.436823766733908
247773.411807,2749366.126422,0.100604727872457,0.18270111783031,0.000183250870441635,0.0910756826094924,0.0976727139453912,0.527762506871908
248273.411807,2749366.126422,0.0869884382455496,0.18682327032483,0.00275279867865663,0.155441365388145,0.110662506881997,0.457331620480822
248773.411807,2749366.126422,0.0452961672473868,0.194938565927013,0.00183385292499542,0.135705116449661,0.0674857876398313,0.554740509811113
249273.411807,2749366.126422,0.078248121678578,0.181235110866777,0.00293201392706615,0.229613340663368,0.141103170240059,0.366868242624152
249773.411807,2749366.126422,0.0463907960660605,0.0695861940990907,0.0356281313787345,0.171831508628688,0.116904806086472,0.559658563740954
242773.411807,2748866.126422,0.132452760961291,0.0293524124013942,0.0757659145110989,0.535498073747936,0.101816180517336,0.125114657860943
243773.411807,2748866.126422,0.0596330275229358,0.0388990825688073,0.428073394495413,0.264036697247706,0.0647706422018349,0.144587155963303
244273.411807,2748866.126422,0.0717299578059072,0.0267840763162722,0.383048981838195,0.126031920748487,0.137039075399009,0.25536598789213
244773.411807,2748866.126422,0.0600732600732601,0.310989010989011,0.0492673992673993,0.133516483516484,0.11043956043956,0.335714285714286
245273.411807,2748866.126422,0.0726605504587156,0.432477064220184,0.00146788990825688,0.0781651376146789,0.0640366972477064,0.351192660550459
245773.411807,2748866.126422,0.0524674371674922,0.384149697303247,0.00330214639515685,0.153733259952302,0.0675105485232067,0.338836910658595
246273.411807,2748866.126422,0.0772893772893773,0.318498168498168,0,0.0518315018315018,0.0445054945054945,0.507875457875458
246773.411807,2748866.126422,0.113394495412844,0.273211009174312,0.00165137614678899,0.118715596330275,0.0908256880733945,0.402201834862385
247273.411807,2748866.126422,0.0818198495688864,0.343606677673821,0.00495321959273528,0.0988809392771968,0.0684278114107503,0.40231150247661
247773.411807,2748866.126422,0.0628205128205128,0.326373626373626,0,0.162637362637363,0.128205128205128,0.31996336996337
248273.411807,2748866.126422,0.088256880733945,0.199082568807339,0.00018348623853211,0.194862385321101,0.145871559633028,0.371743119266055
248773.411807,2748866.126422,0.0642084021280499,0.150064208402128,0.001284168042561,0.183819482663731,0.113190240322877,0.487433498440653
249273.411807,2748866.126422,0.108241758241758,0.221428571428571,0.00311355311355311,0.200732600732601,0.0743589743589744,0.392124542124542
249773.411807,2748866.126422,0.106493506493506,0.0851576994434137,0.0038961038961039,0.287012987012987,0.101855287569573,0.415584415584416
242273.411807,2748366.126422,0.452380952380952,0.032967032967033,0.00366300366300366,0.154212454212454,0.0677655677655678,0.289010989010989
242773.411807,2748366.126422,0.0584249084249084,0.063003663003663,0.0208791208791209,0.684249084249084,0.0950549450549451,0.0783882783882784
243273.411807,2748366.126422,0.052988632196553,0.0374037403740374,0.0166850018335167,0.500733406674001,0.0870920425375871,0.305097176384305
243773.411807,2748366.126422,0.0761904761904762,0.0443223443223443,0.296703296703297,0.202014652014652,0.0990842490842491,0.281684981684982
244273.411807,2748366.126422,0.0622710622710623,0.0355311355311355,0.349450549450549,0.258791208791209,0.131868131868132,0.162087912087912
244773.411807,2748366.126422,0.088008800880088,0.158782544921159,0.117895122845618,0.157499083241658,0.115328199486615,0.362486248624863
245273.411807,2748366.126422,0.113736263736264,0.346336996336996,0.00183150183150183,0.258974358974359,0.10989010989011,0.169230769230769
245773.411807,2748366.126422,0.0807692307692308,0.262637362637363,0.00146520146520147,0.24029304029304,0.10970695970696,0.305128205128205
246273.411807,2748366.126422,0.0881921525485882,0.173817381738174,0.00916758342500917,0.305280528052805,0.103043637697103,0.320498716538321
246773.411807,2748366.126422,0.0901098901098901,0.215018315018315,0.0194139194139194,0.297802197802198,0.0989010989010989,0.278754578754579
247273.411807,2748366.126422,0.047985347985348,0.336446886446886,0.0135531135531136,0.221245421245421,0.0683150183150183,0.312454212454212
247773.411807,2748366.126422,0.0898423175650898,0.215621562156216,0.0033003300330033,0.178217821782178,0.094976164283095,0.418041804180418
248273.411807,2748366.126422,0.0578754578754579,0.275641025641026,0.00567765567765568,0.233882783882784,0.0767399267399267,0.35018315018315
248773.411807,2748366.126422,0.0673992673992674,0.25018315018315,0.00860805860805861,0.338827838827839,0.0974358974358974,0.237545787545788
249273.411807,2748366.126422,0.0852585258525853,0.096993032636597,0.0111844517785112,0.464246424642464,0.138247158049138,0.204070407040704
249773.411807,2748366.126422,0.0783623564283068,0.0594664690626158,0.0100037050759541,0.717858466098555,0.0733605038903297,0.0609484994442386
241773.411807,2747866.126422,0.196628183983874,0.0221733553234378,0.159611508154664,0.188931647425325,0.083745647791827,0.348909657320872
242273.411807,2747866.126422,0.164066801247935,0.403743806202973,0,0.0289961460818499,0.0453294182418792,0.357863828225362
242773.411807,2747866.126422,0.066385475884834,0.308820832569228,0.0121034293049697,0.343297267559142,0.0819732257472951,0.187419768934531
243273.411807,2747866.126422,0.0382994319223016,0.0656038116181052,0.00769653655854865,0.619571192963167,0.0696353307678211,0.199193696170057
243773.411807,2747866.126422,0.10790970820334,0.0579922921636998,0.00146815929528354,0.396953569462287,0.13690585428519,0.2987704165902
244273.411807,2747866.126422,0.0979277461947552,0.0471300201723822,0.0374105996699065,0.40784889051898,0.109481019622226,0.300201723821749
244773.411807,2747866.126422,0.0850284038849184,0.0467289719626168,0.493677844969764,0.00604727872457394,0.0199743448781382,0.348543155579989
245273.411807,2747866.126422,0.0135804734813727,0.0688199669664159,0.378601578271242,0.0152321526885667,0.0759772435309231,0.447788585061479
245773.411807,2747866.126422,0.0491472583898771,0.189437007152026,0,0.0135705116449661,0.0225563909774436,0.725288831835687
246273.411807,2747866.126422,0.023089609675646,0.346710646875573,0.0186915887850467,0.0168590800806304,0.040131940626718,0.554517133956386
246773.411807,2747866.126422,0.0770783630023858,0.187740869884382,0.000917599559552211,0.0491833363919985,0.0427601394751331,0.642319691686548
247273.411807,2747866.126422,0.0410783055198973,0.215110948101962,0.0102695763799743,0.197139189437007,0.0797726022373006,0.456629378323858
247773.411807,2747866.126422,0.068719076415613,0.359721458676929,0,0.0760491112332784,0.0481949789261499,0.44731537474803
248273.411807,2747866.126422,0.058909891723252,0.181868232703248,0.0047715177096715,0.254909157643604,0.102954670581758,0.396586529638466
248773.411807,2747866.126422,0.0678525582248304,0.213460480469466,0.00165046763249587,0.186502842472034,0.111131487254722,0.419402163946451
249273.411807,2747866.126422,0.0809968847352025,0.176287337364852,0.000916254352208173,0.182334616089426,0.0839288986622686,0.475536008796042
249773.411807,2747866.126422,0.0304323622193357,0.0736685841529041,0.0285767303766933,0.775839673408796,0.0478753015401744,0.0436073483020969
241773.411807,2747366.126422,0.192490842490843,0.158058608058608,0.00146520146520147,0.173992673992674,0.0948717948717949,0.379120879120879
242273.411807,2747366.126422,0.0464220183486239,0.552660550458716,0.00018348623853211,0.0155963302752294,0.028256880733945,0.356880733944954
242773.411807,2747366.126422,0.0460465969546872,0.0845716382315172,0.0157769216657494,0.527609612915061,0.139240506329114,0.186754723903871
243273.411807,2747366.126422,0.110805860805861,0.15970695970696,0,0.0424908424908425,0.0697802197802198,0.617216117216117
243773.411807,2747366.126422,0.10697247706422,0.13045871559633,0,0.0741284403669725,0.0774311926605505,0.611009174311927
244273.411807,2747366.126422,0.128783709411117,0.123647037240873,0.00110071546505228,0.292973766281416,0.094294624839479,0.359200146762062
244773.411807,2747366.126422,0.0873626373626374,0.0730769230769231,0.00238095238095238,0.345238095238095,0.169230769230769,0.322710622710623
245273.411807,2747366.126422,0.0346788990825688,0.108256880733945,0.236697247706422,0.154495412844037,0.0737614678899083,0.392110091743119
245773.411807,2747366.126422,0.00532012474775271,0.0236653824986241,0.176114474408365,0.00623738763529628,0.0240322876536415,0.76463034305632
246273.411807,2747366.126422,0.0203296703296703,0.29047619047619,0.00146520146520147,0.0181318681318681,0.0113553113553114,0.658241758241758
246773.411807,2747366.126422,0.0722935779816514,0.41743119266055,0.00110091743119266,0.0803669724770642,0.0541284403669725,0.374678899082569
247273.411807,2747366.126422,0.0557695835626491,0.1768482847184,0.000733810310034856,0.168409466152999,0.0974133186571271,0.500825536598789
247773.411807,2747366.126422,0.0527472527472527,0.156959706959707,0.00256410256410256,0.0492673992673993,0.0745421245421245,0.663919413919414
248273.411807,2747366.126422,0.0776146788990826,0.218715596330275,0.00844036697247706,0.263302752293578,0.121284403669725,0.310642201834862
248773.411807,2747366.126422,0.0533847000550358,0.348376444689048,0.00587048248027885,0.197394973399376,0.089157952669235,0.305815446707026
249273.411807,2747366.126422,0.0613553113553114,0.115567765567766,0.00732600732600733,0.2503663003663,0.109340659340659,0.456043956043956
249773.411807,2747366.126422,0.0385899814471243,0.104267161410019,0.0352504638218924,0.403525046382189,0.104823747680891,0.313543599257885
241273.411807,2746866.126422,0.184432234432234,0.153846153846154,0.00494505494505494,0.258241758241758,0.0487179487179487,0.34981684981685
241773.411807,2746866.126422,0.122662266226623,0.151631829849652,0.0143014301430143,0.0476714338100477,0.0627062706270627,0.601026769343601
242273.411807,2746866.126422,0.0536630036630037,0.427472527472527,0,0.0467032967032967,0.0602564102564103,0.411904761904762
242773.411807,2746866.126422,0.0529304029304029,0.185164835164835,0.00238095238095238,0.399450549450549,0.102380952380952,0.257692307692308
243273.411807,2746866.126422,0.134030069673634,0.0265859919325266,0,0.0271360469380271,0.00843417675100843,0.803813714704804
243773.411807,2746866.126422,0.116666666666667,0.00677655677655678,0.00201465201465201,0.198351648351648,0.0336996336996337,0.642490842490843
244273.411807,2746866.126422,0.13003663003663,0.0010989010989011,0,0.076007326007326,0.0404761904761905,0.752380952380952
244773.411807,2746866.126422,0.0443711037770444,0.0418041804180418,0,0.213421342134213,0.0553722038870554,0.645031169783645
245273.411807,2746866.126422,0.0157509157509158,0.110805860805861,0,0.363553113553114,0.0703296703296703,0.43956043956044
245773.411807,2746866.126422,0.108974358974359,0.295970695970696,0.0252747252747253,0.191208791208791,0.0783882783882784,0.30018315018315
246273.411807,2746866.126422,0.132563256325633,0.142830949761643,0.0357535753575358,0.152548588192153,0.107444077741107,0.428859552621929
246773.411807,2746866.126422,0.0393772893772894,0.123076923076923,0.11007326007326,0.0331501831501832,0.0173992673992674,0.676923076923077
247273.411807,2746866.126422,0.0604395604395604,0.146153846153846,0.0333333333333333,0.0100732600732601,0.065018315018315,0.684981684981685
247773.411807,2746866.126422,0.0513384671800513,0.248624862486249,0.000183351668500183,0.0396039603960396,0.0361202786945361,0.624129079574624
248273.411807,2746866.126422,0.0628205128205128,0.466117216117216,0,0.0871794871794872,0.0761904761904762,0.307692307692308
248773.411807,2746866.126422,0.0532967032967033,0.174725274725275,0.0186813186813187,0.0401098901098901,0.0752747252747253,0.637912087912088
249273.411807,2746866.126422,0.0803080308030803,0.0896589658965897,0.000183351668500183,0.0504217088375504,0.0473047304730473,0.732123212321232
249773.411807,2746866.126422,0.0524268247499074,0.0872545387180437,0.0185253797702853,0.504631344942571,0.0661356057799185,0.271026306039274
241273.411807,2746366.126422,0.0671190170548322,0.279112415184302,0.00165046763249587,0.164863377957088,0.0423620025673941,0.444892719603888
241773.411807,2746366.126422,0.12332783580722,0.176470588235294,0.0153930731170973,0.0918086860912589,0.0542422576507238,0.538757559098406
242273.411807,2746366.126422,0.127179298953937,0.35694622866581,0.00183519911910442,0.0735914846760874,0.060561570930446,0.379886217654615
242773.411807,2746366.126422,0.0784889051898038,0.128736475334678,0.000733541169998166,0.26792591234183,0.106913625527233,0.417201540436457
243273.411807,2746366.126422,0.283489096573209,0.0144768187648891,0,0.0910756826094924,0.0976727139453912,0.513285688107018
243773.411807,2746366.126422,0.0211047898697009,0.00110111947146265,0.000917599559552211,0.665259680675353,0.0350523031748945,0.276564507249037
244273.411807,2746366.126422,0.00953603520997616,0.0814230698697964,0,0.207041995231982,0.0322758114799193,0.669723088208326
244773.411807,2746366.126422,0.0152098222466557,0.051126992853216,0,0.269745281290086,0.0764156129741616,0.587502290635881
245273.411807,2746366.126422,0.0543218939254909,0.186456230501009,0.015782712424298,0.376766379152138,0.113965865296385,0.252706918700679
245773.411807,2746366.126422,0.0792224463598019,0.240784889051898,0.00916926462497708,0.390794058316523,0.0627177700348432,0.217311571611957
246273.411807,2746366.126422,0.127359354956936,0.163093274693055,0.0249221183800623,0.318673263698003,0.130291368884002,0.235660619387942
246773.411807,2746366.126422,0.0521196549825656,0.108093228115251,0.036520462470178,0.65131216737016,0.0645990089924757,0.0873554780693705
247273.411807,2746366.126422,0.0693196405648267,0.0491472583898771,0.0227397762699432,0.635796809095911,0.0784889051898038,0.144507610489639
247773.411807,2746366.126422,0.0606560381161811,0.0800806303829943,0.0384826827927433,0.434671064687557,0.0852116547553601,0.300897929265164
248273.411807,2746366.126422,0.0794641218572215,0.181501192879427,0.0339511837034318,0.0800146815929528,0.0440447788585061,0.58102404110846
248773.411807,2746366.126422,0.0449293966623877,0.139006051714652,0.0350265908674124,0.0144874381074638,0.00898587933247754,0.757564643315606
249273.411807,2746366.126422,0.0342679127725857,0.0410481949789262,0.0406816932380429,0.0236393622869709,0.0262048744731537,0.834157962250321
249773.411807,2746366.126422,0.106513267767675,0.0473186119873817,0.0263499721655224,0.31100389682687,0.0912970866580071,0.417517164594544
240773.411807,2745866.126422,0.0724770642201835,0.385137614678899,0.0124770642201835,0.290825688073394,0.0761467889908257,0.162935779816514
241273.411807,2745866.126422,0.0544854155200881,0.297009722986608,0.00238488350761328,0.169877086773069,0.101999633094845,0.374243258117777
241773.411807,2745866.126422,0.0745421245421245,0.208974358974359,0.056043956043956,0.147619047619048,0.0943223443223443,0.418498168498169
242273.411807,2745866.126422,0.0592660550458716,0.25394495412844,0.00477064220183486,0.227522935779817,0.153211009174312,0.301284403669725
242773.411807,2745866.126422,0.0599889928453495,0.129517519721152,0.00495321959273528,0.287286736378646,0.105301779490002,0.412951751972115
243273.411807,2745866.126422,0.126190476190476,0.0043956043956044,0.00622710622710623,0.318131868131868,0.0710622710622711,0.473992673992674
243773.411807,2745866.126422,0.0163302752293578,0.00201834862385321,0,0.315779816513761,0.0511926605504587,0.614678899082569
244273.411807,2745866.126422,0.0152265639332233,0.0284351495138507,0,0.325995230232985,0.0638414969730325,0.566501559346909
244773.411807,2745866.126422,0.0278388278388278,0.0212454212454212,0,0.59981684981685,0.111721611721612,0.239377289377289
245273.411807,2745866.126422,0.132477064220183,0.0354128440366972,0.00917431192660551,0.46605504587156,0.112844036697248,0.244036697247706
245773.411807,2745866.126422,0.0920931939093744,0.126582278481013,0.011557512383049,0.404329480829206,0.102916895982389,0.26252063841497
246273.411807,2745866.126422,0.0895604395604396,0.0624542124542125,0.015018315018315,0.571978021978022,0.152747252747253,0.108241758241758
246773.411807,2745866.126422,0.117614678899083,0.0609174311926605,0.0172477064220183,0.645871559633028,0.0511926605504587,0.107155963302752
247273.411807,2745866.126422,0.0528343423225096,0.0199963309484498,0.00935608145294441,0.817281232801321,0.0719134103834159,0.0286186020913594
247773.411807,2745866.126422,0.0267399267399267,0.015018315018315,0.00476190476190476,0.751098901098901,0.0536630036630037,0.148717948717949
248273.411807,2745866.126422,0.055045871559633,0.11302752293578,0.00201834862385321,0.231559633027523,0.0908256880733945,0.507522935779817
248773.411807,2745866.126422,0.103283801137406,0.0585213722252798,0,0.193909374426711,0.0970464135021097,0.547239038708494
249273.411807,2745866.126422,0.136813186813187,0.0531135531135531,0.000915750915750916,0.302380952380952,0.0968864468864469,0.40989010989011
249773.411807,2745866.126422,0.105751391465677,0.0584415584415584,0.00241187384044527,0.246011131725417,0.107050092764378,0.480333951762523
240273.411807,2745366.126422,0,0,0,1,0,0
240773.411807,2745366.126422,0.131868131868132,0.266117216117216,0.028021978021978,0.1003663003663,0.0419413919413919,0.431684981684982
241273.411807,2745366.126422,0.0628205128205128,0.256959706959707,0.00622710622710623,0.0384615384615385,0.0355311355311355,0.6
241773.411807,2745366.126422,0.0876420975430876,0.350751741840851,0.0405207187385405,0.202420242024202,0.0902090209020902,0.228456178951228
242273.411807,2745366.126422,0.0582417582417582,0.245787545787546,0.00750915750915751,0.367948717948718,0.102747252747253,0.217765567765568
242773.411807,2745366.126422,0.0789377289377289,0.0836996336996337,0.00421245421245421,0.387728937728938,0.121062271062271,0.324358974358974
243273.411807,2745366.126422,0.00421708837550422,0.0691235790245691,0,0.173267326732673,0.0337367070040337,0.71965529886322
243773.411807,2745366.126422,0.0142857142857143,0.00952380952380952,0,0.308608058608059,0.0844322344322344,0.583150183150183
244273.411807,2745366.126422,0.106043956043956,0.0921245421245421,0.00347985347985348,0.182783882783883,0.116483516483516,0.499084249084249
244773.411807,2745366.126422,0.214704803813715,0.0412541254125413,0,0.130913091309131,0.0966263292995966,0.516501650165016
245273.411807,2745366.126422,0.161904761904762,0.0338827838827839,0.000549450549450549,0.253479853479853,0.144322344322344,0.405860805860806
245773.411807,2745366.126422,0.0556776556776557,0.0146520146520147,0.0210622710622711,0.784065934065934,0.0578754578754579,0.0666666666666667
246273.411807,2745366.126422,0.0348368170150348,0.0295196186285295,0.024019068573524,0.839383938393839,0.0588558855885589,0.0133846718005134
246773.411807,2745366.126422,0.0573260073260073,0.0227106227106227,0.0360805860805861,0.784432234432234,0.0745421245421245,0.0249084249084249
247273.411807,2745366.126422,0.0351648351648352,0.0157509157509158,0.0214285714285714,0.86043956043956,0.05,0.0172161172161172
247773.411807,2745366.126422,0.0311697836450312,0.0207187385405207,0.0304363769710304,0.857902456912358,0.0520718738540521,0.0077007700770077
248273.411807,2745366.126422,0.0935897435897436,0.0683150183150183,0.0144688644688645,0.475641025641026,0.0923076923076923,0.255677655677656
248773.411807,2745366.126422,0.0824175824175824,0.0860805860805861,0.0141025641025641,0.388827838827839,0.0952380952380952,0.333333333333333
249273.411807,2745366.126422,0.0533553355335534,0.0828749541620829,0.0185185185185185,0.574257425742574,0.0946094609460946,0.176384305097176
249773.411807,2745366.126422,0.083178955168581,0.265653945905891,0.000185253797702853,0.108188217858466,0.0744720266765469,0.468321600592812
240273.411807,2744866.126422,0,0,0,1,0,0
240773.411807,2744866.126422,0.128280418425399,0.0278950266103872,0.428702514222793,0.17030647825289,0.057258212516058,0.187557349972472
241273.411807,2744866.126422,0.162112598569595,0.0335595085274161,0.309554373739226,0.0836236933797909,0.035209976159912,0.37593984962406
241773.411807,2744866.126422,0.0648708081363387,0.205790727505956,0.12662635147517,0.309510720175921,0.0940076965365585,0.199193696170057
242273.411807,2744866.126422,0.0308313452009543,0.248669480638649,0.00183519911910442,0.214718296935217,0.0849697192145348,0.41897595889154
242773.411807,2744866.126422,0.00128369704749679,0.0137538969374656,0,0.314689161929213,0.0498807995598753,0.620392444525949
243273.411807,2744866.126422,0.0111783030969397,0.0053142752428074,0,0.242807403335166,0.0590067802822063,0.681693238042881
243773.411807,2744866.126422,0.0519361350706552,0.204257661956322,0,0.060561570930446,0.0787300422095797,0.604514589832997
244273.411807,2744866.126422,0.158995048597103,0.0876581698147808,0,0.101412066752246,0.0654685494223363,0.586466165413534
244773.411807,2744866.126422,0.0844786512735936,0.280557082646143,0.000183250870441635,0.0657870624885468,0.0480117280557083,0.520982224665567
245273.411807,2744866.126422,0.0385391815011929,0.20352358230868,0.00899247568361167,0.492567443567627,0.0647825289043861,0.191594788034502
245773.411807,2744866.126422,0.0231065468549422,0.0245736291949386,0.0265908674124335,0.883000183385293,0.0326425820649184,0.0100861910874748
246273.411807,2744866.126422,0.0152098222466557,0.0119113065787062,0.0194245922668133,0.938427707531611,0.015026571376214,0
246773.411807,2744866.126422,0.127729858689668,0.0313819049366856,0.0251422279317306,0.655349605432189,0.11213066617728,0.0482657368324463
247273.411807,2744866.126422,0.0493306436823767,0.0238400880249404,0.0339262791124152,0.839171098477902,0.0377773702549056,0.0159545204474601
247773.411807,2744866.126422,0.0705515851200293,0.0238226131574125,0.0089792926516401,0.813817115631299,0.062671797691039,0.0201575957485798
248273.411807,2744866.126422,0.105340429436594,0.0550559735731327,0.0277115066984768,0.67223343732795,0.0915764360433107,0.0480822169205359
248773.411807,2744866.126422,0.130753713552173,0.0509811113148725,0.0304419585549239,0.485787639831286,0.0964606638547588,0.205574912891986
249273.411807,2744866.126422,0.0901594282572842,0.247938427707532,0.00128275609309144,0.0859446582371266,0.0700018325087044,0.504672897196262
249773.411807,2744866.126422,0.102616440898126,0.16403785488959,0.00167006865837818,0.194841343477454,0.102987567266654,0.433846724809798
240273.411807,2744366.126422,0,0,0.0131868131868132,0.986813186813187,0,0
240773.411807,2744366.126422,0.00018348623853211,0.000917431192660551,0.714495412844037,0.270275229357798,0.0055045871559633,0.00862385321100917
241273.411807,2744366.126422,0.011557512383049,0.0664098330581545,0.242340854889011,0.205283434232251,0.0790680609062557,0.395340304531279
241773.411807,2744366.126422,0.0879120879120879,0.0465201465201465,0.122710622710623,0.51959706959707,0.0826007326007326,0.140659340659341
242273.411807,2744366.126422,0.0488073394495413,0.0234862385321101,0.00293577981651376,0.370825688073394,0.0862385321100917,0.467706422018349
242773.411807,2744366.126422,0.0221977618785544,0.0132085855806274,0.00568702990277013,0.449275362318841,0.131352045496239,0.378279214822968
243273.411807,2744366.126422,0.0932234432234432,0.06996336996337,0.010989010989011,0.529304029304029,0.105860805860806,0.190659340659341
243773.411807,2744366.126422,0.0642201834862385,0.17302752293578,0.00201834862385321,0.331192660550459,0.100733944954128,0.328807339449541
244273.411807,2744366.126422,0.133370023848835,0.0254999082737112,0.00091726288754357,0.260135754907356,0.141625389836727,0.438451660245826
244773.411807,2744366.126422,0.106410256410256,0.0313186813186813,0.00860805860805861,0.413736263736264,0.0932234432234432,0.346703296703297
245273.411807,2744366.126422,0.04,0.178165137614679,0.0236697247706422,0.56605504587156,0.0605504587155963,0.131559633027523
245773.411807,2744366.126422,0.0585213722252798,0.0234819299211154,0.0201797835259585,0.756925334800954,0.0864061640066043,0.0544854155200881
246273.411807,2744366.126422,0.0547619047619048,0.0108058608058608,0.0289377289377289,0.847802197802198,0.0278388278388278,0.0298534798534799
246773.411807,2744366.126422,0.0974311926605505,0.0196330275229358,0.0146788990825688,0.753761467889908,0.0858715596330275,0.0286238532110092
247273.411807,2744366.126422,0.15978719501009,0.0458631443771785,0.0693450742982939,0.602091359383599,0.0820033021463952,0.0409099247844432
247773.411807,2744366.126422,0.0512820512820513,0.0573260073260073,0.0476190476190476,0.744871794871795,0.0789377289377289,0.01996336996337
248273.411807,2744366.126422,0.0168807339449541,0.0572477064220183,0.00275229357798165,0.842018348623853,0.0653211009174312,0.0157798165137615
248773.411807,2744366.126422,0.0816363969913777,0.0543019629425793,0.00568702990277013,0.559530361401578,0.0957622454595487,0.203082003302146
249273.411807,2744366.126422,0.0934065934065934,0.0838827838827839,0.00842490842490842,0.393772893772894,0.121245421245421,0.299267399267399
249773.411807,2744366.126422,0.0890538033395176,0.0710575139146568,0.00445269016697588,0.346753246753247,0.118552875695733,0.37012987012987
240273.411807,2743866.126422,0,0,0.0544554455445545,0.945544554455445,0,0
240773.411807,2743866.126422,0,0.00164835164835165,0.420879120879121,0.556410256410256,0.00293040293040293,0.0181318681318681
241273.411807,2743866.126422,0.00641025641025641,0.0641025641025641,0.234065934065934,0.349450549450549,0.0897435897435897,0.256227106227106
241773.411807,2743866.126422,0.0832416574990832,0.113861386138614,0.0324532453245325,0.221488815548222,0.113127979464613,0.435826916024936
242273.411807,2743866.126422,0.036996336996337,0.103479853479853,0.032967032967033,0.15,0.105128205128205,0.571428571428571
242773.411807,2743866.126422,0.0765567765567766,0.143956043956044,0.0311355311355311,0.190659340659341,0.0932234432234432,0.464468864468864
243273.411807,2743866.126422,0.124679134580125,0.0542720938760543,0.0022002200220022,0.30986431976531,0.115144847818115,0.393839383938394
243773.411807,2743866.126422,0.0655677655677656,0.228021978021978,0.00732600732600733,0.217216117216117,0.113369963369963,0.368498168498169
244273.411807,2743866.126422,0.0677655677655678,0.171978021978022,0.00787545787545788,0.190842490842491,0.128571428571429,0.432967032967033
244773.411807,2743866.126422,0.0368536853685369,0.0504217088375504,0.017968463513018,0.725339200586725,0.106527319398607,0.0628896222955629
245273.411807,2743866.126422,0.0769230769230769,0.1,0.0426739926739927,0.557142857142857,0.0791208791208791,0.144139194139194
245773.411807,2743866.126422,0.0690476190476191,0.0294871794871795,0.0141025641025641,0.753479853479853,0.10018315018315,0.0336996336996337
246273.411807,2743866.126422,0.0429042904290429,0.00916758342500917,0.0137513751375138,0.911074440777411,0.022002200220022,0.0011001100110011
246773.411807,2743866.126422,0.0448717948717949,0.0168498168498168,0.00952380952380952,0.899267399267399,0.0230769230769231,0.00641025641025641
247273.411807,2743866.126422,0.039010989010989,0.0144688644688645,0.0380952380952381,0.83974358974359,0.0619047619047619,0.00677655677655678
247773.411807,2743866.126422,0.266409974330766,0.0209020902090209,0.0214521452145215,0.540520718738541,0.077007700770077,0.0737073707370737
248273.411807,2743866.126422,0.0891941391941392,0.0595238095238095,0.0175824175824176,0.640842490842491,0.108058608058608,0.0847985347985348
248773.411807,2743866.126422,0.105677655677656,0.0529304029304029,0.0249084249084249,0.695604395604396,0.071978021978022,0.0489010989010989
249273.411807,2743866.126422,0.061972863953062,0.0575724239090576,0.0616061606160616,0.684085075174184,0.066006600660066,0.0687568756875688
249773.411807,2743866.126422,0.173027047054465,0.056687662097073,0.00685439051500556,0.52204520192664,0.108929233049278,0.13245646535754
239773.411807,2743366.126422,0,0,0,1,0,0
240273.411807,2743366.126422,0,0,0.365035733919736,0.634964266080264,0,0
240773.411807,2743366.126422,0,0,0.892457331620481,0.107542668379519,0,0
241273.411807,2743366.126422,0.0161379057399597,0.0502475701448744,0.43205574912892,0.184852374839538,0.0346598202824134,0.282046579864295
241773.411807,2743366.126422,0.0621220450797141,0.284222100054975,0.0108118013560564,0.128825361920469,0.0615722924683892,0.452446399120396
242273.411807,2743366.126422,0.09543035419343,0.153973206092861,0.0108276748027161,0.237841805835933,0.0886401174527436,0.413286841622316
242773.411807,2743366.126422,0.0915092609572712,0.316339629561709,0.0135705116449661,0.162112598569595,0.0768384375573079,0.339629561709151
243273.411807,2743366.126422,0.0641378046545721,0.0505772402418911,0.011544804837823,0.494594099321972,0.110866776617189,0.268279274326553
243773.411807,2743366.126422,0.0924940356028629,0.0513855753349238,0.0144980730409249,0.481005689117269,0.0708386859974307,0.289777940906588
244273.411807,2743366.126422,0.0812396845772969,0.0330093526499175,0.0154043645699615,0.687328076288282,0.105813313772235,0.077205208142307
244773.411807,2743366.126422,0.114898295766905,0.0555250137438153,0.0249221183800623,0.532893531244273,0.139820414146967,0.131940626717977
245273.411807,2743366.126422,0.0739585244999082,0.0357863828225362,0.0155991925123876,0.801798495136722,0.0499174160396403,0.0229399889888053
245773.411807,2743366.126422,0.0898587933247754,0.0630845406198423,0.037593984962406,0.563543003851091,0.0981111314872547,0.14780854575463
246273.411807,2743366.126422,0.051676745464541,0.0302363936228697,0.0298698918819864,0.820780648708081,0.0483782297965915,0.01905809052593
246773.411807,2743366.126422,0.0491833363919985,0.00862543585979079,0.0255092677555515,0.850247751881079,0.0471646173609837,0.0192695907505964
247273.411807,2743366.126422,0.094810196222263,0.0210893086374473,0.00935264991747662,0.731707317073171,0.0821566110397946,0.0608839171098478
247773.411807,2743366.126422,0.0965732087227414,0.0364669232178853,0.00604727872457394,0.772585669781931,0.0547920102620487,0.0335349092908191
