"x","y","forest","agri","water","built","other","grass"
326273.411807,2724366.126422,0.352405063291139,0.0959493670886076,0.0030379746835443,0.100506329113924,0.0675949367088608,0.380506329113924
326773.411807,2724366.126422,0.715443037974684,0.0321518987341772,0,0.00911392405063291,0.00481012658227848,0.238481012658228
327273.411807,2724366.126422,0.700607902735562,0.042806484295846,0,0.0412867274569402,0.0326747720364742,0.182624113475177
327773.411807,2724366.126422,0.589367088607595,0.0918987341772152,0,0.0539240506329114,0.0483544303797468,0.216455696202532
328273.411807,2724366.126422,0.860759493670886,0.00151898734177215,0,0.00987341772151899,0.00455696202531646,0.123291139240506
328773.411807,2724366.126422,0.234802431610942,0.0709219858156028,0.0144376899696049,0.0377406281661601,0.0253292806484296,0.61676798378926
329273.411807,2724366.126422,0.539493670886076,0.0341772151898734,0.0481012658227848,0.0635443037974684,0.0240506329113924,0.290632911392405
329773.411807,2724366.126422,0.215696202531646,0.0734177215189873,0.187848101265823,0.182784810126582,0.0546835443037975,0.285569620253165
330273.411807,2724366.126422,0.357396149949341,0.0473657548125633,0.0547112462006079,0.0630699088145897,0.0519250253292807,0.425531914893617
330773.411807,2724366.126422,0.0648101265822785,0.131645569620253,0.316962025316456,0.126582278481013,0.0711392405063291,0.288860759493671
331273.411807,2724366.126422,0.0430379746835443,0.129367088607595,0.350379746835443,0.211645569620253,0.0741772151898734,0.191392405063291
331773.411807,2724366.126422,0.0349544072948328,0.121073961499493,0.340425531914894,0.39387031408308,0.0357142857142857,0.0739614994934144
332273.411807,2724366.126422,0.0364556962025316,0.0293670886075949,0.466075949367089,0.377974683544304,0.0405063291139241,0.049620253164557
332773.411807,2724366.126422,0.0192405063291139,0.0275949367088608,0.379240506329114,0.475443037974684,0.0455696202531646,0.0529113924050633
333273.411807,2724366.126422,0.063323201621074,0.165906788247214,0.404255319148936,0.18161094224924,0.0314083080040527,0.153495440729483
333773.411807,2724366.126422,0.0508860759493671,0.131392405063291,0.451139240506329,0.345569620253165,0.0149367088607595,0.00607594936708861
334273.411807,2724366.126422,0.0556962025316456,0.19873417721519,0.214430379746835,0.400506329113924,0.0686075949367089,0.0620253164556962
334773.411807,2724366.126422,0.0615501519756839,0.103596757852077,0.135258358662614,0.465298885511651,0.0795339412360689,0.154761904761905
335273.411807,2724366.126422,0.0207594936708861,0.171898734177215,0.484303797468354,0.108101265822785,0.0612658227848101,0.153670886075949
335773.411807,2724366.126422,0.0354430379746835,0.134936708860759,0.474683544303797,0.0668354430379747,0.0463291139240506,0.241772151898734
336273.411807,2724366.126422,0.324214792299899,0.0243161094224924,0.136524822695035,0.0921985815602837,0.0364741641337386,0.386271529888551
326273.411807,2723866.126422,0.337126078179482,0.153239126445219,0,0.0376215819416407,0.0192695907505964,0.452743622683061
326773.411807,2723866.126422,0.822483036860444,0.00953603520997616,0,0.0106363469649734,0.00165046763249587,0.155694113332111
327273.411807,2723866.126422,0.702583837273227,0.0207073483599047,0,0.100054975261132,0.0197910940076965,0.156862745098039
327773.411807,2723866.126422,0.649660488162966,0.082583960359699,0,0.0159662323362085,0.00403743806202973,0.247751881079097
328273.411807,2723866.126422,0.898221162662754,0,0,0.00421786172748946,0.00201723821749496,0.0955437373922611
328773.411807,2723866.126422,0.557632398753894,0.0271211288253619,0.00329851566794942,0.0278541323071285,0.00971229613340663,0.374381528312259
329273.411807,2723866.126422,0.883281336024959,0,0,0.000183519911910442,0,0.116535144063131
329773.411807,2723866.126422,0.687328076288282,0.00458463231248854,0.000916926462497708,0.0210893086374473,0.00696864111498258,0.279112415184302
330273.411807,2723866.126422,0.521715228147334,0.0254718709913872,0.00806303829943192,0.0619387942092725,0.0328019058090526,0.350009162543522
330773.411807,2723866.126422,0.495687282070105,0.0546889337493118,0.00367039823820885,0.0532207744540283,0.0315654248485961,0.36116718663975
331273.411807,2723866.126422,0.525032092426187,0.102328993214744,0.0350265908674124,0.0302585732624244,0.0144874381074638,0.292866312121768
331773.411807,2723866.126422,0.238959135055892,0.0542422576507238,0.231629100238226,0.227964082829393,0.0536925050393989,0.193512919186366
332273.411807,2723866.126422,0.171040557900532,0.0877225178931914,0.0901082767480272,0.136538814461369,0.0513855753349238,0.463204257661956
332773.411807,2723866.126422,0.0726205758298184,0.0827067669172932,0.368421052631579,0.21217678342197,0.0392444525949019,0.224830368604438
333273.411807,2723866.126422,0.100054975261132,0.0941909474070002,0.193329668315924,0.216785779732454,0.0599230346344145,0.335715594649075
333773.411807,2723866.126422,0.0495503762158194,0.246100201871903,0.189576069003487,0.371444301706735,0.0418425399155808,0.101486511286475
334273.411807,2723866.126422,0.0762882816798093,0.165596919127086,0.206491839354484,0.359618558591601,0.0687694846873281,0.123234916559692
334773.411807,2723866.126422,0.0568077698369067,0.074216602528862,0.220450797141286,0.428807036833425,0.0811801356056441,0.138537658053876
335273.411807,2723866.126422,0.0552394934850431,0.0998348320792806,0.269957790420261,0.291613140025693,0.0633143696091026,0.22004037438062
335773.411807,2723866.126422,0.0467632495873831,0.155694113332111,0.353200073354117,0.113332110764717,0.0597836053548505,0.271226847606822
336273.411807,2723866.126422,0.247205424225765,0.0562580172255818,0.207623236210372,0.0377496793109767,0.0234561114165292,0.427707531610775
336773.411807,2723866.126422,0.186272710589099,0.00385391815011929,0.490548724536612,0.100201871903101,0.00734079647641769,0.21178197834465
326273.411807,2723366.126422,0.70954128440367,0.124036697247706,0,0.0262385321100917,0.00862385321100917,0.131559633027523
326773.411807,2723366.126422,0.734177215189873,0.00366905155017428,0,0.0451293340671436,0.0588882773802972,0.158136121812511
327273.411807,2723366.126422,0.756776556776557,0.000366300366300366,0,0.0302197802197802,0.0131868131868132,0.199450549450549
327773.411807,2723366.126422,0.739816513761468,0.00752293577981651,0,0.0699082568807339,0.0453211009174312,0.13743119266055
328273.411807,2723366.126422,0.869748669968813,0,0,0,0.000366905155017428,0.129884424876169
328773.411807,2723366.126422,0.468315018315018,0.0146520146520147,0.000183150183150183,0.00934065934065934,0.00714285714285714,0.5003663003663
329273.411807,2723366.126422,0.828990825688073,0,0,0.00330275229357798,0.00055045871559633,0.167155963302752
329773.411807,2723366.126422,0.866079618418639,0,0.00146762062006971,0.0161438268207668,0.00972298660796184,0.106585947532563
330273.411807,2723366.126422,0.625641025641026,0.0271062271062271,0.00164835164835165,0.0331501831501832,0.026007326007326,0.286446886446886
330773.411807,2723366.126422,0.809357798165138,0.00165137614678899,0.00403669724770642,0.0273394495412844,0.0100917431192661,0.147522935779817
331273.411807,2723366.126422,0.772702256466703,0.00587048248027885,0.00366905155017428,0.0194459732159237,0.0185287103283801,0.17978352595854
331773.411807,2723366.126422,0.61007326007326,0.00457875457875458,0.0228937728937729,0.0441391941391941,0.013003663003663,0.305311355311355
332273.411807,2723366.126422,0.229174311926606,0.0609174311926605,0.170825688073394,0.145321100917431,0.0561467889908257,0.337614678899083
332773.411807,2723366.126422,0.424142359200147,0.0616400660429279,0.0532012474775271,0.135754907356448,0.0627407815079802,0.26252063841497
333273.411807,2723366.126422,0.180769230769231,0.0684981684981685,0.253113553113553,0.234798534798535,0.0749084249084249,0.187912087912088
333773.411807,2723366.126422,0.0576146788990826,0.1,0.327706422018349,0.298715596330275,0.066605504587156,0.149357798165138
334273.411807,2723366.126422,0.014125848468171,0.105668684645019,0.261419922949917,0.40377912309668,0.099431297009723,0.11557512383049
334773.411807,2723366.126422,0.0426739926739927,0.071978021978022,0.267582417582418,0.38992673992674,0.0785714285714286,0.149267399267399
335273.411807,2723366.126422,0.0124770642201835,0.223119266055046,0.187889908256881,0.154128440366972,0.0699082568807339,0.352477064220183
335773.411807,2723366.126422,0.0653091175931022,0.248945147679325,0.187855439368923,0.0849385433865346,0.0557695835626491,0.357182168409466
336273.411807,2723366.126422,0.217948717948718,0.0902930402930403,0.0443223443223443,0.114468864468864,0.0730769230769231,0.45989010989011
336773.411807,2723366.126422,0.382385321100917,0.033394495412844,0.107522935779817,0.0541284403669725,0.0214678899082569,0.401100917431193
326273.411807,2722866.126422,0.666666666666667,0.0212454212454212,0,0.0113553113553114,0.00274725274725275,0.297985347985348
326773.411807,2722866.126422,0.880769230769231,0.00549450549450549,0,0.00714285714285714,0.00457875457875458,0.102014652014652
327273.411807,2722866.126422,0.874770810414375,0.0121012101210121,0,0.00403373670700403,0.000916758342500917,0.108177484415108
327773.411807,2722866.126422,0.679120879120879,0.00824175824175824,0,0.132417582417582,0.0706959706959707,0.10952380952381
328273.411807,2722866.126422,0.792857142857143,0.0122710622710623,0,0.0364468864468864,0.0489010989010989,0.10952380952381
328773.411807,2722866.126422,0.87953795379538,0.00238357169050238,0,0.0221855518885222,0.0141180784745141,0.0817748441510818
329273.411807,2722866.126422,0.833516483516484,0.00201465201465201,0,0.0159340659340659,0.0168498168498168,0.131684981684982
329773.411807,2722866.126422,0.914468864468864,0.000366300366300366,0,0.0179487179487179,0.00824175824175824,0.058974358974359
330273.411807,2722866.126422,0.73028969563623,0.00293362669600293,0.000366703337000367,0.00953428676200953,0.00586725339200587,0.251008434176751
330773.411807,2722866.126422,0.686263736263736,0.00787545787545788,0.00402930402930403,0.063003663003663,0.0421245421245421,0.196703296703297
331273.411807,2722866.126422,0.856593406593407,0.000183150183150183,0,0.0201465201465201,0.0172161172161172,0.105860805860806
331773.411807,2722866.126422,0.731939860652732,0.00055005500550055,0,0.0066006600660066,0.00531719838650532,0.255592225889256
332273.411807,2722866.126422,0.404212454212454,0.0302197802197802,0.0373626373626374,0.0820512820512821,0.0534798534798535,0.392673992673993
332773.411807,2722866.126422,0.613186813186813,0.0157509157509158,0.043956043956044,0.0258241758241758,0.0144688644688645,0.286813186813187
333273.411807,2722866.126422,0.813348001466813,0.00311697836450312,0.0088008800880088,0.0273193986065273,0.00916758342500917,0.138247158049138
333773.411807,2722866.126422,0.435347985347985,0.0434065934065934,0.201098901098901,0.137545787545788,0.0419413919413919,0.140659340659341
334273.411807,2722866.126422,0.621611721611722,0.0305860805860806,0.0518315018315018,0.0659340659340659,0.015018315018315,0.215018315018315
334773.411807,2722866.126422,0.12962962962963,0.0573890722405574,0.28951228456179,0.145764576457646,0.0397873120645398,0.337917125045838
335273.411807,2722866.126422,0.298351648351648,0.0419413919413919,0.438827838827839,0.0494505494505494,0.0225274725274725,0.148901098901099
335773.411807,2722866.126422,0.436996336996337,0.158608058608059,0.0104395604395604,0.0208791208791209,0.0227106227106227,0.3503663003663
336273.411807,2722866.126422,0.216721672167217,0.139163916391639,0.0876420975430876,0.113861386138614,0.0324532453245325,0.41015768243491
336773.411807,2722866.126422,0.19010989010989,0.177655677655678,0.0761904761904762,0.172161172161172,0.0723443223443224,0.311538461538462
337273.411807,2722866.126422,0.291575091575092,0.0340659340659341,0.0866300366300366,0.0635531135531135,0.0283882783882784,0.495787545787546
326273.411807,2722366.126422,0.77592218755735,0.000367039823820885,0,0.0352358230868049,0.0245916681959993,0.163883281336025
326773.411807,2722366.126422,0.765450210893086,0.00311754997249221,0,0.086007702182285,0.0583165230148542,0.0871080139372822
327273.411807,2722366.126422,0.809235843870258,0.0137438152831226,0,0.0089792926516401,0.00568077698369067,0.162360271211288
327773.411807,2722366.126422,0.793540099100752,0.00880895577170123,0,0.0229399889888053,0.009543035419343,0.165167920719398
328273.411807,2722366.126422,0.651201173665872,0.00916926462497708,0,0.14010636346965,0.0322758114799193,0.167247386759582
328773.411807,2722366.126422,0.853032801905809,0.00513102437236577,0,0.0412314458493678,0.0194245922668133,0.0811801356056441
329273.411807,2722366.126422,0.722701413103322,0.0012846393833731,0,0.0034868783262984,0.00568911726922371,0.266837951917783
329773.411807,2722366.126422,0.731707317073171,0.000550155877498625,0,0.00201723821749496,0.00238400880249404,0.263341280029342
330273.411807,2722366.126422,0.804837822979659,0,0,0.000366501740883269,0,0.194795675279458
330773.411807,2722366.126422,0.727289410901083,0.00183519911910442,0.000367039823820885,0.0862543585979079,0.0645990089924757,0.119654982565608
331273.411807,2722366.126422,0.848523748395379,0,0,0,0,0.151476251604621
331773.411807,2722366.126422,0.809785596481583,0,0,0.00128275609309144,0.000549752611324904,0.188381894814
332273.411807,2722366.126422,0.505230317489448,0.0517526151587447,0.0570746926041475,0.0168838318957607,0.0132134336575518,0.355845109194348
332773.411807,2722366.126422,0.414083990463965,0.0445626260773886,0.0695030258573262,0.0518980377773703,0.0364936732074088,0.383458646616541
333273.411807,2722366.126422,0.470221733553234,0.0637713029136888,0.0524097489463075,0.102437236576874,0.03811618105186,0.273043796958036
333773.411807,2722366.126422,0.597724353092311,0.0324830244081483,0.101486511286475,0.0855202789502661,0.0361534226463571,0.146632409616443
334273.411807,2722366.126422,0.424536952136439,0.0533651201173666,0.161562442692096,0.116449660737209,0.055198973042362,0.188886851274528
334773.411807,2722366.126422,0.381345061389042,0.0780648708081363,0.124610591900312,0.158695253802456,0.0384826827927433,0.218801539307312
335273.411807,2722366.126422,0.829510001835199,0.00880895577170123,0.0346852633510736,0.00532207744540283,0.00660671682877592,0.115066984767847
335773.411807,2722366.126422,0.72785622593068,0.000183385292499542,0,0.00605171465248487,0.00201723821749496,0.26389143590684
336273.411807,2722366.126422,0.704233095107202,0,0,0.00201575957485798,0.00219901044529962,0.291552134872641
336773.411807,2722366.126422,0.662690401908607,0.00183519911910442,0.000917599559552211,0.0192695907505964,0.0106441548908057,0.304643053771334
337273.411807,2722366.126422,0.326975976526683,0.0119200440124702,0.0656519347148359,0.147441775169631,0.0159545204474601,0.43205574912892
337773.411807,2722366.126422,0.149899212021257,0.00916254352208173,0.01905809052593,0.412680960234561,0.0276708814366868,0.381528312259483
338273.411807,2722366.126422,0.238208845659754,0.00367039823820885,0.0126628739218205,0.0583593319875206,0.00642319691686548,0.68067535327583
326273.411807,2721866.126422,0.71045871559633,0.0152293577981651,0.00422018348623853,0.0779816513761468,0.111192660550459,0.0809174311926606
326773.411807,2721866.126422,0.73747936158503,0,0,0.0196294257934324,0.00972298660796184,0.233168226013575
327273.411807,2721866.126422,0.876190476190476,0.000183150183150183,0,0.00164835164835165,0.000183150183150183,0.121794871794872
327773.411807,2721866.126422,0.953761467889908,0.00165137614678899,0,0,0,0.0445871559633028
328273.411807,2721866.126422,0.808292056503394,0.00348559897266557,0,0.00421940928270042,0,0.18400293524124
328773.411807,2721866.126422,0.771611721611722,0.000549450549450549,0,0,0,0.227838827838828
329273.411807,2721866.126422,0.903669724770642,0.00018348623853211,0,0.00110091743119266,0.00055045871559633,0.0944954128440367
329773.411807,2721866.126422,0.906072280315538,0.00091726288754357,0,0.00091726288754357,0.00091726288754357,0.0911759310218309
330273.411807,2721866.126422,0.806959706959707,0.000183150183150183,0,0.0604395604395604,0.0487179487179487,0.0836996336996337
330773.411807,2721866.126422,0.825871559633027,0.00146788990825688,0,0.0339449541284404,0.0352293577981651,0.10348623853211
331273.411807,2721866.126422,0.918363603008622,0,0,0,0,0.0816363969913777
331773.411807,2721866.126422,0.877838827838828,0.00604395604395604,0.00256410256410256,0.00146520146520147,0.0010989010989011,0.110989010989011
332273.411807,2721866.126422,0.660550458715596,0.0251376146788991,0.0561467889908257,0.00807339449541284,0.00660550458715596,0.24348623853211
332773.411807,2721866.126422,0.846266740047698,0.000550357732526142,0,0.00697119794533113,0.0165107319757843,0.129700972298661
333273.411807,2721866.126422,0.897252747252747,0.0021978021978022,0,0.0032967032967033,0.00457875457875458,0.0926739926739927
333773.411807,2721866.126422,0.926788990825688,0,0,0.00275229357798165,0.00660550458715596,0.0638532110091743
334273.411807,2721866.126422,0.645019262520638,0.00550357732526142,0.00458631443771785,0.0511832691249312,0.0199963309484498,0.273711245643001
334773.411807,2721866.126422,0.40018315018315,0.0318681318681319,0.155128205128205,0.106043956043956,0.0441391941391941,0.262637362637363
335273.411807,2721866.126422,0.821467889908257,0.00036697247706422,0,0.0157798165137615,0.0245871559633028,0.137798165137615
335773.411807,2721866.126422,0.799486332782976,0.00715465052283985,0.00623738763529628,0.0453127866446524,0.00953953403045313,0.132269308383783
336273.411807,2721866.126422,0.784615384615385,0.00512820512820513,0.00238095238095238,0.0102564102564103,0.00604395604395604,0.191575091575092
336773.411807,2721866.126422,0.380917431192661,0.0332110091743119,0.180550458715596,0.111743119266055,0.0247706422018349,0.268807339449541
326273.411807,2721366.126422,0.745238095238095,0.00201465201465201,0.000366300366300366,0.084981684981685,0.0523809523809524,0.115018315018315
326773.411807,2721366.126422,0.883882783882784,0,0,0.00293040293040293,0.000549450549450549,0.112637362637363
327273.411807,2721366.126422,0.806930693069307,0.00146681334800147,0,0.0181518151815182,0.0152181884855152,0.158232489915658
327773.411807,2721366.126422,0.750732600732601,0.0197802197802198,0,0.089010989010989,0.0291208791208791,0.111355311355311
328273.411807,2721366.126422,0.932600732600733,0.00128205128205128,0,0,0.00201465201465201,0.0641025641025641
328773.411807,2721366.126422,0.912174550788412,0,0,0.00971763843050972,0.0033003300330033,0.0748074807480748
329273.411807,2721366.126422,0.949267399267399,0,0,0.000183150183150183,0,0.0505494505494506
329773.411807,2721366.126422,0.948168498168498,0.00256410256410256,0,0.000732600732600733,0.00128205128205128,0.0472527472527473
330273.411807,2721366.126422,0.958745874587459,0.000366703337000367,0,0.000733406674000733,0.000183351668500183,0.03997066373304
330773.411807,2721366.126422,0.91043956043956,0.0128205128205128,0.00915750915750916,0.00293040293040293,0.00567765567765568,0.058974358974359
331273.411807,2721366.126422,0.8996336996337,0.00604395604395604,0.00769230769230769,0.00274725274725275,0.00293040293040293,0.080952380952381
331773.411807,2721366.126422,0.564356435643564,0.0645397873120645,0.068023469013568,0.0524385771910524,0.0606894022735607,0.18995232856619
332273.411807,2721366.126422,0.588827838827839,0.0485347985347985,0.032051282051282,0.056043956043956,0.0485347985347985,0.226007326007326
332773.411807,2721366.126422,0.827289377289377,0.000915750915750916,0,0.034981684981685,0.0272893772893773,0.10952380952381
333273.411807,2721366.126422,0.913458012467913,0.000183351668500183,0,0.00623395672900623,0.00715071507150715,0.072973964063073
333773.411807,2721366.126422,0.935164835164835,0,0,0.0021978021978022,0.0021978021978022,0.0604395604395604
334273.411807,2721366.126422,0.427289377289377,0.00897435897435897,0.115201465201465,0.22014652014652,0.0322344322344322,0.196153846153846
334773.411807,2721366.126422,0.23010634396773,0.0234690135680235,0.153281994866153,0.367070040337367,0.0623395672900623,0.163733039970664
335273.411807,2721366.126422,0.472527472527473,0.0252747252747253,0.0858974358974359,0.181684981684982,0.0602564102564103,0.174358974358974
335773.411807,2721366.126422,0.234065934065934,0.0340659340659341,0.111904761904762,0.417582417582418,0.0692307692307692,0.133150183150183
336273.411807,2721366.126422,0.13971397139714,0.0781078107810781,0.138980564723139,0.434910157682435,0.0722405573890722,0.136046938027136
336773.411807,2721366.126422,0.0516483516483516,0.0417582417582418,0.453113553113553,0.315201465201465,0.0514652014652015,0.0868131868131868
337773.411807,2721366.126422,0,0.00806747341400807,0,0.991932526585992,0,0
326273.411807,2720866.126422,0.760690034868783,0.0108276748027161,0.000550559735731327,0.0554230133969536,0.0427601394751331,0.129748577720683
326773.411807,2720866.126422,0.81184668989547,0.0110031175499725,0,0.0383275261324042,0.0636346964973409,0.075187969924812
327273.411807,2720866.126422,0.812167857797325,0.00751328568810702,0,0.0370166758292102,0.0751328568810702,0.0681693238042881
327773.411807,2720866.126422,0.946595705634061,0,0,0.0141310332171041,0.00587263718113415,0.0334006239677005
328273.411807,2720866.126422,0.921694480102696,0.00110031175499725,0,0.00605171465248487,0.00550155877498625,0.0656519347148359
328773.411807,2720866.126422,0.970313358988455,0.000733003481766538,0,0,0.000183250870441635,0.0287703866593366
329273.411807,2720866.126422,0.781978344650395,0.0313819049366856,0.0179849513672233,0.0144980730409249,0.0260598274912828,0.128096898513489
329773.411807,2720866.126422,0.73189070236567,0.0289748762149276,0.00513478818998716,0.0641848523748395,0.0946268109297634,0.075187969924812
330273.411807,2720866.126422,0.818764889133223,0.0370166758292102,0.0205240974894631,0.0137438152831226,0.0124610591900312,0.0974894630749496
330773.411807,2720866.126422,0.782712424298036,0.04147550009176,0.0306478252890439,0.0311983850247752,0.0392732611488346,0.07469260414755
331273.411807,2720866.126422,0.737759031725656,0.048413717219879,0.0447460113698881,0.0412616908123968,0.0570328259673574,0.070786722904823
331773.411807,2720866.126422,0.940809968847352,0,0,0.00696353307678211,0.00513102437236577,0.0470954737035001
332273.411807,2720866.126422,0.608368507983116,0.0363369425582676,0.0299137456414021,0.0361534226463571,0.0277115066984768,0.26151587447238
332773.411807,2720866.126422,0.897671006785256,0.000366770584999083,0,0.000550155877498625,0.00275077938749312,0.0986612873647534
333273.411807,2720866.126422,0.850467289719626,0.000366501740883269,0,0.011544804837823,0.0130108118013561,0.124610591900312
333773.411807,2720866.126422,0.917416039640301,0,0,0.000917599559552211,0,0.0816663608001468
334273.411807,2720866.126422,0.753896937465615,0.00513478818998716,0.0170548322024574,0.0324591967724189,0.0126535851824684,0.178800660187053
334773.411807,2720866.126422,0.343595382078065,0.0205240974894631,0.0753161077515118,0.182884368700751,0.0450797141286421,0.332600329851567
335273.411807,2720866.126422,0.216737015966232,0.0489998164800881,0.0840521196549826,0.230317489447605,0.0550559735731327,0.364837584877959
335773.411807,2720866.126422,0.447276728406382,0.0258573262424354,0.0882083256922795,0.14395745461214,0.0383275261324042,0.256372638914359
336273.411807,2720866.126422,0.139820414146967,0.0555250137438153,0.17940260216236,0.342495876855415,0.0720175920835624,0.21073850100788
336773.411807,2720866.126422,0.498623600660672,0.0367039823820885,0.0434942191227748,0.0429436593870435,0.0245916681959993,0.353642870251422
337273.411807,2720866.126422,0.00568494406748579,0.0783055198973042,0.410049514028975,0.233266092059417,0.0280579497524299,0.244635980194388
326273.411807,2720366.126422,0.857614678899083,0.0137614678899083,0,0.0377981651376147,0.0255045871559633,0.0653211009174312
326773.411807,2720366.126422,0.8673637864612,0.0146762062006971,0,0.0273344340487984,0.02568336085122,0.0649422124380847
327273.411807,2720366.126422,0.935897435897436,0.000366300366300366,0,0.000549450549450549,0.000915750915750916,0.0622710622710623
327773.411807,2720366.126422,0.956697247706422,0,0,0,0,0.043302752293578
328273.411807,2720366.126422,0.702806824435883,0.0216474041460283,0.00807191341038342,0.0720968629609246,0.060906255732893,0.134470739313887
328773.411807,2720366.126422,0.737728937728938,0.0468864468864469,0.00879120879120879,0.0283882783882784,0.0476190476190476,0.130586080586081
329273.411807,2720366.126422,0.735596330275229,0.0319266055045872,0.0102752293577982,0.0588990825688073,0.0515596330275229,0.111743119266055
329773.411807,2720366.126422,0.858374610163273,0.0170610897083104,0.00091726288754357,0.0317372959090075,0.0478811227297744,0.0440286186020914
330273.411807,2720366.126422,0.921062271062271,0.00238095238095238,0,0.00421245421245421,0.00494505494505494,0.0673992673992674
330773.411807,2720366.126422,0.940366972477064,0,0.00036697247706422,0.0236697247706422,0.0148623853211009,0.0207339449541284
331273.411807,2720366.126422,0.792331682260136,0.0348559897266557,0.00935608145294441,0.0066042927903137,0.0135754907356448,0.143276463034306
331773.411807,2720366.126422,0.726373626373626,0.0695970695970696,0.0283882783882784,0.00879120879120879,0.0159340659340659,0.150915750915751
332273.411807,2720366.126422,0.892110091743119,0.00293577981651376,0,0.0126605504587156,0.0339449541284404,0.058348623853211
332773.411807,2720366.126422,0.912126215373326,0.00476976701522656,0,0.0209135938359934,0.0201797835259585,0.0420106402494955
333273.411807,2720366.126422,0.944139194139194,0,0,0,0,0.0558608058608059
333773.411807,2720366.126422,0.923302752293578,0,0,0.00018348623853211,0.00055045871559633,0.0759633027522936
334273.411807,2720366.126422,0.752705925518254,0.0537516052100532,0,0.0135754907356448,0.0271509814712897,0.152815997064759
334773.411807,2720366.126422,0.821611721611722,0.000549450549450549,0,0.000915750915750916,0.00274725274725275,0.174175824175824
335273.411807,2720366.126422,0.762385321100917,0.0018348623853211,0.00036697247706422,0.0168807339449541,0.00862385321100917,0.209908256880734
335773.411807,2720366.126422,0.221060355898,0.0412768299394606,0.212254632177582,0.37809576224546,0.0357732526141992,0.111539167125298
336273.411807,2720366.126422,0.216117216117216,0.0840659340659341,0.242124542124542,0.293406593406593,0.0421245421245421,0.122161172161172
336773.411807,2720366.126422,0.720550458715596,0.0108256880733945,0.0154128440366972,0.0291743119266055,0.013394495412844,0.210642201834862
337273.411807,2720366.126422,0.413318657127133,0.0515501742799486,0.139423958906623,0.107686662997615,0.0401761144744084,0.247844432214273
326273.411807,2719866.126422,0.963553113553114,0.00842490842490842,0,0,0,0.028021978021978
326773.411807,2719866.126422,0.942307692307692,0,0,0,0,0.0576923076923077
327273.411807,2719866.126422,0.955628896222956,0,0,0.0196186285295196,0.0117345067840117,0.013017968463513
327773.411807,2719866.126422,0.892307692307692,0.0032967032967033,0.000183150183150183,0.0335164835164835,0.0214285714285714,0.0492673992673993
328273.411807,2719866.126422,0.758241758241758,0.000732600732600733,0.000183150183150183,0.117216117216117,0.0727106227106227,0.0509157509157509
328773.411807,2719866.126422,0.920975430876421,0.00403373670700403,0,0.00715071507150715,0.0216354968830216,0.0462046204620462
329273.411807,2719866.126422,0.777289377289377,0.000915750915750916,0.00677655677655678,0.104945054945055,0.0826007326007326,0.0274725274725275
329773.411807,2719866.126422,0.862820512820513,0.00311355311355311,0.00915750915750916,0.0582417582417582,0.0432234432234432,0.0234432234432234
330273.411807,2719866.126422,0.90997433076641,0.00256692335900257,0,0.015951595159516,0.0214521452145215,0.0500550055005501
330773.411807,2719866.126422,0.860989010989011,0.00384615384615385,0.000366300366300366,0.0318681318681319,0.0470695970695971,0.0558608058608059
331273.411807,2719866.126422,0.786813186813187,0.0532967032967033,0.0100732600732601,0.00384615384615385,0.0102564102564103,0.135714285714286
331773.411807,2719866.126422,0.924825815914925,0.00495049504950495,0.0022002200220022,0.00256692335900257,0.00201686835350202,0.0634396773010634
332273.411807,2719866.126422,0.927289377289377,0.000915750915750916,0,0.0135531135531136,0.0115384615384615,0.0467032967032967
332773.411807,2719866.126422,0.896886446886447,0,0,0.00238095238095238,0.00805860805860806,0.0926739926739927
333273.411807,2719866.126422,0.853318665199853,0,0,0.00513384671800513,0.00806747341400807,0.133480014668133
333773.411807,2719866.126422,0.856227106227106,0.00384615384615385,0,0.00842490842490842,0.0166666666666667,0.114835164835165
334273.411807,2719866.126422,0.601831501831502,0.00146520146520147,0,0.00842490842490842,0.0104395604395604,0.377838827838828
334773.411807,2719866.126422,0.781078107810781,0.00678401173450678,0,0.00128346167950128,0.0022002200220022,0.208654198753209
335273.411807,2719866.126422,0.859340659340659,0.000732600732600733,0,0.00512820512820513,0.00586080586080586,0.128937728937729
335773.411807,2719866.126422,0.263003663003663,0.0371794871794872,0.145970695970696,0.25970695970696,0.0573260073260073,0.236813186813187
336273.411807,2719866.126422,0.56967363403007,0.0876420975430876,0.164649798313165,0.0878254492115878,0.037037037037037,0.0531719838650532
336773.411807,2719866.126422,0.824725274725275,0.0164835164835165,0.00347985347985348,0.054029304029304,0.0232600732600733,0.078021978021978
337273.411807,2719866.126422,0.641575091575092,0.0470695970695971,0.0183150183150183,0.0954212454212454,0.0201465201465201,0.177472527472527
337773.411807,2719866.126422,0.0170517051705171,0.00605060506050605,0.295562889622296,0.658965896589659,0.0187018701870187,0.00366703337000367
338273.411807,2719866.126422,0.124908424908425,0.0234432234432234,0.247435897435897,0.336996336996337,0.041025641025641,0.226190476190476
326273.411807,2719366.126422,0.968067535327583,0.011194714626537,0,0.0034868783262984,0.0012846393833731,0.0159662323362085
326773.411807,2719366.126422,0.951769668072621,0,0,0.0192554557124519,0.0106363469649734,0.0183385292499542
327273.411807,2719366.126422,0.955653289353124,0.00146600696353308,0,0.00293201392706615,0.00659703133589885,0.0333516584203775
327773.411807,2719366.126422,0.935033951183703,0.000367039823820885,0,0.000183519911910442,0.000734079647641769,0.0636814094329235
328273.411807,2719366.126422,0.905556574362736,0.000733541169998166,0,0.0291582615074271,0.0225563909774436,0.041995231982395
328773.411807,2719366.126422,0.784130474619754,0.000183250870441635,0.0119113065787062,0.0903426791277259,0.0868609125893348,0.026571376214037
329273.411807,2719366.126422,0.786566342448156,0.00256927876674619,0,0.103321710405579,0.0524866948063865,0.0550559735731327
329773.411807,2719366.126422,0.88391710984779,0.0022006235099945,0.000550155877498625,0.0485971025123785,0.0240234733174399,0.0407115349348982
330273.411807,2719366.126422,0.712845886017959,0.00403151914971596,0.00403151914971596,0.166575041231446,0.0868609125893348,0.0256551218618288
330773.411807,2719366.126422,0.908423563956689,0.000917599559552211,0,0.0345017434391632,0.0289961460818499,0.0271609469627455
331273.411807,2719366.126422,0.790940766550523,0.090408949202274,0.0232899321474418,0.00238400880249404,0.00806895286997983,0.0849073904272877
331773.411807,2719366.126422,0.849917537108301,0.0408649441084845,0.00586402785413231,0.0124610591900312,0.0300531427524281,0.0608392889866227
332273.411807,2719366.126422,0.827491282804184,0.00550559735731327,0.00165167920719398,0.0205542301339695,0.044411818682327,0.100385391815012
332773.411807,2719366.126422,0.842472033742894,0,0,0.00110031175499725,0.00623509994498441,0.150192554557125
333273.411807,2719366.126422,0.828843687007513,0.009529045262965,0,0.00329851566794942,0.00494777350192413,0.153380978559648
333773.411807,2719366.126422,0.908423563956689,0,0,0,0,0.0915764360433107
334273.411807,2719366.126422,0.896387309737759,0,0,0,0,0.103612690262241
334773.411807,2719366.126422,0.838922484881803,0.00146600696353308,0,0.011544804837823,0.0042147700201576,0.143851933296683
335273.411807,2719366.126422,0.841255276197467,0.000183519911910442,0,0,0,0.158561203890622
335773.411807,2719366.126422,0.397579314139006,0.0427287731523932,0.113882266642215,0.127636163579681,0.0403447643498991,0.277828718136805
336273.411807,2719366.126422,0.212937511453179,0.137071651090343,0.238592633315008,0.280923584387026,0.0302363936228697,0.100238226131574
336773.411807,2719366.126422,0.721416773719949,0.0418425399155808,0.00660671682877592,0.0159662323362085,0.0167003119838502,0.197467425215636
337273.411807,2719366.126422,0.755730790390611,0.0075187969924812,0.0157711351549606,0.0423620025673941,0.0198056115899505,0.158811663304603
337773.411807,2719366.126422,0.548653106102254,0.013560564412681,0.141836173721825,0.151181968114349,0.0382994319223016,0.10646875572659
338273.411807,2719366.126422,0.0868049183336392,0.0117452743622683,0.46485593686915,0.232886768214351,0.0291796659937603,0.174527436226831
326273.411807,2718866.126422,0.847155963302752,0.00018348623853211,0,0.0603669724770642,0.0343119266055046,0.0579816513761468
326773.411807,2718866.126422,0.910291689598239,0.00091726288754357,0,0.0346725371491469,0.0258668134287287,0.028251696936342
327273.411807,2718866.126422,0.913003663003663,0.0010989010989011,0.000732600732600733,0.021978021978022,0.0137362637362637,0.0494505494505494
327773.411807,2718866.126422,0.654862385321101,0.0104587155963303,0.0300917431192661,0.138348623853211,0.106788990825688,0.0594495412844037
328273.411807,2718866.126422,0.826820766831774,0,0.00201797835259585,0.072463768115942,0.0530177949000183,0.0456796917996698
328773.411807,2718866.126422,0.57985347985348,0.00366300366300366,0.113186813186813,0.151098901098901,0.134249084249084,0.0179487179487179
329273.411807,2718866.126422,0.663669724770642,0.0121100917431193,0.0196330275229358,0.143853211009174,0.140917431192661,0.0198165137614679
329773.411807,2718866.126422,0.883507613281967,0.00146762062006971,0.00091726288754357,0.0502660062373876,0.0361401577692167,0.0277013392038158
330273.411807,2718866.126422,0.705677655677656,0.00805860805860806,0.0117216117216117,0.127472527472527,0.111538461538462,0.0355311355311355
330773.411807,2718866.126422,0.969357798165138,0.00385321100917431,0,0.00055045871559633,0.00256880733944954,0.0236697247706422
331273.411807,2718866.126422,0.749036873968079,0.0708126949183636,0.00898917629792699,0.00440286186020914,0.00678774536782242,0.159970647587599
331773.411807,2718866.126422,0.886080586080586,0.00787545787545788,0,0.00604395604395604,0.0304029304029304,0.0695970695970696
332273.411807,2718866.126422,0.802018348623853,0.0344954128440367,0.0256880733944954,0.0484403669724771,0.0644036697247706,0.024954128440367
332773.411807,2718866.126422,0.781874885342139,0.00972298660796184,0.00642084021280499,0.0449458814896349,0.0996147495872317,0.0574206567602275
333273.411807,2718866.126422,0.933516483516484,0.0435897435897436,0,0.000915750915750916,0.00750915750915751,0.0144688644688645
333773.411807,2718866.126422,0.838899082568807,0.00073394495412844,0,0.00587155963302752,0.00605504587155963,0.148440366972477
334273.411807,2718866.126422,0.469088240689782,0.0691616217207852,0.0143093010456797,0.0214639515685195,0.00678774536782242,0.419189139607411
334773.411807,2718866.126422,0.458791208791209,0.0957875457875458,0.0111721611721612,0.104029304029304,0.0181318681318681,0.312087912087912
335273.411807,2718866.126422,0.397798165137615,0.0532110091743119,0.0203669724770642,0.0779816513761468,0.0165137614678899,0.434128440366972
335773.411807,2718866.126422,0.332232617868281,0.0845716382315172,0.0405430196294258,0.0601724454228582,0.029535864978903,0.452944413869015
336273.411807,2718866.126422,0.518498168498169,0.0157509157509158,0.0877289377289377,0.106959706959707,0.060989010989011,0.21007326007326
336773.411807,2718866.126422,0.772660550458716,0.0106422018348624,0.075045871559633,0.0192660550458716,0.0179816513761468,0.104403669724771
337273.411807,2718866.126422,0.732159236837278,0.00385250412768299,0,0.00091726288754357,0.000733810310034856,0.262337185837461
337773.411807,2718866.126422,0.784981684981685,0.00659340659340659,0.00732600732600733,0.0336996336996337,0.0148351648351648,0.152564102564103
326273.411807,2718366.126422,0.906593406593407,0.00256410256410256,0,0.0346153846153846,0.0371794871794872,0.019047619047619
326773.411807,2718366.126422,0.878571428571429,0.00531135531135531,0.000183150183150183,0.0419413919413919,0.036996336996337,0.036996336996337
327273.411807,2718366.126422,0.841034103410341,0.0022002200220022,0.00146681334800147,0.0542720938760543,0.0161349468280161,0.0848918225155849
327773.411807,2718366.126422,0.871611721611722,0.0010989010989011,0.00677655677655678,0.0417582417582418,0.0745421245421245,0.00421245421245421
328273.411807,2718366.126422,0.67985347985348,0.00421245421245421,0.0168498168498168,0.118681318681319,0.167765567765568,0.0126373626373626
328773.411807,2718366.126422,0.695269526952695,0.0088008800880088,0.0108177484415108,0.141730839750642,0.107260726072607,0.0361202786945361
329273.411807,2718366.126422,0.734249084249084,0.0181318681318681,0.0402930402930403,0.0684981684981685,0.0935897435897436,0.0452380952380952
329773.411807,2718366.126422,0.633882783882784,0.00549450549450549,0.00860805860805861,0.194139194139194,0.106776556776557,0.0510989010989011
330273.411807,2718366.126422,0.891822515584892,0.00366703337000367,0.00421708837550422,0.0405207187385405,0.0313531353135314,0.0284195086175284
330773.411807,2718366.126422,0.909340659340659,0.0106227106227106,0.00695970695970696,0.0133699633699634,0.0214285714285714,0.0382783882783883
331273.411807,2718366.126422,0.839194139194139,0.0472527472527473,0.00604395604395604,0.00586080586080586,0.0113553113553114,0.0902930402930403
331773.411807,2718366.126422,0.872020535386872,0.00788412174550788,0.00843417675100843,0.0227356068940227,0.0669233590025669,0.022002200220022
332273.411807,2718366.126422,0.69981684981685,0.00128205128205128,0.107326007326007,0.0509157509157509,0.0706959706959707,0.06996336996337
332773.411807,2718366.126422,0.845238095238095,0.0208791208791209,0,0.0382783882783883,0.032967032967033,0.0626373626373626
333273.411807,2718366.126422,0.969380271360469,0,0,0.0022002200220022,0.0113678034470114,0.0170517051705171
333773.411807,2718366.126422,0.879304029304029,0.00164835164835165,0,0.0032967032967033,0.0010989010989011,0.114652014652015
334273.411807,2718366.126422,0.61978021978022,0.0206959706959707,0.000183150183150183,0.00750915750915751,0.00402930402930403,0.347802197802198
334773.411807,2718366.126422,0.688852218555189,0.00201686835350202,0,0.0022002200220022,0.00678401173450678,0.3001466813348
335273.411807,2718366.126422,0.923992673992674,0.000366300366300366,0,0.000183150183150183,0.000732600732600733,0.0747252747252747
335773.411807,2718366.126422,0.482600732600733,0.0642857142857143,0.0494505494505494,0.0307692307692308,0.0188644688644689,0.354029304029304
336273.411807,2718366.126422,0.809314264759809,0.000733406674000733,0,0.0088008800880088,0.0234690135680235,0.157682434910158
336773.411807,2718366.126422,0.805860805860806,0.00476190476190476,0.000732600732600733,0.0183150183150183,0.0234432234432234,0.146886446886447
337273.411807,2718366.126422,0.767032967032967,0.0302197802197802,0,0.00238095238095238,0.00970695970695971,0.190659340659341
337773.411807,2718366.126422,0.761459479281261,0.00348368170150348,0.000366703337000367,0.00953428676200953,0.00898423175650898,0.216171617161716
326273.411807,2717866.126422,0.830244081482841,0.0247751881079097,0,0.0546889337493118,0.0721233253808038,0.0181684712791338
326773.411807,2717866.126422,0.86392811296534,0.00495140289748762,0,0.0473134054648817,0.0553823583348615,0.0284247203374289
327273.411807,2717866.126422,0.863111599780099,0.00329851566794942,0.00256551218618288,0.0214403518416712,0.00971229613340663,0.0998717243906908
