"x","y","forest","agri","water","built","other","grass"
162273.411807,2613366.126422,0.00293362669600293,0.0282361569490282,0.459112577924459,0.377887788778878,0.041987532086542,0.0898423175650898
162773.411807,2613366.126422,0,0.0545787545787546,0.267032967032967,0.261904761904762,0.168864468864469,0.247619047619048
163273.411807,2613366.126422,0,0.0243589743589744,0.537179487179487,0.303663003663004,0.112271062271062,0.0225274725274725
163773.411807,2613366.126422,0.00146681334800147,0.251008434176751,0.0938760542720939,0.224789145581225,0.144847818115145,0.284011734506784
164273.411807,2613366.126422,0.0844322344322344,0.123626373626374,0.00274725274725275,0.268498168498168,0.191758241758242,0.328937728937729
164773.411807,2613366.126422,0.106410256410256,0.102564102564103,0,0.285531135531136,0.154761904761905,0.350732600732601
165273.411807,2613366.126422,0.0944261092775944,0.280711404473781,0,0.0276861019435277,0.0876420975430876,0.50953428676201
165773.411807,2613366.126422,0.0401098901098901,0.213919413919414,0,0.145238095238095,0.110805860805861,0.48992673992674
166273.411807,2613366.126422,0.0463369963369963,0.367765567765568,0.00366300366300366,0.0714285714285714,0.132234432234432,0.378571428571429
166773.411807,2613366.126422,0.046021268793546,0.287862119545288,0,0.124862486248625,0.139163916391639,0.402090209020902
167273.411807,2613366.126422,0.0527472527472527,0.308791208791209,0,0.108608058608059,0.134249084249084,0.395604395604396
167773.411807,2613366.126422,0.0847985347985348,0.216483516483516,0,0.0606227106227106,0.0941391941391941,0.543956043956044
168273.411807,2613366.126422,0.0773744041070774,0.325265859919325,0,0.0630729739640631,0.0942427576090942,0.44004400440044
168773.411807,2613366.126422,0.0261904761904762,0.514468864468864,0,0.00366300366300366,0.0283882783882784,0.427289377289377
169273.411807,2613366.126422,0.0298534798534799,0.56959706959707,0,0.0269230769230769,0.0652014652014652,0.308424908424908
169773.411807,2613366.126422,0.0249358269160249,0.0355702236890356,0,0.00751741840850752,0.0302530253025303,0.901723505683902
170273.411807,2613366.126422,0.023992673992674,0.216483516483516,0,0.0139194139194139,0.0195970695970696,0.726007326007326
170773.411807,2613366.126422,0.0111721611721612,0.503113553113553,0,0.00915750915750916,0.0496336996336996,0.426923076923077
171273.411807,2613366.126422,0.11037770443711,0.254492115878254,0,0.155482214888155,0.119178584525119,0.36046938027136
171773.411807,2613366.126422,0.0117216117216117,0.601465201465201,0,0.0366300366300366,0.0827838827838828,0.267399267399267
172273.411807,2613366.126422,0.0327838827838828,0.362087912087912,0,0.0210622710622711,0.0769230769230769,0.507142857142857
172773.411807,2613366.126422,0.0606894022735607,0.517235056839017,0,0.0331866519985332,0.0522552255225523,0.336633663366337
173273.411807,2613366.126422,0.220331491712707,0.139668508287293,0,0.0941436464088398,0.132154696132597,0.413701657458564
162273.411807,2612866.126422,0.00824628916987356,0.101887483965549,0.298698918819864,0.284222100054975,0.0450797141286421,0.261865493861096
162773.411807,2612866.126422,0.000734079647641769,0.0209212699577904,0.418425399155808,0.389796292897779,0.0433106992108644,0.126812259130116
163273.411807,2612866.126422,0,0.0509811113148725,0.663671373555841,0.205391527599487,0.0273244085824317,0.0526315789473684
163773.411807,2612866.126422,0.00549752611324904,0.0833791460509437,0.0689023272860546,0.42037749679311,0.223566061938794,0.198277441817849
164273.411807,2612866.126422,0.0618462103138191,0.0376215819416407,0.0012846393833731,0.462470178014315,0.187190310148651,0.249587080198201
164773.411807,2612866.126422,0.0324591967724189,0.0198056115899505,0.000916926462497708,0.73207408765817,0.134604804694663,0.0801393728222996
165273.411807,2612866.126422,0.040131940626718,0.0848451530144768,0.00366501740883269,0.218068535825545,0.187465640461792,0.465823712662635
165773.411807,2612866.126422,0.0275279867865663,0.345384474215452,0.00752431638832813,0.0697375665259681,0.0778124426500275,0.472013213433658
166273.411807,2612866.126422,0.0614340729873464,0.294883550339263,0,0.191087474784522,0.137538969374656,0.315055932514212
166773.411807,2612866.126422,0.0419644493311343,0.438519332966832,0,0.0608392889866227,0.0595565328935312,0.39912039582188
167273.411807,2612866.126422,0.0574417324279684,0.261882914296201,0,0.0196366305744173,0.11194714626537,0.549091576436043
167773.411807,2612866.126422,0.0638180817898405,0.119200440124702,0.0181551439574546,0.218228498074454,0.184852374839538,0.395745461214011
168273.411807,2612866.126422,0.0335349092908191,0.371632765255635,0,0.0602895363752978,0.111050027487631,0.423492761590618
168773.411807,2612866.126422,0.0306478252890439,0.598274912828042,0,0.0234905487245366,0.047715177096715,0.299871536061663
169273.411807,2612866.126422,0.0592334494773519,0.306620209059233,0,0.175499724922061,0.146524848707134,0.31212176783422
169773.411807,2612866.126422,0.0183250870441635,0.345794392523364,0.000916254352208173,0.0586402785413231,0.0743998533993036,0.501924134139637
170273.411807,2612866.126422,0.02073775004588,0.189392549091576,0,0.0715727656450725,0.119471462653698,0.598825472563773
170773.411807,2612866.126422,0.0214560792224464,0.529800110031176,0,0.0377773702549056,0.092792958004768,0.318173482486705
171273.411807,2612866.126422,0.0560747663551402,0.436686824262415,0,0.0465457210921752,0.0447132123877588,0.415979475902511
171773.411807,2612866.126422,0.0178014314553129,0.324096164433841,0,0.0662506881996697,0.113598825472564,0.478252890438613
172273.411807,2612866.126422,0.101228681459747,0.205758298184486,0,0.111314872547222,0.152759948652118,0.428938199156428
172773.411807,2612866.126422,0.118563313175738,0.403518416712479,0,0.0117280557082646,0.0864944108484515,0.379695803555067
173273.411807,2612866.126422,0.128318584070796,0.366371681415929,0,0.00575221238938053,0.0356194690265487,0.463938053097345
162773.411807,2612366.126422,0,0.0198165137614679,0.781100917431193,0.144587155963303,0.0104587155963303,0.0440366972477064
163273.411807,2612366.126422,0,0.00165107319757843,0.831773986424509,0.163089341405247,0.00348559897266557,0
163773.411807,2612366.126422,0,0.0371794871794872,0.307692307692308,0.524175824175824,0.121611721611722,0.00934065934065934
164273.411807,2612366.126422,0.035045871559633,0.0477064220183486,0.0339449541284404,0.508256880733945,0.29743119266055,0.0776146788990826
164773.411807,2612366.126422,0.0346725371491469,0.0667767382131719,0.0682443588332416,0.367455512749954,0.274078150798019,0.188772702256467
165273.411807,2612366.126422,0.058974358974359,0.0631868131868132,0.0161172161172161,0.14981684981685,0.201282051282051,0.510622710622711
165773.411807,2612366.126422,0.0253211009174312,0.235963302752294,0.00715596330275229,0.29743119266055,0.156697247706422,0.27743119266055
166273.411807,2612366.126422,0.0482480278847918,0.313703907539901,0.000366905155017428,0.075032104201064,0.0643918547055586,0.498257200513667
166773.411807,2612366.126422,0.0353479853479853,0.362087912087912,0.00164835164835165,0.0617216117216117,0.0695970695970696,0.46959706959707
167273.411807,2612366.126422,0.0229357798165138,0.244403669724771,0.00036697247706422,0.117981651376147,0.131376146788991,0.482935779816514
167773.411807,2612366.126422,0.0168776371308017,0.337736195193542,0,0.124013942395891,0.139974316639149,0.381397908640616
168273.411807,2612366.126422,0.0747252747252747,0.293956043956044,0,0.0611721611721612,0.0847985347985348,0.485347985347985
168773.411807,2612366.126422,0.0227522935779817,0.58605504587156,0,0.0119266055045872,0.015045871559633,0.364220183486239
169273.411807,2612366.126422,0.00953953403045313,0.398642450926436,0,0.0310034855989727,0.0519170794349661,0.508897450009173
169773.411807,2612366.126422,0.0340659340659341,0.247252747252747,0,0.071978021978022,0.0631868131868132,0.583516483516484
170273.411807,2612366.126422,0.0528440366972477,0.284403669724771,0,0.213761467889908,0.116697247706422,0.332293577981651
170773.411807,2612366.126422,0.0388919464318474,0.450009172628875,0,0.0900752155567786,0.0845716382315172,0.336452027150981
171273.411807,2612366.126422,0.0617216117216117,0.438461538461538,0,0.0747252747252747,0.0653846153846154,0.35970695970696
171773.411807,2612366.126422,0.0677064220183486,0.307706422018349,0,0.0625688073394495,0.06,0.502018348623853
172273.411807,2612366.126422,0.101999633094845,0.365804439552376,0.001284168042561,0.0911759310218309,0.0988809392771968,0.340854889011191
172773.411807,2612366.126422,0.0536630036630037,0.478754578754579,0,0.0212454212454212,0.0602564102564103,0.386080586080586
173273.411807,2612366.126422,0.0139349701393497,0.629064366290644,0,0.0006635700066357,0.0311877903118779,0.325149303251493
162773.411807,2611866.126422,0,0.0241758241758242,0.844688644688645,0.127838827838828,0.00256410256410256,0.000732600732600733
163273.411807,2611866.126422,0,0,0.932967032967033,0.0668498168498168,0.000183150183150183,0
163773.411807,2611866.126422,0,0.0154015401540154,0.774110744407774,0.191052438577191,0.0185185185185185,0.000916758342500917
164273.411807,2611866.126422,0,0.00366300366300366,0.55989010989011,0.403663003663004,0.0294871794871795,0.0032967032967033
164773.411807,2611866.126422,0.00256410256410256,0.0289377289377289,0.296153846153846,0.384615384615385,0.233516483516484,0.0542124542124542
165273.411807,2611866.126422,0.0286028602860286,0.0683901723505684,0.314081408140814,0.302346901356802,0.159149248258159,0.127429409607627
165773.411807,2611866.126422,0.0120879120879121,0.136813186813187,0.145054945054945,0.297252747252747,0.181501831501831,0.227289377289377
166273.411807,2611866.126422,0.0558608058608059,0.308974358974359,0,0.00347985347985348,0.0327838827838828,0.598901098901099
166773.411807,2611866.126422,0.035020168683535,0.27997799779978,0.00128346167950128,0.154382104877154,0.0973597359735974,0.431976530986432
167273.411807,2611866.126422,0.080952380952381,0.192307692307692,0.000549450549450549,0.165567765567766,0.15,0.410622710622711
167773.411807,2611866.126422,0.0102564102564103,0.302930402930403,0.0137362637362637,0.205311355311355,0.143956043956044,0.323809523809524
168273.411807,2611866.126422,0.0506050605060506,0.186468646864686,0.0170517051705171,0.186835350201687,0.0562889622295563,0.502750275027503
168773.411807,2611866.126422,0.032967032967033,0.436996336996337,0,0.032967032967033,0.01996336996337,0.477106227106227
169273.411807,2611866.126422,0.00934065934065934,0.495054945054945,0,0.0435897435897436,0.0483516483516484,0.403663003663004
169773.411807,2611866.126422,0.00696736340300697,0.336633663366337,0,0.0273193986065273,0.0902090209020902,0.538870553722039
170273.411807,2611866.126422,0.0595238095238095,0.292857142857143,0,0.162637362637363,0.161721611721612,0.323260073260073
170773.411807,2611866.126422,0.00659340659340659,0.541575091575092,0,0.00567765567765568,0.0628205128205128,0.383333333333333
171273.411807,2611866.126422,0.0647231389805647,0.374037403740374,0.011001100110011,0.116978364503117,0.0755408874220755,0.357719105243858
171773.411807,2611866.126422,0.0694139194139194,0.513003663003663,0.0335164835164835,0.106227106227106,0.0727106227106227,0.205128205128205
172273.411807,2611866.126422,0.107509157509158,0.228754578754579,0,0.212820512820513,0.134615384615385,0.316300366300366
172773.411807,2611866.126422,0.0933259992665933,0.628162816281628,0,0.0298863219655299,0.0324532453245325,0.216171617161716
173273.411807,2611866.126422,0.00950276243093923,0.795801104972376,0,0.000662983425414365,0.018121546961326,0.175911602209945
162773.411807,2611366.126422,0,0.00495503762158194,0.820150486327767,0.172325197283905,0.00256927876674619,0
163273.411807,2611366.126422,0,0.00550155877498625,0.886667889235283,0.103796075554741,0.00403447643498991,0
163773.411807,2611366.126422,0,0.00586402785413231,0.804654572109218,0.179769103903244,0.00861279091075683,0.00109950522264981
164273.411807,2611366.126422,0.00715727656450725,0.0126628739218205,0.67204991741604,0.265186272710589,0.0334006239677005,0.009543035419343
164773.411807,2611366.126422,0,0.00476801760498808,0.381441408399046,0.369154593801577,0.125068769484687,0.119567210709701
165273.411807,2611366.126422,0.00769653655854865,0.081729888216969,0.194978926149899,0.428440535092542,0.177020340846619,0.110133773135422
165773.411807,2611366.126422,0.00917599559552211,0.129381537896862,0,0.123325380803817,0.230501009359516,0.507616076344283
166273.411807,2611366.126422,0.0198056115899505,0.326242435356684,0.00110031175499725,0.132220795892169,0.128369704749679,0.392261140656519
166773.411807,2611366.126422,0.0284038849184534,0.383177570093458,0.00219901044529962,0.0641378046545721,0.102437236576874,0.419644493311343
167273.411807,2611366.126422,0.0497338961277299,0.193062947329785,0.000183519911910442,0.108460267939071,0.138557533492384,0.510001835199119
167773.411807,2611366.126422,0.01998899688245,0.0229231615624427,0.004401247019989,0.280946268109298,0.122868145974693,0.548872180451128
168273.411807,2611366.126422,0.17372182517867,0.0855781564962434,0,0.0800806303829943,0.0533260032985157,0.607293384643577
168773.411807,2611366.126422,0.144980730409249,0.485043127179299,0.000367039823820885,0.0517526151587447,0.0596439713708937,0.258212516057992
169273.411807,2611366.126422,0.0298918026774253,0.0889418668622776,0,0.230515312671924,0.191087474784522,0.459563543003851
169773.411807,2611366.126422,0.0731170973062122,0.509803921568627,0,0.0240058640278541,0.0637713029136888,0.329301814183617
170273.411807,2611366.126422,0.0159662323362085,0.517342631675537,0,0.0508350155991925,0.0686364470545054,0.347219673334557
170773.411807,2611366.126422,0.0102695763799743,0.493489822116266,0.0269576379974326,0.0452961672473868,0.0627177700348432,0.361269026224097
171273.411807,2611366.126422,0.00494777350192413,0.571925966648342,0.0221733553234378,0.0536925050393989,0.0632215503023639,0.284038849184534
171773.411807,2611366.126422,0.0666177280234905,0.398788768581391,0,0.0847861993026243,0.105707469260415,0.344099834832079
172273.411807,2611366.126422,0.0614340729873464,0.181184668989547,0,0.326609205941683,0.157344580964607,0.273427471116816
172773.411807,2611366.126422,0.126443100604728,0.286421110500275,0,0.114165292285138,0.148799706798607,0.324170789811252
173273.411807,2611366.126422,0.0201327433628319,0.785840707964602,0,0.00132743362831858,0.0123893805309735,0.180309734513274
162773.411807,2610866.126422,0,0.00110091743119266,0.791009174311927,0.20605504587156,0.0018348623853211,0
163273.411807,2610866.126422,0.00091726288754357,0.00348559897266557,0.867730691616217,0.119977985690699,0.00220143093010457,0.00568702990277013
163773.411807,2610866.126422,0,0.0152014652014652,0.774908424908425,0.122710622710623,0.0626373626373626,0.0245421245421245
164273.411807,2610866.126422,0.00403669724770642,0.0225688073394495,0.406788990825688,0.360550458715596,0.162752293577982,0.043302752293578
164773.411807,2610866.126422,0.0354063474591818,0.0458631443771785,0.024399192808659,0.320491652907723,0.377728857090442,0.196110805356815
165273.411807,2610866.126422,0.00146520146520147,0.153113553113553,0.0826007326007326,0.353846153846154,0.297435897435897,0.111538461538462
165773.411807,2610866.126422,0.018348623853211,0.0289908256880734,0.00990825688073394,0.415229357798165,0.268807339449541,0.258715596330275
166273.411807,2610866.126422,0.0203632361034673,0.297560080719134,0.00587048248027885,0.252247294074482,0.132452760961291,0.291506145661347
166773.411807,2610866.126422,0.0115384615384615,0.544139194139194,0,0.00897435897435897,0.0126373626373626,0.422710622710623
167273.411807,2610866.126422,0.0888073394495413,0.0977981651376147,0.00055045871559633,0.187339449541284,0.16697247706422,0.458532110091743
167773.411807,2610866.126422,0.0203632361034673,0.0607228031553843,0.000183452577508714,0.457347275729224,0.251513483764447,0.209869748669969
168273.411807,2610866.126422,0.0624542124542125,0.254761904761905,0,0.0413919413919414,0.0749084249084249,0.566483516483516
168773.411807,2610866.126422,0.279266055045872,0.0801834862385321,0,0.00110091743119266,0.0484403669724771,0.591009174311927
169273.411807,2610866.126422,0.020546688680976,0.0521005320124748,0,0.265088974500092,0.150064208402128,0.512199596404329
169773.411807,2610866.126422,0.0205128205128205,0.154945054945055,0,0,0.00476190476190476,0.81978021978022
170273.411807,2610866.126422,0.0455045871559633,0.475779816513761,0.0645871559633028,0.0794495412844037,0.0429357798165138,0.291743119266055
170773.411807,2610866.126422,0.0409099247844432,0.725371491469455,0,0.00532012474775271,0.0172445422858191,0.21115391671253
171273.411807,2610866.126422,0.0184981684981685,0.542673992673993,0,0.00915750915750916,0.0619047619047619,0.367765567765568
171773.411807,2610866.126422,0.0577981651376147,0.568990825688073,0,0.0126605504587156,0.0502752293577982,0.310275229357798
172273.411807,2610866.126422,0.0541185103650706,0.38800220143093,0,0.0761328196661163,0.0849385433865346,0.396807925151348
172773.411807,2610866.126422,0.0815018315018315,0.385347985347985,0.0141025641025641,0.0807692307692308,0.0763736263736264,0.361904761904762
173273.411807,2610866.126422,0.024330900243309,0.720415837204158,0,0.0648086706480867,0.0296394602963946,0.160805131608051
162773.411807,2610366.126422,0.00146520146520147,0.00641025641025641,0.772527472527473,0.213736263736264,0.00586080586080586,0
163273.411807,2610366.126422,0,0.00256410256410256,0.811355311355311,0.180952380952381,0.00476190476190476,0.000366300366300366
163773.411807,2610366.126422,0,0.0482214888155482,0.667950128346168,0.236890355702237,0.0361202786945361,0.0108177484415108
164273.411807,2610366.126422,0.00146520146520147,0.0139194139194139,0.706776556776557,0.21025641025641,0.0423076923076923,0.0252747252747253
164773.411807,2610366.126422,0.034981684981685,0.0487179487179487,0.0287545787545788,0.31959706959707,0.134798534798535,0.433150183150183
165273.411807,2610366.126422,0.00495049504950495,0.0711404473780711,0.147048038137147,0.603226989365603,0.151265126512651,0.0223689035570224
165773.411807,2610366.126422,0.00183150183150183,0.0227106227106227,0.192307692307692,0.648168498168498,0.102747252747253,0.0322344322344322
166273.411807,2610366.126422,0.0274725274725275,0.114102564102564,0.000732600732600733,0.192124542124542,0.206227106227106,0.459340659340659
166773.411807,2610366.126422,0.0267693436010268,0.357352401906857,0,0.0320865419875321,0.037953795379538,0.545837917125046
167273.411807,2610366.126422,0.0371794871794872,0.0657509157509158,0,0.216666666666667,0.170695970695971,0.50970695970696
167773.411807,2610366.126422,0.017032967032967,0.136813186813187,0,0.2503663003663,0.16959706959707,0.426190476190476
168273.411807,2610366.126422,0.0194352768610194,0.0799413274660799,0,0.0682068206820682,0.0832416574990832,0.749174917491749
168773.411807,2610366.126422,0.245421245421245,0.119230769230769,0,0.0243589743589744,0.0613553113553114,0.5496336996337
169273.411807,2610366.126422,0.0274725274725275,0.369230769230769,0,0.00128205128205128,0.0732600732600733,0.528754578754579
169773.411807,2610366.126422,0.0267693436010268,0.332416574990832,0,0.00953428676200953,0.0656398973230656,0.565639897323066
170273.411807,2610366.126422,0.0256410256410256,0.634065934065934,0.041025641025641,0.0135531135531136,0.0358974358974359,0.24981684981685
170773.411807,2610366.126422,0.039010989010989,0.572344322344322,0.0010989010989011,0.136263736263736,0.0945054945054945,0.156776556776557
171273.411807,2610366.126422,0.0212687935460213,0.623945727906124,0,0.0962596259625963,0.048038137147048,0.21048771543821
171773.411807,2610366.126422,0.0771062271062271,0.744505494505495,0,0.00164835164835165,0.015018315018315,0.161721611721612
172273.411807,2610366.126422,0.0322344322344322,0.505494505494505,0.00183150183150183,0.0468864468864469,0.0415750915750916,0.371978021978022
172773.411807,2610366.126422,0.0225522552255226,0.551888522185552,0,0.017968463513018,0.0209020902090209,0.386688668866887
173273.411807,2610366.126422,0.0316022099447514,0.786298342541436,0,0.0353591160220995,0.027182320441989,0.119558011049724
162773.411807,2609866.126422,0,0.00330335841438796,0.811892090291797,0.184804551293815,0,0
163273.411807,2609866.126422,0.000183385292499542,0.00403447643498991,0.898404547955254,0.0957271226847607,0.000916926462497708,0.000733541169998166
163773.411807,2609866.126422,0,0.021073850100788,0.610225398570643,0.320505772402419,0.0317024005864028,0.0164925783397471
164273.411807,2609866.126422,0.00587263718113415,0.0284455863461186,0.64305377133419,0.112314186089191,0.0594604514589833,0.150853367590384
164773.411807,2609866.126422,0.00623509994498441,0.0757381258023107,0.385109114249037,0.375022923161562,0.0540986612873648,0.103796075554741
165273.411807,2609866.126422,0.00861279091075683,0.0784313725490196,0.204507971412864,0.287703866593366,0.112882536192047,0.307861462341946
165773.411807,2609866.126422,0.0231235089007157,0.0930445953385942,0.0227564690768948,0.192512387594054,0.199669664158561,0.46889337493118
166273.411807,2609866.126422,0.0715202640748212,0.149459013387126,0,0.125252154777187,0.114432422519714,0.539336145241152
166773.411807,2609866.126422,0.0564412680960235,0.193879420927249,0,0.0469122228330585,0.0692688290269379,0.633498259116731
167273.411807,2609866.126422,0.0337676637915214,0.0897412369242063,0,0.112864745824922,0.0913929161314003,0.67223343732795
167773.411807,2609866.126422,0.0209059233449477,0.0638180817898405,0.00366770584999083,0.033192737942417,0.140839904639648,0.737575646433156
168273.411807,2609866.126422,0.0216236027121129,0.383910573575224,0,0.120579072750596,0.0500274876305662,0.423859263331501
168773.411807,2609866.126422,0.00165167920719398,0.29895393650211,0,0.0512020554230134,0.12461002018719,0.523582308680492
169273.411807,2609866.126422,0.0342930496974143,0.108930863744728,0,0.0366770584999083,0.142857142857143,0.677241885200807
169773.411807,2609866.126422,0.105919003115265,0.253619204691222,0.0599230346344145,0.0183250870441635,0.0533260032985157,0.508887667216419
170273.411807,2609866.126422,0.015782712424298,0.735547806937053,0,0.108093228115251,0.0218388695173426,0.118737383006056
170773.411807,2609866.126422,0.0106363469649734,0.7199706583532,0.0022006235099945,0.0801393728222996,0.0251237850724372,0.161929213277095
171273.411807,2609866.126422,0.0196078431372549,0.733003481766538,0,0.00513102437236577,0.0328019058090526,0.209455744914788
171773.411807,2609866.126422,0.0405579005322077,0.510001835199119,0,0.1036887502294,0.0715727656450725,0.274178748394201
172273.411807,2609866.126422,0.0311754997249221,0.673757564643316,0.000733541169998166,0.113698881349716,0.0682193288098294,0.112415184302219
172773.411807,2609866.126422,0.0397654388858347,0.794392523364486,0,0.0128275609309144,0.0240058640278541,0.129008612790911
173273.411807,2609866.126422,0.0194690265486726,0.740486725663717,0,0.0188053097345133,0.0289823008849558,0.192256637168142
162773.411807,2609366.126422,0,0.0106422018348624,0.714495412844037,0.271559633027523,0.00330275229357798,0
163273.411807,2609366.126422,0,0.0185287103283801,0.761328196661163,0.187121629058888,0.023115024766098,0.00990643918547056
163773.411807,2609366.126422,0,0.00860805860805861,0.742124542124542,0.230769230769231,0.0183150183150183,0.000183150183150183
164273.411807,2609366.126422,0.00165137614678899,0.0546788990825688,0.578899082568807,0.209174311926606,0.0680733944954128,0.0875229357798165
164773.411807,2609366.126422,0.00183452577508714,0.0201797835259585,0.372775637497707,0.440286186020914,0.0985140341221794,0.0664098330581545
165273.411807,2609366.126422,0.00201465201465201,0.0331501831501832,0.30970695970696,0.373809523809524,0.163186813186813,0.118131868131868
165773.411807,2609366.126422,0.0124770642201835,0.375229357798165,0,0.0363302752293578,0.0891743119266055,0.486788990825688
166273.411807,2609366.126422,0.0834709227664649,0.0779673454412034,0,0.255916345624656,0.140708126949184,0.441937259218492
166773.411807,2609366.126422,0.0604395604395604,0.0302197802197802,0,0.486996336996337,0.24010989010989,0.182234432234432
167273.411807,2609366.126422,0.0669724770642202,0.136146788990826,0.00018348623853211,0.0724770642201835,0.0559633027522936,0.668256880733945
167773.411807,2609366.126422,0.0199963309484498,0.0950284351495139,0,0.00990643918547056,0.0730141258484682,0.802054668868098
168273.411807,2609366.126422,0.034981684981685,0.117765567765568,0.00274725274725275,0.237728937728938,0.16978021978022,0.436996336996337
168773.411807,2609366.126422,0.0403669724770642,0.31302752293578,0,0.0627522935779816,0.10605504587156,0.477798165137615
169273.411807,2609366.126422,0.110438451660246,0.513850669601908,0,0.0201797835259585,0.0412768299394606,0.314254265272427
169773.411807,2609366.126422,0.0311355311355311,0.201648351648352,0.0509157509157509,0.0717948717948718,0.0635531135531135,0.580952380952381
170273.411807,2609366.126422,0.0486238532110092,0.660366972477064,0,0.00220183486238532,0.0264220183486239,0.262385321100917
170773.411807,2609366.126422,0.0139423958906623,0.578425976884975,0,0.0498991010823702,0.0513667217024399,0.306365804439552
171273.411807,2609366.126422,0.045970695970696,0.457326007326007,0,0.114285714285714,0.11959706959707,0.262820512820513
171773.411807,2609366.126422,0.0475229357798165,0.435412844036697,0,0.168440366972477,0.116330275229358,0.232293577981651
172273.411807,2609366.126422,0.0458631443771785,0.408915795266924,0,0.240506329113924,0.0851219959640433,0.219592735277931
172773.411807,2609366.126422,0.0402930402930403,0.876556776556777,0,0.00659340659340659,0.0152014652014652,0.0613553113553114
173273.411807,2609366.126422,0.0077416500774165,0.843839858438399,0,0.0278699402786994,0.0210130502101305,0.099535500995355
162773.411807,2608866.126422,0,0.0124542124542125,0.706410256410256,0.265201465201465,0.0135531135531136,0.00238095238095238
163273.411807,2608866.126422,0,0.0205128205128205,0.782783882783883,0.176923076923077,0.0137362637362637,0.00604395604395604
163773.411807,2608866.126422,0,0.0515218188485515,0.506417308397506,0.327099376604327,0.0674734140080675,0.0474880821415475
164273.411807,2608866.126422,0.00549450549450549,0.0738095238095238,0.535347985347985,0.266666666666667,0.0661172161172161,0.0525641025641026
164773.411807,2608866.126422,0.00146520146520147,0.05,0.4003663003663,0.396703296703297,0.121978021978022,0.0294871794871795
165273.411807,2608866.126422,0.00476714338100477,0.0559222588925559,0.173634030069674,0.567106710671067,0.142464246424642,0.0561056105610561
165773.411807,2608866.126422,0.00347985347985348,0.201648351648352,0.0243589743589744,0.215384615384615,0.23040293040293,0.324725274725275
166273.411807,2608866.126422,0.0161172161172161,0.0970695970695971,0.0282051282051282,0.170879120879121,0.143589743589744,0.544139194139194
166773.411807,2608866.126422,0.0207187385405207,0.136046938027136,0.000366703337000367,0.145214521452145,0.0889255592225889,0.608727539420609
167273.411807,2608866.126422,0.0245421245421245,0.424908424908425,0.00183150183150183,0.0847985347985348,0.0428571428571429,0.421062271062271
167773.411807,2608866.126422,0.01996336996337,0.243956043956044,0,0.0617216117216117,0.0994505494505494,0.574908424908425
168273.411807,2608866.126422,0.00971763843050972,0.256692335900257,0.0121012101210121,0.0687568756875688,0.112394572790612,0.54033736707004
168773.411807,2608866.126422,0.00934065934065934,0.224175824175824,0.0318681318681319,0.0990842490842491,0.0978021978021978,0.537728937728938
169273.411807,2608866.126422,0.0267399267399267,0.0373626373626374,0.0397435897435897,0.145604395604396,0.113919413919414,0.636630036630037
169773.411807,2608866.126422,0.0256692335900257,0.277594426109278,0.0526219288595526,0.146681334800147,0.0922258892555922,0.405207187385405
170273.411807,2608866.126422,0.0186813186813187,0.533699633699634,0,0.0192307692307692,0.0558608058608059,0.372527472527473
170773.411807,2608866.126422,0.0373626373626374,0.764102564102564,0,0.0489010989010989,0.0230769230769231,0.126556776556777
171273.411807,2608866.126422,0.0183351668500183,0.561972863953062,0.00256692335900257,0.0632563256325633,0.0815914924825816,0.272277227722772
171773.411807,2608866.126422,0.0487179487179487,0.56978021978022,0,0.136080586080586,0.0957875457875458,0.1496336996337
172273.411807,2608866.126422,0.034981684981685,0.766117216117216,0,0.0272893772893773,0.0344322344322344,0.137179487179487
172773.411807,2608866.126422,0.030986431976531,0.751191785845251,0,0.0088008800880088,0.0282361569490282,0.180784745141181
173273.411807,2608866.126422,0.0391160220994475,0.638895027624309,0,0.118011049723757,0.0923756906077348,0.111602209944751
161273.411807,2608366.126422,0,0,0.99981648008809,0.000183519911910442,0,0
162773.411807,2608366.126422,0.00403743806202973,0.0126628739218205,0.711139658652964,0.212883097816113,0.0497338961277299,0.009543035419343
163273.411807,2608366.126422,0.00201723821749496,0.0141206675224647,0.405281496423987,0.530533651201174,0.0399779937649001,0.00806895286997983
163773.411807,2608366.126422,0.000733003481766538,0.078248121678578,0.27689206523731,0.411031702400586,0.0892431739050761,0.143851933296683
164273.411807,2608366.126422,0.00367039823820885,0.0992842723435493,0.409065883648376,0.297669297118737,0.102587630757937,0.0877225178931914
164773.411807,2608366.126422,0,0.0559325142123602,0.353750229231616,0.430221896203924,0.0568494406748579,0.103245919677242
165273.411807,2608366.126422,0.000366501740883269,0.0650540590067803,0.191863661352391,0.398387392340114,0.259299981674913,0.0850284038849184
165773.411807,2608366.126422,0.0154156726004772,0.212149018168471,0,0.0879060378051019,0.0930445953385942,0.591484676087355
166273.411807,2608366.126422,0.0289748762149276,0.0515312671923712,0.00605171465248487,0.169264624977077,0.131120484137172,0.613057032825967
166773.411807,2608366.126422,0.0161260765988638,0.18270111783031,0.0104452996151732,0.187282389591351,0.155763239875389,0.447681876488913
167273.411807,2608366.126422,0.0422095797394017,0.0578087722517893,0.000183519911910442,0.318957606900349,0.190493668563039,0.390346852633511
167773.411807,2608366.126422,0.0168714469099578,0.0726205758298184,0.0245736291949386,0.28388043278929,0.196772418852008,0.405281496423987
168273.411807,2608366.126422,0.0137438152831226,0.201575957485798,0.118746564046179,0.270478284771853,0.160527762506872,0.234927615906176
168773.411807,2608366.126422,0.0258763075793724,0.478436410350523,0,0.02073775004588,0.0372545421178198,0.437694989906405
169273.411807,2608366.126422,0.0289748762149276,0.384375573079039,0.00568494406748579,0.0735375022923162,0.0502475701448744,0.457179534201357
169773.411807,2608366.126422,0.0120945574491479,0.466739967014843,0,0.0117280557082646,0.0410481949789262,0.468389224848818
170273.411807,2608366.126422,0.011194714626537,0.490548724536612,0,0.0376215819416407,0.0361534226463571,0.424481556248853
170773.411807,2608366.126422,0.0460297084173849,0.437190537318907,0,0.0792224463598019,0.126719237117183,0.310838070786723
171273.411807,2608366.126422,0.0549752611324904,0.482682792743266,0,0.0377496793109767,0.0819131390874107,0.342679127725857
171773.411807,2608366.126422,0.039823820884566,0.633694255826757,0,0.0102771150669848,0.0220223894292531,0.294182418792439
172273.411807,2608366.126422,0.088391710984779,0.642765450210893,0,0.0247570144874381,0.0436456996148909,0.200440124701999
172773.411807,2608366.126422,0.0599230346344145,0.585853032801906,0,0.0903426791277259,0.0813633864760858,0.182517866959868
173273.411807,2608366.126422,0.0811946902654867,0.590265486725664,0,0.0800884955752212,0.0707964601769911,0.177654867256637
161273.411807,2607866.126422,0,0,0.759266055045872,0.240733944954128,0,0
162773.411807,2607866.126422,0.00055045871559633,0.0159633027522936,0.704954128440367,0.24697247706422,0.0258715596330275,0.00568807339449541
163273.411807,2607866.126422,0.000366905155017428,0.0100898917629793,0.510365070629242,0.465235736562099,0.011557512383049,0.00238488350761328
163773.411807,2607866.126422,0.00879120879120879,0.052014652014652,0.247802197802198,0.363369963369963,0.0877289377289377,0.24029304029304
164273.411807,2607866.126422,0,0.0423853211009174,0.564954128440367,0.338715596330275,0.0444036697247706,0.00954128440366972
164773.411807,2607866.126422,0.00275178866263071,0.0590717299578059,0.368189323059989,0.375894331315355,0.10988809392772,0.0842047330764997
165273.411807,2607866.126422,0.000366300366300366,0.0646520146520147,0.0346153846153846,0.404212454212454,0.331501831501831,0.164652014652015
165773.411807,2607866.126422,0.0106422018348624,0.0445871559633028,0.00055045871559633,0.379449541284404,0.16,0.404770642201835
166273.411807,2607866.126422,0.020546688680976,0.0500825536598789,0.0396257567418822,0.398092093193909,0.17409649605577,0.317556411667584
166773.411807,2607866.126422,0.0161172161172161,0.180586080586081,0.1503663003663,0.159157509157509,0.173626373626374,0.32014652014652
167273.411807,2607866.126422,0.024954128440367,0.201467889908257,0.114862385321101,0.116697247706422,0.0946788990825688,0.447339449541284
167773.411807,2607866.126422,0.0465969546872134,0.250229315721886,0.0614566134654192,0.174463401210787,0.14547789396441,0.321775820950284
168273.411807,2607866.126422,0.0135531135531136,0.644688644688645,0,0.00347985347985348,0.03003663003663,0.308241758241758
168773.411807,2607866.126422,0.0262385321100917,0.673211009174312,0,0.00165137614678899,0.0188990825688073,0.28
169273.411807,2607866.126422,0.0390753990093561,0.378462667400477,0.0119244175380664,0.0665932856356632,0.0781507980187122,0.425793432397725
169773.411807,2607866.126422,0.026007326007326,0.396336996336996,0,0.0236263736263736,0.0818681318681319,0.472161172161172
170273.411807,2607866.126422,0.0198165137614679,0.357798165137615,0.0036697247706422,0.0214678899082569,0.078348623853211,0.518899082568807
170773.411807,2607866.126422,0.0148596587782058,0.41221794166208,0,0.194092827004219,0.130985140341222,0.247844432214273
171273.411807,2607866.126422,0.0747252747252747,0.539377289377289,0,0.0247252747252747,0.05,0.311172161172161
171773.411807,2607866.126422,0.0480733944954128,0.472110091743119,0.00256880733944954,0.145871559633028,0.0919266055045872,0.239449541284404
172273.411807,2607866.126422,0.0825536598789213,0.208585580627408,0.00220143093010457,0.306182351862044,0.136121812511466,0.264355164190057
172773.411807,2607866.126422,0.0463369963369963,0.0117216117216117,0,0.656959706959707,0.190659340659341,0.0943223443223443
173273.411807,2607866.126422,0.121433311214333,0.0592789205927892,0,0.402344614023446,0.19907100199071,0.217872152178722
162773.411807,2607366.126422,0,0.0311355311355311,0.745421245421245,0.212637362637363,0.00897435897435897,0.00183150183150183
163273.411807,2607366.126422,0.000183150183150183,0.0250915750915751,0.772710622710623,0.190659340659341,0.00750915750915751,0.00384615384615385
163773.411807,2607366.126422,0.000183351668500183,0.0650898423175651,0.446644664466447,0.387422075540887,0.0645397873120645,0.0361202786945361
164273.411807,2607366.126422,0.00531135531135531,0.0934065934065934,0.368864468864469,0.347252747252747,0.0915750915750916,0.0935897435897436
164773.411807,2607366.126422,0,0.0628205128205128,0.566300366300366,0.120879120879121,0.21007326007326,0.0399267399267399
165273.411807,2607366.126422,0.00165016501650165,0.0451045104510451,0.000183351668500183,0.513384671800513,0.231573157315732,0.208104143747708
165773.411807,2607366.126422,0.0106227106227106,0.131501831501832,0.111904761904762,0.277106227106227,0.212454212454212,0.256410256410256
166273.411807,2607366.126422,0.00256410256410256,0.0413919413919414,0.218864468864469,0.39047619047619,0.178388278388278,0.168315018315018
166773.411807,2607366.126422,0.00275027502750275,0.167950128346168,0.0141180784745141,0.0735240190685735,0.0903923725705904,0.651265126512651
167273.411807,2607366.126422,0.0371794871794872,0.307142857142857,0.0010989010989011,0.176190476190476,0.065018315018315,0.413369963369963
167773.411807,2607366.126422,0.0276556776556777,0.51959706959707,0,0.0813186813186813,0.0673992673992674,0.304029304029304
168273.411807,2607366.126422,0.0319031903190319,0.636413641364136,0,0.00751741840850752,0.0157682434910158,0.308397506417308
168773.411807,2607366.126422,0.0327838827838828,0.528021978021978,0,0.0620879120879121,0.0736263736263736,0.303479853479853
169273.411807,2607366.126422,0.0256410256410256,0.144139194139194,0.00274725274725275,0.372161172161172,0.221062271062271,0.234249084249084
169773.411807,2607366.126422,0.013017968463513,0.473780711404474,0,0.00476714338100477,0.028969563623029,0.479464613127979
170273.411807,2607366.126422,0.01996336996337,0.737362637362637,0,0.00586080586080586,0.0216117216117216,0.215201465201465
170773.411807,2607366.126422,0.0496336996336996,0.527838827838828,0,0.0776556776556777,0.13956043956044,0.205311355311355
171273.411807,2607366.126422,0.0403373670700403,0.667400073340667,0,0.0364869820315365,0.0511551155115512,0.204620462046205
171773.411807,2607366.126422,0.0523809523809524,0.741025641025641,0,0.0364468864468864,0.023992673992674,0.146153846153846
172273.411807,2607366.126422,0.045970695970696,0.566483516483516,0,0.121794871794872,0.111538461538462,0.154212454212454
172773.411807,2607366.126422,0.0540887422075541,0.427026035936927,0,0.077007700770077,0.102126879354602,0.33975064173084
173273.411807,2607366.126422,0.0152486187845304,0.759116022099448,0,0.0530386740331492,0.0406629834254144,0.131933701657459
160773.411807,2606866.126422,0,0,1,0,0,0
161273.411807,2606866.126422,0,0,0.986419526518627,0.0135804734813727,0,0
162773.411807,2606866.126422,0,0.0176179115434025,0.631859056707653,0.318590567076528,0.0245916681959993,0.00734079647641769
163273.411807,2606866.126422,0,0.0359435173299101,0.710618008435723,0.209792774619476,0.0339262791124152,0.0097194205024757
163773.411807,2606866.126422,0,0.0579072750595565,0.625068719076416,0.235843870258384,0.0454462158695254,0.0357339197361187
164273.411807,2606866.126422,0.00293631859056708,0.0356028629106258,0.575885483574968,0.329418241879244,0.0367039823820885,0.0194531106625069
164773.411807,2606866.126422,0.00733541169998166,0.0403447643498991,0.410783055198973,0.191637630662021,0.17586649550706,0.174032642582065
165273.411807,2606866.126422,0.0263881253435954,0.115814550119113,0.0522264980758659,0.15924500641378,0.112699285321605,0.53362653472604
165773.411807,2606866.126422,0.000367039823820885,0.0436777390346853,0.388878693338227,0.3567627087539,0.117819783446504,0.0924940356028629
166273.411807,2606866.126422,0.00165046763249587,0.0553823583348615,0.102328993214744,0.498807995598753,0.125068769484687,0.216761415734458
166773.411807,2606866.126422,0.00403151914971596,0.248488180318857,0,0.0599230346344145,0.0518599963349826,0.63569726956203
167273.411807,2606866.126422,0.00642319691686548,0.366122224261332,0.00220223894292531,0.0133969535694623,0.0139475133051936,0.597907873004221
167773.411807,2606866.126422,0.0097194205024757,0.607738859343481,0,0.000366770584999083,0.00256739409499358,0.379607555474051
168273.411807,2606866.126422,0.00934579439252336,0.646142569177204,0,0.00989554700384827,0.0196078431372549,0.31500824628917
168773.411807,2606866.126422,0.0227564690768948,0.63057441732428,0,0.0108276748027161,0.0440447788585061,0.291796659937603
169273.411807,2606866.126422,0.011186502842472,0.529249954153677,0,0.0183385292499542,0.0388776820099028,0.402347331743994
169773.411807,2606866.126422,0.0613890415979476,0.589518050210739,0,0.013560564412681,0.0133773135422393,0.322155030236394
170273.411807,2606866.126422,0.049366856303909,0.671499357680308,0.00311983850247752,0.00789135621214902,0.0161497522481189,0.251972839053037
170773.411807,2606866.126422,0.0229231615624427,0.794975242985513,0,0.00880249403997799,0.0258573262424354,0.147441775169631
171273.411807,2606866.126422,0.0117280557082646,0.803555066886568,0,0.00458127176104087,0.0104452996151732,0.169690306028954
