"x","y","forest","agri","water","built","other","grass"
167273.411807,2530366.126422,0.0289961460818499,0.173242796843458,0.224444852266471,0.452009543035419,0.0486327766562672,0.0726738851165352
167773.411807,2530366.126422,0.0590500641848524,0.30405281496424,0.0931597285897671,0.34788189987163,0.0632679259123418,0.132587566477169
168273.411807,2530366.126422,0.00164925783397471,0.148249954187282,0.508337914605094,0.253435953820781,0.0124610591900312,0.0758658603628367
168773.411807,2530366.126422,0,0,0.567443567627088,0.432556432372912,0,0
169273.411807,2530366.126422,0.125068769484687,0.103796075554741,0.379424170181551,0.294150009169265,0.0262240968274344,0.0713368787823217
169773.411807,2530366.126422,0.0236393622869709,0.216602528862012,0.227414330218069,0.418911489829577,0.0368334249587686,0.0765988638446033
170273.411807,2530366.126422,0.0262433474031932,0.165718480455129,0.36942558267572,0.237107726188291,0.0638649293448339,0.137639933932832
170773.411807,2530366.126422,0.0421786172748946,0.337245552906657,0.178800660187053,0.144507610489639,0.0452961672473868,0.25197139189437
171273.411807,2530366.126422,0.087777166941543,0.378229796591534,0.0212571009712296,0.175371083012644,0.0910756826094924,0.246289169873557
171773.411807,2530366.126422,0.179115434024592,0.115250504679758,0.00752431638832813,0.392182051752615,0.0616626904019086,0.244265002752799
172273.411807,2530366.126422,0.205574912891986,0.294333394461764,0,0.00183385292499542,0.0128369704749679,0.485420869246286
172773.411807,2530366.126422,0.275632490013316,0.162640289138292,0,0.0547840973939509,0.0673387863800647,0.439604337074377
167273.411807,2529866.126422,0.0234862385321101,0.0977981651376147,0.592660550458716,0.24697247706422,0.0231192660550459,0.0159633027522936
167773.411807,2529866.126422,0.0214639515685195,0.220143093010457,0.165841130067877,0.435883324160704,0.0431113557145478,0.113557145477894
168273.411807,2529866.126422,0.0223443223443223,0.0756410256410256,0.633882783882784,0.210622710622711,0.0282051282051282,0.0293040293040293
168773.411807,2529866.126422,0.00605504587155963,0.0255045871559633,0.506238532110092,0.449357798165138,0.00311926605504587,0.00972477064220183
169273.411807,2529866.126422,0.000550357732526142,0.185287103283801,0.603925885158687,0.173179233168226,0.00770500825536599,0.0293524124013942
169773.411807,2529866.126422,0.0108058608058608,0.106593406593407,0.451831501831502,0.391941391941392,0.0212454212454212,0.0175824175824176
170273.411807,2529866.126422,0.026605504587156,0.208440366972477,0.509174311926605,0.121284403669725,0.0299082568807339,0.104587155963303
170773.411807,2529866.126422,0.179233168226014,0.274261603375527,0.093010456796918,0.105668684645019,0.0961291506145661,0.251696936341956
171273.411807,2529866.126422,0.105860805860806,0.312820512820513,0.0245421245421245,0.113736263736264,0.108424908424908,0.334615384615385
171773.411807,2529866.126422,0.0660550458715596,0.491743119266055,0.0273394495412844,0.23302752293578,0.0352293577981651,0.146605504587156
172273.411807,2529866.126422,0.0277013392038158,0.64483580994313,0,0.0277013392038158,0.0398092093193909,0.259952302329848
172773.411807,2529866.126422,0.213498098859316,0.364448669201521,0,0.0220532319391635,0.0680608365019011,0.331939163498099
167273.411807,2529366.126422,0.0238095238095238,0.141025641025641,0.642673992673993,0.121794871794872,0.0272893772893773,0.0434065934065934
167773.411807,2529366.126422,0.000732600732600733,0.0587912087912088,0.465567765567766,0.471794871794872,0.00164835164835165,0.00146520146520147
168273.411807,2529366.126422,0,0.00311697836450312,0.596809680968097,0.4000733406674,0,0
168773.411807,2529366.126422,0.0192307692307692,0.06996336996337,0.534798534798535,0.322710622710623,0.0166666666666667,0.0366300366300366
169273.411807,2529366.126422,0.00622710622710623,0.251098901098901,0.348351648351648,0.282783882783883,0.0164835164835165,0.0950549450549451
169773.411807,2529366.126422,0.0088008800880088,0.0636230289695636,0.698203153648698,0.193986065273194,0.00843417675100843,0.026952695269527
170273.411807,2529366.126422,0.00201465201465201,0.107875457875458,0.553846153846154,0.304578754578755,0.0137362637362637,0.0179487179487179
170773.411807,2529366.126422,0.0871794871794872,0.231684981684982,0.0681318681318681,0.309340659340659,0.108424908424908,0.195238095238095
171273.411807,2529366.126422,0.149248258159149,0.450861752841951,0.0256692335900257,0.0738907224055739,0.041987532086542,0.258342500916758
171773.411807,2529366.126422,0.0963369963369963,0.571978021978022,0.000366300366300366,0.0355311355311355,0.0501831501831502,0.245604395604396
172273.411807,2529366.126422,0.0353479853479853,0.641941391941392,0,0.0166666666666667,0.0688644688644689,0.237179487179487
172773.411807,2529366.126422,0.0675675675675676,0.47544727826418,0.00114198705748002,0.117814998096688,0.114008374571755,0.22401979444233
167273.411807,2528866.126422,0.0679023674068636,0.190493668563039,0.351073591484676,0.23655716645256,0.0244081482840888,0.129565057808772
167773.411807,2528866.126422,0.164863377957088,0.178800660187053,0.0693196405648267,0.316889785439208,0.0529983495323675,0.217128186319457
168273.411807,2528866.126422,0.0130108118013561,0.030602895363753,0.810152098222467,0.122778083195895,0.00879604178119846,0.0146600696353308
168773.411807,2528866.126422,0,0.0155991925123876,0.823453844742155,0.151770967149936,0.00917599559552211,0
169273.411807,2528866.126422,0.0174216027874564,0.0882083256922795,0.669172932330827,0.153493489822116,0.0154043645699615,0.0562992847973593
169773.411807,2528866.126422,0.0284038849184534,0.0881436686824262,0.734469488730071,0.0835623969213854,0.0236393622869709,0.0417811984606927
170273.411807,2528866.126422,0.0280785465222977,0.131950816663608,0.409983483207928,0.31969168654799,0.0578087722517893,0.0524866948063865
170773.411807,2528866.126422,0.0509811113148725,0.213460480469466,0.0190720704199523,0.434256372638914,0.109847790207225,0.172382174949569
171273.411807,2528866.126422,0.0985889682975994,0.387758841854499,0.0181418361737218,0.185266630016493,0.0907091808686091,0.219534542789078
171773.411807,2528866.126422,0.0835015599192512,0.401908607083869,0.0403743806202973,0.1616810423931,0.0754266837951918,0.237107726188291
172273.411807,2528866.126422,0.0876581698147808,0.266642215294333,0.00495140289748762,0.352466532184119,0.100678525582248,0.187603154227031
172773.411807,2528866.126422,0.0540232071523683,0.482404413163401,0.0252996005326232,0.12763933802549,0.100627734449306,0.210005706676812
167273.411807,2528366.126422,0.0115596330275229,0.135045871559633,0.696697247706422,0.138899082568807,0.0018348623853211,0.0159633027522936
167773.411807,2528366.126422,0.066042927903137,0.0986974866996881,0.221243808475509,0.450192625206384,0.0500825536598789,0.113740598055403
168273.411807,2528366.126422,0.0468864468864469,0.104212454212454,0.331684981684982,0.445054945054945,0.0326007326007326,0.0395604395604396
168773.411807,2528366.126422,0,0.0937614678899083,0.744036697247706,0.151559633027523,0.0036697247706422,0.00697247706422018
169273.411807,2528366.126422,0.00421940928270042,0.0401761144744084,0.739497339937626,0.200880572372042,0.00623738763529628,0.00898917629792699
169773.411807,2528366.126422,0.0117216117216117,0.089010989010989,0.697619047619048,0.141208791208791,0.0230769230769231,0.0373626373626374
170273.411807,2528366.126422,0.0214678899082569,0.0836697247706422,0.624220183486239,0.176880733944954,0.0218348623853211,0.0719266055045872
170773.411807,2528366.126422,0.133553476426344,0.337002384883508,0.00715465052283985,0.139974316639149,0.110071546505228,0.272243625022932
171273.411807,2528366.126422,0.0714285714285714,0.513919413919414,0.0282051282051282,0.0474358974358974,0.0763736263736264,0.262637362637363
171773.411807,2528366.126422,0.0321100917431193,0.308623853211009,0.24256880733945,0.188256880733945,0.055045871559633,0.173394495412844
172273.411807,2528366.126422,0.0530177949000183,0.486149330398092,0.00825536598789213,0.186387818748853,0.124564300128417,0.141625389836727
172773.411807,2528366.126422,0.0357414448669202,0.418631178707224,0,0.096958174904943,0.16425855513308,0.284410646387833
167773.411807,2527866.126422,0.0730769230769231,0.257142857142857,0.288278388278388,0.297435897435897,0.0230769230769231,0.060989010989011
168273.411807,2527866.126422,0.0539053905390539,0.0843417675100843,0.214338100476714,0.582508250825083,0.0284195086175284,0.0364869820315365
168773.411807,2527866.126422,0.00311355311355311,0.163553113553114,0.380586080586081,0.429304029304029,0.0104395604395604,0.013003663003663
169273.411807,2527866.126422,0,0.0377289377289377,0.876190476190476,0.0778388278388278,0.000732600732600733,0.00750915750915751
169773.411807,2527866.126422,0.00238357169050238,0.0403373670700403,0.764393105977264,0.187385405207187,0.0055005500550055,0
170273.411807,2527866.126422,0.00567765567765568,0.0476190476190476,0.705128205128205,0.206776556776557,0.0223443223443223,0.0124542124542125
170773.411807,2527866.126422,0.0648351648351648,0.353846153846154,0.0197802197802198,0.307692307692308,0.086996336996337,0.166849816849817
171273.411807,2527866.126422,0.0445544554455446,0.543821048771544,0.00055005500550055,0.101393472680601,0.0781078107810781,0.231573157315732
171773.411807,2527866.126422,0.0347985347985348,0.501282051282051,0.0043956043956044,0.128754578754579,0.0648351648351648,0.265934065934066
172273.411807,2527866.126422,0.0232600732600733,0.32014652014652,0.228205128205128,0.30989010989011,0.0445054945054945,0.073992673992674
172773.411807,2527866.126422,0.050628092881614,0.141987057480015,0.075371145793681,0.512371526456033,0.111914731633041,0.107727445755615
167773.411807,2527366.126422,0.0350265908674124,0.112598569594719,0.581698147808546,0.232715936181918,0.00880249403997799,0.0291582615074271
168273.411807,2527366.126422,0.0142935678944475,0.0760491112332784,0.376214037016676,0.514018691588785,0.00586402785413231,0.013560564412681
168773.411807,2527366.126422,0.000550559735731327,0.0034868783262984,0.145898329968802,0.848229032850064,0.00183519911910442,0
169273.411807,2527366.126422,0,0.0550155877498625,0.810562992847974,0.120850907757198,0.0066018705299835,0.00696864111498258
169773.411807,2527366.126422,0.00293201392706615,0.0227231079347627,0.782297965915338,0.174454828660436,0.0137438152831226,0.00384826827927433
170273.411807,2527366.126422,0.0238575885483575,0.127546338777757,0.644705450541384,0.144430170673518,0.0137639933932832,0.0456964580657001
170773.411807,2527366.126422,0.0361269026224097,0.162662754447093,0.355217311571612,0.267559141756831,0.0700531817348249,0.108380707867229
171273.411807,2527366.126422,0.145317940260216,0.288803371816016,0.00146600696353308,0.185449880886934,0.0960234561114165,0.282939343961884
171773.411807,2527366.126422,0.0789135621214902,0.556615892824371,0.000550559735731327,0.0888236373646541,0.0429436593870435,0.232152688566709
172273.411807,2527366.126422,0.0407115349348982,0.251788006601871,0.0555657436273611,0.478452228131304,0.0856409315972859,0.0878415551072804
172773.411807,2527366.126422,0.0789423625642001,0.343351721514172,0.033859615750428,0.278676050979646,0.0722845729503519,0.192885676241202
168273.411807,2526866.126422,0.0179487179487179,0.141025641025641,0.247985347985348,0.51959706959707,0.0163003663003663,0.0571428571428571
168773.411807,2526866.126422,0.0055045871559633,0.22697247706422,0.295045871559633,0.443853211009174,0.0122935779816514,0.0163302752293578
169273.411807,2526866.126422,0.00238488350761328,0.0306365804439552,0.014125848468171,0.940928270042194,0.00532012474775271,0.0066042927903137
169773.411807,2526866.126422,0.00494505494505494,0.144139194139194,0.398168498168498,0.407326007326007,0.0146520146520147,0.0307692307692308
170273.411807,2526866.126422,0,0.0179816513761468,0.756330275229358,0.222385321100917,0.00330275229357798,0
170773.411807,2526866.126422,0.0616400660429279,0.189323059988993,0.540267840763163,0.0836543753439736,0.0262337185837461,0.0988809392771968
171273.411807,2526866.126422,0.182967032967033,0.298901098901099,0.0619047619047619,0.0510989010989011,0.0628205128205128,0.342307692307692
171773.411807,2526866.126422,0.0664220183486239,0.676146788990826,0,0.0188990825688073,0.0464220183486239,0.192110091743119
172273.411807,2526866.126422,0.0662263804806457,0.304898183819483,0.0121078701155751,0.386351128233352,0.0876903320491653,0.142726105301779
172773.411807,2526866.126422,0.0722433460076046,0.230798479087452,0.0140684410646388,0.360836501901141,0.0665399239543726,0.255513307984791
168273.411807,2526366.126422,0.0111844517785112,0.122112211221122,0.641914191419142,0.17986798679868,0.0176017601760176,0.0273193986065273
168773.411807,2526366.126422,0.0606227106227106,0.24047619047619,0.294688644688645,0.31978021978022,0.00641025641025641,0.078021978021978
169273.411807,2526366.126422,0.0238095238095238,0.218131868131868,0.29047619047619,0.402014652014652,0.0152014652014652,0.0503663003663004
169773.411807,2526366.126422,0.00476714338100477,0.178034470113678,0.422625595892923,0.386688668866887,0.0055005500550055,0.00238357169050238
170273.411807,2526366.126422,0.0509157509157509,0.12985347985348,0.504395604395604,0.286263736263736,0.00970695970695971,0.0188644688644689
170773.411807,2526366.126422,0.0324175824175824,0.0666666666666667,0.527655677655678,0.323809523809524,0.0230769230769231,0.0263736263736264
171273.411807,2526366.126422,0.143931059772644,0.164649798313165,0.251008434176751,0.279427942794279,0.0445544554455446,0.116428309497616
171773.411807,2526366.126422,0.0741758241758242,0.358058608058608,0.0351648351648352,0.257875457875458,0.0915750915750916,0.183150183150183
172273.411807,2526366.126422,0.0510989010989011,0.227289377289377,0.152747252747253,0.473626373626374,0.0445054945054945,0.0507326007326007
172773.411807,2526366.126422,0.213932242101256,0.281309478492577,0.0169394746859536,0.188237533307956,0.0706128663875143,0.228968405024743
168773.411807,2525866.126422,0.000550559735731327,0.0662506881996697,0.56836116718664,0.343549275096348,0.00587263718113415,0.0154156726004772
169273.411807,2525866.126422,0.00183385292499542,0.0794058316523015,0.621309370988447,0.289932147441775,0.00275077938749312,0.00476801760498808
169773.411807,2525866.126422,0.0161260765988638,0.0848451530144768,0.557632398753894,0.289353124427341,0.00806303829943192,0.0439802089059923
170273.411807,2525866.126422,0.0264268673151037,0.110478986970086,0.546705817581208,0.281152505046798,0.012846393833731,0.022389429253074
170773.411807,2525866.126422,0.0542820465798643,0.121584448927196,0.456262607738859,0.314139006051715,0.0210893086374473,0.0326425820649184
171273.411807,2525866.126422,0.0454462158695254,0.132490379329302,0.156862745098039,0.518783214220268,0.0668865677111966,0.0795308777716694
171773.411807,2525866.126422,0.0827674802716095,0.46870985501927,0.00275279867865663,0.189209029179666,0.0880895577170123,0.168471279133786
172273.411807,2525866.126422,0.0390610673024023,0.353200073354117,0.013203741059967,0.360718870346598,0.08399046396479,0.149825783972125
172773.411807,2525866.126422,0.199163020734259,0.290089404603386,0,0.0232071523682709,0.0504089785048507,0.437131443789233
168773.411807,2525366.126422,0.0100917431192661,0.108073394495413,0.563302752293578,0.28605504587156,0.0144954128440367,0.0179816513761468
169273.411807,2525366.126422,0.001284168042561,0.10988809392772,0.607411484131352,0.243441570354063,0.0133920381581361,0.0245826453861677
169773.411807,2525366.126422,0.00384615384615385,0.123809523809524,0.522527472527473,0.292124542124542,0.0126373626373626,0.0450549450549451
170273.411807,2525366.126422,0.00770642201834862,0.0744954128440367,0.619633027522936,0.272477064220183,0.0155963302752294,0.0100917431192661
170773.411807,2525366.126422,0.0631076866629976,0.167859108420473,0.531829022197762,0.120161438268208,0.0322876536415337,0.0847550908090259
171273.411807,2525366.126422,0.0428571428571429,0.331135531135531,0.323260073260073,0.0476190476190476,0.0285714285714286,0.226556776556777
171773.411807,2525366.126422,0.102018348623853,0.40954128440367,0.00605504587155963,0.222018348623853,0.0910091743119266,0.169357798165138
172273.411807,2525366.126422,0.0928270042194093,0.531462117042744,0.0207301412584847,0.10273344340488,0.0667767382131719,0.18547055586131
172773.411807,2525366.126422,0.0958174904942966,0.448859315589354,0.0192015209125475,0.0389733840304183,0.0336501901140684,0.363498098859316
168773.411807,2524866.126422,0.0289377289377289,0.194871794871795,0.421794871794872,0.279120879120879,0.026007326007326,0.0492673992673993
169273.411807,2524866.126422,0.00494505494505494,0.0523809523809524,0.566117216117216,0.36007326007326,0.00860805860805861,0.00787545787545788
169773.411807,2524866.126422,0.000183351668500183,0.0531719838650532,0.740740740740741,0.195819581958196,0.0100843417675101,0
170273.411807,2524866.126422,0,0.0745421245421245,0.63021978021978,0.262271062271062,0.0142857142857143,0.0186813186813187
170773.411807,2524866.126422,0.0523809523809524,0.15970695970696,0.394322344322344,0.261721611721612,0.0346153846153846,0.0972527472527473
171273.411807,2524866.126422,0.0385038503850385,0.351668500183352,0.219471947194719,0.126512651265127,0.0254858819215255,0.238357169050238
171773.411807,2524866.126422,0.126373626373626,0.253663003663004,0.0902930402930403,0.343040293040293,0.0507326007326007,0.135897435897436
172273.411807,2524866.126422,0.103663003663004,0.482967032967033,0.000732600732600733,0.11959706959707,0.0716117216117216,0.221428571428571
172773.411807,2524866.126422,0.106585458698135,0.364484202512372,0.048915112295394,0.0550057099352874,0.0845070422535211,0.340502474305291
169273.411807,2524366.126422,0.00513478818998716,0.126169081239685,0.313772235466716,0.506510177883734,0.0218228498074454,0.0265908674124335
169773.411807,2524366.126422,0.00219901044529962,0.0388491845336265,0.698735568993953,0.241158145501191,0.00696353307678211,0.0120945574491479
170273.411807,2524366.126422,0.0185355111029547,0.0642319691686548,0.171407597724353,0.669664158561204,0.0396403009726555,0.036520462470178
170773.411807,2524366.126422,0.0104529616724739,0.220612506876948,0.363469649734091,0.338529249954154,0.0333761232349166,0.0335595085274161
171273.411807,2524366.126422,0.105919003115265,0.221733553234378,0.44511636430273,0.119296316657504,0.0104452996151732,0.0974894630749496
171773.411807,2524366.126422,0.0636814094329235,0.21563589649477,0.261882914296201,0.31950816663608,0.0354193429987154,0.10387227014131
172273.411807,2524366.126422,0.193838254172015,0.384558958371539,0.00128369704749679,0.0729873464148175,0.0478635613423803,0.299468182651751
172773.411807,2524366.126422,0.0684801217424387,0.427049648088263,0.00741867985543085,0.12193266121362,0.0616321095681948,0.313486779532053
168773.411807,2523866.126422,0.0201834862385321,0.419082568807339,0.013394495412844,0.454128440366972,0.0284403669724771,0.0647706422018349
169273.411807,2523866.126422,0.00697119794533113,0.129700972298661,0.48651623555311,0.336268574573473,0.0132085855806274,0.0273344340487984
169773.411807,2523866.126422,0.000549450549450549,0.0683150183150183,0.666117216117216,0.256227106227106,0.00714285714285714,0.00164835164835165
170273.411807,2523866.126422,0.00990825688073394,0.0631192660550459,0.518165137614679,0.354495412844037,0.0418348623853211,0.0124770642201835
170773.411807,2523866.126422,0.00201797835259585,0.232067510548523,0.166024582645386,0.560264171711613,0.0144927536231884,0.0251330031186938
171273.411807,2523866.126422,0.036996336996337,0.277289377289377,0.337179487179487,0.311904761904762,0.00677655677655678,0.0298534798534799
171773.411807,2523866.126422,0.0163302752293578,0.124587155963303,0.478715596330275,0.237798165137615,0.0275229357798165,0.115045871559633
172273.411807,2523866.126422,0.0985140341221794,0.295725554944047,0.117409649605577,0.257934323977252,0.0480645753072831,0.182351862043662
172773.411807,2523866.126422,0.0520912547528517,0.294106463878327,0.0686311787072243,0.453802281368821,0.035171102661597,0.0961977186311787
168273.411807,2523366.126422,0.03997066373304,0.332416574990832,0,0.522735606894023,0.0148514851485149,0.09002566923359
168773.411807,2523366.126422,0.0575091575091575,0.275824175824176,0.0241758241758242,0.513369963369963,0.0798534798534798,0.0492673992673993
169273.411807,2523366.126422,0.0580586080586081,0.270695970695971,0.0606227106227106,0.484981684981685,0.0324175824175824,0.0932234432234432
169773.411807,2523366.126422,0.000733406674000733,0.114044737807114,0.550971763843051,0.328566189952329,0.0022002200220022,0.00348368170150348
170273.411807,2523366.126422,0,0.0291208791208791,0.598534798534799,0.368864468864469,0.00347985347985348,0
170773.411807,2523366.126422,0,0.0941391941391941,0.566300366300366,0.300732600732601,0.00677655677655678,0.032051282051282
171273.411807,2523366.126422,0.0055005500550055,0.0463879721305464,0.73964063072974,0.204987165383205,0.0033003300330033,0.000183351668500183
171773.411807,2523366.126422,0.00805860805860806,0.163553113553114,0.532600732600733,0.21007326007326,0.0397435897435897,0.045970695970696
172273.411807,2523366.126422,0.0543956043956044,0.327106227106227,0.104945054945055,0.305860805860806,0.0646520146520147,0.143040293040293
172773.411807,2523366.126422,0.0531023981728207,0.300152264940997,0.00171298058622002,0.439284354777313,0.0780357822611344,0.127712219261515
169773.411807,2522866.126422,0.00549752611324904,0.130108118013561,0.465640461792194,0.362653472603995,0.0163093274693055,0.0197910940076965
170273.411807,2522866.126422,0.00146815929528354,0.205358781427785,0.582125160579923,0.186456230501009,0.011194714626537,0.0133969535694623
170773.411807,2522866.126422,0.00770218228498074,0.263157894736842,0.59618558591601,0.0968274344397579,0.0157711351549606,0.0203557674674491
171273.411807,2522866.126422,0.00256551218618288,0.104819497892615,0.660619387942093,0.212937511453179,0.00549752611324904,0.013560564412681
171773.411807,2522866.126422,0.00513855753349238,0.232886768214351,0.565791888419894,0.175628555698293,0.00770783630023858,0.012846393833731
172273.411807,2522866.126422,0.0253071703649367,0.429671740326426,0.0803227581147992,0.221529433339446,0.0515312671923712,0.191637630662021
172773.411807,2522866.126422,0.0755183564770782,0.372455773254708,0.000190222560395663,0.233593304165874,0.112421533193837,0.205820810348107
169773.411807,2522366.126422,0.00183150183150183,0.300732600732601,0.528937728937729,0.137362637362637,0.0102564102564103,0.0208791208791209
170273.411807,2522366.126422,0.000917431192660551,0.257614678899083,0.472110091743119,0.224770642201835,0.00642201834862385,0.0381651376146789
170773.411807,2522366.126422,0.0264171711612548,0.16969363419556,0.34379013025133,0.400476976701523,0.0258668134287287,0.0337552742616034
171273.411807,2522366.126422,0.0298534798534799,0.265384615384615,0.309340659340659,0.275091575091575,0.0404761904761905,0.0798534798534798
171773.411807,2522366.126422,0.0110091743119266,0.155229357798165,0.452293577981651,0.302752293577982,0.0234862385321101,0.0552293577981651
172273.411807,2522366.126422,0.0442120711796001,0.304164373509448,0.184186387818749,0.278847917813245,0.0565033938726839,0.132085855806274
172773.411807,2522366.126422,0.131558935361217,0.259885931558935,0.00285171102661597,0.029277566539924,0.0513307984790875,0.525095057034221
170273.411807,2521866.126422,0.0010989010989011,0.172710622710623,0.495604395604396,0.311721611721612,0.0108058608058608,0.00805860805860806
170773.411807,2521866.126422,0.000366300366300366,0.20018315018315,0.572893772893773,0.175091575091575,0.013003663003663,0.0384615384615385
171273.411807,2521866.126422,0.0236523652365237,0.208837550421709,0.186835350201687,0.46021268793546,0.0507884121745508,0.0696736340300697
171773.411807,2521866.126422,0.0293040293040293,0.18974358974359,0.204761904761905,0.392124542124542,0.0675824175824176,0.116483516483516
172273.411807,2521866.126422,0.0807692307692308,0.182967032967033,0.16996336996337,0.32985347985348,0.0523809523809524,0.184065934065934
172773.411807,2521866.126422,0.0540540540540541,0.338408831366578,0.075942139322421,0.181575942139322,0.0808907499048344,0.26912828321279
170273.411807,2521366.126422,0,0.135070655166086,0.599926592035236,0.248669480638649,0.00935951550743256,0.00697375665259681
170773.411807,2521366.126422,0,0.100861910874748,0.65596919127086,0.225380524481937,0.0150375939849624,0.00275077938749312
171273.411807,2521366.126422,0.00366501740883269,0.042147700201576,0.752061572292468,0.184716877405168,0.0104452996151732,0.00696353307678211
171773.411807,2521366.126422,0.00642319691686548,0.176546155257845,0.398972288493302,0.348137272894109,0.0266103872270141,0.0433106992108644
172273.411807,2521366.126422,0.0381441408399046,0.222629745094443,0.0467632495873831,0.507610489638731,0.0607005318173482,0.12415184302219
172773.411807,2521366.126422,0.0897850485067529,0.359520639147803,0.00266311584553928,0.227315959672817,0.0947308350770401,0.225984401750048
170273.411807,2520866.126422,0.00495412844036697,0.17651376146789,0.699266055045872,0.0737614678899083,0.0211009174311927,0.0244036697247706
170773.411807,2520866.126422,0.00421940928270042,0.226747385800771,0.592918730508164,0.138506696019079,0.00825536598789213,0.0293524124013942
171273.411807,2520866.126422,0.00311355311355311,0.211904761904762,0.605311355311355,0.0950549450549451,0.019047619047619,0.0655677655677656
171773.411807,2520866.126422,0.0121100917431193,0.274678899082569,0.467889908256881,0.142752293577982,0.0467889908256881,0.0557798165137615
172273.411807,2520866.126422,0.0236653824986241,0.081452944413869,0.177949000183453,0.639332232617868,0.062190423775454,0.015410016510732
172773.411807,2520866.126422,0.0393536121673004,0.106273764258555,0.0359315589353612,0.635551330798479,0.058745247148289,0.124144486692015
170773.411807,2520366.126422,0.0122710622710623,0.218681318681319,0.571978021978022,0.1496336996337,0.0139194139194139,0.0335164835164835
171273.411807,2520366.126422,0.00843417675100843,0.314081408140814,0.535936927026036,0.0757242390905757,0.0148514851485149,0.050971763843051
171773.411807,2520366.126422,0.00347985347985348,0.218681318681319,0.541025641025641,0.174908424908425,0.039010989010989,0.0228937728937729
172273.411807,2520366.126422,0.0628205128205128,0.235897435897436,0.226923076923077,0.306043956043956,0.0637362637362637,0.104578754578755
172773.411807,2520366.126422,0.0700418728587743,0.0955462504758279,0.0386372287780739,0.656642558051009,0.0898363151884279,0.0492957746478873
170773.411807,2519866.126422,0.0100861910874748,0.169998166147075,0.622042912158445,0.133504492939666,0.0247570144874381,0.039611223179901
171273.411807,2519866.126422,0.0155763239875389,0.27799157045996,0.488363569726956,0.165475536008796,0.0104452996151732,0.042147700201576
171773.411807,2519866.126422,0.00422095797394017,0.24903652046247,0.542851899431088,0.15360616626904,0.0222059093411635,0.0280785465222977
172273.411807,2519866.126422,0.0421786172748946,0.311754997249221,0.131670640014671,0.313772235466716,0.0577663671373556,0.142857142857143
172773.411807,2519866.126422,0.0966330606809968,0.152748715997717,0.0133155792276964,0.50218755944455,0.0933992771542705,0.141715807494769
171273.411807,2519366.126422,0,0.242307692307692,0.375274725274725,0.378571428571429,0.00146520146520147,0.00238095238095238
171773.411807,2519366.126422,0.00752293577981651,0.27651376146789,0.408256880733945,0.286788990825688,0.0100917431192661,0.0108256880733945
172273.411807,2519366.126422,0.00990643918547056,0.397358282883875,0.20253164556962,0.328563566318107,0.0124747752705926,0.0491652907723353
172773.411807,2519366.126422,0.120152091254753,0.455893536121673,0.0152091254752852,0.0885931558935361,0.0623574144486692,0.257794676806084
171273.411807,2518866.126422,0.0044004400440044,0.321782178217822,0.411991199119912,0.24037403740374,0.00715071507150715,0.0143014301430143
171773.411807,2518866.126422,0.00476190476190476,0.212087912087912,0.304029304029304,0.462637362637363,0.0120879120879121,0.0043956043956044
172273.411807,2518866.126422,0.0412087912087912,0.242857142857143,0.253113553113553,0.313186813186813,0.0635531135531135,0.0860805860805861
172773.411807,2518866.126422,0.268747620860297,0.524933384088314,0.000951655881233346,0.00875523410734678,0.0205557670346403,0.176056338028169
171273.411807,2518366.126422,0.0130108118013561,0.137621403701668,0.743448781381712,0.0976727139453912,0.00201575957485798,0.00623052959501558
171773.411807,2518366.126422,0.019086070838686,0.242062763809873,0.324830244081483,0.31124977060011,0.0455129381537897,0.057258212516058
172273.411807,2518366.126422,0.104713002017238,0.256372638914359,0.06400146708234,0.307537135521731,0.0893086374472767,0.178067119017055
172773.411807,2518366.126422,0.235305307209435,0.390907361613087,0.00304356096633061,0.102720182613658,0.0867414875404223,0.181282100057067
171773.411807,2517866.126422,0.0590825688073394,0.211743119266055,0.0990825688073395,0.420733944954128,0.0568807339449541,0.152477064220183
172273.411807,2517866.126422,0.100348559897267,0.371124564300128,0.000366905155017428,0.187121629058888,0.0823702073014126,0.258668134287287
172773.411807,2517866.126422,0.110076045627376,0.442965779467681,0.000190114068441065,0.05893536121673,0.0623574144486692,0.325475285171103
171773.411807,2517366.126422,0.0434065934065934,0.36043956043956,0.34981684981685,0.12967032967033,0.0184981684981685,0.0981684981684982
172273.411807,2517366.126422,0.128021978021978,0.423992673992674,0.0133699633699634,0.139377289377289,0.0619047619047619,0.233333333333333
172773.411807,2517366.126422,0.0650932622763609,0.451275218880853,0.000570993528740008,0.188618195660449,0.077084126379901,0.217358203273696
172273.411807,2516866.126422,0.0579823192927717,0.473998959958398,0.0143005720228809,0.168746749869995,0.0543421736869475,0.230629225169007
172773.411807,2516866.126422,0.0327332242225859,0.408074195308238,0.0117294053464266,0.254228041462084,0.0769230769230769,0.216312056737589
