"x","y","forest","agri","water","built","other","grass"
301273.411807,2654866.126422,0.933247753530167,0.0667522464698331,0,0,0,0
301773.411807,2654866.126422,0.967747846802272,0.0322521531977277,0,0,0,0
302273.411807,2654866.126422,0.956505780877225,0.0372545421178198,0,0,0,0.00623967700495504
302773.411807,2654866.126422,0.97194205024757,0.0097194205024757,0,0,0,0.0183385292499542
303273.411807,2654866.126422,0.944474986256185,0.021073850100788,0,0,0,0.0344511636430273
303773.411807,2654866.126422,0.967333455679941,0,0,0,0,0.0326665443200587
304273.411807,2654866.126422,0.996332294150009,0,0,0,0,0.00366770584999083
304773.411807,2654866.126422,0.815649624335716,0.000366501740883269,0,0,0,0.183983873923401
305273.411807,2654866.126422,0.952284822903285,0,0,0,0,0.047715177096715
305773.411807,2654866.126422,0.85182468366037,0,0,0,0,0.14817531633963
306273.411807,2654866.126422,0.661169140553418,0.00293201392706615,0,0.00641378046545721,0.0194245922668133,0.310060472787246
306773.411807,2654866.126422,0.244448522664709,0.0376215819416407,0.0012846393833731,0.0877225178931914,0.109561387410534,0.519361350706552
307273.411807,2654866.126422,0.324591967724189,0.0462130937098845,0.000183385292499542,0.0273244085824317,0.072803961122318,0.528883183568678
307773.411807,2654866.126422,0.549935862195345,0.0157595748579806,0.00109950522264981,0.0853949056258017,0.0364669232178853,0.311343228880337
308273.411807,2654866.126422,0.266654432005873,0.0216553496054322,0.00935951550743256,0.272527069187007,0.113048265736832,0.316755367957423
308773.411807,2654866.126422,0.304786356134238,0.0102695763799743,0.000550155877498625,0.0366770584999083,0.0671190170548322,0.580597836053549
309273.411807,2654866.126422,0.275609309144218,0.00971229613340663,0,0.0142935678944475,0.0207073483599047,0.679677478468023
309773.411807,2654866.126422,0.378234538447422,0.0372545421178198,0.000917599559552211,0.0480822169205359,0.0724903652046247,0.463020737750046
310273.411807,2654866.126422,0.209609389326976,0.0696864111498258,0.0278745644599303,0.274161012286815,0.112598569594719,0.306070053181735
310773.411807,2654866.126422,0.0723840938244457,0.0249221183800623,0.0522264980758659,0.673630199743449,0.0650540590067803,0.111783030969397
311273.411807,2654866.126422,0.0601945311066251,0.0653330886401175,0.0335841438796109,0.611304826573683,0.117636263534593,0.11194714626537
311773.411807,2654866.126422,0.112781954887218,0.116633046029708,0.00146708233999633,0.203190904089492,0.0836236933797909,0.482303319273794
312273.411807,2654866.126422,0.417628733736485,0.0573575224482316,0.00128275609309144,0.0643210555250137,0.0590067802822063,0.400403151914972
312773.411807,2654866.126422,0.424298036336943,0.0334006239677005,0.0133969535694623,0.171407597724353,0.108093228115251,0.249403560286291
313273.411807,2654866.126422,0.154593801577114,0.0495140289748762,0.0370438290849074,0.470566660553824,0.107280396112232,0.181001283697047
301273.411807,2654366.126422,0.444138690148597,0.511282333516786,0,0,0,0.0445789763346175
301773.411807,2654366.126422,0.965934065934066,0.0340659340659341,0,0,0,0
302273.411807,2654366.126422,0.948440366972477,0.0506422018348624,0,0,0,0.000917431192660551
302773.411807,2654366.126422,0.947349110254999,0.0221977618785544,0,0,0,0.0304531278664465
303273.411807,2654366.126422,0.984432234432234,0.00952380952380952,0,0,0,0.00604395604395604
303773.411807,2654366.126422,0.976330275229358,0.00605504587155963,0,0,0,0.0176146788990826
304273.411807,2654366.126422,0.941662080352229,0,0,0,0,0.0583379196477711
304773.411807,2654366.126422,0.800732600732601,0,0,0,0,0.199267399267399
305273.411807,2654366.126422,0.911376146788991,0,0,0,0,0.0886238532110092
305773.411807,2654366.126422,0.844799119427628,0,0,0.00146762062006971,0.00458631443771785,0.149146945514584
306273.411807,2654366.126422,0.801465201465202,0,0,0.000732600732600733,0.00311355311355311,0.194688644688645
306773.411807,2654366.126422,0.230825688073394,0.041651376146789,0.00036697247706422,0.107522935779817,0.130825688073395,0.488807339449541
307273.411807,2654366.126422,0.163089341405247,0.0897083104017612,0.00110071546505228,0.154833975417355,0.081452944413869,0.509814712896716
307773.411807,2654366.126422,0.156776556776557,0.103663003663004,0.0032967032967033,0.194322344322344,0.141941391941392,0.4
308273.411807,2654366.126422,0.0926605504587156,0.0539449541284404,0.0212844036697248,0.482752293577982,0.0902752293577982,0.259082568807339
308773.411807,2654366.126422,0.0920931939093744,0.0387084938543387,0.02568336085122,0.571821684094661,0.0649422124380847,0.206751054852321
309273.411807,2654366.126422,0.411904761904762,0.0168498168498168,0.00879120879120879,0.0272893772893773,0.0144688644688645,0.520695970695971
309773.411807,2654366.126422,0.395596330275229,0.0253211009174312,0.00403669724770642,0.0889908256880734,0.0658715596330275,0.420183486238532
310273.411807,2654366.126422,0.126582278481013,0.0366905155017428,0.0275178866263071,0.569620253164557,0.0887910475142176,0.150798018712163
310773.411807,2654366.126422,0.0265567765567766,0.0161172161172161,0.0631868131868132,0.836446886446886,0.0404761904761905,0.0172161172161172
311273.411807,2654366.126422,0.0456880733944954,0.041651376146789,0.0381651376146789,0.740550458715596,0.0910091743119266,0.0429357798165138
311773.411807,2654366.126422,0.062190423775454,0.0535681526325445,0.0324711062190424,0.588148963492937,0.0783342505962209,0.185287103283801
312273.411807,2654366.126422,0.644505494505495,0.0205128205128205,0.00402930402930403,0.0375457875457875,0.0402930402930403,0.253113553113553
312773.411807,2654366.126422,0.390275229357798,0.0379816513761468,0.00146788990825688,0.220917431192661,0.155229357798165,0.194128440366972
313273.411807,2654366.126422,0.20968629609246,0.0629242340854889,0.00568702990277013,0.28820399926619,0.156668501192442,0.276829939460649
301273.411807,2653866.126422,0.822527472527472,0.0820512820512821,0,0,0,0.0954212454212454
301773.411807,2653866.126422,0.932709937660433,0.0669233590025669,0,0,0,0.000366703337000367
302273.411807,2653866.126422,0.992124542124542,0.00787545787545788,0,0,0,0
302773.411807,2653866.126422,0.987362637362637,0.0126373626373626,0,0,0,0
303273.411807,2653866.126422,0.979464613127979,0.0205353868720205,0,0,0,0
303773.411807,2653866.126422,0.93992673992674,0.0379120879120879,0,0,0,0.0221611721611722
304273.411807,2653866.126422,0.913003663003663,0,0,0,0,0.086996336996337
304773.411807,2653866.126422,0.910891089108911,0,0,0,0,0.0891089108910891
305273.411807,2653866.126422,0.883150183150183,0,0,0,0,0.116849816849817
305773.411807,2653866.126422,0.846336996336996,0.000366300366300366,0,0.00146520146520147,0.00512820512820513,0.146703296703297
306273.411807,2653866.126422,0.346718005133847,0.0155848918225156,0.000733406674000733,0.10982764943161,0.112211221122112,0.414924825815915
306773.411807,2653866.126422,0.129120879120879,0.101831501831502,0.000915750915750916,0.17014652014652,0.112087912087912,0.485897435897436
307273.411807,2653866.126422,0.0948717948717949,0.136996336996337,0,0.0137362637362637,0.0507326007326007,0.703663003663004
307773.411807,2653866.126422,0.144481114778144,0.100660066006601,0.0011001100110011,0.0788412174550788,0.0808580858085809,0.594059405940594
308273.411807,2653866.126422,0.128571428571429,0.0891941391941392,0.0148351648351648,0.273260073260073,0.0831501831501831,0.410989010989011
308773.411807,2653866.126422,0.105494505494505,0.167399267399267,0.000366300366300366,0.191208791208791,0.11996336996337,0.415567765567766
309273.411807,2653866.126422,0.0757242390905757,0.17986798679868,0.0194352768610194,0.23010634396773,0.111844517785112,0.383021635496883
309773.411807,2653866.126422,0.207142857142857,0.0225274725274725,0.0271062271062271,0.365567765567766,0.0820512820512821,0.295604395604396
310273.411807,2653866.126422,0.0362637362637363,0.0252747252747253,0.0366300366300366,0.822710622710623,0.0624542124542125,0.0166666666666667
310773.411807,2653866.126422,0.0498716538320499,0.0416208287495416,0.0297029702970297,0.803997066373304,0.0498716538320499,0.0249358269160249
311273.411807,2653866.126422,0.0723443223443224,0.0391941391941392,0.0282051282051282,0.656227106227106,0.0868131868131868,0.117216117216117
311773.411807,2653866.126422,0.0668498168498168,0.056043956043956,0.0221611721611722,0.425274725274725,0.0831501831501831,0.346520146520147
312273.411807,2653866.126422,0.717638430509718,0.00751741840850752,0.00146681334800147,0.0524385771910524,0.037037037037037,0.183901723505684
312773.411807,2653866.126422,0.310989010989011,0.105677655677656,0.00164835164835165,0.146886446886447,0.155860805860806,0.278937728937729
313273.411807,2653866.126422,0.247252747252747,0.0454212454212454,0.0117216117216117,0.363736263736264,0.120695970695971,0.211172161172161
301273.411807,2653366.126422,0.854392077755364,0.0154043645699615,0,0,0,0.130203557674674
301773.411807,2653366.126422,0.964266080263881,0.0282206340480117,0,0,0,0.00751328568810702
302273.411807,2653366.126422,0.985501926959075,0.00991007524316388,0,0,0,0.00458799779776106
302773.411807,2653366.126422,0.993764900055016,0.00623509994498441,0,0,0,0
303273.411807,2653366.126422,0.971412864211105,0.0284038849184534,0,0,0,0.000183250870441635
303773.411807,2653366.126422,0.967516975591852,0.00275279867865663,0,0,0,0.0297302257294917
304273.411807,2653366.126422,0.931047130020172,0,0,0,0,0.0689528699798276
304773.411807,2653366.126422,0.969397104636247,0,0,0,0,0.030602895363753
305273.411807,2653366.126422,0.827491282804184,0,0,0,0.000183519911910442,0.172325197283905
305773.411807,2653366.126422,0.579680909591051,0.00366770584999083,0,0.00733541169998166,0.0265908674124335,0.382725105446543
306273.411807,2653366.126422,0.268645776067436,0.0469122228330585,0.000183250870441635,0.0390324354040682,0.0390324354040682,0.606193879420927
306773.411807,2653366.126422,0.126995779042026,0.169388878693338,0.000183519911910442,0.0647825289043861,0.0827674802716095,0.55588181317673
307273.411807,2653366.126422,0.104713002017238,0.101412066752246,0.00348432055749129,0.206125068769485,0.092792958004768,0.491472583898771
307773.411807,2653366.126422,0.16144401685908,0.0960234561114165,0.00329851566794942,0.239508887667216,0.0974894630749496,0.402235660619388
308273.411807,2653366.126422,0.0824004404477886,0.237841805835933,0,0.0189025509267756,0.0570746926041475,0.603780510185355
308773.411807,2653366.126422,0.109114249037227,0.238034109664405,0.000183385292499542,0.0500641848523748,0.0744544287548139,0.52814964239868
309273.411807,2653366.126422,0.102620487447315,0.115081546637347,0.00733003481766538,0.16932380428807,0.14458493677845,0.461059190031153
309773.411807,2653366.126422,0.109561387410534,0.0321159845843274,0.0502844558634612,0.470728574050284,0.0862543585979079,0.251055239493485
310273.411807,2653366.126422,0.102879149092243,0.0423620025673941,0.0297084173849257,0.510544654318724,0.0720704199523198,0.242435356684394
310773.411807,2653366.126422,0.197177936595199,0.0844786512735936,0.0139270661535642,0.348543155579989,0.0888766721641928,0.266996518233462
311273.411807,2653366.126422,0.0607450908423564,0.0293631859056708,0.057258212516058,0.737750045879978,0.065149568728207,0.0497338961277299
311773.411807,2653366.126422,0.129470016504676,0.0524481936548689,0.011186502842472,0.544287548138639,0.149092242802127,0.113515496057216
312273.411807,2653366.126422,0.348359904709547,0.072200842954004,0.000733003481766538,0.0995052226498076,0.102253985706432,0.376947040498442
312773.411807,2653366.126422,0.279317305927693,0.0657001284639383,0.000917599559552211,0.126812259130116,0.125894659570563,0.401358047348137
313273.411807,2653366.126422,0.194755180634513,0.0561158995048597,0.0183385292499542,0.414634146341463,0.124885384192188,0.191270860077022
301273.411807,2652866.126422,0.845166024582645,0.00458631443771785,0,0,0,0.150247660979637
301773.411807,2652866.126422,0.98040293040293,0,0,0,0,0.0195970695970696
302273.411807,2652866.126422,0.984220183486239,0.00532110091743119,0,0,0,0.0104587155963303
302773.411807,2652866.126422,0.986974866996881,0.0130251330031187,0,0,0,0
303273.411807,2652866.126422,0.956959706959707,0.0366300366300366,0,0,0,0.00641025641025641
303773.411807,2652866.126422,0.969357798165138,0.00165137614678899,0,0,0,0.0289908256880734
304273.411807,2652866.126422,0.96716198862594,0,0,0,0,0.0328380113740598
304773.411807,2652866.126422,0.955311355311355,0.00146520146520147,0,0,0,0.0432234432234432
305273.411807,2652866.126422,0.899266055045872,0,0,0,0,0.100733944954128
305773.411807,2652866.126422,0.818015043111356,0.00587048248027885,0,0.00898917629792699,0.00587048248027885,0.16125481563016
306273.411807,2652866.126422,0.272710622710623,0.13021978021978,0,0.00293040293040293,0.0111721611721612,0.582967032967033
306773.411807,2652866.126422,0.098348623853211,0.248440366972477,0,0.0121100917431193,0.0311926605504587,0.609908256880734
307273.411807,2652866.126422,0.0807191341038342,0.351678591084205,0.00348559897266557,0.17978352595854,0.0818198495688864,0.302513300311869
307773.411807,2652866.126422,0.036996336996337,0.0327838827838828,0.0315018315018315,0.757509157509157,0.0864468864468864,0.0547619047619048
308273.411807,2652866.126422,0.0722935779816514,0.132477064220183,0.00660550458715596,0.264587155963303,0.0691743119266055,0.454862385321101
308773.411807,2652866.126422,0.109337736195194,0.140157769216657,0.00715465052283985,0.173179233168226,0.0944780774169877,0.475692533480095
309273.411807,2652866.126422,0.120512820512821,0.121978021978022,0.0437728937728938,0.291758241758242,0.065018315018315,0.356959706959707
309773.411807,2652866.126422,0.0655045871559633,0.0289908256880734,0.0315596330275229,0.757798165137615,0.0708256880733945,0.0453211009174312
310273.411807,2652866.126422,0.158686479545038,0.075032104201064,0.00238488350761328,0.192441753806641,0.086589616584113,0.484865162355531
310773.411807,2652866.126422,0.146520146520147,0.0556776556776557,0.0351648351648352,0.472893772893773,0.0853479853479854,0.204395604395604
311273.411807,2652866.126422,0.0853211009174312,0.0357798165137615,0.0526605504587156,0.680733944954128,0.095045871559633,0.0504587155963303
311773.411807,2652866.126422,0.063474591818015,0.0548523206751055,0.0697119794533113,0.745184369840396,0.0517336268574573,0.0150431113557145
312273.411807,2652866.126422,0.218681318681319,0.0891941391941392,0.00970695970695971,0.31043956043956,0.127838827838828,0.244139194139194
312773.411807,2652866.126422,0.234495412844037,0.0721100917431193,0.0464220183486239,0.144220183486239,0.143853211009174,0.358899082568807
313273.411807,2652866.126422,0.0838378279214823,0.0447624289121262,0.153182902219776,0.304531278664465,0.0680609062557329,0.345624656026417
301273.411807,2652366.126422,0.892857142857143,0.0021978021978022,0,0,0,0.104945054945055
301773.411807,2652366.126422,0.95966263292996,0.00421708837550422,0,0,0,0.0361202786945361
302273.411807,2652366.126422,0.931135531135531,0.0593406593406593,0,0,0,0.00952380952380952
302773.411807,2652366.126422,0.98956043956044,0.00897435897435897,0,0,0,0.00146520146520147
303273.411807,2652366.126422,0.987715438210488,0.00971763843050972,0,0,0,0.00256692335900257
303773.411807,2652366.126422,0.895970695970696,0.0419413919413919,0,0,0,0.0620879120879121
304273.411807,2652366.126422,0.901465201465201,0.0117216117216117,0,0,0,0.0868131868131868
304773.411807,2652366.126422,0.931426475980931,0.000183351668500183,0,0,0,0.0683901723505684
305273.411807,2652366.126422,0.886630036630037,0,0,0,0,0.113369963369963
305773.411807,2652366.126422,0.860622710622711,0,0,0,0.000366300366300366,0.139010989010989
306273.411807,2652366.126422,0.291529152915292,0.226072607260726,0,0.00513384671800513,0.0187018701870187,0.458562522918959
306773.411807,2652366.126422,0.0802197802197802,0.247252747252747,0,0.00750915750915751,0.0197802197802198,0.645238095238095
307273.411807,2652366.126422,0.144505494505494,0.176923076923077,0.00256410256410256,0.120879120879121,0.102380952380952,0.452747252747253
307773.411807,2652366.126422,0.0764576457645765,0.314814814814815,0.00165016501650165,0.074990832416575,0.0595892922625596,0.472497249724972
308273.411807,2652366.126422,0.106959706959707,0.102197802197802,0.0194139194139194,0.347435897435897,0.0860805860805861,0.337912087912088
308773.411807,2652366.126422,0.0840659340659341,0.0787545787545788,0.032967032967033,0.603479853479853,0.06996336996337,0.130769230769231
309273.411807,2652366.126422,0.048954895489549,0.0335533553355336,0.0258525852585259,0.720938760542721,0.0643564356435644,0.106343967730106
309773.411807,2652366.126422,0.0443223443223443,0.0483516483516484,0.028021978021978,0.679120879120879,0.0732600732600733,0.126923076923077
310273.411807,2652366.126422,0.0826007326007326,0.0501831501831502,0.0258241758241758,0.655128205128205,0.0712454212454212,0.115018315018315
310773.411807,2652366.126422,0.0425375870920425,0.028969563623029,0.0377704437110378,0.78034470113678,0.0562889622295563,0.0540887422075541
311273.411807,2652366.126422,0.0175824175824176,0.0108058608058608,0.0454212454212454,0.892673992673993,0.0265567765567766,0.00695970695970696
311773.411807,2652366.126422,0.0445054945054945,0.0272893772893773,0.032967032967033,0.823992673992674,0.0543956043956044,0.0168498168498168
312273.411807,2652366.126422,0.117711771177118,0.0438210487715438,0.00898423175650898,0.565456545654565,0.127246057939127,0.136780344701137
312773.411807,2652366.126422,0.0201465201465201,0.0245421245421245,0.326923076923077,0.465384615384615,0.078021978021978,0.084981684981685
301273.411807,2651866.126422,0.981294700165047,0.011186502842472,0,0,0,0.0075187969924812
301773.411807,2651866.126422,0.663917903610042,0.119113065787062,0,0,0,0.216969030602895
302273.411807,2651866.126422,0.953569462286658,0,0,0,0,0.0464305377133419
302773.411807,2651866.126422,0.946268109297634,0.0207225380524482,0,0,0,0.0330093526499175
303273.411807,2651866.126422,0.961517317207257,0.0384826827927433,0,0,0,0
303773.411807,2651866.126422,0.815929528353826,0.0616626904019086,0,0,0,0.122407781244265
304273.411807,2651866.126422,0.902255639097744,0.0407115349348982,0,0,0,0.0570328259673574
304773.411807,2651866.126422,0.912222833058457,0,0,0,0,0.087777166941543
305273.411807,2651866.126422,0.860524866948064,0,0,0,0,0.139475133051936
305773.411807,2651866.126422,0.834953236750413,0.00110031175499725,0,0.00165046763249587,0.00715202640748212,0.155143957454612
306273.411807,2651866.126422,0.28367234744365,0.118013560564413,0,0.0267546270844787,0.0502107385010079,0.52134872640645
306773.411807,2651866.126422,0.0778124426500275,0.204441181868233,0.00385391815011929,0.224628372178381,0.0812993209763259,0.407964764176913
307273.411807,2651866.126422,0.0933431138822666,0.0262240968274344,0.0066018705299835,0.538235833486154,0.113698881349716,0.221896203924445
307773.411807,2651866.126422,0.0883269195528679,0.230529595015576,0.00164925783397471,0.0670698185816383,0.0494777350192413,0.562946673996702
308273.411807,2651866.126422,0.112497706001101,0.100201871903101,0.0113782345384474,0.165718480455129,0.0939621948981464,0.516241512204074
308773.411807,2651866.126422,0.102145607922245,0.0629011553273428,0.0346598202824134,0.455529066568861,0.0988446726572529,0.245919677241885
309273.411807,2651866.126422,0.0822796408282939,0.0557082646142569,0.017042330951072,0.610408649441085,0.0971229613340663,0.137438152831226
309773.411807,2651866.126422,0.0899247568361167,0.0638649293448339,0.0418425399155808,0.535694622866581,0.113598825472564,0.155074325564324
310273.411807,2651866.126422,0.120484137172199,0.037593984962406,0.0165046763249587,0.558958371538603,0.0702365670273244,0.196222262974509
310773.411807,2651866.126422,0.0659703133589885,0.0450797141286421,0.0474619754443834,0.640461792193513,0.097306212204508,0.103719992669965
311273.411807,2651866.126422,0.0178014314553129,0.0258763075793724,0.0565241328684162,0.830427601394751,0.0464305377133419,0.0229399889888053
311773.411807,2651866.126422,0.124701998899688,0.0379607555474051,0.0146708233999633,0.405831652301485,0.106180084357235,0.310654685494223
312273.411807,2651866.126422,0.040131940626718,0.0608392889866227,0.164925783397471,0.347810152098222,0.126076598863845,0.260216236027121
301273.411807,2651366.126422,0.94863327829756,0,0,0.000550357732526142,0.00476976701522656,0.0460465969546872
301773.411807,2651366.126422,0.878937728937729,0,0,0,0,0.121062271062271
302273.411807,2651366.126422,0.874128440366972,0,0,0,0,0.125871559633028
302773.411807,2651366.126422,0.883507613281967,0.00238488350761328,0,0,0,0.11410750321042
303273.411807,2651366.126422,0.764652014652015,0.000915750915750916,0,0,0,0.234432234432234
303773.411807,2651366.126422,0.883119266055046,0.0473394495412844,0,0,0,0.0695412844036697
304273.411807,2651366.126422,0.927169326729041,0.00366905155017428,0,0,0,0.0691616217207852
304773.411807,2651366.126422,0.902197802197802,0,0,0,0,0.0978021978021978
305273.411807,2651366.126422,0.858165137614679,0,0,0,0,0.141834862385321
305773.411807,2651366.126422,0.759860576041093,0.0574206567602275,0,0,0,0.182718767198679
306273.411807,2651366.126422,0.0948717948717949,0.18003663003663,0.000183150183150183,0.0234432234432234,0.0384615384615385,0.663003663003663
306773.411807,2651366.126422,0.118165137614679,0.180183486238532,0.00110091743119266,0.144036697247706,0.096697247706422,0.459816513761468
307273.411807,2651366.126422,0.0640249495505412,0.202715098147129,0.00550357732526142,0.260135754907356,0.0742982938910292,0.393322326178683
307773.411807,2651366.126422,0.0494505494505494,0.193040293040293,0.000915750915750916,0.143040293040293,0.1003663003663,0.513186813186813
308273.411807,2651366.126422,0.0743119266055046,0.156697247706422,0.0143119266055046,0.289357798165138,0.0787155963302752,0.386605504587156
308773.411807,2651366.126422,0.149146945514584,0.0990643918547056,0.00091726288754357,0.105668684645019,0.0772335351311686,0.567969179966978
309273.411807,2651366.126422,0.106776556776557,0.151465201465201,0.000549450549450549,0.169047619047619,0.0851648351648352,0.486996336996337
309773.411807,2651366.126422,0.0957798165137615,0.0899082568807339,0.0262385321100917,0.343669724770642,0.086605504587156,0.357798165137615
310273.411807,2651366.126422,0.066042927903137,0.0592551825353146,0.0515501742799486,0.674004769767015,0.0864061640066043,0.0627407815079802
310773.411807,2651366.126422,0.0472527472527473,0.0384615384615385,0.00989010989010989,0.683333333333333,0.103479853479853,0.117582417582418
311273.411807,2651366.126422,0.111376146788991,0.0451376146788991,0.00201834862385321,0.105321100917431,0.0831192660550459,0.65302752293578
311773.411807,2651366.126422,0.094294624839479,0.14547789396441,0.000366905155017428,0.0809025866813429,0.103467253714915,0.575490735644836
301273.411807,2650866.126422,0.484249084249084,0.0527472527472527,0,0.0860805860805861,0.0972527472527473,0.27967032967033
301773.411807,2650866.126422,0.838283828382838,0.00348368170150348,0,0,0.00183351668500183,0.156398973230656
302273.411807,2650866.126422,0.878937728937729,0.028021978021978,0,0,0,0.093040293040293
302773.411807,2650866.126422,0.70018315018315,0.0862637362637363,0,0,0,0.213553113553114
303273.411807,2650866.126422,0.865053171983865,0,0,0,0,0.134946828016135
303773.411807,2650866.126422,0.914102564102564,0,0,0,0,0.0858974358974359
304273.411807,2650866.126422,0.926373626373626,0,0,0,0,0.0736263736263736
304773.411807,2650866.126422,0.845251191785845,0,0,0,0,0.154748808214155
305273.411807,2650866.126422,0.761172161172161,0,0,0,0.000366300366300366,0.238461538461538
305773.411807,2650866.126422,0.297619047619048,0.117216117216117,0,0.00384615384615385,0.0210622710622711,0.56025641025641
306273.411807,2650866.126422,0.0506050605060506,0.261092775944261,0.00531719838650532,0.0221855518885222,0.0348368170150348,0.625962596259626
306773.411807,2650866.126422,0.0408424908424908,0.363736263736264,0.00238095238095238,0.0272893772893773,0.0188644688644689,0.546886446886447
307273.411807,2650866.126422,0.0580586080586081,0.229487179487179,0.0010989010989011,0.0347985347985348,0.052014652014652,0.624542124542125
307773.411807,2650866.126422,0.0738907224055739,0.273927392739274,0.00128346167950128,0.0502383571690502,0.0742574257425743,0.526402640264026
308273.411807,2650866.126422,0.116117216117216,0.163369963369963,0.017032967032967,0.297252747252747,0.0877289377289377,0.318498168498168
308773.411807,2650866.126422,0.104395604395604,0.265384615384615,0,0.0324175824175824,0.0586080586080586,0.539194139194139
309273.411807,2650866.126422,0.0854418775210854,0.332233223322332,0.00293362669600293,0.0427209387605427,0.048038137147048,0.488632196552989
309773.411807,2650866.126422,0.0928571428571429,0.252014652014652,0.00201465201465201,0.165201465201465,0.121611721611722,0.366300366300366
310273.411807,2650866.126422,0.0956043956043956,0.136630036630037,0.0113553113553114,0.36978021978022,0.0787545787545788,0.307875457875458
310773.411807,2650866.126422,0.0759075907590759,0.112211221122112,0.00861752841950862,0.289328932893289,0.0902090209020902,0.423725705903924
311273.411807,2650866.126422,0.0580586080586081,0.113736263736264,0.00457875457875458,0.0864468864468864,0.0778388278388278,0.659340659340659
311773.411807,2650866.126422,0.0868131868131868,0.0595238095238095,0.296153846153846,0.226373626373626,0.0750915750915751,0.256043956043956
301273.411807,2650366.126422,0.182835136622043,0.223179900971942,0.0429121584448927,0.287181368054282,0.0141206675224647,0.249770768384376
301773.411807,2650366.126422,0.685358255451713,0.0491112332783581,0.00128275609309144,0.0196078431372549,0.0181418361737218,0.22649807586586
302273.411807,2650366.126422,0.926775555147734,0.00146815929528354,0,0,0,0.0717562855569829
302773.411807,2650366.126422,0.841371721987897,0.00825233816247937,0,0,0,0.150375939849624
303273.411807,2650366.126422,0.957852299798424,0,0,0,0,0.042147700201576
303773.411807,2650366.126422,0.846210313819049,0,0,0,0,0.153789686180951
304273.411807,2650366.126422,0.907207041995232,0,0,0,0,0.092792958004768
304773.411807,2650366.126422,0.614073666849917,0.00219901044529962,0,0.00109950522264981,0.00696353307678211,0.375664284405351
305273.411807,2650366.126422,0.281336024958708,0.087538997981281,0.0187190310148651,0.011194714626537,0.0310148651128647,0.570196366305744
305773.411807,2650366.126422,0.142490372272144,0.160828901522098,0,0.0311754997249221,0.0553823583348615,0.610122868145975
306273.411807,2650366.126422,0.0509437419827744,0.332233828110684,0.000366501740883269,0.0274876305662452,0.0461792193512919,0.542789078248122
306773.411807,2650366.126422,0.0592769315470729,0.374013580473481,0.000734079647641769,0.0291796659937603,0.0396403009726555,0.497155441365388
307273.411807,2650366.126422,0.125985695947185,0.128919860627178,0.00770218228498074,0.0896754080322758,0.12396845772969,0.523748395378691
307773.411807,2650366.126422,0.0689023272860546,0.188198643943559,0.000733003481766538,0.157229246838922,0.141103170240059,0.443833608209639
308273.411807,2650366.126422,0.0768948430904753,0.270508350155992,0,0.0231235089007157,0.0565241328684162,0.572949164984401
308773.411807,2650366.126422,0.0718870346598203,0.313038694296717,0.000366770584999083,0.0579497524298551,0.0729873464148175,0.483770401613791
309273.411807,2650366.126422,0.0965732087227414,0.168774051676745,0.00183250870441635,0.112699285321605,0.0914421843503757,0.528678761224116
309773.411807,2650366.126422,0.102037071022206,0.241695723986052,0.00807487612405946,0.0847861993026243,0.0633143696091026,0.500091759955955
310273.411807,2650366.126422,0.0702365670273244,0.0902255639097744,0.0540986612873648,0.519163763066202,0.0799559875298001,0.186319457179534
310773.411807,2650366.126422,0.0623052959501558,0.13340663368151,0.000366501740883269,0.148433205057724,0.0685358255451713,0.586952538024556
311273.411807,2650366.126422,0.0844191594788034,0.159111763626353,0.00201871903101487,0.163699761424115,0.104422829877042,0.486327766562672
301273.411807,2649866.126422,0.7347275729224,0.000366905155017428,0,0.00091726288754357,0.00220143093010457,0.261786828104935
301773.411807,2649866.126422,0.0516483516483516,0.126373626373626,0.0565934065934066,0.0782051282051282,0.00347985347985348,0.683699633699634
302273.411807,2649866.126422,0.598899082568807,0.115596330275229,0.0644036697247706,0.0814678899082569,0.00073394495412844,0.138899082568807
302773.411807,2649866.126422,0.968446156668501,0,0,0,0,0.0315538433314988
303273.411807,2649866.126422,0.826373626373626,0.0146520146520147,0,0.000732600732600733,0.00274725274725275,0.155494505494505
303773.411807,2649866.126422,0.417798165137615,0.0211009174311927,0,0.00422018348623853,0.0223853211009174,0.534495412844037
304273.411807,2649866.126422,0.275912676573106,0.0631076866629976,0,0.0119244175380664,0.0355898000366905,0.61346541918914
304773.411807,2649866.126422,0.142307692307692,0.0168498168498168,0,0.0128205128205128,0.0243589743589744,0.803663003663004
305273.411807,2649866.126422,0.0675229357798165,0.181100917431193,0.00807339449541284,0.00422018348623853,0.00844036697247706,0.730642201834862
305773.411807,2649866.126422,0.215740231150248,0.0996147495872317,0.000550357732526142,0.0922766464868831,0.254265272427078,0.337552742616034
306273.411807,2649866.126422,0.0401098901098901,0.284798534798535,0,0.0434065934065934,0.0432234432234432,0.588461538461538
306773.411807,2649866.126422,0.107706422018349,0.299816513761468,0,0.0407339449541284,0.061651376146789,0.490091743119266
307273.411807,2649866.126422,0.0704457897633462,0.265639332232618,0.001284168042561,0.0465969546872134,0.0695285268758026,0.546505228398459
307773.411807,2649866.126422,0.0505494505494506,0.298717948717949,0.00384615384615385,0.163186813186813,0.0998168498168498,0.383882783882784
308273.411807,2649866.126422,0.0656880733944954,0.512293577981651,0,0.0693577981651376,0.073394495412844,0.279266055045872
308773.411807,2649866.126422,0.129517519721152,0.145844799119428,0.00238488350761328,0.150431113557145,0.118326912493121,0.453494771601541
309273.411807,2649866.126422,0.20970695970696,0.0245421245421245,0,0.0293040293040293,0.0644688644688645,0.671978021978022
309773.411807,2649866.126422,0.150091743119266,0.147889908256881,0.0115596330275229,0.195045871559633,0.0761467889908257,0.419266055045872
310273.411807,2649866.126422,0.120161438268208,0.0996147495872317,0.02568336085122,0.361034672537149,0.09557879288204,0.297926985874152
310773.411807,2649866.126422,0.06996336996337,0.192124542124542,0.0126373626373626,0.218131868131868,0.114652014652015,0.392490842490842
311273.411807,2649866.126422,0.0777981651376147,0.0955963302752294,0.0141284403669725,0.131192660550459,0.0805504587155963,0.600733944954128
301273.411807,2649366.126422,0.631501831501831,0.0214285714285714,0,0.00402930402930403,0.00750915750915751,0.335531135531136
301773.411807,2649366.126422,0.282728272827283,0.0172350568390172,0,0.0902090209020902,0.0832416574990832,0.526585991932527
302273.411807,2649366.126422,0.182051282051282,0.00934065934065934,0.00128205128205128,0.000183150183150183,0.0141025641025641,0.793040293040293
302773.411807,2649366.126422,0.067032967032967,0.163736263736264,0.0880952380952381,0.401098901098901,0.0445054945054945,0.235531135531136
303273.411807,2649366.126422,0.194352768610194,0.0498716538320499,0.0143014301430143,0.0392372570590392,0.0368536853685369,0.665383204987165
303773.411807,2649366.126422,0.175274725274725,0.101465201465201,0.00347985347985348,0.113553113553114,0.110805860805861,0.495421245421245
304273.411807,2649366.126422,0.113186813186813,0.154945054945055,0,0.00366300366300366,0.013003663003663,0.715201465201465
304773.411807,2649366.126422,0.132013201320132,0.171800513384672,0,0.0141180784745141,0.0229189585625229,0.659149248258159
305273.411807,2649366.126422,0.0886446886446886,0.171611721611722,0.000366300366300366,0.01996336996337,0.0357142857142857,0.683699633699634
305773.411807,2649366.126422,0.248168498168498,0.104578754578755,0.000732600732600733,0.0545787545787546,0.0672161172161172,0.524725274725275
306273.411807,2649366.126422,0.236340300696736,0.186835350201687,0.000733406674000733,0.103226989365603,0.0744407774110744,0.398423175650898
306773.411807,2649366.126422,0.141941391941392,0.306959706959707,0,0.036996336996337,0.0641025641025641,0.45
307273.411807,2649366.126422,0.0875457875457875,0.374908424908425,0,0.0353479853479853,0.0576923076923077,0.444505494505494
307773.411807,2649366.126422,0.0361202786945361,0.484048404840484,0,0.0517051705170517,0.0696736340300697,0.358452511917858
308273.411807,2649366.126422,0.039010989010989,0.559340659340659,0,0.017032967032967,0.0188644688644689,0.365750915750916
308773.411807,2649366.126422,0.242490842490842,0.116300366300366,0.0010989010989011,0.0897435897435897,0.140842490842491,0.40952380952381
309273.411807,2649366.126422,0.125779244591126,0.164283094976164,0,0.0579391272460579,0.0801246791345801,0.571873854052072
309773.411807,2649366.126422,0.134615384615385,0.128754578754579,0.0221611721611722,0.318131868131868,0.0983516483516483,0.297985347985348
310273.411807,2649366.126422,0.0945054945054945,0.357509157509158,0.00274725274725275,0.0855311355311355,0.0864468864468864,0.373260073260073
310773.411807,2649366.126422,0.0753575357535754,0.174734140080675,0.0111844517785112,0.246424642464246,0.0903923725705904,0.401906857352402
311273.411807,2649366.126422,0.0595238095238095,0.175824175824176,0.000732600732600733,0.0946886446886447,0.0776556776556777,0.591575091575092
311773.411807,2649366.126422,0.084981684981685,0.0663003663003663,0.367399267399267,0.174725274725275,0.043956043956044,0.262637362637363
301273.411807,2648866.126422,0.582615074271043,0.0223730056849441,0,0.00201723821749496,0.0152209792774619,0.377773702549056
301773.411807,2648866.126422,0.701484332050577,0.00806303829943192,0,0,0.00311526479750779,0.287337364852483
302273.411807,2648866.126422,0.481923288676821,0.00513855753349238,0.000367039823820885,0.00752431638832813,0.0218388695173426,0.483207928060195
302773.411807,2648866.126422,0.322758114799193,0.1998899688245,0,0.0183385292499542,0.0143040528149642,0.444709334311388
303273.411807,2648866.126422,0.101887483965549,0.27799157045996,0.0588235294117647,0.328935312442734,0.0106285504856148,0.221733553234378
303773.411807,2648866.126422,0.106625068819967,0.011194714626537,0.000367039823820885,0.07469260414755,0.0242246283721784,0.782895944209947
304273.411807,2648866.126422,0.182835136622043,0.0717036493673207,0.000550155877498625,0.00825233816247937,0.0273244085824317,0.709334311388227
304773.411807,2648866.126422,0.139820414146967,0.168041048194979,0.000916254352208173,0.0373831775700935,0.0221733553234378,0.631665750412314
305273.411807,2648866.126422,0.196733345567994,0.131767296751698,0.000550559735731327,0.0469810974490732,0.04147550009176,0.582492200403744
305773.411807,2648866.126422,0.147075004584632,0.125985695947185,0.00330093526499175,0.116816431322208,0.10397946084724,0.502842472033743
306273.411807,2648866.126422,0.124610591900312,0.289902877038666,0,0.00403151914971596,0.00916254352208173,0.572292468389225
306773.411807,2648866.126422,0.11194714626537,0.264635712974858,0,0.0222059093411635,0.0306478252890439,0.570563406129565
307273.411807,2648866.126422,0.137538969374656,0.17586649550706,0,0.0451127819548872,0.0526315789473684,0.588850174216028
307773.411807,2648866.126422,0.12112882536192,0.433021806853583,0,0.0192413413963716,0.0346344145134689,0.391973611874656
308273.411807,2648866.126422,0.0196366305744173,0.485960726738851,0,0.02073775004588,0.0363369425582676,0.437327950082584
308773.411807,2648866.126422,0.0341096644049147,0.353383458646617,0,0.0291582615074271,0.0452961672473868,0.538052448193655
309273.411807,2648866.126422,0.13230712845886,0.228147333699835,0.00861279091075683,0.0720175920835624,0.0557082646142569,0.503206890232729
309773.411807,2648866.126422,0.113231785648743,0.231602128830978,0.0212883097816113,0.231418608919068,0.0943292347219673,0.308129932097633
310273.411807,2648866.126422,0.0711534934898221,0.160828901522098,0.00495140289748762,0.173299101412067,0.100311754997249,0.489455345681276
310773.411807,2648866.126422,0.0822796408282939,0.124610591900312,0.00256551218618288,0.157045995968481,0.0916254352208173,0.541872823895914
311273.411807,2648866.126422,0.124793540099101,0.216186456230501,0.00201871903101487,0.0601945311066251,0.0341347036153423,0.562672049917416
311773.411807,2648866.126422,0.037593984962406,0.039611223179901,0.57619658903356,0.0982945167797543,0.0150375939849624,0.233266092059417
301273.411807,2648366.126422,0.622087690332049,0.00532012474775271,0,0.00110071546505228,0.00550357732526142,0.365987892129884
301773.411807,2648366.126422,0.582967032967033,0,0,0,0,0.417032967032967
302273.411807,2648366.126422,0.858715596330275,0.00018348623853211,0,0,0.00036697247706422,0.140733944954128
302773.411807,2648366.126422,0.787195010089892,0.00311869381764814,0,0,0.00091726288754357,0.208769033204917
303273.411807,2648366.126422,0.0360805860805861,0.282417582417582,0.0478021978021978,0.180586080586081,0.00293040293040293,0.45018315018315
303773.411807,2648366.126422,0,0.256880733944954,0.0106422018348624,0.311376146788991,0.0165137614678899,0.404587155963303
304273.411807,2648366.126422,0.136488717666483,0.0177949000183453,0.000550357732526142,0.118693817648138,0.0517336268574573,0.67473858007705
304773.411807,2648366.126422,0.148901098901099,0.191391941391941,0.000183150183150183,0.00384615384615385,0.0163003663003663,0.639377289377289
305273.411807,2648366.126422,0.121284403669725,0.173761467889908,0,0.0693577981651376,0.0625688073394495,0.57302752293578
305773.411807,2648366.126422,0.0513667217024399,0.347275729223996,0.000183452577508714,0.0229315721885892,0.0225646670335718,0.555677857273895
306273.411807,2648366.126422,0.0353479853479853,0.593589743589744,0,0,0.00311355311355311,0.367948717948718
306773.411807,2648366.126422,0.0445871559633028,0.246788990825688,0,0.00330275229357798,0.00715596330275229,0.698165137614679
307273.411807,2648366.126422,0.0352228948816731,0.199229499174463,0,0.00146762062006971,0.00495321959273528,0.759126765731059
307773.411807,2648366.126422,0.0324175824175824,0.254945054945055,0,0.0289377289377289,0.0315018315018315,0.652197802197802
308273.411807,2648366.126422,0.100733944954128,0.266422018348624,0.00018348623853211,0.0919266055045872,0.0807339449541284,0.46
308773.411807,2648366.126422,0.0478811227297744,0.576958356264906,0.00183452577508714,0.0181618051733627,0.0302696752889378,0.324894514767932
309273.411807,2648366.126422,0.158608058608059,0.0694139194139194,0.00146520146520147,0.115201465201465,0.134615384615385,0.520695970695971
309773.411807,2648366.126422,0.122201834862385,0.031743119266055,0.00954128440366972,0.213577981651376,0.118165137614679,0.504770642201835
310273.411807,2648366.126422,0.0766831773986425,0.0519170794349661,0.00843881856540084,0.329297376628142,0.10988809392772,0.423775454045129
310773.411807,2648366.126422,0.0452380952380952,0.0952380952380952,0.0161172161172161,0.377838827838828,0.152197802197802,0.313369963369963
311273.411807,2648366.126422,0.0543119266055046,0.102752293577982,0.171009174311927,0.0122935779816514,0.0168807339449541,0.642752293577982
311773.411807,2648366.126422,0,0.067327095945698,0.363419556044762,0.56925334800954,0,0
301273.411807,2647866.126422,0.741575091575092,0.00164835164835165,0,0.000183150183150183,0.00274725274725275,0.253846153846154
301773.411807,2647866.126422,0.170517051705171,0.0341034103410341,0.386688668866887,0.0320865419875321,0.0573890722405574,0.319215254858819
302273.411807,2647866.126422,0.694139194139194,0.0283882783882784,0.127472527472527,0.0437728937728938,0.000366300366300366,0.105860805860806
302773.411807,2647866.126422,0.976373626373626,0,0,0,0,0.0236263736263736
303273.411807,2647866.126422,0.730473047304731,0.0779244591125779,0,0,0,0.191602493582692
