"x","y","forest","agri","water","built","other","grass"
239273.411807,2737866.126422,0,0,0.276595744680851,0.723404255319149,0,0
239773.411807,2737866.126422,0.00110987791342952,0.0216426193118757,0.483906770255272,0.428042915279319,0.037920828708842,0.0273769885312616
240273.411807,2737866.126422,0.160740740740741,0.0512962962962963,0.0116666666666667,0.199074074074074,0.102222222222222,0.475
240773.411807,2737866.126422,0.260684551341351,0.0384828862164662,0.00185013876040703,0.446993524514339,0.093432007400555,0.158556891766883
241273.411807,2737866.126422,0.582870884202738,0.00610432852386238,0,0.00147983721790603,0.00277469478357381,0.40677025527192
241773.411807,2737866.126422,0.452037037037037,0.0542592592592593,0.00111111111111111,0.00333333333333333,0.0122222222222222,0.477037037037037
242273.411807,2737866.126422,0.424421831637373,0.0329324699352451,0.000740055504162812,0.00980573543015726,0.0299722479185939,0.502127659574468
242773.411807,2737866.126422,0.393266740658528,0.170181280059194,0,0.0155382907880133,0.0800961894191639,0.340917499075102
243273.411807,2737866.126422,0.52462962962963,0.0775925925925926,0.00351851851851852,0.0216666666666667,0.0398148148148148,0.332777777777778
243773.411807,2737866.126422,0.471970397779833,0.111378353376503,0.00148011100832562,0.0384828862164662,0.0547641073080481,0.321924144310823
244273.411807,2737866.126422,0.298557158712542,0.156677765445801,0,0.00628930817610063,0.0201627820939697,0.518312985571587
244773.411807,2737866.126422,0.415740740740741,0.00925925925925926,0,0.00777777777777778,0.0203703703703704,0.546851851851852
245273.411807,2737866.126422,0.665309898242368,0.00740055504162812,0,0.011840888066605,0.0207215541165587,0.29472710453284
245773.411807,2737866.126422,0.63984461709212,0.024047354790973,0,0.0316315205327414,0.0775064742878283,0.226970033296337
246273.411807,2737866.126422,0.515555555555556,0.00925925925925926,0,0.0281481481481481,0.0781481481481481,0.368888888888889
246773.411807,2737866.126422,0.651063829787234,0.0138760407030527,0,0.0155411655874191,0.0259019426456984,0.293617021276596
247273.411807,2737866.126422,0.606548279689234,0.00166481687014428,0,0.00295967443581206,0.00998890122086571,0.378838327783944
247773.411807,2737866.126422,0.484074074074074,0.022037037037037,0,0.0701851851851852,0.0885185185185185,0.335185185185185
248273.411807,2737866.126422,0.596669750231267,0.00111008325624422,0,0.00795559666975023,0.0179463459759482,0.37631822386679
248773.411807,2737866.126422,0.640214576396596,0.00573436921938587,0,0.00850906400295967,0.0175730669626341,0.327968923418424
249273.411807,2737866.126422,0.609074074074074,0.0122222222222222,0,0.0122222222222222,0.0240740740740741,0.342407407407407
249773.411807,2737866.126422,0.500093580385551,0.0102938424106307,0.000187160771102377,0.0447314242934681,0.0260153471832304,0.418678644956017
238273.411807,2737366.126422,0,0,0.0157711351549606,0.984228864845039,0,0
238773.411807,2737366.126422,0,0.0102620487447315,0.29375114531794,0.684442001099505,0.00934579439252336,0.00219901044529962
239273.411807,2737366.126422,0.0266103872270141,0.0699210864378785,0.030280785465223,0.53092310515691,0.0726738851165352,0.26959075059644
239773.411807,2737366.126422,0.0949935815147625,0.184485604254539,0.0128369704749679,0.253438474234366,0.114615807812213,0.339629561709151
240273.411807,2737366.126422,0.181418361737218,0.0562580172255818,0.0368334249587686,0.202492211838006,0.0798973795125527,0.443100604727872
240773.411807,2737366.126422,0.189209029179666,0.0282620664342081,0.000917599559552211,0.421912277482107,0.159295283538264,0.200403743806203
241273.411807,2737366.126422,0.231615624426921,0.0165046763249587,0,0.126352466532184,0.0902255639097744,0.535301668806162
241773.411807,2737366.126422,0.417811984606927,0.0852116547553601,0.000366501740883269,0.0258383727322705,0.0463624702217336,0.424409015942826
242273.411807,2737366.126422,0.364654064966049,0.017434391631492,0.00623967700495504,0.079647641769132,0.109561387410534,0.422462837217838
242773.411807,2737366.126422,0.410783055198973,0.0588666788923528,0.00385109114249037,0.0597836053548505,0.0590500641848524,0.407665505226481
243273.411807,2737366.126422,0.592450064137805,0.0437969580355507,0,0.0302363936228697,0.0241891148982958,0.309327469305479
243773.411807,2737366.126422,0.556982932648192,0.0559735731326849,0,0.0394567810607451,0.0499174160396403,0.297669297118737
244273.411807,2737366.126422,0.771318540253072,0.0232899321474418,0,0.00146708233999633,0.00550155877498625,0.198422886484504
244773.411807,2737366.126422,0.781564962433572,0.0201575957485798,0.000183250870441635,0.000549752611324904,0.00146600696353308,0.196078431372549
245273.411807,2737366.126422,0.730776289227381,0.00844191594788034,0,0.00550559735731327,0.0225729491649844,0.232703248302441
245773.411807,2737366.126422,0.62809462681093,0.0260407115349349,0,0.024390243902439,0.030808729139923,0.290665688611773
246273.411807,2737366.126422,0.539124060839289,0.0289536375297783,0.000183250870441635,0.00604727872457394,0.0113615539673813,0.414330218068536
246773.411807,2737366.126422,0.642686731510369,0.0473481372728941,0,0,0.000734079647641769,0.309231051569095
247273.411807,2737366.126422,0.694113332110765,0.0161379057399597,0,0.0133871263524665,0.0559325142123602,0.220429121584449
247773.411807,2737366.126422,0.601612607659886,0.043613707165109,0.00494777350192413,0.0120945574491479,0.0291368884002199,0.308594465823713
248273.411807,2737366.126422,0.741053404294366,0.104239309965131,0,0.000917599559552211,0.00458799779776106,0.14920168838319
248773.411807,2737366.126422,0.609939482853475,0.000183385292499542,0,0.00770218228498074,0.0163212910324592,0.365853658536585
249273.411807,2737366.126422,0.666666666666667,0.00384826827927433,0,0.0329851566794942,0.0188748396554884,0.277625068719076
249773.411807,2737366.126422,0.669511968825385,0.00167006865837818,0.000185563184264242,0.0645759881239562,0.0376693264056411,0.226387084802375
238273.411807,2736866.126422,0.12126215373326,0.0607228031553843,0.224729407448175,0.513850669601908,0.0183452577508714,0.0610897083104018
238773.411807,2736866.126422,0.196703296703297,0.0613553113553114,0.0254578754578755,0.242857142857143,0.0945054945054945,0.379120879120879
239273.411807,2736866.126422,0.234128440366972,0.0510091743119266,0,0.155596330275229,0.0948623853211009,0.464403669724771
239773.411807,2736866.126422,0.219592735277931,0.0794349660612732,0,0.0860392588515869,0.134837644468905,0.480095395340305
240273.411807,2736866.126422,0.0783882783882784,0.198351648351648,0.0241758241758242,0.182600732600733,0.112454212454212,0.404029304029304
240773.411807,2736866.126422,0.116330275229358,0.0700917431192661,0.0170642201834862,0.361100917431193,0.132844036697248,0.30256880733945
241273.411807,2736866.126422,0.28104934874335,0.0462300495321959,0,0.148963492937076,0.119977985690699,0.40377912309668
241773.411807,2736866.126422,0.346520146520147,0.034981684981685,0.00476190476190476,0.0391941391941392,0.0617216117216117,0.512820512820513
242273.411807,2736866.126422,0.637798165137615,0.0111926605504587,0,0.00458715596330275,0.00422018348623853,0.342201834862385
242773.411807,2736866.126422,0.594019445973216,0.0165107319757843,0,0.00605393505778756,0.0177949000183453,0.365620986974867
243273.411807,2736866.126422,0.537912087912088,0.056959706959707,0.00347985347985348,0.0633699633699634,0.0452380952380952,0.293040293040293
243773.411807,2736866.126422,0.772110091743119,0.0181651376146789,0,0.00495412844036697,0.0170642201834862,0.187706422018349
244273.411807,2736866.126422,0.704457897633462,0.0396257567418822,0,0.00642084021280499,0.016694184553293,0.232801320858558
244773.411807,2736866.126422,0.368315018315018,0.114285714285714,0.00146520146520147,0.017032967032967,0.0611721611721612,0.437728937728938
245273.411807,2736866.126422,0.422018348623853,0.151009174311927,0,0.00330275229357798,0.041651376146789,0.382018348623853
245773.411807,2736866.126422,0.520271509814713,0.0790680609062557,0,0.00898917629792699,0.0266006237387635,0.365070629242341
246273.411807,2736866.126422,0.573626373626374,0.0591575091575092,0,0.0353479853479853,0.0822344322344322,0.2496336996337
246773.411807,2736866.126422,0.824954128440367,0.00899082568807339,0.000917431192660551,0.00110091743119266,0.00330275229357798,0.160733944954128
247273.411807,2736866.126422,0.406164006604293,0.0410933773619519,0,0.0702623371858375,0.0983305815446707,0.384149697303247
247773.411807,2736866.126422,0.617216117216117,0.102197802197802,0.000549450549450549,0.00531135531135531,0.0104395604395604,0.264285714285714
248273.411807,2736866.126422,0.639816513761468,0.00458715596330275,0.00128440366972477,0.00348623853211009,0.018348623853211,0.332477064220183
248773.411807,2736866.126422,0.500275178866263,0.00697119794533113,0,0.0280682443588332,0.105852137222528,0.358833241607045
249273.411807,2736866.126422,0.668315018315018,0.00366300366300366,0,0.00659340659340659,0.0287545787545788,0.292673992673993
249773.411807,2736866.126422,0.62430426716141,0.00445269016697588,0,0.00779220779220779,0.0170686456400742,0.346382189239332
237773.411807,2736366.126422,0.142124542124542,0.173260073260073,0.17032967032967,0.40952380952381,0.028021978021978,0.0767399267399267
238273.411807,2736366.126422,0.345421245421245,0.164835164835165,0,0.127106227106227,0.0188644688644689,0.343772893772894
238773.411807,2736366.126422,0.66978364503117,0.0044004400440044,0,0.0155848918225156,0.0280528052805281,0.282178217821782
239273.411807,2736366.126422,0.60018315018315,0.00146520146520147,0,0.00494505494505494,0.00604395604395604,0.387362637362637
239773.411807,2736366.126422,0.41978021978022,0.00366300366300366,0,0.0413919413919414,0.0556776556776557,0.47948717948718
240273.411807,2736366.126422,0.256325632563256,0.209204253758709,0,0.0249358269160249,0.0381371470480381,0.471397139713971
240773.411807,2736366.126422,0.147985347985348,0.158974358974359,0.00128205128205128,0.115201465201465,0.108058608058608,0.468498168498168
241273.411807,2736366.126422,0.298901098901099,0.0335164835164835,0.0010989010989011,0.295054945054945,0.112271062271062,0.259157509157509
241773.411807,2736366.126422,0.704987165383205,0.00311697836450312,0,0.0390539053905391,0.048038137147048,0.204803813714705
242273.411807,2736366.126422,0.775824175824176,0.000366300366300366,0,0.0032967032967033,0.00604395604395604,0.214468864468864
242773.411807,2736366.126422,0.712820512820513,0.0188644688644689,0,0.000549450549450549,0.0120879120879121,0.255677655677656
243273.411807,2736366.126422,0.496516318298497,0.0775577557755776,0,0.00623395672900623,0.0223689035570224,0.397323065639897
243773.411807,2736366.126422,0.465018315018315,0.0509157509157509,0.00549450549450549,0.00641025641025641,0.0258241758241758,0.446336996336996
244273.411807,2736366.126422,0.565934065934066,0.0302197802197802,0,0.0142857142857143,0.0192307692307692,0.37032967032967
244773.411807,2736366.126422,0.544371103777044,0.113311331133113,0.00055005500550055,0.0174184085075174,0.0465713237990466,0.277777777777778
245273.411807,2736366.126422,0.751465201465201,0.0311355311355311,0,0,0,0.217399267399267
245773.411807,2736366.126422,0.808791208791209,0.000549450549450549,0,0.00183150183150183,0.00293040293040293,0.185897435897436
246273.411807,2736366.126422,0.664466446644664,0.00348368170150348,0,0.0282361569490282,0.048954895489549,0.254858819215255
246773.411807,2736366.126422,0.382417582417582,0.021978021978022,0,0.0844322344322344,0.121428571428571,0.38974358974359
247273.411807,2736366.126422,0.361904761904762,0.0401098901098901,0.00531135531135531,0.00128205128205128,0.017032967032967,0.574358974358974
247773.411807,2736366.126422,0.490832416574991,0,0,0.00421708837550422,0.00586725339200587,0.499083241657499
248273.411807,2736366.126422,0.543223443223443,0.00934065934065934,0,0.00238095238095238,0.00641025641025641,0.438644688644689
248773.411807,2736366.126422,0.83040293040293,0.0010989010989011,0,0.00146520146520147,0.00695970695970696,0.16007326007326
249273.411807,2736366.126422,0.578474514118078,0.00275027502750275,0,0.00641730839750642,0.0187018701870187,0.393656032269894
249773.411807,2736366.126422,0.497035939236754,0.000370507595405706,0,0.00129677658391997,0.0200074101519081,0.481289366432012
237773.411807,2735866.126422,0.307395852449991,0.226647091209396,0,0.105340429436594,0.0585428518994311,0.302073775004588
238273.411807,2735866.126422,0.442141940216395,0.0309921144324225,0,0.0372272143774069,0.0504309554373739,0.439207775536402
238773.411807,2735866.126422,0.24097489463075,0.0791643760307861,0,0.0256551218618288,0.0373831775700935,0.616822429906542
239273.411807,2735866.126422,0.460818498807121,0.0321159845843274,0,0.00880895577170123,0.0170673518076711,0.48118920902918
239773.411807,2735866.126422,0.651017788373372,0.00146708233999633,0,0,0,0.347515129286631
240273.411807,2735866.126422,0.480483782297966,0.0109950522264981,0,0.087777166941543,0.0509437419827744,0.369800256551219
240773.411807,2735866.126422,0.0959809139291613,0.195448706184621,0,0.181134153055607,0.097082033400624,0.430354193429987
241273.411807,2735866.126422,0.0381441408399046,0.0724371905373189,0.000733541169998166,0.442141940216395,0.105996699064735,0.340546488171649
241773.411807,2735866.126422,0.167674546454096,0.105185999633498,0.000366501740883269,0.192230163093275,0.137438152831226,0.397104636247022
242273.411807,2735866.126422,0.457882180216553,0.0721233253808038,0,0.00917599559552211,0.0251422279317306,0.43567627087539
242773.411807,2735866.126422,0.28791490922428,0.088391710984779,0,0.0691362552723272,0.10416284613974,0.450394278378874
243273.411807,2735866.126422,0.278174821330401,0.154113982041415,0,0.0153930731170973,0.045629466739967,0.50668865677112
243773.411807,2735866.126422,0.131767296751698,0.0880895577170123,0.00146815929528354,0.0945127546338778,0.0928610754266838,0.591301156175445
244273.411807,2735866.126422,0.180451127819549,0.206858609939483,0,0.0550155877498625,0.0872913992297818,0.470383275261324
244773.411807,2735866.126422,0.342312625984973,0.0487447315374748,0,0.0179585853032802,0.0339014110317024,0.557082646142569
245273.411807,2735866.126422,0.309414571481006,0.0633143696091026,0,0.0458799779776106,0.0579922921636998,0.523398788768581
245773.411807,2735866.126422,0.385842655419035,0.0744544287548139,0,0.0333761232349166,0.081606455162296,0.424720337428938
246273.411807,2735866.126422,0.365035733919736,0.0342679127725857,0,0.0549752611324904,0.121861828843687,0.423859263331501
246773.411807,2735866.126422,0.440447788585062,0.00532207744540283,0,0.0161497522481189,0.0282620664342081,0.509818315287209
247273.411807,2735866.126422,0.580781221346048,0.00476801760498808,0,0.000183385292499542,0.00385109114249037,0.410416284613974
247773.411807,2735866.126422,0.68829026937878,0,0,0.000733003481766538,0.00183250870441635,0.309144218435038
248273.411807,2735866.126422,0.629289777940907,0.00110111947146265,0,0.00752431638832813,0.0106441548908057,0.351440631308497
248773.411807,2735866.126422,0.65615257656336,0.00201723821749496,0,0.0117366587199707,0.0245736291949386,0.305519897304236
249273.411807,2735866.126422,0.677295217152281,0.0047645226314825,0,0.00348176653839106,0.0108118013560564,0.303646692321789
249773.411807,2735866.126422,0.611801818519206,0.01837075524216,0,0.0469474856188532,0.0424939691965114,0.28038597142327
237773.411807,2735366.126422,0.257247706422018,0.018348623853211,0,0.048256880733945,0.0543119266055046,0.621834862385321
238273.411807,2735366.126422,0.251880388919464,0.0495321959273528,0.00091726288754357,0.0486149330398092,0.103467253714915,0.545587965510915
238773.411807,2735366.126422,0.265934065934066,0.0448717948717949,0,0.0580586080586081,0.0428571428571429,0.588278388278388
239273.411807,2735366.126422,0.50697247706422,0.0460550458715596,0,0.018348623853211,0.0510091743119266,0.377614678899083
239773.411807,2735366.126422,0.594753256283251,0.00935608145294441,0.000183452577508714,0.0337552742616034,0.0458631443771785,0.316088791047514
240273.411807,2735366.126422,0.414102564102564,0.0362637362637363,0.00311355311355311,0.136630036630037,0.0853479853479854,0.324542124542125
240773.411807,2735366.126422,0.071743119266055,0.155779816513761,0.00018348623853211,0.345688073394495,0.133761467889908,0.292844036697248
241273.411807,2735366.126422,0.490185287103284,0.0548523206751055,0,0.0693450742982939,0.0273344340487984,0.358282883874518
241773.411807,2735366.126422,0.356776556776557,0.0972527472527473,0.00347985347985348,0.144139194139194,0.0714285714285714,0.326923076923077
242273.411807,2735366.126422,0.212844036697248,0.253577981651376,0,0.013394495412844,0.0675229357798165,0.452660550458716
242773.411807,2735366.126422,0.234085488901119,0.206751054852321,0.00091726288754357,0.0432948082920565,0.126215373325995,0.388736011740965
243273.411807,2735366.126422,0.564652014652015,0.0562271062271062,0,0.00384615384615385,0.0183150183150183,0.356959706959707
243773.411807,2735366.126422,0.424036697247706,0.0370642201834862,0.00036697247706422,0.0348623853211009,0.128073394495413,0.375596330275229
244273.411807,2735366.126422,0.363603008622271,0.0785177031737296,0,0.0144927536231884,0.0897083104017612,0.45367822417905
244773.411807,2735366.126422,0.357142857142857,0.0567765567765568,0.000366300366300366,0.0538461538461538,0.124908424908425,0.406959706959707
245273.411807,2735366.126422,0.500917431192661,0.0288073394495413,0,0.0115596330275229,0.048256880733945,0.41045871559633
245773.411807,2735366.126422,0.568336085121996,0.00972298660796184,0.000183452577508714,0.00568702990277013,0.0277013392038158,0.388369106585948
246273.411807,2735366.126422,0.612454212454212,0.000915750915750916,0,0.000183150183150183,0.0010989010989011,0.385347985347985
246773.411807,2735366.126422,0.702201834862385,0.00110091743119266,0,0.0018348623853211,0.00330275229357798,0.291559633027523
247273.411807,2735366.126422,0.579710144927536,0.0396257567418822,0,0.0223812144560631,0.028251696936342,0.330031186938176
247773.411807,2735366.126422,0.375091575091575,0.00842490842490842,0,0.0128205128205128,0.0316849816849817,0.571978021978022
248273.411807,2735366.126422,0.458532110091743,0.00568807339449541,0,0.0141284403669725,0.0319266055045872,0.489724770642202
248773.411807,2735366.126422,0.645386167675656,0.0100898917629793,0,0.00697119794533113,0.0198128783709411,0.317739864245093
249273.411807,2735366.126422,0.522710622710623,0.00293040293040293,0,0.0155677655677656,0.0139194139194139,0.444871794871795
249773.411807,2735366.126422,0.552504638218924,0.0200371057513915,0,0.174768089053803,0.0690166975881262,0.183673469387755
237773.411807,2734866.126422,0.246520146520147,0.03003663003663,0,0.0591575091575092,0.0527472527472527,0.611538461538462
238273.411807,2734866.126422,0.326556776556777,0.0010989010989011,0,0.0148351648351648,0.0208791208791209,0.636630036630037
238773.411807,2734866.126422,0.420608727539421,0.0108177484415108,0,0.0143014301430143,0.0203520352035204,0.533920058672534
239273.411807,2734866.126422,0.496703296703297,0.00512820512820513,0,0.134432234432234,0.0481684981684982,0.315567765567766
239773.411807,2734866.126422,0.499267399267399,0.00860805860805861,0,0.0501831501831502,0.0474358974358974,0.394505494505494
240273.411807,2734866.126422,0.355518885221856,0.0447378071140447,0,0.165933259992666,0.0528052805280528,0.381004767143381
240773.411807,2734866.126422,0.22014652014652,0.0677655677655678,0.00238095238095238,0.230952380952381,0.111904761904762,0.366849816849817
241273.411807,2734866.126422,0.618315018315018,0.00274725274725275,0.000183150183150183,0.0505494505494506,0.0371794871794872,0.291025641025641
241773.411807,2734866.126422,0.31023102310231,0.0425375870920425,0.000733406674000733,0.175100843417675,0.114228089475614,0.357169050238357
242273.411807,2734866.126422,0.634065934065934,0.080952380952381,0.000183150183150183,0.00311355311355311,0.021978021978022,0.25970695970696
242773.411807,2734866.126422,0.71978021978022,0.0128205128205128,0,0.000732600732600733,0.00879120879120879,0.257875457875458
243273.411807,2734866.126422,0.571323799046571,0.0377704437110378,0,0.00715071507150715,0.0568390172350568,0.326916024935827
243773.411807,2734866.126422,0.661538461538462,0.00256410256410256,0,0.00769230769230769,0.0223443223443223,0.305860805860806
244273.411807,2734866.126422,0.447069597069597,0.121794871794872,0,0.0287545787545788,0.0307692307692308,0.371611721611722
244773.411807,2734866.126422,0.602310231023102,0.000916758342500917,0,0.0247524752475248,0.026035936927026,0.345984598459846
245273.411807,2734866.126422,0.686263736263736,0.0448717948717949,0,0.00531135531135531,0.017032967032967,0.246520146520147
245773.411807,2734866.126422,0.586996336996337,0.0934065934065934,0,0.0021978021978022,0.0155677655677656,0.301831501831502
246273.411807,2734866.126422,0.542354235423542,0.0251191785845251,0,0.01998533186652,0.0265859919325266,0.385955262192886
246773.411807,2734866.126422,0.466117216117216,0.00915750915750916,0,0.00567765567765568,0.0192307692307692,0.49981684981685
247273.411807,2734866.126422,0.746520146520147,0.00714285714285714,0.000732600732600733,0,0.00732600732600733,0.238278388278388
247773.411807,2734866.126422,0.57040704070407,0.00055005500550055,0,0.00183351668500183,0.00293362669600293,0.424275760909424
248273.411807,2734866.126422,0.58974358974359,0.00384615384615385,0,0.0102564102564103,0.0227106227106227,0.373443223443223
248773.411807,2734866.126422,0.741575091575092,0.000732600732600733,0,0.000183150183150183,0.00421245421245421,0.253296703296703
249273.411807,2734866.126422,0.685918591859186,0.0022002200220022,0,0.0022002200220022,0.0044004400440044,0.305280528052805
249773.411807,2734866.126422,0.639125602074842,0.00481659874027418,0,0.0524268247499074,0.0446461652463876,0.258984809188588
237773.411807,2734366.126422,0.20352358230868,0.0295467058175812,0.000183519911910442,0.206826940723068,0.0803817214167737,0.479537529821986
238273.411807,2734366.126422,0.365853658536585,0.0245736291949386,0,0.0333761232349166,0.0432789290298918,0.532917660003668
238773.411807,2734366.126422,0.502107385010079,0.0144768187648891,0,0.0302363936228697,0.036100421477002,0.41707898112516
239273.411807,2734366.126422,0.131767296751698,0.169021838869517,0,0.0862543585979079,0.065149568728207,0.54780693705267
239773.411807,2734366.126422,0.257289565376857,0.163212910324592,0,0.0737208875848157,0.0784889051898038,0.427287731523932
240273.411807,2734366.126422,0.278724573941726,0.0450797141286421,0,0.366318490012828,0.0855781564962434,0.224299065420561
240773.411807,2734366.126422,0.063497889521013,0.0456964580657001,0.00275279867865663,0.648192328867682,0.0943292347219673,0.145531290144981
241273.411807,2734366.126422,0.230515312671924,0.0174216027874564,0.00696864111498258,0.491655969191271,0.0946268109297634,0.158811663304603
241773.411807,2734366.126422,0.341579622503207,0.00733003481766538,0.00586402785413231,0.352574674729705,0.0791643760307861,0.213487264064504
242273.411807,2734366.126422,0.434575151403927,0.0359699027344467,0.000183519911910442,0.0840521196549826,0.0587263718113415,0.386492934483391
242773.411807,2734366.126422,0.592517880066019,0.0282413350449294,0.000366770584999083,0.0748211993398129,0.0608839171098478,0.243168897854392
243273.411807,2734366.126422,0.649624335715595,0.00824628916987356,0,0,0,0.342129375114532
243773.411807,2734366.126422,0.655166085520279,0.00513855753349238,0,0.00293631859056708,0.0135804734813727,0.323178564874289
244273.411807,2734366.126422,0.71190170548322,0.026407482119934,0,0.00146708233999633,0.0122868145974693,0.24793691545938
244773.411807,2734366.126422,0.519149715961151,0.0219901044529962,0.00293201392706615,0.00183250870441635,0.01905809052593,0.435037566428441
245273.411807,2734366.126422,0.688199669664159,0.0132134336575518,0,0.00220223894292531,0.0150486327766563,0.281336024958708
245773.411807,2734366.126422,0.561709150926096,0.0238400880249404,0,0.00641848523748395,0.0280579497524299,0.37997432605905
246273.411807,2734366.126422,0.594099321971779,0.0141103170240059,0,0.000549752611324904,0.0117280557082646,0.379512552684625
246773.411807,2734366.126422,0.527986786566342,0.00330335841438796,0,0.00679023674068636,0.0288126261699394,0.433106992108644
247273.411807,2734366.126422,0.493856592701265,0.00605171465248487,0.000366770584999083,0.00495140289748762,0.0137538969374656,0.481019622226297
247773.411807,2734366.126422,0.499358621953454,0.00751328568810702,0.000183250870441635,0.000733003481766538,0.00439802089059923,0.487813817115631
248273.411807,2734366.126422,0.612222426133235,0.00146815929528354,0.000367039823820885,0.00330335841438796,0.00679023674068636,0.375848779592586
248773.411807,2734366.126422,0.462497707683844,0.00128369704749679,0,0.00476801760498808,0.0102695763799743,0.521181001283697
249273.411807,2734366.126422,0.833791460509437,0.000183250870441635,0,0.000183250870441635,0.00494777350192413,0.160894264247755
249773.411807,2734366.126422,0.708109111152347,0.00501020597513453,0,0.0079792169233624,0.0128038597142327,0.266097606234923
237773.411807,2733866.126422,0.0311926605504587,0.00495412844036697,0,0.719449541284404,0.121834862385321,0.12256880733945
238273.411807,2733866.126422,0.126582278481013,0.0664098330581545,0,0.20253164556962,0.085305448541552,0.519170794349661
238773.411807,2733866.126422,0.105677655677656,0.207326007326007,0.000366300366300366,0.145421245421245,0.0813186813186813,0.45989010989011
239273.411807,2733866.126422,0.0522935779816514,0.500366972477064,0.00128440366972477,0.0809174311926606,0.0614678899082569,0.303669724770642
239773.411807,2733866.126422,0.0465969546872134,0.221427261053018,0,0.279031370390754,0.212804989910108,0.240139423958907
240273.411807,2733866.126422,0.00604395604395604,0.115384615384615,0.0010989010989011,0.439010989010989,0.146336996336996,0.292124542124542
240773.411807,2733866.126422,0.0563302752293578,0.169174311926606,0.00844036697247706,0.415596330275229,0.143853211009174,0.206605504587156
241273.411807,2733866.126422,0.153366354797285,0.101082370207301,0.0324711062190424,0.358649789029536,0.133370023848835,0.221060355898
241773.411807,2733866.126422,0.0642857142857143,0.0791208791208791,0.0432234432234432,0.331135531135531,0.10989010989011,0.372344322344322
242273.411807,2733866.126422,0.0475229357798165,0.0310091743119266,0.0113761467889908,0.680917431192661,0.0744954128440367,0.154678899082569
242773.411807,2733866.126422,0.142175747569253,0.202164740414603,0.00201797835259585,0.107319757842598,0.104017611447441,0.442304164373509
243273.411807,2733866.126422,0.355677655677656,0.0153846153846154,0.000366300366300366,0.203296703296703,0.114102564102564,0.311172161172161
243773.411807,2733866.126422,0.26954128440367,0.0431192660550459,0.0165137614678899,0.00477064220183486,0.0113761467889908,0.654678899082569
244273.411807,2733866.126422,0.184553292973766,0.0238488350761328,0.0119244175380664,0.0245826453861677,0.0289855072463768,0.72610530177949
244773.411807,2733866.126422,0.333882783882784,0.0745421245421245,0.0179487179487179,0.00457875457875458,0.0195970695970696,0.549450549450549
245273.411807,2733866.126422,0.690275229357798,0.0187155963302752,0.00128440366972477,0.00128440366972477,0.00238532110091743,0.28605504587156
245773.411807,2733866.126422,0.513300311869382,0.0139423958906623,0,0.001284168042561,0.0187121629058888,0.452760961291506
246273.411807,2733866.126422,0.791758241758242,0.000915750915750916,0,0.000915750915750916,0.00347985347985348,0.202930402930403
246773.411807,2733866.126422,0.571376146788991,0.00165137614678899,0,0.0119266055045872,0.0288073394495413,0.386238532110092
247273.411807,2733866.126422,0.635296275912677,0.00898917629792699,0.000550357732526142,0.00623738763529628,0.023115024766098,0.325811777655476
247773.411807,2733866.126422,0.458608058608059,0.00384615384615385,0.000549450549450549,0.00512820512820513,0.00915750915750916,0.522710622710623
248273.411807,2733866.126422,0.806605504587156,0,0,0.00018348623853211,0.00036697247706422,0.192844036697248
248773.411807,2733866.126422,0.592551825353146,0.002568336085122,0,0.00311869381764814,0.00550357732526142,0.396257567418822
249273.411807,2733866.126422,0.798534798534799,0.000366300366300366,0,0.000915750915750916,0.00457875457875458,0.195604395604396
249773.411807,2733866.126422,0.450649350649351,0.00278293135435993,0,0.00649350649350649,0.012430426716141,0.527643784786642
237773.411807,2733366.126422,0.166483516483516,0.041025641025641,0.000366300366300366,0.440659340659341,0.101282051282051,0.25018315018315
238273.411807,2733366.126422,0.103479853479853,0.0617216117216117,0.000549450549450549,0.353113553113553,0.123443223443223,0.357692307692308
238773.411807,2733366.126422,0.152548588192153,0.0546387972130546,0.00421708837550422,0.318298496516318,0.158782544921159,0.311514484781812
239273.411807,2733366.126422,0.104945054945055,0.0824175824175824,0.00549450549450549,0.283333333333333,0.152014652014652,0.371794871794872
239773.411807,2733366.126422,0.0139194139194139,0.0957875457875458,0.000366300366300366,0.528388278388278,0.133699633699634,0.227838827838828
240273.411807,2733366.126422,0.00843417675100843,0.1996699669967,0.0055005500550055,0.354785478547855,0.151998533186652,0.27961129446278
240773.411807,2733366.126422,0.11978021978022,0.0895604395604396,0.0448717948717949,0.415567765567766,0.0965201465201465,0.233699633699634
241273.411807,2733366.126422,0.193223443223443,0.0600732600732601,0.0139194139194139,0.337545787545788,0.116300366300366,0.278937728937729
241773.411807,2733366.126422,0.153832049871654,0.0361202786945361,0.0066006600660066,0.346167950128346,0.166666666666667,0.290612394572791
242273.411807,2733366.126422,0.203479853479853,0.0344322344322344,0.00293040293040293,0.366666666666667,0.12985347985348,0.262637362637363
242773.411807,2733366.126422,0.28956043956044,0.11978021978022,0.000549450549450549,0.157326007326007,0.104212454212454,0.328571428571429
243273.411807,2733366.126422,0.210671067106711,0.163366336633663,0.000183351668500183,0.0227356068940227,0.0423542354235424,0.560689402273561
243773.411807,2733366.126422,0.329120879120879,0.0945054945054945,0,0.0813186813186813,0.107142857142857,0.387912087912088
244273.411807,2733366.126422,0.271978021978022,0.0626373626373626,0.043040293040293,0.0166666666666667,0.0708791208791209,0.534798534798535
244773.411807,2733366.126422,0.623945727906124,0.0157682434910158,0.000366703337000367,0.0108177484415108,0.0165016501650165,0.332599926659333
245273.411807,2733366.126422,0.6996336996337,0.00970695970695971,0.00347985347985348,0.000183150183150183,0.00586080586080586,0.281135531135531
245773.411807,2733366.126422,0.706410256410256,0.00238095238095238,0,0.000549450549450549,0.00183150183150183,0.288827838827839
246273.411807,2733366.126422,0.485331866519985,0.0201686835350202,0,0.00806747341400807,0.0247524752475248,0.461679501283462
246773.411807,2733366.126422,0.480586080586081,0.00659340659340659,0.000915750915750916,0.00622710622710623,0.0368131868131868,0.468864468864469
247273.411807,2733366.126422,0.5996336996337,0.00549450549450549,0.000366300366300366,0.00421245421245421,0.0115384615384615,0.378754578754579
247773.411807,2733366.126422,0.672717271727173,0.0022002200220022,0,0.00678401173450678,0.011001100110011,0.307297396406307
248273.411807,2733366.126422,0.47014652014652,0,0,0.00146520146520147,0.00238095238095238,0.526007326007326
248773.411807,2733366.126422,0.544871794871795,0.00164835164835165,0,0.0119047619047619,0.013003663003663,0.428571428571429
249273.411807,2733366.126422,0.662632929959663,0,0,0.00293362669600293,0.00531719838650532,0.329116244957829
249773.411807,2733366.126422,0.744535012967766,0,0,0.00333456835865135,0.00222304557243423,0.249907373101149
237773.411807,2732866.126422,0.0816663608001468,0.051018535511103,0.0122958340979996,0.530189025509268,0.131216737015966,0.193613507065517
238273.411807,2732866.126422,0.0783055198973042,0.0861910874747845,0.0022006235099945,0.436823766733908,0.101962222629745,0.294516779754264
238773.411807,2732866.126422,0.148249954187282,0.190214403518417,0.00109950522264981,0.144218435037566,0.0936411947956753,0.422576507238409
239273.411807,2732866.126422,0.109010827674803,0.180033033584144,0,0.065149568728207,0.107359148467609,0.538447421545238
239773.411807,2732866.126422,0.0876581698147808,0.0607005318173482,0.00733541169998166,0.417018155143957,0.129470016504676,0.297817715019255
240273.411807,2732866.126422,0.120395821880154,0.238592633315008,0.00659703133589885,0.258383727322705,0.103903243540407,0.272127542605827
240773.411807,2732866.126422,0.247017801431455,0.223710772618829,0.000550559735731327,0.186456230501009,0.0647825289043861,0.277482106808589
241273.411807,2732866.126422,0.259673574179351,0.31597285897671,0,0.0827067669172932,0.0671190170548322,0.274527782871814
241773.411807,2732866.126422,0.251420194245923,0.150082462891699,0.00219901044529962,0.212571009712296,0.120762323621037,0.262964999083746
242273.411807,2732866.126422,0.202055423013397,0.215268856670949,0.00165167920719398,0.208478619930262,0.12020554230134,0.252339878876858
242773.411807,2732866.126422,0.248487071336879,0.30405281496424,0,0.0363102879149092,0.0542820465798643,0.356867779204108
243273.411807,2732866.126422,0.404251420194246,0.215869525380246,0,0.0089792926516401,0.0322521531977277,0.338647608576141
243773.411807,2732866.126422,0.212332538080382,0.322444485226647,0,0.0311983850247752,0.0548724536612222,0.379152138006974
244273.411807,2732866.126422,0.173482486704566,0.0935264991747662,0.0295250320924262,0.186136071887035,0.175132954337062,0.342196955804144
244773.411807,2732866.126422,0.458860179585853,0.0643210555250137,0.013560564412681,0.00861279091075683,0.0291368884002199,0.425508521165476
245273.411807,2732866.126422,0.530739585244999,0.0436777390346853,0.00311983850247752,0.00201871903101487,0.00623967700495504,0.414204441181868
245773.411807,2732866.126422,0.46011369888135,0.06400146708234,0,0.00238400880249404,0.0075187969924812,0.465982028241335
246273.411807,2732866.126422,0.351841671247938,0.0379329301814184,0.00219901044529962,0.0219901044529962,0.042147700201576,0.543888583470772
246773.411807,2732866.126422,0.48981464488897,0.0122958340979996,0,0.0124793540099101,0.0211047898697009,0.464305377133419
247273.411807,2732866.126422,0.607188703465982,0.0053181734824867,0.000183385292499542,0.00421786172748946,0.022006235099945,0.361085640931597
247773.411807,2732866.126422,0.465457210921752,0.00274876305662452,0,0.00458127176104087,0.0120945574491479,0.515118196811435
248273.411807,2732866.126422,0.548541016700312,0.00679023674068636,0,0.00293631859056708,0.0047715177096715,0.436960910258763
248773.411807,2732866.126422,0.82798459563543,0,0,0.00550155877498625,0.0075187969924812,0.158995048597103
249273.411807,2732866.126422,0.701301081180136,0.00513102437236577,0,0.00439802089059923,0.00678028220634048,0.282389591350559
249773.411807,2732866.126422,0.656336982742624,0.017628502505103,0.000185563184264242,0.00259788457969939,0.00890703284468362,0.314344034143626
237773.411807,2732366.126422,0.0825688073394495,0.199816513761468,0.00128440366972477,0.299449541284404,0.147889908256881,0.268990825688073
238273.411807,2732366.126422,0.0669601907906806,0.107136305265089,0.00385250412768299,0.48926802421574,0.0895248578242524,0.243258117776555
238773.411807,2732366.126422,0.067032967032967,0.0474358974358974,0.00384615384615385,0.556776556776557,0.138827838827839,0.186080586080586
239273.411807,2732366.126422,0.0295412844036697,0.0379816513761468,0.00440366972477064,0.75651376146789,0.0827522935779817,0.0888073394495413
239773.411807,2732366.126422,0.0590717299578059,0.0704457897633462,0.00311869381764814,0.641717116125482,0.11557512383049,0.110071546505228
240273.411807,2732366.126422,0.0554945054945055,0.13974358974359,0.00311355311355311,0.457326007326007,0.141758241758242,0.202564102564103
240773.411807,2732366.126422,0.0313761467889908,0.282018348623853,0.00403669724770642,0.486605504587156,0.0875229357798165,0.108440366972477
241273.411807,2732366.126422,0.0201797835259585,0.235553109521189,0.011557512383049,0.436250229315722,0.0933773619519354,0.203082003302146
241773.411807,2732366.126422,0.0503663003663004,0.378754578754579,0.00164835164835165,0.185347985347985,0.0847985347985348,0.299084249084249
242273.411807,2732366.126422,0.0500917431192661,0.449908256880734,0.00036697247706422,0.0781651376146789,0.0880733944954128,0.333394495412844
242773.411807,2732366.126422,0.0403595670519171,0.639515685195377,0,0.0289855072463768,0.0383415886993212,0.252797651807008
243273.411807,2732366.126422,0.191025641025641,0.129487179487179,0.000549450549450549,0.135897435897436,0.107509157509158,0.435531135531136
243773.411807,2732366.126422,0.303669724770642,0.0379816513761468,0.00036697247706422,0.135045871559633,0.165871559633028,0.357064220183486
244273.411807,2732366.126422,0.493670886075949,0.0126582278481013,0,0.0229315721885892,0.0423775454045129,0.428361768482847
244773.411807,2732366.126422,0.632417582417582,0.00494505494505494,0.00146520146520147,0.000183150183150183,0.00787545787545788,0.353113553113553
245273.411807,2732366.126422,0.50954128440367,0.00458715596330275,0,0,0.00073394495412844,0.485137614678899
245773.411807,2732366.126422,0.674188222344524,0.0122913226930838,0.00091726288754357,0.00183452577508714,0.0132085855806274,0.297560080719134
246273.411807,2732366.126422,0.416849816849817,0.0855311355311355,0,0.0782051282051282,0.0558608058608059,0.363553113553114
246773.411807,2732366.126422,0.741467889908257,0.0198165137614679,0.00036697247706422,0.0018348623853211,0.0187155963302752,0.217798165137615
247273.411807,2732366.126422,0.724087323426894,0.0293524124013942,0,0.000733810310034856,0.00495321959273528,0.240873234268941
247773.411807,2732366.126422,0.683150183150183,0.00164835164835165,0,0,0.00256410256410256,0.312637362637363
248273.411807,2732366.126422,0.651009174311927,0.00055045871559633,0,0.00293577981651376,0.00825688073394495,0.337247706422018
248773.411807,2732366.126422,0.516969363419556,0.0227481196110805,0.108787378462667,0.0148596587782058,0.0372408732342689,0.299394606494221
249273.411807,2732366.126422,0.44047619047619,0.0232600732600733,0.101648351648352,0.0142857142857143,0.0326007326007326,0.387728937728938
249773.411807,2732366.126422,0.477736549165121,0.0263450834879406,0.0712430426716141,0.0267161410018553,0.0267161410018553,0.371243042671614
237773.411807,2731866.126422,0.0362637362637363,0.0197802197802198,0.000915750915750916,0.726923076923077,0.144505494505494,0.0716117216117216
238273.411807,2731866.126422,0.0423076923076923,0.0340659340659341,0.00567765567765568,0.773809523809524,0.0844322344322344,0.0597069597069597
238773.411807,2731866.126422,0.0337367070040337,0.103226989365603,0.017968463513018,0.556472313898057,0.0993766043270994,0.189218921892189
239273.411807,2731866.126422,0.0437728937728938,0.032967032967033,0.0124542124542125,0.718131868131868,0.104212454212454,0.0884615384615385
239773.411807,2731866.126422,0.0595238095238095,0.0871794871794872,0.00622710622710623,0.573076923076923,0.12032967032967,0.153663003663004
240273.411807,2731866.126422,0.0647231389805647,0.0441877521085442,0.0102676934360103,0.601943527686102,0.126879354602127,0.151998533186652
240773.411807,2731866.126422,0.0525641025641026,0.0188644688644689,0.00586080586080586,0.79029304029304,0.0851648351648352,0.0472527472527473
241273.411807,2731866.126422,0.0401098901098901,0.028021978021978,0.0021978021978022,0.818131868131868,0.0778388278388278,0.0336996336996337
241773.411807,2731866.126422,0.134763476347635,0.0828749541620829,0.0011001100110011,0.378804547121379,0.170517051705171,0.231939860652732
242273.411807,2731866.126422,0.0556776556776557,0.430769230769231,0.000183150183150183,0.13003663003663,0.0846153846153846,0.298717948717949
242773.411807,2731866.126422,0.0551282051282051,0.488278388278388,0.000183150183150183,0.141575091575092,0.0805860805860806,0.234249084249084
