"x","y","forest","agri","water","built","other","grass"
206773.411807,2696366.126422,0,0,0.344157035406347,0.655842964593653,0,0
207273.411807,2696366.126422,0.0835164835164835,0.0382783882783883,0.69047619047619,0.131135531135531,0.00934065934065934,0.0472527472527473
207773.411807,2696366.126422,0.0504587155963303,0.320550458715596,0.0979816513761468,0.22348623853211,0.0414678899082569,0.26605504587156
208273.411807,2696366.126422,0.0335718216840947,0.549990827371125,0.01284168042561,0.19262520638415,0.0394423041643735,0.171528159970648
208773.411807,2696366.126422,0.0335164835164835,0.747435897435897,0.00531135531135531,0.0730769230769231,0.0173992673992674,0.123260073260073
209273.411807,2696366.126422,0.0229357798165138,0.615779816513761,0.00018348623853211,0.267522935779817,0.0310091743119266,0.0625688073394495
209773.411807,2696366.126422,0.0484314804623005,0.63914878004036,0.00110071546505228,0.195560447624289,0.0421940928270042,0.0735644835809943
210273.411807,2696366.126422,0.0265567765567766,0.839010989010989,0,0.076007326007326,0.0183150183150183,0.0401098901098901
210773.411807,2696366.126422,0.0352293577981651,0.838532110091743,0.00623853211009174,0.0539449541284404,0.0176146788990826,0.0484403669724771
211273.411807,2696366.126422,0.0324711062190424,0.749954136855623,0,0.123647037240873,0.0315538433314988,0.0623738763529628
211773.411807,2696366.126422,0.0366084578161161,0.774458236903009,0,0.114874815905744,0.0145171470650116,0.0595413423101199
206773.411807,2695866.126422,0,0,0.433516483516484,0.566483516483516,0,0
207273.411807,2695866.126422,0,0.242757609094243,0.547121378804547,0.208470847084708,0.000366703337000367,0.00128346167950128
207773.411807,2695866.126422,0.047985347985348,0.58021978021978,0.00952380952380952,0.12014652014652,0.0346153846153846,0.207509157509158
208273.411807,2695866.126422,0.0216117216117216,0.773076923076923,0.00164835164835165,0.0446886446886447,0.0131868131868132,0.145787545787546
208773.411807,2695866.126422,0.0106343967730106,0.633296662999633,0.0201686835350202,0.103410341034103,0.0388705537220389,0.193619361936194
209273.411807,2695866.126422,0.0227106227106227,0.715018315018315,0.000183150183150183,0.0478021978021978,0.017032967032967,0.197252747252747
209773.411807,2695866.126422,0.0478021978021978,0.715018315018315,0.000549450549450549,0.11996336996337,0.0230769230769231,0.0935897435897436
210273.411807,2695866.126422,0.0254858819215255,0.641547488082142,0,0.0841584158415842,0.0207187385405207,0.228089475614228
210773.411807,2695866.126422,0.0223443223443223,0.872893772893773,0,0.0527472527472527,0.0106227106227106,0.0413919413919414
211273.411807,2695866.126422,0.034981684981685,0.837545787545788,0,0.0860805860805861,0.00769230769230769,0.0336996336996337
211773.411807,2695866.126422,0.0507154882154882,0.77293771043771,0.000420875420875421,0.0858585858585859,0.0202020202020202,0.0698653198653199
206273.411807,2695366.126422,0,0,0.384290695540466,0.615709304459534,0,0
206773.411807,2695366.126422,0,0,0.850174216027875,0.149825783972125,0,0
207273.411807,2695366.126422,0.0128275609309144,0.376763789628001,0.322521531977277,0.105919003115265,0.0106285504856148,0.171339563862928
207773.411807,2695366.126422,0.0242246283721784,0.767847311433291,0,0.090475316571848,0.00440447788585061,0.113048265736832
208273.411807,2695366.126422,0.0322758114799193,0.698514579130754,0.00696864111498258,0.12415184302219,0.0328259673574179,0.105263157894737
208773.411807,2695366.126422,0.0502107385010079,0.736668499175371,0.0113615539673813,0.0536925050393989,0.0269378779549203,0.12112882536192
209273.411807,2695366.126422,0.0126628739218205,0.735180767113232,0.00642319691686548,0.0473481372728941,0.0350523031748945,0.163332721600294
209773.411807,2695366.126422,0.0559325142123602,0.450394278378874,0.000916926462497708,0.27617825050431,0.0502475701448744,0.166330460297084
210273.411807,2695366.126422,0.047645226314825,0.748763056624519,0,0.0296866410115448,0.0124610591900312,0.16144401685908
210773.411807,2695366.126422,0.0405579005322077,0.834648559368692,0,0.0392732611488346,0.0176179115434025,0.0679023674068636
211273.411807,2695366.126422,0.0157711351549606,0.827801210342931,0,0.0306253438474234,0.00330093526499175,0.122501375389694
211773.411807,2695366.126422,0.103767627867817,0.564302252157441,0.000210482003788676,0.1542833087771,0.0406230267312145,0.136813302462639
205773.411807,2694866.126422,0,0,0.52014652014652,0.47985347985348,0,0
206273.411807,2694866.126422,0,0,0.632660550458716,0.367339449541284,0,0
206773.411807,2694866.126422,0.00458631443771785,0.202898550724638,0.36800587048248,0.389653274628509,0.0100898917629793,0.0247660979636764
207273.411807,2694866.126422,0.0256410256410256,0.823809523809524,0,0.0752747252747253,0.0173992673992674,0.0578754578754579
207773.411807,2694866.126422,0.0304587155963303,0.726788990825688,0.00568807339449541,0.0840366972477064,0.0143119266055046,0.138715596330275
208273.411807,2694866.126422,0.0517336268574573,0.767015226563933,0,0.0599889928453495,0.0315538433314988,0.0897083104017612
208773.411807,2694866.126422,0.0177655677655678,0.835531135531136,0,0.056043956043956,0.0119047619047619,0.0787545787545788
209273.411807,2694866.126422,0.0473394495412844,0.611743119266055,0.00238532110091743,0.0409174311926606,0.0374311926605505,0.260183486238532
209773.411807,2694866.126422,0.0288020546688681,0.601724454228582,0.00403595670519171,0.188038891946432,0.0543019629425793,0.123096679508347
210273.411807,2694866.126422,0.0335164835164835,0.7503663003663,0.000732600732600733,0.114102564102564,0.0184981684981685,0.0827838827838828
210773.411807,2694866.126422,0.0486238532110092,0.674678899082569,0,0.120550458715596,0.0225688073394495,0.133577981651376
211273.411807,2694866.126422,0.0326545587965511,0.833241607044579,0,0.0133920381581361,0.0091726288754357,0.111539167125298
211773.411807,2694866.126422,0.0780559646539028,0.483484115295603,0.00105196717862403,0.254155270355565,0.037870818430465,0.145381864085841
205773.411807,2694366.126422,0,0.00201686835350202,0.612761276127613,0.385221855518885,0,0
206273.411807,2694366.126422,0.0461538461538462,0.233333333333333,0.236446886446886,0.29047619047619,0.0126373626373626,0.180952380952381
206773.411807,2694366.126422,0.043956043956044,0.73040293040293,0,0.0305860805860806,0.013003663003663,0.182051282051282
207273.411807,2694366.126422,0.0203520352035204,0.846167950128346,0,0.0674734140080675,0.0157682434910158,0.0502383571690502
207773.411807,2694366.126422,0.0313186813186813,0.762087912087912,0.000549450549450549,0.108974358974359,0.0163003663003663,0.0807692307692308
208273.411807,2694366.126422,0.0142857142857143,0.702197802197802,0,0.0408424908424908,0.0139194139194139,0.228754578754579
208773.411807,2694366.126422,0.0267693436010268,0.751375137513751,0,0.0225522552255226,0.0111844517785112,0.188118811881188
209273.411807,2694366.126422,0.0553113553113553,0.627289377289377,0,0.141941391941392,0.0375457875457875,0.137912087912088
209773.411807,2694366.126422,0.0153846153846154,0.786813186813187,0.000549450549450549,0.0968864468864469,0.0342490842490843,0.0661172161172161
210273.411807,2694366.126422,0.05995599559956,0.482764943160983,0.000733406674000733,0.242940960762743,0.0507884121745508,0.162816281628163
210773.411807,2694366.126422,0.0516483516483516,0.349267399267399,0.000183150183150183,0.338827838827839,0.0683150183150183,0.191758241758242
211273.411807,2694366.126422,0.0816849816849817,0.362637362637363,0.00769230769230769,0.416849816849817,0.0179487179487179,0.113186813186813
211773.411807,2694366.126422,0.0688131313131313,0.177819865319865,0.00231481481481481,0.566708754208754,0.0566077441077441,0.12773569023569
205773.411807,2693866.126422,0.190764156129742,0.257650723840938,0.308044713212388,0.0929081913139087,0.00494777350192413,0.1456844420011
206273.411807,2693866.126422,0.0467975775371628,0.597907873004221,0.000183519911910442,0.0453294182418792,0.00917599559552211,0.300605615709304
206773.411807,2693866.126422,0.0465798642948836,0.684210526315789,0,0.141756831102146,0.0181551439574546,0.109297634329727
207273.411807,2693866.126422,0.0393989371449514,0.72200842954004,0,0.13450613890416,0.0146600696353308,0.0894264247755177
207773.411807,2693866.126422,0.0581758120756102,0.543035419342999,0.000183519911910442,0.205725821251606,0.0473481372728941,0.145531290144981
208273.411807,2693866.126422,0.0293416467999266,0.694296717403264,0,0.0975609756097561,0.0207225380524482,0.158078122134605
208773.411807,2693866.126422,0.0317024005864028,0.811801356056441,0.00201575957485798,0.0787978742899029,0.0111783030969397,0.0645043063954554
209273.411807,2693866.126422,0.02073775004588,0.836300238575886,0,0.0339511837034318,0.00679023674068636,0.102220590934116
209773.411807,2693866.126422,0.0328259673574179,0.770951769668073,0,0.0630845406198423,0.0177883733724555,0.115349348982212
210273.411807,2693866.126422,0.0478284771852666,0.491295583654022,0,0.110317024005864,0.0520432472054242,0.298515667949423
210773.411807,2693866.126422,0.0983666727839971,0.124977060011011,0.00862543585979079,0.592585795558818,0.0774454028262066,0.0979996329601762
211273.411807,2693866.126422,0.0374105996699065,0.0920594168347699,0.0251237850724372,0.766917293233083,0.0253071703649367,0.053181734824867
211773.411807,2693866.126422,0.0488318248789728,0.0703009892654178,0.0164175962955167,0.767417385813513,0.0496737528941276,0.0473584508524521
205273.411807,2693366.126422,0,0.113006787745368,0.849018528710328,0.0352228948816731,0,0.00275178866263071
205773.411807,2693366.126422,0.0197802197802198,0.705311355311355,0,0.0595238095238095,0.00586080586080586,0.20952380952381
206273.411807,2693366.126422,0.00990825688073394,0.853577981651376,0,0.00110091743119266,0,0.135412844036697
206773.411807,2693366.126422,0.0515501742799486,0.76609796367639,0.000183452577508714,0.136855622821501,0.00697119794533113,0.0383415886993212
207273.411807,2693366.126422,0.0362637362637363,0.798717948717949,0,0.0155677655677656,0.00293040293040293,0.146520146520147
207773.411807,2693366.126422,0.0480733944954128,0.774678899082569,0.00018348623853211,0.0906422018348624,0.0152293577981651,0.0711926605504587
208273.411807,2693366.126422,0.0875068794716566,0.363603008622271,0.000550357732526142,0.364153366354797,0.0631076866629976,0.121078701155751
208773.411807,2693366.126422,0.0221611721611722,0.816483516483516,0,0.0736263736263736,0.0155677655677656,0.0721611721611722
209273.411807,2693366.126422,0.0546788990825688,0.568990825688073,0.00036697247706422,0.170275229357798,0.0500917431192661,0.155596330275229
209773.411807,2693366.126422,0.0779673454412034,0.545404512933407,0,0.156118143459916,0.0482480278847918,0.172261970280682
210273.411807,2693366.126422,0.0875457875457875,0.475274725274725,0,0.165934065934066,0.0575091575091575,0.213736263736264
210773.411807,2693366.126422,0.0565137614678899,0.610275229357798,0.00018348623853211,0.135596330275229,0.0192660550458716,0.178165137614679
211273.411807,2693366.126422,0.0460465969546872,0.105301779490002,0.0122913226930838,0.688130618235186,0.0741148413135205,0.0741148413135205
211773.411807,2693366.126422,0.0307174416158216,0.0210393435724805,0.0315590153587208,0.888070692194403,0.0204081632653061,0.00820534399326741
205273.411807,2692866.126422,0.00293040293040293,0.393589743589744,0.203846153846154,0.133150183150183,0.00970695970695971,0.256776556776557
205773.411807,2692866.126422,0.0287862119545288,0.697286395306197,0.000916758342500917,0.0385038503850385,0.011001100110011,0.223505683901724
206273.411807,2692866.126422,0.0521978021978022,0.582234432234432,0.00402930402930403,0.217948717948718,0.0183150183150183,0.125274725274725
206773.411807,2692866.126422,0.023992673992674,0.786080586080586,0.000183150183150183,0.0725274725274725,0.00787545787545788,0.109340659340659
207273.411807,2692866.126422,0.03997066373304,0.667583425009168,0,0.0205353868720205,0.00348368170150348,0.268426842684268
207773.411807,2692866.126422,0.0181318681318681,0.843956043956044,0,0.0338827838827839,0.019047619047619,0.084981684981685
208273.411807,2692866.126422,0.0413919413919414,0.739377289377289,0,0.0714285714285714,0.0227106227106227,0.125091575091575
208773.411807,2692866.126422,0.0262192885955262,0.839017235056839,0,0.0216354968830216,0.0121012101210121,0.101026769343601
209273.411807,2692866.126422,0.0137362637362637,0.825457875457875,0,0.0415750915750916,0.0164835164835165,0.102747252747253
209773.411807,2692866.126422,0.0206959706959707,0.789377289377289,0,0.0796703296703297,0.00457875457875458,0.105677655677656
210273.411807,2692866.126422,0.0557389072240557,0.522552255225523,0,0.0830583058305831,0.0751741840850752,0.263476347634763
210773.411807,2692866.126422,0.0743589743589744,0.458974358974359,0,0.224908424908425,0.0232600732600733,0.218498168498168
211273.411807,2692866.126422,0.0380952380952381,0.171062271062271,0.00604395604395604,0.59010989010989,0.0338827838827839,0.160805860805861
211773.411807,2692866.126422,0.154882154882155,0.123947811447811,0.00021043771043771,0.485900673400673,0.105429292929293,0.12962962962963
204773.411807,2692366.126422,0,0.155441365388145,0.292897779409066,0.530556065333089,0.00899247568361167,0.0121123141860892
205273.411807,2692366.126422,0,0.633046029708417,0,0.0053181734824867,0.00128369704749679,0.360352099761599
205773.411807,2692366.126422,0.0293201392706615,0.818581638262782,0,0.0322521531977277,0.00678028220634048,0.113065787062489
206273.411807,2692366.126422,0.0499174160396403,0.676821435125711,0,0.123508900715728,0.0192695907505964,0.130482657368324
206773.411807,2692366.126422,0.0150375939849624,0.753163396295617,0,0.0761048963873097,0.0260407115349349,0.129653401797176
207273.411807,2692366.126422,0.0119113065787062,0.781564962433572,0,0.00879604178119846,0.00458127176104087,0.193146417445483
207773.411807,2692366.126422,0.0282620664342081,0.874472380253257,0,0.0266103872270141,0.0133969535694623,0.057258212516058
208273.411807,2692366.126422,0.0201723821749496,0.814230698697964,0.000366770584999083,0.105079772602237,0.00678525582248304,0.0533651201173666
208773.411807,2692366.126422,0.0569910207073484,0.659703133589885,0,0.0696353307678211,0.023089609675646,0.1905809052593
209273.411807,2692366.126422,0.0429436593870435,0.75536795742338,0,0.0574417324279684,0.0130299137456414,0.131216737015966
209773.411807,2692366.126422,0.0841738492572896,0.63616357968091,0,0.124518613607189,0.0416284613973959,0.113515496057216
210273.411807,2692366.126422,0.0379329301814184,0.872823895913506,0,0.00989554700384827,0.00439802089059923,0.0749496060106286
210773.411807,2692366.126422,0.0456964580657001,0.677188474949532,0.00201871903101487,0.200403743806203,0.0012846393833731,0.0734079647641769
211273.411807,2692366.126422,0.086007702182285,0.276728406381808,0.000183385292499542,0.431138822666422,0.0150375939849624,0.190904089492023
211773.411807,2692366.126422,0.232582614186487,0.330877709955799,0.000210482003788676,0.253841296569143,0.0176804883182488,0.164807408966533
204773.411807,2691866.126422,0,0.480366972477064,0.0743119266055046,0.35651376146789,0.0122935779816514,0.0765137614678899
205273.411807,2691866.126422,0,0.494404696385984,0.00238488350761328,0.116675839295542,0.0473307649972482,0.339203815813612
205773.411807,2691866.126422,0,0.531318681318681,0,0.137728937728938,0.0340659340659341,0.296886446886447
206273.411807,2691866.126422,0.0165137614678899,0.693761467889908,0.00128440366972477,0.150091743119266,0.0344954128440367,0.103853211009174
206773.411807,2691866.126422,0.00953953403045313,0.853971748303064,0,0.00440286186020914,0.00605393505778756,0.126031920748487
207273.411807,2691866.126422,0.0333333333333333,0.791391941391941,0,0.000183150183150183,0.00787545787545788,0.167216117216117
207773.411807,2691866.126422,0.018348623853211,0.883669724770642,0,0.00073394495412844,0.0036697247706422,0.0935779816513762
208273.411807,2691866.126422,0.0431113557145478,0.783892863694735,0,0.0363236103467254,0.0221977618785544,0.114474408365438
208773.411807,2691866.126422,0.0133699633699634,0.876923076923077,0,0.00604395604395604,0.000366300366300366,0.103296703296703
209273.411807,2691866.126422,0.0431192660550459,0.730275229357798,0,0.0743119266055046,0.00954128440366972,0.142752293577982
209773.411807,2691866.126422,0.0209135938359934,0.886442854522106,0,0.0165107319757843,0.00898917629792699,0.0671436433681893
210273.411807,2691866.126422,0.0457875457875458,0.782234432234432,0,0.11025641025641,0.0032967032967033,0.0584249084249084
210773.411807,2691866.126422,0.103119266055046,0.460366972477064,0.00128440366972477,0.37743119266055,0.00311926605504587,0.0546788990825688
211273.411807,2691866.126422,0.326178682810494,0.235553109521189,0,0.101999633094845,0.0234819299211154,0.312786644652357
211773.411807,2691866.126422,0.285503892278561,0.196928255838418,0,0.128339995792131,0.0174626551651588,0.371765200925731
204773.411807,2691366.126422,0.00164835164835165,0.516849816849817,0,0.0117216117216117,0.00897435897435897,0.460805860805861
205273.411807,2691366.126422,0.00293040293040293,0.583150183150183,0.00604395604395604,0.0192307692307692,0.01996336996337,0.368681318681319
205773.411807,2691366.126422,0.0022002200220022,0.681701503483682,0.00256692335900257,0.0476714338100477,0.0214521452145215,0.244407774110744
206273.411807,2691366.126422,0.0126373626373626,0.553846153846154,0.0104395604395604,0.31959706959707,0.0157509157509158,0.0877289377289377
206773.411807,2691366.126422,0,0.381684981684982,0.00494505494505494,0.223992673992674,0.0545787545787546,0.334798534798535
207273.411807,2691366.126422,0,0.207920792079208,0,0.122295562889622,0.0385038503850385,0.631279794646131
207773.411807,2691366.126422,0.0111721611721612,0.597619047619048,0,0.0249084249084249,0.0380952380952381,0.328205128205128
208273.411807,2691366.126422,0.0144688644688645,0.741025641025641,0,0.0157509157509158,0.0428571428571429,0.185897435897436
208773.411807,2691366.126422,0.0234690135680235,0.75045837917125,0,0.00055005500550055,0.0011001100110011,0.224422442244224
209273.411807,2691366.126422,0.0483516483516484,0.714652014652015,0,0.000366300366300366,0.00384615384615385,0.232783882783883
209773.411807,2691366.126422,0.084981684981685,0.53003663003663,0.000366300366300366,0.162087912087912,0.0322344322344322,0.19029304029304
210273.411807,2691366.126422,0.0837917125045838,0.629079574624129,0.000183351668500183,0.173450678401173,0.00641730839750642,0.107077374404107
210773.411807,2691366.126422,0.217582417582418,0.612820512820513,0,0.0120879120879121,0.00164835164835165,0.155860805860806
211273.411807,2691366.126422,0.459157509157509,0.0728937728937729,0,0.000183150183150183,0.0122710622710623,0.455494505494505
211773.411807,2691366.126422,0.351220538720539,0.210648148148148,0,0.0469276094276094,0.0103114478114478,0.380892255892256
203773.411807,2690866.126422,0,0.000550155877498625,0.907207041995232,0.0922428021272694,0,0
204273.411807,2690866.126422,0,0.120212571009712,0.605094374198277,0.171156312992487,0.0260216236027121,0.0775151181968114
204773.411807,2690866.126422,0.0451458983299688,0.142778491466324,0.0154156726004772,0.022389429253074,0.0233070288126262,0.75096347953753
205273.411807,2690866.126422,0.0540986612873648,0.277828718136805,0.00678525582248304,0.0286081056299285,0.0218228498074454,0.610856409315973
205773.411807,2690866.126422,0.0225398570643211,0.622319956019791,0,0.0916254352208173,0.0201575957485798,0.243357155946491
206273.411807,2690866.126422,0.00330335841438796,0.750596439713709,0,0.0959809139291613,0.0178014314553129,0.132317856487429
206773.411807,2690866.126422,0.0194388410049514,0.730240234733174,0,0.00788556757748029,0.00935264991747662,0.233082706766917
207273.411807,2690866.126422,0.0124610591900312,0.753527579256001,0.000733003481766538,0.099321971779366,0.0362836723474437,0.0976727139453912
207773.411807,2690866.126422,0,0.554780693705267,0.000734079647641769,0.225913011561754,0.0715727656450725,0.146999449440264
208273.411807,2690866.126422,0.0022006235099945,0.357051164496607,0,0.54813863928113,0.0372272143774069,0.0553823583348615
208773.411807,2690866.126422,0,0.24665567161444,0,0.534542789078248,0.0522264980758659,0.166575041231446
209273.411807,2690866.126422,0.00220223894292531,0.447238025325748,0,0.221141493852083,0.0407414204441182,0.288676821435126
209773.411807,2690866.126422,0.0187052998349532,0.583165230148542,0,0.000366770584999083,0.0130203557674674,0.384742343664038
210273.411807,2690866.126422,0.0844786512735936,0.570276708814367,0,0.0430639545537841,0.00696353307678211,0.295217152281473
210773.411807,2690866.126422,0.0378051018535511,0.705817581207561,0,0.00862543585979079,0.00532207744540283,0.242429803633694
211273.411807,2690866.126422,0.289565376856776,0.397029158261507,0,0.00110031175499725,0.0122868145974693,0.30001833852925
211773.411807,2690866.126422,0.434645337823616,0.0938749736897495,0.000420964007577352,0.0999789517996211,0.0191538623447695,0.351925910334666
204273.411807,2690366.126422,0.000732600732600733,0.162454212454212,0.602014652014652,0.111172161172161,0.00970695970695971,0.113919413919414
204773.411807,2690366.126422,0.0502752293577982,0.392660550458716,0.0055045871559633,0.127706422018349,0.0196330275229358,0.404220183486239
205273.411807,2690366.126422,0.0410933773619519,0.493120528343423,0,0.10420106402495,0.0313703907539901,0.330214639515685
205773.411807,2690366.126422,0.0505494505494506,0.523809523809524,0.0010989010989011,0.196153846153846,0.0496336996336996,0.178754578754579
206273.411807,2690366.126422,0.0510091743119266,0.551009174311927,0.00018348623853211,0.0889908256880734,0.0363302752293578,0.272477064220183
206773.411807,2690366.126422,0.030820033021464,0.524124013942396,0.00476976701522656,0.0333883691065859,0.0254999082737112,0.381397908640616
207273.411807,2690366.126422,0.0326007326007326,0.63992673992674,0,0.0117216117216117,0.0184981684981685,0.297252747252747
207773.411807,2690366.126422,0.0110091743119266,0.807339449541284,0.00018348623853211,0.00807339449541284,0.0121100917431193,0.161284403669725
208273.411807,2690366.126422,0.0121078701155751,0.693634195560448,0,0.015410016510732,0.0333883691065859,0.245459548706659
208773.411807,2690366.126422,0.00714285714285714,0.522161172161172,0,0.12967032967033,0.0996336996336996,0.241391941391941
209273.411807,2690366.126422,0,0.319449541284404,0,0.449174311926606,0.145688073394495,0.0856880733944954
209773.411807,2690366.126422,0.0405430196294258,0.399926618968997,0.000550357732526142,0.160337552742616,0.0607228031553843,0.337919647771051
210273.411807,2690366.126422,0.0326007326007326,0.646886446886447,0.000183150183150183,0.0358974358974359,0.0476190476190476,0.236813186813187
210773.411807,2690366.126422,0.00660550458715596,0.534311926605505,0,0.00146788990825688,0.0289908256880734,0.428623853211009
211273.411807,2690366.126422,0.0199963309484498,0.714180884241424,0.00183452577508714,0.0341221794166208,0.00311869381764814,0.226747385800771
211773.411807,2690366.126422,0.095097832947612,0.631180307174416,0,0.00547022932884494,0.0214601304439302,0.246791500105197
202773.411807,2689866.126422,0,0,0.901723505683902,0.0982764943160983,0,0
204273.411807,2689866.126422,0.00825082508250825,0.158599193252659,0.586175284195086,0.132563256325633,0.0117345067840117,0.102676934360103
204773.411807,2689866.126422,0.0126373626373626,0.634798534798535,0.000915750915750916,0.0131868131868132,0.00494505494505494,0.333516483516483
205273.411807,2689866.126422,0.0223443223443223,0.503663003663004,0,0.0445054945054945,0.00604395604395604,0.423443223443223
205773.411807,2689866.126422,0.0645397873120645,0.46002933626696,0.000733406674000733,0.16996699669967,0.041987532086542,0.262742940960763
206273.411807,2689866.126422,0.067032967032967,0.656227106227106,0,0.00604395604395604,0.00494505494505494,0.265750915750916
206773.411807,2689866.126422,0.0241758241758242,0.698351648351648,0,0.0340659340659341,0.0227106227106227,0.220695970695971
207273.411807,2689866.126422,0.0650898423175651,0.823248991565823,0,0.0212687935460213,0.00751741840850752,0.0828749541620829
207773.411807,2689866.126422,0.0276556776556777,0.94047619047619,0,0.00274725274725275,0.00256410256410256,0.0265567765567766
208273.411807,2689866.126422,0.0285714285714286,0.694505494505494,0,0.0315018315018315,0.0186813186813187,0.226739926739927
208773.411807,2689866.126422,0.0368536853685369,0.607260726072607,0,0.112394572790612,0.0137513751375138,0.22973964063073
209273.411807,2689866.126422,0.0355311355311355,0.637362637362637,0,0.010989010989011,0.00787545787545788,0.308241758241758
209773.411807,2689866.126422,0.0723443223443224,0.420879120879121,0,0.2,0.0807692307692308,0.226007326007326
210273.411807,2689866.126422,0.00495049504950495,0.319031903190319,0,0.312797946461313,0.157315731573157,0.205903923725706
210773.411807,2689866.126422,0.00494505494505494,0.287179487179487,0.000366300366300366,0.201831501831502,0.303846153846154,0.201831501831502
211273.411807,2689866.126422,0.0371794871794872,0.221794871794872,0.0168498168498168,0.333333333333333,0.123992673992674,0.266849816849817
211773.411807,2689866.126422,0.00168350168350168,0.308712121212121,0.000631313131313131,0.0791245791245791,0.110479797979798,0.499368686868687
202273.411807,2689366.126422,0.08399046396479,0.82395011920044,0,0.0159545204474601,0.000916926462497708,0.075187969924812
202773.411807,2689366.126422,0.177386842587502,0.321605277625069,0.354040681693238,0.0916254352208173,0.000549752611324904,0.0547920102620487
204273.411807,2689366.126422,0.0238226131574125,0.342679127725857,0.298882169690306,0.237859629833242,0.0553417628733736,0.0414146967198094
204773.411807,2689366.126422,0.0691870067902367,0.523949348504313,0,0.17856487428886,0.0411084602679391,0.187190310148651
205273.411807,2689366.126422,0.0500641848523748,0.438107463781405,0,0.23601687144691,0.0592334494773519,0.216578030441959
205773.411807,2689366.126422,0.0615722924683892,0.503206890232729,0.000366501740883269,0.145867692871541,0.0524097489463075,0.23657687374015
206273.411807,2689366.126422,0.0680858873187741,0.567994127362819,0,0.0792806019453111,0.0267939071389246,0.257845476234171
206773.411807,2689366.126422,0.0478635613423803,0.587016321291032,0,0.0794058316523015,0.0401613790573996,0.245552906656886
207273.411807,2689366.126422,0.0415979475902511,0.712112882536192,0,0.0628550485614807,0.032618654938611,0.150815466373465
207773.411807,2689366.126422,0.0389062213250138,0.750779959625619,0,0.00935951550743256,0.012846393833731,0.188107909708203
208273.411807,2689366.126422,0.0137538969374656,0.854392077755364,0,0.0223730056849441,0.0119200440124702,0.0975609756097561
208773.411807,2689366.126422,0.0263881253435954,0.795492028587136,0.00164925783397471,0.0555250137438153,0.0164925783397471,0.104452996151732
209273.411807,2689366.126422,0.0917599559552211,0.499724720132134,0,0.244448522664709,0.057258212516058,0.106808588731877
209773.411807,2689366.126422,0.061984228864845,0.497524298551256,0,0.128736475334678,0.0183385292499542,0.293416467999266
210273.411807,2689366.126422,0.040131940626718,0.74216602528862,0,0.0142935678944475,0.0194245922668133,0.183983873923401
210773.411807,2689366.126422,0.176913195081666,0.497155441365388,0.0110111947146265,0.0407414204441182,0.00715727656450725,0.267021471829694
211273.411807,2689366.126422,0.0801393728222996,0.571611956721071,0.00311754997249221,0.050797726022373,0.0414450761048964,0.252888318356868
211773.411807,2689366.126422,0.0153651862765734,0.496106082929909,0.0103136181856451,0.0911387076404967,0.096821721742791,0.290254683224584
201773.411807,2688866.126422,0.538165137614679,0.235045871559633,0,0.0693577981651376,0.0018348623853211,0.155596330275229
202273.411807,2688866.126422,0.693817648137956,0.091726288754357,0,0,0,0.214456063107687
202773.411807,2688866.126422,0.638278388278388,0.13974358974359,0,0.00677655677655678,0.00604395604395604,0.209157509157509
203273.411807,2688866.126422,0.657064220183486,0.148623853211009,0.00275229357798165,0.0372477064220183,0.00752293577981651,0.146788990825688
203773.411807,2688866.126422,0.199596404329481,0.128967161988626,0.488350761328197,0.147862777472023,0.00733810310034856,0.0278847917813245
204273.411807,2688866.126422,0.0485347985347985,0.653113553113553,0.000183150183150183,0.0902930402930403,0.0285714285714286,0.179304029304029
204773.411807,2688866.126422,0.0361467889908257,0.713211009174312,0,0.073394495412844,0.0102752293577982,0.16697247706422
205273.411807,2688866.126422,0.021830856723537,0.671619886259402,0,0.0238488350761328,0.0122913226930838,0.270409099247844
205773.411807,2688866.126422,0.0663003663003663,0.509340659340659,0,0.138827838827839,0.0575091575091575,0.228021978021978
206273.411807,2688866.126422,0.016697247706422,0.70954128440367,0,0.00275229357798165,0.0018348623853211,0.269174311926606
206773.411807,2688866.126422,0.077600440286186,0.714547789396441,0,0.0240322876536415,0.017978352595854,0.165841130067877
207273.411807,2688866.126422,0.0445054945054945,0.750732600732601,0,0.00805860805860806,0.0100732600732601,0.186630036630037
207773.411807,2688866.126422,0.0234862385321101,0.898348623853211,0,0.00256880733944954,0.00275229357798165,0.0728440366972477
208273.411807,2688866.126422,0.0343056319941295,0.688130618235186,0,0.0798018712162906,0.0741148413135205,0.123647037240873
208773.411807,2688866.126422,0.0677655677655678,0.462087912087912,0.000366300366300366,0.124175824175824,0.131684981684982,0.213919413919414
209273.411807,2688866.126422,0.0955963302752294,0.349174311926606,0,0.300733944954128,0.0724770642201835,0.182018348623853
209773.411807,2688866.126422,0.0913593835993396,0.57494037791231,0,0.150614566134654,0.0407264722069345,0.142359200146762
210273.411807,2688866.126422,0.205311355311355,0.321428571428571,0.00659340659340659,0.242124542124542,0.054029304029304,0.170512820512821
210773.411807,2688866.126422,0.388807339449541,0.217981651376147,0.0104587155963303,0.0315596330275229,0.0209174311926606,0.330275229357798
211273.411807,2688866.126422,0.305998899284535,0.39662447257384,0,0.0280682443588332,0.0148596587782058,0.254448725004586
211773.411807,2688866.126422,0.205975173574584,0.369240479697033,0,0.0894172101830423,0.0517567851883021,0.283610351357038
201773.411807,2688366.126422,0.644322344322344,0.0756410256410256,0,0.00457875457875458,0.00402930402930403,0.271428571428571
202273.411807,2688366.126422,0.647802197802198,0.0657509157509158,0,0,0,0.286446886446886
202773.411807,2688366.126422,0.605977264393106,0.0656398973230656,0,0,0,0.328382838283828
203273.411807,2688366.126422,0.26959706959707,0.10018315018315,0.0146520146520147,0.456227106227106,0.0324175824175824,0.126923076923077
203773.411807,2688366.126422,0.191758241758242,0.227655677655678,0.082967032967033,0.382967032967033,0.0146520146520147,0.1
204273.411807,2688366.126422,0.0143014301430143,0.84048404840484,0,0.0276861019435277,0.0157682434910158,0.101760176017602
204773.411807,2688366.126422,0.0619047619047619,0.538644688644689,0.00256410256410256,0.20018315018315,0.0263736263736264,0.17032967032967
205273.411807,2688366.126422,0.0296703296703297,0.633150183150183,0.000183150183150183,0.026007326007326,0.0184981684981685,0.292490842490843
205773.411807,2688366.126422,0.0476714338100477,0.570773744041071,0.000366703337000367,0.117345067840117,0.0592225889255592,0.204620462046205
206273.411807,2688366.126422,0.0278388278388278,0.712271062271062,0,0.010989010989011,0.0252747252747253,0.223626373626374
206773.411807,2688366.126422,0.0274725274725275,0.57051282051282,0,0.071978021978022,0.0771062271062271,0.252930402930403
207273.411807,2688366.126422,0.0696736340300697,0.418958562522919,0.00183351668500183,0.248991565823249,0.101576824349102,0.158965896589659
207773.411807,2688366.126422,0.0587912087912088,0.705128205128205,0,0.0336996336996337,0.0463369963369963,0.156043956043956
208273.411807,2688366.126422,0.0873626373626374,0.516666666666667,0.000183150183150183,0.0401098901098901,0.0368131868131868,0.318864468864469
208773.411807,2688366.126422,0.0841584158415842,0.529336266960029,0,0.144664466446645,0.0555555555555556,0.186285295196186
209273.411807,2688366.126422,0.0877289377289377,0.496336996336996,0.000366300366300366,0.0725274725274725,0.0591575091575092,0.283882783882784
209773.411807,2688366.126422,0.314652014652015,0.316117216117216,0,0.0642857142857143,0.0357142857142857,0.269230769230769
210273.411807,2688366.126422,0.167583425009168,0.444077741107444,0,0.00403373670700403,0.0113678034470114,0.372937293729373
210773.411807,2688366.126422,0.121062271062271,0.549084249084249,0,0.00787545787545788,0.00677655677655678,0.315201465201465
211273.411807,2688366.126422,0.0490842490842491,0.606959706959707,0.0021978021978022,0.0318681318681319,0.0419413919413919,0.267948717948718
211773.411807,2688366.126422,0.0787037037037037,0.68476430976431,0,0.0298821548821549,0.00904882154882155,0.19760101010101
201273.411807,2687866.126422,0.265530511269929,0.272310793476269,0.0232728605460876,0.234194612424409,0.0315191497159611,0.173172072567345
201773.411807,2687866.126422,0.4147550009176,0.227931730592769,0,0.0552394934850431,0.0508350155991925,0.251238759405395
202273.411807,2687866.126422,0.584448927196039,0.0418118466898955,0,0,0,0.373739226114066
202773.411807,2687866.126422,0.677661718893165,0.009529045262965,0,0.000549752611324904,0,0.312259483232545
203273.411807,2687866.126422,0.384841255276197,0.133602495870802,0.0407414204441182,0.0846026793907139,0.0133969535694623,0.342815195448706
203773.411807,2687866.126422,0.323308270676692,0.218045112781955,0.00733541169998166,0.104713002017238,0.0805061434072987,0.266092059416835
204273.411807,2687866.126422,0.0295033901411032,0.715777899945025,0.0481949789261499,0.0919919369617006,0.0163093274693055,0.0982224665567161
204773.411807,2687866.126422,0.0427601394751331,0.489080565241329,0.00844191594788034,0.19489814644889,0.0405579005322077,0.22426133235456
205273.411807,2687866.126422,0.0297084173849257,0.48413717219879,0.000550155877498625,0.217494956904456,0.0537318907023657,0.214377406931964
205773.411807,2687866.126422,0.072200842954004,0.477368517500458,0,0.139270661535642,0.0830126443100605,0.228147333699835
206273.411807,2687866.126422,0.0306478252890439,0.695540466140576,0,0.0220223894292531,0.0189025509267756,0.232886768214351
206773.411807,2687866.126422,0.0731707317073171,0.447460113698881,0.00146708233999633,0.113882266642215,0.0493306436823767,0.314689161929213
207273.411807,2687866.126422,0.0584570276708814,0.41817848634781,0,0.203591717060656,0.0604727872457394,0.259299981674913
207773.411807,2687866.126422,0.0394567810607451,0.563956689300789,0,0.0715727656450725,0.0550559735731327,0.269957790420261
208273.411807,2687866.126422,0.0621676141573446,0.319640564826701,0.00293416467999266,0.323124885384192,0.114065651934715,0.178067119017055
208773.411807,2687866.126422,0.0883269195528679,0.548286604361371,0,0.111599780098955,0.0619387942092725,0.189847901777533
209273.411807,2687866.126422,0.125344099834832,0.675169755918517,0,0.00880895577170123,0.00917599559552211,0.181501192879427
209773.411807,2687866.126422,0.267192371171832,0.543370621676142,0,0.0166880616174583,0.0113698881349716,0.161379057399597
210273.411807,2687866.126422,0.231262598497343,0.379879054425509,0,0.000183250870441635,0.00329851566794942,0.385376580538758
210773.411807,2687866.126422,0.132501376399339,0.268122591301156,0,0.212516057992292,0.184070471646174,0.202789502661039
211273.411807,2687866.126422,0.0478635613423803,0.470933431138823,0.000366770584999083,0.0273244085824317,0.0502475701448744,0.403264258206492
211773.411807,2687866.126422,0.0924015996632288,0.642180593559251,0,0.0391496527046937,0.0620921911176594,0.164175962955167
199273.411807,2687366.126422,0,0,1,0,0,0
199773.411807,2687366.126422,0,0,1,0,0,0
200273.411807,2687366.126422,0,0.120917431192661,0.776146788990826,0.100917431192661,0.00036697247706422,0.00165137614678899
200773.411807,2687366.126422,0.000366905155017428,0.0277013392038158,0.700238488350761,0.271326362135388,0.000366905155017428,0
201273.411807,2687366.126422,0.00952380952380952,0.0631868131868132,0.445421245421245,0.461538461538462,0.0144688644688645,0.00586080586080586
201773.411807,2687366.126422,0.0308256880733945,0.157247706422018,0.115596330275229,0.620366972477064,0.0258715596330275,0.0500917431192661
202273.411807,2687366.126422,0.191707943496606,0.157218858924968,0.0764997248211337,0.374243258117777,0.0188956154833975,0.181434599156118
202773.411807,2687366.126422,0.210805860805861,0.166117216117216,0.0769230769230769,0.343772893772894,0.0155677655677656,0.186813186813187
203273.411807,2687366.126422,0.0667889908256881,0.167706422018349,0.0126605504587156,0.656880733944954,0.0403669724770642,0.0555963302752294
203773.411807,2687366.126422,0.0766831773986425,0.497156485048615,0.000183452577508714,0.241790497156485,0.0427444505595304,0.141441937259218
204273.411807,2687366.126422,0.0619047619047619,0.41007326007326,0.00750915750915751,0.314468864468864,0.0423076923076923,0.163736263736264
204773.411807,2687366.126422,0.0653211009174312,0.469174311926606,0.056697247706422,0.229908256880734,0.0579816513761468,0.120917431192661
205273.411807,2687366.126422,0.0381581361218125,0.737295909007522,0.000183452577508714,0.118326912493121,0.0390753990093561,0.0669601907906806
205773.411807,2687366.126422,0.0454212454212454,0.532783882783883,0.000549450549450549,0.23021978021978,0.0635531135531135,0.127472527472527
206273.411807,2687366.126422,0.0651376146788991,0.351376146788991,0.00146788990825688,0.286238532110092,0.073394495412844,0.222385321100917
206773.411807,2687366.126422,0.0799853237937993,0.458631443771785,0.00183452577508714,0.220693450742983,0.0594386351128233,0.179416620803522
207273.411807,2687366.126422,0.0554945054945055,0.631501831501831,0,0.121428571428571,0.0538461538461538,0.137728937728938
207773.411807,2687366.126422,0.0396330275229358,0.530825688073394,0,0.213394495412844,0.0871559633027523,0.128990825688073
208273.411807,2687366.126422,0.0557695835626491,0.36800587048248,0,0.358649789029536,0.0862227114290956,0.131352045496239
208773.411807,2687366.126422,0.0496336996336996,0.68021978021978,0,0.0108058608058608,0.00824175824175824,0.251098901098901
209273.411807,2687366.126422,0.0757798165137615,0.845504587155963,0,0,0.00403669724770642,0.0746788990825688
209773.411807,2687366.126422,0.202164740414603,0.592735277930655,0,0.0159603742432581,0.00495321959273528,0.184186387818749
210273.411807,2687366.126422,0.171062271062271,0.516666666666667,0,0.0423076923076923,0.0399267399267399,0.23003663003663
210773.411807,2687366.126422,0.0944954128440367,0.271376146788991,0.00165137614678899,0.391009174311927,0.0972477064220184,0.144220183486239
211273.411807,2687366.126422,0.13410383415887,0.455329297376628,0,0.144927536231884,0.0354063474591818,0.230232984773436
211773.411807,2687366.126422,0.320849989480328,0.0803702924468757,0,0.0669051125604881,0.0340837365874185,0.49779086892489
199773.411807,2686866.126422,0,0,0.98973230656399,0.0102676934360103,0,0
200273.411807,2686866.126422,0,0,0.811538461538462,0.188461538461538,0,0
200773.411807,2686866.126422,0,0.000732600732600733,0.464835164835165,0.534432234432234,0,0
201273.411807,2686866.126422,0.00678401173450678,0.0102676934360103,0.394206087275394,0.581958195819582,0.0066006600660066,0.000183351668500183
201773.411807,2686866.126422,0.00659340659340659,0.015018315018315,0.224358974358974,0.753296703296703,0.000183150183150183,0.000549450549450549
202273.411807,2686866.126422,0.00347985347985348,0.0221611721611722,0.325641025641026,0.645238095238095,0.00128205128205128,0.0021978021978022
202773.411807,2686866.126422,0,0.0198019801980198,0.328749541620829,0.64961496149615,0,0.00183351668500183
203273.411807,2686866.126422,0.0419413919413919,0.264285714285714,0.00311355311355311,0.455128205128205,0.0336996336996337,0.201831501831502
