"x","y","forest","agri","water","built","other","grass"
173273.411807,2530366.126422,0.0445508100147275,0.101251840942563,0.231958762886598,0.494477172312224,0.0712444771723122,0.0565169366715758
173773.411807,2530366.126422,0.0674857876398313,0.124518613607189,0.0955437373922611,0.606638547588483,0.0630845406198423,0.0427287731523932
174273.411807,2530366.126422,0.154480483782298,0.183434121312076,0.0199743448781382,0.358805204324721,0.114898295766905,0.168407549935862
174773.411807,2530366.126422,0.0462470178014315,0.110295467058176,0.0082583960359699,0.578271242429804,0.143512571113966,0.113415305560653
175273.411807,2530366.126422,0.0075187969924812,0.0258573262424354,0.0478635613423803,0.83605354850541,0.0638180817898405,0.0188886851274528
175773.411807,2530366.126422,0.0395821880153931,0.459409932197178,0.00384826827927433,0.278358072200843,0.106835257467473,0.111966281839839
176273.411807,2530366.126422,0.0673518076711323,0.429620113782345,0.009543035419343,0.247384841255276,0.122774821068086,0.123325380803817
176773.411807,2530366.126422,0.0385109114249037,0.472400513478819,0.0425453878598936,0.129470016504676,0.0790390610673024,0.238034109664405
177273.411807,2530366.126422,0.0212571009712296,0.156129741616273,0,0.608209638995785,0.133589884551952,0.0808136338647609
177773.411807,2530366.126422,0.0178014314553129,0.526151587447238,0,0.186456230501009,0.0991007524316388,0.170489998164801
178273.411807,2530366.126422,0.0262240968274344,0.401797175866495,0.000183385292499542,0.259490188886851,0.140656519347148,0.171648633779571
178773.411807,2530366.126422,0.136155396738135,0.144035184167125,0.00586402785413231,0.15466373465274,0.0956569543705333,0.463624702217336
179273.411807,2530366.126422,0.0150486327766563,0.260047715177097,0.0548724536612222,0.17434391631492,0.125711139658653,0.369976142411452
179773.411807,2530366.126422,0.0392444525949019,0.0777553640198056,0.00385109114249037,0.514028974876215,0.164313222079589,0.200806895286998
180273.411807,2530366.126422,0.0350009162543522,0.183800623052959,0.00678028220634048,0.157412497709364,0.146234194612424,0.470771486164559
180773.411807,2530366.126422,0.044411818682327,0.0943292347219673,0,0.205909341163516,0.165351440631308,0.489998164800881
181273.411807,2530366.126422,0.0662020905923345,0.137172198789657,0.000183385292499542,0.0295250320924262,0.0918760315422703,0.675041261690812
181773.411807,2530366.126422,0.128642111050027,0.0533260032985157,0.000549752611324904,0.0956569543705333,0.177020340846619,0.54480483782298
182273.411807,2530366.126422,0.287759221875574,0.15782712424298,0.0012846393833731,0.0941457148100569,0.0403743806202973,0.418608919067719
182773.411807,2530366.126422,0.142306986979644,0.556757748028608,0,0.00880249403997799,0.00641848523748395,0.285714285714286
183273.411807,2530366.126422,0.356972695620304,0.162177020340847,0.00641378046545721,0.0965732087227414,0.0386659336631849,0.339197361187466
183773.411807,2530366.126422,0.607634428335474,0.04147550009176,0,0.0985501926959075,0.0614791704899982,0.19086070838686
184273.411807,2530366.126422,0.577663671373556,0.0878415551072804,0.0106363469649734,0.0830735375022923,0.0916926462497708,0.149092242802127
184773.411807,2530366.126422,0.433938061205791,0.0890599230346344,0,0.0141103170240059,0.0269378779549203,0.435953820780649
185273.411807,2530366.126422,0.611304826573683,0.0155991925123876,0.000183519911910442,0.0106441548908057,0.0212883097816113,0.340979996329602
185773.411807,2530366.126422,0.432715311004785,0.00717703349282297,0,0.0355861244019139,0.0469497607655502,0.477571770334928
173273.411807,2529866.126422,0.0957113933370145,0.20283452972575,0.0316583839499356,0.164734032762746,0.117982698325051,0.387078961899503
173773.411807,2529866.126422,0.103467253714915,0.0568702990277013,0.0210970464135021,0.454962392221611,0.0764997248211337,0.287103283801137
174273.411807,2529866.126422,0.102014652014652,0.23956043956044,0,0.0635531135531135,0.147985347985348,0.446886446886447
174773.411807,2529866.126422,0.0286238532110092,0.0247706422018349,0.0291743119266055,0.782752293577982,0.0924770642201835,0.0422018348623853
175273.411807,2529866.126422,0.0832874701889562,0.118693817648138,0.0117409649605577,0.50504494588149,0.193175564116676,0.0880572372041827
175773.411807,2529866.126422,0.0406593406593407,0.429304029304029,0,0.217399267399267,0.126556776556777,0.186080586080586
176273.411807,2529866.126422,0.0431192660550459,0.251376146788991,0.00788990825688073,0.308807339449541,0.15045871559633,0.238348623853211
176773.411807,2529866.126422,0.0401761144744084,0.197761878554394,0.00201797835259585,0.375343973582829,0.128233351678591,0.256466703357182
177273.411807,2529866.126422,0.0428571428571429,0.134432234432234,0.00952380952380952,0.461721611721612,0.177106227106227,0.174358974358974
177773.411807,2529866.126422,0.016697247706422,0.582201834862385,0,0.0772477064220184,0.0834862385321101,0.240366972477064
178273.411807,2529866.126422,0.0286186020913594,0.481746468537883,0.000550357732526142,0.216107136305265,0.129150614566135,0.143826820766832
178773.411807,2529866.126422,0.043040293040293,0.219230769230769,0.100732600732601,0.321978021978022,0.129304029304029,0.185714285714286
179273.411807,2529866.126422,0.0251376146788991,0.355045871559633,0.0234862385321101,0.20605504587156,0.146238532110092,0.244036697247706
179773.411807,2529866.126422,0.0234819299211154,0.237937993028802,0.00807191341038342,0.191891396074115,0.20968629609246,0.328930471473124
180273.411807,2529866.126422,0.0247252747252747,0.160989010989011,0.0291208791208791,0.241941391941392,0.136813186813187,0.406410256410256
180773.411807,2529866.126422,0.0352293577981651,0.141284403669725,0.00238532110091743,0.207706422018349,0.129174311926606,0.484220183486239
181273.411807,2529866.126422,0.089157952669235,0.0924600990643919,0.00770500825536599,0.169143276463034,0.115391671252981,0.526141992294992
181773.411807,2529866.126422,0.198534798534799,0.243589743589744,0.000549450549450549,0.0706959706959707,0.106959706959707,0.37967032967033
182273.411807,2529866.126422,0.177614678899083,0.261467889908257,0.00036697247706422,0.0115596330275229,0.0552293577981651,0.493761467889908
182773.411807,2529866.126422,0.627407815079802,0.0946615299944964,0.00697119794533113,0.0412768299394606,0.001284168042561,0.228398458998349
183273.411807,2529866.126422,0.701282051282051,0.00293040293040293,0,0,0.000915750915750916,0.294871794871795
183773.411807,2529866.126422,0.758715596330275,0.215045871559633,0,0,0.000917431192660551,0.0253211009174312
184273.411807,2529866.126422,0.82021647404146,0.136672170243992,0,0.00330214639515685,0.020546688680976,0.019262520638415
184773.411807,2529866.126422,0.257509157509157,0.497619047619048,0.000915750915750916,0.0468864468864469,0.00512820512820513,0.191941391941392
185273.411807,2529866.126422,0.218165137614679,0.0289908256880734,0,0.00990825688073394,0.0407339449541284,0.702201834862385
185773.411807,2529866.126422,0.239377618192699,0.00149611011370437,0,0.0068821065230401,0.018850987432675,0.733393177737881
173273.411807,2529366.126422,0.0619257625872841,0.281697905181918,0.00147004777655274,0.292907019478133,0.146453509739067,0.215545755237045
173773.411807,2529366.126422,0.0278388278388278,0.0785714285714286,0.0432234432234432,0.645054945054945,0.111172161172161,0.0941391941391941
174273.411807,2529366.126422,0.0482214888155482,0.0443711037770444,0.0121012101210121,0.608177484415108,0.0958929226255959,0.191235790245691
174773.411807,2529366.126422,0.0586080586080586,0.0282051282051282,0.0644688644688645,0.58974358974359,0.156410256410256,0.102564102564103
175273.411807,2529366.126422,0.0362637362637363,0.323809523809524,0.00274725274725275,0.263003663003663,0.161904761904762,0.212271062271062
175773.411807,2529366.126422,0.0361202786945361,0.415474880821415,0.00696736340300697,0.248258159149248,0.146314631463146,0.146864686468647
176273.411807,2529366.126422,0.0509157509157509,0.473809523809524,0,0.110622710622711,0.0877289377289377,0.276923076923077
176773.411807,2529366.126422,0.058974358974359,0.159157509157509,0.000183150183150183,0.293956043956044,0.151648351648352,0.336080586080586
177273.411807,2529366.126422,0.05995599559956,0.153098643197653,0,0.200770077007701,0.116978364503117,0.469196919691969
177773.411807,2529366.126422,0.0263736263736264,0.426923076923077,0.00622710622710623,0.268681318681319,0.152014652014652,0.11978021978022
178273.411807,2529366.126422,0.00769230769230769,0.586080586080586,0.0293040293040293,0.204945054945055,0.121611721611722,0.0503663003663004
178773.411807,2529366.126422,0.037953795379538,0.352585258525853,0.104327099376604,0.288595526219289,0.104693802713605,0.111844517785112
179273.411807,2529366.126422,0.0106227106227106,0.0978021978021978,0.176373626373626,0.428021978021978,0.1503663003663,0.136813186813187
179773.411807,2529366.126422,0.0357142857142857,0.0813186813186813,0.220879120879121,0.433150183150183,0.145970695970696,0.082967032967033
180273.411807,2529366.126422,0.0280528052805281,0.169233590025669,0,0.140997433076641,0.132196552988632,0.529519618628529
180773.411807,2529366.126422,0.0261904761904762,0.223076923076923,0.0126373626373626,0.217948717948718,0.121978021978022,0.398168498168498
181273.411807,2529366.126422,0.188461538461538,0.155128205128205,0.0144688644688645,0.155860805860806,0.15018315018315,0.335897435897436
181773.411807,2529366.126422,0.145214521452145,0.237073707370737,0.0055005500550055,0.160799413274661,0.124679134580125,0.326732673267327
182273.411807,2529366.126422,0.424908424908425,0.148534798534799,0,0.0142857142857143,0.0212454212454212,0.391025641025641
182773.411807,2529366.126422,0.685897435897436,0.000732600732600733,0,0.000915750915750916,0.00402930402930403,0.308424908424908
183273.411807,2529366.126422,0.653281994866153,0.00586725339200587,0,0.00586725339200587,0.0181518151815182,0.316831683168317
183773.411807,2529366.126422,0.541391941391941,0.370879120879121,0,0,0.000366300366300366,0.0873626373626374
184273.411807,2529366.126422,0.644505494505495,0.326739926739927,0,0.028021978021978,0.000366300366300366,0.000366300366300366
184773.411807,2529366.126422,0.396222955628896,0.238723872387239,0.00165016501650165,0.0896589658965897,0.0518885221855519,0.221855518885222
185273.411807,2529366.126422,0.273443223443223,0.0333333333333333,0.0111721611721612,0.111904761904762,0.124725274725275,0.445421245421245
185773.411807,2529366.126422,0.546160740962056,0.00507917538093815,0,0.0247983268598745,0.0265909769943233,0.397370779802808
173273.411807,2528866.126422,0.0231958762886598,0.0760309278350515,0.0134388807069219,0.65279823269514,0.0902061855670103,0.144329896907216
173773.411807,2528866.126422,0.0236567027324409,0.0157711351549606,0.108564093159729,0.782138272510545,0.0599669906473501,0.00990280579497524
174273.411807,2528866.126422,0.0155763239875389,0.0227231079347627,0.0820963899578523,0.824445666116914,0.0390324354040682,0.0161260765988638
174773.411807,2528866.126422,0.0411084602679391,0.133602495870802,0.030280785465223,0.547072857405028,0.115250504679758,0.13268489631125
175273.411807,2528866.126422,0.0231065468549422,0.385109114249037,0,0.132587566477169,0.160462130937099,0.298734641481753
175773.411807,2528866.126422,0.0293201392706615,0.594099321971779,0.00513102437236577,0.164559281656588,0.0727505955653289,0.134139637163277
176273.411807,2528866.126422,0.0521196549825656,0.425582675720316,0.00550559735731327,0.25729491649844,0.0846026793907139,0.174894476050652
176773.411807,2528866.126422,0.245736291949386,0.190170548322025,0.00953603520997616,0.136805428204658,0.0887584815697781,0.328993214744178
177273.411807,2528866.126422,0.0106285504856148,0.36888400219901,0.00586402785413231,0.19736118746564,0.149166208539491,0.268096023456111
177773.411807,2528866.126422,0.0132134336575518,0.361534226463571,0.0480822169205359,0.274362268306111,0.149018168471279,0.153789686180951
178273.411807,2528866.126422,0.0324591967724189,0.534384742343664,0,0.23216578030442,0.0918760315422703,0.109114249037227
178773.411807,2528866.126422,0.0175920835623969,0.25673446948873,0.134139637163277,0.383177570093458,0.0791643760307861,0.129191863661352
179273.411807,2528866.126422,0.00899247568361167,0.0631308496971921,0.311800330335841,0.45641402092127,0.0991007524316388,0.060561570930446
179773.411807,2528866.126422,0.0234733174399413,0.330276911791674,0.0649183935448377,0.320557491289199,0.131303869429672,0.129470016504676
180273.411807,2528866.126422,0.0155763239875389,0.111783030969397,0.0513102437236577,0.407183434121312,0.1456844420011,0.268462525196995
180773.411807,2528866.126422,0.0737750045879978,0.209029179665994,0.0172508717195816,0.237291246100202,0.129014498073041,0.333639199853184
181273.411807,2528866.126422,0.27617825050431,0.0293416467999266,0.00641848523748395,0.153860260407115,0.0915092609572712,0.442692096093893
181773.411807,2528866.126422,0.180318856514568,0.223566061938794,0.0117280557082646,0.21073850100788,0.105552501374382,0.268096023456111
182273.411807,2528866.126422,0.596806753532758,0.015782712424298,0,0.0311983850247752,0.0469810974490732,0.309231051569095
182773.411807,2528866.126422,0.567394094993582,0.00348432055749129,0,0.0346598202824134,0.0434623143223913,0.350999449844123
183273.411807,2528866.126422,0.69507055158512,0.000183250870441635,0,0.00146600696353308,0.00623052959501558,0.29704966098589
183773.411807,2528866.126422,0.818682327032483,0.0563406129565058,0,0,0,0.124977060011011
184273.411807,2528866.126422,0.509260957271227,0.154777186869613,0.0110031175499725,0.022006235099945,0.0638180817898405,0.239134421419402
184773.411807,2528866.126422,0.546087593916071,0.00733003481766538,0,0.009529045262965,0.0232728605460876,0.413780465457211
185273.411807,2528866.126422,0.560469810974491,0.0176179115434025,0.0324830244081483,0.0411084602679391,0.046063497889521,0.302257294916498
185773.411807,2528866.126422,0.281997607655502,0.0287081339712919,0.00299043062200957,0.329545454545455,0.134868421052632,0.22188995215311
173273.411807,2528366.126422,0.176697956929873,0.0769372354132155,0.0184060371801951,0.395729799374195,0.187005337750782,0.145223633351739
173773.411807,2528366.126422,0.0931939093744267,0.194276279581728,0.0350394423041644,0.545954870665933,0.0832874701889562,0.0482480278847918
174273.411807,2528366.126422,0.0344322344322344,0.0263736263736264,0.0443223443223443,0.843040293040293,0.0393772893772894,0.0124542124542125
174773.411807,2528366.126422,0.0174311926605505,0.0577981651376147,0.0267889908256881,0.835779816513761,0.0414678899082569,0.0207339449541284
175273.411807,2528366.126422,0.0341221794166208,0.305081636396991,0.0198128783709411,0.34800953953403,0.0928270042194093,0.200146762062007
175773.411807,2528366.126422,0.0161172161172161,0.496886446886447,0,0.145787545787546,0.127289377289377,0.213919413919414
176273.411807,2528366.126422,0.107522935779817,0.253577981651376,0.0996330275229358,0.157614678899083,0.125504587155963,0.256146788990826
176773.411807,2528366.126422,0.0377912309667951,0.100165107319758,0.0832874701889562,0.348192992111539,0.20399926618969,0.226563933223262
177273.411807,2528366.126422,0.0186813186813187,0.38021978021978,0.0615384615384615,0.135347985347985,0.0730769230769231,0.331135531135531
177773.411807,2528366.126422,0.0214678899082569,0.250642201834862,0.124036697247706,0.244403669724771,0.144403669724771,0.215045871559633
178273.411807,2528366.126422,0.0227481196110805,0.465235736562099,0.127316088791048,0.218492019812878,0.0515501742799486,0.114657860942946
178773.411807,2528366.126422,0.0227106227106227,0.393772893772894,0.0827838827838828,0.275274725274725,0.0756410256410256,0.14981684981685
179273.411807,2528366.126422,0.157981651376147,0.0315596330275229,0.200733944954128,0.273394495412844,0.081651376146789,0.254678899082569
179773.411807,2528366.126422,0.53916712529811,0.149880755824619,0.00311869381764814,0.0221977618785544,0.0260502660062374,0.25958539717483
180273.411807,2528366.126422,0.261172161172161,0.210805860805861,0.00604395604395604,0.0258241758241758,0.0624542124542125,0.433699633699634
180773.411807,2528366.126422,0.0313761467889908,0.801467889908257,0,0.0548623853211009,0.038348623853211,0.0739449541284404
181273.411807,2528366.126422,0.109521188772702,0.585947532562832,0.000183452577508714,0.105301779490002,0.0291689598238855,0.169877086773069
181773.411807,2528366.126422,0.132600732600733,0.513553113553114,0.010989010989011,0.312271062271062,0.0142857142857143,0.0163003663003663
182273.411807,2528366.126422,0.665321100917431,0.14348623853211,0.00146788990825688,0.0658715596330275,0.00605504587155963,0.117798165137615
182773.411807,2528366.126422,0.58631443771785,0.00642084021280499,0,0.029535864978903,0.0210970464135021,0.35663181067694
183273.411807,2528366.126422,0.678205128205128,0,0,0,0,0.321794871794872
183773.411807,2528366.126422,0.71743119266055,0,0,0,0,0.28256880733945
184273.411807,2528366.126422,0.531645569620253,0.0214639515685195,0.00532012474775271,0.0232984773436067,0.0603558980003669,0.357915978719501
184773.411807,2528366.126422,0.448901098901099,0.0205128205128205,0,0.00366300366300366,0.0163003663003663,0.510622710622711
185273.411807,2528366.126422,0.572477064220184,0.0677064220183486,0.00770642201834862,0.0018348623853211,0.00697247706422018,0.343302752293578
185773.411807,2528366.126422,0.605924596050269,0.0409934171154997,0.0143626570915619,0,0.00209455415918612,0.336624775583483
173273.411807,2527866.126422,0.0470415288496876,0.234288864388093,0,0.292723263506064,0.109518559353179,0.316427783902977
173773.411807,2527866.126422,0.0785714285714286,0.314835164835165,0.0177655677655678,0.17032967032967,0.128754578754579,0.28974358974359
174273.411807,2527866.126422,0.0533553355335534,0.115694902823616,0.033003300330033,0.538687202053539,0.11019435276861,0.149064906490649
174773.411807,2527866.126422,0.0538461538461538,0.144871794871795,0.0225274725274725,0.534432234432234,0.104578754578755,0.13974358974359
175273.411807,2527866.126422,0.0357142857142857,0.145238095238095,0.00476190476190476,0.665384615384615,0.082967032967033,0.0659340659340659
175773.411807,2527866.126422,0.101026769343601,0.168683535020169,0.000183351668500183,0.376420975430876,0.186835350201687,0.166850018335167
176273.411807,2527866.126422,0.125824175824176,0.334615384615385,0.00641025641025641,0.178021978021978,0.110805860805861,0.244322344322344
176773.411807,2527866.126422,0.0840659340659341,0.312087912087912,0.164835164835165,0.165934065934066,0.0708791208791209,0.202197802197802
177273.411807,2527866.126422,0.0148514851485149,0.0738907224055739,0.228456178951228,0.251558489182252,0.0661899523285662,0.365053171983865
177773.411807,2527866.126422,0.0157509157509158,0.1,0.358974358974359,0.285531135531136,0.0816849816849817,0.158058608058608
178273.411807,2527866.126422,0.043956043956044,0.24981684981685,0.181501831501831,0.0891941391941392,0.0923076923076923,0.343223443223443
178773.411807,2527866.126422,0.0394206087275394,0.376787678767877,0.196369636963696,0.171983865053172,0.0595892922625596,0.155848918225156
179273.411807,2527866.126422,0.417032967032967,0.0417582417582418,0.0113553113553114,0.0157509157509158,0.0406593406593407,0.473443223443223
179773.411807,2527866.126422,0.135531135531136,0.757326007326007,0,0.00879120879120879,0.0133699633699634,0.084981684981685
180273.411807,2527866.126422,0.274477447744774,0.260726072607261,0.0111844517785112,0.0980931426475981,0.0474880821415475,0.308030803080308
180773.411807,2527866.126422,0.0476190476190476,0.304578754578755,0.00256410256410256,0.295970695970696,0.107509157509158,0.241758241758242
181273.411807,2527866.126422,0.371428571428571,0.327289377289377,0.000366300366300366,0.063003663003663,0.000366300366300366,0.237545787545788
181773.411807,2527866.126422,0.539053905390539,0.379354602126879,0,0.0077007700770077,0.00055005500550055,0.0733406674000733
182273.411807,2527866.126422,0.619047619047619,0.149450549450549,0,0.0576923076923077,0.028021978021978,0.145787545787546
182773.411807,2527866.126422,0.603296703296703,0.00476190476190476,0.000183150183150183,0.00732600732600733,0.0104395604395604,0.373992673992674
183273.411807,2527866.126422,0.715438210487715,0.00238357169050238,0,0,0.00128346167950128,0.280894756142281
183773.411807,2527866.126422,0.777289377289377,0,0,0,0,0.222710622710623
184273.411807,2527866.126422,0.54010989010989,0.00457875457875458,0,0.0181318681318681,0.0234432234432234,0.413736263736264
184773.411807,2527866.126422,0.564723138980565,0.0121012101210121,0,0.00495049504950495,0.00898423175650898,0.409240924092409
185273.411807,2527866.126422,0.364468864468864,0.0901098901098901,0.000549450549450549,0.00769230769230769,0.0234432234432234,0.513736263736264
185773.411807,2527866.126422,0.506423662981775,0.0227069017030176,0.00537795040334628,0.00657305049297879,0.0457125784284434,0.413205855990439
173273.411807,2527366.126422,0.0981222385861561,0.144145802650957,0.00368188512518409,0.423232695139912,0.0793446244477172,0.251472754050074
173773.411807,2527366.126422,0.015587749862461,0.175316339629562,0.000183385292499542,0.187419768934531,0.120667522464698,0.500825233816248
174273.411807,2527366.126422,0.0560747663551402,0.207806487080814,0.0252886201209456,0.30273043796958,0.0712845886017959,0.336815099871724
174773.411807,2527366.126422,0.0297302257294917,0.226096531473665,0.0339511837034318,0.15764360433107,0.107542668379519,0.445035786382823
175273.411807,2527366.126422,0.0618008435723455,0.274894553456813,0.0680359435173299,0.32385842655419,0.147625160462131,0.123785072437191
175773.411807,2527366.126422,0.0787978742899029,0.283855598314092,0.00311526479750779,0.400586402785413,0.0956569543705333,0.137987905442551
176273.411807,2527366.126422,0.0948797944576987,0.380620297302257,0.0227564690768948,0.281336024958708,0.0708386859974307,0.14956872820701
176773.411807,2527366.126422,0.0720704199523198,0.111131487254722,0.254905556574363,0.255639097744361,0.132587566477169,0.173665871997066
177273.411807,2527366.126422,0.0417811984606927,0.113982041414697,0.342862378596298,0.205057724024189,0.0355506688656771,0.260765988638446
177773.411807,2527366.126422,0.111029546705818,0.194164066801248,0.0644154890805652,0.225913011561754,0.0827674802716095,0.321710405579005
178273.411807,2527366.126422,0.061984228864845,0.469099578213827,0.0498807995598753,0.0673024023473317,0.0509811113148725,0.300751879699248
178773.411807,2527366.126422,0.0527762506871908,0.594649074583104,0.00109950522264981,0.130657870624885,0.0714678394722375,0.149349459409932
179273.411807,2527366.126422,0.170489998164801,0.309598091392916,0,0.152138006973757,0.0532207744540283,0.314553129014498
179773.411807,2527366.126422,0.0319090408949202,0.668622776453328,0.000550155877498625,0.0399779937649001,0.055198973042362,0.203741059966991
180273.411807,2527366.126422,0.0634048011728056,0.272127542605827,0.000183250870441635,0.232178852849551,0.100971229613341,0.331134322888034
180773.411807,2527366.126422,0.0568911726922371,0.291246100201872,0.00110111947146265,0.243530923105157,0.126445219306295,0.280785465222977
181273.411807,2527366.126422,0.21987896570695,0.323124885384192,0.000366770584999083,0.103429304969741,0.0231065468549422,0.330093526499175
181773.411807,2527366.126422,0.575224482316291,0.224115814550119,0,0,0,0.20065970313359
182273.411807,2527366.126422,0.416039640300973,0.00458799779776106,0,0.0508350155991925,0.084235639566893,0.444301706735181
182773.411807,2527366.126422,0.618925362185953,0.0159545204474601,0.00146708233999633,0.0201723821749496,0.0750045846323125,0.268476068219329
183273.411807,2527366.126422,0.815466373465274,0.124244090159428,0,0.000183250870441635,0,0.0601062855048561
183773.411807,2527366.126422,0.766379152138007,0.0893741971003854,0,0.000734079647641769,0.012846393833731,0.130666177280235
184273.411807,2527366.126422,0.737575646433156,0.0102695763799743,0.00165046763249587,0.000733541169998166,0.00256739409499358,0.247203374289382
184773.411807,2527366.126422,0.500824628916987,0.0331684075499359,0.000183250870441635,0.0137438152831226,0.0604727872457394,0.391607110133773
185273.411807,2527366.126422,0.739218205175261,0.00238575885483575,0.00844191594788034,0.00165167920719398,0.00440447788585061,0.243897962928978
185773.411807,2527366.126422,0.432416267942584,0.0376794258373206,0.0496411483253589,0.00867224880382775,0.0352870813397129,0.436303827751196
173273.411807,2526866.126422,0.117246456837843,0.487391864531566,0.00276090557702927,0.141358365543898,0.104914411927112,0.146327995582551
173773.411807,2526866.126422,0.187305081636397,0.0952118877270226,0.0236653824986241,0.434232250963126,0.145110988809393,0.114474408365438
174273.411807,2526866.126422,0.138827838827839,0.154029304029304,0.00769230769230769,0.26996336996337,0.128937728937729,0.300549450549451
174773.411807,2526866.126422,0.211926605504587,0.185871559633028,0.0152293577981651,0.291376146788991,0.145321100917431,0.150275229357798
175273.411807,2526866.126422,0.0210970464135021,0.498624105668685,0.0781507980187122,0.183085672353697,0.0985140341221794,0.120528343423225
175773.411807,2526866.126422,0.0771062271062271,0.26996336996337,0.0353479853479853,0.332417582417582,0.148534798534799,0.136630036630037
176273.411807,2526866.126422,0.0445871559633028,0.0911926605504587,0.0656880733944954,0.64,0.0904587155963303,0.0680733944954128
176773.411807,2526866.126422,0.26674004769767,0.139974316639149,0.066042927903137,0.1284168042561,0.0587048248027885,0.340121078701156
177273.411807,2526866.126422,0.0230769230769231,0.163919413919414,0.36025641025641,0.170512820512821,0.126556776556777,0.155677655677656
177773.411807,2526866.126422,0.0469724770642202,0.14954128440367,0.351192660550459,0.167339449541284,0.0660550458715596,0.218899082568807
178273.411807,2526866.126422,0.019262520638415,0.144377178499358,0.337552742616034,0.148780040359567,0.162355531095212,0.187671986791414
178773.411807,2526866.126422,0.0523809523809524,0.492490842490843,0.0716117216117216,0.219230769230769,0.0908424908424908,0.0734432234432234
179273.411807,2526866.126422,0.0212844036697248,0.767889908256881,0.00110091743119266,0.0886238532110092,0.0458715596330275,0.0752293577981651
179773.411807,2526866.126422,0.0509998165474225,0.557145477893964,0.000366905155017428,0.162355531095212,0.0612731608879105,0.167859108420473
180273.411807,2526866.126422,0.11959706959707,0.065018315018315,0.000732600732600733,0.199450549450549,0.143589743589744,0.471611721611722
180773.411807,2526866.126422,0.129724770642202,0.0475229357798165,0.00036697247706422,0.134862385321101,0.101284403669725,0.586238532110092
181273.411807,2526866.126422,0.189506512566502,0.146395156851954,0.002568336085122,0.148963492937076,0.0941111722619703,0.418455329297377
181773.411807,2526866.126422,0.27967032967033,0.153113553113553,0.000366300366300366,0.131684981684982,0.036996336996337,0.398168498168498
182273.411807,2526866.126422,0.604954128440367,0.02,0,0.00055045871559633,0.00825688073394495,0.366238532110092
182773.411807,2526866.126422,0.719501008989176,0.1284168042561,0,0.00165107319757843,0.00605393505778756,0.144377178499358
183273.411807,2526866.126422,0.864652014652015,0.135347985347985,0,0,0,0
183773.411807,2526866.126422,0.551743119266055,0.0700917431192661,0.00697247706422018,0.0280733944954128,0.068256880733945,0.274862385321101
184273.411807,2526866.126422,0.377912309667951,0.0223812144560631,0,0.0565033938726839,0.0759493670886076,0.467253714914695
184773.411807,2526866.126422,0.507875457875458,0.0866300366300366,0.0146520146520147,0.0183150183150183,0.0598901098901099,0.312637362637363
185273.411807,2526866.126422,0.719816513761468,0.0132110091743119,0.00385321100917431,0.00330275229357798,0.0218348623853211,0.237981651376147
185773.411807,2526866.126422,0.520047875523639,0.0221424296828247,0.0206463195691203,0.0158587672052663,0.0523638539796529,0.368940754039497
173273.411807,2526366.126422,0.0393237780227857,0.11944138184491,0.268467475192944,0.488055861815509,0.0475927967658949,0.0371187063579566
173773.411807,2526366.126422,0.0514652014652015,0.0948717948717949,0.0362637362637363,0.477289377289377,0.187545787545788,0.152564102564103
174273.411807,2526366.126422,0.132013201320132,0.0764576457645765,0.0115511551155116,0.326549321598827,0.150715071507151,0.302713604693803
174773.411807,2526366.126422,0.0485347985347985,0.200915750915751,0.0316849816849817,0.376556776556777,0.126007326007326,0.216300366300366
175273.411807,2526366.126422,0.019047619047619,0.170695970695971,0.241575091575092,0.318864468864469,0.0646520146520147,0.185164835164835
175773.411807,2526366.126422,0.0533553355335534,0.202420242024202,0.152915291529153,0.375687568756876,0.110744407774111,0.104877154382105
176273.411807,2526366.126422,0.0391941391941392,0.101282051282051,0.0750915750915751,0.542124542124542,0.138827838827839,0.103479853479853
176773.411807,2526366.126422,0.103113553113553,0.0954212454212454,0.0428571428571429,0.497069597069597,0.0686813186813187,0.192857142857143
177273.411807,2526366.126422,0.0410707737440411,0.183535020168684,0.0381371470480381,0.334800146681335,0.0975430876420975,0.304913824715805
177773.411807,2526366.126422,0.0247252747252747,0.118131868131868,0.10970695970696,0.436630036630037,0.0269230769230769,0.283882783882784
178273.411807,2526366.126422,0.0721611721611722,0.208058608058608,0.139194139194139,0.32032967032967,0.0895604395604396,0.170695970695971
178773.411807,2526366.126422,0.0586725339200587,0.29006233956729,0.205903923725706,0.160982764943161,0.107994132746608,0.176384305097176
179273.411807,2526366.126422,0.0534798534798535,0.584249084249084,0,0.126556776556777,0.0628205128205128,0.172893772893773
179773.411807,2526366.126422,0.132600732600733,0.213553113553114,0.0108058608058608,0.16025641025641,0.101648351648352,0.381135531135531
180273.411807,2526366.126422,0.0498716538320499,0.272643931059773,0.0452878621195453,0.3005133846718,0.118261826182618,0.213421342134213
180773.411807,2526366.126422,0.338644688644689,0.194505494505495,0,0.0307692307692308,0.0210622710622711,0.415018315018315
181273.411807,2526366.126422,0.198534798534799,0.116849816849817,0.00476190476190476,0.145787545787546,0.0915750915750916,0.442490842490842
181773.411807,2526366.126422,0.134763476347635,0.0372203887055372,0.00696736340300697,0.44004400440044,0.125962596259626,0.255042170883755
182273.411807,2526366.126422,0.455677655677656,0.0673992673992674,0,0.0164835164835165,0.0489010989010989,0.411538461538462
182773.411807,2526366.126422,0.602564102564103,0.365934065934066,0,0.000732600732600733,0.0010989010989011,0.0296703296703297
183273.411807,2526366.126422,0.724055738907224,0.275577557755776,0,0,0,0.000366703337000367
183773.411807,2526366.126422,0.508791208791209,0.101282051282051,0.00256410256410256,0.00146520146520147,0.00842490842490842,0.377472527472527
184273.411807,2526366.126422,0.325641025641026,0.0827838827838828,0.00256410256410256,0.0485347985347985,0.11007326007326,0.43040293040293
184773.411807,2526366.126422,0.446094609460946,0.00788412174550788,0,0.0513384671800513,0.0623395672900623,0.432343234323432
185273.411807,2526366.126422,0.543406593406593,0.00494505494505494,0,0.0679487179487179,0.0595238095238095,0.324175824175824
185773.411807,2526366.126422,0.687780101583508,0.0110546758291007,0.0104571257842844,0.00388407529130565,0.0194203764565282,0.267403645055273
173273.411807,2525866.126422,0.0513622974963181,0.235088365243004,0.0469440353460972,0.244108983799705,0.179860088365243,0.242636229749632
173773.411807,2525866.126422,0.128736475334678,0.226114065651935,0.0407115349348982,0.271777003484321,0.129836787089675,0.202824133504493
174273.411807,2525866.126422,0.0976727139453912,0.126076598863845,0.0236393622869709,0.299248671431189,0.138537658053876,0.314824995418728
174773.411807,2525866.126422,0.0831345200954303,0.13690585428519,0.00238575885483575,0.179298953936502,0.0952468342815195,0.503028078546522
175273.411807,2525866.126422,0.026407482119934,0.182284980744544,0.125618925362186,0.526132404181185,0.0773885934348065,0.0621676141573446
175773.411807,2525866.126422,0.0467289719626168,0.100604727872457,0.269745281290086,0.321422026754627,0.147516950705516,0.113982041414697
176273.411807,2525866.126422,0.0508350155991925,0.0978161130482657,0.0552394934850431,0.454395301890255,0.145714810056891,0.195999265920352
176773.411807,2525866.126422,0.0480469466348799,0.117183201907207,0.030808729139923,0.494406748578764,0.122868145974693,0.186686227764533
177273.411807,2525866.126422,0.0295033901411032,0.0980392156862745,0.318673263698003,0.343595382078065,0.0654205607476635,0.144768187648891
177773.411807,2525866.126422,0.0378051018535511,0.155257845476234,0.293631859056708,0.393650211047899,0.0671682877592219,0.0524866948063865
178273.411807,2525866.126422,0.0022006235099945,0.0234733174399413,0.248670456629378,0.683110214560792,0.0317256556024207,0.010819732257473
178773.411807,2525866.126422,0.0212571009712296,0.548653106102254,0.00586402785413231,0.136521898479018,0.072200842954004,0.215503023639362
179273.411807,2525866.126422,0.0418425399155808,0.284272343549275,0.00715727656450725,0.302257294916498,0.131033217104056,0.233437327950083
179773.411807,2525866.126422,0.0495140289748762,0.366953970291583,0.0410783055198973,0.16394645149459,0.0995782138272511,0.278929029891803
180273.411807,2525866.126422,0.0711013377313542,0.590617555433388,0.0315191497159611,0.0960234561114165,0.0797141286421111,0.131024372365769
180773.411807,2525866.126422,0.321159845843274,0.211231418608919,0.0950633143696091,0.182051752615159,0.0146815929528354,0.175812075610204
181273.411807,2525866.126422,0.0717036493673207,0.427287731523932,0.0601503759398496,0.277095176966807,0.0366770584999083,0.127086007702182
181773.411807,2525866.126422,0.235843870258384,0.0579072750595565,0,0.121312076232362,0.107018508337915,0.477918270111783
182273.411807,2525866.126422,0.306111213066618,0.0183519911910442,0,0.0512020554230134,0.0961644338410718,0.528170306478253
182773.411807,2525866.126422,0.560242068586099,0.298918026774253,0,0.0113698881349716,0.0128369704749679,0.116633046029708
183273.411807,2525866.126422,0.454828660436137,0.291552134872641,0.000183250870441635,0.0159428257284222,0.021073850100788,0.21641927799157
183773.411807,2525866.126422,0.303541934299872,0.0781794824738484,0.202973022572949,0.00165167920719398,0.0167003119838502,0.396953569462287
184273.411807,2525866.126422,0.365486887951586,0.0548322024573629,0.146708233999633,0.00935264991747662,0.037593984962406,0.386026040711535
184773.411807,2525866.126422,0.546454095656954,0.00787978742899029,0.0042147700201576,0.0437969580355507,0.0415979475902511,0.356056441268096
185273.411807,2525866.126422,0.256193797026977,0.0334006239677005,0.00110111947146265,0.0488162965681776,0.0996513121673702,0.560836850798312
185773.411807,2525866.126422,0.467404306220096,0.0436602870813397,0.0511363636363636,0.00687799043062201,0.0299043062200957,0.401016746411483
173273.411807,2525366.126422,0.134180011043622,0.0820909258236702,0.00386526780784097,0.259525124240751,0.183692251058347,0.336646420025768
173773.411807,2525366.126422,0.274078150798019,0.101449275362319,0.0110071546505228,0.166024582645386,0.0755824619335902,0.371858374610163
174273.411807,2525366.126422,0.12967032967033,0.267765567765568,0.023992673992674,0.177289377289377,0.0624542124542125,0.338827838827839
174773.411807,2525366.126422,0.121467889908257,0.0671559633027523,0.0469724770642202,0.529724770642202,0.0655045871559633,0.169174311926606
175273.411807,2525366.126422,0.0638414969730325,0.113740598055403,0.0544854155200881,0.365070629242341,0.162722436250229,0.240139423958907
175773.411807,2525366.126422,0.124542124542125,0.146703296703297,0,0.112271062271062,0.104212454212454,0.512271062271062
176273.411807,2525366.126422,0.0577981651376147,0.148440366972477,0.0273394495412844,0.148807339449541,0.138899082568807,0.478715596330275
176773.411807,2525366.126422,0.0302696752889378,0.212254632177582,0.0271509814712897,0.208952485782425,0.113190240322877,0.408181984956889
177273.411807,2525366.126422,0.0335164835164835,0.0838827838827839,0.158241758241758,0.521794871794872,0.0912087912087912,0.111355311355311
177773.411807,2525366.126422,0.0234862385321101,0.106605504587156,0.385871559633028,0.267706422018349,0.133761467889908,0.0825688073394495
178273.411807,2525366.126422,0.0139423958906623,0.0209135938359934,0.295909007521556,0.617134470739314,0.0363236103467254,0.0157769216657494
178773.411807,2525366.126422,0.0346153846153846,0.0483516483516484,0.172344322344322,0.442673992673993,0.0985347985347985,0.203479853479853
179273.411807,2525366.126422,0.0445871559633028,0.11743119266055,0.0269724770642202,0.528440366972477,0.121284403669725,0.161284403669725
179773.411807,2525366.126422,0.197028068244359,0.0873234268941479,0.00238488350761328,0.23390203632361,0.111722619702807,0.367638965327463
180273.411807,2525366.126422,0.39010989010989,0.173443223443223,0.00164835164835165,0.193223443223443,0.0448717948717949,0.196703296703297
180773.411807,2525366.126422,0.20605504587156,0.125504587155963,0.0493577981651376,0.144954128440367,0.0915596330275229,0.38256880733945
181273.411807,2525366.126422,0.172812328013209,0.120711796000734,0.0110071546505228,0.365620986974867,0.191524490919097,0.13832324344157
181773.411807,2525366.126422,0.308974358974359,0.103296703296703,0.000366300366300366,0.219230769230769,0.112087912087912,0.256043956043956
182273.411807,2525366.126422,0.373577981651376,0.0495412844036697,0.00036697247706422,0.147706422018349,0.0935779816513762,0.335229357798165
182773.411807,2525366.126422,0.343606677673821,0.076316272243625,0.000366905155017428,0.0403595670519171,0.0522839845899835,0.487066593285636
183273.411807,2525366.126422,0.304761904761905,0.0782051282051282,0.315750915750916,0.0106227106227106,0.032967032967033,0.257692307692308
183773.411807,2525366.126422,0.405321100917431,0.0715596330275229,0.13302752293578,0.00513761467889908,0.00917431192660551,0.375779816513761
184273.411807,2525366.126422,0.45367822417905,0.122913226930838,0.142175747569253,0.00091726288754357,0.00421940928270042,0.276096129150615
184773.411807,2525366.126422,0.444871794871795,0.177106227106227,0.0434065934065934,0.000915750915750916,0.00402930402930403,0.32967032967033
185273.411807,2525366.126422,0.320183486238532,0.0928440366972477,0.0269724770642202,0.0385321100917431,0.0744954128440367,0.44697247706422
185773.411807,2525366.126422,0.390185517654099,0.0110712148414123,0,0.0116696588868941,0.0556552962298025,0.531418312387792
173273.411807,2524866.126422,0.121830209481808,0.0689084895259096,0.0417126056596839,0.121278941565601,0.127710400588019,0.518559353178978
173773.411807,2524866.126422,0.109340659340659,0.171062271062271,0.0155677655677656,0.31043956043956,0.11978021978022,0.273809523809524
174273.411807,2524866.126422,0.130729739640631,0.163182984965163,0.0836083608360836,0.118445177851118,0.0663733039970664,0.437660432709938
174773.411807,2524866.126422,0.0897435897435897,0.0474358974358974,0.0600732600732601,0.514835164835165,0.0928571428571429,0.195054945054945
175273.411807,2524866.126422,0.0928571428571429,0.0895604395604396,0.015018315018315,0.523076923076923,0.128754578754579,0.150732600732601
175773.411807,2524866.126422,0.0968096809680968,0.0671067106710671,0.0141180784745141,0.156949028236157,0.111844517785112,0.553171983865053
176273.411807,2524866.126422,0.0703296703296703,0.144139194139194,0.015018315018315,0.256410256410256,0.0692307692307692,0.444871794871795
176773.411807,2524866.126422,0.052014652014652,0.120695970695971,0.067032967032967,0.32967032967033,0.145238095238095,0.285347985347985
177273.411807,2524866.126422,0.026952695269527,0.155298863219655,0.0630729739640631,0.285845251191786,0.111477814448111,0.357352401906857
177773.411807,2524866.126422,0.0371794871794872,0.438644688644689,0.0179487179487179,0.231318681318681,0.117948717948718,0.156959706959707
