"x","y","forest","agri","water","built","other","grass"
160773.411807,2571866.126422,0.0543956043956044,0.195421245421245,0.0873626373626374,0.157692307692308,0.190842490842491,0.314285714285714
161273.411807,2571866.126422,0.0488073394495413,0.192477064220183,0.268990825688073,0.095045871559633,0.106605504587156,0.288073394495413
161773.411807,2571866.126422,0.0234819299211154,0.171711612548156,0.189139607411484,0.0662263804806457,0.103283801137406,0.446156668501192
162273.411807,2571866.126422,0.0115384615384615,0.389377289377289,0.000915750915750916,0.113553113553114,0.170512820512821,0.314102564102564
162773.411807,2571866.126422,0.0269724770642202,0.610642201834862,0.0018348623853211,0.151559633027523,0.0744954128440367,0.134495412844037
163273.411807,2571866.126422,0.0322876536415337,0.37516052100532,0.0130251330031187,0.1326362135388,0.139057053751605,0.307833425059622
163773.411807,2571866.126422,0.0752747252747253,0.10952380952381,0.000732600732600733,0.278388278388278,0.283150183150183,0.252930402930403
164273.411807,2571866.126422,0.0543119266055046,0.347889908256881,0,0.0875229357798165,0.165871559633028,0.344403669724771
164773.411807,2571866.126422,0.0394423041643735,0.252247294074482,0.0629242340854889,0.106769400110072,0.122362869198312,0.416253898367272
165273.411807,2571866.126422,0.00476190476190476,0.372161172161172,0.0906593406593407,0.0452380952380952,0.135531135531136,0.351648351648352
165773.411807,2571866.126422,0.0174311926605505,0.388440366972477,0.00293577981651376,0.0519266055045872,0.095045871559633,0.444220183486239
166273.411807,2571866.126422,0.124564300128417,0.20546688680976,0.0722803155384333,0.0843881856540084,0.103283801137406,0.410016510731976
166773.411807,2571866.126422,0.0146520146520147,0.248901098901099,0.314285714285714,0.0796703296703297,0.0831501831501831,0.259340659340659
167273.411807,2571866.126422,0.0851376146788991,0.17045871559633,0.126238532110092,0.134862385321101,0.125137614678899,0.358165137614679
167773.411807,2571866.126422,0.160154100165107,0.296459365254082,0.0350394423041644,0.0453127866446524,0.0487983856173179,0.414235920014676
168273.411807,2571866.126422,0.0395604395604396,0.403113553113553,0.00567765567765568,0.143772893772894,0.0377289377289377,0.37014652014652
168773.411807,2571866.126422,0.0521100917431193,0.239082568807339,0.00348623853211009,0.0585321100917431,0.0807339449541284,0.56605504587156
169273.411807,2571866.126422,0.0144927536231884,0.305448541552009,0.157585764079985,0.267657310585214,0.0854889011190607,0.169326729040543
169773.411807,2571866.126422,0.00567765567765568,0.382051282051282,0.204029304029304,0.27985347985348,0.0166666666666667,0.111721611721612
170273.411807,2571866.126422,0.016697247706422,0.165688073394495,0.415045871559633,0.0928440366972477,0.0684403669724771,0.241284403669725
170773.411807,2571866.126422,0.0187121629058888,0.247477527059255,0.388369106585948,0.0809025866813429,0.0997982021647404,0.164740414602825
171273.411807,2571866.126422,0.0271062271062271,0.636996336996337,0,0.0518315018315018,0.0355311355311355,0.248534798534799
171773.411807,2571866.126422,0.011743119266055,0.378899082568807,0.0163302752293578,0.0157798165137615,0.110642201834862,0.466605504587156
172273.411807,2571866.126422,0.00366905155017428,0.44505595303614,0,0.029535864978903,0.0565033938726839,0.465235736562099
172773.411807,2571866.126422,0.0106227106227106,0.44029304029304,0,0.0201465201465201,0.0862637362637363,0.442673992673993
160773.411807,2571366.126422,0.0715071507150715,0.231756508984232,0,0.226439310597726,0.207737440410708,0.262559589292263
161273.411807,2571366.126422,0.0673992673992674,0.179304029304029,0.0205128205128205,0.289194139194139,0.180586080586081,0.263003663003663
161773.411807,2571366.126422,0.113553113553114,0.114102564102564,0.00164835164835165,0.265201465201465,0.24047619047619,0.265018315018315
162273.411807,2571366.126422,0.0473047304730473,0.319398606527319,0.000916758342500917,0.135313531353135,0.222955628896223,0.274110744407774
162773.411807,2571366.126422,0.0287545787545788,0.34010989010989,0,0.116117216117216,0.181684981684982,0.333333333333333
163273.411807,2571366.126422,0.0734432234432234,0.263736263736264,0.000183150183150183,0.0771062271062271,0.184615384615385,0.400915750915751
163773.411807,2571366.126422,0.0436376971030436,0.181884855152182,0,0.311147781444811,0.244957829116245,0.218371837183718
164273.411807,2571366.126422,0.086996336996337,0.143040293040293,0,0.212271062271062,0.21007326007326,0.347619047619048
164773.411807,2571366.126422,0.089010989010989,0.172527472527473,0,0.0915750915750916,0.18974358974359,0.457142857142857
165273.411807,2571366.126422,0.0471213788045471,0.121378804547121,0,0.125045837917125,0.165749908324166,0.540704070407041
165773.411807,2571366.126422,0.0346153846153846,0.282967032967033,0,0.101648351648352,0.111904761904762,0.468864468864469
166273.411807,2571366.126422,0.0573260073260073,0.263553113553114,0.0659340659340659,0.0393772893772894,0.091025641025641,0.482783882783883
166773.411807,2571366.126422,0.158599193252659,0.105793912724606,0.0883755042170884,0.172350568390172,0.139163916391639,0.335716905023836
167273.411807,2571366.126422,0.0710622710622711,0.142857142857143,0.00421245421245421,0.492673992673993,0.0963369963369963,0.192857142857143
167773.411807,2571366.126422,0.0507326007326007,0.134798534798535,0.292124542124542,0.246886446886447,0.0606227106227106,0.214835164835165
168273.411807,2571366.126422,0.0698569856985699,0.20993766043271,0.117711771177118,0.122478914558122,0.149248258159149,0.330766409974331
168773.411807,2571366.126422,0.0344322344322344,0.316300366300366,0.0536630036630037,0.0864468864468864,0.0564102564102564,0.452747252747253
169273.411807,2571366.126422,0.0305860805860806,0.217765567765568,0.19029304029304,0.262087912087912,0.131501831501832,0.167765567765568
169773.411807,2571366.126422,0.0088008800880088,0.135496883021635,0.10964429776311,0.608360836083608,0.0616061606160616,0.0760909424275761
170273.411807,2571366.126422,0.00842490842490842,0.222527472527473,0.0417582417582418,0.452014652014652,0.0602564102564103,0.215018315018315
170773.411807,2571366.126422,0.0194139194139194,0.254212454212454,0.236813186813187,0.152564102564103,0.0620879120879121,0.274908424908425
171273.411807,2571366.126422,0.0225522552255226,0.282544921158783,0.0557389072240557,0.132929959662633,0.111294462779611,0.394939493949395
171773.411807,2571366.126422,0.0261904761904762,0.202747252747253,0.133699633699634,0.17014652014652,0.0941391941391941,0.373076923076923
172273.411807,2571366.126422,0.0139194139194139,0.271428571428571,0.106227106227106,0.204761904761905,0.086996336996337,0.316666666666667
172773.411807,2571366.126422,0.0452878621195453,0.356252291895856,0,0.183168316831683,0.127062706270627,0.288228822882288
160773.411807,2570866.126422,0.00659703133589885,0.357155946490746,0,0.238042880703683,0.168224299065421,0.229979842404251
161273.411807,2570866.126422,0.00440447788585061,0.29051202055423,0,0.306294732978528,0.228665810240411,0.17012295834098
161773.411807,2570866.126422,0.0247570144874381,0.458830001833853,0,0.149275628094627,0.168714469099578,0.198422886484504
162273.411807,2570866.126422,0.00439802089059923,0.505405900678028,0.00128275609309144,0.0621220450797141,0.183983873923401,0.242807403335166
162773.411807,2570866.126422,0.0212883097816113,0.434758671315838,0.0108276748027161,0.0625802899614608,0.162598641952652,0.307946412185722
163273.411807,2570866.126422,0.0339262791124152,0.285347515129287,0.0522648083623693,0.105996699064735,0.142490372272144,0.37997432605905
163773.411807,2570866.126422,0.0657870624885468,0.163826278174821,0.173172072567345,0.140003665017409,0.129191863661352,0.328019058090526
164273.411807,2570866.126422,0.0715727656450725,0.117452743622683,0.180400073407965,0.118553863094146,0.0989172325197284,0.413103321710406
164773.411807,2570866.126422,0.070419952319824,0.261324041811847,0.0458463231248854,0.0401613790573996,0.0618008435723455,0.520447460113699
165273.411807,2570866.126422,0.100238226131574,0.227231079347627,0,0.17262231995602,0.152831225948323,0.347077148616456
165773.411807,2570866.126422,0.082583960359699,0.036520462470178,0.0117452743622683,0.452927142594972,0.250137639933933,0.16608552027895
166273.411807,2570866.126422,0.0706033376123235,0.0388776820099028,0.00165046763249587,0.514945901338713,0.242068586099395,0.13185402530717
166773.411807,2570866.126422,0.106835257467473,0.211654755360088,0,0.206890232728605,0.0723840938244457,0.402235660619388
167273.411807,2570866.126422,0.0702881262616994,0.148284088823637,0.000734079647641769,0.537162782161865,0.0965314736648926,0.146999449440264
167773.411807,2570866.126422,0.140839904639648,0.0652851641298368,0.0227397762699432,0.208875848156978,0.188520080689529,0.373739226114066
168273.411807,2570866.126422,0.0764156129741616,0.13120762323621,0.107018508337915,0.098772219168041,0.11434854315558,0.472237493128092
168773.411807,2570866.126422,0.129565057808772,0.214167737199486,0.0475316571848046,0.0822169205358781,0.0926775555147734,0.433841071756286
169273.411807,2570866.126422,0.0799559875298001,0.200256739409499,0,0.0876581698147808,0.0986612873647534,0.533467815881166
169773.411807,2570866.126422,0.0863111599780099,0.172439069085578,0.10207073483599,0.131024372365769,0.110317024005864,0.397837639728789
170273.411807,2570866.126422,0.0326665443200587,0.255643237291246,0.0434942191227748,0.296017617911543,0.0706551660855203,0.301523215268857
170773.411807,2570866.126422,0.0247570144874381,0.273977626994315,0.146524848707134,0.252338162479369,0.0667522464698331,0.235650100861911
171273.411807,2570866.126422,0.0214403518416712,0.257100971229613,0.128275609309144,0.296683159245006,0.0733003481766538,0.223199560197911
171773.411807,2570866.126422,0.0117452743622683,0.178197834465039,0.168104239309965,0.428702514222793,0.09543035419343,0.117819783446504
172273.411807,2570866.126422,0.0238400880249404,0.126352466532184,0.0603337612323492,0.242251971391894,0.213460480469466,0.333761232349166
172773.411807,2570866.126422,0.0602895363752978,0.165292285138354,0.0399486897562763,0.100054975261132,0.117097306212205,0.517317207256734
160773.411807,2570366.126422,0.0043956043956044,0.258058608058608,0.196886446886447,0.127106227106227,0.192307692307692,0.221245421245421
161273.411807,2570366.126422,0.0240366972477064,0.284587155963303,0.102018348623853,0.102752293577982,0.168440366972477,0.318165137614679
161773.411807,2570366.126422,0.0132085855806274,0.336818932305999,0.0310034855989727,0.116859291873051,0.189139607411484,0.312970097229866
162273.411807,2570366.126422,0.0133699633699634,0.174542124542125,0.332600732600733,0.0523809523809524,0.102564102564103,0.324542124542125
162773.411807,2570366.126422,0.0113761467889908,0.162018348623853,0.383853211009174,0.0757798165137615,0.0680733944954128,0.298899082568807
163273.411807,2570366.126422,0.0170610897083104,0.237571087873785,0.0563199412951752,0.164190056870299,0.104384516602458,0.420473307649972
163773.411807,2570366.126422,0.03003663003663,0.377472527472527,0.015018315018315,0.0272893772893773,0.105494505494505,0.444688644688645
164273.411807,2570366.126422,0.0763302752293578,0.314128440366972,0.0251376146788991,0.0132110091743119,0.0577981651376147,0.513394495412844
164773.411807,2570366.126422,0.0539350577875619,0.143276463034306,0.269858741515318,0.0165107319757843,0.0524674371674922,0.463951568519538
165273.411807,2570366.126422,0.0135531135531136,0.50970695970696,0,0.00457875457875458,0.0315018315018315,0.440659340659341
165773.411807,2570366.126422,0.0614678899082569,0.192477064220183,0.00954128440366972,0.53651376146789,0.063302752293578,0.136697247706422
166273.411807,2570366.126422,0.0273344340487984,0.0135754907356448,0.00972298660796184,0.84021280498991,0.0937442671069529,0.015410016510732
166773.411807,2570366.126422,0.10952380952381,0.071978021978022,0,0.360989010989011,0.166666666666667,0.290842490842491
167273.411807,2570366.126422,0.0381651376146789,0.294678899082569,0.0704587155963303,0.0867889908256881,0.0722935779816514,0.437614678899083
167773.411807,2570366.126422,0.0423775454045129,0.238671803338837,0.086589616584113,0.17831590533847,0.124013942395891,0.330031186938176
168273.411807,2570366.126422,0.0261904761904762,0.347985347985348,0.171062271062271,0.121794871794872,0.103663003663004,0.229304029304029
168773.411807,2570366.126422,0.0328440366972477,0.216697247706422,0.306605504587156,0.12697247706422,0.0326605504587156,0.284220183486239
169273.411807,2570366.126422,0.0177949000183453,0.322142726105302,0.0825536598789213,0.0489818381948266,0.0442120711796001,0.484314804623005
169773.411807,2570366.126422,0.0686813186813187,0.206959706959707,0.0225274725274725,0.101831501831502,0.0840659340659341,0.515934065934066
170273.411807,2570366.126422,0.0339449541284404,0.280917431192661,0.000917431192660551,0.0220183486238532,0.0477064220183486,0.614495412844037
170773.411807,2570366.126422,0.0476976701522656,0.202898550724638,0.0581544670702623,0.141992294991745,0.129517519721152,0.419739497339938
171273.411807,2570366.126422,0.091025641025641,0.188095238095238,0.0972527472527473,0.0847985347985348,0.0738095238095238,0.465018315018315
171773.411807,2570366.126422,0.0979816513761468,0.106238532110092,0.0688073394495413,0.216697247706422,0.181834862385321,0.328440366972477
172273.411807,2570366.126422,0.0583379196477711,0.155934690882407,0.00385250412768299,0.238855255916346,0.22821500642084,0.314804623004953
172773.411807,2570366.126422,0.0831501831501831,0.218864468864469,0,0.118315018315018,0.0912087912087912,0.488461538461538
160773.411807,2569866.126422,0.0146681334800147,0.210671067106711,0.422992299229923,0.0352035203520352,0.0496883021635497,0.266776677667767
161273.411807,2569866.126422,0.0481684981684982,0.102380952380952,0.478937728937729,0.0419413919413919,0.0586080586080586,0.26996336996337
161773.411807,2569866.126422,0.0523809523809524,0.0655677655677656,0.318315018315018,0.143956043956044,0.117948717948718,0.301831501831502
162273.411807,2569866.126422,0.0463879721305464,0.204620462046205,0.243674367436744,0.0108177484415108,0.0476714338100477,0.446828016134947
162773.411807,2569866.126422,0.0296703296703297,0.314835164835165,0.112820512820513,0.0186813186813187,0.0868131868131868,0.437179487179487
163273.411807,2569866.126422,0.0203296703296703,0.367765567765568,0.000549450549450549,0.0216117216117216,0.0758241758241758,0.513919413919414
163773.411807,2569866.126422,0.0458379171250458,0.46993032636597,0,0.0192519251925193,0.046021268793546,0.418958562522919
164273.411807,2569866.126422,0.0787545787545788,0.481868131868132,0,0.0315018315018315,0.0690476190476191,0.338827838827839
164773.411807,2569866.126422,0.0523809523809524,0.318681318681319,0.12985347985348,0.00347985347985348,0.0404761904761905,0.455128205128205
165273.411807,2569866.126422,0.0258525852585259,0.206820682068207,0.176751008434177,0.0232856618995233,0.0768243491015768,0.49046571323799
165773.411807,2569866.126422,0.0989010989010989,0.138278388278388,0.000915750915750916,0.399084249084249,0.179487179487179,0.183333333333333
166273.411807,2569866.126422,0.111355311355311,0.0815018315018315,0.000732600732600733,0.601648351648352,0.13003663003663,0.0747252747252747
166773.411807,2569866.126422,0.0621562156215622,0.306930693069307,0,0.248624862486249,0.133296662999633,0.248991565823249
167273.411807,2569866.126422,0.0706959706959707,0.506227106227106,0.00311355311355311,0.023992673992674,0.0454212454212454,0.350549450549451
167773.411807,2569866.126422,0.128021978021978,0.226923076923077,0.0895604395604396,0.0514652014652015,0.0992673992673993,0.404761904761905
168273.411807,2569866.126422,0.0337367070040337,0.343417675100843,0.207370737073707,0.0962596259625963,0.156032269893656,0.163182984965163
168773.411807,2569866.126422,0.00952380952380952,0.17014652014652,0.227838827838828,0.184981684981685,0.0782051282051282,0.329304029304029
169273.411807,2569866.126422,0.0173992673992674,0.340842490842491,0.136446886446886,0.116300366300366,0.0194139194139194,0.36959706959707
169773.411807,2569866.126422,0.0183351668500183,0.332966629996333,0.187752108544188,0.144664466446645,0.115878254492116,0.2004033736707
170273.411807,2569866.126422,0.0395604395604396,0.223076923076923,0.197252747252747,0.164102564102564,0.0818681318681319,0.294139194139194
170773.411807,2569866.126422,0.0611721611721612,0.222893772893773,0.117765567765568,0.0267399267399267,0.115934065934066,0.455494505494505
171273.411807,2569866.126422,0.00953428676200953,0.302346901356802,0,0.0346534653465347,0.0643564356435644,0.589108910891089
171773.411807,2569866.126422,0.0465201465201465,0.279304029304029,0.204761904761905,0.0692307692307692,0.102930402930403,0.297252747252747
172273.411807,2569866.126422,0.0705128205128205,0.172344322344322,0.152747252747253,0.208058608058608,0.0857142857142857,0.310622710622711
172773.411807,2569866.126422,0.124862486248625,0.158782544921159,0,0.130729739640631,0.136780344701137,0.448844884488449
160773.411807,2569366.126422,0.00806303829943192,0.17940260216236,0.189664650907092,0.055158512002932,0.100604727872457,0.467106468755727
161273.411807,2569366.126422,0.0337676637915214,0.34024591668196,0.0994677922554597,0.0178014314553129,0.0306478252890439,0.478069370526702
161773.411807,2569366.126422,0.048413717219879,0.36805428204658,0.0341096644049147,0.0311754997249221,0.0720704199523198,0.446176416651385
162273.411807,2569366.126422,0.0124610591900312,0.393073117097306,0,0.0089792926516401,0.0491112332783581,0.536375297782664
162773.411807,2569366.126422,0.0311983850247752,0.295283538263902,0,0.0313819049366856,0.0991007524316388,0.543035419342999
163273.411807,2569366.126422,0.0487804878048781,0.196222262974509,0,0.185585916009536,0.125618925362186,0.443792407848891
163773.411807,2569366.126422,0.0738501007879787,0.172255818215137,0,0.0830126443100605,0.292101887483966,0.378779549202859
164273.411807,2569366.126422,0.0647825289043861,0.329234721967333,0,0.0499174160396403,0.14534777023307,0.41071756285557
164773.411807,2569366.126422,0.0827067669172932,0.336512011736659,0.0117366587199707,0.0410783055198973,0.0711534934898221,0.456812763616358
165273.411807,2569366.126422,0.0995052226498076,0.180868609125893,0.124977093641195,0.0802638812534359,0.108851017042331,0.405534176287337
165773.411807,2569366.126422,0.138374013580473,0.41512204074142,0.0471646173609837,0.0693705267021472,0.0502844558634612,0.279684345751514
166273.411807,2569366.126422,0.0445626260773886,0.262974509444343,0.0377773702549056,0.33614524115166,0.0788556757748029,0.239684577296901
166773.411807,2569366.126422,0.0751328568810702,0.209272494044347,0.00256551218618288,0.303646692321789,0.13450613890416,0.274876305662452
167273.411807,2569366.126422,0.0581758120756102,0.544503578638282,0.00146815929528354,0.0732244448522665,0.0906588364837585,0.231969168654799
167773.411807,2569366.126422,0.0847240051347882,0.21199339812947,0.0295250320924262,0.174766183752063,0.159361819182102,0.339629561709151
168273.411807,2569366.126422,0.0399486897562763,0.200293201392707,0.165475536008796,0.190031152647975,0.135239142385926,0.26901227780832
168773.411807,2569366.126422,0.00642319691686548,0.220407414204441,0.254909157643604,0.270875389979813,0.0963479537529822,0.151036887502294
169273.411807,2569366.126422,0.0126535851824684,0.408215661103979,0.229231615624427,0.070419952319824,0.0121034293049697,0.267375756464332
169773.411807,2569366.126422,0.0247388675096207,0.281473336998351,0.299065420560748,0.0390324354040682,0.0522264980758659,0.303463441451347
170273.411807,2569366.126422,0.100018351991191,0.12038906221325,0.210130299137456,0.0924940356028629,0.115617544503579,0.361350706551661
170773.411807,2569366.126422,0.0436456996148909,0.183385292499542,0.220979277461948,0.149825783972125,0.131487254722171,0.270676691729323
171273.411807,2569366.126422,0.0470954737035001,0.150815466373465,0.196994685724757,0.0976727139453912,0.100787978742899,0.406633681509987
171773.411807,2569366.126422,0.0321159845843274,0.243897962928978,0,0.00679023674068636,0.0299137456414021,0.687282070104606
172273.411807,2569366.126422,0.0223730056849441,0.332294150009169,0,0.0388776820099028,0.0638180817898405,0.542637080506143
172773.411807,2569366.126422,0.0109950522264981,0.228147333699835,0,0.0536925050393989,0.0815466373465274,0.625618471687741
160773.411807,2568866.126422,0.0137362637362637,0.303296703296703,0,0.0388278388278388,0.112820512820513,0.531318681318681
161273.411807,2568866.126422,0.0504587155963303,0.252293577981651,0.101651376146789,0.04,0.0502752293577982,0.505321100917431
161773.411807,2568866.126422,0.0460465969546872,0.243258117776555,0.00697119794533113,0.063474591818015,0.132452760961291,0.50779673454412
162273.411807,2568866.126422,0.0131868131868132,0.45,0,0.0205128205128205,0.0963369963369963,0.41996336996337
162773.411807,2568866.126422,0.0642201834862385,0.279082568807339,0,0.0708256880733945,0.0642201834862385,0.521651376146789
163273.411807,2568866.126422,0.060906255732893,0.204366171344707,0.0366905155017428,0.143826820766832,0.14841313520455,0.405797101449275
163773.411807,2568866.126422,0.0659340659340659,0.165201465201465,0.00183150183150183,0.141575091575092,0.158974358974359,0.466483516483516
164273.411807,2568866.126422,0.0941284403669725,0.0924770642201835,0.00165137614678899,0.259082568807339,0.203119266055046,0.34954128440367
164773.411807,2568866.126422,0.0643918547055586,0.196294257934324,0.000733810310034856,0.281966611630893,0.207117960007338,0.249495505411851
165273.411807,2568866.126422,0.0509157509157509,0.466666666666667,0,0.0230769230769231,0.0705128205128205,0.388827838827839
165773.411807,2568866.126422,0.0414678899082569,0.309174311926605,0.178348623853211,0.0357798165137615,0.0809174311926606,0.354311926605505
166273.411807,2568866.126422,0.0300862227114291,0.537516052100532,0.000366905155017428,0.0785177031737296,0.0755824619335902,0.277930654925702
166773.411807,2568866.126422,0.0443223443223443,0.296886446886447,0.0128205128205128,0.0456043956043956,0.0203296703296703,0.58003663003663
167273.411807,2568866.126422,0.0258715596330275,0.538532110091743,0,0.0106422018348624,0.0348623853211009,0.390091743119266
167773.411807,2568866.126422,0.0445789763346175,0.502293157218859,0,0.0322876536415337,0.0836543753439736,0.337185837461016
168273.411807,2568866.126422,0.0355311355311355,0.0915750915750916,0.0904761904761905,0.393589743589744,0.161904761904762,0.226923076923077
168773.411807,2568866.126422,0.0522935779816514,0.199816513761468,0.25394495412844,0.169357798165138,0.0598165137614679,0.264770642201835
169273.411807,2568866.126422,0.000550357732526142,0.332049165290772,0.289121262153733,0.0585213722252798,0.0398092093193909,0.279948633278298
169773.411807,2568866.126422,0.0457875457875458,0.209340659340659,0.310989010989011,0.113736263736264,0.108424908424908,0.211721611721612
170273.411807,2568866.126422,0.0895412844036697,0.11743119266055,0.266605504587156,0.0746788990825688,0.120183486238532,0.331559633027523
170773.411807,2568866.126422,0.133553476426344,0.129884424876169,0.0972298660796184,0.178499357915979,0.132452760961291,0.328380113740598
171273.411807,2568866.126422,0.0507326007326007,0.153846153846154,0.317765567765568,0.141941391941392,0.125457875457875,0.21025641025641
171773.411807,2568866.126422,0.0880733944954128,0.184036697247706,0.0275229357798165,0.167522935779817,0.199449541284404,0.333394495412844
172273.411807,2568866.126422,0.117226197028068,0.10420106402495,0.00110071546505228,0.0812694918363603,0.124013942395891,0.572188589249679
172773.411807,2568866.126422,0.0254578754578755,0.191391941391941,0,0.0364468864468864,0.142490842490842,0.604212454212454
160773.411807,2568366.126422,0.0603226989365603,0.241840850751742,0,0.0546387972130546,0.13953061972864,0.503667033370004
161273.411807,2568366.126422,0.0311355311355311,0.252747252747253,0.000732600732600733,0.067032967032967,0.0754578754578755,0.572893772893773
161773.411807,2568366.126422,0.0798534798534798,0.120695970695971,0.00622710622710623,0.258974358974359,0.326190476190476,0.208058608058608
162273.411807,2568366.126422,0.0594059405940594,0.353685368536854,0.000183351668500183,0.123212321232123,0.12999633296663,0.333516685001834
162773.411807,2568366.126422,0.0598901098901099,0.384432234432234,0,0.000915750915750916,0.0126373626373626,0.542124542124542
163273.411807,2568366.126422,0.0159340659340659,0.427655677655678,0.0142857142857143,0.0305860805860806,0.0961538461538462,0.415384615384615
163773.411807,2568366.126422,0.0166850018335167,0.235423542354235,0.151265126512651,0.156398973230656,0.0726072607260726,0.367620095342868
164273.411807,2568366.126422,0.0619047619047619,0.244322344322344,0,0.0763736263736264,0.127472527472527,0.48992673992674
164773.411807,2568366.126422,0.0542124542124542,0.452747252747253,0.0010989010989011,0.0888278388278388,0.0826007326007326,0.320512820512821
165273.411807,2568366.126422,0.0361202786945361,0.502750275027503,0,0.0528052805280528,0.0405207187385405,0.367803447011368
165773.411807,2568366.126422,0.026007326007326,0.235714285714286,0.243772893772894,0.0032967032967033,0.0368131868131868,0.454395604395604
166273.411807,2568366.126422,0.0254578754578755,0.747619047619048,0.000732600732600733,0.0173992673992674,0.0230769230769231,0.185714285714286
166773.411807,2568366.126422,0.0594059405940594,0.514301430143014,0.00055005500550055,0.0546387972130546,0.0632563256325633,0.307847451411808
167273.411807,2568366.126422,0.0428571428571429,0.319413919413919,0.00274725274725275,0.00824175824175824,0.0272893772893773,0.599450549450549
167773.411807,2568366.126422,0.0324175824175824,0.150549450549451,0.2496336996337,0.221062271062271,0.151831501831502,0.194505494505495
168273.411807,2568366.126422,0.0572057205720572,0.187202053538687,0.17968463513018,0.259442610927759,0.105793912724606,0.210671067106711
168773.411807,2568366.126422,0.0362637362637363,0.180952380952381,0.146336996336996,0.348534798534799,0.13040293040293,0.157509157509158
169273.411807,2568366.126422,0.0141025641025641,0.19029304029304,0.376556776556777,0.043956043956044,0.0393772893772894,0.335714285714286
169773.411807,2568366.126422,0.0742574257425743,0.187935460212688,0.18995232856619,0.140997433076641,0.155848918225156,0.251008434176751
170273.411807,2568366.126422,0.0529304029304029,0.123992673992674,0.332600732600733,0.145604395604396,0.109340659340659,0.235531135531136
170773.411807,2568366.126422,0.157142857142857,0.093956043956044,0.174175824175824,0.127472527472527,0.0987179487179487,0.348534798534799
171273.411807,2568366.126422,0.0319031903190319,0.126879354602127,0.207370737073707,0.401173450678401,0.0955262192885955,0.137147048038137
171773.411807,2568366.126422,0.0538461538461538,0.182967032967033,0.149450549450549,0.166849816849817,0.181868131868132,0.265018315018315
172273.411807,2568366.126422,0.0547619047619048,0.166849816849817,0.179487179487179,0.16959706959707,0.123992673992674,0.305311355311355
172773.411807,2568366.126422,0.01998533186652,0.22020535386872,0.0207187385405207,0.146497983131646,0.0821415474880821,0.51045104510451
160773.411807,2567866.126422,0.0450797141286421,0.303280190580905,0,0.0601062855048561,0.139637163276526,0.451896646509071
161273.411807,2567866.126422,0.0187190310148651,0.404477885850615,0,0.0745090842356396,0.105156909524683,0.397137089374197
161773.411807,2567866.126422,0.0154043645699615,0.338345864661654,0.00201723821749496,0.0198056115899505,0.0790390610673024,0.545387859893637
162273.411807,2567866.126422,0.00293201392706615,0.415612974161627,0,0.0342679127725857,0.0855781564962434,0.461608942642478
162773.411807,2567866.126422,0.106074509084236,0.362818865846944,0.00734079647641769,0.0517526151587447,0.052303174894476,0.419710038539181
163273.411807,2567866.126422,0.0871080139372822,0.243168897854392,0,0.174216027874564,0.163763066202091,0.331743994131671
163773.411807,2567866.126422,0.036100421477002,0.344694887300715,0,0.0540590067802822,0.0892431739050761,0.475902510536925
164273.411807,2567866.126422,0.0761607634428336,0.36116718663975,0,0.19086070838686,0.102771150669848,0.269040190860708
164773.411807,2567866.126422,0.0592334494773519,0.440308087291399,0.00403447643498991,0.138455895837154,0.129103245919677,0.228864845039428
165273.411807,2567866.126422,0.00879604178119846,0.84643577056991,0,0.0152098222466557,0.0249221183800623,0.104636247022173
165773.411807,2567866.126422,0.0236740686364471,0.369058542851899,0.193429987153606,0.0332171040557901,0.07469260414755,0.305927693154707
166273.411807,2567866.126422,0.0350265908674124,0.65211810012837,0,0.00513478818998716,0.0207225380524482,0.286997982761783
166773.411807,2567866.126422,0.0863111599780099,0.181968114348543,0,0.274876305662452,0.181784863478102,0.275059556532894
167273.411807,2567866.126422,0.0541383740135805,0.164433841071756,0.155624885300055,0.120022022389429,0.0737750045879978,0.432005872637181
167773.411807,2567866.126422,0.0306253438474234,0.134421419402164,0.39207775536402,0.146524848707134,0.10416284613974,0.19218778653952
168273.411807,2567866.126422,0.0639545537841305,0.266630016492578,0.232545354590434,0.131940626717977,0.0518599963349826,0.253069452079897
168773.411807,2567866.126422,0.0846026793907139,0.157276564507249,0.274362268306111,0.221325013763993,0.10772618829143,0.154707285740503
169273.411807,2567866.126422,0.0715202640748212,0.200806895286998,0.220245736291949,0.219695580414451,0.137538969374656,0.150192554557125
169773.411807,2567866.126422,0.0089792926516401,0.284038849184534,0.297232911856331,0.161077515118197,0.0569910207073484,0.19168041048195
170273.411807,2567866.126422,0.0126628739218205,0.242796843457515,0.32795008258396,0.114516425032116,0.0379886217654616,0.264085153239126
170773.411807,2567866.126422,0.0201723821749496,0.208509077571979,0.313955620759215,0.202824133504493,0.115716119567211,0.138822666422153
171273.411807,2567866.126422,0.0089792926516401,0.184533626534726,0.305295950155763,0.197177936595199,0.142752428074033,0.161260765988638
171773.411807,2567866.126422,0.04147550009176,0.267572031565425,0.147733529087906,0.234171407597724,0.123692420627638,0.185355111029547
172273.411807,2567866.126422,0.0293416467999266,0.130386942967174,0.242251971391894,0.309921144324225,0.139556207592151,0.148542086924629
172773.411807,2567866.126422,0.0524097489463075,0.136338647608576,0.220267546270845,0.262231995601979,0.142752428074033,0.185999633498259
160773.411807,2567366.126422,0.00531135531135531,0.278571428571429,0.113003663003663,0.131318681318681,0.0597069597069597,0.412087912087912
161273.411807,2567366.126422,0.0453211009174312,0.222018348623853,0.0557798165137615,0.28256880733945,0.166788990825688,0.227522935779817
161773.411807,2567366.126422,0.0708126949183636,0.232067510548523,0,0.0764997248211337,0.105118326912493,0.515501742799486
162273.411807,2567366.126422,0.0417582417582418,0.347619047619048,0,0.0789377289377289,0.122161172161172,0.40952380952381
162773.411807,2567366.126422,0.0653211009174312,0.386422018348624,0.00146788990825688,0.0425688073394495,0.0644036697247706,0.439816513761468
163273.411807,2567366.126422,0.105485232067511,0.268391120895249,0,0.126765731058521,0.157585764079985,0.341772151898734
163773.411807,2567366.126422,0.0771062271062271,0.206043956043956,0.00402930402930403,0.274542124542125,0.141575091575092,0.296703296703297
164273.411807,2567366.126422,0.0357798165137615,0.43743119266055,0.0321100917431193,0.0218348623853211,0.0644036697247706,0.408440366972477
164773.411807,2567366.126422,0.021830856723537,0.388919464318474,0.0183452577508714,0.0887910475142176,0.0755824619335902,0.40653091175931
165273.411807,2567366.126422,0.0197802197802198,0.81043956043956,0,0.019047619047619,0.0152014652014652,0.135531135531136
165773.411807,2567366.126422,0.0240366972477064,0.391009174311927,0.0198165137614679,0.00935779816513761,0.0889908256880734,0.466788990825688
166273.411807,2567366.126422,0.0524674371674922,0.276096129150615,0.0669601907906806,0.0785177031737296,0.18968996514401,0.336268574573473
166773.411807,2567366.126422,0.0631868131868132,0.243772893772894,0,0.124542124542125,0.131684981684982,0.436813186813187
167273.411807,2567366.126422,0.0359633027522936,0.179633027522936,0.119816513761468,0.0948623853211009,0.0634862385321101,0.506238532110092
167773.411807,2567366.126422,0.0636580443955238,0.120711796000734,0.173362685745735,0.133736929003853,0.170243991928087,0.338286552926069
168273.411807,2567366.126422,0.0564102564102564,0.167032967032967,0.13003663003663,0.164102564102564,0.112454212454212,0.36996336996337
168773.411807,2567366.126422,0.110825688073394,0.129724770642202,0.0820183486238532,0.199082568807339,0.174128440366972,0.304220183486239
169273.411807,2567366.126422,0.0744817464685379,0.064758759860576,0.0335718216840947,0.345991561181435,0.203082003302146,0.27811410750321
169773.411807,2567366.126422,0.0216117216117216,0.177289377289377,0.190659340659341,0.244871794871795,0.196703296703297,0.168864468864469
170273.411807,2567366.126422,0.086605504587156,0.292844036697248,0.159266055045872,0.126238532110092,0.105871559633028,0.229174311926606
170773.411807,2567366.126422,0.060906255732893,0.197761878554394,0.272793982755458,0.0513667217024399,0.110438451660246,0.30673270959457
171273.411807,2567366.126422,0.0272893772893773,0.234615384615385,0.171062271062271,0.133516483516484,0.176190476190476,0.257326007326007
171773.411807,2567366.126422,0.0568807339449541,0.324220183486239,0.0135779816513761,0.111559633027523,0.170642201834862,0.323119266055046
172273.411807,2567366.126422,0.0664098330581545,0.206200697119795,0.184920198128784,0.204549623922216,0.113557145477894,0.224362502293157
172773.411807,2567366.126422,0.0360805860805861,0.271428571428571,0.0360805860805861,0.047985347985348,0.0622710622710623,0.546153846153846
160773.411807,2566866.126422,0.0148514851485149,0.161716171617162,0.303080308030803,0.122112211221122,0.0511551155115512,0.347084708470847
161273.411807,2566866.126422,0.0521978021978022,0.241941391941392,0.000732600732600733,0.112087912087912,0.146886446886447,0.446153846153846
161773.411807,2566866.126422,0.0119047619047619,0.341941391941392,0.0247252747252747,0.10952380952381,0.10989010989011,0.402014652014652
162273.411807,2566866.126422,0.0311697836450312,0.398056472313898,0,0.0416208287495416,0.0654565456545655,0.463696369636964
162773.411807,2566866.126422,0.0139194139194139,0.406593406593407,0,0.0247252747252747,0.0628205128205128,0.491941391941392
163273.411807,2566866.126422,0.0278388278388278,0.202197802197802,0.0776556776556777,0.0415750915750916,0.0741758241758242,0.576556776556777
163773.411807,2566866.126422,0.104877154382105,0.0517051705170517,0.000183351668500183,0.453245324532453,0.225339200586725,0.164649798313165
164273.411807,2566866.126422,0.0553113553113553,0.404945054945055,0,0.0256410256410256,0.0565934065934066,0.457509157509157
164773.411807,2566866.126422,0.0186813186813187,0.753479853479853,0,0.0216117216117216,0.0347985347985348,0.171428571428571
165273.411807,2566866.126422,0.00696736340300697,0.643931059772644,0,0.0597726439310598,0.145397873120645,0.143931059772644
165773.411807,2566866.126422,0.0368131868131868,0.320879120879121,0.0417582417582418,0.0421245421245421,0.080952380952381,0.477472527472527
166273.411807,2566866.126422,0.0232600732600733,0.469230769230769,0.00952380952380952,0.00695970695970696,0.0492673992673993,0.441758241758242
166773.411807,2566866.126422,0.0687568756875688,0.364503116978365,0.00311697836450312,0.0573890722405574,0.0936927026035937,0.412541254125413
167273.411807,2566866.126422,0.0562271062271062,0.348901098901099,0.0261904761904762,0.122527472527473,0.0831501831501831,0.363003663003663
167773.411807,2566866.126422,0.0871794871794872,0.141758241758242,0.039010989010989,0.0353479853479853,0.116117216117216,0.580586080586081
168273.411807,2566866.126422,0.0438210487715438,0.154748808214155,0.0727906123945728,0.161532819948662,0.112761276127613,0.454345434543454
168773.411807,2566866.126422,0.1003663003663,0.153113553113553,0,0.12014652014652,0.141758241758242,0.484615384615385
169273.411807,2566866.126422,0.063003663003663,0.122161172161172,0.0553113553113553,0.240659340659341,0.229304029304029,0.28956043956044
169773.411807,2566866.126422,0.0922258892555922,0.138797213054639,0.0667400073340667,0.232123212321232,0.273377337733773,0.196736340300697
170273.411807,2566866.126422,0.0186813186813187,0.106959706959707,0.284065934065934,0.335164835164835,0.160622710622711,0.0945054945054945
170773.411807,2566866.126422,0.0765567765567766,0.136080586080586,0.0393772893772894,0.11959706959707,0.171978021978022,0.456410256410256
171273.411807,2566866.126422,0.0194352768610194,0.382654932159883,0.0346534653465347,0.0207187385405207,0.0898423175650898,0.452695269526953
171773.411807,2566866.126422,0.0461538461538462,0.215201465201465,0.0384615384615385,0.0769230769230769,0.13956043956044,0.483699633699634
172273.411807,2566866.126422,0.0851648351648352,0.186630036630037,0.0884615384615385,0.0952380952380952,0.169413919413919,0.375091575091575
172773.411807,2566866.126422,0.0782911624495783,0.170517051705171,0.0066006600660066,0.0366703337000367,0.174734140080675,0.533186651998533
160773.411807,2566366.126422,0.153197727689207,0.129558365402236,0.172439069085578,0.0487447315374748,0.0582737768004398,0.437786329485065
161273.411807,2566366.126422,0.0376215819416407,0.246650761607634,0.0994677922554597,0.102771150669848,0.10387227014131,0.409616443384107
161773.411807,2566366.126422,0.0403447643498991,0.209059233449477,0,0.0166880616174583,0.0907757197872731,0.643132220795892
162273.411807,2566366.126422,0.0509437419827744,0.385743082279641,0.000183250870441635,0.0641378046545721,0.0995052226498076,0.399486897562763
162773.411807,2566366.126422,0.0466140576252523,0.421912277482107,0,0.0326665443200587,0.0811158010644155,0.417691319508167
163273.411807,2566366.126422,0.0669356317623327,0.090408949202274,0.000366770584999083,0.390427287731524,0.2398679625894,0.21199339812947
163773.411807,2566366.126422,0.0908924317390508,0.0590067802822063,0.000183250870441635,0.445299615173172,0.251420194245923,0.153197727689207
164273.411807,2566366.126422,0.0957973940172509,0.209946779225546,0.000917599559552211,0.065149568728207,0.161497522481189,0.466691135988255
164773.411807,2566366.126422,0.0300751879699248,0.388410049514029,0,0.0260407115349349,0.0504309554373739,0.505043095543737
165273.411807,2566366.126422,0.0258383727322705,0.406083928898662,0,0.036100421477002,0.154297232911856,0.377680043980209
165773.411807,2566366.126422,0.0034868783262984,0.550376215819416,0,0.0178014314553129,0.0499174160396403,0.378418058359332
166273.411807,2566366.126422,0.0476801760498808,0.473134054648817,0.000366770584999083,0.00201723821749496,0.0447460113698881,0.43205574912892
166773.411807,2566366.126422,0.0395821880153931,0.18948140003665,0,0.0672530694520799,0.106102253985706,0.59758108851017
167273.411807,2566366.126422,0.089190677188475,0.383740135804735,0.00458799779776106,0.0682694072306845,0.0853367590383557,0.368875022939989
167773.411807,2566366.126422,0.0390610673024023,0.538969374656153,0,0.0262240968274344,0.0814230698697964,0.314322391344214
168273.411807,2566366.126422,0.0362836723474437,0.27359354956936,0,0.0344511636430273,0.0492944841487997,0.606377130291369
168773.411807,2566366.126422,0.0240411084602679,0.453661222242613,0,0.009543035419343,0.0203707102220591,0.492383923655717
169273.411807,2566366.126422,0.100495140289749,0.269576379974326,0.00403447643498991,0.146341463414634,0.131487254722171,0.34806528516413
169773.411807,2566366.126422,0.0797141286421111,0.207806487080814,0.000916254352208173,0.207623236210372,0.175554333883086,0.328385559831409
170273.411807,2566366.126422,0.0673518076711323,0.22004037438062,0.0170673518076711,0.0941457148100569,0.197283905303725,0.404110846026794
