"x","y","forest","agri","water","built","other","grass"
174773.411807,2502866.126422,0.596144216324487,0.00701051577366049,0.0160240360540811,0.274661992989484,0.0590886329494241,0.0470706059088633
175273.411807,2502866.126422,0.16408204102051,0.0100050025012506,0.000250125062531266,0.635567783891946,0.116308154077039,0.0737868934467234
175773.411807,2502866.126422,0.170914542728636,0.0209895052473763,0.00199900049975012,0.524737631184408,0.0887056471764118,0.192653673163418
176273.411807,2502866.126422,0.0408112168252379,0.0127691537305959,0.0125187781672509,0.861041562343515,0.0480721081622434,0.0247871807711567
176773.411807,2502866.126422,0.15807903951976,0.023511755877939,0.00350175087543772,0.625312656328164,0.0910455227613807,0.0985492746373187
177273.411807,2502866.126422,0.104197901049475,0.0784607696151924,0.00224887556221889,0.670664667666167,0.0922038980509745,0.052223888055972
177773.411807,2502866.126422,0.152228342513771,0.0162744116174261,0.0107661492238358,0.647471206810215,0.0580871306960441,0.115172759138708
178273.411807,2502866.126422,0.0825412706353177,0.020760380190095,0.00550275137568784,0.730865432716358,0.0665332666333167,0.0937968984492246
178773.411807,2502866.126422,0.0349825087456272,0.0102448775612194,0.0129935032483758,0.900299850074962,0.036231884057971,0.00524737631184408
179273.411807,2502866.126422,0.156735102653981,0.0513269904857286,0.00550826239359039,0.551827741612419,0.121181772658988,0.113420130195293
179773.411807,2502866.126422,0.0765382691345673,0.0342671335667834,0.00450225112556278,0.710355177588794,0.0805402701350675,0.0937968984492246
180273.411807,2502866.126422,0.130184907546227,0.0622188905547226,0.000249875062468766,0.531234382808596,0.145927036481759,0.130184907546227
180773.411807,2502866.126422,0.161492238357536,0.0598397596394592,0.000250375563345017,0.49899849774662,0.153730595893841,0.125688532799199
181273.411807,2502866.126422,0.0520260130065033,0.0307653826913457,0.000750375187593797,0.817658829414707,0.072536268134067,0.0262631315657829
181773.411807,2502866.126422,0.255372313843078,0.0787106446776612,0.000249875062468766,0.335332333833083,0.10519740129935,0.225137431284358
182273.411807,2502866.126422,0.14371557336004,0.112669003505258,0,0.415373059589384,0.102653980971457,0.225588382573861
182773.411807,2502866.126422,0.020760380190095,0.212606303151576,0,0.325662831415708,0.127813906953477,0.313156578289145
183273.411807,2502866.126422,0.067216391804098,0.0557221389305347,0,0.65392303848076,0.138680659670165,0.0844577711144428
183773.411807,2502866.126422,0.0911367050575864,0.0265398097145719,0,0.656735102653981,0.143465197796695,0.0821231847771658
184273.411807,2502866.126422,0.0167583791895948,0.00500250125062531,0,0.937968984492246,0.0342671335667834,0.00600300150075038
184773.411807,2502866.126422,0.047976011994003,0.0177411294352824,0,0.782608695652174,0.0869565217391304,0.0647176411794103
185273.411807,2502866.126422,0.0227841762643966,0.0197796695042564,0.00125187781672509,0.849774661992989,0.0893840761141713,0.0170255383074612
173773.411807,2502366.126422,0,0.00769230769230769,0.981684981684982,0.00934065934065934,0.00128205128205128,0
174273.411807,2502366.126422,0,0,0.948478181151448,0.048954895489549,0.00256692335900257,0
174773.411807,2502366.126422,0.384615384615385,0.00915750915750916,0.0179487179487179,0.435714285714286,0.0822344322344322,0.0703296703296703
175273.411807,2502366.126422,0.0192307692307692,0.0272893772893773,0.131868131868132,0.758608058608059,0.0523809523809524,0.0106227106227106
175773.411807,2502366.126422,0.0390539053905391,0.0227356068940227,0.00971763843050972,0.661532819948662,0.105243857719105,0.161716171617162
176273.411807,2502366.126422,0.0518315018315018,0.0166666666666667,0.0745421245421245,0.732051282051282,0.0646520146520147,0.0602564102564103
176773.411807,2502366.126422,0.121245421245421,0.0327838827838828,0.00879120879120879,0.615934065934066,0.113369963369963,0.107875457875458
177273.411807,2502366.126422,0.063989732306564,0.0410707737440411,0.0166850018335167,0.764209754308764,0.0645397873120645,0.0495049504950495
177773.411807,2502366.126422,0.0133699633699634,0.0173992673992674,0.0736263736263736,0.87014652014652,0.0232600732600733,0.0021978021978022
178273.411807,2502366.126422,0.0283882783882784,0.0148351648351648,0.00842490842490842,0.916483516483516,0.0296703296703297,0.0021978021978022
178773.411807,2502366.126422,0.0410707737440411,0.0152181884855152,0.0166850018335167,0.811147781444811,0.0649064906490649,0.050971763843051
179273.411807,2502366.126422,0.0772893772893773,0.0785714285714286,0.00695970695970696,0.728571428571429,0.0758241758241758,0.0327838827838828
179773.411807,2502366.126422,0.0252747252747253,0.0128205128205128,0.00201465201465201,0.88992673992674,0.0476190476190476,0.0223443223443223
180273.411807,2502366.126422,0.0540887422075541,0.0298863219655299,0.00201686835350202,0.813348001466813,0.0696736340300697,0.030986431976531
180773.411807,2502366.126422,0.0368131868131868,0.0228937728937729,0.0010989010989011,0.880586080586081,0.0373626373626374,0.0212454212454212
181273.411807,2502366.126422,0.0384615384615385,0.0203296703296703,0.0043956043956044,0.85952380952381,0.0380952380952381,0.0391941391941392
181773.411807,2502366.126422,0.157315731573157,0.0287862119545288,0.000916758342500917,0.566373303997066,0.0366703337000367,0.20993766043271
182273.411807,2502366.126422,0.226190476190476,0.0620879120879121,0.026007326007326,0.0525641025641026,0.0782051282051282,0.554945054945055
182773.411807,2502366.126422,0.165567765567766,0.0490842490842491,0,0.30970695970696,0.256043956043956,0.21959706959707
183273.411807,2502366.126422,0.112577924459113,0.0295196186285295,0.000183351668500183,0.582874954162083,0.216171617161716,0.0586725339200587
183773.411807,2502366.126422,0.0415750915750916,0.00952380952380952,0,0.857142857142857,0.0611721611721612,0.0305860805860806
184273.411807,2502366.126422,0.0822344322344322,0.0302197802197802,0,0.706043956043956,0.104029304029304,0.0774725274725275
184773.411807,2502366.126422,0.208837550421709,0.0304363769710304,0,0.365786578657866,0.176934360102677,0.218005133846718
185273.411807,2502366.126422,0.253479853479853,0.00915750915750916,0,0.202747252747253,0.187362637362637,0.347252747252747
174273.411807,2501866.126422,0.163826278174821,0.0271211288253619,0.368150998717244,0.320872274143302,0.0216236027121129,0.0984057174271578
174773.411807,2501866.126422,0.0133969535694623,0.0159662323362085,0,0.935951550743256,0.0247751881079097,0.00991007524316388
175273.411807,2501866.126422,0.000183385292499542,0.000183385292499542,0.55198973042362,0.447643498991381,0,0
175773.411807,2501866.126422,0.000549752611324904,0.00311526479750779,0.155763239875389,0.840571742715778,0,0
176273.411807,2501866.126422,0.0178014314553129,0.0126628739218205,0.134520095430354,0.784914663240962,0.0394567810607451,0.0106441548908057
176773.411807,2501866.126422,0.00348432055749129,0.00953603520997616,0.22813130386943,0.705116449660737,0.0471300201723822,0.0066018705299835
177273.411807,2501866.126422,0.0234561114165292,0.0278541323071285,0.18160161260766,0.704966098588968,0.043613707165109,0.0185083379146051
177773.411807,2501866.126422,0.0629473297852817,0.0255092677555515,0.0159662323362085,0.784547623417141,0.0776289227381171,0.0334006239677005
178273.411807,2501866.126422,0.0676691729323308,0.0370438290849074,0.00825233816247937,0.773885934348065,0.0713368787823217,0.0418118466898955
178773.411807,2501866.126422,0.0243723657687374,0.00678028220634048,0.0047645226314825,0.930181418361737,0.015026571376214,0.0188748396554884
179273.411807,2501866.126422,0.0524866948063865,0.019086070838686,0.00550559735731327,0.783813543769499,0.0831345200954303,0.0559735731326849
179773.411807,2501866.126422,0.0608839171098478,0.0702365670273244,0.00586832935998533,0.769668072620576,0.0786722904823033,0.0146708233999633
180273.411807,2501866.126422,0.0720175920835624,0.0262048744731537,0.000183250870441635,0.763056624518966,0.0698185816382628,0.068719076415613
180773.411807,2501866.126422,0.0917599559552211,0.0308313452009543,0,0.695540466140576,0.0950633143696091,0.0868049183336392
181273.411807,2501866.126422,0.112965340179718,0.035209976159912,0.000916926462497708,0.613423803410966,0.0689528699798276,0.168531083807079
181773.411807,2501866.126422,0.0485614806670332,0.0608392889866227,0.00494777350192413,0.69287154113982,0.119113065787062,0.0736668499175371
182273.411807,2501866.126422,0.260781794824739,0.0238575885483575,0,0.154890805652413,0.162048082216921,0.39842172875757
182773.411807,2501866.126422,0.0458463231248854,0.0447460113698881,0.000916926462497708,0.733907940583165,0.146524848707134,0.0280579497524299
183273.411807,2501866.126422,0.16474253252703,0.0241891148982958,0.000183250870441635,0.51236943375481,0.212204507971413,0.0863111599780099
183773.411807,2501866.126422,0.140209212699578,0.0504679757753716,0,0.462837217838135,0.179298953936502,0.167186639750413
184273.411807,2501866.126422,0.157161195672107,0.0933431138822666,0,0.391160828901522,0.166513845589584,0.19182101595452
184773.411807,2501866.126422,0.307861462341946,0.0793476269012278,0,0.055158512002932,0.174088326919553,0.383544071834341
185273.411807,2501866.126422,0.349788952101303,0.0422095797394017,0,0.138741053404294,0.117452743622683,0.351807671132318
174273.411807,2501366.126422,0.026007326007326,0.0164835164835165,0.801831501831502,0.0421245421245421,0.0272893772893773,0.0862637362637363
174773.411807,2501366.126422,0.0267889908256881,0.00899082568807339,0.184587155963303,0.654862385321101,0.0955963302752294,0.0291743119266055
175273.411807,2501366.126422,0.0091726288754357,0.00403595670519171,0.136121812511466,0.815079801871216,0.0343056319941295,0.001284168042561
175773.411807,2501366.126422,0.00164835164835165,0,0.0912087912087912,0.89981684981685,0.00659340659340659,0.000732600732600733
176273.411807,2501366.126422,0,0,0.0192660550458716,0.980733944954128,0,0
176773.411807,2501366.126422,0,0,0.00953953403045313,0.990460465969547,0,0
177273.411807,2501366.126422,0.00293040293040293,0.0232600732600733,0.0144688644688645,0.914102564102564,0.0250915750915751,0.0201465201465201
177773.411807,2501366.126422,0.0491743119266055,0.112110091743119,0.0361467889908257,0.551376146788991,0.113394495412844,0.137798165137615
178273.411807,2501366.126422,0.0919097413318657,0.0726472206934507,0.01284168042561,0.616584113006788,0.130251330031187,0.0757659145110989
178773.411807,2501366.126422,0.045970695970696,0.041025641025641,0.00970695970695971,0.807326007326007,0.0661172161172161,0.0298534798534799
179273.411807,2501366.126422,0.075045871559633,0.0310091743119266,0.00256880733944954,0.801284403669725,0.0658715596330275,0.0242201834862385
179773.411807,2501366.126422,0.0561364887176665,0.0401761144744084,0.00110071546505228,0.747202348192992,0.0893414052467437,0.066042927903137
180273.411807,2501366.126422,0.10989010989011,0.0379120879120879,0.000183150183150183,0.626556776556777,0.105494505494505,0.11996336996337
180773.411807,2501366.126422,0.0122935779816514,0.0315596330275229,0.000917431192660551,0.904954128440367,0.0335779816513761,0.016697247706422
181273.411807,2501366.126422,0.0521005320124748,0.0299027701339204,0.00220143093010457,0.807925151348376,0.0689781691432765,0.0388919464318474
181773.411807,2501366.126422,0.0227106227106227,0.0122710622710623,0.00256410256410256,0.909157509157509,0.0373626373626374,0.0159340659340659
182273.411807,2501366.126422,0.0337614678899083,0.0267889908256881,0,0.86954128440367,0.0456880733944954,0.0242201834862385
182773.411807,2501366.126422,0.0333883691065859,0.017978352595854,0.00385250412768299,0.904788112272977,0.0306365804439552,0.00935608145294441
183273.411807,2501366.126422,0.128571428571429,0.169413919413919,0,0.455128205128205,0.134249084249084,0.112637362637363
183773.411807,2501366.126422,0.27394495412844,0.083302752293578,0,0.145871559633028,0.127339449541284,0.36954128440367
184273.411807,2501366.126422,0.0787011557512383,0.0183452577508714,0,0.543019629425793,0.171895065125665,0.188038891946432
184773.411807,2501366.126422,0.235164835164835,0.0214285714285714,0,0.123076923076923,0.273076923076923,0.347252747252747
185273.411807,2501366.126422,0.382752293577982,0.0113761467889908,0,0.0420183486238532,0.16954128440367,0.394311926605505
175273.411807,2500866.126422,0.0836996336996337,0.0144688644688645,0.0195970695970696,0.739010989010989,0.0776556776556777,0.0655677655677656
175773.411807,2500866.126422,0.037037037037037,0.0286028602860286,0.0957095709570957,0.703520352035203,0.0671067106710671,0.068023469013568
176273.411807,2500866.126422,0.00164835164835165,0.00238095238095238,0.223260073260073,0.76978021978022,0.00293040293040293,0
176773.411807,2500866.126422,0.0336996336996337,0.0304029304029304,0.000366300366300366,0.826923076923077,0.076007326007326,0.0326007326007326
177273.411807,2500866.126422,0.00293362669600293,0.00458379171250458,0.0300696736340301,0.945361202786945,0.0139347268060139,0.00311697836450312
177773.411807,2500866.126422,0.0355311355311355,0.0340659340659341,0.0115384615384615,0.752930402930403,0.084981684981685,0.080952380952381
178273.411807,2500866.126422,0.0772893772893773,0.0728937728937729,0.000366300366300366,0.547435897435897,0.107509157509158,0.194505494505495
178773.411807,2500866.126422,0.139347268060139,0.0575724239090576,0.00568390172350568,0.514118078474514,0.109277594426109,0.174000733406674
179273.411807,2500866.126422,0.180952380952381,0.0496336996336996,0.000915750915750916,0.525824175824176,0.0981684981684982,0.144505494505494
179773.411807,2500866.126422,0.106776556776557,0.0807692307692308,0.000183150183150183,0.39981684981685,0.153846153846154,0.258608058608059
180273.411807,2500866.126422,0.0553722038870554,0.0374037403740374,0.00055005500550055,0.775760909424276,0.0958929226255959,0.035020168683535
180773.411807,2500866.126422,0.0175824175824176,0.0128205128205128,0.00732600732600733,0.946336996336996,0.0108058608058608,0.00512820512820513
181273.411807,2500866.126422,0.00769230769230769,0.00622710622710623,0.00879120879120879,0.964102564102564,0.00860805860805861,0.00457875457875458
181773.411807,2500866.126422,0.121195452878621,0.0238357169050238,0.000183351668500183,0.65988265493216,0.0803080308030803,0.114594792812615
182273.411807,2500866.126422,0.0153846153846154,0.0252747252747253,0.000549450549450549,0.8496336996337,0.0741758241758242,0.034981684981685
182773.411807,2500866.126422,0.065018315018315,0.0340659340659341,0,0.673443223443223,0.126007326007326,0.101465201465201
183273.411807,2500866.126422,0.0991932526585992,0.0390539053905391,0,0.286762009534287,0.174000733406674,0.400990099009901
183773.411807,2500866.126422,0.169047619047619,0.0871794871794872,0,0.185531135531136,0.262087912087912,0.296153846153846
184273.411807,2500866.126422,0.14029304029304,0.00952380952380952,0,0.404578754578755,0.197802197802198,0.247802197802198
184773.411807,2500866.126422,0.251741840850752,0.0106343967730106,0,0.0352035203520352,0.226255958929226,0.476164283094976
185273.411807,2500866.126422,0.577289377289377,0,0,0,0,0.422710622710623
175273.411807,2500366.126422,0.0880249403997799,0.0179717586649551,0.0106363469649734,0.717403264258206,0.0794058316523015,0.0865578580597836
175773.411807,2500366.126422,0.0769653655854865,0.0260216236027121,0.00238226131574125,0.682059739783764,0.0960234561114165,0.11654755360088
176273.411807,2500366.126422,0.0119287942741787,0.0211047898697009,0.28629106258029,0.603046430537713,0.0238575885483575,0.0537713341897596
176773.411807,2500366.126422,0.0150375939849624,0.0097194205024757,0.0302585732624244,0.892902989180268,0.0394278378874014,0.0126535851824684
177273.411807,2500366.126422,0.0258383727322705,0.0196078431372549,0.0886934212937511,0.768370899761774,0.0743998533993036,0.023089609675646
177773.411807,2500366.126422,0.009543035419343,0.0117452743622683,0.160029363185906,0.77610570746926,0.0266103872270141,0.0159662323362085
178273.411807,2500366.126422,0.105996699064735,0.0441958554923895,0.000916926462497708,0.61195672107097,0.150559325142124,0.0863744727672841
178773.411807,2500366.126422,0.0641378046545721,0.138171156312992,0.0384826827927433,0.57852299798424,0.11324903793293,0.0674363203225215
179273.411807,2500366.126422,0.097082033400624,0.106625068819967,0.00311983850247752,0.277665626720499,0.219306294732979,0.296201137823454
179773.411807,2500366.126422,0.205758298184486,0.0511644966073721,0,0.260407115349349,0.240601503759398,0.242068586099395
180273.411807,2500366.126422,0.0941909474070002,0.0337181601612608,0,0.597031335898845,0.158878504672897,0.116181051859996
180773.411807,2500366.126422,0.0581758120756102,0.0289961460818499,0,0.771150669847678,0.0871719581574601,0.0545054138374014
181273.411807,2500366.126422,0.0159545204474601,0.00861910874747845,0.0022006235099945,0.950485971025124,0.0170548322024574,0.00568494406748579
181773.411807,2500366.126422,0.00971229613340663,0.00861279091075683,0,0.944474986256185,0.0317024005864028,0.00549752611324904
182273.411807,2500366.126422,0.0491833363919985,0.0238575885483575,0,0.803817214167737,0.0794641218572215,0.0436777390346853
182773.411807,2500366.126422,0.182101595452045,0.0412616908123968,0,0.206858609939483,0.171098477902072,0.398679625894003
183273.411807,2500366.126422,0.0899761773868426,0.049660985889683,0,0.528312259483233,0.161993769470405,0.170056807769837
183773.411807,2500366.126422,0.316021288309782,0.0400073407964764,0.00422095797394017,0.202238942925307,0.142962011378235,0.29454945861626
184273.411807,2500366.126422,0.125618925362186,0.011186502842472,0,0.229231615624427,0.265725288831836,0.368237667339079
184773.411807,2500366.126422,0.291185633131757,0.00439802089059923,0,0.0368334249587686,0.156679494227598,0.510903426791277
185273.411807,2500366.126422,0.398054688933749,0.00275279867865663,0,0.00165167920719398,0.0034868783262984,0.594053954854102
175773.411807,2499866.126422,0.114468864468864,0.0333333333333333,0.000366300366300366,0.642307692307692,0.112271062271062,0.0972527472527473
176273.411807,2499866.126422,0.00844036697247706,0.00990825688073394,0.281467889908257,0.664587155963303,0.0275229357798165,0.00807339449541284
176773.411807,2499866.126422,0.00238488350761328,0.00880572372041827,0.379379930288021,0.600073381031003,0.0091726288754357,0.000183452577508714
177273.411807,2499866.126422,0.010989010989011,0.0210622710622711,0.000732600732600733,0.892307692307692,0.0728937728937729,0.00201465201465201
177773.411807,2499866.126422,0.00440366972477064,0.00880733944954129,0.237981651376147,0.741100917431193,0.00752293577981651,0.00018348623853211
178273.411807,2499866.126422,0.0161438268207668,0.0493487433498441,0.024399192808659,0.830489818381948,0.0425609979820216,0.0370574206567602
178773.411807,2499866.126422,0.0172161172161172,0.124542124542125,0.00238095238095238,0.421428571428571,0.21959706959707,0.214835164835165
179273.411807,2499866.126422,0.0445871559633028,0.328256880733945,0,0.160917431192661,0.109724770642202,0.35651376146789
179773.411807,2499866.126422,0.0915428361768483,0.0908090258668134,0.00458631443771785,0.470372408732343,0.16969363419556,0.172995780590717
180273.411807,2499866.126422,0.0304029304029304,0.0227106227106227,0.00128205128205128,0.841391941391941,0.0597069597069597,0.0445054945054945
180773.411807,2499866.126422,0.0596330275229358,0.0185321100917431,0.00348623853211009,0.793577981651376,0.0715596330275229,0.0532110091743119
181273.411807,2499866.126422,0.0100898917629793,0.00348559897266557,0.00146762062006971,0.951568519537699,0.0297193175564117,0.00366905155017428
181773.411807,2499866.126422,0.0406593406593407,0.00915750915750916,0.000549450549450549,0.866483516483517,0.0620879120879121,0.0210622710622711
182273.411807,2499866.126422,0.0618348623853211,0.0218348623853211,0.00165137614678899,0.778899082568807,0.0873394495412844,0.0484403669724771
182773.411807,2499866.126422,0.0300862227114291,0.0533847000550358,0,0.639699137772886,0.138690148596588,0.138139790864062
183273.411807,2499866.126422,0.0917582417582418,0.0373626373626374,0,0.4,0.249084249084249,0.221794871794872
183773.411807,2499866.126422,0.183302752293578,0.117247706422018,0,0.144036697247706,0.127889908256881,0.427522935779817
184273.411807,2499866.126422,0.104751421757476,0.0137589433131535,0,0.560264171711613,0.201981287837094,0.119244175380664
184773.411807,2499866.126422,0.173443223443223,0.0364468864468864,0,0.104395604395604,0.312087912087912,0.373626373626374
185273.411807,2499866.126422,0.270091743119266,0.0255045871559633,0,0.041651376146789,0.127155963302752,0.535596330275229
176273.411807,2499366.126422,0.0578754578754579,0.10952380952381,0.019047619047619,0.351831501831502,0.114468864468864,0.347252747252747
176773.411807,2499366.126422,0.00421245421245421,0.00531135531135531,0.191575091575092,0.778205128205128,0.0135531135531136,0.00714285714285714
177273.411807,2499366.126422,0.0066006600660066,0.0044004400440044,0.125779244591126,0.812981298129813,0.0496883021635497,0.00055005500550055
177773.411807,2499366.126422,0.0177655677655678,0.0437728937728938,0.0232600732600733,0.840842490842491,0.0456043956043956,0.0287545787545788
178273.411807,2499366.126422,0.0249084249084249,0.183882783882784,0.058974358974359,0.430769230769231,0.149450549450549,0.152014652014652
178773.411807,2499366.126422,0.0784745141180785,0.0957095709570957,0.000183351668500183,0.631646497983132,0.116795012834617,0.0771910524385772
179273.411807,2499366.126422,0.0228937728937729,0.0496336996336996,0,0.819047619047619,0.0514652014652015,0.056959706959707
179773.411807,2499366.126422,0.0750915750915751,0.0697802197802198,0.0404761904761905,0.590842490842491,0.106043956043956,0.117765567765568
180273.411807,2499366.126422,0.0344701136780345,0.143014301430143,0.015951595159516,0.292445911257792,0.12962962962963,0.384488448844884
180773.411807,2499366.126422,0.00732600732600733,0.0333333333333333,0.0021978021978022,0.90989010989011,0.0313186813186813,0.0159340659340659
181273.411807,2499366.126422,0.00787545787545788,0.0119047619047619,0.00146520146520147,0.884249084249084,0.0379120879120879,0.0565934065934066
181773.411807,2499366.126422,0.072973964063073,0.0157682434910158,0,0.777227722772277,0.0707737440410708,0.0632563256325633
182273.411807,2499366.126422,0.013003663003663,0.11007326007326,0,0.541391941391941,0.105860805860806,0.22967032967033
182773.411807,2499366.126422,0.0216117216117216,0.190842490842491,0,0.434065934065934,0.193223443223443,0.16025641025641
183273.411807,2499366.126422,0.0372203887055372,0.0339200586725339,0,0.397139713971397,0.242940960762743,0.288778877887789
183773.411807,2499366.126422,0.0346153846153846,0.201282051282051,0,0.388827838827839,0.124358974358974,0.250915750915751
184273.411807,2499366.126422,0.0243589743589744,0.0173992673992674,0,0.776923076923077,0.0897435897435897,0.0915750915750916
184773.411807,2499366.126422,0.211037770443711,0.0352035203520352,0,0.234323432343234,0.147048038137147,0.372387238723872
185273.411807,2499366.126422,0.229120879120879,0.0238095238095238,0,0.0315018315018315,0.134798534798535,0.580769230769231
176773.411807,2498866.126422,0.0781221346048047,0.0146708233999633,0.112781954887218,0.508344030808729,0.133871263524665,0.152209792774619
177273.411807,2498866.126422,0,0,0.535275792560015,0.464724207439985,0,0
177773.411807,2498866.126422,0.00880895577170123,0.030280785465223,0.0104606349788952,0.856487428886034,0.0550559735731327,0.0389062213250138
178273.411807,2498866.126422,0.0110031175499725,0.0203557674674491,0.00843572345497891,0.896937465615258,0.0471300201723822,0.0161379057399597
178773.411807,2498866.126422,0.0399486897562763,0.0393989371449514,0.042147700201576,0.786329485065054,0.0714678394722375,0.0207073483599047
179273.411807,2498866.126422,0.144980730409249,0.0846026793907139,0.030280785465223,0.477702330702881,0.0800146815929528,0.18241879243898
179773.411807,2498866.126422,0.0957271226847607,0.044379240784889,0,0.634329726755914,0.137538969374656,0.0880249403997799
180273.411807,2498866.126422,0.0441634597764339,0.0362836723474437,0.0368334249587686,0.630382994319223,0.186366135239142,0.0659703133589885
180773.411807,2498866.126422,0.026977427050835,0.00844191594788034,0.00201871903101487,0.894109010827675,0.0513855753349238,0.0170673518076711
181273.411807,2498866.126422,0.0709701081973226,0.0353933614524115,0.0022006235099945,0.702915826150743,0.0779387493123052,0.110581331377224
181773.411807,2498866.126422,0.0395821880153931,0.0461792193512919,0,0.63789628000733,0.0978559648158329,0.178486347810152
182273.411807,2498866.126422,0.0211047898697009,0.0886401174527436,0,0.395118370343182,0.18682327032483,0.308313452009543
182773.411807,2498866.126422,0.0130203557674674,0.203190904089492,0,0.425270493306437,0.184668989547038,0.173849257289565
183273.411807,2498866.126422,0.0980392156862745,0.101520982224666,0.00238226131574125,0.315557998900495,0.173538574308228,0.308960967564596
183773.411807,2498866.126422,0.0378051018535511,0.0251422279317306,0,0.570746926041475,0.23655716645256,0.129748577720683
184273.411807,2498866.126422,0.0348432055749129,0.033192737942417,0,0.657619658903356,0.109664404914726,0.164679992664588
184773.411807,2498866.126422,0.0652373098772219,0.0549752611324904,0,0.542972329118563,0.172988821696903,0.163826278174821
185273.411807,2498866.126422,0.283354743989723,0.022389429253074,0,0.19489814644889,0.22407781244265,0.275279867865663
176773.411807,2498366.126422,0.0306365804439552,0.0190790680609063,0.000183452577508714,0.746651990460466,0.157218858924968,0.0462300495321959
177273.411807,2498366.126422,0.0115384615384615,0.00750915750915751,0.254029304029304,0.698901098901099,0.0177655677655678,0.0102564102564103
177773.411807,2498366.126422,0,0,0.148256880733945,0.851743119266055,0,0
178273.411807,2498366.126422,0.0247660979636764,0.0310034855989727,0.0121078701155751,0.722252797651807,0.176664832140892,0.0332049165290772
178773.411807,2498366.126422,0.0712454212454212,0.0428571428571429,0.00128205128205128,0.550732600732601,0.234249084249084,0.0996336996336996
179273.411807,2498366.126422,0.0379816513761468,0.0346788990825688,0.0363302752293578,0.824587155963303,0.0396330275229358,0.0267889908256881
179773.411807,2498366.126422,0.0603558980003669,0.0304531278664465,0.00165107319757843,0.815079801871216,0.0645753072830673,0.0278847917813245
180273.411807,2498366.126422,0.0565934065934066,0.047985347985348,0.000549450549450549,0.748717948717949,0.0895604395604396,0.0565934065934066
180773.411807,2498366.126422,0.0678899082568807,0.0985321100917431,0.0304587155963303,0.585504587155963,0.138715596330275,0.0788990825688073
181273.411807,2498366.126422,0.0752155567785727,0.0717299578059072,0.000550357732526142,0.574390020179784,0.179600073381031,0.0985140341221794
181773.411807,2498366.126422,0.0445054945054945,0.172527472527473,0,0.393040293040293,0.187728937728938,0.202197802197802
182273.411807,2498366.126422,0.0291743119266055,0.0948623853211009,0,0.390275229357798,0.191559633027523,0.294128440366972
182773.411807,2498366.126422,0.0487983856173179,0.0528343423225096,0,0.607411484131352,0.174279948633278,0.116675839295542
183273.411807,2498366.126422,0.0723443223443224,0.0201465201465201,0.000183150183150183,0.732051282051282,0.115384615384615,0.0598901098901099
183773.411807,2498366.126422,0.0273394495412844,0.0330275229357798,0,0.811376146788991,0.0796330275229358,0.0486238532110092
184273.411807,2498366.126422,0.0209135938359934,0.0385250412768299,0,0.842597688497523,0.068611263988259,0.0293524124013942
184773.411807,2498366.126422,0.0532967032967033,0.0897435897435897,0,0.408608058608059,0.204761904761905,0.243589743589744
185273.411807,2498366.126422,0.224403669724771,0.0313761467889908,0,0.178532110091743,0.160183486238532,0.405504587155963
177273.411807,2497866.126422,0.0595892922625596,0.0231023102310231,0.00605060506050605,0.723138980564723,0.0795746241290796,0.108544187752109
177773.411807,2497866.126422,0.000549450549450549,0.000183150183150183,0.13003663003663,0.863736263736264,0.00549450549450549,0
178273.411807,2497866.126422,0.00549450549450549,0.00824175824175824,0.13021978021978,0.792490842490842,0.0586080586080586,0.00494505494505494
178773.411807,2497866.126422,0.015034836817015,0.0562889622295563,0.0661899523285662,0.816831683168317,0.0407040704070407,0.00495049504950495
179273.411807,2497866.126422,0.0291208791208791,0.091025641025641,0.0490842490842491,0.762271062271062,0.0565934065934066,0.0119047619047619
179773.411807,2497866.126422,0.0694139194139194,0.0336996336996337,0.00512820512820513,0.773076923076923,0.0804029304029304,0.0382783882783883
180273.411807,2497866.126422,0.0333700036670334,0.00366703337000367,0.000183351668500183,0.911074440777411,0.0328199486615328,0.0188852218555189
180773.411807,2497866.126422,0.0542124542124542,0.0338827838827839,0.00567765567765568,0.767582417582418,0.0950549450549451,0.0435897435897436
181273.411807,2497866.126422,0.0221611721611722,0.0293040293040293,0,0.615018315018315,0.183333333333333,0.15018315018315
181773.411807,2497866.126422,0.0132013201320132,0.444261092775944,0,0.228089475614228,0.0726072607260726,0.241840850751742
182273.411807,2497866.126422,0.0419413919413919,0.261172161172161,0,0.214835164835165,0.145238095238095,0.336813186813187
182773.411807,2497866.126422,0.0749084249084249,0.213736263736264,0,0.171794871794872,0.163186813186813,0.376373626373626
183273.411807,2497866.126422,0.0830583058305831,0.288045471213788,0,0.0185185185185185,0.0438210487715438,0.566556655665567
183773.411807,2497866.126422,0.0445054945054945,0.21025641025641,0,0.270879120879121,0.0730769230769231,0.401282051282051
184273.411807,2497866.126422,0.052014652014652,0.256593406593407,0,0.197252747252747,0.16043956043956,0.333699633699634
184773.411807,2497866.126422,0.0425375870920425,0.466263292995966,0,0.234506784011734,0.0979097909790979,0.158782544921159
185273.411807,2497866.126422,0.0567765567765568,0.11043956043956,0,0.508058608058608,0.177655677655678,0.147069597069597
177773.411807,2497366.126422,0.0271609469627455,0.00770783630023858,0.097082033400624,0.797026977427051,0.0396403009726555,0.0313819049366856
178273.411807,2497366.126422,0.000733541169998166,0.00146708233999633,0.122868145974693,0.87199706583532,0.000916926462497708,0.00201723821749496
178773.411807,2497366.126422,0.00586402785413231,0.00787978742899029,0.0102620487447315,0.974161627267729,0.00183250870441635,0
179273.411807,2497366.126422,0.0363369425582676,0.0462470178014315,0.0119287942741787,0.832262800513856,0.0471646173609837,0.0260598274912828
179773.411807,2497366.126422,0.0401613790573996,0.0412616908123968,0.0170548322024574,0.843388960205392,0.0370438290849074,0.0210893086374473
180273.411807,2497366.126422,0.0181418361737218,0.017042330951072,0.00366501740883269,0.915521348726406,0.0287703866593366,0.0168590800806304
180773.411807,2497366.126422,0.00440447788585061,0.00899247568361167,0.00715727656450725,0.967149935768031,0.0121123141860892,0.000183519911910442
181273.411807,2497366.126422,0.066018705299835,0.0805061434072987,0,0.571795342013571,0.129470016504676,0.152209792774619
181773.411807,2497366.126422,0.00201575957485798,0.0668865677111966,0,0.65805387575591,0.0670698185816383,0.205973978376397
182273.411807,2497366.126422,0,0.026977427050835,0,0.743255643237291,0.0411084602679391,0.188658469443935
182773.411807,2497366.126422,0,0.0306253438474234,0,0.697230882083257,0.0278745644599303,0.244269209609389
183273.411807,2497366.126422,0.0053142752428074,0.0295033901411032,0,0.501924134139637,0.0725673446948873,0.390690855781565
183773.411807,2497366.126422,0.00330335841438796,0.0258763075793724,0,0.329785281703065,0.0824004404477886,0.558634611855386
184273.411807,2497366.126422,0.00183385292499542,0.0234733174399413,0,0.342013570511645,0.101228681459747,0.531450577663671
184773.411807,2497366.126422,0.00128275609309144,0.0227231079347627,0,0.286237859629833,0.0723840938244457,0.617372182517867
185273.411807,2497366.126422,0.044411818682327,0.108643787850982,0,0.431088273077629,0.116902183886952,0.29895393650211
178273.411807,2496866.126422,0.010273344340488,0.00495321959273528,0.0977802238121446,0.763896532746285,0.0640249495505412,0.0590717299578059
178773.411807,2496866.126422,0,0,0.161904761904762,0.838095238095238,0,0
179273.411807,2496866.126422,0.011743119266055,0.0141284403669725,0.115412844036697,0.831009174311927,0.0242201834862385,0.00348623853211009
179773.411807,2496866.126422,0.0610897083104018,0.0348559897266557,0.110071546505228,0.704274445055953,0.0530177949000183,0.0366905155017428
180273.411807,2496866.126422,0.0128205128205128,0.0556776556776557,0.0124542124542125,0.898168498168498,0.0159340659340659,0.00494505494505494
180773.411807,2496866.126422,0.018348623853211,0.015045871559633,0.0288073394495413,0.919449541284404,0.0177981651376147,0.00055045871559633
181273.411807,2496866.126422,0.0278847917813245,0.0108237020730141,0.000183452577508714,0.901485965877821,0.0357732526141992,0.0238488350761328
181773.411807,2496866.126422,0.0804029304029304,0.143223443223443,0.00531135531135531,0.547435897435897,0.143772893772894,0.0798534798534798
182273.411807,2496866.126422,0.0453211009174312,0.0576146788990826,0.00697247706422018,0.698532110091743,0.147889908256881,0.0436697247706422
182773.411807,2496866.126422,0.0961291506145661,0.0612731608879105,0,0.682993946064942,0.0933773619519354,0.0662263804806457
183273.411807,2496866.126422,0.0282051282051282,0.0371794871794872,0,0.825824175824176,0.0714285714285714,0.0373626373626374
183773.411807,2496866.126422,0.0132110091743119,0.0231192660550459,0,0.866788990825688,0.0662385321100917,0.0306422018348624
184273.411807,2496866.126422,0.0519170794349661,0.011557512383049,0.000183452577508714,0.836727206017245,0.0687947165657677,0.030820033021464
184773.411807,2496866.126422,0.030952380952381,0.0230769230769231,0,0.586813186813187,0.0602564102564103,0.298901098901099
185273.411807,2496866.126422,0.0139449541284404,0.0073394495412844,0,0.338348623853211,0.0829357798165138,0.55743119266055
178273.411807,2496366.126422,0.0353479853479853,0.00293040293040293,0.0159340659340659,0.891941391941392,0.0380952380952381,0.0157509157509158
178773.411807,2496366.126422,0.0214521452145215,0.0181518151815182,0.158232489915658,0.796846351301797,0.00513384671800513,0.000183351668500183
179273.411807,2496366.126422,0.000549450549450549,0.000732600732600733,0.1003663003663,0.891208791208791,0.00714285714285714,0
179773.411807,2496366.126422,0.0342490842490843,0.0679487179487179,0.0195970695970696,0.777106227106227,0.0716117216117216,0.0294871794871795
180273.411807,2496366.126422,0.0916758342500917,0.0537220388705537,0.0500550055005501,0.749174917491749,0.0513384671800513,0.00403373670700403
180773.411807,2496366.126422,0.0322344322344322,0.0635531135531135,0.0432234432234432,0.820695970695971,0.0344322344322344,0.00586080586080586
181273.411807,2496366.126422,0.026007326007326,0.0353479853479853,0.000549450549450549,0.888095238095238,0.0443223443223443,0.00567765567765568
181773.411807,2496366.126422,0.111111111111111,0.168866886688669,0,0.594426109277594,0.0715071507150715,0.0540887422075541
182273.411807,2496366.126422,0.0924908424908425,0.0935897435897436,0,0.661355311355311,0.0879120879120879,0.0646520146520147
182773.411807,2496366.126422,0.0912087912087912,0.0717948717948718,0.000549450549450549,0.758241758241758,0.056043956043956,0.0221611721611722
183273.411807,2496366.126422,0.0126512651265127,0.0144847818115145,0.0331866519985332,0.905023835716905,0.026035936927026,0.00861752841950862
183773.411807,2496366.126422,0.111721611721612,0.0344322344322344,0.00494505494505494,0.563186813186813,0.11959706959707,0.166117216117216
184273.411807,2496366.126422,0.091025641025641,0.0884615384615385,0,0.64047619047619,0.0860805860805861,0.093956043956044
184773.411807,2496366.126422,0.0922258892555922,0.0715071507150715,0,0.652915291529153,0.102493582691602,0.0808580858085809
185273.411807,2496366.126422,0.148901098901099,0.043956043956044,0.000183150183150183,0.365934065934066,0.146886446886447,0.294139194139194
178773.411807,2495866.126422,0.0318856514568444,0.032618654938611,0.00219901044529962,0.779549202858714,0.0797141286421111,0.0740333516584204
179273.411807,2495866.126422,0.00679023674068636,0.00605615709304459,0.0176179115434025,0.961277298586897,0.00679023674068636,0.00146815929528354
179773.411807,2495866.126422,0.00880249403997799,0.0130203557674674,0.113515496057216,0.861910874747845,0.00275077938749312,0
180273.411807,2495866.126422,0.013560564412681,0.0359171706065604,0.0153930731170973,0.907275059556533,0.0274876305662452,0.000366501740883269
180773.411807,2495866.126422,0.0317489447605065,0.0578087722517893,0.0392732611488346,0.781978344650395,0.0434942191227748,0.0456964580657001
181273.411807,2495866.126422,0.0410783055198973,0.0445626260773886,0.0383275261324042,0.843205574912892,0.0238400880249404,0.00898587933247754
181773.411807,2495866.126422,0.113982041414697,0.148433205057724,0.00604727872457394,0.593549569360454,0.0760491112332784,0.0619387942092725
182273.411807,2495866.126422,0.0957973940172509,0.110846026793907,0.00256927876674619,0.731143329051202,0.0449623784180584,0.0146815929528354
182773.411807,2495866.126422,0.0478635613423803,0.0487804878048781,0.00476801760498808,0.825233816247937,0.0643682376673391,0.00898587933247754
183273.411807,2495866.126422,0.0408649441084845,0.049660985889683,0.00586402785413231,0.842404251420194,0.0494777350192413,0.0117280557082646
183773.411807,2495866.126422,0.0440447788585061,0.0392732611488346,0,0.783630023857589,0.0998348320792806,0.0332171040557901
184273.411807,2495866.126422,0.141206675224647,0.0473134054648817,0.00861910874747845,0.686411149825784,0.113515496057216,0.00293416467999266
184773.411807,2495866.126422,0.0240058640278541,0.030602895363753,0.00549752611324904,0.891515484698552,0.0443467106468756,0.00403151914971596
185273.411807,2495866.126422,0.0827674802716095,0.0451458983299688,0.000367039823820885,0.361717746375482,0.159111763626353,0.350890071572766
179273.411807,2495366.126422,0.0170642201834862,0.00458715596330275,0.0412844036697248,0.85045871559633,0.0743119266055046,0.0122935779816514
179773.411807,2495366.126422,0.000366905155017428,0.00476976701522656,0.0405430196294258,0.949550541185104,0.00476976701522656,0
180273.411807,2495366.126422,0.0298534798534799,0.00879120879120879,0.102197802197802,0.850915750915751,0.00824175824175824,0
180773.411807,2495366.126422,0,0,0.0976146788990826,0.902385321100917,0,0
181273.411807,2495366.126422,0.0066042927903137,0.010273344340488,0.101999633094845,0.878187488534214,0.00293524124013942,0
181773.411807,2495366.126422,0.0153846153846154,0.0168498168498168,0.00879120879120879,0.899084249084249,0.0478021978021978,0.0120879120879121
182273.411807,2495366.126422,0.0253211009174312,0.0304587155963303,0.0253211009174312,0.79651376146789,0.103302752293578,0.0190825688073394
182773.411807,2495366.126422,0.0247660979636764,0.0157769216657494,0.00495321959273528,0.845166024582645,0.0871399743166392,0.0221977618785544
183273.411807,2495366.126422,0.0527472527472527,0.0435897435897436,0.0152014652014652,0.694871794871795,0.14981684981685,0.0437728937728938
183773.411807,2495366.126422,0.157614678899083,0.0236697247706422,0.00458715596330275,0.674495412844037,0.131926605504587,0.00770642201834862
184273.411807,2495366.126422,0.152999449642267,0.0249495505411851,0,0.384333149880756,0.359200146762062,0.0785177031737296
184773.411807,2495366.126422,0.0412087912087912,0.123992673992674,0.000183150183150183,0.702564102564103,0.0981684981684982,0.0338827838827839
185273.411807,2495366.126422,0.0447706422018349,0.124403669724771,0.00201834862385321,0.689908256880734,0.0772477064220184,0.061651376146789
179773.411807,2494866.126422,0.00805860805860806,0.0106227106227106,0.167399267399267,0.744505494505495,0.0289377289377289,0.0404761904761905
180273.411807,2494866.126422,0,0,0.142647598093143,0.857352401906857,0,0
