"x","y","forest","agri","water","built","other","grass"
183773.411807,2654866.126422,0,0.052303174894476,0.818682327032483,0.115801064415489,0.0034868783262984,0.00972655533125344
184273.411807,2654866.126422,0.000916926462497708,0.119750596002201,0.704382908490739,0.10783055198973,0.0249403997799376,0.0421786172748946
184773.411807,2654866.126422,0.0126443100604728,0.143668682426242,0.609309144218435,0.0883269195528679,0.0284038849184534,0.117647058823529
185273.411807,2654866.126422,0.0343182235272527,0.279867865663424,0.109744907322444,0.110478986970086,0.0956138741053404,0.369976142411452
185773.411807,2654866.126422,0.123051531267192,0.263341280029342,0.0253071703649367,0.0607005318173482,0.0854575463047864,0.442141940216395
186273.411807,2654866.126422,0.0652061855670103,0.318298969072165,0,0.0708762886597938,0.0935567010309278,0.452061855670103
183773.411807,2654366.126422,0.00146788990825688,0.0862385321100917,0.720366972477064,0.163302752293578,0.015045871559633,0.0135779816513761
184273.411807,2654366.126422,0.00201797835259585,0.149146945514584,0.6505228398459,0.0590717299578059,0.0333883691065859,0.105852137222528
184773.411807,2654366.126422,0.00860805860805861,0.148534798534799,0.351831501831502,0.254578754578755,0.0908424908424908,0.145604395604396
185273.411807,2654366.126422,0.000917431192660551,0.17394495412844,0.260550458715596,0.0724770642201835,0.036697247706422,0.455412844036697
185773.411807,2654366.126422,0.0625573289304715,0.271876719867914,0.0565033938726839,0.0693450742982939,0.0812694918363603,0.458447991194276
186273.411807,2654366.126422,0.0185471406491499,0.453889747552808,0.0404430705821741,0.0497166409067491,0.0700669757856775,0.367336424523442
182273.411807,2653866.126422,0.00238095238095238,0.174908424908425,0.487179487179487,0.157692307692308,0.06996336996337,0.107875457875458
182773.411807,2653866.126422,0,0.175091575091575,0.527655677655678,0.167948717948718,0.0203296703296703,0.108974358974359
183273.411807,2653866.126422,0.00421708837550422,0.20993766043271,0.435460212687935,0.243307664099743,0.0203520352035204,0.0867253392005867
183773.411807,2653866.126422,0.00238095238095238,0.132783882783883,0.684981684981685,0.125457875457875,0.0326007326007326,0.0217948717948718
184273.411807,2653866.126422,0.00476190476190476,0.151098901098901,0.64010989010989,0.0684981684981685,0.0386446886446886,0.0968864468864469
184773.411807,2653866.126422,0.0238357169050238,0.217088375504217,0.055005500550055,0.194536120278695,0.0883755042170884,0.421158782544921
185273.411807,2653866.126422,0.0124542124542125,0.194139194139194,0.347619047619048,0.0668498168498168,0.0388278388278388,0.34010989010989
185773.411807,2653866.126422,0.0386446886446886,0.305128205128205,0.177472527472527,0.0851648351648352,0.084981684981685,0.308608058608059
186273.411807,2653866.126422,0.0164948453608247,0.380670103092783,0.135567010309278,0.0765463917525773,0.0853092783505155,0.305412371134021
181773.411807,2653366.126422,0.0126443100604728,0.116181051859996,0.567711196628184,0.156129741616273,0.0159428257284222,0.131390874106652
182273.411807,2653366.126422,0.00165167920719398,0.229583409799963,0.625986419526519,0.102220590934116,0.0146815929528354,0.0258763075793724
182773.411807,2653366.126422,0.00146708233999633,0.164313222079589,0.747661837520631,0.066018705299835,0.0100861910874748,0.0104529616724739
183273.411807,2653366.126422,0,0.231079347626901,0.627634231262599,0.0747663551401869,0.0353674179952355,0.0311526479750779
183773.411807,2653366.126422,0.00862543585979079,0.122407781244265,0.703615342264636,0.071389245733162,0.0368875022939989,0.0570746926041475
184273.411807,2653366.126422,0.0119200440124702,0.245369521364387,0.198789657069503,0.117916743077205,0.114432422519714,0.311571611956721
184773.411807,2653366.126422,0.0234561114165292,0.238409382444567,0.295400403151915,0.0621220450797141,0.0183250870441635,0.362286970863112
185273.411807,2653366.126422,0.0262433474031932,0.304826573683245,0.0974490732244448,0.116718663975041,0.0723068452927143,0.382455496421362
185773.411807,2653366.126422,0.0315422703099211,0.403631028791491,0.00165046763249587,0.137355584082157,0.0713368787823217,0.354483770401614
186273.411807,2653366.126422,0.0597938144329897,0.227061855670103,0.00798969072164948,0.0829896907216495,0.114432989690722,0.507731958762887
181773.411807,2652866.126422,0.00604395604395604,0.16959706959707,0.669047619047619,0.0404761904761905,0.00732600732600733,0.107509157509158
182273.411807,2652866.126422,0.00348623853211009,0.208623853211009,0.69743119266055,0.0146788990825688,0.0155963302752294,0.0601834862385321
182773.411807,2652866.126422,0.0139423958906623,0.216290588882774,0.481563015960374,0.156485048614933,0.0383415886993212,0.0933773619519354
183273.411807,2652866.126422,0.0124542124542125,0.174175824175824,0.212637362637363,0.293040293040293,0.111172161172161,0.196520146520147
183773.411807,2652866.126422,0.011743119266055,0.193211009174312,0.100917431192661,0.355229357798165,0.128073394495413,0.210825688073394
184273.411807,2652866.126422,0.0341221794166208,0.149146945514584,0.002568336085122,0.0387084938543387,0.0526508897450009,0.722803155384333
184773.411807,2652866.126422,0.0448717948717949,0.181684981684982,0.127472527472527,0.0346153846153846,0.0452380952380952,0.566117216117216
185273.411807,2652866.126422,0.041651376146789,0.3,0.00018348623853211,0.0739449541284404,0.0522935779816514,0.531926605504587
185773.411807,2652866.126422,0.0339387268391121,0.264538616767566,0.000183452577508714,0.076316272243625,0.127866446523574,0.497156485048615
186273.411807,2652866.126422,0.0188047398248326,0.222050489438434,0.0370942812982998,0.0870685213807316,0.123132405976301,0.511849562081401
181773.411807,2652366.126422,0.00165016501650165,0.263476347634763,0.612027869453612,0.0645397873120645,0.00898423175650898,0.0493215988265493
182273.411807,2652366.126422,0.000732600732600733,0.226739926739927,0.62967032967033,0.0904761904761905,0.0225274725274725,0.0298534798534799
182773.411807,2652366.126422,0.0120879120879121,0.183333333333333,0.348717948717949,0.221794871794872,0.0637362637362637,0.17032967032967
183273.411807,2652366.126422,0.0293362669600293,0.232856618995233,0.0319031903190319,0.115878254492116,0.0841584158415842,0.505867253392006
183773.411807,2652366.126422,0.0476190476190476,0.219413919413919,0,0.0908424908424908,0.0961538461538462,0.545970695970696
184273.411807,2652366.126422,0.0542124542124542,0.179304029304029,0,0.032967032967033,0.118864468864469,0.614652014652015
184773.411807,2652366.126422,0.0496883021635497,0.245324532453245,0,0.0759075907590759,0.0874587458745875,0.541620828749542
185273.411807,2652366.126422,0.0271062271062271,0.338461538461538,0,0.0184981684981685,0.0948717948717949,0.521062271062271
185773.411807,2652366.126422,0.0214285714285714,0.357692307692308,0,0.00201465201465201,0.0659340659340659,0.552930402930403
186273.411807,2652366.126422,0.0739690721649485,0.263659793814433,0,0.0123711340206186,0.0371134020618557,0.612886597938144
181273.411807,2651866.126422,0.0126535851824684,0.0775719787273061,0.456445993031359,0.22391344214194,0.0632679259123418,0.166147075004585
181773.411807,2651866.126422,0.0648708081363387,0.186915887850467,0.289169873556899,0.111233278358072,0.0654205607476635,0.282389591350559
182273.411807,2651866.126422,0.00513855753349238,0.201137823453845,0.495136722334373,0.116535144063131,0.0403743806202973,0.141677371994861
182773.411807,2651866.126422,0.0729873464148175,0.168347698514579,0.250137538969375,0.106546854942234,0.0654685494223363,0.336512011736659
183273.411807,2651866.126422,0.109034267912773,0.190764156129742,0,0.0967564595931831,0.177203591717061,0.426241524647242
183773.411807,2651866.126422,0.0798311616810424,0.188658469443935,0,0.00623967700495504,0.215085336759038,0.51018535511103
184273.411807,2651866.126422,0.0473134054648817,0.36805428204658,0,0.0190720704199523,0.120484137172199,0.445076104896387
184773.411807,2651866.126422,0.0547920102620487,0.332417078981125,0,0.0296866410115448,0.0595565328935312,0.52354773685175
185273.411807,2651866.126422,0.19086070838686,0.158194164066801,0,0.0710222059093412,0.265186272710589,0.314736648926409
185773.411807,2651866.126422,0.00861910874747845,0.35209976159912,0,0.000916926462497708,0.0319090408949202,0.606455162295984
186273.411807,2651866.126422,0.0461340206185567,0.353092783505155,0,0.0912371134020619,0.0925257731958763,0.417010309278351
181273.411807,2651366.126422,0.0302696752889378,0.0913593835993396,0.653458081086039,0.0521005320124748,0.0117409649605577,0.161071363052651
181773.411807,2651366.126422,0.047985347985348,0.0706959706959707,0.454212454212454,0.142857142857143,0.0347985347985348,0.249450549450549
182273.411807,2651366.126422,0.0673394495412844,0.0374311926605505,0.0146788990825688,0.0737614678899083,0.0295412844036697,0.777247706422018
182773.411807,2651366.126422,0.078884608328747,0.0887910475142176,0.0220143093010457,0.525224729407448,0.121445606310769,0.163639699137773
183273.411807,2651366.126422,0.0761904761904762,0.0923076923076923,0.0119047619047619,0.339194139194139,0.196336996336996,0.284065934065934
183773.411807,2651366.126422,0.0667889908256881,0.466788990825688,0,0.00990825688073394,0.0594495412844037,0.397064220183486
184273.411807,2651366.126422,0.0401761144744084,0.499357915978719,0,0.0113740598055403,0.0950284351495139,0.354063474591818
184773.411807,2651366.126422,0.0393772893772894,0.382600732600733,0,0.00256410256410256,0.05,0.525457875457875
185273.411807,2651366.126422,0.0772477064220184,0.26605504587156,0,0.018348623853211,0.0948623853211009,0.54348623853211
185773.411807,2651366.126422,0.0513667217024399,0.293524124013942,0,0.0405430196294258,0.109704641350211,0.504861493303981
186273.411807,2651366.126422,0.0692941782586296,0.253477588871716,0,0.170015455950541,0.180061823802164,0.32715095311695
180773.411807,2650866.126422,0.000366300366300366,0.123260073260073,0.757875457875458,0.0661172161172161,0.0106227106227106,0.0417582417582418
181273.411807,2650866.126422,0.0010989010989011,0.0736263736263736,0.832417582417582,0.0776556776556777,0.00604395604395604,0.00915750915750916
181773.411807,2650866.126422,0,0.132196552988632,0.812431243124312,0.0432709937660433,0.00788412174550788,0.00421708837550422
182273.411807,2650866.126422,0.00366300366300366,0.132967032967033,0.56959706959707,0.154029304029304,0.0355311355311355,0.104212454212454
182773.411807,2650866.126422,0.0443223443223443,0.0450549450549451,0,0.655311355311355,0.153846153846154,0.101465201465201
183273.411807,2650866.126422,0.0568390172350568,0.172900623395673,0,0.279061239457279,0.194536120278695,0.296662999633297
183773.411807,2650866.126422,0.097985347985348,0.303296703296703,0,0.0659340659340659,0.138461538461538,0.394322344322344
184273.411807,2650866.126422,0.0655677655677656,0.297435897435897,0,0.0435897435897436,0.13956043956044,0.453846153846154
184773.411807,2650866.126422,0.1002933626696,0.291162449578291,0,0.0304363769710304,0.0993766043270994,0.478731206453979
185273.411807,2650866.126422,0.0683150183150183,0.375091575091575,0,0.00824175824175824,0.0776556776556777,0.470695970695971
185773.411807,2650866.126422,0.0452380952380952,0.281135531135531,0,0.0249084249084249,0.143406593406593,0.505311355311355
186273.411807,2650866.126422,0.0889175257731959,0.20180412371134,0,0.252577319587629,0.160824742268041,0.295876288659794
180773.411807,2650366.126422,0,0.0959809139291613,0.846026793907139,0.0453294182418792,0.00587263718113415,0.00679023674068636
181273.411807,2650366.126422,0.000733541169998166,0.0759215110948102,0.885017421602787,0.0249403997799376,0.00256739409499358,0.010819732257473
181773.411807,2650366.126422,0,0.0406816932380429,0.89243173905076,0.0610225398570643,0.00494777350192413,0.000916254352208173
182273.411807,2650366.126422,0.0737750045879978,0.236740686364471,0.107542668379519,0.13286841622316,0.0704716461736098,0.378601578271242
182773.411807,2650366.126422,0.0984779020722538,0.387493123051531,0,0.0526315789473684,0.08399046396479,0.377406931964057
183273.411807,2650366.126422,0.0775151181968114,0.329851566794942,0,0.0621220450797141,0.062671797691039,0.467839472237493
183773.411807,2650366.126422,0.0721233253808038,0.318407047164617,0,0.0214718296935217,0.158377683978712,0.429620113782345
184273.411807,2650366.126422,0.0891252521547772,0.392627911241518,0,0,0.00861910874747845,0.509627727856226
184773.411807,2650366.126422,0.110133773135422,0.340113615539674,0,0.00183250870441635,0.0133773135422393,0.534542789078248
185273.411807,2650366.126422,0.0385391815011929,0.517342631675537,0,0.0411084602679391,0.0438612589465957,0.359148467608736
185773.411807,2650366.126422,0.0372272143774069,0.366403814414084,0,0.0819732257472951,0.164496607372089,0.349899138089125
186273.411807,2650366.126422,0.0286082474226804,0.424484536082474,0.000257731958762887,0.100773195876289,0.0904639175257732,0.355412371134021
180273.411807,2649866.126422,0.00238095238095238,0.0858974358974359,0.776556776556777,0.124725274725275,0.00549450549450549,0.00494505494505494
180773.411807,2649866.126422,0.0190825688073394,0.105871559633028,0.766422018348624,0.0539449541284404,0.00917431192660551,0.0455045871559633
181273.411807,2649866.126422,0.0104567969179967,0.0919097413318657,0.786644652357366,0.0445789763346175,0.0132085855806274,0.0532012474775271
181773.411807,2649866.126422,0.0327838827838828,0.147252747252747,0.384615384615385,0.129487179487179,0.032967032967033,0.272893772893773
182273.411807,2649866.126422,0.0776146788990826,0.248073394495413,0,0.147706422018349,0.10605504587156,0.420550458715596
182773.411807,2649866.126422,0.0440286186020914,0.517703173729591,0.000183452577508714,0.0752155567785727,0.0798018712162906,0.283067327095946
183273.411807,2649866.126422,0.0472527472527473,0.456593406593407,0,0.0661172161172161,0.0516483516483516,0.378388278388278
183773.411807,2649866.126422,0.044954128440367,0.441467889908257,0,0.0205504587155963,0.0809174311926606,0.412110091743119
184273.411807,2649866.126422,0.0326545587965511,0.601174096496056,0,0,0.026967528893781,0.339203815813612
184773.411807,2649866.126422,0.0847985347985348,0.331684981684982,0,0.0142857142857143,0.095970695970696,0.473260073260073
185273.411807,2649866.126422,0.0473394495412844,0.469724770642202,0,0.0179816513761468,0.0489908256880734,0.415963302752294
185773.411807,2649866.126422,0.0394423041643735,0.438084755090809,0,0.0678774536782242,0.13832324344157,0.316272243625023
186273.411807,2649866.126422,0.00566718186501803,0.596084492529624,0,0.00489438433797012,0.0244719216898506,0.368882019577537
179773.411807,2649366.126422,0,0.0587912087912088,0.515934065934066,0.406776556776557,0.0102564102564103,0.00824175824175824
180273.411807,2649366.126422,0.000183351668500183,0.0612394572790612,0.82013201320132,0.094976164283095,0.0152181884855152,0.00825082508250825
180773.411807,2649366.126422,0.00256410256410256,0.108058608058608,0.816849816849817,0.0401098901098901,0.00586080586080586,0.0265567765567766
181273.411807,2649366.126422,0.00750915750915751,0.166117216117216,0.669413919413919,0.0673992673992674,0.0148351648351648,0.0747252747252747
181773.411807,2649366.126422,0.0267693436010268,0.401173450678401,0.00128346167950128,0.171983865053172,0.0581224789145581,0.340667400073341
182273.411807,2649366.126422,0.0133699633699634,0.462820512820513,0.0272893772893773,0.0353479853479853,0.0205128205128205,0.440659340659341
182773.411807,2649366.126422,0.00183150183150183,0.724542124542125,0.0146520146520147,0.00476190476190476,0.00183150183150183,0.252380952380952
183273.411807,2649366.126422,0.0212687935460213,0.607444077741107,0.00586725339200587,0.0218188485515218,0.0357535753575358,0.307847451411808
183773.411807,2649366.126422,0.0358974358974359,0.497435897435897,0,0.0316849816849817,0.0428571428571429,0.392124542124542
184273.411807,2649366.126422,0.0536630036630037,0.491575091575092,0,0.0124542124542125,0.060989010989011,0.381318681318681
184773.411807,2649366.126422,0.0445544554455446,0.454162082874954,0,0.0132013201320132,0.115511551155116,0.372570590392373
185273.411807,2649366.126422,0.0690476190476191,0.32967032967033,0,0.00970695970695971,0.27032967032967,0.321245421245421
185773.411807,2649366.126422,0.0212454212454212,0.611538461538462,0,0.0223443223443223,0.0501831501831502,0.294688644688645
186273.411807,2649366.126422,0.0275773195876289,0.513917525773196,0.0105670103092784,0.0162371134020619,0.0365979381443299,0.395103092783505
179773.411807,2648866.126422,0,0.0632679259123418,0.818081789840455,0.109114249037227,0.00513478818998716,0.004401247019989
180273.411807,2648866.126422,0.000366501740883269,0.0940076965365585,0.877954920285871,0.0172255818215137,0.0047645226314825,0.00568077698369067
180773.411807,2648866.126422,0.00220223894292531,0.126261699394384,0.766746191961828,0.0396403009726555,0.0135804734813727,0.0515690952468343
181273.411807,2648866.126422,0.010819732257473,0.391527599486521,0.166880616174583,0.0687694846873281,0.030808729139923,0.331193838254172
181773.411807,2648866.126422,0.0419644493311343,0.302913688840022,0,0.330034817665384,0.143851933296683,0.181235110866777
182273.411807,2648866.126422,0.0211047898697009,0.622866581024041,0,0.00311983850247752,0.0278950266103872,0.325013763993393
182773.411807,2648866.126422,0.00733541169998166,0.723271593618192,0.026407482119934,0.00678525582248304,0.0121034293049697,0.22409682743444
183273.411807,2648866.126422,0.0205240974894631,0.490196078431373,0.129924867143119,0.0635880520432472,0.0659703133589885,0.22979659153381
183773.411807,2648866.126422,0.0119287942741787,0.511653514406313,0.058909891723252,0.0489998164800881,0.0368875022939989,0.331620480822169
184273.411807,2648866.126422,0.0148542086924629,0.529066568861177,0,0.0271410232899321,0.0748211993398129,0.354116999816615
184773.411807,2648866.126422,0.0769653655854865,0.442734102986989,0,0.0282206340480117,0.129924867143119,0.322155030236394
185273.411807,2648866.126422,0.0313819049366856,0.371444301706735,0,0.0647825289043861,0.160763442833547,0.371627821618646
185773.411807,2648866.126422,0.0330093526499175,0.37593984962406,0,0.0394278378874014,0.0957271226847607,0.45589583715386
186273.411807,2648866.126422,0.0172680412371134,0.576030927835051,0,0.0242268041237113,0.0324742268041237,0.35
179273.411807,2648366.126422,0.00678899082568807,0.061651376146789,0.620550458715596,0.235045871559633,0.0104587155963303,0.0655045871559633
179773.411807,2648366.126422,0,0.135754907356448,0.661529994496423,0.0599889928453495,0.0196294257934324,0.123096679508347
180273.411807,2648366.126422,0.00989010989010989,0.128021978021978,0.630769230769231,0.0441391941391941,0.00421245421245421,0.182967032967033
180773.411807,2648366.126422,0.00220183486238532,0.174128440366972,0.537247706422018,0.0862385321100917,0.00899082568807339,0.191192660550459
181273.411807,2648366.126422,0.0451293340671436,0.463217758209503,0,0.0875068794716566,0.0697119794533113,0.334434048798386
181773.411807,2648366.126422,0.0424908424908425,0.438644688644689,0,0.191025641025641,0.11007326007326,0.217765567765568
182273.411807,2648366.126422,0.0124770642201835,0.808807339449541,0,0.00146788990825688,0.00587155963302752,0.171376146788991
182773.411807,2648366.126422,0.00825536598789213,0.736929003852504,0,0,0.00165107319757843,0.253164556962025
183273.411807,2648366.126422,0.00695970695970696,0.672710622710623,0.0238095238095238,0.0250915750915751,0.0276556776556777,0.243772893772894
183773.411807,2648366.126422,0.0128440366972477,0.565504587155963,0.0141284403669725,0.0357798165137615,0.013394495412844,0.358348623853211
184273.411807,2648366.126422,0.0260502660062374,0.722069345074298,0,0.000183452577508714,0.00366905155017428,0.248027884791781
184773.411807,2648366.126422,0.0655677655677656,0.375274725274725,0,0.00347985347985348,0.0413919413919414,0.514285714285714
185273.411807,2648366.126422,0.0155963302752294,0.521834862385321,0.00568807339449541,0.0488073394495413,0.0568807339449541,0.351192660550459
185773.411807,2648366.126422,0.0812694918363603,0.323426894147863,0,0.176481379563383,0.128967161988626,0.289855072463768
186273.411807,2648366.126422,0.0453374549201443,0.555383822771767,0,0.00978876867594024,0.0443070582174137,0.345182895414735
180773.411807,2647866.126422,0.0032967032967033,0.502930402930403,0.113186813186813,0.0564102564102564,0.0393772893772894,0.284798534798535
181273.411807,2647866.126422,0.0741758241758242,0.321428571428571,0.0543956043956044,0.163003663003663,0.0743589743589744,0.312637362637363
181773.411807,2647866.126422,0.0113678034470114,0.775027502750275,0,0.0163182984965163,0.0201686835350202,0.177117711771177
182273.411807,2647866.126422,0.0313186813186813,0.732783882783883,0,0.0197802197802198,0.0316849816849817,0.184432234432234
182773.411807,2647866.126422,0.00567765567765568,0.705677655677656,0,0,0.000915750915750916,0.287728937728938
183273.411807,2647866.126422,0.0231023102310231,0.683901723505684,0,0.0133846718005134,0.0454712137880455,0.234140080674734
183773.411807,2647866.126422,0.0434065934065934,0.531318681318681,0.000732600732600733,0.130586080586081,0.0695970695970696,0.224358974358974
184273.411807,2647866.126422,0.039010989010989,0.493040293040293,0,0.0302197802197802,0.0970695970695971,0.340659340659341
184773.411807,2647866.126422,0.0276861019435277,0.464246424642464,0,0.00568390172350568,0.079024569123579,0.423359002566923
185273.411807,2647866.126422,0.0217948717948718,0.345238095238095,0,0,0.0445054945054945,0.588461538461538
185773.411807,2647866.126422,0.0163003663003663,0.463919413919414,0,0.0163003663003663,0.097985347985348,0.405494505494505
186273.411807,2647866.126422,0.0469072164948454,0.50979381443299,0,0.00077319587628866,0.045360824742268,0.397164948453608
180273.411807,2647366.126422,0.154846985523181,0.0568077698369067,0.0595565328935312,0.252153197727689,0.0989554700384827,0.377680043980209
180773.411807,2647366.126422,0.0236740686364471,0.388144613690585,0.000917599559552211,0.152505046797578,0.106808588731877,0.32795008258396
181273.411807,2647366.126422,0.0773885934348065,0.416651384558958,0.052814964239868,0.00898587933247754,0.0212726939299468,0.422886484503943
181773.411807,2647366.126422,0.00714678394722375,0.787428990287704,0.000549752611324904,0.00641378046545721,0.00733003481766538,0.191130657870625
182273.411807,2647366.126422,0.0249587080198202,0.674252156358965,0,0.0218388695173426,0.0376215819416407,0.241328684162232
182773.411807,2647366.126422,0.0216394645149459,0.702915826150743,0,0.000733541169998166,0.0110031175499725,0.263708050614341
183273.411807,2647366.126422,0.0399486897562763,0.510903426791277,0,0.00109950522264981,0.0282206340480117,0.419827744181785
183773.411807,2647366.126422,0.0178014314553129,0.534960543218939,0,0.0200036703982382,0.0422095797394017,0.385024775188108
184273.411807,2647366.126422,0.0451127819548872,0.657619658903356,0.000366770584999083,0.000183385292499542,0.0275077938749312,0.269209609389327
184773.411807,2647366.126422,0.0538757559098406,0.494594099321972,0,0.0168590800806304,0.100971229613341,0.333699835074217
185273.411807,2647366.126422,0.0559735731326849,0.439530189025509,0,0.00587263718113415,0.0343182235272527,0.464305377133419
185773.411807,2647366.126422,0.0386942967174033,0.488355033926279,0.000916926462497708,0.0152209792774619,0.030808729139923,0.426004034476435
186273.411807,2647366.126422,0.031701030927835,0.446907216494845,0,0.0195876288659794,0.0788659793814433,0.422938144329897
180273.411807,2646866.126422,0.0481684981684982,0.0364468864468864,0.0362637362637363,0.506593406593407,0.184981684981685,0.187545787545788
180773.411807,2646866.126422,0.0634862385321101,0.188073394495413,0.00018348623853211,0.3,0.16954128440367,0.278715596330275
181273.411807,2646866.126422,0.002568336085122,0.77747202348193,0.000550357732526142,0.0188956154833975,0.00733810310034856,0.193175564116676
181773.411807,2646866.126422,0.0366300366300366,0.561904761904762,0.0467032967032967,0.0536630036630037,0.0353479853479853,0.265750915750916
182273.411807,2646866.126422,0.0486238532110092,0.508990825688073,0.0322935779816514,0.0427522935779817,0.0871559633027523,0.280183486238532
182773.411807,2646866.126422,0.0733810310034856,0.483030636580444,0.0284351495138507,0.110805356815263,0.0335718216840947,0.270776004402862
183273.411807,2646866.126422,0.0646520146520147,0.368131868131868,0.00641025641025641,0.0761904761904762,0.145238095238095,0.339377289377289
183773.411807,2646866.126422,0.114495412844037,0.203853211009174,0.00715596330275229,0.256146788990826,0.125137614678899,0.293211009174312
184273.411807,2646866.126422,0.111906072280316,0.0440286186020914,0.0121078701155751,0.615850302696753,0.09557879288204,0.120528343423225
184773.411807,2646866.126422,0.05,0.576739926739927,0.0206959706959707,0.0357142857142857,0.0465201465201465,0.27032967032967
185273.411807,2646866.126422,0.0295412844036697,0.580917431192661,0,0.00036697247706422,0.0172477064220183,0.371926605504587
185773.411807,2646866.126422,0.0460465969546872,0.789029535864979,0,0.00275178866263071,0.00440286186020914,0.157769216657494
186273.411807,2646866.126422,0.0182895414734673,0.77047913446677,0,0.000257599175682638,0.00695517774343122,0.204018547140649
180273.411807,2646366.126422,0.0267693436010268,0.433259992665933,0,0.0931426475980931,0.0654565456545655,0.381371470480381
180773.411807,2646366.126422,0.0175824175824176,0.475457875457875,0,0.0769230769230769,0.0604395604395604,0.36959706959707
181273.411807,2646366.126422,0.00842490842490842,0.377838827838828,0,0.247985347985348,0.0362637362637363,0.329487179487179
181773.411807,2646366.126422,0.0313531353135314,0.538503850385038,0.0218188485515218,0.0539053905390539,0.0383204987165383,0.316098276494316
182273.411807,2646366.126422,0.142490842490842,0.500732600732601,0.00531135531135531,0.0666666666666667,0.0672161172161172,0.217582417582418
182773.411807,2646366.126422,0.010989010989011,0.695970695970696,0,0.0216117216117216,0.0534798534798535,0.217948717948718
183273.411807,2646366.126422,0.0643564356435644,0.251925192519252,0,0.132929959662633,0.31004767143381,0.240740740740741
183773.411807,2646366.126422,0.0353479853479853,0.14047619047619,0.0021978021978022,0.664102564102564,0.0901098901098901,0.0677655677655678
184273.411807,2646366.126422,0.0384615384615385,0.128388278388278,0.00293040293040293,0.574908424908425,0.0846153846153846,0.170695970695971
184773.411807,2646366.126422,0.0385038503850385,0.46039603960396,0.00935093509350935,0.0616061606160616,0.101393472680601,0.328749541620829
185273.411807,2646366.126422,0.0749084249084249,0.600732600732601,0,0.0124542124542125,0.0144688644688645,0.297435897435897
185773.411807,2646366.126422,0.0538461538461538,0.685531135531136,0,0.00714285714285714,0.0210622710622711,0.232417582417582
186273.411807,2646366.126422,0.0327319587628866,0.693298969072165,0,0.00644329896907216,0.0219072164948454,0.245618556701031
179773.411807,2645866.126422,0.0097194205024757,0.353383458646617,0.140473134054649,0.0964606638547588,0.0311754997249221,0.368787823216578
180273.411807,2645866.126422,0.0205240974894631,0.68609125893348,0.00256551218618288,0.00678028220634048,0.0100787978742899,0.273960051310244
180773.411807,2645866.126422,0.0201871903101487,0.698109744907322,0.00807487612405946,0.0356028629106258,0.0324830244081483,0.205542301339695
181273.411807,2645866.126422,0.00366770584999083,0.806161745827985,0.0276911791674308,0.00146708233999633,0.00348432055749129,0.157527966257106
181773.411807,2645866.126422,0.0249221183800623,0.683159245006414,0,0.0513102437236577,0.0619387942092725,0.178669598680594
182273.411807,2645866.126422,0.0165167920719398,0.684896311249771,0,0.0438612589465957,0.0506514956872821,0.204074142044412
182773.411807,2645866.126422,0.0022006235099945,0.871263524665322,0,0.00641848523748395,0.00678525582248304,0.113332110764717
183273.411807,2645866.126422,0.0410481949789262,0.46637346527396,0.000916254352208173,0.122778083195895,0.0533260032985157,0.315557998900495
183773.411807,2645866.126422,0.0238575885483575,0.0478986970086254,0,0.828592402275647,0.0871719581574601,0.0124793540099101
184273.411807,2645866.126422,0.0359435173299101,0.297450944434256,0.0075187969924812,0.289015220979277,0.0652851641298368,0.304786356134238
184773.411807,2645866.126422,0.0364669232178853,0.308044713212388,0,0.0661535642294301,0.143302180685358,0.446032618654939
185273.411807,2645866.126422,0.0545054138374014,0.561387410534043,0,0.0225729491649844,0.0789135621214902,0.282620664342081
185773.411807,2645866.126422,0.0304419585549239,0.52814964239868,0,0.101045296167247,0.08399046396479,0.256372638914359
186273.411807,2645866.126422,0.075,0.344329896907216,0,0.0216494845360825,0.0628865979381443,0.496134020618557
179773.411807,2645366.126422,0.0399926618968997,0.461750137589433,0.0254999082737112,0.072463768115942,0.0306365804439552,0.369656943680059
180273.411807,2645366.126422,0.00842490842490842,0.697802197802198,0.039010989010989,0.0161172161172161,0.00860805860805861,0.23003663003663
180773.411807,2645366.126422,0.127889908256881,0.517614678899083,0,0.0018348623853211,0.0311926605504587,0.321467889908257
181273.411807,2645366.126422,0.010273344340488,0.504678040726472,0,0.002568336085122,0.0443955237571088,0.438084755090809
181773.411807,2645366.126422,0.041025641025641,0.324542124542125,0,0.128937728937729,0.233150183150183,0.272344322344322
182273.411807,2645366.126422,0.00495412844036697,0.527522935779816,0,0.00201834862385321,0.0277064220183486,0.437798165137615
182773.411807,2645366.126422,0.0297193175564117,0.814162538983673,0,0.00238488350761328,0.017978352595854,0.135754907356448
183273.411807,2645366.126422,0.0791208791208791,0.575641025641026,0.0448717948717949,0.259157509157509,0.0106227106227106,0.0305860805860806
183773.411807,2645366.126422,0.111559633027523,0.137798165137615,0.00165137614678899,0.683669724770642,0.0396330275229358,0.0256880733944954
184273.411807,2645366.126422,0.0509998165474225,0.535314621170427,0.0174279948633278,0.0385250412768299,0.063474591818015,0.294257934323977
184773.411807,2645366.126422,0.0532967032967033,0.470512820512821,0.00622710622710623,0.0360805860805861,0.102197802197802,0.331684981684982
185273.411807,2645366.126422,0.00110091743119266,0.724954128440367,0,0.00440366972477064,0.00495412844036697,0.264587155963303
185773.411807,2645366.126422,0.0227481196110805,0.626490552192258,0,0.00476976701522656,0.0242157402311502,0.321775820950284
186273.411807,2645366.126422,0.00643997939206595,0.558475012879959,0,0,0.000772797527047913,0.434312210200927
179273.411807,2644866.126422,0.00347985347985348,0.180586080586081,0.356776556776557,0.106043956043956,0.052014652014652,0.301098901098901
179773.411807,2644866.126422,0.0553113553113553,0.491025641025641,0.0600732600732601,0.0509157509157509,0.0659340659340659,0.276739926739927
180273.411807,2644866.126422,0.00495049504950495,0.776494316098276,0.0320865419875321,0.0044004400440044,0.00366703337000367,0.178401173450678
180773.411807,2644866.126422,0.0256410256410256,0.669413919413919,0.0276556776556777,0.0122710622710623,0.0223443223443223,0.242673992673993
181273.411807,2644866.126422,0.0278388278388278,0.51025641025641,0.0267399267399267,0.124725274725275,0.101831501831502,0.208608058608059
181773.411807,2644866.126422,0.0265859919325266,0.509350935093509,0.0229189585625229,0.0757242390905757,0.0993766043270994,0.266043270993766
182273.411807,2644866.126422,0.00897435897435897,0.686446886446886,0,0.000366300366300366,0.0481684981684982,0.256043956043956
182773.411807,2644866.126422,0.0443223443223443,0.866483516483517,0,0.0293040293040293,0.00531135531135531,0.0545787545787546
183273.411807,2644866.126422,0.0458379171250458,0.584525119178585,0.00055005500550055,0.295562889622296,0.00421708837550422,0.0693069306930693
183773.411807,2644866.126422,0.101282051282051,0.543772893772894,0,0.181135531135531,0.0377289377289377,0.136080586080586
184273.411807,2644866.126422,0.060989010989011,0.781318681318681,0.0507326007326007,0.0238095238095238,0.00622710622710623,0.0769230769230769
184773.411807,2644866.126422,0.0341034103410341,0.787312064539787,0.0359369270260359,0.0181518151815182,0.0117345067840117,0.112761276127613
185273.411807,2644866.126422,0.0408424908424908,0.73956043956044,0,0.017032967032967,0.0252747252747253,0.177289377289377
185773.411807,2644866.126422,0.0203296703296703,0.515567765567766,0,0.170879120879121,0.0818681318681319,0.211355311355311
186273.411807,2644866.126422,0.0175257731958763,0.0798969072164948,0,0.0234536082474227,0.022680412371134,0.856443298969072
179273.411807,2644366.126422,0.0332171040557901,0.160763442833547,0.0603780510185355,0.22004037438062,0.167003119838502,0.358597907873004
179773.411807,2644366.126422,0.0467632495873831,0.612873647533468,0.0342930496974143,0.0218228498074454,0.0322758114799193,0.25197139189437
180273.411807,2644366.126422,0.009529045262965,0.616822429906542,0.0584570276708814,0.0379329301814184,0.042147700201576,0.235110866776617
180773.411807,2644366.126422,0.0108276748027161,0.670765278032667,0.0322995044962378,0.0466140576252523,0.0557900532207745,0.183703431822353
181273.411807,2644366.126422,0.0337428938199156,0.613057032825967,0.0154043645699615,0.00568494406748579,0.0309921144324225,0.301118650284247
181773.411807,2644366.126422,0.0133773135422393,0.600146600696353,0,0.0872274143302181,0.0463624702217336,0.252886201209456
182273.411807,2644366.126422,0.0422095797394017,0.619012662873922,0,0.025325747843641,0.104239309965131,0.209212699577904
182773.411807,2644366.126422,0.0399779937649001,0.797542637080506,0.00110031175499725,0.0361269026224097,0.0460297084173849,0.0792224463598019
183273.411807,2644366.126422,0.0141103170240059,0.753161077515118,0.01905809052593,0.0568077698369067,0.0364669232178853,0.120395821880154
183773.411807,2644366.126422,0.0636814094329235,0.674435676270875,0,0.0989172325197284,0.0214718296935217,0.141493852082951
184273.411807,2644366.126422,0.0513478818998716,0.756464331560609,0.00678525582248304,0.105263157894737,0.0130203557674674,0.0671190170548322
184773.411807,2644366.126422,0.0388491845336265,0.544255085211655,0,0.23657687374015,0.0333516584203775,0.146967198094191
185273.411807,2644366.126422,0.0934116351624151,0.170673518076711,0,0.353092310515691,0.143145531290145,0.239677004955038
185773.411807,2644366.126422,0.0577663671373556,0.028791490922428,0.000550155877498625,0.69191270860077,0.133137722354667,0.0878415551072804
186273.411807,2644366.126422,0.111082474226804,0.127061855670103,0,0.382474226804124,0.129896907216495,0.249484536082474
178773.411807,2643866.126422,0.0021978021978022,0.363553113553114,0.107875457875458,0.0877289377289377,0.0419413919413919,0.396703296703297
179273.411807,2643866.126422,0.0111926605504587,0.507339449541284,0.00256880733944954,0.0592660550458716,0.0603669724770642,0.359266055045872
179773.411807,2643866.126422,0.00807191341038342,0.519537699504678,0.181618051733627,0.072463768115942,0.0418271876719868,0.176481379563383
180273.411807,2643866.126422,0.00146520146520147,0.753846153846154,0.0501831501831502,0.0307692307692308,0.0276556776556777,0.136080586080586
180773.411807,2643866.126422,0.0288073394495413,0.553577981651376,0,0.0961467889908257,0.115963302752294,0.205504587155963
181273.411807,2643866.126422,0.0306365804439552,0.667400476976702,0,0.0304531278664465,0.0398092093193909,0.231700605393506
181773.411807,2643866.126422,0.0331501831501832,0.694505494505494,0.0241758241758242,0.0382783882783883,0.0642857142857143,0.145604395604396
182273.411807,2643866.126422,0.0488073394495413,0.57651376146789,0,0.13743119266055,0.115229357798165,0.122018348623853
182773.411807,2643866.126422,0.00935608145294441,0.80315538433315,0.0165107319757843,0.0337552742616034,0.0517336268574573,0.0854889011190607
183273.411807,2643866.126422,0.0142857142857143,0.789377289377289,0.0336996336996337,0.0450549450549451,0.0478021978021978,0.0697802197802198
183773.411807,2643866.126422,0.0190825688073394,0.559082568807339,0.0392660550458716,0.021651376146789,0.0961467889908257,0.264770642201835
184273.411807,2643866.126422,0.0122913226930838,0.644285452210604,0.0264171711612548,0.0332049165290772,0.0377912309667951,0.246009906439185
184773.411807,2643866.126422,0.0412087912087912,0.738095238095238,0,0.0456043956043956,0.0465201465201465,0.128571428571429
185273.411807,2643866.126422,0.0893577981651376,0.218165137614679,0,0.314862385321101,0.169357798165138,0.208256880733945
185773.411807,2643866.126422,0.0735644835809943,0.0667767382131719,0.000733810310034856,0.661529994496423,0.143459915611814,0.0539350577875619
186273.411807,2643866.126422,0.125193199381762,0.330757341576507,0,0.357805255023184,0.0793405461102524,0.106903657908295
178773.411807,2643366.126422,0.0568390172350568,0.177851118445178,0.0407040704070407,0.183901723505684,0.187935460212688,0.352768610194353
179273.411807,2643366.126422,0.0177655677655678,0.55,0.0862637362637363,0.0921245421245421,0.0730769230769231,0.180769230769231
179773.411807,2643366.126422,0.0461538461538462,0.414835164835165,0.0734432234432234,0.0981684981684982,0.0518315018315018,0.315567765567766
180273.411807,2643366.126422,0.0245691235790246,0.621012101210121,0.0256692335900257,0.0916758342500917,0.0229189585625229,0.214154748808214
180773.411807,2643366.126422,0.0141025641025641,0.65952380952381,0,0.063003663003663,0.0998168498168498,0.163553113553114
181273.411807,2643366.126422,0.0155677655677656,0.763919413919414,0,0.0142857142857143,0.0173992673992674,0.188827838827839
181773.411807,2643366.126422,0.052988632196553,0.663916391639164,0,0.18023469013568,0.0535386872020535,0.0493215988265493
182273.411807,2643366.126422,0.0897435897435897,0.393040293040293,0,0.407875457875458,0.071978021978022,0.0373626373626374
182773.411807,2643366.126422,0.0578754578754579,0.652014652014652,0,0.133333333333333,0.0750915750915751,0.0816849816849817
183273.411807,2643366.126422,0.0258525852585259,0.607627429409608,0.000366703337000367,0.0504217088375504,0.108177484415108,0.207554088742208
183773.411807,2643366.126422,0.0346153846153846,0.593406593406593,0.00256410256410256,0.0485347985347985,0.0926739926739927,0.228205128205128
184273.411807,2643366.126422,0.0395604395604396,0.44029304029304,0.0371794871794872,0.151831501831502,0.123626373626374,0.207509157509158
184773.411807,2643366.126422,0.037037037037037,0.645764576457646,0,0.0414374770810414,0.0583058305830583,0.217455078841217
185273.411807,2643366.126422,0.138278388278388,0.178388278388278,0.00238095238095238,0.35989010989011,0.101098901098901,0.21996336996337
185773.411807,2643366.126422,0.0941391941391941,0.326923076923077,0,0.216483516483516,0.145421245421245,0.217032967032967
186273.411807,2643366.126422,0.118814432989691,0.517268041237113,0,0.0280927835051546,0.054639175257732,0.281185567010309
178273.411807,2642866.126422,0,0.265358518246837,0.411333211076472,0.170364936732074,0.0447460113698881,0.10819732257473
178773.411807,2642866.126422,0.0219901044529962,0.461059190031153,0.000549752611324904,0.0546087593916071,0.0855781564962434,0.376214037016676
179273.411807,2642866.126422,0.011194714626537,0.586529638465774,0.097082033400624,0.0326665443200587,0.0289961460818499,0.243530923105157
179773.411807,2642866.126422,0.00715202640748212,0.530717036493673,0.142673757564643,0.0498807995598753,0.0561158995048597,0.213460480469466
180273.411807,2642866.126422,0.00751328568810702,0.673080447132124,0.0487447315374748,0.00787978742899029,0.0282206340480117,0.234561114165292
180773.411807,2642866.126422,0,0.673885116535144,0.0264268673151037,0.0220223894292531,0.0326665443200587,0.24499908240044
181273.411807,2642866.126422,0.0722538052448194,0.742343664038144,0,0.0641848523748395,0.0188886851274528,0.102328993214744
181773.411807,2642866.126422,0.0637713029136888,0.858347077148616,0,0.0483782297965915,0.0047645226314825,0.0247388675096207
182273.411807,2642866.126422,0.0695540466140576,0.404661405762525,0,0.243714443017067,0.166819599926592,0.115250504679758
