"x","y","forest","agri","water","built","other","grass"
160773.411807,2558366.126422,0.0115697310819262,0.536898061288305,0.00562851782363977,0.0838023764853033,0.0778611632270169,0.284240150093809
161273.411807,2558366.126422,0.1172046380445,0.291131306800376,0.0213099341899091,0.042933249764964,0.0539015982450642,0.473519272955186
161773.411807,2558366.126422,0.02660406885759,0.306729264475743,0.132707355242567,0.10547730829421,0.11924882629108,0.309233176838811
162273.411807,2558366.126422,0.0475297060662914,0.279862414008755,0.242338961851157,0.0894308943089431,0.08411507191995,0.256722951844903
162773.411807,2558366.126422,0.0285177060482607,0.445628329677217,0.0162958320275776,0.0470072077718584,0.120651833281103,0.341899091193983
163273.411807,2558366.126422,0.0306729264475743,0.561189358372457,0,0.123943661971831,0.112050078247261,0.172143974960876
163773.411807,2558366.126422,0.0753595997498437,0.355534709193246,0.00656660412757974,0.0747342088805503,0.109443402126329,0.378361475922452
164273.411807,2558366.126422,0.0886869319962394,0.181447821999373,0.00156690692572861,0.353180821059229,0.192729551864619,0.18238796615481
164773.411807,2558366.126422,0.0697965571205008,0.420031298904538,0.00250391236306729,0.124256651017214,0.162128325508607,0.221283255086072
165273.411807,2558366.126422,0.0209505941213258,0.532207629768605,0,0.0584740462789243,0.0909943714821764,0.297373358348968
165773.411807,2558366.126422,0.0633030397994359,0.652460043873394,0,0.0448135380758383,0.0426198683798182,0.196803509871514
166273.411807,2558366.126422,0.0782472613458529,0.479499217527387,0,0.0820031298904538,0.0873239436619718,0.272926447574335
166773.411807,2558366.126422,0.099437148217636,0.333333333333333,0,0.179487179487179,0.235772357723577,0.151969981238274
167273.411807,2558366.126422,0.0883735506110937,0.468191789407709,0,0.111877154497023,0.104982764023817,0.226574741460357
167773.411807,2558366.126422,0.0666666666666667,0.4018779342723,0.000938967136150235,0.130829420970266,0.0882629107981221,0.311424100156495
168273.411807,2558366.126422,0.0700437773608505,0.0806754221388368,0.000938086303939962,0.591307066916823,0.139462163852408,0.117573483427142
168773.411807,2558366.126422,0.0896270761516766,0.420244437480414,0,0.356001253525541,0.0777185835161391,0.05640864932623
169273.411807,2558366.126422,0.0150234741784038,0.819718309859155,0,0.021283255086072,0.0356807511737089,0.10829420970266
169773.411807,2558366.126422,0.0328330206378987,0.588492808005003,0,0.132895559724828,0.0559724828017511,0.189806128830519
170273.411807,2558366.126422,0.0460670636164212,0.561579442181134,0,0.0645565653400188,0.0379191476026324,0.289877781259793
170773.411807,2558366.126422,0.0109546165884194,0.325195618153365,0,0.189984350547731,0.0456964006259781,0.428169014084507
171273.411807,2558366.126422,0,0.196372732958099,0.227016885553471,0.336147592245153,0.0112570356472795,0.229205753595997
171773.411807,2558366.126422,0.0294578502036979,0.317768724537762,0.0911939830774052,0.146975869633344,0.0651833281103102,0.34942024443748
172273.411807,2558366.126422,0.109233176838811,0.335837245696401,0,0.081377151799687,0.0776212832550861,0.395931142410016
172773.411807,2558366.126422,0.155409631019387,0.215447154471545,0.000625390869293308,0.225766103814884,0.111944965603502,0.290806754221388
160773.411807,2557866.126422,0.408140814081408,0.0678401173450678,0.0216354968830216,0.0214521452145215,0.0161349468280161,0.464796479647965
161273.411807,2557866.126422,0.273992673992674,0.0787545787545788,0.0144688644688645,0.0373626373626374,0.0443223443223443,0.551098901098901
161773.411807,2557866.126422,0.0576923076923077,0.21959706959707,0.0745421245421245,0.196336996336996,0.0664835164835165,0.385347985347985
162273.411807,2557866.126422,0.037037037037037,0.221855518885222,0.386872020535387,0.16043270993766,0.0682068206820682,0.125595892922626
162773.411807,2557866.126422,0.0496336996336996,0.244688644688645,0.262637362637363,0.127472527472527,0.104212454212454,0.211355311355311
163273.411807,2557866.126422,0.0943223443223443,0.25970695970696,0.0179487179487179,0.0782051282051282,0.125091575091575,0.424725274725275
163773.411807,2557866.126422,0.0575724239090576,0.463146314631463,0,0.0603226989365603,0.0683901723505684,0.350568390172351
164273.411807,2557866.126422,0.06996336996337,0.496153846153846,0,0.1003663003663,0.108058608058608,0.225457875457875
164773.411807,2557866.126422,0.0441391941391941,0.498717948717949,0,0.0902930402930403,0.122893772893773,0.243956043956044
165273.411807,2557866.126422,0.0108177484415108,0.526035936927026,0,0.0832416574990832,0.114228089475614,0.265676567656766
165773.411807,2557866.126422,0.0256410256410256,0.575824175824176,0.00677655677655678,0.0672161172161172,0.0531135531135531,0.271428571428571
166273.411807,2557866.126422,0.0397435897435897,0.681135531135531,0,0.036996336996337,0.0705128205128205,0.171611721611722
166773.411807,2557866.126422,0.0696736340300697,0.303080308030803,0,0.269160249358269,0.251741840850752,0.106343967730106
167273.411807,2557866.126422,0.0357142857142857,0.467765567765568,0.00201465201465201,0.0683150183150183,0.0457875457875458,0.38040293040293
167773.411807,2557866.126422,0.113553113553114,0.164102564102564,0.00311355311355311,0.330952380952381,0.118315018315018,0.26996336996337
168273.411807,2557866.126422,0.0374037403740374,0.0456545654565457,0.0011001100110011,0.803263659699303,0.0760909424275761,0.0364869820315365
168773.411807,2557866.126422,0.0576923076923077,0.295054945054945,0,0.341391941391941,0.116849816849817,0.189010989010989
169273.411807,2557866.126422,0.0282051282051282,0.585897435897436,0,0.158791208791209,0.0406593406593407,0.186446886446886
169773.411807,2557866.126422,0.0575724239090576,0.191235790245691,0.00403373670700403,0.328566189952329,0.176017601760176,0.242574257425743
170273.411807,2557866.126422,0.0287545787545788,0.278205128205128,0.120879120879121,0.328754578754579,0.0476190476190476,0.195787545787546
170773.411807,2557866.126422,0.00164835164835165,0.724175824175824,0.0597069597069597,0.11025641025641,0.0104395604395604,0.0937728937728938
171273.411807,2557866.126422,0.0148514851485149,0.624129079574624,0,0.0814081408140814,0.100843417675101,0.178767876787679
171773.411807,2557866.126422,0.0366300366300366,0.0688644688644689,0.00164835164835165,0.667765567765568,0.141758241758242,0.0833333333333333
172273.411807,2557866.126422,0.13003663003663,0.258608058608059,0,0.263553113553114,0.143040293040293,0.204761904761905
172773.411807,2557866.126422,0.0621562156215622,0.455078841217455,0,0.163549688302164,0.10982764943161,0.209387605427209
160773.411807,2557366.126422,0.0188748396554884,0.276159061755543,0.411764705882353,0.0566245189664651,0.0441634597764339,0.192413413963716
161273.411807,2557366.126422,0.217287575701964,0.0121123141860892,0.00183519911910442,0.0260598274912828,0.0264268673151037,0.716278216186456
161773.411807,2557366.126422,0.261690812396846,0.0496974142673758,0,0.117733357784706,0.0838070786722905,0.487071336878782
162273.411807,2557366.126422,0.46637346527396,0.0524097489463075,0,0.0353674179952355,0.0300531427524281,0.415796225032069
162773.411807,2557366.126422,0.299137456414021,0.0666177280234905,0.0581758120756102,0.0559735731326849,0.0334006239677005,0.486694806386493
163273.411807,2557366.126422,0.0150375939849624,0.303319273794242,0.143590684027141,0.212910324591968,0.124518613607189,0.200623509994498
163773.411807,2557366.126422,0.0747663551401869,0.24775517683709,0.000366501740883269,0.141652922851384,0.14458493677845,0.390874106652007
164273.411807,2557366.126422,0.0363369425582676,0.539732060928611,0.00770783630023858,0.119287942741787,0.0946962745457882,0.202238942925307
164773.411807,2557366.126422,0.0115532734274711,0.689895470383275,0,0.0605171465248487,0.0823399963322941,0.155694113332111
165273.411807,2557366.126422,0.0388491845336265,0.279274326553051,0.00568077698369067,0.242440901594283,0.16932380428807,0.264431006047279
165773.411807,2557366.126422,0.0403743806202973,0.490548724536612,0.000367039823820885,0.108093228115251,0.0886401174527436,0.271976509451275
166273.411807,2557366.126422,0.0311754997249221,0.590684027141023,0,0.0247570144874381,0.059600220062351,0.293783238584266
166773.411807,2557366.126422,0.101154480483782,0.45849367784497,0,0.0830126443100605,0.110500274876306,0.246838922484882
167273.411807,2557366.126422,0.101119471462654,0.303725454211782,0.00972655533125344,0.251422279317306,0.115250504679758,0.218755734997247
167773.411807,2557366.126422,0.079589216944801,0.255272327159362,0.000550155877498625,0.35613423803411,0.138822666422153,0.169631395562076
168273.411807,2557366.126422,0.0694520798973795,0.282023089609676,0.000366501740883269,0.317024005864028,0.0949239508887667,0.236210371999267
168773.411807,2557366.126422,0.0833180400073408,0.33198752064599,0.00367039823820885,0.277298586896678,0.09543035419343,0.208295100018352
169273.411807,2557366.126422,0.0242068586099395,0.433706216761416,0,0.081606455162296,0.0739042728773152,0.386576196589034
169773.411807,2557366.126422,0.0404984423676012,0.151548469855232,0.270478284771853,0.17042330951072,0.0525929998167491,0.314458493677845
170273.411807,2557366.126422,0.0135804734813727,0.496237841805836,0.000367039823820885,0.10387227014131,0.071389245733162,0.314553129014498
170773.411807,2557366.126422,0.0559325142123602,0.331010452961672,0,0.154043645699615,0.0999449844122501,0.359068402714102
171273.411807,2557366.126422,0.0419644493311343,0.470221733553234,0,0.0610225398570643,0.0789811251603445,0.347810152098222
171773.411807,2557366.126422,0.0640484492567444,0.131400256927877,0.000183519911910442,0.59331987520646,0.137639933932832,0.0734079647641769
172273.411807,2557366.126422,0.0755547405098111,0.404364569961489,0,0.161929213277095,0.088391710984779,0.269759765266826
172773.411807,2557366.126422,0.0628550485614807,0.468938977460143,0,0.139637163276526,0.106835257467473,0.221733553234378
160773.411807,2556866.126422,0.0501831501831502,0.188095238095238,0.305677655677656,0.113369963369963,0.0597069597069597,0.282967032967033
161273.411807,2556866.126422,0.11302752293578,0.0295412844036697,0,0.0565137614678899,0.0460550458715596,0.754862385321101
161773.411807,2556866.126422,0.00953953403045313,0.154283617684828,0,0.448725004586314,0.125665015593469,0.261786828104935
162273.411807,2556866.126422,0.133699633699634,0.26043956043956,0,0.223260073260073,0.174175824175824,0.208424908424908
162773.411807,2556866.126422,0.0104587155963303,0.279449541284404,0,0.367339449541284,0.130091743119266,0.212660550458716
163273.411807,2556866.126422,0.0187121629058888,0.405613648871767,0,0.15685195376995,0.177582095028435,0.241240139423959
163773.411807,2556866.126422,0.0384615384615385,0.235714285714286,0.00164835164835165,0.291575091575092,0.212271062271062,0.22032967032967
164273.411807,2556866.126422,0.053394495412844,0.588256880733945,0.00146788990825688,0.130825688073395,0.0957798165137615,0.130275229357798
164773.411807,2556866.126422,0.0341221794166208,0.381031003485599,0,0.170610897083104,0.103650706292423,0.310585213722253
165273.411807,2556866.126422,0.0448717948717949,0.445054945054945,0.00311355311355311,0.173076923076923,0.10018315018315,0.233699633699634
165773.411807,2556866.126422,0.0825688073394495,0.415229357798165,0.00972477064220183,0.0811009174311927,0.0820183486238532,0.329357798165138
166273.411807,2556866.126422,0.0251330031186938,0.664832140891579,0.000550357732526142,0.0332049165290772,0.0761328196661163,0.200146762062007
166773.411807,2556866.126422,0.0379120879120879,0.685531135531136,0,0.0179487179487179,0.052014652014652,0.206593406593407
167273.411807,2556866.126422,0.0343119266055046,0.685504587155963,0.00018348623853211,0.0845871559633028,0.048256880733945,0.147155963302752
167773.411807,2556866.126422,0.0260502660062374,0.791597871950101,0,0.0576041093377362,0.0267840763162722,0.0979636763896533
168273.411807,2556866.126422,0.063003663003663,0.468315018315018,0,0.122710622710623,0.0853479853479854,0.260622710622711
168773.411807,2556866.126422,0.0634862385321101,0.262385321100917,0.114128440366972,0.138532110091743,0.0460550458715596,0.375412844036697
169273.411807,2556866.126422,0.00476976701522656,0.151348376444689,0.108970831040176,0.274811961108054,0.0271509814712897,0.432948082920565
169773.411807,2556866.126422,0.0835164835164835,0.158791208791209,0.0010989010989011,0.0192307692307692,0.0210622710622711,0.716300366300366
170273.411807,2556866.126422,0.0322935779816514,0.370275229357798,0,0.0913761467889908,0.122385321100917,0.383669724770642
170773.411807,2556866.126422,0.0420106402494955,0.536782241790497,0,0.0882406897816914,0.0915428361768483,0.241423592001468
171273.411807,2556866.126422,0.0307692307692308,0.560622710622711,0,0.113369963369963,0.1003663003663,0.194871794871795
171773.411807,2556866.126422,0.051743119266055,0.244403669724771,0.00073394495412844,0.472293577981651,0.0935779816513762,0.137247706422018
172273.411807,2556866.126422,0.0476976701522656,0.416987708677307,0,0.168226013575491,0.101449275362319,0.265639332232618
172773.411807,2556866.126422,0.0807692307692308,0.48021978021978,0,0.118131868131868,0.0827838827838828,0.238095238095238
160773.411807,2556366.126422,0.313898056472314,0.132196552988632,0.145397873120645,0.186285295196186,0.0231023102310231,0.199119911991199
161273.411807,2556366.126422,0.0304029304029304,0.265384615384615,0,0.406959706959707,0.0675824175824176,0.22967032967033
161773.411807,2556366.126422,0.108608058608059,0.118315018315018,0,0.132600732600733,0.0835164835164835,0.556959706959707
162273.411807,2556366.126422,0.00971763843050972,0.359185918591859,0,0.134763476347635,0.180968096809681,0.315364869820315
162773.411807,2556366.126422,0.0269230769230769,0.234798534798535,0.0891941391941392,0.237728937728938,0.153296703296703,0.258058608058608
163273.411807,2556366.126422,0.0615384615384615,0.280952380952381,0.000183150183150183,0.165384615384615,0.198351648351648,0.293589743589744
163773.411807,2556366.126422,0.0121012101210121,0.493949394939494,0,0.101393472680601,0.171617161716172,0.220938760542721
164273.411807,2556366.126422,0.0401098901098901,0.346886446886447,0.0293040293040293,0.0989010989010989,0.0899267399267399,0.394871794871795
164773.411807,2556366.126422,0.0393772893772894,0.550915750915751,0.000366300366300366,0.127655677655678,0.0804029304029304,0.201282051282051
165273.411807,2556366.126422,0.048038137147048,0.452511917858453,0.00055005500550055,0.106160616061606,0.107444077741107,0.285295196186285
165773.411807,2556366.126422,0.0485347985347985,0.126007326007326,0.00677655677655678,0.358241758241758,0.233516483516484,0.226923076923077
166273.411807,2556366.126422,0.0703296703296703,0.417765567765568,0.00128205128205128,0.2,0.104212454212454,0.206410256410256
166773.411807,2556366.126422,0.055005500550055,0.322515584891823,0,0.126329299596626,0.0885588558855886,0.407590759075908
167273.411807,2556366.126422,0.0315018315018315,0.29029304029304,0,0.204212454212454,0.174908424908425,0.299084249084249
167773.411807,2556366.126422,0.0377289377289377,0.621978021978022,0,0.0877289377289377,0.0347985347985348,0.217765567765568
168273.411807,2556366.126422,0.0271360469380271,0.119361936193619,0.324349101576824,0.125412541254125,0.0170517051705171,0.386688668866887
168773.411807,2556366.126422,0.0366300366300366,0.243223443223443,0.186080586080586,0.153113553113553,0.0646520146520147,0.316300366300366
169273.411807,2556366.126422,0.0210622710622711,0.267216117216117,0,0.0873626373626374,0.0932234432234432,0.531135531135531
169773.411807,2556366.126422,0.0876420975430876,0.22955628896223,0.000733406674000733,0.278877887788779,0.155115511551155,0.248074807480748
170273.411807,2556366.126422,0.0564102564102564,0.348168498168498,0,0.318498168498168,0.152380952380952,0.124542124542125
170773.411807,2556366.126422,0.0595238095238095,0.464285714285714,0,0.132967032967033,0.104578754578755,0.238644688644689
171273.411807,2556366.126422,0.0476714338100477,0.522368903557022,0.00458379171250458,0.131463146314631,0.120828749541621,0.173083975064173
171773.411807,2556366.126422,0.0432234432234432,0.392673992673993,0.000549450549450549,0.318498168498168,0.150732600732601,0.0943223443223443
172273.411807,2556366.126422,0.0256410256410256,0.602747252747253,0,0.0842490842490843,0.084981684981685,0.202380952380952
172773.411807,2556366.126422,0.0524385771910524,0.584525119178585,0.00385038503850385,0.0726072607260726,0.0757242390905757,0.210854418775211
160773.411807,2555866.126422,0.034084661902144,0.365218984790178,0.000366501740883269,0.343961883818948,0.0903426791277259,0.166025288620121
161273.411807,2555866.126422,0.0638649293448339,0.143329051202055,0,0.0532207744540283,0.058909891723252,0.68067535327583
161773.411807,2555866.126422,0.0221896203924445,0.254722171281863,0.000733541169998166,0.358701632129103,0.194571795342014,0.169081239684577
162273.411807,2555866.126422,0.0643210555250137,0.158878504672897,0.000366501740883269,0.373098772219168,0.225215319772769,0.178119846069269
162773.411807,2555866.126422,0.04147550009176,0.191778307946412,0.244265002752799,0.215085336759038,0.0770783630023858,0.230317489447605
163273.411807,2555866.126422,0.0608839171098478,0.152393178067119,0.123234916559692,0.147441775169631,0.100861910874748,0.415184302218962
163773.411807,2555866.126422,0.0641378046545721,0.299615173172073,0,0.197910940076965,0.205607476635514,0.232728605460876
164273.411807,2555866.126422,0.0752431638832813,0.250504679757754,0,0.304276013947513,0.165167920719398,0.204808221692054
164773.411807,2555866.126422,0.0293416467999266,0.558408215661104,0,0.0951769668072621,0.0876581698147808,0.229415000916926
165273.411807,2555866.126422,0.0192413413963716,0.653839105735752,0,0.0425142019424592,0.0608392889866227,0.223566061938794
165773.411807,2555866.126422,0.0108276748027161,0.593136355294549,0,0.130115617544504,0.102404110846027,0.163516241512204
166273.411807,2555866.126422,0.0421786172748946,0.557124518613607,0,0.0832569227947919,0.0579497524298551,0.259490188886851
166773.411807,2555866.126422,0.00146600696353308,0.655671614440169,0,0.0498442367601246,0.101520982224666,0.191497159611508
167273.411807,2555866.126422,0.0374380620297302,0.274729308129932,0.0833180400073408,0.122958340979996,0.0306478252890439,0.450908423563957
167773.411807,2555866.126422,0.0117366587199707,0.0794058316523015,0.312671923711718,0.131303869429672,0.00623509994498441,0.458646616541353
168273.411807,2555866.126422,0.0648708081363387,0.21861828843687,0.000183250870441635,0.00787978742899029,0.0342679127725857,0.674179952354774
168773.411807,2555866.126422,0.0757937236190127,0.230868049183336,0,0.202973022572949,0.127546338777757,0.362818865846944
169273.411807,2555866.126422,0.0458463231248854,0.472767284063818,0.00146708233999633,0.142857142857143,0.114982578397213,0.222079589216945
169773.411807,2555866.126422,0.0833791460509437,0.528312259483233,0,0.120762323621037,0.098772219168041,0.168774051676745
170273.411807,2555866.126422,0.0322995044962378,0.715727656450725,0,0.12864745824922,0.0629473297852817,0.0603780510185355
170773.411807,2555866.126422,0.0504309554373739,0.309921144324225,0.000183385292499542,0.326792591234183,0.136622042912158,0.17604988079956
171273.411807,2555866.126422,0.0348176653839106,0.391790361004215,0,0.243723657687374,0.131390874106652,0.198277441817849
171773.411807,2555866.126422,0.0701046063497889,0.288860341347036,0.000550559735731327,0.334740319324647,0.152872086621398,0.152872086621398
172273.411807,2555866.126422,0.0194388410049514,0.541903539336145,0,0.146524848707134,0.0896754080322758,0.202457362919494
172773.411807,2555866.126422,0.0122778083195895,0.622136705149349,0,0.0967564595931831,0.0590067802822063,0.209822246655672
160773.411807,2555366.126422,0.375274725274725,0.275824175824176,0.000183150183150183,0.128205128205128,0.0871794871794872,0.133333333333333
161273.411807,2555366.126422,0.243669724770642,0.110275229357798,0,0.0111926605504587,0.0365137614678899,0.598348623853211
161773.411807,2555366.126422,0.22968262704091,0.134287286736379,0.0242157402311502,0.0440286186020914,0.0498991010823702,0.5178866263071
162273.411807,2555366.126422,0.0642857142857143,0.106410256410256,0.0357142857142857,0.367948717948718,0.191758241758242,0.233882783882784
162773.411807,2555366.126422,0.0352293577981651,0.316880733944954,0.0106422018348624,0.228623853211009,0.116330275229358,0.292293577981651
163273.411807,2555366.126422,0.0350394423041644,0.302513300311869,0.15263254448725,0.115391671252981,0.0900752155567786,0.304347826086957
163773.411807,2555366.126422,0.105860805860806,0.32032967032967,0.0663003663003663,0.0293040293040293,0.0326007326007326,0.445604395604396
164273.411807,2555366.126422,0.00752293577981651,0.68348623853211,0,0.0418348623853211,0.0811009174311927,0.18605504587156
164773.411807,2555366.126422,0.0117409649605577,0.614199229499174,0,0.0289855072463768,0.0487983856173179,0.296275912676573
165273.411807,2555366.126422,0.0032967032967033,0.55,0,0.0481684981684982,0.0487179487179487,0.34981684981685
165773.411807,2555366.126422,0,0.595229357798165,0,0.0161467889908257,0.0623853211009174,0.326238532110092
166273.411807,2555366.126422,0.0398092093193909,0.612915061456613,0.0607228031553843,0.032104201064025,0.015410016510732,0.239038708493854
166773.411807,2555366.126422,0.00824175824175824,0.235531135531136,0.202380952380952,0.333699633699634,0.0102564102564103,0.20989010989011
167273.411807,2555366.126422,0.0170642201834862,0.22954128440367,0.0836697247706422,0.117981651376147,0.0614678899082569,0.490275229357798
167773.411807,2555366.126422,0.0539350577875619,0.248945147679325,0.0100898917629793,0.104751421757476,0.103834158869932,0.478444322142726
168273.411807,2555366.126422,0.0672161172161172,0.468864468864469,0,0.107509157509158,0.0871794871794872,0.269230769230769
168773.411807,2555366.126422,0.0618348623853211,0.382385321100917,0,0.19651376146789,0.122935779816514,0.236330275229358
169273.411807,2555366.126422,0.0515501742799486,0.0572372041827188,0.00201797835259585,0.676022748119611,0.146028251696936,0.0671436433681893
169773.411807,2555366.126422,0.0637362637362637,0.548168498168498,0.00128205128205128,0.208974358974359,0.0879120879120879,0.0899267399267399
170273.411807,2555366.126422,0.0895412844036697,0.570642201834862,0,0.18605504587156,0.0673394495412844,0.0864220183486239
170773.411807,2555366.126422,0.114657860942946,0.231700605393506,0.000183452577508714,0.233168226013575,0.158136121812511,0.262153733259952
171273.411807,2555366.126422,0.0525641025641026,0.443956043956044,0,0.14029304029304,0.121978021978022,0.241208791208791
171773.411807,2555366.126422,0.0262385321100917,0.533577981651376,0,0.133394495412844,0.125871559633028,0.180917431192661
172273.411807,2555366.126422,0.0405430196294258,0.387268391120895,0.00091726288754357,0.27536231884058,0.165841130067877,0.130067877453678
172773.411807,2555366.126422,0.0564102564102564,0.595787545787546,0,0.0754578754578755,0.13003663003663,0.142307692307692
160773.411807,2554866.126422,0.0786578657865787,0.179317931793179,0.0122845617895123,0.312247891455812,0.129446277961129,0.288045471213788
161273.411807,2554866.126422,0.047985347985348,0.182967032967033,0,0.151465201465201,0.073992673992674,0.543589743589744
161773.411807,2554866.126422,0.0232600732600733,0.108791208791209,0,0.00769230769230769,0.0271062271062271,0.833150183150183
162273.411807,2554866.126422,0.0256692335900257,0.0430876420975431,0,0.0104510451045105,0.0174184085075174,0.903373670700403
162773.411807,2554866.126422,0.0111721611721612,0.202014652014652,0.0221611721611722,0.0421245421245421,0.045970695970696,0.676556776556777
163273.411807,2554866.126422,0.00714285714285714,0.221245421245421,0.0787545787545788,0.0454212454212454,0.0538461538461538,0.593589743589744
163773.411807,2554866.126422,0.0231023102310231,0.197469746974697,0.0702236890355702,0.0603226989365603,0.028969563623029,0.61991199119912
164273.411807,2554866.126422,0,0.50989010989011,0,0.05,0.063003663003663,0.377106227106227
164773.411807,2554866.126422,0.0346153846153846,0.248168498168498,0.0201465201465201,0.0172161172161172,0.0296703296703297,0.65018315018315
165273.411807,2554866.126422,0.0282361569490282,0.47011367803447,0.00128346167950128,0.0535386872020535,0.0364869820315365,0.41034103410341
165773.411807,2554866.126422,0.0234432234432234,0.21978021978022,0.354212454212454,0.172161172161172,0.0397435897435897,0.190659340659341
166273.411807,2554866.126422,0.0155677655677656,0.1996336996337,0.307142857142857,0.173260073260073,0.0734432234432234,0.230952380952381
166773.411807,2554866.126422,0.0698569856985699,0.399339933993399,0,0.142097543087642,0.0922258892555922,0.296479647964796
167273.411807,2554866.126422,0.0624542124542125,0.312454212454212,0.00879120879120879,0.257692307692308,0.114102564102564,0.244505494505494
167773.411807,2554866.126422,0.0261904761904762,0.551098901098901,0,0.0388278388278388,0.0641025641025641,0.31978021978022
168273.411807,2554866.126422,0.0383204987165383,0.72020535386872,0,0.0524385771910524,0.044004400440044,0.145031169783645
168773.411807,2554866.126422,0.054029304029304,0.272344322344322,0.000183150183150183,0.275091575091575,0.112454212454212,0.285897435897436
169273.411807,2554866.126422,0.0741758241758242,0.238827838827839,0.00274725274725275,0.267399267399267,0.13021978021978,0.286630036630037
169773.411807,2554866.126422,0.0441877521085442,0.426292629262926,0,0.0759075907590759,0.105977264393106,0.347634763476348
170273.411807,2554866.126422,0.0478021978021978,0.637912087912088,0,0.171978021978022,0.0545787545787546,0.0877289377289377
170773.411807,2554866.126422,0.0562271062271062,0.465567765567766,0,0.108608058608059,0.11025641025641,0.259340659340659
171273.411807,2554866.126422,0.0249358269160249,0.099009900990099,0.000183351668500183,0.664099743307664,0.162632929959663,0.0491382471580491
171773.411807,2554866.126422,0.0507326007326007,0.167765567765568,0.00897435897435897,0.482234432234432,0.143223443223443,0.147069597069597
172273.411807,2554866.126422,0.125641025641026,0.0765567765567766,0.00256410256410256,0.491941391941392,0.16959706959707,0.133699633699634
172773.411807,2554866.126422,0.100843417675101,0.0958929226255959,0.0108177484415108,0.276127612761276,0.081041437477081,0.435276861019435
160773.411807,2554366.126422,0.0247388675096207,0.210188748396555,0.292468389224849,0.0775151181968114,0.0302363936228697,0.364852483049294
161273.411807,2554366.126422,0.0829510001835199,0.269040190860708,0.1159845843274,0.130666177280235,0.0526702147182969,0.34868783262984
161773.411807,2554366.126422,0.0405281496423987,0.145791307537136,0.163579680909591,0.0724371905373189,0.0493306436823767,0.528333027691179
162273.411807,2554366.126422,0.00311526479750779,0.20065970313359,0.194062671797691,0.169690306028954,0.0778816199376947,0.354590434304563
162773.411807,2554366.126422,0.0211047898697009,0.292530739585245,0.266470912093962,0.17434391631492,0.0633143696091026,0.182235272527069
163273.411807,2554366.126422,0.00330093526499175,0.231065468549422,0.274161012286815,0.273794241701815,0.0607005318173482,0.156977810379608
163773.411807,2554366.126422,0.0434304562946674,0.0725673446948873,0.451346893897746,0.100971229613341,0.015026571376214,0.316657504123145
164273.411807,2554366.126422,0.00146815929528354,0.0526702147182969,0.358597907873004,0.269223710772619,0.0130299137456414,0.305010093595155
164773.411807,2554366.126422,0.0374105996699065,0.0858243168897854,0.399046396479002,0.162295983862094,0.0542820465798643,0.261140656519347
165273.411807,2554366.126422,0.0137438152831226,0.30382994319223,0.202492211838006,0.177570093457944,0.098772219168041,0.203591717060656
165773.411807,2554366.126422,0.0271609469627455,0.467425215635897,0.0267939071389246,0.0948797944576987,0.151587447238025,0.232152688566709
166273.411807,2554366.126422,0.11589950485971,0.366037043829085,0.00128369704749679,0.131303869429672,0.0960938932697598,0.289381991564277
166773.411807,2554366.126422,0.0606560381161811,0.278174821330401,0.000549752611324904,0.250320689023273,0.129558365402236,0.280740333516584
167273.411807,2554366.126422,0.036520462470178,0.44797210497339,0.00422095797394017,0.118553863094146,0.0849697192145348,0.307762892273812
167773.411807,2554366.126422,0.0297084173849257,0.641298367870897,0,0.0559325142123602,0.0621676141573446,0.210893086374473
168273.411807,2554366.126422,0.0764156129741616,0.339380612057907,0,0.154480483782298,0.111966281839839,0.317757009345794
168773.411807,2554366.126422,0.0724903652046247,0.210864378785098,0,0.275096347953753,0.0906588364837585,0.350890071572766
169273.411807,2554366.126422,0.0630845406198423,0.2398679625894,0.00458463231248854,0.485054098661287,0.10012836970475,0.107280396112232
169773.411807,2554366.126422,0.064687557265897,0.342312625984973,0,0.319039765438886,0.111233278358072,0.162726772952172
170273.411807,2554366.126422,0.0752431638832813,0.338410717562856,0,0.180216553496054,0.106992108643788,0.299137456414021
170773.411807,2554366.126422,0.0550155877498625,0.352649917476618,0,0.163763066202091,0.11186502842472,0.316706400146708
171273.411807,2554366.126422,0.045629466739967,0.0670698185816383,0.000366501740883269,0.595565328935312,0.164376030786146,0.126992853216053
171773.411807,2554366.126422,0.0910258763075794,0.129381537896862,0,0.38575885483575,0.159111763626353,0.234721967333456
172273.411807,2554366.126422,0.0573995965523565,0.114249037227214,0.0203557674674491,0.477718686961306,0.0863744727672841,0.24390243902439
172773.411807,2554366.126422,0.123694337548103,0.142935678944475,0.0784313725490196,0.391973611874656,0.0665200659703134,0.196444933113432
160773.411807,2553866.126422,0.00769230769230769,0.285897435897436,0.254578754578755,0.322527472527473,0.0608058608058608,0.0684981684981685
161273.411807,2553866.126422,0.0159633027522936,0.326422018348624,0.16954128440367,0.224220183486239,0.0699082568807339,0.19394495412844
161773.411807,2553866.126422,0.0170610897083104,0.405246743716749,0.134470739313887,0.148963492937076,0.0856723536965694,0.208585580627408
162273.411807,2553866.126422,0.131318681318681,0.313553113553114,0.0507326007326007,0.0992673992673993,0.0791208791208791,0.326007326007326
162773.411807,2553866.126422,0.028256880733945,0.375779816513761,0.00238532110091743,0.164587155963303,0.120733944954128,0.308256880733945
163273.411807,2553866.126422,0.0170610897083104,0.342505962208769,0.000183452577508714,0.0636580443955238,0.0559530361401578,0.52063841496973
163773.411807,2553866.126422,0.0172161172161172,0.391025641025641,0.00347985347985348,0.0661172161172161,0.0758241758241758,0.446336996336996
164273.411807,2553866.126422,0.114311926605505,0.54256880733945,0,0.0154128440366972,0.0422018348623853,0.285504587155963
164773.411807,2553866.126422,0.0658594753256283,0.344523940561365,0,0.0708126949183636,0.0970464135021097,0.421757475692533
165273.411807,2553866.126422,0.0505494505494506,0.370512820512821,0.0010989010989011,0.08003663003663,0.0811355311355311,0.416666666666667
165773.411807,2553866.126422,0.0258715596330275,0.49302752293578,0.0862385321100917,0.0500917431192661,0.0453211009174312,0.299449541284404
166273.411807,2553866.126422,0.11704274445056,0.199229499174463,0.146762062006971,0.162355531095212,0.0880572372041827,0.286552926068611
166773.411807,2553866.126422,0.0474358974358974,0.242307692307692,0.000366300366300366,0.183699633699634,0.124908424908425,0.401282051282051
167273.411807,2553866.126422,0.0055045871559633,0.298165137614679,0,0.0629357798165138,0.0456880733944954,0.587706422018349
167773.411807,2553866.126422,0.0300862227114291,0.445422858191158,0,0.22546321775821,0.0821867547239039,0.2168409466153
168273.411807,2553866.126422,0.0606227106227106,0.325641025641026,0.000183150183150183,0.187545787545788,0.113369963369963,0.312637362637363
168773.411807,2553866.126422,0.0565137614678899,0.287339449541284,0.00110091743119266,0.324036697247706,0.118899082568807,0.212110091743119
169273.411807,2553866.126422,0.0803522289488167,0.111539167125298,0.00220143093010457,0.486883140708127,0.136488717666483,0.18253531462117
169773.411807,2553866.126422,0.0293040293040293,0.621794871794872,0,0.0565934065934066,0.0549450549450549,0.237362637362637
170273.411807,2553866.126422,0.0341284403669725,0.231009174311927,0.00036697247706422,0.41651376146789,0.101467889908257,0.21651376146789
170773.411807,2553866.126422,0.0519170794349661,0.293524124013942,0,0.344890845716382,0.140524674371675,0.169143276463034
171273.411807,2553866.126422,0.0532967032967033,0.319047619047619,0,0.195604395604396,0.139010989010989,0.293040293040293
171773.411807,2553866.126422,0.0587155963302752,0.45045871559633,0.0132110091743119,0.0759633027522936,0.0471559633027523,0.354495412844037
172273.411807,2553866.126422,0.0363236103467254,0.474408365437534,0.0731975784259769,0.0911759310218309,0.0425609979820216,0.282333516785911
172773.411807,2553866.126422,0.0668498168498168,0.284432234432234,0.151098901098901,0.110622710622711,0.0441391941391941,0.342857142857143
160773.411807,2553366.126422,0.0253025302530253,0.154382104877154,0.00495049504950495,0.535386872020535,0.11991199119912,0.16006600660066
161273.411807,2553366.126422,0.0435897435897436,0.376556776556777,0.00274725274725275,0.344139194139194,0.127838827838828,0.105128205128205
161773.411807,2553366.126422,0.0653846153846154,0.227472527472527,0.00146520146520147,0.41978021978022,0.175641025641026,0.11025641025641
162273.411807,2553366.126422,0.0465713237990466,0.183718371837184,0.000183351668500183,0.457829116244958,0.18976897689769,0.121928859552622
162773.411807,2553366.126422,0.0386446886446886,0.201282051282051,0.00274725274725275,0.391575091575092,0.179487179487179,0.186263736263736
163273.411807,2553366.126422,0.0772893772893773,0.20018315018315,0.000366300366300366,0.0558608058608059,0.0575091575091575,0.608791208791209
163773.411807,2553366.126422,0.0265859919325266,0.358635863586359,0,0.0916758342500917,0.0977264393105977,0.425375870920425
164273.411807,2553366.126422,0.0822344322344322,0.333333333333333,0.0146520146520147,0.0472527472527473,0.0521978021978022,0.47032967032967
164773.411807,2553366.126422,0.0527472527472527,0.446153846153846,0.0661172161172161,0.089010989010989,0.0791208791208791,0.266849816849817
165273.411807,2553366.126422,0.0308030803080308,0.263659699303264,0.270993766043271,0.155848918225156,0.0583058305830583,0.22038870553722
165773.411807,2553366.126422,0.0181318681318681,0.136630036630037,0.323992673992674,0.262820512820513,0.0972527472527473,0.161172161172161
166273.411807,2553366.126422,0.0771062271062271,0.0923076923076923,0.234249084249084,0.0727106227106227,0.0633699633699634,0.46025641025641
166773.411807,2553366.126422,0.185735240190686,0.0592225889255592,0,0.0044004400440044,0.0218188485515218,0.728822882288229
167273.411807,2553366.126422,0.0860805860805861,0.361721611721612,0.00531135531135531,0.118498168498168,0.0576923076923077,0.370695970695971
167773.411807,2553366.126422,0.0443223443223443,0.395238095238095,0.000183150183150183,0.282600732600733,0.129304029304029,0.148351648351648
168273.411807,2553366.126422,0.0513384671800513,0.50971763843051,0.00788412174550788,0.207554088742208,0.088008800880088,0.135496883021635
168773.411807,2553366.126422,0.0684981684981685,0.134798534798535,0.00347985347985348,0.296886446886447,0.188461538461538,0.307875457875458
169273.411807,2553366.126422,0.0882783882783883,0.150549450549451,0.000183150183150183,0.436446886446886,0.132417582417582,0.192124542124542
169773.411807,2553366.126422,0.0553722038870554,0.237440410707737,0.00623395672900623,0.288412174550788,0.141180784745141,0.271360469380271
170273.411807,2553366.126422,0.0388278388278388,0.0862637362637363,0.000366300366300366,0.621978021978022,0.153846153846154,0.0987179487179487
170773.411807,2553366.126422,0.0510989010989011,0.432051282051282,0,0.14029304029304,0.0745421245421245,0.302014652014652
171273.411807,2553366.126422,0.0916758342500917,0.307664099743308,0.0249358269160249,0.199303263659699,0.128896222955629,0.247524752475248
171773.411807,2553366.126422,0.165750915750916,0.321428571428571,0,0.0827838827838828,0.113919413919414,0.316117216117216
172273.411807,2553366.126422,0.145421245421245,0.2003663003663,0,0.175641025641026,0.112454212454212,0.366117216117216
172773.411807,2553366.126422,0.10964429776311,0.650715071507151,0,0.0947928126145948,0.0727906123945728,0.0720572057205721
160773.411807,2552866.126422,0.0443467106468756,0.243540406816932,0.0635880520432472,0.419644493311343,0.113065787062489,0.115814550119113
161273.411807,2552866.126422,0.0772618829142962,0.265186272710589,0.0146815929528354,0.328317122407781,0.127546338777757,0.187006790236741
161773.411807,2552866.126422,0.046396479002384,0.402897487621493,0.000366770584999083,0.213277095176967,0.188886851274528,0.14817531633963
162273.411807,2552866.126422,0.0804471321238776,0.212754260582738,0.0529595015576324,0.255451713395639,0.176837089976177,0.221550302363936
162773.411807,2552866.126422,0.068452927142595,0.304092494035603,0.0291796659937603,0.167003119838502,0.106441548908057,0.324830244081483
163273.411807,2552866.126422,0.0425453878598936,0.278378874014304,0.0306253438474234,0.201173665871997,0.133504492939666,0.313772235466716
163773.411807,2552866.126422,0.0982224665567161,0.221000549752611,0,0.207806487080814,0.149899212021257,0.323071284588602
164273.411807,2552866.126422,0.0840521196549826,0.438796109377868,0,0.087538997981281,0.0924940356028629,0.297118737383006
164773.411807,2552866.126422,0.0689528699798276,0.397579314139006,0,0.100495140289749,0.152393178067119,0.280579497524299
165273.411807,2552866.126422,0.0505772402418911,0.33516584203775,0.0047645226314825,0.0386659336631849,0.0896096756459593,0.481216785779732
165773.411807,2552866.126422,0.0946962745457882,0.121306661772802,0.160579922921637,0.100201871903101,0.118553863094146,0.404661405762525
166273.411807,2552866.126422,0.0322758114799193,0.222629745094443,0.0130203557674674,0.0306253438474234,0.0456629378323858,0.655785805978361
166773.411807,2552866.126422,0.0679860729338464,0.225215319772769,0,0.00934579439252336,0.024555616639179,0.672897196261682
167273.411807,2552866.126422,0.0374380620297302,0.406129565057809,0,0.155808405211966,0.131400256927877,0.269223710772619
167773.411807,2552866.126422,0.0550155877498625,0.468732807628828,0.00183385292499542,0.189253621859527,0.111314872547222,0.173849257289565
168273.411807,2552866.126422,0.0822796408282939,0.374748030053143,0.00146600696353308,0.21751878321422,0.127725856697819,0.196261682242991
168773.411807,2552866.126422,0.104789869700863,0.433290512020554,0.0203707102220591,0.321710405579005,0.0679023674068636,0.0519361350706552
169273.411807,2552866.126422,0.0718870346598203,0.01998899688245,0.000183385292499542,0.782138272510545,0.0717036493673207,0.0540986612873648
169773.411807,2552866.126422,0.0698185816382628,0.30712845886018,0.000183250870441635,0.243357155946491,0.137254901960784,0.242257650723841
170273.411807,2552866.126422,0.0897412369242063,0.133235456046981,0,0.358781427784915,0.128096898513489,0.290144980730409
170773.411807,2552866.126422,0.0625343847423437,0.317439941316706,0.0053181734824867,0.211443242251971,0.138455895837154,0.264808362369338
171273.411807,2552866.126422,0.110133773135422,0.320505772402419,0.0117280557082646,0.0359171706065604,0.0582737768004398,0.463441451346894
171773.411807,2552866.126422,0.194347586713158,0.428335474398972,0.0214718296935217,0.158377683978712,0.0675353275830428,0.129932097632593
172273.411807,2552866.126422,0.0265908674124335,0.25582248303686,0.024390243902439,0.300935264991748,0.0561158995048597,0.33614524115166
172773.411807,2552866.126422,0.113982041414697,0.178119846069269,0.00366501740883269,0.0577240241891149,0.0357339197361187,0.610775151181968
160773.411807,2552366.126422,0.0360805860805861,0.242490842490842,0.0043956043956044,0.432783882783883,0.13956043956044,0.144688644688645
