"x","y","forest","agri","water","built","other","grass"
288273.411807,2765366.126422,0.860805860805861,0.000183150183150183,0,0.000183150183150183,0.000915750915750916,0.137912087912088
288773.411807,2765366.126422,0.881467889908257,0.00275229357798165,0,0,0.0036697247706422,0.112110091743119
289273.411807,2765366.126422,0.839295542102367,0.000366905155017428,0,0,0.00183452577508714,0.158503026967529
289773.411807,2765366.126422,0.878754578754579,0.000732600732600733,0,0,0.00183150183150183,0.118681318681319
290273.411807,2765366.126422,0.897247706422018,0.00036697247706422,0,0,0.00311926605504587,0.0992660550458716
290773.411807,2765366.126422,0.822601357549074,0.000366905155017428,0,0.000733810310034856,0.0165107319757843,0.15978719501009
291273.411807,2765366.126422,0.736446886446886,0.00824175824175824,0,0.00659340659340659,0.0355311355311355,0.213186813186813
291773.411807,2765366.126422,0.64605504587156,0.00605504587155963,0.00018348623853211,0.0143119266055046,0.0310091743119266,0.302385321100917
292273.411807,2765366.126422,0.170794349660613,0.0319207484865162,0,0.379013025133003,0.177215189873418,0.24105668684645
292773.411807,2765366.126422,0.0463369963369963,0.039010989010989,0.00183150183150183,0.832234432234432,0.0684981684981685,0.0120879120879121
293273.411807,2765366.126422,0.160366972477064,0.125137614678899,0.00532110091743119,0.512477064220183,0.0513761467889908,0.145321100917431
293773.411807,2765366.126422,0.16969363419556,0.09557879288204,0.0078884608328747,0.423958906622638,0.148596587782058,0.154283617684828
294273.411807,2765366.126422,0.0659340659340659,0.0443223443223443,0.144322344322344,0.0921245421245421,0.0487179487179487,0.604578754578755
294773.411807,2765366.126422,0.0552293577981651,0.0776146788990826,0.0422018348623853,0.539449541284404,0.144587155963303,0.140917431192661
295273.411807,2765366.126422,0.0975967712346359,0.0563199412951752,0.0104567969179967,0.514034122179417,0.157769216657494,0.163823151715282
295773.411807,2765366.126422,0.0815018315018315,0.0478021978021978,0.0276556776556777,0.677655677655678,0.117032967032967,0.0483516483516484
296273.411807,2765366.126422,0.0532110091743119,0.0343119266055046,0.0113761467889908,0.787889908256881,0.0836697247706422,0.0295412844036697
296773.411807,2765366.126422,0.118510365070629,0.0680609062557329,0.0251330031186938,0.628691983122363,0.103834158869932,0.0557695835626491
297273.411807,2765366.126422,0.143772893772894,0.0510989010989011,0.0010989010989011,0.595787545787546,0.0802197802197802,0.128021978021978
297773.411807,2765366.126422,0.363669724770642,0.0115596330275229,0,0.194678899082569,0.0721100917431193,0.357981651376147
298273.411807,2765366.126422,0.355898000366905,0.0258668134287287,0.00898917629792699,0.341588699321225,0.138139790864062,0.129517519721152
298773.411807,2765366.126422,0.026007326007326,0.0234432234432234,0.00146520146520147,0.811721611721612,0.113003663003663,0.0243589743589744
299273.411807,2765366.126422,0.0306422018348624,0.026605504587156,0.0139449541284404,0.84605504587156,0.055045871559633,0.0277064220183486
299773.411807,2765366.126422,0.0691616217207852,0.0500825536598789,0.014125848468171,0.720051366721702,0.104567969179967,0.0420106402494955
300273.411807,2765366.126422,0.133150183150183,0.0613553113553114,0.0135531135531136,0.636446886446886,0.0805860805860806,0.0749084249084249
288273.411807,2764866.126422,0.777227722772277,0.00513384671800513,0,0,0.0225522552255226,0.195086175284195
288773.411807,2764866.126422,0.699084249084249,0.00384615384615385,0,0.000366300366300366,0.0102564102564103,0.286446886446886
289273.411807,2764866.126422,0.772161172161172,0.000732600732600733,0,0.000915750915750916,0.00457875457875458,0.221611721611722
289773.411807,2764866.126422,0.88998899889989,0.000366703337000367,0,0,0.0044004400440044,0.105243857719105
290273.411807,2764866.126422,0.870879120879121,0,0,0,0.000366300366300366,0.128754578754579
290773.411807,2764866.126422,0.791025641025641,0.0104395604395604,0,0.000183150183150183,0.019047619047619,0.179304029304029
291273.411807,2764866.126422,0.58965896589659,0.0194352768610194,0,0.0401540154015402,0.192335900256692,0.158415841584158
291773.411807,2764866.126422,0.754761904761905,0.00714285714285714,0,0.00476190476190476,0.0571428571428571,0.176190476190476
292273.411807,2764866.126422,0.118498168498168,0.0463369963369963,0.00238095238095238,0.593223443223443,0.187728937728938,0.0518315018315018
292773.411807,2764866.126422,0.0737073707370737,0.0363036303630363,0.00678401173450678,0.766409974330766,0.0885588558855886,0.0282361569490282
293273.411807,2764866.126422,0.0767399267399267,0.043040293040293,0.0100732600732601,0.747069597069597,0.0893772893772894,0.0336996336996337
293773.411807,2764866.126422,0.0380952380952381,0.0432234432234432,0.00457875457875458,0.646520146520147,0.151831501831502,0.115750915750916
294273.411807,2764866.126422,0.00348368170150348,0.0273193986065273,0.131279794646131,0.0201686835350202,0.0676567656765677,0.75009167583425
294773.411807,2764866.126422,0.162087912087912,0.0893772893772894,0.00659340659340659,0.251282051282051,0.173260073260073,0.317399267399267
295273.411807,2764866.126422,0.160622710622711,0.0373626373626374,0.00494505494505494,0.406043956043956,0.114835164835165,0.276190476190476
295773.411807,2764866.126422,0.15016501650165,0.0577557755775578,0.0122845617895123,0.427392739273927,0.144297763109644,0.208104143747708
296273.411807,2764866.126422,0.078021978021978,0.0571428571428571,0.0043956043956044,0.647802197802198,0.146153846153846,0.0664835164835165
296773.411807,2764866.126422,0.16043956043956,0.0534798534798535,0.00402930402930403,0.405677655677656,0.162087912087912,0.214285714285714
297273.411807,2764866.126422,0.0449211587825449,0.0177851118445178,0.00751741840850752,0.818848551521819,0.0830583058305831,0.0278694536120279
297773.411807,2764866.126422,0.201831501831502,0.101831501831502,0.00128205128205128,0.41007326007326,0.111172161172161,0.173809523809524
298273.411807,2764866.126422,0.405128205128205,0.106043956043956,0.000915750915750916,0.136446886446886,0.0397435897435897,0.311721611721612
298773.411807,2764866.126422,0.173450678401173,0.096993032636597,0.0119178584525119,0.243857719105244,0.104693802713605,0.369086908690869
299273.411807,2764866.126422,0.437728937728938,0.0857142857142857,0.00347985347985348,0.199450549450549,0.0543956043956044,0.219230769230769
299773.411807,2764866.126422,0.161355311355311,0.0730769230769231,0.00952380952380952,0.515018315018315,0.173443223443223,0.0675824175824176
300273.411807,2764866.126422,0.502016868353502,0.0551888522185552,0.0126512651265127,0.268976897689769,0.0854418775210854,0.0757242390905757
288273.411807,2764366.126422,0.87447315374748,0.00238226131574125,0,0,0.00146600696353308,0.121678577973245
288773.411807,2764366.126422,0.923839236557166,0,0,0,0.000550559735731327,0.0756102037071022
289273.411807,2764366.126422,0.864661654135338,0.000550155877498625,0,0,0.00605171465248487,0.128736475334678
289773.411807,2764366.126422,0.787795492028587,0.000733003481766538,0,0,0.00787978742899029,0.203591717060656
290273.411807,2764366.126422,0.829142962011378,0.000367039823820885,0,0.000183519911910442,0.00311983850247752,0.167186639750413
290773.411807,2764366.126422,0.914175683110215,0.000366770584999083,0,0,0.00201723821749496,0.0834403080872914
291273.411807,2764366.126422,0.838372732270478,0.000549752611324904,0,0.000733003481766538,0.0042147700201576,0.156129741616273
291773.411807,2764366.126422,0.315837768397871,0.0372545421178198,0.00734079647641769,0.398972288493302,0.178197834465039,0.0623967700495504
292273.411807,2764366.126422,0.0278745644599303,0.0126535851824684,0.0100861910874748,0.804878048780488,0.135154960572162,0.00935264991747662
292773.411807,2764366.126422,0.0907091808686091,0.0637713029136888,0.0124610591900312,0.580172255818215,0.16364302730438,0.0892431739050761
293273.411807,2764366.126422,0.0844191594788034,0.030280785465223,0.0034868783262984,0.748944760506515,0.105707469260415,0.0271609469627455
293773.411807,2764366.126422,0.109664404914726,0.118283513662204,0.115716119567211,0.230331927379424,0.196405648267009,0.229598386209426
294273.411807,2764366.126422,0.0293201392706615,0.0663368150998717,0.0943741982774418,0.0580905259299982,0.068719076415613,0.683159245006414
294773.411807,2764366.126422,0.0491833363919985,0.0519361350706552,0.0012846393833731,0.712607817948247,0.110478986970086,0.0745090842356396
295273.411807,2764366.126422,0.0669356317623327,0.0170548322024574,0.0075187969924812,0.709884467265725,0.130020172382175,0.0685860993948285
295773.411807,2764366.126422,0.100054975261132,0.0470954737035001,0.0106285504856148,0.674729704966099,0.128825361920469,0.0386659336631849
296273.411807,2764366.126422,0.142411451642503,0.0499174160396403,0.011194714626537,0.527619746742522,0.164617360983667,0.104239309965131
296773.411807,2764366.126422,0.126352466532184,0.0550155877498625,0.0427287731523932,0.54795525398863,0.161929213277095,0.066018705299835
297273.411807,2764366.126422,0.0648708081363387,0.0604727872457394,0.015026571376214,0.797324537291552,0.0514934945940993,0.0108118013560564
297773.411807,2764366.126422,0.245549642136172,0.293448339144797,0.0012846393833731,0.363736465406497,0.00146815929528354,0.0945127546338778
298273.411807,2764366.126422,0.660737208875848,0.11204841371722,0.000916926462497708,0.0286081056299285,0,0.197689345314506
298773.411807,2764366.126422,0.392706615356423,0.131390874106652,0,0.172988821696903,0.00586402785413231,0.29704966098589
299273.411807,2764366.126422,0.476784731143329,0.114149385208295,0.000367039823820885,0.124793540099101,0.0201871903101487,0.263718113415306
299773.411807,2764366.126422,0.622226297450944,0.0718870346598203,0.000733541169998166,0.0770218228498075,0.0564826700898588,0.171648633779571
300273.411807,2764366.126422,0.794392523364486,0.00861279091075683,0,0.0251053692505039,0.0553417628733736,0.11654755360088
288273.411807,2763866.126422,0.9,0.00128205128205128,0,0.000183150183150183,0.00183150183150183,0.0967032967032967
288773.411807,2763866.126422,0.941467889908257,0,0,0,0.00073394495412844,0.0577981651376147
289273.411807,2763866.126422,0.833425059622088,0.00495321959273528,0,0.000183452577508714,0.0253164556962025,0.136121812511466
289773.411807,2763866.126422,0.978021978021978,0,0,0,0,0.021978021978022
290273.411807,2763866.126422,0.837064220183486,0.00311926605504587,0,0.00036697247706422,0.0168807339449541,0.14256880733945
290773.411807,2763866.126422,0.776554760594386,0.00770500825536599,0,0.0528343423225096,0.0594386351128233,0.103467253714915
291273.411807,2763866.126422,0.488278388278388,0.01996336996337,0.000915750915750916,0.286630036630037,0.0728937728937729,0.131318681318681
291773.411807,2763866.126422,0.0453211009174312,0.0354128440366972,0.0201834862385321,0.735229357798165,0.154495412844037,0.00935779816513761
292273.411807,2763866.126422,0.109337736195194,0.0352228948816731,0.00605393505778756,0.640983305815447,0.156118143459916,0.0522839845899835
292773.411807,2763866.126422,0.115934065934066,0.0551282051282051,0.00677655677655678,0.59010989010989,0.144871794871795,0.0871794871794872
293273.411807,2763866.126422,0.215779816513761,0.073394495412844,0.00385321100917431,0.331926605504587,0.154495412844037,0.220550458715596
293773.411807,2763866.126422,0.0631076866629976,0.115942028985507,0.26674004769767,0.02568336085122,0.0546688680975968,0.473858007705008
294273.411807,2763866.126422,0.0754578754578755,0.0873626373626374,0.0258241758241758,0.179487179487179,0.115750915750916,0.516117216117216
294773.411807,2763866.126422,0.108256880733945,0.10605504587156,0.00275229357798165,0.494128440366972,0.141100917431193,0.147706422018349
295273.411807,2763866.126422,0.120895248578243,0.121445606310769,0.023115024766098,0.352045496239222,0.139607411484131,0.242891212621537
295773.411807,2763866.126422,0.152930402930403,0.10989010989011,0.0157509157509158,0.451282051282051,0.157326007326007,0.112820512820513
296273.411807,2763866.126422,0.131559633027523,0.0855045871559633,0.028256880733945,0.54697247706422,0.134128440366972,0.0735779816513761
296773.411807,2763866.126422,0.219042377545405,0.0528343423225096,0.0196294257934324,0.333516785910842,0.146395156851954,0.228581911575858
297273.411807,2763866.126422,0.238278388278388,0.112820512820513,0.0249084249084249,0.357326007326007,0.0741758241758242,0.192490842490843
297773.411807,2763866.126422,0.567706422018349,0.0596330275229358,0.00385321100917431,0.0732110091743119,0.0552293577981651,0.240366972477064
298273.411807,2763866.126422,0.742799486332783,0.0181618051733627,0,0.00403595670519171,0.0113740598055403,0.223628691983122
298773.411807,2763866.126422,0.67967032967033,0.0487179487179487,0.00494505494505494,0.0223443223443223,0.0197802197802198,0.224542124542125
299273.411807,2763866.126422,0.720733944954128,0.0722935779816514,0,0.0018348623853211,0.046605504587156,0.158532110091743
299773.411807,2763866.126422,0.653458081086039,0.0194459732159237,0.000183452577508714,0.0122913226930838,0.114657860942946,0.199963309484498
300273.411807,2763866.126422,0.81043956043956,0.00586080586080586,0,0.00934065934065934,0.0313186813186813,0.143040293040293
288273.411807,2763366.126422,0.903740374037404,0.000366703337000367,0,0,0.00128346167950128,0.0946094609460946
288773.411807,2763366.126422,0.946336996336996,0,0,0,0.000183150183150183,0.0534798534798535
289273.411807,2763366.126422,0.861904761904762,0.000549450549450549,0,0,0.00659340659340659,0.130952380952381
289773.411807,2763366.126422,0.905940594059406,0,0,0,0.00183351668500183,0.0922258892555922
290273.411807,2763366.126422,0.367032967032967,0.0184981684981685,0,0.00897435897435897,0.0432234432234432,0.562271062271062
290773.411807,2763366.126422,0.177655677655678,0.0567765567765568,0.00622710622710623,0.464285714285714,0.144871794871795,0.15018315018315
291273.411807,2763366.126422,0.0465713237990466,0.0187018701870187,0.00055005500550055,0.75980931426476,0.134213421342134,0.0401540154015402
291773.411807,2763366.126422,0.0397435897435897,0.0271062271062271,0.000366300366300366,0.685531135531136,0.140659340659341,0.106593406593407
292273.411807,2763366.126422,0.0327838827838828,0.0615384615384615,0.00128205128205128,0.718681318681319,0.112454212454212,0.0732600732600733
292773.411807,2763366.126422,0.111111111111111,0.105243857719105,0,0.283645031169784,0.174367436743674,0.325632563256326
293273.411807,2763366.126422,0.105860805860806,0.0426739926739927,0.228571428571429,0.0476190476190476,0.0906593406593407,0.484615384615385
293773.411807,2763366.126422,0.0553113553113553,0.0934065934065934,0.0677655677655678,0.0815018315018315,0.0315018315018315,0.67051282051282
294273.411807,2763366.126422,0.158599193252659,0.115144847818115,0.0249358269160249,0.361936193619362,0.147231389805647,0.192152548588192
294773.411807,2763366.126422,0.0906593406593407,0.0915750915750916,0.00952380952380952,0.582417582417582,0.177655677655678,0.0481684981684982
295273.411807,2763366.126422,0.226923076923077,0.257692307692308,0.000183150183150183,0.231868131868132,0.139010989010989,0.144322344322344
295773.411807,2763366.126422,0.301246791345801,0.0788412174550788,0.0066006600660066,0.322698936560323,0.148148148148148,0.142464246424642
296273.411807,2763366.126422,0.144505494505494,0.159157509157509,0.00695970695970696,0.356043956043956,0.154395604395604,0.178937728937729
296773.411807,2763366.126422,0.291025641025641,0.0701465201465201,0.0117216117216117,0.305860805860806,0.136630036630037,0.184615384615385
297273.411807,2763366.126422,0.429042904290429,0.0975430876420975,0.00916758342500917,0.214521452145215,0.1001100110011,0.14961496149615
297773.411807,2763366.126422,0.447069597069597,0.0758241758241758,0,0.208974358974359,0.137545787545788,0.130586080586081
298273.411807,2763366.126422,0.882783882783883,0.06996336996337,0,0,0.0010989010989011,0.0461538461538462
298773.411807,2763366.126422,0.715621562156216,0.193252658599193,0,0,0,0.0911257792445911
299273.411807,2763366.126422,0.804578754578755,0.0587912087912088,0,0.000549450549450549,0.0291208791208791,0.106959706959707
299773.411807,2763366.126422,0.478937728937729,0.23992673992674,0,0.00952380952380952,0.1503663003663,0.121245421245421
300273.411807,2763366.126422,0.585441877521085,0.0165016501650165,0.000183351668500183,0.0339200586725339,0.132929959662633,0.231023102310231
288273.411807,2762866.126422,0.828843687007513,0.00568077698369067,0,0,0.0172255818215137,0.148249954187282
288773.411807,2762866.126422,0.90053220774454,0,0,0,0.000183519911910442,0.0992842723435493
289273.411807,2762866.126422,0.671373555840822,0.0183385292499542,0,0.00385109114249037,0.120484137172199,0.185952686594535
289773.411807,2762866.126422,0.387758841854499,0.0379329301814184,0.00128275609309144,0.162177020340847,0.247205424225765,0.16364302730438
290273.411807,2762866.126422,0.147182969352175,0.0645990089924757,0.000550559735731327,0.432739952284823,0.239493485043127,0.115434024591668
290773.411807,2762866.126422,0.0786722904823033,0.0276911791674308,0.0097194205024757,0.686411149825784,0.155510728039611,0.041995231982395
291273.411807,2762866.126422,0.0793476269012278,0.0287703866593366,0.00439802089059923,0.616822429906542,0.115264797507788,0.155396738134506
291773.411807,2762866.126422,0.145898329968802,0.0240411084602679,0.00330335841438796,0.314002569278767,0.140759772435309,0.371994861442467
292273.411807,2762866.126422,0.129103245919677,0.0309921144324225,0.004401247019989,0.324958738309188,0.173665871997066,0.336878782321658
292773.411807,2762866.126422,0.121678577973245,0.203408466190214,0.0379329301814184,0.00861279091075683,0.0249221183800623,0.603445116364303
293273.411807,2762866.126422,0.0901082767480272,0.187740869884382,0.113782345384474,0.0297302257294917,0.0110111947146265,0.567627087538998
293773.411807,2762866.126422,0.052814964239868,0.0748211993398129,0.0315422703099211,0.559325142123602,0.088391710984779,0.193104713002017
294273.411807,2762866.126422,0.0454462158695254,0.0480117280557083,0.000733003481766538,0.781564962433572,0.106652006597031,0.0175920835623969
294773.411807,2762866.126422,0.204808221692054,0.055606533308864,0.00972655533125344,0.394567810607451,0.197834465039457,0.137456414020921
295273.411807,2762866.126422,0.49605721621126,0.0368604437924078,0.0133871263524665,0.0823399963322941,0.099211443242252,0.27214377406932
295773.411807,2762866.126422,0.519332966831592,0.0205240974894631,0.00128275609309144,0.0443467106468756,0.107201759208356,0.307311709730621
296273.411807,2762866.126422,0.320425766195632,0.0901082767480272,0.00238575885483575,0.289777940906588,0.131583776839787,0.165718480455129
296773.411807,2762866.126422,0.79607555474051,0.0122868145974693,0.000183385292499542,0.0148542086924629,0.0183385292499542,0.158261507427104
297273.411807,2762866.126422,0.879604178119846,0.00696353307678211,0,0.00329851566794942,0.00201575957485798,0.108118013560564
297773.411807,2762866.126422,0.820150486327767,0.100201871903101,0,0.00715727656450725,0.0200036703982382,0.0524866948063865
298273.411807,2762866.126422,0.783788740143041,0.0808729139922978,0,0.0249403997799376,0.0229231615624427,0.0874747845222813
298773.411807,2762866.126422,0.755543338830859,0.0754993586219534,0,0,0.0047645226314825,0.164192779915705
299273.411807,2762866.126422,0.753532758304276,0.149018168471279,0,0.0047715177096715,0.0233070288126262,0.0693705267021472
299773.411807,2762866.126422,0.713185402530717,0.0885750962772786,0,0.0066018705299835,0.0284247203374289,0.163212910324592
300273.411807,2762866.126422,0.665567161444017,0.0313358988455195,0,0.0223566061938794,0.0835623969213854,0.197177936595199
288273.411807,2762366.126422,0.658241758241758,0.0142857142857143,0,0.0236263736263736,0.0584249084249084,0.245421245421245
288773.411807,2762366.126422,0.578165137614679,0.0390825688073395,0,0.00605504587155963,0.124954128440367,0.251743119266055
289273.411807,2762366.126422,0.230416437350945,0.0649422124380847,0,0.0210970464135021,0.207668317739864,0.475875986057604
289773.411807,2762366.126422,0.104761904761905,0.162271062271062,0.00256410256410256,0.166300366300366,0.26007326007326,0.304029304029304
290273.411807,2762366.126422,0.0539449541284404,0.285504587155963,0.00036697247706422,0.399082568807339,0.131743119266055,0.129357798165138
290773.411807,2762366.126422,0.0427444505595304,0.196477710511833,0.019262520638415,0.324894514767932,0.1284168042561,0.28820399926619
291273.411807,2762366.126422,0.0608058608058608,0.194871794871795,0.0261904761904762,0.218864468864469,0.147069597069597,0.352197802197802
291773.411807,2762366.126422,0.00440366972477064,0.354678899082569,0.0436697247706422,0.071743119266055,0.0888073394495413,0.436697247706422
292273.411807,2762366.126422,0.0199963309484498,0.253531462117043,0.20399926618969,0.0133920381581361,0.0150431113557145,0.494037791230967
292773.411807,2762366.126422,0.128388278388278,0.377289377289377,0.0884615384615385,0.172893772893773,0.0399267399267399,0.193040293040293
293273.411807,2762366.126422,0.0814678899082569,0.0427522935779817,0.0130275229357798,0.537981651376147,0.215045871559633,0.109724770642202
293773.411807,2762366.126422,0.260319207484865,0.0440286186020914,0.00366905155017428,0.37662814162539,0.143826820766832,0.171528159970648
294273.411807,2762366.126422,0.104029304029304,0.0532967032967033,0.00604395604395604,0.625641025641026,0.172344322344322,0.0386446886446886
294773.411807,2762366.126422,0.178715596330275,0.0425688073394495,0.015045871559633,0.26256880733945,0.152477064220183,0.348623853211009
295273.411807,2762366.126422,0.321959273527793,0.0293524124013942,0.00146762062006971,0.081452944413869,0.133370023848835,0.432397725188039
295773.411807,2762366.126422,0.706776556776557,0.0104395604395604,0,0.00567765567765568,0.0382783882783883,0.238827838827839
296273.411807,2762366.126422,0.539449541284404,0.0943119266055046,0.00403669724770642,0.0755963302752294,0.0730275229357798,0.213577981651376
296773.411807,2762366.126422,0.772151898734177,0.0207301412584847,0,0,0,0.207117960007338
297273.411807,2762366.126422,0.932967032967033,0.000549450549450549,0,0,0,0.0664835164835165
297773.411807,2762366.126422,0.854128440366972,0.00275229357798165,0,0,0.000917431192660551,0.142201834862385
298273.411807,2762366.126422,0.827004219409283,0.00110071546505228,0,0,0.00532012474775271,0.166574940377912
298773.411807,2762366.126422,0.853113553113553,0.0119047619047619,0,0,0.00476190476190476,0.13021978021978
299273.411807,2762366.126422,0.751009174311927,0.0636697247706422,0,0.00055045871559633,0.00440366972477064,0.180366972477064
299773.411807,2762366.126422,0.936158503026968,0.0487983856173179,0,0.000366905155017428,0.00366905155017428,0.0110071546505228
300273.411807,2762366.126422,0.930769230769231,0.00421245421245421,0,0,0,0.065018315018315
288273.411807,2761866.126422,0.41015768243491,0.0473047304730473,0,0,0.050971763843051,0.491565823248992
288773.411807,2761866.126422,0.0677655677655678,0.0948717948717949,0,0,0.0159340659340659,0.821428571428571
289273.411807,2761866.126422,0.0653846153846154,0.339377289377289,0.0866300366300366,0.00860805860805861,0.0318681318681319,0.468131868131868
289773.411807,2761866.126422,0.0500550055005501,0.182434910157682,0.0905757242390906,0.369270260359369,0.172350568390172,0.135313531353135
290273.411807,2761866.126422,0.0835164835164835,0.15018315018315,0.000915750915750916,0.208424908424908,0.208241758241758,0.348717948717949
290773.411807,2761866.126422,0.117948717948718,0.16043956043956,0.000183150183150183,0.118315018315018,0.187912087912088,0.415201465201465
291273.411807,2761866.126422,0.162266226622662,0.16006600660066,0.0306197286395306,0.0454712137880455,0.0581224789145581,0.543454345434543
291773.411807,2761866.126422,0.0245421245421245,0.151648351648352,0.000366300366300366,0.231501831501832,0.0961538461538462,0.495787545787546
292273.411807,2761866.126422,0.030952380952381,0.0747252747252747,0.00549450549450549,0.595054945054945,0.205494505494505,0.0882783882783883
292773.411807,2761866.126422,0.0645397873120645,0.0539053905390539,0.00733406674000733,0.698203153648698,0.143197653098643,0.0328199486615328
293273.411807,2761866.126422,0.0987179487179487,0.067032967032967,0.00274725274725275,0.537179487179487,0.182967032967033,0.111355311355311
293773.411807,2761866.126422,0.123626373626374,0.0470695970695971,0.00256410256410256,0.617948717948718,0.110989010989011,0.0978021978021978
294273.411807,2761866.126422,0.114594792812615,0.0333700036670334,0.0132013201320132,0.593692702603594,0.144664466446645,0.1004767143381
294773.411807,2761866.126422,0.254578754578755,0.036996336996337,0.0010989010989011,0.078021978021978,0.102197802197802,0.527106227106227
295273.411807,2761866.126422,0.616849816849817,0.0120879120879121,0.000549450549450549,0.0485347985347985,0.0346153846153846,0.287362637362637
295773.411807,2761866.126422,0.947011367803447,0.000733406674000733,0,0,0.00055005500550055,0.0517051705170517
296273.411807,2761866.126422,0.702564102564103,0.0672161172161172,0.000366300366300366,0.0311355311355311,0.026007326007326,0.172710622710623
296773.411807,2761866.126422,0.891758241758242,0.0104395604395604,0,0.000732600732600733,0.0010989010989011,0.095970695970696
297273.411807,2761866.126422,0.752841950861753,0.0388705537220389,0,0.011001100110011,0.0188852218555189,0.178401173450678
297773.411807,2761866.126422,0.851831501831502,0.0818681318681319,0,0,0.0100732600732601,0.0562271062271062
298273.411807,2761866.126422,0.806227106227106,0.0294871794871795,0,0.00659340659340659,0.0686813186813187,0.089010989010989
298773.411807,2761866.126422,0.585441877521085,0.035020168683535,0,0.00458379171250458,0.202236890355702,0.172717271727173
299273.411807,2761866.126422,0.731135531135531,0.00622710622710623,0,0.00384615384615385,0.137179487179487,0.121611721611722
299773.411807,2761866.126422,0.871245421245421,0.00787545787545788,0,0.000366300366300366,0.0206959706959707,0.0998168498168498
300273.411807,2761866.126422,0.933993399339934,0.0011001100110011,0,0,0.000183351668500183,0.0647231389805647
288273.411807,2761366.126422,0.0639545537841305,0.207073483599047,0.0201575957485798,0.0177753344328386,0.049660985889683,0.641378046545721
288773.411807,2761366.126422,0.128096898513489,0.1159845843274,0.0745090842356396,0.107359148467609,0.231235089007157,0.342815195448706
289273.411807,2761366.126422,0.0700531817348249,0.030808729139923,0,0.349899138089125,0.215477718686961,0.333761232349166
289773.411807,2761366.126422,0.0870441634597764,0.0538757559098406,0,0.405717427157779,0.25783397471138,0.195528678761224
290273.411807,2761366.126422,0.120572582125161,0.124242980363369,0.000183519911910442,0.168654799045696,0.185355111029547,0.400991007524316
290773.411807,2761366.126422,0.203190904089492,0.0478635613423803,0.000916926462497708,0.18796992481203,0.204291215844489,0.355767467449111
291273.411807,2761366.126422,0.163093274693055,0.133956386292835,0.042147700201576,0.157778999450247,0.154113982041415,0.348909657320872
291773.411807,2761366.126422,0.127179298953937,0.0620297302257295,0.0155991925123876,0.528353826390163,0.19067718847495,0.0761607634428336
292273.411807,2761366.126422,0.10397946084724,0.0784889051898038,0.0100861910874748,0.528333027691179,0.173115716119567,0.105996699064735
292773.411807,2761366.126422,0.383177570093458,0.0674363203225215,0.0053142752428074,0.284955103536742,0.111233278358072,0.147883452446399
293273.411807,2761366.126422,0.27821618645623,0.0322995044962378,0.00991007524316388,0.256010277115067,0.130849697192145,0.292714259497155
293773.411807,2761366.126422,0.31212176783422,0.0302585732624244,0.00843572345497891,0.162846139739593,0.169264624977077,0.317073170731707
294273.411807,2761366.126422,0.616455928165659,0.0104452996151732,0.000183250870441635,0.0547920102620487,0.0580905259299982,0.260032985156679
294773.411807,2761366.126422,0.622132501376399,0.0082583960359699,0,0.0357863828225362,0.131583776839787,0.202238942925307
295273.411807,2761366.126422,0.5200806895287,0.00513478818998716,0,0.000183385292499542,0.0115532734274711,0.463047863561342
295773.411807,2761366.126422,0.812167857797325,0.00183250870441635,0,0.00128275609309144,0.00604727872457394,0.178669598680594
296273.411807,2761366.126422,0.703248302440815,0.022389429253074,0,0.0113782345384474,0.0447788585061479,0.218205175261516
296773.411807,2761366.126422,0.651384558958372,0.0656519347148359,0,0.00201723821749496,0.0335595085274161,0.247386759581882
297273.411807,2761366.126422,0.796041781198461,0.101337731354224,0,0.00806303829943192,0.0130108118013561,0.0815466373465274
297773.411807,2761366.126422,0.757203156542485,0.200036703982382,0,0.00844191594788034,0.00642319691686548,0.0278950266103872
298273.411807,2761366.126422,0.571061800843572,0.187052998349532,0,0.00110031175499725,0.107647166697231,0.133137722354667
298773.411807,2761366.126422,0.549935862195345,0.0362836723474437,0,0.0141103170240059,0.246472420743999,0.153197727689207
299273.411807,2761366.126422,0.711690218388695,0.0150486327766563,0,0.000183519911910442,0.0264268673151037,0.246650761607634
299773.411807,2761366.126422,0.925912341830185,0,0,0,0.000183385292499542,0.0739042728773152
300273.411807,2761366.126422,0.707898112516034,0.0243723657687374,0.000549752611324904,0.0366501740883269,0.0718343412131208,0.158695253802456
288273.411807,2760866.126422,0.167582417582418,0.0518315018315018,0,0.0371794871794872,0.0880952380952381,0.655311355311355
288773.411807,2760866.126422,0.118165137614679,0.0689908256880734,0,0.100550458715596,0.295779816513761,0.41651376146789
289273.411807,2760866.126422,0.112089524857824,0.0533847000550358,0,0.179049715648505,0.253164556962025,0.40231150247661
289773.411807,2760866.126422,0.0793040293040293,0.225274725274725,0,0.143772893772894,0.142124542124542,0.40952380952381
290273.411807,2760866.126422,0.134678899082569,0.159082568807339,0,0.227522935779817,0.131009174311927,0.347706422018349
290773.411807,2760866.126422,0.087873784626674,0.116859291873051,0,0.245643001284168,0.140891579526692,0.408732342689415
291273.411807,2760866.126422,0.118315018315018,0.190842490842491,0.0263736263736264,0.320512820512821,0.112087912087912,0.231868131868132
291773.411807,2760866.126422,0.198715596330275,0.0957798165137615,0.00770642201834862,0.259266055045872,0.251376146788991,0.187155963302752
292273.411807,2760866.126422,0.36947349110255,0.106219042377545,0.000183452577508714,0.0548523206751055,0.155567785727389,0.313703907539901
292773.411807,2760866.126422,0.657692307692308,0.00897435897435897,0,0.0871794871794872,0.0604395604395604,0.185714285714286
293273.411807,2760866.126422,0.683119266055046,0.00201834862385321,0,0.00201834862385321,0.0148623853211009,0.297981651376147
293773.411807,2760866.126422,0.77600440286186,0.00275178866263071,0,0.002568336085122,0.0168776371308017,0.201797835259585
294273.411807,2760866.126422,0.815201465201465,0.00183150183150183,0,0,0.00238095238095238,0.180586080586081
294773.411807,2760866.126422,0.877798165137615,0.00201834862385321,0,0,0.00899082568807339,0.111192660550459
295273.411807,2760866.126422,0.596587782058338,0.0557695835626491,0.000733810310034856,0.0100898917629793,0.110254999082737,0.226563933223262
295773.411807,2760866.126422,0.913553113553114,0.000183150183150183,0,0,0.00274725274725275,0.0835164835164835
296273.411807,2760866.126422,0.857614678899083,0.00201834862385321,0,0.00018348623853211,0.0141284403669725,0.12605504587156
296773.411807,2760866.126422,0.984039625756742,0.0104567969179967,0,0,0,0.00550357732526142
297273.411807,2760866.126422,0.921611721611722,0.0487179487179487,0.0032967032967033,0.0010989010989011,0.00128205128205128,0.023992673992674
297773.411807,2760866.126422,0.653394495412844,0.084954128440367,0,0.0168807339449541,0.135412844036697,0.109357798165138
298273.411807,2760866.126422,0.665015593469088,0.0410933773619519,0.00091726288754357,0.0344890845716382,0.115024766097964,0.143459915611814
298773.411807,2760866.126422,0.934065934065934,0.00183150183150183,0,0,0.00787545787545788,0.0562271062271062
299273.411807,2760866.126422,0.920733944954128,0.000917431192660551,0,0,0.00073394495412844,0.0776146788990826
299773.411807,2760866.126422,0.643735094478077,0.0152265639332233,0.000550357732526142,0.0519170794349661,0.110438451660246,0.178132452760961
300273.411807,2760866.126422,0.310989010989011,0.0846153846153846,0.000549450549450549,0.206959706959707,0.245238095238095,0.151648351648352
288273.411807,2760366.126422,0.232306563989732,0.217455078841217,0.0077007700770077,0.111661166116612,0.177667766776678,0.253208654198753
288773.411807,2760366.126422,0.236630036630037,0.158974358974359,0.00183150183150183,0.0336996336996337,0.177472527472527,0.391391941391941
289273.411807,2760366.126422,0.135531135531136,0.0836996336996337,0.000366300366300366,0.218131868131868,0.268498168498168,0.293772893772894
289773.411807,2760366.126422,0.113494682801613,0.11019435276861,0,0.334800146681335,0.207370737073707,0.234140080674734
290273.411807,2760366.126422,0.135714285714286,0.0827838827838828,0,0.285897435897436,0.115384615384615,0.38021978021978
290773.411807,2760366.126422,0.166849816849817,0.0906593406593407,0.0807692307692308,0.261172161172161,0.144322344322344,0.256227106227106
291273.411807,2760366.126422,0.242207554088742,0.122295562889622,0.0232856618995233,0.211221122112211,0.137330399706637,0.263659699303264
291773.411807,2760366.126422,0.45952380952381,0.0448717948717949,0,0.0206959706959707,0.0908424908424908,0.384065934065934
292273.411807,2760366.126422,0.823992673992674,0.00476190476190476,0,0.000366300366300366,0.00695970695970696,0.163919413919414
292773.411807,2760366.126422,0.891455812247891,0.00238357169050238,0,0,0,0.106160616061606
293273.411807,2760366.126422,0.83003663003663,0,0,0,0.000183150183150183,0.16978021978022
293773.411807,2760366.126422,0.839377289377289,0.00128205128205128,0,0,0,0.159340659340659
294273.411807,2760366.126422,0.824165749908324,0.00311697836450312,0,0,0.0133846718005134,0.159332599926659
294773.411807,2760366.126422,0.858791208791209,0.000732600732600733,0,0,0.000549450549450549,0.13992673992674
295273.411807,2760366.126422,0.709340659340659,0.0157509157509158,0,0.00201465201465201,0.0371794871794872,0.235714285714286
295773.411807,2760366.126422,0.947561422808948,0,0,0,0.000733406674000733,0.0517051705170517
296273.411807,2760366.126422,0.906593406593407,0.00274725274725275,0,0,0.00347985347985348,0.0871794871794872
296773.411807,2760366.126422,0.977289377289377,0.00750915750915751,0,0,0,0.0152014652014652
297273.411807,2760366.126422,0.963879721305464,0.0214521452145215,0,0,0,0.0146681334800147
297773.411807,2760366.126422,0.897985347985348,0.0401098901098901,0,0,0.00164835164835165,0.0602564102564103
298273.411807,2760366.126422,0.956776556776557,0,0,0,0.000183150183150183,0.043040293040293
298773.411807,2760366.126422,0.54033736707004,0.0291529152915292,0,0.0716905023835717,0.187752108544188,0.171067106710671
299273.411807,2760366.126422,0.240842490842491,0.0391941391941392,0.000549450549450549,0.173626373626374,0.333516483516483,0.212271062271062
299773.411807,2760366.126422,0.349267399267399,0.0554945054945055,0.000366300366300366,0.15,0.207326007326007,0.237545787545788
300273.411807,2760366.126422,0.520902090209021,0.0718738540520719,0.000183351668500183,0.117895122845618,0.0531719838650532,0.235973597359736
288273.411807,2759866.126422,0.121678577973245,0.201942459226681,0.0558915154846986,0.412680960234561,0.114715044896463,0.0930914421843504
288773.411807,2759866.126422,0.220774454028262,0.177830794641219,0.00568911726922371,0.19489814644889,0.225913011561754,0.174894476050652
289273.411807,2759866.126422,0.118283513662204,0.101595452044746,0,0.0392444525949019,0.146708233999633,0.594168347698515
289773.411807,2759866.126422,0.103903243540407,0.0514934945940993,0,0.402235660619388,0.128275609309144,0.314091991936962
290273.411807,2759866.126422,0.102404110846027,0.174710956138741,0.0315654248485961,0.178931914112681,0.140392732611488,0.371994861442467
290773.411807,2759866.126422,0.262240968274344,0.122684760682193,0.0630845406198423,0.0984779020722538,0.113148725472217,0.340363102879149
291273.411807,2759866.126422,0.907458310426975,0.00366501740883269,0,0.000916254352208173,0.00384826827927433,0.0841121495327103
291773.411807,2759866.126422,0.686915030280785,0.00679023674068636,0,0.0110111947146265,0.0612956505780877,0.233987887685814
292273.411807,2759866.126422,0.90390610673024,0.000916926462497708,0,0,0.000733541169998166,0.0944434256372639
292773.411807,2759866.126422,0.935312442734103,0,0,0,0.00128275609309144,0.0634048011728056
293273.411807,2759866.126422,0.98329968801615,0.000367039823820885,0,0,0,0.0163332721600294
293773.411807,2759866.126422,0.940766550522648,0,0,0,0.000366770584999083,0.0588666788923528
294273.411807,2759866.126422,0.926882902693788,0.00164925783397471,0,0,0.00109950522264981,0.0703683342495877
294773.411807,2759866.126422,0.930996513121674,0,0,0,0.000367039823820885,0.0686364470545054
295273.411807,2759866.126422,0.851641298367871,0.00201723821749496,0,0,0.000733541169998166,0.145607922244636
295773.411807,2759866.126422,0.936045446215869,0.00109950522264981,0,0,0.000916254352208173,0.0619387942092725
296273.411807,2759866.126422,0.957973940172509,0,0,0,0,0.0420260598274913
296773.411807,2759866.126422,0.615441041628461,0.0363102879149092,0,0.000366770584999083,0.0122868145974693,0.335595085274161
297273.411807,2759866.126422,0.887667216419278,0,0,0,0,0.112332783580722
297773.411807,2759866.126422,0.920902917966599,0,0,0,0,0.0790970820334006
298273.411807,2759866.126422,0.512745277828718,0.0658353200073354,0,0.00568494406748579,0.121584448927196,0.294150009169265
298773.411807,2759866.126422,0.422576507238409,0.03811618105186,0,0.0881436686824262,0.243723657687374,0.20743998533993
299273.411807,2759866.126422,0.547990456964581,0.0113782345384474,0,0.0739585244999082,0.089190677188475,0.277482106808589
299773.411807,2759866.126422,0.740693196405648,0.0232899321474418,0,0.0526315789473684,0.0482303319273794,0.135154960572162
300273.411807,2759866.126422,0.512552684625252,0.16254352208173,0.000549752611324904,0.230346344145135,0.0256551218618288,0.0683525746747297
288273.411807,2759366.126422,0.156593406593407,0.104395604395604,0.00586080586080586,0.257692307692308,0.235714285714286,0.23974358974359
288773.411807,2759366.126422,0.113394495412844,0.0871559633027523,0,0.04,0.192477064220183,0.56697247706422
289273.411807,2759366.126422,0.087873784626674,0.113006787745368,0,0.0656760227481196,0.142542652724271,0.590900752155568
289773.411807,2759366.126422,0.163186813186813,0.152930402930403,0.0692307692307692,0.137545787545788,0.121794871794872,0.355311355311355
290273.411807,2759366.126422,0.313577981651376,0.0794495412844037,0.00073394495412844,0.154128440366972,0.0820183486238532,0.370091743119266
290773.411807,2759366.126422,0.632177582095028,0.0335718216840947,0,0.0403595670519171,0.0640249495505412,0.229866079618419
291273.411807,2759366.126422,0.932783882783883,0.00274725274725275,0,0,0.0010989010989011,0.0633699633699634
291773.411807,2759366.126422,0.894678899082569,0.00256880733944954,0,0.00513761467889908,0.00880733944954129,0.0888073394495413
292273.411807,2759366.126422,0.908273711245643,0.00330214639515685,0,0.000366905155017428,0.00733810310034856,0.0807191341038342
292773.411807,2759366.126422,0.895421245421245,0.00238095238095238,0,0,0.00146520146520147,0.100732600732601
293273.411807,2759366.126422,0.91302752293578,0.00110091743119266,0,0,0.00623853211009174,0.0796330275229358
293773.411807,2759366.126422,0.889561548339754,0.00348559897266557,0,0.00201797835259585,0.00385250412768299,0.101082370207301
294273.411807,2759366.126422,0.877655677655678,0.0010989010989011,0,0,0.00366300366300366,0.117582417582418
294773.411807,2759366.126422,0.939633027522936,0.00018348623853211,0,0,0,0.0601834862385321
