"x","y","forest","agri","water","built","other","grass"
162273.411807,2613366.126422,0.00623395672900623,0.0551888522185552,0.488998899889989,0.323799046571324,0.0341034103410341,0.0916758342500917
162773.411807,2613366.126422,0.000915750915750916,0.142490842490842,0.30952380952381,0.291391941391941,0.108608058608059,0.147069597069597
163273.411807,2613366.126422,0,0.153113553113553,0.457509157509157,0.0802197802197802,0.106410256410256,0.202747252747253
163773.411807,2613366.126422,0.00238357169050238,0.171983865053172,0.0762742940960763,0.0540887422075541,0.0909424275760909,0.604327099376604
164273.411807,2613366.126422,0.103296703296703,0.130952380952381,0.00457875457875458,0.182967032967033,0.159157509157509,0.419047619047619
164773.411807,2613366.126422,0.117948717948718,0.125641025641026,0.000549450549450549,0.234065934065934,0.126739926739927,0.395054945054945
165273.411807,2613366.126422,0.104693802713605,0.176017601760176,0.000183351668500183,0.0297029702970297,0.0594059405940594,0.62999633296663
165773.411807,2613366.126422,0.0468864468864469,0.271611721611722,0.00476190476190476,0.0571428571428571,0.0628205128205128,0.556776556776557
166273.411807,2613366.126422,0.0457875457875458,0.397252747252747,0.00915750915750916,0.0639194139194139,0.0782051282051282,0.405677655677656
166773.411807,2613366.126422,0.0632563256325633,0.418591859185919,0.00678401173450678,0.0942427576090942,0.118078474514118,0.299046571323799
167273.411807,2613366.126422,0.0686813186813187,0.406410256410256,0.000183150183150183,0.0664835164835165,0.0772893772893773,0.380952380952381
167773.411807,2613366.126422,0.0901098901098901,0.297619047619048,0.00897435897435897,0.0639194139194139,0.06996336996337,0.469413919413919
168273.411807,2613366.126422,0.0777411074440777,0.355702236890356,0,0.0518885221855519,0.0825082508250825,0.432159882654932
168773.411807,2613366.126422,0.0263736263736264,0.805311355311355,0,0,0.00494505494505494,0.163369963369963
169273.411807,2613366.126422,0.0322344322344322,0.587179487179487,0,0.0397435897435897,0.0360805860805861,0.304761904761905
169773.411807,2613366.126422,0.0280528052805281,0.344701136780345,0,0.00128346167950128,0.00605060506050605,0.61991199119912
170273.411807,2613366.126422,0.023992673992674,0.885347985347985,0,0.000366300366300366,0.00879120879120879,0.0815018315018315
170773.411807,2613366.126422,0.0113553113553114,0.776923076923077,0,0.0010989010989011,0.0106227106227106,0.2
171273.411807,2613366.126422,0.122478914558122,0.376787678767877,0,0.151815181518152,0.117895122845618,0.231023102310231
171773.411807,2613366.126422,0.0282051282051282,0.565384615384615,0,0.0778388278388278,0.0340659340659341,0.294505494505495
172273.411807,2613366.126422,0.0391941391941392,0.615567765567766,0,0.0362637362637363,0.0395604395604396,0.269413919413919
172773.411807,2613366.126422,0.05995599559956,0.518151815181518,0,0.0231023102310231,0.0748074807480748,0.323982398239824
173273.411807,2613366.126422,0.233812154696133,0.308729281767956,0.000441988950276243,0.0996685082872928,0.139668508287293,0.21767955801105
162273.411807,2612866.126422,0.0106285504856148,0.121678577973245,0.268462525196995,0.266080263881253,0.0568077698369067,0.276342312625985
162773.411807,2612866.126422,0.00311983850247752,0.140209212699578,0.372361901266287,0.241512204074142,0.063497889521013,0.179298953936502
163273.411807,2612866.126422,0,0.0997615991197506,0.587566477168531,0.0935264991747662,0.0607005318173482,0.158444892719604
163773.411807,2612866.126422,0.0142935678944475,0.161627267729522,0.0100787978742899,0.210005497526113,0.166025288620121,0.437969580355507
164273.411807,2612866.126422,0.0910258763075794,0.0581758120756102,0.00568911726922371,0.341347036153423,0.178014314553129,0.325747843641035
164773.411807,2612866.126422,0.0779387493123052,0.0357601320374106,0.00476801760498808,0.54410416284614,0.181734824867046,0.155694113332111
165273.411807,2612866.126422,0.0491112332783581,0.263514751695071,0.0234561114165292,0.16932380428807,0.122961334066337,0.371632765255635
165773.411807,2612866.126422,0.0330335841438796,0.440264268673151,0.0266103872270141,0.0767113231785649,0.0679023674068636,0.355478069370527
166273.411807,2612866.126422,0.068402714102329,0.42783788740143,0.017604988079956,0.16779754263708,0.123051531267192,0.195305336512012
166773.411807,2612866.126422,0.0538757559098406,0.532710280373832,0.000366501740883269,0.0483782297965915,0.0322521531977277,0.332417078981125
167273.411807,2612866.126422,0.0640484492567444,0.339328317122408,0,0.02073775004588,0.066801247935401,0.509084235639567
167773.411807,2612866.126422,0.0827067669172932,0.269576379974326,0.011186502842472,0.103429304969741,0.17183201907207,0.361269026224097
168273.411807,2612866.126422,0.0467289719626168,0.569910207073484,0,0.0295033901411032,0.062671797691039,0.291185633131757
168773.411807,2612866.126422,0.0300972655533125,0.575518443751147,0,0.0394567810607451,0.0484492567443568,0.306478252890439
169273.411807,2612866.126422,0.0777553640198056,0.374289381991564,0.00256739409499358,0.121401063634696,0.140473134054649,0.283513662204291
169773.411807,2612866.126422,0.0201575957485798,0.495143851933297,0.00513102437236577,0.0608392889866227,0.0555250137438153,0.36320322521532
170273.411807,2612866.126422,0.0425766195632226,0.496788401541567,0,0.140025692787667,0.0552394934850431,0.2653697926225
170773.411807,2612866.126422,0.0269576379974326,0.634329726755914,0,0.0403447643498991,0.0682193288098294,0.230148542086925
171273.411807,2612866.126422,0.0617555433388309,0.57284222100055,0,0.0505772402418911,0.03811618105186,0.276708814366868
171773.411807,2612866.126422,0.0185355111029547,0.520829510001835,0,0.0877225178931914,0.113048265736832,0.259864195265186
172273.411807,2612866.126422,0.107463781404731,0.348615441041628,0.000183385292499542,0.0632679259123418,0.156611039794608,0.32385842655419
172773.411807,2612866.126422,0.117830309693971,0.498259116730804,0,0.0181418361737218,0.0650540590067803,0.300714678394722
173273.411807,2612866.126422,0.128761061946903,0.375,0.00486725663716814,0.0176991150442478,0.0320796460176991,0.441592920353982
162773.411807,2612366.126422,0,0.120550458715596,0.663669724770642,0.10605504587156,0.0245871559633028,0.0851376146788991
163273.411807,2612366.126422,0,0.0616400660429279,0.752155567785727,0.0876903320491653,0.0260502660062374,0.072463768115942
163773.411807,2612366.126422,0.0010989010989011,0.197619047619048,0.147252747252747,0.206227106227106,0.117399267399267,0.33040293040293
164273.411807,2612366.126422,0.0743119266055046,0.139633027522936,0.0102752293577982,0.170275229357798,0.182752293577982,0.422752293577982
164773.411807,2612366.126422,0.0460465969546872,0.1284168042561,0.0627407815079802,0.148046230049532,0.0764997248211337,0.538249862410567
165273.411807,2612366.126422,0.0679487179487179,0.112087912087912,0.0342490842490843,0.0840659340659341,0.0956043956043956,0.606043956043956
165773.411807,2612366.126422,0.046605504587156,0.319082568807339,0.127706422018349,0.0963302752293578,0.0831192660550459,0.327155963302752
166273.411807,2612366.126422,0.0642084021280499,0.5178866263071,0.00440286186020914,0.0368739680792515,0.0286186020913594,0.34800953953403
166773.411807,2612366.126422,0.0373626373626374,0.595238095238095,0.00970695970695971,0.0133699633699634,0.0353479853479853,0.308974358974359
167273.411807,2612366.126422,0.0236697247706422,0.344770642201835,0.0055045871559633,0.0893577981651376,0.119449541284404,0.417247706422018
167773.411807,2612366.126422,0.0300862227114291,0.480829205650339,0.00476976701522656,0.0781507980187122,0.0684278114107503,0.337736195193542
168273.411807,2612366.126422,0.0776556776556777,0.453663003663004,0,0.0183150183150183,0.0415750915750916,0.408791208791209
168773.411807,2612366.126422,0.0231192660550459,0.679266055045872,0,0.00256880733944954,0.0119266055045872,0.283119266055046
169273.411807,2612366.126422,0.0113740598055403,0.638231517152816,0.00330214639515685,0.0221977618785544,0.0392588515868648,0.285635663181068
169773.411807,2612366.126422,0.0401098901098901,0.393406593406593,0.00238095238095238,0.0635531135531135,0.052014652014652,0.448534798534799
170273.411807,2612366.126422,0.0688073394495413,0.342201834862385,0,0.145504587155963,0.147155963302752,0.296330275229358
170773.411807,2612366.126422,0.0421940928270042,0.493854338653458,0,0.0653091175931022,0.116492386718033,0.282150064208402
171273.411807,2612366.126422,0.0628205128205128,0.484981684981685,0.000183150183150183,0.0946886446886447,0.0608058608058608,0.296520146520147
171773.411807,2612366.126422,0.0739449541284404,0.41651376146789,0,0.0543119266055046,0.055045871559633,0.400183486238532
172273.411807,2612366.126422,0.106402494955054,0.365437534397358,0.00165107319757843,0.0720968629609246,0.13557145477894,0.318840579710145
172773.411807,2612366.126422,0.0617216117216117,0.601831501831502,0,0.0102564102564103,0.045970695970696,0.28021978021978
173273.411807,2612366.126422,0.0141561601415616,0.683698296836983,0,0.0030966600309666,0.0263216102632161,0.272727272727273
162773.411807,2611866.126422,0,0.157326007326007,0.729120879120879,0.0752747252747253,0.0186813186813187,0.0195970695970696
163273.411807,2611866.126422,0,0.0655677655677656,0.826007326007326,0.0542124542124542,0.0172161172161172,0.036996336996337
163773.411807,2611866.126422,0,0.103960396039604,0.63036303630363,0.132196552988632,0.0588558855885589,0.0746241290795746
164273.411807,2611866.126422,0.0131868131868132,0.111721611721612,0.44981684981685,0.216300366300366,0.0811355311355311,0.127838827838828
164773.411807,2611866.126422,0.00952380952380952,0.151831501831502,0.283150183150183,0.106959706959707,0.0866300366300366,0.361904761904762
165273.411807,2611866.126422,0.0315364869820315,0.173450678401173,0.406307297396406,0.123395672900623,0.0658232489915658,0.199486615328199
165773.411807,2611866.126422,0.0142857142857143,0.241208791208791,0.268864468864469,0.141575091575092,0.0791208791208791,0.254945054945055
166273.411807,2611866.126422,0.0510989010989011,0.42967032967033,0.000732600732600733,0.0128205128205128,0.0463369963369963,0.459340659340659
166773.411807,2611866.126422,0.0364869820315365,0.427392739273927,0.0144847818115145,0.055005500550055,0.068023469013568,0.398606527319399
167273.411807,2611866.126422,0.0886446886446886,0.179487179487179,0.0443223443223443,0.146336996336996,0.163736263736264,0.377472527472527
167773.411807,2611866.126422,0.0144688644688645,0.444505494505494,0.06996336996337,0.0586080586080586,0.06996336996337,0.342490842490842
168273.411807,2611866.126422,0.0507884121745508,0.434726806013935,0.108544187752109,0.0383204987165383,0.0144847818115145,0.353135313531353
168773.411807,2611866.126422,0.032051282051282,0.622893772893773,0,0.0175824175824176,0.015018315018315,0.312454212454212
169273.411807,2611866.126422,0.00787545787545788,0.571428571428571,0.00146520146520147,0.0305860805860806,0.034981684981685,0.353663003663004
169773.411807,2611866.126422,0.00788412174550788,0.768426842684268,0,0.00843417675100843,0.0401540154015402,0.175100843417675
170273.411807,2611866.126422,0.0692307692307692,0.374358974358974,0.00293040293040293,0.140842490842491,0.16959706959707,0.243040293040293
170773.411807,2611866.126422,0.00549450549450549,0.795238095238095,0,0.00128205128205128,0.00952380952380952,0.188461538461538
171273.411807,2611866.126422,0.0865419875320865,0.530619728639531,0.0143014301430143,0.0066006600660066,0.0346534653465347,0.327282728272827
171773.411807,2611866.126422,0.0956043956043956,0.563369963369963,0.0157509157509158,0.0217948717948718,0.0523809523809524,0.251098901098901
172273.411807,2611866.126422,0.126190476190476,0.378754578754579,0,0.101465201465201,0.21959706959707,0.173992673992674
172773.411807,2611866.126422,0.0942427576090942,0.715621562156216,0,0.0253025302530253,0.0386872020535387,0.126145947928126
173273.411807,2611866.126422,0.00950276243093923,0.836685082872928,0,0.000220994475138122,0.012817679558011,0.140773480662983
162773.411807,2611366.126422,0,0.0879060378051019,0.754266837951918,0.135254175077996,0.0104606349788952,0.0121123141860892
163273.411807,2611366.126422,0,0.0982945167797543,0.804511278195489,0.0698697964423253,0.010819732257473,0.0165046763249587
163773.411807,2611366.126422,0.00146600696353308,0.108301264431006,0.705515851200293,0.128825361920469,0.032618654938611,0.0232728605460876
164273.411807,2611366.126422,0.0143145531290145,0.172692237107726,0.554780693705267,0.111763626353459,0.0616626904019086,0.0847861993026243
164773.411807,2611366.126422,0,0.245002750779387,0.306620209059233,0.057216211259857,0.0784889051898038,0.312671923711718
165273.411807,2611366.126422,0.0120945574491479,0.199743448781382,0.353307678211472,0.151181968114349,0.0749496060106286,0.208722741433022
165773.411807,2611366.126422,0.0266103872270141,0.215085336759038,0.0401908607083869,0.028629106258029,0.0620297302257295,0.627454578821802
166273.411807,2611366.126422,0.0284247203374289,0.294516779754264,0.000550155877498625,0.0823399963322941,0.0781221346048047,0.51604621309371
166773.411807,2611366.126422,0.026571376214037,0.424775517683709,0.0339014110317024,0.0428807036833425,0.0480117280557083,0.423859263331501
167273.411807,2611366.126422,0.0570746926041475,0.318040007340796,0.0350523031748945,0.0857037988621766,0.0957973940172509,0.408331804000734
167773.411807,2611366.126422,0.0234733174399413,0.306070053181735,0.0656519347148359,0.154410416284614,0.0652851641298368,0.385109114249037
168273.411807,2611366.126422,0.180868609125893,0.332600329851567,0.0322521531977277,0.0355506688656771,0.0577240241891149,0.36100421477002
168773.411807,2611366.126422,0.141677371994861,0.223710772618829,0.0102771150669848,0.0317489447605065,0.0488162965681776,0.543769498990641
169273.411807,2611366.126422,0.0342930496974143,0.494039977993765,0,0.199156427654502,0.139556207592151,0.132954337062168
169773.411807,2611366.126422,0.0700018325087044,0.0377496793109767,0,0.0439802089059923,0.0302363936228697,0.818031885651457
170273.411807,2611366.126422,0.0150486327766563,0.645072490365205,0.00899247568361167,0.0209212699577904,0.0455129381537897,0.264452193062947
170773.411807,2611366.126422,0.0126535851824684,0.65982028241335,0.0579497524298551,0.024390243902439,0.0540986612873648,0.191087474784522
171273.411807,2611366.126422,0.00806303829943192,0.663551401869159,0.0538757559098406,0.0371999266996518,0.0564412680960235,0.180868609125893
171773.411807,2611366.126422,0.0770783630023858,0.587814277849147,0,0.0627638098733713,0.101302991374564,0.171040557900532
172273.411807,2611366.126422,0.0909591050797726,0.281679809279296,0,0.229231615624427,0.165230148542087,0.232899321474418
172773.411807,2611366.126422,0.148066703316841,0.385376580538758,0,0.0853949056258017,0.141836173721825,0.239325636796775
173273.411807,2611366.126422,0.0201327433628319,0.872566371681416,0,0.000663716814159292,0.0157079646017699,0.090929203539823
162773.411807,2610866.126422,0,0.0297247706422018,0.763119266055046,0.196330275229358,0.00678899082568807,0.00403669724770642
163273.411807,2610866.126422,0.00091726288754357,0.0467804072647221,0.801137405980554,0.132269308383783,0.00825536598789213,0.0106402494955054
163773.411807,2610866.126422,0,0.139377289377289,0.744139194139194,0.0483516483516484,0.00934065934065934,0.0587912087912088
164273.411807,2610866.126422,0.0229357798165138,0.152660550458716,0.407339449541284,0.13302752293578,0.115596330275229,0.168440366972477
164773.411807,2610866.126422,0.0570537516052101,0.129150614566135,0.210970464135021,0.0629242340854889,0.0902586681342873,0.449642267473858
165273.411807,2610866.126422,0.00659340659340659,0.245238095238095,0.334065934065934,0.0454212454212454,0.0833333333333333,0.285347985347985
165773.411807,2610866.126422,0.0376146788990826,0.171926605504587,0.130642201834862,0.0324770642201835,0.0855045871559633,0.541834862385321
166273.411807,2610866.126422,0.0460465969546872,0.376077783892864,0.0161438268207668,0.146395156851954,0.117226197028068,0.29811043845166
166773.411807,2610866.126422,0.0108058608058608,0.53003663003663,0,0.013003663003663,0.0172161172161172,0.428937728937729
167273.411807,2610866.126422,0.125688073394495,0.100366972477064,0.0106422018348624,0.12,0.129357798165138,0.51394495412844
167773.411807,2610866.126422,0.0319207484865162,0.294257934323977,0.0869565217391304,0.188405797101449,0.10988809392772,0.288570904421207
168273.411807,2610866.126422,0.056959706959707,0.165934065934066,0.00201465201465201,0.338278388278388,0.0884615384615385,0.348351648351648
168773.411807,2610866.126422,0.271926605504587,0.0455045871559633,0.00036697247706422,0.184403669724771,0.100550458715596,0.397247706422018
169273.411807,2610866.126422,0.0284351495138507,0.484131352045496,0,0.0319207484865162,0.0588882773802972,0.39662447257384
169773.411807,2610866.126422,0.0164835164835165,0.0783882783882784,0,0.360805860805861,0.0754578754578755,0.468864468864469
170273.411807,2610866.126422,0.0585321100917431,0.411192660550459,0.0798165137614679,0.0332110091743119,0.0677064220183486,0.34954128440367
170773.411807,2610866.126422,0.028251696936342,0.829939460649422,0,0.014125848468171,0.0313703907539901,0.0963126031920749
171273.411807,2610866.126422,0.0111721611721612,0.721794871794872,0,0.0175824175824176,0.0846153846153846,0.164835164835165
171773.411807,2610866.126422,0.0577981651376147,0.664954128440367,0,0.00330275229357798,0.0223853211009174,0.251559633027523
172273.411807,2610866.126422,0.0632911392405063,0.491652907723354,0,0.0311869381764814,0.0645753072830673,0.349293707576591
172773.411807,2610866.126422,0.0919413919413919,0.470695970695971,0.0496336996336996,0.0452380952380952,0.0611721611721612,0.281318681318681
173273.411807,2610866.126422,0.0272063702720637,0.724839637248396,0,0.0157044901570449,0.0802919708029197,0.151957531519575
162773.411807,2610366.126422,0.00164835164835165,0.0661172161172161,0.701831501831502,0.196886446886447,0.0186813186813187,0.0148351648351648
163273.411807,2610366.126422,0,0.0556776556776557,0.744322344322344,0.183699633699634,0.0122710622710623,0.00402930402930403
163773.411807,2610366.126422,0.0011001100110011,0.122478914558122,0.596626329299597,0.141914191419142,0.0579391272460579,0.0799413274660799
164273.411807,2610366.126422,0.0032967032967033,0.107142857142857,0.687179487179487,0.102197802197802,0.0313186813186813,0.0688644688644689
164773.411807,2610366.126422,0.05,0.127106227106227,0.0721611721611722,0.0932234432234432,0.115934065934066,0.541575091575092
165273.411807,2610366.126422,0.0170517051705171,0.263476347634763,0.143931059772644,0.181701503483682,0.135130179684635,0.258709204253759
165773.411807,2610366.126422,0.00934065934065934,0.385347985347985,0.157692307692308,0.160622710622711,0.0778388278388278,0.209157509157509
166273.411807,2610366.126422,0.0368131868131868,0.18956043956044,0.00860805860805861,0.0919413919413919,0.0862637362637363,0.586813186813187
166773.411807,2610366.126422,0.028969563623029,0.425925925925926,0.000366703337000367,0.0115511551155116,0.0231023102310231,0.51008434176751
167273.411807,2610366.126422,0.0415750915750916,0.299084249084249,0.0423076923076923,0.0723443223443224,0.0717948717948718,0.472893772893773
167773.411807,2610366.126422,0.0232600732600733,0.262454212454212,0.0954212454212454,0.112820512820513,0.0767399267399267,0.429304029304029
168273.411807,2610366.126422,0.0106343967730106,0.288412174550788,0.0683901723505684,0.220572057205721,0.0902090209020902,0.321782178217822
168773.411807,2610366.126422,0.2496336996337,0.212637362637363,0.00641025641025641,0.0126373626373626,0.0214285714285714,0.497252747252747
169273.411807,2610366.126422,0.0331501831501832,0.141025641025641,0,0.000366300366300366,0.0194139194139194,0.806043956043956
169773.411807,2610366.126422,0.028969563623029,0.121745507884122,0,0.0011001100110011,0.00843417675100843,0.83975064173084
170273.411807,2610366.126422,0.026007326007326,0.656410256410256,0.0505494505494506,0.00970695970695971,0.0223443223443223,0.234981684981685
170773.411807,2610366.126422,0.0467032967032967,0.681318681318681,0.0179487179487179,0.0884615384615385,0.0807692307692308,0.0847985347985348
171273.411807,2610366.126422,0.0372203887055372,0.765493215988265,0.000366703337000367,0.0381371470480381,0.0533553355335534,0.105427209387605
171773.411807,2610366.126422,0.0772893772893773,0.678937728937729,0,0.00787545787545788,0.0166666666666667,0.219230769230769
172273.411807,2610366.126422,0.0342490842490843,0.544871794871795,0.0159340659340659,0.0470695970695971,0.0663003663003663,0.291575091575092
172773.411807,2610366.126422,0.0293362669600293,0.653098643197653,0.0575724239090576,0.0163182984965163,0.0262192885955262,0.217455078841217
173273.411807,2610366.126422,0.0355801104972376,0.827403314917127,0,0.0322651933701657,0.0238674033149171,0.0808839779005525
162773.411807,2609866.126422,0,0.152688566709488,0.685630390897412,0.140209212699578,0.00880895577170123,0.0126628739218205
163273.411807,2609866.126422,0.000366770584999083,0.121951219512195,0.754630478635613,0.0929763432972676,0.00275077938749312,0.0273244085824317
163773.411807,2609866.126422,0.00219901044529962,0.145867692871541,0.549935862195345,0.179219351291919,0.0595565328935312,0.0632215503023639
164273.411807,2609866.126422,0.00660671682877592,0.0710222059093412,0.631859056707653,0.0541383740135805,0.0233070288126262,0.213066617728023
164773.411807,2609866.126422,0.0110031175499725,0.180817898404548,0.519713918943701,0.0770218228498075,0.052814964239868,0.158628278012103
165273.411807,2609866.126422,0.0157595748579806,0.282939343961884,0.17372182517867,0.108301264431006,0.09529045262965,0.32398753894081
165773.411807,2609866.126422,0.0304643053771334,0.17012295834098,0.113231785648743,0.0462470178014315,0.0726738851165352,0.567260047715177
166273.411807,2609866.126422,0.0869246286447827,0.256922794791858,0.00458463231248854,0.105263157894737,0.108380707867229,0.437924078488905
166773.411807,2609866.126422,0.0689023272860546,0.244639912039582,0.0104452996151732,0.0276708814366868,0.0373831775700935,0.61095840205241
167273.411807,2609866.126422,0.0345017434391632,0.194531106625069,0.0148651128647458,0.0486327766562672,0.0710222059093412,0.636447054505414
167773.411807,2609866.126422,0.0203557674674491,0.295617091509261,0.0144874381074638,0.0148542086924629,0.0408949202273978,0.613790573995965
168273.411807,2609866.126422,0.0241891148982958,0.309144218435038,0.00678028220634048,0.0322521531977277,0.0459959684808503,0.581638262781748
168773.411807,2609866.126422,0.00917599559552211,0.371260781794825,0.0192695907505964,0.0844191594788034,0.0488162965681776,0.467058175812076
169273.411807,2609866.126422,0.0372272143774069,0.102328993214744,0,0.161562442692096,0.183201907207042,0.515679442508711
169773.411807,2609866.126422,0.105552501374382,0.0910756826094924,0.0835623969213854,0.0238226131574125,0.045629466739967,0.650357339197361
170273.411807,2609866.126422,0.015782712424298,0.889153973206093,0,0.000183519911910442,0.00385391815011929,0.0910258763075794
170773.411807,2609866.126422,0.0106363469649734,0.813680542820466,0.00385109114249037,0.0425453878598936,0.0170548322024574,0.112231799009719
171273.411807,2609866.126422,0.0181418361737218,0.828293934396188,0,0.00678028220634048,0.0258383727322705,0.120945574491479
171773.411807,2609866.126422,0.0356028629106258,0.613323545604698,0.00367039823820885,0.0236740686364471,0.121673701596623,0.202055423013397
172273.411807,2609866.126422,0.0447460113698881,0.694663487988263,0,0.0562992847973593,0.0865578580597836,0.117733357784706
172773.411807,2609866.126422,0.0410481949789262,0.839105735752245,0,0.0157595748579806,0.0307861462341946,0.0733003481766538
173273.411807,2609866.126422,0.0194690265486726,0.814159292035398,0,0.00331858407079646,0.0168141592920354,0.146238938053097
162773.411807,2609366.126422,0.00036697247706422,0.154862385321101,0.61302752293578,0.187155963302752,0.0102752293577982,0.0343119266055046
163273.411807,2609366.126422,0.000733810310034856,0.152265639332233,0.647404146028252,0.124013942395891,0.0157769216657494,0.0598055402678408
163773.411807,2609366.126422,0,0.23956043956044,0.602564102564103,0.0463369963369963,0.0285714285714286,0.082967032967033
164273.411807,2609366.126422,0.00642201834862385,0.199266055045872,0.539449541284404,0.0636697247706422,0.0440366972477064,0.147155963302752
164773.411807,2609366.126422,0.00862227114290956,0.164556962025316,0.427627958172812,0.143459915611814,0.0873234268941479,0.168409466152999
165273.411807,2609366.126422,0.00659340659340659,0.209157509157509,0.486446886446886,0.0725274725274725,0.0516483516483516,0.173626373626374
165773.411807,2609366.126422,0.021651376146789,0.333211009174312,0.00073394495412844,0.0121100917431193,0.0172477064220183,0.615045871559633
166273.411807,2609366.126422,0.0953953403045313,0.0675105485232067,0.000183452577508714,0.219776187855439,0.115942028985507,0.501192441753807
166773.411807,2609366.126422,0.0893772893772894,0.0291208791208791,0.0010989010989011,0.421428571428571,0.223443223443223,0.235531135531136
167273.411807,2609366.126422,0.0684403669724771,0.270825688073395,0.0108256880733945,0.0420183486238532,0.0519266055045872,0.555963302752294
167773.411807,2609366.126422,0.0203632361034673,0.150431113557145,0,0.0106402494955054,0.0289855072463768,0.789579893597505
168273.411807,2609366.126422,0.0554945054945055,0.103296703296703,0.0243589743589744,0.162637362637363,0.123076923076923,0.531135531135531
168773.411807,2609366.126422,0.0401834862385321,0.138165137614679,0.0229357798165138,0.086605504587156,0.119082568807339,0.59302752293578
169273.411807,2609366.126422,0.0946615299944964,0.223628691983122,0,0.0946615299944964,0.200697119794533,0.386351128233352
169773.411807,2609366.126422,0.0326007326007326,0.400549450549451,0.0738095238095238,0.0635531135531135,0.0705128205128205,0.358974358974359
170273.411807,2609366.126422,0.0493577981651376,0.713394495412844,0,0.000917431192660551,0.00532110091743119,0.231009174311927
170773.411807,2609366.126422,0.0262337185837461,0.750871399743166,0,0.00880572372041827,0.0350394423041644,0.179049715648505
171273.411807,2609366.126422,0.0523809523809524,0.56996336996337,0.00934065934065934,0.112454212454212,0.109340659340659,0.146520146520147
171773.411807,2609366.126422,0.056697247706422,0.536880733944954,0.00073394495412844,0.102201834862385,0.136330275229358,0.167155963302752
172273.411807,2609366.126422,0.0577875619152449,0.357915978719501,0.014125848468171,0.298293891029169,0.0864061640066043,0.18547055586131
172773.411807,2609366.126422,0.0421245421245421,0.849267399267399,0,0,0.0216117216117216,0.086996336996337
173273.411807,2609366.126422,0.0068568900685689,0.829241318292413,0,0.0099535500995355,0.0267639902676399,0.127184251271843
162773.411807,2608866.126422,0,0.134249084249084,0.621245421245421,0.19047619047619,0.010989010989011,0.043040293040293
163273.411807,2608866.126422,0.00128205128205128,0.143956043956044,0.664285714285714,0.102747252747253,0.0446886446886447,0.043040293040293
163773.411807,2608866.126422,0.0022002200220022,0.287495416208288,0.485148514851485,0.0718738540520719,0.028969563623029,0.124312431243124
164273.411807,2608866.126422,0.00604395604395604,0.248534798534799,0.469047619047619,0.0324175824175824,0.0278388278388278,0.216117216117216
164773.411807,2608866.126422,0.00897435897435897,0.205494505494505,0.49047619047619,0.0987179487179487,0.0664835164835165,0.12985347985348
165273.411807,2608866.126422,0.0181518151815182,0.216354968830216,0.278511184451779,0.21983865053172,0.107077374404107,0.16006600660066
165773.411807,2608866.126422,0.00347985347985348,0.264468864468864,0.0666666666666667,0.117765567765568,0.124908424908425,0.422710622710623
166273.411807,2608866.126422,0.01996336996337,0.210622710622711,0.0494505494505494,0.105128205128205,0.0851648351648352,0.52967032967033
166773.411807,2608866.126422,0.0286028602860286,0.211771177117712,0.0088008800880088,0.0984598459845985,0.088008800880088,0.564356435643564
167273.411807,2608866.126422,0.026007326007326,0.154395604395604,0.0278388278388278,0.0423076923076923,0.032051282051282,0.717399267399267
167773.411807,2608866.126422,0.0192307692307692,0.44981684981685,0.0115384615384615,0.0415750915750916,0.0591575091575092,0.418681318681319
168273.411807,2608866.126422,0.0108177484415108,0.326732673267327,0.0583058305830583,0.00146681334800147,0.0306197286395306,0.572057205720572
168773.411807,2608866.126422,0.00732600732600733,0.167216117216117,0.0857142857142857,0.0446886446886447,0.0538461538461538,0.641208791208791
169273.411807,2608866.126422,0.0287545787545788,0.223626373626374,0.0681318681318681,0.1003663003663,0.082967032967033,0.496153846153846
169773.411807,2608866.126422,0.0755408874220755,0.286578657865787,0.105977264393106,0.0286028602860286,0.0375870920425376,0.465713237990466
170273.411807,2608866.126422,0.0265567765567766,0.797435897435897,0,0.0021978021978022,0.0122710622710623,0.161538461538462
170773.411807,2608866.126422,0.0536630036630037,0.842490842490842,0,0.0148351648351648,0.0164835164835165,0.0725274725274725
171273.411807,2608866.126422,0.0236523652365237,0.704620462046205,0.0121012101210121,0.0581224789145581,0.0447378071140447,0.156765676567657
171773.411807,2608866.126422,0.0529304029304029,0.539010989010989,0,0.100732600732601,0.0822344322344322,0.225091575091575
172273.411807,2608866.126422,0.0340659340659341,0.673260073260073,0,0.0287545787545788,0.063003663003663,0.200915750915751
172773.411807,2608866.126422,0.0339200586725339,0.704803813714705,0,0.00183351668500183,0.028969563623029,0.23047304730473
173273.411807,2608866.126422,0.04,0.580331491712707,0,0.131049723756906,0.123314917127072,0.125303867403315
161273.411807,2608366.126422,0,0,1,0,0,0
162773.411807,2608366.126422,0.0082583960359699,0.1036887502294,0.661956322260965,0.135254175077996,0.0456964580657001,0.0451458983299688
163273.411807,2608366.126422,0.0214560792224464,0.106363469649734,0.310471300201724,0.423253255088942,0.0773885934348065,0.0610673024023473
163773.411807,2608366.126422,0.00238226131574125,0.241524647242074,0.376763789628001,0.0910756826094924,0.0359171706065604,0.252336448598131
164273.411807,2608366.126422,0.0047715177096715,0.218021655349605,0.541750779959626,0.0658836483758488,0.034868783262984,0.134703615342265
164773.411807,2608366.126422,0.000366770584999083,0.203374289381992,0.551072803961122,0.100861910874748,0.0341096644049147,0.110214560792224
165273.411807,2608366.126422,0.0053142752428074,0.182151365218985,0.305295950155763,0.0874106652006597,0.0886934212937511,0.331134322888034
165773.411807,2608366.126422,0.0176179115434025,0.464305377133419,0.0150486327766563,0.0359699027344467,0.0581758120756102,0.408882363736465
166273.411807,2608366.126422,0.0289748762149276,0.178617274894553,0.0242068586099395,0.066385475884834,0.0581331377223547,0.643682376673391
166773.411807,2608366.126422,0.0219901044529962,0.295400403151915,0.062671797691039,0.0800806303829943,0.108851017042331,0.431006047278725
167273.411807,2608366.126422,0.0688199669664159,0.137823453844742,0.0768948430904753,0.156726004771518,0.125711139658653,0.434024591668196
167773.411807,2608366.126422,0.0282413350449294,0.0889418668622776,0.122317990097194,0.153860260407115,0.115349348982212,0.491289198606272
168273.411807,2608366.126422,0.0229063588052043,0.266630016492578,0.221733553234378,0.0709180868609126,0.0998717243906908,0.317940260216236
168773.411807,2608366.126422,0.0315654248485961,0.747843641035052,0.000550559735731327,0.00587263718113415,0.0117452743622683,0.202422462837218
169273.411807,2608366.126422,0.030808729139923,0.582064918393545,0.050797726022373,0.0253071703649367,0.0372272143774069,0.273794241701815
169773.411807,2608366.126422,0.0130108118013561,0.827927432655305,0.0207073483599047,0.0212571009712296,0.0157595748579806,0.101337731354224
170273.411807,2608366.126422,0.0121123141860892,0.570379886217655,0.0179849513672233,0.0341347036153423,0.0317489447605065,0.333639199853184
170773.411807,2608366.126422,0.0495140289748762,0.590867412433523,0.0247570144874381,0.0592334494773519,0.0612506876948469,0.214377406931964
171273.411807,2608366.126422,0.0575407733186733,0.606193879420927,0.00201575957485798,0.0522264980758659,0.0480117280557083,0.234011361553967
171773.411807,2608366.126422,0.0392732611488346,0.77995962561938,0,0.0170673518076711,0.0306478252890439,0.133051936135071
172273.411807,2608366.126422,0.0874747845222813,0.615074271043462,0,0.0280579497524299,0.0434623143223913,0.225930680359435
172773.411807,2608366.126422,0.0580905259299982,0.44511636430273,0.000183250870441635,0.0802638812534359,0.0901594282572842,0.32618654938611
173273.411807,2608366.126422,0.0865044247787611,0.569911504424779,0.000442477876106195,0.0672566371681416,0.0725663716814159,0.203318584070796
161273.411807,2607866.126422,0,0,0.769724770642202,0.230275229357798,0,0
162773.411807,2607866.126422,0.000917431192660551,0.127706422018349,0.644220183486239,0.184770642201835,0.0220183486238532,0.0203669724770642
163273.411807,2607866.126422,0.00091726288754357,0.143093010456797,0.392588515868648,0.381581361218125,0.030820033021464,0.0509998165474225
163773.411807,2607866.126422,0.010989010989011,0.150732600732601,0.199267399267399,0.214285714285714,0.0426739926739927,0.382051282051282
164273.411807,2607866.126422,0.00495412844036697,0.212844036697248,0.566605504587156,0.0803669724770642,0.0236697247706422,0.111559633027523
164773.411807,2607866.126422,0.0108237020730141,0.250045863144377,0.391487800403596,0.0880572372041827,0.0526508897450009,0.206934507429829
165273.411807,2607866.126422,0.00879120879120879,0.417032967032967,0.0467032967032967,0.0388278388278388,0.0884615384615385,0.40018315018315
165773.411807,2607866.126422,0.04,0.330091743119266,0.00880733944954129,0.249908256880734,0.131926605504587,0.239266055045872
166273.411807,2607866.126422,0.0445789763346175,0.135021097046413,0.0893414052467437,0.283250779673454,0.112089524857824,0.335718216840947
166773.411807,2607866.126422,0.0166666666666667,0.163736263736264,0.278205128205128,0.0637362637362637,0.0811355311355311,0.396520146520146
167273.411807,2607866.126422,0.0273394495412844,0.204954128440367,0.203853211009174,0.0508256880733945,0.0957798165137615,0.417247706422018
167773.411807,2607866.126422,0.0478811227297744,0.424876169510182,0.118510365070629,0.126215373325995,0.0988809392771968,0.183636030086223
168273.411807,2607866.126422,0.015018315018315,0.722893772893773,0,0.000549450549450549,0.0043956043956044,0.257142857142857
168773.411807,2607866.126422,0.0271559633027523,0.809724770642202,0,0.00128440366972477,0.00972477064220183,0.152110091743119
169273.411807,2607866.126422,0.0431113557145478,0.555677857273895,0.016694184553293,0.0572372041827188,0.0526508897450009,0.274628508530545
169773.411807,2607866.126422,0.0311355311355311,0.702014652014652,0,0.0212454212454212,0.0355311355311355,0.21007326007326
170273.411807,2607866.126422,0.0218348623853211,0.620550458715596,0.00568807339449541,0.0484403669724771,0.0581651376146789,0.245321100917431
170773.411807,2607866.126422,0.0251330031186938,0.523023298477344,0,0.123280132085856,0.093010456796918,0.235553109521189
171273.411807,2607866.126422,0.0798534798534798,0.622344322344322,0.0135531135531136,0.0183150183150183,0.0419413919413919,0.223992673992674
171773.411807,2607866.126422,0.0557798165137615,0.549724770642202,0.0055045871559633,0.0728440366972477,0.0921100917431193,0.224036697247706
172273.411807,2607866.126422,0.100715465052284,0.298844248761695,0.000733810310034856,0.246376811594203,0.0985140341221794,0.254815630159604
172773.411807,2607866.126422,0.063003663003663,0.0252747252747253,0,0.55018315018315,0.248351648351648,0.113186813186813
173273.411807,2607866.126422,0.177836761778368,0.147312541473125,0,0.231364742313647,0.253926122539261,0.189559831895598
162773.411807,2607366.126422,0,0.197435897435897,0.656043956043956,0.102380952380952,0.0111721611721612,0.032967032967033
163273.411807,2607366.126422,0.000549450549450549,0.223626373626374,0.688461538461538,0.0476190476190476,0.00787545787545788,0.0318681318681319
163773.411807,2607366.126422,0.00275027502750275,0.263476347634763,0.336083608360836,0.16043270993766,0.0788412174550788,0.158415841584158
164273.411807,2607366.126422,0.00604395604395604,0.321428571428571,0.442673992673993,0.0232600732600733,0.0362637362637363,0.17032967032967
164773.411807,2607366.126422,0.000732600732600733,0.121978021978022,0.443223443223443,0.0212454212454212,0.0578754578754579,0.354945054945055
165273.411807,2607366.126422,0.00476714338100477,0.511734506784012,0.0212687935460213,0.00055005500550055,0.0225522552255226,0.439127246057939
165773.411807,2607366.126422,0.0195970695970696,0.167399267399267,0.30989010989011,0.105311355311355,0.0858974358974359,0.311904761904762
166273.411807,2607366.126422,0.00952380952380952,0.209340659340659,0.260805860805861,0.232417582417582,0.0725274725274725,0.215384615384615
166773.411807,2607366.126422,0.00733406674000733,0.164833149981665,0.0368536853685369,0.00898423175650898,0.0104510451045105,0.771543821048772
167273.411807,2607366.126422,0.0419413919413919,0.413186813186813,0.000732600732600733,0.0391941391941392,0.0437728937728938,0.461172161172161
167773.411807,2607366.126422,0.043040293040293,0.564102564102564,0,0.0556776556776557,0.0494505494505494,0.287728937728938
168273.411807,2607366.126422,0.035020168683535,0.793546021268794,0,0.00146681334800147,0.0099009900990099,0.16006600660066
168773.411807,2607366.126422,0.0391941391941392,0.665018315018315,0,0.0514652014652015,0.0617216117216117,0.182600732600733
169273.411807,2607366.126422,0.0615384615384615,0.270879120879121,0.00512820512820513,0.285531135531136,0.171794871794872,0.205128205128205
169773.411807,2607366.126422,0.0132013201320132,0.74037403740374,0,0.00733406674000733,0.0174184085075174,0.221672167216722
170273.411807,2607366.126422,0.0208791208791209,0.797435897435897,0,0.00805860805860806,0.0142857142857143,0.159340659340659
170773.411807,2607366.126422,0.0481684981684982,0.492857142857143,0.00512820512820513,0.0941391941391941,0.103296703296703,0.256410256410256
171273.411807,2607366.126422,0.0385038503850385,0.648698203153649,0,0.0584891822515585,0.0498716538320499,0.204437110377704
171773.411807,2607366.126422,0.0373626373626374,0.686813186813187,0,0.0426739926739927,0.0619047619047619,0.171245421245421
172273.411807,2607366.126422,0.0476190476190476,0.634981684981685,0.000732600732600733,0.0954212454212454,0.0932234432234432,0.128021978021978
172773.411807,2607366.126422,0.0588558855885589,0.574807480748075,0,0.0583058305830583,0.0627062706270627,0.245324532453245
173273.411807,2607366.126422,0.014585635359116,0.708729281767956,0.000662983425414365,0.0514917127071823,0.0373480662983425,0.187182320441989
160773.411807,2606866.126422,0,0,1,0,0,0
161273.411807,2606866.126422,0,0,0.985685446870985,0.0143145531290145,0,0
162773.411807,2606866.126422,0,0.268306111213067,0.565791888419894,0.136171774637548,0.0117452743622683,0.0179849513672233
163273.411807,2606866.126422,0.000550155877498625,0.189253621859527,0.618558591600954,0.0986612873647534,0.00898587933247754,0.08399046396479
163773.411807,2606866.126422,0.000916254352208173,0.226864577606744,0.506871907641561,0.0791643760307861,0.0258383727322705,0.16034451163643
164273.411807,2606866.126422,0.00880895577170123,0.113598825472564,0.514039273261149,0.17856487428886,0.0915764360433107,0.0934116351624151
164773.411807,2606866.126422,0.010819732257473,0.0863744727672841,0.337245552906657,0.0306253438474234,0.0865578580597836,0.448377040161379
165273.411807,2606866.126422,0.0282206340480117,0.150998717243907,0.0786146234194612,0.0679860729338464,0.0348176653839106,0.639362286970863
165773.411807,2606866.126422,0.000734079647641769,0.115801064415489,0.624885300055056,0.0864378785098183,0.0563406129565058,0.115801064415489
