"x","y","forest","agri","water","built","other","grass"
262773.411807,2765366.126422,0.117344841759145,0.117139334155364,0,0.00020550760378134,0.011508425811755,0.753801890669955
263273.411807,2765366.126422,0.184403669724771,0.0603669724770642,0.00275229357798165,0.0467889908256881,0.102385321100917,0.603302752293578
263773.411807,2765366.126422,0.0871399743166392,0.205283434232251,0.0574206567602275,0.0266006237387635,0.104934874334984,0.518620436617134
264273.411807,2765366.126422,0.0652014652014652,0.230769230769231,0.284249084249084,0.019047619047619,0.0532967032967033,0.347435897435897
264773.411807,2765366.126422,0.041651376146789,0.207339449541284,0,0.0152293577981651,0.0445871559633028,0.691192660550459
265273.411807,2765366.126422,0.0722803155384333,0.205650339387268,0.229132269308384,0.0174279948633278,0.0935608145294441,0.381948266373143
265773.411807,2765366.126422,0.0567765567765568,0.107875457875458,0.00677655677655678,0.017032967032967,0.0747252747252747,0.736813186813187
266273.411807,2765366.126422,0.0741284403669725,0.0675229357798165,0.0018348623853211,0.268807339449541,0.145871559633028,0.441834862385321
266773.411807,2765366.126422,0.157769216657494,0.0383415886993212,0,0.163456246560264,0.0990643918547056,0.541368556228215
267273.411807,2765366.126422,0.111355311355311,0.0851648351648352,0.000183150183150183,0.12014652014652,0.147619047619048,0.535531135531136
267773.411807,2765366.126422,0.063302752293578,0.0693577981651376,0.106605504587156,0.0137614678899083,0.0761467889908257,0.670825688073394
268273.411807,2765366.126422,0.123280132085856,0.110071546505228,0.0194459732159237,0.0443955237571088,0.118877270225647,0.583929554210237
268773.411807,2765366.126422,0.0908424908424908,0.212820512820513,0,0.0318681318681319,0.133699633699634,0.530769230769231
269273.411807,2765366.126422,0.115596330275229,0.152293577981651,0.158899082568807,0.00660550458715596,0.0337614678899083,0.532844036697248
269773.411807,2765366.126422,0.121078701155751,0.159420289855072,0.00201797835259585,0.0337552742616034,0.104017611447441,0.579710144927536
270273.411807,2765366.126422,0.0934065934065934,0.151831501831502,0,0.0523809523809524,0.176007326007326,0.526373626373626
270773.411807,2765366.126422,0.0955963302752294,0.16256880733945,0,0.0341284403669725,0.0952293577981651,0.612477064220183
271273.411807,2765366.126422,0.101816180517336,0.183636030086223,0,0.0266006237387635,0.0781507980187122,0.609796367638965
271773.411807,2765366.126422,0.0357142857142857,0.153479853479853,0.377472527472527,0.00238095238095238,0.0043956043956044,0.426556776556777
272273.411807,2765366.126422,0.0662385321100917,0.279266055045872,0.0322935779816514,0.0730275229357798,0.111376146788991,0.437798165137615
272773.411807,2765366.126422,0.139057053751605,0.244725738396624,0.00330214639515685,0.183819482663731,0.0506329113924051,0.378462667400477
273273.411807,2765366.126422,0.0844322344322344,0.0501831501831502,0.0010989010989011,0.391025641025641,0.180952380952381,0.292307692307692
273773.411807,2765366.126422,0.0911926605504587,0.163669724770642,0.227155963302752,0.114678899082569,0.0765137614678899,0.326788990825688
274273.411807,2765366.126422,0.0640249495505412,0.259401944597322,0.16547422491286,0.0379746835443038,0.0774169877086773,0.395707209686296
274773.411807,2765366.126422,0.0258241758241758,0.0565934065934066,0.0672161172161172,0.670695970695971,0.0987179487179487,0.080952380952381
262773.411807,2764866.126422,0.147234217561176,0.0974706971005552,0,0.049763520460621,0.128315854410857,0.57721571046679
263273.411807,2764866.126422,0.265384615384615,0.089010989010989,0,0.0518315018315018,0.121978021978022,0.471794871794872
263773.411807,2764866.126422,0.0853479853479854,0.26007326007326,0.0549450549450549,0.039010989010989,0.073992673992674,0.486630036630037
264273.411807,2764866.126422,0.0826916024935827,0.228272827282728,0.294829482948295,0.011001100110011,0.0212687935460213,0.361936193619362
264773.411807,2764866.126422,0.0624542124542125,0.296520146520147,0,0.0186813186813187,0.0600732600732601,0.562271062271062
265273.411807,2764866.126422,0.0597069597069597,0.188644688644689,0.182600732600733,0.019047619047619,0.0346153846153846,0.515384615384615
265773.411807,2764866.126422,0.107444077741107,0.125962596259626,0.151265126512651,0.0355702236890356,0.0311697836450312,0.548588192152549
266273.411807,2764866.126422,0.06996336996337,0.157142857142857,0.115201465201465,0.0478021978021978,0.0871794871794872,0.522710622710623
266773.411807,2764866.126422,0.231318681318681,0.102747252747253,0,0.184798534798535,0.173992673992674,0.307142857142857
267273.411807,2764866.126422,0.143014301430143,0.0696736340300697,0,0.1996699669967,0.132563256325633,0.455078841217455
267773.411807,2764866.126422,0.0789377289377289,0.0509157509157509,0.000366300366300366,0.393772893772894,0.169047619047619,0.306959706959707
268273.411807,2764866.126422,0.0983516483516483,0.0895604395604396,0.00201465201465201,0.182600732600733,0.251648351648352,0.375824175824176
268773.411807,2764866.126422,0.118995232856619,0.178584525119179,0.0942427576090942,0.0731573157315732,0.101576824349102,0.433443344334433
269273.411807,2764866.126422,0.0485347985347985,0.0721611721611722,0.257509157509157,0.147619047619048,0.0888278388278388,0.385347985347985
269773.411807,2764866.126422,0.148534798534799,0.145238095238095,0.0793040293040293,0.0637362637362637,0.0805860805860806,0.482600732600733
270273.411807,2764866.126422,0.0385038503850385,0.141180784745141,0,0.00953428676200953,0.0405207187385405,0.77026035936927
270773.411807,2764866.126422,0.0666666666666667,0.0644688644688645,0.26025641025641,0.128388278388278,0.116300366300366,0.363919413919414
271273.411807,2764866.126422,0.0613553113553114,0.113553113553114,0.12014652014652,0.108241758241758,0.0763736263736264,0.52032967032967
271773.411807,2764866.126422,0.0804913824715805,0.108177484415108,0.00256692335900257,0.00458379171250458,0.048038137147048,0.756142280894756
272273.411807,2764866.126422,0.0974358974358974,0.10018315018315,0.26996336996337,0.134432234432234,0.0855311355311355,0.312454212454212
272773.411807,2764866.126422,0.0974358974358974,0.122710622710623,0.236813186813187,0.0236263736263736,0.058974358974359,0.46043956043956
273273.411807,2764866.126422,0.0944261092775944,0.136230289695636,0.00935093509350935,0.240924092409241,0.164283094976164,0.354785478547855
273773.411807,2764866.126422,0.0917582417582418,0.0326007326007326,0.0419413919413919,0.358791208791209,0.137728937728938,0.337179487179487
274273.411807,2764866.126422,0.162087912087912,0.0908424908424908,0.0450549450549451,0.345421245421245,0.133333333333333,0.223260073260073
274773.411807,2764866.126422,0.0711404473780711,0.0245691235790246,0.00146681334800147,0.652731939860653,0.171250458379171,0.0788412174550788
262773.411807,2764366.126422,0.136101973684211,0.208881578947368,0,0.0565378289473684,0.0606496710526316,0.537828947368421
263273.411807,2764366.126422,0.108643787850982,0.154890805652413,0,0.0517526151587447,0.0840521196549826,0.600660671682878
263773.411807,2764366.126422,0.148908857509628,0.123785072437191,0,0.0913258756647717,0.112415184302219,0.523565010086191
264273.411807,2764366.126422,0.16254352208173,0.132490379329302,0,0.0333516584203775,0.119113065787062,0.552501374381528
264773.411807,2764366.126422,0.0513855753349238,0.0644154890805652,0.000183519911910442,0.00440447788585061,0.0620297302257295,0.81758120756102
265273.411807,2764366.126422,0.0482303319273794,0.279479185769301,0,0.00806895286997983,0.0467632495873831,0.617458279845956
265773.411807,2764366.126422,0.0879604178119846,0.0410481949789262,0,0.0223566061938794,0.106102253985706,0.742532527029503
266273.411807,2764366.126422,0.0671682877592219,0.193246467241696,0,0.0701046063497889,0.101119471462654,0.56836116718664
266773.411807,2764366.126422,0.124885384192188,0.0889418668622776,0.179717586649551,0.0275077938749312,0.0953603520997616,0.483587016321291
267273.411807,2764366.126422,0.233461608942642,0.0260216236027121,0,0.0329851566794942,0.0648708081363387,0.642660802638813
267773.411807,2764366.126422,0.111213066617728,0.077995962561938,0.0433106992108644,0.0234905487245366,0.101853551110295,0.642136171774638
268273.411807,2764366.126422,0.0865578580597836,0.0581331377223547,0.0810562992847974,0.324775353016688,0.145241151659637,0.304236200256739
268773.411807,2764366.126422,0.0868609125893348,0.108301264431006,0.0153930731170973,0.189298149166209,0.109767271394539,0.490379329301814
269273.411807,2764366.126422,0.0719398054688934,0.184437511469994,0,0.109194347586713,0.0941457148100569,0.540282620664342
269773.411807,2764366.126422,0.0562992847973593,0.262791124151843,0.00110031175499725,0.0110031175499725,0.0430955437373923,0.625710618008436
270273.411807,2764366.126422,0.0868609125893348,0.25893347993403,0.00274876305662452,0.00696353307678211,0.0562580172255818,0.588235294117647
270773.411807,2764366.126422,0.109010827674803,0.210130299137456,0.00110111947146265,0.0864378785098183,0.0592769315470729,0.534042943659387
271273.411807,2764366.126422,0.092792958004768,0.121951219512195,0.1199339812947,0.114249037227214,0.149825783972125,0.401247019988997
271773.411807,2764366.126422,0.115814550119113,0.353857430822796,0.000733003481766538,0.00201575957485798,0.0155763239875389,0.512002932013927
272273.411807,2764366.126422,0.146815929528354,0.216920535878143,0.0196366305744173,0.108276748027161,0.115801064415489,0.392549091576436
272773.411807,2764366.126422,0.160278745644599,0.154777186869613,0.0451127819548872,0.17990097194205,0.0550155877498625,0.404914725838988
273273.411807,2764366.126422,0.166758292101887,0.137254901960784,0,0.0568077698369067,0.0797141286421111,0.55946490745831
273773.411807,2764366.126422,0.191961827858323,0.0835015599192512,0.0372545421178198,0.227748210680859,0.124242980363369,0.335290879060378
274273.411807,2764366.126422,0.0801393728222996,0.0320924261874198,0.00605171465248487,0.588666788923528,0.153310104529617,0.139739592884651
274773.411807,2764366.126422,0.0377496793109767,0.0274876305662452,0.00989554700384827,0.698185816382628,0.15026571376214,0.0764156129741616
262773.411807,2763866.126422,0.0661734484175915,0.342786683107275,0,0.00883682696259762,0.0445951500205508,0.537607891491985
263273.411807,2763866.126422,0.0528440366972477,0.22256880733945,0.164954128440367,0.152293577981651,0.0691743119266055,0.338165137614679
263773.411807,2763866.126422,0.0869565217391304,0.110254999082737,0.00110071546505228,0.204733076499725,0.135388002201431,0.461566685011924
264273.411807,2763866.126422,0.106227106227106,0.216117216117216,0,0.0164835164835165,0.0619047619047619,0.599267399267399
264773.411807,2763866.126422,0.083302752293578,0.132293577981651,0.0337614678899083,0.0412844036697248,0.0926605504587156,0.616697247706422
265273.411807,2763866.126422,0.129517519721152,0.135204549623922,0,0.00935608145294441,0.0708126949183636,0.655109154283618
265773.411807,2763866.126422,0.0525641025641026,0.0523809523809524,0,0.00586080586080586,0.0338827838827839,0.855311355311355
266273.411807,2763866.126422,0.0321100917431193,0.0842201834862385,0.0368807339449541,0.112293577981651,0.0937614678899083,0.640733944954128
266773.411807,2763866.126422,0.107870115575124,0.0403595670519171,0.0403595670519171,0.0152265639332233,0.0709961474958723,0.725188038891946
267273.411807,2763866.126422,0.297252747252747,0.0426739926739927,0.0631868131868132,0.101098901098901,0.0974358974358974,0.398351648351648
267773.411807,2763866.126422,0.156880733944954,0.0269724770642202,0.104954128440367,0.0234862385321101,0.024954128440367,0.662752293577982
268273.411807,2763866.126422,0.119244175380664,0.138139790864062,0,0.0508163639699138,0.0739313887360117,0.617868281049349
268773.411807,2763866.126422,0.162087912087912,0.0752747252747253,0,0.213369963369963,0.165934065934066,0.383333333333333
269273.411807,2763866.126422,0.195963302752294,0.0563302752293578,0.136697247706422,0.246238532110092,0.118532110091743,0.246238532110092
269773.411807,2763866.126422,0.142542652724271,0.240322876536415,0,0.0344890845716382,0.0508163639699138,0.531829022197762
270273.411807,2763866.126422,0.0816849816849817,0.100549450549451,0.0503663003663004,0.0293040293040293,0.0851648351648352,0.652930402930403
270773.411807,2763866.126422,0.114495412844037,0.146605504587156,0.00146788990825688,0.041651376146789,0.102385321100917,0.593394495412844
271273.411807,2763866.126422,0.129517519721152,0.0757659145110989,0,0.0271509814712897,0.0774169877086773,0.690148596587782
271773.411807,2763866.126422,0.175457875457875,0.122527472527473,0,0.0210622710622711,0.125824175824176,0.555128205128205
272273.411807,2763866.126422,0.088256880733945,0.04,0,0.212477064220183,0.121651376146789,0.537614678899083
272773.411807,2763866.126422,0.0581544670702623,0.260319207484865,0,0.388369106585948,0.0381581361218125,0.254999082737112
273273.411807,2763866.126422,0.0681318681318681,0.157142857142857,0.00274725274725275,0.181135531135531,0.0765567765567766,0.514285714285714
273773.411807,2763866.126422,0.0537614678899083,0.0570642201834862,0.00513761467889908,0.692477064220184,0.0913761467889908,0.100183486238532
274273.411807,2763866.126422,0.067327095945698,0.0337552742616034,0.001284168042561,0.722069345074298,0.153549807374794,0.0220143093010457
274773.411807,2763866.126422,0.0223443223443223,0.0315018315018315,0.00787545787545788,0.767948717948718,0.120695970695971,0.0496336996336996
262773.411807,2763366.126422,0.0425663170882171,0.322023442319556,0.0705325930495579,0.0438001233806292,0.0462677359654534,0.474809788196586
263273.411807,2763366.126422,0.0655677655677656,0.161355311355311,0.0241758241758242,0.137362637362637,0.0725274725274725,0.539010989010989
263773.411807,2763366.126422,0.0717948717948718,0.110805860805861,0.0553113553113553,0.166117216117216,0.181868131868132,0.414102564102564
264273.411807,2763366.126422,0.0672900623395673,0.244224422442244,0.000916758342500917,0.0471213788045471,0.055005500550055,0.585441877521085
264773.411807,2763366.126422,0.121611721611722,0.189010989010989,0.0146520146520147,0.0377289377289377,0.0952380952380952,0.541758241758242
265273.411807,2763366.126422,0.0432234432234432,0.194139194139194,0,0.225274725274725,0.0723443223443224,0.465018315018315
265773.411807,2763366.126422,0.0821415474880821,0.272460579391272,0.127796112944628,0.0298863219655299,0.0476714338100477,0.44004400440044
266273.411807,2763366.126422,0.0635531135531135,0.142490842490842,0.000183150183150183,0.229487179487179,0.080952380952381,0.483333333333333
266773.411807,2763366.126422,0.076007326007326,0.0333333333333333,0.00476190476190476,0.00915750915750916,0.0426739926739927,0.834065934065934
267273.411807,2763366.126422,0.134580124679135,0.127796112944628,0.0803080308030803,0.0850751741840851,0.0759075907590759,0.496332966629996
267773.411807,2763366.126422,0.11959706959707,0.0679487179487179,0,0.15018315018315,0.0897435897435897,0.572527472527472
268273.411807,2763366.126422,0.091025641025641,0.0565934065934066,0.00457875457875458,0.0789377289377289,0.146336996336996,0.622527472527473
268773.411807,2763366.126422,0.0953428676200953,0.127062706270627,0.0280528052805281,0.0115511551155116,0.0372203887055372,0.700770077007701
269273.411807,2763366.126422,0.113553113553114,0.115934065934066,0.00366300366300366,0.21959706959707,0.110989010989011,0.436263736263736
269773.411807,2763366.126422,0.246703296703297,0.0463369963369963,0.00146520146520147,0.0750915750915751,0.136263736263736,0.494139194139194
270273.411807,2763366.126422,0.0682068206820682,0.163733039970664,0.0166850018335167,0.052988632196553,0.120828749541621,0.577557755775578
270773.411807,2763366.126422,0.0467032967032967,0.46959706959707,0,0.0221611721611722,0.0382783882783883,0.423260073260073
271273.411807,2763366.126422,0.0833333333333333,0.195787545787546,0.111904761904762,0.1,0.076007326007326,0.432967032967033
271773.411807,2763366.126422,0.123395672900623,0.0401540154015402,0.000183351668500183,0.0927759442610928,0.112211221122112,0.631279794646131
272273.411807,2763366.126422,0.104945054945055,0.0912087912087912,0,0.0393772893772894,0.0758241758241758,0.688644688644689
272773.411807,2763366.126422,0.214285714285714,0.141941391941392,0.00164835164835165,0.12967032967033,0.0706959706959707,0.441758241758242
273273.411807,2763366.126422,0.135680234690136,0.0726072607260726,0.00128346167950128,0.0997433076640997,0.124862486248625,0.565823248991566
273773.411807,2763366.126422,0.093040293040293,0.0606227106227106,0.00128205128205128,0.585164835164835,0.182417582417582,0.0774725274725275
274273.411807,2763366.126422,0.0815018315018315,0.054029304029304,0.00860805860805861,0.708424908424908,0.11959706959707,0.0278388278388278
274773.411807,2763366.126422,0.0572057205720572,0.0869086908690869,0.0126512651265127,0.606710671067107,0.116611661166117,0.11991199119912
262773.411807,2762866.126422,0.0958059210526316,0.392269736842105,0.00143914473684211,0.0984786184210526,0.16796875,0.244037828947368
263273.411807,2762866.126422,0.0860708386859974,0.226830611121307,0,0.0284455863461186,0.0741420444118187,0.584510919434759
263773.411807,2762866.126422,0.0794058316523015,0.265908674124335,0.000550155877498625,0.22794791857693,0.0935264991747662,0.332660920594168
264273.411807,2762866.126422,0.0958402052409749,0.0776983690672531,0.000549752611324904,0.471504489646326,0.143851933296683,0.210555250137438
264773.411807,2762866.126422,0.0899247568361167,0.210680858873188,0.0638649293448339,0.179665993760323,0.100018351991191,0.355845109194348
265273.411807,2762866.126422,0.118100128369705,0.192737942417018,0.0137538969374656,0.0832569227947919,0.129836787089675,0.462314322391344
265773.411807,2762866.126422,0.102986989188199,0.0518599963349826,0,0.0960234561114165,0.117830309693971,0.631299248671431
266273.411807,2762866.126422,0.232703248302441,0.0462470178014315,0.000550559735731327,0.127362818865847,0.125527619746743,0.467608735547807
266773.411807,2762866.126422,0.254355400696864,0.200440124701999,0.0843572345497891,0.0117366587199707,0.0568494406748579,0.392261140656519
267273.411807,2762866.126422,0.0835623969213854,0.175187832142203,0.0808136338647609,0.0736668499175371,0.108118013560564,0.47865127359355
267773.411807,2762866.126422,0.217287575701964,0.0361534226463571,0,0.195448706184621,0.156175445035786,0.394934850431272
268273.411807,2762866.126422,0.113515496057216,0.0810562992847974,0.0931597285897671,0.0110031175499725,0.0284247203374289,0.672840638180818
268773.411807,2762866.126422,0.0940076965365585,0.311343228880337,0.017042330951072,0.0185083379146051,0.043613707165109,0.515484698552318
269273.411807,2762866.126422,0.239126445219306,0.0899247568361167,0.12020554230134,0.0781794824738484,0.101853551110295,0.370710222059093
269773.411807,2762866.126422,0.276545021089309,0.0467632495873831,0.022006235099945,0.111681643132221,0.198239501192004,0.344764349899138
270273.411807,2762866.126422,0.133040131940627,0.0804471321238776,0.00311526479750779,0.307494960601063,0.16364302730438,0.312259483232545
270773.411807,2762866.126422,0.0886401174527436,0.279867865663424,0.0141310332171041,0.011194714626537,0.0423930996513122,0.563773169388879
271273.411807,2762866.126422,0.142490372272144,0.207775536401981,0.220429121584449,0.0144874381074638,0.0317256556024207,0.383091876031542
271773.411807,2762866.126422,0.158512002932014,0.072200842954004,0.000183250870441635,0.117280557082646,0.152831225948323,0.498992120212571
272273.411807,2762866.126422,0.119838502477519,0.0943292347219673,0,0.207010460634979,0.139108093228115,0.43971370893742
272773.411807,2762866.126422,0.179534201357051,0.0592334494773519,0.00110031175499725,0.281863194571795,0.226114065651935,0.25215477718687
273273.411807,2762866.126422,0.174638079530878,0.0304196444933113,0.000183250870441635,0.155946490745831,0.161993769470405,0.476818764889133
273773.411807,2762866.126422,0.135621214901817,0.0431271792989539,0.00367039823820885,0.608552027895027,0.139475133051936,0.0695540466140576
274273.411807,2762866.126422,0.06400146708234,0.0610673024023473,0.00513478818998716,0.691362552723272,0.135338345864662,0.0430955437373923
274773.411807,2762866.126422,0.105919003115265,0.0362836723474437,0.0185083379146051,0.625435220817299,0.12552684625252,0.0883269195528679
262773.411807,2762366.126422,0.0988491574188245,0.294903411426223,0.00698725852856556,0.0117139334155364,0.0649404027949034,0.522605836415947
263273.411807,2762366.126422,0.06,0.139633027522936,0.336330275229358,0.114128440366972,0.0510091743119266,0.298899082568807
263773.411807,2762366.126422,0.0761328196661163,0.230049532195927,0.023115024766098,0.2168409466153,0.148229682627041,0.305631994129518
264273.411807,2762366.126422,0.158424908424908,0.0868131868131868,0.0141025641025641,0.144322344322344,0.0738095238095238,0.522527472527473
264773.411807,2762366.126422,0.0972477064220184,0.10954128440367,0.0273394495412844,0.308990825688073,0.108623853211009,0.348256880733945
265273.411807,2762366.126422,0.0238488350761328,0.36378646119978,0.0728306732709595,0.0629242340854889,0.0601724454228582,0.416437350944781
265773.411807,2762366.126422,0.0970695970695971,0.145054945054945,0.000732600732600733,0.0357142857142857,0.0943223443223443,0.627106227106227
266273.411807,2762366.126422,0.117798165137615,0.154495412844037,0.0018348623853211,0.0644036697247706,0.110091743119266,0.551376146788991
266773.411807,2762366.126422,0.173913043478261,0.0170610897083104,0.00403595670519171,0.0897083104017612,0.0950284351495139,0.620253164556962
267273.411807,2762366.126422,0.1,0.110622710622711,0.091025641025641,0.0882783882783883,0.0706959706959707,0.539377289377289
267773.411807,2762366.126422,0.243302752293578,0.0377981651376147,0.0445871559633028,0.158165137614679,0.108623853211009,0.407522935779817
268273.411807,2762366.126422,0.213355347642634,0.139974316639149,0.0190790680609063,0.00715465052283985,0.0592551825353146,0.561181434599156
268773.411807,2762366.126422,0.217948717948718,0.162637362637363,0.0230769230769231,0.0532967032967033,0.104945054945055,0.438095238095238
269273.411807,2762366.126422,0.31394495412844,0.0244036697247706,0.0288073394495413,0.190825688073395,0.240733944954128,0.201284403669725
269773.411807,2762366.126422,0.377361951935425,0.0478811227297744,0.000183452577508714,0.0601724454228582,0.192808658961658,0.321592368372776
270273.411807,2762366.126422,0.224908424908425,0.0772893772893773,0,0.160805860805861,0.203296703296703,0.333699633699634
270773.411807,2762366.126422,0.0555963302752294,0.48256880733945,0.0407339449541284,0.0445871559633028,0.0640366972477064,0.312477064220184
271273.411807,2762366.126422,0.0812694918363603,0.431847367455513,0,0.0223812144560631,0.0354063474591818,0.429095578792882
271773.411807,2762366.126422,0.0901098901098901,0.0494505494505494,0,0.315384615384615,0.168498168498169,0.376556776556777
272273.411807,2762366.126422,0.174862385321101,0.118899082568807,0.00220183486238532,0.116880733944954,0.138715596330275,0.448440366972477
272773.411807,2762366.126422,0.075032104201064,0.128049899101082,0,0.399926618968997,0.118877270225647,0.27811410750321
273273.411807,2762366.126422,0.0868131868131868,0.101098901098901,0.00274725274725275,0.323809523809524,0.0641025641025641,0.421428571428571
273773.411807,2762366.126422,0.100550458715596,0.0420183486238532,0.0128440366972477,0.689724770642202,0.0825688073394495,0.0722935779816514
274273.411807,2762366.126422,0.0713630526508897,0.0559530361401578,0.00366905155017428,0.741148413135205,0.0952118877270226,0.0326545587965511
274773.411807,2762366.126422,0.0681318681318681,0.0197802197802198,0.00586080586080586,0.756043956043956,0.133882783882784,0.0163003663003663
262773.411807,2761866.126422,0.166563849475632,0.233806292412091,0.000411268764137364,0.0207690725889369,0.0682706148468024,0.5101789019124
263273.411807,2761866.126422,0.0679487179487179,0.289010989010989,0.0395604395604396,0.0536630036630037,0.0434065934065934,0.506410256410256
263773.411807,2761866.126422,0.0796703296703297,0.178571428571429,0.0591575091575092,0.195421245421245,0.102747252747253,0.384432234432234
264273.411807,2761866.126422,0.10964429776311,0.0344701136780345,0,0.371103777044371,0.185918591859186,0.298863219655299
264773.411807,2761866.126422,0.0893772893772894,0.0498168498168498,0.00860805860805861,0.28021978021978,0.144322344322344,0.427655677655678
265273.411807,2761866.126422,0.0313186813186813,0.0732600732600733,0.00586080586080586,0.48021978021978,0.154029304029304,0.255311355311355
265773.411807,2761866.126422,0.0735240190685735,0.164099743307664,0.0469380271360469,0.329482948294829,0.153465346534653,0.232489915658232
266273.411807,2761866.126422,0.0822344322344322,0.103663003663004,0.0256410256410256,0.181684981684982,0.0932234432234432,0.513553113553114
266773.411807,2761866.126422,0.0818681318681319,0.267032967032967,0.00805860805860806,0.107875457875458,0.0725274725274725,0.462637362637363
267273.411807,2761866.126422,0.0944261092775944,0.105977264393106,0.134213421342134,0.0462046204620462,0.0636230289695636,0.555555555555556
267773.411807,2761866.126422,0.238095238095238,0.0532967032967033,0,0.114102564102564,0.11043956043956,0.484065934065934
268273.411807,2761866.126422,0.0532967032967033,0.397252747252747,0.00457875457875458,0.0406593406593407,0.0408424908424908,0.463369963369963
268773.411807,2761866.126422,0.105243857719105,0.224972497249725,0.0044004400440044,0.243674367436744,0.0683901723505684,0.353318665199853
269273.411807,2761866.126422,0.192490842490843,0.0644688644688645,0,0.214102564102564,0.207142857142857,0.321794871794872
269773.411807,2761866.126422,0.333333333333333,0.0113553113553114,0.000549450549450549,0.0728937728937729,0.157142857142857,0.424725274725275
270273.411807,2761866.126422,0.168500183351668,0.028969563623029,0,0.0771910524385772,0.126696002933627,0.598643197653099
270773.411807,2761866.126422,0.080952380952381,0.1,0.00622710622710623,0.338095238095238,0.138278388278388,0.336446886446886
271273.411807,2761866.126422,0.134798534798535,0.0935897435897436,0.0194139194139194,0.426556776556777,0.178571428571429,0.147069597069597
271773.411807,2761866.126422,0.157315731573157,0.0579391272460579,0.00898423175650898,0.495599559955996,0.121745507884122,0.158415841584158
272273.411807,2761866.126422,0.076007326007326,0.0767399267399267,0.0043956043956044,0.602747252747253,0.143772893772894,0.0963369963369963
272773.411807,2761866.126422,0.043956043956044,0.0917582417582418,0.0269230769230769,0.720512820512821,0.0608058608058608,0.056043956043956
273273.411807,2761866.126422,0.0445544554455446,0.0623395672900623,0.00733406674000733,0.789145581224789,0.074990832416575,0.0216354968830216
273773.411807,2761866.126422,0.0472527472527473,0.0684981684981685,0.0148351648351648,0.614652014652015,0.162637362637363,0.0921245421245421
274273.411807,2761866.126422,0.170879120879121,0.0688644688644689,0.00311355311355311,0.405860805860806,0.213003663003663,0.138278388278388
274773.411807,2761866.126422,0.0891089108910891,0.0278694536120279,0.00348368170150348,0.581591492482582,0.135313531353135,0.162632929959663
262773.411807,2761366.126422,0.198601973684211,0.0598273026315789,0.0762746710526316,0.0639391447368421,0.136924342105263,0.464432565789474
263273.411807,2761366.126422,0.0890071572765645,0.273444668746559,0.0587263718113415,0.0332171040557901,0.0616626904019086,0.483942007707836
263773.411807,2761366.126422,0.0515312671923712,0.258573262424354,0.152576563359619,0.0931597285897671,0.0841738492572896,0.3599853291766
264273.411807,2761366.126422,0.0828293934396188,0.059190031152648,0.0881436686824262,0.222100054975261,0.119479567527946,0.4282572842221
264773.411807,2761366.126422,0.154340245916682,0.180400073407965,0,0.0831345200954303,0.0671682877592219,0.514956872820701
265273.411807,2761366.126422,0.0427287731523932,0.401247019988997,0,0.0122868145974693,0.0121034293049697,0.531633962956171
265773.411807,2761366.126422,0.0641378046545721,0.30273043796958,0.101704233095107,0.0991387209089243,0.0758658603628367,0.356422943008979
266273.411807,2761366.126422,0.197283905303725,0.060561570930446,0.0504679757753716,0.366122224261332,0.0915764360433107,0.233987887685814
266773.411807,2761366.126422,0.0473134054648817,0.0900421786172749,0.00696864111498258,0.418118466898955,0.171098477902072,0.266458830001834
267273.411807,2761366.126422,0.0883269195528679,0.0558915154846986,0.00659703133589885,0.225032068902327,0.100421477002016,0.523730987722192
267773.411807,2761366.126422,0.127179298953937,0.0508350155991925,0,0.32776656267205,0.196182785832263,0.298036336942558
268273.411807,2761366.126422,0.0612506876948469,0.200073354117,0,0.366587199706584,0.136988813497158,0.235099944984412
268773.411807,2761366.126422,0.16144401685908,0.0483782297965915,0,0.468205973978376,0.143118929814917,0.178852849551035
269273.411807,2761366.126422,0.241695723986052,0.0374380620297302,0.00367039823820885,0.248485960726739,0.217838135437695,0.250871719581575
269773.411807,2761366.126422,0.0894920227397763,0.0339262791124152,0.004401247019989,0.12415184302219,0.210709701081973,0.537318907023657
270273.411807,2761366.126422,0.195345427890782,0.05717427157779,0.0185083379146051,0.173355323437786,0.119662818398387,0.435953820780649
270773.411807,2761366.126422,0.0636814094329235,0.0374380620297302,0.0218388695173426,0.702147182969352,0.134520095430354,0.0403743806202973
271273.411807,2761366.126422,0.0612506876948469,0.0218228498074454,0.00935264991747662,0.756464331560609,0.0986612873647534,0.0524481936548689
271773.411807,2761366.126422,0.0379329301814184,0.0439802089059923,0.00128275609309144,0.735202492211838,0.126076598863845,0.0555250137438153
272273.411807,2761366.126422,0.0453294182418792,0.0367039823820885,0.0260598274912828,0.812259130115618,0.0587263718113415,0.0209212699577904
272773.411807,2761366.126422,0.0975609756097561,0.0148542086924629,0.00476801760498808,0.69209609389327,0.0865578580597836,0.10416284613974
273273.411807,2761366.126422,0.0406816932380429,0.0582737768004398,0.009529045262965,0.741799523547737,0.0875939160711013,0.0621220450797141
273773.411807,2761366.126422,0.135437694989906,0.0264268673151037,0.000367039823820885,0.461919618278583,0.197283905303725,0.17856487428886
274273.411807,2761366.126422,0.176416651384559,0.0601503759398496,0.00146708233999633,0.406198422886485,0.125985695947185,0.229781771501926
274773.411807,2761366.126422,0.107385010078798,0.0701850833791461,0.000183250870441635,0.431189298149166,0.176287337364852,0.214770020157596
262773.411807,2760866.126422,0.0782983970406905,0.197081792026305,0,0.0871352240032881,0.132346896835183,0.505137690094533
263273.411807,2760866.126422,0.0697247706422018,0.385504587155963,0.0759633027522936,0.00513761467889908,0.0264220183486239,0.437247706422018
263773.411807,2760866.126422,0.0676940011007155,0.475509080902587,0.0541185103650706,0.00807191341038342,0.0420106402494955,0.352595853971748
264273.411807,2760866.126422,0.084981684981685,0.152014652014652,0.11007326007326,0.260805860805861,0.106959706959707,0.285164835164835
264773.411807,2760866.126422,0.044954128440367,0.152110091743119,0.0110091743119266,0.560733944954128,0.0987155963302752,0.132477064220183
265273.411807,2760866.126422,0.080168776371308,0.253348009539534,0.00385250412768299,0.167492203265456,0.103467253714915,0.391671252981104
265773.411807,2760866.126422,0.0948717948717949,0.0888278388278388,0.0402930402930403,0.376190476190476,0.113919413919414,0.285897435897436
266273.411807,2760866.126422,0.06,0.0445871559633028,0.00055045871559633,0.493394495412844,0.141467889908257,0.26
266773.411807,2760866.126422,0.263437901302513,0.0403595670519171,0.00770500825536599,0.318290221977619,0.223812144560631,0.146395156851954
267273.411807,2760866.126422,0.0756410256410256,0.0223443223443223,0.000183150183150183,0.422893772893773,0.155494505494505,0.323443223443223
267773.411807,2760866.126422,0.201651376146789,0.0174311926605505,0,0.215045871559633,0.198348623853211,0.367522935779817
268273.411807,2760866.126422,0.0996147495872317,0.0620069711979453,0.000550357732526142,0.232801320858558,0.160887910475142,0.444138690148597
268773.411807,2760866.126422,0.441575091575092,0.01996336996337,0,0.156043956043956,0.121428571428571,0.260989010989011
269273.411807,2760866.126422,0.209174311926606,0.101100917431193,0.0488073394495413,0.155412844036697,0.142385321100917,0.343119266055046
269773.411807,2760866.126422,0.121812511465786,0.0873234268941479,0.00348559897266557,0.438635112823335,0.172078517703174,0.176664832140892
270273.411807,2760866.126422,0.0842490842490843,0.0771062271062271,0.00769230769230769,0.42014652014652,0.127289377289377,0.283516483516484
270773.411807,2760866.126422,0.0711926605504587,0.0238532110091743,0.00678899082568807,0.752293577981651,0.0968807339449541,0.0489908256880734
271273.411807,2760866.126422,0.0240322876536415,0.00825536598789213,0.00110071546505228,0.894147862777472,0.0651256650155935,0.00733810310034856
271773.411807,2760866.126422,0.0327838827838828,0.0126373626373626,0,0.82032967032967,0.0992673992673993,0.034981684981685
272273.411807,2760866.126422,0.02,0.0293577981651376,0.00146788990825688,0.854678899082569,0.0768807339449541,0.0176146788990826
272773.411807,2760866.126422,0.00825536598789213,0.00862227114290956,0,0.916162172078518,0.0539350577875619,0.0130251330031187
273273.411807,2760866.126422,0.0397435897435897,0.0338827838827839,0.00659340659340659,0.762637362637363,0.125091575091575,0.032051282051282
273773.411807,2760866.126422,0.0299082568807339,0.0256880733944954,0.00036697247706422,0.816880733944954,0.0757798165137615,0.0513761467889908
274273.411807,2760866.126422,0.080168776371308,0.0254999082737112,0.000183452577508714,0.783525958539718,0.0726472206934507,0.0379746835443038
274773.411807,2760866.126422,0.216117216117216,0.0362637362637363,0.00970695970695971,0.425824175824176,0.181684981684982,0.13040293040293
262773.411807,2760366.126422,0.0643635615874974,0.441085749537323,0.0567550894509562,0.000616903146206046,0.0191239975323874,0.41805469874563
263273.411807,2760366.126422,0.0747252747252747,0.395970695970696,0.036996336996337,0.0913919413919414,0.0712454212454212,0.32967032967033
263773.411807,2760366.126422,0.0919413919413919,0.216483516483516,0.0494505494505494,0.23021978021978,0.0950549450549451,0.316849816849817
264273.411807,2760366.126422,0.0997433076640997,0.194169416941694,0.000183351668500183,0.184085075174184,0.107994132746608,0.413824715804914
264773.411807,2760366.126422,0.122893772893773,0.0934065934065934,0.063003663003663,0.151098901098901,0.0924908424908425,0.477106227106227
265273.411807,2760366.126422,0.198534798534799,0.0549450549450549,0,0.12967032967033,0.156593406593407,0.46025641025641
265773.411807,2760366.126422,0.187202053538687,0.107810781078108,0.000183351668500183,0.297029702970297,0.0766409974330766,0.331133113311331
266273.411807,2760366.126422,0.0315018315018315,0.0868131868131868,0,0.507509157509157,0.104395604395604,0.26978021978022
266773.411807,2760366.126422,0.0820512820512821,0.0860805860805861,0.000549450549450549,0.474358974358974,0.113553113553114,0.243406593406593
267273.411807,2760366.126422,0.107994132746608,0.174000733406674,0,0.363953061972864,0.103410341034103,0.250641730839751
267773.411807,2760366.126422,0.233882783882784,0.0243589743589744,0.000915750915750916,0.189010989010989,0.221245421245421,0.330586080586081
268273.411807,2760366.126422,0.249267399267399,0.0412087912087912,0.0265567765567766,0.0465201465201465,0.105677655677656,0.530769230769231
268773.411807,2760366.126422,0.2999633296663,0.0264026402640264,0.0117345067840117,0.135496883021635,0.123762376237624,0.402640264026403
269273.411807,2760366.126422,0.22032967032967,0.154029304029304,0.0558608058608059,0.0489010989010989,0.0778388278388278,0.443040293040293
269773.411807,2760366.126422,0.106593406593407,0.11025641025641,0.0188644688644689,0.152930402930403,0.131684981684982,0.47967032967033
270273.411807,2760366.126422,0.0832416574990832,0.123028969563623,0.0705903923725706,0.233590025669234,0.0957095709570957,0.393839383938394
270773.411807,2760366.126422,0.113003663003663,0.0441391941391941,0.00201465201465201,0.617765567765568,0.112271062271062,0.110805860805861
271273.411807,2760366.126422,0.0443223443223443,0.0382783882783883,0.000183150183150183,0.741025641025641,0.134249084249084,0.0419413919413919
271773.411807,2760366.126422,0.0715071507150715,0.037037037037037,0.00568390172350568,0.483314998166483,0.156215621562156,0.246241290795746
272273.411807,2760366.126422,0.0941391941391941,0.0373626373626374,0.00457875457875458,0.653113553113553,0.152930402930403,0.0578754578754579
272773.411807,2760366.126422,0.0236263736263736,0.0203296703296703,0.000915750915750916,0.85,0.0871794871794872,0.0179487179487179
273273.411807,2760366.126422,0.0564723138980565,0.0381371470480381,0.00256692335900257,0.725339200586725,0.134030069673634,0.0434543454345435
273773.411807,2760366.126422,0.0769230769230769,0.0135531135531136,0.00146520146520147,0.758424908424908,0.0981684981684982,0.0514652014652015
274273.411807,2760366.126422,0.0895604395604396,0.0241758241758242,0.000549450549450549,0.472161172161172,0.107509157509158,0.306043956043956
274773.411807,2760366.126422,0.125962596259626,0.09002566923359,0.000183351668500183,0.20993766043271,0.11019435276861,0.463696369636964
262773.411807,2759866.126422,0.124794407894737,0.325041118421053,0.0409128289473684,0.0370065789473684,0.0746299342105263,0.397615131578947
263273.411807,2759866.126422,0.115434024591668,0.247017801431455,0.0240411084602679,0.14920168838319,0.0959809139291613,0.368324463204258
263773.411807,2759866.126422,0.0770218228498075,0.163579680909591,0.0861910874747845,0.120484137172199,0.110214560792224,0.442508710801394
264273.411807,2759866.126422,0.182151365218985,0.166575041231446,0.0885101704233095,0.0454462158695254,0.0579072750595565,0.459409932197178
264773.411807,2759866.126422,0.0963479537529822,0.144797210497339,0.0233070288126262,0.201688383189576,0.129748577720683,0.404110846026794
265273.411807,2759866.126422,0.149092242802127,0.162846139739593,0,0.286814597469283,0.160828901522098,0.240418118466899
265773.411807,2759866.126422,0.0309693971046362,0.559281656587869,0.10317024005864,0.0148433205057724,0.0650540590067803,0.226681326736302
266273.411807,2759866.126422,0.113048265736832,0.245182602312351,0,0.060561570930446,0.0992842723435493,0.481923288676821
266773.411807,2759866.126422,0.10012836970475,0.192737942417018,0.0192554557124519,0.381624793691546,0.0982945167797543,0.20795892169448
267273.411807,2759866.126422,0.0734835990470955,0.215136521898479,0.00274876305662452,0.0888766721641928,0.0844786512735936,0.535275792560015
267773.411807,2759866.126422,0.152505046797578,0.0724903652046247,0.0499174160396403,0.106074509084236,0.166636080014682,0.45237658285924
268273.411807,2759866.126422,0.306253438474234,0.0207225380524482,0.0762882816798093,0.0159545204474601,0.102328993214744,0.478452228131304
268773.411807,2759866.126422,0.219351291918637,0.0582737768004398,0.0824628916987356,0.110317024005864,0.166941542972329,0.362653472603995
269273.411807,2759866.126422,0.129381537896862,0.159478803450174,0.0179849513672233,0.0908423563956689,0.0787300422095797,0.523582308680492
269773.411807,2759866.126422,0.136255272327159,0.207225380524482,0.0254905556574363,0.140839904639648,0.104346231432239,0.385842655419035
270273.411807,2759866.126422,0.140370166758292,0.0536925050393989,0,0.359721458676929,0.167491295583654,0.278724573941726
270773.411807,2759866.126422,0.166819599926592,0.0524866948063865,0.00623967700495504,0.521930629473298,0.151587447238025,0.100935951550743
271273.411807,2759866.126422,0.0385109114249037,0.0513478818998716,0.00128369704749679,0.740693196405648,0.0876581698147808,0.0805061434072987
271773.411807,2759866.126422,0.0621220450797141,0.05717427157779,0.00329851566794942,0.661352391423859,0.122411581455012,0.0936411947956753
