"x","y","forest","agri","water","built","other","grass"
185773.411807,2488866.126422,0.0577449370552819,0.26655719759168,0.113300492610837,0.541324575807334,0.00738916256157635,0.0136836343732895
186273.411807,2488866.126422,0.0916149068322981,0.242041925465838,0.030667701863354,0.590062111801242,0.0128105590062112,0.0328027950310559
186773.411807,2488866.126422,0.0502327385570209,0.256012412723041,0.0595422808378588,0.404383242823894,0.082622187742436,0.147207137315749
187273.411807,2488866.126422,0.0413030831878999,0.431646305991856,0.0242388985844483,0.178980027147566,0.0527438433197596,0.27108784176847
187773.411807,2488866.126422,0.0683229813664596,0.111218944099379,0.0578416149068323,0.267274844720497,0.160908385093168,0.334433229813665
188273.411807,2488866.126422,0.119084561675718,0.0735065942591156,0.124321179208689,0.362490302560124,0.0994957331264546,0.221101629169899
188773.411807,2488866.126422,0.135156098506884,0.057203800659298,0.0965677719604421,0.455691293387628,0.0957921272057398,0.159588908280008
189273.411807,2488866.126422,0.0372670807453416,0.0720108695652174,0.0795807453416149,0.541731366459627,0.118594720496894,0.150815217391304
189773.411807,2488866.126422,0.0164856477889837,0.052366175329713,0.211210240496509,0.551978277734678,0.107641582622188,0.0603180760279286
190273.411807,2488866.126422,0.00620515803761877,0.15551677331782,0.240255962769052,0.319371727748691,0.171999224355245,0.106651153771573
190773.411807,2488866.126422,0.0409549689440994,0.117624223602484,0.0213509316770186,0.16207298136646,0.0914208074534161,0.566576086956522
191273.411807,2488866.126422,0.0380139643134213,0.354150504266874,0.00407292474786656,0.0628394103956555,0.0395655546935609,0.501357641582622
191773.411807,2488866.126422,0.0414969943765755,0.31723870467326,0,0.0767888307155323,0.0614698468101609,0.503005623424472
192273.411807,2488866.126422,0.0830745341614907,0.0885093167701863,0.105395962732919,0.363936335403727,0.135093167701863,0.223990683229814
192773.411807,2488866.126422,0.0688518231186967,0.204615981380915,0.0610938712179984,0.257951900698216,0.122575640031032,0.284910783553142
193273.411807,2488866.126422,0.0211363195656389,0.431646305991856,0.00698080279232112,0.168896645336436,0.057203800659298,0.31413612565445
193773.411807,2488866.126422,0.0669642857142857,0.589673913043478,0,0.0131987577639752,0.015916149068323,0.314246894409938
194273.411807,2488866.126422,0.0589604344453064,0.702870442203258,0,0.0232738557020946,0.0184251357641583,0.196470131885182
194773.411807,2488866.126422,0.0715532286212914,0.36687996897421,0.148342059336824,0.276905177428738,0.0259840992825286,0.110335466356409
195273.411807,2488866.126422,0.122864906832298,0.498447204968944,0.00368788819875776,0.0281444099378882,0.0349378881987578,0.311917701863354
195773.411807,2488866.126422,0.0521722265321955,0.7377812257564,0,0.063033359193173,0.0209464701318852,0.126066718386346
196273.411807,2488866.126422,0.0457630405274384,0.361062633313942,0.0042660461508629,0.0455691293387628,0.0438239286406826,0.499515222028311
196773.411807,2488866.126422,0.0298913043478261,0.647127329192547,0.00795807453416149,0.0256211180124224,0.0176630434782609,0.271739130434783
197273.411807,2488866.126422,0.0521722265321955,0.322148952676493,0.00271528316524438,0.118502715283165,0.105314197051978,0.399146625290923
197773.411807,2488866.126422,0.0926895481869304,0.202443280977312,0.00174520069808028,0.0238510762070972,0.0715532286212914,0.607717665309288
198273.411807,2488866.126422,0.0623543123543124,0.148795648795649,0,0.0903263403263403,0.0945998445998446,0.603923853923854
186273.411807,2488366.126422,0.0328019058090526,0.103536741799524,0.0335349092908191,0.726223199560198,0.059190031152648,0.0447132123877588
186773.411807,2488366.126422,0.0405579005322077,0.0866213984217288,0.0633143696091026,0.609653147366489,0.101486511286475,0.0983666727839971
187273.411807,2488366.126422,0.0350265908674124,0.150559325142124,0.0324591967724189,0.352649917476618,0.11186502842472,0.317439941316706
187773.411807,2488366.126422,0.0692688290269379,0.119479567527946,0.181418361737218,0.294300897929265,0.0868609125893348,0.248671431189298
188273.411807,2488366.126422,0.135988254725638,0.0855202789502661,0.0515690952468343,0.409432923472197,0.101670031198385,0.21581941640668
188773.411807,2488366.126422,0.0251237850724372,0.0201723821749496,0.294150009169265,0.584815697781038,0.0566660553823583,0.0190720704199523
189273.411807,2488366.126422,0.0414146967198094,0.101154480483782,0.206523730987722,0.44511636430273,0.0943741982774418,0.111416529228514
189773.411807,2488366.126422,0.0227564690768948,0.0359699027344467,0.233987887685814,0.53110662506882,0.109377867498624,0.066801247935401
190273.411807,2488366.126422,0,0.0412616908123968,0.412433522831469,0.472767284063818,0.0179717586649551,0.0555657436273611
190773.411807,2488366.126422,0.0174088326919553,0.195711929631666,0.148433205057724,0.0951072017592084,0.0663368150998717,0.477002015759575
191273.411807,2488366.126422,0.0706551660855203,0.330886401174527,0.0537713341897596,0.00880895577170123,0.030280785465223,0.505597357313268
191773.411807,2488366.126422,0.0364936732074088,0.224830368604438,0.178984045479553,0.0432789290298918,0.0537318907023657,0.462681092976343
192273.411807,2488366.126422,0.0491112332783581,0.176470588235294,0.11654755360088,0.294300897929265,0.10536925050394,0.258200476452263
192773.411807,2488366.126422,0.132501376399339,0.110295467058176,0.0278950266103872,0.246834281519545,0.119838502477519,0.362635345935034
193273.411807,2488366.126422,0.0366770584999083,0.296900788556758,0.0247570144874381,0.220795892169448,0.0944434256372639,0.326425820649184
193773.411807,2488366.126422,0.0866776617188932,0.582004764522632,0,0.0901594282572842,0.0428807036833425,0.198277441817849
194273.411807,2488366.126422,0.0565241328684162,0.384107175628556,0.00513855753349238,0.362084786199303,0.0846026793907139,0.107542668379519
194773.411807,2488366.126422,0.0476801760498808,0.337795708784155,0.0520814230698698,0.215477718686961,0.052814964239868,0.294150009169265
195273.411807,2488366.126422,0.0249221183800623,0.257284222100055,0.30602895363753,0.123511086677662,0.0371999266996518,0.251053692505039
195773.411807,2488366.126422,0.0640484492567444,0.54780693705267,0.0155991925123876,0.0412919801798495,0.0334006239677005,0.297852817030648
196273.411807,2488366.126422,0.0097194205024757,0.762699431505593,0.00476801760498808,0.0205391527599487,0.0427287731523932,0.159545204474601
196773.411807,2488366.126422,0.0623052959501558,0.600513102437237,0,0.0278541323071285,0.0271211288253619,0.282206340480117
197273.411807,2488366.126422,0.0155991925123876,0.559552211414938,0.00403743806202973,0.0161497522481189,0.0346852633510736,0.369976142411452
197773.411807,2488366.126422,0.0786722904823033,0.240601503759398,0,0.111681643132221,0.0893086374472767,0.479735925178801
198273.411807,2488366.126422,0.0552090975788701,0.354915627292737,0.00128393250183419,0.0531914893617021,0.0678650036683786,0.467534849596478
187273.411807,2487866.126422,0.0493487433498441,0.075032104201064,0.0234819299211154,0.612364703724087,0.10695285268758,0.132819666116309
187773.411807,2487866.126422,0.067032967032967,0.0549450549450549,0.0454212454212454,0.567765567765568,0.112820512820513,0.152014652014652
188273.411807,2487866.126422,0.0811009174311927,0.0728440366972477,0.0728440366972477,0.471192660550459,0.101467889908257,0.200550458715596
188773.411807,2487866.126422,0.0260502660062374,0.0410933773619519,0.242340854889011,0.545221060355898,0.115758576407999,0.029535864978903
189273.411807,2487866.126422,0.0111721611721612,0.130769230769231,0.156410256410256,0.437362637362637,0.134432234432234,0.12985347985348
189773.411807,2487866.126422,0.0154128440366972,0.0222018348623853,0.411009174311927,0.37045871559633,0.0917431192660551,0.0891743119266055
190273.411807,2487866.126422,0,0,0.292239955971381,0.706292423408549,0.00146762062006971,0
190773.411807,2487866.126422,0.00274725274725275,0.176190476190476,0.286080586080586,0.191575091575092,0.191025641025641,0.152380952380952
191273.411807,2487866.126422,0.0761467889908257,0.189908256880734,0.0957798165137615,0.117064220183486,0.0344954128440367,0.486605504587156
191773.411807,2487866.126422,0.0695285268758026,0.156668501192442,0.430930104567969,0.0418271876719868,0.0443955237571088,0.256650155934691
192273.411807,2487866.126422,0.100732600732601,0.100915750915751,0.267582417582418,0.214652014652015,0.136263736263736,0.17985347985348
192773.411807,2487866.126422,0.125871559633028,0.208256880733945,0.0148623853211009,0.114495412844037,0.124587155963303,0.411926605504587
193273.411807,2487866.126422,0.0849385433865346,0.572555494404696,0,0.00330214639515685,0.0124747752705926,0.32672904054302
193773.411807,2487866.126422,0.0626373626373626,0.427106227106227,0,0.0336996336996337,0.0282051282051282,0.448351648351648
194273.411807,2487866.126422,0.0622018348623853,0.0581651376146789,0.0143119266055046,0.469174311926606,0.126788990825688,0.269357798165138
194773.411807,2487866.126422,0.0697119794533113,0.0449458814896349,0.0708126949183636,0.445789763346175,0.148963492937076,0.219776187855439
195273.411807,2487866.126422,0.030952380952381,0.102380952380952,0.108241758241758,0.431135531135531,0.0652014652014652,0.262087912087912
195773.411807,2487866.126422,0.098348623853211,0.0829357798165138,0.00146788990825688,0.37045871559633,0.118715596330275,0.328073394495413
196273.411807,2487866.126422,0.0913593835993396,0.493303980920932,0.000550357732526142,0.0616400660429279,0.0405430196294258,0.312603192074849
196773.411807,2487866.126422,0.0335164835164835,0.56043956043956,0.000183150183150183,0.0767399267399267,0.0745421245421245,0.254578754578755
197273.411807,2487866.126422,0.0653211009174312,0.275779816513761,0.00036697247706422,0.217614678899083,0.105871559633028,0.335045871559633
197773.411807,2487866.126422,0.0587048248027885,0.490185287103284,0.000366905155017428,0.108787378462667,0.0777838928636947,0.264171711612548
198273.411807,2487866.126422,0.0648945921173236,0.28359303391384,0,0.0692942254812099,0.0480293308890926,0.534188817598533
187773.411807,2487366.126422,0.0793912724605794,0.0559222588925559,0.0144847818115145,0.585258525852585,0.135496883021635,0.129446277961129
188273.411807,2487366.126422,0.0505494505494506,0.0421245421245421,0.0820512820512821,0.576739926739927,0.0653846153846154,0.183150183150183
188773.411807,2487366.126422,0.14047619047619,0.0631868131868132,0.123443223443223,0.449267399267399,0.043956043956044,0.17967032967033
189273.411807,2487366.126422,0.156582324899157,0.0429042904290429,0.194719471947195,0.318848551521819,0.0797579757975798,0.207187385405207
189773.411807,2487366.126422,0.171428571428571,0.0576923076923077,0.165201465201465,0.324542124542125,0.100732600732601,0.18040293040293
190273.411807,2487366.126422,0.00274725274725275,0.00824175824175824,0.250915750915751,0.669413919413919,0.00421245421245421,0.0644688644688645
190773.411807,2487366.126422,0,0.231573157315732,0.487165383204987,0.215438210487715,0.0495049504950495,0.0163182984965163
191273.411807,2487366.126422,0.0223443223443223,0.223260073260073,0.367032967032967,0.0875457875457875,0.0653846153846154,0.234432234432234
191773.411807,2487366.126422,0.00549450549450549,0.186263736263736,0.608058608058608,0.0267399267399267,0.0789377289377289,0.0945054945054945
192273.411807,2487366.126422,0.144664466446645,0.102310231023102,0.110927759442611,0.161349468280161,0.114778144481115,0.365969930326366
192773.411807,2487366.126422,0.23992673992674,0.122344322344322,0.00347985347985348,0.181318681318681,0.117582417582418,0.335347985347985
193273.411807,2487366.126422,0.0228937728937729,0.676007326007326,0.0128205128205128,0.0120879120879121,0.0272893772893773,0.248901098901099
193773.411807,2487366.126422,0.0390539053905391,0.312431243124312,0.0100843417675101,0.125045837917125,0.0909424275760909,0.422442244224422
194273.411807,2487366.126422,0.0245421245421245,0.132051282051282,0.00622710622710623,0.458974358974359,0.120695970695971,0.257509157509157
194773.411807,2487366.126422,0.0344322344322344,0.0461538461538462,0.418498168498169,0.166849816849817,0.0547619047619048,0.279304029304029
195273.411807,2487366.126422,0.0645397873120645,0.0907590759075908,0.0909424275760909,0.278877887788779,0.0848918225155849,0.38998899889989
195773.411807,2487366.126422,0.104212454212454,0.124175824175824,0.0294871794871795,0.388278388278388,0.0701465201465201,0.283699633699634
196273.411807,2487366.126422,0.105860805860806,0.468681318681319,0,0.00970695970695971,0.0353479853479853,0.38040293040293
196773.411807,2487366.126422,0.0605060506050605,0.534286762009534,0.00128346167950128,0.0135680234690136,0.0322698936560323,0.358085808580858
197273.411807,2487366.126422,0.0578754578754579,0.105494505494505,0.0188644688644689,0.301282051282051,0.1503663003663,0.366117216117216
197773.411807,2487366.126422,0.0373626373626374,0.430952380952381,0.000183150183150183,0.0787545787545788,0.056959706959707,0.395787545787546
198273.411807,2487366.126422,0.0838532110091743,0.172477064220183,0,0.000917431192660551,0.00825688073394495,0.734495412844037
188773.411807,2486866.126422,0.022006235099945,0.153493489822116,0.196222262974509,0.369704749679076,0.0597836053548505,0.198789657069503
189273.411807,2486866.126422,0.0535092541689573,0.055158512002932,0.0632215503023639,0.429906542056075,0.142202675462708,0.256001466006964
189773.411807,2486866.126422,0.0150486327766563,0.0770783630023858,0.489264085153239,0.241879243897963,0.0578087722517893,0.118920902917967
190273.411807,2486866.126422,0,0,0.89602053915276,0.10397946084724,0,0
190773.411807,2486866.126422,0,0,0.852666300164926,0.147333699835074,0,0
191273.411807,2486866.126422,0.00330335841438796,0.0890071572765645,0.320242246283722,0.441915947880345,0.0445953385942375,0.100935951550743
191773.411807,2486866.126422,0,0.109114249037227,0.666972308820833,0.0995782138272511,0.0986612873647534,0.0256739409499358
192273.411807,2486866.126422,0.0582737768004398,0.0637713029136888,0.0555250137438153,0.487447315374748,0.170056807769837,0.164925783397471
192773.411807,2486866.126422,0.0638649293448339,0.0442282987704166,0.00385391815011929,0.538447421545238,0.171040557900532,0.17856487428886
193273.411807,2486866.126422,0.141390060517147,0.0364936732074088,0.0357601320374106,0.35595085274161,0.143223913442142,0.287181368054282
193773.411807,2486866.126422,0.0203408466190214,0.188198643943559,0.16254352208173,0.212204507971413,0.100971229613341,0.315741249770936
194273.411807,2486866.126422,0.0438612589465957,0.252706918700679,0.0622132501376399,0.14112681225913,0.112681225913012,0.387410534042944
194773.411807,2486866.126422,0.0100861910874748,0.141390060517147,0.265725288831836,0.434072987346415,0.0861910874747845,0.0625343847423437
195273.411807,2486866.126422,0.0650540590067803,0.15136521898479,0.0302363936228697,0.449880886934213,0.115081546637347,0.188381894814
195773.411807,2486866.126422,0.0625802899614608,0.497706001101119,0,0.0146815929528354,0.0376215819416407,0.387410534042944
196273.411807,2486866.126422,0.0368604437924078,0.450027507793875,0.00458463231248854,0.0370438290849074,0.033192737942417,0.438290849073904
196773.411807,2486866.126422,0.0185083379146051,0.640278541323071,0,0.00971229613340663,0.00641378046545721,0.32508704416346
197273.411807,2486866.126422,0.0141310332171041,0.420444118186823,0,0.0255092677555515,0.05395485410167,0.485960726738851
197773.411807,2486866.126422,0.0258573262424354,0.347515129286631,0,0,0.00366770584999083,0.622959838620943
198273.411807,2486866.126422,0.00953778429933969,0.082538517975055,0,0.0110051357300073,0.0328319882611886,0.864086573734409
189773.411807,2486366.126422,0.0055045871559633,0.0394495412844037,0.323853211009174,0.561100917431193,0.0381651376146789,0.0319266055045872
191273.411807,2486366.126422,0,0,0.00458715596330275,0.995412844036697,0,0
191773.411807,2486366.126422,0.002568336085122,0.111539167125298,0.0207301412584847,0.77453678224179,0.0629242340854889,0.0277013392038158
192273.411807,2486366.126422,0.0485347985347985,0.0567765567765568,0.0857142857142857,0.607509157509157,0.124358974358974,0.0771062271062271
192773.411807,2486366.126422,0.078348623853211,0.0537614678899083,0.0455045871559633,0.539633027522936,0.131009174311927,0.151743119266055
193273.411807,2486366.126422,0.0506329113924051,0.0665932856356632,0.134470739313887,0.228031553843331,0.0823702073014126,0.4379013025133
193773.411807,2486366.126422,0.0153846153846154,0.0554945054945055,0.342307692307692,0.368498168498169,0.0474358974358974,0.170879120879121
194273.411807,2486366.126422,0.0251376146788991,0.0636697247706422,0.437247706422018,0.347706422018349,0.0561467889908257,0.0700917431192661
194773.411807,2486366.126422,0.0267840763162722,0.0522839845899835,0.0152265639332233,0.445606310768666,0.269491836360301,0.190607228031554
195273.411807,2486366.126422,0.0391941391941392,0.185897435897436,0.00256410256410256,0.235531135531136,0.153113553113553,0.383699633699634
195773.411807,2486366.126422,0,0.662018348623853,0,0,0,0.337981651376147
196273.411807,2486366.126422,0.00201797835259585,0.808475509080903,0.000183452577508714,0.0137589433131535,0.014125848468171,0.161438268207668
196773.411807,2486366.126422,0.00494505494505494,0.615384615384615,0,0.000549450549450549,0.00512820512820513,0.373992673992674
197273.411807,2486366.126422,0.018348623853211,0.387339449541284,0,0.0271559633027523,0.0926605504587156,0.474495412844037
197773.411807,2486366.126422,0.00935608145294441,0.197945331131902,0,0.00091726288754357,0.0111906072280316,0.780590717299578
198273.411807,2486366.126422,0.00953253895508708,0.277543538038497,0,0.00073327222731439,0.0144821264894592,0.697708524289643
191773.411807,2485866.126422,0.0166666666666667,0.0179487179487179,0,0.891025641025641,0.0302197802197802,0.0441391941391941
192273.411807,2485866.126422,0.00513384671800513,0.109094242757609,0.106527319398607,0.71030436376971,0.0291529152915292,0.0397873120645398
192773.411807,2485866.126422,0.0146520146520147,0.0351648351648352,0.663553113553114,0.203479853479853,0.0456043956043956,0.0375457875457875
193273.411807,2485866.126422,0.0186813186813187,0.0311355311355311,0.51043956043956,0.258791208791209,0.0789377289377289,0.102014652014652
193773.411807,2485866.126422,0.0722405573890722,0.0372203887055372,0.188485515218188,0.505683901723506,0.134213421342134,0.0621562156215622
194273.411807,2485866.126422,0.0186813186813187,0.023992673992674,0.151465201465201,0.719230769230769,0.0573260073260073,0.0293040293040293
194773.411807,2485866.126422,0.0644688644688645,0.0877289377289377,0.0265567765567766,0.471428571428571,0.163003663003663,0.186813186813187
195273.411807,2485866.126422,0.0515218188485515,0.167033370003667,0.0764576457645765,0.204253758709204,0.123579024569124,0.377154382104877
195773.411807,2485866.126422,0.0615384615384615,0.606043956043956,0.0697802197802198,0.0551282051282051,0.0346153846153846,0.172893772893773
196273.411807,2485866.126422,0.0120879120879121,0.554029304029304,0,0.0201465201465201,0.0446886446886447,0.369047619047619
196773.411807,2485866.126422,0.0166850018335167,0.408690869086909,0,0.0011001100110011,0.0232856618995233,0.55023835716905
197273.411807,2485866.126422,0.0155677655677656,0.410622710622711,0.00146520146520147,0.0404761904761905,0.0532967032967033,0.478571428571429
197773.411807,2485866.126422,0.00238095238095238,0.426923076923077,0,0.000732600732600733,0.00402930402930403,0.565934065934066
198273.411807,2485866.126422,0.00990825688073394,0.608623853211009,0,0.00055045871559633,0.0121100917431193,0.368807339449541
192273.411807,2485366.126422,0.0164925783397471,0.0122778083195895,0.0654205607476635,0.867143118929815,0.0278541323071285,0.0108118013560564
192773.411807,2485366.126422,0.0139475133051936,0.0356028629106258,0.163149201688383,0.757203156542485,0.025325747843641,0.0047715177096715
193273.411807,2485366.126422,0.00696864111498258,0.00183385292499542,0.254722171281863,0.701632129103246,0.0319090408949202,0.00293416467999266
193773.411807,2485366.126422,0.0368334249587686,0.00934579439252336,0.137254901960784,0.621403701667583,0.118563313175738,0.0765988638446033
194273.411807,2485366.126422,0.038172141677372,0.0482657368324463,0.0550559735731327,0.697742705083502,0.110846026793907,0.0499174160396403
194773.411807,2485366.126422,0.0852741610122868,0.222446359801944,0.0221896203924445,0.35613423803411,0.0960938932697598,0.217861727489455
195273.411807,2485366.126422,0.0263881253435954,0.2847718526663,0.064687557265897,0.259849734286238,0.103536741799524,0.260765988638446
195773.411807,2485366.126422,0.031932464672417,0.214351257111397,0.11194714626537,0.221875573499725,0.135804734813727,0.284088823637365
196273.411807,2485366.126422,0.0192554557124519,0.23601687144691,0,0.0711534934898221,0.104896387309738,0.568677792041078
196773.411807,2485366.126422,0.01905809052593,0.33296683159245,0.0487447315374748,0.0113615539673813,0.0683525746747297,0.519516217702034
197273.411807,2485366.126422,0.0203707102220591,0.313452009543035,0,0.0273444668746559,0.0642319691686548,0.574600844191595
197773.411807,2485366.126422,0.0232899321474418,0.338345864661654,0,0.0143040528149642,0.0302585732624244,0.593801577113515
198273.411807,2485366.126422,0.00531914893617021,0.552824651504035,0,0.00275128393250183,0.00880410858400587,0.430300807043287
192273.411807,2484866.126422,0.0366300366300366,0.0271062271062271,0.665384615384615,0.175641025641026,0.0527472527472527,0.0424908424908425
192773.411807,2484866.126422,0.0280733944954128,0.00770642201834862,0.028256880733945,0.853394495412844,0.0590825688073394,0.0234862385321101
193273.411807,2484866.126422,0.0300862227114291,0.00733810310034856,0.161621720785177,0.710144927536232,0.066042927903137,0.0247660979636764
193773.411807,2484866.126422,0.211172161172161,0.0399267399267399,0.0148351648351648,0.324908424908425,0.227289377289377,0.181868131868132
194273.411807,2484866.126422,0.0568807339449541,0.0335779816513761,0.0607339449541284,0.489908256880734,0.152844036697248,0.20605504587156
194773.411807,2484866.126422,0.0568702990277013,0.0526508897450009,0.0933773619519354,0.462850853054485,0.104384516602458,0.229866079618419
195273.411807,2484866.126422,0.0672161172161172,0.043956043956044,0.0258241758241758,0.387362637362637,0.159340659340659,0.316300366300366
195773.411807,2484866.126422,0.0387155963302752,0.148807339449541,0.134862385321101,0.118532110091743,0.161467889908257,0.397614678899083
196273.411807,2484866.126422,0.00935608145294441,0.133553476426344,0.384883507613282,0.15831957439002,0.124197394973399,0.18968996514401
196773.411807,2484866.126422,0.0305860805860806,0.305860805860806,0.0556776556776557,0.135531135531136,0.120695970695971,0.351648351648352
197273.411807,2484866.126422,0.0499082568807339,0.237064220183486,0.0135779816513761,0.124220183486239,0.12605504587156,0.449174311926606
197773.411807,2484866.126422,0.0746651990460466,0.114290955787929,0,0.484865162355531,0.156668501192442,0.169510181618052
198273.411807,2484866.126422,0.0128322639780018,0.459945004582951,0,0.0223648029330889,0.0331805682859762,0.471677360219982
192773.411807,2484366.126422,0.0732600732600733,0.0827838827838828,0.207142857142857,0.271062271062271,0.0926739926739927,0.273076923076923
193273.411807,2484366.126422,0.058974358974359,0.0395604395604396,0.171428571428571,0.447802197802198,0.100732600732601,0.181501831501831
193773.411807,2484366.126422,0.0337367070040337,0.171617161716172,0.162816281628163,0.416574990832417,0.0997433076640997,0.115511551155116
194273.411807,2484366.126422,0.00659340659340659,0.0620879120879121,0.575824175824176,0.190842490842491,0.0576923076923077,0.106959706959707
194773.411807,2484366.126422,0.0126373626373626,0.0421245421245421,0.644871794871795,0.239377289377289,0.00952380952380952,0.0514652014652015
195273.411807,2484366.126422,0.0119178584525119,0.0863586358635864,0.471213788045471,0.23964063072974,0.0551888522185552,0.135680234690136
195773.411807,2484366.126422,0.0293040293040293,0.0793040293040293,0.333699633699634,0.349267399267399,0.104578754578755,0.103846153846154
196273.411807,2484366.126422,0.0485347985347985,0.076007326007326,0.350732600732601,0.249450549450549,0.15970695970696,0.115567765567766
196773.411807,2484366.126422,0.0337367070040337,0.0394206087275394,0.356618995232857,0.226255958929226,0.192519251925193,0.151448478181151
197273.411807,2484366.126422,0.0179487179487179,0.073992673992674,0.348717948717949,0.103663003663004,0.185714285714286,0.26996336996337
197773.411807,2484366.126422,0.0304029304029304,0.363553113553114,0.0956043956043956,0.215201465201465,0.0915750915750916,0.203663003663004
198273.411807,2484366.126422,0.0348623853211009,0.308073394495413,0.135596330275229,0.167522935779817,0.140733944954128,0.213211009174312
193273.411807,2483866.126422,0.0221896203924445,0.0893086374472767,0.293416467999266,0.424353566843939,0.0827067669172932,0.0880249403997799
193773.411807,2483866.126422,0.0203408466190214,0.045629466739967,0.600329851566795,0.138537658053876,0.0974894630749496,0.0976727139453912
194273.411807,2483866.126422,0.0133969535694623,0.0289961460818499,0.681409432923472,0.119654982565608,0.0759772435309231,0.0805652413286842
194773.411807,2483866.126422,0,0,0.907390427287732,0.0926095727122685,0,0
195273.411807,2483866.126422,0.00128275609309144,0.0252886201209456,0.536925050393989,0.414330218068536,0.00604727872457394,0.0161260765988638
195773.411807,2483866.126422,0.00110111947146265,0.0203707102220591,0.585795558818132,0.381354376949899,0.00660671682877592,0.0047715177096715
196273.411807,2483866.126422,0.0117366587199707,0.0465798642948836,0.581881533101045,0.240418118466899,0.0843572345497891,0.0350265908674124
196773.411807,2483866.126422,0.059190031152648,0.0282206340480117,0.0289536375297783,0.496426608026388,0.269378779549203,0.117830309693971
197273.411807,2483866.126422,0.0754266837951918,0.0434942191227748,0.110662506881997,0.342815195448706,0.188841989355845,0.238759405395485
197773.411807,2483866.126422,0.0234733174399413,0.0489638730973776,0.36383642031909,0.342930496974143,0.123051531267192,0.0977443609022556
198273.411807,2483866.126422,0.084556126192223,0.111518708730741,0.107116654438738,0.101980924431401,0.103448275862069,0.491379310344828
193773.411807,2483366.126422,0.00842490842490842,0.0895604395604396,0.381684981684982,0.412637362637363,0.0600732600732601,0.0476190476190476
194273.411807,2483366.126422,0.00697247706422018,0.063302752293578,0.542935779816514,0.176146788990826,0.0638532110091743,0.146788990825688
194773.411807,2483366.126422,0,0,0.805173362685746,0.194826637314254,0,0
195273.411807,2483366.126422,0,0,0.00787545787545788,0.992124542124542,0,0
195773.411807,2483366.126422,0,0,0,1,0,0
196273.411807,2483366.126422,0.0108237020730141,0.000733810310034856,0.0066042927903137,0.956521739130435,0.0126582278481013,0.0126582278481013
196773.411807,2483366.126422,0.00476190476190476,0.0510989010989011,0.00421245421245421,0.668498168498168,0.134249084249084,0.137179487179487
197273.411807,2483366.126422,0.0119266055045872,0.0770642201834862,0.224036697247706,0.402201834862385,0.187522935779817,0.0972477064220184
197773.411807,2483366.126422,0.000183452577508714,0.0486149330398092,0.634929370757659,0.28104934874335,0.0221977618785544,0.0130251330031187
198273.411807,2483366.126422,0.0181484876260312,0.0793767186067828,0.659028414298808,0.0203483043079743,0.0757103574702108,0.147387717690192
194273.411807,2482866.126422,0.0291208791208791,0.0428571428571429,0.16043956043956,0.597069597069597,0.103113553113553,0.0673992673992674
194773.411807,2482866.126422,0.00714285714285714,0.0305860805860806,0.385897435897436,0.442124542124542,0.0968864468864469,0.0373626373626374
195273.411807,2482866.126422,0,0.00293362669600293,0.553538687202054,0.434543454345435,0.00733406674000733,0.00165016501650165
195773.411807,2482866.126422,0,0,0,1,0,0
196273.411807,2482866.126422,0,0,0,1,0,0
196773.411807,2482866.126422,0,0,0,1,0,0
197273.411807,2482866.126422,0.0382783882783883,0.0543956043956044,0.113736263736264,0.513553113553114,0.127472527472527,0.152564102564103
197773.411807,2482866.126422,0.0302197802197802,0.103663003663004,0.451282051282051,0.103663003663004,0.0897435897435897,0.221428571428571
198273.411807,2482866.126422,0.0141284403669725,0.165871559633028,0.599449541284404,0.0278899082568807,0.0625688073394495,0.130091743119266
195273.411807,2482366.126422,0.023089609675646,0.059190031152648,0.179219351291919,0.480850284038849,0.14458493677845,0.113065787062489
195773.411807,2482366.126422,0.00844191594788034,0.0334006239677005,0.488346485593687,0.320792806019453,0.0528537346302074,0.0961644338410718
196273.411807,2482366.126422,0,0,0.308454061984229,0.691545938015771,0,0
196773.411807,2482366.126422,0,0,0,1,0,0
197273.411807,2482366.126422,0,0.00917599559552211,0,0.984951367223344,0.00568911726922371,0.000183519911910442
197773.411807,2482366.126422,0.0238400880249404,0.0825233816247937,0.179717586649551,0.322024573629195,0.0946268109297634,0.297267559141757
198273.411807,2482366.126422,0.0293470286133529,0.103264856933236,0.508437270726339,0.14545121056493,0.0772193690388848,0.136280264123258
195773.411807,2481866.126422,0.0102752293577982,0.0755963302752294,0.141100917431193,0.50256880733945,0.0743119266055046,0.196146788990826
196273.411807,2481866.126422,0.0146762062006971,0.0664098330581545,0.529077233535131,0.237937993028802,0.0838378279214823,0.0680609062557329
196773.411807,2481866.126422,0,0.0186813186813187,0.344688644688645,0.605494505494505,0.0285714285714286,0.00256410256410256
197273.411807,2481866.126422,0.00330275229357798,0.0271559633027523,0.0695412844036697,0.777247706422018,0.0524770642201835,0.0702752293577982
197773.411807,2481866.126422,0.0176114474408365,0.126398825903504,0.096862960924601,0.483947899467988,0.0831040176114474,0.192074848651624
198273.411807,2481866.126422,0.0117323556370302,0.113107241063245,0.343354720439963,0.274427131072411,0.111457378551787,0.145921173235564
196773.411807,2481366.126422,0.0223689035570224,0.0766409974330766,0.308030803080308,0.438943894389439,0.0669233590025669,0.0870920425375871
197273.411807,2481366.126422,0.0404761904761905,0.0564102564102564,0.246336996336996,0.193956043956044,0.146886446886447,0.315934065934066
197773.411807,2481366.126422,0.00146520146520147,0.056043956043956,0.571794871794872,0.167582417582418,0.0730769230769231,0.13003663003663
198273.411807,2481366.126422,0.00935779816513761,0.134495412844037,0.47394495412844,0.134495412844037,0.0675229357798165,0.180183486238532
197773.411807,2480866.126422,0.0621676141573446,0.0810562992847974,0.223546671556941,0.365303502659087,0.121401063634696,0.146524848707134
198273.411807,2480866.126422,0.055575935436537,0.104915627292737,0.440388848129127,0.123624358033749,0.0513573000733676,0.224137931034483
