"x","y","forest","agri","water","built","other","grass"
244773.411807,2751866.126422,0.412636505460218,0.106084243369735,0.0605824232969319,0.269110764430577,0.0140405616224649,0.137545501820073
245273.411807,2751866.126422,0.249869723814487,0.133142261594581,0,0.155810317873893,0.0734757686294945,0.387701928087546
245773.411807,2751866.126422,0.260281103591879,0.154086413326393,0,0.132743362831858,0.136647579385737,0.316241540864133
246273.411807,2751866.126422,0.696827873114925,0.0117004680187207,0,0.0124804992199688,0.0436817472698908,0.235309412376495
246773.411807,2751866.126422,0.781917665450756,0.00130276185513288,0,0.00130276185513288,0.00599270453361126,0.209484106305367
247273.411807,2751866.126422,0.742581988547631,0.00182196772514315,0,0.0325351379489849,0.0598646538261322,0.163196251952108
247773.411807,2751866.126422,0.639105564222569,0.00572022880915237,0,0.0254810192407696,0.0332813312532501,0.296411856474259
248273.411807,2751866.126422,0.661021365294424,0.0112037519541428,0,0.0513288170922355,0.0755601875977071,0.20088587806149
248773.411807,2751866.126422,0.231129619989589,0.0635085892764185,0,0.29229567933368,0.13430504945341,0.278761061946903
249273.411807,2751866.126422,0.168226729069163,0.0925637025481019,0.000260010400416017,0.336193447737909,0.0897035881435257,0.313052522100884
249773.411807,2751866.126422,0.0285865537321334,0.0227633668607729,0,0.77580730545262,0.0852302805717311,0.0876124933827422
244273.411807,2751366.126422,0.0710622710622711,0.0181318681318681,0.392124542124542,0.470695970695971,0.0108058608058608,0.0371794871794872
244773.411807,2751366.126422,0.403190319031903,0.128346167950128,0.151815181518152,0.0586725339200587,0.0394206087275394,0.218555188852219
245273.411807,2751366.126422,0.0741758241758242,0.516666666666667,0,0.180952380952381,0.0827838827838828,0.145421245421245
245773.411807,2751366.126422,0.0351648351648352,0.684432234432234,0,0.0446886446886447,0.0542124542124542,0.181501831501831
246273.411807,2751366.126422,0.0414374770810414,0.648514851485149,0,0.0254858819215255,0.0885588558855886,0.196002933626696
246773.411807,2751366.126422,0.230952380952381,0.293589743589744,0,0.036996336996337,0.112637362637363,0.325824175824176
247273.411807,2751366.126422,0.676007326007326,0.0322344322344322,0,0.0010989010989011,0.010989010989011,0.27967032967033
247773.411807,2751366.126422,0.605427209387605,0.0100843417675101,0.000916758342500917,0.0394206087275394,0.0724239090575724,0.271727172717272
248273.411807,2751366.126422,0.549084249084249,0.0119047619047619,0,0.173809523809524,0.112637362637363,0.152564102564103
248773.411807,2751366.126422,0.268131868131868,0.0412087912087912,0,0.269413919413919,0.130586080586081,0.290659340659341
249273.411807,2751366.126422,0.01998533186652,0.0276861019435277,0,0.766593325999267,0.103410341034103,0.0823248991565823
249773.411807,2751366.126422,0.0342719525750278,0.0246387550944794,0.000185253797702853,0.841422749166358,0.0791033716191182,0.0203779177473138
243773.411807,2750866.126422,0,0.000917599559552211,0.686731510368875,0.293631859056708,0.0187190310148651,0
244273.411807,2750866.126422,0.317073170731707,0.0913258756647717,0.234916559691913,0.151659636897121,0.0366770584999083,0.168347698514579
244773.411807,2750866.126422,0.20743998533993,0.289719626168224,0.0736668499175371,0.135239142385926,0.0945574491478835,0.199376947040498
245273.411807,2750866.126422,0.104973389612773,0.507065516608552,0,0.154707285740503,0.0513855753349238,0.181868232703248
245773.411807,2750866.126422,0.050797726022373,0.61195672107097,0,0.0462130937098845,0.068402714102329,0.222629745094443
246273.411807,2750866.126422,0.0901594282572842,0.615356422943009,0,0.0287703866593366,0.0619387942092725,0.203774967931098
246773.411807,2750866.126422,0.0888236373646541,0.437327950082584,0,0.100935951550743,0.142594971554414,0.230317489447605
247273.411807,2750866.126422,0.133871263524665,0.362185952686595,0,0.0106363469649734,0.0441958554923895,0.449110581331377
247773.411807,2750866.126422,0.476269012277808,0.0410481949789262,0,0.0183250870441635,0.0738501007879787,0.390507604911123
248273.411807,2750866.126422,0.389429253073959,0.0233070288126262,0.00183519911910442,0.327399522848229,0.100018351991191,0.158010644154891
248773.411807,2750866.126422,0.262424353566844,0.033192737942417,0.0144874381074638,0.420685860993948,0.101045296167247,0.16816431322208
249273.411807,2750866.126422,0.138171156312992,0.0914421843503757,0,0.491112332783581,0.109767271394539,0.169507055158512
249773.411807,2750866.126422,0.10280200408239,0.079792169233624,0.000185563184264242,0.487845611430692,0.170903692707367,0.158470959361663
243273.411807,2750366.126422,0,0.00531135531135531,0.73040293040293,0.262637362637363,0.0010989010989011,0.000549450549450549
243773.411807,2750366.126422,0.183302752293578,0.131192660550459,0.181284403669725,0.190642201834862,0.114862385321101,0.198715596330275
244273.411807,2750366.126422,0.142542652724271,0.144560631076867,0.396991377728857,0.0935608145294441,0.0744817464685379,0.147862777472023
244773.411807,2750366.126422,0.131684981684982,0.308241758241758,0.071978021978022,0.232783882783883,0.0965201465201465,0.158791208791209
245273.411807,2750366.126422,0.111192660550459,0.25045871559633,0.0299082568807339,0.189724770642202,0.13394495412844,0.284770642201835
245773.411807,2750366.126422,0.0464135021097046,0.35663181067694,0,0.230966795083471,0.0944780774169877,0.271509814712897
246273.411807,2750366.126422,0.0716117216117216,0.368131868131868,0,0.308241758241758,0.121245421245421,0.130769230769231
246773.411807,2750366.126422,0.0996330275229358,0.466605504587156,0,0.0251376146788991,0.0702752293577982,0.338348623853211
247273.411807,2750366.126422,0.0517336268574573,0.534397358282884,0,0.107319757842598,0.136305265088975,0.170243991928087
247773.411807,2750366.126422,0.0648351648351648,0.470512820512821,0,0.0899267399267399,0.123809523809524,0.250915750915751
248273.411807,2750366.126422,0.304954128440367,0.368440366972477,0,0.0130275229357798,0.071743119266055,0.241834862385321
248773.411807,2750366.126422,0.237754540451293,0.0187121629058888,0,0.195560447624289,0.145294441386901,0.402678407631627
249273.411807,2750366.126422,0.4,0.0454212454212454,0,0.0897435897435897,0.121611721611722,0.343223443223443
249773.411807,2750366.126422,0.426345083487941,0.087012987012987,0.0116883116883117,0.0940630797773655,0.0215213358070501,0.359369202226345
243273.411807,2749866.126422,0,0.0132013201320132,0.267143381004767,0.70957095709571,0.00641730839750642,0.00366703337000367
243773.411807,2749866.126422,0.00714285714285714,0.0399267399267399,0.337728937728938,0.565567765567766,0.030952380952381,0.0186813186813187
244273.411807,2749866.126422,0.103296703296703,0.0789377289377289,0.0919413919413919,0.367032967032967,0.0864468864468864,0.272344322344322
244773.411807,2749866.126422,0.133480014668133,0.149064906490649,0.050971763843051,0.153648698203154,0.146497983131646,0.366336633663366
245273.411807,2749866.126422,0.0492673992673993,0.293040293040293,0.0749084249084249,0.186446886446886,0.0741758241758242,0.322161172161172
245773.411807,2749866.126422,0.0478021978021978,0.363003663003663,0.019047619047619,0.0754578754578755,0.0661172161172161,0.428571428571429
246273.411807,2749866.126422,0.0848918225155849,0.215804913824716,0.0401540154015402,0.381004767143381,0.0865419875320865,0.191602493582692
246773.411807,2749866.126422,0.047985347985348,0.215384615384615,0.0516483516483516,0.0587912087912088,0.0716117216117216,0.554578754578755
247273.411807,2749866.126422,0.0397435897435897,0.24029304029304,0.0498168498168498,0.0368131868131868,0.0529304029304029,0.58040293040293
247773.411807,2749866.126422,0.0757242390905757,0.297579757975798,0,0.0271360469380271,0.102860286028603,0.496699669966997
248273.411807,2749866.126422,0.101098901098901,0.251098901098901,0.000366300366300366,0.0104395604395604,0.0412087912087912,0.595787545787546
248773.411807,2749866.126422,0.182051282051282,0.115018315018315,0.000732600732600733,0.0412087912087912,0.127289377289377,0.533699633699634
249273.411807,2749866.126422,0.125045837917125,0.307664099743308,0.00165016501650165,0.101210121012101,0.19031903190319,0.274110744407774
249773.411807,2749866.126422,0.116524638755094,0.44609114486847,0.000741015190811412,0.0809559095961467,0.133382734346054,0.222304557243423
241273.411807,2749366.126422,0,0.00183385292499542,0.558591600953603,0.438841004951403,0.000733541169998166,0
242273.411807,2749366.126422,0.00770783630023858,0.0317489447605065,0.268122591301156,0.54780693705267,0.0379886217654616,0.106625068819967
243773.411807,2749366.126422,0.0585428518994311,0.098733712607818,0.313084969719215,0.349238392365572,0.0332171040557901,0.147182969352175
244273.411807,2749366.126422,0.0990280579497524,0.207408765816981,0.0183385292499542,0.179167430772052,0.193838254172015,0.302218962039244
244773.411807,2749366.126422,0.142752428074033,0.183800623052959,0,0.172255818215137,0.170789811251603,0.330401319406267
245273.411807,2749366.126422,0.0664342081115801,0.221508533675904,0,0.0761607634428336,0.105340429436594,0.530556065333089
245773.411807,2749366.126422,0.114615807812213,0.143407298734641,0.103245919677242,0.20814230698698,0.1199339812947,0.310654685494223
246273.411807,2749366.126422,0.0645043063954554,0.244823162910024,0.0813633864760858,0.0458127176104087,0.119296316657504,0.444200109950522
246773.411807,2749366.126422,0.0389062213250138,0.295650578087722,0,0.0438612589465957,0.0717562855569829,0.549825656083685
247273.411807,2749366.126422,0.0627177700348432,0.16779754263708,0,0.111681643132221,0.132587566477169,0.525215477718687
247773.411807,2749366.126422,0.106652006597031,0.216785779732454,0,0.0284038849184534,0.132856881070185,0.515301447681876
248273.411807,2749366.126422,0.077995962561938,0.193246467241696,0,0.0811158010644155,0.173976876491099,0.473664892640852
248773.411807,2749366.126422,0.0504309554373739,0.30001833852925,0,0.0779387493123052,0.0922428021272694,0.479369154593802
249273.411807,2749366.126422,0.0754993586219534,0.205424225765072,0.00201575957485798,0.192963166575041,0.175554333883086,0.348543155579989
249773.411807,2749366.126422,0.0491742438300241,0.137687882724068,0.0243087771386157,0.189274447949527,0.126368528483949,0.473186119873817
242773.411807,2748866.126422,0.142175747569253,0.0376077783892864,0.0500825536598789,0.492570170610897,0.11979453311319,0.157769216657494
243773.411807,2748866.126422,0.0612844036697248,0.0744954128440367,0.183119266055046,0.520183486238532,0.0372477064220183,0.123669724770642
244273.411807,2748866.126422,0.0820033021463952,0.127866446523574,0.0629242340854889,0.333700238488351,0.078884608328747,0.314621170427445
244773.411807,2748866.126422,0.073992673992674,0.245787545787546,0.0122710622710623,0.145238095238095,0.121794871794872,0.400915750915751
245273.411807,2748866.126422,0.0697247706422018,0.289908256880734,0,0.0693577981651376,0.0994495412844037,0.471559633027523
245773.411807,2748866.126422,0.0502660062373876,0.290772335351312,0,0.121078701155751,0.124931205283434,0.412951751972115
246273.411807,2748866.126422,0.0767399267399267,0.382600732600733,0,0.0467032967032967,0.0547619047619048,0.439194139194139
246773.411807,2748866.126422,0.130091743119266,0.26256880733945,0,0.0467889908256881,0.0899082568807339,0.470642201834862
247273.411807,2748866.126422,0.0744817464685379,0.26252063841497,0,0.0753990093560815,0.110254999082737,0.477343606677674
247773.411807,2748866.126422,0.0661172161172161,0.231318681318681,0,0.1,0.167765567765568,0.434798534798535
248273.411807,2748866.126422,0.0851376146788991,0.217614678899083,0.00055045871559633,0.114678899082569,0.235596330275229,0.346422018348624
248773.411807,2748866.126422,0.0675105485232067,0.194643184736746,0,0.100165107319758,0.170977802238121,0.466703357182168
249273.411807,2748866.126422,0.121245421245421,0.195238095238095,0.00146520146520147,0.067032967032967,0.157692307692308,0.457326007326007
249773.411807,2748866.126422,0.114285714285714,0.155844155844156,0.000371057513914657,0.175510204081633,0.135621521335807,0.418367346938776
242273.411807,2748366.126422,0.45989010989011,0.0333333333333333,0,0.110989010989011,0.0934065934065934,0.302380952380952
242773.411807,2748366.126422,0.0815018315018315,0.0794871794871795,0.00860805860805861,0.527472527472527,0.163919413919414,0.139010989010989
243273.411807,2748366.126422,0.0421708837550422,0.079024569123579,0.00238357169050238,0.57004033736707,0.146131279794646,0.16024935826916
243773.411807,2748366.126422,0.0791208791208791,0.117032967032967,0.269230769230769,0.254212454212454,0.0694139194139194,0.210989010989011
244273.411807,2748366.126422,0.0697802197802198,0.0591575091575092,0.273260073260073,0.334615384615385,0.095970695970696,0.167216117216117
244773.411807,2748366.126422,0.0727906123945728,0.146681334800147,0.0227356068940227,0.254858819215255,0.117345067840117,0.385588558855886
245273.411807,2748366.126422,0.136630036630037,0.289010989010989,0.000183150183150183,0.188827838827839,0.12985347985348,0.255494505494505
245773.411807,2748366.126422,0.0860805860805861,0.267032967032967,0.000549450549450549,0.224725274725275,0.145421245421245,0.276190476190476
246273.411807,2748366.126422,0.0716905023835717,0.158415841584158,0,0.287312064539787,0.157499083241658,0.325082508250825
246773.411807,2748366.126422,0.102930402930403,0.250549450549451,0,0.197802197802198,0.165750915750916,0.282967032967033
247273.411807,2748366.126422,0.0505494505494506,0.232417582417582,0,0.147619047619048,0.123626373626374,0.445787545787546
247773.411807,2748366.126422,0.0870920425375871,0.203887055372204,0,0.176934360102677,0.173634030069674,0.358452511917858
248273.411807,2748366.126422,0.0604395604395604,0.303296703296703,0,0.127838827838828,0.139194139194139,0.369230769230769
248773.411807,2748366.126422,0.084981684981685,0.276923076923077,0.000183150183150183,0.208974358974359,0.153846153846154,0.275091575091575
249273.411807,2748366.126422,0.1004767143381,0.1001100110011,0.00165016501650165,0.301430143014301,0.215988265493216,0.28034470113678
249773.411807,2748366.126422,0.0965172286031864,0.0607632456465358,0.000370507595405706,0.661541311596888,0.101333827343461,0.0794738792145239
241773.411807,2747866.126422,0.196261682242991,0.0304196444933113,0.143668682426242,0.258017225581821,0.0355506688656771,0.336082096389958
242273.411807,2747866.126422,0.161497522481189,0.111763626353459,0,0.00880895577170123,0.0702881262616994,0.647641769131951
242773.411807,2747866.126422,0.0755547405098111,0.0770218228498075,0,0.293049697414267,0.12800293416468,0.426370805061434
243273.411807,2747866.126422,0.0525929998167491,0.115081546637347,0,0.516584203774968,0.111233278358072,0.204507971412864
243773.411807,2747866.126422,0.118920902917967,0.104055790053221,0,0.34006239677005,0.165351440631308,0.271609469627455
244273.411807,2747866.126422,0.117549972492206,0.19603887768201,0.0183385292499542,0.323675041261691,0.132770951769668,0.211626627544471
244773.411807,2747866.126422,0.0901594282572842,0.148433205057724,0.266996518233462,0.193696170056808,0.00348176653839106,0.297232911856331
245273.411807,2747866.126422,0.0334006239677005,0.234171407597724,0.300422095797394,0.080932281152505,0.0260598274912828,0.325013763993393
245773.411807,2747866.126422,0.0496974142673758,0.481569778103796,0,0.00788556757748029,0.0350265908674124,0.425820649183935
246273.411807,2747866.126422,0.0282206340480117,0.6188381894814,0.000549752611324904,0.00989554700384827,0.0469122228330585,0.295583654022357
246773.411807,2747866.126422,0.0774454028262066,0.314002569278767,0,0.0357863828225362,0.0453294182418792,0.527436226830611
247273.411807,2747866.126422,0.0568494406748579,0.348982211626628,0,0.0618008435723455,0.117733357784706,0.414634146341463
247773.411807,2747866.126422,0.0634048011728056,0.39912039582188,0.00128275609309144,0.0302363936228697,0.104086494410848,0.401869158878505
248273.411807,2747866.126422,0.077995962561938,0.283538263901633,0,0.119104422829877,0.201688383189576,0.317672967516976
248773.411807,2747866.126422,0.0638180817898405,0.278195488721804,0,0.118650284247203,0.192921327709518,0.346414817531634
249273.411807,2747866.126422,0.093274693054792,0.287520615722925,0,0.0273043796958036,0.101887483965549,0.490012827560931
249773.411807,2747866.126422,0.0692150677305623,0.0604935980701429,0,0.557617368714047,0.124698459825571,0.187975505659677
241773.411807,2747366.126422,0.200549450549451,0.303846153846154,0.00146520146520147,0.133699633699634,0.0897435897435897,0.270695970695971
242273.411807,2747366.126422,0.0477064220183486,0.312660550458716,0,0.00642201834862385,0.0300917431192661,0.603119266055046
242773.411807,2747366.126422,0.0684278114107503,0.0864061640066043,0,0.399559713813979,0.182718767198679,0.262887543569987
243273.411807,2747366.126422,0.110805860805861,0.126190476190476,0,0.0333333333333333,0.101648351648352,0.628021978021978
243773.411807,2747366.126422,0.111009174311927,0.221834862385321,0,0.0392660550458716,0.093394495412844,0.534495412844037
244273.411807,2747366.126422,0.146762062006971,0.120711796000734,0,0.204182718767199,0.106769400110072,0.421574023115025
244773.411807,2747366.126422,0.0913919413919414,0.135714285714286,0.000549450549450549,0.28956043956044,0.167032967032967,0.315750915750916
245273.411807,2747366.126422,0.0440366972477064,0.316697247706422,0.119266055045872,0.128990825688073,0.0664220183486239,0.324587155963303
245773.411807,2747366.126422,0.00513667217024399,0.287470188956155,0.177582095028435,0.0532012474775271,0.197028068244359,0.27958172812328
246273.411807,2747366.126422,0.0214285714285714,0.46978021978022,0,0.0128205128205128,0.0157509157509158,0.48021978021978
246773.411807,2747366.126422,0.0801834862385321,0.401834862385321,0,0.0253211009174312,0.0673394495412844,0.425321100917431
247273.411807,2747366.126422,0.0684278114107503,0.159236837277564,0,0.102366538249862,0.165841130067877,0.504127682993946
247773.411807,2747366.126422,0.043956043956044,0.26959706959707,0.000183150183150183,0.0322344322344322,0.0789377289377289,0.575091575091575
248273.411807,2747366.126422,0.0937614678899083,0.211926605504587,0,0.110825688073394,0.222935779816514,0.360550458715596
248773.411807,2747366.126422,0.0502660062373876,0.175380664098331,0,0.119977985690699,0.182718767198679,0.471656576774904
249273.411807,2747366.126422,0.0736263736263736,0.274725274725275,0.000549450549450549,0.127472527472527,0.156593406593407,0.367032967032967
249773.411807,2747366.126422,0.050278293135436,0.184415584415584,0.00500927643784787,0.297773654916512,0.129499072356215,0.333024118738404
241273.411807,2746866.126422,0.186630036630037,0.21043956043956,0.00128205128205128,0.202747252747253,0.0619047619047619,0.336996336996337
241773.411807,2746866.126422,0.123028969563623,0.376787678767877,0.0106343967730106,0.0249358269160249,0.0561056105610561,0.408507517418409
242273.411807,2746866.126422,0.0547619047619048,0.367582417582418,0,0.0289377289377289,0.0771062271062271,0.471611721611722
242773.411807,2746866.126422,0.0749084249084249,0.175824175824176,0,0.222710622710623,0.183516483516484,0.343040293040293
243273.411807,2746866.126422,0.139163916391639,0.0649064906490649,0,0.000733406674000733,0.0192519251925193,0.775944261092776
243773.411807,2746866.126422,0.116483516483516,0.00897435897435897,0,0.164652014652015,0.0681318681318681,0.641758241758242
244273.411807,2746866.126422,0.13021978021978,0.0124542124542125,0,0.0580586080586081,0.0501831501831502,0.749084249084249
244773.411807,2746866.126422,0.0441877521085442,0.174550788412175,0,0.177667766776678,0.0694902823615695,0.534103410341034
245273.411807,2746866.126422,0.0172161172161172,0.0600732600732601,0,0.342673992673993,0.0978021978021978,0.482234432234432
245773.411807,2746866.126422,0.0928571428571429,0.163186813186813,0.00677655677655678,0.236996336996337,0.138644688644689,0.361538461538462
246273.411807,2746866.126422,0.128712871287129,0.156032269893656,0.0546387972130546,0.141547488082142,0.130546387972131,0.388522185551888
246773.411807,2746866.126422,0.0379120879120879,0.187179487179487,0.0970695970695971,0.05,0.0481684981684982,0.57967032967033
247273.411807,2746866.126422,0.058974358974359,0.355494505494506,0.00311355311355311,0.0983516483516483,0.0421245421245421,0.441941391941392
247773.411807,2746866.126422,0.0526219288595526,0.33993399339934,0,0.0187018701870187,0.0537220388705537,0.535020168683535
248273.411807,2746866.126422,0.0688644688644689,0.287545787545788,0,0.0523809523809524,0.0897435897435897,0.501465201465201
248773.411807,2746866.126422,0.0487179487179487,0.327838827838828,0.000183150183150183,0.0736263736263736,0.0672161172161172,0.482417582417582
249273.411807,2746866.126422,0.0748074807480748,0.420975430876421,0,0.0471213788045471,0.0645397873120645,0.392555922258893
249773.411807,2746866.126422,0.0520563171545017,0.143756947017414,0.000741015190811412,0.476472767691738,0.146721007780659,0.180251945164876
241273.411807,2746366.126422,0.0740876581698148,0.412983678708968,0,0.0786722904823033,0.0790390610673024,0.355217311571612
241773.411807,2746366.126422,0.128275609309144,0.379329301814184,0.00293201392706615,0.0529595015576324,0.0584570276708814,0.378046545721092
242273.411807,2746366.126422,0.127179298953937,0.24463204257662,0.000550559735731327,0.0293631859056708,0.142227931730593,0.456046981097449
242773.411807,2746366.126422,0.0915092609572712,0.315239317806712,0.000550155877498625,0.179350816064552,0.146158078122135,0.267192371171832
243273.411807,2746366.126422,0.295033901411032,0.0573575224482316,0.000183250870441635,0.0549752611324904,0.111233278358072,0.481216785779732
243773.411807,2746366.126422,0.0211047898697009,0.0104606349788952,0,0.506881996696642,0.188107909708203,0.273444668746559
244273.411807,2746366.126422,0.0097194205024757,0.243535668439391,0,0.171281863194572,0.0553823583348615,0.5200806895287
244773.411807,2746366.126422,0.0157595748579806,0.0518599963349826,0,0.283855598314092,0.0855781564962434,0.562946673996702
245273.411807,2746366.126422,0.0590934116351624,0.138190493668563,0,0.305927693154707,0.11194714626537,0.384841255276197
245773.411807,2746366.126422,0.0909591050797726,0.161562442692096,0.000366770584999083,0.343664038144141,0.10397946084724,0.299468182651751
246273.411807,2746366.126422,0.150082462891699,0.156862745098039,0.00219901044529962,0.15246472420744,0.165842037749679,0.372549019607843
246773.411807,2746366.126422,0.0800146815929528,0.0853367590383557,0.00256927876674619,0.481739768764911,0.115250504679758,0.235089007157277
247273.411807,2746366.126422,0.0722538052448194,0.0759215110948102,0.000733541169998166,0.627544470933431,0.125985695947185,0.0975609756097561
247773.411807,2746366.126422,0.0665200659703134,0.187465640461792,0.000366501740883269,0.415246472420744,0.143668682426242,0.186732636980026
248273.411807,2746366.126422,0.0908423563956689,0.287025142227932,0,0.085887318774087,0.106074509084236,0.430170673518077
248773.411807,2746366.126422,0.04401247019989,0.297817715019255,0.0152209792774619,0.0916926462497708,0.0168714469099578,0.534384742343664
249273.411807,2746366.126422,0.0324354040681693,0.293384643577057,0,0.0593732820230896,0.0590067802822063,0.555799890049478
249773.411807,2746366.126422,0.109111152347374,0.0809055483392095,0.00816478010762665,0.334013731675636,0.152718500649471,0.315086286880683
240773.411807,2745866.126422,0.0739449541284404,0.327706422018349,0.0165137614678899,0.262385321100917,0.0651376146788991,0.254311926605505
241273.411807,2745866.126422,0.0658594753256283,0.335718216840947,0,0.0625573289304715,0.12548156301596,0.410383415886993
241773.411807,2745866.126422,0.0826007326007326,0.266117216117216,0.0161172161172161,0.0765567765567766,0.102014652014652,0.456593406593407
242273.411807,2745866.126422,0.0667889908256881,0.238715596330275,0.00293577981651376,0.137798165137615,0.180917431192661,0.372844036697248
242773.411807,2745866.126422,0.0792515134837644,0.26674004769767,0,0.159053384700055,0.172261970280682,0.322693083837828
243273.411807,2745866.126422,0.125641025641026,0.0267399267399267,0,0.270695970695971,0.0989010989010989,0.478021978021978
243773.411807,2745866.126422,0.016697247706422,0.0170642201834862,0,0.296697247706422,0.0735779816513761,0.595963302752294
244273.411807,2745866.126422,0.015410016510732,0.0066042927903137,0,0.329113924050633,0.0805356815263254,0.568336085121996
244773.411807,2745866.126422,0.0296703296703297,0.0184981684981685,0,0.546703296703297,0.146886446886447,0.258241758241758
245273.411807,2745866.126422,0.197064220183486,0.0990825688073395,0.00055045871559633,0.197981651376147,0.179449541284404,0.325871559633027
245773.411807,2745866.126422,0.101816180517336,0.148596587782058,0.000183452577508714,0.377912309667951,0.1284168042561,0.243074665199046
246273.411807,2745866.126422,0.109157509157509,0.0880952380952381,0.00567765567765568,0.529487179487179,0.173260073260073,0.0943223443223443
246773.411807,2745866.126422,0.125321100917431,0.0576146788990826,0.00220183486238532,0.562201834862385,0.0869724770642202,0.165688073394495
247273.411807,2745866.126422,0.060906255732893,0.0232984773436067,0.000550357732526142,0.779490001834526,0.106219042377545,0.029535864978903
247773.411807,2745866.126422,0.0335164835164835,0.0562271062271062,0,0.704212454212454,0.0879120879120879,0.118131868131868
248273.411807,2745866.126422,0.06,0.270275229357798,0,0.166238532110092,0.160183486238532,0.343302752293578
248773.411807,2745866.126422,0.107319757842598,0.151348376444689,0,0.155200880572372,0.126582278481013,0.459548706659329
249273.411807,2745866.126422,0.136630036630037,0.093040293040293,0,0.218681318681319,0.190842490842491,0.360805860805861
249773.411807,2745866.126422,0.0968460111317254,0.0424860853432282,0.100556586270872,0.222077922077922,0.222263450834879,0.315769944341373
240273.411807,2745366.126422,0,0,0,1,0,0
240773.411807,2745366.126422,0.133516483516484,0.313186813186813,0.0135531135531136,0.0978021978021978,0.0366300366300366,0.405311355311355
241273.411807,2745366.126422,0.0639194139194139,0.458058608058608,0,0.0214285714285714,0.0675824175824176,0.389010989010989
241773.411807,2745366.126422,0.0924092409240924,0.30968096809681,0.0177851118445178,0.143014301430143,0.131463146314631,0.305647231389806
242273.411807,2745366.126422,0.0672161172161172,0.182783882783883,0,0.266300366300366,0.16959706959707,0.314102564102564
242773.411807,2745366.126422,0.0871794871794872,0.0888278388278388,0,0.253479853479853,0.215384615384615,0.355128205128205
243273.411807,2745366.126422,0.00421708837550422,0.0328199486615328,0,0.101210121012101,0.0462046204620462,0.815548221488816
243773.411807,2745366.126422,0.0172161172161172,0.00842490842490842,0,0.27967032967033,0.104395604395604,0.59029304029304
244273.411807,2745366.126422,0.134615384615385,0.0333333333333333,0,0.0875457875457875,0.109340659340659,0.635164835164835
244773.411807,2745366.126422,0.223689035570224,0.028969563623029,0,0.0628896222955629,0.0971763843050972,0.587275394206087
245273.411807,2745366.126422,0.174175824175824,0.043040293040293,0,0.143956043956044,0.148534798534799,0.49029304029304
245773.411807,2745366.126422,0.0717948717948718,0.0228937728937729,0.00146520146520147,0.748168498168498,0.0805860805860806,0.0750915750915751
246273.411807,2745366.126422,0.0463879721305464,0.0295196186285295,0.015951595159516,0.7995966263293,0.0856252291895856,0.0229189585625229
246773.411807,2745366.126422,0.0695970695970696,0.0249084249084249,0.000366300366300366,0.763186813186813,0.0998168498168498,0.0421245421245421
247273.411807,2745366.126422,0.0554945054945055,0.0263736263736264,0.00421245421245421,0.821611721611722,0.0646520146520147,0.0276556776556777
247773.411807,2745366.126422,0.0559222588925559,0.026035936927026,0.00605060506050605,0.829299596626329,0.0735240190685735,0.00916758342500917
248273.411807,2745366.126422,0.0853479853479854,0.103846153846154,0.000732600732600733,0.419230769230769,0.185897435897436,0.204945054945055
248773.411807,2745366.126422,0.0851648351648352,0.0785714285714286,0.00238095238095238,0.377472527472527,0.121794871794872,0.334615384615385
249273.411807,2745366.126422,0.0551888522185552,0.096993032636597,0,0.51008434176751,0.162632929959663,0.175100843417675
249773.411807,2745366.126422,0.0863282697295294,0.146906261578362,0.00129677658391997,0.080585402000741,0.0952204520192664,0.589662838088181
240273.411807,2744866.126422,0,0,0,1,0,0
240773.411807,2744866.126422,0.135070655166086,0.065149568728207,0.21563589649477,0.345200954303542,0.0311983850247752,0.207744540282621
241273.411807,2744866.126422,0.227764533284431,0.121584448927196,0.077205208142307,0.0748211993398129,0.0559325142123602,0.442692096093893
241773.411807,2744866.126422,0.136705149349459,0.137621403701668,0.0322521531977277,0.195711929631666,0.142019424592267,0.355689939527213
242273.411807,2744866.126422,0.0332171040557901,0.247017801431455,0,0.159478803450174,0.140759772435309,0.419526518627271
242773.411807,2744866.126422,0.00330093526499175,0.0636346964973409,0,0.149459013387126,0.169264624977077,0.614340729873464
243273.411807,2744866.126422,0.0141103170240059,0.00348176653839106,0,0.203958218801539,0.0738501007879787,0.704599596848085
243773.411807,2744866.126422,0.0583593319875206,0.169755918517159,0,0.0284455863461186,0.0484492567443568,0.694989906404845
244273.411807,2744866.126422,0.171098477902072,0.059600220062351,0,0.0469466348798826,0.101595452044746,0.620759215110948
244773.411807,2744866.126422,0.0806303829943192,0.196444933113432,0,0.0467289719626168,0.0778816199376947,0.598314091991937
245273.411807,2744866.126422,0.0489998164800881,0.210864378785098,0.000183519911910442,0.444301706735181,0.0991007524316388,0.196549825656084
245773.411807,2744866.126422,0.0247570144874381,0.0168714469099578,0.00715202640748212,0.880249403997799,0.0592334494773519,0.0117366587199707
246273.411807,2744866.126422,0.0148433205057724,0.017042330951072,0.00384826827927433,0.932197177936595,0.0304196444933113,0.00164925783397471
246773.411807,2744866.126422,0.162231602128831,0.0361534226463571,0.00568911726922371,0.590567076527803,0.134703615342265,0.0706551660855203
247273.411807,2744866.126422,0.105079772602237,0.0300751879699248,0.00733541169998166,0.756280946268109,0.0744544287548139,0.0267742527049331
247773.411807,2744866.126422,0.0852116547553601,0.0192413413963716,0.00183250870441635,0.777350192413414,0.083745647791827,0.032618654938611
248273.411807,2744866.126422,0.110662506881997,0.0528537346302074,0.0012846393833731,0.644338410717563,0.129932097632593,0.0609286107542668
248773.411807,2744866.126422,0.11589950485971,0.0478635613423803,0.000366770584999083,0.518980377773703,0.13185402530717,0.185035760132037
249273.411807,2744866.126422,0.0949239508887667,0.252336448598131,0,0.0470954737035001,0.0965732087227414,0.509070918086861
249773.411807,2744866.126422,0.105956578214882,0.192614585266283,0.000371126368528484,0.131564297643348,0.187789942475413,0.381703470031546
240273.411807,2744366.126422,0,0,0.0131868131868132,0.986813186813187,0,0
240773.411807,2744366.126422,0.00018348623853211,0.0253211009174312,0.358715596330275,0.604036697247706,0.00146788990825688,0.0102752293577982
241273.411807,2744366.126422,0.0563199412951752,0.165841130067877,0.0343056319941295,0.017978352595854,0.0438451660245826,0.681709778022381
241773.411807,2744366.126422,0.126373626373626,0.0476190476190476,0.0631868131868132,0.457692307692308,0.113369963369963,0.191758241758242
242273.411807,2744366.126422,0.064954128440367,0.0660550458715596,0,0.286605504587156,0.14,0.442385321100917
242773.411807,2744366.126422,0.0284351495138507,0.0260502660062374,0,0.351128233351679,0.166758392955421,0.427627958172812
243273.411807,2744366.126422,0.114835164835165,0.0534798534798535,0,0.438278388278388,0.154945054945055,0.238461538461538
243773.411807,2744366.126422,0.0710091743119266,0.173211009174312,0,0.272293577981651,0.152293577981651,0.331192660550459
244273.411807,2744366.126422,0.149880755824619,0.223628691983122,0,0.141808842414236,0.152815997064759,0.331865712713264
244773.411807,2744366.126422,0.122893772893773,0.0622710622710623,0,0.31959706959707,0.142857142857143,0.352380952380952
245273.411807,2744366.126422,0.0702752293577982,0.201100917431193,0.00256880733944954,0.444220183486239,0.127339449541284,0.154495412844037
245773.411807,2744366.126422,0.0687947165657677,0.0245826453861677,0.001284168042561,0.72757292239956,0.12548156301596,0.0522839845899835
246273.411807,2744366.126422,0.0675824175824176,0.0197802197802198,0.00641025641025641,0.831318681318681,0.0547619047619048,0.0201465201465201
246773.411807,2744366.126422,0.0822018348623853,0.0177981651376147,0.00238532110091743,0.766605504587156,0.105871559633028,0.0251376146788991
247273.411807,2744366.126422,0.179233168226014,0.0491652907723353,0.0258668134287287,0.565033938726839,0.112456430012842,0.0682443588332416
247773.411807,2744366.126422,0.0498168498168498,0.0228937728937729,0.00366300366300366,0.848717948717949,0.0587912087912088,0.0161172161172161
248273.411807,2744366.126422,0.0255045871559633,0.0132110091743119,0,0.880183486238532,0.0623853211009174,0.0187155963302752
248773.411807,2744366.126422,0.0832874701889562,0.11557512383049,0.00091726288754357,0.463217758209503,0.114657860942946,0.222344523940561
249273.411807,2744366.126422,0.0593406593406593,0.091025641025641,0.00183150183150183,0.460989010989011,0.2,0.186813186813187
249773.411807,2744366.126422,0.0927643784786642,0.129128014842301,0,0.325788497217069,0.145640074211503,0.306679035250464
240273.411807,2743866.126422,0,0,0.0544554455445545,0.945544554455445,0,0
240773.411807,2743866.126422,0,0.00641025641025641,0.338827838827839,0.635164835164835,0.0021978021978022,0.0173992673992674
241273.411807,2743866.126422,0.00934065934065934,0.063003663003663,0.0510989010989011,0.401098901098901,0.0772893772893773,0.398168498168498
241773.411807,2743866.126422,0.103960396039604,0.157499083241658,0.0205353868720205,0.132746607994133,0.100660066006601,0.484598459845985
242273.411807,2743866.126422,0.0457875457875458,0.109340659340659,0.00732600732600733,0.0862637362637363,0.121611721611722,0.62967032967033
242773.411807,2743866.126422,0.0915750915750916,0.185897435897436,0.00714285714285714,0.145787545787546,0.0945054945054945,0.475091575091575
243273.411807,2743866.126422,0.137513751375138,0.105243857719105,0,0.225155848918225,0.145581224789146,0.386505317198386
243773.411807,2743866.126422,0.0820512820512821,0.0738095238095238,0.00201465201465201,0.161355311355311,0.0838827838827839,0.596886446886447
244273.411807,2743866.126422,0.0769230769230769,0.114102564102564,0.000732600732600733,0.115750915750916,0.131501831501832,0.560989010989011
244773.411807,2743866.126422,0.0625229189585625,0.0628896222955629,0.00055005500550055,0.55005500550055,0.154565456545655,0.169416941694169
245273.411807,2743866.126422,0.0827838827838828,0.105128205128205,0.0119047619047619,0.518315018315018,0.117765567765568,0.164102564102564
245773.411807,2743866.126422,0.0684981684981685,0.0245421245421245,0.000732600732600733,0.756776556776557,0.105311355311355,0.0441391941391941
246273.411807,2743866.126422,0.0432709937660433,0.00641730839750642,0,0.915291529152915,0.0328199486615328,0.0022002200220022
246773.411807,2743866.126422,0.0514652014652015,0.0128205128205128,0.00128205128205128,0.882417582417582,0.0415750915750916,0.0104395604395604
247273.411807,2743866.126422,0.0558608058608059,0.017032967032967,0.00238095238095238,0.831135531135531,0.0818681318681319,0.0117216117216117
247773.411807,2743866.126422,0.267876787678768,0.022002200220022,0.00898423175650898,0.555922258892556,0.0806747341400807,0.0645397873120645
248273.411807,2743866.126422,0.0968864468864469,0.0490842490842491,0.0021978021978022,0.576373626373626,0.128754578754579,0.146703296703297
248773.411807,2743866.126422,0.12014652014652,0.0351648351648352,0.00421245421245421,0.649450549450549,0.115201465201465,0.0758241758241758
249273.411807,2743866.126422,0.0665566556655666,0.0374037403740374,0.0209020902090209,0.664649798313165,0.109094242757609,0.101393472680601
249773.411807,2743866.126422,0.155613190070396,0.0444609114486847,0.000741015190811412,0.526676546869211,0.170062986291219,0.102445350129678
239773.411807,2743366.126422,0,0,0,1,0,0
240273.411807,2743366.126422,0,0,0.364852483049294,0.635147516950705,0,0
240773.411807,2743366.126422,0,0.0220223894292531,0.504679757753716,0.350890071572766,0.00238575885483575,0.120022022389429
241273.411807,2743366.126422,0.0161379057399597,0.0462130937098845,0.0102695763799743,0.489271960388777,0.0392444525949019,0.398863011186503
241773.411807,2743366.126422,0.0659703133589885,0.218251786695987,0.00696353307678211,0.0907091808686091,0.0848451530144768,0.533260032985157
242273.411807,2743366.126422,0.104973389612773,0.0873554780693705,0.00238575885483575,0.165167920719398,0.141860891906772,0.498256560836851
242773.411807,2743366.126422,0.097194205024757,0.39611223179901,0,0.0962772785622593,0.0792224463598019,0.331193838254172
243273.411807,2743366.126422,0.0683525746747297,0.062671797691039,0,0.427524280740333,0.161810518599963,0.279640828293934
243773.411807,2743366.126422,0.104055790053221,0.0710222059093412,0.000183519911910442,0.387961093778675,0.12442650027528,0.312350890071573
244273.411807,2743366.126422,0.0894920227397763,0.0236567027324409,0.00183385292499542,0.664771685310838,0.130020172382175,0.0902255639097744
244773.411807,2743366.126422,0.138537658053876,0.0399486897562763,0,0.492578339747114,0.161260765988638,0.167674546454096
245273.411807,2743366.126422,0.077995962561938,0.0337676637915214,0.00146815929528354,0.77610570746926,0.0899247568361167,0.02073775004588
245773.411807,2743366.126422,0.0970108197322575,0.0597836053548505,0.00605171465248487,0.531633962956171,0.127086007702182,0.178433889602054
246273.411807,2743366.126422,0.0544255085211655,0.0229063588052043,0.00714678394722375,0.828660436137072,0.0641378046545721,0.0227231079347627
246773.411807,2743366.126422,0.0578087722517893,0.0168838318957607,0.00146815929528354,0.846026793907139,0.0545054138374014,0.0233070288126262
247273.411807,2743366.126422,0.0810562992847974,0.0198056115899505,0,0.72400513478819,0.107463781404731,0.0676691729323308
247773.411807,2743366.126422,0.0951072017592084,0.042147700201576,0,0.719992669965182,0.0874106652006597,0.0553417628733736
248273.411807,2743366.126422,0.255826757203157,0.0350523031748945,0.000183519911910442,0.339144797210497,0.179849513672233,0.189943108827308
248773.411807,2743366.126422,0.369704749679076,0.0388776820099028,0,0.223730056849441,0.22006235099945,0.147625160462131
249273.411807,2743366.126422,0.337914605094374,0.0430639545537841,0.000916254352208173,0.289169873556899,0.213304013194063,0.115631299248671
249773.411807,2743366.126422,0.220449062905919,0.0304323622193357,0.00389682686954908,0.522545926888105,0.154759695676378,0.0679161254407126
239273.411807,2742866.126422,0,0,0.383119266055046,0.616880733944954,0,0
239773.411807,2742866.126422,0,0,0.19115758576408,0.80884241423592,0,0
240273.411807,2742866.126422,0,0,0.663553113553114,0.336446886446886,0,0
240773.411807,2742866.126422,0,0.0475229357798165,0.118348623853211,0.639082568807339,0,0.195045871559633
241273.411807,2742866.126422,0.098147128967162,0.0625573289304715,0.0598055402678408,0.099431297009723,0.0387084938543387,0.641350210970464
241773.411807,2742866.126422,0.060989010989011,0.211721611721612,0.0380952380952381,0.178571428571429,0.121062271062271,0.38956043956044
242273.411807,2742866.126422,0.0686238532110092,0.0288073394495413,0,0.690275229357798,0.149724770642202,0.0625688073394495
242773.411807,2742866.126422,0.141075032104201,0.0442120711796001,0,0.308750687947166,0.150064208402128,0.355898000366905
243273.411807,2742866.126422,0.0386446886446886,0.00659340659340659,0.000183150183150183,0.861172161172161,0.0758241758241758,0.0175824175824176
