"x","y","forest","agri","water","built","other","grass"
262773.411807,2626866.126422,0.887912753710997,0.0402908209633444,0,0,0.000605877006967586,0.0711905483186913
263273.411807,2626866.126422,0.755494505494505,0.0232600732600733,0,0.0010989010989011,0.00293040293040293,0.217216117216117
263773.411807,2626866.126422,0.633882783882784,0.00238095238095238,0.000183150183150183,0.000183150183150183,0.00201465201465201,0.361355311355311
264273.411807,2626866.126422,0.544187752108544,0.0588558855885589,0.00128346167950128,0.165933259992666,0.0506050605060506,0.179134580124679
264773.411807,2626866.126422,0.476739926739927,0.080952380952381,0,0.123626373626374,0.0342490842490843,0.284432234432234
265273.411807,2626866.126422,0.222344322344322,0.0529304029304029,0.000366300366300366,0.00952380952380952,0.0285714285714286,0.686263736263736
265773.411807,2626866.126422,0.322698936560323,0.0271360469380271,0,0,0.00641730839750642,0.643747708104144
266273.411807,2626866.126422,0.569230769230769,0.0117216117216117,0,0,0.00183150183150183,0.417216117216117
266773.411807,2626866.126422,0.765750915750916,0.000366300366300366,0,0,0.000732600732600733,0.233150183150183
267273.411807,2626866.126422,0.911624495782912,0.000183351668500183,0,0,0.000366703337000367,0.0878254492115878
267773.411807,2626866.126422,0.975824175824176,0,0,0,0,0.0241758241758242
268273.411807,2626866.126422,0.975457875457875,0,0,0,0,0.0245421245421245
268773.411807,2626866.126422,0.936560322698937,0.00183351668500183,0,0,0.00055005500550055,0.0610561056105611
269273.411807,2626866.126422,0.916117216117216,0.0021978021978022,0,0.000366300366300366,0.00311355311355311,0.0782051282051282
269773.411807,2626866.126422,0.993772893772894,0,0,0,0,0.00622710622710623
270273.411807,2626866.126422,0.905940594059406,0.00183351668500183,0,0.0077007700770077,0.00641730839750642,0.0781078107810781
270773.411807,2626866.126422,0.787912087912088,0.017032967032967,0,0.00476190476190476,0.0195970695970696,0.170695970695971
271273.411807,2626866.126422,0.875091575091575,0.00787545787545788,0,0,0.000915750915750916,0.116117216117216
271773.411807,2626866.126422,0.915291529152915,0.0121012101210121,0,0,0.000733406674000733,0.0718738540520719
272273.411807,2626866.126422,0.8496336996337,0.000732600732600733,0,0.000366300366300366,0.00311355311355311,0.146153846153846
272773.411807,2626866.126422,0.781501831501832,0.00183150183150183,0,0.00384615384615385,0.0142857142857143,0.198534798534799
273273.411807,2626866.126422,0.652181884855152,0.000183351668500183,0,0,0,0.347634763476348
273773.411807,2626866.126422,0.338644688644689,0,0,0,0,0.661355311355311
274273.411807,2626866.126422,0.21996336996337,0,0,0,0,0.78003663003663
274773.411807,2626866.126422,0.0372203887055372,0.00146681334800147,0,0.00055005500550055,0.00513384671800513,0.955628896222956
275273.411807,2626866.126422,0.0473568281938326,0.228891336270191,0,0,0,0.723751835535977
262773.411807,2626366.126422,0.451515151515152,0.0151515151515152,0,0,0.0145454545454545,0.518787878787879
263273.411807,2626366.126422,0.392916131400257,0.0341347036153423,0,0.0034868783262984,0.0194531106625069,0.550009175995596
263773.411807,2626366.126422,0.626444159178434,0.0122868145974693,0,0.00183385292499542,0.0119200440124702,0.347515129286631
264273.411807,2626366.126422,0.621220450797141,0.0159428257284222,0.0192413413963716,0.192963166575041,0.0282206340480117,0.122411581455012
264773.411807,2626366.126422,0.335657918884199,0.0695540466140576,0.0924940356028629,0.269407230684529,0.0754266837951918,0.157460084419159
265273.411807,2626366.126422,0.273244085824317,0.0768384375573079,0.0258573262424354,0.0748211993398129,0.0717036493673207,0.477535301668806
265773.411807,2626366.126422,0.149715961150815,0.100787978742899,0.0203408466190214,0.0844786512735936,0.0833791460509437,0.561297416162727
266273.411807,2626366.126422,0.173059276931547,0.0484492567443568,0.00862543585979079,0.058909891723252,0.0291796659937603,0.681776472747293
266773.411807,2626366.126422,0.502659086741243,0.000183385292499542,0,0,0,0.497157527966257
267273.411807,2626366.126422,0.91148982957669,0.000366501740883269,0,0,0,0.0881436686824262
267773.411807,2626366.126422,0.926592035235823,0.00165167920719398,0,0,0.00440447788585061,0.0673518076711323
268273.411807,2626366.126422,0.97615991197506,0,0,0,0,0.0238400880249404
268773.411807,2626366.126422,0.925600146600696,0.00183250870441635,0,0,0.00128275609309144,0.0712845886017959
269273.411807,2626366.126422,0.943292347219673,0.00238575885483575,0,0.000917599559552211,0.0034868783262984,0.0499174160396403
269773.411807,2626366.126422,0.958921694480103,0.00146708233999633,0.000183385292499542,0.000366770584999083,0.00293416467999266,0.0361269026224097
270273.411807,2626366.126422,0.983324170789811,0,0,0,0,0.0166758292101887
270773.411807,2626366.126422,0.96678289594421,0.00146815929528354,0,0,0.00201871903101487,0.0297302257294917
271273.411807,2626366.126422,0.988263341280029,0.000916926462497708,0,0,0,0.010819732257473
271773.411807,2626366.126422,0.938794209272494,0,0,0,0,0.061205790727506
272273.411807,2626366.126422,0.926775555147734,0.000183519911910442,0,0,0.000550559735731327,0.0724903652046247
272773.411807,2626366.126422,0.867779204107831,0.000366770584999083,0,0,0,0.13185402530717
273273.411807,2626366.126422,0.520982224665567,0.000733003481766538,0,0,0,0.478284771852666
273773.411807,2626366.126422,0.216737015966232,0,0,0,0,0.783262984033768
274273.411807,2626366.126422,0.517880066018705,0,0,0,0,0.482119933981295
274773.411807,2626366.126422,0.408649441084845,0.000183250870441635,0,0,0.000916254352208173,0.590251053692505
275273.411807,2626366.126422,0.357668260389849,0.0294225818315557,0.00128723795513056,0.00055167340934167,0.00937844795880838,0.601691798455315
262773.411807,2625866.126422,0.276801938219261,0,0,0,0.000605693519079346,0.72259236826166
263273.411807,2625866.126422,0.455963302752294,0.028256880733945,0,0.00201834862385321,0.0473394495412844,0.466422018348624
263773.411807,2625866.126422,0.596771234635847,0.0161438268207668,0,0,0.002568336085122,0.384516602458265
264273.411807,2625866.126422,0.727289377289377,0.000183150183150183,0,0,0.00256410256410256,0.26996336996337
264773.411807,2625866.126422,0.698715596330275,0.00293577981651376,0.00018348623853211,0.00568807339449541,0.0100917431192661,0.282385321100917
265273.411807,2625866.126422,0.684278114107503,0.0163272793982755,0.00110071546505228,0.0533847000550358,0.00733810310034856,0.237571087873785
265773.411807,2625866.126422,0.262454212454212,0.076007326007326,0.107326007326007,0.166483516483516,0.0820512820512821,0.305677655677656
266273.411807,2625866.126422,0.239816513761468,0.0763302752293578,0.222018348623853,0.0748623853211009,0.0322935779816514,0.354678899082569
266773.411807,2625866.126422,0.649238671803339,0.0229315721885892,0.019262520638415,0.0198128783709411,0.0284351495138507,0.260319207484865
267273.411807,2625866.126422,0.889010989010989,0.00586080586080586,0,0,0.00549450549450549,0.0996336996336996
267773.411807,2625866.126422,0.951192660550459,0.00275229357798165,0,0,0,0.0460550458715596
268273.411807,2625866.126422,0.96862960924601,0,0,0.00110071546505228,0.00238488350761328,0.0278847917813245
268773.411807,2625866.126422,0.935164835164835,0.00879120879120879,0.000183150183150183,0.00366300366300366,0.00989010989010989,0.0423076923076923
269273.411807,2625866.126422,0.880917431192661,0.0128440366972477,0.00201834862385321,0.00128440366972477,0.018348623853211,0.0845871559633028
269773.411807,2625866.126422,0.958723170060539,0.00091726288754357,0,0,0.000183452577508714,0.0401761144744084
270273.411807,2625866.126422,0.966117216117216,0.0043956043956044,0,0,0.000732600732600733,0.0287545787545788
270773.411807,2625866.126422,0.980366972477064,0,0,0,0,0.0196330275229358
271273.411807,2625866.126422,0.955604476242891,0,0,0,0,0.0443955237571088
271773.411807,2625866.126422,0.931501831501832,0.000549450549450549,0,0,0.00347985347985348,0.0644688644688645
272273.411807,2625866.126422,0.904770642201835,0.0106422018348624,0,0,0.00110091743119266,0.0834862385321101
272773.411807,2625866.126422,0.842414235920015,0.00733810310034856,0,0,0,0.150247660979637
273273.411807,2625866.126422,0.668498168498168,0.000183150183150183,0,0,0,0.331318681318681
273773.411807,2625866.126422,0.295963302752294,0.00165137614678899,0,0.00073394495412844,0.0018348623853211,0.699816513761468
274273.411807,2625866.126422,0.478260869565217,0.000183452577508714,0,0,0,0.521555677857274
274773.411807,2625866.126422,0.745238095238095,0.00311355311355311,0,0,0.000549450549450549,0.251098901098901
275273.411807,2625866.126422,0.837837837837838,0.00220628792057364,0,0,0.000551571980143409,0.159404302261445
262773.411807,2625366.126422,0.47924871251136,0.00575583156619206,0,0,0.00969403211148137,0.505301423810966
263273.411807,2625366.126422,0.841025641025641,0.0117216117216117,0,0.000549450549450549,0.00824175824175824,0.138461538461538
263773.411807,2625366.126422,0.716117216117216,0.0357142857142857,0,0.000183150183150183,0.00201465201465201,0.245970695970696
264273.411807,2625366.126422,0.468830216354969,0.07004033736707,0,0,0.00366703337000367,0.457462412907957
264773.411807,2625366.126422,0.547435897435897,0.0139194139194139,0,0,0.00256410256410256,0.436080586080586
265273.411807,2625366.126422,0.316300366300366,0.0208791208791209,0.115384615384615,0.367765567765568,0.0428571428571429,0.136813186813187
265773.411807,2625366.126422,0.363953061972864,0.0498716538320499,0.111661166116612,0.106343967730106,0.0518885221855519,0.316281628162816
266273.411807,2625366.126422,0.398351648351648,0.0316849816849817,0.000549450549450549,0.054029304029304,0.0282051282051282,0.487179487179487
266773.411807,2625366.126422,0.634981684981685,0.0212454212454212,0.000183150183150183,0.000366300366300366,0.00860805860805861,0.334615384615385
267273.411807,2625366.126422,0.91969196919692,0.00293362669600293,0,0,0.00201686835350202,0.0753575357535754
267773.411807,2625366.126422,0.966849816849817,0.0010989010989011,0,0,0,0.032051282051282
268273.411807,2625366.126422,1,0,0,0,0,0
268773.411807,2625366.126422,0.899156582324899,0.0122845617895123,0.000183351668500183,0.00146681334800147,0.00971763843050972,0.0771910524385772
269273.411807,2625366.126422,0.843406593406593,0.0181318681318681,0.0010989010989011,0.000732600732600733,0.0135531135531136,0.123076923076923
269773.411807,2625366.126422,0.903479853479853,0.000183150183150183,0,0,0.000732600732600733,0.0956043956043956
270273.411807,2625366.126422,0.813714704803814,0.0146681334800147,0,0.0254858819215255,0.0205353868720205,0.125595892922626
270773.411807,2625366.126422,0.964468864468864,0,0,0,0,0.0355311355311355
271273.411807,2625366.126422,0.952380952380952,0.00201465201465201,0,0,0,0.0456043956043956
271773.411807,2625366.126422,0.965713237990466,0.0011001100110011,0,0,0,0.0331866519985332
272273.411807,2625366.126422,0.8996336996337,0.000366300366300366,0,0,0,0.1
272773.411807,2625366.126422,0.864468864468865,0.00164835164835165,0,0,0,0.133882783882784
273273.411807,2625366.126422,0.53006967363403,0,0,0,0,0.46993032636597
273773.411807,2625366.126422,0.278388278388278,0.0043956043956044,0,0,0,0.717216117216117
274273.411807,2625366.126422,0.401282051282051,0,0,0,0,0.598717948717949
274773.411807,2625366.126422,0.286028602860286,0.00183351668500183,0,0,0,0.712137880454712
275273.411807,2625366.126422,0.701908957415565,0.00550660792951542,0,0.000183553597650514,0.000183553597650514,0.292217327459618
262773.411807,2624866.126422,0.326666666666667,0.108484848484848,0.0748484848484848,0.253333333333333,0.0739393939393939,0.162727272727273
263273.411807,2624866.126422,0.692053587814278,0.0642319691686548,0.0229399889888053,0.0187190310148651,0.0262433474031932,0.175812075610204
263773.411807,2624866.126422,0.590500641848524,0.0293416467999266,0,0.000183385292499542,0.00458463231248854,0.375389693746562
264273.411807,2624866.126422,0.468389224848818,0.0166758292101887,0,0.0175920835623969,0.0329851566794942,0.464357705699102
264773.411807,2624866.126422,0.586896678289594,0,0,0,0.000367039823820885,0.412736281886585
265273.411807,2624866.126422,0.947185035760132,0,0,0,0,0.052814964239868
265773.411807,2624866.126422,0.104452996151732,0.0634048011728056,0.141469671980942,0.472054242257651,0.0698185816382628,0.148799706798607
266273.411807,2624866.126422,0.22829877041659,0.0767113231785649,0.193613507065517,0.190493668563039,0.0669847678473114,0.243897962928978
266773.411807,2624866.126422,0.429671740326426,0.0750045846323125,0.0759215110948102,0.0097194205024757,0.0757381258023107,0.333944617641665
267273.411807,2624866.126422,0.831592450064138,0.00403151914971596,0.000366501740883269,0.00256551218618288,0.0185083379146051,0.142935678944475
267773.411807,2624866.126422,0.908423563956689,0.0198201504863278,0,0.000183519911910442,0.00330335841438796,0.0682694072306845
268273.411807,2624866.126422,0.963506326792591,0,0,0,0,0.0364936732074088
268773.411807,2624866.126422,0.795858530328019,0.0142935678944475,0.000366501740883269,0.00329851566794942,0.0254718709913872,0.160711013377314
269273.411807,2624866.126422,0.857772068269407,0.0135804734813727,0.0012846393833731,0.000734079647641769,0.00734079647641769,0.119287942741787
269773.411807,2624866.126422,0.815697781037961,0.0262240968274344,0.000183385292499542,0.00293416467999266,0.00495140289748762,0.150009169264625
270273.411807,2624866.126422,0.885834707714862,0.00128275609309144,0,0,0,0.112882536192047
270773.411807,2624866.126422,0.832079280601945,0.00146815929528354,0,0,0.000183519911910442,0.166269040190861
271273.411807,2624866.126422,0.93214744177517,0.00128369704749679,0,0,0.000550155877498625,0.066018705299835
271773.411807,2624866.126422,0.891515484698552,0.0053142752428074,0,0,0.00366501740883269,0.0995052226498076
272273.411807,2624866.126422,0.897595889153973,0,0,0,0,0.102404110846027
272773.411807,2624866.126422,0.845039427837887,0.00513478818998716,0,0,0.000733541169998166,0.149092242802127
273273.411807,2624866.126422,0.699102070734836,0,0,0,0,0.300897929265164
273773.411807,2624866.126422,0.504863277665627,0.0367039823820885,0.00734079647641769,0.0100935951550743,0.0315654248485961,0.409432923472197
274273.411807,2624866.126422,0.251788006601871,0.0218228498074454,0,0,0.000183385292499542,0.726205758298184
274773.411807,2624866.126422,0.579989004947774,0.0042147700201576,0,0,0,0.415796225032069
275273.411807,2624866.126422,0.540456050018389,0,0,0,0,0.459543949981611
262773.411807,2624366.126422,0.722895215021199,0.0693519079345851,0.107510599636584,0.0590551181102362,0.00605693519079346,0.0351302241066021
263273.411807,2624366.126422,0.66954128440367,0.0537614678899083,0.00697247706422018,0.0339449541284404,0.0510091743119266,0.184770642201835
263773.411807,2624366.126422,0.35809943129701,0.0451293340671436,0.0163272793982755,0.120528343423225,0.0651256650155935,0.394789946798753
264273.411807,2624366.126422,0.502014652014652,0.0261904761904762,0,0.00384615384615385,0.036996336996337,0.430952380952381
264773.411807,2624366.126422,0.34348623853211,0.0537614678899083,0,0.0370642201834862,0.0930275229357798,0.472660550458716
265273.411807,2624366.126422,0.735277930654926,0.00898917629792699,0,0.00091726288754357,0.0117409649605577,0.243074665199046
265773.411807,2624366.126422,0.572710622710623,0.0102564102564103,0.000183150183150183,0.0157509157509158,0.0163003663003663,0.384798534798535
266273.411807,2624366.126422,0.26,0.071743119266055,0.215963302752294,0.157247706422018,0.0377981651376147,0.257247706422018
266773.411807,2624366.126422,0.678591084204733,0.00587048248027885,0.011557512383049,0.002568336085122,0.00678774536782242,0.294624839478995
267273.411807,2624366.126422,0.842857142857143,0.00842490842490842,0,0.00732600732600733,0.0221611721611722,0.119230769230769
267773.411807,2624366.126422,0.92,0.00403669724770642,0.00018348623853211,0.00018348623853211,0.00642201834862385,0.0691743119266055
268273.411807,2624366.126422,0.966244725738397,0,0,0,0,0.0337552742616034
268773.411807,2624366.126422,0.908974358974359,0.0141025641025641,0.000732600732600733,0.000732600732600733,0.00787545787545788,0.0675824175824176
269273.411807,2624366.126422,0.874862385321101,0.00018348623853211,0,0,0.00055045871559633,0.124403669724771
269773.411807,2624366.126422,0.827004219409283,0.0266006237387635,0.00110071546505228,0.00880572372041827,0.015410016510732,0.121078701155751
270273.411807,2624366.126422,0.884065934065934,0.013003663003663,0.0144688644688645,0.00128205128205128,0.0164835164835165,0.0706959706959707
270773.411807,2624366.126422,0.95651376146789,0.00880733944954129,0.00073394495412844,0,0.00073394495412844,0.0332110091743119
271273.411807,2624366.126422,0.984589983489268,0.000733810310034856,0,0,0,0.0146762062006971
271773.411807,2624366.126422,0.947069597069597,0,0,0,0,0.0529304029304029
272273.411807,2624366.126422,0.945504587155963,0,0,0,0,0.0544954128440367
272773.411807,2624366.126422,0.973582828838745,0,0,0,0,0.0264171711612548
273273.411807,2624366.126422,0.673626373626374,0.0104395604395604,0.000183150183150183,0.00128205128205128,0.019047619047619,0.295421245421245
273773.411807,2624366.126422,0.811009174311927,0.00201834862385321,0,0,0.00036697247706422,0.186605504587156
274273.411807,2624366.126422,0.318473674555127,0.000733810310034856,0,0,0,0.680792515134838
274773.411807,2624366.126422,0.723992673992674,0,0,0,0,0.276007326007326
275273.411807,2624366.126422,0.753447324875896,0.00018385732671447,0,0,0.000551571980143409,0.245817245817246
262773.411807,2623866.126422,0.861557103907907,0.0502877915783096,0,0,0.00302938503483793,0.0851257194789458
263273.411807,2623866.126422,0.952197802197802,0.0265567765567766,0,0,0,0.0212454212454212
263773.411807,2623866.126422,0.716666666666667,0.0456043956043956,0,0.010989010989011,0.0249084249084249,0.201831501831502
264273.411807,2623866.126422,0.290612394572791,0.0408874220755409,0.0335533553355336,0.253575357535754,0.0597726439310598,0.321598826549322
264773.411807,2623866.126422,0.33040293040293,0.0507326007326007,0.0228937728937729,0.0880952380952381,0.0503663003663004,0.457509157509157
265273.411807,2623866.126422,0.445238095238095,0.0679487179487179,0.0221611721611722,0.0355311355311355,0.0402930402930403,0.388827838827839
265773.411807,2623866.126422,0.598276494316098,0.0892922625595893,0.0247524752475248,0.0154015401540154,0.0104510451045105,0.261826182618262
266273.411807,2623866.126422,0.656593406593407,0.0899267399267399,0.0326007326007326,0.0353479853479853,0.0133699633699634,0.172161172161172
266773.411807,2623866.126422,0.89010989010989,0.00512820512820513,0.000183150183150183,0,0.00146520146520147,0.103113553113553
267273.411807,2623866.126422,0.786762009534287,0.0225522552255226,0,0.00256692335900257,0.0231023102310231,0.165016501650165
267773.411807,2623866.126422,0.807142857142857,0.0205128205128205,0.00677655677655678,0.0353479853479853,0.0272893772893773,0.102930402930403
268273.411807,2623866.126422,0.953663003663004,0,0,0,0,0.0463369963369963
268773.411807,2623866.126422,0.918775210854419,0,0,0,0,0.0812247891455812
269273.411807,2623866.126422,0.729120879120879,0.00677655677655678,0,0.0137362637362637,0.00787545787545788,0.242490842490842
269773.411807,2623866.126422,0.454212454212454,0.0474358974358974,0.0946886446886447,0.0732600732600733,0.03003663003663,0.3003663003663
270273.411807,2623866.126422,0.508800880088009,0.052988632196553,0.194536120278695,0.0304363769710304,0.0507884121745508,0.162449578291162
270773.411807,2623866.126422,0.91959706959707,0.00311355311355311,0,0.000183150183150183,0.00531135531135531,0.0717948717948718
271273.411807,2623866.126422,0.958974358974359,0,0,0,0,0.041025641025641
271773.411807,2623866.126422,0.920792079207921,0.000366703337000367,0,0.000183351668500183,0.00165016501650165,0.077007700770077
272273.411807,2623866.126422,0.856410256410256,0.0104395604395604,0,0.00567765567765568,0.0173992673992674,0.11007326007326
272773.411807,2623866.126422,0.906593406593407,0.0141025641025641,0.000366300366300366,0.000366300366300366,0.00824175824175824,0.0703296703296703
273273.411807,2623866.126422,0.867803447011368,0.0144847818115145,0.00183351668500183,0.0033003300330033,0.0170517051705171,0.0955262192885955
273773.411807,2623866.126422,0.72985347985348,0.0236263736263736,0,0.0010989010989011,0.00970695970695971,0.235714285714286
274273.411807,2623866.126422,0.712637362637363,0,0,0,0.000366300366300366,0.286996336996337
274773.411807,2623866.126422,0.88998899889989,0.00055005500550055,0,0,0,0.109460946094609
275273.411807,2623866.126422,0.559838472834068,0.0247797356828194,0,0.0146842878120411,0.0321218795888399,0.368575624082232
262773.411807,2623366.126422,0.977878787878788,0.000303030303030303,0,0,0,0.0218181818181818
263273.411807,2623366.126422,0.964397137089374,0.00495503762158194,0,0,0,0.0306478252890439
263773.411807,2623366.126422,0.653401797175867,0.00825233816247937,0,0.00201723821749496,0.0110031175499725,0.325325508894187
264273.411807,2623366.126422,0.584753527579256,0.0232728605460876,0.00274876305662452,0.0712845886017959,0.0295033901411032,0.288436870075133
264773.411807,2623366.126422,0.723619012662874,0.00972655533125344,0,0.000183519911910442,0.00220223894292531,0.264268673151037
265273.411807,2623366.126422,0.522464698331194,0.0506143407298735,0.0229231615624427,0.118100128369705,0.0306253438474234,0.255272327159362
265773.411807,2623366.126422,0.471504489646326,0.0525929998167491,0.0183250870441635,0.0296866410115448,0.0419644493311343,0.385926333150082
266273.411807,2623366.126422,0.542301339695357,0.0117452743622683,0,0.0229399889888053,0.0385391815011929,0.384474215452377
266773.411807,2623366.126422,0.942233632862644,0.000183385292499542,0,0,0,0.057582981844856
267273.411807,2623366.126422,0.767821147150449,0.0131940626717977,0,0.00219901044529962,0.0100787978742899,0.206706981858164
267773.411807,2623366.126422,0.678106074509084,0.0236740686364471,0,0.0356028629106258,0.0396403009726555,0.222976692971187
268273.411807,2623366.126422,0.909957821382725,0.00128369704749679,0.000366770584999083,0.00366770584999083,0.00806895286997983,0.0766550522648084
268773.411807,2623366.126422,0.898845519516218,0,0,0,0.000366501740883269,0.100787978742899
269273.411807,2623366.126422,0.583776839787117,0.0378051018535511,0.00623967700495504,0.125344099834832,0.0387227014131033,0.208111580106442
269773.411807,2623366.126422,0.471483587016321,0.0555657436273611,0.0645516229598386,0.110764716669723,0.0698697964423253,0.227764533284431
270273.411807,2623366.126422,0.574124977093641,0.0491112332783581,0.00934579439252336,0.0619387942092725,0.0458127176104087,0.259666483415796
270773.411807,2623366.126422,0.82969352174711,0.00844191594788034,0,0.00770783630023858,0.00935951550743256,0.144797210497339
271273.411807,2623366.126422,0.889418668622776,0.00238400880249404,0,0.000183385292499542,0.00550155877498625,0.102512378507244
271773.411807,2623366.126422,0.926882902693788,0,0,0,0,0.0731170973062122
272273.411807,2623366.126422,0.870067902367407,0.0102771150669848,0,0.00880895577170123,0.0165167920719398,0.0943292347219673
272773.411807,2623366.126422,0.926279112415184,0.00385109114249037,0,0,0,0.0698697964423253
273273.411807,2623366.126422,0.973978376397288,0,0,0,0,0.0260216236027121
273773.411807,2623366.126422,0.82969352174711,0.00293631859056708,0,0,0,0.167370159662323
274273.411807,2623366.126422,0.684210526315789,0.00550155877498625,0.00898587933247754,0.00623509994498441,0.00550155877498625,0.289565376856776
274773.411807,2623366.126422,0.698369067253069,0.000366501740883269,0,0,0,0.301264431006047
275273.411807,2623366.126422,0.492460463405664,0.00202280250091946,0,0.00055167340934167,0.00165502022802501,0.50331004045605
262773.411807,2622866.126422,0.975166565717747,0,0,0,0,0.0248334342822532
263273.411807,2622866.126422,0.957064220183486,0,0,0,0,0.0429357798165138
263773.411807,2622866.126422,0.838011374059806,0,0,0,0.000183452577508714,0.161805173362686
264273.411807,2622866.126422,0.517032967032967,0.00567765567765568,0.00293040293040293,0.0104395604395604,0.00274725274725275,0.461172161172161
264773.411807,2622866.126422,0.717614678899083,0.036697247706422,0.0541284403669725,0.0394495412844037,0.00825688073394495,0.143853211009174
265273.411807,2622866.126422,0.735277930654926,0.00752155567785727,0.000366905155017428,0.00330214639515685,0.00183452577508714,0.251696936341956
265773.411807,2622866.126422,0.465567765567766,0.0227106227106227,0,0.0347985347985348,0.0578754578754579,0.419047619047619
266273.411807,2622866.126422,0.628990825688073,0.0293577981651376,0.0201834862385321,0.0970642201834862,0.0291743119266055,0.195229357798165
266773.411807,2622866.126422,0.863327829756008,0.0121078701155751,0,0,0.000550357732526142,0.124013942395891
267273.411807,2622866.126422,0.803296703296703,0.0254578754578755,0.000549450549450549,0.00366300366300366,0.00677655677655678,0.16025641025641
267773.411807,2622866.126422,0.785321100917431,0.0223853211009174,0.00587155963302752,0.0357798165137615,0.0172477064220183,0.133394495412844
268273.411807,2622866.126422,0.754356998715832,0.0152265639332233,0.0111906072280316,0.0985140341221794,0.0122913226930838,0.10842047330765
268773.411807,2622866.126422,0.726007326007326,0.0304029304029304,0.00274725274725275,0.0371794871794872,0.0135531135531136,0.19010989010989
269273.411807,2622866.126422,0.757247706422018,0.0544954128440367,0.00458715596330275,0.023302752293578,0.0174311926605505,0.142935779816514
269773.411807,2622866.126422,0.736195193542469,0.0487983856173179,0.0168776371308017,0.0229315721885892,0.0214639515685195,0.153733259952302
270273.411807,2622866.126422,0.822710622710623,0.00879120879120879,0.00293040293040293,0.0144688644688645,0.0225274725274725,0.128571428571429
270773.411807,2622866.126422,0.911559633027523,0.00311926605504587,0.00055045871559633,0.00073394495412844,0.00275229357798165,0.0812844036697248
271273.411807,2622866.126422,0.866996881306182,0.00972298660796184,0,0.0121078701155751,0.0273344340487984,0.0838378279214823
271773.411807,2622866.126422,0.873443223443223,0.0161172161172161,0.000732600732600733,0.00824175824175824,0.0181318681318681,0.0833333333333333
272273.411807,2622866.126422,0.903853211009174,0.00972477064220183,0.00018348623853211,0,0.00165137614678899,0.0845871559633028
272773.411807,2622866.126422,0.906439185470556,0.0196294257934324,0,0,0.000733810310034856,0.0731975784259769
273273.411807,2622866.126422,0.913919413919414,0.00677655677655678,0.000183150183150183,0.000183150183150183,0.00347985347985348,0.0754578754578755
273773.411807,2622866.126422,0.94954128440367,0.0018348623853211,0,0.00036697247706422,0.000917431192660551,0.0473394495412844
274273.411807,2622866.126422,0.800036690515502,0.00458631443771785,0,0,0,0.19537699504678
274773.411807,2622866.126422,0.415934065934066,0,0,0,0,0.584065934065934
275273.411807,2622866.126422,0.439051296194153,0,0,0,0,0.560948703805847
262773.411807,2622366.126422,0.923962435625568,0.0084822780975462,0,0.0278703423205089,0.0118146016358679,0.0278703423205089
263273.411807,2622366.126422,0.924175824175824,0.000183150183150183,0,0.00512820512820513,0.0181318681318681,0.0523809523809524
263773.411807,2622366.126422,0.956410256410256,0,0,0,0,0.0435897435897436
264273.411807,2622366.126422,0.678767876787679,0.0284195086175284,0.0408874220755409,0.0955262192885955,0.0262192885955262,0.13017968463513
264773.411807,2622366.126422,0.644139194139194,0.0289377289377289,0.0406593406593407,0.0644688644688645,0.023992673992674,0.197802197802198
265273.411807,2622366.126422,0.771062271062271,0.00549450549450549,0,0,0.0010989010989011,0.222344322344322
265773.411807,2622366.126422,0.475430876420975,0.0108177484415108,0.00128346167950128,0.00751741840850752,0.00788412174550788,0.497066373303997
266273.411807,2622366.126422,0.586996336996337,0.0692307692307692,0.0119047619047619,0.0205128205128205,0.0408424908424908,0.27051282051282
266773.411807,2622366.126422,0.769413919413919,0.0214285714285714,0.00384615384615385,0.00805860805860806,0.0106227106227106,0.186630036630037
267273.411807,2622366.126422,0.907407407407407,0.0256692335900257,0,0,0.00238357169050238,0.0645397873120645
267773.411807,2622366.126422,0.803113553113553,0.0758241758241758,0.00622710622710623,0.00567765567765568,0,0.109157509157509
268273.411807,2622366.126422,0.981318681318681,0.00146520146520147,0,0,0,0.0172161172161172
268773.411807,2622366.126422,0.929042904290429,0.026952695269527,0,0,0,0.044004400440044
269273.411807,2622366.126422,0.953479853479854,0.00989010989010989,0,0,0,0.0366300366300366
269773.411807,2622366.126422,0.953479853479854,0.000732600732600733,0,0,0,0.0457875457875458
270273.411807,2622366.126422,0.896222955628896,0.0207187385405207,0,0.000916758342500917,0.00183351668500183,0.0803080308030803
270773.411807,2622366.126422,0.76007326007326,0.0166666666666667,0.000183150183150183,0.0358974358974359,0.0186813186813187,0.168498168498169
271273.411807,2622366.126422,0.728754578754579,0.0179487179487179,0.00164835164835165,0.032967032967033,0.0184981684981685,0.20018315018315
271773.411807,2622366.126422,0.895856252291896,0.00495049504950495,0,0,0,0.0991932526585992
272273.411807,2622366.126422,0.968681318681319,0.00146520146520147,0,0,0,0.0298534798534799
272773.411807,2622366.126422,0.92948717948718,0.00164835164835165,0,0,0,0.0688644688644689
273273.411807,2622366.126422,0.935276861019435,0.00311697836450312,0,0,0,0.0616061606160616
273773.411807,2622366.126422,0.88040293040293,0.013003663003663,0,0,0.000366300366300366,0.106227106227106
274273.411807,2622366.126422,0.827838827838828,0.0351648351648352,0,0,0,0.136996336996337
274773.411807,2622366.126422,0.796296296296296,0.00495049504950495,0,0,0,0.198753208654199
275273.411807,2622366.126422,0.787261380323054,0.00183553597650514,0,0,0,0.210903083700441
262773.411807,2621866.126422,0.498181818181818,0.0475757575757576,0.00242424242424242,0.262727272727273,0.112727272727273,0.0763636363636364
263273.411807,2621866.126422,0.2864745824922,0.0482657368324463,0.0137639933932832,0.351440631308497,0.125527619746743,0.174527436226831
263773.411807,2621866.126422,0.597836053548505,0.0671190170548322,0.00568494406748579,0.0276911791674308,0.0337428938199156,0.26792591234183
264273.411807,2621866.126422,0.3811618105186,0.0267546270844787,0.0795308777716694,0.214953271028037,0.0698185816382628,0.227780831958952
264773.411807,2621866.126422,0.558634611855386,0.0407414204441182,0.198201504863278,0.0275279867865663,0.0504679757753716,0.12442650027528
265273.411807,2621866.126422,0.842105263157895,0,0,0,0,0.157894736842105
265773.411807,2621866.126422,0.684258750229064,0.00256551218618288,0,0.00109950522264981,0.0042147700201576,0.307861462341946
266273.411807,2621866.126422,0.565791888419894,0.0831345200954303,0.0216553496054322,0.0475316571848046,0.0288126261699394,0.2530739585245
266773.411807,2621866.126422,0.707317073170732,0.075187969924812,0.00623509994498441,0.00990280579497524,0.0218228498074454,0.179534201357051
267273.411807,2621866.126422,0.666300164925783,0.0155763239875389,0,0.00439802089059923,0.030602895363753,0.283122594832325
267773.411807,2621866.126422,0.757753716278216,0.00679023674068636,0.00587263718113415,0.0139475133051936,0.0205542301339695,0.1950816663608
268273.411807,2621866.126422,0.783788740143041,0.00348432055749129,0,0,0.00623509994498441,0.206491839354484
268773.411807,2621866.126422,0.661535642294301,0.00568077698369067,0,0.000183250870441635,0.00787978742899029,0.324720542422577
269273.411807,2621866.126422,0.786749862360066,0,0,0,0,0.213250137639934
269773.411807,2621866.126422,0.943700715202641,0.00146708233999633,0,0,0,0.0548322024573629
270273.411807,2621866.126422,0.973795125526846,0,0,0,0,0.0262048744731537
270773.411807,2621866.126422,0.976509451275463,0,0,0,0,0.0234905487245366
271273.411807,2621866.126422,0.69594718503576,0.0451127819548872,0.00348432055749129,0.0808729139922978,0.0225563909774436,0.15202640748212
271773.411807,2621866.126422,0.634048011728056,0.0324354040681693,0.000916254352208173,0.0322521531977277,0.0203408466190214,0.280007330034818
272273.411807,2621866.126422,0.928794274178748,0.00660671682877592,0,0,0.000917599559552211,0.0636814094329235
272773.411807,2621866.126422,0.943517329910141,0,0,0.000183385292499542,0.00110031175499725,0.055198973042362
273273.411807,2621866.126422,0.948873007146784,0.00109950522264981,0,0,0.000366501740883269,0.049660985889683
273773.411807,2621866.126422,0.858139108093228,0.0104606349788952,0,0,0,0.131400256927877
274273.411807,2621866.126422,0.667522464698331,0.0115532734274711,0,0,0,0.320924261874198
274773.411807,2621866.126422,0.651273593549569,0.0377496793109767,0,0,0,0.310976727139454
275273.411807,2621866.126422,0.827877896285399,0.015630746598014,0,0,0,0.156491357116587
262773.411807,2621366.126422,0.914597213809812,0.00635978195033313,0,0.000908540278619019,0.00878255602665052,0.0693519079345851
263273.411807,2621366.126422,0.710825688073395,0.0310091743119266,0.0577981651376147,0.0877064220183486,0.0168807339449541,0.0957798165137615
263773.411807,2621366.126422,0.875068794716566,0.011557512383049,0.00550357732526142,0.000183452577508714,0.000366905155017428,0.107319757842598
264273.411807,2621366.126422,0.238827838827839,0.0324175824175824,0.197802197802198,0.395604395604396,0.0267399267399267,0.108608058608059
264773.411807,2621366.126422,0.728073394495413,0.02,0.0339449541284404,0.00256880733944954,0.0220183486238532,0.193394495412844
265273.411807,2621366.126422,0.660979636763896,0.0188956154833975,0.00513667217024399,0.00091726288754357,0.0150431113557145,0.299027701339204
265773.411807,2621366.126422,0.629487179487179,0.0126373626373626,0.000183150183150183,0,0.000732600732600733,0.356959706959707
266273.411807,2621366.126422,0.655045871559633,0.04,0,0.00642201834862385,0.00972477064220183,0.288807339449541
266773.411807,2621366.126422,0.64336818932306,0.0288020546688681,0,0.0188956154833975,0.0368739680792515,0.272060172445423
267273.411807,2621366.126422,0.614468864468865,0.0637362637362637,0.0157509157509158,0.0221611721611722,0.0206959706959707,0.263186813186813
267773.411807,2621366.126422,0.820550458715596,0.0548623853211009,0.0122935779816514,0.0121100917431193,0.00697247706422018,0.0932110091743119
268273.411807,2621366.126422,0.908824068978169,0.0168776371308017,0,0.000366905155017428,0.0117409649605577,0.062190423775454
268773.411807,2621366.126422,0.955494505494506,0.0236263736263736,0,0,0.00201465201465201,0.0188644688644689
269273.411807,2621366.126422,0.943853211009174,0.00220183486238532,0,0,0,0.0539449541284404
269773.411807,2621366.126422,0.94001100715465,0.00201797835259585,0,0,0,0.0579710144927536
270273.411807,2621366.126422,0.972893772893773,0.000183150183150183,0,0,0,0.0269230769230769
270773.411807,2621366.126422,0.948440366972477,0.00385321100917431,0,0,0.00110091743119266,0.046605504587156
271273.411807,2621366.126422,0.944597321592368,0.00146762062006971,0,0,0.00091726288754357,0.0530177949000183
271773.411807,2621366.126422,0.805677655677656,0.0331501831501832,0.00238095238095238,0.0302197802197802,0.0161172161172161,0.112454212454212
272273.411807,2621366.126422,0.968440366972477,0.00917431192660551,0,0.00201834862385321,0.000917431192660551,0.0194495412844037
272773.411807,2621366.126422,0.862227114290956,0.0539350577875619,0.000550357732526142,0.000733810310034856,0.00440286186020914,0.0781507980187122
273273.411807,2621366.126422,0.788095238095238,0.0646520146520147,0.0108058608058608,0.00787545787545788,0.0173992673992674,0.111172161172161
273773.411807,2621366.126422,0.608623853211009,0.0664220183486239,0.0137614678899083,0.00587155963302752,0.0555963302752294,0.249724770642202
274273.411807,2621366.126422,0.536782241790497,0.00440286186020914,0,0,0,0.458814896349294
274773.411807,2621366.126422,0.69029304029304,0,0,0,0,0.30970695970696
275273.411807,2621366.126422,0.915425629711344,0,0,0,0,0.084574370288656
262773.411807,2620866.126422,0.973038473189942,0,0,0,0,0.0269615268100576
263273.411807,2620866.126422,0.836813186813187,0.0010989010989011,0,0.000183150183150183,0.00256410256410256,0.159340659340659
263773.411807,2620866.126422,0.81996336996337,0.00586080586080586,0,0.00384615384615385,0.0131868131868132,0.157142857142857
264273.411807,2620866.126422,0.187752108544188,0.0359369270260359,0.233773377337734,0.313531353135314,0.0454712137880455,0.183535020168684
264773.411807,2620866.126422,0.805860805860806,0.00750915750915751,0.0142857142857143,0.00641025641025641,0.0263736263736264,0.13956043956044
265273.411807,2620866.126422,0.674358974358974,0.0271062271062271,0,0,0.00293040293040293,0.295604395604396
265773.411807,2620866.126422,0.312431243124312,0.0485881921525486,0.00366703337000367,0.3995232856619,0.0320865419875321,0.203703703703704
266273.411807,2620866.126422,0.436996336996337,0.0492673992673993,0.00293040293040293,0.234432234432234,0.0529304029304029,0.223443223443223
266773.411807,2620866.126422,0.465567765567766,0.0355311355311355,0.0111721611721612,0.0137362637362637,0.0214285714285714,0.452564102564103
267273.411807,2620866.126422,0.734506784011735,0.118628529519619,0.00586725339200587,0.00256692335900257,0.00256692335900257,0.135863586358636
267773.411807,2620866.126422,0.945970695970696,0.0232600732600733,0.00201465201465201,0,0.00476190476190476,0.023992673992674
268273.411807,2620866.126422,0.902564102564103,0.0234432234432234,0,0,0,0.073992673992674
268773.411807,2620866.126422,0.97029702970297,0.00293362669600293,0,0,0,0.0267693436010268
269273.411807,2620866.126422,0.994871794871795,0,0,0,0,0.00512820512820513
269773.411807,2620866.126422,0.995787545787546,0,0,0,0,0.00421245421245421
270273.411807,2620866.126422,0.988632196552989,0,0,0,0,0.0113678034470114
270773.411807,2620866.126422,0.885897435897436,0.017032967032967,0.000183150183150183,0.0346153846153846,0.0249084249084249,0.0373626373626374
271273.411807,2620866.126422,0.956227106227106,0.00695970695970696,0.000366300366300366,0.00347985347985348,0.00457875457875458,0.0283882783882784
271773.411807,2620866.126422,0.637697103043638,0.0757242390905757,0.00898423175650898,0.0396039603960396,0.0588558855885589,0.179134580124679
272273.411807,2620866.126422,0.722527472527473,0.0657509157509158,0.0021978021978022,0.0633699633699634,0.0415750915750916,0.104578754578755
272773.411807,2620866.126422,0.922710622710623,0.00695970695970696,0,0,0.00293040293040293,0.0673992673992674
273273.411807,2620866.126422,0.923359002566923,0.00183351668500183,0,0,0,0.0748074807480748
273773.411807,2620866.126422,0.810622710622711,0.0108058608058608,0,0,0,0.178571428571429
274273.411807,2620866.126422,0.280586080586081,0.00128205128205128,0,0,0,0.718131868131868
274773.411807,2620866.126422,0.820682068206821,0,0,0,0,0.179317931793179
275273.411807,2620866.126422,0.861233480176211,0.00165198237885463,0,0,0.00201908957415565,0.135095447870778
262773.411807,2620366.126422,0.784848484848485,0.00393939393939394,0,0,0.00666666666666667,0.204545454545455
263273.411807,2620366.126422,0.640484492567444,0.00201871903101487,0,0.000183519911910442,0.00458799779776106,0.35272527069187
263773.411807,2620366.126422,0.496240601503759,0.0231065468549422,0.000733541169998166,0.0957271226847607,0.0275077938749312,0.356684393911608
264273.411807,2620366.126422,0.31610775151182,0.09529045262965,0.212754260582738,0.120395821880154,0.0236393622869709,0.231812351108668
264773.411807,2620366.126422,0.881262616993944,0.00220223894292531,0.00183519911910442,0.00220223894292531,0.0165167920719398,0.0959809139291613
265273.411807,2620366.126422,0.786356134238034,0.00550155877498625,0,0,0.000550155877498625,0.207592151109481
265773.411807,2620366.126422,0.512735935495694,0.0364669232178853,0.0690855781564962,0.0582737768004398,0.0269378779549203,0.296499908374565
266273.411807,2620366.126422,0.530739585244999,0.110295467058176,0.0735914846760874,0.0431271792989539,0.028629106258029,0.213617177463755
