"x","y","forest","agri","water","built","other","grass"
173273.411807,2571866.126422,0.0510071474983756,0.325211176088369,0,0.0178687459389214,0.0711500974658869,0.534762833008447
173773.411807,2571866.126422,0.0798018712162906,0.232617868281049,0,0.0700788846083287,0.119427627958173,0.498073747936158
174273.411807,2571866.126422,0.0261904761904762,0.353846153846154,0,0.0313186813186813,0.113919413919414,0.474725274725275
174773.411807,2571866.126422,0.0568807339449541,0.238165137614679,0,0.12256880733945,0.256146788990826,0.326238532110092
175273.411807,2571866.126422,0.0497156485048615,0.163272793982755,0,0.121995964043295,0.207484865162356,0.457530728306733
175773.411807,2571866.126422,0.0505494505494506,0.268315018315018,0,0.0450549450549451,0.144871794871795,0.491208791208791
176273.411807,2571866.126422,0.0341284403669725,0.331559633027523,0.0242201834862385,0.0438532110091743,0.154311926605505,0.411926605504587
176773.411807,2571866.126422,0.0504494588148963,0.351311685929187,0,0.0807191341038342,0.191891396074115,0.325628325077967
177273.411807,2571866.126422,0.0701465201465201,0.27051282051282,0.0155677655677656,0.0234432234432234,0.192857142857143,0.427472527472527
177773.411807,2571866.126422,0.0370642201834862,0.355596330275229,0.0297247706422018,0.0805504587155963,0.125871559633028,0.371192660550459
178273.411807,2571866.126422,0.104934874334984,0.272243625022932,0.00146762062006971,0.00697119794533113,0.0908090258668134,0.52357365620987
178773.411807,2571866.126422,0.065018315018315,0.369230769230769,0.0181318681318681,0.0322344322344322,0.0858974358974359,0.429487179487179
179273.411807,2571866.126422,0.0704587155963303,0.490091743119266,0.00275229357798165,0.0196330275229358,0.0877064220183486,0.329357798165138
179773.411807,2571866.126422,0.181801504311136,0.132085855806274,0.017978352595854,0.0979636763896533,0.217574756925335,0.352595853971748
180273.411807,2571866.126422,0.0404761904761905,0.597985347985348,0,0.0148351648351648,0.109157509157509,0.237545787545788
180773.411807,2571866.126422,0.00165137614678899,0.540733944954128,0,0,0.00807339449541284,0.44954128440367
181273.411807,2571866.126422,0.0288020546688681,0.542469271693267,0,0.000550357732526142,0.0260502660062374,0.402128049899101
181773.411807,2571866.126422,0.00293040293040293,0.903663003663004,0,0,0,0.0934065934065934
182273.411807,2571866.126422,0.107155963302752,0.081651376146789,0,0.00018348623853211,0.0122935779816514,0.798715596330275
182773.411807,2571866.126422,0.0480645753072831,0.628875435699872,0,0.000183452577508714,0.00513667217024399,0.317739864245093
183273.411807,2571866.126422,0.00384615384615385,0.751831501831502,0,0,0.0111721611721612,0.233150183150183
183773.411807,2571866.126422,0.152844036697248,0.257798165137615,0.00036697247706422,0.0121100917431193,0.100733944954128,0.476146788990826
184273.411807,2571866.126422,0.432764630343056,0.0603558980003669,0,0.000733810310034856,0.00458631443771785,0.501559346908824
184773.411807,2571866.126422,0.342490842490842,0.127838827838828,0,0.0032967032967033,0.0276556776556777,0.498717948717949
185273.411807,2571866.126422,0.130825688073395,0.338715596330275,0,0.00513761467889908,0.0231192660550459,0.502201834862385
185773.411807,2571866.126422,0.393418100224383,0.109199700822737,0,0.0018698578908003,0.0340314136125654,0.461480927449514
173273.411807,2571366.126422,0.0628441852931649,0.187560738581147,0.00680272108843537,0.0929705215419501,0.152251376741173,0.49757045675413
173773.411807,2571366.126422,0.0525641025641026,0.180586080586081,0.00659340659340659,0.0587912087912088,0.223260073260073,0.478205128205128
174273.411807,2571366.126422,0.128162816281628,0.124312431243124,0,0.083975064173084,0.143381004767143,0.52016868353502
174773.411807,2571366.126422,0.0688644688644689,0.238644688644689,0,0.138644688644689,0.18003663003663,0.373809523809524
175273.411807,2571366.126422,0.0465201465201465,0.347985347985348,0,0.0996336996336996,0.211172161172161,0.294688644688645
175773.411807,2571366.126422,0.103226989365603,0.116428309497616,0,0.0905757242390906,0.189402273560689,0.500366703337
176273.411807,2571366.126422,0.12967032967033,0.267032967032967,0,0.0342490842490843,0.102747252747253,0.466300366300366
176773.411807,2571366.126422,0.0564102564102564,0.448534798534799,0.00128205128205128,0.0131868131868132,0.0921245421245421,0.388461538461538
177273.411807,2571366.126422,0.0610561056105611,0.214338100476714,0.00311697836450312,0.0207187385405207,0.121928859552622,0.578841217455079
177773.411807,2571366.126422,0.0754578754578755,0.294505494505495,0.019047619047619,0.0641025641025641,0.126190476190476,0.420695970695971
178273.411807,2571366.126422,0.0351648351648352,0.452014652014652,0.0188644688644689,0.0232600732600733,0.0919413919413919,0.378754578754579
178773.411807,2571366.126422,0.0812247891455812,0.49046571323799,0.000366703337000367,0.000183351668500183,0.0539053905390539,0.373854052071874
179273.411807,2571366.126422,0.0741758241758242,0.56043956043956,0.00897435897435897,0.0355311355311355,0.0415750915750916,0.279304029304029
179773.411807,2571366.126422,0.172893772893773,0.337179487179487,0,0.00622710622710623,0.103479853479853,0.38021978021978
180273.411807,2571366.126422,0.14008067473414,0.356068940227356,0,0.0254858819215255,0.18976897689769,0.288595526219289
180773.411807,2571366.126422,0.0932234432234432,0.406227106227106,0,0.00897435897435897,0.0785714285714286,0.413003663003663
181273.411807,2571366.126422,0.0428571428571429,0.623809523809524,0,0.00128205128205128,0.00842490842490842,0.323626373626374
181773.411807,2571366.126422,0.0317198386505317,0.787312064539787,0,0,0,0.180968096809681
182273.411807,2571366.126422,0.0818681318681319,0.545238095238095,0,0,0.00311355311355311,0.36978021978022
182773.411807,2571366.126422,0.0153846153846154,0.658608058608059,0,0,0.0010989010989011,0.324908424908425
183273.411807,2571366.126422,0.0436376971030436,0.600843417675101,0,0.00916758342500917,0.0293362669600293,0.317015034836817
183773.411807,2571366.126422,0.133516483516484,0.284981684981685,0.0664835164835165,0.0117216117216117,0.0858974358974359,0.417399267399267
184273.411807,2571366.126422,0.0274725274725275,0.508791208791209,0,0.00293040293040293,0.03003663003663,0.430769230769231
184773.411807,2571366.126422,0.0960762742940961,0.368903557022369,0,0.0108177484415108,0.0806747341400807,0.443527686101944
185273.411807,2571366.126422,0.323443223443223,0.100732600732601,0,0.00457875457875458,0.0340659340659341,0.537179487179487
185773.411807,2571366.126422,0.30899925317401,0.0304331590739358,0,0.0020537714712472,0.0242718446601942,0.634241971620612
173273.411807,2570866.126422,0.0191558441558442,0.328246753246753,0,0.00551948051948052,0.0373376623376623,0.60974025974026
173773.411807,2570866.126422,0.0399779937649001,0.232532550889419,0,0.106546854942234,0.182651751329543,0.438290849073904
174273.411807,2570866.126422,0.0700018325087044,0.100054975261132,0,0.454645409565695,0.21751878321422,0.157778999450247
174773.411807,2570866.126422,0.0442282987704166,0.0456964580657001,0,0.540833180400073,0.220957973940172,0.148284088823637
175273.411807,2570866.126422,0.108380707867229,0.0773885934348065,0,0.249770768384376,0.250871080139373,0.313588850174216
175773.411807,2570866.126422,0.0692688290269379,0.183983873923401,0.000733003481766538,0.0564412680960235,0.156312992486714,0.533260032985157
176273.411807,2570866.126422,0.0433106992108644,0.478436410350523,0,0.00220223894292531,0.0486327766562672,0.42741787483942
176773.411807,2570866.126422,0.0269576379974326,0.545387859893637,0,0.00348432055749129,0.0275077938749312,0.396662387676508
177273.411807,2570866.126422,0.0524097489463075,0.273227047828477,0,0.00641378046545721,0.0452629649990837,0.622686457760674
177773.411807,2570866.126422,0.0622132501376399,0.305377133418976,0,0.00550559735731327,0.0317489447605065,0.595155074325564
178273.411807,2570866.126422,0.0893086374472767,0.369521364386576,0.00568494406748579,0.0258573262424354,0.0353933614524115,0.474234366403814
178773.411807,2570866.126422,0.1412864211105,0.29265164009529,0.00219901044529962,0.0241891148982958,0.0811801356056441,0.45849367784497
179273.411807,2570866.126422,0.0952468342815195,0.267204991741604,0.0178014314553129,0.0849697192145348,0.249403560286291,0.285373463020738
179773.411807,2570866.126422,0.0638180817898405,0.386392811296534,0.00238400880249404,0.0346598202824134,0.103429304969741,0.409315972858977
180273.411807,2570866.126422,0.0760491112332784,0.406633681509987,0.00971229613340663,0.0047645226314825,0.0404984423676012,0.462341946124244
180773.411807,2570866.126422,0.0915764360433107,0.416957239860525,0,0.0122958340979996,0.16590200036704,0.313268489631125
181273.411807,2570866.126422,0.0957271226847607,0.376490005501559,0,0.00678525582248304,0.134238034109664,0.386759581881533
181773.411807,2570866.126422,0.059190031152648,0.695253802455562,0,0,0.0131940626717977,0.232362103719993
182273.411807,2570866.126422,0.0137639933932832,0.790603780510185,0,0,0.0012846393833731,0.194347586713158
182773.411807,2570866.126422,0.0137538969374656,0.745277828718137,0,0.00201723821749496,0.0207225380524482,0.218228498074454
183273.411807,2570866.126422,0.0284038849184534,0.630382994319223,0,0.000916254352208173,0.0337181601612608,0.306578706248855
183773.411807,2570866.126422,0.0818498807120573,0.43145531290145,0.0194531106625069,0.00495503762158194,0.0774454028262066,0.384841255276197
184273.411807,2570866.126422,0.0755547405098111,0.280946268109298,0,0.00641848523748395,0.0517146524848707,0.585365853658537
184773.411807,2570866.126422,0.121861828843687,0.212571009712296,0.00311526479750779,0.0203408466190214,0.134689389774601,0.507421660252886
185273.411807,2570866.126422,0.178931914112681,0.0998348320792806,0.00110111947146265,0.00679023674068636,0.0906588364837585,0.622683061112131
185773.411807,2570866.126422,0.327724808375397,0.0401944288652085,0,0.0181342306973266,0.189568143578239,0.424378388483829
173273.411807,2570366.126422,0.0276153346328785,0.142625081221572,0,0.160168940870695,0.173164392462638,0.496426250812216
173773.411807,2570366.126422,0.0324711062190424,0.147312419739497,0,0.37516052100532,0.23390203632361,0.21115391671253
174273.411807,2570366.126422,0.0445054945054945,0.0298534798534799,0.010989010989011,0.656776556776557,0.20018315018315,0.0576923076923077
174773.411807,2570366.126422,0.0429357798165138,0.0212844036697248,0,0.668807339449541,0.19302752293578,0.0739449541284404
175273.411807,2570366.126422,0.0937442671069529,0.134654191891396,0,0.136672170243992,0.272060172445423,0.362869198312236
175773.411807,2570366.126422,0.043040293040293,0.181868131868132,0,0.0294871794871795,0.129487179487179,0.616117216117216
176273.411807,2570366.126422,0.0618348623853211,0.455412844036697,0,0.0236697247706422,0.0647706422018349,0.394311926605505
176773.411807,2570366.126422,0.0787011557512383,0.492019812878371,0,0.0104567969179967,0.131718950651257,0.287103283801137
177273.411807,2570366.126422,0.021978021978022,0.511538461538461,0,0.00476190476190476,0.034981684981685,0.426739926739927
177773.411807,2570366.126422,0.0273394495412844,0.741651376146789,0,0.00201834862385321,0.0280733944954128,0.200917431192661
178273.411807,2570366.126422,0.0420106402494955,0.432581177765548,0.0618235186204366,0.06989543203082,0.187671986791414,0.206017244542286
178773.411807,2570366.126422,0.0404761904761905,0.33003663003663,0.073992673992674,0.0895604395604396,0.186813186813187,0.279120879120879
179273.411807,2570366.126422,0.0209174311926606,0.636330275229358,0.00128440366972477,0.0871559633027523,0.0880733944954128,0.166238532110092
179773.411807,2570366.126422,0.134470739313887,0.45074298293891,0,0.0310034855989727,0.0952118877270226,0.288570904421207
180273.411807,2570366.126422,0.113003663003663,0.106043956043956,0.000183150183150183,0.152930402930403,0.194871794871795,0.432967032967033
180773.411807,2570366.126422,0.0253211009174312,0.62605504587156,0,0.00403669724770642,0.0577981651376147,0.286788990825688
181273.411807,2570366.126422,0.0809025866813429,0.594936708860759,0.000183452577508714,0.00165107319757843,0.0476976701522656,0.274628508530545
181773.411807,2570366.126422,0.0836996336996337,0.375457875457875,0,0.00659340659340659,0.0935897435897436,0.440659340659341
182273.411807,2570366.126422,0.115045871559633,0.433211009174312,0,0.0315596330275229,0.124403669724771,0.295779816513761
182773.411807,2570366.126422,0.0509998165474225,0.315354980737479,0,0.107319757842598,0.2652724270776,0.2610530177949
183273.411807,2570366.126422,0.0507326007326007,0.231318681318681,0,0.253479853479853,0.26025641025641,0.204212454212454
183773.411807,2570366.126422,0.0689908256880734,0.218532110091743,0,0.197614678899083,0.272844036697248,0.242018348623853
184273.411807,2570366.126422,0.0695285268758026,0.186204366171345,0.000183452577508714,0.0381581361218125,0.186020913593836,0.519904604659695
184773.411807,2570366.126422,0.396336996336996,0.0404761904761905,0,0.00934065934065934,0.0681318681318681,0.485714285714286
185273.411807,2570366.126422,0.171376146788991,0.0948623853211009,0.00036697247706422,0.0165137614678899,0.0688073394495413,0.648073394495413
185773.411807,2570366.126422,0.706432311144353,0.00991024682124159,0,0.00168287210172027,0.00710545998504114,0.274869109947644
173273.411807,2569866.126422,0.0463232912212504,0.180758017492711,0,0.0884353741496599,0.218011013929381,0.466472303206997
173773.411807,2569866.126422,0.03003663003663,0.140842490842491,0,0.0978021978021978,0.211904761904762,0.519413919413919
174273.411807,2569866.126422,0.0694902823615695,0.063989732306564,0,0.371837183718372,0.288778877887789,0.205903923725706
174773.411807,2569866.126422,0.0481684981684982,0.0987179487179487,0,0.395054945054945,0.201098901098901,0.256959706959707
175273.411807,2569866.126422,0.0336996336996337,0.206776556776557,0.000915750915750916,0.0844322344322344,0.175091575091575,0.499084249084249
175773.411807,2569866.126422,0.0375870920425376,0.276677667766777,0.0113678034470114,0.0573890722405574,0.173450678401173,0.443527686101944
176273.411807,2569866.126422,0.019047619047619,0.316483516483516,0.000183150183150183,0.00512820512820513,0.0452380952380952,0.613919413919414
176773.411807,2569866.126422,0.0727106227106227,0.30952380952381,0,0.0254578754578755,0.117948717948718,0.474358974358974
177273.411807,2569866.126422,0.033003300330033,0.476347634763476,0,0.0403373670700403,0.108727539420609,0.341584158415842
177773.411807,2569866.126422,0.0377289377289377,0.415750915750916,0.000549450549450549,0.00531135531135531,0.0637362637362637,0.476923076923077
178273.411807,2569866.126422,0.0377289377289377,0.415018315018315,0.0399267399267399,0.0673992673992674,0.170512820512821,0.269413919413919
178773.411807,2569866.126422,0.0487715438210488,0.309314264759809,0.0760909424275761,0.157132379904657,0.189402273560689,0.219288595526219
179273.411807,2569866.126422,0.0586080586080586,0.543589743589744,0.00164835164835165,0.0456043956043956,0.167399267399267,0.183150183150183
179773.411807,2569866.126422,0.145421245421245,0.334249084249084,0.000366300366300366,0.0571428571428571,0.093040293040293,0.36978021978022
180273.411807,2569866.126422,0.0575724239090576,0.114594792812615,0.00476714338100477,0.145947928126146,0.0759075907590759,0.601210121012101
180773.411807,2569866.126422,0.0641025641025641,0.522344322344322,0,0.0010989010989011,0.026007326007326,0.386446886446886
181273.411807,2569866.126422,0.0335164835164835,0.596336996336996,0,0.00457875457875458,0.0195970695970696,0.345970695970696
181773.411807,2569866.126422,0.0357535753575358,0.68005133846718,0,0.0229189585625229,0.0201686835350202,0.241107444077741
182273.411807,2569866.126422,0.0326007326007326,0.628205128205128,0,0.0152014652014652,0.0507326007326007,0.273260073260073
182773.411807,2569866.126422,0.0441391941391941,0.250549450549451,0,0.184615384615385,0.286446886446886,0.234249084249084
183273.411807,2569866.126422,0.0531719838650532,0.0243857719105244,0,0.506050605060506,0.264026402640264,0.152365236523652
183773.411807,2569866.126422,0.0298534798534799,0.0208791208791209,0,0.623992673992674,0.291758241758242,0.0335164835164835
184273.411807,2569866.126422,0.0518315018315018,0.0758241758241758,0,0.173443223443223,0.263553113553114,0.435347985347985
184773.411807,2569866.126422,0.12009534286762,0.117711771177118,0.00513384671800513,0.0344701136780345,0.151448478181151,0.571140447378071
185273.411807,2569866.126422,0.492124542124542,0.0302197802197802,0.000366300366300366,0.00769230769230769,0.0448717948717949,0.424725274725275
185773.411807,2569866.126422,0.649925317401046,0.032486930545183,0,0.00168035847647498,0.0323002240477969,0.2836071695295
173273.411807,2569366.126422,0.00649350649350649,0.292207792207792,0,0.0522727272727273,0.0535714285714286,0.595454545454545
173773.411807,2569366.126422,0.0161379057399597,0.266642215294333,0,0.0225563909774436,0.072803961122318,0.621859526865945
174273.411807,2569366.126422,0.0157595748579806,0.262598497342862,0,0.0569910207073484,0.168957302547187,0.495693604544622
174773.411807,2569366.126422,0.0657001284639383,0.135804734813727,0.00513855753349238,0.113965865296385,0.155074325564324,0.524316388328134
175273.411807,2569366.126422,0.0762882816798093,0.163763066202091,0.00476801760498808,0.105263157894737,0.166330460297084,0.483587016321291
175773.411807,2569366.126422,0.0377496793109767,0.291002382261316,0.0549752611324904,0.105002748763057,0.0923584387025838,0.418911489829577
176273.411807,2569366.126422,0.0563406129565058,0.398054688933749,0,0.02073775004588,0.111763626353459,0.413103321710406
176773.411807,2569366.126422,0.0407115349348982,0.489455345681276,0.000366770584999083,0.0187052998349532,0.177883733724555,0.272877315239318
177273.411807,2569366.126422,0.0437969580355507,0.500824628916987,0.0053142752428074,0.00879604178119846,0.0557082646142569,0.385559831409199
177773.411807,2569366.126422,0.0401908607083869,0.495320242246284,0.0159662323362085,0.009543035419343,0.0961644338410718,0.342815195448706
178273.411807,2569366.126422,0.0674857876398313,0.3198239501192,0.0146708233999633,0.0304419585549239,0.145791307537136,0.421786172748946
178773.411807,2569366.126422,0.023089609675646,0.101337731354224,0.221367051493495,0.141469671980942,0.156862745098039,0.355873190397654
179273.411807,2569366.126422,0.093778674986236,0.0917599559552211,0.0152321526885667,0.279684345751514,0.169021838869517,0.350523031748945
179773.411807,2569366.126422,0.0359435173299101,0.399046396479002,0,0.150926095727123,0.126902622409683,0.287181368054282
180273.411807,2569366.126422,0.119113065787062,0.245922668132674,0.00824628916987356,0.131757375847535,0.105919003115265,0.38904159794759
180773.411807,2569366.126422,0.0346852633510736,0.536979262249954,0.0144980730409249,0.00293631859056708,0.0152321526885667,0.395668930078914
181273.411807,2569366.126422,0.0740876581698148,0.530166880616175,0.000366770584999083,0.00146708233999633,0.0146708233999633,0.379240784889052
181773.411807,2569366.126422,0.0302363936228697,0.357155946490746,0.101887483965549,0.0771486164559282,0.0480117280557083,0.385559831409199
182273.411807,2569366.126422,0.0871719581574601,0.120939621948981,0.0601945311066251,0.0871719581574601,0.188107909708203,0.45641402092127
182773.411807,2569366.126422,0.113148725472217,0.121034293049697,0.0130203557674674,0.208692462864478,0.28406381808179,0.26004034476435
183273.411807,2569366.126422,0.0648708081363387,0.0241891148982958,0,0.463074949606011,0.328202308960968,0.119662818398387
183773.411807,2569366.126422,0.0824004404477886,0.129932097632593,0,0.188841989355845,0.401174527436227,0.197650945127546
184273.411807,2569366.126422,0.0256739409499358,0.415367687511462,0,0.0355767467449111,0.134054648817165,0.389326975976527
184773.411807,2569366.126422,0.204507971412864,0.182884368700751,0,0.00787978742899029,0.0507604911123328,0.553967381345061
185273.411807,2569366.126422,0.721233253808038,0.00256927876674619,0,0.00293631859056708,0.0332171040557901,0.240044044778859
185773.411807,2569366.126422,0.783137034959806,0.0630024303608151,0,0.00411291830248645,0.0411291830248645,0.108618433352028
173273.411807,2568866.126422,0.0087719298245614,0.356400259909032,0,0.00584795321637427,0.0302144249512671,0.598765432098765
173773.411807,2568866.126422,0.0357732526141992,0.327646303430563,0.00733810310034856,0.0462300495321959,0.18968996514401,0.393322326178683
174273.411807,2568866.126422,0.0124542124542125,0.381868131868132,0.0302197802197802,0.0148351648351648,0.0967032967032967,0.463919413919414
174773.411807,2568866.126422,0.0458715596330275,0.188623853211009,0.00568807339449541,0.125688073394495,0.236330275229358,0.397798165137615
175273.411807,2568866.126422,0.02568336085122,0.290405430196294,0.000550357732526142,0.117593102183086,0.338836910658595,0.226930838378279
175773.411807,2568866.126422,0.0413919413919414,0.297435897435897,0.000732600732600733,0.032051282051282,0.11043956043956,0.517948717948718
176273.411807,2568866.126422,0.0695412844036697,0.364587155963303,0,0.0570642201834862,0.138165137614679,0.370642201834862
176773.411807,2568866.126422,0.071179600073381,0.598422307833425,0,0.0066042927903137,0.075032104201064,0.248761695101816
177273.411807,2568866.126422,0.0657509157509158,0.476923076923077,0.000183150183150183,0.0100732600732601,0.0340659340659341,0.413003663003663
177773.411807,2568866.126422,0.0678899082568807,0.308623853211009,0.0018348623853211,0.0772477064220184,0.175596330275229,0.368807339449541
178273.411807,2568866.126422,0.0741148413135205,0.263804806457531,0.0352228948816731,0.081452944413869,0.151715281599706,0.3936892313337
178773.411807,2568866.126422,0.166849816849817,0.0961538461538462,0.00512820512820513,0.2496336996337,0.0990842490842491,0.383150183150183
179273.411807,2568866.126422,0.0959633027522936,0.368807339449541,0,0.0100917431192661,0.10348623853211,0.421651376146789
179773.411807,2568866.126422,0.0864061640066043,0.4736745551275,0.000183452577508714,0.001284168042561,0.016694184553293,0.421757475692533
180273.411807,2568866.126422,0.0402930402930403,0.68040293040293,0,0.00238095238095238,0.0379120879120879,0.239010989010989
180773.411807,2568866.126422,0.159449541284404,0.294495412844037,0.0110091743119266,0.109908256880734,0.148256880733945,0.276880733944954
181273.411807,2568866.126422,0.166391487800404,0.243258117776555,0,0.0443955237571088,0.219776187855439,0.326178682810494
181773.411807,2568866.126422,0.0490842490842491,0.604578754578755,0.000183150183150183,0.00769230769230769,0.0728937728937729,0.265567765567766
182273.411807,2568866.126422,0.0836697247706422,0.261467889908257,0.0310091743119266,0.110642201834862,0.137798165137615,0.375412844036697
182773.411807,2568866.126422,0.0887910475142176,0.137772885709044,0.00898917629792699,0.116675839295542,0.244909190974133,0.402861860209136
183273.411807,2568866.126422,0.0714285714285714,0.164652014652015,0,0.144688644688645,0.275457875457875,0.343772893772894
183773.411807,2568866.126422,0.0647706422018349,0.475596330275229,0.00110091743119266,0.0209174311926606,0.111376146788991,0.326238532110092
184273.411807,2568866.126422,0.161988625940194,0.270225646670336,0.000366905155017428,0.0221977618785544,0.104017611447441,0.441203448908457
184773.411807,2568866.126422,0.16007326007326,0.248717948717949,0,0.000549450549450549,0.00402930402930403,0.586630036630037
185273.411807,2568866.126422,0.874678899082569,0.0214678899082569,0,0.00055045871559633,0.0234862385321101,0.0798165137614679
185773.411807,2568866.126422,0.691099476439791,0.209985041136874,0,0,0.00729244577412117,0.0916230366492147
173273.411807,2568366.126422,0.0236475542597992,0.35795270489148,0.109491415613865,0.0761256883705863,0.102040816326531,0.330741820537739
173773.411807,2568366.126422,0.0265567765567766,0.348168498168498,0.0168498168498168,0.0847985347985348,0.265567765567766,0.258058608058608
174273.411807,2568366.126422,0.015951595159516,0.396222955628896,0.0221855518885222,0.0678401173450678,0.195452878621195,0.302346901356802
174773.411807,2568366.126422,0.0450549450549451,0.347435897435897,0,0.0327838827838828,0.166849816849817,0.407875457875458
175273.411807,2568366.126422,0.0758241758241758,0.382417582417582,0,0.0672161172161172,0.227106227106227,0.247435897435897
175773.411807,2568366.126422,0.0975430876420975,0.0782911624495783,0,0.257059039237257,0.415291529152915,0.151815181518152
176273.411807,2568366.126422,0.115934065934066,0.141941391941392,0,0.236996336996337,0.342857142857143,0.162271062271062
176773.411807,2568366.126422,0.107142857142857,0.376739926739927,0,0.0106227106227106,0.1003663003663,0.405128205128205
177273.411807,2568366.126422,0.0771910524385772,0.31004767143381,0.00201686835350202,0.00311697836450312,0.0341034103410341,0.573524019068574
177773.411807,2568366.126422,0.0840659340659341,0.269047619047619,0.0465201465201465,0.0697802197802198,0.173992673992674,0.356593406593407
178273.411807,2568366.126422,0.139377289377289,0.376923076923077,0.0217948717948718,0.0450549450549451,0.0695970695970696,0.347252747252747
178773.411807,2568366.126422,0.0621562156215622,0.431793179317932,0,0.111111111111111,0.0595892922625596,0.335350201686835
179273.411807,2568366.126422,0.0261904761904762,0.555311355311355,0,0.0197802197802198,0.0505494505494506,0.348168498168498
179773.411807,2568366.126422,0.0805860805860806,0.422710622710623,0.00366300366300366,0.00293040293040293,0.0624542124542125,0.427655677655678
180273.411807,2568366.126422,0.0694902823615695,0.324715804913825,0.0152181884855152,0.118445177851118,0.103777044371104,0.368353502016868
180773.411807,2568366.126422,0.193040293040293,0.0694139194139194,0,0.338278388278388,0.187728937728938,0.211538461538462
181273.411807,2568366.126422,0.106593406593407,0.0606227106227106,0,0.202930402930403,0.357326007326007,0.272527472527473
181773.411807,2568366.126422,0.0390539053905391,0.708104143747708,0,0.0161349468280161,0.0825082508250825,0.154198753208654
182273.411807,2568366.126422,0.0228937728937729,0.669047619047619,0,0.00274725274725275,0.00476190476190476,0.300549450549451
182773.411807,2568366.126422,0.023992673992674,0.783699633699634,0,0.00146520146520147,0.0113553113553114,0.179487179487179
183273.411807,2568366.126422,0.0891089108910891,0.324165749908324,0,0.0262192885955262,0.100660066006601,0.45984598459846
183773.411807,2568366.126422,0.0456043956043956,0.492673992673993,0,0.0179487179487179,0.056043956043956,0.387728937728938
184273.411807,2568366.126422,0.179304029304029,0.335531135531136,0,0.010989010989011,0.101648351648352,0.372527472527473
184773.411807,2568366.126422,0.425375870920425,0.134396773010634,0,0.00568390172350568,0.129079574624129,0.305463879721305
185273.411807,2568366.126422,0.872893772893773,0.00366300366300366,0,0.00128205128205128,0.023992673992674,0.0981684981684982
185773.411807,2568366.126422,0.570201643017177,0.348767737117252,0,0,0.000933532486930545,0.0800970873786408
173273.411807,2567866.126422,0.0584415584415584,0.239935064935065,0.000649350649350649,0.0451298701298701,0.075974025974026,0.57987012987013
173773.411807,2567866.126422,0.0225563909774436,0.450394278378874,0.000550155877498625,0.0364936732074088,0.216394645149459,0.273610856409316
174273.411807,2567866.126422,0.0276708814366868,0.643393806120579,0,0.0100787978742899,0.134139637163277,0.184716877405168
174773.411807,2567866.126422,0.0409249403560286,0.314553129014498,0,0.148834648559369,0.222609653147366,0.273077628922738
175273.411807,2567866.126422,0.114982578397213,0.366770584999083,0.00330093526499175,0.061984228864845,0.193104713002017,0.25985695947185
175773.411807,2567866.126422,0.118196811434854,0.189114898295767,0.000549752611324904,0.0577240241891149,0.275426058273777,0.358988455195162
176273.411807,2567866.126422,0.0717562855569829,0.314736648926409,0,0.0412919801798495,0.210864378785098,0.361350706551661
176773.411807,2567866.126422,0.0480469466348799,0.343297267559142,0,0.0210893086374473,0.103612690262241,0.48395378690629
177273.411807,2567866.126422,0.0555250137438153,0.323437786329485,0.059190031152648,0.0205240974894631,0.0459959684808503,0.495327102803738
177773.411807,2567866.126422,0.0600110111947146,0.48137272894109,0.0935951550743256,0.0187190310148651,0.0359699027344467,0.310332171040558
178273.411807,2567866.126422,0.118650284247203,0.355400696864112,0.00348432055749129,0.0322758114799193,0.0673024023473317,0.422886484503943
178773.411807,2567866.126422,0.203408466190214,0.136521898479018,0,0.047645226314825,0.17262231995602,0.439802089059923
179273.411807,2567866.126422,0.151036887502294,0.183886951734263,0.00330335841438796,0.0734079647641769,0.156726004771518,0.43163883281336
179773.411807,2567866.126422,0.0465798642948836,0.628278012103429,0,0.0100861910874748,0.0599669906473501,0.255088941866862
180273.411807,2567866.126422,0.0841121495327103,0.27469305479201,0,0.294117647058824,0.129558365402236,0.21751878321422
180773.411807,2567866.126422,0.0816663608001468,0.0222059093411635,0,0.471279133786016,0.191778307946412,0.233070288126262
181273.411807,2567866.126422,0.0584999083073537,0.0342930496974143,0.000366770584999083,0.487621492756281,0.199339812947002,0.21987896570695
181773.411807,2567866.126422,0.0258383727322705,0.713762140370167,0.000183250870441635,0.0293201392706615,0.0579072750595565,0.172988821696903
182273.411807,2567866.126422,0.0203707102220591,0.712240778124427,0,0.0102771150669848,0.044411818682327,0.212699577904203
182773.411807,2567866.126422,0.0385109114249037,0.34017971758665,0,0.00458463231248854,0.0478635613423803,0.568861177333578
183273.411807,2567866.126422,0.171706065603812,0.1905809052593,0.00256551218618288,0.0974894630749496,0.185083379146051,0.352574674729705
183773.411807,2567866.126422,0.0638649293448339,0.255643237291246,0,0.0359699027344467,0.185538630941457,0.458983299688016
184273.411807,2567866.126422,0.145791307537136,0.208875848156978,0,0.00990280579497524,0.0993948285347515,0.53603520997616
184773.411807,2567866.126422,0.173538574308228,0.15924500641378,0,0.0100787978742899,0.107201759208356,0.549935862195345
185273.411807,2567866.126422,0.598825472563773,0.089190677188475,0,0.00293631859056708,0.0671682877592219,0.241879243897963
185773.411807,2567866.126422,0.502523836231071,0.403626846139465,0,0.000186950831931202,0.00186950831931202,0.0917928584782202
173273.411807,2567366.126422,0.0116959064327485,0.533463287849253,0.00779727095516569,0.00909681611435997,0.144249512670565,0.293697205977908
173773.411807,2567366.126422,0.0691616217207852,0.261786828104935,0,0.0339387268391121,0.317372959090075,0.317739864245093
174273.411807,2567366.126422,0.0391941391941392,0.31978021978022,0,0.0635531135531135,0.284615384615385,0.292857142857143
174773.411807,2567366.126422,0.0493577981651376,0.256697247706422,0,0.178899082568807,0.287155963302752,0.227889908256881
175273.411807,2567366.126422,0.0471473124197395,0.58631443771785,0,0.0161438268207668,0.0906255732893047,0.259768849752339
175773.411807,2567366.126422,0.0210622710622711,0.713186813186813,0,0.0184981684981685,0.0344322344322344,0.212820512820513
176273.411807,2567366.126422,0.0794495412844037,0.414495412844037,0,0.00458715596330275,0.0110091743119266,0.49045871559633
176773.411807,2567366.126422,0.0234819299211154,0.582278481012658,0,0.002568336085122,0.0374243258117777,0.354246927169327
177273.411807,2567366.126422,0.0967032967032967,0.150915750915751,0,0.0195970695970696,0.109157509157509,0.623626373626374
177773.411807,2567366.126422,0.155963302752294,0.417247706422018,0.000917431192660551,0.00770642201834862,0.0128440366972477,0.405321100917431
178273.411807,2567366.126422,0.064758759860576,0.301962942579343,0.0906255732893047,0.0779673454412034,0.0895248578242524,0.37516052100532
178773.411807,2567366.126422,0.117399267399267,0.249084249084249,0.0124542124542125,0.0223443223443223,0.198534798534799,0.40018315018315
179273.411807,2567366.126422,0.132844036697248,0.0359633027522936,0,0.0451376146788991,0.0559633027522936,0.730091743119266
179773.411807,2567366.126422,0.02568336085122,0.725738396624473,0,0.0220143093010457,0.0502660062373876,0.176297926985874
180273.411807,2567366.126422,0.0562271062271062,0.226556776556777,0,0.341941391941392,0.169047619047619,0.206227106227106
180773.411807,2567366.126422,0.0304587155963303,0.00972477064220183,0,0.759266055045872,0.168990825688073,0.0315596330275229
181273.411807,2567366.126422,0.0251330031186938,0.0194459732159237,0,0.73325995230233,0.183452577508714,0.0387084938543387
181773.411807,2567366.126422,0.0968864468864469,0.315750915750916,0,0.0476190476190476,0.0576923076923077,0.482051282051282
182273.411807,2567366.126422,0.19045871559633,0.217798165137615,0,0.0121100917431193,0.0124770642201835,0.567155963302752
182773.411807,2567366.126422,0.0972298660796184,0.250596220876903,0,0.00880572372041827,0.0357732526141992,0.607594936708861
183273.411807,2567366.126422,0.0683150183150183,0.0813186813186813,0.00366300366300366,0.0895604395604396,0.191758241758242,0.565384615384615
183773.411807,2567366.126422,0.0644036697247706,0.247706422018349,0,0.00605504587155963,0.0302752293577982,0.651559633027523
184273.411807,2567366.126422,0.0596220876903321,0.181618051733627,0,0.00293524124013942,0.014125848468171,0.741698770867731
184773.411807,2567366.126422,0.21978021978022,0.127838827838828,0,0.0131868131868132,0.165018315018315,0.474175824175824
185273.411807,2567366.126422,0.320183486238532,0.177064220183486,0,0.00623853211009174,0.0926605504587156,0.403853211009174
185773.411807,2567366.126422,0.18474195961107,0.745138369483919,0.00897531787584144,0.00018698578908003,0.00804038893044129,0.0529169783096485
173273.411807,2566866.126422,0.0411402656300615,0.232264334305151,0,0.00485908649173955,0.0732102364755426,0.648526077097506
173773.411807,2566866.126422,0.144322344322344,0.103846153846154,0,0.0305860805860806,0.14047619047619,0.580769230769231
174273.411807,2566866.126422,0.144297763109644,0.133846718005134,0,0.0975430876420975,0.16960029336267,0.454712137880455
174773.411807,2566866.126422,0.124908424908425,0.129304029304029,0,0.0467032967032967,0.178754578754579,0.52032967032967
175273.411807,2566866.126422,0.111172161172161,0.372710622710623,0,0.00769230769230769,0.160989010989011,0.347435897435897
175773.411807,2566866.126422,0.0368536853685369,0.602860286028603,0,0.00256692335900257,0.0258525852585259,0.331866519985332
176273.411807,2566866.126422,0.0591575091575092,0.442307692307692,0,0.00293040293040293,0.0192307692307692,0.476373626373626
176773.411807,2566866.126422,0.0494505494505494,0.380769230769231,0,0.00421245421245421,0.0804029304029304,0.485164835164835
177273.411807,2566866.126422,0.0781078107810781,0.2999633296663,0,0.015951595159516,0.0760909424275761,0.52988632196553
177773.411807,2566866.126422,0.0701465201465201,0.236996336996337,0.0032967032967033,0.000366300366300366,0.00750915750915751,0.681684981684982
178273.411807,2566866.126422,0.052014652014652,0.231684981684982,0.107692307692308,0.00183150183150183,0.0626373626373626,0.544139194139194
178773.411807,2566866.126422,0.0388705537220389,0.282544921158783,0,0.00715071507150715,0.037953795379538,0.633480014668134
179273.411807,2566866.126422,0.0342490842490843,0.238461538461538,0,0.00201465201465201,0.00732600732600733,0.717948717948718
179773.411807,2566866.126422,0.0970695970695971,0.18956043956044,0,0.18003663003663,0.208608058608059,0.324725274725275
180273.411807,2566866.126422,0.276861019435277,0.0227356068940227,0.000366703337000367,0.135496883021635,0.165749908324166,0.398789878987899
180773.411807,2566866.126422,0.0899267399267399,0.0741758241758242,0,0.618131868131868,0.113186813186813,0.104578754578755
181273.411807,2566866.126422,0.111721611721612,0.108241758241758,0,0.415934065934066,0.190659340659341,0.173443223443223
181773.411807,2566866.126422,0.1004767143381,0.263659699303264,0.00916758342500917,0.0482214888155482,0.0531719838650532,0.525302530253025
182273.411807,2566866.126422,0.155677655677656,0.378937728937729,0,0.0553113553113553,0.0606227106227106,0.349450549450549
182773.411807,2566866.126422,0.478388278388278,0.0789377289377289,0,0.00659340659340659,0.00769230769230769,0.428388278388278
183273.411807,2566866.126422,0.0462046204620462,0.266776677667767,0,0.015034836817015,0.0634396773010634,0.608544187752109
183773.411807,2566866.126422,0.0252747252747253,0.447619047619048,0,0.00146520146520147,0.0115384615384615,0.514102564102564
184273.411807,2566866.126422,0.0285714285714286,0.225641025641026,0,0.000366300366300366,0.0241758241758242,0.721245421245421
184773.411807,2566866.126422,0.197286395306197,0.245507884121746,0,0.00201686835350202,0.0203520352035204,0.534836817015035
185273.411807,2566866.126422,0.227472527472527,0.224358974358974,0,0.000915750915750916,0.00586080586080586,0.541391941391941
185773.411807,2566866.126422,0,0.945481702763256,0.0545182972367438,0,0,0
173273.411807,2566366.126422,0.102597402597403,0.155194805194805,0,0.0772727272727273,0.15974025974026,0.505194805194805
173773.411807,2566366.126422,0.182284980744544,0.0597836053548505,0,0.0210893086374473,0.0700531817348249,0.666788923528333
174273.411807,2566366.126422,0.225215319772769,0.0443467106468756,0,0.0258383727322705,0.097306212204508,0.607293384643577
174773.411807,2566366.126422,0.252706918700679,0.116718663975041,0,0.0227564690768948,0.127179298953937,0.480638649293448
175273.411807,2566366.126422,0.171465248487071,0.306253438474234,0,0.0319090408949202,0.127636163579681,0.362736108564093
175773.411807,2566366.126422,0.120945574491479,0.194978926149899,0,0.0164925783397471,0.101704233095107,0.565878687923768
176273.411807,2566366.126422,0.0561570930445953,0.0805652413286842,0,0.0311983850247752,0.0682694072306845,0.763809873371261
176773.411807,2566366.126422,0.0227397762699432,0.138089125252155,0,0.0394278378874014,0.145607922244636,0.654135338345865
177273.411807,2566366.126422,0.0899761773868426,0.110317024005864,0,0.00586402785413231,0.0514934945940993,0.742349276159062
177773.411807,2566366.126422,0.0774454028262066,0.265920352358231,0.0623967700495504,0.00770783630023858,0.0708386859974307,0.515690952468343
178273.411807,2566366.126422,0.0960938932697598,0.0790390610673024,0.0577663671373556,0.00990280579497524,0.143040528149642,0.614157344580965
178773.411807,2566366.126422,0.173905076049111,0.176470588235294,0.0157595748579806,0.0269378779549203,0.0408649441084845,0.566061938794209
179273.411807,2566366.126422,0.123692420627638,0.255643237291246,0.000367039823820885,0.0211047898697009,0.0567076527803267,0.542484859607267
179773.411807,2566366.126422,0.136988813497158,0.0441958554923895,0.00935264991747662,0.187236383642032,0.197689345314506,0.424536952136439
180273.411807,2566366.126422,0.0692688290269379,0.0348176653839106,0,0.452812900861279,0.21971779365952,0.223382811068353
180773.411807,2566366.126422,0.224811892090292,0.0234905487245366,0.0548724536612222,0.209946779225546,0.152688566709488,0.334189759588915
181273.411807,2566366.126422,0.0700531817348249,0.111314872547222,0.00935264991747662,0.185952686594535,0.157527966257106,0.465798642948835
181773.411807,2566366.126422,0.116914055341763,0.157962250320689,0,0.0371999266996518,0.116730804471321,0.571192963166575
182273.411807,2566366.126422,0.092126995779042,0.377316938887869,0,0.00752431638832813,0.039823820884566,0.483207928060195
182773.411807,2566366.126422,0.192371171832019,0.207225380524482,0,0.000366770584999083,0.00990280579497524,0.590133871263525
183273.411807,2566366.126422,0.0789811251603445,0.367784496976361,0,0.0186915887850467,0.155946490745831,0.378596298332417
183773.411807,2566366.126422,0.0346852633510736,0.503762158194164,0,0.00605615709304459,0.065149568728207,0.390346852633511
184273.411807,2566366.126422,0.116449660737209,0.281129653401797,0,0.00843572345497891,0.0194388410049514,0.574546121401064
184773.411807,2566366.126422,0.257100971229613,0.078248121678578,0,0.00201575957485798,0.009529045262965,0.653106102253986
