"x","y","forest","agri","water","built","other","grass"
273773.411807,2778366.126422,0.0531135531135531,0.0386446886446886,0.0692307692307692,0.157326007326007,0.0163003663003663,0.665384615384615
274273.411807,2778366.126422,0.052014652014652,0.0608058608058608,0.00989010989010989,0.215934065934066,0.153663003663004,0.507692307692308
274773.411807,2778366.126422,0.0583058305830583,0.147231389805647,0.0606894022735607,0.224055738907224,0.0911257792445911,0.418591859185919
271773.411807,2777866.126422,0.05717427157779,0.0304196444933113,0.184533626534726,0.29595015576324,0.0729338464357706,0.358988455195162
272273.411807,2777866.126422,0.02073775004588,0.0214718296935217,0.0506514956872821,0.219306294732979,0.0798311616810424,0.608001468159295
272773.411807,2777866.126422,0.0885750962772786,0.01998899688245,0,0.0652851641298368,0.0731707317073171,0.752980011003118
273273.411807,2777866.126422,0.0350009162543522,0.0850284038849184,0,0.130841121495327,0.129924867143119,0.619204691222283
273773.411807,2777866.126422,0.0247751881079097,0.0277115066984768,0,0.0732244448522665,0.0833180400073408,0.790970820334006
274273.411807,2777866.126422,0.0605171465248487,0.0341096644049147,0.0104529616724739,0.288465065101779,0.181184668989547,0.425270493306437
274773.411807,2777866.126422,0.0390324354040682,0.103353490929082,0.0414146967198094,0.174088326919553,0.0698185816382628,0.572292468389225
270773.411807,2777366.126422,0,0.0811009174311927,0.19651376146789,0.374495412844037,0.0702752293577982,0.277614678899083
271273.411807,2777366.126422,0.0361401577692167,0.0385250412768299,0.00293524124013942,0.139057053751605,0.0887910475142176,0.694551458447991
271773.411807,2777366.126422,0.0173992673992674,0.0774725274725275,0,0.268864468864469,0.122161172161172,0.514102564102564
272273.411807,2777366.126422,0.0177981651376147,0.125321100917431,0,0.0484403669724771,0.0477064220183486,0.760733944954128
272773.411807,2777366.126422,0.0317372959090075,0.106769400110072,0,0.00898917629792699,0.0583379196477711,0.794166208035223
273273.411807,2777366.126422,0.0417582417582418,0.086996336996337,0,0.00641025641025641,0.0412087912087912,0.823626373626374
273773.411807,2777366.126422,0.0405504587155963,0.0631192660550459,0,0.0115596330275229,0.0377981651376147,0.84697247706422
274273.411807,2777366.126422,0.0675105485232067,0.0790680609062557,0,0.202348192992112,0.14125848468171,0.509814712896716
274773.411807,2777366.126422,0.0619047619047619,0.0635531135531135,0,0.23974358974359,0.168498168498169,0.466300366300366
270273.411807,2776866.126422,0.0284195086175284,0.153281994866153,0.0236523652365237,0.0388705537220389,0.0537220388705537,0.702053538687202
270773.411807,2776866.126422,0.0139194139194139,0.152747252747253,0.0571428571428571,0.0716117216117216,0.0298534798534799,0.674725274725275
271273.411807,2776866.126422,0.0635531135531135,0.0641025641025641,0.0104395604395604,0.0950549450549451,0.0783882783882784,0.688461538461538
271773.411807,2776866.126422,0.23010634396773,0.11001100110011,0.0022002200220022,0.0826916024935827,0.175650898423176,0.399339933993399
272273.411807,2776866.126422,0.0194139194139194,0.359157509157509,0.00970695970695971,0.0333333333333333,0.045970695970696,0.532417582417582
272773.411807,2776866.126422,0.135714285714286,0.11959706959707,0,0.00805860805860806,0.0697802197802198,0.666849816849817
273273.411807,2776866.126422,0.0546387972130546,0.0916758342500917,0.015034836817015,0.0317198386505317,0.11972863953062,0.687202053538687
273773.411807,2776866.126422,0.146153846153846,0.0725274725274725,0,0.156593406593407,0.136630036630037,0.488095238095238
274273.411807,2776866.126422,0.0633699633699634,0.0258241758241758,0,0.443040293040293,0.106043956043956,0.361721611721612
274773.411807,2776866.126422,0.022002200220022,0.0423542354235424,0,0.359002566923359,0.103226989365603,0.473414008067473
269273.411807,2776366.126422,0.109010827674803,0.0655166085520279,0.13286841622316,0.434758671315838,0.0623967700495504,0.195448706184621
269773.411807,2776366.126422,0.201540436456996,0.107647166697231,0.00201723821749496,0.174766183752063,0.0982945167797543,0.415734458096461
270273.411807,2776366.126422,0.0454462158695254,0.218984790177753,0,0.195528678761224,0.0802638812534359,0.459776433938061
270773.411807,2776366.126422,0.0625802899614608,0.203707102220591,0.0172508717195816,0.189576069003487,0.0776289227381171,0.449256744356763
271273.411807,2776366.126422,0.00825233816247937,0.0643682376673391,0,0.271593618191821,0.224646983311938,0.431138822666422
271773.411807,2776366.126422,0.0254718709913872,0.0608392889866227,0,0.205240974894631,0.243906908557816,0.464540956569544
272273.411807,2776366.126422,0.1159845843274,0.197650945127546,0,0.0249587080198202,0.110295467058176,0.551110295467058
272773.411807,2776366.126422,0.0726205758298184,0.206491839354484,0.0304419585549239,0.039611223179901,0.113698881349716,0.537135521731157
273273.411807,2776366.126422,0.034084661902144,0.408649441084845,0.0172255818215137,0.0238226131574125,0.0236393622869709,0.492578339747114
273773.411807,2776366.126422,0.138374013580473,0.0216553496054322,0,0.295650578087722,0.110111947146265,0.434208111580106
274273.411807,2776366.126422,0,0.10819732257473,0,0.500641848523748,0.0471300201723822,0.34403080872914
274773.411807,2776366.126422,0.000549752611324904,0.13340663368151,0,0.301997434487814,0.104636247022173,0.459409932197178
268273.411807,2775866.126422,0.0887910475142176,0.0563199412951752,0.259401944597322,0.33810310034856,0.0324711062190424,0.224912860025683
268773.411807,2775866.126422,0.131501831501832,0.12985347985348,0.0608058608058608,0.0531135531135531,0.0769230769230769,0.547802197802198
269273.411807,2775866.126422,0.0796330275229358,0.167706422018349,0,0.0994495412844037,0.0801834862385321,0.57302752293578
269773.411807,2775866.126422,0.0719134103834159,0.233535131168593,0.00293524124013942,0.0421940928270042,0.0476976701522656,0.601724454228582
270273.411807,2775866.126422,0.0879120879120879,0.103846153846154,0,0.0785714285714286,0.119047619047619,0.610622710622711
270773.411807,2775866.126422,0.0478899082568807,0.174495412844037,0.015045871559633,0.207155963302752,0.0979816513761468,0.45743119266055
271273.411807,2775866.126422,0.0843881856540084,0.173913043478261,0.00091726288754357,0.150614566134654,0.159236837277564,0.430930104567969
271773.411807,2775866.126422,0.117032967032967,0.0924908424908425,0,0.0395604395604396,0.10018315018315,0.650732600732601
272273.411807,2775866.126422,0.0541284403669725,0.0910091743119266,0.219082568807339,0.00880733944954129,0.0469724770642202,0.58
272773.411807,2775866.126422,0.0385250412768299,0.0594386351128233,0.257750871399743,0.0366905155017428,0.0792515134837644,0.528343423225096
273273.411807,2775866.126422,0.0815018315018315,0.21996336996337,0,0.0721611721611722,0.131684981684982,0.494688644688645
273773.411807,2775866.126422,0.00348623853211009,0.206422018348624,0,0.166238532110092,0.0271559633027523,0.596697247706422
274273.411807,2775866.126422,0,0.251330031186938,0,0.525224729407448,0.014125848468171,0.209319390937443
274773.411807,2775866.126422,0.00622710622710623,0.0201465201465201,0,0.928937728937729,0.0353479853479853,0.00934065934065934
267773.411807,2775366.126422,0.175824175824176,0.0461538461538462,0.0509157509157509,0.262087912087912,0.0706959706959707,0.394322344322344
268273.411807,2775366.126422,0.275824175824176,0.0924908424908425,0,0.0597069597069597,0.0571428571428571,0.514835164835165
268773.411807,2775366.126422,0.0396039603960396,0.196552988632197,0,0.253575357535754,0.0848918225155849,0.425375870920425
269273.411807,2775366.126422,0.0758241758241758,0.152014652014652,0,0.124908424908425,0.191758241758242,0.455494505494505
269773.411807,2775366.126422,0.0871794871794872,0.157875457875458,0.00805860805860806,0.152747252747253,0.163186813186813,0.430952380952381
270273.411807,2775366.126422,0.0425375870920425,0.176751008434177,0.00623395672900623,0.0817748441510818,0.081958195819582,0.610744407774111
270773.411807,2775366.126422,0.0476190476190476,0.153663003663004,0,0.0915750915750916,0.124175824175824,0.582967032967033
271273.411807,2775366.126422,0.0752747252747253,0.137179487179487,0,0.0776556776556777,0.175457875457875,0.534432234432234
271773.411807,2775366.126422,0.112211221122112,0.0885588558855886,0,0.00751741840850752,0.0487715438210488,0.742940960762743
272273.411807,2775366.126422,0.0789377289377289,0.0858974358974359,0.0221611721611722,0.0322344322344322,0.0943223443223443,0.686446886446886
272773.411807,2775366.126422,0.0377289377289377,0.123443223443223,0.00531135531135531,0.0996336996336996,0.144322344322344,0.58956043956044
273273.411807,2775366.126422,0,0.297029702970297,0,0.198753208654199,0.0808580858085809,0.423359002566923
273773.411807,2775366.126422,0,0.116666666666667,0,0.596153846153846,0.102564102564103,0.184615384615385
274273.411807,2775366.126422,0.0192307692307692,0.0434065934065934,0,0.73003663003663,0.0871794871794872,0.12014652014652
274773.411807,2775366.126422,0.0918591859185919,0.0705903923725706,0.00055005500550055,0.593692702603594,0.120645397873121,0.122662266226623
266273.411807,2774866.126422,0.0172508717195816,0.0379886217654616,0.151587447238025,0.443384107175629,0.051018535511103,0.2987704165902
266773.411807,2774866.126422,0.218595268659454,0.0399779937649001,0.0302585732624244,0.103612690262241,0.06400146708234,0.543554006968641
267273.411807,2774866.126422,0.135055891515485,0.0271211288253619,0.0236393622869709,0.134322888033718,0.0965732087227414,0.583287520615723
267773.411807,2774866.126422,0.0469810974490732,0.0491833363919985,0.0467975775371628,0.308313452009543,0.0697375665259681,0.478986970086254
268273.411807,2774866.126422,0.0597836053548505,0.061617458279846,0,0.172382174949569,0.0891252521547772,0.617091509260957
268773.411807,2774866.126422,0.0978559648158329,0.115264797507788,0.138354407183434,0.211654755360088,0.137621403701668,0.299248671431189
269273.411807,2774866.126422,0.0787300422095797,0.0563406129565058,0.00991007524316388,0.464121857221509,0.164066801247935,0.226830611121307
269773.411807,2774866.126422,0.0337428938199156,0.141390060517147,0.0326425820649184,0.326609205941683,0.129653401797176,0.33596185585916
270273.411807,2774866.126422,0.0426974528129009,0.238226131574125,0.000916254352208173,0.123694337548103,0.191497159611508,0.402968664101155
270773.411807,2774866.126422,0.0451458983299688,0.205725821251606,0.000550559735731327,0.025325747843641,0.132317856487429,0.590934116351624
271273.411807,2774866.126422,0.046396479002384,0.0981111314872547,0.291582615074271,0.0322758114799193,0.0790390610673024,0.452594901888869
271773.411807,2774866.126422,0.111783030969397,0.0577240241891149,0.0452629649990837,0.0769653655854865,0.134139637163277,0.574124977093641
272273.411807,2774866.126422,0.0798311616810424,0.0541383740135805,0,0.0218388695173426,0.0814828408882364,0.762708753899798
272773.411807,2774866.126422,0,0.159361819182102,0,0.244635980194388,0.0374105996699065,0.558591600953603
273273.411807,2774866.126422,0,0.130841121495327,0,0.690672530694521,0.0896096756459593,0.0888766721641928
273773.411807,2774866.126422,0.00183519911910442,0.0110111947146265,0,0.936135070655166,0.0387227014131033,0.0122958340979996
274273.411807,2774866.126422,0.00916926462497708,0.0344764349899138,0,0.811479919310471,0.0533651201173666,0.0915092609572712
274773.411807,2774866.126422,0.000183250870441635,0.0793476269012278,0.0042147700201576,0.716510903426791,0.0225398570643211,0.177203591717061
263773.411807,2774366.126422,0,0.0420106402494955,0.518436984039626,0.381581361218125,0.0194459732159237,0.0385250412768299
264273.411807,2774366.126422,0,0.026007326007326,0.372893772893773,0.408974358974359,0.0272893772893773,0.164835164835165
264773.411807,2774366.126422,0.0073394495412844,0.0236697247706422,0.229908256880734,0.234862385321101,0.0491743119266055,0.455045871559633
265273.411807,2774366.126422,0.0374243258117777,0.0359567051917079,0.0565033938726839,0.238121445606311,0.15831957439002,0.4736745551275
265773.411807,2774366.126422,0.126373626373626,0.0558608058608059,0,0.0673992673992674,0.06996336996337,0.68040293040293
266273.411807,2774366.126422,0.0831192660550459,0.0878899082568807,0.00422018348623853,0.12256880733945,0.0713761467889908,0.630825688073394
266773.411807,2774366.126422,0.126765731058521,0.145844799119428,0,0.0867730691616217,0.0882406897816914,0.552375710878738
267273.411807,2774366.126422,0.106410256410256,0.0688644688644689,0.00183150183150183,0.0404761904761905,0.131501831501832,0.650915750915751
267773.411807,2774366.126422,0.0291743119266055,0.043302752293578,0.00697247706422018,0.619266055045872,0.129724770642202,0.171559633027523
268273.411807,2774366.126422,0.115391671252981,0.0245826453861677,0.000550357732526142,0.368556228215006,0.10695285268758,0.383966244725738
268773.411807,2774366.126422,0.0234432234432234,0.0234432234432234,0,0.81043956043956,0.06996336996337,0.0727106227106227
269273.411807,2774366.126422,0.0695412844036697,0.0220183486238532,0,0.691743119266055,0.107889908256881,0.108807339449541
269773.411807,2774366.126422,0.110805356815263,0.103283801137406,0.0232984773436067,0.146211704274445,0.163272793982755,0.453127866446524
270273.411807,2774366.126422,0.0347985347985348,0.1503663003663,0.215384615384615,0.0523809523809524,0.0787545787545788,0.468315018315018
270773.411807,2774366.126422,0.0488073394495413,0.100733944954128,0,0.118899082568807,0.191926605504587,0.539633027522936
271273.411807,2774366.126422,0.112272977435333,0.10988809392772,0.00311869381764814,0.0720968629609246,0.139607411484131,0.563015960374243
271773.411807,2774366.126422,0.0315018315018315,0.0463369963369963,0,0.00732600732600733,0.0388278388278388,0.876007326007326
272273.411807,2774366.126422,0,0.34,0,0.191559633027523,0.0601834862385321,0.408256880733945
272773.411807,2774366.126422,0,0.146028251696936,0,0.396991377728857,0.128049899101082,0.328930471473124
273273.411807,2774366.126422,0.0155677655677656,0.0104395604395604,0,0.850732600732601,0.102564102564103,0.0206959706959707
273773.411807,2774366.126422,0.0211009174311927,0.0236697247706422,0,0.842935779816514,0.0627522935779816,0.0495412844036697
274273.411807,2774366.126422,0,0.104567969179967,0.0201797835259585,0.754907356448358,0.015410016510732,0.104934874334984
274773.411807,2774366.126422,0.0232600732600733,0.249267399267399,0.0591575091575092,0.138827838827839,0.0316849816849817,0.497802197802198
262773.411807,2773866.126422,0.00180577849117175,0.0563804173354735,0.207463884430177,0.184791332263242,0.0313001605136437,0.518258426966292
263273.411807,2773866.126422,0.017032967032967,0.0694139194139194,0.00311355311355311,0.213003663003663,0.071978021978022,0.625457875457875
263773.411807,2773866.126422,0.0584249084249084,0.0785714285714286,0,0.0774725274725275,0.0503663003663004,0.735164835164835
264273.411807,2773866.126422,0.0315364869820315,0.134580124679135,0,0.184268426842684,0.0414374770810414,0.608177484415108
264773.411807,2773866.126422,0.0408424908424908,0.0443223443223443,0,0.219413919413919,0.0945054945054945,0.600915750915751
265273.411807,2773866.126422,0.131135531135531,0.0842490842490843,0.0141025641025641,0.0137362637362637,0.0538461538461538,0.702930402930403
265773.411807,2773866.126422,0.188852218555189,0.0304363769710304,0,0.00183351668500183,0.0155848918225156,0.763292995966263
266273.411807,2773866.126422,0.168864468864469,0.104578754578755,0,0.0294871794871795,0.0549450549450549,0.642124542124542
266773.411807,2773866.126422,0.0633699633699634,0.0798534798534798,0,0.00897435897435897,0.0305860805860806,0.817216117216117
267273.411807,2773866.126422,0.0632563256325633,0.12962962962963,0.00513384671800513,0.0504217088375504,0.0909424275760909,0.660616061606161
267773.411807,2773866.126422,0.0368131868131868,0.0263736263736264,0.000366300366300366,0.728205128205128,0.130586080586081,0.0776556776556777
268273.411807,2773866.126422,0.0395604395604396,0.136446886446886,0,0.306410256410256,0.0793040293040293,0.438278388278388
268773.411807,2773866.126422,0.105977264393106,0.109460946094609,0.000733406674000733,0.0735240190685735,0.0353868720205354,0.674917491749175
269273.411807,2773866.126422,0.0302197802197802,0.0338827838827839,0.0668498168498168,0.664835164835165,0.108058608058608,0.0961538461538462
269773.411807,2773866.126422,0.199084249084249,0.0265567765567766,0.145970695970696,0.325091575091575,0.20018315018315,0.103113553113553
270273.411807,2773866.126422,0.0964429776310964,0.128529519618629,0.0216354968830216,0.0834250091675834,0.0894756142280895,0.58049138247158
270773.411807,2773866.126422,0.0417582417582418,0.0631868131868132,0,0.158241758241758,0.156959706959707,0.57985347985348
271273.411807,2773866.126422,0.00805860805860806,0.123626373626374,0.000915750915750916,0.0289377289377289,0.0604395604395604,0.778021978021978
271773.411807,2773866.126422,0,0.336633663366337,0,0.262742940960763,0.0352035203520352,0.365419875320865
272273.411807,2773866.126422,0.00238095238095238,0.0886446886446886,0,0.468315018315018,0.093040293040293,0.347619047619048
272773.411807,2773866.126422,0.108424908424908,0.047985347985348,0,0.270879120879121,0.0963369963369963,0.476373626373626
273273.411807,2773866.126422,0.0172350568390172,0.0727906123945728,0.000183351668500183,0.613311331133113,0.0693069306930693,0.227172717271727
273773.411807,2773866.126422,0,0.103663003663004,0.0322344322344322,0.751465201465201,0.00989010989010989,0.102747252747253
274273.411807,2773866.126422,0.0175824175824176,0.154578754578755,0.0620879120879121,0.089010989010989,0.0256410256410256,0.651098901098901
274773.411807,2773866.126422,0.109094242757609,0.123395672900623,0,0.0148514851485149,0.0861752841950862,0.666483314998166
262773.411807,2773366.126422,0.117375601926164,0.0487560192616372,0,0.560794542536116,0.0668138041733547,0.206260032102729
263273.411807,2773366.126422,0.0835015599192512,0.126078179482474,0.0034868783262984,0.123508900715728,0.105707469260415,0.557717012295834
263773.411807,2773366.126422,0.140473134054649,0.0326425820649184,0,0.204657986429488,0.0590500641848524,0.563176233266092
264273.411807,2773366.126422,0.10756826094924,0.0267546270844787,0.0144768187648891,0.493128092358439,0.0606560381161811,0.297416162726773
264773.411807,2773366.126422,0.449256744356763,0.0288126261699394,0,0.0376215819416407,0.0434942191227748,0.440814828408882
265273.411807,2773366.126422,0.213093709884467,0.0863744727672841,0,0.0066018705299835,0.0550155877498625,0.638914359068403
265773.411807,2773366.126422,0.188565145684442,0.0743998533993036,0,0.0153930731170973,0.0661535642294301,0.655488363569727
266273.411807,2773366.126422,0.0935951550743256,0.080932281152505,0,0.0229399889888053,0.0502844558634612,0.752248118920903
266773.411807,2773366.126422,0.103429304969741,0.199156427654502,0,0.000733541169998166,0.0168714469099578,0.6798092792958
267273.411807,2773366.126422,0.122778083195895,0.0599230346344145,0,0.00164925783397471,0.0355506688656771,0.780098955470038
267773.411807,2773366.126422,0.0594604514589833,0.0346852633510736,0,0.358597907873004,0.129932097632593,0.417324279684346
268273.411807,2773366.126422,0.0759215110948102,0.121951219512195,0.00348432055749129,0.321841188336695,0.150375939849624,0.326425820649184
268773.411807,2773366.126422,0.0535092541689573,0.10756826094924,0,0.0839288986622686,0.0599230346344145,0.69507055158512
269273.411807,2773366.126422,0.121490181684713,0.0880895577170123,0.017434391631492,0.287942741787484,0.11194714626537,0.373095980913929
269773.411807,2773366.126422,0.0762882816798093,0.0526315789473684,0.00513478818998716,0.363469649734091,0.129836787089675,0.372638914359068
270273.411807,2773366.126422,0.0793476269012278,0.0494777350192413,0,0.442001099505223,0.148066703316841,0.281106835257467
270773.411807,2773366.126422,0.131033217104056,0.151403927326115,0.0082583960359699,0.116902183886952,0.110295467058176,0.482106808588732
271273.411807,2773366.126422,0,0.127269392994682,0.00146708233999633,0.035209976159912,0.0119200440124702,0.82413350449294
271773.411807,2773366.126422,0.0229063588052043,0.18050210738501,0,0.149899212021257,0.113432288803372,0.533260032985157
272273.411807,2773366.126422,0.0989172325197284,0.0458799779776106,0.00165167920719398,0.581207561020371,0.113048265736832,0.159295283538264
272773.411807,2773366.126422,0.035209976159912,0.114249037227214,0,0.515496057216211,0.0434623143223913,0.291582615074271
273273.411807,2773366.126422,0,0.253985706432106,0.106652006597031,0.419461242440902,0.0216236027121129,0.198277441817849
273773.411807,2773366.126422,0.0484492567443568,0.193062947329785,0.118003303358414,0.0812993209763259,0.0322995044962378,0.52688566709488
274273.411807,2773366.126422,0.0474967907573813,0.102328993214744,0.000183385292499542,0.0618008435723455,0.126719237117183,0.661470750045846
274773.411807,2773366.126422,0.0654205607476635,0.189298149166209,0,0.00879604178119846,0.0729338464357706,0.663551401869159
262773.411807,2772866.126422,0.113517849979944,0.0397111913357401,0.0036101083032491,0.530084235860409,0.176093060569595,0.136983553951063
263273.411807,2772866.126422,0.336880733944954,0.0546788990825688,0,0.107339449541284,0.124036697247706,0.377064220183486
263773.411807,2772866.126422,0.363052650889745,0.019262520638415,0.000183452577508714,0.143643368189323,0.0702623371858375,0.403595670519171
264273.411807,2772866.126422,0.432051282051282,0.0179487179487179,0.000549450549450549,0.258608058608059,0.0294871794871795,0.261355311355311
264773.411807,2772866.126422,0.386238532110092,0.0510091743119266,0,0.00238532110091743,0.00697247706422018,0.553394495412844
265273.411807,2772866.126422,0.27536231884058,0.0570537516052101,0,0.00220143093010457,0.0091726288754357,0.65620986974867
265773.411807,2772866.126422,0.202197802197802,0.0679487179487179,0.0366300366300366,0.0382783882783883,0.101098901098901,0.553846153846154
266273.411807,2772866.126422,0.106605504587156,0.144770642201835,0.0174311926605505,0.0198165137614679,0.0944954128440367,0.616880733944954
266773.411807,2772866.126422,0.154650522839846,0.180700788846083,0,0.0066042927903137,0.078884608328747,0.57915978719501
267273.411807,2772866.126422,0.123260073260073,0.0913919413919414,0,0.0144688644688645,0.0967032967032967,0.674175824175824
267773.411807,2772866.126422,0.113761467889908,0.0869724770642202,0.00495412844036697,0.192293577981651,0.194495412844037,0.407522935779817
268273.411807,2772866.126422,0.0585213722252798,0.0396257567418822,0,0.380480645753073,0.115942028985507,0.405430196294258
268773.411807,2772866.126422,0.0567765567765568,0.0194139194139194,0.000915750915750916,0.483150183150183,0.0858974358974359,0.353846153846154
269273.411807,2772866.126422,0.076697247706422,0.0974311926605505,0.201834862385321,0.204954128440367,0.104036697247706,0.315045871559633
269773.411807,2772866.126422,0.0275178866263071,0.0339387268391121,0.00311869381764814,0.748669968813062,0.104384516602458,0.0823702073014126
270273.411807,2772866.126422,0.0415750915750916,0.0316849816849817,0,0.595787545787546,0.145238095238095,0.185714285714286
270773.411807,2772866.126422,0.0574311926605505,0.0332110091743119,0,0.228623853211009,0.186788990825688,0.49394495412844
271273.411807,2772866.126422,0.0838378279214823,0.0487983856173179,0.00091726288754357,0.020546688680976,0.0785177031737296,0.767382131718951
271773.411807,2772866.126422,0.0476190476190476,0.0734432234432234,0.00769230769230769,0.071978021978022,0.0985347985347985,0.700732600732601
272273.411807,2772866.126422,0.0168807339449541,0.0634862385321101,0.00385321100917431,0.74954128440367,0.0418348623853211,0.124403669724771
272773.411807,2772866.126422,0,0.238304898183819,0.0539350577875619,0.38378279214823,0.0337552742616034,0.290221977618786
273273.411807,2772866.126422,0.0470695970695971,0.138095238095238,0.0318681318681319,0.0448717948717949,0.0527472527472527,0.685347985347985
273773.411807,2772866.126422,0.128256880733945,0.258899082568807,0.0618348623853211,0.0194495412844037,0.100733944954128,0.430825688073394
274273.411807,2772866.126422,0.219225830122913,0.0731975784259769,0,0.0078884608328747,0.0953953403045313,0.604292790313704
274773.411807,2772866.126422,0.186630036630037,0.0895604395604396,0,0.00512820512820513,0.0551282051282051,0.663553113553114
262773.411807,2772366.126422,0.0489566613162119,0.0806581059390048,0,0.696027287319422,0.0806581059390048,0.0936998394863563
263273.411807,2772366.126422,0.252930402930403,0.021978021978022,0.0010989010989011,0.144139194139194,0.0684981684981685,0.511355311355311
263773.411807,2772366.126422,0.312820512820513,0.0424908424908425,0.000549450549450549,0.111355311355311,0.107875457875458,0.424908424908425
264273.411807,2772366.126422,0.312431243124312,0.0476714338100477,0.000183351668500183,0.00421708837550422,0.0331866519985332,0.602310231023102
264773.411807,2772366.126422,0.199084249084249,0.0840659340659341,0,0.0272893772893773,0.0434065934065934,0.646153846153846
265273.411807,2772366.126422,0.221611721611722,0.103663003663004,0,0.0021978021978022,0.0413919413919414,0.631135531135531
265773.411807,2772366.126422,0.196002933626696,0.0546387972130546,0.0500550055005501,0.0143014301430143,0.0799413274660799,0.605060506050605
266273.411807,2772366.126422,0.195421245421245,0.234432234432234,0.0690476190476191,0.0862637362637363,0.0659340659340659,0.348901098901099
266773.411807,2772366.126422,0.205128205128205,0.0344322344322344,0,0.019047619047619,0.138644688644689,0.602747252747253
267273.411807,2772366.126422,0.0588558855885589,0.0687568756875688,0.13017968463513,0.0308030803080308,0.132379904657132,0.579024569123579
267773.411807,2772366.126422,0.0194139194139194,0.0807692307692308,0.01996336996337,0.36996336996337,0.223992673992674,0.285897435897436
268273.411807,2772366.126422,0.127655677655678,0.0472527472527473,0,0.247985347985348,0.175457875457875,0.401648351648352
268773.411807,2772366.126422,0.081041437477081,0.0997433076640997,0,0.00898423175650898,0.0557389072240557,0.754492115878254
269273.411807,2772366.126422,0.0584249084249084,0.0641025641025641,0.147069597069597,0.0793040293040293,0.0783882783882784,0.572710622710623
269773.411807,2772366.126422,0.0547619047619048,0.0882783882783883,0.0921245421245421,0.424725274725275,0.145238095238095,0.194871794871795
270273.411807,2772366.126422,0.12962962962963,0.0762742940960763,0,0.280528052805281,0.206087275394206,0.307480748074807
270773.411807,2772366.126422,0.12967032967033,0.0391941391941392,0,0.177106227106227,0.144688644688645,0.509340659340659
271273.411807,2772366.126422,0.10018315018315,0.0912087912087912,0.0166666666666667,0.353846153846154,0.153113553113553,0.284981684981685
271773.411807,2772366.126422,0.0473047304730473,0.103226989365603,0.179134580124679,0.145581224789146,0.128346167950128,0.396406307297396
272273.411807,2772366.126422,0.00512820512820513,0.294871794871795,0,0.0556776556776557,0.032967032967033,0.611355311355311
272773.411807,2772366.126422,0.0727106227106227,0.124725274725275,0,0.0652014652014652,0.0424908424908425,0.694871794871795
273273.411807,2772366.126422,0.192519251925193,0.0414374770810414,0,0.0738907224055739,0.16978364503117,0.522368903557022
273773.411807,2772366.126422,0.171794871794872,0.0901098901098901,0,0.0547619047619048,0.0946886446886447,0.588644688644689
274273.411807,2772366.126422,0.0628205128205128,0.0424908424908425,0,0.119230769230769,0.086996336996337,0.688461538461538
274773.411807,2772366.126422,0.0122845617895123,0.00861752841950862,0,0.099009900990099,0.0221855518885222,0.857902456912358
262773.411807,2771866.126422,0.014446227929374,0.0565810593900482,0,0.814606741573034,0.0501605136436597,0.0642054574638844
263273.411807,2771866.126422,0.0961644338410718,0.04147550009176,0,0.483942007707836,0.115250504679758,0.263167553679574
263773.411807,2771866.126422,0.380707867229048,0.0253071703649367,0,0.0935264991747662,0.142857142857143,0.357601320374106
264273.411807,2771866.126422,0.293384643577057,0.0388491845336265,0,0.0696353307678211,0.139637163276526,0.45849367784497
264773.411807,2771866.126422,0.126995779042026,0.110478986970086,0,0.0462470178014315,0.134336575518444,0.581941640668012
265273.411807,2771866.126422,0.274894553456813,0.0539152759948652,0,0.037593984962406,0.0955437373922611,0.538052448193655
265773.411807,2771866.126422,0.109584020524097,0.07623236210372,0.000183250870441635,0.125160344511636,0.14238592633315,0.546454095656954
266273.411807,2771866.126422,0.148284088823637,0.089190677188475,0,0.246283721783814,0.186456230501009,0.329785281703065
266773.411807,2771866.126422,0.240601503759398,0.0385109114249037,0,0.178617274894553,0.153860260407115,0.388410049514029
267273.411807,2771866.126422,0.0122778083195895,0.0826461425691772,0.0177753344328386,0.0153930731170973,0.178119846069269,0.693787795492029
267773.411807,2771866.126422,0.0200036703982382,0.0528537346302074,0.000367039823820885,0.2407781244265,0.177096714993577,0.508900715727656
268273.411807,2771866.126422,0.0720704199523198,0.0517146524848707,0.000366770584999083,0.0819732257472951,0.144690995782138,0.649183935448377
268773.411807,2771866.126422,0.0736668499175371,0.319772768920652,0.000183250870441635,0.00842954004031519,0.0804471321238776,0.517500458127176
269273.411807,2771866.126422,0.0537713341897596,0.180767113231786,0,0.0185355111029547,0.0979996329601762,0.648926408515324
269773.411807,2771866.126422,0.107647166697231,0.0706033376123235,0.000366770584999083,0.0711534934898221,0.13203741059967,0.618191821015954
270273.411807,2771866.126422,0.0765988638446033,0.0624885468205974,0,0.000733003481766538,0.0309693971046362,0.829210188748397
270773.411807,2771866.126422,0.109744907322444,0.129014498073041,0,0.104239309965131,0.119287942741787,0.537713341897596
271273.411807,2771866.126422,0.1600953603521,0.0553823583348615,0.000183385292499542,0.0410783055198973,0.160645516229598,0.582615074271043
271773.411807,2771866.126422,0.0720175920835624,0.0606560381161811,0,0.150082462891699,0.173538574308228,0.54370533260033
272273.411807,2771866.126422,0.0534042943659387,0.110478986970086,0.146632409616443,0.1370893741971,0.122407781244265,0.429987153606166
272773.411807,2771866.126422,0.0874747845222813,0.0509811113148725,0,0.165046763249587,0.194205024757014,0.502292316156244
273273.411807,2771866.126422,0.130108118013561,0.12222833058457,0,0.0089792926516401,0.0648708081363387,0.67381345061389
273773.411807,2771866.126422,0.139842172875757,0.0425766195632226,0,0.0491833363919985,0.117452743622683,0.650945127546339
274273.411807,2771866.126422,0,0.00715202640748212,0,0.126719237117183,0.0671190170548322,0.799009719420502
274773.411807,2771866.126422,0.026571376214037,0.0919919369617006,0,0.0142935678944475,0.0454462158695254,0.82169690306029
262773.411807,2771366.126422,0.0465302847974328,0.101885278780586,0.000200561572402728,0.469915764139591,0.0545527476935419,0.326915363016446
263273.411807,2771366.126422,0.0638532110091743,0.0201834862385321,0.00018348623853211,0.578532110091743,0.191009174311927,0.146238532110092
263773.411807,2771366.126422,0.233535131168593,0.0135754907356448,0,0.289304714731242,0.085305448541552,0.378279214822968
264273.411807,2771366.126422,0.0897435897435897,0.0406593406593407,0,0.0816849816849817,0.163003663003663,0.624908424908425
264773.411807,2771366.126422,0.0627522935779816,0.0807339449541284,0.14,0.123302752293578,0.193394495412844,0.399816513761468
265273.411807,2771366.126422,0.171895065125665,0.0486149330398092,0,0.0585213722252798,0.123280132085856,0.59768849752339
265773.411807,2771366.126422,0.174725274725275,0.13003663003663,0.00183150183150183,0.0468864468864469,0.166300366300366,0.48021978021978
266273.411807,2771366.126422,0.214862385321101,0.0856880733944954,0,0.0018348623853211,0.0330275229357798,0.664587155963303
266773.411807,2771366.126422,0.0851219959640433,0.0403595670519171,0,0.032104201064025,0.132452760961291,0.709961474958723
267273.411807,2771366.126422,0.0503663003663004,0.111172161172161,0.0723443223443224,0.0234432234432234,0.141391941391941,0.601282051282051
267773.411807,2771366.126422,0.0678899082568807,0.0755963302752294,0.00036697247706422,0.179816513761468,0.192110091743119,0.484220183486239
268273.411807,2771366.126422,0.112823335167859,0.18400293524124,0,0.126031920748487,0.0920931939093744,0.48504861493304
268773.411807,2771366.126422,0.0782051282051282,0.0675824175824176,0.114652014652015,0.00311355311355311,0.0507326007326007,0.685714285714286
269273.411807,2771366.126422,0.107522935779817,0.118165137614679,0.190642201834862,0.0486238532110092,0.0754128440366972,0.459633027522936
269773.411807,2771366.126422,0.0902586681342873,0.131168592918731,0,0.00458631443771785,0.0757659145110989,0.698220509998165
270273.411807,2771366.126422,0.0847985347985348,0.228571428571429,0.123809523809524,0.00732600732600733,0.0730769230769231,0.482417582417582
270773.411807,2771366.126422,0.0976146788990826,0.363119266055046,0,0.0240366972477064,0.0893577981651376,0.425871559633028
271273.411807,2771366.126422,0.1284168042561,0.108053568152633,0,0.063474591818015,0.131902403228765,0.568152632544487
271773.411807,2771366.126422,0.0695970695970696,0.0807692307692308,0.000183150183150183,0.0408424908424908,0.193040293040293,0.615567765567766
272273.411807,2771366.126422,0.0440366972477064,0.195412844036697,0.0146788990825688,0.0511926605504587,0.132110091743119,0.56256880733945
272773.411807,2771366.126422,0.117409649605577,0.114657860942946,0,0.0953953403045313,0.19262520638415,0.479911942762796
273273.411807,2771366.126422,0.121794871794872,0.0816849816849817,0,0.0478021978021978,0.0690476190476191,0.67967032967033
273773.411807,2771366.126422,0.00220183486238532,0.0326605504587156,0,0.148807339449541,0.0594495412844037,0.756880733944954
274273.411807,2771366.126422,0.014125848468171,0.0232984773436067,0,0,0.0324711062190424,0.93010456796918
274773.411807,2771366.126422,0.0844322344322344,0.0565934065934066,0,0.0245421245421245,0.141025641025641,0.693406593406593
262773.411807,2770866.126422,0.194823434991974,0.0634028892455859,0,0.0148475120385233,0.0427367576243981,0.684189406099519
263273.411807,2770866.126422,0.108791208791209,0.084981684981685,0.0111721611721612,0.354395604395604,0.178205128205128,0.262454212454212
263773.411807,2770866.126422,0.0135531135531136,0.0663003663003663,0,0.0912087912087912,0.211172161172161,0.617765567765568
264273.411807,2770866.126422,0.0942427576090942,0.0374037403740374,0.000183351668500183,0.352768610194353,0.27007700770077,0.245324532453245
264773.411807,2770866.126422,0.129487179487179,0.177106227106227,0.137179487179487,0.0173992673992674,0.0228937728937729,0.515934065934066
265273.411807,2770866.126422,0.0708791208791209,0.150732600732601,0.434615384615385,0.00128205128205128,0.0216117216117216,0.320879120879121
265773.411807,2770866.126422,0.236890355702237,0.181518151815182,0,0.0022002200220022,0.114228089475614,0.465163182984965
266273.411807,2770866.126422,0.145238095238095,0.128571428571429,0,0.0021978021978022,0.0272893772893773,0.696703296703297
266773.411807,2770866.126422,0.0538461538461538,0.0697802197802198,0.00457875457875458,0.019047619047619,0.124542124542125,0.728205128205128
267273.411807,2770866.126422,0.0975430876420975,0.0647231389805647,0.00568390172350568,0.0293362669600293,0.102310231023102,0.7004033736707
267773.411807,2770866.126422,0.193589743589744,0.12032967032967,0,0.0302197802197802,0.108241758241758,0.547619047619048
268273.411807,2770866.126422,0.118131868131868,0.0611721611721612,0,0.0648351648351648,0.0945054945054945,0.661355311355311
268773.411807,2770866.126422,0.126512651265127,0.0661899523285662,0,0.102676934360103,0.168683535020169,0.535936927026036
269273.411807,2770866.126422,0.0690476190476191,0.0505494505494506,0.0593406593406593,0.293956043956044,0.13021978021978,0.396886446886447
269773.411807,2770866.126422,0.126739926739927,0.0525641025641026,0,0.000366300366300366,0.0135531135531136,0.806776556776557
270273.411807,2770866.126422,0.122478914558122,0.17950128346168,0.000366703337000367,0.0166850018335167,0.05995599559956,0.621012101210121
270773.411807,2770866.126422,0.0575091575091575,0.273260073260073,0,0.0163003663003663,0.0924908424908425,0.56043956043956
271273.411807,2770866.126422,0.108241758241758,0.194871794871795,0,0.0318681318681319,0.137728937728938,0.527289377289377
271773.411807,2770866.126422,0.0803080308030803,0.110744407774111,0,0.0298863219655299,0.149248258159149,0.62981298129813
272273.411807,2770866.126422,0.043040293040293,0.116849816849817,0,0.0661172161172161,0.191391941391941,0.582600732600733
272773.411807,2770866.126422,0.0591575091575092,0.14029304029304,0,0.0366300366300366,0.0915750915750916,0.672344322344322
273273.411807,2770866.126422,0.0306197286395306,0.0850751741840851,0,0.152365236523652,0.132196552988632,0.5997433076641
273773.411807,2770866.126422,0.0659340659340659,0.107326007326007,0.119230769230769,0.0216117216117216,0.113369963369963,0.572527472527472
274273.411807,2770866.126422,0.119413919413919,0.128754578754579,0.00915750915750916,0.00146520146520147,0.0976190476190476,0.643589743589744
274773.411807,2770866.126422,0.166116611661166,0.0909424275760909,0,0.00861752841950862,0.0801246791345801,0.654198753208654
262773.411807,2770366.126422,0.246789727126806,0.0914927768860353,0.00521669341894061,0.00762439807383628,0.050561797752809,0.598314606741573
263273.411807,2770366.126422,0.155624885300055,0.0655166085520279,0,0.00440447788585061,0.0537713341897596,0.720682694072307
263773.411807,2770366.126422,0.133871263524665,0.0476801760498808,0,0.255639097744361,0.234183018521915,0.328626444159178
264273.411807,2770366.126422,0.0683525746747297,0.0304196444933113,0,0.403518416712479,0.270295033901411,0.227414330218069
264773.411807,2770366.126422,0.134703615342265,0.0524866948063865,0.384107175628556,0.00844191594788034,0.0636814094329235,0.356579188841989
265273.411807,2770366.126422,0.186502842472034,0.154777186869613,0.0449293966623877,0.000733541169998166,0.0115532734274711,0.601503759398496
265773.411807,2770366.126422,0.146600696353308,0.0881436686824262,0,0.00439802089059923,0.0377496793109767,0.72310793476269
266273.411807,2770366.126422,0.203890622132501,0.0170673518076711,0,0.00422095797394017,0.0574417324279684,0.717379335657919
266773.411807,2770366.126422,0.0753713552173116,0.153126719237117,0.125435540069686,0.180451127819549,0.0293416467999266,0.436273610856409
267273.411807,2770366.126422,0.123877588418545,0.116914055341763,0,0.000549752611324904,0.0263881253435954,0.732270478284772
267773.411807,2770366.126422,0.163516241512204,0.0280785465222977,0,0.00752431638832813,0.0880895577170123,0.712791337860158
268273.411807,2770366.126422,0.141206675224647,0.0548322024573629,0,0.00568494406748579,0.0830735375022923,0.715202640748212
268773.411807,2770366.126422,0.0641378046545721,0.061205790727506,0,0.011544804837823,0.0930914421843504,0.770020157595749
269273.411807,2770366.126422,0.0548724536612222,0.114883464855937,0.181684712791338,0.00275279867865663,0.0513855753349238,0.594420994677923
269773.411807,2770366.126422,0.113148725472217,0.113882266642215,0,0.013203741059967,0.0889418668622776,0.670823399963323
270273.411807,2770366.126422,0.0918086860912589,0.140003665017409,0.0910756826094924,0.00678028220634048,0.127542605827378,0.542789078248122
270773.411807,2770366.126422,0.0598274912828042,0.201504863277666,0.0155991925123876,0.0242246283721784,0.0985501926959075,0.600293631859057
271273.411807,2770366.126422,0.119383825417202,0.194755180634513,0.267742527049331,0.00476801760498808,0.0709701081973226,0.342380341096644
271773.411807,2770366.126422,0.11544804837823,0.126076598863845,0.000366501740883269,0.00384826827927433,0.0577240241891149,0.696536558548653
272273.411807,2770366.126422,0.0890071572765645,0.0979996329601762,0.076344283354744,0.0200036703982382,0.124977060011011,0.591668195999266
