"x","y","forest","agri","water","built","other","grass"
207273.411807,2474866.126422,0.00128275609309144,0.0415979475902511,0.283855598314092,0.598130841121495,0.0472787245739417,0.0278541323071285
207773.411807,2474866.126422,0.0433106992108644,0.104606349788952,0.18260231235089,0.297669297118737,0.145898329968802,0.225913011561754
208273.411807,2474866.126422,0.0370438290849074,0.0720704199523198,0.0370438290849074,0.293233082706767,0.137722354667156,0.422886484503943
208773.411807,2474866.126422,0.0514934945940993,0.0289536375297783,0.0689023272860546,0.0252886201209456,0.108851017042331,0.716510903426791
209273.411807,2474866.126422,0.0530372545421178,0.0748761240594605,0.000917599559552211,0.0244081482840888,0.24481556248853,0.601945311066251
209773.411807,2474866.126422,0.068402714102329,0.0223730056849441,0,0.0240234733174399,0.146708233999633,0.738492572895654
210273.411807,2474866.126422,0.0696353307678211,0.023089609675646,0,0.0113615539673813,0.117830309693971,0.77808319589518
210773.411807,2474866.126422,0.10790970820334,0.012846393833731,0,0.00844191594788034,0.0803817214167737,0.790420260598275
211273.411807,2474866.126422,0.102380342974149,0.0046071154338367,0,0.000767852572306117,0.0440235474788841,0.848221141540824
207773.411807,2474366.126422,0.0620183486238532,0.048256880733945,0.368073394495413,0.308990825688073,0.119266055045872,0.093394495412844
208273.411807,2474366.126422,0.0809025866813429,0.023115024766098,0.00366905155017428,0.547972849018529,0.163823151715282,0.180517336268575
208773.411807,2474366.126422,0.0846153846153846,0.0172161172161172,0.0120879120879121,0.143223443223443,0.100732600732601,0.642124542124542
209273.411807,2474366.126422,0.048256880733945,0.0130275229357798,0.00036697247706422,0.0932110091743119,0.184587155963303,0.660550458715596
209773.411807,2474366.126422,0.0427444505595304,0.016694184553293,0,0.0326545587965511,0.186754723903871,0.721152082186755
210273.411807,2474366.126422,0.0452380952380952,0.0386446886446886,0,0.0108058608058608,0.121062271062271,0.784249084249084
210773.411807,2474366.126422,0.250275229357798,0.0247706422018349,0,0.00458715596330275,0.0486238532110092,0.671743119266055
211273.411807,2474366.126422,0.235083226632522,0.00537772087067862,0,0.0161331626120359,0.212035851472471,0.531370038412292
208273.411807,2473866.126422,0.0315018315018315,0.0128205128205128,0.165567765567766,0.657509157509158,0.11007326007326,0.0225274725274725
208773.411807,2473866.126422,0.0773744041070774,0.0218188485515218,0,0.533370003667033,0.187752108544188,0.17968463513018
209273.411807,2473866.126422,0.0728937728937729,0.0173992673992674,0,0.111721611721612,0.18040293040293,0.617582417582418
209773.411807,2473866.126422,0.01996336996337,0.0366300366300366,0.000732600732600733,0.0536630036630037,0.190659340659341,0.698351648351648
210273.411807,2473866.126422,0.0581224789145581,0.0126512651265127,0,0.00366703337000367,0.0462046204620462,0.879354602126879
210773.411807,2473866.126422,0.134798534798535,0.0188644688644689,0,0.00494505494505494,0.0673992673992674,0.773992673992674
211273.411807,2473866.126422,0.494499872090049,0.00230237912509593,0,0.0130468150422103,0.0506523407521105,0.439498592990535
208773.411807,2473366.126422,0.0282206340480117,0.0152098222466557,0.000366501740883269,0.719809419094741,0.173538574308228,0.0628550485614807
209273.411807,2473366.126422,0.0489998164800881,0.0416590200036704,0.0187190310148651,0.126812259130116,0.180583593319875,0.583226280051386
209773.411807,2473366.126422,0.0383275261324042,0.0159545204474601,0,0.0363102879149092,0.151292866312122,0.758114799193105
210273.411807,2473366.126422,0.0232728605460876,0.0278541323071285,0,0.00733003481766538,0.0487447315374748,0.892798240791644
210773.411807,2473366.126422,0.0356028629106258,0.0306478252890439,0,0.0115617544503579,0.167737199486144,0.754450357863828
211273.411807,2473366.126422,0.0517020732019452,0.0222677245968774,0,0.013053493729204,0.160993089326849,0.751983619145124
209273.411807,2472866.126422,0.0154128440366972,0.0845871559633028,0.345688073394495,0.174128440366972,0.0985321100917431,0.281651376146789
209773.411807,2472866.126422,0.0124747752705926,0.0207301412584847,0.00238488350761328,0.0620069711979453,0.175931021830857,0.726472206934507
210273.411807,2472866.126422,0.0236263736263736,0.0316849816849817,0,0.00842490842490842,0.157326007326007,0.778937728937729
210773.411807,2472866.126422,0.0253211009174312,0.0104587155963303,0,0.00422018348623853,0.0818348623853211,0.878165137614679
211273.411807,2472866.126422,0.0816901408450704,0.00691421254801537,0,0.00563380281690141,0.0729833546734955,0.832778489116517
209273.411807,2472366.126422,0.0203296703296703,0.0683150183150183,0.556593406593407,0.183333333333333,0.0877289377289377,0.0836996336996337
209773.411807,2472366.126422,0.0265567765567766,0.032051282051282,0.0287545787545788,0.107326007326007,0.158974358974359,0.646336996336996
210273.411807,2472366.126422,0.00605060506050605,0.00696736340300697,0,0.0113678034470114,0.135130179684635,0.84048404840484
210773.411807,2472366.126422,0.0358974358974359,0.00384615384615385,0,0.0032967032967033,0.0756410256410256,0.881318681318681
211273.411807,2472366.126422,0.0537221795855718,0.0268610897927859,0,0.0440010232796112,0.0726528523919161,0.802762854950115
209273.411807,2471866.126422,0.00899247568361167,0.126628739218205,0.615342264635713,0.152872086621398,0.0185355111029547,0.0776289227381171
209773.411807,2471866.126422,0.048413717219879,0.0289748762149276,0.349899138089125,0.14414083990464,0.11204841371722,0.316523014854209
210273.411807,2471866.126422,0.0144768187648891,0.1905809052593,0.00733003481766538,0.121495327102804,0.164009529045263,0.502107385010079
210773.411807,2471866.126422,0.00715727656450725,0.171958157460084,0,0.0115617544503579,0.197100385391815,0.612222426133235
211273.411807,2471866.126422,0.0314819554645508,0.0225236754543128,0,0.00153570514461223,0.0504223189147684,0.894036345021756
209773.411807,2471366.126422,0.00935608145294441,0.197578425976885,0.177398642450926,0.152082186754724,0.121445606310769,0.342139057053752
210273.411807,2471366.126422,0.028021978021978,0.0714285714285714,0.00677655677655678,0.0919413919413919,0.0730769230769231,0.728754578754579
210773.411807,2471366.126422,0.036697247706422,0.00513761467889908,0.0104587155963303,0.0321100917431193,0.0656880733944954,0.849908256880734
211273.411807,2471366.126422,0.0632522407170295,0.00640204865556978,0,0.0176696542893726,0.250960307298335,0.661715749039693
210273.411807,2470866.126422,0.00971763843050972,0.0702236890355702,0.290795746241291,0.251558489182252,0.0832416574990832,0.294462779611294
210773.411807,2470866.126422,0.0236263736263736,0.00952380952380952,0.115934065934066,0.0946886446886447,0.0961538461538462,0.66007326007326
211273.411807,2470866.126422,0.0695830135584549,0.0432335635712458,0.000255819902788437,0.119979534407777,0.291634689178818,0.475313379380916
210773.411807,2470366.126422,0.0271609469627455,0.0233070288126262,0.0759772435309231,0.258579555881813,0.162598641952652,0.45237658285924
211273.411807,2470366.126422,0.0230355771691835,0.0230355771691835,0,0.17199897619657,0.104427949833632,0.677501919631431
211273.411807,2469866.126422,0.0107554417413572,0.0286811779769526,0.25685019206146,0.200512163892446,0.0763124199743918,0.426888604353393
