"x","y","forest","agri","water","built","other","grass"
186273.411807,2557866.126422,0.296479647964796,0.11972863953062,0.00476714338100477,0.0716905023835717,0.0986431976530986,0.408690869086909
186773.411807,2557866.126422,0.171611721611722,0.0141025641025641,0.00824175824175824,0.017032967032967,0.0120879120879121,0.776923076923077
187273.411807,2557866.126422,0.263736263736264,0.0402930402930403,0,0.0626373626373626,0.149267399267399,0.484065934065934
187773.411807,2557866.126422,0.186468646864686,0.0716905023835717,0,0.0801246791345801,0.197836450311698,0.463879721305464
188273.411807,2557866.126422,0.379304029304029,0.0538461538461538,0,0.0263736263736264,0.0576923076923077,0.482783882783883
188773.411807,2557866.126422,0.427289377289377,0.0725274725274725,0,0.00622710622710623,0.019047619047619,0.474908424908425
189273.411807,2557866.126422,0.611111111111111,0.00843417675100843,0,0.0011001100110011,0.00568390172350568,0.373670700403374
189773.411807,2557866.126422,0.595238095238095,0.0228937728937729,0.000915750915750916,0.00677655677655678,0.0148351648351648,0.359340659340659
190273.411807,2557866.126422,0.675824175824176,0.0432234432234432,0,0.0043956043956044,0.0119047619047619,0.264652014652015
190773.411807,2557866.126422,0.562156215621562,0.01998533186652,0,0.0124679134580125,0.0518885221855519,0.353502016868353
191273.411807,2557866.126422,0.703846153846154,0.00274725274725275,0,0.0010989010989011,0.00201465201465201,0.29029304029304
191773.411807,2557866.126422,0.568131868131868,0.0796703296703297,0,0.0393772893772894,0.140842490842491,0.171978021978022
192273.411807,2557866.126422,0.156032269893656,0.110561056105611,0.0385038503850385,0.0986431976530986,0.0845251191785845,0.511734506784012
192773.411807,2557866.126422,0.17032967032967,0.0335164835164835,0,0.0108058608058608,0.019047619047619,0.766300366300366
193273.411807,2557866.126422,0.195054945054945,0.0241758241758242,0,0.0452380952380952,0.0659340659340659,0.66959706959707
193773.411807,2557866.126422,0.173817381738174,0.126879354602127,0.0166850018335167,0.111294462779611,0.0632563256325633,0.508067473414008
194273.411807,2557866.126422,0.227106227106227,0.043956043956044,0,0.0956043956043956,0.114102564102564,0.519230769230769
194773.411807,2557866.126422,0.135347985347985,0.0445054945054945,0,0.479304029304029,0.202564102564103,0.138278388278388
195273.411807,2557866.126422,0.14008067473414,0.0408874220755409,0,0.531169783645031,0.127796112944628,0.16006600660066
195773.411807,2557866.126422,0.46007326007326,0.028021978021978,0,0.06996336996337,0.0785714285714286,0.363369963369963
196273.411807,2557866.126422,0.650915750915751,0.000915750915750916,0,0.000366300366300366,0.00274725274725275,0.345054945054945
196773.411807,2557866.126422,0.647964796479648,0.0044004400440044,0.000366703337000367,0.00055005500550055,0.00366703337000367,0.343050971763843
197273.411807,2557866.126422,0.659157509157509,0.000183150183150183,0,0.000915750915750916,0.00164835164835165,0.338095238095238
197773.411807,2557866.126422,0.655494505494505,0.00347985347985348,0.000183150183150183,0.00183150183150183,0.00824175824175824,0.330769230769231
198273.411807,2557866.126422,0.819215254858819,0.00201686835350202,0,0.00165016501650165,0.00586725339200587,0.171250458379171
186273.411807,2557366.126422,0.259299981674913,0.119846069268829,0.0157595748579806,0.0302363936228697,0.070734835990471,0.504123144584937
186773.411807,2557366.126422,0.0644154890805652,0.0548724536612222,0.0803817214167737,0.0675353275830428,0.0609286107542668,0.671866397504129
187273.411807,2557366.126422,0.27196038877682,0.0872913992297818,0,0.0590500641848524,0.123601687144691,0.458096460663855
187773.411807,2557366.126422,0.648891332233828,0.00623052959501558,0,0.00604727872457394,0.0258383727322705,0.312992486714312
188273.411807,2557366.126422,0.525601027711507,0.00220223894292531,0,0.00275279867865663,0.00789135621214902,0.461552578454762
188773.411807,2557366.126422,0.401980561158995,0.156244269209609,0,0.00421786172748946,0.0210893086374473,0.416467999266459
189273.411807,2557366.126422,0.620670698185816,0.030602895363753,0.00201575957485798,0.000183250870441635,0.0053142752428074,0.341213120762324
189773.411807,2557366.126422,0.688199669664159,0.0159662323362085,0,0.00385391815011929,0.00660671682877592,0.285373463020738
190273.411807,2557366.126422,0.472583898771319,0.0097194205024757,0,0.0053181734824867,0.0260407115349349,0.486337795708784
190773.411807,2557366.126422,0.526479750778816,0.0648708081363387,0,0.00329851566794942,0.00641378046545721,0.398937144951439
191273.411807,2557366.126422,0.645806570012846,0.0249587080198202,0,0.0113782345384474,0.0761607634428336,0.241695723986052
191773.411807,2557366.126422,0.118466898954704,0.381991564276545,0.00366770584999083,0.120300751879699,0.179534201357051,0.19603887768201
192273.411807,2557366.126422,0.141469671980942,0.0711013377313542,0.00329851566794942,0.0410481949789262,0.0452629649990837,0.697819314641745
192773.411807,2557366.126422,0.102037071022206,0.130482657368324,0.0396403009726555,0.0831345200954303,0.0671682877592219,0.577537162782162
193273.411807,2557366.126422,0.186686227764533,0.137355584082157,0.000916926462497708,0.0999449844122501,0.057216211259857,0.517880066018705
193773.411807,2557366.126422,0.2847718526663,0.0318856514568444,0.00219901044529962,0.0320689023272861,0.0256551218618288,0.623419461242441
194273.411807,2557366.126422,0.358781427784915,0.0423930996513122,0.0104606349788952,0.0759772435309231,0.0350523031748945,0.47733529087906
194773.411807,2557366.126422,0.350632679259123,0.0330093526499175,0.0297084173849257,0.0245736291949386,0.0192554557124519,0.542820465798643
195273.411807,2557366.126422,0.360820963899579,0.0888766721641928,0.0042147700201576,0.0641378046545721,0.0544255085211655,0.427524280740333
195773.411807,2557366.126422,0.33198752064599,0.0367039823820885,0,0.0119287942741787,0.0469810974490732,0.572398605248669
196273.411807,2557366.126422,0.545204474601137,0.0276911791674308,0,0.00788556757748029,0.00605171465248487,0.413167064001467
196773.411807,2557366.126422,0.424958768554151,0.0218068535825545,0,0.00274876305662452,0.00348176653839106,0.547003848268279
197273.411807,2557366.126422,0.621581941640668,0.00275279867865663,0,0.0012846393833731,0.00110111947146265,0.37327950082584
197773.411807,2557366.126422,0.629011553273428,0.0097194205024757,0,0.000550155877498625,0.000733541169998166,0.3599853291766
198273.411807,2557366.126422,0.766721641927799,0.00659703133589885,0,0,0.000183250870441635,0.22649807586586
186273.411807,2556866.126422,0.427838827838828,0.194505494505495,0.000915750915750916,0.0217948717948718,0.0642857142857143,0.290659340659341
186773.411807,2556866.126422,0.253394495412844,0.0513761467889908,0,0.0119266055045872,0.048256880733945,0.635045871559633
187273.411807,2556866.126422,0.236286919831224,0.0645753072830673,0,0.11263988259035,0.0146762062006971,0.571821684094661
187773.411807,2556866.126422,0.351282051282051,0.101282051282051,0,0.00677655677655678,0.0164835164835165,0.524175824175824
188273.411807,2556866.126422,0.514495412844037,0.0146788990825688,0.00055045871559633,0.00458715596330275,0.00844036697247706,0.457247706422018
188773.411807,2556866.126422,0.484498257200514,0.0238488350761328,0,0.00146762062006971,0.0214639515685195,0.468721335534764
189273.411807,2556866.126422,0.495604395604396,0.159340659340659,0,0.00494505494505494,0.043040293040293,0.297069597069597
189773.411807,2556866.126422,0.654862385321101,0.0387155963302752,0,0.00055045871559633,0.0130275229357798,0.292844036697248
190273.411807,2556866.126422,0.617868281049349,0.0315538433314988,0,0.00275178866263071,0.0541185103650706,0.293707576591451
190773.411807,2556866.126422,0.566300366300366,0.0324175824175824,0,0.0752747252747253,0.0274725274725275,0.298534798534799
191273.411807,2556866.126422,0.382018348623853,0.10348623853211,0,0.0979816513761468,0.152293577981651,0.264220183486239
191773.411807,2556866.126422,0.473307649972482,0.148596587782058,0.00605393505778756,0.0559530361401578,0.127132636213539,0.188956154833975
192273.411807,2556866.126422,0.233882783882784,0.129304029304029,0.0106227106227106,0.0659340659340659,0.0893772893772894,0.470879120879121
192773.411807,2556866.126422,0.242201834862385,0.0594495412844037,0,0.056697247706422,0.0229357798165138,0.618715596330275
193273.411807,2556866.126422,0.250779673454412,0.0728306732709595,0.0284351495138507,0.0249495505411851,0.0199963309484498,0.603008622271143
193773.411807,2556866.126422,0.277655677655678,0.0457875457875458,0.00293040293040293,0.0375457875457875,0.0294871794871795,0.606593406593407
194273.411807,2556866.126422,0.263119266055046,0.0521100917431193,0,0.0313761467889908,0.0530275229357798,0.600366972477064
194773.411807,2556866.126422,0.246560264171712,0.0484314804623005,0,0.0398092093193909,0.0583379196477711,0.606861126398826
195273.411807,2556866.126422,0.28992673992674,0.0483516483516484,0.00384615384615385,0.0536630036630037,0.0523809523809524,0.551831501831502
195773.411807,2556866.126422,0.254311926605505,0.0667889908256881,0,0.0174311926605505,0.0304587155963303,0.631009174311927
196273.411807,2556866.126422,0.274078150798019,0.0730141258484682,0.00311869381764814,0.0185287103283801,0.0502660062373876,0.580994312970097
196773.411807,2556866.126422,0.491941391941392,0.0122710622710623,0,0.0227106227106227,0.0448717948717949,0.428205128205128
197273.411807,2556866.126422,0.556697247706422,0.0139449541284404,0.00146788990825688,0.00844036697247706,0.0297247706422018,0.389724770642202
197773.411807,2556866.126422,0.608328747018896,0.00165107319757843,0.000366905155017428,0.00440286186020914,0.00678774536782242,0.378462667400477
198273.411807,2556866.126422,0.733150183150183,0.00732600732600733,0,0.000183150183150183,0.00146520146520147,0.257875457875458
186273.411807,2556366.126422,0.591859185918592,0.134030069673634,0,0,0,0.274110744407774
186773.411807,2556366.126422,0.329304029304029,0.0100732600732601,0,0.00238095238095238,0.0141025641025641,0.644139194139194
187273.411807,2556366.126422,0.163553113553114,0.0415750915750916,0,0.206227106227106,0.00989010989010989,0.578754578754579
187773.411807,2556366.126422,0.581591492482582,0.0262192885955262,0,0.000183351668500183,0.00586725339200587,0.386138613861386
188273.411807,2556366.126422,0.436446886446886,0.0811355311355311,0,0.000732600732600733,0.0111721611721612,0.470512820512821
188773.411807,2556366.126422,0.439194139194139,0.023992673992674,0,0.00366300366300366,0.01996336996337,0.513186813186813
189273.411807,2556366.126422,0.582874954162083,0.0511551155115512,0,0.00458379171250458,0.0126512651265127,0.348734873487349
189773.411807,2556366.126422,0.518498168498169,0.019047619047619,0,0.00164835164835165,0.00915750915750916,0.451648351648352
190273.411807,2556366.126422,0.625824175824176,0.0888278388278388,0,0.000732600732600733,0.0206959706959707,0.263919413919414
190773.411807,2556366.126422,0.343050971763843,0.094976164283095,0.00201686835350202,0.128162816281628,0.165199853318665,0.266593325999267
191273.411807,2556366.126422,0.75970695970696,0.026007326007326,0,0.00384615384615385,0.0313186813186813,0.179120879120879
191773.411807,2556366.126422,0.413736263736264,0.00989010989010989,0,0.000732600732600733,0.01996336996337,0.555677655677656
192273.411807,2556366.126422,0.618628529519619,0.0033003300330033,0,0.00403373670700403,0.0055005500550055,0.368536853685369
192773.411807,2556366.126422,0.210622710622711,0.041025641025641,0.00293040293040293,0.0152014652014652,0.0256410256410256,0.704578754578755
193273.411807,2556366.126422,0.287545787545788,0.0556776556776557,0,0.00824175824175824,0.026007326007326,0.622527472527473
193773.411807,2556366.126422,0.260909424275761,0.081958195819582,0,0.0258525852585259,0.072973964063073,0.558305830583058
194273.411807,2556366.126422,0.185347985347985,0.0794871794871795,0.00915750915750916,0.0384615384615385,0.0725274725274725,0.615018315018315
194773.411807,2556366.126422,0.202564102564103,0.0998168498168498,0,0.00384615384615385,0.00622710622710623,0.687545787545788
195273.411807,2556366.126422,0.376054272093876,0.0630729739640631,0.00641730839750642,0.0271360469380271,0.0251191785845251,0.502200220022002
195773.411807,2556366.126422,0.266117216117216,0.0271062271062271,0,0.019047619047619,0.0278388278388278,0.65989010989011
196273.411807,2556366.126422,0.283699633699634,0.0476190476190476,0,0.0232600732600733,0.0461538461538462,0.599267399267399
196773.411807,2556366.126422,0.509167583425009,0.0137513751375138,0.00146681334800147,0.0201686835350202,0.0471213788045471,0.408324165749908
197273.411807,2556366.126422,0.494139194139194,0.00915750915750916,0.000183150183150183,0.0102564102564103,0.0113553113553114,0.474908424908425
197773.411807,2556366.126422,0.415567765567766,0.0249084249084249,0.000183150183150183,0.0126373626373626,0.017032967032967,0.52967032967033
198273.411807,2556366.126422,0.546938027136047,0.0286028602860286,0,0.00568390172350568,0.0144847818115145,0.404290429042904
186273.411807,2555866.126422,0.221000549752611,0.508337914605094,0.0241891148982958,0.0767821147150449,0.00678028220634048,0.162910023822613
186773.411807,2555866.126422,0.116535144063131,0.0464305377133419,0.00238575885483575,0.227381170857038,0.0108276748027161,0.596439713708937
187273.411807,2555866.126422,0.429671740326426,0.0509811113148725,0,0.142306986979644,0.0673024023473317,0.309737759031726
187773.411807,2555866.126422,0.619021440351842,0.0126443100604728,0,0.00146600696353308,0.0053142752428074,0.361553967381345
188273.411807,2555866.126422,0.619930262433474,0.0403743806202973,0,0.000367039823820885,0.00330335841438796,0.33602495870802
188773.411807,2555866.126422,0.554557124518614,0.0405281496423987,0.0188886851274528,0.0196222262974509,0.0372272143774069,0.329176600036677
189273.411807,2555866.126422,0.646325820047645,0.0208905992303463,0,0.00458127176104087,0.0256551218618288,0.302547187099139
189773.411807,2555866.126422,0.772435309231052,0.009543035419343,0,0.000917599559552211,0.00568911726922371,0.21141493852083
190273.411807,2555866.126422,0.789473684210526,0.0403447643498991,0,0.000733541169998166,0.010819732257473,0.158628278012103
190773.411807,2555866.126422,0.775884185449881,0.0161260765988638,0,0.00109950522264981,0.0218068535825545,0.185083379146051
191273.411807,2555866.126422,0.534042943659387,0.0515690952468343,0,0.000550559735731327,0.0361534226463571,0.37768397871169
191773.411807,2555866.126422,0.301302035576747,0.0291582615074271,0.00110031175499725,0.00733541169998166,0.0165046763249587,0.644599303135889
192273.411807,2555866.126422,0.368517500458127,0.0225398570643211,0,0.0102620487447315,0.0124610591900312,0.586219534542789
192773.411807,2555866.126422,0.235823086804918,0.0537713341897596,0,0.0034868783262984,0.00495503762158194,0.701963663057442
193273.411807,2555866.126422,0.246103062534385,0.0539152759948652,0,0.0689528699798276,0.0555657436273611,0.575463047863561
193773.411807,2555866.126422,0.308594465823713,0.0586402785413231,0,0.00769653655854865,0.0148433205057724,0.610225398570643
194273.411807,2555866.126422,0.232152688566709,0.0574417324279684,0,0.0660671682877592,0.0978161130482657,0.546522297669297
194773.411807,2555866.126422,0.29213277095177,0.0625343847423437,0,0.0276911791674308,0.0359435173299101,0.581698147808546
195273.411807,2555866.126422,0.21971779365952,0.0694520798973795,0.0047645226314825,0.0161260765988638,0.0267546270844787,0.663184900128276
195773.411807,2555866.126422,0.34850431271793,0.102220590934116,0.00330335841438796,0.0141310332171041,0.0187190310148651,0.513121673701597
196273.411807,2555866.126422,0.250871080139373,0.0706033376123235,0.00825233816247937,0.0339262791124152,0.0247570144874381,0.611589950485971
196773.411807,2555866.126422,0.384277075316108,0.0133773135422393,0.00164925783397471,0.0194245922668133,0.0492944841487997,0.531977276892065
197273.411807,2555866.126422,0.738851165351441,0.00330335841438796,0,0.000917599559552211,0.00275279867865663,0.254175077995963
197773.411807,2555866.126422,0.787639831285531,0.000183385292499542,0,0.00110031175499725,0.000366770584999083,0.210709701081973
198273.411807,2555866.126422,0.740150265713762,0.00549752611324904,0,0.000366501740883269,0.00164925783397471,0.252336448598131
186273.411807,2555366.126422,0.333699633699634,0.0021978021978022,0,0.00695970695970696,0.0117216117216117,0.645421245421245
186773.411807,2555366.126422,0.354862385321101,0.102018348623853,0,0.0055045871559633,0.0284403669724771,0.509174311926605
187273.411807,2555366.126422,0.241607044578976,0.0561364887176665,0,0.00880572372041827,0.0311869381764814,0.662263804806458
187773.411807,2555366.126422,0.478021978021978,0.052014652014652,0,0.000915750915750916,0.00274725274725275,0.466300366300366
188273.411807,2555366.126422,0.575963302752294,0.0359633027522936,0,0.00036697247706422,0.00899082568807339,0.378715596330275
188773.411807,2555366.126422,0.704457897633462,0.17409649605577,0,0.00550357732526142,0.0467804072647221,0.0691616217207852
189273.411807,2555366.126422,0.630586080586081,0.097985347985348,0.000732600732600733,0.00586080586080586,0.0214285714285714,0.243406593406593
189773.411807,2555366.126422,0.84605504587156,0.00220183486238532,0,0.00036697247706422,0.00036697247706422,0.151009174311927
190273.411807,2555366.126422,0.863694734911026,0,0,0,0,0.136305265088975
190773.411807,2555366.126422,0.713003663003663,0.00512820512820513,0,0.000732600732600733,0.00164835164835165,0.279487179487179
191273.411807,2555366.126422,0.544587155963303,0.00752293577981651,0,0.00036697247706422,0.00220183486238532,0.445321100917431
191773.411807,2555366.126422,0.45367822417905,0.0636580443955238,0.000183452577508714,0.00825536598789213,0.0254999082737112,0.448725004586314
192273.411807,2555366.126422,0.405677655677656,0.00567765567765568,0.000549450549450549,0.00238095238095238,0.00402930402930403,0.581684981684982
192773.411807,2555366.126422,0.133577981651376,0.0179816513761468,0,0.0288073394495413,0.0324770642201835,0.787155963302752
193273.411807,2555366.126422,0.198128783709411,0.0532012474775271,0,0.0201797835259585,0.0357732526141992,0.692716932672904
193773.411807,2555366.126422,0.117948717948718,0.0893772893772894,0,0.0010989010989011,0.00952380952380952,0.782051282051282
194273.411807,2555366.126422,0.20605504587156,0.0337614678899083,0,0.00990825688073394,0.0179816513761468,0.732293577981651
194773.411807,2555366.126422,0.0772335351311686,0.0871399743166392,0.00165107319757843,0.0742982938910292,0.078884608328747,0.680792515134838
195273.411807,2555366.126422,0.175274725274725,0.283516483516484,0,0.0166666666666667,0.0252747252747253,0.499267399267399
195773.411807,2555366.126422,0.227155963302752,0.0636697247706422,0.00880733944954129,0.0319266055045872,0.0328440366972477,0.635596330275229
196273.411807,2555366.126422,0.17409649605577,0.119427627958173,0,0.00990643918547056,0.00733810310034856,0.689231333700238
196773.411807,2555366.126422,0.360622710622711,0.021978021978022,0,0.0122710622710623,0.0296703296703297,0.575457875457875
197273.411807,2555366.126422,0.484036697247706,0.0106422018348624,0,0.0132110091743119,0.0271559633027523,0.464954128440367
197773.411807,2555366.126422,0.792698587415153,0,0,0,0,0.207301412584847
198273.411807,2555366.126422,0.871978021978022,0,0,0.00146520146520147,0.00201465201465201,0.124542124542125
186273.411807,2554866.126422,0.381188118811881,0.0533553355335534,0,0.00348368170150348,0.0187018701870187,0.543270993766043
186773.411807,2554866.126422,0.276373626373626,0.0673992673992674,0,0.00128205128205128,0.00146520146520147,0.653479853479853
187273.411807,2554866.126422,0.405128205128205,0.034981684981685,0,0.0166666666666667,0.0415750915750916,0.501648351648352
187773.411807,2554866.126422,0.313164649798313,0.0485881921525486,0,0.0044004400440044,0.0251191785845251,0.608727539420609
188273.411807,2554866.126422,0.541575091575092,0.093956043956044,0,0.00164835164835165,0.00347985347985348,0.359340659340659
188773.411807,2554866.126422,0.651282051282051,0.0342490842490843,0,0.000732600732600733,0.00732600732600733,0.306410256410256
189273.411807,2554866.126422,0.692702603593693,0.048954895489549,0.000916758342500917,0.0022002200220022,0.00806747341400807,0.247158049138247
189773.411807,2554866.126422,0.868498168498169,0.000183150183150183,0,0,0,0.131318681318681
190273.411807,2554866.126422,0.773992673992674,0.00164835164835165,0,0,0.00183150183150183,0.222527472527473
190773.411807,2554866.126422,0.858085808580858,0.00275027502750275,0,0.000916758342500917,0.0121012101210121,0.126145947928126
191273.411807,2554866.126422,0.604212454212454,0.00586080586080586,0.00238095238095238,0.00787545787545788,0.00805860805860806,0.371611721611722
191773.411807,2554866.126422,0.362087912087912,0.0108058608058608,0.000915750915750916,0.0043956043956044,0.00659340659340659,0.615201465201465
192273.411807,2554866.126422,0.352401906857352,0.0385038503850385,0.000916758342500917,0.00751741840850752,0.0298863219655299,0.570773744041071
192773.411807,2554866.126422,0.396703296703297,0.0437728937728938,0,0.00146520146520147,0.00934065934065934,0.548717948717949
193273.411807,2554866.126422,0.259340659340659,0.0115384615384615,0,0.000732600732600733,0.000915750915750916,0.727472527472527
193773.411807,2554866.126422,0.303997066373304,0.00623395672900623,0,0.000733406674000733,0.00366703337000367,0.685368536853685
194273.411807,2554866.126422,0.327472527472527,0.00824175824175824,0,0.00146520146520147,0.00128205128205128,0.661538461538462
194773.411807,2554866.126422,0.341575091575092,0.0551282051282051,0,0.00695970695970696,0.0104395604395604,0.585897435897436
195273.411807,2554866.126422,0.16960029336267,0.243124312431243,0,0.0128346167950128,0.0203520352035204,0.554088742207554
195773.411807,2554866.126422,0.211538461538462,0.093956043956044,0,0.0126373626373626,0.0287545787545788,0.653113553113553
196273.411807,2554866.126422,0.173076923076923,0.12014652014652,0.00531135531135531,0.0271062271062271,0.0509157509157509,0.623443223443223
196773.411807,2554866.126422,0.36046938027136,0.0592225889255592,0.000916758342500917,0.0108177484415108,0.0170517051705171,0.551521818848552
197273.411807,2554866.126422,0.504945054945055,0.0153846153846154,0,0.0221611721611722,0.0355311355311355,0.421978021978022
197773.411807,2554866.126422,0.582783882783883,0.00714285714285714,0,0.0032967032967033,0.0179487179487179,0.388827838827839
198273.411807,2554866.126422,0.737807114044738,0.017968463513018,0.00055005500550055,0.00513384671800513,0.00733406674000733,0.231206453978731
186273.411807,2554366.126422,0.171706065603812,0.0745831042697453,0.00641378046545721,0.00678028220634048,0.011544804837823,0.728971962616822
186773.411807,2554366.126422,0.376949899064048,0.0322995044962378,0.0132134336575518,0.0262433474031932,0.0198201504863278,0.531473664892641
187273.411807,2554366.126422,0.308270676691729,0.160645516229598,0,0.000366770584999083,0.00201723821749496,0.528699798276178
187773.411807,2554366.126422,0.432472054242258,0.0238226131574125,0,0.00183250870441635,0.00971229613340663,0.532160527762507
188273.411807,2554366.126422,0.37364654064966,0.375665259680675,0,0.000917599559552211,0.00440447788585061,0.245366122224261
188773.411807,2554366.126422,0.637814047313406,0.123601687144691,0,0,0.000183385292499542,0.238400880249404
189273.411807,2554366.126422,0.807769836906725,0.00311526479750779,0,0,0.000916254352208173,0.188198643943559
189773.411807,2554366.126422,0.547256377316939,0.0126628739218205,0,0.000367039823820885,0.009543035419343,0.430170673518077
190273.411807,2554366.126422,0.67192371171832,0.00366770584999083,0,0,0.00293416467999266,0.321474417751696
190773.411807,2554366.126422,0.451713395638629,0.0133773135422393,0.00109950522264981,0.00293201392706615,0.0152098222466557,0.51566794942276
191273.411807,2554366.126422,0.3901633327216,0.0126628739218205,0.00679023674068636,0.0126628739218205,0.0152321526885667,0.562488530005506
191773.411807,2554366.126422,0.284430588666789,0.0540986612873648,0.013203741059967,0.0163212910324592,0.0416284613973959,0.590317256556024
192273.411807,2554366.126422,0.380795308777717,0.0273043796958036,0.000916254352208173,0.00403151914971596,0.00623052959501558,0.58072200842954
192773.411807,2554366.126422,0.347036153422646,0.0308313452009543,0.00311983850247752,0.0012846393833731,0.00660671682877592,0.611121306661773
193273.411807,2554366.126422,0.492756280946268,0.0053181734824867,0,0.00110031175499725,0.00275077938749312,0.498074454428755
193773.411807,2554366.126422,0.337731354223933,0.0342679127725857,0.000549752611324904,0.0238226131574125,0.0472787245739417,0.556349642660803
194273.411807,2554366.126422,0.457148100568912,0.121490181684713,0,0.00623967700495504,0.012846393833731,0.402275646907689
194773.411807,2554366.126422,0.364569961489089,0.112231799009719,0,0.00366770584999083,0.00348432055749129,0.51604621309371
195273.411807,2554366.126422,0.372365768737402,0.254718709913872,0,0.0196078431372549,0.00861279091075683,0.344694887300715
195773.411807,2554366.126422,0.345567994127363,0.0178014314553129,0.000367039823820885,0.0108276748027161,0.015782712424298,0.609653147366489
196273.411807,2554366.126422,0.394094993581515,0.0621676141573446,0.0133871263524665,0.0150375939849624,0.0212726939299468,0.494039977993765
196773.411807,2554366.126422,0.318856514568444,0.0417811984606927,0.013560564412681,0.0364669232178853,0.0670698185816383,0.522264980758659
197273.411807,2554366.126422,0.443751146999449,0.0530372545421178,0.00623967700495504,0.0220223894292531,0.0394567810607451,0.43549275096348
197773.411807,2554366.126422,0.556757748028608,0.0113698881349716,0,0.00238400880249404,0.0100861910874748,0.419402163946451
198273.411807,2554366.126422,0.620120945574491,0.00109950522264981,0,0.00201575957485798,0.00586402785413231,0.370899761773868
186273.411807,2553866.126422,0.385531135531136,0.227655677655678,0,0.0119047619047619,0.0432234432234432,0.331684981684982
186773.411807,2553866.126422,0.437247706422018,0.0537614678899083,0.00330275229357798,0.0209174311926606,0.0620183486238532,0.422752293577982
187273.411807,2553866.126422,0.195560447624289,0.164923867180334,0.00843881856540084,0.0201797835259585,0.0245826453861677,0.58631443771785
187773.411807,2553866.126422,0.45970695970696,0.0824175824175824,0,0.000183150183150183,0.0228937728937729,0.434798534798535
188273.411807,2553866.126422,0.584403669724771,0.0344954128440367,0,0,0.00477064220183486,0.376330275229358
188773.411807,2553866.126422,0.737112456430013,0.00440286186020914,0,0,0.00201797835259585,0.256466703357182
189273.411807,2553866.126422,0.505494505494505,0.0388278388278388,0,0.000366300366300366,0.00494505494505494,0.4503663003663
189773.411807,2553866.126422,0.611376146788991,0.00458715596330275,0,0.000917431192660551,0.00715596330275229,0.375963302752294
190273.411807,2553866.126422,0.522656393322326,0.0174279948633278,0,0.00220143093010457,0.019262520638415,0.438451660245826
190773.411807,2553866.126422,0.623443223443223,0.00128205128205128,0.00238095238095238,0.000915750915750916,0.0021978021978022,0.36978021978022
191273.411807,2553866.126422,0.421651376146789,0.0247706422018349,0.00348623853211009,0.0143119266055046,0.0310091743119266,0.504770642201835
191773.411807,2553866.126422,0.477343606677674,0.00476976701522656,0.00403595670519171,0.00311869381764814,0.00421940928270042,0.506512566501559
192273.411807,2553866.126422,0.365384615384615,0.0210622710622711,0.0382783882783883,0.0357142857142857,0.0197802197802198,0.51978021978022
192773.411807,2553866.126422,0.418715596330275,0.00990825688073394,0.00220183486238532,0.00954128440366972,0.00477064220183486,0.554862385321101
193273.411807,2553866.126422,0.446707026233719,0.024399192808659,0.00220143093010457,0.001284168042561,0.00862227114290956,0.516785910842047
193773.411807,2553866.126422,0.327838827838828,0.015018315018315,0,0.00586080586080586,0.0100732600732601,0.641208791208791
194273.411807,2553866.126422,0.559633027522936,0.00477064220183486,0,0.000917431192660551,0.00495412844036697,0.429724770642202
194773.411807,2553866.126422,0.476059438635113,0.0333883691065859,0,0.000550357732526142,0.000733810310034856,0.48926802421574
195273.411807,2553866.126422,0.742307692307692,0.00476190476190476,0.000549450549450549,0.000366300366300366,0.0021978021978022,0.24981684981685
195773.411807,2553866.126422,0.910091743119266,0,0,0.00055045871559633,0,0.0893577981651376
196273.411807,2553866.126422,0.50779673454412,0.0629242340854889,0.000733810310034856,0.0302696752889378,0.0188956154833975,0.379379930288021
196773.411807,2553866.126422,0.35,0.0551282051282051,0.00677655677655678,0.0283882783882784,0.026007326007326,0.533699633699634
197273.411807,2553866.126422,0.327706422018349,0.0278899082568807,0.00752293577981651,0.0328440366972477,0.0376146788990826,0.566422018348624
197773.411807,2553866.126422,0.692533480095395,0.00770500825536599,0,0.00146762062006971,0.00311869381764814,0.295175197211521
198273.411807,2553866.126422,0.537728937728938,0.00256410256410256,0,0.00549450549450549,0.00915750915750916,0.445054945054945
186273.411807,2553366.126422,0.480564723138981,0.36046938027136,0,0.00201686835350202,0.00055005500550055,0.156398973230656
186773.411807,2553366.126422,0.554395604395604,0.0368131868131868,0.00238095238095238,0.0122710622710623,0.0122710622710623,0.381868131868132
187273.411807,2553366.126422,0.322710622710623,0.0327838827838828,0.00128205128205128,0.0104395604395604,0.0227106227106227,0.61007326007326
187773.411807,2553366.126422,0.71947194719472,0.00275027502750275,0,0.00165016501650165,0.00275027502750275,0.273377337733773
188273.411807,2553366.126422,0.812637362637363,0.00494505494505494,0,0,0.000549450549450549,0.181868131868132
188773.411807,2553366.126422,0.872527472527473,0.000366300366300366,0,0,0.000183150183150183,0.126923076923077
189273.411807,2553366.126422,0.793546021268794,0.0055005500550055,0,0,0.000733406674000733,0.2002200220022
189773.411807,2553366.126422,0.738461538461539,0.00366300366300366,0,0.00146520146520147,0.00347985347985348,0.252930402930403
190273.411807,2553366.126422,0.473992673992674,0.0313186813186813,0,0.00769230769230769,0.036996336996337,0.45
190773.411807,2553366.126422,0.6002933626696,0.0172350568390172,0,0.00183351668500183,0.00458379171250458,0.376054272093876
191273.411807,2553366.126422,0.441758241758242,0.0164835164835165,0.00347985347985348,0.0153846153846154,0.0338827838827839,0.489010989010989
191773.411807,2553366.126422,0.491758241758242,0.0120879120879121,0.00824175824175824,0.0108058608058608,0.00897435897435897,0.468131868131868
192273.411807,2553366.126422,0.524202420242024,0.0403373670700403,0.0968096809680968,0.0498716538320499,0.00751741840850752,0.281261459479281
192773.411807,2553366.126422,0.664102564102564,0.000732600732600733,0,0.000366300366300366,0.000366300366300366,0.334432234432234
193273.411807,2553366.126422,0.555311355311355,0.00604395604395604,0,0.000732600732600733,0.00146520146520147,0.436446886446886
193773.411807,2553366.126422,0.30986431976531,0.035020168683535,0.000733406674000733,0.0099009900990099,0.0124679134580125,0.632013201320132
194273.411807,2553366.126422,0.711355311355311,0.00274725274725275,0,0.000915750915750916,0.00384615384615385,0.281135531135531
194773.411807,2553366.126422,0.753846153846154,0.000549450549450549,0,0.000549450549450549,0.00183150183150183,0.243223443223443
195273.411807,2553366.126422,0.405573890722406,0.00788412174550788,0,0,0.00183351668500183,0.584708470847085
195773.411807,2553366.126422,0.922527472527473,0,0,0,0,0.0774725274725275
196273.411807,2553366.126422,0.967216117216117,0,0,0,0,0.0327838827838828
196773.411807,2553366.126422,0.72038870553722,0.0044004400440044,0,0.000916758342500917,0.00275027502750275,0.271543821048772
197273.411807,2553366.126422,0.234798534798535,0.0402930402930403,0.0131868131868132,0.0144688644688645,0.03003663003663,0.667216117216117
197773.411807,2553366.126422,0.46025641025641,0.0401098901098901,0,0.0813186813186813,0.0642857142857143,0.354029304029304
198273.411807,2553366.126422,0.565089842317565,0.0363036303630363,0.0055005500550055,0.0262192885955262,0.0313531353135314,0.335533553355336
186273.411807,2552866.126422,0.385743082279641,0.0613890415979476,0,0.0119113065787062,0.0221733553234378,0.518783214220268
186773.411807,2552866.126422,0.533859423747477,0.0447788585061479,0.00568911726922371,0.00679023674068636,0.0159662323362085,0.392916131400257
187273.411807,2552866.126422,0.379240784889052,0.0386942967174033,0.0137538969374656,0.0229231615624427,0.0245736291949386,0.520814230698698
187773.411807,2552866.126422,0.887300714678395,0,0,0,0,0.112699285321605
188273.411807,2552866.126422,0.75536795742338,0.000734079647641769,0,0,0.000183519911910442,0.243714443017067
188773.411807,2552866.126422,0.899138089125252,0,0,0,0,0.100861910874748
189273.411807,2552866.126422,0.707714861645593,0.00861279091075683,0,0.000549752611324904,0.00329851566794942,0.279824079164376
189773.411807,2552866.126422,0.51055239493485,0.00697375665259681,0.000183519911910442,0.00165167920719398,0.0110111947146265,0.469627454578822
190273.411807,2552866.126422,0.52411516596369,0.0229231615624427,0,0.00183385292499542,0.0242068586099395,0.426920960938933
190773.411807,2552866.126422,0.421843503756643,0.0295033901411032,0,0.00366501740883269,0.0214403518416712,0.52354773685175
191273.411807,2552866.126422,0.611671866397504,0.019086070838686,0.036520462470178,0.00807487612405946,0.0211047898697009,0.303541934299872
191773.411807,2552866.126422,0.443242251971392,0.055198973042362,0.0381441408399046,0.0309921144324225,0.0482303319273794,0.38419218778654
192273.411807,2552866.126422,0.42715777899945,0.0417811984606927,0.036100421477002,0.0201575957485798,0.00787978742899029,0.466923217885285
192773.411807,2552866.126422,0.57661956322261,0.00256927876674619,0,0.000367039823820885,0.000734079647641769,0.419710038539181
193273.411807,2552866.126422,0.797175866495507,0.00128369704749679,0,0.000550155877498625,0.000733541169998166,0.200256739409499
193773.411807,2552866.126422,0.575590984057174,0.0146600696353308,0,0.00146600696353308,0.00494777350192413,0.403335165842038
194273.411807,2552866.126422,0.794457698660305,0.00385391815011929,0,0.000917599559552211,0.00275279867865663,0.198017984951367
194773.411807,2552866.126422,0.79185769301302,0.00605171465248487,0,0.000366770584999083,0.00146708233999633,0.200256739409499
195273.411807,2552866.126422,0.369067253069452,0.0126443100604728,0,0.000733003481766538,0.00238226131574125,0.615173172072567
195773.411807,2552866.126422,0.812442650027528,0,0,0.000183519911910442,0,0.187373830060562
196273.411807,2552866.126422,0.927012653585182,0,0,0,0,0.0729873464148175
196773.411807,2552866.126422,0.558548653106102,0.0042147700201576,0,0.000549752611324904,0.000916254352208173,0.435770569910207
197273.411807,2552866.126422,0.332538080381721,0.0411084602679391,0.009543035419343,0.0690034868783263,0.0537713341897596,0.494035602862911
197773.411807,2552866.126422,0.227581147991931,0.170181551439575,0.00898587933247754,0.140656519347148,0.0995782138272511,0.353016688061617
198273.411807,2552866.126422,0.370166758292102,0.0428807036833425,0.00329851566794942,0.109767271394539,0.11324903793293,0.360637713029137
186273.411807,2552366.126422,0.278388278388278,0.0584249084249084,0,0.0254578754578755,0.0668498168498168,0.570879120879121
186773.411807,2552366.126422,0.645321100917431,0.0475229357798165,0.00146788990825688,0.00440366972477064,0.0146788990825688,0.286605504587156
187273.411807,2552366.126422,0.89873417721519,0.00146762062006971,0,0.000366905155017428,0.000733810310034856,0.0986974866996881
187773.411807,2552366.126422,0.80989010989011,0.000549450549450549,0,0,0.000183150183150183,0.189377289377289
188273.411807,2552366.126422,0.737614678899083,0.044954128440367,0,0.00036697247706422,0.0130275229357798,0.204036697247706
188773.411807,2552366.126422,0.734177215189873,0.00733810310034856,0,0.000183452577508714,0.0091726288754357,0.249128600256834
189273.411807,2552366.126422,0.575274725274725,0.0408424908424908,0,0.00201465201465201,0.0159340659340659,0.365934065934066
189773.411807,2552366.126422,0.793577981651376,0.0207339449541284,0,0.00036697247706422,0.00697247706422018,0.178348623853211
190273.411807,2552366.126422,0.52504127682994,0.0515501742799486,0,0.00091726288754357,0.0181618051733627,0.404329480829206
190773.411807,2552366.126422,0.634798534798535,0.0265567765567766,0,0.00842490842490842,0.0307692307692308,0.299450549450549
191273.411807,2552366.126422,0.651009174311927,0.00403669724770642,0.00055045871559633,0.00146788990825688,0.00788990825688073,0.335045871559633
191773.411807,2552366.126422,0.439552375710879,0.00752155567785727,0.00513667217024399,0.00825536598789213,0.00825536598789213,0.531278664465236
192273.411807,2552366.126422,0.64047619047619,0.0417582417582418,0,0.00128205128205128,0.00970695970695971,0.306776556776557
192773.411807,2552366.126422,0.36697247706422,0.346788990825688,0.00055045871559633,0.00220183486238532,0.00623853211009174,0.277247706422018
193273.411807,2552366.126422,0.93432397725188,0,0,0,0,0.0656760227481196
193773.411807,2552366.126422,0.92967032967033,0,0,0,0,0.0703296703296703
194273.411807,2552366.126422,0.746605504587156,0.0559633027522936,0.0168807339449541,0.0018348623853211,0.00990825688073394,0.168807339449541
194773.411807,2552366.126422,0.913777288570904,0,0,0,0,0.0862227114290956
195273.411807,2552366.126422,0.772161172161172,0.00805860805860806,0,0.000183150183150183,0.00146520146520147,0.218131868131868
195773.411807,2552366.126422,0.600366972477064,0.00788990825688073,0.00440366972477064,0.0018348623853211,0.0036697247706422,0.381834862385321
196273.411807,2552366.126422,0.537149146945515,0.0190790680609063,0.000183452577508714,0.000550357732526142,0.00568702990277013,0.437350944780774
196773.411807,2552366.126422,0.394505494505494,0.0296703296703297,0.0010989010989011,0.00860805860805861,0.0283882783882784,0.537728937728938
197273.411807,2552366.126422,0.295596330275229,0.0447706422018349,0.00128440366972477,0.00642201834862385,0.0209174311926606,0.631009174311927
197773.411807,2552366.126422,0.373142542652724,0.0254999082737112,0.000366905155017428,0.0546688680975968,0.0561364887176665,0.490185287103284
198273.411807,2552366.126422,0.407692307692308,0.021978021978022,0.0021978021978022,0.0227106227106227,0.0267399267399267,0.518681318681319
186273.411807,2551866.126422,0.428676200953429,0.111111111111111,0,0.00971763843050972,0.0487715438210488,0.401723505683902
186773.411807,2551866.126422,0.257875457875458,0.117216117216117,0,0.00457875457875458,0.0291208791208791,0.591208791208791
187273.411807,2551866.126422,0.547252747252747,0.0794871794871795,0,0.00549450549450549,0.00402930402930403,0.363736263736264
187773.411807,2551866.126422,0.813164649798313,0.108177484415108,0,0.00366703337000367,0.011001100110011,0.063989732306564
188273.411807,2551866.126422,0.815018315018315,0.0893772893772894,0,0.000549450549450549,0.0043956043956044,0.0906593406593407
188773.411807,2551866.126422,0.818131868131868,0.0021978021978022,0.00128205128205128,0,0.0010989010989011,0.177289377289377
189273.411807,2551866.126422,0.58984231756509,0.041987532086542,0,0.00366703337000367,0.0168683535020169,0.347634763476348
189773.411807,2551866.126422,0.460805860805861,0.0899267399267399,0,0.00897435897435897,0.0763736263736264,0.363919413919414
190273.411807,2551866.126422,0.823076923076923,0.00293040293040293,0,0.000183150183150183,0.0010989010989011,0.172710622710623
190773.411807,2551866.126422,0.487898789878988,0.0502383571690502,0.000916758342500917,0.00916758342500917,0.0421708837550422,0.40960762742941
191273.411807,2551866.126422,0.604029304029304,0.00860805860805861,0.0010989010989011,0.00366300366300366,0.00897435897435897,0.373626373626374
