"x","y","forest","agri","water","built","other","grass"
326273.411807,2737866.126422,0.114285714285714,0.0347985347985348,0.000183150183150183,0.602380952380952,0.163369963369963,0.084981684981685
326773.411807,2737866.126422,0.0608058608058608,0.395604395604396,0,0.181684981684982,0.106593406593407,0.255311355311355
327273.411807,2737866.126422,0.0531719838650532,0.686101943527686,0,0.0808580858085809,0.0308030803080308,0.149064906490649
327773.411807,2737866.126422,0.114102564102564,0.655494505494505,0,0.0483516483516484,0.0716117216117216,0.11043956043956
328273.411807,2737866.126422,0.0846153846153846,0.613369963369963,0.000549450549450549,0.0448717948717949,0.0534798534798535,0.203113553113553
328773.411807,2737866.126422,0.026035936927026,0.884855152181885,0,0.0177851118445178,0.00953428676200953,0.0617895122845618
329273.411807,2737866.126422,0.0956043956043956,0.552197802197802,0,0.205128205128205,0.0597069597069597,0.0873626373626374
329773.411807,2737866.126422,0.100915750915751,0.517216117216117,0,0.169413919413919,0.0782051282051282,0.134249084249084
330273.411807,2737866.126422,0.0533553355335534,0.782911624495783,0,0.0132013201320132,0.017968463513018,0.132563256325633
330773.411807,2737866.126422,0.0261904761904762,0.638827838827839,0.0338827838827839,0.0173992673992674,0.0181318681318681,0.265567765567766
331273.411807,2737866.126422,0.0571428571428571,0.808608058608059,0,0.0161172161172161,0.0214285714285714,0.0967032967032967
331773.411807,2737866.126422,0.0251191785845251,0.910707737440411,0,0.0113678034470114,0.0141180784745141,0.0386872020535387
332273.411807,2737866.126422,0.0595238095238095,0.570879120879121,0.0501831501831502,0.0399267399267399,0.0386446886446886,0.240842490842491
332773.411807,2737866.126422,0.301282051282051,0.156959706959707,0,0.0622710622710623,0.0602564102564103,0.419230769230769
326273.411807,2737366.126422,0.105890989172325,0.0623967700495504,0,0.34024591668196,0.242980363369426,0.248485960726739
326773.411807,2737366.126422,0.137172198789657,0.318540253071704,0.00495140289748762,0.104529616724739,0.132587566477169,0.302218962039244
327273.411807,2737366.126422,0.0569910207073484,0.709730621220451,0.0153930731170973,0.0236393622869709,0.0463624702217336,0.147883452446399
327773.411807,2737366.126422,0.0772618829142962,0.60598274912828,0,0.0183519911910442,0.0508350155991925,0.247568361167187
328273.411807,2737366.126422,0.0379607555474051,0.765083440308087,0,0.0154043645699615,0.0342930496974143,0.147258389877132
328773.411807,2737366.126422,0.0553417628733736,0.808136338647609,0,0.0100787978742899,0.0130108118013561,0.113432288803372
329273.411807,2737366.126422,0.0638649293448339,0.807854652229767,0,0.031932464672417,0.0288126261699394,0.0675353275830428
329773.411807,2737366.126422,0.0381441408399046,0.876214927562809,0,0.00421786172748946,0.0124701998899688,0.0689528699798276
330273.411807,2737366.126422,0.0514934945940993,0.829210188748397,0,0.0113615539673813,0.0192413413963716,0.0886934212937511
330773.411807,2737366.126422,0.0387227014131033,0.590383556615893,0.0451458983299688,0.0282620664342081,0.0495503762158194,0.247935400991008
331273.411807,2737366.126422,0.0559325142123602,0.630111865028425,0.0267742527049331,0.00550155877498625,0.0276911791674308,0.253988630111865
331773.411807,2737366.126422,0.0089792926516401,0.941542972329119,0,0.00329851566794942,0.00586402785413231,0.0403151914971596
332273.411807,2737366.126422,0.0256927876674619,0.8049183336392,0,0.0196366305744173,0.031932464672417,0.117819783446504
332773.411807,2737366.126422,0.134421419402164,0.16798092792958,0.00495140289748762,0.0636346964973409,0.0542820465798643,0.574729506693563
326273.411807,2736866.126422,0.0875229357798165,0.112110091743119,0,0.0770642201834862,0.250825688073395,0.472477064220183
326773.411807,2736866.126422,0.0689781691432765,0.277013392038158,0.0403595670519171,0.0752155567785727,0.122913226930838,0.415520088057237
327273.411807,2736866.126422,0.0826007326007326,0.686996336996337,0.000366300366300366,0.0338827838827839,0.0421245421245421,0.154029304029304
327773.411807,2736866.126422,0.0851376146788991,0.746605504587156,0,0.0055045871559633,0.00844036697247706,0.154311926605505
328273.411807,2736866.126422,0.110621904237755,0.587965510915428,0.00220143093010457,0.108603925885159,0.0302696752889378,0.160337552742616
328773.411807,2736866.126422,0.0282051282051282,0.675457875457876,0,0.0476190476190476,0.0206959706959707,0.228021978021978
329273.411807,2736866.126422,0.0792660550458716,0.640550458715596,0.00330275229357798,0.0436697247706422,0.0510091743119266,0.182201834862385
329773.411807,2736866.126422,0.0346725371491469,0.87451843698404,0,0.00752155567785727,0.0106402494955054,0.0726472206934507
330273.411807,2736866.126422,0.0276556776556777,0.934798534798535,0,0.00604395604395604,0.00622710622710623,0.0252747252747253
330773.411807,2736866.126422,0.0594495412844037,0.820917431192661,0,0.0245871559633028,0.0328440366972477,0.0622018348623853
331273.411807,2736866.126422,0.0432948082920565,0.67051917079435,0.0482480278847918,0.00935608145294441,0.0363236103467254,0.192258301229132
331773.411807,2736866.126422,0.0163003663003663,0.788095238095238,0,0.00824175824175824,0.0106227106227106,0.176739926739927
332273.411807,2736866.126422,0.0293577981651376,0.800183486238532,0,0.0284403669724771,0.0278899082568807,0.114128440366972
332773.411807,2736866.126422,0.0717299578059072,0.242891212621537,0.00568702990277013,0.136121812511466,0.138506696019079,0.40506329113924
333273.411807,2736866.126422,0.291758241758242,0.0943223443223443,0.113553113553114,0.2003663003663,0.00256410256410256,0.297435897435897
326273.411807,2736366.126422,0.00750915750915751,0.123260073260073,0.026007326007326,0.0895604395604396,0.163369963369963,0.59029304029304
326773.411807,2736366.126422,0.0882783882783883,0.105311355311355,0.0119047619047619,0.0690476190476191,0.116483516483516,0.608974358974359
327273.411807,2736366.126422,0.18023469013568,0.266409974330766,0,0.0733406674000733,0.198019801980198,0.281994866153282
327773.411807,2736366.126422,0.0357142857142857,0.818498168498168,0,0.0214285714285714,0.0228937728937729,0.101465201465201
328273.411807,2736366.126422,0.0283882783882784,0.884249084249084,0,0.00750915750915751,0.0245421245421245,0.0553113553113553
328773.411807,2736366.126422,0.0088008800880088,0.872387238723872,0.00935093509350935,0.000916758342500917,0.00531719838650532,0.103226989365603
329273.411807,2736366.126422,0.0342490842490843,0.65,0.0249084249084249,0.0952380952380952,0.032051282051282,0.163553113553114
329773.411807,2736366.126422,0.0536630036630037,0.783699633699634,0.00970695970695971,0.00567765567765568,0.00714285714285714,0.14010989010989
330273.411807,2736366.126422,0.0320865419875321,0.822332233223322,0,0.0273193986065273,0.015034836817015,0.103226989365603
330773.411807,2736366.126422,0.0391941391941392,0.857142857142857,0,0.0122710622710623,0.0122710622710623,0.0791208791208791
331273.411807,2736366.126422,0.0525641025641026,0.774358974358974,0,0.0032967032967033,0.0216117216117216,0.148168498168498
331773.411807,2736366.126422,0.0185185185185185,0.703153648698203,0.05995599559956,0.0146681334800147,0.0155848918225156,0.188118811881188
332273.411807,2736366.126422,0.0194139194139194,0.700915750915751,0.0642857142857143,0.00952380952380952,0.0296703296703297,0.176190476190476
332773.411807,2736366.126422,0.0785714285714286,0.239377289377289,0.0441391941391941,0.137912087912088,0.108058608058608,0.391941391941392
333273.411807,2736366.126422,0.248441510817748,0.191235790245691,0.00531719838650532,0.0077007700770077,0.013017968463513,0.534286762009534
326273.411807,2735866.126422,0.0906588364837585,0.562855569829326,0,0.0209212699577904,0.0910258763075794,0.234538447421545
326773.411807,2735866.126422,0.150559325142124,0.0306253438474234,0,0.101595452044746,0.209426004034476,0.507793874931231
327273.411807,2735866.126422,0.186549386109584,0.0445299615173172,0.000183250870441635,0.0527762506871908,0.218801539307312,0.497159611508155
327773.411807,2735866.126422,0.0768948430904753,0.599192512387594,0,0.0939621948981464,0.108093228115251,0.121857221508534
328273.411807,2735866.126422,0.033192737942417,0.813863928112965,0,0.0247570144874381,0.0518980377773703,0.0762882816798093
328773.411807,2735866.126422,0.0256551218618288,0.882352941176471,0,0.0161260765988638,0.00879604178119846,0.0670698185816383
329273.411807,2735866.126422,0.0545054138374014,0.831161681042393,0.00165167920719398,0.0300972655533125,0.00550559735731327,0.0770783630023858
329773.411807,2735866.126422,0.0229231615624427,0.886851274527783,0,0.0066018705299835,0.00806895286997983,0.0755547405098111
330273.411807,2735866.126422,0.0128275609309144,0.8587135788895,0.0186915887850467,0.00238226131574125,0.00183250870441635,0.105552501374382
330773.411807,2735866.126422,0.0132134336575518,0.834281519544871,0.0258763075793724,0.00110111947146265,0.00238575885483575,0.123141860891907
331273.411807,2735866.126422,0.0724371905373189,0.715569411333211,0.0075187969924812,0.0249403997799376,0.0385109114249037,0.141023289932147
331773.411807,2735866.126422,0.0377496793109767,0.800073300348177,0,0.0287703866593366,0.0404984423676012,0.0929081913139087
332273.411807,2735866.126422,0.0154156726004772,0.758304276013948,0.0554230133969536,0.0284455863461186,0.0236740686364471,0.118737383006056
332773.411807,2735866.126422,0.0533651201173666,0.174766183752063,0.0737208875848157,0.050797726022373,0.075187969924812,0.57216211259857
333273.411807,2735866.126422,0.137621403701668,0.168957302547187,0.017042330951072,0.0679860729338464,0.0729338464357706,0.535459043430456
333773.411807,2735866.126422,0.294365938704349,0.0913929161314003,0.315654248485961,0.176729675169756,0,0.121857221508534
326273.411807,2735366.126422,0.0286238532110092,0.495596330275229,0.0155963302752294,0.00880733944954129,0.0390825688073395,0.412293577981651
326773.411807,2735366.126422,0.103467253714915,0.185287103283801,0.0091726288754357,0.0383415886993212,0.120161438268208,0.54356998715832
327273.411807,2735366.126422,0.153113553113553,0.311904761904762,0.000549450549450549,0.0767399267399267,0.164102564102564,0.293589743589744
327773.411807,2735366.126422,0.0730275229357798,0.594678899082569,0,0.0790825688073395,0.103119266055046,0.150091743119266
328273.411807,2735366.126422,0.0739313887360117,0.666116308934141,0,0.0588882773802972,0.0805356815263254,0.120528343423225
328773.411807,2735366.126422,0.0456043956043956,0.863919413919414,0,0.00970695970695971,0.0177655677655678,0.063003663003663
329273.411807,2735366.126422,0.0858715596330275,0.688440366972477,0.00256880733944954,0.0506422018348624,0.0588990825688073,0.113577981651376
329773.411807,2735366.126422,0.0405430196294258,0.752339020363236,0,0.0238488350761328,0.0293524124013942,0.153916712529811
330273.411807,2735366.126422,0.0536630036630037,0.819230769230769,0,0.0161172161172161,0.0302197802197802,0.0807692307692308
330773.411807,2735366.126422,0.0744954128440367,0.78348623853211,0,0.0181651376146789,0.0363302752293578,0.0875229357798165
331273.411807,2735366.126422,0.0277013392038158,0.84168042560998,0.0104567969179967,0.0119244175380664,0.0148596587782058,0.0933773619519354
331773.411807,2735366.126422,0.00695970695970696,0.831135531135531,0.036996336996337,0.0135531135531136,0.0032967032967033,0.108058608058608
332273.411807,2735366.126422,0.0420183486238532,0.608990825688073,0.0434862385321101,0.0377981651376147,0.063302752293578,0.204403669724771
332773.411807,2735366.126422,0.076316272243625,0.288020546688681,0.106402494955054,0.0486149330398092,0.0902586681342873,0.390387084938543
333273.411807,2735366.126422,0.0688644688644689,0.111721611721612,0.063003663003663,0.0824175824175824,0.0663003663003663,0.607692307692308
333773.411807,2735366.126422,0.591376146788991,0.129357798165138,0,0.0170642201834862,0,0.262201834862385
326273.411807,2734866.126422,0.0278388278388278,0.601648351648352,0.0135531135531136,0.0271062271062271,0.0192307692307692,0.310622710622711
326773.411807,2734866.126422,0.0426739926739927,0.242490842490842,0.121428571428571,0.084981684981685,0.0826007326007326,0.425824175824176
327273.411807,2734866.126422,0.070957095709571,0.464613127979465,0.0814081408140814,0.0968096809680968,0.0823248991565823,0.203887055372204
327773.411807,2734866.126422,0.0305860805860806,0.668864468864469,0,0.0465201465201465,0.0754578754578755,0.178571428571429
328273.411807,2734866.126422,0.0562271062271062,0.43003663003663,0,0.0346153846153846,0.0617216117216117,0.417399267399267
328773.411807,2734866.126422,0.0458379171250458,0.488998899889989,0,0.0181518151815182,0.0432709937660433,0.403740374037404
329273.411807,2734866.126422,0.0175824175824176,0.542857142857143,0.00824175824175824,0.0241758241758242,0.0161172161172161,0.391025641025641
329773.411807,2734866.126422,0.0278388278388278,0.543589743589744,0.000366300366300366,0.0987179487179487,0.0415750915750916,0.287912087912088
330273.411807,2734866.126422,0.0487715438210488,0.596259625962596,0,0.011001100110011,0.0278694536120279,0.316098276494316
330773.411807,2734866.126422,0.0534798534798535,0.52967032967033,0,0.00421245421245421,0.0186813186813187,0.393956043956044
331273.411807,2734866.126422,0.0608058608058608,0.576373626373626,0.00201465201465201,0.0228937728937729,0.0212454212454212,0.316666666666667
331773.411807,2734866.126422,0.0265859919325266,0.658049138247158,0.0187018701870187,0.0482214888155482,0.0462046204620462,0.202236890355702
332273.411807,2734866.126422,0.0283882783882784,0.762820512820513,0.0141025641025641,0.0108058608058608,0.0326007326007326,0.151282051282051
332773.411807,2734866.126422,0.0181318681318681,0.555494505494506,0.146520146520147,0.0188644688644689,0.0227106227106227,0.238278388278388
333273.411807,2734866.126422,0.0218188485515218,0.211587825449212,0.266960029336267,0.0201686835350202,0.0628896222955629,0.416574990832417
333773.411807,2734866.126422,0.434432234432234,0.0417582417582418,0.0547619047619048,0.0432234432234432,0.0815018315018315,0.344322344322344
334273.411807,2734866.126422,0.105677655677656,0.106593406593407,0.293589743589744,0.318681318681319,0.00604395604395604,0.169413919413919
326273.411807,2734366.126422,0.00991007524316388,0.2407781244265,0.0860708386859974,0.0627638098733713,0.030280785465223,0.570196366305744
326773.411807,2734366.126422,0.00458463231248854,0.320740876581698,0.088391710984779,0.169264624977077,0.000916926462497708,0.41610122868146
327273.411807,2734366.126422,0.00824628916987356,0.516217702034085,0.215136521898479,0.1905809052593,0.000366501740883269,0.0694520798973795
327773.411807,2734366.126422,0.00165167920719398,0.541934299871536,0.282804184253992,0.139108093228115,0.000734079647641769,0.0337676637915214
328273.411807,2734366.126422,0.0297084173849257,0.375206308454062,0.227030992114432,0.273060700531817,0.00366770584999083,0.0913258756647717
328773.411807,2734366.126422,0.00586402785413231,0.469122228330585,0.176104086494411,0.143851933296683,0.00274876305662452,0.202308960967565
329273.411807,2734366.126422,0.0133969535694623,0.619379702697743,0.207193980546889,0.0537713341897596,0.0113782345384474,0.0948797944576987
329773.411807,2734366.126422,0.0119200440124702,0.493489822116266,0.211443242251971,0.158261507427104,0.0022006235099945,0.122684760682193
330273.411807,2734366.126422,0.00384826827927433,0.454645409565695,0.261865493861096,0.20963899578523,0,0.0700018325087044
330773.411807,2734366.126422,0.000917599559552211,0.525233987887686,0.30299137456414,0.106625068819967,0,0.0642319691686548
331273.411807,2734366.126422,0,0.586649550706033,0.279479185769301,0.122684760682193,0,0.011186502842472
331773.411807,2734366.126422,0,0.57962250320689,0.242440901594283,0.175737584753528,0,0.00219901044529962
332273.411807,2734366.126422,0.0082583960359699,0.620664342081116,0.160946962745458,0.160946962745458,0,0.0491833363919985
332773.411807,2734366.126422,0.0022006235099945,0.31615624426921,0.277645332844306,0.276911791674308,0,0.127086007702182
333273.411807,2734366.126422,0.000366501740883269,0.159794759025105,0.345427890782481,0.391607110133773,0.0430639545537841,0.0597397837639729
333773.411807,2734366.126422,0,0.120022022389429,0.325747843641035,0.484676087355478,0.00238575885483575,0.0671682877592219
334273.411807,2734366.126422,0,0.110397946084724,0.222262974509444,0.644599303135889,0.00165046763249587,0.0210893086374473
326273.411807,2733866.126422,0.0528440366972477,0.180917431192661,0,0,0.0139449541284404,0.752293577981651
326773.411807,2733866.126422,0.0159603742432581,0.227848101265823,0.00752155567785727,0.0273344340487984,0.0137589433131535,0.70757659145111
327273.411807,2733866.126422,0.0338827838827839,0.522710622710623,0.0021978021978022,0.0102564102564103,0.0305860805860806,0.4003663003663
327773.411807,2733866.126422,0.0838532110091743,0.218165137614679,0,0.28,0.138899082568807,0.279082568807339
328273.411807,2733866.126422,0.0625573289304715,0.407815079801871,0.001284168042561,0.21537332599523,0.136855622821501,0.176114474408365
328773.411807,2733866.126422,0.0749084249084249,0.61996336996337,0,0.0679487179487179,0.0639194139194139,0.173260073260073
329273.411807,2733866.126422,0.0462385321100917,0.81743119266055,0,0.0111926605504587,0.0273394495412844,0.0977981651376147
329773.411807,2733866.126422,0.0456796917996698,0.660062373876353,0.00476976701522656,0.115024766097964,0.0365070629242341,0.137956338286553
330273.411807,2733866.126422,0.0586080586080586,0.562087912087912,0.00274725274725275,0.0448717948717949,0.0448717948717949,0.286813186813187
330773.411807,2733866.126422,0.0218348623853211,0.681834862385321,0.00036697247706422,0.00844036697247706,0.0326605504587156,0.254862385321101
331273.411807,2733866.126422,0.011557512383049,0.719867914144194,0,0.00990643918547056,0.0341221794166208,0.224545954870666
331773.411807,2733866.126422,0.0556776556776557,0.678937728937729,0,0.0155677655677656,0.0366300366300366,0.213186813186813
332273.411807,2733866.126422,0.0445871559633028,0.735596330275229,0,0.0126605504587156,0.0308256880733945,0.176330275229358
332773.411807,2733866.126422,0.0583379196477711,0.548523206751055,0,0.0253164556962025,0.0546688680975968,0.313153549807375
333273.411807,2733866.126422,0.00494505494505494,0.145238095238095,0.0254578754578755,0.00750915750915751,0.13992673992674,0.676923076923077
333773.411807,2733866.126422,0.00220183486238532,0.211192660550459,0.186605504587156,0.0623853211009174,0.104954128440367,0.432660550458716
334273.411807,2733866.126422,0,0.25958539717483,0.233168226013575,0.0601724454228582,0.0469638598422308,0.400110071546505
326273.411807,2733366.126422,0.0256410256410256,0.23021978021978,0.0324175824175824,0.115934065934066,0.0293040293040293,0.566483516483516
326773.411807,2733366.126422,0.0578754578754579,0.574908424908425,0,0.0397435897435897,0.0807692307692308,0.246703296703297
327273.411807,2733366.126422,0.0458379171250458,0.637880454712138,0,0.12027869453612,0.0733406674000733,0.122662266226623
327773.411807,2733366.126422,0.0968864468864469,0.119047619047619,0.00164835164835165,0.548717948717949,0.14010989010989,0.0935897435897436
328273.411807,2733366.126422,0.0967032967032967,0.291941391941392,0,0.253846153846154,0.116117216117216,0.241391941391941
328773.411807,2733366.126422,0.0841584158415842,0.578657865786579,0,0.0678401173450678,0.0628896222955629,0.206453978731206
329273.411807,2733366.126422,0.0478021978021978,0.755860805860806,0.000366300366300366,0.0408424908424908,0.0424908424908425,0.112637362637363
329773.411807,2733366.126422,0.0677655677655678,0.555860805860806,0.000366300366300366,0.184065934065934,0.0769230769230769,0.115018315018315
330273.411807,2733366.126422,0.0647231389805647,0.779244591125779,0.00128346167950128,0.0236523652365237,0.0177851118445178,0.113311331133113
330773.411807,2733366.126422,0.0322344322344322,0.804578754578755,0,0.00805860805860806,0.0181318681318681,0.136996336996337
331273.411807,2733366.126422,0.0397435897435897,0.658241758241758,0,0.0164835164835165,0.0327838827838828,0.252747252747253
331773.411807,2733366.126422,0.0324532453245325,0.856435643564356,0,0.00055005500550055,0.00348368170150348,0.107077374404107
332273.411807,2733366.126422,0.0467032967032967,0.716483516483516,0,0.0342490842490843,0.0347985347985348,0.167765567765568
332773.411807,2733366.126422,0.0326007326007326,0.692673992673993,0.0155677655677656,0.030952380952381,0.0391941391941392,0.189010989010989
333273.411807,2733366.126422,0.0410707737440411,0.367253392005867,0.129079574624129,0.028969563623029,0.0432709937660433,0.39035570223689
333773.411807,2733366.126422,0.0247252747252747,0.207509157509158,0.144139194139194,0.0210622710622711,0.0402930402930403,0.562271062271062
334273.411807,2733366.126422,0.0142857142857143,0.097985347985348,0.692307692307692,0.010989010989011,0.0490842490842491,0.135347985347985
326273.411807,2732866.126422,0.0315654248485961,0.198385024775188,0.130482657368324,0.0701046063497889,0.0449623784180584,0.524499908240044
326773.411807,2732866.126422,0.0968274344397579,0.602787456445993,0,0.0449293966623877,0.0733541169998166,0.182101595452045
327273.411807,2732866.126422,0.0800806303829943,0.54590434304563,0,0.0601062855048561,0.0652373098772219,0.248671431189298
327773.411807,2732866.126422,0.0939621948981464,0.204074142044412,0,0.406313084969719,0.143696091025876,0.151954487061846
328273.411807,2732866.126422,0.0988446726572529,0.445626260773886,0,0.0865578580597836,0.0713368787823217,0.297634329726756
328773.411807,2732866.126422,0.0355506688656771,0.778632948506505,0,0.0212571009712296,0.0313358988455195,0.133223382811068
329273.411807,2732866.126422,0.052303174894476,0.832629840337677,0,0.0144980730409249,0.017434391631492,0.0831345200954303
329773.411807,2732866.126422,0.0570328259673574,0.519530533651201,0.00110031175499725,0.197139189437007,0.0828901522097928,0.142306986979644
330273.411807,2732866.126422,0.0553417628733736,0.416712479384277,0,0.0775151181968114,0.0824628916987356,0.367967747846802
330773.411807,2732866.126422,0.0534042943659387,0.765278032666544,0,0.0211047898697009,0.0115617544503579,0.148651128647458
331273.411807,2732866.126422,0.0803227581147992,0.598936365303503,0.00201723821749496,0.0251237850724372,0.0414450761048964,0.25215477718687
331773.411807,2732866.126422,0.021073850100788,0.854132307128459,0.000916254352208173,0.00311526479750779,0.0047645226314825,0.115997800989555
332273.411807,2732866.126422,0.0372545421178198,0.753899798128097,0.00972655533125344,0.025325747843641,0.0502844558634612,0.123508900715728
332773.411807,2732866.126422,0.0636346964973409,0.693563176233266,0.030808729139923,0.0537318907023657,0.0315422703099211,0.126719237117183
333273.411807,2732866.126422,0.0410481949789262,0.303646692321789,0.0610225398570643,0.0377496793109767,0.106285504856148,0.450247388675096
333773.411807,2732866.126422,0.0148651128647458,0.172692237107726,0.269407230684529,0.0438612589465957,0.080932281152505,0.418241879243898
334273.411807,2732866.126422,0.198789657069503,0.0689528699798276,0.356317623326609,0.00110031175499725,0.00275077938749312,0.37208875848157
326273.411807,2732366.126422,0.0526605504587156,0.191376146788991,0.00036697247706422,0.0152293577981651,0.0447706422018349,0.695596330275229
326773.411807,2732366.126422,0.0453127866446524,0.591451109888094,0,0.129334067143643,0.0823702073014126,0.151531829022198
327273.411807,2732366.126422,0.0807692307692308,0.552014652014652,0.0010989010989011,0.105311355311355,0.0749084249084249,0.185897435897436
327773.411807,2732366.126422,0.111559633027523,0.126238532110092,0.00055045871559633,0.338348623853211,0.203669724770642,0.219633027522936
328273.411807,2732366.126422,0.113924050632911,0.0928270042194093,0.0110071546505228,0.381948266373143,0.215740231150248,0.184553292973766
328773.411807,2732366.126422,0.0521978021978022,0.654212454212454,0.00128205128205128,0.06996336996337,0.058974358974359,0.163369963369963
329273.411807,2732366.126422,0.0304587155963303,0.79651376146789,0,0.0207339449541284,0.0196330275229358,0.132660550458716
329773.411807,2732366.126422,0.0563199412951752,0.613648871766648,0,0.0873234268941479,0.067327095945698,0.175380664098331
330273.411807,2732366.126422,0.120512820512821,0.515567765567766,0,0.0921245421245421,0.0613553113553114,0.21043956043956
330773.411807,2732366.126422,0.0743119266055046,0.614862385321101,0,0.103302752293578,0.0677064220183486,0.139816513761468
331273.411807,2732366.126422,0.0689781691432765,0.471473124197395,0,0.137405980554027,0.0618235186204366,0.260319207484865
331773.411807,2732366.126422,0.0503663003663004,0.791941391941392,0,0.0208791208791209,0.0282051282051282,0.108608058608059
332273.411807,2732366.126422,0.0987155963302752,0.6,0.00018348623853211,0.0711926605504587,0.0809174311926606,0.148990825688073
332773.411807,2732366.126422,0.0286186020913594,0.855072463768116,0.00642084021280499,0.0146762062006971,0.024399192808659,0.0708126949183636
333273.411807,2732366.126422,0.043956043956044,0.352380952380952,0.0772893772893773,0.0672161172161172,0.106043956043956,0.353113553113553
333773.411807,2732366.126422,0.0231192660550459,0.241834862385321,0.153761467889908,0.131926605504587,0.107339449541284,0.342018348623853
334273.411807,2732366.126422,0.0884241423592002,0.153182902219776,0.340487983856173,0.10126582278481,0.0286186020913594,0.288020546688681
326273.411807,2731866.126422,0.0802197802197802,0.331135531135531,0.000183150183150183,0.0388278388278388,0.0661172161172161,0.483516483516484
326773.411807,2731866.126422,0.0866300366300366,0.639194139194139,0,0.0441391941391941,0.056043956043956,0.173992673992674
327273.411807,2731866.126422,0.105427209387605,0.254492115878254,0,0.362119545287862,0.143381004767143,0.134580124679135
327773.411807,2731866.126422,0.0956043956043956,0.311721611721612,0.00164835164835165,0.345970695970696,0.118498168498168,0.126556776556777
328273.411807,2731866.126422,0.0771062271062271,0.254212454212454,0,0.327472527472527,0.163736263736264,0.177472527472527
328773.411807,2731866.126422,0.0511551155115512,0.710854418775211,0,0.105427209387605,0.048954895489549,0.0836083608360836
329273.411807,2731866.126422,0.0549450549450549,0.752380952380952,0,0.0304029304029304,0.0399267399267399,0.122344322344322
329773.411807,2731866.126422,0.0532967032967033,0.773626373626374,0,0.0159340659340659,0.0249084249084249,0.132234432234432
330273.411807,2731866.126422,0.0867253392005867,0.514301430143014,0.000366703337000367,0.0564723138980565,0.0812247891455812,0.260909424275761
330773.411807,2731866.126422,0.135347985347985,0.443223443223443,0,0.107509157509158,0.0655677655677656,0.248351648351648
331273.411807,2731866.126422,0.123076923076923,0.498168498168498,0.000732600732600733,0.0177655677655678,0.0313186813186813,0.328937728937729
331773.411807,2731866.126422,0.0617895122845618,0.75045837917125,0,0.0282361569490282,0.0432709937660433,0.116244957829116
332273.411807,2731866.126422,0.0238095238095238,0.839194139194139,0,0.019047619047619,0.00695970695970696,0.110989010989011
332773.411807,2731866.126422,0.0505494505494506,0.643589743589744,0.0796703296703297,0.0164835164835165,0.0212454212454212,0.188461538461538
333273.411807,2731866.126422,0.0493215988265493,0.189402273560689,0.413824715804914,0.0498716538320499,0.0165016501650165,0.281078107810781
333773.411807,2731866.126422,0.0419413919413919,0.226190476190476,0.378571428571429,0.0978021978021978,0.0324175824175824,0.223076923076923
334273.411807,2731866.126422,0.0717948717948718,0.0963369963369963,0.465567765567766,0.136263736263736,0.0472527472527473,0.182783882783883
326273.411807,2731366.126422,0.204074142044412,0.221325013763993,0,0.196366305744173,0.147917048999816,0.230317489447605
326773.411807,2731366.126422,0.0584999083073537,0.695213643865762,0,0.00843572345497891,0.0548322024573629,0.183018521914542
327273.411807,2731366.126422,0.0505772402418911,0.672713945391241,0,0.106285504856148,0.0339014110317024,0.136521898479018
327773.411807,2731366.126422,0.0581758120756102,0.374564140209213,0.000367039823820885,0.259680675353276,0.113415305560653,0.193797026977427
328273.411807,2731366.126422,0.0561158995048597,0.597102512378507,0.0357601320374106,0.107647166697231,0.0412616908123968,0.162112598569595
328773.411807,2731366.126422,0.0555250137438153,0.659886384460326,0,0.0632215503023639,0.03811618105186,0.183250870441635
329273.411807,2731366.126422,0.0739585244999082,0.490365204624702,0,0.112864745824922,0.0706551660855203,0.252156358964948
329773.411807,2731366.126422,0.0753713552173116,0.535301668806162,0,0.0493306436823767,0.0539152759948652,0.286081056299285
330273.411807,2731366.126422,0.0984057174271578,0.227780831958952,0.00146600696353308,0.280190580905259,0.124793842770753,0.267363019974345
330773.411807,2731366.126422,0.132317856487429,0.208662139842173,0,0.324279684345751,0.12038906221325,0.214351257111397
331273.411807,2731366.126422,0.0535485054098661,0.549789106913625,0,0.108380707867229,0.101595452044746,0.186686227764533
331773.411807,2731366.126422,0.0395821880153931,0.589518050210739,0.148799706798607,0.0223566061938794,0.0186915887850467,0.181051859996335
332273.411807,2731366.126422,0.0376215819416407,0.818131767296752,0,0.0317489447605065,0.0330335841438796,0.0794641218572215
332773.411807,2731366.126422,0.0165046763249587,0.537135521731157,0.233632862644416,0.0097194205024757,0.00898587933247754,0.194021639464515
333273.411807,2731366.126422,0.252886201209456,0.0654205607476635,0.150998717243907,0.104086494410848,0.089792926516401,0.336815099871724
333773.411807,2731366.126422,0.0181684712791338,0.184253991558084,0.389796292897779,0.100018351991191,0.0702881262616994,0.237474766012112
334273.411807,2731366.126422,0.204474601136989,0.111681643132221,0.248670456629378,0.0984779020722538,0.116816431322208,0.21987896570695
326273.411807,2730866.126422,0.356330275229358,0.0255045871559633,0.0902752293577982,0.00862385321100917,0.0559633027522936,0.463302752293578
326773.411807,2730866.126422,0.133553476426344,0.195743900201798,0.00165107319757843,0.400660429279031,0.121629058888277,0.146762062006971
327273.411807,2730866.126422,0.161172161172161,0.1996336996337,0.000549450549450549,0.347069597069597,0.139194139194139,0.152380952380952
327773.411807,2730866.126422,0.118348623853211,0.0605504587155963,0.00018348623853211,0.575779816513761,0.137064220183486,0.108073394495413
328273.411807,2730866.126422,0.243258117776555,0.10695285268758,0.173179233168226,0.0770500825536599,0.0871399743166392,0.31241973949734
328773.411807,2730866.126422,0.0578754578754579,0.258058608058608,0.00256410256410256,0.395970695970696,0.126556776556777,0.158974358974359
329273.411807,2730866.126422,0.0521100917431193,0.350642201834862,0,0.333394495412844,0.133761467889908,0.130091743119266
329773.411807,2730866.126422,0.0667767382131719,0.37662814162539,0,0.226197028068244,0.112823335167859,0.217574756925335
330273.411807,2730866.126422,0.0763736263736264,0.713369963369963,0,0.0712454212454212,0.0347985347985348,0.104212454212454
330773.411807,2730866.126422,0.0754128440366972,0.553761467889908,0,0.219082568807339,0.0757798165137615,0.0759633027522936
331273.411807,2730866.126422,0.0526508897450009,0.73325995230233,0,0.0585213722252798,0.0704457897633462,0.0851219959640433
331773.411807,2730866.126422,0.0683150183150183,0.627838827838828,0,0.0346153846153846,0.0761904761904762,0.193040293040293
332273.411807,2730866.126422,0.0308256880733945,0.794128440366972,0.00110091743119266,0.0267889908256881,0.0561467889908257,0.0910091743119266
332773.411807,2730866.126422,0.0278847917813245,0.645019262520638,0.0522839845899835,0.0599889928453495,0.0849385433865346,0.129884424876169
333273.411807,2730866.126422,0.110622710622711,0.204212454212454,0.292124542124542,0.0716117216117216,0.0694139194139194,0.252014652014652
333773.411807,2730866.126422,0.0209174311926606,0.161651376146789,0.323669724770642,0.198715596330275,0.115229357798165,0.179816513761468
334273.411807,2730866.126422,0.150798018712163,0.080168776371308,0.29535864978903,0.173362685745735,0.0988809392771968,0.201430930104568
326273.411807,2730366.126422,0.221062271062271,0.238644688644689,0.0032967032967033,0.0990842490842491,0.134615384615385,0.303296703296703
326773.411807,2730366.126422,0.0450549450549451,0.0510989010989011,0.00311355311355311,0.730769230769231,0.121978021978022,0.047985347985348
327273.411807,2730366.126422,0.0601393472680601,0.0405207187385405,0.00146681334800147,0.74019068573524,0.111661166116612,0.046021268793546
327773.411807,2730366.126422,0.0688644688644689,0.0175824175824176,0.00183150183150183,0.79029304029304,0.0908424908424908,0.0305860805860806
328273.411807,2730366.126422,0.0476190476190476,0.0406593406593407,0.00164835164835165,0.767582417582418,0.107142857142857,0.0353479853479853
328773.411807,2730366.126422,0.072973964063073,0.327832783278328,0.00403373670700403,0.39035570223689,0.131829849651632,0.072973964063073
329273.411807,2730366.126422,0.0344322344322344,0.677106227106227,0.0010989010989011,0.0717948717948718,0.0778388278388278,0.137728937728938
329773.411807,2730366.126422,0.0245421245421245,0.786263736263736,0,0.0148351648351648,0.0578754578754579,0.116483516483516
330273.411807,2730366.126422,0.0621562156215622,0.477814448111478,0.000366703337000367,0.137330399706637,0.127612761276128,0.194719471947195
330773.411807,2730366.126422,0.0728937728937729,0.506410256410256,0,0.0815018315018315,0.0741758241758242,0.265018315018315
331273.411807,2730366.126422,0.0360805860805861,0.78003663003663,0,0.0269230769230769,0.0326007326007326,0.124358974358974
331773.411807,2730366.126422,0.0474880821415475,0.785111844517785,0.00293362669600293,0.0361202786945361,0.0275027502750275,0.100843417675101
332273.411807,2730366.126422,0.0884615384615385,0.389010989010989,0.00128205128205128,0.0824175824175824,0.114652014652015,0.324175824175824
332773.411807,2730366.126422,0.0489010989010989,0.637362637362637,0.00128205128205128,0.0249084249084249,0.0181318681318681,0.269413919413919
333273.411807,2730366.126422,0.0762742940960763,0.172717271727173,0.387238723872387,0.0364869820315365,0.0407040704070407,0.286578657865787
333773.411807,2730366.126422,0.0617216117216117,0.158058608058608,0.14047619047619,0.238278388278388,0.183882783882784,0.217582417582418
334273.411807,2730366.126422,0.278937728937729,0.108791208791209,0.0886446886446886,0.104212454212454,0.11007326007326,0.309340659340659
326273.411807,2729866.126422,0.150119287942742,0.339328317122408,0,0.0644154890805652,0.0827674802716095,0.363369425582676
326773.411807,2729866.126422,0.119750596002201,0.0361269026224097,0,0.517146524848707,0.20392444525949,0.123051531267192
327273.411807,2729866.126422,0.0652373098772219,0.040131940626718,0.000549752611324904,0.692321788528495,0.140003665017409,0.0617555433388309
327773.411807,2729866.126422,0.026977427050835,0.0143145531290145,0.00220223894292531,0.855019269590751,0.0752431638832813,0.0262433474031932
328273.411807,2729866.126422,0.057582981844856,0.059600220062351,0.000733541169998166,0.729139922978177,0.110581331377224,0.0423620025673941
328773.411807,2729866.126422,0.105002748763057,0.166758292101887,0,0.415979475902511,0.146050943741983,0.166208539490563
329273.411807,2729866.126422,0.0622132501376399,0.506881996696642,0,0.198017984951367,0.0983666727839971,0.134520095430354
329773.411807,2729866.126422,0.0588666788923528,0.600403447643499,0,0.0786722904823033,0.0649183935448377,0.197139189437007
330273.411807,2729866.126422,0.0406816932380429,0.595931830676196,0,0.149349459409932,0.0839288986622686,0.130108118013561
330773.411807,2729866.126422,0.0695540466140576,0.567627087538998,0,0.104973389612773,0.0811158010644155,0.176729675169756
331273.411807,2729866.126422,0.0588666788923528,0.713002017238218,0,0.0427287731523932,0.0386942967174033,0.146708233999633
331773.411807,2729866.126422,0.0923584387025838,0.593183067619571,0,0.083745647791827,0.0925416895730255,0.138171156312992
332273.411807,2729866.126422,0.139108093228115,0.365938704349422,0.0291796659937603,0.0866213984217288,0.105156909524683,0.27399522848229
332773.411807,2729866.126422,0.102328993214744,0.0735375022923162,0.416834769851458,0.0647350082523382,0.097194205024757,0.245369521364387
333273.411807,2729866.126422,0.0813633864760858,0.249404434671065,0.29704966098589,0.0544255085211655,0.05717427157779,0.260582737768004
333773.411807,2729866.126422,0.0640484492567444,0.142227931730593,0.0216553496054322,0.0976325931363553,0.170489998164801,0.503945678106074
334273.411807,2729866.126422,0.360352099761599,0.0878415551072804,0.00678525582248304,0.053181734824867,0.135705116449661,0.35613423803411
334773.411807,2729866.126422,0.301630932746931,0.0342679127725857,0.302547187099139,0.199743448781382,0.00219901044529962,0.159611508154664
326273.411807,2729366.126422,0.190275229357798,0.117798165137615,0.00018348623853211,0.27045871559633,0.177981651376147,0.243302752293578
326773.411807,2729366.126422,0.114290955787929,0.226380480645753,0,0.290405430196294,0.125848468170978,0.243074665199046
327273.411807,2729366.126422,0.0945054945054945,0.19047619047619,0,0.291758241758242,0.159157509157509,0.264102564102564
327773.411807,2729366.126422,0.0460550458715596,0.0412844036697248,0,0.728623853211009,0.139449541284404,0.0445871559633028
328273.411807,2729366.126422,0.0632911392405063,0.100715465052284,0,0.654558796551092,0.0785177031737296,0.102916895982389
328773.411807,2729366.126422,0.0791208791208791,0.43003663003663,0,0.243772893772894,0.0904761904761905,0.156593406593407
329273.411807,2729366.126422,0.0987155963302752,0.458899082568807,0,0.104403669724771,0.0908256880733945,0.247155963302752
329773.411807,2729366.126422,0.0649422124380847,0.659512016143827,0,0.0410933773619519,0.0717299578059072,0.162722436250229
330273.411807,2729366.126422,0.0304029304029304,0.798717948717949,0,0.0197802197802198,0.0302197802197802,0.120879120879121
330773.411807,2729366.126422,0.0377981651376147,0.691743119266055,0,0.0788990825688073,0.0462385321100917,0.145321100917431
331273.411807,2729366.126422,0.0590717299578059,0.627407815079802,0,0.0310034855989727,0.0377912309667951,0.244725738396624
331773.411807,2729366.126422,0.0377289377289377,0.328388278388278,0.00366300366300366,0.0384615384615385,0.0941391941391941,0.497619047619048
332273.411807,2729366.126422,0.144770642201835,0.218532110091743,0.274128440366972,0.0376146788990826,0.031743119266055,0.293211009174312
332773.411807,2729366.126422,0.0977802238121446,0.223261786828105,0.0348559897266557,0.140157769216657,0.161621720785177,0.34232250963126
333273.411807,2729366.126422,0.0730769230769231,0.0873626373626374,0.0778388278388278,0.172710622710623,0.156959706959707,0.432051282051282
333773.411807,2729366.126422,0.0658715596330275,0.051743119266055,0.0018348623853211,0.024954128440367,0.103302752293578,0.752293577981651
334273.411807,2729366.126422,0.368739680792515,0.0212804989910108,0,0.0223812144560631,0.0370574206567602,0.550541185103651
334773.411807,2729366.126422,0.37985347985348,0.0318681318681319,0.117032967032967,0.2003663003663,0.00274725274725275,0.268131868131868
326273.411807,2728866.126422,0.0956043956043956,0.584798534798535,0.000183150183150183,0.045970695970696,0.0782051282051282,0.195238095238095
326773.411807,2728866.126422,0.0543956043956044,0.53040293040293,0,0.0686813186813187,0.0921245421245421,0.254395604395604
327273.411807,2728866.126422,0.0691235790245691,0.42005867253392,0.000366703337000367,0.18041804180418,0.107444077741107,0.222588925559223
327773.411807,2728866.126422,0.0615384615384615,0.19981684981685,0,0.500732600732601,0.108241758241758,0.12967032967033
328273.411807,2728866.126422,0.0606227106227106,0.376923076923077,0,0.351465201465201,0.0694139194139194,0.141575091575092
328773.411807,2728866.126422,0.0854418775210854,0.593509350935093,0,0.0471213788045471,0.0577557755775578,0.216171617161716
