"x","y","forest","agri","water","built","other","grass"
329273.411807,2787366.126422,0.0375457875457875,0.281501831501832,0.286263736263736,0.111355311355311,0.0113553113553114,0.271978021978022
327273.411807,2783866.126422,0.156679494227598,0.165842037749679,0.151548469855232,0.282939343961884,0.0293201392706615,0.213670514934946
325773.411807,2783366.126422,0,0.0037243947858473,0.181378026070764,0.812104283054004,0.00279329608938547,0
326273.411807,2783366.126422,0,0.00293577981651376,0.00403669724770642,0.992477064220183,0.00055045871559633,0
326773.411807,2783366.126422,0.00348559897266557,0.00348559897266557,0.0653091175931022,0.925151348376445,0.00201797835259585,0.000550357732526142
327273.411807,2783366.126422,0.315384615384615,0.0677655677655678,0.0117216117216117,0.438095238095238,0.0476190476190476,0.119413919413919
327773.411807,2783366.126422,0.167889908256881,0.134495412844037,0.135045871559633,0.319082568807339,0.0277064220183486,0.215779816513761
325773.411807,2782866.126422,0,0.000186428038777032,0.0384041759880686,0.961409395973154,0,0
326273.411807,2782866.126422,0,0,0,1,0,0
326773.411807,2782866.126422,0.00512820512820513,0.0117216117216117,0.0558608058608059,0.922710622710623,0.00293040293040293,0.00164835164835165
327273.411807,2782866.126422,0.0575724239090576,0.0234690135680235,0.0979097909790979,0.79024569123579,0.0154015401540154,0.0154015401540154
327773.411807,2782866.126422,0.282600732600733,0.118681318681319,0.0225274725274725,0.385164835164835,0.0468864468864469,0.144139194139194
325773.411807,2782366.126422,0,0.00018628912071535,0.0875558867362146,0.91225782414307,0,0
326273.411807,2782366.126422,0,0,0.00458799779776106,0.995412002202239,0,0
326773.411807,2782366.126422,0.103062534384742,0.06400146708234,0.0788556757748029,0.697414267375757,0.0133871263524665,0.0432789290298918
327273.411807,2782366.126422,0.454462158695254,0.107385010078798,0.00384826827927433,0.130657870624885,0.0225398570643211,0.281106835257467
327773.411807,2782366.126422,0.509818315287209,0.0912093962194898,0.00146815929528354,0.212149018168471,0.0363369425582676,0.149018168471279
328273.411807,2782366.126422,0.607188703465982,0.116999816614707,0.00898587933247754,0.0693196405648267,0.0144874381074638,0.183018521914542
328773.411807,2782366.126422,0.398204141469672,0.209089243173905,0.00183250870441635,0.113065787062489,0.0111783030969397,0.266630016492578
331273.411807,2782366.126422,0.0022006235099945,0.0926095727122685,0.241151659636897,0.490372272143774,0.0467632495873831,0.126902622409683
325773.411807,2781866.126422,0.00074487895716946,0.00167597765363128,0.0368715083798883,0.959776536312849,0.00037243947858473,0.000558659217877095
326273.411807,2781866.126422,0.00110091743119266,0.0073394495412844,0.0563302752293578,0.934862385321101,0.00018348623853211,0.00018348623853211
326773.411807,2781866.126422,0.142909557879288,0.0427444505595304,0.0343056319941295,0.698403962575674,0.0322876536415337,0.0493487433498441
327273.411807,2781866.126422,0.442124542124542,0.0734432234432234,0.00274725274725275,0.298717948717949,0.0362637362637363,0.146703296703297
327773.411807,2781866.126422,0.594678899082569,0.144587155963303,0.00275229357798165,0.083302752293578,0.0405504587155963,0.134128440366972
328273.411807,2781866.126422,0.597505044945882,0.0607228031553843,0,0.0066042927903137,0.011557512383049,0.323610346725371
328773.411807,2781866.126422,0.570879120879121,0.0351648351648352,0,0.00146520146520147,0.00128205128205128,0.391208791208791
329273.411807,2781866.126422,0.417064220183486,0.123119266055046,0.0354128440366972,0.135412844036697,0.0141284403669725,0.274862385321101
329773.411807,2781866.126422,0.0379746835443038,0.094294624839479,0.0405430196294258,0.734360667767382,0.0299027701339204,0.0629242340854889
330273.411807,2781866.126422,0.133150183150183,0.0901098901098901,0.0615384615384615,0.606227106227106,0.0454212454212454,0.0635531135531135
330773.411807,2781866.126422,0.547522935779816,0.0392660550458716,0.015045871559633,0.167522935779817,0.0154128440366972,0.215229357798165
325773.411807,2781366.126422,0.13441461595824,0.0315063385533184,0.104586129753915,0.699291573452647,0.00484712900820283,0.0253542132736764
326273.411807,2781366.126422,0.555677655677656,0.129120879120879,0.0401098901098901,0.113186813186813,0.00842490842490842,0.153479853479853
326773.411807,2781366.126422,0.549084249084249,0.0815018315018315,0.00714285714285714,0.257326007326007,0.0197802197802198,0.0851648351648352
327273.411807,2781366.126422,0.707370737073707,0.0672900623395673,0,0.0504217088375504,0.0214521452145215,0.153465346534653
327773.411807,2781366.126422,0.565384615384615,0.0512820512820513,0.00531135531135531,0.0987179487179487,0.0159340659340659,0.263369963369963
328273.411807,2781366.126422,0.292857142857143,0.103296703296703,0.00146520146520147,0.294322344322344,0.0435897435897436,0.264468864468864
328773.411807,2781366.126422,0.443527686101944,0.0685735240190686,0.00403373670700403,0.188302163549688,0.0205353868720205,0.275027502750275
329273.411807,2781366.126422,0.295054945054945,0.143406593406593,0.0124542124542125,0.144871794871795,0.0516483516483516,0.352564102564103
329773.411807,2781366.126422,0.185347985347985,0.113186813186813,0.00238095238095238,0.205311355311355,0.0152014652014652,0.478571428571429
330273.411807,2781366.126422,0.143197653098643,0.134763476347635,0.0170517051705171,0.480564723138981,0.0595892922625596,0.164833149981665
330773.411807,2781366.126422,0.233516483516484,0.106959706959707,0.0818681318681319,0.31007326007326,0.0307692307692308,0.236813186813187
325773.411807,2780866.126422,0.419523099850969,0.110655737704918,0.00968703427719821,0.281296572280179,0.0661326378539493,0.112704918032787
326273.411807,2780866.126422,0.565791888419894,0.065149568728207,0,0.0313819049366856,0.0168838318957607,0.320792806019453
326773.411807,2780866.126422,0.420502475701449,0.0803227581147992,0.00256739409499358,0.246286447826884,0.0491472583898771,0.201173665871997
327273.411807,2780866.126422,0.396921385376581,0.0945574491478835,0.00164925783397471,0.308227964082829,0.0289536375297783,0.169690306028954
327773.411807,2780866.126422,0.323912644521931,0.126628739218205,0.00110111947146265,0.137639933932832,0.0508350155991925,0.359882547256377
328273.411807,2780866.126422,0.348432055749129,0.0981111314872547,0.000916926462497708,0.197872730607005,0.0322758114799193,0.322391344214194
328773.411807,2780866.126422,0.264064504306395,0.0643210555250137,0.00678028220634048,0.350009162543522,0.0225398570643211,0.292285138354407
329273.411807,2780866.126422,0.203707102220591,0.0447788585061479,0.011194714626537,0.587080198201505,0.0133969535694623,0.139842172875757
329773.411807,2780866.126422,0.20410783055199,0.0258573262424354,0,0.139189437007152,0.0122868145974693,0.618558591600954
330273.411807,2780866.126422,0.520798973795126,0.072200842954004,0,0.0395821880153931,0.0113615539673813,0.356056441268096
330773.411807,2780866.126422,0.517342631675537,0.0596439713708937,0,0.00568911726922371,0.00183519911910442,0.415489080565241
331273.411807,2780866.126422,0.160828901522098,0.0427287731523932,0.241885200806895,0.265908674124335,0.0388776820099028,0.249770768384376
332773.411807,2780866.126422,0.0766550522648084,0.0702365670273244,0.234916559691913,0.507793874931231,0.0166880616174583,0.0937098844672657
325773.411807,2780366.126422,0.13389199255121,0.0541899441340782,0.0227188081936685,0.727932960893855,0.0307262569832402,0.0305400372439479
326273.411807,2780366.126422,0.215963302752294,0.0722935779816514,0.0255045871559633,0.562018348623853,0.0418348623853211,0.0823853211009174
326773.411807,2780366.126422,0.224912860025683,0.0876903320491653,0.0174279948633278,0.542285819115759,0.0640249495505412,0.0636580443955238
327273.411807,2780366.126422,0.317582417582418,0.103113553113553,0.00421245421245421,0.412637362637363,0.0628205128205128,0.0996336996336996
327773.411807,2780366.126422,0.370825688073394,0.0935779816513762,0.00825688073394495,0.296697247706422,0.063302752293578,0.167339449541284
328273.411807,2780366.126422,0.323059988992845,0.118510365070629,0.00293524124013942,0.19831223628692,0.0381581361218125,0.319024032287654
328773.411807,2780366.126422,0.388278388278388,0.0763736263736264,0.00934065934065934,0.182967032967033,0.0415750915750916,0.301465201465201
329273.411807,2780366.126422,0.697064220183486,0.0374311926605505,0,0.0174311926605505,0.0159633027522936,0.232110091743119
329773.411807,2780366.126422,0.756191524490919,0.00733810310034856,0,0,0.000366905155017428,0.236103467253715
330273.411807,2780366.126422,0.445604395604396,0.0677655677655678,0,0.0871794871794872,0.00989010989010989,0.38956043956044
330773.411807,2780366.126422,0.631926605504587,0.0726605504587156,0,0.0344954128440367,0.0108256880733945,0.250091743119266
331273.411807,2780366.126422,0.532746285085305,0.0620069711979453,0,0.00110071546505228,0.0104567969179967,0.3936892313337
331773.411807,2780366.126422,0.426190476190476,0.100549450549451,0.0021978021978022,0.032051282051282,0.041025641025641,0.397985347985348
332273.411807,2780366.126422,0.42954128440367,0.0856880733944954,0.000917431192660551,0.233211009174312,0.048256880733945,0.202385321100917
