"x","y","forest","agri","water","built","other","grass"
251773.411807,2765366.126422,0.0796184186387819,0.0078884608328747,0.457163823151715,0.437350944780774,0.00752155567785727,0.0104567969179967
252273.411807,2765366.126422,0.339377289377289,0.0956043956043956,0.0181318681318681,0.0564102564102564,0.0364468864468864,0.454029304029304
252773.411807,2765366.126422,0.15302752293578,0.0904587155963303,0,0.00587155963302752,0.0273394495412844,0.723302752293578
253273.411807,2765366.126422,0.17978352595854,0.072463768115942,0.147862777472023,0.015410016510732,0.0676940011007155,0.516785910842047
253773.411807,2765366.126422,0.151098901098901,0.0285714285714286,0,0.0135531135531136,0.0518315018315018,0.754945054945055
254273.411807,2765366.126422,0.0223853211009174,0.204954128440367,0,0.0139449541284404,0.053394495412844,0.705321100917431
254773.411807,2765366.126422,0.0486149330398092,0.288754356998716,0,0.00752155567785727,0.0471473124197395,0.607961841863878
255273.411807,2765366.126422,0.0263736263736264,0.175824175824176,0.407142857142857,0.00183150183150183,0.034981684981685,0.353846153846154
255773.411807,2765366.126422,0.0844036697247706,0.29743119266055,0,0.00055045871559633,0.0379816513761468,0.579633027522936
256273.411807,2765366.126422,0.0539350577875619,0.248761695101816,0,0.00678774536782242,0.0623738763529628,0.628141625389837
256773.411807,2765366.126422,0.0461538461538462,0.295054945054945,0,0.00860805860805861,0.0604395604395604,0.58974358974359
257273.411807,2765366.126422,0.101651376146789,0.272293577981651,0,0.0570642201834862,0.0572477064220183,0.511743119266055
257773.411807,2765366.126422,0.0748486516235553,0.134654191891396,0,0.00898917629792699,0.0614566134654192,0.720051366721702
258273.411807,2765366.126422,0.10018315018315,0.194871794871795,0.0010989010989011,0.0184981684981685,0.0558608058608059,0.629487179487179
258773.411807,2765366.126422,0.115229357798165,0.254678899082569,0.00403669724770642,0.0209174311926606,0.117981651376147,0.487155963302752
259273.411807,2765366.126422,0.0442120711796001,0.199412951751972,0,0.115208218675472,0.128967161988626,0.512199596404329
259773.411807,2765366.126422,0.0613553113553114,0.309340659340659,0.0368131868131868,0.0102564102564103,0.0413919413919414,0.540842490842491
260273.411807,2765366.126422,0.088256880733945,0.235596330275229,0.215963302752294,0.0236697247706422,0.0959633027522936,0.340550458715596
260773.411807,2765366.126422,0.090442120711796,0.257017061089708,0.00110071546505228,0.0465969546872134,0.0603558980003669,0.544487250045863
261273.411807,2765366.126422,0.0860805860805861,0.208058608058608,0,0.0120879120879121,0.0824175824175824,0.611355311355311
261773.411807,2765366.126422,0.0743119266055046,0.180550458715596,0,0.04,0.100550458715596,0.604587155963303
262273.411807,2765366.126422,0.086589616584113,0.213722252797652,0,0.0361401577692167,0.132819666116309,0.53072830673271
251773.411807,2764866.126422,0.246153846153846,0.0472527472527473,0.102197802197802,0.298351648351648,0.0796703296703297,0.226373626373626
252273.411807,2764866.126422,0.124495782911624,0.232489915658232,0.000183351668500183,0.0977264393105977,0.0506050605060506,0.494499449944995
252773.411807,2764866.126422,0.12032967032967,0.205311355311355,0,0.0701465201465201,0.130952380952381,0.473260073260073
253273.411807,2764866.126422,0.0282051282051282,0.0846153846153846,0.32014652014652,0.0641025641025641,0.0888278388278388,0.414102564102564
253773.411807,2764866.126422,0.106343967730106,0.147231389805647,0.000366703337000367,0.0225522552255226,0.0462046204620462,0.677301063439677
254273.411807,2764866.126422,0.166300366300366,0.100549450549451,0.105494505494505,0.0604395604395604,0.0412087912087912,0.526007326007326
254773.411807,2764866.126422,0.0565934065934066,0.165018315018315,0,0.00897435897435897,0.0543956043956044,0.715018315018315
255273.411807,2764866.126422,0.0718738540520719,0.157499083241658,0,0.00385038503850385,0.0867253392005867,0.68005133846718
255773.411807,2764866.126422,0.0990842490842491,0.328021978021978,0.000549450549450549,0.00860805860805861,0.0454212454212454,0.518315018315018
256273.411807,2764866.126422,0.0684981684981685,0.391208791208791,0,0,0.0274725274725275,0.512820512820513
256773.411807,2764866.126422,0.068023469013568,0.240557389072241,0,0.0276861019435277,0.0694902823615695,0.594242757609094
257273.411807,2764866.126422,0.0476190476190476,0.381501831501831,0.0412087912087912,0.130952380952381,0.0604395604395604,0.338278388278388
257773.411807,2764866.126422,0.1496336996337,0.093040293040293,0,0.0100732600732601,0.0833333333333333,0.663919413919414
258273.411807,2764866.126422,0.0251191785845251,0.326916024935827,0.00495049504950495,0.0207187385405207,0.059039237257059,0.563256325632563
258773.411807,2764866.126422,0.116117216117216,0.0203296703296703,0,0.000183150183150183,0.0203296703296703,0.843040293040293
259273.411807,2764866.126422,0.036996336996337,0.354395604395604,0,0.00879120879120879,0.0798534798534798,0.51996336996337
259773.411807,2764866.126422,0.0636230289695636,0.195086175284195,0,0.0557389072240557,0.108544187752109,0.577007700770077
260273.411807,2764866.126422,0.0641025641025641,0.285531135531136,0.000366300366300366,0.137912087912088,0.132967032967033,0.379120879120879
260773.411807,2764866.126422,0.0483516483516484,0.401648351648352,0,0.0304029304029304,0.0793040293040293,0.44029304029304
261273.411807,2764866.126422,0.0845251191785845,0.148698203153649,0,0.0652731939860653,0.118445177851118,0.583058305830583
261773.411807,2764866.126422,0.0424908424908425,0.358058608058608,0,0.0664835164835165,0.063003663003663,0.46996336996337
262273.411807,2764866.126422,0.0571428571428571,0.206776556776557,0,0.05,0.101098901098901,0.584981684981685
251273.411807,2764366.126422,0,0,0.229950449623784,0.755551477335291,0.0144980730409249,0
251773.411807,2764366.126422,0.118100128369705,0.0491472583898771,0.100495140289749,0.487621492756281,0.0783055198973042,0.166330460297084
252273.411807,2764366.126422,0.202125710097123,0.0769653655854865,0.0311526479750779,0.098772219168041,0.0914421843503757,0.499541872823896
252773.411807,2764366.126422,0.0835015599192512,0.0959809139291613,0,0.323912644521931,0.158010644154891,0.338594237474766
253273.411807,2764366.126422,0.111131487254722,0.046396479002384,0,0.298367870896754,0.131670640014671,0.412433522831469
253773.411807,2764366.126422,0.110683525746747,0.0943741982774418,0,0.0353674179952355,0.124244090159428,0.635330767821147
254273.411807,2764366.126422,0.128280418425399,0.0561570930445953,0,0.114149385208295,0.185905670765278,0.515507432556432
254773.411807,2764366.126422,0.0995782138272511,0.0865578580597836,0,0.14799193104713,0.185769301302036,0.4801026957638
255273.411807,2764366.126422,0.0311526479750779,0.181235110866777,0,0.032618654938611,0.0786146234194612,0.676378962800073
255773.411807,2764366.126422,0.0504679757753716,0.224811892090292,0,0.00532207744540283,0.0979996329601762,0.621398421728758
256273.411807,2764366.126422,0.0682193288098294,0.209976159911975,0.0150375939849624,0.00330093526499175,0.0265908674124335,0.676875114615808
256773.411807,2764366.126422,0.0580905259299982,0.288253619204691,0.20853949056258,0.0227231079347627,0.0472787245739417,0.375114531794026
257273.411807,2764366.126422,0.0704716461736098,0.274362268306111,0.126445219306295,0.0179849513672233,0.0629473297852817,0.447788585061479
257773.411807,2764366.126422,0.0652851641298368,0.232899321474418,0,0.0066018705299835,0.0830735375022923,0.61214010636347
258273.411807,2764366.126422,0.0426974528129009,0.202308960967565,0,0.0102620487447315,0.0602895363752978,0.684442001099505
258773.411807,2764366.126422,0.0923105156909525,0.293448339144797,0.000367039823820885,0.0163332721600294,0.0818498807120573,0.515690952468343
259273.411807,2764366.126422,0.0517146524848707,0.303502659086741,0,0.0106363469649734,0.0761048963873097,0.558041445076105
259773.411807,2764366.126422,0.043613707165109,0.263698002565512,0,0.0221733553234378,0.0767821147150449,0.593732820230896
260273.411807,2764366.126422,0.0392732611488346,0.264085153239126,0,0.0209212699577904,0.0660671682877592,0.609653147366489
260773.411807,2764366.126422,0.0825233816247937,0.146891619292133,0.0022006235099945,0.347148358701632,0.162295983862094,0.258940033009353
261273.411807,2764366.126422,0.0930914421843504,0.194429173538574,0.0725673446948873,0.0789811251603445,0.0760491112332784,0.484881803188565
261773.411807,2764366.126422,0.051018535511103,0.227381170857038,0.118737383006056,0.0423930996513122,0.0849697192145348,0.475500091759956
262273.411807,2764366.126422,0.055198973042362,0.103429304969741,0.21602787456446,0.0454795525398863,0.0935264991747662,0.486337795708784
251273.411807,2763866.126422,0,0,0.440366972477064,0.559633027522936,0,0
251773.411807,2763866.126422,0.281966611630893,0.121629058888277,0.0565033938726839,0.139057053751605,0.109337736195194,0.291506145661347
252273.411807,2763866.126422,0.168498168498169,0.128388278388278,0.0108058608058608,0.14047619047619,0.097985347985348,0.453846153846154
252773.411807,2763866.126422,0.0757798165137615,0.0620183486238532,0.00055045871559633,0.283302752293578,0.108073394495413,0.470275229357798
253273.411807,2763866.126422,0.118143459915612,0.0873234268941479,0,0.0779673454412034,0.0687947165657677,0.647771051183269
253773.411807,2763866.126422,0.0758241758241758,0.0888278388278388,0,0.331135531135531,0.147435897435897,0.356776556776557
254273.411807,2763866.126422,0.0467889908256881,0.0299082568807339,0,0.264036697247706,0.10697247706422,0.552293577981651
254773.411807,2763866.126422,0.0471473124197395,0.243258117776555,0,0.0124747752705926,0.0414602825169694,0.655659512016144
255273.411807,2763866.126422,0.0633699633699634,0.181868131868132,0,0.0586080586080586,0.10018315018315,0.595970695970696
255773.411807,2763866.126422,0.0420183486238532,0.181284403669725,0,0.0231192660550459,0.115963302752294,0.637614678899083
256273.411807,2763866.126422,0.0460465969546872,0.163639699137773,0,0.00990643918547056,0.117593102183086,0.662814162538984
256773.411807,2763866.126422,0.067032967032967,0.118131868131868,0,0.0276556776556777,0.0681318681318681,0.719047619047619
257273.411807,2763866.126422,0.0352293577981651,0.300183486238532,0,0.0376146788990826,0.0537614678899083,0.573211009174312
257773.411807,2763866.126422,0.0610897083104018,0.182902219776188,0.0165107319757843,0.0594386351128233,0.10988809392772,0.570170610897083
258273.411807,2763866.126422,0.084981684981685,0.204029304029304,0,0.0184981684981685,0.101465201465201,0.591025641025641
258773.411807,2763866.126422,0.0814678899082569,0.198165137614679,0,0.0190825688073394,0.0867889908256881,0.614495412844037
259273.411807,2763866.126422,0.0585213722252798,0.179049715648505,0.328930471473124,0.010273344340488,0.0667767382131719,0.356448358099431
259773.411807,2763866.126422,0.101831501831502,0.201648351648352,0.133150183150183,0.0181318681318681,0.0666666666666667,0.478571428571429
260273.411807,2763866.126422,0.0510091743119266,0.269908256880734,0.0977981651376147,0.00403669724770642,0.0343119266055046,0.542935779816514
260773.411807,2763866.126422,0.0706292423408549,0.0572372041827188,0.139607411484131,0.307466519904605,0.159420289855072,0.265639332232618
261273.411807,2763866.126422,0.0675824175824176,0.170512820512821,0.281318681318681,0.0126373626373626,0.0547619047619048,0.413186813186813
261773.411807,2763866.126422,0.0655045871559633,0.252477064220184,0.222201834862385,0.0110091743119266,0.0502752293577982,0.398532110091743
262273.411807,2763866.126422,0.0768666299761512,0.256099798202165,0.000183452577508714,0.0746651990460466,0.108053568152633,0.484131352045496
251773.411807,2763366.126422,0.213553113553114,0.16996336996337,0.00824175824175824,0.0968864468864469,0.131684981684982,0.37967032967033
252273.411807,2763366.126422,0.059039237257059,0.258525852585259,0,0.00623395672900623,0.0331866519985332,0.643014301430143
252773.411807,2763366.126422,0.0937728937728938,0.117582417582418,0.026007326007326,0.0525641025641026,0.0774725274725275,0.632600732600733
253273.411807,2763366.126422,0.0597069597069597,0.204945054945055,0,0.00402930402930403,0.0311355311355311,0.70018315018315
253773.411807,2763366.126422,0.0561056105610561,0.248991565823249,0.000366703337000367,0.00275027502750275,0.0194352768610194,0.672350568390172
254273.411807,2763366.126422,0.0842490842490843,0.0732600732600733,0,0.319230769230769,0.063003663003663,0.46025641025641
254773.411807,2763366.126422,0.111172161172161,0.093040293040293,0.0261904761904762,0.0137362637362637,0.0551282051282051,0.700732600732601
255273.411807,2763366.126422,0.0650898423175651,0.164466446644664,0.0033003300330033,0.00806747341400807,0.033003300330033,0.726072607260726
255773.411807,2763366.126422,0.0523809523809524,0.304395604395604,0,0.015018315018315,0.0485347985347985,0.57967032967033
256273.411807,2763366.126422,0.0489010989010989,0.166483516483516,0.00714285714285714,0.0137362637362637,0.0507326007326007,0.713003663003663
256773.411807,2763366.126422,0.0738907224055739,0.14008067473414,0,0.0192519251925193,0.0704070407040704,0.696369636963696
257273.411807,2763366.126422,0.117216117216117,0.198168498168498,0,0.0573260073260073,0.113736263736264,0.513553113553114
257773.411807,2763366.126422,0.0705128205128205,0.110989010989011,0.31025641025641,0.0888278388278388,0.132967032967033,0.286446886446886
258273.411807,2763366.126422,0.0773744041070774,0.276310964429776,0,0.0896589658965897,0.0951595159515952,0.461496149614961
258773.411807,2763366.126422,0.110805860805861,0.154761904761905,0,0.0214285714285714,0.0573260073260073,0.655677655677656
259273.411807,2763366.126422,0.100915750915751,0.144871794871795,0.0992673992673993,0.0152014652014652,0.0880952380952381,0.551648351648352
259773.411807,2763366.126422,0.0616061606160616,0.173450678401173,0,0.0212687935460213,0.106160616061606,0.637513751375138
260273.411807,2763366.126422,0.0747252747252747,0.258058608058608,0,0.00402930402930403,0.0331501831501832,0.63003663003663
260773.411807,2763366.126422,0.0871794871794872,0.165018315018315,0.00586080586080586,0.0868131868131868,0.141941391941392,0.513186813186813
261273.411807,2763366.126422,0.0852585258525853,0.283094976164283,0,0.00293362669600293,0.0386872020535387,0.59002566923359
261773.411807,2763366.126422,0.11959706959707,0.306776556776557,0.0721611721611722,0.0313186813186813,0.08003663003663,0.39010989010989
262273.411807,2763366.126422,0.0380952380952381,0.244322344322344,0.325641025641026,0.0106227106227106,0.0322344322344322,0.349084249084249
251273.411807,2762866.126422,0.0293631859056708,0.0130299137456414,0.191227748210681,0.689117269223711,0.0179849513672233,0.0592769315470729
251773.411807,2762866.126422,0.101962222629745,0.250137538969375,0,0.0718870346598203,0.092792958004768,0.483220245736292
252273.411807,2762866.126422,0.0641378046545721,0.202125710097123,0.0137438152831226,0.0172255818215137,0.0373831775700935,0.665383910573575
252773.411807,2762866.126422,0.0824004404477886,0.193797026977427,0.0143145531290145,0.136722334373279,0.0991007524316388,0.473664892640852
253273.411807,2762866.126422,0.177700348432056,0.181918210159545,0,0.0172382174949569,0.0632679259123418,0.5598752980011
253773.411807,2762866.126422,0.0907091808686091,0.256184716877405,0,0.00696353307678211,0.01905809052593,0.627084478651274
254273.411807,2762866.126422,0.106808588731877,0.204441181868233,0,0.0236740686364471,0.0829510001835199,0.582125160579923
254773.411807,2762866.126422,0.0665688611773336,0.256739409499358,0.0124701998899688,0.0346598202824134,0.0430955437373923,0.586466165413534
255273.411807,2762866.126422,0.120579072750596,0.296133406633681,0.00146600696353308,0.0117280557082646,0.0736668499175371,0.496426608026388
255773.411807,2762866.126422,0.0836850798311617,0.211231418608919,0.0122958340979996,0.00642319691686548,0.0420260598274913,0.644338410717563
256273.411807,2762866.126422,0.0850907757197873,0.342196955804144,0.00275077938749312,0.004401247019989,0.0544654318723638,0.511094810196222
256773.411807,2762866.126422,0.0602895363752978,0.374198277441818,0.00256551218618288,0.0192413413963716,0.0498442367601246,0.493861095840205
257273.411807,2762866.126422,0.0374380620297302,0.276197467425216,0,0.0334006239677005,0.122591301156175,0.530372545421178
257773.411807,2762866.126422,0.0579497524298551,0.162479369154594,0,0.0139372822299652,0.0810562992847974,0.684577296900789
258273.411807,2762866.126422,0.122778083195895,0.186549386109584,0,0.0467289719626168,0.131574124977094,0.51236943375481
258773.411807,2762866.126422,0.109928427234355,0.266654432005873,0,0.0664342081115801,0.076344283354744,0.480638649293448
259273.411807,2762866.126422,0.0799559875298001,0.216394645149459,0,0.103796075554741,0.0973775903172566,0.502475701448744
259773.411807,2762866.126422,0.0850284038849184,0.0503939893714495,0,0.1927799157046,0.142019424592267,0.529778266446766
260273.411807,2762866.126422,0.0653330886401175,0.0350523031748945,0,0.511837034318224,0.216553496054322,0.171224077812443
260773.411807,2762866.126422,0.0715202640748212,0.0251237850724372,0,0.494223363286264,0.142673757564643,0.266458830001834
261273.411807,2762866.126422,0.0676195711929632,0.188015393073117,0,0.0346344145134689,0.0472787245739417,0.662451896646509
261773.411807,2762866.126422,0.0537713341897596,0.249220040374381,0,0.0222059093411635,0.0849697192145348,0.589832996880161
262273.411807,2762866.126422,0.0251237850724372,0.326059050064185,0.249770768384376,0.0341096644049147,0.0649183935448377,0.30001833852925
251273.411807,2762366.126422,0.33045871559633,0.0423853211009174,0.112110091743119,0.157981651376147,0.0511926605504587,0.305871559633028
251773.411807,2762366.126422,0.0842047330764997,0.239038708493854,0,0.0919097413318657,0.107686662997615,0.477160154100165
252273.411807,2762366.126422,0.0637362637362637,0.194505494505495,0,0.041025641025641,0.0868131868131868,0.613919413919414
252773.411807,2762366.126422,0.0427522935779817,0.261100917431193,0.00018348623853211,0.00201834862385321,0.0299082568807339,0.664036697247706
253273.411807,2762366.126422,0.0834709227664649,0.248027884791781,0,0.001284168042561,0.0207301412584847,0.646486883140708
253773.411807,2762366.126422,0.0752747252747253,0.21996336996337,0.223809523809524,0.00494505494505494,0.032967032967033,0.443040293040293
254273.411807,2762366.126422,0.0521100917431193,0.351926605504587,0.208990825688073,0.0119266055045872,0.0306422018348624,0.344403669724771
254773.411807,2762366.126422,0.0409099247844432,0.110988809392772,0,0.0117409649605577,0.0565033938726839,0.779856906989543
255273.411807,2762366.126422,0.0668498168498168,0.323260073260073,0.0952380952380952,0.0318681318681319,0.112271062271062,0.370512820512821
255773.411807,2762366.126422,0.0618348623853211,0.323302752293578,0,0.0126605504587156,0.0425688073394495,0.559633027522936
256273.411807,2762366.126422,0.0785177031737296,0.287286736378646,0,0.00770500825536599,0.0330214639515685,0.59346908824069
256773.411807,2762366.126422,0.0668498168498168,0.300732600732601,0.095970695970696,0.147252747252747,0.0673992673992674,0.321794871794872
257273.411807,2762366.126422,0.101467889908257,0.216330275229358,0,0.0855045871559633,0.121100917431193,0.475596330275229
257773.411807,2762366.126422,0.0610897083104018,0.178132452760961,0.016694184553293,0.0275178866263071,0.0420106402494955,0.674555127499541
258273.411807,2762366.126422,0.0798534798534798,0.228388278388278,0.000366300366300366,0.00476190476190476,0.0452380952380952,0.641391941391941
258773.411807,2762366.126422,0.129908256880734,0.118899082568807,0.00018348623853211,0.0293577981651376,0.0629357798165138,0.658715596330275
259273.411807,2762366.126422,0.0792515134837644,0.250229315721886,0.0247660979636764,0.0132085855806274,0.0482480278847918,0.584296459365254
259773.411807,2762366.126422,0.0730769230769231,0.102380952380952,0.373992673992674,0.133333333333333,0.0547619047619048,0.262454212454212
260273.411807,2762366.126422,0.112660550458716,0.0295412844036697,0,0.254495412844037,0.174862385321101,0.428440366972477
260773.411807,2762366.126422,0.0715465052283985,0.0524674371674922,0.209869748669969,0.114474408365438,0.144560631076867,0.407081269491836
261273.411807,2762366.126422,0.13974358974359,0.187545787545788,0.00201465201465201,0.115018315018315,0.110622710622711,0.445054945054945
261773.411807,2762366.126422,0.0763302752293578,0.22348623853211,0,0.327155963302752,0.157981651376147,0.215045871559633
262273.411807,2762366.126422,0.0820033021463952,0.157769216657494,0.0774169877086773,0.149880755824619,0.120711796000734,0.41221794166208
250773.411807,2761866.126422,0.269343601026769,0.0253025302530253,0.127612761276128,0.181151448478181,0.0273193986065273,0.369270260359369
251273.411807,2761866.126422,0.0565934065934066,0.10952380952381,0,0.021978021978022,0.0536630036630037,0.758241758241758
251773.411807,2761866.126422,0.153113553113553,0.158241758241758,0,0.019047619047619,0.0611721611721612,0.608424908424908
252273.411807,2761866.126422,0.0775577557755776,0.154015401540154,0,0.0425375870920425,0.068023469013568,0.657865786578658
252773.411807,2761866.126422,0.0450549450549451,0.117948717948718,0.336080586080586,0.0236263736263736,0.0272893772893773,0.45
253273.411807,2761866.126422,0.0516483516483516,0.35970695970696,0,0.0263736263736264,0.0501831501831502,0.512087912087912
253773.411807,2761866.126422,0.0445544554455446,0.386138613861386,0,0.0143014301430143,0.0476714338100477,0.507334066740007
254273.411807,2761866.126422,0.0710622710622711,0.342490842490842,0,0.00421245421245421,0.0333333333333333,0.548901098901099
254773.411807,2761866.126422,0.0316849816849817,0.232600732600733,0.0106227106227106,0.0124542124542125,0.0672161172161172,0.645421245421245
255273.411807,2761866.126422,0.0768243491015768,0.408690869086909,0.0742574257425743,0.0286028602860286,0.0759075907590759,0.335716905023836
255773.411807,2761866.126422,0.0208791208791209,0.233150183150183,0.00146520146520147,0.0434065934065934,0.0673992673992674,0.633699633699634
256273.411807,2761866.126422,0.0525641025641026,0.300549450549451,0,0.0267399267399267,0.0454212454212454,0.574725274725275
256773.411807,2761866.126422,0.092959295929593,0.244591125779245,0,0.0137513751375138,0.0478547854785479,0.600843417675101
257273.411807,2761866.126422,0.0595238095238095,0.284615384615385,0,0.00512820512820513,0.028021978021978,0.622710622710623
257773.411807,2761866.126422,0.122893772893773,0.332600732600733,0,0.0043956043956044,0.0379120879120879,0.502197802197802
258273.411807,2761866.126422,0.0951595159515952,0.26989365603227,0.113127979464613,0.00256692335900257,0.0445544554455446,0.474697469746975
258773.411807,2761866.126422,0.106410256410256,0.183150183150183,0.00897435897435897,0.0516483516483516,0.0752747252747253,0.574542124542124
259273.411807,2761866.126422,0.108974358974359,0.0683150183150183,0,0.284432234432234,0.101098901098901,0.437179487179487
259773.411807,2761866.126422,0.100660066006601,0.177117711771177,0,0.155482214888155,0.129446277961129,0.437293729372937
260273.411807,2761866.126422,0.0747252747252747,0.141208791208791,0,0.00750915750915751,0.0805860805860806,0.695970695970696
260773.411807,2761866.126422,0.0738095238095238,0.15,0,0.0142857142857143,0.0393772893772894,0.722527472527473
261273.411807,2761866.126422,0.0636230289695636,0.277227722772277,0.0814081408140814,0.0528052805280528,0.0678401173450678,0.457095709570957
261773.411807,2761866.126422,0.0661172161172161,0.393040293040293,0.152564102564103,0.00787545787545788,0.0201465201465201,0.36025641025641
262273.411807,2761866.126422,0.0604395604395604,0.413003663003663,0.0234432234432234,0.00842490842490842,0.0483516483516484,0.446336996336996
250773.411807,2761366.126422,0.0406816932380429,0.107751511819681,0,0.0122778083195895,0.03811618105186,0.801172805570826
251273.411807,2761366.126422,0.080932281152505,0.163149201688383,0,0.0427601394751331,0.125527619746743,0.587630757937236
251773.411807,2761366.126422,0.101412066752246,0.254172015404365,0.137538969374656,0.0126535851824684,0.0867412433522831,0.407482119933981
252273.411807,2761366.126422,0.0461792193512919,0.200842954004032,0,0.00641378046545721,0.0465457210921752,0.700018325087044
252773.411807,2761366.126422,0.109010827674803,0.172141677371995,0,0.00752431638832813,0.0512020554230134,0.660121123141861
253273.411807,2761366.126422,0.0634513112048414,0.254172015404365,0,0.00806895286997983,0.0518980377773703,0.622409682743444
253773.411807,2761366.126422,0.0595565328935312,0.203958218801539,0,0.0656038116181052,0.114898295766905,0.555983140919919
254273.411807,2761366.126422,0.058909891723252,0.299871536061663,0,0.0400073407964764,0.0798311616810424,0.521380069737567
254773.411807,2761366.126422,0.0451127819548872,0.360535485054099,0.134421419402164,0.0121034293049697,0.0474967907573813,0.400330093526499
255273.411807,2761366.126422,0.0562580172255818,0.353674179952355,0,0.0053142752428074,0.0769653655854865,0.507788161993769
255773.411807,2761366.126422,0.0350523031748945,0.36098366672784,0.0534042943659387,0.0141310332171041,0.0405579005322077,0.495870801982015
256273.411807,2761366.126422,0.0205391527599487,0.323308270676692,0.154777186869613,0.00256739409499358,0.0165046763249587,0.482303319273794
256773.411807,2761366.126422,0.0480117280557083,0.30492944841488,0,0.00366501740883269,0.026571376214037,0.616822429906542
257273.411807,2761366.126422,0.0570746926041475,0.263167553679574,0,0.00972655533125344,0.052303174894476,0.617728023490549
257773.411807,2761366.126422,0.0894920227397763,0.233082706766917,0.0852741610122868,0.00898587933247754,0.0678525582248304,0.515312671923712
258273.411807,2761366.126422,0.055158512002932,0.20963899578523,0,0.0371999266996518,0.0689023272860546,0.629100238226132
258773.411807,2761366.126422,0.0583593319875206,0.180583593319875,0.0743255643237291,0.0532207744540283,0.0864378785098183,0.547072857405028
259273.411807,2761366.126422,0.109114249037227,0.092792958004768,0.00238400880249404,0.111131487254722,0.118283513662204,0.566293783238584
259773.411807,2761366.126422,0.132673630199743,0.122411581455012,0.0108118013560564,0.0628550485614807,0.120212571009712,0.551035367417995
260273.411807,2761366.126422,0.0827674802716095,0.129748577720683,0,0.102587630757937,0.137639933932832,0.547256377316939
260773.411807,2761366.126422,0.0819732257472951,0.132770951769668,0.00128369704749679,0.0148542086924629,0.0570328259673574,0.71208509077572
261273.411807,2761366.126422,0.0648708081363387,0.0921751878321422,0,0.510536925050394,0.0417811984606927,0.290635880520432
261773.411807,2761366.126422,0.121123141860892,0.202422462837218,0.00403743806202973,0.21178197834465,0.151220407414204,0.309414571481006
262273.411807,2761366.126422,0.0584999083073537,0.507243719053732,0,0.0163212910324592,0.0476801760498808,0.370254905556574
250273.411807,2760866.126422,0.133920381581361,0.18253531462117,0.0254999082737112,0.122179416620804,0.0579710144927536,0.4778939644102
250773.411807,2760866.126422,0.0483516483516484,0.294871794871795,0,0.0294871794871795,0.0608058608058608,0.566483516483516
251273.411807,2760866.126422,0.159633027522936,0.0697247706422018,0.0491743119266055,0.0746788990825688,0.0869724770642202,0.559816513761468
251773.411807,2760866.126422,0.0845716382315172,0.341221794166208,0.00201797835259585,0.0322876536415337,0.155384333149881,0.384516602458265
252273.411807,2760866.126422,0.0487179487179487,0.336996336996337,0,0.00714285714285714,0.0344322344322344,0.572710622710623
252773.411807,2760866.126422,0.0491743119266055,0.240733944954128,0.345504587155963,0.0423853211009174,0.0370642201834862,0.285137614678899
253273.411807,2760866.126422,0.0557695835626491,0.33241607044579,0.000366905155017428,0.0258668134287287,0.0377912309667951,0.54778939644102
253773.411807,2760866.126422,0.0586080586080586,0.25989010989011,0.217948717948718,0.0119047619047619,0.0388278388278388,0.412820512820513
254273.411807,2760866.126422,0.0902752293577982,0.21302752293578,0.0196330275229358,0.015045871559633,0.0625688073394495,0.599449541284404
254773.411807,2760866.126422,0.0440286186020914,0.259768849752339,0.155934690882407,0.00330214639515685,0.0355898000366905,0.501375894331315
255273.411807,2760866.126422,0.0408424908424908,0.243223443223443,0,0.00586080586080586,0.0532967032967033,0.656776556776557
255773.411807,2760866.126422,0.0310091743119266,0.232293577981651,0,0.00238532110091743,0.031743119266055,0.702568807339449
256273.411807,2760866.126422,0.0616400660429279,0.29957805907173,0.125665015593469,0.00348559897266557,0.0267840763162722,0.482847184002935
256773.411807,2760866.126422,0.047985347985348,0.352930402930403,0.00586080586080586,0.00494505494505494,0.0402930402930403,0.547985347985348
257273.411807,2760866.126422,0.0612844036697248,0.224954128440367,0.00128440366972477,0.00642201834862385,0.0726605504587156,0.633394495412844
257773.411807,2760866.126422,0.0730141258484682,0.263070996147496,0.180333883691066,0.00440286186020914,0.0229315721885892,0.456246560264172
258273.411807,2760866.126422,0.0703296703296703,0.291208791208791,0,0.0287545787545788,0.126923076923077,0.482783882783883
258773.411807,2760866.126422,0.159816513761468,0.178715596330275,0.00532110091743119,0.0889908256880734,0.190825688073395,0.376330275229358
259273.411807,2760866.126422,0.0581544670702623,0.252063841496973,0.0876903320491653,0.0396257567418822,0.0761328196661163,0.486332782975601
259773.411807,2760866.126422,0.110805860805861,0.195604395604396,0.00164835164835165,0.00934065934065934,0.0558608058608059,0.626739926739927
260273.411807,2760866.126422,0.0844036697247706,0.16348623853211,0.131743119266055,0.00293577981651376,0.0280733944954128,0.589357798165138
260773.411807,2760866.126422,0.0882406897816914,0.290772335351312,0.146395156851954,0.00476976701522656,0.0570537516052101,0.412768299394607
261273.411807,2760866.126422,0.141391941391941,0.086996336996337,0.106959706959707,0.154395604395604,0.122527472527473,0.387728937728938
261773.411807,2760866.126422,0.0629357798165138,0.143119266055046,0.145871559633028,0.0321100917431193,0.0827522935779817,0.533211009174312
262273.411807,2760866.126422,0.252981104384517,0.110071546505228,0,0.0741148413135205,0.11263988259035,0.450192625206384
250273.411807,2760366.126422,0.102197802197802,0.172893772893773,0,0.0322344322344322,0.0463369963369963,0.646336996336996
250773.411807,2760366.126422,0.0306197286395306,0.225155848918225,0.367070040337367,0.0300696736340301,0.0452878621195453,0.301796846351302
251273.411807,2760366.126422,0.0424908424908425,0.217765567765568,0.172710622710623,0.0324175824175824,0.0487179487179487,0.485897435897436
251773.411807,2760366.126422,0.0536630036630037,0.308974358974359,0,0.0305860805860806,0.141208791208791,0.465567765567766
252273.411807,2760366.126422,0.0517051705170517,0.369086908690869,0,0.0137513751375138,0.0601393472680601,0.505317198386505
252773.411807,2760366.126422,0.0923076923076923,0.255860805860806,0.0142857142857143,0.086996336996337,0.127472527472527,0.423076923076923
253273.411807,2760366.126422,0.0619047619047619,0.345787545787546,0.00274725274725275,0.067032967032967,0.125091575091575,0.397435897435897
253773.411807,2760366.126422,0.050971763843051,0.463146314631463,0.0786578657865787,0.00715071507150715,0.0485881921525486,0.351485148514851
254273.411807,2760366.126422,0.0575091575091575,0.289010989010989,0.194322344322344,0.0164835164835165,0.0582417582417582,0.384432234432234
254773.411807,2760366.126422,0.0311355311355311,0.376190476190476,0.0419413919413919,0.0214285714285714,0.034981684981685,0.494322344322344
255273.411807,2760366.126422,0.0341034103410341,0.236890355702237,0.251008434176751,0.0044004400440044,0.0267693436010268,0.446828016134947
255773.411807,2760366.126422,0.0406593406593407,0.289010989010989,0,0.00659340659340659,0.0432234432234432,0.620512820512821
256273.411807,2760366.126422,0.0421245421245421,0.146886446886447,0.136446886446886,0.00457875457875458,0.0478021978021978,0.622161172161172
256773.411807,2760366.126422,0.0581224789145581,0.23982398239824,0,0.0022002200220022,0.0278694536120279,0.671983865053172
257273.411807,2760366.126422,0.0558608058608059,0.257142857142857,0.171428571428571,0.0293040293040293,0.0838827838827839,0.402380952380952
257773.411807,2760366.126422,0.0534798534798535,0.293040293040293,0.110989010989011,0.0265567765567766,0.0772893772893773,0.438644688644689
258273.411807,2760366.126422,0.0454712137880455,0.42024202420242,0,0.0106343967730106,0.0557389072240557,0.467913458012468
258773.411807,2760366.126422,0.0545787545787546,0.135531135531136,0.438827838827839,0.0412087912087912,0.0897435897435897,0.24010989010989
259273.411807,2760366.126422,0.0351648351648352,0.153296703296703,0.0142857142857143,0.0250915750915751,0.0553113553113553,0.716849816849817
259773.411807,2760366.126422,0.061972863953062,0.288228822882288,0,0.00531719838650532,0.0295196186285295,0.614961496149615
260273.411807,2760366.126422,0.113919413919414,0.124175824175824,0.000183150183150183,0.0155677655677656,0.0534798534798535,0.692673992673993
260773.411807,2760366.126422,0.0468864468864469,0.236446886446886,0,0.00311355311355311,0.0234432234432234,0.69010989010989
261273.411807,2760366.126422,0.081041437477081,0.234690135680235,0.137697103043638,0.0474880821415475,0.0786578657865787,0.42042537587092
261773.411807,2760366.126422,0.0787545787545788,0.456043956043956,0,0.141575091575092,0.0842490842490843,0.239377289377289
262273.411807,2760366.126422,0.0873626373626374,0.219230769230769,0.00146520146520147,0.112271062271062,0.0705128205128205,0.509157509157509
250273.411807,2759866.126422,0.0460297084173849,0.335778470566661,0,0.0526315789473684,0.0922428021272694,0.473317439941317
250773.411807,2759866.126422,0.105919003115265,0.144951438519333,0,0.0351841671247938,0.0696353307678211,0.644310060472787
251273.411807,2759866.126422,0.117636263534593,0.362084786199303,0,0.000734079647641769,0.00458799779776106,0.514956872820701
251773.411807,2759866.126422,0.0372272143774069,0.42783788740143,0,0.010819732257473,0.0759215110948102,0.44819365486888
252273.411807,2759866.126422,0.0674363203225215,0.340480117280557,0.00256551218618288,0.00678028220634048,0.0608392889866227,0.521898479017775
252773.411807,2759866.126422,0.0469810974490732,0.25729491649844,0.20334006239677,0.00623967700495504,0.0396403009726555,0.446503945678106
253273.411807,2759866.126422,0.0511644966073721,0.318907023656703,0,0.0139372822299652,0.0573995965523565,0.558591600953603
253773.411807,2759866.126422,0.0513102437236577,0.255818215136522,0.00989554700384827,0.00861279091075683,0.0459959684808503,0.628367234744365
254273.411807,2759866.126422,0.0541383740135805,0.369058542851899,0.0291796659937603,0.0321159845843274,0.098733712607818,0.416773719948614
254773.411807,2759866.126422,0.0471300201723822,0.252338162479369,0,0.00916926462497708,0.0610673024023473,0.630295250320924
255273.411807,2759866.126422,0.0628550485614807,0.262598497342862,0,0.00348176653839106,0.0350009162543522,0.636063771302914
255773.411807,2759866.126422,0.0310148651128647,0.236190126628739,0,0.00275279867865663,0.0244081482840888,0.705634061295651
256273.411807,2759866.126422,0.0805061434072987,0.115349348982212,0,0.00623509994498441,0.0319090408949202,0.766000366770585
256773.411807,2759866.126422,0.0905259299981675,0.254718709913872,0,0.00641378046545721,0.0498442367601246,0.598497342862379
257273.411807,2759866.126422,0.144797210497339,0.15764360433107,0.00679023674068636,0.0047715177096715,0.0422095797394017,0.643787850981832
257773.411807,2759866.126422,0.108930863744728,0.331377223546672,0.0141206675224647,0.0115532734274711,0.0680359435173299,0.465982028241335
258273.411807,2759866.126422,0.0800806303829943,0.339197361187466,0.000916254352208173,0.00696353307678211,0.0485614806670332,0.524280740333517
258773.411807,2759866.126422,0.0682694072306845,0.256010277115067,0.00165167920719398,0.0247751881079097,0.089190677188475,0.56010277115067
259273.411807,2759866.126422,0.0634513112048414,0.190537318907024,0.0267742527049331,0.0185219145424537,0.0612506876948469,0.639464514945901
259773.411807,2759866.126422,0.110866776617189,0.184167124793843,0.0830126443100605,0.00733003481766538,0.0263881253435954,0.588235294117647
260273.411807,2759866.126422,0.0776289227381171,0.390897412369242,0.0405579005322077,0.0328500642319692,0.0311983850247752,0.426867315103689
260773.411807,2759866.126422,0.119017054832202,0.221346048046947,0.00678525582248304,0.030808729139923,0.0625343847423437,0.559508527416101
261273.411807,2759866.126422,0.0820963899578523,0.196628183983874,0.000183250870441635,0.0439802089059923,0.062671797691039,0.614440168590801
261773.411807,2759866.126422,0.057258212516058,0.596439713708937,0,0.00293631859056708,0.0321159845843274,0.31124977060011
262273.411807,2759866.126422,0.0471300201723822,0.528333027691179,0.0258573262424354,0.00935264991747662,0.0337428938199156,0.355584082156611
250273.411807,2759366.126422,0.183085672353697,0.168776371308017,0.00220143093010457,0.0403595670519171,0.0596220876903321,0.545954870665933
250773.411807,2759366.126422,0.114835164835165,0.121062271062271,0,0.0950549450549451,0.0738095238095238,0.595238095238095
251273.411807,2759366.126422,0.0407339449541284,0.285137614678899,0,0.0108256880733945,0.0563302752293578,0.60697247706422
251773.411807,2759366.126422,0.0596220876903321,0.417354613832324,0.00220143093010457,0.0078884608328747,0.0381581361218125,0.474775270592552
252273.411807,2759366.126422,0.0261904761904762,0.31978021978022,0.000915750915750916,0.00915750915750916,0.0798534798534798,0.564102564102564
252773.411807,2759366.126422,0.0502752293577982,0.23651376146789,0.000917431192660551,0.00256880733944954,0.0434862385321101,0.666238532110092
253273.411807,2759366.126422,0.0299027701339204,0.231333700238488,0,0.0163272793982755,0.0471473124197395,0.675288937809576
253773.411807,2759366.126422,0.0357142857142857,0.482600732600733,0,0.00677655677655678,0.0243589743589744,0.450549450549451
254273.411807,2759366.126422,0.0295412844036697,0.327339449541284,0.00036697247706422,0.00770642201834862,0.0480733944954128,0.58697247706422
254773.411807,2759366.126422,0.106219042377545,0.293707576591451,0,0.00532012474775271,0.0475142175747569,0.547239038708494
255273.411807,2759366.126422,0.0212454212454212,0.397802197802198,0.00476190476190476,0.000549450549450549,0.00879120879120879,0.566849816849817
255773.411807,2759366.126422,0.043302752293578,0.333394495412844,0.0655045871559633,0.00128440366972477,0.0124770642201835,0.544036697247706
256273.411807,2759366.126422,0.116675839295542,0.328930471473124,0.0221977618785544,0.00843881856540084,0.0392588515868648,0.484498257200514
256773.411807,2759366.126422,0.136263736263736,0.0787545787545788,0.0816849816849817,0.188095238095238,0.0906593406593407,0.424542124542125
257273.411807,2759366.126422,0.238348623853211,0.038348623853211,0.00018348623853211,0.198165137614679,0.223669724770642,0.301284403669725
257773.411807,2759366.126422,0.290588882773803,0.0398092093193909,0.000550357732526142,0.115208218675472,0.114841313520455,0.439002017978353
258273.411807,2759366.126422,0.115567765567766,0.335714285714286,0,0.00402930402930403,0.0450549450549451,0.4996336996337
258773.411807,2759366.126422,0.0537614678899083,0.234128440366972,0.166605504587156,0.0300917431192661,0.115229357798165,0.400183486238532
259273.411807,2759366.126422,0.080168776371308,0.190607228031554,0.0251330031186938,0.0066042927903137,0.0532012474775271,0.644285452210604
259773.411807,2759366.126422,0.108241758241758,0.46978021978022,0.015018315018315,0.017032967032967,0.0360805860805861,0.353846153846154
260273.411807,2759366.126422,0.081651376146789,0.352844036697248,0.212477064220183,0.00330275229357798,0.0302752293577982,0.319449541284404
260773.411807,2759366.126422,0.0752155567785727,0.419739497339938,0.0871399743166392,0.00568702990277013,0.0313703907539901,0.38084755090809
