"x","y","forest","agri","water","built","other","grass"
263273.411807,2530366.126422,0.966767371601209,0.000755287009063444,0,0,0,0.0324773413897281
263773.411807,2530366.126422,0.792600050339794,0.00855776491316386,0,0,0,0.198842184747043
264273.411807,2530366.126422,0.830150753768844,0.0042713567839196,0,0,0,0.165577889447236
264773.411807,2530366.126422,0.700402819738167,0.00151057401812689,0,0,0,0.298086606243706
265273.411807,2530366.126422,0.0677070224012082,0.445507173420589,0,0.220991693934055,0.0405235338535112,0.225270576390637
265773.411807,2530366.126422,0.307035175879397,0.166331658291457,0.0630653266331658,0.317085427135678,0.00728643216080402,0.139195979899497
266273.411807,2530366.126422,0.647280966767372,0.0518630412890232,0,0,0.00302114803625378,0.297834843907351
266773.411807,2530366.126422,0.749307827837906,0.121570601560534,0,0,0,0.129121570601561
267273.411807,2530366.126422,0.713065326633166,0.223115577889447,0,0,0,0.0638190954773869
267773.411807,2530366.126422,0.962487411883182,0.0375125881168177,0,0,0,0
268273.411807,2530366.126422,0.925497105461868,0.0113264535615404,0,0,0,0.063176440976592
268773.411807,2530366.126422,0.834422110552764,0.0178391959798995,0,0,0,0.147738693467337
269273.411807,2530366.126422,0.758308157099698,0.00377643504531722,0,0.000251762336354481,0.00704934541792548,0.230614300100705
269773.411807,2530366.126422,0.818776743015354,0.000251698968034231,0,0,0.000503397936068462,0.180468160080544
270273.411807,2530366.126422,0.526884422110553,0.0042713567839196,0,0.000251256281407035,0.00376884422110553,0.464824120603015
270773.411807,2530366.126422,0.42245720040282,0.00151057401812689,0,0.000755287009063444,0.00579053373615307,0.569486404833837
271273.411807,2530366.126422,0.360684621193053,0.0704757110495847,0,0.003272086584445,0.0156053360181223,0.549962245154795
271773.411807,2530366.126422,0.22964824120603,0.00100502512562814,0,0.00175879396984925,0.00778894472361809,0.759798994974874
272273.411807,2530366.126422,0.242447129909366,0.00151057401812689,0,0.00503524672708963,0.0183786505538771,0.732628398791541
272773.411807,2530366.126422,0.198842184747043,0.00805436697709539,0,0.0188774226025673,0.0483262018625724,0.725899823810722
273273.411807,2530366.126422,0.16608040201005,0.0374371859296482,0,0.394221105527638,0.178140703517588,0.224120603015075
273773.411807,2530366.126422,0.154078549848943,0.0138469284994965,0.000251762336354481,0.0269385699899295,0.0347432024169184,0.770140986908359
274273.411807,2530366.126422,0.0382582431412031,0.0324691668764158,0.374024666498867,0.267052605084319,0.0206393153788069,0.267556003020388
263273.411807,2529866.126422,0.87394495412844,0,0,0,0,0.12605504587156
263773.411807,2529866.126422,0.793248945147679,0,0,0,0,0.206751054852321
264273.411807,2529866.126422,0.595604395604396,0.00128205128205128,0,0.000183150183150183,0.00421245421245421,0.398717948717949
264773.411807,2529866.126422,0.328623853211009,0.0434862385321101,0,0.00293577981651376,0.0119266055045872,0.61302752293578
265273.411807,2529866.126422,0.00183452577508714,0.495688864428545,0,0.414235920014676,0.0220143093010457,0.0662263804806457
265773.411807,2529866.126422,0.513369963369963,0.0298534798534799,0.0716117216117216,0.263919413919414,0.00989010989010989,0.111355311355311
266273.411807,2529866.126422,0.848440366972477,0.0251376146788991,0,0,0,0.126422018348624
266773.411807,2529866.126422,0.778939644102,0.204916529077234,0,0,0,0.0161438268207668
267273.411807,2529866.126422,0.914285714285714,0.0512820512820513,0,0,0,0.0344322344322344
267773.411807,2529866.126422,0.907155963302752,0.0737614678899083,0,0,0,0.0190825688073394
268273.411807,2529866.126422,0.878004035956705,0.00220143093010457,0,0,0,0.11979453311319
268773.411807,2529866.126422,0.571611721611722,0.0263736263736264,0,0,0,0.402014652014652
269273.411807,2529866.126422,0.658899082568807,0.0018348623853211,0,0.00605504587155963,0.0176146788990826,0.315596330275229
269773.411807,2529866.126422,0.664465235736562,0.0137589433131535,0,0.00146762062006971,0.011557512383049,0.308750687947166
270273.411807,2529866.126422,0.405128205128205,0.0173992673992674,0,0.00604395604395604,0.0261904761904762,0.545238095238095
270773.411807,2529866.126422,0.479449541284404,0.0211009174311927,0,0.00165137614678899,0.00110091743119266,0.496697247706422
271273.411807,2529866.126422,0.255549440469639,0.072463768115942,0.000183452577508714,0.0144927536231884,0.021830856723537,0.635479728490185
271773.411807,2529866.126422,0.274542124542125,0.0388278388278388,0,0.0133699633699634,0.0258241758241758,0.647435897435897
272273.411807,2529866.126422,0.343853211009174,0.0152293577981651,0,0.00495412844036697,0.021651376146789,0.614311926605505
272773.411807,2529866.126422,0.129334067143643,0.0385250412768299,0.00293524124013942,0.0493487433498441,0.0583379196477711,0.721518987341772
273273.411807,2529866.126422,0.103113553113553,0.0646520146520147,0.0637362637362637,0.078021978021978,0.0494505494505494,0.641025641025641
273773.411807,2529866.126422,0.189908256880734,0.00807339449541284,0,0.0102752293577982,0.0174311926605505,0.774311926605505
263273.411807,2529366.126422,0.833516483516484,0.000183150183150183,0,0,0,0.166300366300366
263773.411807,2529366.126422,0.61025641025641,0.0232600732600733,0,0,0.00183150183150183,0.364652014652015
264273.411807,2529366.126422,0.239273927392739,0.0152181884855152,0,0.00128346167950128,0.0128346167950128,0.731389805647231
264773.411807,2529366.126422,0.178205128205128,0.522344322344322,0,0.00293040293040293,0.0100732600732601,0.286446886446886
265273.411807,2529366.126422,0.106959706959707,0.282234432234432,0.0470695970695971,0.48021978021978,0.019047619047619,0.0644688644688645
265773.411807,2529366.126422,0.353685368536854,0.0826916024935827,0.0044004400440044,0.000733406674000733,0.00568390172350568,0.552805280528053
266273.411807,2529366.126422,0.678754578754579,0.0243589743589744,0,0.000366300366300366,0.00512820512820513,0.291391941391941
266773.411807,2529366.126422,0.877106227106227,0.0474358974358974,0,0,0.000915750915750916,0.0745421245421245
267273.411807,2529366.126422,0.92005867253392,0.0132013201320132,0,0,0,0.0667400073340667
267773.411807,2529366.126422,0.897802197802198,0,0,0,0,0.102197802197802
268273.411807,2529366.126422,0.827106227106227,0,0,0.000549450549450549,0.0010989010989011,0.171245421245421
268773.411807,2529366.126422,0.612394572790612,0.00531719838650532,0.0251191785845251,0.000733406674000733,0.00696736340300697,0.349468280161349
269273.411807,2529366.126422,0.595604395604396,0.000732600732600733,0,0.000183150183150183,0.00146520146520147,0.402014652014652
269773.411807,2529366.126422,0.546520146520146,0,0,0,0.00183150183150183,0.451648351648352
270273.411807,2529366.126422,0.643197653098643,0,0,0.000366703337000367,0.00256692335900257,0.353868720205354
270773.411807,2529366.126422,0.563186813186813,0.00402930402930403,0,0.00164835164835165,0.00641025641025641,0.424725274725275
271273.411807,2529366.126422,0.305128205128205,0.0201465201465201,0.217948717948718,0.0558608058608059,0.0265567765567766,0.374358974358974
271773.411807,2529366.126422,0.211404473780711,0.0669233590025669,0.204987165383205,0.0869086908690869,0.0421708837550422,0.387605427209388
273773.411807,2529366.126422,0.0113553113553114,0.00604395604395604,0.530769230769231,0.108241758241758,0.0159340659340659,0.327655677655678
263273.411807,2528866.126422,0.76748027160947,0,0,0,0.000367039823820885,0.232152688566709
263773.411807,2528866.126422,0.193471483587016,0.148725472217128,0,0.0110031175499725,0.114432422519714,0.532367504126169
264273.411807,2528866.126422,0.112699285321605,0.534542789078248,0.009529045262965,0.0357339197361187,0.0461792193512919,0.261315741249771
264773.411807,2528866.126422,0.00293631859056708,0.34024591668196,0.0282620664342081,0.600844191594788,0.00550559735731327,0.0222059093411635
265273.411807,2528866.126422,0.518613607188703,0.238584265541904,0,0.134788189987163,0.0447460113698881,0.0632679259123418
265773.411807,2528866.126422,0.640828293934396,0.0443467106468756,0,0.00109950522264981,0.00439802089059923,0.309327469305479
266273.411807,2528866.126422,0.804551293815379,0.0170673518076711,0,0.000183519911910442,0.000917599559552211,0.177280234905487
266773.411807,2528866.126422,0.929763432972676,0,0,0,0,0.0702365670273244
267273.411807,2528866.126422,0.930731170973062,0,0,0,0,0.0692688290269379
267773.411807,2528866.126422,0.876858139108093,0.000183519911910442,0,0,0,0.122958340979996
268273.411807,2528866.126422,0.828351366220429,0.000550155877498625,0,0,0,0.171098477902072
268773.411807,2528866.126422,0.760491112332784,0.000183250870441635,0,0.00128275609309144,0.00366501740883269,0.234377863294851
269273.411807,2528866.126422,0.398788768581391,0.0012846393833731,0,0.000917599559552211,0.00256927876674619,0.596439713708937
269773.411807,2528866.126422,0.577847056666055,0.000183385292499542,0,0,0,0.421969558041445
270273.411807,2528866.126422,0.73428623785963,0.000733003481766538,0.000916254352208173,0,0.00183250870441635,0.262231995601979
270773.411807,2528866.126422,0.285006423196917,0.047715177096715,0.311433290512021,0.143512571113966,0.0486327766562672,0.163699761424115
263273.411807,2528366.126422,0.571743119266055,0.0948623853211009,0,0.00605504587155963,0.0794495412844037,0.247889908256881
263773.411807,2528366.126422,0.105301779490002,0.309301045679692,0,0.0284351495138507,0.0519170794349661,0.50504494588149
264273.411807,2528366.126422,0.00384615384615385,0.214285714285714,0,0.637362637362637,0.0206959706959707,0.123809523809524
264773.411807,2528366.126422,0.0256880733944954,0.115963302752294,0,0.757981651376147,0.0754128440366972,0.024954128440367
265273.411807,2528366.126422,0.508713997431664,0.015410016510732,0,0.0284351495138507,0.0161438268207668,0.431297009722987
265773.411807,2528366.126422,0.907692307692308,0.00567765567765568,0,0,0,0.0866300366300366
266273.411807,2528366.126422,0.783853211009174,0.0535779816513761,0,0,0,0.16256880733945
266773.411807,2528366.126422,0.870299027701339,0.00495321959273528,0,0,0,0.124747752705926
267273.411807,2528366.126422,0.920695970695971,0,0,0,0,0.0793040293040293
267773.411807,2528366.126422,0.855229357798165,0,0,0,0,0.144770642201835
268273.411807,2528366.126422,0.786094294624839,0,0,0,0.000183452577508714,0.213722252797652
268773.411807,2528366.126422,0.505860805860806,0.00128205128205128,0,0.00256410256410256,0.00695970695970696,0.483333333333333
269273.411807,2528366.126422,0.809174311926605,0,0,0,0,0.190825688073395
269773.411807,2528366.126422,0.506512566501559,0.00146762062006971,0,0.00220143093010457,0.00880572372041827,0.481012658227848
270273.411807,2528366.126422,0.247252747252747,0.0776556776556777,0.280586080586081,0.0716117216117216,0.0532967032967033,0.26959706959707
263273.411807,2527866.126422,0.771611721611722,0.0236263736263736,0.00476190476190476,0.0115384615384615,0.0203296703296703,0.168131868131868
263773.411807,2527866.126422,0.0934065934065934,0.324175824175824,0.000732600732600733,0.328388278388278,0.0924908424908425,0.160805860805861
264273.411807,2527866.126422,0,0.0264026402640264,0.0506050605060506,0.861936193619362,0.0566556655665567,0.0044004400440044
264773.411807,2527866.126422,0.292307692307692,0.153846153846154,0.0294871794871795,0.142857142857143,0.0805860805860806,0.300915750915751
265273.411807,2527866.126422,0.418315018315018,0.0582417582417582,0,0.00164835164835165,0.00879120879120879,0.513003663003663
265773.411807,2527866.126422,0.66996699669967,0.0804913824715805,0,0,0.00146681334800147,0.248074807480748
266273.411807,2527866.126422,0.848534798534799,0.125641025641026,0,0,0,0.0258241758241758
266773.411807,2527866.126422,0.888644688644689,0.0142857142857143,0,0,0,0.0970695970695971
267273.411807,2527866.126422,0.825449211587825,0.0126512651265127,0,0,0,0.161899523285662
267773.411807,2527866.126422,0.884249084249084,0.000183150183150183,0,0,0.000183150183150183,0.115384615384615
268273.411807,2527866.126422,0.784615384615385,0.000183150183150183,0,0,0.000732600732600733,0.214468864468864
268773.411807,2527866.126422,0.452695269526953,0.0011001100110011,0,0.00183351668500183,0.0055005500550055,0.538870553722039
269273.411807,2527866.126422,0.458608058608059,0.00476190476190476,0,0.00402930402930403,0.0315018315018315,0.501098901098901
269773.411807,2527866.126422,0.147069597069597,0.0252747252747253,0.454578754578755,0.108058608058608,0.0545787545787546,0.21043956043956
263273.411807,2527366.126422,0.475683611671866,0.15782712424298,0.0108276748027161,0.174527436226831,0.111213066617728,0.0699210864378785
263773.411807,2527366.126422,0,0.0185219145424537,0,0.655785805978361,0.185035760132037,0.140656519347148
264273.411807,2527366.126422,0.083745647791827,0.0404984423676012,0.026571376214037,0.693421293751145,0.0848451530144768,0.0709180868609126
264773.411807,2527366.126422,0.437878509818315,0.0165167920719398,0,0.000734079647641769,0.0108276748027161,0.534042943659387
265273.411807,2527366.126422,0.524665321841188,0.00696864111498258,0,0.0143040528149642,0.0427287731523932,0.411333211076472
265773.411807,2527366.126422,0.705882352941177,0.138720908924317,0,0,0,0.155396738134506
266273.411807,2527366.126422,0.741971003853918,0.193797026977427,0,0,0,0.0642319691686548
266773.411807,2527366.126422,0.866312121767834,0,0,0,0,0.133687878232166
267273.411807,2527366.126422,0.827744181784864,0,0,0,0,0.172255818215137
267773.411807,2527366.126422,0.80510185355111,0,0,0,0,0.19489814644889
268273.411807,2527366.126422,0.652301485420869,0.000183385292499542,0,0,0.00256739409499358,0.344947735191638
268773.411807,2527366.126422,0.678761224115815,0.00109950522264981,0,0,0.00238226131574125,0.317757009345794
269273.411807,2527366.126422,0.372728941090108,0.0240411084602679,0.0765278032666544,0.0899247568361167,0.0374380620297302,0.399339328317122
263273.411807,2526866.126422,0.140550458715596,0.0190825688073394,0.0322935779816514,0.571376146788991,0.0627522935779816,0.17394495412844
263773.411807,2526866.126422,0.0322876536415337,0.0374243258117777,0.00146762062006971,0.574023115024766,0.107686662997615,0.247110621904238
264273.411807,2526866.126422,0.285714285714286,0.0518315018315018,0.0516483516483516,0.251465201465201,0.0791208791208791,0.28021978021978
264773.411807,2526866.126422,0.521651376146789,0.00513761467889908,0,0.00844036697247706,0.0264220183486239,0.438348623853211
265273.411807,2526866.126422,0.616951018161805,0.000733810310034856,0,0,0.00091726288754357,0.381397908640616
265773.411807,2526866.126422,0.422527472527473,0.0529304029304029,0,0.000366300366300366,0.00549450549450549,0.518681318681319
266273.411807,2526866.126422,0.667706422018349,0.0256880733944954,0,0,0.0111926605504587,0.295412844036697
266773.411807,2526866.126422,0.833608512199596,0,0,0,0,0.166391487800404
267273.411807,2526866.126422,0.804395604395604,0,0,0,0,0.195604395604396
267773.411807,2526866.126422,0.696330275229358,0.0176146788990826,0,0,0.0172477064220183,0.268807339449541
268273.411807,2526866.126422,0.473124197394973,0,0,0,0,0.526875802605027
268773.411807,2526866.126422,0.394139194139194,0.00164835164835165,0,0.000366300366300366,0.000915750915750916,0.602930402930403
269273.411807,2526866.126422,0.404036697247706,0.0508256880733945,0.00587155963302752,0.109908256880734,0.0524770642201835,0.376880733944954
263273.411807,2526366.126422,0.00421245421245421,0.00164835164835165,0.0743589743589744,0.592673992673993,0.0245421245421245,0.302564102564103
263773.411807,2526366.126422,0.0203296703296703,0.010989010989011,0.0842490842490843,0.688827838827839,0.0646520146520147,0.130952380952381
264273.411807,2526366.126422,0.475980931426476,0.013017968463513,0,0.00586725339200587,0.0273193986065273,0.477814448111478
264773.411807,2526366.126422,0.726007326007326,0.00164835164835165,0,0,0.000366300366300366,0.271978021978022
265273.411807,2526366.126422,0.657875457875458,0.0021978021978022,0,0.000366300366300366,0.00989010989010989,0.32967032967033
265773.411807,2526366.126422,0.743491015768244,0.0033003300330033,0,0,0.0117345067840117,0.241474147414741
266273.411807,2526366.126422,0.658424908424908,0.00201465201465201,0,0,0.0010989010989011,0.338461538461538
266773.411807,2526366.126422,0.733150183150183,0.00476190476190476,0,0,0,0.262087912087912
267273.411807,2526366.126422,0.70993766043271,0,0,0,0,0.29006233956729
267773.411807,2526366.126422,0.694139194139194,0.00586080586080586,0,0.000915750915750916,0.00476190476190476,0.294322344322344
268273.411807,2526366.126422,0.379487179487179,0.000915750915750916,0,0,0.00274725274725275,0.616849816849817
268773.411807,2526366.126422,0.755592225889256,0,0,0,0,0.244407774110744
269273.411807,2526366.126422,0.182967032967033,0.102930402930403,0.276923076923077,0.154029304029304,0.0701465201465201,0.213003663003663
263273.411807,2525866.126422,0.00385391815011929,0.0310148651128647,0.0979996329601762,0.754817397687649,0.0765278032666544,0.0357863828225362
263773.411807,2525866.126422,0.16798092792958,0.0850907757197873,0.0748211993398129,0.191637630662021,0.0550155877498625,0.425453878598936
264273.411807,2525866.126422,0.573575224482316,0.0384826827927433,0,0,0.00751328568810702,0.380428807036833
264773.411807,2525866.126422,0.782345384474215,0.000183519911910442,0,0.000367039823820885,0.00256927876674619,0.214534777023307
265273.411807,2525866.126422,0.727306070053182,0.00128369704749679,0,0,0.00165046763249587,0.269759765266826
265773.411807,2525866.126422,0.511086677661719,0.0886934212937511,0,0.000183250870441635,0.00384826827927433,0.396188381894814
266273.411807,2525866.126422,0.694439346669114,0.00715727656450725,0,0.00403743806202973,0.00513855753349238,0.289227381170857
266773.411807,2525866.126422,0.738125802310655,0.00128369704749679,0,0,0,0.260590500641849
267273.411807,2525866.126422,0.772585669781931,0.000366501740883269,0,0,0,0.227047828477185
267773.411807,2525866.126422,0.695540466140576,0.000917599559552211,0,0.000734079647641769,0.00311983850247752,0.299688016149752
268273.411807,2525866.126422,0.554006968641115,0.00110031175499725,0,0.00110031175499725,0.00165046763249587,0.442141940216395
268773.411807,2525866.126422,0.610408649441085,0.000549752611324904,0,0.000366501740883269,0.00604727872457394,0.382627817482133
263273.411807,2525366.126422,0.0370642201834862,0.00477064220183486,0.16348623853211,0.76697247706422,0.00917431192660551,0.0185321100917431
263773.411807,2525366.126422,0.14694551458448,0.0225646670335718,0,0.0078884608328747,0.0260502660062374,0.796551091542836
264273.411807,2525366.126422,0.54029304029304,0.00659340659340659,0,0.000549450549450549,0.00604395604395604,0.446520146520147
264773.411807,2525366.126422,0.76605504587156,0,0,0,0.00036697247706422,0.233577981651376
265273.411807,2525366.126422,0.53494771601541,0.01284168042561,0,0.000366905155017428,0.0399926618968997,0.411851036507063
265773.411807,2525366.126422,0.521428571428571,0.00421245421245421,0,0,0.00695970695970696,0.467399267399267
266273.411807,2525366.126422,0.737981651376147,0.0344954128440367,0,0,0.00110091743119266,0.226422018348624
266773.411807,2525366.126422,0.685378829572555,0.00110071546505228,0,0.00165107319757843,0.00366905155017428,0.308200330214639
267273.411807,2525366.126422,0.70952380952381,0.00201465201465201,0,0,0,0.288461538461538
267773.411807,2525366.126422,0.74256880733945,0,0,0,0,0.25743119266055
268273.411807,2525366.126422,0.666299761511649,0.00476976701522656,0,0.00311869381764814,0.015410016510732,0.310401761144744
268773.411807,2525366.126422,0.356593406593407,0.0362637362637363,0,0,0.00677655677655678,0.6003663003663
269273.411807,2525366.126422,0.0596330275229358,0.0484403669724771,0.486605504587156,0.17651376146789,0.0357798165137615,0.19302752293578
263273.411807,2524866.126422,0.146153846153846,0.0104395604395604,0.0833333333333333,0.483150183150183,0.0298534798534799,0.247069597069597
263773.411807,2524866.126422,0.106043956043956,0.0597069597069597,0,0.0584249084249084,0.0976190476190476,0.678205128205128
264273.411807,2524866.126422,0.308030803080308,0.0608727539420609,0,0.00055005500550055,0.011001100110011,0.61954528786212
264773.411807,2524866.126422,0.860989010989011,0.00421245421245421,0,0,0,0.134798534798535
265273.411807,2524866.126422,0.615750915750916,0.00586080586080586,0,0.015018315018315,0.045970695970696,0.317399267399267
265773.411807,2524866.126422,0.793546021268794,0.0265859919325266,0,0.000366703337000367,0.00751741840850752,0.171983865053172
266273.411807,2524866.126422,0.838278388278388,0.0043956043956044,0,0,0,0.157326007326007
266773.411807,2524866.126422,0.813369963369963,0,0,0,0,0.186630036630037
267273.411807,2524866.126422,0.736890355702237,0.000916758342500917,0,0,0.00183351668500183,0.26035936927026
267773.411807,2524866.126422,0.469230769230769,0.0124542124542125,0,0.000915750915750916,0.00714285714285714,0.51025641025641
268273.411807,2524866.126422,0.54981684981685,0.0386446886446886,0,0.000732600732600733,0.00769230769230769,0.403113553113553
268773.411807,2524866.126422,0.27026035936927,0.00238357169050238,0,0,0.00898423175650898,0.718371837183718
269273.411807,2524866.126422,0.281868131868132,0.0122710622710623,0,0.00787545787545788,0.0272893772893773,0.670695970695971
263273.411807,2524366.126422,0.0449623784180584,0.0396403009726555,0.184437511469994,0.639383373095981,0.0143145531290145,0.0772618829142962
263773.411807,2524366.126422,0.163212910324592,0.150926095727123,0,0.00861910874747845,0.0324591967724189,0.644782688428388
264273.411807,2524366.126422,0.394722374931281,0.0126443100604728,0.000183250870441635,0.00586402785413231,0.0218068535825545,0.564779182701118
264773.411807,2524366.126422,0.460084419159479,0.0466140576252523,0.0124793540099101,0.162965681776473,0.11213066617728,0.205725821251606
265273.411807,2524366.126422,0.482303319273794,0.00916926462497708,0,0.00513478818998716,0.01998899688245,0.483403631028791
265773.411807,2524366.126422,0.695620304196445,0.000183250870441635,0,0.000549752611324904,0.00366501740883269,0.299981674912956
266273.411807,2524366.126422,0.628372178381354,0.000183519911910442,0,0,0.000734079647641769,0.370710222059093
266773.411807,2524366.126422,0.779754263708051,0,0,0,0.000733541169998166,0.219512195121951
267273.411807,2524366.126422,0.841854498808869,0,0,0,0,0.158145501191131
267773.411807,2524366.126422,0.829510001835199,0,0,0,0,0.170489998164801
268273.411807,2524366.126422,0.781221346048047,0,0,0,0,0.218778653951953
268773.411807,2524366.126422,0.424775517683709,0.0223566061938794,0,0.000183250870441635,0.00513102437236577,0.547553600879604
269273.411807,2524366.126422,0.222242613323546,0.0374380620297302,0,0.0453294182418792,0.057258212516058,0.637731693888787
269773.411807,2524366.126422,0.0458463231248854,0.131303869429672,0.454795525398863,0.0874747845222813,0.0188886851274528,0.261690812396846
263273.411807,2523866.126422,0.0326605504587156,0.00899082568807339,0.124220183486239,0.67394495412844,0.0719266055045872,0.088256880733945
263773.411807,2523866.126422,0.0986974866996881,0.0508163639699138,0.0117409649605577,0.288387451843698,0.023115024766098,0.527242707760044
264273.411807,2523866.126422,0.416666666666667,0.0230769230769231,0.000549450549450549,0.0305860805860806,0.076007326007326,0.453113553113553
264773.411807,2523866.126422,0.213394495412844,0.0996330275229358,0.0273394495412844,0.147889908256881,0.195229357798165,0.31651376146789
265273.411807,2523866.126422,0.420473307649972,0.00421940928270042,0,0.00605393505778756,0.0165107319757843,0.552742616033755
265773.411807,2523866.126422,0.511721611721612,0.0032967032967033,0,0.0021978021978022,0.00970695970695971,0.473076923076923
266273.411807,2523866.126422,0.486605504587156,0,0,0,0,0.513394495412844
266773.411807,2523866.126422,0.799119427627958,0.000366905155017428,0,0,0.00165107319757843,0.198862594019446
267273.411807,2523866.126422,0.697802197802198,0,0,0,0,0.302197802197802
267773.411807,2523866.126422,0.790091743119266,0,0,0,0,0.209908256880734
268273.411807,2523866.126422,0.642084021280499,0,0,0,0,0.357915978719501
268773.411807,2523866.126422,0.350732600732601,0.105494505494505,0,0.00128205128205128,0.0043956043956044,0.538095238095238
269273.411807,2523866.126422,0.0822018348623853,0.271376146788991,0,0.00495412844036697,0.0154128440366972,0.62605504587156
269773.411807,2523866.126422,0.134837644468905,0.0794349660612732,0.0381581361218125,0.0678774536782242,0.0502660062373876,0.629425793432398
270273.411807,2523866.126422,0,0.0538461538461538,0.894688644688645,0.0512820512820513,0.000183150183150183,0
263273.411807,2523366.126422,0.0747252747252747,0.0152014652014652,0.137362637362637,0.606227106227106,0.0498168498168498,0.116666666666667
263773.411807,2523366.126422,0.115567765567766,0.00384615384615385,0.0602564102564103,0.765567765567766,0.0032967032967033,0.0514652014652015
264273.411807,2523366.126422,0.29042904290429,0.0390539053905391,0.0198019801980198,0.048954895489549,0.0988265493215988,0.502933626696003
264773.411807,2523366.126422,0.346336996336996,0.0133699633699634,0.000366300366300366,0.00421245421245421,0.0153846153846154,0.62032967032967
265273.411807,2523366.126422,0.363186813186813,0.0891941391941392,0,0.0104395604395604,0.010989010989011,0.526190476190476
265773.411807,2523366.126422,0.432159882654932,0.00861752841950862,0,0,0.00421708837550422,0.555005500550055
266273.411807,2523366.126422,0.793589743589744,0.000366300366300366,0,0.00128205128205128,0.00567765567765568,0.199084249084249
266773.411807,2523366.126422,0.775641025641026,0,0,0,0,0.224358974358974
267273.411807,2523366.126422,0.596809680968097,0,0,0,0,0.403190319031903
267773.411807,2523366.126422,0.757692307692308,0,0,0,0,0.242307692307692
268273.411807,2523366.126422,0.444871794871795,0,0,0,0,0.555128205128205
268773.411807,2523366.126422,0.413274660799413,0.22020535386872,0,0,0,0.366519985331867
269273.411807,2523366.126422,0.110622710622711,0.264285714285714,0.00824175824175824,0.0496336996336996,0.101831501831502,0.465384615384615
269773.411807,2523366.126422,0.280769230769231,0.0538461538461538,0,0.000732600732600733,0.0195970695970696,0.645054945054945
263273.411807,2522866.126422,0.264268673151037,0.0893741971003854,0.0225729491649844,0.0497338961277299,0.152138006973757,0.421912277482107
263773.411807,2522866.126422,0.0744544287548139,0.154043645699615,0.102328993214744,0.401797175866495,0.0691362552723272,0.198239501192004
264273.411807,2522866.126422,0.0139270661535642,0.00989554700384827,0.130291368884002,0.774418178486348,0.0518599963349826,0.0196078431372549
264773.411807,2522866.126422,0.39823820884566,0.0282620664342081,0.0139475133051936,0.0445953385942375,0.0767113231785649,0.438245549642136
265273.411807,2522866.126422,0.551256189253622,0.0135705116449661,0,0.00201723821749496,0.011186502842472,0.421969558041445
265773.411807,2522866.126422,0.604361370716511,0.0256551218618288,0,0.00439802089059923,0.0322521531977277,0.333333333333333
266273.411807,2522866.126422,0.859607267388512,0.00183519911910442,0,0.00110111947146265,0.00550559735731327,0.131950816663608
266773.411807,2522866.126422,0.733907940583165,0,0,0,0,0.266092059416835
267273.411807,2522866.126422,0.765438885834708,0,0,0,0,0.234561114165292
267773.411807,2522866.126422,0.687832629840338,0.00293631859056708,0,0.000734079647641769,0.0130299137456414,0.295467058175812
268273.411807,2522866.126422,0.607005318173482,0.0148542086924629,0,0.0179717586649551,0.00586832935998533,0.354300385109114
268773.411807,2522866.126422,0.622686457760674,0.0533260032985157,0,0.000549752611324904,0.00238226131574125,0.321055525013744
269273.411807,2522866.126422,0.416773719948614,0.0113782345384474,0,0.228665810240411,0.0770783630023858,0.266103872270141
269773.411807,2522866.126422,0.248853841921878,0.0691362552723272,0,0.147258389877132,0.0418118466898955,0.492939666238768
270273.411807,2522866.126422,0.0886934212937511,0.0809968847352025,0.252153197727689,0.136705149349459,0.0608392889866227,0.380612057907275
263273.411807,2522366.126422,0.34,0.0708256880733945,0.016697247706422,0.0678899082568807,0.11045871559633,0.394128440366972
263773.411807,2522366.126422,0.0366905155017428,0.301412584846817,0.209502843514951,0.0418271876719868,0.0746651990460466,0.335901669418455
264273.411807,2522366.126422,0.000915750915750916,0.0771062271062271,0.247802197802198,0.615384615384615,0.00604395604395604,0.0527472527472527
264773.411807,2522366.126422,0.183302752293578,0.0932110091743119,0.0484403669724771,0.410825688073394,0.0442201834862385,0.22
265273.411807,2522366.126422,0.588699321225463,0.0232984773436067,0,0.0172445422858191,0.024399192808659,0.346358466336452
265773.411807,2522366.126422,0.667216117216117,0.0404761904761905,0,0,0.00164835164835165,0.290659340659341
266273.411807,2522366.126422,0.789908256880734,0.00036697247706422,0,0.00018348623853211,0.0018348623853211,0.207706422018349
266773.411807,2522366.126422,0.721518987341772,0,0,0,0,0.278481012658228
267273.411807,2522366.126422,0.672161172161172,0,0,0,0,0.327838827838828
267773.411807,2522366.126422,0.681467889908257,0.0100917431192661,0,0.00330275229357798,0.00018348623853211,0.304954128440367
268273.411807,2522366.126422,0.549623922216107,0.0174279948633278,0,0.0394423041643735,0.0201797835259585,0.373325995230233
268773.411807,2522366.126422,0.44047619047619,0.0340659340659341,0,0.150732600732601,0.0835164835164835,0.291208791208791
269273.411807,2522366.126422,0.173211009174312,0.0110091743119266,0,0.320550458715596,0.0776146788990826,0.417614678899083
269773.411807,2522366.126422,0.513116859291873,0.0221977618785544,0,0.00770500825536599,0.0201797835259585,0.436800587048248
270273.411807,2522366.126422,0.271062271062271,0.0706959706959707,0.0250915750915751,0.093956043956044,0.0578754578754579,0.481318681318681
263273.411807,2521866.126422,0.139194139194139,0.0941391941391941,0.000183150183150183,0.175274725274725,0.187545787545788,0.403663003663004
263773.411807,2521866.126422,0.0241758241758242,0.279487179487179,0.242124542124542,0.0534798534798535,0.153846153846154,0.246886446886447
264273.411807,2521866.126422,0.0227356068940227,0.432159882654932,0.12009534286762,0.224055738907224,0.00953428676200953,0.191419141914191
264773.411807,2521866.126422,0.0855311355311355,0.0598901098901099,0.0120879120879121,0.694871794871795,0.0461538461538462,0.101465201465201
265273.411807,2521866.126422,0.661538461538462,0.00347985347985348,0,0.00512820512820513,0.00732600732600733,0.322527472527473
265773.411807,2521866.126422,0.746974697469747,0.0232856618995233,0,0,0,0.22973964063073
266273.411807,2521866.126422,0.767216117216117,0.00128205128205128,0,0.000366300366300366,0.00622710622710623,0.224908424908425
266773.411807,2521866.126422,0.280769230769231,0.000732600732600733,0,0,0.000915750915750916,0.717582417582418
267273.411807,2521866.126422,0.695269526952695,0,0,0,0.000366703337000367,0.304363769710304
267773.411807,2521866.126422,0.392124542124542,0.00641025641025641,0.000915750915750916,0.0139194139194139,0.0344322344322344,0.552197802197802
268273.411807,2521866.126422,0.393223443223443,0.0113553113553114,0,0.0518315018315018,0.0648351648351648,0.478754578754579
268773.411807,2521866.126422,0.183168316831683,0.0152181884855152,0,0.234506784011734,0.050971763843051,0.516134946828016
269273.411807,2521866.126422,0.491575091575092,0.00860805860805861,0,0.0906593406593407,0.0274725274725275,0.381684981684982
269773.411807,2521866.126422,0.46007326007326,0.00384615384615385,0,0.0135531135531136,0.0227106227106227,0.49981684981685
270273.411807,2521866.126422,0.461862852951962,0.017968463513018,0,0.0581224789145581,0.0656398973230656,0.396406307297396
263273.411807,2521366.126422,0.177463754817398,0.0906588364837585,0,0.13690585428519,0.163149201688383,0.431822352725271
263773.411807,2521366.126422,0.0495140289748762,0.48780487804878,0.0198056115899505,0.0366770584999083,0.156427654502109,0.249770768384376
264273.411807,2521366.126422,0.0617555433388309,0.597764339380612,0.0113615539673813,0.0146600696353308,0.0410481949789262,0.273410298698919
264773.411807,2521366.126422,0.142411451642503,0.0466140576252523,0.201871903101487,0.469443934666911,0.0141310332171041,0.125527619746743
265273.411807,2521366.126422,0.827617825050431,0.00311754997249221,0,0.00916926462497708,0.0137538969374656,0.146341463414634
265773.411807,2521366.126422,0.462708447865127,0.0203408466190214,0,0.0395821880153931,0.0720175920835624,0.405350925416896
266273.411807,2521366.126422,0.701963663057442,0.0108276748027161,0,0.00734079647641769,0.0119287942741787,0.267939071389246
266773.411807,2521366.126422,0.590133871263525,0.00935264991747662,0,0.00293416467999266,0.00568494406748579,0.39189437007152
267273.411807,2521366.126422,0.81949789261499,0.00238226131574125,0,0.000549752611324904,0.009529045262965,0.168041048194979
267773.411807,2521366.126422,0.429803633694256,0.0334006239677005,0,0.0150486327766563,0.058909891723252,0.462837217838135
268273.411807,2521366.126422,0.238951036126903,0.0590500641848524,0.00165046763249587,0.10801393728223,0.0478635613423803,0.544470933431139
268773.411807,2521366.126422,0.0976727139453912,0.015026571376214,0,0.203958218801539,0.085761407366685,0.59758108851017
269273.411807,2521366.126422,0.144430170673518,0.0451458983299688,0.112497706001101,0.345384474215452,0.0913929161314003,0.261148834648559
269773.411807,2521366.126422,0.21602787456446,0.0278745644599303,0.0955437373922611,0.358518246836604,0.0748211993398129,0.227214377406932
263273.411807,2520866.126422,0.130642201834862,0.0669724770642202,0,0.258165137614679,0.217981651376147,0.326238532110092
263773.411807,2520866.126422,0.124747752705926,0.280865896165841,0.0410933773619519,0.101816180517336,0.0825536598789213,0.368923133370024
264273.411807,2520866.126422,0.0452380952380952,0.325457875457875,0.0551282051282051,0.0567765567765568,0.0756410256410256,0.441758241758242
264773.411807,2520866.126422,0.00165137614678899,0.195045871559633,0.250825688073395,0.50697247706422,0.00770642201834862,0.0377981651376147
265273.411807,2520866.126422,0.0832874701889562,0.414969730324711,0.0521005320124748,0.017978352595854,0.0277013392038158,0.403962575674188
265773.411807,2520866.126422,0.104945054945055,0.533150183150183,0.000732600732600733,0.00695970695970696,0.0483516483516484,0.305860805860806
266273.411807,2520866.126422,0.64348623853211,0.0247706422018349,0,0.00954128440366972,0.0161467889908257,0.30605504587156
266773.411807,2520866.126422,0.509998165474225,0.0706292423408549,0.001284168042561,0.060906255732893,0.0317372959090075,0.325444872500459
267273.411807,2520866.126422,0.347252747252747,0.0221611721611722,0.00384615384615385,0.0184981684981685,0.0782051282051282,0.53003663003663
267773.411807,2520866.126422,0.140550458715596,0.024954128440367,0.00110091743119266,0.368073394495413,0.184036697247706,0.281284403669725
268273.411807,2520866.126422,0.0291689598238855,0.0478811227297744,0,0.341221794166208,0.0469638598422308,0.534764263437901
268773.411807,2520866.126422,0.169230769230769,0.0622710622710623,0.184615384615385,0.3,0.0714285714285714,0.212454212454212
263273.411807,2520366.126422,0.108241758241758,0.395421245421245,0.000183150183150183,0.146886446886447,0.10970695970696,0.23956043956044
263773.411807,2520366.126422,0.0278388278388278,0.657875457875458,0.0152014652014652,0.00586080586080586,0.0492673992673993,0.243956043956044
264273.411807,2520366.126422,0.0322698936560323,0.519435276861019,0.0892922625595893,0.00531719838650532,0.0610561056105611,0.292629262926293
264773.411807,2520366.126422,0.0344322344322344,0.102747252747253,0.201098901098901,0.480769230769231,0.030952380952381,0.15
265273.411807,2520366.126422,0.0254578754578755,0.277106227106227,0.24029304029304,0.397802197802198,0.00366300366300366,0.0556776556776557
265773.411807,2520366.126422,0.00898423175650898,0.913641364136414,0,0,0.000916758342500917,0.0764576457645765
266273.411807,2520366.126422,0.18956043956044,0.441575091575092,0.0010989010989011,0.119230769230769,0.0527472527472527,0.195787545787546
266773.411807,2520366.126422,0.0683150183150183,0.625641025641026,0.0487179487179487,0.0580586080586081,0.0324175824175824,0.166849816849817
267273.411807,2520366.126422,0.0927759442610928,0.492665933259993,0.0139347268060139,0.0526219288595526,0.0396039603960396,0.308397506417308
267773.411807,2520366.126422,0.0106227106227106,0.0124542124542125,0.00311355311355311,0.543223443223443,0.0456043956043956,0.384981684981685
268273.411807,2520366.126422,0.0912087912087912,0.189377289377289,0,0.0967032967032967,0.0298534798534799,0.592857142857143
263273.411807,2519866.126422,0.11616810423931,0.47311433290512,0.00311983850247752,0.0902917966599376,0.0541383740135805,0.263167553679574
263773.411807,2519866.126422,0.154777186869613,0.40381441408399,0,0.0522648083623693,0.0827067669172932,0.306436823766734
264273.411807,2519866.126422,0.162726772952172,0.464357705699102,0.015026571376214,0.0117280557082646,0.0659703133589885,0.280190580905259
264773.411807,2519866.126422,0.0662506881996697,0.570746926041475,0.0543218939254909,0.0328500642319692,0.0693705267021472,0.206459900899248
265273.411807,2519866.126422,0.066018705299835,0.00843572345497891,0.116449660737209,0.708967540803228,0.0225563909774436,0.0775719787273061
265773.411807,2519866.126422,0.0251053692505039,0.652556349642661,0.00769653655854865,0.0934579439252336,0.00568077698369067,0.215503023639362
266273.411807,2519866.126422,0.0115617544503579,0.875757019636631,0,0,0.00367039823820885,0.109010827674803
266773.411807,2519866.126422,0.123785072437191,0.569594718503576,0,0.00311754997249221,0.0181551439574546,0.285347515129287
267273.411807,2519866.126422,0.0886934212937511,0.403518416712479,0,0.126076598863845,0.042147700201576,0.339563862928349
267773.411807,2519866.126422,0.0557900532207745,0.0752431638832813,0,0.222426133235456,0.0489998164800881,0.5975408331804
268273.411807,2519866.126422,0.0561158995048597,0.29598386209426,0.108564093159729,0.217311571611957,0.0315422703099211,0.290482303319274
263273.411807,2519366.126422,0.156146788990826,0.155596330275229,0.0176146788990826,0.208256880733945,0.0671559633027523,0.395229357798165
263773.411807,2519366.126422,0.195560447624289,0.267657310585214,0.00770500825536599,0.126765731058521,0.114290955787929,0.288020546688681
264273.411807,2519366.126422,0.111538461538462,0.334981684981685,0.0697802197802198,0.032051282051282,0.0901098901098901,0.361538461538462
264773.411807,2519366.126422,0.117981651376147,0.355229357798165,0.112844036697248,0.0493577981651376,0.127889908256881,0.236697247706422
265273.411807,2519366.126422,0.237754540451293,0.072463768115942,0.10126582278481,0.0366905155017428,0.0409099247844432,0.510915428361769
265773.411807,2519366.126422,0.11996336996337,0.0159340659340659,0.0639194139194139,0.587728937728938,0.0305860805860806,0.181868131868132
266273.411807,2519366.126422,0.0948623853211009,0.328990825688073,0.00238532110091743,0.315963302752294,0.00495412844036697,0.252844036697248
266773.411807,2519366.126422,0.00550357732526142,0.672720601724454,0,0.134837644468905,0.0412768299394606,0.145661346541919
267273.411807,2519366.126422,0.0664835164835165,0.567765567765568,0,0.105494505494505,0.0104395604395604,0.24981684981685
267773.411807,2519366.126422,0.184403669724771,0.168256880733945,0.00495412844036697,0.227339449541284,0.0814678899082569,0.333577981651376
268273.411807,2519366.126422,0.108237020730141,0.124197394973399,0.344523940561365,0.259952302329848,0.0310034855989727,0.132085855806274
263273.411807,2518866.126422,0.201648351648352,0.184615384615385,0.00934065934065934,0.0791208791208791,0.0620879120879121,0.463186813186813
263773.411807,2518866.126422,0.192857142857143,0.0738095238095238,0.0333333333333333,0.284981684981685,0.117216117216117,0.297802197802198
264273.411807,2518866.126422,0.0980931426475981,0.0731573157315732,0.015034836817015,0.444994499449945,0.096993032636597,0.271727172717272
