"x","y","forest","agri","water","built","other","grass"
186773.411807,2627366.126422,0.0616852886405959,0.50256052141527,0.000698324022346369,0.166201117318436,0.10195530726257,0.166899441340782
187273.411807,2627366.126422,0.0113953488372093,0.683023255813954,0,0.0765116279069767,0.0672093023255814,0.161860465116279
187773.411807,2627366.126422,0.0262546468401487,0.662174721189591,0.000464684014869888,0.109200743494424,0.0936338289962825,0.108271375464684
188273.411807,2627366.126422,0.103351955307263,0.38524208566108,0.000232774674115456,0.200651769087523,0.192039106145251,0.118482309124767
188773.411807,2627366.126422,0.0269767441860465,0.627906976744186,0.000232558139534884,0.12046511627907,0.104418604651163,0.12
189273.411807,2627366.126422,0.0394981412639405,0.540659851301115,0,0.0829460966542751,0.0764405204460967,0.260455390334572
189773.411807,2627366.126422,0.0274674115456238,0.481843575418994,0.00279329608938547,0.213454376163873,0.082635009310987,0.191806331471136
190273.411807,2627366.126422,0.0751162790697674,0.434186046511628,0.00395348837209302,0.267441860465116,0.106744186046512,0.112558139534884
190773.411807,2627366.126422,0.079228624535316,0.50185873605948,0.00720260223048327,0.192843866171004,0.113615241635688,0.10525092936803
191273.411807,2627366.126422,0.0370111731843575,0.632914338919926,0.0100093109869646,0.213687150837989,0.0500465549348231,0.0563314711359404
191773.411807,2627366.126422,0.0546511627906977,0.703720930232558,0.0013953488372093,0.0665116279069767,0.0437209302325581,0.13
192273.411807,2627366.126422,0.0443773234200743,0.598513011152416,0.00859665427509294,0.100139405204461,0.0601765799256506,0.188197026022305
192773.411807,2627366.126422,0.0707635009310987,0.531890130353817,0.00162942271880819,0.186685288640596,0.104981378026071,0.104050279329609
193273.411807,2627366.126422,0.0188372093023256,0.730232558139535,0.0130232558139535,0.163023255813953,0.0402325581395349,0.0346511627906977
193773.411807,2627366.126422,0.0134758364312268,0.721421933085502,0.00371747211895911,0.130808550185874,0.0620353159851301,0.0685408921933086
194273.411807,2627366.126422,0.101489757914339,0.502793296089385,0.00465549348230913,0.231145251396648,0.0917132216014898,0.0682029795158287
194773.411807,2627366.126422,0.0495348837209302,0.597209302325581,0.00976744186046512,0.112093023255814,0.0476744186046512,0.183720930232558
195273.411807,2627366.126422,0.0404275092936803,0.737918215613383,0.00116171003717472,0.119423791821561,0.0336895910780669,0.0673791821561338
195773.411807,2627366.126422,0.0435288640595903,0.635707635009311,0,0.134776536312849,0.0353817504655493,0.1506052141527
196273.411807,2627366.126422,0.0709302325581395,0.443255813953488,0.0144186046511628,0.20906976744186,0.0753488372093023,0.186976744186047
196773.411807,2627366.126422,0.0441449814126394,0.196561338289963,0.110594795539033,0.498838289962825,0.0634293680297398,0.0864312267657993
197273.411807,2627366.126422,0.098463687150838,0.388966480446927,0.00837988826815642,0.233472998137803,0.0835661080074488,0.187150837988827
197773.411807,2627366.126422,0.0544186046511628,0.596511627906977,0.00209302325581395,0.128372093023256,0.0516279069767442,0.166976744186047
198273.411807,2627366.126422,0.257202602230483,0.087360594795539,0.00185873605947955,0.309014869888476,0.113150557620818,0.231412639405204
198773.411807,2627366.126422,0.0724915986557849,0.0343254920787326,0.056649063850216,0.72011521843495,0.0806529044647143,0.0357657225156025
186773.411807,2626866.126422,0.0501831501831502,0.661538461538462,0.00824175824175824,0.0446886446886447,0.0377289377289377,0.197619047619048
187273.411807,2626866.126422,0.103296703296703,0.535164835164835,0,0.0943223443223443,0.0582417582417582,0.208974358974359
187773.411807,2626866.126422,0.132563256325633,0.428676200953429,0.00055005500550055,0.0843417675100843,0.0683901723505684,0.285478547854785
188273.411807,2626866.126422,0.041025641025641,0.645238095238095,0,0.0611721611721612,0.0457875457875458,0.206776556776557
188773.411807,2626866.126422,0.0734432234432234,0.506959706959707,0,0.095970695970696,0.073992673992674,0.2496336996337
189273.411807,2626866.126422,0.0685735240190686,0.595526219288596,0,0.0691235790245691,0.0606894022735607,0.206087275394206
189773.411807,2626866.126422,0.141025641025641,0.488278388278388,0,0.106043956043956,0.0641025641025641,0.200549450549451
190273.411807,2626866.126422,0.0846153846153846,0.33974358974359,0.00897435897435897,0.120695970695971,0.0932234432234432,0.352747252747253
190773.411807,2626866.126422,0.1004767143381,0.346534653465347,0.00751741840850752,0.212871287128713,0.0746241290795746,0.257975797579758
191273.411807,2626866.126422,0.0893772893772894,0.154945054945055,0.0203296703296703,0.437362637362637,0.102564102564103,0.195421245421245
191773.411807,2626866.126422,0.0406593406593407,0.678205128205128,0.00366300366300366,0.0738095238095238,0.0344322344322344,0.169230769230769
192273.411807,2626866.126422,0.0760909424275761,0.556472313898057,0.000183351668500183,0.139163916391639,0.0755408874220755,0.152548588192153
192773.411807,2626866.126422,0.0413919413919414,0.663369963369963,0,0.0677655677655678,0.0333333333333333,0.194139194139194
193273.411807,2626866.126422,0.015018315018315,0.808974358974359,0,0.0835164835164835,0.0250915750915751,0.0673992673992674
193773.411807,2626866.126422,0.0286028602860286,0.791162449578291,0.00256692335900257,0.0738907224055739,0.0293362669600293,0.0744407774110744
194273.411807,2626866.126422,0.0274725274725275,0.573809523809524,0.00256410256410256,0.150732600732601,0.0858974358974359,0.15952380952381
194773.411807,2626866.126422,0.0285714285714286,0.625091575091575,0.000183150183150183,0.084981684981685,0.0783882783882784,0.182783882783883
195273.411807,2626866.126422,0.00275027502750275,0.678584525119179,0,0.0663733039970664,0.0412541254125413,0.211037770443711
195773.411807,2626866.126422,0.0256410256410256,0.542673992673993,0,0.132967032967033,0.0598901098901099,0.238827838827839
196273.411807,2626866.126422,0.0108058608058608,0.827472527472527,0.000549450549450549,0.0512820512820513,0.0265567765567766,0.0833333333333333
196773.411807,2626866.126422,0.0416208287495416,0.630913091309131,0.0088008800880088,0.195269526952695,0.0731573157315732,0.0502383571690502
197273.411807,2626866.126422,0.0368131868131868,0.598168498168498,0.00146520146520147,0.216849816849817,0.0723443223443224,0.0743589743589744
197773.411807,2626866.126422,0.0282051282051282,0.646703296703297,0.00384615384615385,0.202380952380952,0.0584249084249084,0.0604395604395604
198273.411807,2626866.126422,0.0909424275760909,0.461129446277961,0.00128346167950128,0.127979464613128,0.0491382471580491,0.26952695269527
198773.411807,2626866.126422,0.0779050122019899,0.421813403416557,0.00168950628871785,0.217758588323634,0.0698329266003379,0.211000563168763
186773.411807,2626366.126422,0.0222059093411635,0.737199486144247,0.00275279867865663,0.0644154890805652,0.0278950266103872,0.145531290144981
187273.411807,2626366.126422,0.0163212910324592,0.694663487988263,0.000366770584999083,0.0669356317623327,0.0174216027874564,0.204291215844489
187773.411807,2626366.126422,0.0139270661535642,0.617372182517867,0.00311526479750779,0.243173905076049,0.0317024005864028,0.0907091808686091
188273.411807,2626366.126422,0.080932281152505,0.597173793356579,0.000183519911910442,0.0691870067902367,0.0300972655533125,0.222426133235456
188773.411807,2626366.126422,0.18393544837704,0.191454245369521,0.0405281496423987,0.182284980744544,0.0856409315972859,0.31615624426921
189273.411807,2626366.126422,0.150448964632582,0.205424225765072,0.0163093274693055,0.235660619387942,0.0720175920835624,0.320139270661536
189773.411807,2626366.126422,0.126445219306295,0.484309047531657,0,0.0647825289043861,0.0455129381537897,0.278950266103872
190273.411807,2626366.126422,0.123785072437191,0.30790390610673,0,0.0852741610122868,0.0678525582248304,0.415184302218962
190773.411807,2626366.126422,0.117647058823529,0.175920835623969,0.00219901044529962,0.15356422943009,0.0575407733186733,0.493128092358439
191273.411807,2626366.126422,0.0484492567443568,0.403560286291063,0.00330335841438796,0.248118920902918,0.089190677188475,0.2073775004588
191773.411807,2626366.126422,0.0427287731523932,0.585549238951036,0,0.111498257839721,0.0706033376123235,0.189620392444526
192273.411807,2626366.126422,0.015026571376214,0.819131390874107,0,0.0296866410115448,0.0192413413963716,0.116914055341763
192773.411807,2626366.126422,0.00220223894292531,0.822169205358781,0,0.0636814094329235,0.0203707102220591,0.0915764360433107
193273.411807,2626366.126422,0.0333761232349166,0.70786722904823,0,0.0814230698697964,0.0425453878598936,0.134788189987163
193773.411807,2626366.126422,0.0196078431372549,0.706798607293385,0,0.062671797691039,0.0674363203225215,0.1434854315558
194273.411807,2626366.126422,0.0189025509267756,0.753899798128097,0.00201871903101487,0.0983666727839971,0.0354193429987154,0.0913929161314003
194773.411807,2626366.126422,0.0333761232349166,0.767467449110581,0.0110031175499725,0.120484137172199,0.0458463231248854,0.0218228498074454
195273.411807,2626366.126422,0.0166758292101887,0.571559464907458,0.00971229613340663,0.197544438336082,0.0410481949789262,0.163459776433938
195773.411807,2626366.126422,0.030280785465223,0.580289961460818,0.0104606349788952,0.244265002752799,0.0449623784180584,0.0897412369242063
196273.411807,2626366.126422,0.0493306436823767,0.593068035943517,0.00238400880249404,0.14010636346965,0.072803961122318,0.142306986979644
196773.411807,2626366.126422,0.0348176653839106,0.751695070551585,0.00109950522264981,0.0808136338647609,0.0296866410115448,0.101887483965549
197273.411807,2626366.126422,0.00917599559552211,0.720682694072307,0.000367039823820885,0.0917599559552211,0.039823820884566,0.138190493668563
197773.411807,2626366.126422,0.030808729139923,0.607188703465982,0.000366770584999083,0.157344580964607,0.0937098844672657,0.110581331377224
198273.411807,2626366.126422,0.148433205057724,0.423309510720176,0.00183250870441635,0.183800623052959,0.0863111599780099,0.156312992486714
198773.411807,2626366.126422,0.0738860688099267,0.505546155292348,0,0.0847903741304757,0.0501974055273548,0.285579996239895
186773.411807,2625866.126422,0.0278899082568807,0.66,0,0.136697247706422,0.0328440366972477,0.14256880733945
187273.411807,2625866.126422,0.001284168042561,0.585764079985324,0,0.164923867180334,0.0610897083104018,0.18693817648138
187773.411807,2625866.126422,0.00842490842490842,0.56996336996337,0,0.202380952380952,0.0217948717948718,0.197435897435897
188273.411807,2625866.126422,0.120917431192661,0.32954128440367,0.00073394495412844,0.194128440366972,0.0662385321100917,0.288440366972477
188773.411807,2625866.126422,0.170427444505595,0.0456796917996698,0.104934874334984,0.415520088057237,0.0533847000550358,0.210053201247478
189273.411807,2625866.126422,0.106593406593407,0.217765567765568,0.0461538461538462,0.192673992673993,0.0842490842490843,0.352564102564103
189773.411807,2625866.126422,0.0570642201834862,0.172110091743119,0,0.0700917431192661,0.0451376146788991,0.655596330275229
190273.411807,2625866.126422,0.134837644468905,0.104384516602458,0.0434782608695652,0.197028068244359,0.0493487433498441,0.470922766464869
190773.411807,2625866.126422,0.151282051282051,0.134249084249084,0.0106227106227106,0.23974358974359,0.0827838827838828,0.381318681318681
191273.411807,2625866.126422,0.27302752293578,0.00660550458715596,0,0.0704587155963303,0.0214678899082569,0.628440366972477
191773.411807,2625866.126422,0.076316272243625,0.270042194092827,0.00220143093010457,0.214822968262704,0.0563199412951752,0.380297193175564
192273.411807,2625866.126422,0.137728937728938,0.492307692307692,0.000549450549450549,0.076007326007326,0.0443223443223443,0.249084249084249
192773.411807,2625866.126422,0.0728440366972477,0.566238532110092,0,0.122935779816514,0.0779816513761468,0.16
193273.411807,2625866.126422,0.0790680609062557,0.67620620069712,0.00495321959273528,0.096862960924601,0.0445789763346175,0.0983305815446707
193773.411807,2625866.126422,0.0417582417582418,0.707326007326007,0,0.0608058608058608,0.0558608058608059,0.134249084249084
194273.411807,2625866.126422,0.0462385321100917,0.557798165137615,0.00201834862385321,0.121651376146789,0.0511926605504587,0.221100917431193
194773.411807,2625866.126422,0.00568702990277013,0.749403779123097,0.00201797835259585,0.071179600073381,0.0245826453861677,0.147128967161989
195273.411807,2625866.126422,0.00622710622710623,0.602747252747253,0,0.0915750915750916,0.036996336996337,0.262454212454212
195773.411807,2625866.126422,0.00403669724770642,0.471559633027523,0.00073394495412844,0.304220183486239,0.0845871559633028,0.134862385321101
196273.411807,2625866.126422,0.00458631443771785,0.480095395340305,0.000366905155017428,0.24252430746652,0.0931939093744267,0.179233168226014
196773.411807,2625866.126422,0.00915750915750916,0.708974358974359,0,0.0983516483516483,0.0481684981684982,0.135347985347985
197273.411807,2625866.126422,0.0422018348623853,0.487889908256881,0,0.399816513761468,0.0543119266055046,0.0157798165137615
197773.411807,2625866.126422,0.0286186020913594,0.654191891396074,0,0.0728306732709595,0.0766831773986425,0.167675655842965
198273.411807,2625866.126422,0.147985347985348,0.358608058608059,0.000366300366300366,0.117948717948718,0.0901098901098901,0.284981684981685
198773.411807,2625866.126422,0.0421052631578947,0.514473684210526,0.00093984962406015,0.178947368421053,0.062781954887218,0.200751879699248
186773.411807,2625366.126422,0.0371794871794872,0.625091575091575,0,0.0527472527472527,0.0254578754578755,0.25952380952381
187273.411807,2625366.126422,0.0360805860805861,0.435531135531136,0.000366300366300366,0.312820512820513,0.0934065934065934,0.121794871794872
187773.411807,2625366.126422,0.0249358269160249,0.680601393472681,0,0.0254858819215255,0.024019068573524,0.244957829116245
188273.411807,2625366.126422,0.0688644688644689,0.305128205128205,0.000732600732600733,0.211172161172161,0.0677655677655678,0.346336996336996
188773.411807,2625366.126422,0.122161172161172,0.147985347985348,0.00311355311355311,0.307692307692308,0.0791208791208791,0.33992673992674
189273.411807,2625366.126422,0.0194352768610194,0.648698203153649,0,0.0403373670700403,0.0251191785845251,0.266409974330766
189773.411807,2625366.126422,0.142673992673993,0.0956043956043956,0.0386446886446886,0.147985347985348,0.0545787545787546,0.520512820512821
190273.411807,2625366.126422,0.0983516483516483,0.0908424908424908,0.000183150183150183,0.172527472527473,0.065018315018315,0.573076923076923
190773.411807,2625366.126422,0.215988265493216,0.17950128346168,0,0.0333700036670334,0.03997066373304,0.531169783645031
191273.411807,2625366.126422,0.487912087912088,0.00146520146520147,0,0.0104395604395604,0.00787545787545788,0.492307692307692
191773.411807,2625366.126422,0.254578754578755,0.0435897435897436,0.000549450549450549,0.171062271062271,0.063003663003663,0.467216117216117
192273.411807,2625366.126422,0.0361202786945361,0.537220388705537,0.0044004400440044,0.107810781078108,0.0628896222955629,0.251558489182252
192773.411807,2625366.126422,0.0875457875457875,0.628021978021978,0.00238095238095238,0.0445054945054945,0.0289377289377289,0.208608058608059
193273.411807,2625366.126422,0.0364468864468864,0.787545787545788,0.00824175824175824,0.0853479853479854,0.0278388278388278,0.0545787545787546
193773.411807,2625366.126422,0.0341034103410341,0.766960029336267,0.00751741840850752,0.0656398973230656,0.0163182984965163,0.109460946094609
194273.411807,2625366.126422,0.0234432234432234,0.778754578754579,0,0.111355311355311,0.0318681318681319,0.0545787545787546
194773.411807,2625366.126422,0.0875457875457875,0.528388278388278,0.00604395604395604,0.14010989010989,0.0597069597069597,0.178205128205128
195273.411807,2625366.126422,0.0548221488815548,0.479464613127979,0.0044004400440044,0.213421342134213,0.0577557755775578,0.19013568023469
195773.411807,2625366.126422,0.0501831501831502,0.485714285714286,0.0104395604395604,0.231135531135531,0.0727106227106227,0.14981684981685
196273.411807,2625366.126422,0.013003663003663,0.477655677655678,0.00402930402930403,0.278937728937729,0.0706959706959707,0.155677655677656
196773.411807,2625366.126422,0.0287862119545288,0.537220388705537,0.0033003300330033,0.102493582691602,0.0506050605060506,0.277594426109278
197273.411807,2625366.126422,0.0820512820512821,0.571428571428571,0,0.213919413919414,0.0679487179487179,0.0646520146520147
197773.411807,2625366.126422,0.102197802197802,0.426373626373626,0,0.411538461538462,0.0542124542124542,0.00567765567765568
198273.411807,2625366.126422,0.0304363769710304,0.400806747341401,0.00055005500550055,0.252475247524752,0.106894022735607,0.208837550421709
198773.411807,2625366.126422,0.101370377323071,0.437018960015018,0.000375445841937301,0.164445278768538,0.056880045053501,0.239909892997935
186773.411807,2624866.126422,0.164250321159846,0.289777940906588,0,0.0959809139291613,0.036520462470178,0.413470361534226
187273.411807,2624866.126422,0.050797726022373,0.647166697230882,0.000183385292499542,0.183018521914542,0.0478635613423803,0.0709701081973226
187773.411807,2624866.126422,0.0470954737035001,0.697086311159978,0,0.107385010078798,0.0711013377313542,0.0773318673263698
188273.411807,2624866.126422,0.0759772435309231,0.541016700311984,0,0.0152321526885667,0.0222059093411635,0.345567994127363
188773.411807,2624866.126422,0.108930863744728,0.694480102695764,0,0.0146708233999633,0.0181551439574546,0.163763066202091
189273.411807,2624866.126422,0.0604727872457394,0.691222283305846,0,0.0580905259299982,0.0333516584203775,0.156862745098039
189773.411807,2624866.126422,0.0548724536612222,0.0913929161314003,0.00311983850247752,0.316938887869334,0.0816663608001468,0.452009543035419
190273.411807,2624866.126422,0.0750045846323125,0.322758114799193,0,0.233999633229415,0.086007702182285,0.282229965156794
190773.411807,2624866.126422,0.0157595748579806,0.253802455561664,0.000366501740883269,0.208905992303463,0.0934579439252336,0.427707531610775
191273.411807,2624866.126422,0.472747293081299,0.0222059093411635,0.000367039823820885,0.107359148467609,0.0504679757753716,0.346852633510736
191773.411807,2624866.126422,0.646616541353383,0.0232899321474418,0,0.00458463231248854,0.00330093526499175,0.322207958921694
192273.411807,2624866.126422,0.406083928898662,0.198643943558732,0.000183250870441635,0.149349459409932,0.0569910207073484,0.188748396554884
192773.411807,2624866.126422,0.0770783630023858,0.452743622683061,0.00734079647641769,0.198201504863278,0.0765278032666544,0.188107909708203
193273.411807,2624866.126422,0.0742710434623143,0.539336145241152,0.00916926462497708,0.174949569044563,0.0559325142123602,0.146341463414634
193773.411807,2624866.126422,0.049660985889683,0.59080080630383,0.000549752611324904,0.161627267729522,0.0901594282572842,0.107201759208356
194273.411807,2624866.126422,0.0772618829142962,0.538447421545238,0.00458799779776106,0.152688566709488,0.0686364470545054,0.158377683978712
194773.411807,2624866.126422,0.0717036493673207,0.338345864661654,0.0166880616174583,0.309370988446727,0.0674857876398313,0.196405648267009
195273.411807,2624866.126422,0.124060839288987,0.302180685358255,0.00733003481766538,0.286237859629833,0.0982224665567161,0.181968114348543
195773.411807,2624866.126422,0.0963479537529822,0.325013763993393,0.00495503762158194,0.351624151220407,0.110478986970086,0.111580106441549
196273.411807,2624866.126422,0.0418118466898955,0.420502475701449,0.0249403997799376,0.31212176783422,0.0636346964973409,0.136988813497158
196773.411807,2624866.126422,0.0375664284405351,0.339380612057907,0.00751328568810702,0.404984423676012,0.0925416895730255,0.118013560564413
197273.411807,2624866.126422,0.0961644338410718,0.350706551660855,0.0102771150669848,0.305927693154707,0.0530372545421178,0.183886951734263
197773.411807,2624866.126422,0.119200440124702,0.159361819182102,0.00275077938749312,0.424536952136439,0.0993948285347515,0.194755180634513
198273.411807,2624866.126422,0.0736668499175371,0.464724207439985,0.000183250870441635,0.215503023639362,0.089792926516401,0.156129741616273
198773.411807,2624866.126422,0.0595976687347246,0.450272607633014,0.00827223162248543,0.127843579620229,0.0251927053957511,0.328821206993796
186773.411807,2624366.126422,0.073394495412844,0.572110091743119,0,0.0445871559633028,0.0460550458715596,0.263853211009174
187273.411807,2624366.126422,0.0150431113557145,0.833241607044579,0,0.0396257567418822,0.0117409649605577,0.100348559897267
187773.411807,2624366.126422,0.00402930402930403,0.541025641025641,0,0.0445054945054945,0.036996336996337,0.373443223443223
188273.411807,2624366.126422,0.0220183486238532,0.369357798165138,0.00165137614678899,0.0955963302752294,0.0431192660550459,0.468256880733945
188773.411807,2624366.126422,0.0651256650155935,0.393322326178683,0,0.0919097413318657,0.024399192808659,0.425243074665199
189273.411807,2624366.126422,0.0294871794871795,0.803846153846154,0,0.0435897435897436,0.0214285714285714,0.101648351648352
189773.411807,2624366.126422,0.0405504587155963,0.620183486238532,0,0.0943119266055046,0.0420183486238532,0.202935779816514
190273.411807,2624366.126422,0.0431113557145478,0.614199229499174,0.002568336085122,0.0979636763896533,0.0541185103650706,0.188038891946432
190773.411807,2624366.126422,0.0727106227106227,0.0750915750915751,0.00531135531135531,0.574358974358974,0.115201465201465,0.157326007326007
191273.411807,2624366.126422,0.137064220183486,0.362018348623853,0.00660550458715596,0.20605504587156,0.0480733944954128,0.240183486238532
191773.411807,2624366.126422,0.52504127682994,0.226747385800771,0,0.00421940928270042,0.00623738763529628,0.237754540451293
192273.411807,2624366.126422,0.296886446886447,0.13003663003663,0.0032967032967033,0.284249084249084,0.0785714285714286,0.206959706959707
192773.411807,2624366.126422,0.0697247706422018,0.16348623853211,0.0148623853211009,0.533761467889908,0.117981651376147,0.100183486238532
193273.411807,2624366.126422,0.0709961474958723,0.204733076499725,0.0311869381764814,0.499541368556228,0.0838378279214823,0.109704641350211
193773.411807,2624366.126422,0.0772893772893773,0.223443223443223,0.0172161172161172,0.477106227106227,0.0879120879120879,0.117032967032967
194273.411807,2624366.126422,0.0403669724770642,0.491559633027523,0.00146788990825688,0.193394495412844,0.0732110091743119,0.2
194773.411807,2624366.126422,0.0462300495321959,0.580077050082554,0.00385250412768299,0.19684461566685,0.0895248578242524,0.0834709227664649
195273.411807,2624366.126422,0.0556776556776557,0.622161172161172,0.00164835164835165,0.185531135531136,0.0481684981684982,0.0868131868131868
195773.411807,2624366.126422,0.0343119266055046,0.630091743119266,0.00036697247706422,0.11045871559633,0.0414678899082569,0.183302752293578
196273.411807,2624366.126422,0.0631076866629976,0.606494221243808,0.00091726288754357,0.0726472206934507,0.020546688680976,0.236286919831224
196773.411807,2624366.126422,0.063003663003663,0.526739926739927,0.0032967032967033,0.118131868131868,0.0712454212454212,0.217582417582418
197273.411807,2624366.126422,0.136880733944954,0.319449541284404,0.00055045871559633,0.230091743119266,0.0678899082568807,0.245137614678899
197773.411807,2624366.126422,0.0836543753439736,0.158686479545038,0.0405430196294258,0.41937259218492,0.0999816547422491,0.197761878554394
198273.411807,2624366.126422,0.0146520146520147,0.690842490842491,0.00146520146520147,0.0913919413919414,0.032051282051282,0.16959706959707
198773.411807,2624366.126422,0.0949248120300752,0.31109022556391,0.0103383458646617,0.186466165413534,0.0759398496240602,0.321240601503759
186773.411807,2623866.126422,0.0450549450549451,0.203479853479853,0,0.323076923076923,0.0217948717948718,0.406593406593407
187273.411807,2623866.126422,0.0456043956043956,0.671428571428571,0.0142857142857143,0.086996336996337,0.0324175824175824,0.149267399267399
187773.411807,2623866.126422,0.015034836817015,0.628712871287129,0,0.0427209387605427,0.0262192885955262,0.287312064539787
188273.411807,2623866.126422,0.0673992673992674,0.366849816849817,0.00805860805860806,0.0835164835164835,0.032051282051282,0.442124542124542
188773.411807,2623866.126422,0.06996336996337,0.615934065934066,0,0.0652014652014652,0.0514652014652015,0.197435897435897
189273.411807,2623866.126422,0.0168683535020169,0.595526219288596,0,0.0916758342500917,0.0771910524385772,0.218738540520719
189773.411807,2623866.126422,0.0908424908424908,0.527106227106227,0.000366300366300366,0.108974358974359,0.0413919413919414,0.231318681318681
190273.411807,2623866.126422,0.123809523809524,0.38974358974359,0.00567765567765568,0.14010989010989,0.0553113553113553,0.285347985347985
190773.411807,2623866.126422,0.103410341034103,0.224789145581225,0.00605060506050605,0.365053171983865,0.122662266226623,0.178034470113678
191273.411807,2623866.126422,0.0902930402930403,0.232600732600733,0.00494505494505494,0.399267399267399,0.082967032967033,0.18992673992674
191773.411807,2623866.126422,0.0857142857142857,0.397985347985348,0.000183150183150183,0.16978021978022,0.0468864468864469,0.299450549450549
192273.411807,2623866.126422,0.120828749541621,0.39035570223689,0.0111844517785112,0.248074807480748,0.063989732306564,0.165566556655666
192773.411807,2623866.126422,0.0549450549450549,0.0961538461538462,0.0335164835164835,0.542673992673993,0.0798534798534798,0.192857142857143
193273.411807,2623866.126422,0.0743589743589744,0.412454212454212,0.0135531135531136,0.345970695970696,0.0490842490842491,0.104578754578755
193773.411807,2623866.126422,0.0735240190685735,0.444261092775944,0.00568390172350568,0.344701136780345,0.074990832416575,0.0568390172350568
194273.411807,2623866.126422,0.0492673992673993,0.647985347985348,0.000366300366300366,0.112820512820513,0.0582417582417582,0.131318681318681
194773.411807,2623866.126422,0.0335164835164835,0.66978021978022,0.00402930402930403,0.0822344322344322,0.0263736263736264,0.184065934065934
195273.411807,2623866.126422,0.0925925925925926,0.332049871653832,0.011001100110011,0.355335533553355,0.101210121012101,0.107810781078108
195773.411807,2623866.126422,0.0642857142857143,0.697985347985348,0,0.0703296703296703,0.0417582417582418,0.125641025641026
196273.411807,2623866.126422,0.0893772893772894,0.32014652014652,0.00695970695970696,0.330769230769231,0.0924908424908425,0.16025641025641
196773.411807,2623866.126422,0.0438210487715438,0.614961496149615,0.00146681334800147,0.123945727906124,0.0526219288595526,0.163182984965163
197273.411807,2623866.126422,0.0666666666666667,0.287912087912088,0.00238095238095238,0.283699633699634,0.0833333333333333,0.276007326007326
197773.411807,2623866.126422,0.0448717948717949,0.357142857142857,0.00274725274725275,0.174908424908425,0.0565934065934066,0.363736263736264
198273.411807,2623866.126422,0.0630729739640631,0.426109277594426,0,0.175100843417675,0.0863586358635864,0.249358269160249
198773.411807,2623866.126422,0.049371128214755,0.242162568049559,0.0232776422001126,0.414679932419748,0.0634503472874038,0.207058381828421
186773.411807,2623366.126422,0.00495503762158194,0.903468526335107,0,0.0300972655533125,0.00532207744540283,0.0561570930445953
187273.411807,2623366.126422,0.00953603520997616,0.805978360535485,0,0.0610673024023473,0.0258573262424354,0.0975609756097561
187773.411807,2623366.126422,0.0207073483599047,0.675096206706982,0,0.124060839288987,0.0157595748579806,0.164376030786146
188273.411807,2623366.126422,0.0196366305744173,0.783446503945678,0,0.0735914846760874,0.0451458983299688,0.0781794824738484
188773.411807,2623366.126422,0.0750045846323125,0.573629194938566,0,0.0689528699798276,0.057582981844856,0.224830368604438
189273.411807,2623366.126422,0.0890599230346344,0.263698002565512,0,0.299798424042514,0.130841121495327,0.216602528862012
189773.411807,2623366.126422,0.0829510001835199,0.519361350706552,0.00110111947146265,0.118920902917967,0.0499174160396403,0.227748210680859
190273.411807,2623366.126422,0.100678525582248,0.588666788923528,0.00110031175499725,0.119383825417202,0.0447460113698881,0.145424536952136
190773.411807,2623366.126422,0.104452996151732,0.46857247571926,0.00348176653839106,0.148066703316841,0.0368334249587686,0.238592633315008
191273.411807,2623366.126422,0.314553129014498,0.366672783997064,0,0.0501009359515507,0.0196366305744173,0.24903652046247
191773.411807,2623366.126422,0.0784889051898038,0.248853841921878,0.0410783055198973,0.385475884834036,0.0359435173299101,0.210159545204475
192273.411807,2623366.126422,0.136155396738135,0.0263881253435954,0.0203408466190214,0.62891698735569,0.0842954004031519,0.103903243540407
192773.411807,2623366.126422,0.0957973940172509,0.0161497522481189,0.0669847678473114,0.698476784731143,0.0702881262616994,0.052303174894476
193273.411807,2623366.126422,0.0885750962772786,0.157711351549606,0.00641848523748395,0.422152943333945,0.0794058316523015,0.245736291949386
193773.411807,2623366.126422,0.0364669232178853,0.333150082462892,0.0042147700201576,0.355323437786329,0.0831958951805021,0.187648891332234
194273.411807,2623366.126422,0.0497338961277299,0.501376399339328,0.00495503762158194,0.229399889888053,0.0596439713708937,0.154890805652413
194773.411807,2623366.126422,0.0797726022373006,0.391344214194022,0.0146708233999633,0.320557491289199,0.0746378140473134,0.119017054832202
195273.411807,2623366.126422,0.0461792193512919,0.595382078064871,0.00586402785413231,0.183800623052959,0.0478284771852666,0.120945574491479
195773.411807,2623366.126422,0.0106441548908057,0.808772251789319,0.000917599559552211,0.0583593319875206,0.0247751881079097,0.0965314736648926
196273.411807,2623366.126422,0.0198056115899505,0.767467449110581,0.00183385292499542,0.107280396112232,0.0282413350449294,0.0753713552173116
196773.411807,2623366.126422,0.013560564412681,0.60197910940077,0.00678028220634048,0.0679860729338464,0.0533260032985157,0.256367967747847
197273.411807,2623366.126422,0.121123141860892,0.212332538080382,0.00201871903101487,0.298036336942558,0.0772618829142962,0.289227381170857
197773.411807,2623366.126422,0.0548322024573629,0.448560425453879,0.000183385292499542,0.213093709884467,0.112598569594719,0.170731707317073
198273.411807,2623366.126422,0.0395821880153931,0.462158695253802,0.00329851566794942,0.196444933113432,0.0348176653839106,0.263698002565512
198773.411807,2623366.126422,0.08591840571536,0.502350065801842,0.000376010528294792,0.136679827035157,0.0799022372626434,0.194773453656702
186773.411807,2622866.126422,0.0253211009174312,0.789724770642202,0,0.0915596330275229,0.0258715596330275,0.0675229357798165
187273.411807,2622866.126422,0.0539350577875619,0.480829205650339,0.0174279948633278,0.274445055953036,0.0592551825353146,0.11410750321042
187773.411807,2622866.126422,0.0446886446886447,0.661538461538462,0.0010989010989011,0.129304029304029,0.0617216117216117,0.101648351648352
188273.411807,2622866.126422,0.00990825688073394,0.674128440366973,0,0.116880733944954,0.0295412844036697,0.16954128440367
188773.411807,2622866.126422,0.0533847000550358,0.27958172812328,0.00513667217024399,0.445239405613649,0.12126215373326,0.0953953403045313
189273.411807,2622866.126422,0.100732600732601,0.436446886446886,0.00384615384615385,0.235897435897436,0.073992673992674,0.149084249084249
189773.411807,2622866.126422,0.141834862385321,0.57302752293578,0,0.0732110091743119,0.0291743119266055,0.182752293577982
190273.411807,2622866.126422,0.0188956154833975,0.646303430563199,0,0.0733810310034856,0.0132085855806274,0.24821133736929
190773.411807,2622866.126422,0.0263736263736264,0.533882783882784,0.00256410256410256,0.255677655677656,0.0529304029304029,0.128571428571429
191273.411807,2622866.126422,0.101284403669725,0.29743119266055,0.0223853211009174,0.351376146788991,0.0585321100917431,0.168990825688073
191773.411807,2622866.126422,0.0442120711796001,0.0170610897083104,0.11557512383049,0.761511649238672,0.0383415886993212,0.0232984773436067
192273.411807,2622866.126422,0.0536630036630037,0.0117216117216117,0.0426739926739927,0.835531135531136,0.0452380952380952,0.0111721611721612
192773.411807,2622866.126422,0.195412844036697,0.0212844036697248,0.0365137614678899,0.646422018348624,0.043302752293578,0.0570642201834862
193273.411807,2622866.126422,0.167125298110438,0.142542652724271,0.0100898917629793,0.430012841680426,0.0768666299761512,0.173362685745735
193773.411807,2622866.126422,0.106410256410256,0.0996336996336996,0.0203296703296703,0.575641025641026,0.0802197802197802,0.117765567765568
194273.411807,2622866.126422,0.0552293577981651,0.475229357798165,0.00788990825688073,0.259633027522936,0.0565137614678899,0.145504587155963
194773.411807,2622866.126422,0.0581544670702623,0.486883140708127,0.0170610897083104,0.222894881673088,0.0521005320124748,0.162905888827738
195273.411807,2622866.126422,0.0393772893772894,0.69047619047619,0,0.102197802197802,0.0432234432234432,0.124725274725275
195773.411807,2622866.126422,0.0073394495412844,0.835596330275229,0.00055045871559633,0.0299082568807339,0.0256880733944954,0.100917431192661
196273.411807,2622866.126422,0.0148596587782058,0.685011924417538,0.00091726288754357,0.032104201064025,0.0194459732159237,0.247660979636764
196773.411807,2622866.126422,0.0203296703296703,0.220695970695971,0.0712454212454212,0.573992673992674,0.0399267399267399,0.0738095238095238
197273.411807,2622866.126422,0.104036697247706,0.28605504587156,0.0278899082568807,0.374495412844037,0.0521100917431193,0.155412844036697
197773.411807,2622866.126422,0.0719134103834159,0.229866079618419,0.00110071546505228,0.27958172812328,0.165107319757843,0.25243074665199
198273.411807,2622866.126422,0.0326007326007326,0.334249084249084,0,0.161355311355311,0.11996336996337,0.351831501831502
198773.411807,2622866.126422,0.0075187969924812,0.51015037593985,0,0.102067669172932,0.0577067669172932,0.322556390977444
186773.411807,2622366.126422,0.0419413919413919,0.592307692307692,0.0010989010989011,0.183150183150183,0.0639194139194139,0.117582417582418
187273.411807,2622366.126422,0.0673992673992674,0.252930402930403,0.0113553113553114,0.469047619047619,0.116849816849817,0.0824175824175824
187773.411807,2622366.126422,0.0957095709570957,0.156398973230656,0.00275027502750275,0.504400440044004,0.135863586358636,0.104877154382105
188273.411807,2622366.126422,0.0604395604395604,0.468315018315018,0.00641025641025641,0.311355311355311,0.0816849816849817,0.0717948717948718
188773.411807,2622366.126422,0.0543956043956044,0.553296703296703,0.0113553113553114,0.163003663003663,0.0457875457875458,0.172161172161172
189273.411807,2622366.126422,0.052988632196553,0.636230289695636,0.0104510451045105,0.0694902823615695,0.0264026402640264,0.204437110377704
189773.411807,2622366.126422,0.0789377289377289,0.574908424908425,0.00146520146520147,0.093040293040293,0.0311355311355311,0.220512820512821
190273.411807,2622366.126422,0.0976190476190476,0.463736263736264,0.000366300366300366,0.129304029304029,0.0527472527472527,0.256227106227106
190773.411807,2622366.126422,0.0685735240190686,0.136046938027136,0.0185185185185185,0.548404840484048,0.10964429776311,0.118811881188119
191273.411807,2622366.126422,0.0981684981684982,0.0379120879120879,0.0509157509157509,0.652930402930403,0.0754578754578755,0.0846153846153846
191773.411807,2622366.126422,0.136630036630037,0.0205128205128205,0.0287545787545788,0.699084249084249,0.0617216117216117,0.0532967032967033
192273.411807,2622366.126422,0.155848918225156,0.0352035203520352,0.0066006600660066,0.661349468280161,0.0696736340300697,0.0713237990465713
192773.411807,2622366.126422,0.224908424908425,0.140659340659341,0,0.308241758241758,0.0866300366300366,0.23956043956044
193273.411807,2622366.126422,0.171794871794872,0.195604395604396,0.00586080586080586,0.348168498168498,0.102747252747253,0.175824175824176
193773.411807,2622366.126422,0.102493582691602,0.253942060872754,0.00586725339200587,0.41950861752842,0.0777411074440777,0.14044737807114
194273.411807,2622366.126422,0.147252747252747,0.310622710622711,0.0124542124542125,0.283882783882784,0.0716117216117216,0.174175824175824
194773.411807,2622366.126422,0.0787545787545788,0.291025641025641,0.00989010989010989,0.386263736263736,0.093956043956044,0.14010989010989
195273.411807,2622366.126422,0.0665566556655666,0.672350568390172,0,0.139347268060139,0.0465713237990466,0.0751741840850752
195773.411807,2622366.126422,0.0474358974358974,0.575274725274725,0,0.0496336996336996,0.0227106227106227,0.304945054945055
196273.411807,2622366.126422,0.113003663003663,0.480769230769231,0.00146520146520147,0.127472527472527,0.0531135531135531,0.224175824175824
196773.411807,2622366.126422,0.116061606160616,0.387788778877888,0.00825082508250825,0.0856252291895856,0.0286028602860286,0.373670700403374
197273.411807,2622366.126422,0.0509157509157509,0.41043956043956,0,0.185897435897436,0.0655677655677656,0.287179487179487
197773.411807,2622366.126422,0.0613553113553114,0.416117216117216,0.000183150183150183,0.133699633699634,0.0587912087912088,0.32985347985348
198273.411807,2622366.126422,0.0418041804180418,0.563623028969564,0.0022002200220022,0.0528052805280528,0.0247524752475248,0.314814814814815
198773.411807,2622366.126422,0.00544396470809086,0.522432889055754,0,0.0304111131969213,0.0366059695888868,0.405106063450347
186773.411807,2621866.126422,0.0416590200036704,0.753716278216186,0.000917599559552211,0.0873554780693705,0.0343182235272527,0.0820334006239677
187273.411807,2621866.126422,0.0394278378874014,0.657986429488355,0.000366770584999083,0.11589950485971,0.0467632495873831,0.139556207592151
187773.411807,2621866.126422,0.051676745464541,0.641927799157046,0.00274876305662452,0.122778083195895,0.0414146967198094,0.139453912406084
188273.411807,2621866.126422,0.0835015599192512,0.598274912828042,0.00146815929528354,0.139108093228115,0.0629473297852817,0.114699944944026
188773.411807,2621866.126422,0.0242068586099395,0.771685310838071,0.000916926462497708,0.0608839171098478,0.0313588850174216,0.110948101962223
189273.411807,2621866.126422,0.0886934212937511,0.489646325820048,0.00201575957485798,0.225581821513652,0.085761407366685,0.108301264431006
189773.411807,2621866.126422,0.0840521196549826,0.600477151770967,0.00238575885483575,0.111763626353459,0.066801247935401,0.134520095430354
190273.411807,2621866.126422,0.10416284613974,0.629928479735925,0,0.0418118466898955,0.0260407115349349,0.198056115899505
190773.411807,2621866.126422,0.0357339197361187,0.631665750412314,0.00384826827927433,0.0558915154846986,0.0254718709913872,0.247388675096207
191273.411807,2621866.126422,0.10790970820334,0.133418975958892,0.0181684712791338,0.56854468709855,0.0645990089924757,0.107359148467609
191773.411807,2621866.126422,0.0850907757197873,0.0394278378874014,0.0192554557124519,0.646433156060884,0.105446543187236,0.104346231432239
192273.411807,2621866.126422,0.128642111050027,0.250687190764156,0.0236393622869709,0.270661535642294,0.0659703133589885,0.260399486897563
192773.411807,2621866.126422,0.0594604514589833,0.285556982932648,0.0251422279317306,0.220957973940172,0.0570746926041475,0.351807671132318
193273.411807,2621866.126422,0.0724371905373189,0.360718870346598,0.0143040528149642,0.112781954887218,0.0566660553823583,0.383091876031542
193773.411807,2621866.126422,0.108301264431006,0.416345977643394,0.0227231079347627,0.158695253802456,0.0348176653839106,0.259116730804471
194273.411807,2621866.126422,0.105156909524683,0.22811525050468,0.0227564690768948,0.276931547072857,0.0506514956872821,0.316388328133603
194773.411807,2621866.126422,0.122868145974693,0.215661103979461,0.0341096644049147,0.252521547771869,0.0755547405098111,0.299284797359252
195273.411807,2621866.126422,0.166941542972329,0.140919919369617,0.00879604178119846,0.225581821513652,0.0414146967198094,0.416345977643394
195773.411807,2621866.126422,0.114883464855937,0.179849513672233,0.0150486327766563,0.213433657551844,0.0506514956872821,0.426133235456047
