"x","y","forest","agri","water","built","other","grass"
167273.411807,2530366.126422,0.0322995044962378,0.0739585244999082,0.0851532391264452,0.483574967884015,0.123875940539549,0.201137823453845
167773.411807,2530366.126422,0.0645516229598386,0.123418301852191,0.0526315789473684,0.307353750229232,0.134238034109664,0.317806711901706
168273.411807,2530366.126422,0,0.0159428257284222,0.471687740516767,0.332050577240242,0.117463807953088,0.0628550485614807
168773.411807,2530366.126422,0.000367039823820885,0.00183519911910442,0.453661222242613,0.492934483391448,0.031932464672417,0.0192695907505964
169273.411807,2530366.126422,0.106363469649734,0.0161379057399597,0.0926095727122685,0.313772235466716,0.218962039244453,0.25215477718687
169773.411807,2530366.126422,0.01905809052593,0.0861279091075683,0.213304013194063,0.468938977460143,0.114715044896463,0.0978559648158329
170273.411807,2530366.126422,0.0356028629106258,0.157460084419159,0.28610754266838,0.230133969535695,0.13268489631125,0.158010644154891
170773.411807,2530366.126422,0.044379240784889,0.187236383642032,0.179350816064552,0.0874747845222813,0.11589950485971,0.385659270126536
171273.411807,2530366.126422,0.0910756826094924,0.231262598497343,0.0229063588052043,0.0835623969213854,0.149349459409932,0.421843503756643
171773.411807,2530366.126422,0.181684712791338,0.0495503762158194,0,0.345751514039273,0.103138190493669,0.319875206459901
172273.411807,2530366.126422,0.197139189437007,0.209059233449477,0,0.0022006235099945,0.148358701632129,0.443242251971392
172773.411807,2530366.126422,0.273540041848963,0.10747574662355,0,0.0456534144949591,0.197641240251094,0.375689556781434
167273.411807,2529866.126422,0.00201834862385321,0.0111926605504587,0.487706422018349,0.437798165137615,0.0475229357798165,0.0137614678899083
167773.411807,2529866.126422,0.0445789763346175,0.0882406897816914,0.111722619702807,0.323426894147863,0.101816180517336,0.330214639515685
168273.411807,2529866.126422,0.00457875457875458,0.0120879120879121,0.59010989010989,0.200915750915751,0.102014652014652,0.0902930402930403
168773.411807,2529866.126422,0.0130275229357798,0.0236697247706422,0.287889908256881,0.475596330275229,0.113761467889908,0.0860550458715596
169273.411807,2529866.126422,0,0.0407264722069345,0.492570170610897,0.406164006604293,0.0524674371674922,0.00807191341038342
169773.411807,2529866.126422,0.00805860805860806,0.126007326007326,0.335897435897436,0.400915750915751,0.0543956043956044,0.0747252747252747
170273.411807,2529866.126422,0.0256880733944954,0.186238532110092,0.482752293577982,0.0921100917431193,0.0577981651376147,0.155412844036697
170773.411807,2529866.126422,0.175013758943313,0.178682810493487,0.0684278114107503,0.0676940011007155,0.113557145477894,0.39662447257384
171273.411807,2529866.126422,0.086996336996337,0.241025641025641,0.0021978021978022,0.123626373626374,0.180952380952381,0.365201465201465
171773.411807,2529866.126422,0.0614678899082569,0.241284403669725,0,0.242935779816514,0.0710091743119266,0.383302752293578
172273.411807,2529866.126422,0.0221977618785544,0.365804439552376,0,0.0176114474408365,0.0620069711979453,0.532379379930288
172773.411807,2529866.126422,0.213688212927757,0.122053231939163,0,0.0096958174904943,0.0796577946768061,0.574904942965779
167273.411807,2529366.126422,0.0146520146520147,0.0291208791208791,0.597619047619048,0.215018315018315,0.080952380952381,0.0626373626373626
167773.411807,2529366.126422,0,0.0032967032967033,0.461538461538462,0.488278388278388,0.0274725274725275,0.0194139194139194
168273.411807,2529366.126422,0,0.0055005500550055,0.596259625962596,0.396406307297396,0,0.00183351668500183
168773.411807,2529366.126422,0.0124542124542125,0.0375457875457875,0.429304029304029,0.423076923076923,0.0659340659340659,0.0316849816849817
169273.411807,2529366.126422,0.00476190476190476,0.146703296703297,0.356043956043956,0.333150183150183,0.0503663003663004,0.108974358974359
169773.411807,2529366.126422,0.0066006600660066,0.0144847818115145,0.61037770443711,0.323432343234323,0.0203520352035204,0.0247524752475248
170273.411807,2529366.126422,0.00641025641025641,0.185347985347985,0.47014652014652,0.193956043956044,0.0663003663003663,0.0778388278388278
170773.411807,2529366.126422,0.0631868131868132,0.123076923076923,0.0357142857142857,0.334249084249084,0.17032967032967,0.273443223443223
171273.411807,2529366.126422,0.132929959662633,0.236707004033737,0.0196186285295196,0.0641730839750642,0.0867253392005867,0.45984598459846
171773.411807,2529366.126422,0.086996336996337,0.22967032967033,0,0.0263736263736264,0.0946886446886447,0.562271062271062
172273.411807,2529366.126422,0.0296703296703297,0.3003663003663,0,0.0238095238095238,0.105311355311355,0.540842490842491
172773.411807,2529366.126422,0.0525314046440807,0.232965359725923,0,0.102588503996955,0.21431290445375,0.397601827179292
167273.411807,2528866.126422,0.0625802899614608,0.044411818682327,0.249220040374381,0.24481556248853,0.114149385208295,0.284822903285006
167773.411807,2528866.126422,0.165596919127086,0.0168714469099578,0.037593984962406,0.366953970291583,0.106546854942234,0.306436823766734
168273.411807,2528866.126422,0.0194245922668133,0.0089792926516401,0.791643760307861,0.118929814916621,0.0282206340480117,0.0328019058090526
168773.411807,2528866.126422,0,0.0328500642319692,0.619563222609653,0.306661772802349,0.034868783262984,0.00605615709304459
169273.411807,2528866.126422,0.0163212910324592,0.0847240051347882,0.488905189803778,0.221346048046947,0.0858243168897854,0.102879149092243
169773.411807,2528866.126422,0.0254718709913872,0.0619387942092725,0.594649074583104,0.207073483599047,0.0685358255451713,0.0423309510720176
170273.411807,2528866.126422,0.0196366305744173,0.0401908607083869,0.295283538263902,0.449990824004404,0.0974490732244448,0.0974490732244448
170773.411807,2528866.126422,0.0434623143223913,0.0629011553273428,0,0.468366037043829,0.134788189987163,0.290482303319274
171273.411807,2528866.126422,0.0934579439252336,0.165109034267913,0.0252886201209456,0.180868609125893,0.169690306028954,0.365585486531061
171773.411807,2528866.126422,0.0812993209763259,0.164066801247935,0.00715727656450725,0.154156726004772,0.141677371994861,0.451642503211598
172273.411807,2528866.126422,0.0753713552173116,0.0981111314872547,0,0.349348982211627,0.163029525032092,0.314139006051715
172773.411807,2528866.126422,0.0424196309682328,0.25527867605098,0,0.144949591021495,0.140574472132395,0.416777629826897
167273.411807,2528366.126422,0.0111926605504587,0.106605504587156,0.40605504587156,0.404954128440367,0.026605504587156,0.0445871559633028
167773.411807,2528366.126422,0.0497156485048615,0.0170610897083104,0.0498991010823702,0.607044578976335,0.124931205283434,0.151348376444689
168273.411807,2528366.126422,0.0457875457875458,0.0501831501831502,0.327106227106227,0.331501831501831,0.129487179487179,0.115934065934066
168773.411807,2528366.126422,0,0.0247706422018349,0.70348623853211,0.248256880733945,0.0223853211009174,0.00110091743119266
169273.411807,2528366.126422,0.00110071546505228,0.0144927536231884,0.575490735644836,0.364336818932306,0.0277013392038158,0.0168776371308017
169773.411807,2528366.126422,0.0021978021978022,0.0217948717948718,0.528571428571429,0.362454212454212,0.0628205128205128,0.0221611721611722
170273.411807,2528366.126422,0.0148623853211009,0.0785321100917431,0.458899082568807,0.307706422018349,0.076697247706422,0.063302752293578
170773.411807,2528366.126422,0.123647037240873,0.0871399743166392,0.00348559897266557,0.174279948633278,0.137589433131535,0.473858007705008
171273.411807,2528366.126422,0.0673992673992674,0.268864468864469,0.0223443223443223,0.0657509157509158,0.109340659340659,0.466300366300366
171773.411807,2528366.126422,0.0310091743119266,0.178348623853211,0.146605504587156,0.227706422018349,0.158899082568807,0.25743119266055
172273.411807,2528366.126422,0.0528343423225096,0.300495321959274,0,0.133186571271326,0.18253531462117,0.33094844982572
172773.411807,2528366.126422,0.0427756653992395,0.359315589353612,0,0.0526615969581749,0.145817490494297,0.399429657794677
167773.411807,2527866.126422,0.0796703296703297,0.0386446886446886,0.0901098901098901,0.274725274725275,0.119413919413919,0.397435897435897
168273.411807,2527866.126422,0.0896589658965897,0.0355702236890356,0.203887055372204,0.31004767143381,0.0685735240190686,0.292262559589292
168773.411807,2527866.126422,0.00183150183150183,0.0683150183150183,0.434065934065934,0.41007326007326,0.0701465201465201,0.0155677655677656
169273.411807,2527866.126422,0,0.0335164835164835,0.835714285714286,0.104029304029304,0.0192307692307692,0.00750915750915751
169773.411807,2527866.126422,0.00403373670700403,0.0665566556655666,0.610744407774111,0.27044371103777,0.0363036303630363,0.0119178584525119
170273.411807,2527866.126422,0.00402930402930403,0.0624542124542125,0.504761904761905,0.356593406593407,0.0587912087912088,0.0133699633699634
170773.411807,2527866.126422,0.0571428571428571,0.0908424908424908,0.0163003663003663,0.364468864468864,0.178021978021978,0.293223443223443
171273.411807,2527866.126422,0.0425375870920425,0.335166850018335,0,0.0889255592225889,0.172717271727173,0.360652731939861
171773.411807,2527866.126422,0.034981684981685,0.306227106227106,0,0.0697802197802198,0.105677655677656,0.483333333333333
172273.411807,2527866.126422,0.0223443223443223,0.172161172161172,0,0.457326007326007,0.0994505494505494,0.248717948717949
172773.411807,2527866.126422,0.0437761705367339,0.0867910163684812,0,0.537875904073087,0.156071564522269,0.175485344499429
167773.411807,2527366.126422,0.0449293966623877,0.0359435173299101,0.450761048963873,0.297450944434256,0.0817898404547955,0.0891252521547772
168273.411807,2527366.126422,0.0243723657687374,0.0619387942092725,0.346160894264248,0.251969946857248,0.0925416895730255,0.223016309327469
168773.411807,2527366.126422,0.00532207744540283,0.0236740686364471,0.124793540099101,0.730776289227381,0.0851532391264452,0.030280785465223
169273.411807,2527366.126422,0,0.0748211993398129,0.705116449660737,0.16779754263708,0.0438290849073904,0.00843572345497891
169773.411807,2527366.126422,0.000733003481766538,0.0802638812534359,0.595382078064871,0.284038849184534,0.0260216236027121,0.013560564412681
170273.411807,2527366.126422,0.0139475133051936,0.0218388695173426,0.553129014498073,0.304643053771334,0.0735914846760874,0.0328500642319692
170773.411807,2527366.126422,0.030808729139923,0.0658353200073354,0.232899321474418,0.391527599486521,0.122317990097194,0.156611039794608
171273.411807,2527366.126422,0.137254901960784,0.135055891515485,0,0.113798790544255,0.222283305845703,0.391607110133773
171773.411807,2527366.126422,0.0653330886401175,0.206092861075427,0,0.0339511837034318,0.0787300422095797,0.615892824371444
172273.411807,2527366.126422,0.0427287731523932,0.155510728039611,0,0.386026040711535,0.142123601687145,0.273610856409316
172773.411807,2527366.126422,0.0968232832413924,0.0861708198592353,0,0.150275822712574,0.21095681947879,0.455773254708008
168273.411807,2526866.126422,0.015018315018315,0.0921245421245421,0.258241758241758,0.404029304029304,0.0906593406593407,0.13992673992674
168773.411807,2526866.126422,0.00825688073394495,0.0154128440366972,0.0176146788990826,0.807339449541284,0.116330275229358,0.035045871559633
169273.411807,2526866.126422,0.001284168042561,0.0306365804439552,0.021830856723537,0.916895982388553,0.0286186020913594,0.000733810310034856
169773.411807,2526866.126422,0.00201465201465201,0.023992673992674,0.436080586080586,0.478571428571429,0.0549450549450549,0.0043956043956044
170273.411807,2526866.126422,0,0.00458715596330275,0.677064220183486,0.313577981651376,0.00458715596330275,0.00018348623853211
170773.411807,2526866.126422,0.0618235186204366,0.0357732526141992,0.499174463401211,0.127866446523574,0.0665932856356632,0.208769033204917
171273.411807,2526866.126422,0.176007326007326,0.163553113553114,0.00421245421245421,0.0461538461538462,0.143223443223443,0.466849816849817
171773.411807,2526866.126422,0.0629357798165138,0.339082568807339,0,0.011743119266055,0.0471559633027523,0.539082568807339
172273.411807,2526866.126422,0.0579710144927536,0.123647037240873,0,0.346358466336452,0.175013758943313,0.297009722986608
172773.411807,2526866.126422,0.0773764258555133,0.110076045627376,0,0.0598859315589354,0.245817490494297,0.506844106463878
168273.411807,2526366.126422,0.00641730839750642,0.112761276127613,0.514118078474514,0.194352768610194,0.0905757242390906,0.0817748441510818
168773.411807,2526366.126422,0.0525641025641026,0.0507326007326007,0.276739926739927,0.394139194139194,0.124358974358974,0.101465201465201
169273.411807,2526366.126422,0.0135531135531136,0.0432234432234432,0.34981684981685,0.468315018315018,0.0642857142857143,0.0608058608058608
169773.411807,2526366.126422,0.0055005500550055,0.0678401173450678,0.511917858452512,0.346351301796846,0.0476714338100477,0.0207187385405207
170273.411807,2526366.126422,0.0503663003663004,0.0884615384615385,0.454945054945055,0.203479853479853,0.0681318681318681,0.134615384615385
170773.411807,2526366.126422,0.0388278388278388,0.165201465201465,0.332600732600733,0.192124542124542,0.0637362637362637,0.207509157509158
171273.411807,2526366.126422,0.147414741474147,0.0793912724605794,0.17986798679868,0.309314264759809,0.107994132746608,0.176017601760176
171773.411807,2526366.126422,0.0644688644688645,0.1996336996337,0,0.246886446886447,0.126556776556777,0.362454212454212
172273.411807,2526366.126422,0.0478021978021978,0.136813186813187,0.000549450549450549,0.562087912087912,0.0895604395604396,0.163186813186813
172773.411807,2526366.126422,0.187095546250476,0.112295393985535,0.000380662352493338,0.208602969166349,0.149790635706129,0.341834792539018
168773.411807,2525866.126422,0.00165167920719398,0.0453294182418792,0.441915947880345,0.376582859240228,0.0873554780693705,0.0471646173609837
169273.411807,2525866.126422,0.00311754997249221,0.0198056115899505,0.531633962956171,0.401980561158995,0.035209976159912,0.00825233816247937
169773.411807,2525866.126422,0.0106285504856148,0.0219901044529962,0.542056074766355,0.341213120762324,0.0522264980758659,0.0318856514568444
170273.411807,2525866.126422,0.0255092677555515,0.106808588731877,0.484125527619747,0.104789869700863,0.0853367590383557,0.193429987153606
170773.411807,2525866.126422,0.055198973042362,0.0852741610122868,0.433156060883917,0.259123418301852,0.0630845406198423,0.10416284613974
171273.411807,2525866.126422,0.0414146967198094,0.123877588418545,0.1905809052593,0.364485981308411,0.116364302730438,0.163276525563496
171773.411807,2525866.126422,0.0723068452927143,0.217287575701964,0,0.197467425215636,0.144613690585429,0.368324463204258
172273.411807,2525866.126422,0.0434623143223913,0.235099944984412,0,0.308270676691729,0.103245919677242,0.309921144324225
172773.411807,2525866.126422,0.207342590831273,0.137340688605669,0,0.00285333840593494,0.0272018261365798,0.625261556020544
168773.411807,2525366.126422,0.0121100917431193,0.0456880733944954,0.438532110091743,0.327522935779817,0.0669724770642202,0.109174311926606
169273.411807,2525366.126422,0.002568336085122,0.0691616217207852,0.523757108787378,0.3010456796918,0.0654925701706109,0.0379746835443038
169773.411807,2525366.126422,0.00146520146520147,0.028021978021978,0.554578754578755,0.317582417582418,0.0754578754578755,0.0228937728937729
170273.411807,2525366.126422,0.0073394495412844,0.0251376146788991,0.655963302752294,0.258899082568807,0.0451376146788991,0.00752293577981651
170773.411807,2525366.126422,0.0506329113924051,0.0445789763346175,0.504127682993946,0.166391487800404,0.0820033021463952,0.152265639332233
171273.411807,2525366.126422,0.0446886446886447,0.1496336996337,0.340842490842491,0.0450549450549451,0.0611721611721612,0.358608058608059
171773.411807,2525366.126422,0.0996330275229358,0.185688073394495,0.00165137614678899,0.141467889908257,0.139266055045872,0.432293577981651
172273.411807,2525366.126422,0.101632727939828,0.223628691983122,0,0.0383415886993212,0.128600256833609,0.50779673454412
172773.411807,2525366.126422,0.0775665399239544,0.397908745247148,0.023384030418251,0.0946768060836502,0.0716730038022814,0.334790874524715
168773.411807,2524866.126422,0.0247252747252747,0.0631868131868132,0.298717948717949,0.363919413919414,0.13040293040293,0.119047619047619
169273.411807,2524866.126422,0.00183150183150183,0.0487179487179487,0.50989010989011,0.376556776556777,0.0576923076923077,0.00531135531135531
169773.411807,2524866.126422,0.000183351668500183,0.0392372570590392,0.622295562889622,0.291895856252292,0.0408874220755409,0.0055005500550055
170273.411807,2524866.126422,0,0.0580586080586081,0.582967032967033,0.315934065934066,0.0324175824175824,0.0106227106227106
170773.411807,2524866.126422,0.0437728937728938,0.0807692307692308,0.398168498168498,0.218315018315018,0.0681318681318681,0.190842490842491
171273.411807,2524866.126422,0.0487715438210488,0.201503483681702,0.148698203153649,0.331683168316832,0.0856252291895856,0.183718371837184
171773.411807,2524866.126422,0.117216117216117,0.0836996336996337,0.0141025641025641,0.413736263736264,0.131868131868132,0.239377289377289
172273.411807,2524866.126422,0.105311355311355,0.144505494505494,0.000549450549450549,0.0652014652014652,0.0871794871794872,0.597252747252747
172773.411807,2524866.126422,0.0961172440045679,0.204796345641416,0.0456794822992006,0.0827940616673011,0.132470498667682,0.438142367719833
169273.411807,2524366.126422,0.00238400880249404,0.10012836970475,0.245736291949386,0.522831468916193,0.08399046396479,0.0449293966623877
169773.411807,2524366.126422,0.00293201392706615,0.0892431739050761,0.546087593916071,0.27359354956936,0.0513102437236577,0.0368334249587686
170273.411807,2524366.126422,0.0113782345384474,0.0370710222059093,0.0712057258212516,0.711506698476785,0.106074509084236,0.0627638098733713
170773.411807,2524366.126422,0.00586832935998533,0.0643682376673391,0.387126352466532,0.34017971758665,0.123051531267192,0.0794058316523015
171273.411807,2524366.126422,0.100238226131574,0.111599780098955,0.332600329851567,0.27689206523731,0.0705515851200293,0.108118013560564
171773.411807,2524366.126422,0.0708386859974307,0.0598274912828042,0.200587263718113,0.440631308496972,0.0772618829142962,0.150853367590384
172273.411807,2524366.126422,0.174949569044563,0.0982945167797543,0.000183385292499542,0.0871080139372822,0.105263157894737,0.534201357051164
172773.411807,2524366.126422,0.0544036522731596,0.266692029674719,0.0296747194217234,0.10043751188891,0.115084649039376,0.433707437702111
168773.411807,2523866.126422,0.0110091743119266,0.0541284403669725,0.0146788990825688,0.396697247706422,0.138715596330275,0.384770642201835
169273.411807,2523866.126422,0.00495321959273528,0.0603558980003669,0.418822234452394,0.384333149880756,0.0766831773986425,0.0548523206751055
169773.411807,2523866.126422,0.0032967032967033,0.0146520146520147,0.573626373626374,0.364468864468864,0.0335164835164835,0.0104395604395604
170273.411807,2523866.126422,0.00825688073394495,0.0222018348623853,0.431559633027523,0.40605504587156,0.0904587155963303,0.0414678899082569
170773.411807,2523866.126422,0.00165107319757843,0.157402311502477,0.135021097046413,0.543753439735828,0.0999816547422491,0.062190423775454
171273.411807,2523866.126422,0.0368131868131868,0.144505494505494,0.305128205128205,0.357875457875458,0.0844322344322344,0.0712454212454212
171773.411807,2523866.126422,0.0148623853211009,0.0867889908256881,0.365688073394495,0.308256880733945,0.0834862385321101,0.140917431192661
172273.411807,2523866.126422,0.0820033021463952,0.184736745551275,0.0731975784259769,0.315905338470006,0.124564300128417,0.219592735277931
172773.411807,2523866.126422,0.0442965779467681,0.192585551330798,0.0209125475285171,0.522813688212928,0.0863117870722434,0.133079847908745
168273.411807,2523366.126422,0.0322698936560323,0.0408874220755409,0,0.564723138980565,0.178217821782178,0.183901723505684
168773.411807,2523366.126422,0.0415750915750916,0.0545787545787546,0.00476190476190476,0.444871794871795,0.262820512820513,0.191391941391941
169273.411807,2523366.126422,0.0368131868131868,0.0934065934065934,0.0545787545787546,0.468681318681319,0.164835164835165,0.181684981684982
169773.411807,2523366.126422,0.000183351668500183,0.094976164283095,0.461496149614961,0.325265859919325,0.0786578657865787,0.0394206087275394
170273.411807,2523366.126422,0,0.028021978021978,0.474358974358974,0.451098901098901,0.0404761904761905,0.00604395604395604
170773.411807,2523366.126422,0,0.0489010989010989,0.534981684981685,0.382234432234432,0.0210622710622711,0.0128205128205128
171273.411807,2523366.126422,0.000733406674000733,0.0229189585625229,0.575357535753575,0.384855152181885,0.015034836817015,0.0011001100110011
171773.411807,2523366.126422,0.00494505494505494,0.0659340659340659,0.409157509157509,0.315201465201465,0.151465201465201,0.0532967032967033
172273.411807,2523366.126422,0.0474358974358974,0.163553113553114,0.0956043956043956,0.344871794871795,0.119230769230769,0.229304029304029
172773.411807,2523366.126422,0.0388275599543205,0.141796726303769,0,0.446516939474686,0.142938713361249,0.229920060905976
169773.411807,2522866.126422,0.00311526479750779,0.0809968847352025,0.408649441084845,0.386659336631849,0.064687557265897,0.0558915154846986
170273.411807,2522866.126422,0.000183519911910442,0.140025692787667,0.52688566709488,0.183886951734263,0.0897412369242063,0.0592769315470729
170773.411807,2522866.126422,0.00275077938749312,0.175132954337062,0.559691912708601,0.141573445809646,0.0814230698697964,0.0394278378874014
171273.411807,2522866.126422,0.000916254352208173,0.0362836723474437,0.576140736668499,0.324903793293018,0.0483782297965915,0.0133773135422393
171773.411807,2522866.126422,0.00311983850247752,0.0963479537529822,0.492016883831896,0.333455679941274,0.057258212516058,0.0178014314553129
172273.411807,2522866.126422,0.0269576379974326,0.291399229781772,0.0863744727672841,0.235650100861911,0.0834403080872914,0.27617825050431
172773.411807,2522866.126422,0.066577896138482,0.234544416967852,0,0.29560585885486,0.144759368461099,0.258512459577706
169773.411807,2522366.126422,0.000915750915750916,0.0582417582417582,0.474175824175824,0.206227106227106,0.0705128205128205,0.18992673992674
170273.411807,2522366.126422,0.00055045871559633,0.0888073394495413,0.444954128440367,0.30605504587156,0.100366972477064,0.0592660550458716
170773.411807,2522366.126422,0.0150431113557145,0.0656760227481196,0.261786828104935,0.516785910842047,0.0882406897816914,0.0524674371674922
171273.411807,2522366.126422,0.0208791208791209,0.0926739926739927,0.272710622710623,0.277655677655678,0.161904761904762,0.174175824175824
171773.411807,2522366.126422,0.00623853211009174,0.0456880733944954,0.367155963302752,0.483853211009174,0.0429357798165138,0.0541284403669725
172273.411807,2522366.126422,0.0454962392221611,0.165657677490369,0.140524674371675,0.339387268391121,0.0798018712162906,0.229132269308384
172773.411807,2522366.126422,0.128326996197719,0.144486692015209,0.00247148288973384,0.0338403041825095,0.136121673003802,0.554752851711027
170273.411807,2521866.126422,0.000549450549450549,0.11959706959707,0.460622710622711,0.351465201465201,0.0382783882783883,0.0294871794871795
170773.411807,2521866.126422,0.0010989010989011,0.124358974358974,0.483516483516484,0.293406593406593,0.0586080586080586,0.039010989010989
171273.411807,2521866.126422,0.0166850018335167,0.0535386872020535,0.177667766776678,0.494316098276494,0.127429409607627,0.13036303630363
171773.411807,2521866.126422,0.0181318681318681,0.0379120879120879,0.109157509157509,0.530952380952381,0.133699633699634,0.17014652014652
172273.411807,2521866.126422,0.0864468864468864,0.0822344322344322,0.109157509157509,0.34981684981685,0.103113553113553,0.269230769230769
172773.411807,2521866.126422,0.0734678340312143,0.165778454510849,0.0704225352112676,0.134564141606395,0.172820708031976,0.382946326608298
170273.411807,2521366.126422,0.000917599559552211,0.150669847678473,0.430721233253808,0.196366305744173,0.051018535511103,0.17030647825289
170773.411807,2521366.126422,0,0.103245919677242,0.566660553823583,0.289015220979277,0.0262240968274344,0.0148542086924629
171273.411807,2521366.126422,0.00128275609309144,0.0309693971046362,0.561480667033168,0.307494960601063,0.0786146234194612,0.0201575957485798
171773.411807,2521366.126422,0.00403743806202973,0.0574417324279684,0.324463204257662,0.475316571848045,0.0879060378051019,0.0508350155991925
172273.411807,2521366.126422,0.0322758114799193,0.123234916559692,0.0643682376673391,0.502475701448744,0.135521731157161,0.142123601687145
172773.411807,2521366.126422,0.0755183564770782,0.1578847251284,0.0015217804831653,0.225984401750048,0.1578847251284,0.381206011032909
170273.411807,2520866.126422,0.00660550458715596,0.0818348623853211,0.631192660550459,0.118899082568807,0.0392660550458716,0.122201834862385
170773.411807,2520866.126422,0.00403595670519171,0.0770500825536599,0.52926068611264,0.31388736011741,0.0280682443588332,0.0476976701522656
171273.411807,2520866.126422,0.00183150183150183,0.116849816849817,0.582234432234432,0.221245421245421,0.0415750915750916,0.0362637362637363
171773.411807,2520866.126422,0.00990825688073394,0.0840366972477064,0.536880733944954,0.25394495412844,0.0660550458715596,0.0491743119266055
172273.411807,2520866.126422,0.01284168042561,0.0225646670335718,0.102366538249862,0.727939827554577,0.110254999082737,0.0240322876536415
172773.411807,2520866.126422,0.038212927756654,0.0401140684410646,0,0.624714828897338,0.118631178707224,0.178326996197719
170773.411807,2520366.126422,0.0104395604395604,0.195970695970696,0.447435897435897,0.156593406593407,0.0686813186813187,0.120879120879121
171273.411807,2520366.126422,0.00513384671800513,0.171617161716172,0.551888522185552,0.147964796479648,0.0727906123945728,0.0506050605060506
171773.411807,2520366.126422,0.000366300366300366,0.126190476190476,0.473260073260073,0.256959706959707,0.0913919413919414,0.0518315018315018
172273.411807,2520366.126422,0.0434065934065934,0.091025641025641,0.19029304029304,0.347619047619048,0.166300366300366,0.161355311355311
172773.411807,2520366.126422,0.0586220022839741,0.0374952417205938,0.0104682146935668,0.618766653977922,0.158545869813475,0.116102017510468
170773.411807,2519866.126422,0.00623509994498441,0.14414083990464,0.517513295433706,0.184668989547038,0.090408949202274,0.0570328259673574
171273.411807,2519866.126422,0.0126443100604728,0.149349459409932,0.453545904343046,0.254168957302547,0.0678028220634048,0.0624885468205974
171773.411807,2519866.126422,0.00403743806202973,0.159478803450174,0.461552578454762,0.161314002569279,0.0699210864378785,0.143696091025876
172273.411807,2519866.126422,0.0265908674124335,0.0997615991197506,0.247753530166881,0.349715752796626,0.18008435723455,0.0960938932697598
172773.411807,2519866.126422,0.0779912497622218,0.0346205059920107,0,0.503709339927715,0.166254517785809,0.217424386532243
171273.411807,2519366.126422,0,0.0413919413919414,0.570695970695971,0.361172161172161,0.0261904761904762,0.000549450549450549
171773.411807,2519366.126422,0.00165137614678899,0.0888073394495413,0.533394495412844,0.202018348623853,0.0464220183486239,0.127706422018349
172273.411807,2519366.126422,0.0091726288754357,0.133370023848835,0.327279398275546,0.0823702073014126,0.0735644835809943,0.374243258117777
172773.411807,2519366.126422,0.10361216730038,0.237642585551331,0.00190114068441065,0.0891634980988593,0.160456273764259,0.40722433460076
171273.411807,2518866.126422,0,0.0683901723505684,0.535936927026036,0.275210854418775,0.0463879721305464,0.0740740740740741
171773.411807,2518866.126422,0.00311355311355311,0.0285714285714286,0.577838827838828,0.318864468864469,0.0437728937728938,0.0278388278388278
172273.411807,2518866.126422,0.0384615384615385,0.151648351648352,0.202014652014652,0.331135531135531,0.134798534798535,0.141941391941392
172773.411807,2518866.126422,0.262466692044157,0.115531023981728,0,0.0156071564522269,0.0854586981347545,0.520936429387134
171273.411807,2518366.126422,0.00989554700384827,0.0229063588052043,0.71192963166575,0.1456844420011,0.0386659336631849,0.0709180868609126
171773.411807,2518366.126422,0.00917599559552211,0.0838685997430721,0.24499908240044,0.357863828225362,0.143879610937787,0.160212883097816
172273.411807,2518366.126422,0.0843572345497891,0.0867412433522831,0.0258573262424354,0.330460297084174,0.149092242802127,0.323491655969191
172773.411807,2518366.126422,0.224082176146091,0.0642952254137341,0,0.128019783146281,0.135628685562108,0.447974129731786
171773.411807,2517866.126422,0.0392660550458716,0.0601834862385321,0.0414678899082569,0.479633027522936,0.132844036697248,0.246605504587156
172273.411807,2517866.126422,0.0845716382315172,0.154467070262337,0,0.13979086406164,0.167675655842965,0.453494771601541
172773.411807,2517866.126422,0.103041825095057,0.161026615969582,0,0.0403041825095057,0.102091254752852,0.593536121673004
171773.411807,2517366.126422,0.0360805860805861,0.0913919413919414,0.334615384615385,0.182051282051282,0.0675824175824176,0.288278388278388
172273.411807,2517366.126422,0.133516483516484,0.121062271062271,0,0.103663003663004,0.104212454212454,0.537545787545788
172773.411807,2517366.126422,0.0473924628854206,0.175675675675676,0,0.181195279786829,0.121431290445375,0.4743052912067
172273.411807,2516866.126422,0.0657826313052522,0.118044721788872,0,0.0837233489339574,0.0790431617264691,0.65340613624545
172773.411807,2516866.126422,0.0458265139116203,0.1620294599018,0,0.179214402618658,0.134478996181124,0.478450627386798
