"x","y","forest","agri","water","built","other","grass"
198273.411807,2682366.126422,0,0,0.582874954162083,0.416941694169417,0.000183351668500183,0
198773.411807,2682366.126422,0,0,0.943956043956044,0.056043956043956,0,0
197773.411807,2681866.126422,0.0104529616724739,0.0430955437373923,0.555107280396112,0.35191637630662,0.0194388410049514,0.01998899688245
198273.411807,2681866.126422,0,0,0.67601246105919,0.32398753894081,0,0
198773.411807,2681866.126422,0,0,0.162598641952652,0.837401358047348,0,0
197773.411807,2681366.126422,0.0078884608328747,0.0130251330031187,0.353880022014309,0.618602091359384,0.00403595670519171,0.002568336085122
198273.411807,2681366.126422,0.0172161172161172,0.0153846153846154,0.267582417582418,0.697252747252747,0.00238095238095238,0.000183150183150183
198773.411807,2681366.126422,0.203669724770642,0.013394495412844,0.10256880733945,0.575779816513761,0.104036697247706,0.00055045871559633
197273.411807,2680866.126422,0.0126373626373626,0.0567765567765568,0.431684981684982,0.442490842490842,0.0467032967032967,0.00970695970695971
197773.411807,2680866.126422,0,0,0.0551282051282051,0.944871794871795,0,0
198273.411807,2680866.126422,0.122478914558122,0.0669233590025669,0.0194352768610194,0.691602493582692,0.094976164283095,0.00458379171250458
198773.411807,2680866.126422,0.391391941391941,0.0141025641025641,0.0258241758241758,0.44029304029304,0.12014652014652,0.00824175824175824
197273.411807,2680366.126422,0.0262433474031932,0.0247751881079097,0.177830794641219,0.742154523765829,0.017434391631492,0.0115617544503579
197773.411807,2680366.126422,0.0144874381074638,0.0113698881349716,0.0907757197872731,0.864478268842839,0.0170548322024574,0.00183385292499542
198273.411807,2680366.126422,0.0918086860912589,0.0108118013560564,0.137071651090343,0.726223199560198,0.0337181601612608,0.000366501740883269
198773.411807,2680366.126422,0.441365388144614,0.00844191594788034,0.0712057258212516,0.326481923288677,0.152321526885667,0.000183519911910442
196773.411807,2679866.126422,0.0331501831501832,0.204029304029304,0.33021978021978,0.357692307692308,0.0221611721611722,0.0527472527472527
197273.411807,2679866.126422,0.0130275229357798,0.0130275229357798,0.219082568807339,0.731009174311927,0.0104587155963303,0.013394495412844
197773.411807,2679866.126422,0.0194459732159237,0.0385250412768299,0.264355164190057,0.648137956338287,0.0234819299211154,0.00605393505778756
198273.411807,2679866.126422,0.0641025641025641,0.0197802197802198,0.324175824175824,0.572893772893773,0.0186813186813187,0.000366300366300366
198773.411807,2679866.126422,0.202935779816514,0.0811009174311927,0.125688073394495,0.532293577981651,0.053394495412844,0.00458715596330275
196273.411807,2679366.126422,0.000549450549450549,0.204212454212454,0.089010989010989,0.667765567765568,0.0157509157509158,0.0227106227106227
196773.411807,2679366.126422,0.0297029702970297,0.101210121012101,0.138613861386139,0.647048038137147,0.0421708837550422,0.0412541254125413
197273.411807,2679366.126422,0.045970695970696,0.174908424908425,0.109340659340659,0.301282051282051,0.065018315018315,0.303479853479853
197773.411807,2679366.126422,0.0227106227106227,0.141391941391941,0.0880952380952381,0.537912087912088,0.0695970695970696,0.14029304029304
198273.411807,2679366.126422,0.0751741840850752,0.0817748441510818,0.527136046938027,0.184085075174184,0.0669233590025669,0.0649064906490649
198773.411807,2679366.126422,0.0633699633699634,0.0631868131868132,0.13040293040293,0.627838827838828,0.093040293040293,0.0221611721611722
196273.411807,2678866.126422,0.0550155877498625,0.254172015404365,0.00201723821749496,0.199706583532001,0.0280579497524299,0.461030625343847
196773.411807,2678866.126422,0,0,0.0844786512735936,0.914421843503757,0.00109950522264981,0
197273.411807,2678866.126422,0.011194714626537,0.0706551660855203,0.229216369976142,0.636997614241145,0.0209212699577904,0.0310148651128647
197773.411807,2678866.126422,0.0330093526499175,0.113515496057216,0.115349348982212,0.62791124151843,0.0638180817898405,0.046396479002384
198273.411807,2678866.126422,0.0960234561114165,0.126992853216053,0.0157595748579806,0.47645226314825,0.152281473336998,0.132490379329302
198773.411807,2678866.126422,0.158194164066801,0.100201871903101,0.0513855753349238,0.403193246467242,0.126812259130116,0.160212883097816
196773.411807,2678366.126422,0.114835164835165,0.108241758241758,0.161355311355311,0.503479853479853,0.00805860805860806,0.104029304029304
197273.411807,2678366.126422,0.0735779816513761,0.213577981651376,0.0271559633027523,0.471559633027523,0.0493577981651376,0.164770642201835
197773.411807,2678366.126422,0.0104567969179967,0.0405430196294258,0.0425609979820216,0.772151898734177,0.0339387268391121,0.100348559897267
198773.411807,2678366.126422,0.00293577981651376,0.34954128440367,0.0330275229357798,0.272110091743119,0.0853211009174312,0.257064220183486
198273.411807,2677866.126422,0.00715071507150715,0.139347268060139,0.0924092409240924,0.611294462779611,0.0815914924825816,0.0682068206820682
198773.411807,2677866.126422,0.0228937728937729,0.0851648351648352,0.0289377289377289,0.349267399267399,0.1503663003663,0.363369963369963
198273.411807,2677366.126422,0.000916254352208173,0.123694337548103,0.60875939160711,0.126259849734286,0.0146600696353308,0.125710097122961
198773.411807,2677366.126422,0.0623967700495504,0.10790970820334,0.157093044595339,0.265002752798679,0.115250504679758,0.292347219673335
197773.411807,2676866.126422,0,0.0333883691065859,0.911942762795817,0.0478811227297744,0.00110071546505228,0.00568702990277013
198273.411807,2676866.126422,0,0.00494505494505494,0.956227106227106,0.0386446886446886,0.000183150183150183,0
198773.411807,2676866.126422,0,0,0.92,0.08,0,0
197773.411807,2676366.126422,0,0.130586080586081,0.689194139194139,0.163003663003663,0.00476190476190476,0.0124542124542125
198273.411807,2676366.126422,0,0.139347268060139,0.692335900256692,0.126879354602127,0.0196186285295196,0.0218188485515218
198773.411807,2676366.126422,0.00256410256410256,0.0276556776556777,0.535347985347985,0.371794871794872,0.0487179487179487,0.0139194139194139
197273.411807,2675866.126422,0,0.138190493668563,0.662323362084786,0.17434391631492,0.00440447788585061,0.02073775004588
197773.411807,2675866.126422,0,0.178067119017055,0.618741976893453,0.14780854575463,0.00935264991747662,0.0460297084173849
198273.411807,2675866.126422,0.00366501740883269,0.206706981858164,0.486164559281657,0.108851017042331,0.0137438152831226,0.180868609125893
198773.411807,2675866.126422,0.0205542301339695,0.340612956505781,0.248118920902918,0.125160579922922,0.0187190310148651,0.246834281519545
196773.411807,2675366.126422,0,0.122527472527473,0.625274725274725,0.22967032967033,0.00824175824175824,0.0142857142857143
197273.411807,2675366.126422,0,0.121834862385321,0.693577981651376,0.155229357798165,0.0104587155963303,0.0188990825688073
197773.411807,2675366.126422,0.0146762062006971,0.157402311502477,0.330764997248211,0.21830856723537,0.0843881856540084,0.194459732159237
198273.411807,2675366.126422,0.178937728937729,0.145238095238095,0.00695970695970696,0.276556776556777,0.101831501831502,0.29047619047619
198773.411807,2675366.126422,0.20256880733945,0.345504587155963,0.00018348623853211,0.051743119266055,0.0552293577981651,0.344770642201835
196773.411807,2674866.126422,0,0.103410341034103,0.64979831316465,0.233223322332233,0.00953428676200953,0.00403373670700403
197273.411807,2674866.126422,0.00146520146520147,0.177472527472527,0.558974358974359,0.203846153846154,0.0192307692307692,0.039010989010989
197773.411807,2674866.126422,0.0336996336996337,0.143406593406593,0.166666666666667,0.195238095238095,0.123809523809524,0.337179487179487
198273.411807,2674866.126422,0.0253025302530253,0.32031536486982,0,0.300880088008801,0.121195452878621,0.232306563989732
198773.411807,2674866.126422,0.0428571428571429,0.461172161172161,0.000183150183150183,0.185897435897436,0.067032967032967,0.242857142857143
196273.411807,2674366.126422,0,0.134421419402164,0.574912891986063,0.261140656519347,0.0174216027874564,0.0121034293049697
196773.411807,2674366.126422,0.0238226131574125,0.143668682426242,0.463624702217336,0.183250870441635,0.0432472054242258,0.14238592633315
197273.411807,2674366.126422,0.0141310332171041,0.285556982932648,0.102404110846027,0.147917048999816,0.077995962561938,0.371994861442467
197773.411807,2674366.126422,0.0265908674124335,0.184302218962039,0.0306253438474234,0.178984045479553,0.10801393728223,0.471483587016321
198273.411807,2674366.126422,0.0216236027121129,0.54150632215503,0,0.141652922851384,0.0525929998167491,0.242624152464724
198773.411807,2674366.126422,0.0154156726004772,0.608001468159295,0,0.219122774821068,0.0405579005322077,0.116902183886952
195773.411807,2673866.126422,0,0.0902752293577982,0.650825688073394,0.217614678899083,0.0073394495412844,0.0339449541284404
196273.411807,2673866.126422,0.0124747752705926,0.166208035222895,0.241790497156485,0.463951568519538,0.0423775454045129,0.0731975784259769
196773.411807,2673866.126422,0.021978021978022,0.260805860805861,0.0663003663003663,0.14047619047619,0.116300366300366,0.394139194139194
197273.411807,2673866.126422,0.0154128440366972,0.248807339449541,0.0110091743119266,0.0904587155963303,0.0961467889908257,0.538165137614679
197773.411807,2673866.126422,0.0471473124197395,0.569620253164557,0.0130251330031187,0.117593102183086,0.0676940011007155,0.184920198128784
198273.411807,2673866.126422,0.0276556776556777,0.635897435897436,0.000366300366300366,0.202747252747253,0.0406593406593407,0.0926739926739927
198773.411807,2673866.126422,0.023302752293578,0.800183486238532,0.00018348623853211,0.02,0.0177981651376147,0.138532110091743
196273.411807,2673366.126422,0.0296703296703297,0.136813186813187,0.0653846153846154,0.336263736263736,0.139010989010989,0.292857142857143
196773.411807,2673366.126422,0.0364869820315365,0.150715071507151,0.000733406674000733,0.146681334800147,0.11001100110011,0.555372203887055
197273.411807,2673366.126422,0.0208791208791209,0.397619047619048,0.00384615384615385,0.248168498168498,0.0858974358974359,0.243589743589744
197773.411807,2673366.126422,0.0307692307692308,0.392673992673993,0.00531135531135531,0.347069597069597,0.0956043956043956,0.128571428571429
198273.411807,2673366.126422,0.0170517051705171,0.664833149981665,0.000366703337000367,0.161899523285662,0.0658232489915658,0.09002566923359
198773.411807,2673366.126422,0.0333333333333333,0.712454212454212,0.00164835164835165,0.080952380952381,0.0225274725274725,0.149084249084249
195773.411807,2672866.126422,0.0242246283721784,0.334373279500826,0.0394567810607451,0.232886768214351,0.0805652413286842,0.288493301523215
196273.411807,2672866.126422,0.0374105996699065,0.288831835686778,0.00238400880249404,0.298734641481753,0.125435540069686,0.247203374289382
196773.411807,2672866.126422,0.0384826827927433,0.1927799157046,0.00183250870441635,0.183617372182518,0.126809602345611,0.456477918270112
197273.411807,2672866.126422,0.028629106258029,0.124242980363369,0.000183519911910442,0.176729675169756,0.19086070838686,0.479354009910075
197773.411807,2672866.126422,0.0436456996148909,0.157161195672107,0.000733541169998166,0.294883550339263,0.122134604804695,0.381441408399046
198273.411807,2672866.126422,0.0665200659703134,0.343228880337182,0.00146600696353308,0.309144218435038,0.127359354956936,0.152281473336998
198773.411807,2672866.126422,0.0267939071389246,0.606716828775922,0.00422095797394017,0.191778307946412,0.0356028629106258,0.134887135254175
192773.411807,2672366.126422,0.136330275229358,0.207706422018349,0.23394495412844,0.171192660550459,0.0695412844036697,0.181284403669725
193273.411807,2672366.126422,0.0829205650339387,0.128783709411117,0.000733810310034856,0.299944964226747,0.118143459915612,0.36947349110255
193773.411807,2672366.126422,0.0747252747252747,0.449084249084249,0.000183150183150183,0.357326007326007,0.0216117216117216,0.0970695970695971
194273.411807,2672366.126422,0.212293577981651,0.32954128440367,0.00605504587155963,0.32697247706422,0.0176146788990826,0.107522935779817
194773.411807,2672366.126422,0.0449458814896349,0.205833791964777,0.359567051917079,0.18547055586131,0.019262520638415,0.184920198128784
195273.411807,2672366.126422,0.0216117216117216,0.557875457875458,0.0157509157509158,0.15970695970696,0.0371794871794872,0.207875457875458
195773.411807,2672366.126422,0.0211009174311927,0.770275229357798,0.00146788990825688,0.0779816513761468,0.0332110091743119,0.0959633027522936
196273.411807,2672366.126422,0.00990643918547056,0.848468170977802,0.001284168042561,0.0311869381764814,0.0315538433314988,0.077600440286186
196773.411807,2672366.126422,0.0423076923076923,0.497069597069597,0.000549450549450549,0.217765567765568,0.0935897435897436,0.148717948717949
197273.411807,2672366.126422,0.0302752293577982,0.46348623853211,0,0.264403669724771,0.101467889908257,0.140366972477064
197773.411807,2672366.126422,0.0315538433314988,0.235002751788663,0,0.305815446707026,0.133920381581361,0.293707576591451
198273.411807,2672366.126422,0.0554945054945055,0.147619047619048,0,0.204029304029304,0.206776556776557,0.386080586080586
198773.411807,2672366.126422,0.064954128440367,0.437247706422018,0.00036697247706422,0.301100917431193,0.076697247706422,0.119633027522936
192773.411807,2671866.126422,0.01996336996337,0.253846153846154,0.00128205128205128,0.332234432234432,0.095970695970696,0.296703296703297
193273.411807,2671866.126422,0.0725274725274725,0.141941391941392,0.00238095238095238,0.415750915750916,0.143956043956044,0.223443223443223
193773.411807,2671866.126422,0.0392372570590392,0.224972497249725,0.000366703337000367,0.463329666299963,0.0922258892555922,0.17986798679868
194273.411807,2671866.126422,0.0791208791208791,0.131318681318681,0.121428571428571,0.477838827838828,0.0254578754578755,0.164835164835165
194773.411807,2671866.126422,0.00531135531135531,0.516849816849817,0.120879120879121,0.206227106227106,0.0179487179487179,0.132783882783883
195273.411807,2671866.126422,0.0328199486615328,0.774294096076274,0,0.0562889622295563,0.0236523652365237,0.112944627796113
195773.411807,2671866.126422,0.00567765567765568,0.796336996336996,0.000366300366300366,0.0562271062271062,0.0364468864468864,0.104945054945055
196273.411807,2671866.126422,0.032967032967033,0.830952380952381,0,0.0307692307692308,0.0161172161172161,0.0891941391941392
196773.411807,2671866.126422,0.0390539053905391,0.637513751375138,0,0.145581224789146,0.07004033736707,0.107810781078108
197273.411807,2671866.126422,0.0289377289377289,0.604761904761905,0,0.175457875457875,0.0833333333333333,0.107509157509158
197773.411807,2671866.126422,0.0401098901098901,0.186080586080586,0,0.433699633699634,0.173809523809524,0.166300366300366
198273.411807,2671866.126422,0.044004400440044,0.315914924825816,0,0.231389805647231,0.156398973230656,0.252291895856252
198773.411807,2671866.126422,0.0201465201465201,0.712454212454212,0,0.127289377289377,0.0567765567765568,0.0833333333333333
192273.411807,2671366.126422,0.00568077698369067,0.0668865677111966,0.102620487447315,0.744181784863478,0.0289536375297783,0.051676745464541
192773.411807,2671366.126422,0.07469260414755,0.126995779042026,0.00165167920719398,0.52706918700679,0.0915764360433107,0.178014314553129
193273.411807,2671366.126422,0.0370438290849074,0.268842838804328,0,0.297634329726756,0.101228681459747,0.295250320924262
193773.411807,2671366.126422,0.0808136338647609,0.112699285321605,0.0287703866593366,0.352391423859263,0.0348176653839106,0.390507604911123
194273.411807,2671366.126422,0.0242246283721784,0.218939254909158,0.0992842723435493,0.276197467425216,0.0741420444118187,0.30721233253808
194773.411807,2671366.126422,0.0187052998349532,0.602053915275995,0,0.0718870346598203,0.0333761232349166,0.273977626994315
195273.411807,2671366.126422,0.0273043796958036,0.528312259483233,0,0.253619204691222,0.0703683342495877,0.120395821880154
195773.411807,2671366.126422,0.0251422279317306,0.619012662873922,0.000367039823820885,0.146815929528354,0.0407414204441182,0.167920719398055
196273.411807,2671366.126422,0.0445626260773886,0.377773702549056,0.000366770584999083,0.346414817531634,0.100311754997249,0.130570328259674
196773.411807,2671366.126422,0.0606560381161811,0.437786329485065,0.000549752611324904,0.226681326736302,0.0927249404434671,0.18160161260766
197273.411807,2671366.126422,0.0627638098733713,0.284639383373096,0.00183519911910442,0.38594237474766,0.110662506881997,0.154156726004772
197773.411807,2671366.126422,0.0458463231248854,0.0315422703099211,0.00330093526499175,0.763066202090592,0.114249037227214,0.041995231982395
198273.411807,2671366.126422,0.0775151181968114,0.0802638812534359,0.00183250870441635,0.564595931830676,0.141652922851384,0.134139637163277
198773.411807,2671366.126422,0.0767113231785649,0.369609102587631,0.000550559735731327,0.322077445402826,0.104422829877042,0.126628739218205
191773.411807,2670866.126422,0.162905888827738,0.192808658961658,0.00862227114290956,0.156668501192442,0.0511832691249312,0.427811410750321
192273.411807,2670866.126422,0.0516483516483516,0.117765567765568,0.000183150183150183,0.228388278388278,0.116483516483516,0.485531135531136
192773.411807,2670866.126422,0.0489908256880734,0.0431192660550459,0.00036697247706422,0.751376146788991,0.109357798165138,0.0467889908256881
193273.411807,2670866.126422,0.0766831773986425,0.216107136305265,0.0787011557512383,0.277930654925702,0.0884241423592002,0.262153733259952
193773.411807,2670866.126422,0.00879120879120879,0.178205128205128,0.209340659340659,0.470512820512821,0.0413919413919414,0.0917582417582418
194273.411807,2670866.126422,0.0379816513761468,0.334678899082569,0.0825688073394495,0.192844036697248,0.122752293577982,0.229174311926606
194773.411807,2670866.126422,0.0388919464318474,0.615299944964227,0,0.116125481563016,0.0533847000550358,0.176297926985874
195273.411807,2670866.126422,0.0168498168498168,0.685714285714286,0,0.0221611721611722,0.0152014652014652,0.26007326007326
195773.411807,2670866.126422,0.068256880733945,0.255229357798165,0.00348623853211009,0.352660550458716,0.125688073394495,0.194678899082569
196273.411807,2670866.126422,0.0212804989910108,0.762428912126215,0.000183452577508714,0.0431113557145478,0.0185287103283801,0.154467070262337
196773.411807,2670866.126422,0.0358974358974359,0.702197802197802,0.000183150183150183,0.0575091575091575,0.0298534798534799,0.174358974358974
197273.411807,2670866.126422,0.0398165137614679,0.606605504587156,0,0.108807339449541,0.041651376146789,0.203119266055046
197773.411807,2670866.126422,0.0291689598238855,0.384883507613282,0.00330214639515685,0.46927169326729,0.0454962392221611,0.0678774536782242
198273.411807,2670866.126422,0.112087912087912,0.250915750915751,0,0.345787545787546,0.0981684981684982,0.193040293040293
198773.411807,2670866.126422,0.0798165137614679,0.594495412844037,0,0.108990825688073,0.0684403669724771,0.148256880733945
191273.411807,2670366.126422,0.0201465201465201,0.104395604395604,0.139377289377289,0.228388278388278,0.0386446886446886,0.469047619047619
191773.411807,2670366.126422,0.00146520146520147,0.18956043956044,0.0362637362637363,0.31978021978022,0.0379120879120879,0.415018315018315
192273.411807,2670366.126422,0.0636230289695636,0.127062706270627,0.0033003300330033,0.523835716905024,0.136780344701137,0.145397873120645
192773.411807,2670366.126422,0.0657509157509158,0.240842490842491,0.00238095238095238,0.23974358974359,0.126007326007326,0.325274725274725
193273.411807,2670366.126422,0.00695970695970696,0.149267399267399,0.0547619047619048,0.54029304029304,0.0465201465201465,0.202197802197802
193773.411807,2670366.126422,0.024019068573524,0.665933259992666,0.00898423175650898,0.113127979464613,0.0421708837550422,0.145764576457646
194273.411807,2670366.126422,0.0494505494505494,0.379120879120879,0.0115384615384615,0.216117216117216,0.121428571428571,0.222344322344322
194773.411807,2670366.126422,0.0336996336996337,0.440659340659341,0.00494505494505494,0.147252747252747,0.107509157509158,0.265934065934066
195273.411807,2670366.126422,0.0898423175650898,0.345434543454345,0.000366703337000367,0.183168316831683,0.124862486248625,0.256325632563256
195773.411807,2670366.126422,0.0525641025641026,0.405494505494505,0,0.282417582417582,0.0822344322344322,0.177289377289377
196273.411807,2670366.126422,0.0184981684981685,0.757142857142857,0.000732600732600733,0.105128205128205,0.0298534798534799,0.0886446886446886
196773.411807,2670366.126422,0.0227356068940227,0.856618995232857,0,0.0559222588925559,0.0121012101210121,0.0526219288595526
197273.411807,2670366.126422,0.0622710622710623,0.592307692307692,0.00146520146520147,0.234432234432234,0.0633699633699634,0.0461538461538462
197773.411807,2670366.126422,0.0692307692307692,0.636996336996337,0.000549450549450549,0.175824175824176,0.0452380952380952,0.0721611721611722
198273.411807,2670366.126422,0.0135680234690136,0.810964429776311,0,0.0797579757975798,0.0104510451045105,0.0852585258525853
198773.411807,2670366.126422,0.0463369963369963,0.785714285714286,0,0.0655677655677656,0.0172161172161172,0.0851648351648352
190773.411807,2669866.126422,0.0153930731170973,0.0672530694520799,0.294484148799707,0.488363569726956,0.011544804837823,0.122961334066337
191273.411807,2669866.126422,0.017434391631492,0.100568911726922,0.154340245916682,0.432739952284823,0.0679023674068636,0.227014131033217
191773.411807,2669866.126422,0.0469466348798826,0.114065651934715,0.00476801760498808,0.355400696864112,0.191637630662021,0.287181368054282
192273.411807,2669866.126422,0.0161260765988638,0.0698185816382628,0.0558915154846986,0.688656771119663,0.114715044896463,0.0547920102620487
192773.411807,2669866.126422,0.0598274912828042,0.1370893741971,0.0981831528720866,0.4481556248853,0.0598274912828042,0.196916865479905
193273.411807,2669866.126422,0.00990280579497524,0.374289381991564,0.0487804878048781,0.234549789106914,0.0493306436823767,0.283146891619292
193773.411807,2669866.126422,0.0179585853032802,0.595748579805754,0.00568077698369067,0.112699285321605,0.0395821880153931,0.228330584570277
194273.411807,2669866.126422,0.0273444668746559,0.715727656450725,0,0.0991007524316388,0.031932464672417,0.125894659570563
194773.411807,2669866.126422,0.0262240968274344,0.641298367870897,0.0022006235099945,0.143040528149642,0.0502475701448744,0.136988813497158
195273.411807,2669866.126422,0.0831958951805021,0.117097306212205,0.000733003481766538,0.470771486164559,0.16932380428807,0.158878504672897
195773.411807,2669866.126422,0.0478986970086254,0.436226830611121,0,0.258396035969903,0.102587630757937,0.154890805652413
196273.411807,2669866.126422,0.0297084173849257,0.728222996515679,0.000183385292499542,0.126902622409683,0.0370438290849074,0.0779387493123052
196773.411807,2669866.126422,0.030602895363753,0.827927432655305,0.000366501740883269,0.0943741982774418,0.0161260765988638,0.030602895363753
197273.411807,2669866.126422,0.0673518076711323,0.520278950266104,0.000183519911910442,0.296935217471096,0.0453294182418792,0.0699210864378785
197773.411807,2669866.126422,0.0654685494223363,0.559325142123602,0.0181551439574546,0.229048230331927,0.0573995965523565,0.0706033376123235
198273.411807,2669866.126422,0.0502107385010079,0.198277441817849,0.0131940626717977,0.561297416162727,0.0773318673263698,0.0996884735202492
198773.411807,2669866.126422,0.0701046063497889,0.589649476968251,0,0.129565057808772,0.0992842723435493,0.111396586529638
190273.411807,2669366.126422,0,0,0.425243074665199,0.574756925334801,0,0
190773.411807,2669366.126422,0.0642857142857143,0.0794871794871795,0.31025641025641,0.0904761904761905,0.0108058608058608,0.444688644688645
191273.411807,2669366.126422,0.0622018348623853,0.086605504587156,0.0055045871559633,0.222935779816514,0.0888073394495413,0.53394495412844
191773.411807,2669366.126422,0.0220143093010457,0.182902219776188,0.00935608145294441,0.371674922032655,0.135204549623922,0.278847917813245
192273.411807,2669366.126422,0.0146520146520147,0.0847985347985348,0.0192307692307692,0.684432234432234,0.113919413919414,0.082967032967033
192773.411807,2669366.126422,0.0722935779816514,0.116330275229358,0.227339449541284,0.389357798165138,0.0486238532110092,0.14605504587156
193273.411807,2669366.126422,0.00715465052283985,0.756374977068428,0.0317372959090075,0.0823702073014126,0.0150431113557145,0.107319757842598
193773.411807,2669366.126422,0.0340659340659341,0.631135531135531,0.00695970695970696,0.132417582417582,0.0468864468864469,0.148534798534799
194273.411807,2669366.126422,0.0321100917431193,0.726605504587156,0.0102752293577982,0.0311926605504587,0.0313761467889908,0.168440366972477
194773.411807,2669366.126422,0.0709961474958723,0.279398275545771,0.000733810310034856,0.23390203632361,0.164373509447808,0.250596220876903
195273.411807,2669366.126422,0.0316849816849817,0.40018315018315,0.000366300366300366,0.28003663003663,0.0796703296703297,0.208058608058608
195773.411807,2669366.126422,0.0324770642201835,0.596880733944954,0.00201834862385321,0.119082568807339,0.0343119266055046,0.215229357798165
196273.411807,2669366.126422,0.072463768115942,0.381031003485599,0.0117409649605577,0.341955604476243,0.066042927903137,0.126765731058521
196773.411807,2669366.126422,0.0468864468864469,0.766117216117216,0,0.0826007326007326,0.0263736263736264,0.078021978021978
197273.411807,2669366.126422,0.06,0.711009174311927,0,0.134862385321101,0.031743119266055,0.0623853211009174
197773.411807,2669366.126422,0.0726472206934507,0.604109337736195,0.000183452577508714,0.248394789946799,0.0341221794166208,0.0405430196294258
198273.411807,2669366.126422,0.0906593406593407,0.44010989010989,0.000549450549450549,0.245604395604396,0.0805860805860806,0.142490842490842
198773.411807,2669366.126422,0.0568807339449541,0.656880733944954,0,0.11302752293578,0.0561467889908257,0.117064220183486
