"x","y","forest","agri","water","built","other","grass"
152773.411807,2558366.126422,0.0586046511627907,0.0330232558139535,0.383255813953488,0.456976744186047,0.0681395348837209,0
153273.411807,2558366.126422,0.00162639405204461,0.000232342007434944,0.989544609665427,0.00673791821561338,0.00185873605947955,0
153773.411807,2558366.126422,0,0,0.390130353817505,0.609869646182495,0,0
154273.411807,2558366.126422,0,0,0,1,0,0
154773.411807,2558366.126422,0,0,0,1,0,0
155273.411807,2558366.126422,0.0258379888268156,0.0824022346368715,0,0.879888268156425,0.0104748603351955,0.00139664804469274
155773.411807,2558366.126422,0,0.0690697674418605,0.0318604651162791,0.83953488372093,0.0274418604651163,0.032093023255814
156273.411807,2558366.126422,0,0.0441449814126394,0.510223048327137,0.39707249070632,0.0113847583643123,0.0371747211895911
156773.411807,2558366.126422,0,0.0456238361266294,0.81610800744879,0.108007448789572,0.0135009310986965,0.0167597765363128
157273.411807,2558366.126422,0.000232558139534884,0.0302325581395349,0.636744186046512,0.314651162790698,0.0167441860465116,0.0013953488372093
157773.411807,2558366.126422,0.00371747211895911,0.0413568773234201,0.7932156133829,0.116171003717472,0.0262546468401487,0.0192843866171004
158273.411807,2558366.126422,0.0121042830540037,0.0723929236499069,0.551675977653631,0.180633147113594,0.0651769087523277,0.118016759776536
158773.411807,2558366.126422,0.000930232558139535,0.0793023255813954,0.664418604651163,0.107209302325581,0.0581395348837209,0.09
159273.411807,2558366.126422,0.00627323420074349,0.0652881040892193,0.562732342007435,0.171933085501859,0.0427509293680297,0.151022304832714
159773.411807,2558366.126422,0.00861266294227188,0.146415270018622,0.322160148975791,0.20135009310987,0.029096834264432,0.292364990689013
160273.411807,2558366.126422,0.0334542523176139,0.155179363160016,0.285771866182991,0.2273276904474,0.0153164046755341,0.282950423216445
152773.411807,2557866.126422,0,0.0021978021978022,0.836813186813187,0.153479853479853,0.00604395604395604,0.00146520146520147
153273.411807,2557866.126422,0,0,0.574440777411074,0.425559222588926,0,0
153773.411807,2557866.126422,0,0,0.0294871794871795,0.970512820512821,0,0
154273.411807,2557866.126422,0.00128205128205128,0.0897435897435897,0,0.88956043956044,0.00897435897435897,0.0104395604395604
154773.411807,2557866.126422,0.00366703337000367,0.0724239090575724,0,0.917675100843418,0.00238357169050238,0.00385038503850385
155273.411807,2557866.126422,0.0866300366300366,0.254212454212454,0.26025641025641,0.379487179487179,0.0194139194139194,0
155773.411807,2557866.126422,0,0.0743589743589744,0.632051282051282,0.234981684981685,0.0357142857142857,0.0228937728937729
156273.411807,2557866.126422,0,0.0231023102310231,0.725705903923726,0.218188485515218,0.0267693436010268,0.00623395672900623
156773.411807,2557866.126422,0.0043956043956044,0.0646520146520147,0.7003663003663,0.0721611721611722,0.00549450549450549,0.152930402930403
157273.411807,2557866.126422,0.00897435897435897,0.0338827838827839,0.826007326007326,0.113369963369963,0.0141025641025641,0.00366300366300366
157773.411807,2557866.126422,0.00238357169050238,0.088008800880088,0.628162816281628,0.160799413274661,0.0498716538320499,0.0707737440410708
158273.411807,2557866.126422,0,0.0562271062271062,0.50970695970696,0.254761904761905,0.0776556776556777,0.101648351648352
158773.411807,2557866.126422,0.0032967032967033,0.124542124542125,0.471245421245421,0.115750915750916,0.043956043956044,0.241208791208791
159273.411807,2557866.126422,0.000183351668500183,0.0696736340300697,0.613311331133113,0.214704803813715,0.0359369270260359,0.0661899523285662
159773.411807,2557866.126422,0.00183150183150183,0.168315018315018,0.106776556776557,0.467765567765568,0.0408424908424908,0.214468864468864
160273.411807,2557866.126422,0.00251335218347471,0.154571159283695,0.358781024191015,0.357838517122212,0.0348727615457116,0.0914231856738926
152273.411807,2557366.126422,0,0,0.995044962378418,0.00495503762158194,0,0
152773.411807,2557366.126422,0,0.00476801760498808,0.598936365303503,0.392261140656519,0.00348432055749129,0.000550155877498625
153273.411807,2557366.126422,0.00146600696353308,0.0934579439252336,0.162910023822613,0.693421293751145,0.0207073483599047,0.0280373831775701
153773.411807,2557366.126422,0,0.119471462653698,0.000550559735731327,0.859423747476601,0.0082583960359699,0.0122958340979996
154273.411807,2557366.126422,0,0.0693196405648267,0.188336695397029,0.718320190720704,0.0143040528149642,0.0097194205024757
154773.411807,2557366.126422,0.00219901044529962,0.0586402785413231,0.501557632398754,0.383177570093458,0.024555616639179,0.0298698918819864
155273.411807,2557366.126422,0.0196366305744173,0.135988254725638,0.562672049917416,0.167737199486144,0.0482657368324463,0.0657001284639383
155773.411807,2557366.126422,0.0148542086924629,0.190353933614524,0.332477535301669,0.185219145424537,0.0469466348798826,0.230148542086925
156273.411807,2557366.126422,0,0.123694337548103,0.328019058090526,0.435953820780649,0.0315191497159611,0.0808136338647609
156773.411807,2557366.126422,0.000917599559552211,0.165718480455129,0.29473297852817,0.388695173426317,0.0328500642319692,0.117085703798862
157273.411807,2557366.126422,0.00568494406748579,0.0429121584448927,0.665138455895837,0.241885200806895,0.0201723821749496,0.0242068586099395
157773.411807,2557366.126422,0,0.0628550485614807,0.747297049660986,0.103719992669965,0.0263881253435954,0.0597397837639729
158273.411807,2557366.126422,0.000367039823820885,0.0537713341897596,0.714443017067352,0.135988254725638,0.0497338961277299,0.0456964580657001
158773.411807,2557366.126422,0,0.0894920227397763,0.569411333211077,0.273794241701815,0.0441958554923895,0.0231065468549422
159273.411807,2557366.126422,0.000916254352208173,0.0700018325087044,0.352208172988822,0.474436503573392,0.0439802089059923,0.0584570276708814
159773.411807,2557366.126422,0.00550559735731327,0.0831345200954303,0.00330335841438796,0.727839970636814,0.0578087722517893,0.122407781244265
160273.411807,2557366.126422,0.0144699591066373,0.0915382195659012,0.462409562755584,0.243472790185593,0.0972003774771941,0.0909090909090909
151773.411807,2556866.126422,0,0.0664835164835165,0.737912087912088,0.16959706959707,0.00201465201465201,0.023992673992674
152273.411807,2556866.126422,0,0.0337614678899083,0.660183486238532,0.245504587155963,0.00568807339449541,0.0548623853211009
152773.411807,2556866.126422,0,0.130251330031187,0.189323059988993,0.525958539717483,0.0185287103283801,0.135938359933957
153273.411807,2556866.126422,0.000732600732600733,0.0701465201465201,0.530769230769231,0.38992673992674,0.00769230769230769,0.000732600732600733
153773.411807,2556866.126422,0.00220183486238532,0.0924770642201835,0.476146788990826,0.382935779816514,0.0372477064220183,0.00899082568807339
154273.411807,2556866.126422,0.000183452577508714,0.0539350577875619,0.73325995230233,0.183636030086223,0.0181618051733627,0.0108237020730141
154773.411807,2556866.126422,0,0.0327838827838828,0.85018315018315,0.0967032967032967,0.0159340659340659,0.0043956043956044
155273.411807,2556866.126422,0.0121100917431193,0.115412844036697,0.541100917431193,0.196330275229358,0.0339449541284404,0.101100917431193
155773.411807,2556866.126422,0,0.112823335167859,0.481012658227848,0.187855439368923,0.0194459732159237,0.198862594019446
156273.411807,2556866.126422,0,0.122527472527473,0.607509157509157,0.093040293040293,0.00787545787545788,0.169047619047619
156773.411807,2556866.126422,0.0018348623853211,0.0739449541284404,0.652293577981651,0.215412844036697,0.0291743119266055,0.0273394495412844
157273.411807,2556866.126422,0,0.0497156485048615,0.844799119427628,0.0851219959640433,0.0121078701155751,0.00825536598789213
157773.411807,2556866.126422,0.00183150183150183,0.0487179487179487,0.811721611721612,0.0932234432234432,0.0186813186813187,0.0258241758241758
158273.411807,2556866.126422,0,0.111192660550459,0.56348623853211,0.237614678899083,0.04,0.0477064220183486
158773.411807,2556866.126422,0.00091726288754357,0.13410383415887,0.464685378829573,0.280498991010824,0.0293524124013942,0.090442120711796
159273.411807,2556866.126422,0.0582417582417582,0.111355311355311,0.324175824175824,0.282417582417582,0.0826007326007326,0.141208791208791
159773.411807,2556866.126422,0.00844036697247706,0.115229357798165,0.210275229357798,0.410825688073394,0.024954128440367,0.230275229357798
160273.411807,2556866.126422,0.00535096002518099,0.110796348756689,0.626377085300598,0.166194523135033,0.022977651872836,0.0683034309096632
151773.411807,2556366.126422,0.0044004400440044,0.154382104877154,0.488448844884488,0.0947928126145948,0.0221855518885222,0.235790245691236
152273.411807,2556366.126422,0,0.172161172161172,0.330952380952381,0.278205128205128,0.0441391941391941,0.174542124542125
152773.411807,2556366.126422,0,0.0835164835164835,0.584432234432234,0.287912087912088,0.0201465201465201,0.023992673992674
153273.411807,2556366.126422,0,0.0507884121745508,0.644297763109644,0.272277227722772,0.015951595159516,0.0166850018335167
153773.411807,2556366.126422,0,0.0269230769230769,0.648534798534799,0.32014652014652,0.00366300366300366,0.000732600732600733
154273.411807,2556366.126422,0,0.032051282051282,0.752197802197802,0.203479853479853,0.00787545787545788,0.0043956043956044
154773.411807,2556366.126422,0.000916758342500917,0.0792079207920792,0.5995599559956,0.260726072607261,0.0201686835350202,0.0394206087275394
155273.411807,2556366.126422,0.0102564102564103,0.152014652014652,0.205494505494505,0.495054945054945,0.0756410256410256,0.0615384615384615
155773.411807,2556366.126422,0,0.148901098901099,0.295604395604396,0.461355311355311,0.0157509157509158,0.0783882783882784
156273.411807,2556366.126422,0,0.116611661166117,0.589108910891089,0.216171617161716,0.0319031903190319,0.0462046204620462
156773.411807,2556366.126422,0.00293040293040293,0.144139194139194,0.391758241758242,0.253663003663004,0.0549450549450549,0.152564102564103
157273.411807,2556366.126422,0,0.126007326007326,0.684615384615385,0.135531135531136,0.0183150183150183,0.0355311355311355
157773.411807,2556366.126422,0,0.0863586358635864,0.734140080674734,0.0551888522185552,0.013017968463513,0.111294462779611
158273.411807,2556366.126422,0.00201465201465201,0.119047619047619,0.595054945054945,0.146336996336996,0.0379120879120879,0.0996336996336996
158773.411807,2556366.126422,0.0340659340659341,0.302014652014652,0.178754578754579,0.215384615384615,0.045970695970696,0.223809523809524
159273.411807,2556366.126422,0.0870920425375871,0.213237990465713,0.102310231023102,0.334250091675834,0.121745507884122,0.141364136413641
159773.411807,2556366.126422,0.158241758241758,0.244871794871795,0.0128205128205128,0.199450549450549,0.0820512820512821,0.302564102564103
160273.411807,2556366.126422,0.0672321709079485,0.109644989004084,0.130065975494816,0.434181589695256,0.0898523405592209,0.169022934338674
151273.411807,2555866.126422,0,0.0500641848523748,0.649550706033376,0.121401063634696,0.0344764349899138,0.144507610489639
151773.411807,2555866.126422,0,0.159611508154664,0.233644859813084,0.225581821513652,0.0346344145134689,0.346527396005131
152273.411807,2555866.126422,0,0.127546338777757,0.598825472563773,0.145714810056891,0.0262433474031932,0.101670031198385
152773.411807,2555866.126422,0,0.0385109114249037,0.882633412800293,0.0629011553273428,0.00880249403997799,0.00715202640748212
153273.411807,2555866.126422,0,0.0203408466190214,0.610775151181968,0.352574674729705,0.0142935678944475,0.00201575957485798
153773.411807,2555866.126422,0,0.0150486327766563,0.566158928243714,0.411818682327033,0.00605615709304459,0.000917599559552211
154273.411807,2555866.126422,0.000183385292499542,0.105996699064735,0.618741976893453,0.248853841921878,0.015587749862461,0.0106363469649734
154773.411807,2555866.126422,0.0131940626717977,0.112516034451164,0.238042880703683,0.547370350009163,0.0399486897562763,0.0489279824079164
155273.411807,2555866.126422,0.00715727656450725,0.170673518076711,0.590750596439714,0.196916865479905,0.00862543585979079,0.0258763075793724
155773.411807,2555866.126422,0.0128369704749679,0.367320740876582,0.370805061434073,0.0916926462497708,0.0110031175499725,0.146341463414634
156273.411807,2555866.126422,0.00787978742899029,0.172255818215137,0.396554883635697,0.229430089792927,0.0524097489463075,0.141469671980942
156773.411807,2555866.126422,0.0231235089007157,0.1493852082951,0.326665443200587,0.322811525050468,0.0800146815929528,0.0979996329601762
157273.411807,2555866.126422,0.00513478818998716,0.163029525032092,0.45589583715386,0.0951769668072621,0.0724371905373189,0.208325692279479
157773.411807,2555866.126422,0.0216236027121129,0.264980758658604,0.245006413780465,0.107934762690123,0.0734835990470955,0.2869708631116
158273.411807,2555866.126422,0.0168838318957607,0.221875573499725,0.142044411818682,0.429069554046614,0.0873554780693705,0.102771150669848
158773.411807,2555866.126422,0.00880249403997799,0.265541903539336,0.0190720704199523,0.549422336328626,0.0691362552723272,0.0880249403997799
159273.411807,2555866.126422,0.0597397837639729,0.258200476452263,0.00256551218618288,0.451163643027304,0.133773135422393,0.0945574491478835
159773.411807,2555866.126422,0.124059460451459,0.0812993209763259,0.00183519911910442,0.124977060011011,0.119287942741787,0.548541016700312
160273.411807,2555866.126422,0.139351997483485,0.151305441962881,0,0.107266435986159,0.117647058823529,0.484429065743945
151273.411807,2555366.126422,0.00275178866263071,0.0733810310034856,0.599706475875986,0.0667767382131719,0.0687947165657677,0.188589249678958
151773.411807,2555366.126422,0,0.278571428571429,0.358424908424908,0.167948717948718,0.010989010989011,0.184065934065934
152273.411807,2555366.126422,0.00146788990825688,0.177614678899083,0.66256880733945,0.0776146788990826,0.0328440366972477,0.0478899082568807
152773.411807,2555366.126422,0.000550357732526142,0.00807191341038342,0.912493120528343,0.0574206567602275,0.0124747752705926,0.00898917629792699
153273.411807,2555366.126422,0,0.0271062271062271,0.781501831501832,0.18021978021978,0.0106227106227106,0.000549450549450549
153773.411807,2555366.126422,0,0.0511926605504587,0.72091743119266,0.177614678899083,0.0388990825688073,0.0113761467889908
154273.411807,2555366.126422,0.000366905155017428,0.0465969546872134,0.701339203815814,0.209135938359934,0.0304531278664465,0.0121078701155751
154773.411807,2555366.126422,0.0664835164835165,0.0833333333333333,0.598717948717949,0.179304029304029,0.03003663003663,0.0421245421245421
155273.411807,2555366.126422,0.00935779816513761,0.220917431192661,0.378165137614679,0.299266055045872,0.0159633027522936,0.0763302752293578
155773.411807,2555366.126422,0.0143093010456797,0.174279948633278,0.192258301229132,0.5221060355898,0.0232984773436067,0.073747936158503
156273.411807,2555366.126422,0.00805860805860806,0.183699633699634,0.312087912087912,0.306776556776557,0.0391941391941392,0.15018315018315
156773.411807,2555366.126422,0.00642201834862385,0.162385321100917,0.450642201834862,0.11651376146789,0.0787155963302752,0.185321100917431
157273.411807,2555366.126422,0.00953953403045313,0.13979086406164,0.467620620069712,0.142542652724271,0.0497156485048615,0.190790680609063
157773.411807,2555366.126422,0.0313186813186813,0.111904761904762,0.252564102564103,0.4996336996337,0.0326007326007326,0.071978021978022
158273.411807,2555366.126422,0.00715596330275229,0.218348623853211,0.0990825688073395,0.505137614678899,0.100550458715596,0.0697247706422018
158773.411807,2555366.126422,0.00293524124013942,0.214456063107687,0.148229682627041,0.530361401577692,0.0517336268574573,0.0522839845899835
159273.411807,2555366.126422,0.0547619047619048,0.268315018315018,0.152930402930403,0.353479853479854,0.0798534798534798,0.0906593406593407
159773.411807,2555366.126422,0.0297247706422018,0.295229357798165,0.00917431192660551,0.440183486238532,0.136880733944954,0.0888073394495413
160273.411807,2555366.126422,0.0248662259993705,0.366068618193264,0,0.436260623229462,0.0953729933899906,0.0774315391879131
151273.411807,2554866.126422,0.00256410256410256,0.128205128205128,0.656043956043956,0.0591575091575092,0.0417582417582418,0.112271062271062
151773.411807,2554866.126422,0,0.141914191419142,0.376604327099377,0.0918591859185919,0.0190685735240191,0.370553722038871
152273.411807,2554866.126422,0,0.122161172161172,0.753296703296703,0.0313186813186813,0.0324175824175824,0.0608058608058608
152773.411807,2554866.126422,0.000183150183150183,0.017032967032967,0.876739926739927,0.0860805860805861,0.0181318681318681,0.00183150183150183
153273.411807,2554866.126422,0.00311697836450312,0.0174184085075174,0.875320865419875,0.0946094609460946,0.00916758342500917,0.000366703337000367
153773.411807,2554866.126422,0.00311355311355311,0.0214285714285714,0.852014652014652,0.114285714285714,0.00897435897435897,0.000183150183150183
154273.411807,2554866.126422,0.000549450549450549,0.0695970695970696,0.818681318681319,0.106959706959707,0.0021978021978022,0.00201465201465201
154773.411807,2554866.126422,0.0170517051705171,0.152365236523652,0.625229189585625,0.119361936193619,0.0271360469380271,0.0588558855885589
155273.411807,2554866.126422,0.00641025641025641,0.126739926739927,0.528571428571429,0.0597069597069597,0.0441391941391941,0.234432234432234
155773.411807,2554866.126422,0.0362637362637363,0.204029304029304,0.353663003663004,0.0684981684981685,0.0505494505494506,0.286996336996337
156273.411807,2554866.126422,0.0102676934360103,0.124679134580125,0.276677667766777,0.218555188852219,0.1002933626696,0.26952695269527
156773.411807,2554866.126422,0.0384615384615385,0.136630036630037,0.432234432234432,0.154395604395604,0.093956043956044,0.144322344322344
157273.411807,2554866.126422,0.00164835164835165,0.178388278388278,0.489377289377289,0.148351648351648,0.0695970695970696,0.112637362637363
157773.411807,2554866.126422,0.0891089108910891,0.117711771177118,0.041987532086542,0.463329666299963,0.132196552988632,0.155665566556656
158273.411807,2554866.126422,0.00641025641025641,0.116300366300366,0.108424908424908,0.664652014652015,0.0428571428571429,0.0613553113553114
158773.411807,2554866.126422,0.00164835164835165,0.382783882783883,0,0.553846153846154,0.0413919413919414,0.0203296703296703
159273.411807,2554866.126422,0.0128346167950128,0.186651998533187,0.295929592959296,0.381921525485882,0.0313531353135314,0.0913091309130913
159773.411807,2554866.126422,0.0173992673992674,0.221794871794872,0.296703296703297,0.131868131868132,0.0877289377289377,0.244505494505494
160273.411807,2554866.126422,0.0527803958529689,0.295947219604147,0.135721017907634,0.149544454916745,0.12598177819667,0.240025133521835
151273.411807,2554366.126422,0,0.0629011553273428,0.580597836053549,0.218411883366954,0.0254905556574363,0.112598569594719
151773.411807,2554366.126422,0.00201575957485798,0.168957302547187,0.327102803738318,0.104636247022173,0.0489279824079164,0.348359904709547
152273.411807,2554366.126422,0,0.0337676637915214,0.895210130299137,0.0328500642319692,0.0227564690768948,0.0154156726004772
152773.411807,2554366.126422,0.00128369704749679,0.0467632495873831,0.67614157344581,0.248303686044379,0.010819732257473,0.0166880616174583
153273.411807,2554366.126422,0,0.0351841671247938,0.867326369800257,0.0787978742899029,0.0175920835623969,0.00109950522264981
153773.411807,2554366.126422,0.000550559735731327,0.0489998164800881,0.679757753716278,0.24481556248853,0.0168838318957607,0.00899247568361167
154273.411807,2554366.126422,0.00715202640748212,0.0803227581147992,0.599486521181001,0.270493306436824,0.00605171465248487,0.0364936732074088
154773.411807,2554366.126422,0.00201575957485798,0.078248121678578,0.770569910207073,0.0754993586219534,0.0238226131574125,0.0498442367601246
155273.411807,2554366.126422,0.00917599559552211,0.0946962745457882,0.486144246650762,0.0614791704899982,0.0581758120756102,0.29032850064232
155773.411807,2554366.126422,0.0144874381074638,0.16412983678709,0.35595085274161,0.275077938749312,0.0579497524298551,0.132404181184669
156273.411807,2554366.126422,0.00366501740883269,0.168224299065421,0.352574674729705,0.299431922301631,0.131574124977094,0.0445299615173172
156773.411807,2554366.126422,0.0262433474031932,0.0313819049366856,0.0820334006239677,0.369976142411452,0.21581941640668,0.274545788218022
157273.411807,2554366.126422,0.0188886851274528,0.111681643132221,0.197505960022006,0.322024573629195,0.179534201357051,0.170364936732074
157773.411807,2554366.126422,0.0186915887850467,0.22081729888217,0.122045079714129,0.329668315924501,0.116364302730438,0.192413413963716
158273.411807,2554366.126422,0.000917599559552211,0.260781794824739,0.226096531473665,0.412369242062764,0.0675353275830428,0.0322995044962378
158773.411807,2554366.126422,0.00715202640748212,0.310654685494223,0.407665505226481,0.209609389326976,0.0280579497524299,0.0368604437924078
159273.411807,2554366.126422,0.00842954004031519,0.113982041414697,0.499725123694338,0.160894264247755,0.0542422576507238,0.162726772952172
159773.411807,2554366.126422,0.0119287942741787,0.154156726004772,0.506698476784731,0.17012295834098,0.0453294182418792,0.111763626353459
160273.411807,2554366.126422,0,0.122680088078012,0.597357659641397,0.106637307329349,0.0352312047813778,0.138093740169865
151273.411807,2553866.126422,0.00110071546505228,0.0548523206751055,0.48504861493304,0.416253898367272,0.0203632361034673,0.0223812144560631
151773.411807,2553866.126422,0.00183150183150183,0.0981684981684982,0.516849816849817,0.314835164835165,0.0115384615384615,0.0567765567765568
152273.411807,2553866.126422,0.00036697247706422,0.0313761467889908,0.848623853211009,0.106238532110092,0.00954128440366972,0.00385321100917431
152773.411807,2553866.126422,0.00146762062006971,0.0596220876903321,0.582095028435149,0.327095945698037,0.0168776371308017,0.01284168042561
153273.411807,2553866.126422,0.000732600732600733,0.0336996336996337,0.78956043956044,0.143040293040293,0.0265567765567766,0.00641025641025641
153773.411807,2553866.126422,0.00440366972477064,0.0519266055045872,0.804036697247706,0.124220183486239,0.00678899082568807,0.00862385321100917
154273.411807,2553866.126422,0,0.125665015593469,0.665199046046597,0.124013942395891,0.0299027701339204,0.0552192258301229
154773.411807,2553866.126422,0.00128205128205128,0.165567765567766,0.526556776556777,0.120879120879121,0.05,0.135714285714286
155273.411807,2553866.126422,0.00917431192660551,0.135779816513761,0.27302752293578,0.181467889908257,0.0427522935779817,0.357798165137615
155773.411807,2553866.126422,0,0.200697119794533,0.40231150247661,0.150798018712163,0.101999633094845,0.144193725921849
156273.411807,2553866.126422,0,0.148351648351648,0.0987179487179487,0.576739926739927,0.110622710622711,0.0655677655677656
156773.411807,2553866.126422,0.0106422018348624,0.0526605504587156,0.295229357798165,0.35302752293578,0.145688073394495,0.142752293577982
157273.411807,2553866.126422,0,0.121445606310769,0.633645202715098,0.155751238304898,0.0456796917996698,0.0434782608695652
157773.411807,2553866.126422,0.0108058608058608,0.0267399267399267,0.415567765567766,0.263186813186813,0.0243589743589744,0.259340659340659
158273.411807,2553866.126422,0.00146788990825688,0.098348623853211,0.208073394495413,0.107522935779817,0.0530275229357798,0.531559633027523
158773.411807,2553866.126422,0.00091726288754357,0.466336452027151,0.150981471289672,0.293340671436434,0.0517336268574573,0.0366905155017428
159273.411807,2553866.126422,0,0.435347985347985,0.0853479853479854,0.315201465201465,0.0532967032967033,0.110805860805861
159773.411807,2553866.126422,0,0.480917431192661,0.184770642201835,0.158532110091743,0.0607339449541284,0.115045871559633
160273.411807,2553866.126422,0.00503619767075858,0.489770223481272,0.259364180044067,0.126219704123387,0.0698772426817753,0.0497324519987409
151273.411807,2553366.126422,0.00164835164835165,0.034981684981685,0.194688644688645,0.586446886446886,0.028021978021978,0.154212454212454
151773.411807,2553366.126422,0,0.061972863953062,0.465529886321966,0.373854052071874,0.0342867620095343,0.0643564356435644
152273.411807,2553366.126422,0.000549450549450549,0.0298534798534799,0.237728937728938,0.656776556776557,0.0238095238095238,0.0512820512820513
152773.411807,2553366.126422,0.0032967032967033,0.0258241758241758,0.36996336996337,0.546153846153846,0.0172161172161172,0.0375457875457875
153273.411807,2553366.126422,0,0.061972863953062,0.607444077741107,0.278694536120279,0.0170517051705171,0.0348368170150348
153773.411807,2553366.126422,0.0021978021978022,0.111904761904762,0.621611721611722,0.143040293040293,0.0245421245421245,0.0967032967032967
154273.411807,2553366.126422,0,0.156410256410256,0.586446886446886,0.0769230769230769,0.0326007326007326,0.147619047619048
154773.411807,2553366.126422,0,0.166666666666667,0.51045104510451,0.0892922625595893,0.030986431976531,0.202603593692703
155273.411807,2553366.126422,0,0.181135531135531,0.212087912087912,0.101098901098901,0.0443223443223443,0.461355311355311
155773.411807,2553366.126422,0,0.206043956043956,0.039010989010989,0.336263736263736,0.105677655677656,0.313003663003663
156273.411807,2553366.126422,0,0.182618261826183,0.11037770443711,0.642830949761643,0.0390539053905391,0.0251191785845251
156773.411807,2553366.126422,0.00201465201465201,0.0586080586080586,0.728754578754579,0.136263736263736,0.0223443223443223,0.052014652014652
157273.411807,2553366.126422,0.0485347985347985,0.0917582417582418,0.189010989010989,0.375824175824176,0.08003663003663,0.214835164835165
157773.411807,2553366.126422,0.00806747341400807,0.0738907224055739,0.392922625595893,0.166299963329666,0.104327099376604,0.254492115878254
158273.411807,2553366.126422,0,0.196153846153846,0.0283882783882784,0.0622710622710623,0.0688644688644689,0.644322344322344
158773.411807,2553366.126422,0.0119047619047619,0.294322344322344,0.00512820512820513,0.502380952380952,0.0822344322344322,0.104029304029304
159273.411807,2553366.126422,0.026035936927026,0.253208654198753,0.0117345067840117,0.56949028236157,0.0535386872020535,0.085991932526586
159773.411807,2553366.126422,0.0135531135531136,0.372161172161172,0.00366300366300366,0.357692307692308,0.0860805860805861,0.166849816849817
160273.411807,2553366.126422,0.0238768457430097,0.209550738297204,0.00659754948162111,0.566446748350613,0.0728872133207666,0.120640904806786
151273.411807,2552866.126422,0,0.0143040528149642,0,0.930680359435173,0.00495140289748762,0.0500641848523748
151773.411807,2552866.126422,0.000916254352208173,0.0089792926516401,0.443100604727872,0.49770936411948,0.0238226131574125,0.0254718709913872
152273.411807,2552866.126422,0,0.00220223894292531,0.742154523765829,0.255092677555515,0,0.000550559735731327
152773.411807,2552866.126422,0,0,0.721437740693196,0.278562259306804,0,0
153273.411807,2552866.126422,0,0.0808136338647609,0.728238959135056,0.0859446582371266,0.036100421477002,0.0689023272860546
153773.411807,2552866.126422,0.000734079647641769,0.127179298953937,0.634061295650578,0.109744907322444,0.00991007524316388,0.118370343182235
154273.411807,2552866.126422,0,0.110397946084724,0.592517880066019,0.0916926462497708,0.0240234733174399,0.181368054282047
154773.411807,2552866.126422,0.000183250870441635,0.0923584387025838,0.704599596848085,0.138904159794759,0.0263881253435954,0.0375664284405351
155273.411807,2552866.126422,0,0.180950633143696,0.243347403193246,0.235456046981097,0.102404110846027,0.237841805835933
155773.411807,2552866.126422,0,0.482670089858793,0.053181734824867,0.268292682926829,0.0671190170548322,0.128736475334678
156273.411807,2552866.126422,0,0.0831958951805021,0.537291552134873,0.31610775151182,0.0377496793109767,0.0256551218618288
156773.411807,2552866.126422,0,0.00165167920719398,0.646907689484309,0.339878876858139,0.0113782345384474,0.000183519911910442
157273.411807,2552866.126422,0.0218228498074454,0.0951769668072621,0.375389693746562,0.292499541536769,0.0997615991197506,0.115349348982212
157773.411807,2552866.126422,0.0881436686824262,0.157045995968481,0.0712845886017959,0.0368334249587686,0.0784313725490196,0.568260949239509
158273.411807,2552866.126422,0.084235639566893,0.201688383189576,0.0926775555147734,0.150119287942742,0.0752431638832813,0.396035969902734
158773.411807,2552866.126422,0.0121034293049697,0.147075004584632,0.136622042912158,0.271593618191821,0.132404181184669,0.300201723821749
159273.411807,2552866.126422,0.0194245922668133,0.238226131574125,0.040131940626718,0.539307311709731,0.0639545537841305,0.0989554700384827
159773.411807,2552866.126422,0.108460267939071,0.12038906221325,0.00642319691686548,0.433474031932465,0.16608552027895,0.165167920719398
160273.411807,2552866.126422,0.0412079270210758,0.249134948096886,0.00314564328405159,0.313306071091538,0.175526895250079,0.21767851525637
151273.411807,2552366.126422,0,0,0,1,0,0
151773.411807,2552366.126422,0,0.0338827838827839,0.241208791208791,0.672710622710623,0.0245421245421245,0.0276556776556777
152273.411807,2552366.126422,0.00935779816513761,0.0135779816513761,0.628990825688073,0.274495412844037,0.0352293577981651,0.038348623853211
152773.411807,2552366.126422,0,0,0.62190423775454,0.37809576224546,0,0
153273.411807,2552366.126422,0.000549450549450549,0.0904761904761905,0.588278388278388,0.274542124542125,0.0126373626373626,0.0335164835164835
153773.411807,2552366.126422,0.000917431192660551,0.139633027522936,0.637981651376147,0.128073394495413,0.0304587155963303,0.0629357798165138
154273.411807,2552366.126422,0.00421940928270042,0.0966795083470923,0.554026784076316,0.111906072280316,0.0504494588148963,0.182718767198679
154773.411807,2552366.126422,0,0.0835164835164835,0.718864468864469,0.111355311355311,0.0342490842490843,0.052014652014652
155273.411807,2552366.126422,0,0.231009174311927,0.290825688073394,0.274495412844037,0.0699082568807339,0.133761467889908
155773.411807,2552366.126422,0.00862227114290956,0.285819115758576,0.120711796000734,0.24105668684645,0.101999633094845,0.241790497156485
156273.411807,2552366.126422,0,0,0.778205128205128,0.221794871794872,0,0
156773.411807,2552366.126422,0.0161467889908257,0.0256880733944954,0.448440366972477,0.332293577981651,0.127522935779817,0.0499082568807339
157273.411807,2552366.126422,0.00220143093010457,0.0915428361768483,0.219225830122913,0.183085672353697,0.153366354797285,0.350577875619152
157773.411807,2552366.126422,0.00750915750915751,0.0866300366300366,0.319413919413919,0.107509157509158,0.151648351648352,0.327289377289377
158273.411807,2552366.126422,0.00862385321100917,0.0928440366972477,0.506238532110092,0.117981651376147,0.0539449541284404,0.220366972477064
158773.411807,2552366.126422,0.0310034855989727,0.250963126031921,0.252981104384517,0.192074848651624,0.0491652907723353,0.223812144560631
159273.411807,2552366.126422,0.0443223443223443,0.207509157509158,0.202197802197802,0.224908424908425,0.0598901098901099,0.261172161172161
159773.411807,2552366.126422,0.0985321100917431,0.242385321100917,0.180917431192661,0.111009174311927,0.0754128440366972,0.291743119266055
160273.411807,2552366.126422,0.152974504249292,0.192634560906516,0.0207743153918791,0.20491029272899,0.0745986779981114,0.354107648725212
151773.411807,2551866.126422,0,0,0.148514851485149,0.801796846351302,0.048954895489549,0.000733406674000733
152273.411807,2551866.126422,0,0.0124542124542125,0.66007326007326,0.254395604395604,0.0507326007326007,0.0223443223443223
152773.411807,2551866.126422,0,0,0.915750915750916,0.0842490842490843,0,0
153273.411807,2551866.126422,0,0.0333700036670334,0.780711404473781,0.168316831683168,0.015034836817015,0.00256692335900257
153773.411807,2551866.126422,0.00128205128205128,0.106593406593407,0.627655677655678,0.186446886446886,0.0509157509157509,0.0271062271062271
154273.411807,2551866.126422,0,0.120879120879121,0.526373626373626,0.143040293040293,0.0426739926739927,0.167032967032967
154773.411807,2551866.126422,0.00696736340300697,0.292079207920792,0.335716905023836,0.167216721672167,0.0443711037770444,0.153648698203154
155273.411807,2551866.126422,0.00402930402930403,0.197252747252747,0.462087912087912,0.161721611721612,0.0492673992673993,0.125641025641026
155773.411807,2551866.126422,0.00457875457875458,0.0538461538461538,0.497985347985348,0.187545787545788,0.0961538461538462,0.15989010989011
156273.411807,2551866.126422,0.000733406674000733,0.041987532086542,0.686101943527686,0.131279794646131,0.0416208287495416,0.0982764943160983
156773.411807,2551866.126422,0.0142857142857143,0.169047619047619,0.364835164835165,0.0871794871794872,0.0789377289377289,0.285714285714286
157273.411807,2551866.126422,0,0.272527472527473,0.22985347985348,0.304945054945055,0.086996336996337,0.105677655677656
157773.411807,2551866.126422,0.00165016501650165,0.14979831316465,0.24972497249725,0.423725705903924,0.0485881921525486,0.126512651265127
158273.411807,2551866.126422,0.00256410256410256,0.183333333333333,0.605494505494505,0.111355311355311,0.0606227106227106,0.0366300366300366
158773.411807,2551866.126422,0.0313186813186813,0.148168498168498,0.332234432234432,0.149450549450549,0.0765567765567766,0.262271062271062
159273.411807,2551866.126422,0.0146681334800147,0.292079207920792,0.238907224055739,0.0546387972130546,0.037037037037037,0.362669600293363
159773.411807,2551866.126422,0.00421245421245421,0.146886446886447,0.434615384615385,0.211721611721612,0.0666666666666667,0.135897435897436
160273.411807,2551866.126422,0.110587496072887,0.2397109644989,0.181589695256048,0.10210493245366,0.0754005655042413,0.290606346214263
152773.411807,2551366.126422,0,0,0.721987896570695,0.241518430221896,0.0344764349899138,0.00201723821749496
153273.411807,2551366.126422,0,0.00201575957485798,0.653839105735752,0.342862378596298,0.00128275609309144,0
153773.411807,2551366.126422,0.00201871903101487,0.066801247935401,0.576436043310699,0.246283721783814,0.0524866948063865,0.0559735731326849
154273.411807,2551366.126422,0.0128369704749679,0.0722538052448194,0.721437740693196,0.139739592884651,0.0286081056299285,0.0251237850724372
154773.411807,2551366.126422,0.00238226131574125,0.0923584387025838,0.606193879420927,0.125343595382078,0.0538757559098406,0.119846069268829
155273.411807,2551366.126422,0,0.0284455863461186,0.725637731693889,0.184804551293815,0.0262433474031932,0.034868783262984
155773.411807,2551366.126422,0,0.0364936732074088,0.743260590500642,0.0588666788923528,0.0535485054098661,0.10783055198973
156273.411807,2551366.126422,0.0203408466190214,0.192596664834158,0.431189298149166,0.253069452079897,0.0579072750595565,0.0448964632582005
156773.411807,2551366.126422,0.00440447788585061,0.158194164066801,0.154523765828592,0.496971921453478,0.0508350155991925,0.135070655166086
157273.411807,2551366.126422,0.000733541169998166,0.334494773519164,0.128369704749679,0.157344580964607,0.0957271226847607,0.283330276911792
157773.411807,2551366.126422,0.011544804837823,0.0872274143302181,0.298882169690306,0.352208172988822,0.102620487447315,0.147516950705516
158273.411807,2551366.126422,0.0146815929528354,0.0675353275830428,0.685630390897412,0.0816663608001468,0.0260598274912828,0.12442650027528
158773.411807,2551366.126422,0.0423620025673941,0.14395745461214,0.257839721254355,0.294333394461764,0.0350265908674124,0.226480836236934
159273.411807,2551366.126422,0.0386659336631849,0.170056807769837,0.17042330951072,0.175371083012644,0.101520982224666,0.343961883818948
159773.411807,2551366.126422,0.0434942191227748,0.148100568911727,0.270691870067902,0.140025692787667,0.112314186089191,0.285373463020738
160273.411807,2551366.126422,0.103491664045297,0.0994023277760302,0.033658383139352,0.0651148159798679,0.140295690468701,0.558037118590752
152773.411807,2550866.126422,0,0,0.155017427994863,0.820583379196478,0.0214639515685195,0.00293524124013942
153273.411807,2550866.126422,0,0.00256410256410256,0.766483516483517,0.23040293040293,0.000549450549450549,0
153773.411807,2550866.126422,0.00972477064220183,0.0440366972477064,0.52256880733945,0.355412844036697,0.0500917431192661,0.0181651376146789
154273.411807,2550866.126422,0.0108237020730141,0.075032104201064,0.648504861493304,0.155017427994863,0.0387084938543387,0.0719134103834159
154773.411807,2550866.126422,0,0.0360805860805861,0.746520146520147,0.152564102564103,0.028021978021978,0.0368131868131868
155273.411807,2550866.126422,0.00311926605504587,0.0359633027522936,0.717981651376147,0.105504587155963,0.0601834862385321,0.0772477064220184
155773.411807,2550866.126422,0.0618235186204366,0.101082370207301,0.288937809576225,0.162722436250229,0.131352045496239,0.254081819849569
156273.411807,2550866.126422,0.08003663003663,0.11007326007326,0.426556776556777,0.222893772893773,0.0432234432234432,0.117216117216117
156773.411807,2550866.126422,0.0385321100917431,0.108990825688073,0.248256880733945,0.375412844036697,0.120550458715596,0.108256880733945
157273.411807,2550866.126422,0.0370574206567602,0.135388002201431,0.105852137222528,0.275545771418088,0.181434599156118,0.264722069345074
157773.411807,2550866.126422,0.0445054945054945,0.168498168498169,0.146703296703297,0.216666666666667,0.0708791208791209,0.352747252747253
158273.411807,2550866.126422,0.00440366972477064,0.165688073394495,0.266422018348624,0.208990825688073,0.109724770642202,0.244770642201835
158773.411807,2550866.126422,0.0201797835259585,0.160887910475142,0.488901119060723,0.228765364153366,0.0524674371674922,0.0487983856173179
159273.411807,2550866.126422,0.0871794871794872,0.160989010989011,0.251831501831502,0.154578754578755,0.11978021978022,0.225641025641026
159773.411807,2550866.126422,0.0899082568807339,0.0968807339449541,0.165504587155963,0.312110091743119,0.154128440366972,0.181467889908257
160273.411807,2550866.126422,0.11488825936418,0.0963172804532578,0.216556499842619,0.278879446018256,0.0818382121498269,0.21152030217186
153273.411807,2550366.126422,0,0.0011001100110011,0.672350568390172,0.325632563256326,0.000916758342500917,0
153773.411807,2550366.126422,0,0.000915750915750916,0.864835164835165,0.134249084249084,0,0
154273.411807,2550366.126422,0,0.00238095238095238,0.509523809523809,0.488095238095238,0,0
154773.411807,2550366.126422,0,0.0328199486615328,0.425375870920425,0.454162082874954,0.0388705537220389,0.0487715438210488
155273.411807,2550366.126422,0.0126373626373626,0.123443223443223,0.274908424908425,0.124175824175824,0.165750915750916,0.299084249084249
155773.411807,2550366.126422,0.00989010989010989,0.123076923076923,0.354578754578755,0.297619047619048,0.0793040293040293,0.135531135531136
156273.411807,2550366.126422,0.0293362669600293,0.144481114778144,0.34011734506784,0.374404107077374,0.0458379171250458,0.0658232489915658
156773.411807,2550366.126422,0.0108058608058608,0.213919413919414,0.347802197802198,0.311355311355311,0.0532967032967033,0.0628205128205128
157273.411807,2550366.126422,0.0126373626373626,0.308424908424908,0.175274725274725,0.237545787545788,0.0899267399267399,0.176190476190476
157773.411807,2550366.126422,0.0223689035570224,0.146497983131646,0.346351301796846,0.282911624495783,0.0467546754675468,0.155115511551155
158273.411807,2550366.126422,0.00128205128205128,0.146336996336996,0.467765567765568,0.0989010989010989,0.0423076923076923,0.243406593406593
158773.411807,2550366.126422,0.00366300366300366,0.105677655677656,0.367582417582418,0.352930402930403,0.0882783882783883,0.0818681318681319
159273.411807,2550366.126422,0.0282361569490282,0.105610561056106,0.464063072973964,0.18958562522919,0.0715071507150715,0.140997433076641
159773.411807,2550366.126422,0.017032967032967,0.211172161172161,0.207692307692308,0.116849816849817,0.0558608058608059,0.391391941391941
160273.411807,2550366.126422,0.022306000628338,0.194470625196356,0.116870876531574,0.282752120640905,0.129123468426013,0.254476908576814
153273.411807,2549866.126422,0,0,0.44511636430273,0.55488363569727,0,0
153773.411807,2549866.126422,0,0,0.240961644338411,0.759038355661589,0,0
154273.411807,2549866.126422,0,0,0,1,0,0
