"x","y","forest","agri","water","built","other","grass"
262773.411807,2751866.126422,0.837612124961336,0.000618620476337767,0,0,0.00433034333436437,0.157438911227962
263273.411807,2751866.126422,0.671182907764461,0.00651380927566441,0,0.0265763418447108,0.0260552371026576,0.269671704012507
263773.411807,2751866.126422,0.676730869338886,0.00156168662155128,0,0.00182196772514315,0.0163977095262884,0.303487766788131
264273.411807,2751866.126422,0.611804472178887,0.0457618304732189,0,0,0.015860634425377,0.326573062922517
264773.411807,2751866.126422,0.870766023970818,0,0,0,0.000521104742053153,0.128712871287129
265273.411807,2751866.126422,0.916189484643415,0,0,0,0,0.0838105153565851
265773.411807,2751866.126422,0.747789911596464,0.00286011440457618,0,0.000520020800832033,0.00650026001040042,0.242329693187728
266273.411807,2751866.126422,0.343929129755081,0.00937988535695675,0,0.00729546638874414,0.101354872329338,0.53804064616988
266773.411807,2751866.126422,0.347475273295159,0.0210827693909422,0,0.00208224882873503,0.0174388339406559,0.611920874544508
267273.411807,2751866.126422,0.361414456578263,0.0192407696307852,0,0,0.00390015600624025,0.615444617784711
267773.411807,2751866.126422,0.453361125586243,0.00495049504950495,0,0.0106826472120896,0.0625325690463783,0.468473163105784
268273.411807,2751866.126422,0.723321186881832,0,0,0,0,0.276678813118168
268773.411807,2751866.126422,0.700208008320333,0.00286011440457618,0,0.00078003120124805,0.00546021840873635,0.290691627665107
269273.411807,2751866.126422,0.241532047941636,0.0502866076081292,0.00156331422615946,0.0349140177175612,0.0763418447107869,0.595362167795727
269773.411807,2751866.126422,0.238938053097345,0.040864133263925,0.00286309213951067,0.18558042686101,0.0801665799062988,0.45158771473191
270273.411807,2751866.126422,0.103224128965159,0.062402496099844,0.119344773790952,0.231669266770671,0.102444097763911,0.380915236609464
270773.411807,2751866.126422,0.408546117769672,0.0166753517457009,0.00104220948410631,0.0935383011985409,0.0659197498697238,0.414278269932256
271273.411807,2751866.126422,0.273815720978657,0.128318584070796,0.000520562207183758,0.19937532535138,0.100728787090057,0.297241020301926
271773.411807,2751866.126422,0.176027041081643,0.202028081123245,0.000520020800832033,0.0832033281331253,0.108164326573063,0.430057202288092
272273.411807,2751866.126422,0.277488275143304,0.118811881188119,0,0.0323084940072955,0.0752996352266806,0.496091714434601
272773.411807,2751866.126422,0.136387298282145,0.023685580426861,0.000260281103591879,0.286829776158251,0.108276939094222,0.44456012493493
273273.411807,2751866.126422,0.0260010400416017,0.0291211648465939,0.000260010400416017,0.678367134685387,0.110244409776391,0.15600624024961
273773.411807,2751866.126422,0.111516414799375,0.0291818655549765,0.00156331422615946,0.652162584679521,0.142261594580511,0.063314226159458
274273.411807,2751866.126422,0.247267048412285,0.105934409161895,0.00234252993232691,0.19937532535138,0.20223841749089,0.242842269651223
274773.411807,2751866.126422,0.257410296411856,0.143785751430057,0.0189807592303692,0.101404056162246,0.0728029121164847,0.405616224648986
275273.411807,2751866.126422,0.341176470588235,0.109647058823529,0.00470588235294118,0.152470588235294,0.0734117647058824,0.318588235294118
262773.411807,2751366.126422,0.722329265681867,0,0,0,0,0.277670734318133
263273.411807,2751366.126422,0.711355311355311,0.000366300366300366,0,0,0.000366300366300366,0.287912087912088
263773.411807,2751366.126422,0.556776556776557,0.0445054945054945,0,0.00622710622710623,0.0221611721611722,0.37032967032967
264273.411807,2751366.126422,0.818848551521819,0.000366703337000367,0,0.000733406674000733,0.00806747341400807,0.171983865053172
264773.411807,2751366.126422,0.82985347985348,0.00347985347985348,0,0,0,0.166666666666667
265273.411807,2751366.126422,0.844871794871795,0.000183150183150183,0,0,0.0021978021978022,0.152747252747253
265773.411807,2751366.126422,0.494866153281995,0.00825082508250825,0,0.00256692335900257,0.0227356068940227,0.471580491382472
266273.411807,2751366.126422,0.402197802197802,0.00952380952380952,0,0.000366300366300366,0.0142857142857143,0.573626373626374
266773.411807,2751366.126422,0.528205128205128,0.0108058608058608,0.000366300366300366,0.0272893772893773,0.0608058608058608,0.372527472527473
267273.411807,2751366.126422,0.602310231023102,0.0119178584525119,0,0.0124679134580125,0.0335533553355336,0.33975064173084
267773.411807,2751366.126422,0.244139194139194,0.0243589743589744,0.00256410256410256,0.240659340659341,0.100732600732601,0.387545787545788
268273.411807,2751366.126422,0.262087912087912,0.0307692307692308,0.000366300366300366,0.133333333333333,0.0668498168498168,0.506593406593407
268773.411807,2751366.126422,0.558855885588559,0.0106343967730106,0,0.00348368170150348,0.017968463513018,0.409057572423909
269273.411807,2751366.126422,0.525091575091575,0.0434065934065934,0,0.00970695970695971,0.0492673992673993,0.372527472527473
269773.411807,2751366.126422,0.277106227106227,0.00860805860805861,0.000915750915750916,0.13021978021978,0.0494505494505494,0.533699633699634
270273.411807,2751366.126422,0.206820682068207,0.0374037403740374,0.0304363769710304,0.143381004767143,0.131646497983132,0.45031169783645
270773.411807,2751366.126422,0.123443223443223,0.0402930402930403,0.00897435897435897,0.585164835164835,0.141391941391941,0.100732600732601
271273.411807,2751366.126422,0.188644688644689,0.0690476190476191,0.00824175824175824,0.0857142857142857,0.0902930402930403,0.558058608058608
271773.411807,2751366.126422,0.114411441144114,0.0924092409240924,0.0108177484415108,0.439127246057939,0.14026402640264,0.202970297029703
272273.411807,2751366.126422,0.191208791208791,0.0503663003663004,0.00293040293040293,0.397069597069597,0.17967032967033,0.178754578754579
272773.411807,2751366.126422,0.164835164835165,0.0227106227106227,0,0.373076923076923,0.125274725274725,0.314102564102564
273273.411807,2751366.126422,0.215621562156216,0.0473047304730473,0,0.081958195819582,0.0614228089475614,0.593692702603594
273773.411807,2751366.126422,0.26007326007326,0.0932234432234432,0,0.134065934065934,0.232417582417582,0.28021978021978
274273.411807,2751366.126422,0.303479853479853,0.0913919413919414,0.000549450549450549,0.0450549450549451,0.0771062271062271,0.482417582417582
274773.411807,2751366.126422,0.416758342500917,0.0106343967730106,0.00293362669600293,0.00586725339200587,0.0265859919325266,0.537220388705537
275273.411807,2751366.126422,0.32227332457293,0.106438896189225,0.00558475689881735,0.0525624178712221,0.0992115637319317,0.413929040735874
262773.411807,2750866.126422,0.88372591006424,0.00599571734475375,0,0,0,0.110278372591006
263273.411807,2750866.126422,0.518443751146999,0.04147550009176,0.00110111947146265,0.00183519911910442,0.0227564690768948,0.414387961093779
263773.411807,2750866.126422,0.706950302585733,0.00641848523748395,0,0.00128369704749679,0.026407482119934,0.258940033009353
264273.411807,2750866.126422,0.747113798790544,0.00219901044529962,0,0,0.000366501740883269,0.250320689023273
264773.411807,2750866.126422,0.694439346669114,0.00660671682877592,0.000550559735731327,0,0.00623967700495504,0.292163699761424
265273.411807,2750866.126422,0.66788923528333,0.00165046763249587,0,0.00110031175499725,0.0128369704749679,0.316523014854209
265773.411807,2750866.126422,0.617921935129192,0.00458127176104087,0,0.00109950522264981,0.00989554700384827,0.366501740883269
266273.411807,2750866.126422,0.512020554230134,0.0034868783262984,0,0.00201871903101487,0.0119287942741787,0.470545054138374
266773.411807,2750866.126422,0.806895286997983,0.000550155877498625,0,0,0.00110031175499725,0.191454245369521
267273.411807,2750866.126422,0.768737401502657,0.00568077698369067,0,0.00348176653839106,0.0172255818215137,0.204874473153747
267773.411807,2750866.126422,0.427050835015599,0.015782712424298,0,0.233253808038172,0.0976325931363553,0.226280051385575
268273.411807,2750866.126422,0.644415917843389,0.00165046763249587,0,0.0181551439574546,0.0117366587199707,0.32404181184669
268773.411807,2750866.126422,0.150082462891699,0.132856881070185,0,0.0415979475902511,0.101887483965549,0.573575224482316
269273.411807,2750866.126422,0.0251422279317306,0.254909157643604,0,0,0.00807487612405946,0.711873738300606
269773.411807,2750866.126422,0.315239317806712,0.194755180634513,0,0.000366770584999083,0.00476801760498808,0.484870713368788
270273.411807,2750866.126422,0.333883085944658,0.0236393622869709,0.00238226131574125,0.0238226131574125,0.0536925050393989,0.562580172255818
270773.411807,2750866.126422,0.22829877041659,0.0372545421178198,0.00311983850247752,0.0409249403560286,0.100385391815012,0.590016516792072
271273.411807,2750866.126422,0.0951769668072621,0.046396479002384,0.0517146524848707,0.553823583348615,0.104713002017238,0.14817531633963
271773.411807,2750866.126422,0.0483782297965915,0.0263881253435954,0.00109950522264981,0.80043980208906,0.0951072017592084,0.028587135788895
272273.411807,2750866.126422,0.175077995962562,0.0554230133969536,0.00458799779776106,0.380436777390347,0.146265369792623,0.238208845659754
272773.411807,2750866.126422,0.301668806161746,0.0506143407298735,0.00898587933247754,0.179717586649551,0.120300751879699,0.338712635246653
273273.411807,2750866.126422,0.271028037383178,0.150998717243907,0.00366501740883269,0.0804471321238776,0.0756826094923951,0.41817848634781
273773.411807,2750866.126422,0.418425399155808,0.0328500642319692,0.00403743806202973,0.0315654248485961,0.0385391815011929,0.474582492200404
274273.411807,2750866.126422,0.327342747111682,0.0152209792774619,0.0161379057399597,0.00146708233999633,0.00641848523748395,0.633412800293417
274773.411807,2750866.126422,0.456661169140553,0.194795675279458,0,0.000916254352208173,0.0342679127725857,0.313358988455195
275273.411807,2750866.126422,0.129904385097263,0.184305967688757,0.0112100230794593,0.0168150346191889,0.13386086383119,0.523903725684141
262773.411807,2750366.126422,0.633561643835616,0.0019263698630137,0,0.0019263698630137,0.00749143835616438,0.355094178082192
263273.411807,2750366.126422,0.728073394495413,0.00770642201834862,0,0.00513761467889908,0.018348623853211,0.240733944954128
263773.411807,2750366.126422,0.97284901852871,0.00183452577508714,0,0,0,0.0253164556962025
264273.411807,2750366.126422,0.619230769230769,0.00183150183150183,0,0,0.00238095238095238,0.376556776556777
264773.411807,2750366.126422,0.795596330275229,0.00018348623853211,0,0,0.00220183486238532,0.202018348623853
265273.411807,2750366.126422,0.587415153182902,0.001284168042561,0,0.000550357732526142,0.00513667217024399,0.405613648871767
265773.411807,2750366.126422,0.908241758241758,0.0010989010989011,0,0,0.00128205128205128,0.0893772893772894
266273.411807,2750366.126422,0.799449541284404,0.0036697247706422,0,0,0.0122935779816514,0.184587155963303
266773.411807,2750366.126422,0.754723903870849,0.00110071546505228,0,0,0.00165107319757843,0.24252430746652
267273.411807,2750366.126422,0.757875457875458,0.000183150183150183,0,0,0.00128205128205128,0.240659340659341
267773.411807,2750366.126422,0.768990825688073,0.00256880733944954,0,0.000917431192660551,0.00844036697247706,0.219082568807339
268273.411807,2750366.126422,0.700605393505779,0.00403595670519171,0,0.00311869381764814,0.0133920381581361,0.278847917813245
268773.411807,2750366.126422,0.536080586080586,0.0250915750915751,0.000549450549450549,0.0673992673992674,0.0602564102564103,0.310622710622711
269273.411807,2750366.126422,0.428256880733945,0.021651376146789,0,0.0102752293577982,0.0513761467889908,0.488440366972477
269773.411807,2750366.126422,0.452027150981471,0.0165107319757843,0,0.0335718216840947,0.0532012474775271,0.444689047881123
270273.411807,2750366.126422,0.378571428571429,0.0181318681318681,0.00531135531135531,0.0364468864468864,0.107692307692308,0.453846153846154
270773.411807,2750366.126422,0.146605504587156,0.0407339449541284,0.00238532110091743,0.137981651376147,0.178348623853211,0.49394495412844
271273.411807,2750366.126422,0.166574940377912,0.0882406897816914,0.220876903320492,0.211887727022565,0.064758759860576,0.247660979636764
271773.411807,2750366.126422,0.115934065934066,0.0838827838827839,0.00256410256410256,0.560989010989011,0.146520146520147,0.0901098901098901
272273.411807,2750366.126422,0.144954128440367,0.0548623853211009,0.00238532110091743,0.495596330275229,0.104770642201835,0.19743119266055
272773.411807,2750366.126422,0.303247110621904,0.0816363969913777,0,0.122362869198312,0.0831040176114474,0.409649605576958
273273.411807,2750366.126422,0.264652014652015,0.0727106227106227,0.00256410256410256,0.0214285714285714,0.0408424908424908,0.597802197802198
273773.411807,2750366.126422,0.489174311926605,0.0130275229357798,0,0.0275229357798165,0.0339449541284404,0.436330275229358
274273.411807,2750366.126422,0.303247110621904,0.0752155567785727,0.00330214639515685,0.0816363969913777,0.0697119794533113,0.466886809759677
274773.411807,2750366.126422,0.504945054945055,0.0456043956043956,0.000183150183150183,0.0186813186813187,0.0474358974358974,0.383150183150183
275273.411807,2750366.126422,0.146574440052701,0.0382081686429512,0.030961791831357,0,0.0164690382081686,0.767786561264822
262773.411807,2749866.126422,0.721687004923999,0.00321130378933847,0,0.00363947762791693,0.0100620852065939,0.261400128452152
263273.411807,2749866.126422,0.812087912087912,0.00512820512820513,0,0.00238095238095238,0.00256410256410256,0.177838827838828
263773.411807,2749866.126422,0.568864468864469,0.0177655677655678,0,0.00476190476190476,0.0461538461538462,0.362454212454212
264273.411807,2749866.126422,0.783278327832783,0.00183351668500183,0,0,0.000733406674000733,0.214154748808214
264773.411807,2749866.126422,0.757326007326007,0.0100732600732601,0,0.000366300366300366,0.0043956043956044,0.227838827838828
265273.411807,2749866.126422,0.567032967032967,0.0131868131868132,0,0.000549450549450549,0.0142857142857143,0.404945054945055
265773.411807,2749866.126422,0.784561789512285,0.00916758342500917,0,0,0.0033003300330033,0.202970297029703
266273.411807,2749866.126422,0.797802197802198,0.00347985347985348,0,0,0.00750915750915751,0.191208791208791
266773.411807,2749866.126422,0.722527472527473,0.000549450549450549,0,0.000915750915750916,0.00512820512820513,0.270879120879121
267273.411807,2749866.126422,0.642097543087642,0.00293362669600293,0,0.00403373670700403,0.0187018701870187,0.332233223322332
267773.411807,2749866.126422,0.736813186813187,0.00128205128205128,0,0.00366300366300366,0.0159340659340659,0.242307692307692
268273.411807,2749866.126422,0.531501831501832,0.00402930402930403,0.00274725274725275,0,0.0104395604395604,0.451282051282051
268773.411807,2749866.126422,0.813348001466813,0.00733406674000733,0.000733406674000733,0.0396039603960396,0.0227356068940227,0.116244957829116
269273.411807,2749866.126422,0.239010989010989,0.0915750915750916,0.0177655677655678,0.357875457875458,0.0888278388278388,0.204945054945055
269773.411807,2749866.126422,0.285714285714286,0.0331501831501832,0.000549450549450549,0.12014652014652,0.0637362637362637,0.496703296703297
270273.411807,2749866.126422,0.272093876054272,0.0638063806380638,0.00128346167950128,0.113494682801613,0.226806013934727,0.322515584891823
270773.411807,2749866.126422,0.255311355311355,0.141941391941392,0.00183150183150183,0.105128205128205,0.11025641025641,0.385531135531136
271273.411807,2749866.126422,0.237545787545788,0.181868131868132,0.0043956043956044,0.0695970695970696,0.0782051282051282,0.428388278388278
271773.411807,2749866.126422,0.193436010267693,0.0764576457645765,0.0088008800880088,0.181701503483682,0.121195452878621,0.418408507517418
272273.411807,2749866.126422,0.130586080586081,0.0877289377289377,0.000183150183150183,0.337545787545788,0.155494505494505,0.288461538461538
272773.411807,2749866.126422,0.323443223443223,0.0340659340659341,0,0.164652014652015,0.22014652014652,0.257692307692308
273273.411807,2749866.126422,0.251925192519252,0.0375870920425376,0.0011001100110011,0.115144847818115,0.133846718005134,0.46039603960396
273773.411807,2749866.126422,0.19047619047619,0.032967032967033,0.00201465201465201,0.465201465201465,0.0510989010989011,0.258241758241758
274273.411807,2749866.126422,0.505494505494505,0.0644688644688645,0,0.0763736263736264,0.1,0.253663003663004
274773.411807,2749866.126422,0.312431243124312,0.0863586358635864,0.0166850018335167,0.0469380271360469,0.0506050605060506,0.486982031536487
275273.411807,2749866.126422,0.234231274638633,0.217805519053876,0,0.040407358738502,0.0397503285151117,0.467805519053876
262773.411807,2749366.126422,0.847751605995717,0.0012847965738758,0,0.00342612419700214,0.00877944325481799,0.138758029978587
263273.411807,2749366.126422,0.666727839970637,0.000550559735731327,0,0.00201871903101487,0.0121123141860892,0.318590567076528
263773.411807,2749366.126422,0.594901888868513,0.00165046763249587,0,0.000733541169998166,0.00348432055749129,0.399229781771502
264273.411807,2749366.126422,0.552318123511087,0.00256551218618288,0.000366501740883269,0.00659703133589885,0.026571376214037,0.411581455011911
264773.411807,2749366.126422,0.632593136355295,0.00495503762158194,0,0.00201871903101487,0.0354193429987154,0.325013763993393
265273.411807,2749366.126422,0.585365853658537,0.00935264991747662,0,0,0.0130203557674674,0.392261140656519
265773.411807,2749366.126422,0.618288436870075,0.00659703133589885,0,0.000916254352208173,0.0214403518416712,0.352757925600147
266273.411807,2749366.126422,0.743806202973023,0.000183519911910442,0,0.000183519911910442,0.000917599559552211,0.254909157643604
266773.411807,2749366.126422,0.627361085640932,0.0115532734274711,0,0.00275077938749312,0.0128369704749679,0.345497891069136
267273.411807,2749366.126422,0.51566794942276,0.0053142752428074,0,0.000549752611324904,0.0179585853032802,0.460509437419828
267773.411807,2749366.126422,0.613140025692788,0.0179849513672233,0.00238575885483575,0.00623967700495504,0.0372545421178198,0.322995044962378
268273.411807,2749366.126422,0.566660553823583,0.0414450761048964,0,0.0218228498074454,0.017604988079956,0.352466532184119
268773.411807,2749366.126422,0.569360454462159,0.00714678394722375,0,0.0379329301814184,0.0940076965365585,0.291552134872641
269273.411807,2749366.126422,0.618645623050101,0.00183519911910442,0,0,0.00293631859056708,0.376582859240228
269773.411807,2749366.126422,0.398863011186503,0.0535485054098661,0,0.0423620025673941,0.0773885934348065,0.42783788740143
270273.411807,2749366.126422,0.290452629649991,0.0914421843503757,0.000733003481766538,0.111966281839839,0.111233278358072,0.394172622319956
270773.411807,2749366.126422,0.53110662506882,0.0236740686364471,0.00146815929528354,0.0805652413286842,0.0693705267021472,0.293815378968618
271273.411807,2749366.126422,0.121584448927196,0.213827251054465,0.000550155877498625,0.013203741059967,0.0410783055198973,0.609756097560976
271773.411807,2749366.126422,0.242807403335166,0.118929814916621,0.000916254352208173,0.0852116547553601,0.125160344511636,0.426974528129009
272273.411807,2749366.126422,0.297302257294916,0.0187190310148651,0,0.0601945311066251,0.0803817214167737,0.54340245916682
272773.411807,2749366.126422,0.231065468549422,0.0731707317073171,0.00256739409499358,0.13992297817715,0.0869246286447827,0.466348798826334
273273.411807,2749366.126422,0.257100971229613,0.059190031152648,0.000183250870441635,0.13230712845886,0.129008612790911,0.422210005497526
273773.411807,2749366.126422,0.137639933932832,0.180767113231786,0,0.384657735364287,0.0436777390346853,0.25325747843641
274273.411807,2749366.126422,0.314505776636714,0.0348432055749129,0,0.0135705116449661,0.0458463231248854,0.591234183018522
274773.411807,2749366.126422,0.386659336631849,0.070734835990471,0.00751328568810702,0.0978559648158329,0.0896096756459593,0.347626901227781
275273.411807,2749366.126422,0.461589185624794,0.0494559841740851,0.0201121002307946,0.0939663699307616,0.0946257830530828,0.280250576986482
262773.411807,2748866.126422,0.756635273972603,0.00342465753424658,0,0.00363869863013699,0.0186215753424658,0.217679794520548
263273.411807,2748866.126422,0.68605504587156,0.02,0,0.00128440366972477,0.0188990825688073,0.273761467889908
263773.411807,2748866.126422,0.543386534580811,0.0119244175380664,0,0.00935608145294441,0.0498991010823702,0.385433865345808
264273.411807,2748866.126422,0.503479853479853,0.0238095238095238,0,0.00164835164835165,0.0315018315018315,0.43956043956044
264773.411807,2748866.126422,0.405137614678899,0.036697247706422,0,0.0073394495412844,0.0528440366972477,0.497981651376147
265273.411807,2748866.126422,0.3936892313337,0.02568336085122,0,0.00403595670519171,0.0221977618785544,0.554393689231334
265773.411807,2748866.126422,0.506043956043956,0.067032967032967,0,0,0.00384615384615385,0.423076923076923
266273.411807,2748866.126422,0.318348623853211,0.0878899082568807,0,0.00165137614678899,0.0460550458715596,0.54605504587156
266773.411807,2748866.126422,0.331131902403229,0.0605393505778756,0.000366905155017428,0.00880572372041827,0.0460465969546872,0.553109521188773
267273.411807,2748866.126422,0.504761904761905,0.0646520146520147,0.00512820512820513,0.00714285714285714,0.0391941391941392,0.379120879120879
267773.411807,2748866.126422,0.682201834862385,0.0363302752293578,0.00018348623853211,0.000917431192660551,0.0464220183486239,0.23394495412844
268273.411807,2748866.126422,0.79746835443038,0.00513667217024399,0,0.0130251330031187,0.0203632361034673,0.16400660429279
268773.411807,2748866.126422,0.344505494505495,0.0505494505494506,0.00457875457875458,0.204761904761905,0.135347985347985,0.26025641025641
269273.411807,2748866.126422,0.489357798165138,0.0192660550458716,0.00018348623853211,0.103853211009174,0.144403669724771,0.242935779816514
269773.411807,2748866.126422,0.312603192074849,0.0172445422858191,0.0066042927903137,0.0517336268574573,0.089157952669235,0.522656393322326
270273.411807,2748866.126422,0.385714285714286,0.0399267399267399,0,0.184249084249084,0.113919413919414,0.276190476190476
270773.411807,2748866.126422,0.425137614678899,0.024954128440367,0,0.0130275229357798,0.0420183486238532,0.494862385321101
271273.411807,2748866.126422,0.34800953953403,0.152815997064759,0.000183452577508714,0.00935608145294441,0.0517336268574573,0.4379013025133
271773.411807,2748866.126422,0.268498168498168,0.0935897435897436,0.000366300366300366,0.0380952380952381,0.112271062271062,0.487179487179487
272273.411807,2748866.126422,0.177614678899083,0.0390825688073395,0.00055045871559633,0.0647706422018349,0.128623853211009,0.589357798165138
272773.411807,2748866.126422,0.167859108420473,0.0275178866263071,0.000733810310034856,0.270592551825353,0.161621720785177,0.371674922032655
273273.411807,2748866.126422,0.274725274725275,0.0461538461538462,0,0.188461538461538,0.12967032967033,0.360989010989011
273773.411807,2748866.126422,0.185504587155963,0.118532110091743,0.00036697247706422,0.239082568807339,0.14,0.31651376146789
274273.411807,2748866.126422,0.349844065309118,0.0388919464318474,0.0124747752705926,0.0720968629609246,0.161071363052651,0.365620986974867
274773.411807,2748866.126422,0.388278388278388,0.0313186813186813,0.00476190476190476,0.138827838827839,0.100732600732601,0.336080586080586
275273.411807,2748866.126422,0.590909090909091,0.0507246376811594,0.00263504611330698,0.0629117259552042,0.0520421607378129,0.240777338603426
262773.411807,2748366.126422,0.175765360736459,0.225861699850139,0,0.0241918218796832,0.0706486833654464,0.503532434168272
263273.411807,2748366.126422,0.167032967032967,0.269047619047619,0,0.00476190476190476,0.0291208791208791,0.53003663003663
263773.411807,2748366.126422,0.271428571428571,0.283882783882784,0,0.0111721611721612,0.043956043956044,0.38956043956044
264273.411807,2748366.126422,0.326182618261826,0.248441510817748,0,0.000183351668500183,0.0119178584525119,0.413274660799413
264773.411807,2748366.126422,0.350549450549451,0.235347985347985,0,0.00586080586080586,0.0316849816849817,0.376556776556777
265273.411807,2748366.126422,0.426373626373626,0.19010989010989,0.000183150183150183,0.0152014652014652,0.0536630036630037,0.314468864468864
265773.411807,2748366.126422,0.493582691602494,0.0553722038870554,0,0.00201686835350202,0.026035936927026,0.422992299229923
266273.411807,2748366.126422,0.81959706959707,0.000183150183150183,0,0,0.000183150183150183,0.18003663003663
266773.411807,2748366.126422,0.676373626373626,0.0010989010989011,0,0,0.00128205128205128,0.321245421245421
267273.411807,2748366.126422,0.829299596626329,0.00513384671800513,0,0.000183351668500183,0.0205353868720205,0.144847818115145
267773.411807,2748366.126422,0.496336996336996,0.0397435897435897,0,0.0716117216117216,0.168681318681319,0.223626373626374
268273.411807,2748366.126422,0.465750915750916,0.0380952380952381,0.00146520146520147,0.0721611721611722,0.226739926739927,0.195787545787546
268773.411807,2748366.126422,0.405207187385405,0.0177851118445178,0.000183351668500183,0.0496883021635497,0.0740740740740741,0.453061972863953
269273.411807,2748366.126422,0.266849816849817,0.0377289377289377,0.00201465201465201,0.123443223443223,0.0985347985347985,0.471428571428571
269773.411807,2748366.126422,0.314652014652015,0.036996336996337,0.00732600732600733,0.133516483516484,0.0681318681318681,0.439377289377289
270273.411807,2748366.126422,0.344151081774844,0.0251191785845251,0.00623395672900623,0.118445177851118,0.0815914924825816,0.424459112577924
270773.411807,2748366.126422,0.278388278388278,0.0232600732600733,0.000183150183150183,0.056959706959707,0.105128205128205,0.536080586080586
271273.411807,2748366.126422,0.444139194139194,0.0221611721611722,0.00641025641025641,0.127106227106227,0.14047619047619,0.25970695970696
271773.411807,2748366.126422,0.294462779611294,0.147048038137147,0.0209020902090209,0.0416208287495416,0.0812247891455812,0.414741474147415
272273.411807,2748366.126422,0.21025641025641,0.0272893772893773,0.177655677655678,0.0278388278388278,0.0578754578754579,0.499084249084249
272773.411807,2748366.126422,0.264285714285714,0.0446886446886447,0.0408424908424908,0.0216117216117216,0.0749084249084249,0.553663003663004
273273.411807,2748366.126422,0.28987898789879,0.0337367070040337,0.00055005500550055,0.0691235790245691,0.102676934360103,0.504033736707004
273773.411807,2748366.126422,0.207142857142857,0.0285714285714286,0.000366300366300366,0.427106227106227,0.168131868131868,0.168681318681319
274273.411807,2748366.126422,0.343040293040293,0.0316849816849817,0.00183150183150183,0.122161172161172,0.154945054945055,0.346336996336996
274773.411807,2748366.126422,0.266960029336267,0.195269526952695,0.0066006600660066,0.048954895489549,0.105793912724606,0.376420975430876
275273.411807,2748366.126422,0.181340341655716,0.30880420499343,0,0.0489487516425756,0.0926412614980289,0.36826544021025
262773.411807,2747866.126422,0.855460385438972,0.00792291220556745,0,0.00278372591006424,0.0411134903640257,0.0927194860813705
263273.411807,2747866.126422,0.957606900348688,0,0,0,0,0.0423930996513122
263773.411807,2747866.126422,0.910874747845223,0.000550155877498625,0,0.000550155877498625,0.00623509994498441,0.0817898404547955
264273.411807,2747866.126422,0.901960784313726,0.0119113065787062,0.0047645226314825,0,0.000549752611324904,0.0808136338647609
264773.411807,2747866.126422,0.902917966599376,0,0,0,0,0.097082033400624
265273.411807,2747866.126422,0.908857509627728,0,0,0,0,0.0911424903722722
265773.411807,2747866.126422,0.829759941359721,0.0131940626717977,0,0.00109950522264981,0.00458127176104087,0.15136521898479
266273.411807,2747866.126422,0.589649476968251,0.0378051018535511,0,0.00146815929528354,0.0172508717195816,0.353826390163333
266773.411807,2747866.126422,0.651567944250871,0.00421786172748946,0.00146708233999633,0,0.00348432055749129,0.339262791124152
267273.411807,2747866.126422,0.646325820047645,0.00274876305662452,0,0.00769653655854865,0.0344511636430273,0.308777716694154
267773.411807,2747866.126422,0.570930445953386,0.00513855753349238,0,0.00275279867865663,0.0152321526885667,0.405946045145898
268273.411807,2747866.126422,0.446176416651385,0.0166880616174583,0.00861910874747845,0.0509811113148725,0.0966440491472584,0.380891252521548
268773.411807,2747866.126422,0.238226131574125,0.0291368884002199,0.000183250870441635,0.0698185816382628,0.0984057174271578,0.564229430089793
269273.411807,2747866.126422,0.290144980730409,0.0585428518994311,0,0.0205542301339695,0.038172141677372,0.592585795558818
269773.411807,2747866.126422,0.226114065651935,0.0267742527049331,0.00110031175499725,0.134604804694663,0.112231799009719,0.499174766183752
270273.411807,2747866.126422,0.323437786329485,0.0229063588052043,0,0.150632215503024,0.0487447315374748,0.454278907824812
270773.411807,2747866.126422,0.187373830060562,0.0306478252890439,0,0.140025692787667,0.145898329968802,0.496054321893926
271273.411807,2747866.126422,0.203190904089492,0.0344764349899138,0.00201723821749496,0.235466715569411,0.181184668989547,0.343664038144141
271773.411807,2747866.126422,0.620670698185816,0.00971229613340663,0.000733003481766538,0.0144768187648891,0.0447132123877588,0.309693971046362
272273.411807,2747866.126422,0.477702330702881,0.0163332721600294,0.0501009359515507,0,0.00330335841438796,0.452560102771151
272773.411807,2747866.126422,0.272510544654319,0.0223730056849441,0.0229231615624427,0.0273244085824317,0.0350265908674124,0.61984228864845
273273.411807,2747866.126422,0.272494044346711,0.0447132123877588,0,0.0208905992303463,0.0705515851200293,0.591350558915155
273773.411807,2747866.126422,0.280234905487245,0.0719398054688934,0.0258763075793724,0.192695907505964,0.212332538080382,0.216920535878143
274273.411807,2747866.126422,0.350632679259123,0.0295250320924262,0.00128369704749679,0.136805428204658,0.178250504309554,0.303502659086741
274773.411807,2747866.126422,0.583104269745281,0.101520982224666,0,0.0161260765988638,0.107201759208356,0.192046912222833
275273.411807,2747866.126422,0.0807781074843389,0.506758984503792,0,0.0168150346191889,0.04648862512364,0.349159248269041
262773.411807,2747366.126422,0.766481164383562,0.00535102739726027,0,0.00299657534246575,0.0196917808219178,0.205479452054795
263273.411807,2747366.126422,0.380550458715596,0.0161467889908257,0.0121100917431193,0.00036697247706422,0.0055045871559633,0.585321100917431
263773.411807,2747366.126422,0.272610530177949,0.0110071546505228,0,0.00183452577508714,0.0163272793982755,0.698220509998165
264273.411807,2747366.126422,0.431501831501832,0.021978021978022,0.0010989010989011,0.0331501831501832,0.073992673992674,0.438278388278388
264773.411807,2747366.126422,0.334862385321101,0.00825688073394495,0.00128440366972477,0.00018348623853211,0.00440366972477064,0.651009174311927
265273.411807,2747366.126422,0.169510181618052,0.0143093010456797,0,0.024399192808659,0.0565033938726839,0.735277930654926
265773.411807,2747366.126422,0.527289377289377,0.0146520146520147,0,0.0100732600732601,0.0804029304029304,0.367582417582418
266273.411807,2747366.126422,0.834495412844037,0.0036697247706422,0,0,0.0018348623853211,0.16
266773.411807,2747366.126422,0.79600073381031,0.00678774536782242,0,0.00183452577508714,0.0137589433131535,0.181618051733627
267273.411807,2747366.126422,0.713369963369963,0.00476190476190476,0,0.000183150183150183,0.00750915750915751,0.274175824175824
267773.411807,2747366.126422,0.570275229357798,0.0194495412844037,0,0.00073394495412844,0.0159633027522936,0.393577981651376
268273.411807,2747366.126422,0.339020363236103,0.0113740598055403,0.000183452577508714,0.0335718216840947,0.0735644835809943,0.542285819115759
268773.411807,2747366.126422,0.251465201465201,0.0315018315018315,0.00604395604395604,0.0434065934065934,0.125824175824176,0.541758241758242
269273.411807,2747366.126422,0.207339449541284,0.0471559633027523,0,0.100917431192661,0.130091743119266,0.514495412844037
269773.411807,2747366.126422,0.213355347642634,0.0469638598422308,0.00165107319757843,0.107870115575124,0.0864061640066043,0.543753439735828
270273.411807,2747366.126422,0.252564102564103,0.0474358974358974,0.00164835164835165,0.16996336996337,0.131868131868132,0.396520146520146
270773.411807,2747366.126422,0.235045871559633,0.0352293577981651,0.00110091743119266,0.0930275229357798,0.0877064220183486,0.547889908256881
271273.411807,2747366.126422,0.281232801320859,0.0454962392221611,0.00330214639515685,0.197394973399376,0.11704274445056,0.355531095211888
271773.411807,2747366.126422,0.502014652014652,0.0247252747252747,0,0.0615384615384615,0.0677655677655678,0.343956043956044
272273.411807,2747366.126422,0.675963302752294,0.00311926605504587,0.00036697247706422,0.0104587155963303,0.0524770642201835,0.257614678899083
272773.411807,2747366.126422,0.307466519904605,0.0227481196110805,0.0458631443771785,0.00880572372041827,0.0212804989910108,0.593835993395707
273273.411807,2747366.126422,0.237362637362637,0.0206959706959707,0,0.0355311355311355,0.115567765567766,0.590842490842491
273773.411807,2747366.126422,0.286238532110092,0.0286238532110092,0.0207339449541284,0.0807339449541284,0.158532110091743,0.425137614678899
274273.411807,2747366.126422,0.430012841680426,0.0286186020913594,0,0.0344890845716382,0.157769216657494,0.349110254999083
274773.411807,2747366.126422,0.361721611721612,0.0450549450549451,0.0032967032967033,0.114835164835165,0.110805860805861,0.364285714285714
275273.411807,2747366.126422,0.309288537549407,0.188405797101449,0,0.0204216073781291,0.0349143610013175,0.446969696969697
262773.411807,2746866.126422,0.87754228216656,0.00706486833654464,0,0,0.00107043459644616,0.11432241490045
263273.411807,2746866.126422,0.67032967032967,0.0591575091575092,0,0.000366300366300366,0.0153846153846154,0.254761904761905
263773.411807,2746866.126422,0.833150183150183,0.00402930402930403,0,0,0.00347985347985348,0.159340659340659
264273.411807,2746866.126422,0.792629262926293,0.00201686835350202,0,0.00055005500550055,0.00275027502750275,0.202053538687202
264773.411807,2746866.126422,0.736996336996337,0.00860805860805861,0,0.00164835164835165,0.0216117216117216,0.231135531135531
265273.411807,2746866.126422,0.300732600732601,0.0144688644688645,0,0.0384615384615385,0.0318681318681319,0.614468864468865
265773.411807,2746866.126422,0.488815548221489,0.00825082508250825,0,0.00311697836450312,0.0792079207920792,0.420608727539421
266273.411807,2746866.126422,0.380952380952381,0.0428571428571429,0,0.00952380952380952,0.0754578754578755,0.491208791208791
266773.411807,2746866.126422,0.336446886446886,0.0256410256410256,0,0.0476190476190476,0.108791208791209,0.481501831501832
267273.411807,2746866.126422,0.228456178951228,0.0850751741840851,0,0.0742574257425743,0.0278694536120279,0.584341767510084
267773.411807,2746866.126422,0.566117216117216,0.0426739926739927,0,0.0302197802197802,0.0452380952380952,0.315750915750916
268273.411807,2746866.126422,0.631135531135531,0.00128205128205128,0,0.028021978021978,0.0706959706959707,0.268864468864469
268773.411807,2746866.126422,0.293912724605794,0.0242024202420242,0,0.155298863219655,0.154015401540154,0.372570590392373
269273.411807,2746866.126422,0.182600732600733,0.0172161172161172,0,0.139010989010989,0.123076923076923,0.538095238095238
269773.411807,2746866.126422,0.36007326007326,0.0315018315018315,0.00934065934065934,0.0243589743589744,0.0862637362637363,0.488461538461538
270273.411807,2746866.126422,0.467730106343968,0.0203520352035204,0.00055005500550055,0.0823248991565823,0.0577557755775578,0.371287128712871
270773.411807,2746866.126422,0.51996336996337,0.0221611721611722,0.000183150183150183,0.0730769230769231,0.0677655677655678,0.316849816849817
271273.411807,2746866.126422,0.371978021978022,0.0355311355311355,0.00897435897435897,0.0358974358974359,0.0518315018315018,0.495787545787546
271773.411807,2746866.126422,0.441144114411441,0.00788412174550788,0,0.0077007700770077,0.0364869820315365,0.506784011734507
272273.411807,2746866.126422,0.467216117216117,0.0119047619047619,0.00164835164835165,0.0333333333333333,0.118498168498168,0.367399267399267
272773.411807,2746866.126422,0.555311355311355,0.00311355311355311,0,0.00311355311355311,0.0272893772893773,0.411172161172161
273273.411807,2746866.126422,0.344334433443344,0.0128346167950128,0,0.0212687935460213,0.0795746241290796,0.541987532086542
273773.411807,2746866.126422,0.422710622710623,0.115934065934066,0.00183150183150183,0.0117216117216117,0.0582417582417582,0.38956043956044
274273.411807,2746866.126422,0.553663003663004,0.0470695970695971,0.000183150183150183,0.0166666666666667,0.0450549450549451,0.337362637362637
274773.411807,2746866.126422,0.224239090575724,0.094976164283095,0,0.142647598093143,0.173083975064173,0.365053171983865
275273.411807,2746866.126422,0.138633377135348,0.291721419185283,0.000657030223390276,0.00854139290407359,0.0328515111695138,0.527595269382392
262773.411807,2746366.126422,0.704710920770878,0.0944325481798715,0,0,0.00492505353319058,0.19593147751606
263273.411807,2746366.126422,0.868416223160213,0.0143145531290145,0,0.00146815929528354,0.0165167920719398,0.0992842723435493
263773.411807,2746366.126422,0.780671190170548,0.00825233816247937,0,0.00256739409499358,0.0117366587199707,0.196772418852008
264273.411807,2746366.126422,0.809052592999817,0.0100787978742899,0,0.0335349092908191,0.0350009162543522,0.112332783580722
264773.411807,2746366.126422,0.690034868783263,0.0196366305744173,0,0,0.0100935951550743,0.280234905487245
265273.411807,2746366.126422,0.793874931230515,0.00293416467999266,0,0.000366770584999083,0.0113698881349716,0.191454245369521
265773.411807,2746366.126422,0.52134872640645,0.009529045262965,0,0.00384826827927433,0.0278541323071285,0.437419827744182
266273.411807,2746366.126422,0.482473848412553,0.00532207744540283,0,0.0154156726004772,0.04147550009176,0.455312901449807
266773.411807,2746366.126422,0.655785805978361,0.00165046763249587,0,0.0113698881349716,0.0291582615074271,0.302035576746745
267273.411807,2746366.126422,0.686457760674363,0.0161260765988638,0.000549752611324904,0.0397654388858347,0.047645226314825,0.209455744914788
267773.411807,2746366.126422,0.358230868049183,0.0242246283721784,0,0.0759772435309231,0.0752431638832813,0.466324096164434
268273.411807,2746366.126422,0.459746928296351,0.0185219145424537,0.000366770584999083,0.117733357784706,0.124885384192188,0.278745644599303
268773.411807,2746366.126422,0.420743998533993,0.0161260765988638,0,0.0698185816382628,0.104636247022173,0.388675096206707
269273.411807,2746366.126422,0.403193246467242,0.017434391631492,0.0122958340979996,0.0750596439713709,0.0708386859974307,0.421178197834465
269773.411807,2746366.126422,0.490922428021273,0.0157711351549606,0.00238400880249404,0.0709701081973226,0.0511644966073721,0.368787823216578
270273.411807,2746366.126422,0.649624335715595,0.0225398570643211,0,0.0474619754443834,0.0364669232178853,0.243906908557816
270773.411807,2746366.126422,0.464488897045329,0.0159662323362085,0.00201871903101487,0.109194347586713,0.0873554780693705,0.320976325931364
271273.411807,2746366.126422,0.240968274344398,0.0434623143223913,0.000366770584999083,0.136805428204658,0.123051531267192,0.455345681276362
271773.411807,2746366.126422,0.260399486897563,0.00861279091075683,0.000366501740883269,0.0386659336631849,0.091258933479934,0.600696353307678
272273.411807,2746366.126422,0.469627454578822,0.00770783630023858,0.000183519911910442,0.0242246283721784,0.0811158010644155,0.417140759772435
272773.411807,2746366.126422,0.677241885200807,0.00550155877498625,0,0.00201723821749496,0.0269576379974326,0.288281679809279
273273.411807,2746366.126422,0.439802089059923,0.0806303829943192,0,0.0207073483599047,0.0366501740883269,0.422210005497526
273773.411807,2746366.126422,0.45237658285924,0.0297302257294917,0,0.0710222059093412,0.164433841071756,0.282437144430171
274273.411807,2746366.126422,0.551439574546121,0.0273244085824317,0,0.0168714469099578,0.0489638730973776,0.355400696864112
274773.411807,2746366.126422,0.327286054608759,0.0725673446948873,0,0.0120945574491479,0.0267546270844787,0.561297416162727
