"x","y","forest","agri","water","built","other","grass"
177773.411807,2641366.126422,0.00680713128038898,0.160777957860616,0.393841166936791,0.219124797406807,0.0431118314424635,0.176337115072934
178273.411807,2641366.126422,0.0110246433203632,0.325875486381323,0.226977950713359,0.127431906614786,0.0573929961089494,0.251297016861219
178773.411807,2641366.126422,0,0.141286776592305,0.390559327513741,0.346265761396702,0.0297445845457485,0.0921435499515034
179273.411807,2641366.126422,0.00421393841166937,0.421717990275527,0.290437601296596,0.171474878444084,0.0528363047001621,0.0593192868719611
179773.411807,2641366.126422,0.00356679636835279,0.43514915693904,0.11284046692607,0.174448767833982,0.0642023346303502,0.209792477302205
180273.411807,2641366.126422,0.0200452634982218,0.342386032977692,0.0918202392499192,0.0708050436469447,0.0526996443582283,0.422243776268995
180773.411807,2641366.126422,0.00972447325769854,0.727714748784441,0.0103727714748784,0.00129659643435981,0.0188006482982172,0.232090761750405
181273.411807,2641366.126422,0.0428015564202335,0.578145265888457,0.0956549935149157,0.0337224383916991,0.0158884565499351,0.23378728923476
181773.411807,2641366.126422,0.0210151956029745,0.833171677982541,0,0.000323310701584222,0.00872938894277401,0.136760426770126
182273.411807,2641366.126422,0.00129659643435981,0.793192868719611,0,0.0162074554294976,0.0343598055105348,0.154943273905997
182773.411807,2641366.126422,0.00843060959792477,0.624513618677043,0,0.0846303501945525,0.11348897535668,0.1689364461738
183273.411807,2641366.126422,0.0158422243776269,0.419010669253152,0,0.125767862916263,0.148399612027158,0.2909796314258
183773.411807,2641366.126422,0.0353322528363047,0.283630470016207,0,0.0551053484602917,0.162398703403566,0.46353322528363
184273.411807,2641366.126422,0.012970168612192,0.649481193255512,0,0.0544747081712062,0.117055771725032,0.166018158236057
184773.411807,2641366.126422,0.0371807306821856,0.473326867119302,0.0171354671839638,0.0808276753960556,0.0969932104752667,0.294536049143227
185273.411807,2641366.126422,0.0162074554294976,0.603889789303079,0.00162074554294976,0.00356564019448947,0.0317666126418152,0.342949756888169
185773.411807,2641366.126422,0,0.616083009079118,0,0.000324254215304799,0.0136186770428016,0.369974059662776
186273.411807,2641366.126422,0,0.724078341013825,0,0,0.0495391705069124,0.226382488479263
176773.411807,2640866.126422,0.00146762062006971,0.0381581361218125,0.802971931755641,0.0999816547422491,0.0300862227114291,0.0273344340487984
177273.411807,2640866.126422,0.0228937728937729,0.291941391941392,0.228937728937729,0.101282051282051,0.052014652014652,0.302930402930403
177773.411807,2640866.126422,0.129357798165138,0.273761467889908,0.0346788990825688,0.117798165137615,0.0627522935779816,0.381651376146789
178273.411807,2640866.126422,0.00898917629792699,0.141441937259218,0.372959090075216,0.227297743533297,0.0601724454228582,0.189139607411484
178773.411807,2640866.126422,0.00256410256410256,0.458791208791209,0.144322344322344,0.171794871794872,0.0661172161172161,0.156410256410256
179273.411807,2640866.126422,0.00844036697247706,0.859266055045872,0.0240366972477064,0.0201834862385321,0.0122935779816514,0.0757798165137615
179773.411807,2640866.126422,0.0288020546688681,0.726655659512016,0,0.0221977618785544,0.0401761144744084,0.182168409466153
180273.411807,2640866.126422,0.0256410256410256,0.663003663003663,0.00805860805860806,0.0860805860805861,0.0926739926739927,0.124542124542125
180773.411807,2640866.126422,0.0121100917431193,0.781467889908257,0,0.00311926605504587,0.0311926605504587,0.172110091743119
181273.411807,2640866.126422,0.0157769216657494,0.655476059438635,0.0212804989910108,0.00091726288754357,0.00843881856540084,0.29811043845166
181773.411807,2640866.126422,0.0148351648351648,0.698168498168498,0.0166666666666667,0.0155677655677656,0.0406593406593407,0.214102564102564
182273.411807,2640866.126422,0.0304587155963303,0.483669724770642,0.00568807339449541,0.150091743119266,0.114495412844037,0.215596330275229
182773.411807,2640866.126422,0.0234819299211154,0.476242891212622,0.000733810310034856,0.0445789763346175,0.10420106402495,0.350761328196661
183273.411807,2640866.126422,0.00183150183150183,0.573076923076923,0,0.00732600732600733,0.0593406593406593,0.358424908424908
183773.411807,2640866.126422,0.0108256880733945,0.518348623853211,0.0126605504587156,0.0055045871559633,0.0361467889908257,0.41651376146789
184273.411807,2640866.126422,0.0704457897633462,0.517519721152082,0,0.0372408732342689,0.0796184186387819,0.295175197211521
184773.411807,2640866.126422,0.0133699633699634,0.633333333333333,0.0360805860805861,0.017032967032967,0.0672161172161172,0.232967032967033
185273.411807,2640866.126422,0.00201834862385321,0.664770642201835,0.0324770642201835,0.0343119266055046,0.0539449541284404,0.212477064220183
185773.411807,2640866.126422,0.00385250412768299,0.636580443955238,0.0277013392038158,0.0319207484865162,0.0667767382131719,0.233168226013575
186273.411807,2640866.126422,0.0263757733637252,0.618690980136763,0.0058612829697167,0.0188863562357538,0.0918267665255617,0.238358840768479
174773.411807,2640366.126422,0,0.00128205128205128,0.993040293040293,0.00384615384615385,0.0010989010989011,0.000732600732600733
175273.411807,2640366.126422,0,0.0408424908424908,0.882051282051282,0.0655677655677656,0.00549450549450549,0.00604395604395604
175773.411807,2640366.126422,0,0.0463879721305464,0.885038503850385,0.0564723138980565,0.00641730839750642,0.00568390172350568
176273.411807,2640366.126422,0.000732600732600733,0.126007326007326,0.60970695970696,0.193406593406593,0.0419413919413919,0.0282051282051282
176773.411807,2640366.126422,0.00274725274725275,0.236080586080586,0.385897435897436,0.17985347985348,0.0516483516483516,0.143772893772894
177273.411807,2640366.126422,0.0207187385405207,0.214521452145215,0.27044371103777,0.195086175284195,0.103593692702604,0.195636230289696
177773.411807,2640366.126422,0.0675824175824176,0.156043956043956,0.0256410256410256,0.333699633699634,0.167399267399267,0.2496336996337
178273.411807,2640366.126422,0.0236263736263736,0.407326007326007,0.0510989010989011,0.152014652014652,0.0631868131868132,0.302747252747253
178773.411807,2640366.126422,0.00825082508250825,0.298496516318298,0.172350568390172,0.28951228456179,0.0892922625595893,0.142097543087642
179273.411807,2640366.126422,0.0249084249084249,0.665384615384615,0.0437728937728938,0.0758241758241758,0.041025641025641,0.149084249084249
179773.411807,2640366.126422,0.0494505494505494,0.478388278388278,0.0183150183150183,0.140659340659341,0.176007326007326,0.137179487179487
180273.411807,2640366.126422,0.0672900623395673,0.542170883755042,0,0.0924092409240924,0.0832416574990832,0.214888155482215
180773.411807,2640366.126422,0.00549450549450549,0.756776556776557,0.00238095238095238,0.00402930402930403,0.0360805860805861,0.195238095238095
181273.411807,2640366.126422,0.00293040293040293,0.866483516483517,0,0.00402930402930403,0.00549450549450549,0.121062271062271
181773.411807,2640366.126422,0.0121012101210121,0.438577191052439,0.0170517051705171,0.188852218555189,0.138980564723139,0.204437110377704
182273.411807,2640366.126422,0.00787545787545788,0.647619047619048,0,0.0481684981684982,0.120512820512821,0.175824175824176
182773.411807,2640366.126422,0.00915750915750916,0.655128205128205,0.00604395604395604,0.0437728937728938,0.110989010989011,0.174908424908425
183273.411807,2640366.126422,0.00898423175650898,0.582324899156582,0.0388705537220389,0.0678401173450678,0.0628896222955629,0.239090575724239
183773.411807,2640366.126422,0.0298534798534799,0.578388278388278,0.00457875457875458,0.0252747252747253,0.0340659340659341,0.327838827838828
184273.411807,2640366.126422,0.0184981684981685,0.602564102564103,0,0.0606227106227106,0.105128205128205,0.213186813186813
184773.411807,2640366.126422,0.00843417675100843,0.633113311331133,0.0210854418775211,0.143014301430143,0.0575724239090576,0.136780344701137
185273.411807,2640366.126422,0.0133699633699634,0.377472527472527,0.000732600732600733,0.335897435897436,0.0380952380952381,0.234432234432234
185773.411807,2640366.126422,0.00311355311355311,0.717216117216117,0.00952380952380952,0.00659340659340659,0.0346153846153846,0.228937728937729
186273.411807,2640366.126422,0.0159609120521173,0.806514657980456,0,0,0.00716612377850163,0.170358306188925
174773.411807,2639866.126422,0,0.0548724536612222,0.832629840337677,0.0979996329601762,0.00605615709304459,0.00844191594788034
175273.411807,2639866.126422,0,0.156244269209609,0.633962956170915,0.170915092609573,0.0165046763249587,0.0223730056849441
175773.411807,2639866.126422,0.000183250870441635,0.136338647608576,0.556716144401686,0.167308044713212,0.0362836723474437,0.10317024005864
176273.411807,2639866.126422,0.000183519911910442,0.151954487061846,0.372361901266287,0.19930262433474,0.0574417324279684,0.218755734997247
176773.411807,2639866.126422,0.000550155877498625,0.21602787456446,0.392627911241518,0.239317806711902,0.0559325142123602,0.0955437373922611
177273.411807,2639866.126422,0.0142935678944475,0.412314458493678,0.204691222283306,0.130108118013561,0.0635880520432472,0.175004581271761
177773.411807,2639866.126422,0.0814828408882364,0.179665993760323,0.0176179115434025,0.248302440814828,0.143879610937787,0.329051202055423
178273.411807,2639866.126422,0.0584999083073537,0.348615441041628,0.0227397762699432,0.189987163029525,0.0678525582248304,0.312305153126719
178773.411807,2639866.126422,0.0128275609309144,0.250687190764156,0.307861462341946,0.234561114165292,0.0696353307678211,0.12442734102987
179273.411807,2639866.126422,0.0222059093411635,0.610387227014131,0.0330335841438796,0.0502844558634612,0.0963479537529822,0.187740869884382
179773.411807,2639866.126422,0.0115532734274711,0.741976893453145,0.033192737942417,0.0293416467999266,0.033192737942417,0.150742710434623
180273.411807,2639866.126422,0.0102620487447315,0.788894997251237,0,0.0219901044529962,0.0287703866593366,0.150082462891699
180773.411807,2639866.126422,0.0282620664342081,0.704165902000367,0,0.0104606349788952,0.0482657368324463,0.208845659754083
181273.411807,2639866.126422,0.0313588850174216,0.578030441958555,0,0.0612506876948469,0.0739042728773152,0.255455712451861
181773.411807,2639866.126422,0.0256551218618288,0.477002015759575,0.0423309510720176,0.192230163093275,0.135972145867693,0.126809602345611
182273.411807,2639866.126422,0.00917599559552211,0.488162965681776,0.0550559735731327,0.105340429436594,0.164250321159846,0.178014314553129
182773.411807,2639866.126422,0.0154043645699615,0.398863011186503,0.141940216394645,0.072803961122318,0.0414450761048964,0.329543370621676
183273.411807,2639866.126422,0.0317024005864028,0.481216785779732,0.00183250870441635,0.0238226131574125,0.0470954737035001,0.414330218068536
183773.411807,2639866.126422,0.0300972655533125,0.55202789502661,0.0484492567443568,0.0352358230868049,0.0728574050284456,0.26133235456047
184273.411807,2639866.126422,0.00348432055749129,0.73592517880066,0.0275077938749312,0.013203741059967,0.0174216027874564,0.202457362919494
184773.411807,2639866.126422,0.00824628916987356,0.697452812900861,0.00293201392706615,0.114898295766905,0.0331684075499359,0.143302180685358
185273.411807,2639866.126422,0.00770783630023858,0.685263351073591,0.0321159845843274,0.0561570930445953,0.0502844558634612,0.168471279133786
185773.411807,2639866.126422,0.004401247019989,0.682193288098294,0,0.0300751879699248,0.0601503759398496,0.223179900971942
186273.411807,2639866.126422,0.00782013685239492,0.677745193874226,0,0,0.00293255131964809,0.311502117953731
174273.411807,2639366.126422,0,0.0106227106227106,0.417765567765568,0.53974358974359,0.0287545787545788,0.00311355311355311
174773.411807,2639366.126422,0,0.0308256880733945,0.755045871559633,0.152477064220183,0.0497247706422018,0.0119266055045872
175273.411807,2639366.126422,0,0.0889745000917263,0.70188956154834,0.129334067143643,0.0502660062373876,0.029535864978903
175773.411807,2639366.126422,0,0.255677655677656,0.446153846153846,0.154395604395604,0.043040293040293,0.100732600732601
176273.411807,2639366.126422,0.000917431192660551,0.231009174311927,0.496146788990826,0.159449541284404,0.0251376146788991,0.0873394495412844
176773.411807,2639366.126422,0,0.294808292056503,0.284901852871033,0.273527793065493,0.0478811227297744,0.0988809392771968
177273.411807,2639366.126422,0.0212454212454212,0.233333333333333,0.319413919413919,0.187179487179487,0.080952380952381,0.157875457875458
177773.411807,2639366.126422,0.230091743119266,0.170091743119266,0,0.10256880733945,0.118715596330275,0.378532110091743
178273.411807,2639366.126422,0.104384516602458,0.294624839478995,0.0176114474408365,0.184736745551275,0.103650706292423,0.294991744634012
178773.411807,2639366.126422,0.0413919413919414,0.373626373626374,0.0750915750915751,0.144322344322344,0.0862637362637363,0.279304029304029
179273.411807,2639366.126422,0.0293577981651376,0.474495412844037,0.0761467889908257,0.105871559633028,0.0878899082568807,0.226238532110092
179773.411807,2639366.126422,0.0299027701339204,0.519537699504678,0.00201797835259585,0.103467253714915,0.114474408365438,0.230599889928453
180273.411807,2639366.126422,0.0102564102564103,0.894505494505495,0,0.00476190476190476,0.00842490842490842,0.0820512820512821
180773.411807,2639366.126422,0.0842201834862385,0.108623853211009,0.00165137614678899,0.338899082568807,0.231559633027523,0.235045871559633
181273.411807,2639366.126422,0.0258668134287287,0.587598605760411,0,0.0996147495872317,0.104567969179967,0.182351862043662
181773.411807,2639366.126422,0.0269230769230769,0.454761904761905,0.0163003663003663,0.15,0.154578754578755,0.197435897435897
182273.411807,2639366.126422,0.0365137614678899,0.582935779816514,0,0.0458715596330275,0.0500917431192661,0.284587155963303
182773.411807,2639366.126422,0.0418271876719868,0.531829022197762,0,0.0238488350761328,0.135021097046413,0.267473858007705
183273.411807,2639366.126422,0.00714285714285714,0.701648351648352,0,0.0021978021978022,0.0274725274725275,0.261538461538462
183773.411807,2639366.126422,0.0212844036697248,0.281834862385321,0,0,0.00954128440366972,0.687339449541284
184273.411807,2639366.126422,0.0682443588332416,0.630893414052467,0,0.0188956154833975,0.0377912309667951,0.244175380664098
184773.411807,2639366.126422,0.124358974358974,0.448717948717949,0,0.0688644688644689,0.108424908424908,0.2496336996337
185273.411807,2639366.126422,0.035045871559633,0.448807339449541,0,0.122018348623853,0.179266055045872,0.214862385321101
185773.411807,2639366.126422,0.0117409649605577,0.748669968813062,0,0.00238488350761328,0.0207301412584847,0.216474041460283
186273.411807,2639366.126422,0.0113969391077825,0.667209378052752,0,0.0234451318788668,0.0146532074242918,0.283295343536307
174273.411807,2638866.126422,0,0.088008800880088,0.0953428676200953,0.395489548954895,0.121928859552622,0.299229922992299
174773.411807,2638866.126422,0,0.0600732600732601,0.375091575091575,0.364285714285714,0.0857142857142857,0.114835164835165
175273.411807,2638866.126422,0,0.0633699633699634,0.633882783882784,0.153846153846154,0.0679487179487179,0.080952380952381
175773.411807,2638866.126422,0,0.254675467546755,0.269343601026769,0.196002933626696,0.111111111111111,0.168866886688669
176273.411807,2638866.126422,0,0.687179487179487,0.0963369963369963,0.0529304029304029,0.0346153846153846,0.128937728937729
176773.411807,2638866.126422,0.00384615384615385,0.555494505494506,0.234432234432234,0.106959706959707,0.0333333333333333,0.0659340659340659
177273.411807,2638866.126422,0.0174184085075174,0.365419875320865,0.229372937293729,0.134946828016135,0.037037037037037,0.215804913824716
177773.411807,2638866.126422,0.0948717948717949,0.431318681318681,0.0117216117216117,0.0362637362637363,0.0360805860805861,0.38974358974359
178273.411807,2638866.126422,0.0584249084249084,0.525457875457875,0.0293040293040293,0.0981684981684982,0.030952380952381,0.257692307692308
178773.411807,2638866.126422,0.0205353868720205,0.714154748808214,0.0738907224055739,0.0381371470480381,0.0456545654565457,0.107627429409608
179273.411807,2638866.126422,0.0282051282051282,0.474908424908425,0.0489010989010989,0.14047619047619,0.126190476190476,0.181318681318681
179773.411807,2638866.126422,0.0115384615384615,0.61978021978022,0.0144688644688645,0.0855311355311355,0.0749084249084249,0.193772893772894
180273.411807,2638866.126422,0.0113678034470114,0.685001833516685,0.00421708837550422,0.11019435276861,0.0616061606160616,0.127612761276128
180773.411807,2638866.126422,0.0703296703296703,0.204945054945055,0,0.302930402930403,0.187728937728938,0.234065934065934
181273.411807,2638866.126422,0.063003663003663,0.463736263736264,0,0.0789377289377289,0.141208791208791,0.253113553113553
181773.411807,2638866.126422,0.0317198386505317,0.602676934360103,0.00421708837550422,0.0744407774110744,0.0566556655665567,0.23028969563623
182273.411807,2638866.126422,0.0161172161172161,0.637179487179487,0.0293040293040293,0.0622710622710623,0.0771062271062271,0.178021978021978
182773.411807,2638866.126422,0.00164835164835165,0.681684981684982,0.0141025641025641,0.0287545787545788,0.0489010989010989,0.224908424908425
183273.411807,2638866.126422,0.00971763843050972,0.532086541987532,0.00825082508250825,0.0705903923725706,0.0520718738540521,0.327282728272827
183773.411807,2638866.126422,0.00238095238095238,0.519047619047619,0.0236263736263736,0.0249084249084249,0.0388278388278388,0.391208791208791
184273.411807,2638866.126422,0.0318681318681319,0.517032967032967,0.00238095238095238,0.0148351648351648,0.0148351648351648,0.419047619047619
184773.411807,2638866.126422,0.385405207187385,0.282911624495783,0.0033003300330033,0.066006600660066,0.0861752841950862,0.176200953428676
185273.411807,2638866.126422,0.0315018315018315,0.652380952380952,0.000183150183150183,0.0413919413919414,0.0551282051282051,0.219413919413919
185773.411807,2638866.126422,0.00714285714285714,0.563736263736264,0,0.0269230769230769,0.060989010989011,0.341208791208791
186273.411807,2638866.126422,0.00879478827361563,0.898371335504886,0,0.00586319218241042,0.0211726384364821,0.0657980456026059
173773.411807,2638366.126422,0,0.00206526228831062,0.985749690210657,0.0121850475010326,0,0
174273.411807,2638366.126422,0,0.0344511636430273,0.703683342495877,0.0826461425691772,0,0.179219351291919
174773.411807,2638366.126422,0,0.173426316755368,0.0141310332171041,0.218939254909158,0.125160579922922,0.468342815195449
175273.411807,2638366.126422,0,0.426737575646433,0.0319090408949202,0.0460297084173849,0.0678525582248304,0.427471116816431
175773.411807,2638366.126422,0.000916254352208173,0.416162726772952,0.0203408466190214,0.14238592633315,0.0764156129741616,0.343778632948507
176273.411807,2638366.126422,0.00458799779776106,0.671682877592219,0.0104606349788952,0.0895577170122958,0.0790970820334006,0.144613690585429
176773.411807,2638366.126422,0.00513478818998716,0.38419218778654,0.131303869429672,0.133137722354667,0.0893086374472767,0.256922794791858
177273.411807,2638366.126422,0.0428807036833425,0.304379695803555,0.0183250870441635,0.233461608942642,0.177203591717061,0.223749312809236
177773.411807,2638366.126422,0.0172508717195816,0.621581941640668,0.085887318774087,0.0385391815011929,0.0284455863461186,0.208295100018352
178273.411807,2638366.126422,0.0198056115899505,0.554740509811113,0.15202640748212,0.10819732257473,0.0298918026774253,0.135338345864662
178773.411807,2638366.126422,0.0133773135422393,0.64577606743632,0.125343595382078,0.0555250137438153,0.0445299615173172,0.11544804837823
179273.411807,2638366.126422,0.0209212699577904,0.498256560836851,0.136355294549459,0.115250504679758,0.0581758120756102,0.171040557900532
179773.411807,2638366.126422,0.0183385292499542,0.735558408215661,0.00605171465248487,0.0256739409499358,0.0454795525398863,0.168897854392078
180273.411807,2638366.126422,0.00604727872457394,0.809968847352025,0,0.00146600696353308,0.0223566061938794,0.160161260765989
180773.411807,2638366.126422,0.0521196549825656,0.665993760322995,0.00789135621214902,0.0234905487245366,0.0504679757753716,0.200036703982382
181273.411807,2638366.126422,0.0135705116449661,0.627727856225931,0.0187052998349532,0.149459013387126,0.0559325142123602,0.134604804694663
181773.411807,2638366.126422,0.0300531427524281,0.569726956203042,0.0223566061938794,0.106652006597031,0.0727505955653289,0.19846069268829
182273.411807,2638366.126422,0.00789135621214902,0.712974857772068,0,0.0135804734813727,0.0321159845843274,0.233437327950083
182773.411807,2638366.126422,0.0359435173299101,0.525765633596186,0.0324591967724189,0.0487804878048781,0.0386942967174033,0.318356867779204
183273.411807,2638366.126422,0.00641378046545721,0.501557632398754,0.0621220450797141,0.034084661902144,0.0859446582371266,0.309877221916804
183773.411807,2638366.126422,0.00256927876674619,0.244265002752799,0.113048265736832,0.149935768030831,0.0554230133969536,0.434758671315838
184273.411807,2638366.126422,0.00550155877498625,0.0498807995598753,0,0.00678525582248304,0.026407482119934,0.911424903722721
184773.411807,2638366.126422,0.00787978742899029,0.507604911123328,0,0.0489279824079164,0.0544255085211655,0.3811618105186
185273.411807,2638366.126422,0.028629106258029,0.558267572031565,0.0620297302257295,0.0464305377133419,0.0697375665259681,0.234905487245366
185773.411807,2638366.126422,0,0.833302769117917,0.022006235099945,0.0223730056849441,0.0383275261324042,0.08399046396479
186273.411807,2638366.126422,0.00553926360377973,0.761811665037471,0.0120560443141088,0.0475724991854024,0.0547409579667644,0.118279569892473
173773.411807,2637866.126422,0,0.0132176786451879,0.590871540685667,0.395910780669145,0,0
174273.411807,2637866.126422,0,0.0183150183150183,0.871062271062271,0.110622710622711,0,0
174773.411807,2637866.126422,0,0.00440366972477064,0.81394495412844,0.0922935779816514,0.00293577981651376,0.0864220183486239
175273.411807,2637866.126422,0,0.0796184186387819,0.172995780590717,0.130067877453678,0.001284168042561,0.616033755274262
175773.411807,2637866.126422,0.00384615384615385,0.0467032967032967,0,0.0173992673992674,0.0357142857142857,0.896336996336996
176273.411807,2637866.126422,0.00587155963302752,0.465321100917431,0.00311926605504587,0.12605504587156,0.13394495412844,0.265688073394495
176773.411807,2637866.126422,0.00366905155017428,0.656026417171161,0.0398092093193909,0.0343056319941295,0.0519170794349661,0.214272610530178
177273.411807,2637866.126422,0.0245421245421245,0.608974358974359,0.0265567765567766,0.0415750915750916,0.0494505494505494,0.248901098901099
177773.411807,2637866.126422,0.0115596330275229,0.48954128440367,0.204587155963303,0.109174311926606,0.0280733944954128,0.157064220183486
178273.411807,2637866.126422,0.0421940928270042,0.579893597505045,0.119427627958173,0.0906255732893047,0.0495321959273528,0.118326912493121
178773.411807,2637866.126422,0.0234432234432234,0.597985347985348,0.0923076923076923,0.0855311355311355,0.0631868131868132,0.137545787545788
179273.411807,2637866.126422,0.0302752293577982,0.643853211009174,0.0644036697247706,0.0937614678899083,0.0326605504587156,0.135045871559633
179773.411807,2637866.126422,0.0066042927903137,0.68042560997982,0.068611263988259,0.0682443588332416,0.0324711062190424,0.143643368189323
180273.411807,2637866.126422,0.0126373626373626,0.727655677655678,0.00641025641025641,0.0195970695970696,0.063003663003663,0.170695970695971
180773.411807,2637866.126422,0.0422018348623853,0.445871559633028,0,0.158532110091743,0.134678899082569,0.218715596330275
181273.411807,2637866.126422,0.0497156485048615,0.648321408915795,0,0.0454962392221611,0.0519170794349661,0.204549623922216
181773.411807,2637866.126422,0.0183150183150183,0.648351648351648,0,0.0184981684981685,0.0756410256410256,0.239194139194139
182273.411807,2637866.126422,0.0319266055045872,0.56605504587156,0.00752293577981651,0.0693577981651376,0.115045871559633,0.210091743119266
182773.411807,2637866.126422,0.0260502660062374,0.522656393322326,0.0719134103834159,0.107686662997615,0.103283801137406,0.168409466152999
183273.411807,2637866.126422,0.0208791208791209,0.716117216117216,0,0.0137362637362637,0.0516483516483516,0.197619047619048
183773.411807,2637866.126422,0.0146788990825688,0.517798165137615,0.0359633027522936,0.0409174311926606,0.0948623853211009,0.295779816513761
184273.411807,2637866.126422,0.0401761144744084,0.268941478627775,0.00587048248027885,0.118510365070629,0.175564116675839,0.39093744267107
184773.411807,2637866.126422,0.0131868131868132,0.61996336996337,0,0.00164835164835165,0.0122710622710623,0.352930402930403
185273.411807,2637866.126422,0.00880733944954129,0.585688073394495,0,0.038348623853211,0.0409174311926606,0.326238532110092
185773.411807,2637866.126422,0.00220143093010457,0.758576407998532,0,0.00880572372041827,0.0333883691065859,0.197028068244359
186273.411807,2637866.126422,0.0107456854444806,0.743080429827418,0,0.0156300879192445,0.0214913708889613,0.209052425919896
173773.411807,2637366.126422,0,0.0441419141914191,0.161097359735974,0.66542904290429,0.121905940594059,0.00742574257425743
174273.411807,2637366.126422,0,0.0806747341400807,0.0359369270260359,0.568390172350568,0.24000733406674,0.074990832416575
174773.411807,2637366.126422,0,0.233699633699634,0.275457875457875,0.176373626373626,0.165384615384615,0.149084249084249
175273.411807,2637366.126422,0,0.386446886446886,0.118864468864469,0.0968864468864469,0.00641025641025641,0.391391941391941
175773.411807,2637366.126422,0,0.170517051705171,0.51045104510451,0.194169416941694,0.0077007700770077,0.117161716171617
176273.411807,2637366.126422,0,0.2496336996337,0.265201465201465,0.0990842490842491,0.0351648351648352,0.350915750915751
176773.411807,2637366.126422,0.0153846153846154,0.526007326007326,0.0278388278388278,0.0716117216117216,0.0950549450549451,0.264102564102564
177273.411807,2637366.126422,0.0190685735240191,0.695452878621195,0.0146681334800147,0.0077007700770077,0.0264026402640264,0.236707004033737
177773.411807,2637366.126422,0.00714285714285714,0.672710622710623,0.0119047619047619,0.114102564102564,0.0294871794871795,0.164652014652015
178273.411807,2637366.126422,0.0293040293040293,0.621062271062271,0.0582417582417582,0.0591575091575092,0.0752747252747253,0.156959706959707
178773.411807,2637366.126422,0.0361202786945361,0.587092042537587,0.0555555555555556,0.0854418775210854,0.0762742940960763,0.15951595159516
179273.411807,2637366.126422,0.0340659340659341,0.61025641025641,0.000915750915750916,0.0772893772893773,0.0672161172161172,0.21025641025641
179773.411807,2637366.126422,0.00274725274725275,0.825457875457875,0.0498168498168498,0.00457875457875458,0.00494505494505494,0.112454212454212
180273.411807,2637366.126422,0.0298863219655299,0.634946828016135,0,0.100843417675101,0.105977264393106,0.128346167950128
180773.411807,2637366.126422,0.132234432234432,0.275457875457875,0.0104395604395604,0.187179487179487,0.15952380952381,0.235164835164835
181273.411807,2637366.126422,0.0113553113553114,0.693223443223443,0,0.0172161172161172,0.0441391941391941,0.234065934065934
181773.411807,2637366.126422,0.0317198386505317,0.821048771543821,0,0.0135680234690136,0.0377704437110378,0.0958929226255959
182273.411807,2637366.126422,0.00750915750915751,0.786446886446886,0,0.00641025641025641,0.0179487179487179,0.181684981684982
182773.411807,2637366.126422,0.0108058608058608,0.617582417582418,0.0157509157509158,0.0467032967032967,0.0380952380952381,0.271062271062271
183273.411807,2637366.126422,0.00366703337000367,0.559039237257059,0.00055005500550055,0.0234690135680235,0.0469380271360469,0.366336633663366
183773.411807,2637366.126422,0.00787545787545788,0.542490842490842,0.0293040293040293,0.0313186813186813,0.0553113553113553,0.333699633699634
184273.411807,2637366.126422,0.00714285714285714,0.694505494505494,0,0.00494505494505494,0.0172161172161172,0.276190476190476
184773.411807,2637366.126422,0.0317198386505317,0.533736707004034,0,0.0273193986065273,0.0808580858085809,0.326365969930326
185273.411807,2637366.126422,0.0181318681318681,0.684798534798535,0,0.00274725274725275,0.0263736263736264,0.267948717948718
185773.411807,2637366.126422,0.0108058608058608,0.700915750915751,0,0.00457875457875458,0.043040293040293,0.240659340659341
186273.411807,2637366.126422,0.00293159609120521,0.915635179153094,0,0.000651465798045603,0.0306188925081433,0.0501628664495114
173773.411807,2636866.126422,0,0.0726972325485337,0.165220983064849,0.7333746385791,0.00165220983064849,0.0270549359768691
174273.411807,2636866.126422,0,0.0643210555250137,0.268645776067436,0.65915338097856,0.00458127176104087,0.00329851566794942
174773.411807,2636866.126422,0,0.0299137456414021,0.687832629840338,0.251789319141127,0.0110111947146265,0.0194531106625069
175273.411807,2636866.126422,0,0.0128369704749679,0.579314139006052,0.404547955253989,0.00201723821749496,0.00128369704749679
175773.411807,2636866.126422,0,0.314641744548287,0.214037016675829,0.354040681693238,0.0370166758292102,0.0802638812534359
176273.411807,2636866.126422,0,0.0159662323362085,0.688199669664159,0.295283538263902,0.000550559735731327,0
176773.411807,2636866.126422,0,0.004401247019989,0.542637080506143,0.446359801943884,0.00165046763249587,0.00495140289748762
177273.411807,2636866.126422,0.00513102437236577,0.104086494410848,0.505222649807587,0.183617372182518,0.0201575957485798,0.181784863478102
177773.411807,2636866.126422,0.0282620664342081,0.360066067168288,0.169572398605249,0.157093044595339,0.0532207744540283,0.231785648742889
178273.411807,2636866.126422,0.026407482119934,0.538602604071153,0.0456629378323858,0.0304419585549239,0.0498807995598753,0.309004217861727
178773.411807,2636866.126422,0.015026571376214,0.671064687557266,0.0042147700201576,0.0615722924683892,0.0560747663551402,0.192046912222833
179273.411807,2636866.126422,0.0133969535694623,0.634244815562489,0.0200036703982382,0.0662506881996697,0.0640484492567444,0.202055423013397
179773.411807,2636866.126422,0.00623509994498441,0.802127269392995,0,0.0170548322024574,0.0500641848523748,0.124518613607189
180273.411807,2636866.126422,0.00989554700384827,0.65017408832692,0.0414146967198094,0.036100421477002,0.0474619754443834,0.214953271028037
180773.411807,2636866.126422,0.0633143696091026,0.526518627271059,0.000183519911910442,0.0600110111947146,0.0592769315470729,0.290695540466141
181273.411807,2636866.126422,0.0322758114799193,0.669539702915826,0,0.00421786172748946,0.0271410232899321,0.266825600586833
181773.411807,2636866.126422,0,0.648341579622503,0.103353490929082,0.0437969580355507,0.0703683342495877,0.134139637163277
182273.411807,2636866.126422,0.00807487612405946,0.817764727472931,0,0.0122958340979996,0.0220223894292531,0.139842172875757
182773.411807,2636866.126422,0.00825233816247937,0.726389143590684,0.0133871263524665,0.0641848523748395,0.0291582615074271,0.158628278012103
183273.411807,2636866.126422,0.0175920835623969,0.494777350192413,0.0954737035000916,0.0368334249587686,0.053142752428074,0.302180685358255
183773.411807,2636866.126422,0.047715177096715,0.220590934116352,0.000367039823820885,0.243714443017067,0.241879243897963,0.245733162048082
184273.411807,2636866.126422,0.0198056115899505,0.488905189803778,0.0115532734274711,0.0209059233449477,0.0605171465248487,0.398312855309004
184773.411807,2636866.126422,0.0652373098772219,0.234194612424409,0.181784863478102,0.0850284038849184,0.09529045262965,0.338464357705699
185273.411807,2636866.126422,0.0633143696091026,0.667278399706368,0.0455129381537897,0.0146815929528354,0.00752431638832813,0.201688383189576
185773.411807,2636866.126422,0.0110031175499725,0.700898587933248,0,0.0944434256372639,0.00880249403997799,0.184852374839538
186273.411807,2636866.126422,0.00162919517758227,0.846203975236233,0,0.0804822417725644,0.00456174649723037,0.0671228413163897
173773.411807,2636366.126422,0,0.046881453944651,0,0,0.00144568360181743,0.951672862453532
174273.411807,2636366.126422,0.00164835164835165,0.322344322344322,0.0424908424908425,0.177655677655678,0.0364468864468864,0.419413919413919
174773.411807,2636366.126422,0,0.0873394495412844,0.441467889908257,0.440366972477064,0.0106422018348624,0.0201834862385321
175273.411807,2636366.126422,0,0.0588882773802972,0.265639332232618,0.59200146762062,0.0185287103283801,0.0649422124380847
175773.411807,2636366.126422,0,0.0771062271062271,0.00567765567765568,0.345054945054945,0.0928571428571429,0.479304029304029
176273.411807,2636366.126422,0,0.0412844036697248,0.0554128440366972,0.0510091743119266,0.046605504587156,0.805688073394495
176773.411807,2636366.126422,0,0.0133920381581361,0.539350577875619,0.305815446707026,0.0104567969179967,0.130985140341222
177273.411807,2636366.126422,0,0,0.253846153846154,0.746153846153846,0,0
177773.411807,2636366.126422,0,0,0.737614678899083,0.262385321100917,0,0
178273.411807,2636366.126422,0,0.000366905155017428,0.668684645019263,0.328930471473124,0.00110071546505228,0.00091726288754357
178773.411807,2636366.126422,0.00695970695970696,0.0351648351648352,0.747619047619048,0.145970695970696,0.00164835164835165,0.0626373626373626
179273.411807,2636366.126422,0.00165137614678899,0.0568807339449541,0.549908256880734,0.271192660550459,0.00201834862385321,0.118348623853211
179773.411807,2636366.126422,0.00165107319757843,0.207668317739864,0.534764263437901,0.203082003302146,0.00532012474775271,0.0475142175747569
180273.411807,2636366.126422,0.00934065934065934,0.403663003663004,0.305311355311355,0.137728937728938,0.0197802197802198,0.124175824175824
180773.411807,2636366.126422,0.00073394495412844,0.241651376146789,0.403669724770642,0.285504587155963,0.0300917431192661,0.038348623853211
181273.411807,2636366.126422,0.00220143093010457,0.22399559713814,0.47936158503027,0.232067510548523,0.000366905155017428,0.0620069711979453
181773.411807,2636366.126422,0.00274725274725275,0.425641025641026,0.391208791208791,0.0972527472527473,0.000366300366300366,0.0827838827838828
182273.411807,2636366.126422,0.0190825688073394,0.563302752293578,0.0744954128440367,0.151009174311927,0.0603669724770642,0.131743119266055
182773.411807,2636366.126422,0.0493487433498441,0.374059805540268,0.0467804072647221,0.219225830122913,0.0713630526508897,0.239222161071363
183273.411807,2636366.126422,0.0514652014652015,0.303663003663004,0.0912087912087912,0.20989010989011,0.11007326007326,0.233699633699634
183773.411807,2636366.126422,0.0264220183486239,0.188807339449541,0.238532110091743,0.214862385321101,0.0691743119266055,0.262201834862385
184273.411807,2636366.126422,0,0.0475142175747569,0.662447257383966,0.241973949733994,0.00165107319757843,0.0464135021097046
184773.411807,2636366.126422,0,0,0.952014652014652,0.047985347985348,0,0
185273.411807,2636366.126422,0,0.00036697247706422,0.891009174311927,0.108440366972477,0.00018348623853211,0
185773.411807,2636366.126422,0,0.41515318290222,0.240689781691433,0.142909557879288,0.0251330031186938,0.176114474408365
186273.411807,2636366.126422,0,0.393357212634321,0.165092803647021,0.162487788993813,0.00521002930641485,0.27385216541843
173773.411807,2635866.126422,0.00103135313531353,0.269183168316832,0.00577557755775578,0.0480610561056106,0.0255775577557756,0.650371287128713
174273.411807,2635866.126422,0.0022002200220022,0.457645764576458,0.190685735240191,0.225705903923726,0.0106343967730106,0.113127979464613
174773.411807,2635866.126422,0,0.295054945054945,0.237545787545788,0.0754578754578755,0.019047619047619,0.372893772893773
175273.411807,2635866.126422,0.00238095238095238,0.164652014652015,0.262087912087912,0.269230769230769,0.0236263736263736,0.278021978021978
175773.411807,2635866.126422,0.0022002200220022,0.0691235790245691,0.211771177117712,0.0282361569490282,0.00165016501650165,0.687018701870187
176273.411807,2635866.126422,0.000183150183150183,0.14047619047619,0.165384615384615,0.00421245421245421,0.0135531135531136,0.676190476190476
176773.411807,2635866.126422,0.0010989010989011,0.0703296703296703,0.019047619047619,0.00421245421245421,0.00622710622710623,0.899084249084249
177273.411807,2635866.126422,0.00531719838650532,0.0606894022735607,0.241107444077741,0.117895122845618,0.0927759442610928,0.482214888155482
177773.411807,2635866.126422,0,0.0686813186813187,0.502380952380952,0.280952380952381,0.0501831501831502,0.0978021978021978
178273.411807,2635866.126422,0,0.101465201465201,0.529120879120879,0.28974358974359,0.0238095238095238,0.0558608058608059
178773.411807,2635866.126422,0,0.0979097909790979,0.381738173817382,0.484965163182985,0.0295196186285295,0.00586725339200587
179273.411807,2635866.126422,0,0.0661172161172161,0.487362637362637,0.385347985347985,0.0463369963369963,0.0148351648351648
179773.411807,2635866.126422,0,0.0586080586080586,0.405494505494505,0.514285714285714,0.0203296703296703,0.00128205128205128
180273.411807,2635866.126422,0,0.000366703337000367,0.894939493949395,0.104510451045105,0.000183351668500183,0
180773.411807,2635866.126422,0,0.169413919413919,0.67948717948718,0.139010989010989,0,0.0120879120879121
181273.411807,2635866.126422,0,0.0921245421245421,0.64010989010989,0.153296703296703,0.00384615384615385,0.110622710622711
181773.411807,2635866.126422,0,0.00733406674000733,0.984781811514485,0.00788412174550788,0,0
182273.411807,2635866.126422,0,0,0.895421245421245,0.104578754578755,0,0
182773.411807,2635866.126422,0,0.052014652014652,0.722893772893773,0.222527472527473,0.00201465201465201,0.000549450549450549
183273.411807,2635866.126422,0,0.296112944627796,0.360836083608361,0.245507884121746,0.0157682434910158,0.0817748441510818
183773.411807,2635866.126422,0,0.143406593406593,0.0633699633699634,0.554578754578755,0.0476190476190476,0.191025641025641
184273.411807,2635866.126422,0,0.248168498168498,0.0723443223443224,0.461172161172161,0.132234432234432,0.0860805860805861
184773.411807,2635866.126422,0,0.0322698936560323,0.77007700770077,0.186835350201687,0.00935093509350935,0.00146681334800147
185273.411807,2635866.126422,0,0,0.84010989010989,0.15989010989011,0,0
185773.411807,2635866.126422,0,0.00494505494505494,0.478205128205128,0.516849816849817,0,0
186273.411807,2635866.126422,0,0.0511400651465798,0.476547231270358,0.452442996742671,0.00293159609120521,0.0169381107491857
173773.411807,2635366.126422,0.156340355225114,0.385377942998761,0.104295745559686,0.00950020652622883,0.010119785212722,0.334365964477489
174273.411807,2635366.126422,0.0126443100604728,0.334616089426425,0.00751328568810702,0.136888400219901,0.0240058640278541,0.48433205057724
174773.411807,2635366.126422,0.18682327032483,0.231235089007157,0.0321159845843274,0.00275279867865663,0.00422095797394017,0.542851899431088
175273.411807,2635366.126422,0.112965340179718,0.115165963689712,0.0207225380524482,0.0146708233999633,0.0135705116449661,0.722904823033193
175773.411807,2635366.126422,0.210555250137438,0.120762323621037,0.0903426791277259,0.0353674179952355,0.0102620487447315,0.532710280373832
176273.411807,2635366.126422,0.108276748027161,0.0978161130482657,0.59735731326849,0.0229399889888053,0.0150486327766563,0.158561203890622
176773.411807,2635366.126422,0.147625160462131,0.250687694846873,0.0755547405098111,0,0.00146708233999633,0.524665321841188
177273.411807,2635366.126422,0.0234561114165292,0.460142935678944,0,0.0885101704233095,0.011544804837823,0.416345977643394
177773.411807,2635366.126422,0,0.2530739585245,0,0,0.026977427050835,0.719948614424665
178273.411807,2635366.126422,0,0.0522648083623693,0.00935264991747662,0.299284797359252,0.258940033009353,0.38015771135155
178773.411807,2635366.126422,0,0.0835623969213854,0.00824628916987356,0.733553234377863,0.116730804471321,0.0579072750595565
179273.411807,2635366.126422,0,0.350706551660855,0,0.0824004404477886,0.0836850798311617,0.483207928060195
179773.411807,2635366.126422,0,0.449844122501375,0,0.0777553640198056,0.0115532734274711,0.460847240051348
180273.411807,2635366.126422,0,0.586219534542789,0.00678028220634048,0.137804654572109,0.00751328568810702,0.261682242990654
