"x","y","forest","agri","water","built","other","grass"
250273.411807,2751866.126422,0.0364071219771459,0.0385330853042785,0,0.703959606696784,0.104437948445389,0.116662237576402
250773.411807,2751866.126422,0.114680116803823,0.02920095566764,0,0.684629678789488,0.0921157419697372,0.0793735067693124
251273.411807,2751866.126422,0.0510774142059058,0.0109071561585528,0,0.844373503591381,0.0574620909816441,0.0361798350625166
251773.411807,2751866.126422,0.174860483656657,0.050757374435291,0,0.352909912304013,0.16183895827797,0.25963327132607
252273.411807,2751866.126422,0.138306344571277,0.0791080435359703,0.00159277940005309,0.516060525617202,0.123440403504115,0.141491903371383
252773.411807,2751866.126422,0.158818834796488,0.0915137004522479,0.000798084596967279,0.479914870976324,0.133280127693536,0.135674381484437
253273.411807,2751866.126422,0.0850385330853043,0.0451767207015679,0,0.642040924794047,0.161573212862078,0.0661706085570024
253773.411807,2751866.126422,0.0406158747013539,0.0485797717016193,0.00132731616671091,0.755773825325192,0.11919299177064,0.0345102203344837
254273.411807,2751866.126422,0.281989890928438,0.037243947858473,0.00798084596967279,0.296887470071828,0.21415270018622,0.161745144985368
254773.411807,2751866.126422,0.565240499601382,0.0130215253786872,0.00239170874302418,0.249800690938081,0.0520861015147489,0.117459473824077
255273.411807,2751866.126422,0.524820812317494,0.00902574993363419,0,0.0201752057340058,0.0435359702681179,0.402442261746748
255773.411807,2751866.126422,0.787975525405693,0.00505453578079276,0.00212822559191274,0.0117052407555201,0.0337855812716148,0.159350891194467
256273.411807,2751866.126422,0.83975551421738,0,0,0.00292319957480733,0.0284347595003986,0.128886526707414
256773.411807,2751866.126422,0.857977170161933,0.000265463233342182,0,0.00132731616671091,0.00902574993363419,0.13140430050438
257273.411807,2751866.126422,0.491886139930833,0.0135674381484437,0,0.00638467677573823,0.0404362862463421,0.447725458898643
257773.411807,2751866.126422,0.439277172468775,0.008769598724422,0,0,0.0199309061918682,0.532022322614935
258273.411807,2751866.126422,0.759224847358641,0.00265463233342182,0,0.00504380143350146,0.0183169631006106,0.214759755773825
258773.411807,2751866.126422,0.707102952913009,0.00665070497472732,0,0.0736898111199787,0.0380420324554403,0.174514498536845
259273.411807,2751866.126422,0.571884134998671,0.0462397023651342,0,0.00212596332713261,0.0329524315705554,0.346797767738507
259773.411807,2751866.126422,0.581364481019379,0.0461906026015397,0,0,0.00132731616671091,0.371117600212371
260273.411807,2751866.126422,0.539771215748869,0.0861931364724661,0,0.00239425379090184,0.00984304336259643,0.361798350625166
260773.411807,2751866.126422,0.439011427052883,0.00159447249534946,0,0.000265745415891576,0.0066436353972894,0.552484719638586
261273.411807,2751866.126422,0.428457658614282,0.00876028670029201,0.002920095566764,0.00929121316697637,0.0403504114680117,0.510220334483674
261773.411807,2751866.126422,0.874966746475126,0,0,0,0.00345836658685821,0.121574886938015
262273.411807,2751866.126422,0.375764018070688,0.0225883603507839,0,0.00132872707945788,0.0364071219771459,0.563911772521924
250273.411807,2751366.126422,0.028021978021978,0.0489010989010989,0,0.812820512820513,0.0945054945054945,0.0157509157509158
250773.411807,2751366.126422,0.0429042904290429,0.0381371470480381,0,0.772460579391272,0.0933259992665933,0.0531719838650532
251273.411807,2751366.126422,0.021978021978022,0.0146520146520147,0.000732600732600733,0.910805860805861,0.0472527472527473,0.00457875457875458
251773.411807,2751366.126422,0.123076923076923,0.0902930402930403,0.000732600732600733,0.626923076923077,0.103479853479853,0.0554945054945055
252273.411807,2751366.126422,0.0881921525485882,0.0652731939860653,0.00256692335900257,0.654382104877154,0.121562156215622,0.068023469013568
252773.411807,2751366.126422,0.0807692307692308,0.0336996336996337,0,0.696153846153846,0.147435897435897,0.0419413919413919
253273.411807,2751366.126422,0.0932234432234432,0.0287545787545788,0.000183150183150183,0.650915750915751,0.112820512820513,0.114102564102564
253773.411807,2751366.126422,0.3001466813348,0.0209020902090209,0.00183351668500183,0.29024569123579,0.153832049871654,0.233039970663733
254273.411807,2751366.126422,0.672710622710623,0.0120879120879121,0.00531135531135531,0.0824175824175824,0.0417582417582418,0.185714285714286
254773.411807,2751366.126422,0.174725274725275,0.0179487179487179,0,0.337179487179487,0.0954212454212454,0.374725274725275
255273.411807,2751366.126422,0.48991565823249,0.0267693436010268,0,0.149248258159149,0.0836083608360836,0.25045837917125
255773.411807,2751366.126422,0.60970695970696,0.00457875457875458,0.000549450549450549,0.00586080586080586,0.0128205128205128,0.366483516483516
256273.411807,2751366.126422,0.578388278388278,0.00732600732600733,0.000915750915750916,0.0104395604395604,0.0210622710622711,0.381868131868132
256773.411807,2751366.126422,0.59002566923359,0.0265859919325266,0,0.00513384671800513,0.0135680234690136,0.364686468646865
257273.411807,2751366.126422,0.551098901098901,0.0186813186813187,0,0.0043956043956044,0.0122710622710623,0.413553113553114
257773.411807,2751366.126422,0.60018315018315,0.00402930402930403,0,0.000183150183150183,0.00622710622710623,0.389377289377289
258273.411807,2751366.126422,0.543454345434543,0.00385038503850385,0.00146681334800147,0.00715071507150715,0.037037037037037,0.407040704070407
258773.411807,2751366.126422,0.51996336996337,0.0263736263736264,0,0.0139194139194139,0.0615384615384615,0.378205128205128
259273.411807,2751366.126422,0.695238095238095,0.0194139194139194,0,0.000549450549450549,0.0122710622710623,0.272527472527473
259773.411807,2751366.126422,0.733956729006234,0.00843417675100843,0,0.00128346167950128,0.00825082508250825,0.248074807480748
260273.411807,2751366.126422,0.631501831501831,0.000366300366300366,0.000732600732600733,0.0021978021978022,0.00659340659340659,0.358608058608059
260773.411807,2751366.126422,0.865384615384615,0,0,0,0.000183150183150183,0.134432234432234
261273.411807,2751366.126422,0.602126879354602,0.00641730839750642,0,0.0192519251925193,0.0363036303630363,0.335900256692336
261773.411807,2751366.126422,0.86007326007326,0.000366300366300366,0,0,0.00128205128205128,0.138278388278388
262273.411807,2751366.126422,0.806227106227106,0.000915750915750916,0,0,0.00366300366300366,0.189194139194139
250273.411807,2750866.126422,0.0695030258573262,0.0295250320924262,0,0.719237117183202,0.120484137172199,0.0612506876948469
250773.411807,2750866.126422,0.0119113065787062,0.0139270661535642,0.00934579439252336,0.920469122228331,0.03811618105186,0.00623052959501558
251273.411807,2750866.126422,0.108460267939071,0.0423930996513122,0.00238575885483575,0.679390713892457,0.0750596439713709,0.0923105156909525
251773.411807,2750866.126422,0.0410783055198973,0.0430955437373923,0.00275077938749312,0.767467449110581,0.117916743077205,0.0276911791674308
252273.411807,2750866.126422,0.0615722924683892,0.0502107385010079,0.00146600696353308,0.722924683892249,0.14018691588785,0.0236393622869709
252773.411807,2750866.126422,0.12864745824922,0.038172141677372,0,0.366856303908974,0.146632409616443,0.31969168654799
253273.411807,2750866.126422,0.228864845039428,0.0304419585549239,0,0.243168897854392,0.0960938932697598,0.401430405281496
253773.411807,2750866.126422,0.507604911123328,0.00733003481766538,0,0.061205790727506,0.127176104086494,0.296683159245006
254273.411807,2750866.126422,0.644521930629473,0.00587263718113415,0,0.0201871903101487,0.0633143696091026,0.266103872270141
254773.411807,2750866.126422,0.321107647166697,0.0221896203924445,0,0.0722538052448194,0.136622042912158,0.44782688428388
255273.411807,2750866.126422,0.422576507238409,0.00293201392706615,0.000916254352208173,0.0375664284405351,0.100421477002016,0.435587319039765
255773.411807,2750866.126422,0.675720315654249,0.0803817214167737,0,0.0012846393833731,0.026977427050835,0.21563589649477
256273.411807,2750866.126422,0.71593618191821,0,0,0.00146708233999633,0.0183385292499542,0.264258206491839
256773.411807,2750866.126422,0.713395638629283,0,0,0.0271211288253619,0.0395821880153931,0.219901044529962
257273.411807,2750866.126422,0.575701963663057,0.000550559735731327,0,0.00422095797394017,0.0420260598274913,0.37750045879978
257773.411807,2750866.126422,0.524481936548689,0,0,0.0154043645699615,0.0289748762149276,0.431138822666422
258273.411807,2750866.126422,0.330401319406267,0.0042147700201576,0,0.0339014110317024,0.140003665017409,0.491478834524464
258773.411807,2750866.126422,0.626169939438429,0.14534777023307,0,0,0.00110111947146265,0.227381170857038
259273.411807,2750866.126422,0.801026957637997,0,0,0,0,0.198973042362003
259773.411807,2750866.126422,0.646692321788529,0.0100787978742899,0,0.0166758292101887,0.0346344145134689,0.291918636613524
260273.411807,2750866.126422,0.865112864745825,0,0,0,0.00110111947146265,0.133786015782712
260773.411807,2750866.126422,0.868879515862828,0.000366770584999083,0,0.000183385292499542,0.00623509994498441,0.124335228314689
261273.411807,2750866.126422,0.876122411581455,0.00109950522264981,0,0,0.000733003481766538,0.122045079714129
261773.411807,2750866.126422,0.785465222976693,0.000183519911910442,0,0.000734079647641769,0.00367039823820885,0.209946779225546
262273.411807,2750866.126422,0.850724371905373,0.00201723821749496,0,0,0.000550155877498625,0.146708233999633
250273.411807,2750366.126422,0.20399926618969,0.245643001284168,0,0.0310034855989727,0.0203632361034673,0.498991010823702
250773.411807,2750366.126422,0.0981684981684982,0.0490842490842491,0,0.604029304029304,0.115201465201465,0.133516483516484
251273.411807,2750366.126422,0.237614678899083,0.0577981651376147,0.00348623853211009,0.413394495412844,0.121100917431193,0.166605504587156
251773.411807,2750366.126422,0.0203632361034673,0.0443955237571088,0.00311869381764814,0.800036690515502,0.0988809392771968,0.0332049165290772
252273.411807,2750366.126422,0.159157509157509,0.0412087912087912,0.000732600732600733,0.508424908424908,0.137912087912088,0.152564102564103
252773.411807,2750366.126422,0.392477064220183,0.0288073394495413,0,0.115596330275229,0.127522935779817,0.335596330275229
253273.411807,2750366.126422,0.522472940744817,0.0165107319757843,0.0568702990277013,0.0368739680792515,0.0777838928636947,0.289488167308751
253773.411807,2750366.126422,0.641758241758242,0.00604395604395604,0,0.0172161172161172,0.0608058608058608,0.274175824175824
254273.411807,2750366.126422,0.361467889908257,0.168440366972477,0.0253211009174312,0.0242201834862385,0.053394495412844,0.367155963302752
254773.411807,2750366.126422,0.24399192808659,0.18693817648138,0,0.00843881856540084,0.0526508897450009,0.507980187121629
255273.411807,2750366.126422,0.164285714285714,0.010989010989011,0.00256410256410256,0.0706959706959707,0.153846153846154,0.597619047619048
255773.411807,2750366.126422,0.446238532110092,0.00073394495412844,0,0.0106422018348624,0.0579816513761468,0.484403669724771
256273.411807,2750366.126422,0.295542102366538,0.00238488350761328,0,0.0487983856173179,0.0889745000917263,0.564300128416804
256773.411807,2750366.126422,0.507142857142857,0,0,0.0122710622710623,0.032967032967033,0.447619047619048
257273.411807,2750366.126422,0.50697247706422,0.00036697247706422,0,0.00055045871559633,0.00146788990825688,0.490642201834862
257773.411807,2750366.126422,0.697670152265639,0.00385250412768299,0,0.000550357732526142,0.000733810310034856,0.297193175564117
258273.411807,2750366.126422,0.545787545787546,0.0377289377289377,0,0,0.00146520146520147,0.415018315018315
258773.411807,2750366.126422,0.667706422018349,0.0240366972477064,0,0.00018348623853211,0.00532110091743119,0.302752293577982
259273.411807,2750366.126422,0.715831957439002,0.000366905155017428,0,0.000733810310034856,0.00348559897266557,0.27958172812328
259773.411807,2750366.126422,0.643956043956044,0.000732600732600733,0.000183150183150183,0.00457875457875458,0.0166666666666667,0.333882783882784
260273.411807,2750366.126422,0.861651376146789,0.00036697247706422,0,0.00018348623853211,0.00220183486238532,0.135596330275229
260773.411807,2750366.126422,0.617868281049349,0.000366905155017428,0,0.00165107319757843,0.0091726288754357,0.37094111172262
261273.411807,2750366.126422,0.662454212454212,0.00183150183150183,0,0,0.0010989010989011,0.334615384615385
261773.411807,2750366.126422,0.860550458715596,0.00220183486238532,0.00073394495412844,0,0.00220183486238532,0.134311926605505
262273.411807,2750366.126422,0.707209686296092,0.00440286186020914,0,0.000183452577508714,0.00623738763529628,0.281966611630893
250273.411807,2749866.126422,0.389010989010989,0.137362637362637,0,0.192307692307692,0.060989010989011,0.22032967032967
250773.411807,2749866.126422,0.466263292995966,0.117895122845618,0,0.107627429409608,0.0594059405940594,0.248808214154749
251273.411807,2749866.126422,0.464285714285714,0.0912087912087912,0.0021978021978022,0.206410256410256,0.08003663003663,0.155860805860806
251773.411807,2749866.126422,0.19047619047619,0.076007326007326,0.000915750915750916,0.453479853479853,0.128021978021978,0.151098901098901
252273.411807,2749866.126422,0.245324532453245,0.0487715438210488,0.000366703337000367,0.204620462046205,0.186835350201687,0.314081408140814
252773.411807,2749866.126422,0.307142857142857,0.0269230769230769,0,0.109157509157509,0.13992673992674,0.416849816849817
253273.411807,2749866.126422,0.352380952380952,0.0230769230769231,0.00311355311355311,0.144871794871795,0.168681318681319,0.307875457875458
253773.411807,2749866.126422,0.124495782911624,0.0218188485515218,0,0.0676567656765677,0.175100843417675,0.610927759442611
254273.411807,2749866.126422,0.052014652014652,0.147252747252747,0,0.0749084249084249,0.105677655677656,0.62014652014652
254773.411807,2749866.126422,0.257509157509157,0.00311355311355311,0,0.00531135531135531,0.047985347985348,0.686080586080586
255273.411807,2749866.126422,0.189402273560689,0.00366703337000367,0,0.0157682434910158,0.0524385771910524,0.738723872387239
255773.411807,2749866.126422,0.35989010989011,0.00549450549450549,0.000183150183150183,0,0.00347985347985348,0.630952380952381
256273.411807,2749866.126422,0.487545787545788,0.000366300366300366,0,0.000366300366300366,0.0021978021978022,0.509523809523809
256773.411807,2749866.126422,0.511184451778511,0.000183351668500183,0,0.00348368170150348,0.0066006600660066,0.478547854785479
257273.411807,2749866.126422,0.728754578754579,0.000183150183150183,0,0.000366300366300366,0.00164835164835165,0.269047619047619
257773.411807,2749866.126422,0.604029304029304,0.0258241758241758,0,0.00201465201465201,0.0293040293040293,0.338827838827839
258273.411807,2749866.126422,0.378621195452879,0.2000366703337,0,0.0133846718005134,0.0456545654565457,0.362302896956362
258773.411807,2749866.126422,0.716117216117216,0.00531135531135531,0,0.0032967032967033,0.0228937728937729,0.252380952380952
259273.411807,2749866.126422,0.6496336996337,0.00183150183150183,0,0.00641025641025641,0.0324175824175824,0.30970695970696
259773.411807,2749866.126422,0.610744407774111,0.000366703337000367,0,0.0044004400440044,0.0194352768610194,0.365053171983865
260273.411807,2749866.126422,0.684798534798535,0.00384615384615385,0,0.000549450549450549,0.00604395604395604,0.304761904761905
260773.411807,2749866.126422,0.572710622710623,0.00311355311355311,0,0.00311355311355311,0.0302197802197802,0.390842490842491
261273.411807,2749866.126422,0.807480748074808,0.00165016501650165,0,0.000916758342500917,0.00238357169050238,0.187568756875688
261773.411807,2749866.126422,0.67014652014652,0.00604395604395604,0,0.00183150183150183,0.0177655677655678,0.304212454212454
262273.411807,2749866.126422,0.652014652014652,0.00421245421245421,0,0.0032967032967033,0.0249084249084249,0.315567765567766
250273.411807,2749366.126422,0.0962772785622593,0.0962772785622593,0.00733541169998166,0.353566843939116,0.128736475334678,0.317806711901706
250773.411807,2749366.126422,0.0601062855048561,0.16144401685908,0.0296866410115448,0.223932563679677,0.102986989188199,0.421843503756643
251273.411807,2749366.126422,0.193613507065517,0.0677188474949532,0.0132134336575518,0.195632226096531,0.0939621948981464,0.4358597907873
251773.411807,2749366.126422,0.58004768017605,0.0201723821749496,0.0392444525949019,0.0808729139922978,0.0401613790573996,0.239501192004401
252273.411807,2749366.126422,0.577423492761591,0.0806303829943192,0,0.0399486897562763,0.0388491845336265,0.263148249954187
252773.411807,2749366.126422,0.589465957056341,0.0194531106625069,0,0.0170673518076711,0.0546889337493118,0.31932464672417
253273.411807,2749366.126422,0.325142123601687,0.0165046763249587,0.00110031175499725,0.0291582615074271,0.0498807995598753,0.578213827251054
253773.411807,2749366.126422,0.335715594649075,0.0597397837639729,0,0.0489279824079164,0.164009529045263,0.391607110133773
254273.411807,2749366.126422,0.293448339144797,0.00568911726922371,0,0.0427601394751331,0.105156909524683,0.552945494586163
254773.411807,2749366.126422,0.329543370621676,0.0053181734824867,0,0.0207225380524482,0.0885750962772786,0.55584082156611
255273.411807,2749366.126422,0.755726589701301,0,0,0,0.000549752611324904,0.243723657687374
255773.411807,2749366.126422,0.590383556615893,0.0376215819416407,0,0,0.00183519911910442,0.370159662323362
256273.411807,2749366.126422,0.348982211626628,0.00293416467999266,0,0.0022006235099945,0.00550155877498625,0.640381441408399
256773.411807,2749366.126422,0.408649441084845,0,0,0.0042147700201576,0.0089792926516401,0.578156496243357
257273.411807,2749366.126422,0.512938153789686,0.0322995044962378,0,0.000367039823820885,0.0121123141860892,0.442282987704166
257773.411807,2749366.126422,0.530350265908674,0.0656519347148359,0,0.00678525582248304,0.0346598202824134,0.362552723271594
258273.411807,2749366.126422,0.455744914788345,0.291185633131757,0.000916254352208173,0.00696353307678211,0.0298698918819864,0.215319772768921
258773.411807,2749366.126422,0.490181684712791,0.00550559735731327,0,0.0240411084602679,0.0607450908423564,0.419526518627271
259273.411807,2749366.126422,0.80799559875298,0.00275077938749312,0,0.000550155877498625,0.00311754997249221,0.185585916009536
259773.411807,2749366.126422,0.594282572842221,0,0,0.000366501740883269,0.00842954004031519,0.396921385376581
260273.411807,2749366.126422,0.602679390713892,0.00568911726922371,0,0.00201871903101487,0.0300972655533125,0.359515507432556
260773.411807,2749366.126422,0.678708967540803,0.00330093526499175,0,0.00366770584999083,0.0179717586649551,0.296350632679259
261273.411807,2749366.126422,0.69726956203042,0.000366501740883269,0.000183250870441635,0.000916254352208173,0.0111783030969397,0.290086127909108
261773.411807,2749366.126422,0.689851348871353,0.000734079647641769,0,0,0.00256927876674619,0.306845292714259
262273.411807,2749366.126422,0.562442692096094,0.00550155877498625,0.000366770584999083,0.0139372822299652,0.0513478818998716,0.366403814414084
250273.411807,2748866.126422,0.0787011557512383,0.134837644468905,0.000550357732526142,0.510181618051734,0.113557145477894,0.162172078517703
250773.411807,2748866.126422,0.0840659340659341,0.0565934065934066,0,0.695054945054945,0.0708791208791209,0.0934065934065934
251273.411807,2748866.126422,0.086605504587156,0.0555963302752294,0.00073394495412844,0.549357798165138,0.13651376146789,0.171192660550459
251773.411807,2748866.126422,0.0985140341221794,0.0572372041827188,0.000366905155017428,0.48651623555311,0.124931205283434,0.232434415703541
252273.411807,2748866.126422,0.16959706959707,0.0351648351648352,0.0315018315018315,0.115018315018315,0.106410256410256,0.542307692307692
252773.411807,2748866.126422,0.294678899082569,0.0891743119266055,0.00018348623853211,0.136330275229358,0.124770642201835,0.354862385321101
253273.411807,2748866.126422,0.379196477710512,0.0398092093193909,0.00678774536782242,0.140891579526692,0.148596587782058,0.284718400293524
253773.411807,2748866.126422,0.424725274725275,0.0285714285714286,0,0.0571428571428571,0.189194139194139,0.3003663003663
254273.411807,2748866.126422,0.783853211009174,0.00018348623853211,0,0.0100917431192661,0.0146788990825688,0.191192660550459
254773.411807,2748866.126422,0.667950834709228,0.00476976701522656,0,0.002568336085122,0.0317372959090075,0.292973766281416
255273.411807,2748866.126422,0.813919413919414,0.000183150183150183,0,0.0111721611721612,0.0258241758241758,0.148901098901099
255773.411807,2748866.126422,0.554678899082569,0.00770642201834862,0,0.00770642201834862,0.0110091743119266,0.418899082568807
256273.411807,2748866.126422,0.587598605760411,0.000550357732526142,0,0.00238488350761328,0.0091726288754357,0.400293524124014
256773.411807,2748866.126422,0.404945054945055,0.00311355311355311,0,0.000732600732600733,0.0117216117216117,0.57948717948718
257273.411807,2748866.126422,0.323302752293578,0.0220183486238532,0,0.00128440366972477,0.0300917431192661,0.623302752293578
257773.411807,2748866.126422,0.620986974866997,0.0394423041643735,0,0.00348559897266557,0.0143093010456797,0.321775820950284
258273.411807,2748866.126422,0.783882783882784,0.0043956043956044,0,0.000549450549450549,0.00366300366300366,0.207509157509158
258773.411807,2748866.126422,0.798348623853211,0.00495412844036697,0,0,0,0.196697247706422
259273.411807,2748866.126422,0.773986424509264,0.00550357732526142,0,0.00238488350761328,0.00972298660796184,0.208402128049899
259773.411807,2748866.126422,0.793223443223443,0,0,0,0,0.206776556776557
260273.411807,2748866.126422,0.712293577981651,0.00256880733944954,0,0.0168807339449541,0.035045871559633,0.233211009174312
260773.411807,2748866.126422,0.310585213722253,0.0368739680792515,0,0.0271509814712897,0.0858558062740782,0.539534030453128
261273.411807,2748866.126422,0.130769230769231,0.141391941391941,0,0.0133699633699634,0.052014652014652,0.662454212454212
261773.411807,2748866.126422,0.332844036697248,0.0229357798165138,0,0.0113761467889908,0.10697247706422,0.525871559633028
262273.411807,2748866.126422,0.576041093377362,0.0111906072280316,0,0.00605393505778756,0.0315538433314988,0.37516052100532
250273.411807,2748366.126422,0.0866300366300366,0.0505494505494506,0.000183150183150183,0.601648351648352,0.0897435897435897,0.171245421245421
250773.411807,2748366.126422,0.126145947928126,0.0724239090575724,0.0011001100110011,0.263843050971764,0.132746607994133,0.403740374037404
251273.411807,2748366.126422,0.109157509157509,0.0661172161172161,0.00970695970695971,0.477838827838828,0.0860805860805861,0.251098901098901
251773.411807,2748366.126422,0.0503663003663004,0.0595238095238095,0.00293040293040293,0.71978021978022,0.116117216117216,0.0512820512820513
252273.411807,2748366.126422,0.0627062706270627,0.321048771543821,0.000366703337000367,0.151081774844151,0.122478914558122,0.342317565089842
252773.411807,2748366.126422,0.101282051282051,0.177289377289377,0.043040293040293,0.0507326007326007,0.0423076923076923,0.585347985347985
253273.411807,2748366.126422,0.0428571428571429,0.345604395604396,0.0021978021978022,0.125641025641026,0.140842490842491,0.342857142857143
253773.411807,2748366.126422,0.145764576457646,0.253392005867253,0.00201686835350202,0.183718371837184,0.15016501650165,0.264943160982765
254273.411807,2748366.126422,0.34981684981685,0.0730769230769231,0.000549450549450549,0.0769230769230769,0.0855311355311355,0.414102564102564
254773.411807,2748366.126422,0.667765567765568,0.00512820512820513,0,0.0106227106227106,0.0197802197802198,0.296703296703297
255273.411807,2748366.126422,0.695452878621195,0.0232856618995233,0,0.0119178584525119,0.0221855518885222,0.247158049138247
255773.411807,2748366.126422,0.504029304029304,0.000549450549450549,0,0.00201465201465201,0.00695970695970696,0.486446886446886
256273.411807,2748366.126422,0.306776556776557,0.0461538461538462,0,0.0595238095238095,0.145421245421245,0.442124542124542
256773.411807,2748366.126422,0.293546021268794,0.159332599926659,0,0.0133846718005134,0.057022368903557,0.476714338100477
257273.411807,2748366.126422,0.506410256410256,0.0197802197802198,0,0.00586080586080586,0.0144688644688645,0.453479853479853
257773.411807,2748366.126422,0.744871794871795,0.00128205128205128,0,0.0137362637362637,0.032967032967033,0.207142857142857
258273.411807,2748366.126422,0.747708104143748,0.00165016501650165,0,0.0066006600660066,0.0276861019435277,0.216354968830216
258773.411807,2748366.126422,0.704212454212454,0.000549450549450549,0,0.00476190476190476,0.0197802197802198,0.270695970695971
259273.411807,2748366.126422,0.86996336996337,0.000732600732600733,0,0.00274725274725275,0.0153846153846154,0.111172161172161
259773.411807,2748366.126422,0.890905757242391,0.00128346167950128,0,0,0.000366703337000367,0.107444077741107
260273.411807,2748366.126422,0.224908424908425,0.184981684981685,0,0.0194139194139194,0.0613553113553114,0.509340659340659
260773.411807,2748366.126422,0.115934065934066,0.24981684981685,0,0.00128205128205128,0.0258241758241758,0.607142857142857
261273.411807,2748366.126422,0.205353868720205,0.327649431609828,0.00971763843050972,0.00183351668500183,0.0214521452145215,0.433993399339934
261773.411807,2748366.126422,0.138461538461538,0.540842490842491,0,0.00860805860805861,0.0272893772893773,0.284798534798535
262273.411807,2748366.126422,0.0935897435897436,0.374725274725275,0,0.0153846153846154,0.041025641025641,0.475274725274725
250273.411807,2747866.126422,0.125068769484687,0.0339262791124152,0,0.559691912708601,0.134238034109664,0.147075004584632
250773.411807,2747866.126422,0.0287703866593366,0.0274876305662452,0.00183250870441635,0.841304746197544,0.0802638812534359,0.0203408466190214
251273.411807,2747866.126422,0.066801247935401,0.0306478252890439,0,0.78014314553129,0.0952468342815195,0.0271609469627455
251773.411807,2747866.126422,0.129836787089675,0.0447460113698881,0.0117366587199707,0.615257656335962,0.12800293416468,0.070419952319824
252273.411807,2747866.126422,0.0577240241891149,0.144951438519333,0.00219901044529962,0.278174821330401,0.151731720725673,0.365218984790178
252773.411807,2747866.126422,0.12442650027528,0.470545054138374,0,0.0979996329601762,0.073040924940356,0.233987887685814
253273.411807,2747866.126422,0.0568494406748579,0.428571428571429,0.0234733174399413,0.0154043645699615,0.0328259673574179,0.442875481386393
253773.411807,2747866.126422,0.0720175920835624,0.260032985156679,0.0295033901411032,0.10756826094924,0.101337731354224,0.429540040315191
254273.411807,2747866.126422,0.0501009359515507,0.689851348871353,0,0.0209212699577904,0.0354193429987154,0.203707102220591
254773.411807,2747866.126422,0.0830735375022923,0.375206308454062,0.00110031175499725,0.0955437373922611,0.141390060517147,0.303686044379241
255273.411807,2747866.126422,0.369433754810335,0.0568077698369067,0,0.0689023272860546,0.143118929814917,0.361737218251787
255773.411807,2747866.126422,0.29032850064232,0.0798311616810424,0,0.0411084602679391,0.138741053404294,0.449990824004404
256273.411807,2747866.126422,0.504492939666239,0.178617274894553,0,0.0188886851274528,0.0348432055749129,0.263157894736842
256773.411807,2747866.126422,0.637529778266447,0.000733003481766538,0,0.00586402785413231,0.0142935678944475,0.341579622503207
257273.411807,2747866.126422,0.819416406680125,0,0,0.000367039823820885,0.0106441548908057,0.169572398605249
257773.411807,2747866.126422,0.669356317623327,0.00128369704749679,0,0.00275077938749312,0.026407482119934,0.300201723821749
258273.411807,2747866.126422,0.645043063954554,0.000733003481766538,0,0.00458127176104087,0.017042330951072,0.332600329851567
258773.411807,2747866.126422,0.830978161130483,0.00110111947146265,0,0.0124793540099101,0.0341347036153423,0.121306661772802
259273.411807,2747866.126422,0.826150742710435,0.00183385292499542,0,0.000916926462497708,0.00825233816247937,0.162846139739593
259773.411807,2747866.126422,0.422576507238409,0.185266630016493,0,0.0390324354040682,0.0656038116181052,0.287520615722925
260273.411807,2747866.126422,0.13690585428519,0.346302073775005,0,0.0671682877592219,0.108276748027161,0.341347036153423
260773.411807,2747866.126422,0.350449293966624,0.0878415551072804,0,0.00311754997249221,0.0535485054098661,0.505043095543737
261273.411807,2747866.126422,0.465457210921752,0.168224299065421,0,0.00568077698369067,0.0333516584203775,0.327286054608759
261773.411807,2747866.126422,0.646173609836667,0.133786015782712,0,0.00880895577170123,0.0260598274912828,0.185171591117636
262273.411807,2747866.126422,0.865028424720337,0.00128369704749679,0,0.00421786172748946,0.0188886851274528,0.110581331377224
250273.411807,2747366.126422,0.0772335351311686,0.0665932856356632,0.00165107319757843,0.535864978902954,0.128600256833609,0.190056870299028
250773.411807,2747366.126422,0.0576923076923077,0.0745421245421245,0.00915750915750916,0.725091575091575,0.0741758241758242,0.0593406593406593
251273.411807,2747366.126422,0.0365137614678899,0.013394495412844,0.00220183486238532,0.871559633027523,0.0511926605504587,0.0251376146788991
251773.411807,2747366.126422,0.0581544670702623,0.0363236103467254,0.00201797835259585,0.814345991561181,0.0563199412951752,0.0328380113740598
252273.411807,2747366.126422,0.0937728937728938,0.0615384615384615,0.0021978021978022,0.410989010989011,0.170512820512821,0.260989010989011
252773.411807,2747366.126422,0.0937614678899083,0.161100917431193,0,0.435779816513761,0.154311926605505,0.155045871559633
253273.411807,2747366.126422,0.0715465052283985,0.270409099247844,0.000733810310034856,0.0682443588332416,0.139057053751605,0.450009172628875
253773.411807,2747366.126422,0.131868131868132,0.274908424908425,0,0.0661172161172161,0.0633699633699634,0.463736263736264
254273.411807,2747366.126422,0.0836697247706422,0.392660550458716,0.0139449541284404,0.00642201834862385,0.0418348623853211,0.461467889908257
254773.411807,2747366.126422,0.0625573289304715,0.617868281049349,0,0.0111906072280316,0.0412768299394606,0.267106952852688
255273.411807,2747366.126422,0.0642857142857143,0.590659340659341,0,0.0461538461538462,0.0743589743589744,0.224542124542125
255773.411807,2747366.126422,0.064954128440367,0.492660550458716,0,0.0957798165137615,0.112293577981651,0.234311926605505
256273.411807,2747366.126422,0.417171161254816,0.123280132085856,0,0.0122913226930838,0.129517519721152,0.317739864245093
256773.411807,2747366.126422,0.523626373626374,0.00238095238095238,0,0.0168498168498168,0.0727106227106227,0.384432234432234
257273.411807,2747366.126422,0.597247706422018,0.00495412844036697,0,0.0240366972477064,0.0588990825688073,0.314862385321101
257773.411807,2747366.126422,0.461566685011924,0.00642084021280499,0,0.0253164556962025,0.0568702990277013,0.449825720051367
258273.411807,2747366.126422,0.457692307692308,0.0263736263736264,0,0.0860805860805861,0.082967032967033,0.346886446886447
258773.411807,2747366.126422,0.596146788990826,0.00330275229357798,0,0.0242201834862385,0.0561467889908257,0.320183486238532
259273.411807,2747366.126422,0.288387451843698,0.200880572372042,0,0.0106402494955054,0.0550357732526142,0.44505595303614
259773.411807,2747366.126422,0.0769230769230769,0.486813186813187,0,0.0159340659340659,0.052014652014652,0.368315018315018
260273.411807,2747366.126422,0.637614678899083,0.0818348623853211,0,0,0.00935779816513761,0.271192660550459
260773.411807,2747366.126422,0.92863694734911,0.00348559897266557,0,0,0.00165107319757843,0.0662263804806457
261273.411807,2747366.126422,0.740476190476191,0.00311355311355311,0.00128205128205128,0.00146520146520147,0.0117216117216117,0.241941391941392
261773.411807,2747366.126422,0.868256880733945,0.00036697247706422,0,0.00440366972477064,0.0143119266055046,0.112660550458716
262273.411807,2747366.126422,0.767565584296459,0.00366905155017428,0,0.000183452577508714,0.00366905155017428,0.224912860025683
250273.411807,2746866.126422,0.0815018315018315,0.0311355311355311,0.00366300366300366,0.726373626373626,0.102564102564103,0.0547619047619048
250773.411807,2746866.126422,0.135496883021635,0.0671067106710671,0.00055005500550055,0.616978364503117,0.10982764943161,0.07004033736707
251273.411807,2746866.126422,0.160622710622711,0.0915750915750916,0.00824175824175824,0.426556776556777,0.158791208791209,0.154212454212454
251773.411807,2746866.126422,0.117948717948718,0.0721611721611722,0.00201465201465201,0.637545787545788,0.100549450549451,0.0697802197802198
252273.411807,2746866.126422,0.147414741474147,0.0878254492115878,0.00421708837550422,0.0883755042170884,0.0671067106710671,0.605060506050605
252773.411807,2746866.126422,0.132783882783883,0.141941391941392,0.0188644688644689,0.272893772893773,0.139010989010989,0.294505494505495
253273.411807,2746866.126422,0.195238095238095,0.041025641025641,0.0043956043956044,0.260622710622711,0.175457875457875,0.323260073260073
253773.411807,2746866.126422,0.242574257425743,0.077007700770077,0.000366703337000367,0.281078107810781,0.17950128346168,0.219471947194719
254273.411807,2746866.126422,0.17967032967033,0.139377289377289,0.0452380952380952,0.132051282051282,0.132600732600733,0.371062271062271
254773.411807,2746866.126422,0.0694139194139194,0.251282051282051,0.0183150183150183,0.0468864468864469,0.142673992673993,0.471428571428571
255273.411807,2746866.126422,0.0744407774110744,0.436376971030436,0.0113678034470114,0.09002566923359,0.0870920425375871,0.300696736340301
255773.411807,2746866.126422,0.0853479853479854,0.234798534798535,0.026007326007326,0.305311355311355,0.115384615384615,0.233150183150183
256273.411807,2746866.126422,0.128021978021978,0.304395604395604,0.00897435897435897,0.126190476190476,0.126373626373626,0.306043956043956
256773.411807,2746866.126422,0.157865786578658,0.118811881188119,0,0.302713604693803,0.133846718005134,0.286762009534287
257273.411807,2746866.126422,0.332051282051282,0.0117216117216117,0,0.317948717948718,0.165384615384615,0.172893772893773
257773.411807,2746866.126422,0.387362637362637,0.00384615384615385,0,0.344505494505495,0.125274725274725,0.139010989010989
258273.411807,2746866.126422,0.391089108910891,0.0117345067840117,0.000183351668500183,0.233406674000733,0.184085075174184,0.17950128346168
258773.411807,2746866.126422,0.113553113553114,0.332967032967033,0,0.112454212454212,0.0871794871794872,0.353846153846154
259273.411807,2746866.126422,0.111172161172161,0.307142857142857,0,0.0100732600732601,0.052014652014652,0.51959706959707
259773.411807,2746866.126422,0.775577557755776,0.0683901723505684,0,0.000366703337000367,0.00495049504950495,0.150715071507151
260273.411807,2746866.126422,0.956776556776557,0.00274725274725275,0,0,0,0.0404761904761905
260773.411807,2746866.126422,0.866300366300366,0.000366300366300366,0,0,0,0.133333333333333
261273.411807,2746866.126422,0.915291529152915,0.000733406674000733,0,0.00953428676200953,0.0163182984965163,0.0581224789145581
261773.411807,2746866.126422,0.845421245421245,0.000732600732600733,0,0.00128205128205128,0.0148351648351648,0.137728937728938
262273.411807,2746866.126422,0.662454212454212,0.0386446886446886,0,0.00256410256410256,0.0206959706959707,0.275641025641026
250273.411807,2746366.126422,0.0788556757748029,0.0674857876398313,0.00348432055749129,0.155510728039611,0.0656519347148359,0.629011553273428
250773.411807,2746366.126422,0.0679860729338464,0.0388491845336265,0.000733003481766538,0.595931830676196,0.0802638812534359,0.216236027121129
251273.411807,2746366.126422,0.208662139842173,0.0528537346302074,0.00513855753349238,0.533859423747477,0.104606349788952,0.0948797944576987
251773.411807,2746366.126422,0.175132954337062,0.0603337612323492,0,0.352283146891619,0.15606088391711,0.25618925362186
252273.411807,2746366.126422,0.424775517683709,0.0459959684808503,0.00678028220634048,0.085761407366685,0.0553417628733736,0.381345061389042
252773.411807,2746366.126422,0.0710222059093412,0.0644154890805652,0.0104606349788952,0.650394567810607,0.118737383006056,0.0849697192145348
253273.411807,2746366.126422,0.0458463231248854,0.117916743077205,0.0124701998899688,0.445993031358885,0.154410416284614,0.223363286264442
253773.411807,2746366.126422,0.302913688840022,0.0958402052409749,0.00128275609309144,0.116364302730438,0.0670698185816383,0.416529228513835
254273.411807,2746366.126422,0.884749495320242,0.009543035419343,0,0.0106441548908057,0.017434391631492,0.0776289227381171
254773.411807,2746366.126422,0.797726022373006,0.0397946084724005,0,0.0159545204474601,0.0363102879149092,0.110214560792224
255273.411807,2746366.126422,0.51566794942276,0.124060839288987,0,0.0861279091075683,0.162177020340847,0.111966281839839
255773.411807,2746366.126422,0.115801064415489,0.017434391631492,0.00165167920719398,0.632226096531474,0.19489814644889,0.0379886217654616
256273.411807,2746366.126422,0.0946268109297634,0.399596552356501,0,0.171281863194572,0.118100128369705,0.216394645149459
256773.411807,2746366.126422,0.0661535642294301,0.217702034084662,0.0307861462341946,0.0806303829943192,0.114715044896463,0.490012827560931
257273.411807,2746366.126422,0.0616626904019086,0.427784914663241,0,0.0686364470545054,0.0873554780693705,0.354560469810974
257773.411807,2746366.126422,0.0817898404547955,0.137355584082157,0.00128369704749679,0.294700165046763,0.207041995231982,0.277828718136805
258273.411807,2746366.126422,0.0586402785413231,0.351841671247938,0,0.203774967931098,0.137621403701668,0.248121678577973
258773.411807,2746366.126422,0.127179298953937,0.127179298953937,0,0.118920902917967,0.102220590934116,0.524499908240044
259273.411807,2746366.126422,0.434989913808912,0.0773885934348065,0,0.118466898954704,0.130753713552173,0.238400880249404
259773.411807,2746366.126422,0.913505589151548,0,0,0.00219901044529962,0.00403151914971596,0.0802638812534359
260273.411807,2746366.126422,0.966415856120389,0,0,0,0.00201871903101487,0.0315654248485961
260773.411807,2746366.126422,0.634879882633413,0.0022006235099945,0,0.00843572345497891,0.0498807995598753,0.304602970841738
261273.411807,2746366.126422,0.553234377863295,0.0047645226314825,0,0.00256551218618288,0.0452629649990837,0.394172622319956
261773.411807,2746366.126422,0.372178381354377,0.0950633143696091,0,0.0106441548908057,0.0596439713708937,0.462470178014315
262273.411807,2746366.126422,0.493306436823767,0.0784889051898038,0,0.00183385292499542,0.017604988079956,0.408765816981478
250273.411807,2745866.126422,0.0144927536231884,0.0810860392588516,0.177765547605944,0.168226013575491,0.085305448541552,0.473124197394973
250773.411807,2745866.126422,0.0701465201465201,0.167216117216117,0.0106227106227106,0.324358974358974,0.0727106227106227,0.354945054945055
251273.411807,2745866.126422,0.125504587155963,0.0847706422018349,0.00935779816513761,0.52954128440367,0.145504587155963,0.105321100917431
251773.411807,2745866.126422,0.110988809392772,0.0908090258668134,0.001284168042561,0.458447991194276,0.210787011557512,0.127682993946065
252273.411807,2745866.126422,0.082967032967033,0.0749084249084249,0.00347985347985348,0.584981684981685,0.147985347985348,0.105677655677656
252773.411807,2745866.126422,0.0669724770642202,0.103302752293578,0.0187155963302752,0.658899082568807,0.101467889908257,0.0506422018348624
253273.411807,2745866.126422,0.091726288754357,0.137405980554027,0,0.431847367455513,0.128600256833609,0.210420106402495
253773.411807,2745866.126422,0.0912087912087912,0.208608058608059,0,0.0291208791208791,0.0858974358974359,0.585164835164835
254273.411807,2745866.126422,0.404036697247706,0.159082568807339,0,0.0154128440366972,0.0339449541284404,0.387522935779817
254773.411807,2745866.126422,0.900018345257751,0.0304531278664465,0,0.000550357732526142,0.00183452577508714,0.0671436433681893
255273.411807,2745866.126422,0.963736263736264,0.00201465201465201,0,0,0,0.0342490842490843
255773.411807,2745866.126422,0.915963302752294,0.00275229357798165,0,0,0,0.0812844036697248
256273.411807,2745866.126422,0.477343606677674,0.0658594753256283,0,0.067327095945698,0.0537516052100532,0.335718216840947
256773.411807,2745866.126422,0.222161172161172,0.265567765567766,0.000366300366300366,0.0677655677655678,0.0776556776556777,0.366483516483516
