"x","y","forest","agri","water","built","other","grass"
160273.411807,2583366.126422,0.00154380548050946,0.0274025472790428,0.775955229641065,0.108452335005789,0.0677344654573524,0.0189116171362408
160273.411807,2582866.126422,0,0.0716908212560387,0.621062801932367,0.0950724637681159,0.104541062801932,0.107632850241546
160273.411807,2582366.126422,0.0092789483858496,0.0170114053740576,0.688961917649333,0.199110767446356,0.034796056446936,0.0508409046974676
159773.411807,2581866.126422,0,0.0173992673992674,0.301465201465201,0.284615384615385,0.0923076923076923,0.304212454212454
160273.411807,2581866.126422,0,0.0100347356233115,0.470860671555384,0.463141644152837,0.0075260517174836,0.0484368969509842
159773.411807,2581366.126422,0,0.00807487612405946,0.0418425399155808,0.533675903835566,0.168104239309965,0.248302440814828
160273.411807,2581366.126422,0,0.01256038647343,0.0320772946859903,0.876328502415459,0.0164251207729469,0.0626086956521739
159773.411807,2580866.126422,0,0.00587155963302752,0.290091743119266,0.615412844036697,0.0460550458715596,0.0425688073394495
160273.411807,2580866.126422,0,0.0214575681422772,0.304852116760101,0.566982408660352,0.0351826792963464,0.071525227140924
159773.411807,2580366.126422,0.0712454212454212,0.134432234432234,0.210989010989011,0.150549450549451,0.10952380952381,0.323260073260073
160273.411807,2580366.126422,0.000578927055191046,0.0233500578927055,0.506947124662293,0.427634118101119,0.0216132767271324,0.0198764955615592
159773.411807,2579866.126422,0.00862543585979079,0.0781794824738484,0.38190493668563,0.0866213984217288,0.0469810974490732,0.397687649109928
160273.411807,2579866.126422,0.0119806763285024,0.0554589371980676,0.628985507246377,0.17256038647343,0.0585507246376812,0.072463768115942
159273.411807,2579366.126422,0.0357142857142857,0.0166666666666667,0.801831501831502,0.0512820512820513,0.00311355311355311,0.0913919413919414
159773.411807,2579366.126422,0.0436697247706422,0.0255045871559633,0.489357798165138,0.17394495412844,0.053394495412844,0.214128440366972
160273.411807,2579366.126422,0.0185578967716992,0.0670790643727044,0.645853469940073,0.126618983181906,0.0697854243185772,0.0721051614150396
159273.411807,2578866.126422,0.0104510451045105,0.0339200586725339,0.328749541620829,0.0674734140080675,0.0271360469380271,0.532269893656032
159773.411807,2578866.126422,0.0117216117216117,0.0256410256410256,0.615384615384615,0.228021978021978,0.065018315018315,0.0542124542124542
160273.411807,2578866.126422,0.00347356233114628,0.046700115785411,0.762832883056735,0.0742956387495176,0.04612118873022,0.0665766113469703
158773.411807,2578366.126422,0.0066018705299835,0.00586832935998533,0.643682376673391,0.125618925362186,0.0179717586649551,0.200256739409499
159273.411807,2578366.126422,0.0108118013560564,0.0324354040681693,0.463991203958219,0.122045079714129,0.0980392156862745,0.272677295217152
159773.411807,2578366.126422,0,0.034868783262984,0.587630757937236,0.247201321343366,0.0614791704899982,0.0688199669664159
160273.411807,2578366.126422,0.0353623188405797,0.0852173913043478,0.640193236714976,0.0701449275362319,0.0523671497584541,0.116714975845411
158773.411807,2577866.126422,0.00165107319757843,0.0344890845716382,0.156118143459916,0.347092276646487,0.155567785727389,0.305081636396991
159273.411807,2577866.126422,0.0010989010989011,0.0293040293040293,0.617399267399267,0.272161172161172,0.0468864468864469,0.0331501831501832
159773.411807,2577866.126422,0.00165137614678899,0.0587155963302752,0.76605504587156,0.110275229357798,0.0480733944954128,0.0152293577981651
160273.411807,2577866.126422,0.0081190798376184,0.0635994587280108,0.655132418325923,0.121012951865455,0.0796443069785424,0.07249178426445
158773.411807,2577366.126422,0.00457875457875458,0.00476190476190476,0.316300366300366,0.593956043956044,0.0327838827838828,0.0476190476190476
159273.411807,2577366.126422,0,0.0243857719105244,0.521635496883022,0.36010267693436,0.0143014301430143,0.0795746241290796
159773.411807,2577366.126422,0.00586080586080586,0.0362637362637363,0.492490842490843,0.268864468864469,0.0510989010989011,0.145421245421245
160273.411807,2577366.126422,0.00173678116557314,0.171748359706677,0.597645696642223,0.14936318023929,0.0343496719413354,0.0451563103049016
157773.411807,2576866.126422,0,0.083745647791827,0.462341946124244,0.283855598314092,0.081729888216969,0.0883269195528679
158273.411807,2576866.126422,0,0.0690034868783263,0.372728941090108,0.376399339328317,0.0765278032666544,0.105340429436594
158773.411807,2576866.126422,0,0.0656519347148359,0.556207592151109,0.254172015404365,0.0733541169998166,0.0506143407298735
159273.411807,2576866.126422,0,0.013560564412681,0.679310976727139,0.256917720359172,0.0430639545537841,0.00714678394722375
159773.411807,2576866.126422,0.00311983850247752,0.0306478252890439,0.633143696091026,0.194531106625069,0.0563406129565058,0.0822169205358781
160273.411807,2576866.126422,0.00560386473429952,0.0529468599033816,0.581062801932367,0.202125603864734,0.0691787439613527,0.0890821256038647
157773.411807,2576366.126422,0.00494505494505494,0.0467032967032967,0.611721611721612,0.214652014652015,0.0750915750915751,0.0468864468864469
158273.411807,2576366.126422,0.00018348623853211,0.0321100917431193,0.504587155963303,0.365321100917431,0.0504587155963303,0.0473394495412844
158773.411807,2576366.126422,0,0.0221977618785544,0.711062190423775,0.148963492937076,0.0783342505962209,0.0394423041643735
159273.411807,2576366.126422,0.000183150183150183,0.0624542124542125,0.486630036630037,0.184249084249084,0.141941391941392,0.124542124542125
159773.411807,2576366.126422,0.00311926605504587,0.0726605504587156,0.648073394495413,0.125688073394495,0.0484403669724771,0.102018348623853
160273.411807,2576366.126422,0.0013531799729364,0.098588826599652,0.642180552870675,0.155229074038276,0.0355693021457568,0.0670790643727044
157773.411807,2575866.126422,0.00128346167950128,0.0474880821415475,0.63971397139714,0.162082874954162,0.0874587458745875,0.061972863953062
158273.411807,2575866.126422,0.00201465201465201,0.0543956043956044,0.0562271062271062,0.718315018315018,0.058974358974359,0.11007326007326
158773.411807,2575866.126422,0.00128205128205128,0.114652014652015,0.135347985347985,0.563919413919414,0.0978021978021978,0.086996336996337
159273.411807,2575866.126422,0.000183351668500183,0.0396039603960396,0.733039970663733,0.108727539420609,0.0944261092775944,0.024019068573524
159773.411807,2575866.126422,0.0043956043956044,0.167032967032967,0.491208791208791,0.109157509157509,0.0624542124542125,0.165750915750916
160273.411807,2575866.126422,0.00115785411038209,0.0748745658047086,0.561945194905442,0.232535700501737,0.0773832497105365,0.0521034349671941
157773.411807,2575366.126422,0,0.0287703866593366,0.724940443467107,0.144218435037566,0.074216602528862,0.0278541323071285
158273.411807,2575366.126422,0,0.0939621948981464,0.0897412369242063,0.648375848779593,0.0803817214167737,0.087538997981281
158773.411807,2575366.126422,0.000550155877498625,0.0783055198973042,0.381441408399046,0.318356867779204,0.0913258756647717,0.130020172382175
159273.411807,2575366.126422,0.00109950522264981,0.070734835990471,0.638812534359538,0.123694337548103,0.0798973795125527,0.085761407366685
159773.411807,2575366.126422,0.000917599559552211,0.0600110111947146,0.633510735914847,0.179482473848413,0.0642319691686548,0.0618462103138191
160273.411807,2575366.126422,0.00251207729468599,0.0405797101449275,0.671304347826087,0.208115942028986,0.0570048309178744,0.0204830917874396
157773.411807,2574866.126422,0.0021978021978022,0.05,0.552564102564103,0.287179487179487,0.0476190476190476,0.0604395604395604
158273.411807,2574866.126422,0,0.0801834862385321,0.0414678899082569,0.711009174311927,0.0937614678899083,0.0735779816513761
158773.411807,2574866.126422,0.00275178866263071,0.0544854155200881,0.158136121812511,0.667033571821684,0.100898917629793,0.016694184553293
159273.411807,2574866.126422,0.00347985347985348,0.0335164835164835,0.705860805860806,0.105311355311355,0.105128205128205,0.0467032967032967
159773.411807,2574866.126422,0,0.016697247706422,0.758165137614679,0.143853211009174,0.0464220183486239,0.0348623853211009
160273.411807,2574866.126422,0,0.0245505509375604,0.728397448289194,0.116953411946646,0.100715252271409,0.0293833365551904
157773.411807,2574366.126422,0.0033003300330033,0.00586725339200587,0.468646864686469,0.499449944994499,0.0165016501650165,0.00623395672900623
158273.411807,2574366.126422,0.00183150183150183,0.0227106227106227,0.306959706959707,0.57985347985348,0.0732600732600733,0.0153846153846154
158773.411807,2574366.126422,0,0.03003663003663,0.718498168498168,0.16959706959707,0.0501831501831502,0.0316849816849817
159273.411807,2574366.126422,0.00146681334800147,0.0176017601760176,0.891089108910891,0.0507884121745508,0.0262192885955262,0.0128346167950128
159773.411807,2574366.126422,0.0179487179487179,0.0291208791208791,0.434798534798535,0.285531135531136,0.118681318681319,0.113919413919414
160273.411807,2574366.126422,0.0225781551524508,0.00868390582786569,0.0706291007333076,0.697414125820147,0.167116943265149,0.0335777692010807
157273.411807,2573866.126422,0,0,1,0,0,0
157773.411807,2573866.126422,0.0188748396554884,0.00109950522264981,0.453179402602162,0.519149715961151,0.00769653655854865,0
158273.411807,2573866.126422,0,0,0.85079831161681,0.14920168838319,0,0
158773.411807,2573866.126422,0.00146708233999633,0.0570328259673574,0.733724555290666,0.132770951769668,0.0344764349899138,0.0405281496423987
159273.411807,2573866.126422,0.0042147700201576,0.104636247022173,0.36998350742166,0.409932197177937,0.0599230346344145,0.0513102437236577
159773.411807,2573866.126422,0.000550559735731327,0.0690034868783263,0.472013213433658,0.374747660121123,0.0708386859974307,0.012846393833731
160273.411807,2573866.126422,0.0135265700483092,0.034975845410628,0.292753623188406,0.40792270531401,0.189371980676329,0.0614492753623188
157273.411807,2573366.126422,0,0,1,0,0,0
157773.411807,2573366.126422,0,0,0.617948717948718,0.382051282051282,0,0
158273.411807,2573366.126422,0.00165137614678899,0.00422018348623853,0.836880733944954,0.143302752293578,0.00844036697247706,0.0055045871559633
158773.411807,2573366.126422,0.00550357732526142,0.0970464135021097,0.363236103467254,0.231333700238488,0.190974133186571,0.111906072280316
159273.411807,2573366.126422,0.00384615384615385,0.0637362637362637,0.28040293040293,0.45989010989011,0.116849816849817,0.0752747252747253
159773.411807,2573366.126422,0,0.015045871559633,0.514495412844037,0.375596330275229,0.0777981651376147,0.0170642201834862
160273.411807,2573366.126422,0.0085057026870288,0.0340228107481152,0.556930214575681,0.250144983568529,0.0924028610090856,0.05799342741156
157273.411807,2572866.126422,0,0,0.903296703296703,0.0967032967032967,0,0
157773.411807,2572866.126422,0,0,0.568390172350568,0.431426475980931,0.000183351668500183,0
158273.411807,2572866.126422,0,0,0.912454212454212,0.0875457875457875,0,0
158773.411807,2572866.126422,0.000366300366300366,0.00915750915750916,0.907326007326007,0.076007326007326,0.00695970695970696,0.000183150183150183
159273.411807,2572866.126422,0.00275027502750275,0.0267693436010268,0.577007700770077,0.28034470113678,0.0452878621195453,0.0678401173450678
159773.411807,2572866.126422,0.0258241758241758,0.0380952380952381,0.400732600732601,0.293223443223443,0.105494505494505,0.136630036630037
160273.411807,2572866.126422,0.0465071401003474,0.0692782709378618,0.130065611732922,0.0988035507526052,0.148591277499035,0.506754148977229
157273.411807,2572366.126422,0.0132772737331268,0.00221287895552113,0.566939588404514,0.403407833591503,0.0141624253153353,0
157773.411807,2572366.126422,0,0,0.47875166002656,0.52124833997344,0,0
158273.411807,2572366.126422,0,0.00465116279069767,0.970099667774086,0.0203765227021041,0.00199335548172757,0.00287929125138427
158773.411807,2572366.126422,0,0.0619606107545917,0.535516707236114,0.216640849745519,0.10157114405842,0.0843106882053552
159273.411807,2572366.126422,0.00575475874280655,0.104249667994688,0.51128818061089,0.136786188579017,0.104028331119965,0.137892872952634
159773.411807,2572366.126422,0.00155038759689922,0.0939091915836102,0.438759689922481,0.215503875968992,0.0823920265780731,0.167884828349945
160273.411807,2572366.126422,0.00165016501650165,0.148986327204149,0.210749646393211,0.278877887788779,0.140971239981141,0.218764733616219
