"x","y","forest","agri","water","built","other","grass"
275273.411807,2765366.126422,0.11443661971831,0.0830399061032864,0.184272300469484,0.0815727699530516,0.117664319248826,0.419014084507042
275773.411807,2765366.126422,0.145294441386901,0.077600440286186,0,0.11704274445056,0.134287286736379,0.525775087139974
276273.411807,2765366.126422,0.0924908424908425,0.251282051282051,0.000183150183150183,0.0514652014652015,0.11043956043956,0.494139194139194
276773.411807,2765366.126422,0.0719266055045872,0.17743119266055,0,0.173577981651376,0.0979816513761468,0.479082568807339
277273.411807,2765366.126422,0.128049899101082,0.0950284351495139,0.000366905155017428,0.0407264722069345,0.183636030086223,0.552192258301229
277773.411807,2765366.126422,0.0816849816849817,0.336630036630037,0.021978021978022,0.0311355311355311,0.136263736263736,0.392307692307692
278273.411807,2765366.126422,0.126788990825688,0.144770642201835,0.00348623853211009,0.175229357798165,0.172293577981651,0.37743119266055
278773.411807,2765366.126422,0.0856723536965694,0.0515501742799486,0.000183452577508714,0.229499174463401,0.244909190974133,0.388185654008439
279273.411807,2765366.126422,0.0961538461538462,0.0276556776556777,0.00677655677655678,0.445787545787546,0.291391941391941,0.132234432234432
279773.411807,2765366.126422,0.0445871559633028,0.112844036697248,0.0018348623853211,0.335596330275229,0.250642201834862,0.254495412844037
280273.411807,2765366.126422,0.0475142175747569,0.0304531278664465,0.00165107319757843,0.751238304898184,0.123830489818382,0.0453127866446524
280773.411807,2765366.126422,0.0827838827838828,0.0360805860805861,0.00586080586080586,0.691758241758242,0.140659340659341,0.0428571428571429
281273.411807,2765366.126422,0.0231192660550459,0.0137614678899083,0.00128440366972477,0.875963302752294,0.0796330275229358,0.00623853211009174
281773.411807,2765366.126422,0.0856723536965694,0.0297193175564117,0.0066042927903137,0.728490185287103,0.131352045496239,0.0181618051733627
282273.411807,2765366.126422,0.253663003663004,0.06996336996337,0.0141025641025641,0.431684981684982,0.139010989010989,0.0915750915750916
282773.411807,2765366.126422,0.125871559633028,0.0910091743119266,0.00605504587155963,0.43651376146789,0.207339449541284,0.133211009174312
283273.411807,2765366.126422,0.209319390937443,0.175564116675839,0.0137589433131535,0.175013758943313,0.230232984773436,0.196110805356815
283773.411807,2765366.126422,0.113553113553114,0.0935897435897436,0.000183150183150183,0.435347985347985,0.202380952380952,0.154945054945055
284273.411807,2765366.126422,0.0893577981651376,0.0585321100917431,0.00055045871559633,0.451926605504587,0.22605504587156,0.173577981651376
284773.411807,2765366.126422,0.469455145844799,0.0251330031186938,0.002568336085122,0.252797651807008,0.168226013575491,0.0818198495688864
285273.411807,2765366.126422,0.560805860805861,0.00146520146520147,0,0,0,0.437728937728938
285773.411807,2765366.126422,0.445137614678899,0.0203669724770642,0,0.0295412844036697,0.136697247706422,0.368256880733945
286273.411807,2765366.126422,0.381764813795634,0.0271509814712897,0,0.140891579526692,0.217207851770317,0.232984773436067
286773.411807,2765366.126422,0.412271062271062,0.0862637362637363,0.000183150183150183,0.218498168498168,0.105494505494505,0.177289377289377
287273.411807,2765366.126422,0.774128440366972,0.00146788990825688,0,0,0.00073394495412844,0.223669724770642
287773.411807,2765366.126422,0.875395033860045,0,0,0,0,0.124604966139955
275273.411807,2764866.126422,0.0617862371888726,0.0330893118594436,0,0.629282576866764,0.175988286969253,0.0998535871156662
275773.411807,2764866.126422,0.104395604395604,0.0824175824175824,0.0642857142857143,0.337179487179487,0.167032967032967,0.244688644688645
276273.411807,2764866.126422,0.0696736340300697,0.213054638797213,0.0443711037770444,0.0634396773010634,0.0740740740740741,0.535386872020535
276773.411807,2764866.126422,0.0965201465201465,0.0717948717948718,0.000183150183150183,0.336263736263736,0.1996336996337,0.295604395604396
277273.411807,2764866.126422,0.131684981684982,0.152197802197802,0,0.220879120879121,0.214835164835165,0.28040293040293
277773.411807,2764866.126422,0.0979097909790979,0.146497983131646,0.0225522552255226,0.488448844884488,0.129262926292629,0.115328199486615
278273.411807,2764866.126422,0.0956043956043956,0.0857142857142857,0.013003663003663,0.564285714285714,0.142490842490842,0.0989010989010989
278773.411807,2764866.126422,0.0681318681318681,0.0576923076923077,0.0146520146520147,0.643772893772894,0.146520146520147,0.0692307692307692
279273.411807,2764866.126422,0.0779244591125779,0.035020168683535,0.00293362669600293,0.646314631463146,0.145397873120645,0.0924092409240924
279773.411807,2764866.126422,0.0730769230769231,0.0216117216117216,0.00531135531135531,0.715934065934066,0.158608058608059,0.0254578754578755
280273.411807,2764866.126422,0.05,0.03003663003663,0.0122710622710623,0.75018315018315,0.121611721611722,0.0358974358974359
280773.411807,2764866.126422,0.0757242390905757,0.0196186285295196,0.015951595159516,0.748991565823249,0.12009534286762,0.0196186285295196
281273.411807,2764866.126422,0.104945054945055,0.0412087912087912,0.0120879120879121,0.714102564102564,0.0761904761904762,0.0514652014652015
281773.411807,2764866.126422,0.0505494505494506,0.0217948717948718,0.0203296703296703,0.836813186813187,0.0637362637362637,0.00677655677655678
282273.411807,2764866.126422,0.186468646864686,0.0394206087275394,0.00366703337000367,0.436560322698937,0.162082874954162,0.171800513384672
282773.411807,2764866.126422,0.0413919413919414,0.0399267399267399,0.00531135531135531,0.687545787545788,0.142124542124542,0.0836996336996337
283273.411807,2764866.126422,0.0586080586080586,0.0738095238095238,0.00421245421245421,0.616666666666667,0.148351648351648,0.0983516483516483
283773.411807,2764866.126422,0.130729739640631,0.0308030803080308,0.00898423175650898,0.621378804547121,0.159149248258159,0.048954895489549
284273.411807,2764866.126422,0.342307692307692,0.0388278388278388,0.000732600732600733,0.209340659340659,0.203479853479853,0.205311355311355
284773.411807,2764866.126422,0.339194139194139,0.0353479853479853,0.000549450549450549,0.216300366300366,0.244139194139194,0.164468864468864
285273.411807,2764866.126422,0.665016501650165,0.000183351668500183,0,0.000916758342500917,0.00568390172350568,0.328199486615328
285773.411807,2764866.126422,0.573443223443223,0.00842490842490842,0,0.0021978021978022,0.0137362637362637,0.402197802197802
286273.411807,2764866.126422,0.355128205128205,0.0201465201465201,0,0.0928571428571429,0.125274725274725,0.406593406593407
286773.411807,2764866.126422,0.585441877521085,0.0284195086175284,0,0.0687568756875688,0.118628529519619,0.198753208654199
287273.411807,2764866.126422,0.82985347985348,0.00146520146520147,0,0.0032967032967033,0.030952380952381,0.134432234432234
287773.411807,2764866.126422,0.780432822362489,0.00743913435527502,0,0.00225428313796213,0.0568079350766456,0.153065825067629
275273.411807,2764366.126422,0.124926686217009,0.0941348973607038,0.000586510263929619,0.346627565982405,0.149560117302053,0.2841642228739
275773.411807,2764366.126422,0.0847240051347882,0.112231799009719,0.0133871263524665,0.194938565927013,0.134604804694663,0.46011369888135
276273.411807,2764366.126422,0.0905259299981675,0.111416529228514,0,0.0696353307678211,0.102437236576874,0.625984973428624
276773.411807,2764366.126422,0.063497889521013,0.18663975041292,0.000550559735731327,0.127362818865847,0.142227931730593,0.479721049733896
277273.411807,2764366.126422,0.0506143407298735,0.488355033926279,0,0.094810196222263,0.0957271226847607,0.270493306436824
277773.411807,2764366.126422,0.241891148982958,0.238409382444567,0.0269378779549203,0.0765988638446033,0.0731170973062122,0.34304562946674
278273.411807,2764366.126422,0.0691870067902367,0.0680858873187741,0.0144980730409249,0.574784364103505,0.109928427234355,0.163516241512204
278773.411807,2764366.126422,0.12396845772969,0.0781221346048047,0.00788556757748029,0.40399779937649,0.239317806711902,0.146708233999633
279273.411807,2764366.126422,0.0692688290269379,0.0584570276708814,0.0256551218618288,0.643027304379696,0.15356422943009,0.0500274876305662
279773.411807,2764366.126422,0.0757937236190127,0.0506514956872821,0.00568911726922371,0.558818131767297,0.189576069003487,0.119471462653698
280273.411807,2764366.126422,0.0432789290298918,0.0540986612873648,0,0.508344030808729,0.134788189987163,0.259490188886851
280773.411807,2764366.126422,0.0830126443100605,0.0317024005864028,0.00366501740883269,0.577973245372916,0.161810518599963,0.141836173721825
281273.411807,2764366.126422,0.0959809139291613,0.0717562855569829,0.0179849513672233,0.638282253624518,0.105523949348504,0.0704716461736098
281773.411807,2764366.126422,0.126902622409683,0.0918760315422703,0.0115532734274711,0.570695030258573,0.106913625527233,0.0920594168347699
282273.411807,2764366.126422,0.0527762506871908,0.0256551218618288,0.00384826827927433,0.765805387575591,0.128275609309144,0.0236393622869709
282773.411807,2764366.126422,0.0724903652046247,0.0504679757753716,0.0132134336575518,0.716828775922188,0.109194347586713,0.0378051018535511
283273.411807,2764366.126422,0.077205208142307,0.041995231982395,0.00733541169998166,0.636713735558408,0.15202640748212,0.0847240051347882
283773.411807,2764366.126422,0.26571376214037,0.0295033901411032,0.000366501740883269,0.210555250137438,0.108484515301448,0.385376580538758
284273.411807,2764366.126422,0.462837217838135,0.0146815929528354,0,0.0502844558634612,0.0978161130482657,0.374380620297302
284773.411807,2764366.126422,0.350999449844123,0.0179717586649551,0.00110031175499725,0.128736475334678,0.154593801577114,0.346598202824134
285273.411807,2764366.126422,0.37108301264431,0.0271211288253619,0,0.161077515118197,0.25563496426608,0.185083379146051
285773.411807,2764366.126422,0.461736098366673,0.0183519911910442,0,0.0322995044962378,0.128280418425399,0.359331987520646
286273.411807,2764366.126422,0.529616724738676,0.0115532734274711,0,0.00586832935998533,0.0717036493673207,0.381258023106547
286773.411807,2764366.126422,0.69287154113982,0.00769653655854865,0,0.0355506688656771,0.0703683342495877,0.193512919186366
287273.411807,2764366.126422,0.879977977610571,0.00165167920719398,0,0.00110111947146265,0.0121123141860892,0.105156909524683
287773.411807,2764366.126422,0.775045126353791,0.00248194945848375,0,0.000225631768953069,0.0309115523465704,0.191335740072202
275273.411807,2763866.126422,0.0759976525821596,0.0272887323943662,0,0.615023474178404,0.177523474178404,0.104166666666667
275773.411807,2763866.126422,0.0944780774169877,0.0544854155200881,0.00110071546505228,0.254815630159604,0.115758576407999,0.47936158503027
276273.411807,2763866.126422,0.226007326007326,0.0360805860805861,0,0.104945054945055,0.13021978021978,0.502747252747253
276773.411807,2763866.126422,0.0469724770642202,0.159816513761468,0,0.0818348623853211,0.0781651376146789,0.633211009174312
277273.411807,2763866.126422,0.0959456980370574,0.155567785727389,0.0139423958906623,0.427627958172812,0.131352045496239,0.175564116675839
277773.411807,2763866.126422,0.0368131868131868,0.0756410256410256,0.0613553113553114,0.562271062271062,0.148901098901099,0.115018315018315
278273.411807,2763866.126422,0.0539449541284404,0.18,0.00073394495412844,0.285137614678899,0.122385321100917,0.357798165137615
278773.411807,2763866.126422,0.10420106402495,0.226013575490736,0,0.0528343423225096,0.179600073381031,0.437350944780774
279273.411807,2763866.126422,0.0957875457875458,0.105128205128205,0.13003663003663,0.172161172161172,0.135164835164835,0.361721611721612
279773.411807,2763866.126422,0.0910091743119266,0.0932110091743119,0.0842201834862385,0.0489908256880734,0.0741284403669725,0.608440366972477
280273.411807,2763866.126422,0.175013758943313,0.131718950651257,0.00201797835259585,0.107319757842598,0.179600073381031,0.404329480829206
280773.411807,2763866.126422,0.101831501831502,0.030952380952381,0.00311355311355311,0.667216117216117,0.13021978021978,0.0666666666666667
281273.411807,2763866.126422,0.116880733944954,0.0324770642201835,0.00110091743119266,0.578715596330275,0.109357798165138,0.161467889908257
281773.411807,2763866.126422,0.155751238304898,0.0374243258117777,0.000550357732526142,0.546688680975968,0.141441937259218,0.118143459915612
282273.411807,2763866.126422,0.0419413919413919,0.01996336996337,0.00567765567765568,0.793956043956044,0.115934065934066,0.0225274725274725
282773.411807,2763866.126422,0.0368807339449541,0.04,0.00660550458715596,0.789908256880734,0.109357798165138,0.0172477064220183
283273.411807,2763866.126422,0.0335718216840947,0.0291689598238855,0.0110071546505228,0.838928636947349,0.081452944413869,0.00587048248027885
283773.411807,2763866.126422,0.328021978021978,0.0210622710622711,0.000915750915750916,0.185531135531136,0.184432234432234,0.28003663003663
284273.411807,2763866.126422,0.503853211009174,0.00678899082568807,0,0.00128440366972477,0.0275229357798165,0.460550458715596
284773.411807,2763866.126422,0.274078150798019,0.0240322876536415,0,0.237571087873785,0.196477710511833,0.267840763162722
285273.411807,2763866.126422,0.426373626373626,0.0214285714285714,0,0.0798534798534798,0.207692307692308,0.264652014652015
285773.411807,2763866.126422,0.408256880733945,0.0286238532110092,0,0.245688073394495,0.190091743119266,0.127339449541284
286273.411807,2763866.126422,0.896532746285085,0.00458631443771785,0,0.010273344340488,0.0245826453861677,0.0640249495505412
286773.411807,2763866.126422,0.957326007326007,0.0010989010989011,0,0,0.00164835164835165,0.0399267399267399
287273.411807,2763866.126422,0.986238532110092,0,0,0,0.00055045871559633,0.0132110091743119
287773.411807,2763866.126422,0.885778781038375,0.00428893905191874,0,0.000451467268623025,0.0311512415349887,0.0783295711060948
275273.411807,2763366.126422,0.0948755490483163,0.0635431918008785,0.00673499267935578,0.615812591508053,0.0954612005856515,0.123572474377745
275773.411807,2763366.126422,0.101465201465201,0.0373626373626374,0.00897435897435897,0.607326007326007,0.132051282051282,0.112820512820513
276273.411807,2763366.126422,0.11019435276861,0.0264026402640264,0.00201686835350202,0.517051705170517,0.168316831683168,0.176017601760176
276773.411807,2763366.126422,0.116666666666667,0.122344322344322,0.0210622710622711,0.162271062271062,0.108608058608059,0.469047619047619
277273.411807,2763366.126422,0.116849816849817,0.102197802197802,0.0120879120879121,0.413553113553114,0.192673992673993,0.162637362637363
277773.411807,2763366.126422,0.0522552255225523,0.0612394572790612,0.0253025302530253,0.72973964063073,0.0964429776310964,0.035020168683535
278273.411807,2763366.126422,0.125274725274725,0.418864468864469,0.0677655677655678,0.0173992673992674,0.0868131868131868,0.283882783882784
278773.411807,2763366.126422,0.0906593406593407,0.293406593406593,0,0.00732600732600733,0.146153846153846,0.462454212454212
279273.411807,2763366.126422,0.126512651265127,0.144664466446645,0.0108177484415108,0.13989732306564,0.232856618995233,0.345251191785845
279773.411807,2763366.126422,0.0913919413919414,0.161904761904762,0,0.0472527472527473,0.0902930402930403,0.609157509157509
280273.411807,2763366.126422,0.154029304029304,0.0620879120879121,0.000915750915750916,0.291575091575092,0.191758241758242,0.2996336996337
280773.411807,2763366.126422,0.135863586358636,0.0506050605060506,0.0033003300330033,0.482031536486982,0.174000733406674,0.154198753208654
281273.411807,2763366.126422,0.0778388278388278,0.0316849816849817,0.000183150183150183,0.448351648351648,0.150732600732601,0.291208791208791
281773.411807,2763366.126422,0.126556776556777,0.0505494505494506,0.00128205128205128,0.331868131868132,0.193772893772894,0.295970695970696
282273.411807,2763366.126422,0.0572057205720572,0.0425375870920425,0.000366703337000367,0.628162816281628,0.148698203153649,0.123028969563623
282773.411807,2763366.126422,0.0514652014652015,0.0186813186813187,0.0010989010989011,0.756593406593407,0.129120879120879,0.043040293040293
283273.411807,2763366.126422,0.124908424908425,0.0554945054945055,0.00659340659340659,0.420512820512821,0.167765567765568,0.224725274725275
283773.411807,2763366.126422,0.199303263659699,0.0385038503850385,0,0.32013201320132,0.313164649798313,0.128896222955629
284273.411807,2763366.126422,0.464102564102564,0.0161172161172161,0,0.156776556776557,0.126739926739927,0.236263736263736
284773.411807,2763366.126422,0.537728937728938,0.0250915750915751,0,0.00677655677655678,0.0512820512820513,0.379120879120879
285273.411807,2763366.126422,0.343784378437844,0.0724239090575724,0,0.0603226989365603,0.18958562522919,0.333883388338834
285773.411807,2763366.126422,0.550732600732601,0.0252747252747253,0,0.0435897435897436,0.0701465201465201,0.31025641025641
286273.411807,2763366.126422,0.94981684981685,0,0,0,0.0010989010989011,0.0490842490842491
286773.411807,2763366.126422,0.938943894389439,0.000916758342500917,0,0.000366703337000367,0.00275027502750275,0.057022368903557
287273.411807,2763366.126422,0.933150183150183,0,0,0,0,0.0668498168498168
287773.411807,2763366.126422,0.876014427412083,0,0,0,0,0.123985572587917
275273.411807,2762866.126422,0.111143695014663,0.093841642228739,0.0193548387096774,0.549266862170088,0.122287390029326,0.104105571847507
275773.411807,2762866.126422,0.0474967907573813,0.0434623143223913,0.00165046763249587,0.78818998716303,0.10012836970475,0.0190720704199523
276273.411807,2762866.126422,0.0676195711929632,0.0533260032985157,0.0126443100604728,0.712479384277075,0.116730804471321,0.0371999266996518
276773.411807,2762866.126422,0.129198017984951,0.127179298953937,0.00440447788585061,0.38190493668563,0.137823453844742,0.219489814644889
277273.411807,2762866.126422,0.145424536952136,0.0935264991747662,0.00201723821749496,0.362919493856593,0.153493489822116,0.242618741976893
277773.411807,2762866.126422,0.0540590067802822,0.0404984423676012,0.0053142752428074,0.697452812900861,0.118563313175738,0.0841121495327103
278273.411807,2762866.126422,0.071389245733162,0.361901266287392,0.000367039823820885,0.0598274912828042,0.082583960359699,0.423930996513122
278773.411807,2762866.126422,0.0819732257472951,0.151109481019622,0.0117366587199707,0.133321107647167,0.372638914359068,0.249220612506877
279273.411807,2762866.126422,0.0850284038849184,0.0798973795125527,0,0.136338647608576,0.202308960967565,0.496426608026388
279773.411807,2762866.126422,0.0991007524316388,0.115250504679758,0.000367039823820885,0.137823453844742,0.154156726004772,0.493301523215269
280273.411807,2762866.126422,0.0386942967174033,0.0566660553823583,0.00916926462497708,0.725288831835687,0.116266275444709,0.0539152759948652
280773.411807,2762866.126422,0.11214953271028,0.03811618105186,0.00238226131574125,0.307494960601063,0.109584020524097,0.430273043796958
281273.411807,2762866.126422,0.104973389612773,0.0941457148100569,0,0.294365938704349,0.132134336575518,0.374380620297302
281773.411807,2762866.126422,0.141023289932147,0.133321107647167,0.0128369704749679,0.114249037227214,0.177333577847057,0.421236016871447
282273.411807,2762866.126422,0.0923584387025838,0.0461792193512919,0.0197910940076965,0.399303646692322,0.195162177020341,0.247205424225765
282773.411807,2762866.126422,0.0455129381537897,0.0557900532207745,0.00844191594788034,0.400073407964764,0.363736465406497,0.126445219306295
283273.411807,2762866.126422,0.0669356317623327,0.0667522464698331,0,0.0695030258573262,0.237483953786906,0.559325142123602
283773.411807,2762866.126422,0.0309693971046362,0.0564412680960235,0,0.155763239875389,0.199376947040498,0.557449147883452
284273.411807,2762866.126422,0.16186456230501,0.04147550009176,0,0.345751514039273,0.234905487245366,0.216002936318591
284773.411807,2762866.126422,0.40418118466899,0.0271410232899321,0.00275077938749312,0.0949935815147625,0.136988813497158,0.333944617641665
285273.411807,2762866.126422,0.38794209272494,0.059190031152648,0,0.0234561114165292,0.214403518416712,0.31500824628917
285773.411807,2762866.126422,0.463571297485777,0.0546889337493118,0,0.00495503762158194,0.0840521196549826,0.392732611488346
286273.411807,2762866.126422,0.531450577663671,0.0192554557124519,0,0.000366770584999083,0.109847790207225,0.339079405831652
286773.411807,2762866.126422,0.815649624335716,0.00586402785413231,0,0,0.0108118013560564,0.167674546454096
287273.411807,2762866.126422,0.960359699027344,0,0,0,0,0.0396403009726555
287773.411807,2762866.126422,0.945848375451264,0,0,0,0,0.0541516245487365
275273.411807,2762366.126422,0.177816901408451,0.0883215962441315,0.017018779342723,0.43368544600939,0.176643192488263,0.106514084507042
275773.411807,2762366.126422,0.216107136305265,0.066042927903137,0.021830856723537,0.32104201064025,0.183819482663731,0.19115758576408
276273.411807,2762366.126422,0.0793040293040293,0.0276556776556777,0.00531135531135531,0.666666666666667,0.147069597069597,0.073992673992674
276773.411807,2762366.126422,0.37394495412844,0.0365137614678899,0.00238532110091743,0.191376146788991,0.127706422018349,0.268073394495413
277273.411807,2762366.126422,0.138506696019079,0.188956154833975,0.000366905155017428,0.364887176664832,0.0966795083470923,0.210603558980004
277773.411807,2762366.126422,0.104212454212454,0.173076923076923,0,0.353296703296703,0.10952380952381,0.25989010989011
278273.411807,2762366.126422,0.0596330275229358,0.199082568807339,0.0122935779816514,0.385871559633028,0.160183486238532,0.182935779816514
278773.411807,2762366.126422,0.14125848468171,0.232984773436067,0.00165107319757843,0.0187121629058888,0.170427444505595,0.434966061273161
279273.411807,2762366.126422,0.113186813186813,0.125274725274725,0.0813186813186813,0.0507326007326007,0.12967032967033,0.49981684981685
279773.411807,2762366.126422,0.0444036697247706,0.0684403669724771,0.00110091743119266,0.618348623853211,0.127706422018349,0.14
280273.411807,2762366.126422,0.0572372041827188,0.0803522289488167,0.00697119794533113,0.618968996514401,0.161621720785177,0.0748486516235553
280773.411807,2762366.126422,0.0626373626373626,0.0401098901098901,0.000183150183150183,0.467582417582418,0.156959706959707,0.272527472527473
281273.411807,2762366.126422,0.0805504587155963,0.0900917431192661,0,0.280550458715596,0.222935779816514,0.325871559633027
281773.411807,2762366.126422,0.18253531462117,0.166208035222895,0,0.0504494588148963,0.211704274445056,0.389102916895982
282273.411807,2762366.126422,0.0978021978021978,0.0593406593406593,0.00641025641025641,0.171794871794872,0.413186813186813,0.251465201465201
282773.411807,2762366.126422,0.109174311926606,0.0757798165137615,0,0.0840366972477064,0.408073394495413,0.322935779816514
283273.411807,2762366.126422,0.0409099247844432,0.023115024766098,0.000550357732526142,0.46358466336452,0.374793615850303,0.0970464135021097
283773.411807,2762366.126422,0.120695970695971,0.0695970695970696,0,0.152014652014652,0.254029304029304,0.403663003663004
284273.411807,2762366.126422,0.208256880733945,0.0293577981651376,0.00238532110091743,0.0814678899082569,0.145321100917431,0.533211009174312
284773.411807,2762366.126422,0.313153549807375,0.0473307649972482,0.000183452577508714,0.22546321775821,0.149146945514584,0.264722069345074
285273.411807,2762366.126422,0.787545787545788,0.00842490842490842,0,0.00604395604395604,0.0135531135531136,0.184432234432234
285773.411807,2762366.126422,0.482385321100917,0.0491743119266055,0,0.00752293577981651,0.100733944954128,0.360183486238532
286273.411807,2762366.126422,0.716382315171528,0.01284168042561,0,0.00201797835259585,0.016694184553293,0.252063841496973
286773.411807,2762366.126422,0.911172161172161,0.000366300366300366,0,0,0.0010989010989011,0.0873626373626374
287273.411807,2762366.126422,0.873211009174312,0.00422018348623853,0,0.000917431192660551,0.0231192660550459,0.0985321100917431
287773.411807,2762366.126422,0.874040632054176,0.0018058690744921,0,0.000225733634311512,0.0128668171557562,0.111060948081264
275273.411807,2761866.126422,0.113909224011713,0.0275256222547584,0.00322108345534407,0.698682284040996,0.110395314787701,0.0462664714494876
275773.411807,2761866.126422,0.128021978021978,0.0695970695970696,0.0120879120879121,0.565567765567766,0.127838827838828,0.0968864468864469
276273.411807,2761866.126422,0.0253025302530253,0.0234690135680235,0.0055005500550055,0.788595526219289,0.136780344701137,0.0203520352035204
276773.411807,2761866.126422,0.192124542124542,0.106410256410256,0.000732600732600733,0.227472527472527,0.192490842490843,0.280769230769231
277273.411807,2761866.126422,0.107692307692308,0.31959706959707,0.0265567765567766,0.0142857142857143,0.0990842490842491,0.432783882783883
277773.411807,2761866.126422,0.118628529519619,0.094976164283095,0.00531719838650532,0.133663366336634,0.112027869453612,0.535386872020535
278273.411807,2761866.126422,0.0822344322344322,0.0536630036630037,0.00274725274725275,0.472710622710623,0.271062271062271,0.117582417582418
278773.411807,2761866.126422,0.102930402930403,0.172161172161172,0.0172161172161172,0.0543956043956044,0.158791208791209,0.494505494505495
279273.411807,2761866.126422,0.177484415108177,0.0551888522185552,0.0100843417675101,0.13971397139714,0.112761276127613,0.504767143381005
279773.411807,2761866.126422,0.0741758241758242,0.0899267399267399,0.0263736263736264,0.649084249084249,0.105128205128205,0.0553113553113553
280273.411807,2761866.126422,0.0510989010989011,0.0324175824175824,0.00384615384615385,0.741575091575092,0.126556776556777,0.0445054945054945
280773.411807,2761866.126422,0.0359369270260359,0.0535386872020535,0.0168683535020169,0.707920792079208,0.118078474514118,0.0676567656765677
281273.411807,2761866.126422,0.0879120879120879,0.117582417582418,0,0.095970695970696,0.51978021978022,0.178754578754579
281773.411807,2761866.126422,0.0875457875457875,0.30970695970696,0,0.0043956043956044,0.254578754578755,0.343772893772894
282273.411807,2761866.126422,0.0933259992665933,0.106343967730106,0.000366703337000367,0.185551888522186,0.372753942060873,0.241657499083242
282773.411807,2761866.126422,0.122161172161172,0.111538461538462,0.000183150183150183,0.0688644688644689,0.225274725274725,0.471978021978022
283273.411807,2761866.126422,0.0441391941391941,0.0602564102564103,0.000183150183150183,0.680952380952381,0.122527472527473,0.0919413919413919
283773.411807,2761866.126422,0.104877154382105,0.0176017601760176,0,0.502566923359003,0.218921892189219,0.156032269893656
284273.411807,2761866.126422,0.185714285714286,0.0463369963369963,0,0.0968864468864469,0.211355311355311,0.45970695970696
284773.411807,2761866.126422,0.504761904761905,0.0131868131868132,0,0.0950549450549451,0.139377289377289,0.247619047619048
285273.411807,2761866.126422,0.851668500183352,0.0022002200220022,0,0,0.0011001100110011,0.145031169783645
285773.411807,2761866.126422,0.911538461538462,0,0,0,0,0.0884615384615385
286273.411807,2761866.126422,0.977655677655678,0,0,0,0,0.0223443223443223
286773.411807,2761866.126422,0.922442244224422,0,0,0,0.000183351668500183,0.0773744041070774
287273.411807,2761866.126422,0.883333333333333,0.000732600732600733,0,0.000915750915750916,0.00604395604395604,0.108974358974359
287773.411807,2761866.126422,0.912308385933273,0,0,0.000225428313796213,0.00270513976555455,0.084761045987376
275273.411807,2761366.126422,0.149266862170088,0.0680351906158358,0,0.347507331378299,0.0912023460410557,0.343988269794721
275773.411807,2761366.126422,0.161379057399597,0.0537318907023657,0.000366770584999083,0.258206491839354,0.10416284613974,0.422152943333945
276273.411807,2761366.126422,0.0943741982774418,0.0247388675096207,0.0366501740883269,0.63899578522998,0.0940076965365585,0.111233278358072
276773.411807,2761366.126422,0.191411268122591,0.0847861993026243,0.00458799779776106,0.359699027344467,0.127362818865847,0.232152688566709
277273.411807,2761366.126422,0.10783055198973,0.265541903539336,0.0187052998349532,0.033192737942417,0.233632862644416,0.341096644049147
277773.411807,2761366.126422,0.120579072750596,0.187465640461792,0.0474619754443834,0.118746564046179,0.236393622869709,0.289353124427341
278273.411807,2761366.126422,0.0989172325197284,0.0968985134887135,0.0352358230868049,0.403193246467242,0.188658469443935,0.177096714993577
278773.411807,2761366.126422,0.0794058316523015,0.143590684027141,0.000916926462497708,0.234183018521915,0.144690995782138,0.397212543554007
279273.411807,2761366.126422,0.051126992853216,0.0566245189664651,0.00366501740883269,0.462891698735569,0.174454828660436,0.251236943375481
279773.411807,2761366.126422,0.138190493668563,0.0313819049366856,0.0102771150669848,0.664342081115801,0.0888236373646541,0.0669847678473114
280273.411807,2761366.126422,0.0768384375573079,0.0133871263524665,0.00495140289748762,0.638364203190904,0.157161195672107,0.109297634329727
280773.411807,2761366.126422,0.142202675462708,0.0472787245739417,0.00366501740883269,0.416895730254719,0.289169873556899,0.100787978742899
281273.411807,2761366.126422,0.185538630941457,0.234354927509635,0,0.026977427050835,0.222976692971187,0.330152321526886
281773.411807,2761366.126422,0.116266275444709,0.133321107647167,0,0.0196222262974509,0.192737942417018,0.538052448193655
282273.411807,2761366.126422,0.0974894630749496,0.109400769653656,0,0.0342679127725857,0.357155946490746,0.401685908008063
282773.411807,2761366.126422,0.0877225178931914,0.058909891723252,0.000183519911910442,0.37327950082584,0.279867865663424,0.200036703982382
283273.411807,2761366.126422,0.039611223179901,0.0451127819548872,0.00678525582248304,0.667155694113332,0.12800293416468,0.113332110764717
283773.411807,2761366.126422,0.0967564595931831,0.0491112332783581,0.00293201392706615,0.620304196444933,0.161993769470405,0.0689023272860546
284273.411807,2761366.126422,0.236740686364471,0.0458799779776106,0.000183519911910442,0.218021655349605,0.212332538080382,0.286841622316021
284773.411807,2761366.126422,0.510911424903723,0.0608839171098478,0,0.0163212910324592,0.0667522464698331,0.345131120484137
285273.411807,2761366.126422,0.721641927799157,0.00787978742899029,0,0.01905809052593,0.0698185816382628,0.18160161260766
285773.411807,2761366.126422,0.674252156358965,0.00917599559552211,0,0.0618462103138191,0.105523949348504,0.14920168838319
286273.411807,2761366.126422,0.870896754080323,0.00275077938749312,0,0.000916926462497708,0.0295250320924262,0.0959105079772602
286773.411807,2761366.126422,0.763239875389408,0.0117280557082646,0,0.000549752611324904,0.0461792193512919,0.17830309693971
287273.411807,2761366.126422,0.466507616076344,0.0590934116351624,0,0.0161497522481189,0.198385024775188,0.259864195265186
287773.411807,2761366.126422,0.478113718411552,0.0925090252707581,0.00225631768953069,0.00654332129963899,0.0733303249097473,0.347247292418773
275273.411807,2760866.126422,0.141725352112676,0.0313967136150235,0,0.352112676056338,0.163145539906103,0.311619718309859
275773.411807,2760866.126422,0.143643368189323,0.0986974866996881,0.0766831773986425,0.260869565217391,0.146211704274445,0.27389469822051
276273.411807,2760866.126422,0.143040293040293,0.0432234432234432,0.00183150183150183,0.37032967032967,0.18974358974359,0.251831501831502
276773.411807,2760866.126422,0.0825688073394495,0.0495412844036697,0.00018348623853211,0.442385321100917,0.267889908256881,0.15743119266055
277273.411807,2760866.126422,0.0799853237937993,0.388369106585948,0,0.0106402494955054,0.131352045496239,0.389653274628509
277773.411807,2760866.126422,0.115384615384615,0.271978021978022,0,0.0866300366300366,0.0897435897435897,0.436263736263736
278273.411807,2760866.126422,0.105504587155963,0.223119266055046,0.00073394495412844,0.0759633027522936,0.144036697247706,0.450642201834862
278773.411807,2760866.126422,0.0798018712162906,0.319757842597689,0.000550357732526142,0.0783342505962209,0.189506512566502,0.332049165290772
279273.411807,2760866.126422,0.0675824175824176,0.230952380952381,0.0227106227106227,0.223260073260073,0.235897435897436,0.21959706959707
279773.411807,2760866.126422,0.0926605504587156,0.0570642201834862,0.0242201834862385,0.549908256880734,0.155229357798165,0.120917431192661
280273.411807,2760866.126422,0.205833791964777,0.0302696752889378,0.00201797835259585,0.397541735461383,0.176297926985874,0.188038891946432
280773.411807,2760866.126422,0.0666666666666667,0.110622710622711,0.00897435897435897,0.436080586080586,0.176923076923077,0.200732600732601
281273.411807,2760866.126422,0.13302752293578,0.165688073394495,0.00110091743119266,0.133394495412844,0.187522935779817,0.379266055045872
281773.411807,2760866.126422,0.16125481563016,0.0497156485048615,0,0.2652724270776,0.273160887910475,0.250596220876903
282273.411807,2760866.126422,0.0774725274725275,0.0968864468864469,0,0.211904761904762,0.295238095238095,0.318498168498168
282773.411807,2760866.126422,0.115596330275229,0.0680733944954128,0.00128440366972477,0.207339449541284,0.364403669724771,0.243302752293578
283273.411807,2760866.126422,0.305815446707026,0.0458631443771785,0,0.267840763162722,0.150247660979637,0.230232984773436
283773.411807,2760866.126422,0.347435897435897,0.0250915750915751,0.000549450549450549,0.101282051282051,0.0976190476190476,0.428021978021978
284273.411807,2760866.126422,0.10348623853211,0.0618348623853211,0.00293577981651376,0.425137614678899,0.234862385321101,0.171743119266055
284773.411807,2760866.126422,0.112089524857824,0.0476976701522656,0.00733810310034856,0.520821867547239,0.203082003302146,0.108970831040176
285273.411807,2760866.126422,0.0771062271062271,0.0289377289377289,0.00512820512820513,0.619230769230769,0.20970695970696,0.0598901098901099
285773.411807,2760866.126422,0.0590825688073394,0.0532110091743119,0.00330275229357798,0.59045871559633,0.25045871559633,0.0434862385321101
286273.411807,2760866.126422,0.10988809392772,0.107503210420106,0,0.131902403228765,0.284534947716015,0.366171344707393
286773.411807,2760866.126422,0.108424908424908,0.282967032967033,0.0494505494505494,0.0358974358974359,0.130952380952381,0.392307692307692
287273.411807,2760866.126422,0.0873394495412844,0.482935779816514,0,0.00238532110091743,0.0781651376146789,0.349174311926606
287773.411807,2760866.126422,0.136794582392777,0.307674943566591,0.0054176072234763,0.138600451467269,0.169977426636569,0.241534988713318
275273.411807,2760366.126422,0.0620790629575403,0.176866764275256,0,0.0193265007320644,0.0966325036603221,0.645095168374817
275773.411807,2760366.126422,0.103479853479853,0.0906593406593407,0,0.215567765567766,0.191391941391941,0.398901098901099
276273.411807,2760366.126422,0.0337367070040337,0.0201686835350202,0.00055005500550055,0.762192885955262,0.118261826182618,0.0650898423175651
276773.411807,2760366.126422,0.154578754578755,0.0467032967032967,0.000183150183150183,0.324175824175824,0.151648351648352,0.322710622710623
277273.411807,2760366.126422,0.0419413919413919,0.404029304029304,0.00201465201465201,0.0113553113553114,0.26996336996337,0.270695970695971
277773.411807,2760366.126422,0.0506050605060506,0.258159149248258,0.00495049504950495,0.00531719838650532,0.124679134580125,0.556288962229556
278273.411807,2760366.126422,0.0624542124542125,0.406410256410256,0.0102564102564103,0.0269230769230769,0.0750915750915751,0.418864468864469
278773.411807,2760366.126422,0.126373626373626,0.116300366300366,0.0673992673992674,0.116117216117216,0.199450549450549,0.374358974358974
279273.411807,2760366.126422,0.139347268060139,0.103777044371104,0.00293362669600293,0.309314264759809,0.165383204987165,0.279244591125779
279773.411807,2760366.126422,0.0978021978021978,0.056043956043956,0,0.297435897435897,0.170879120879121,0.377838827838828
280273.411807,2760366.126422,0.227289377289377,0.0217948717948718,0.000183150183150183,0.325824175824176,0.128205128205128,0.296703296703297
280773.411807,2760366.126422,0.12999633296663,0.115328199486615,0.00128346167950128,0.0452878621195453,0.124679134580125,0.583425009167583
281273.411807,2760366.126422,0.0833333333333333,0.0558608058608059,0,0.235897435897436,0.203296703296703,0.421611721611722
281773.411807,2760366.126422,0.215934065934066,0.0534798534798535,0.0326007326007326,0.173076923076923,0.140842490842491,0.384065934065934
282273.411807,2760366.126422,0.13989732306564,0.03997066373304,0.0251191785845251,0.185551888522186,0.28034470113678,0.329116244957829
282773.411807,2760366.126422,0.366849816849817,0.0967032967032967,0,0.015018315018315,0.15970695970696,0.361721611721612
283273.411807,2760366.126422,0.126373626373626,0.0188644688644689,0,0.340842490842491,0.33956043956044,0.174358974358974
283773.411807,2760366.126422,0.353685368536854,0.0328199486615328,0.000183351668500183,0.113311331133113,0.155115511551155,0.344884488448845
284273.411807,2760366.126422,0.0600732600732601,0.0164835164835165,0.00146520146520147,0.611355311355311,0.219413919413919,0.0912087912087912
284773.411807,2760366.126422,0.155494505494505,0.0763736263736264,0.000549450549450549,0.4496336996337,0.191208791208791,0.126739926739927
285273.411807,2760366.126422,0.164833149981665,0.0649064906490649,0.00605060506050605,0.462596259625963,0.205537220388706,0.0960762742940961
285773.411807,2760366.126422,0.155677655677656,0.0789377289377289,0.00366300366300366,0.208424908424908,0.184615384615385,0.368681318681319
286273.411807,2760366.126422,0.0527472527472527,0.182967032967033,0.052014652014652,0.0456043956043956,0.097985347985348,0.568681318681319
286773.411807,2760366.126422,0.176384305097176,0.559039237257059,0.0586725339200587,0.0099009900990099,0.00256692335900257,0.193436010267693
287273.411807,2760366.126422,0.152380952380952,0.108058608058608,0,0.0741758241758242,0.164285714285714,0.501098901098901
287773.411807,2760366.126422,0.176961226330027,0.305455365193868,0,0.155320108205591,0.198151487826871,0.164111812443643
275273.411807,2759866.126422,0.129032258064516,0.0847507331378299,0.186217008797654,0.16217008797654,0.119061583577713,0.318768328445748
275773.411807,2759866.126422,0.0898587933247754,0.0718870346598203,0,0.226114065651935,0.190353933614524,0.421786172748946
276273.411807,2759866.126422,0.0698185816382628,0.0593732820230896,0,0.521715228147334,0.129191863661352,0.219901044529962
276773.411807,2759866.126422,0.19911910442283,0.0310148651128647,0,0.0407414204441182,0.100752431638833,0.628372178381354
277273.411807,2759866.126422,0.0414450761048964,0.277828718136805,0,0.0245736291949386,0.220429121584449,0.435723454978911
277773.411807,2759866.126422,0.036100421477002,0.448598130841121,0,0.0117280557082646,0.15924500641378,0.344328385559831
278273.411807,2759866.126422,0.0968985134887135,0.27821618645623,0.0394567810607451,0.0328500642319692,0.151587447238025,0.400991007524316
278773.411807,2759866.126422,0.17990097194205,0.131487254722171,0.000183385292499542,0.0392444525949019,0.123051531267192,0.526132404181185
279273.411807,2759866.126422,0.11214953271028,0.2354773685175,0.000733003481766538,0.160161260765989,0.173905076049111,0.317573758475353
279773.411807,2759866.126422,0.128280418425399,0.141677371994861,0.0449623784180584,0.276931547072857,0.122040741420444,0.28610754266838
280273.411807,2759866.126422,0.0953603520997616,0.0458463231248854,0.0374105996699065,0.372272143774069,0.168897854392078,0.280212726939299
280773.411807,2759866.126422,0.0954737035000916,0.127542605827378,0.0714678394722375,0.194612424409016,0.154113982041415,0.356789444749863
281273.411807,2759866.126422,0.117636263534593,0.133786015782712,0.000183519911910442,0.0258763075793724,0.187373830060562,0.53514406313085
281773.411807,2759866.126422,0.264624977076838,0.0344764349899138,0.000366770584999083,0.0146708233999633,0.135338345864662,0.550522648083624
282273.411807,2759866.126422,0.192963166575041,0.0996884735202492,0.053142752428074,0.0447132123877588,0.177753344328386,0.431739050760491
282773.411807,2759866.126422,0.314920168838319,0.0473481372728941,0,0.0293631859056708,0.146265369792623,0.462103138190494
283273.411807,2759866.126422,0.221346048046947,0.0445626260773886,0.0066018705299835,0.223363286264442,0.280212726939299,0.22391344214194
