"x","y","forest","agri","water","built","other","grass"
237273.411807,2585366.126422,0.896221094190637,0.00253807106598985,0,0.000846023688663283,0.00197405527354766,0.0984207557811619
237773.411807,2585366.126422,0.892844036697248,0.00440366972477064,0,0.00440366972477064,0.0119266055045872,0.0864220183486239
238273.411807,2585366.126422,0.828104934874335,0.00568702990277013,0.00366905155017428,0.0262337185837461,0.0280682443588332,0.108237020730141
238773.411807,2585366.126422,0.927838827838828,0.000732600732600733,0,0.000183150183150183,0.0010989010989011,0.0701465201465201
239273.411807,2585366.126422,0.913761467889908,0.00036697247706422,0,0,0,0.0858715596330275
239773.411807,2585366.126422,0.397725188038892,0,0,0,0,0.602274811961108
240273.411807,2585366.126422,0.926373626373626,0,0,0.00201465201465201,0.000915750915750916,0.0706959706959707
240773.411807,2585366.126422,0.932660550458716,0,0,0,0.000917431192660551,0.0664220183486239
241273.411807,2585366.126422,0.651807007888461,0.00642084021280499,0.00146762062006971,0.123280132085856,0.0465969546872134,0.170427444505595
241773.411807,2585366.126422,0.602930402930403,0.0177655677655678,0.0172161172161172,0.114835164835165,0.0384615384615385,0.208791208791209
242273.411807,2585366.126422,0.627155963302752,0.035045871559633,0.0198165137614679,0.0332110091743119,0.0495412844036697,0.235229357798165
242773.411807,2585366.126422,0.82168409466153,0.080168776371308,0,0.001284168042561,0.00642084021280499,0.090442120711796
243273.411807,2585366.126422,0.450549450549451,0.0285714285714286,0.0842490842490843,0.219047619047619,0.0432234432234432,0.174358974358974
243773.411807,2585366.126422,0.766605504587156,0.0275229357798165,0.06,0.0284403669724771,0.0328440366972477,0.0845871559633028
244273.411807,2585366.126422,0.884241423592001,0.00440286186020914,0.00201797835259585,0.0119244175380664,0.023115024766098,0.0742982938910292
244773.411807,2585366.126422,0.991208791208791,0,0,0,0,0.00879120879120879
245273.411807,2585366.126422,0.959266055045872,0.00238532110091743,0,0,0.00055045871559633,0.0377981651376147
245773.411807,2585366.126422,0.826086956521739,0.0332049165290772,0.000366905155017428,0.00330214639515685,0.01284168042561,0.124197394973399
246273.411807,2585366.126422,0.851465201465201,0.0021978021978022,0,0,0,0.146336996336996
246773.411807,2585366.126422,0.964036697247706,0,0,0,0,0.0359633027522936
247273.411807,2585366.126422,0.862410566868465,0.0288020546688681,0,0.00807191341038342,0.0214639515685195,0.0792515134837644
247773.411807,2585366.126422,0.857142857142857,0.00384615384615385,0,0,0.00347985347985348,0.135531135531136
248273.411807,2585366.126422,0.832110091743119,0.00330275229357798,0,0,0.00018348623853211,0.164403669724771
248773.411807,2585366.126422,0.337736195193542,0.00385250412768299,0.000550357732526142,0.00623738763529628,0.010273344340488,0.641350210970464
249273.411807,2585366.126422,0.808241758241758,0.000366300366300366,0,0.000183150183150183,0.000183150183150183,0.191025641025641
249773.411807,2585366.126422,0.940816326530612,0.00278293135435993,0,0.000556586270871985,0.0038961038961039,0.051948051948052
237273.411807,2584866.126422,0.896532280800677,0.0033831406822667,0,0,0,0.100084578517057
237773.411807,2584866.126422,0.995238095238095,0.000732600732600733,0,0,0,0.00402930402930403
238273.411807,2584866.126422,0.715201465201465,0.0106227106227106,0.00512820512820513,0.0745421245421245,0.0565934065934066,0.137912087912088
238773.411807,2584866.126422,0.834983498349835,0.00256692335900257,0.000366703337000367,0.0146681334800147,0.0232856618995233,0.124129079574624
239273.411807,2584866.126422,0.896886446886447,0.00457875457875458,0,0.00567765567765568,0.0173992673992674,0.0754578754578755
239773.411807,2584866.126422,0.669230769230769,0.0043956043956044,0,0.0152014652014652,0.0472527472527473,0.263919413919414
240273.411807,2584866.126422,0.738173817381738,0.000916758342500917,0,0.0377704437110378,0.0381371470480381,0.185001833516685
240773.411807,2584866.126422,0.836446886446886,0.000183150183150183,0,0.0227106227106227,0.0172161172161172,0.123443223443223
241273.411807,2584866.126422,0.842124542124542,0.00421245421245421,0,0.0186813186813187,0.0141025641025641,0.120879120879121
241773.411807,2584866.126422,0.551705170517052,0.0146681334800147,0.00788412174550788,0.125779244591126,0.121745507884122,0.178217821782178
242273.411807,2584866.126422,0.836446886446886,0.00879120879120879,0.00347985347985348,0.0157509157509158,0.030952380952381,0.104578754578755
242773.411807,2584866.126422,0.772344322344322,0.0600732600732601,0,0.000366300366300366,0.00293040293040293,0.164285714285714
243273.411807,2584866.126422,0.928859552621929,0.00476714338100477,0,0.0033003300330033,0.00366703337000367,0.0594059405940594
243773.411807,2584866.126422,0.976923076923077,0,0,0,0,0.0230769230769231
244273.411807,2584866.126422,0.971428571428571,0.000915750915750916,0,0,0,0.0276556776556777
244773.411807,2584866.126422,0.834066740007334,0.0121012101210121,0.00183351668500183,0.0121012101210121,0.0242024202420242,0.115694902823616
245273.411807,2584866.126422,0.982783882783883,0,0,0,0.0010989010989011,0.0161172161172161
245773.411807,2584866.126422,0.765018315018315,0,0,0,0,0.234981684981685
246273.411807,2584866.126422,0.496516318298497,0,0,0.0011001100110011,0.00183351668500183,0.500550055005501
246773.411807,2584866.126422,0.858608058608059,0.000366300366300366,0,0,0,0.141025641025641
247273.411807,2584866.126422,0.87032967032967,0.0368131868131868,0,0,0.000183150183150183,0.0926739926739927
247773.411807,2584866.126422,0.830583058305831,0.00348368170150348,0.000366703337000367,0.00165016501650165,0.0088008800880088,0.155115511551155
248273.411807,2584866.126422,0.800915750915751,0.00366300366300366,0.000183150183150183,0.000183150183150183,0.0043956043956044,0.190659340659341
248773.411807,2584866.126422,0.38040293040293,0.0021978021978022,0,0.0197802197802198,0.0113553113553114,0.586263736263736
249273.411807,2584866.126422,0.604693802713605,0.0225522552255226,0.0128346167950128,0.0878254492115878,0.0575724239090576,0.214521452145215
249773.411807,2584866.126422,0.82789922193405,0.00926268988514265,0,0,0.000926268988514265,0.161911819192293
237273.411807,2584366.126422,0.950338600451467,0.00225733634311512,0,0,0,0.0474040632054176
237773.411807,2584366.126422,0.986970086254359,0.00110111947146265,0,0,0,0.0119287942741787
238273.411807,2584366.126422,0.917476618375206,0.0100861910874748,0,0.00201723821749496,0.00623509994498441,0.0641848523748395
238773.411807,2584366.126422,0.723291185633132,0.026571376214037,0.0509437419827744,0.0410481949789262,0.0582737768004398,0.0998717243906908
239273.411807,2584366.126422,0.856487428886034,0.00752431638832813,0,0.000367039823820885,0.00110111947146265,0.134520095430354
239773.411807,2584366.126422,0.439024390243902,0.0196222262974509,0.039611223179901,0.240418118466899,0.118833669539703,0.142490372272144
240273.411807,2584366.126422,0.442184350375664,0.0174088326919553,0.0108118013560564,0.0822796408282939,0.0969397104636247,0.350375664284405
240773.411807,2584366.126422,0.653330886401175,0.00422095797394017,0.000550559735731327,0.0524866948063865,0.0923105156909525,0.197100385391815
241273.411807,2584366.126422,0.796992481203007,0.00311754997249221,0.000916926462497708,0.046396479002384,0.0350265908674124,0.117549972492206
241773.411807,2584366.126422,0.542789078248122,0.0487447315374748,0.0734835990470955,0.064687557265897,0.110683525746747,0.159611508154664
242273.411807,2584366.126422,0.948063864929345,0.000734079647641769,0,0,0,0.0512020554230134
242773.411807,2584366.126422,0.958004768017605,0.00330093526499175,0,0.000183385292499542,0.000366770584999083,0.0381441408399046
243273.411807,2584366.126422,0.888949972512369,0.00128275609309144,0,0,0.000183250870441635,0.109584020524097
243773.411807,2584366.126422,0.872086621398422,0.000550559735731327,0,0,0,0.127362818865847
244273.411807,2584366.126422,0.938932697597653,0,0,0,0,0.0610673024023473
244773.411807,2584366.126422,0.961700568077698,0.00146600696353308,0.00128275609309144,0.00293201392706615,0.00238226131574125,0.0302363936228697
245273.411807,2584366.126422,0.700495503762158,0.0322995044962378,0.0278950266103872,0.051018535511103,0.0673518076711323,0.120939621948981
245773.411807,2584366.126422,0.813497157527966,0.000916926462497708,0,0.00458463231248854,0.0150375939849624,0.165963689712085
246273.411807,2584366.126422,0.839105735752245,0.00623052959501558,0,0,0,0.15466373465274
246773.411807,2584366.126422,0.633327216002936,0.00623967700495504,0,0.00201871903101487,0.0130299137456414,0.345384474215452
247273.411807,2584366.126422,0.507610489638731,0.0665688611773336,0.00696864111498258,0.00238400880249404,0.004401247019989,0.41206675224647
247773.411807,2584366.126422,0.851566794942276,0.00659703133589885,0,0,0.00164925783397471,0.14018691588785
248273.411807,2584366.126422,0.815195448706185,0.0227564690768948,0.000367039823820885,0.000917599559552211,0.00770783630023858,0.153055606533309
248773.411807,2584366.126422,0.308270676691729,0,0,0.00641848523748395,0.00861910874747845,0.676691729323308
249273.411807,2584366.126422,0.355506688656771,0.00458127176104087,0.000733003481766538,0.0489279824079164,0.028587135788895,0.56166391790361
249773.411807,2584366.126422,0.848951568008907,0.00946372239747634,0.00092781592132121,0.0170718129523103,0.0285767303766933,0.0950083503432919
237273.411807,2583866.126422,0.901015228426396,0.000282007896221094,0,0.000282007896221094,0.00169204737732657,0.0967287084038353
237773.411807,2583866.126422,0.733577981651376,0,0,0,0,0.266422018348624
238273.411807,2583866.126422,0.719684461566685,0.0132085855806274,0,0.00568702990277013,0.0091726288754357,0.252247294074482
238773.411807,2583866.126422,0.648901098901099,0.0562271062271062,0.137912087912088,0.05,0.0228937728937729,0.0840659340659341
239273.411807,2583866.126422,0.64256880733945,0.0212844036697248,0.00458715596330275,0.00495412844036697,0.0194495412844037,0.307155963302752
239773.411807,2583866.126422,0.784810126582278,0.00715465052283985,0.0337552742616034,0.0361401577692167,0.0418271876719868,0.0963126031920749
240273.411807,2583866.126422,0.781684981684982,0.000366300366300366,0,0.000549450549450549,0.00183150183150183,0.215567765567766
240773.411807,2583866.126422,0.786788990825688,0.00293577981651376,0.00018348623853211,0.011743119266055,0.018348623853211,0.18
241273.411807,2583866.126422,0.689414786277747,0.00880572372041827,0.00091726288754357,0.072463768115942,0.0469638598422308,0.181434599156118
241773.411807,2583866.126422,0.265934065934066,0.0639194139194139,0.302380952380952,0.0756410256410256,0.120695970695971,0.171428571428571
242273.411807,2583866.126422,0.669724770642202,0.0256880733944954,0.063302752293578,0.0288073394495413,0.0644036697247706,0.148073394495413
242773.411807,2583866.126422,0.94716565767749,0.00220143093010457,0,0,0,0.0506329113924051
243273.411807,2583866.126422,0.925457875457876,0.00549450549450549,0,0,0.000183150183150183,0.0688644688644689
243773.411807,2583866.126422,0.658348623853211,0,0,0,0.00055045871559633,0.341100917431193
244273.411807,2583866.126422,0.837644468904788,0,0,0,0,0.162355531095212
244773.411807,2583866.126422,0.952564102564103,0.000183150183150183,0,0.000732600732600733,0.00128205128205128,0.0452380952380952
245273.411807,2583866.126422,0.813211009174312,0.024954128440367,0.00256880733944954,0.0194495412844037,0.0344954128440367,0.105321100917431
245773.411807,2583866.126422,0.852137222527977,0.023115024766098,0.000183452577508714,0.002568336085122,0.00825536598789213,0.113740598055403
246273.411807,2583866.126422,0.886630036630037,0.000915750915750916,0,0.00842490842490842,0.00952380952380952,0.0945054945054945
246773.411807,2583866.126422,0.649908256880734,0.00238532110091743,0,0.00018348623853211,0.0018348623853211,0.345688073394495
247273.411807,2583866.126422,0.629242340854889,0.00330214639515685,0.000733810310034856,0.00440286186020914,0.020546688680976,0.341772151898734
247773.411807,2583866.126422,0.781318681318681,0.0527472527472527,0.00366300366300366,0.00238095238095238,0.0166666666666667,0.143223443223443
248273.411807,2583866.126422,0.641467889908257,0.119449541284404,0.0143119266055046,0.00238532110091743,0.0286238532110092,0.193761467889908
248773.411807,2583866.126422,0.211704274445056,0.0152265639332233,0,0.0267840763162722,0.0972298660796184,0.64905521922583
249273.411807,2583866.126422,0.447985347985348,0.00366300366300366,0.00128205128205128,0.0423076923076923,0.0252747252747253,0.47948717948718
249773.411807,2583866.126422,0.500185528756957,0.0103896103896104,0,0.0463821892393321,0.0415584415584416,0.401484230055659
237273.411807,2583366.126422,0.972934874541866,0.00592049619396673,0,0,0.00112771356075557,0.0200169157034113
237773.411807,2583366.126422,0.899084249084249,0.000915750915750916,0,0.000183150183150183,0.000366300366300366,0.0994505494505494
238273.411807,2583366.126422,0.687912087912088,0.00659340659340659,0,0,0,0.305494505494506
238773.411807,2583366.126422,0.716538320498717,0.0066006600660066,0.00128346167950128,0,0,0.275577557755776
239273.411807,2583366.126422,0.870512820512821,0,0,0,0,0.129487179487179
239773.411807,2583366.126422,0.891758241758242,0,0,0,0.0010989010989011,0.107142857142857
240273.411807,2583366.126422,0.883388338833883,0,0,0,0,0.116611661166117
240773.411807,2583366.126422,0.723809523809524,0.028021978021978,0.00384615384615385,0.0108058608058608,0.0152014652014652,0.218315018315018
241273.411807,2583366.126422,0.683516483516484,0.080952380952381,0.0153846153846154,0.0465201465201465,0.0206959706959707,0.152930402930403
241773.411807,2583366.126422,0.370737073707371,0.0942427576090942,0.332783278327833,0.015034836817015,0.0421708837550422,0.145031169783645
242273.411807,2583366.126422,0.806776556776557,0.0335164835164835,0.0122710622710623,0.00750915750915751,0.0217948717948718,0.118131868131868
242773.411807,2583366.126422,0.912820512820513,0.019047619047619,0,0,0.0010989010989011,0.067032967032967
243273.411807,2583366.126422,0.837183718371837,0,0,0,0,0.162816281628163
243773.411807,2583366.126422,0.662454212454212,0,0,0,0,0.337545787545788
244273.411807,2583366.126422,0.755677655677656,0.0168498168498168,0,0,0,0.227472527472527
244773.411807,2583366.126422,0.785845251191786,0.00385038503850385,0,0,0,0.21030436376971
245273.411807,2583366.126422,0.841941391941392,0.000732600732600733,0,0.0217948717948718,0.0146520146520147,0.120879120879121
245773.411807,2583366.126422,0.843589743589744,0.00128205128205128,0,0.00567765567765568,0.00934065934065934,0.14010989010989
246273.411807,2583366.126422,0.885221855518885,0.0102676934360103,0,0.000366703337000367,0.00165016501650165,0.102493582691602
246773.411807,2583366.126422,0.771062271062271,0.00824175824175824,0.000366300366300366,0.00714285714285714,0.00824175824175824,0.204945054945055
247273.411807,2583366.126422,0.481684981684982,0.0481684981684982,0,0.00695970695970696,0.0745421245421245,0.388644688644689
247773.411807,2583366.126422,0.14044737807114,0.134580124679135,0.000366703337000367,0.00183351668500183,0.0264026402640264,0.696369636963696
248273.411807,2583366.126422,0.0543956043956044,0.0624542124542125,0.00366300366300366,0.0227106227106227,0.115201465201465,0.741575091575092
248773.411807,2583366.126422,0.258424908424908,0.0021978021978022,0,0.0249084249084249,0.0723443223443224,0.642124542124542
249273.411807,2583366.126422,0.415291529152915,0,0,0.00696736340300697,0.0229189585625229,0.554822148881555
249773.411807,2583366.126422,0.559281215264913,0,0,0.000555761393108559,0.00166728417932568,0.438495739162653
237273.411807,2582866.126422,0.801354401805869,0.0248306997742664,0.000564334085778781,0.012979683972912,0.0496613995485327,0.110609480812641
237773.411807,2582866.126422,0.887685813910809,0.0132134336575518,0,0,0,0.0991007524316388
238273.411807,2582866.126422,0.750596002200624,0,0,0,0,0.249403997799376
238773.411807,2582866.126422,0.875389408099688,0,0,0.0139270661535642,0.0102620487447315,0.100421477002016
239273.411807,2582866.126422,0.9543035419343,0,0,0,0,0.0456964580657001
239773.411807,2582866.126422,0.876948468732808,0.00733541169998166,0,0.00165046763249587,0.00348432055749129,0.110581331377224
240273.411807,2582866.126422,0.833058457027671,0.000733003481766538,0,0.00109950522264981,0.00513102437236577,0.159978009895547
240773.411807,2582866.126422,0.581207561020371,0.00880895577170123,0.00330335841438796,0.0671682877592219,0.0225729491649844,0.316938887869334
241273.411807,2582866.126422,0.696864111498258,0.00586832935998533,0.00733541169998166,0.0478635613423803,0.0535485054098661,0.188520080689529
241773.411807,2582866.126422,0.864577606743632,0.00274876305662452,0,0,0.000183250870441635,0.132490379329302
242273.411807,2582866.126422,0.937052670214718,0,0,0.000183519911910442,0.000734079647641769,0.0620297302257295
242773.411807,2582866.126422,0.927562809462681,0,0,0,0,0.0724371905373189
243273.411807,2582866.126422,0.745098039215686,0,0,0,0,0.254901960784314
243773.411807,2582866.126422,0.736832446320426,0,0,0,0,0.263167553679574
244273.411807,2582866.126422,0.486887951586283,0,0,0,0,0.513112048413717
244773.411807,2582866.126422,0.297599413597215,0.00274876305662452,0.00274876305662452,0.214220267546271,0.0480117280557083,0.434671064687557
245273.411807,2582866.126422,0.559185171591118,0.00532207744540283,0.0214718296935217,0.196916865479905,0.0765278032666544,0.140576252523399
245773.411807,2582866.126422,0.822849807445443,0.00330093526499175,0.00165046763249587,0.0159545204474601,0.0221896203924445,0.134054648817165
246273.411807,2582866.126422,0.762873373648525,0.00403151914971596,0,0.0157595748579806,0.0276708814366868,0.189664650907092
246773.411807,2582866.126422,0.895393650211048,0.000550559735731327,0,0.00275279867865663,0.00568911726922371,0.0956138741053404
247273.411807,2582866.126422,0.536401980561159,0.0053181734824867,0.00935264991747662,0.0183385292499542,0.0520814230698698,0.378507243719054
247773.411807,2582866.126422,0.157778999450247,0.00458127176104087,0,0.00238226131574125,0.00824628916987356,0.827011178303097
248273.411807,2582866.126422,0.525233987887686,0,0,0.000917599559552211,0.00605615709304459,0.467792255459717
248773.411807,2582866.126422,0.470016504676325,0,0,0.00733541169998166,0.0190720704199523,0.503576013203741
249273.411807,2582866.126422,0.328568810701851,0.000549752611324904,0,0.000916254352208173,0.00293201392706615,0.66703316840755
249773.411807,2582866.126422,0.624791241417703,0.000371126368528484,0,0.0022267582111709,0.00593802189645574,0.366672852106142
237273.411807,2582366.126422,0.908065425831923,0.0406091370558376,0,0,0,0.0513254371122391
237773.411807,2582366.126422,0.952293577981651,0.0018348623853211,0,0,0,0.0458715596330275
238273.411807,2582366.126422,0.873784626674005,0,0,0,0,0.126215373325995
238773.411807,2582366.126422,0.857142857142857,0,0,0.00366300366300366,0.0021978021978022,0.136996336996337
239273.411807,2582366.126422,0.950275229357798,0.00036697247706422,0,0.00788990825688073,0.00715596330275229,0.0343119266055046
239773.411807,2582366.126422,0.516602458264539,0.00146762062006971,0.00091726288754357,0.278847917813245,0.0416437350944781,0.160521005320125
240273.411807,2582366.126422,0.453296703296703,0,0,0.0021978021978022,0.0408424908424908,0.503663003663004
240773.411807,2582366.126422,0.628990825688073,0.00238532110091743,0.00238532110091743,0.10954128440367,0.0247706422018349,0.231926605504587
241273.411807,2582366.126422,0.245826453861677,0.0253164556962025,0.146578609429462,0.266923500275179,0.130434782608696,0.184920198128784
241773.411807,2582366.126422,0.603296703296703,0.00512820512820513,0,0.0278388278388278,0.0622710622710623,0.301465201465201
242273.411807,2582366.126422,0.836146788990826,0,0,0.00330275229357798,0.0106422018348624,0.149908256880734
242773.411807,2582366.126422,0.944230416437351,0,0,0,0,0.0557695835626491
243273.411807,2582366.126422,0.929120879120879,0.00238095238095238,0,0,0.000366300366300366,0.0681318681318681
243773.411807,2582366.126422,0.872110091743119,0.00348623853211009,0,0,0,0.124403669724771
244273.411807,2582366.126422,0.661713447073931,0,0,0,0.000366905155017428,0.337919647771051
244773.411807,2582366.126422,0.825824175824176,0.000915750915750916,0,0.00384615384615385,0.00512820512820513,0.164285714285714
245273.411807,2582366.126422,0.634128440366972,0.00715596330275229,0.00036697247706422,0.176697247706422,0.0473394495412844,0.134311926605505
245773.411807,2582366.126422,0.77031737295909,0.00146762062006971,0.00825536598789213,0.0335718216840947,0.0266006237387635,0.15978719501009
246273.411807,2582366.126422,0.82985347985348,0.0157509157509158,0,0.00402930402930403,0.0117216117216117,0.138644688644689
246773.411807,2582366.126422,0.838165137614679,0.00440366972477064,0.00055045871559633,0.0315596330275229,0.0122935779816514,0.11302752293578
247273.411807,2582366.126422,0.531095211887727,0.00330214639515685,0.00550357732526142,0.0792515134837644,0.0302696752889378,0.350577875619152
247773.411807,2582366.126422,0.0934065934065934,0,0,0.000915750915750916,0.00384615384615385,0.901831501831502
248273.411807,2582366.126422,0.614495412844037,0.000917431192660551,0,0.00018348623853211,0.0018348623853211,0.38256880733945
248773.411807,2582366.126422,0.365620986974867,0,0,0.000366905155017428,0.000366905155017428,0.633645202715098
249273.411807,2582366.126422,0.379487179487179,0,0,0.000183150183150183,0.000366300366300366,0.61996336996337
249773.411807,2582366.126422,0.617254174397032,0.00723562152133581,0.000556586270871985,0.011873840445269,0.0126159554730983,0.350463821892393
237273.411807,2581866.126422,0.89314914011841,0,0,0,0,0.10685085988159
237773.411807,2581866.126422,0.876373626373626,0,0,0.00659340659340659,0.00915750915750916,0.107875457875458
238273.411807,2581866.126422,0.884432234432234,0.0010989010989011,0,0.0155677655677656,0.0192307692307692,0.0796703296703297
238773.411807,2581866.126422,0.629446277961129,0.00586725339200587,0,0.0731573157315732,0.102676934360103,0.188852218555189
239273.411807,2581866.126422,0.899267399267399,0.00384615384615385,0,0.00805860805860806,0.0159340659340659,0.0728937728937729
239773.411807,2581866.126422,0.462820512820513,0.0106227106227106,0.0115384615384615,0.245970695970696,0.0853479853479854,0.183699633699634
240273.411807,2581866.126422,0.635863586358636,0.0595892922625596,0.00421708837550422,0.0676567656765677,0.0390539053905391,0.193619361936194
240773.411807,2581866.126422,0.527838827838828,0.0487179487179487,0.00879120879120879,0.0855311355311355,0.0604395604395604,0.268681318681319
241273.411807,2581866.126422,0.563553113553114,0.0402930402930403,0.0298534798534799,0.158974358974359,0.0327838827838828,0.174542124542125
241773.411807,2581866.126422,0.369453612027869,0.00623395672900623,0.0249358269160249,0.276310964429776,0.0683901723505684,0.254675467546755
242273.411807,2581866.126422,0.534798534798535,0.0276556776556777,0.0106227106227106,0.192673992673993,0.0228937728937729,0.211355311355311
242773.411807,2581866.126422,0.824175824175824,0.0302197802197802,0.000183150183150183,0.000732600732600733,0.000183150183150183,0.144505494505494
243273.411807,2581866.126422,0.865603226989366,0,0,0,0,0.134396773010634
243773.411807,2581866.126422,0.904945054945055,0,0,0,0,0.0950549450549451
244273.411807,2581866.126422,0.934065934065934,0.000183150183150183,0,0.000366300366300366,0.0010989010989011,0.0642857142857143
244773.411807,2581866.126422,0.922992299229923,0.000183351668500183,0,0.0066006600660066,0.00825082508250825,0.061972863953062
245273.411807,2581866.126422,0.781135531135531,0.000915750915750916,0,0.039010989010989,0.0183150183150183,0.160622710622711
245773.411807,2581866.126422,0.58003663003663,0.0148351648351648,0.0362637362637363,0.0913919413919414,0.0716117216117216,0.205860805860806
246273.411807,2581866.126422,0.785111844517785,0.0165016501650165,0.0650898423175651,0.0163182984965163,0.0192519251925193,0.0977264393105977
246773.411807,2581866.126422,0.688461538461538,0.0435897435897436,0.0391941391941392,0.0507326007326007,0.0276556776556777,0.1503663003663
247273.411807,2581866.126422,0.448901098901099,0.0351648351648352,0.134798534798535,0.119230769230769,0.0692307692307692,0.192673992673993
247773.411807,2581866.126422,0.0951595159515952,0.000183351668500183,0.0022002200220022,0.00421708837550422,0.0088008800880088,0.889438943894389
248273.411807,2581866.126422,0.483333333333333,0.0021978021978022,0.000183150183150183,0.0243589743589744,0.015018315018315,0.474908424908425
248773.411807,2581866.126422,0.698534798534798,0.00805860805860806,0.000366300366300366,0.0424908424908425,0.0232600732600733,0.227289377289377
249273.411807,2581866.126422,0.556288962229556,0,0,0,0,0.443711037770444
249773.411807,2581866.126422,0.712115598369767,0.00611337532419415,0.000185253797702853,0.00592812152649129,0.0135235272323083,0.262134123749537
237273.411807,2581366.126422,0.863431151241535,0,0,0,0,0.136568848758465
237773.411807,2581366.126422,0.679757753716278,0.00146815929528354,0.000550559735731327,0.0596439713708937,0.0567076527803267,0.201871903101487
238273.411807,2581366.126422,0.92407848890519,0.00385109114249037,0,0.000183385292499542,0.00128369704749679,0.0706033376123235
238773.411807,2581366.126422,0.995052226498076,0,0,0,0,0.00494777350192413
239273.411807,2581366.126422,0.992842723435493,0,0,0,0,0.00715727656450725
239773.411807,2581366.126422,0.90005501558775,0.00165046763249587,0,0.00403447643498991,0.0100861910874748,0.0841738492572896
240273.411807,2581366.126422,0.824628916987356,0.0186915887850467,0,0.00329851566794942,0.0133773135422393,0.140003665017409
240773.411807,2581366.126422,0.58928243714443,0.00844191594788034,0,0.188474949532024,0.155441365388145,0.0583593319875206
241273.411807,2581366.126422,0.166697230882083,0.00201723821749496,0,0.728406381808179,0.0434623143223913,0.0594168347698515
241773.411807,2581366.126422,0.068719076415613,0.0575407733186733,0.120945574491479,0.457577423492762,0.0967564595931831,0.19846069268829
242273.411807,2581366.126422,0.0508350155991925,0.0282620664342081,0.0627638098733713,0.538630941457148,0.14920168838319,0.17030647825289
242773.411807,2581366.126422,0.554740509811113,0.0022006235099945,0.00880249403997799,0.0625343847423437,0.0768384375573079,0.294883550339263
243273.411807,2581366.126422,0.758292101887484,0.00824628916987356,0.0047645226314825,0.0344511636430273,0.0370166758292102,0.157229246838922
243773.411807,2581366.126422,0.924206276380987,0.00275279867865663,0,0.00165167920719398,0.00697375665259681,0.0644154890805652
244273.411807,2581366.126422,0.997799376490005,0,0,0,0,0.0022006235099945
244773.411807,2581366.126422,0.984423676012461,0,0,0,0,0.0155763239875389
245273.411807,2581366.126422,0.267755551477335,0.0183519911910442,0.00513855753349238,0.434575151403927,0.0743255643237291,0.199853184070472
245773.411807,2581366.126422,0.854208692462864,0.000916926462497708,0.00183385292499542,0.0188886851274528,0.00788556757748029,0.116266275444709
246273.411807,2581366.126422,0.819681143485432,0.00146600696353308,0.00238226131574125,0.0251053692505039,0.0214403518416712,0.129924867143119
246773.411807,2581366.126422,0.753532758304276,0.00679023674068636,0.0211047898697009,0.0337676637915214,0.0548724536612222,0.129932097632593
247273.411807,2581366.126422,0.695030258573262,0.00330093526499175,0.0194388410049514,0.121401063634696,0.0330093526499175,0.12781954887218
247773.411807,2581366.126422,0.347993402968664,0.00109950522264981,0.000366501740883269,0.034084661902144,0.0258383727322705,0.590617555433388
248273.411807,2581366.126422,0.169021838869517,0.000917599559552211,0,0.000183519911910442,0.000550559735731327,0.829326481923289
248773.411807,2581366.126422,0.750229231615624,0.000183385292499542,0,0.000183385292499542,0.00348432055749129,0.245919677241885
249273.411807,2581366.126422,0.754260582737768,0.000366501740883269,0,0,0.000366501740883269,0.245006413780465
249773.411807,2581366.126422,0.856559658563741,0,0,0,0,0.143440341436259
237273.411807,2580866.126422,0.265933446136492,0.00310208685843204,0.000282007896221094,0.0984207557811619,0.0657078398195149,0.566553863508178
237773.411807,2580866.126422,0.476880733944954,0.00880733944954129,0.0809174311926606,0.0858715596330275,0.128073394495413,0.219449541284404
238273.411807,2580866.126422,0.66042927903137,0.000550357732526142,0.00678774536782242,0.0631076866629976,0.0445789763346175,0.224545954870666
238773.411807,2580866.126422,0.940659340659341,0,0,0,0,0.0593406593406593
239273.411807,2580866.126422,0.945504587155963,0.00165137614678899,0,0.00422018348623853,0.0073394495412844,0.0412844036697248
239773.411807,2580866.126422,0.941111722619703,0.00165107319757843,0,0,0.000183452577508714,0.0570537516052101
240273.411807,2580866.126422,0.755677655677656,0.000915750915750916,0,0.0177655677655678,0.0347985347985348,0.190842490842491
240773.411807,2580866.126422,0.203302752293578,0.00055045871559633,0,0.355779816513761,0.241284403669725,0.199082568807339
241273.411807,2580866.126422,0.397725188038892,0.0091726288754357,0.00293524124013942,0.407631627224363,0.0409099247844432,0.141625389836727
241773.411807,2580866.126422,0.58021978021978,0.0181318681318681,0,0.185714285714286,0.0252747252747253,0.190659340659341
242273.411807,2580866.126422,0.0700917431192661,0.0119266055045872,0.058348623853211,0.765871559633028,0.0447706422018349,0.0489908256880734
242773.411807,2580866.126422,0.404146028251697,0.130618235186204,0.0304531278664465,0.0876903320491653,0.119611080535682,0.227481196110805
243273.411807,2580866.126422,0.696703296703297,0.0793040293040293,0.00604395604395604,0.000732600732600733,0.0183150183150183,0.198901098901099
243773.411807,2580866.126422,0.963669724770642,0.00330275229357798,0,0,0.00018348623853211,0.0328440366972477
244273.411807,2580866.126422,0.80168776371308,0.00201797835259585,0,0.125298110438452,0.0480645753072831,0.0229315721885892
244773.411807,2580866.126422,0.902014652014652,0.000915750915750916,0,0.0331501831501832,0.0153846153846154,0.0485347985347985
245273.411807,2580866.126422,0.728807339449541,0.0018348623853211,0,0.0706422018348624,0.0227522935779817,0.175963302752294
245773.411807,2580866.126422,0.689598238855256,0.0190790680609063,0.0443955237571088,0.112456430012842,0.0284351495138507,0.106035589800037
246273.411807,2580866.126422,0.715384615384615,0.0265567765567766,0.0250915750915751,0.0793040293040293,0.0265567765567766,0.127106227106227
246773.411807,2580866.126422,0.424220183486239,0.0132110091743119,0.0280733944954128,0.32697247706422,0.0693577981651376,0.138165137614679
247273.411807,2580866.126422,0.598055402678408,0.00990643918547056,0.0225646670335718,0.106585947532563,0.0493487433498441,0.213538800220143
247773.411807,2580866.126422,0.525641025641026,0.00402930402930403,0.0119047619047619,0.16959706959707,0.0846153846153846,0.204212454212454
248273.411807,2580866.126422,0.731743119266055,0.00165137614678899,0,0.00165137614678899,0.0073394495412844,0.257614678899083
248773.411807,2580866.126422,0.810676940011007,0,0,0,0,0.189323059988993
249273.411807,2580866.126422,0.886263736263736,0.00421245421245421,0,0.00384615384615385,0.00531135531135531,0.1003663003663
249773.411807,2580866.126422,0.84025974025974,0.00333951762523191,0,0.00408163265306122,0.00593692022263451,0.146382189239332
237273.411807,2580366.126422,0.520721736678884,0.000281928390188892,0.00140964195094446,0.115872568367635,0.0510290386241895,0.310685085988159
237773.411807,2580366.126422,0.332417582417582,0.00146520146520147,0.104945054945055,0.267032967032967,0.0789377289377289,0.215201465201465
238273.411807,2580366.126422,0.736446886446886,0.000732600732600733,0,0.0177655677655678,0.0181318681318681,0.226923076923077
238773.411807,2580366.126422,0.836450311697836,0.000366703337000367,0,0.00678401173450678,0.0163182984965163,0.14008067473414
239273.411807,2580366.126422,0.742673992673993,0.0021978021978022,0.0173992673992674,0.0974358974358974,0.0313186813186813,0.108974358974359
239773.411807,2580366.126422,0.863186813186813,0,0,0.000549450549450549,0.000183150183150183,0.136080586080586
240273.411807,2580366.126422,0.797946461312798,0,0,0,0,0.202053538687202
240773.411807,2580366.126422,0.491391941391941,0.00934065934065934,0,0.238461538461538,0.0798534798534798,0.180952380952381
241273.411807,2580366.126422,0.549267399267399,0.000549450549450549,0,0.274542124542125,0.0274725274725275,0.148168498168498
241773.411807,2580366.126422,0.0909424275760909,0.00201686835350202,0.00238357169050238,0.705903923725706,0.0485881921525486,0.15016501650165
242273.411807,2580366.126422,0.441758241758242,0.0527472527472527,0.117765567765568,0.275824175824176,0.0122710622710623,0.0996336996336996
242773.411807,2580366.126422,0.622710622710623,0.128754578754579,0.00732600732600733,0.0434065934065934,0.0796703296703297,0.118131868131868
243273.411807,2580366.126422,0.838283828382838,0.0867253392005867,0,0.00128346167950128,0.00733406674000733,0.0663733039970664
243773.411807,2580366.126422,0.911172161172161,0.0179487179487179,0.00164835164835165,0,0.0021978021978022,0.067032967032967
244273.411807,2580366.126422,0.962637362637363,0,0,0.000366300366300366,0.000732600732600733,0.0362637362637363
244773.411807,2580366.126422,0.511367803447011,0.00403373670700403,0,0.407040704070407,0.0280528052805281,0.0495049504950495
245273.411807,2580366.126422,0.158058608058608,0.00641025641025641,0.0108058608058608,0.701831501831502,0.0435897435897436,0.0793040293040293
245773.411807,2580366.126422,0.931318681318681,0.00402930402930403,0.000183150183150183,0.000366300366300366,0.00366300366300366,0.0604395604395604
246273.411807,2580366.126422,0.375687568756876,0.0348368170150348,0.0113678034470114,0.295196186285295,0.0495049504950495,0.233406674000733
246773.411807,2580366.126422,0.165750915750916,0.0146520146520147,0.148351648351648,0.49981684981685,0.0619047619047619,0.10952380952381
247273.411807,2580366.126422,0.777655677655678,0.000915750915750916,0.00274725274725275,0.0454212454212454,0.0437728937728938,0.129487179487179
247773.411807,2580366.126422,0.813164649798313,0.00495049504950495,0.00055005500550055,0.0265859919325266,0.0225522552255226,0.132196552988632
248273.411807,2580366.126422,0.848717948717949,0.000366300366300366,0,0.0327838827838828,0.0175824175824176,0.100549450549451
248773.411807,2580366.126422,0.865018315018315,0.00311355311355311,0,0.0111721611721612,0.0117216117216117,0.108974358974359
249273.411807,2580366.126422,0.956912357902457,0.000183351668500183,0.00403373670700403,0.0033003300330033,0.00641730839750642,0.0291529152915292
249773.411807,2580366.126422,0.874953686550574,0.00741015190811412,0.00129677658391997,0.0411263430900333,0.006298629121897,0.0689144127454613
237273.411807,2579866.126422,0.407731376975169,0,0,0.137979683972912,0.0313205417607223,0.422968397291196
237773.411807,2579866.126422,0.185538630941457,0.00293631859056708,0.0220223894292531,0.495687282070105,0.0950633143696091,0.198752064599009
238273.411807,2579866.126422,0.755364019805612,0,0,0.01998899688245,0.010819732257473,0.213827251054465
238773.411807,2579866.126422,0.859080080630383,0,0,0.0141103170240059,0.0117280557082646,0.115081546637347
239273.411807,2579866.126422,0.582125160579923,0.000734079647641769,0.00110111947146265,0.177096714993577,0.0425766195632226,0.196366305744173
239773.411807,2579866.126422,0.523198239501192,0.00238400880249404,0.0562992847973593,0.154593801577114,0.0667522464698331,0.196772418852008
240273.411807,2579866.126422,0.865677111966282,0,0,0.0108118013560564,0.00128275609309144,0.12222833058457
240773.411807,2579866.126422,0.627638098733713,0.00697375665259681,0,0.159478803450174,0.0669847678473114,0.138924573316205
241273.411807,2579866.126422,0.413900605171465,0.0075187969924812,0.000183385292499542,0.380707867229048,0.059600220062351,0.138089125252155
241773.411807,2579866.126422,0.127725856697819,0.0194245922668133,0.0296866410115448,0.753894080996885,0.00806303829943192,0.061205790727506
242273.411807,2579866.126422,0.865479904569646,0.00844191594788034,0,0,0,0.126078179482474
242773.411807,2579866.126422,0.954703832752613,0.010819732257473,0,0,0,0.0344764349899138
243273.411807,2579866.126422,0.977093641194796,0.00366501740883269,0,0,0,0.0192413413963716
243773.411807,2579866.126422,0.98329968801615,0,0,0,0,0.0167003119838502
244273.411807,2579866.126422,0.979644232532551,0,0,0.000183385292499542,0,0.0201723821749496
244773.411807,2579866.126422,0.941542972329119,0,0,0,0,0.0584570276708814
245273.411807,2579866.126422,0.440998348320793,0.0122958340979996,0.00880895577170123,0.346118553863094,0.0172508717195816,0.174527436226831
245773.411807,2579866.126422,0.73592517880066,0.0113698881349716,0.000183385292499542,0.1199339812947,0.0188886851274528,0.113698881349716
246273.411807,2579866.126422,0.156679494227598,0.0218068535825545,0.130108118013561,0.454828660436137,0.0608392889866227,0.175737584753528
246773.411807,2579866.126422,0.57258212516058,0.0168838318957607,0.145531290144981,0.0963479537529822,0.0416590200036704,0.126995779042026
247273.411807,2579866.126422,0.799743260590501,0,0,0.000916926462497708,0.000366770584999083,0.198973042362003
247773.411807,2579866.126422,0.760307861462342,0.00787978742899029,0,0.0199743448781382,0.0251053692505039,0.186732636980026
248273.411807,2579866.126422,0.864195265186273,0.00110111947146265,0,0.079647641769132,0.0126628739218205,0.0423930996513122
248773.411807,2579866.126422,0.774986246103063,0.000366770584999083,0,0.000366770584999083,0.00183385292499542,0.222446359801944
249273.411807,2579866.126422,0.908008063038299,0.00183250870441635,0.00751328568810702,0.0315191497159611,0.0185083379146051,0.032618654938611
249773.411807,2579866.126422,0.745036184820931,0.0252365930599369,0.00408239005381332,0.0790499164965671,0.0265355353497866,0.120059380218965
237273.411807,2579366.126422,0.854483925549915,0,0,0.0310208685843204,0.00592216582064298,0.108573040045121
237773.411807,2579366.126422,0.605321100917431,0.00055045871559633,0,0.028256880733945,0.0251376146788991,0.340733944954128
238273.411807,2579366.126422,0.0533847000550358,0.00385250412768299,0.555494404696386,0.23536965694368,0.0546688680975968,0.0972298660796184
238773.411807,2579366.126422,0.920879120879121,0,0.00311355311355311,0.0106227106227106,0.00622710622710623,0.0591575091575092
239273.411807,2579366.126422,0.935963302752294,0,0,0,0,0.0640366972477064
239773.411807,2579366.126422,0.545037607778389,0.00385250412768299,0.0306365804439552,0.124747752705926,0.0755824619335902,0.220143093010457
240273.411807,2579366.126422,0.967582417582418,0,0,0,0,0.0324175824175824
240773.411807,2579366.126422,0.826238532110092,0.00055045871559633,0,0.028256880733945,0.0148623853211009,0.130091743119266
241273.411807,2579366.126422,0.181801504311136,0.016694184553293,0.0528343423225096,0.650339387268391,0.0333883691065859,0.0649422124380847
241773.411807,2579366.126422,0.855677655677656,0.0197802197802198,0.0197802197802198,0.010989010989011,0.0032967032967033,0.0904761904761905
242273.411807,2579366.126422,0.90954128440367,0.0128440366972477,0,0.00036697247706422,0.00844036697247706,0.0688073394495413
242773.411807,2579366.126422,0.985323793799303,0.00440286186020914,0,0,0,0.010273344340488
243273.411807,2579366.126422,0.781684981684982,0,0,0.0108058608058608,0.00970695970695971,0.197802197802198
243773.411807,2579366.126422,0.875963302752294,0.00128440366972477,0.00330275229357798,0.0565137614678899,0.0236697247706422,0.0392660550458716
244273.411807,2579366.126422,0.958172812328013,0.000733810310034856,0,0.000733810310034856,0.00183452577508714,0.0385250412768299
244773.411807,2579366.126422,0.596886446886447,0.0164835164835165,0.0104395604395604,0.274725274725275,0.0247252747252747,0.0767399267399267
245273.411807,2579366.126422,0.610091743119266,0.0212844036697248,0.0194495412844037,0.307155963302752,0.00715596330275229,0.0348623853211009
