"x","y","forest","agri","water","built","other","grass"
288273.411807,2779366.126422,0.697819314641745,0.0126443100604728,0,0.00146600696353308,0.030602895363753,0.257467472970497
288773.411807,2779366.126422,0.644888970453294,0.000917599559552211,0,0,0.00568911726922371,0.34850431271793
289273.411807,2779366.126422,0.3201907207042,0.0317256556024207,0,0.0471300201723822,0.0456629378323858,0.555290665688612
289773.411807,2779366.126422,0.185449880886934,0.0507604911123328,0,0.0447132123877588,0.0896096756459593,0.629466739967015
290273.411807,2779366.126422,0.405579005322077,0.012846393833731,0,0.000550559735731327,0.0141310332171041,0.566893007891356
290773.411807,2779366.126422,0.552356501008619,0.0319090408949202,0,0.00146708233999633,0.057582981844856,0.356684393911608
291273.411807,2779366.126422,0.445482866043614,0.00824628916987356,0,0.00293201392706615,0.00916254352208173,0.534176287337365
291773.411807,2779366.126422,0.42741787483942,0.0343182235272527,0,0.000917599559552211,0.0203707102220591,0.516975591851716
292273.411807,2779366.126422,0.497891069136255,0.00110031175499725,0,0.00146708233999633,0.00293416467999266,0.496607372088758
292773.411807,2779366.126422,0.575774234927616,0.00641378046545721,0,0.00256551218618288,0.0353674179952355,0.379879054425509
293273.411807,2779366.126422,0.675536795742338,0.00458799779776106,0,0.00183519911910442,0.0324830244081483,0.285556982932648
293773.411807,2779366.126422,0.431688978543921,0.00586832935998533,0.00623509994498441,0.0075187969924812,0.0254905556574363,0.523198239501192
294273.411807,2779366.126422,0.343412131207623,0.00458127176104087,0,0.00293201392706615,0.023089609675646,0.625984973428624
294773.411807,2779366.126422,0.451275463387778,0.00110111947146265,0,0.0082583960359699,0.144063130849697,0.395301890255093
295273.411807,2779366.126422,0.474784522281313,0.00385109114249037,0,0.00403447643498991,0.0627177700348432,0.454612140106363
295773.411807,2779366.126422,0.176653839105736,0.0284038849184534,0.0153930731170973,0.161627267729522,0.153930731170973,0.463991203958219
296273.411807,2779366.126422,0.00422095797394017,0.00880895577170123,0.931547072857405,0.0293631859056708,0.00623967700495504,0.0198201504863278
296773.411807,2779366.126422,0.345497891069136,0.039611223179901,0.00201723821749496,0.157527966257106,0.15202640748212,0.303319273794242
297273.411807,2779366.126422,0.089792926516401,0.068719076415613,0.013560564412681,0.511086677661719,0.193696170056808,0.123144584936778
297773.411807,2779366.126422,0.158010644154891,0.2653697926225,0.000917599559552211,0.125894659570563,0.118370343182235,0.331436960910259
298273.411807,2779366.126422,0.0506143407298735,0.601687144690996,0.000733541169998166,0.0110031175499725,0.0520814230698698,0.28388043278929
298773.411807,2779366.126422,0.139087410665201,0.293384643577057,0,0.0120945574491479,0.0582737768004398,0.497159611508155
299273.411807,2779366.126422,0.13286841622316,0.256193797026977,0,0.124242980363369,0.118737383006056,0.367957423380437
299773.411807,2779366.126422,0.160828901522098,0.116816431322208,0.00201723821749496,0.177150192554557,0.176600036677059,0.366587199706584
300273.411807,2779366.126422,0.120537428023033,0.0737044145873321,0.000383877159309021,0.37063339731286,0.260460652591171,0.174280230326296
288273.411807,2778866.126422,0.73992673992674,0.0155677655677656,0.000183150183150183,0.041025641025641,0.026007326007326,0.177289377289377
288773.411807,2778866.126422,0.818532110091743,0.000917431192660551,0,0.00018348623853211,0.00348623853211009,0.176880733944954
289273.411807,2778866.126422,0.625389836727206,0.0148596587782058,0,0.000366905155017428,0.0273344340487984,0.332049165290772
289773.411807,2778866.126422,0.224908424908425,0.0534798534798535,0,0.136630036630037,0.102014652014652,0.482967032967033
290273.411807,2778866.126422,0.586422018348624,0.00440366972477064,0,0.0218348623853211,0.0495412844036697,0.337798165137615
290773.411807,2778866.126422,0.434232250963126,0.0139423958906623,0,0.0106402494955054,0.0781507980187122,0.463034305631994
291273.411807,2778866.126422,0.333516483516483,0.0179487179487179,0,0.000183150183150183,0.0950549450549451,0.553296703296703
291773.411807,2778866.126422,0.407706422018349,0.0376146788990826,0,0,0.0937614678899083,0.460917431192661
292273.411807,2778866.126422,0.422674738580077,0.0110071546505228,0,0.0240322876536415,0.0684278114107503,0.473858007705008
292773.411807,2778866.126422,0.546703296703297,0.00347985347985348,0,0.000549450549450549,0.0043956043956044,0.444871794871795
293273.411807,2778866.126422,0.688990825688073,0.00403669724770642,0,0.0100917431192661,0.0258715596330275,0.271009174311927
293773.411807,2778866.126422,0.409649605576958,0.00275178866263071,0,0.0172445422858191,0.0465969546872134,0.523757108787378
294273.411807,2778866.126422,0.392673992673993,0.00384615384615385,0,0.00311355311355311,0.0653846153846154,0.534981684981685
294773.411807,2778866.126422,0.39394495412844,0.00330275229357798,0,0.00568807339449541,0.0827522935779817,0.514311926605505
295273.411807,2778866.126422,0.116675839295542,0.0288020546688681,0,0.0194459732159237,0.270592551825353,0.564483580994313
295773.411807,2778866.126422,0.243589743589744,0.039010989010989,0.00787545787545788,0.0173992673992674,0.198351648351648,0.493772893772894
296273.411807,2778866.126422,0.0423853211009174,0.0192660550458716,0.572110091743119,0.160550458715596,0.0401834862385321,0.165504587155963
296773.411807,2778866.126422,0.152449091909741,0.0497156485048615,0.162172078517703,0.282333516785911,0.133003118693818,0.220326545587966
297273.411807,2778866.126422,0.172344322344322,0.0556776556776557,0.0128205128205128,0.118315018315018,0.0562271062271062,0.584615384615385
297773.411807,2778866.126422,0.0244036697247706,0.156697247706422,0.0359633027522936,0.0289908256880734,0.011743119266055,0.742201834862385
298273.411807,2778866.126422,0.123830489818382,0.502843514951385,0.00293524124013942,0.000733810310034856,0.00330214639515685,0.366354797284902
298773.411807,2778866.126422,0.171428571428571,0.0701465201465201,0,0.0882783882783883,0.0937728937728938,0.576373626373626
299273.411807,2778866.126422,0.256880733944954,0.0699082568807339,0.0794495412844037,0.0809174311926606,0.0827522935779817,0.430091743119266
299773.411807,2778866.126422,0.161071363052651,0.480829205650339,0,0.000183452577508714,0.00348559897266557,0.354430379746835
300273.411807,2778866.126422,0.102628045271437,0.217724918473048,0,0.197582965662766,0.126606560521772,0.355457510070976
288273.411807,2778366.126422,0.283278327832783,0.0496883021635497,0.00183351668500183,0.0889255592225889,0.147781444811148,0.428492849284928
288773.411807,2778366.126422,0.406227106227106,0.00641025641025641,0.0133699633699634,0.0426739926739927,0.00659340659340659,0.524725274725275
289273.411807,2778366.126422,0.714285714285714,0.00347985347985348,0,0.00311355311355311,0.0119047619047619,0.267216117216117
289773.411807,2778366.126422,0.538503850385038,0.0348368170150348,0,0.0106343967730106,0.0284195086175284,0.387605427209388
290273.411807,2778366.126422,0.459157509157509,0.0247252747252747,0,0.00146520146520147,0.0322344322344322,0.482417582417582
290773.411807,2778366.126422,0.562637362637363,0.0043956043956044,0,0.000732600732600733,0.00128205128205128,0.430952380952381
291273.411807,2778366.126422,0.505867253392006,0.00898423175650898,0,0.00898423175650898,0.033003300330033,0.443160982764943
291773.411807,2778366.126422,0.368681318681319,0.0256410256410256,0,0.000183150183150183,0.0421245421245421,0.563369963369963
292273.411807,2778366.126422,0.49047619047619,0.00824175824175824,0,0.00860805860805861,0.0424908424908425,0.45018315018315
292773.411807,2778366.126422,0.345801246791346,0.0335533553355336,0,0.0757242390905757,0.123395672900623,0.421525485881922
293273.411807,2778366.126422,0.388827838827839,0.00531135531135531,0,0.0646520146520147,0.0816849816849817,0.45952380952381
293773.411807,2778366.126422,0.57948717948718,0.0021978021978022,0,0.0186813186813187,0.0236263736263736,0.376007326007326
294273.411807,2778366.126422,0.45984598459846,0.015034836817015,0,0.00806747341400807,0.103593692702604,0.413458012467913
294773.411807,2778366.126422,0.328021978021978,0.00311355311355311,0,0.00402930402930403,0.043956043956044,0.620879120879121
295273.411807,2778366.126422,0.13956043956044,0.0192307692307692,0.00549450549450549,0.00238095238095238,0.134981684981685,0.698351648351648
295773.411807,2778366.126422,0.113494682801613,0.0434543454345435,0.00146681334800147,0.0383204987165383,0.162632929959663,0.640630729739641
296273.411807,2778366.126422,0.150915750915751,0.010989010989011,0.48974358974359,0.0672161172161172,0.0380952380952381,0.243040293040293
296773.411807,2778366.126422,0.103479853479853,0.00842490842490842,0.398168498168498,0.3503663003663,0.00824175824175824,0.131318681318681
297273.411807,2778366.126422,0.46039603960396,0.00898423175650898,0.138980564723139,0.0165016501650165,0.00623395672900623,0.368903557022369
297773.411807,2778366.126422,0.26959706959707,0.00879120879120879,0.220512820512821,0.0996336996336996,0.0146520146520147,0.386813186813187
298273.411807,2778366.126422,0.121062271062271,0.0679487179487179,0.481684981684982,0.0274725274725275,0.0142857142857143,0.287545787545788
298773.411807,2778366.126422,0.0493215988265493,0.055005500550055,0.368170150348368,0.0601393472680601,0.0984598459845985,0.368903557022369
299273.411807,2778366.126422,0.119413919413919,0.101648351648352,0.0994505494505494,0.0542124542124542,0.0580586080586081,0.567216117216117
299773.411807,2778366.126422,0.0767399267399267,0.0816849816849817,0.306227106227106,0.118315018315018,0.0628205128205128,0.354212454212454
300273.411807,2778366.126422,0.0793010752688172,0.12826420890937,0.0318740399385561,0.235023041474654,0.115399385560676,0.410138248847926
288273.411807,2777866.126422,0.702217335532344,0.00164925783397471,0,0.00696353307678211,0.00623052959501558,0.282939343961884
288773.411807,2777866.126422,0.370710222059093,0.0247751881079097,0,0.0790970820334006,0.0409249403560286,0.484492567443568
289273.411807,2777866.126422,0.536218595268659,0.00880249403997799,0,0.00586832935998533,0.0144874381074638,0.434623143223913
289773.411807,2777866.126422,0.700201575957486,0.0241891148982958,0,0.00842954004031519,0.024555616639179,0.242624152464724
290273.411807,2777866.126422,0.700495503762158,0.0130299137456414,0,0.00422095797394017,0.0313819049366856,0.250871719581575
290773.411807,2777866.126422,0.602787456445993,0.00843572345497891,0,0.00696864111498258,0.0357601320374106,0.346048046946635
291273.411807,2777866.126422,0.575957485798058,0.00678028220634048,0,0.0252886201209456,0.0465457210921752,0.345427890782481
291773.411807,2777866.126422,0.46870985501927,0.00293631859056708,0,0.000917599559552211,0.0187190310148651,0.508717195815746
292273.411807,2777866.126422,0.42802127269393,0.00605171465248487,0.000366770584999083,0.00238400880249404,0.0254905556574363,0.537685677608656
292773.411807,2777866.126422,0.599596848085028,0.0111783030969397,0,0.0205240974894631,0.0218068535825545,0.346893897746014
293273.411807,2777866.126422,0.433106992108644,0.0189025509267756,0.000917599559552211,0.136538814461369,0.122040741420444,0.288493301523215
293773.411807,2777866.126422,0.5200806895287,0.0430955437373923,0,0.0674857876398313,0.0432789290298918,0.326059050064185
294273.411807,2777866.126422,0.351841671247938,0.00238226131574125,0,0.00219901044529962,0.0247388675096207,0.6188381894814
294773.411807,2777866.126422,0.541934299871536,0.0141310332171041,0,0.0289961460818499,0.0622132501376399,0.35272527069187
295273.411807,2777866.126422,0.316523014854209,0.0170548322024574,0,0.0421786172748946,0.15202640748212,0.472217128186319
295773.411807,2777866.126422,0.232178852849551,0.0469122228330585,0.0273043796958036,0.178852849551035,0.133589884551952,0.3811618105186
296273.411807,2777866.126422,0,0.0543218939254909,0.483942007707836,0.391447972104973,0.00513855753349238,0.065149568728207
296773.411807,2777866.126422,0,0.0117366587199707,0.230698697964423,0.70401613790574,0.00605171465248487,0.0474967907573813
297273.411807,2777866.126422,0.070734835990471,0.0549752611324904,0.146050943741983,0.241524647242074,0.158695253802456,0.328019058090526
297773.411807,2777866.126422,0.149935768030831,0.175261515874472,0.0967149935768031,0.150119287942742,0.121857221508534,0.306111213066618
298273.411807,2777866.126422,0.22409682743444,0.0867412433522831,0.0106363469649734,0.105813313772235,0.115532734274711,0.457179534201357
298773.411807,2777866.126422,0.137804654572109,0.0568077698369067,0.000183250870441635,0.121678577973245,0.137987905442551,0.545537841304746
299273.411807,2777866.126422,0.121123141860892,0.0497338961277299,0,0.155624885300055,0.177463754817398,0.496054321893926
299773.411807,2777866.126422,0.160278745644599,0.107647166697231,0.00256739409499358,0.233266092059417,0.103062534384742,0.393178067119017
300273.411807,2777866.126422,0.062763915547025,0.0591170825335893,0.275047984644914,0.278119001919386,0.0923224568138196,0.232629558541267
288273.411807,2777366.126422,0.528388278388278,0.0212454212454212,0.000549450549450549,0.0923076923076923,0.0355311355311355,0.321978021978022
288773.411807,2777366.126422,0.294862385321101,0.0957798165137615,0.00128440366972477,0.177614678899083,0.141100917431193,0.289357798165138
289273.411807,2777366.126422,0.519354246927169,0.00421940928270042,0.00898917629792699,0.000183452577508714,0.00183452577508714,0.465419189139607
289773.411807,2777366.126422,0.866117216117216,0.000549450549450549,0,0.00476190476190476,0.00366300366300366,0.124908424908425
290273.411807,2777366.126422,0.721834862385321,0.0141284403669725,0,0.00788990825688073,0.0124770642201835,0.243669724770642
290773.411807,2777366.126422,0.538983672720602,0.0355898000366905,0,0.136672170243992,0.0458631443771785,0.242891212621537
291273.411807,2777366.126422,0.473992673992674,0.00897435897435897,0,0.128205128205128,0.104029304029304,0.284798534798535
291773.411807,2777366.126422,0.514495412844037,0.00403669724770642,0,0.14,0.11743119266055,0.224036697247706
292273.411807,2777366.126422,0.428728673637865,0.00293524124013942,0,0.000366905155017428,0.0100898917629793,0.557879288203999
292773.411807,2777366.126422,0.43974358974359,0.00824175824175824,0.000549450549450549,0.0021978021978022,0.0141025641025641,0.535164835164835
293273.411807,2777366.126422,0.494495412844037,0.00697247706422018,0,0.00422018348623853,0.0409174311926606,0.453394495412844
293773.411807,2777366.126422,0.438084755090809,0.0212804989910108,0,0.0812694918363603,0.158136121812511,0.301229132269308
294273.411807,2777366.126422,0.308424908424908,0.0227106227106227,0.0021978021978022,0.176190476190476,0.191575091575092,0.298901098901099
294773.411807,2777366.126422,0.312293577981651,0.0196330275229358,0.00238532110091743,0.278715596330275,0.19302752293578,0.19394495412844
295273.411807,2777366.126422,0.149880755824619,0.0355898000366905,0.0106402494955054,0.432581177765548,0.169877086773069,0.201430930104568
295773.411807,2777366.126422,0.0642857142857143,0.0611721611721612,0.0419413919413919,0.299450549450549,0.176739926739927,0.356410256410256
296273.411807,2777366.126422,0,0,0.888990825688073,0.111009174311927,0,0
296773.411807,2777366.126422,0,0,0.331682260135755,0.668317739864245,0,0
297273.411807,2777366.126422,0,0,0.116300366300366,0.883699633699634,0,0
297773.411807,2777366.126422,0.0310091743119266,0.0354128440366972,0.0922935779816514,0.757064220183486,0.011743119266055,0.0724770642201835
298273.411807,2777366.126422,0.0502660062373876,0.0238488350761328,0.0678774536782242,0.584663364520271,0.0803522289488167,0.192992111539167
298773.411807,2777366.126422,0.0864468864468864,0.0543956043956044,0.0021978021978022,0.401282051282051,0.209157509157509,0.246520146520147
299273.411807,2777366.126422,0.168990825688073,0.0343119266055046,0.00238532110091743,0.123669724770642,0.170091743119266,0.500550458715596
299773.411807,2777366.126422,0.166024582645386,0.0704457897633462,0,0.114657860942946,0.0952118877270226,0.553659878921299
300273.411807,2777366.126422,0.0836370611931709,0.0704009207749856,0.331287166698638,0.20640705927489,0.071360061384999,0.236907730673317
288273.411807,2776866.126422,0.512834616795013,0.0231023102310231,0,0.0337367070040337,0.00971763843050972,0.420608727539421
288773.411807,2776866.126422,0.352564102564103,0.0419413919413919,0,0.199084249084249,0.101831501831502,0.304578754578755
289273.411807,2776866.126422,0.27967032967033,0.0183150183150183,0.00402930402930403,0.0952380952380952,0.0677655677655678,0.534981684981685
289773.411807,2776866.126422,0.602860286028603,0.00605060506050605,0.00641730839750642,0.000916758342500917,0.0022002200220022,0.381554822148882
290273.411807,2776866.126422,0.59010989010989,0.00769230769230769,0,0.00622710622710623,0.0043956043956044,0.391575091575092
290773.411807,2776866.126422,0.177289377289377,0.084981684981685,0,0.216117216117216,0.143406593406593,0.378205128205128
291273.411807,2776866.126422,0.298496516318298,0.0298863219655299,0.0044004400440044,0.208654198753209,0.177117711771177,0.281444811147781
291773.411807,2776866.126422,0.57967032967033,0.0126373626373626,0,0.137912087912088,0.0765567765567766,0.193223443223443
292273.411807,2776866.126422,0.506227106227106,0.00494505494505494,0,0.0695970695970696,0.0884615384615385,0.330769230769231
292773.411807,2776866.126422,0.675467546754675,0.00275027502750275,0,0.0148514851485149,0.0366703337000367,0.27026035936927
293273.411807,2776866.126422,0.458791208791209,0.00384615384615385,0,0.00311355311355311,0.0371794871794872,0.497069597069597
293773.411807,2776866.126422,0.438095238095238,0.00879120879120879,0,0.0261904761904762,0.0338827838827839,0.493040293040293
294273.411807,2776866.126422,0.3997066373304,0.00476714338100477,0,0.00128346167950128,0.0172350568390172,0.577007700770077
294773.411807,2776866.126422,0.24981684981685,0.0166666666666667,0,0.0148351648351648,0.201282051282051,0.517399267399267
295273.411807,2776866.126422,0.282783882783883,0.0641025641025641,0.00860805860805861,0.283699633699634,0.0847985347985348,0.276007326007326
295773.411807,2776866.126422,0.0746241290795746,0.0641730839750642,0.094976164283095,0.160799413274661,0.0605060506050605,0.544921158782545
296273.411807,2776866.126422,0.0232600732600733,0.211721611721612,0.0456043956043956,0.261538461538462,0.0571428571428571,0.400732600732601
296773.411807,2776866.126422,0.0606227106227106,0.11996336996337,0.0904761904761905,0.348351648351648,0.152014652014652,0.228571428571429
297273.411807,2776866.126422,0.0238357169050238,0.0251191785845251,0.172717271727173,0.422808947561423,0.183168316831683,0.172350568390172
297773.411807,2776866.126422,0.106227106227106,0.0820512820512821,0.146703296703297,0.285531135531136,0.0164835164835165,0.363003663003663
298273.411807,2776866.126422,0.0406593406593407,0.0324175824175824,0.338278388278388,0.321978021978022,0.0241758241758242,0.242490842490842
298773.411807,2776866.126422,0,0.00293362669600293,0.273560689402274,0.698936560322699,0.00495049504950495,0.0196186285295196
299273.411807,2776866.126422,0.0747252747252747,0.0318681318681319,0.0474358974358974,0.560805860805861,0.084981684981685,0.20018315018315
299773.411807,2776866.126422,0.103113553113553,0.0358974358974359,0.000183150183150183,0.295238095238095,0.212820512820513,0.352747252747253
300273.411807,2776866.126422,0.03821044546851,0.037826420890937,0.390168970814132,0.237903225806452,0.0568356374807988,0.239055299539171
288273.411807,2776366.126422,0.202675462708448,0.053142752428074,0.000549752611324904,0.310060472787246,0.130657870624885,0.302913688840022
288773.411807,2776366.126422,0.164617360983667,0.0372545421178198,0.00220223894292531,0.13690585428519,0.14516425032116,0.513855753349238
289273.411807,2776366.126422,0.0867412433522831,0.0564826700898588,0.0256739409499358,0.153126719237117,0.199706583532001,0.478268842838804
289773.411807,2776366.126422,0.144218435037566,0.00623052959501558,0,0.00256551218618288,0.138537658053876,0.708447865127359
290273.411807,2776366.126422,0.691870067902367,0.0082583960359699,0,0.0152321526885667,0.0154156726004772,0.269223710772619
290773.411807,2776366.126422,0.462314322391344,0.0144874381074638,0,0.114799193104713,0.116999816614707,0.291399229781772
291273.411807,2776366.126422,0.532160527762507,0.0300531427524281,0,0.0692688290269379,0.0824628916987356,0.286054608759392
291773.411807,2776366.126422,0.694255826757203,0.00110111947146265,0,0.000367039823820885,0.00532207744540283,0.29895393650211
292273.411807,2776366.126422,0.522281313038694,0.0141206675224647,0.000550155877498625,0.10783055198973,0.123601687144691,0.231615624426921
292773.411807,2776366.126422,0.326003298515668,0.00751328568810702,0,0.203591717060656,0.176287337364852,0.286604361370716
293273.411807,2776366.126422,0.600110111947146,0.00568911726922371,0.000367039823820885,0.0772618829142962,0.05395485410167,0.262616993943843
293773.411807,2776366.126422,0.502659086741243,0.00128369704749679,0,0.00696864111498258,0.0066018705299835,0.482486704566294
294273.411807,2776366.126422,0.3340663368151,0.0216236027121129,0.00164925783397471,0.104636247022173,0.104086494410848,0.433938061205791
294773.411807,2776366.126422,0.324463204257662,0.026977427050835,0.0012846393833731,0.0590934116351624,0.231418608919068,0.3567627087539
295273.411807,2776366.126422,0.0700531817348249,0.0953603520997616,0.0254905556574363,0.305886667889235,0.126535851824684,0.376673390794058
295773.411807,2776366.126422,0.00604727872457394,0.0291368884002199,0.137438152831226,0.0650540590067803,0.034084661902144,0.728238959135056
296273.411807,2776366.126422,0.0467975775371628,0.0743255643237291,0.0998348320792806,0.380436777390347,0.148467608735548,0.250137639933933
296773.411807,2776366.126422,0.102879149092243,0.0328259673574179,0,0.637263891435907,0.120300751879699,0.106730240234733
297273.411807,2776366.126422,0.100787978742899,0.0522264980758659,0.00806303829943192,0.545721092175188,0.16144401685908,0.131757375847535
297773.411807,2776366.126422,0.0688199669664159,0.0504679757753716,0.000183519911910442,0.751514039273261,0.0710222059093412,0.0579922921636998
298273.411807,2776366.126422,0.112231799009719,0.0715202640748212,0,0.495507060333761,0.110031175499725,0.210709701081973
298773.411807,2776366.126422,0.0694520798973795,0.0883269195528679,0,0.319406267179769,0.130474619754444,0.39234011361554
299273.411807,2776366.126422,0.00422095797394017,0.0541383740135805,0.36502110478987,0.0822169205358781,0.0682694072306845,0.426133235456047
299773.411807,2776366.126422,0.0236567027324409,0.0168714469099578,0.383458646616541,0.476618375206308,0.0652851641298368,0.0341096644049147
300273.411807,2776366.126422,0.0708253358925144,0.0614203454894434,0.0652591170825336,0.471593090211132,0.210364683301344,0.120537428023033
288273.411807,2775866.126422,0.0324175824175824,0.244322344322344,0.0146520146520147,0.187912087912088,0.135714285714286,0.384981684981685
288773.411807,2775866.126422,0.0774311926605505,0.0922935779816514,0.00146788990825688,0.388440366972477,0.219082568807339,0.221284403669725
289273.411807,2775866.126422,0.322142726105302,0.0306365804439552,0.00238488350761328,0.137405980554027,0.152265639332233,0.35516419005687
289773.411807,2775866.126422,0.226190476190476,0.0681318681318681,0.00531135531135531,0.0241758241758242,0.0824175824175824,0.593772893772894
290273.411807,2775866.126422,0.524954128440367,0.0170642201834862,0.00146788990825688,0.154311926605505,0.0411009174311927,0.261100917431193
290773.411807,2775866.126422,0.106769400110072,0.0498991010823702,0.00440286186020914,0.477710511832691,0.18547055586131,0.175747569253348
291273.411807,2775866.126422,0.505677655677656,0.0126373626373626,0.000915750915750916,0.147435897435897,0.0516483516483516,0.281684981684982
291773.411807,2775866.126422,0.788440366972477,0.000917431192660551,0,0.0225688073394495,0.0209174311926606,0.167155963302752
292273.411807,2775866.126422,0.821867547239039,0.00311869381764814,0,0.0300862227114291,0.0267840763162722,0.118143459915612
292773.411807,2775866.126422,0.681684981684982,0.0177655677655678,0,0.0716117216117216,0.0804029304029304,0.148534798534799
293273.411807,2775866.126422,0.21743119266055,0.0563302752293578,0.00146788990825688,0.347889908256881,0.243302752293578,0.133577981651376
293773.411807,2775866.126422,0.213538800220143,0.0491652907723353,0.011557512383049,0.334434048798386,0.16547422491286,0.225830122913227
294273.411807,2775866.126422,0.306959706959707,0.0197802197802198,0.00128205128205128,0.0888278388278388,0.0732600732600733,0.50989010989011
294773.411807,2775866.126422,0.0779816513761468,0.0623853211009174,0.0130275229357798,0.46348623853211,0.181467889908257,0.201651376146789
295273.411807,2775866.126422,0.0425609979820216,0.110071546505228,0.151531829022198,0.187305081636397,0.0436617134470739,0.464868831407081
295773.411807,2775866.126422,0.00952380952380952,0.0498168498168498,0.241575091575092,0.100915750915751,0.078021978021978,0.52014652014652
296273.411807,2775866.126422,0.0411009174311927,0.0513761467889908,0.0130275229357798,0.763119266055046,0.0939449541284404,0.0374311926605505
296773.411807,2775866.126422,0.0680609062557329,0.118877270225647,0.0135754907356448,0.590166941845533,0.12694918363603,0.0823702073014126
297273.411807,2775866.126422,0.106043956043956,0.043040293040293,0.00641025641025641,0.618315018315018,0.108791208791209,0.117399267399267
297773.411807,2775866.126422,0.0588990825688073,0.0341284403669725,0.00330275229357798,0.814862385321101,0.0788990825688073,0.00990825688073394
298273.411807,2775866.126422,0.0618235186204366,0.0581544670702623,0.000733810310034856,0.667767382131719,0.0849385433865346,0.126582278481013
298773.411807,2775866.126422,0.0531135531135531,0.124358974358974,0,0.735531135531136,0.0705128205128205,0.0164835164835165
299273.411807,2775866.126422,0.0671559633027523,0.228440366972477,0.015045871559633,0.375229357798165,0.136880733944954,0.177247706422018
299773.411807,2775866.126422,0.0181618051733627,0.182718767198679,0.213355347642634,0.171711612548156,0.100532012474775,0.313520454962392
300273.411807,2775866.126422,0.0118933435641665,0.0115096873201611,0.257816995971609,0.676577786303472,0.0251294839823518,0.017072702858239
288273.411807,2775366.126422,0.0804913824715805,0.170883755042171,0.0359369270260359,0.397689768976898,0.102126879354602,0.212871287128713
288773.411807,2775366.126422,0.0516483516483516,0.112271062271062,0.00238095238095238,0.291941391941392,0.192490842490843,0.349267399267399
289273.411807,2775366.126422,0.310989010989011,0.0445054945054945,0.000915750915750916,0.145604395604396,0.301648351648352,0.196336996336996
289773.411807,2775366.126422,0.476530986431977,0.0247524752475248,0.00256692335900257,0.0781078107810781,0.11991199119912,0.298129812981298
290273.411807,2775366.126422,0.407326007326007,0.0296703296703297,0.000915750915750916,0.155494505494505,0.0417582417582418,0.364835164835165
290773.411807,2775366.126422,0.119047619047619,0.0395604395604396,0.000366300366300366,0.496153846153846,0.158241758241758,0.186630036630037
291273.411807,2775366.126422,0.577374404107077,0.0119178584525119,0.000366703337000367,0.143931059772644,0.0559222588925559,0.21048771543821
291773.411807,2775366.126422,0.577838827838828,0.00842490842490842,0,0.0752747252747253,0.124358974358974,0.214102564102564
292273.411807,2775366.126422,0.572893772893773,0.0106227106227106,0,0.0368131868131868,0.0250915750915751,0.354578754578755
292773.411807,2775366.126422,0.693252658599193,0.00165016501650165,0,0.0137513751375138,0.0170517051705171,0.274294096076274
293273.411807,2775366.126422,0.65018315018315,0.00586080586080586,0,0.0236263736263736,0.0380952380952381,0.282234432234432
293773.411807,2775366.126422,0.298534798534799,0.0324175824175824,0.00164835164835165,0.360622710622711,0.138827838827839,0.167948717948718
294273.411807,2775366.126422,0.05995599559956,0.046021268793546,0.0077007700770077,0.685001833516685,0.133663366336634,0.0676567656765677
294773.411807,2775366.126422,0.0245421245421245,0.147985347985348,0.0371794871794872,0.543406593406593,0.111355311355311,0.135531135531136
295273.411807,2775366.126422,0.0417582417582418,0.10018315018315,0.0543956043956044,0.0877289377289377,0.043040293040293,0.672893772893773
295773.411807,2775366.126422,0.0187018701870187,0.0518885221855519,0.278511184451779,0.0982764943160983,0.124495782911624,0.428126145947928
296273.411807,2775366.126422,0.0692307692307692,0.0287545787545788,0.0115384615384615,0.766117216117216,0.0935897435897436,0.0307692307692308
296773.411807,2775366.126422,0.0542124542124542,0.0532967032967033,0.0184981684981685,0.71978021978022,0.104578754578755,0.0496336996336996
297273.411807,2775366.126422,0.0916758342500917,0.0388705537220389,0.0022002200220022,0.614228089475614,0.169233590025669,0.0837917125045838
297773.411807,2775366.126422,0.13956043956044,0.0545787545787546,0.00311355311355311,0.563186813186813,0.15,0.0895604395604396
298273.411807,2775366.126422,0.0417582417582418,0.0302197802197802,0.00421245421245421,0.854761904761905,0.056043956043956,0.013003663003663
298773.411807,2775366.126422,0.0869086908690869,0.13971397139714,0.0022002200220022,0.674000733406674,0.0759075907590759,0.0212687935460213
299273.411807,2775366.126422,0.116849816849817,0.21025641025641,0.00476190476190476,0.47985347985348,0.124908424908425,0.0633699633699634
299773.411807,2775366.126422,0.106776556776557,0.0694139194139194,0.0032967032967033,0.605311355311355,0.0952380952380952,0.11996336996337
300273.411807,2775366.126422,0.027457757296467,0.139784946236559,0.374039938556068,0.280529953917051,0.0341781874039939,0.144009216589862
288273.411807,2774866.126422,0.0907091808686091,0.210555250137438,0.0371999266996518,0.413047461975444,0.102253985706432,0.146234194612424
288773.411807,2774866.126422,0.0908423563956689,0.109010827674803,0.00330335841438796,0.382271976509451,0.230317489447605,0.184253991558084
289273.411807,2774866.126422,0.13992297817715,0.0641848523748395,0.0130203557674674,0.41206675224647,0.210709701081973,0.1600953603521
289773.411807,2774866.126422,0.537291552134873,0.0300531427524281,0.00348176653839106,0.11654755360088,0.104086494410848,0.20853949056258
290273.411807,2774866.126422,0.241512204074142,0.0278950266103872,0.000917599559552211,0.451642503211598,0.144980730409249,0.133051936135071
290773.411807,2774866.126422,0.495140289748762,0.0253071703649367,0,0.166880616174583,0.101962222629745,0.210709701081973
291273.411807,2774866.126422,0.662268645776067,0.0128275609309144,0,0.0923584387025838,0.0544255085211655,0.178119846069269
291773.411807,2774866.126422,0.812259130115618,0.00146815929528354,0,0.00752431638832813,0.00256927876674619,0.176179115434025
292273.411807,2774866.126422,0.545754630478636,0.00550155877498625,0,0.0212726939299468,0.015587749862461,0.41188336695397
292773.411807,2774866.126422,0.412314458493678,0.00989554700384827,0,0.00641378046545721,0.0342679127725857,0.537108301264431
293273.411807,2774866.126422,0.801064415489081,0.00311983850247752,0,0.00256927876674619,0.0124793540099101,0.180767113231786
293773.411807,2774866.126422,0.469466348798826,0.046396479002384,0.00128369704749679,0.0673024023473317,0.16412983678709,0.251421236016871
294273.411807,2774866.126422,0.0557082646142569,0.032618654938611,0.0141103170240059,0.646142569177204,0.122594832325454,0.128825361920469
294773.411807,2774866.126422,0.0462470178014315,0.0390897412369242,0.00513855753349238,0.640300972655533,0.169021838869517,0.100201871903101
295273.411807,2774866.126422,0.0647350082523382,0.0722538052448194,0.00110031175499725,0.257472950669356,0.0867412433522831,0.517696680726206
295773.411807,2774866.126422,0.0243723657687374,0.0850284038849184,0.139637163276526,0.110683525746747,0.081729888216969,0.558548653106102
296273.411807,2774866.126422,0.0189025509267756,0.0155991925123876,0.0225729491649844,0.833180400073408,0.102220590934116,0.00752431638832813
296773.411807,2774866.126422,0.0198056115899505,0.013203741059967,0.00110031175499725,0.902805794975243,0.0586832935998533,0.004401247019989
297273.411807,2774866.126422,0.0199743448781382,0.0179585853032802,0.00219901044529962,0.89682975994136,0.0546087593916071,0.00842954004031519
297773.411807,2774866.126422,0.0548724536612222,0.0154156726004772,0.00330335841438796,0.836850798311617,0.0737750045879978,0.015782712424298
298273.411807,2774866.126422,0.0526315789473684,0.035209976159912,0.00293416467999266,0.769668072620576,0.0878415551072804,0.0517146524848707
298773.411807,2774866.126422,0.0379329301814184,0.017042330951072,0.000916254352208173,0.873740150265714,0.0549752611324904,0.0153930731170973
299273.411807,2774866.126422,0.0211047898697009,0.0135804734813727,0,0.919801798495137,0.0418425399155808,0.00367039823820885
299773.411807,2774866.126422,0.0579497524298551,0.0245736291949386,0.00550155877498625,0.798642948835503,0.0843572345497891,0.0289748762149276
300273.411807,2774866.126422,0.0777351247600768,0.132821497120921,0.00268714011516315,0.634740882917466,0.0644913627639156,0.0875239923224568
288273.411807,2774366.126422,0.106959706959707,0.178571428571429,0.00714285714285714,0.217216117216117,0.143406593406593,0.346703296703297
288773.411807,2774366.126422,0.118348623853211,0.0873394495412844,0.0115596330275229,0.40697247706422,0.159449541284404,0.216330275229358
289273.411807,2774366.126422,0.104567969179967,0.0532012474775271,0.00605393505778756,0.545037607778389,0.159236837277564,0.131902403228765
289773.411807,2774366.126422,0.0695970695970696,0.0584249084249084,0.00384615384615385,0.538827838827839,0.155494505494505,0.173809523809524
290273.411807,2774366.126422,0.186605504587156,0.0409174311926606,0.00055045871559633,0.531559633027523,0.148256880733945,0.0921100917431193
290773.411807,2774366.126422,0.420473307649972,0.019262520638415,0.00165107319757843,0.347459181801504,0.0933773619519354,0.117776554760594
291273.411807,2774366.126422,0.58974358974359,0.00750915750915751,0,0.0774725274725275,0.0258241758241758,0.299450549450549
291773.411807,2774366.126422,0.703119266055046,0.00532110091743119,0,0.00807339449541284,0.053394495412844,0.230091743119266
292273.411807,2774366.126422,0.352779306549257,0.073747936158503,0.001284168042561,0.098147128967162,0.0557695835626491,0.418271876719868
292773.411807,2774366.126422,0.25989010989011,0.0148351648351648,0,0.00989010989010989,0.093956043956044,0.621428571428571
293273.411807,2774366.126422,0.692844036697248,0.00385321100917431,0,0.0102752293577982,0.0262385321100917,0.266788990825688
293773.411807,2774366.126422,0.330031186938176,0.0328380113740598,0.00311869381764814,0.25243074665199,0.197945331131902,0.183636030086223
294273.411807,2774366.126422,0.0675824175824176,0.0368131868131868,0.0111721611721612,0.529487179487179,0.158058608058608,0.196886446886447
294773.411807,2774366.126422,0.0875229357798165,0.161284403669725,0.0055045871559633,0.485504587155963,0.123669724770642,0.13651376146789
295273.411807,2774366.126422,0.0629242340854889,0.121995964043295,0.000183452577508714,0.42505962208769,0.139057053751605,0.250779673454412
295773.411807,2774366.126422,0.0175824175824176,0.0586080586080586,0.0783882783882784,0.0514652014652015,0.0353479853479853,0.758608058608059
296273.411807,2774366.126422,0.0572477064220183,0.0286238532110092,0.00697247706422018,0.543302752293578,0.125871559633028,0.237981651376147
296773.411807,2774366.126422,0.0484314804623005,0.0399926618968997,0.002568336085122,0.740964960557696,0.100165107319758,0.0678774536782242
297273.411807,2774366.126422,0.0302197802197802,0.0271062271062271,0.00421245421245421,0.848351648351648,0.0805860805860806,0.00952380952380952
297773.411807,2774366.126422,0.0537614678899083,0.0119266055045872,0,0.746788990825688,0.101651376146789,0.0858715596330275
298273.411807,2774366.126422,0.0552192258301229,0.0462300495321959,0,0.712713263621354,0.114474408365438,0.0713630526508897
298773.411807,2774366.126422,0.043040293040293,0.0206959706959707,0.000366300366300366,0.827838827838828,0.0745421245421245,0.0335164835164835
299273.411807,2774366.126422,0.0522935779816514,0.0392660550458716,0.00458715596330275,0.792660550458716,0.0777981651376147,0.033394495412844
299773.411807,2774366.126422,0.0950284351495139,0.0640249495505412,0.0161438268207668,0.6989543203082,0.0592551825353146,0.0665932856356632
300273.411807,2774366.126422,0.137540763475926,0.094571264147324,0.0258967964703626,0.657394974103204,0.0393247650105505,0.0452714367926338
288273.411807,2773866.126422,0.2997799779978,0.0588558855885589,0.00421708837550422,0.293546021268794,0.101210121012101,0.242390905757242
288773.411807,2773866.126422,0.235347985347985,0.102014652014652,0.000366300366300366,0.202930402930403,0.204212454212454,0.255128205128205
289273.411807,2773866.126422,0.0516483516483516,0.120512820512821,0.000183150183150183,0.116300366300366,0.235347985347985,0.476007326007326
289773.411807,2773866.126422,0.567106710671067,0.044004400440044,0,0.0623395672900623,0.106343967730106,0.22020535386872
290273.411807,2773866.126422,0.446886446886447,0.0426739926739927,0.000366300366300366,0.0661172161172161,0.123626373626374,0.32032967032967
290773.411807,2773866.126422,0.807875457875458,0.00512820512820513,0,0.00146520146520147,0.0168498168498168,0.168681318681319
291273.411807,2773866.126422,0.786395306197286,0.011001100110011,0,0.0128346167950128,0.0416208287495416,0.148148148148148
291773.411807,2773866.126422,0.675641025641026,0.0153846153846154,0,0,0.0115384615384615,0.297435897435897
292273.411807,2773866.126422,0.565567765567766,0.019047619047619,0,0.0741758241758242,0.0956043956043956,0.245604395604396
292773.411807,2773866.126422,0.776861019435277,0.0170517051705171,0,0.0298863219655299,0.0542720938760543,0.121928859552622
293273.411807,2773866.126422,0.425641025641026,0.0732600732600733,0.00238095238095238,0.142673992673993,0.179120879120879,0.176923076923077
293773.411807,2773866.126422,0.125824175824176,0.0307692307692308,0.0043956043956044,0.57967032967033,0.197069597069597,0.0622710622710623
294273.411807,2773866.126422,0.0979097909790979,0.057022368903557,0.000366703337000367,0.48973230656399,0.13971397139714,0.215254858819215
294773.411807,2773866.126422,0.0934065934065934,0.0538461538461538,0.00604395604395604,0.601282051282051,0.114652014652015,0.130769230769231
295273.411807,2773866.126422,0.05,0.0941391941391941,0.0782051282051282,0.545421245421245,0.108608058608059,0.123626373626374
295773.411807,2773866.126422,0.0577557755775578,0.0916758342500917,0.0711404473780711,0.44994499449945,0.0641730839750642,0.265309864319765
296273.411807,2773866.126422,0.028021978021978,0.0946886446886447,0.0183150183150183,0.100549450549451,0.1496336996337,0.608791208791209
296773.411807,2773866.126422,0.0137362637362637,0.0256410256410256,0.00256410256410256,0.561904761904762,0.153479853479853,0.242673992673993
297273.411807,2773866.126422,0.0630729739640631,0.0313531353135314,0.00183351668500183,0.696736340300697,0.126329299596626,0.0806747341400807
297773.411807,2773866.126422,0.138095238095238,0.0271062271062271,0.00402930402930403,0.656410256410256,0.0932234432234432,0.0811355311355311
298273.411807,2773866.126422,0.0578754578754579,0.0261904761904762,0.00366300366300366,0.763919413919414,0.103296703296703,0.0450549450549451
298773.411807,2773866.126422,0.0401540154015402,0.0168683535020169,0.00605060506050605,0.874220755408874,0.044004400440044,0.0187018701870187
299273.411807,2773866.126422,0.131501831501832,0.0404761904761905,0.00769230769230769,0.62014652014652,0.114835164835165,0.0853479853479854
299773.411807,2773866.126422,0.0335164835164835,0.0214285714285714,0.0115384615384615,0.841208791208791,0.0710622710622711,0.0212454212454212
300273.411807,2773866.126422,0.0625960061443932,0.0364823348694316,0.00192012288786482,0.688940092165899,0.144969278033794,0.0650921658986175
