"x","y","forest","agri","water","built","other","grass"
280273.411807,2779366.126422,0.00110031175499725,0.0326425820649184,0.135154960572162,0.787273060700532,0.00788556757748029,0.0359435173299101
280773.411807,2779366.126422,0.0505772402418911,0.239692138537658,0.0339014110317024,0.534359538207806,0.0322521531977277,0.109217518783214
281273.411807,2779366.126422,0.193429987153606,0.13690585428519,0.0389062213250138,0.386309414571481,0.0526702147182969,0.191778307946412
281773.411807,2779366.126422,0.0326425820649184,0.0773885934348065,0.228314689161929,0.431322207958922,0.0546488171648634,0.175683110214561
282273.411807,2779366.126422,0.00439802089059923,0.196811434854316,0.188931647425325,0.442917353857431,0.0357339197361187,0.13120762323621
282773.411807,2779366.126422,0.0275279867865663,0.245182602312351,0.0998348320792806,0.184621031381905,0.0708386859974307,0.371994861442467
283273.411807,2779366.126422,0.0493306436823767,0.037593984962406,0.0449293966623877,0.194021639464515,0.0849073904272877,0.589216944801027
283773.411807,2779366.126422,0.251969946857248,0.0637713029136888,0.000366501740883269,0.101704233095107,0.0419644493311343,0.540223566061939
284273.411807,2779366.126422,0.300055055973573,0.0100935951550743,0.00403743806202973,0.0170673518076711,0.0161497522481189,0.652596806753533
284773.411807,2779366.126422,0.473867595818815,0.0201723821749496,0,0.013203741059967,0.037593984962406,0.455162295983862
285273.411807,2779366.126422,0.74106652006597,0.0608392889866227,0,0.000733003481766538,0.0102620487447315,0.187099138720909
285773.411807,2779366.126422,0.494035602862911,0.113415305560653,0,0.00146815929528354,0.0704716461736098,0.320609286107543
286273.411807,2779366.126422,0.513845589583715,0.0548322024573629,0,0.00330093526499175,0.0548322024573629,0.373189070236567
286773.411807,2779366.126422,0.65585486531061,0.00787978742899029,0.00256551218618288,0.000733003481766538,0.0384826827927433,0.294484148799707
287273.411807,2779366.126422,0.295834097999633,0.0244081482840888,0,0.0229399889888053,0.0882730776289227,0.56854468709855
287773.411807,2779366.126422,0.45021755822882,0.220373688251856,0,0.0458152034809317,0.0409521371896596,0.242641412848733
275273.411807,2778866.126422,0.0182256767622621,0.233985526668453,0.00911283838113106,0.193781827928169,0.0857678906459394,0.459126239614044
275773.411807,2778866.126422,0.0344890845716382,0.0610897083104018,0.00220143093010457,0.252981104384517,0.099431297009723,0.549807374793616
276273.411807,2778866.126422,0.0305860805860806,0.0772893772893773,0,0.482417582417582,0.0723443223443224,0.337362637362637
276773.411807,2778866.126422,0.0260550458715596,0.271926605504587,0.00036697247706422,0.194495412844037,0.0491743119266055,0.457981651376147
277273.411807,2778866.126422,0.0168776371308017,0.138873601174097,0.210053201247478,0.235736562098697,0.0372408732342689,0.361218125114658
277773.411807,2778866.126422,0.00512820512820513,0.233333333333333,0.196520146520147,0.416666666666667,0.0404761904761905,0.107875457875458
279773.411807,2778866.126422,0.115229357798165,0.0115596330275229,0.00532110091743119,0.0932110091743119,0.0532110091743119,0.721467889908257
280273.411807,2778866.126422,0.0519170794349661,0.0299027701339204,0.0143093010456797,0.686296092460099,0.130618235186204,0.0869565217391304
280773.411807,2778866.126422,0.154395604395604,0.116666666666667,0.000366300366300366,0.107326007326007,0.0538461538461538,0.567399267399267
281273.411807,2778866.126422,0.191192660550459,0.0322935779816514,0,0.00697247706422018,0.0168807339449541,0.752660550458716
281773.411807,2778866.126422,0.220326545587966,0.0706292423408549,0,0.00733810310034856,0.0264171711612548,0.675288937809576
282273.411807,2778866.126422,0.373260073260073,0.25952380952381,0.000366300366300366,0.0313186813186813,0.0258241758241758,0.30970695970696
282773.411807,2778866.126422,0.06,0.00990825688073394,0.0211009174311927,0.0111926605504587,0.0491743119266055,0.848623853211009
283273.411807,2778866.126422,0.524307466519905,0.00348559897266557,0,0.00091726288754357,0.0104567969179967,0.46083287470189
283773.411807,2778866.126422,0.438461538461538,0.0179487179487179,0,0.010989010989011,0.021978021978022,0.510622710622711
284273.411807,2778866.126422,0.417614678899083,0.0508256880733945,0,0.0302752293577982,0.0737614678899083,0.427522935779817
284773.411807,2778866.126422,0.649238671803339,0.0546688680975968,0,0.000733810310034856,0.00972298660796184,0.285635663181068
285273.411807,2778866.126422,0.47014652014652,0.238278388278388,0,0,0.00293040293040293,0.288644688644689
285773.411807,2778866.126422,0.394495412844037,0.0214678899082569,0,0.0036697247706422,0.0924770642201835,0.487889908256881
286273.411807,2778866.126422,0.558796551091543,0.0227481196110805,0,0.00110071546505228,0.0465969546872134,0.370757659145111
286773.411807,2778866.126422,0.286080586080586,0.0454212454212454,0,0.125824175824176,0.201648351648352,0.341025641025641
287273.411807,2778866.126422,0.127706422018349,0.16348623853211,0,0.114311926605505,0.153577981651376,0.440917431192661
287773.411807,2778866.126422,0.309090909090909,0.197439180537772,0,0.0338028169014084,0.0806658130601793,0.379001280409731
275273.411807,2778366.126422,0.0157838416265383,0.0612627073301231,0.0141787051899411,0.279828785446763,0.230337078651685,0.398608881754949
275773.411807,2778366.126422,0.0637362637362637,0.381501831501831,0,0.193772893772894,0.0445054945054945,0.316483516483516
276273.411807,2778366.126422,0.0359369270260359,0.195636230289696,0.0111844517785112,0.60982764943161,0.0396039603960396,0.107810781078108
276773.411807,2778366.126422,0.0514652014652015,0.0703296703296703,0.0269230769230769,0.514652014652015,0.110622710622711,0.226007326007326
277273.411807,2778366.126422,0.115750915750916,0.301098901098901,0.000183150183150183,0.252564102564103,0.100549450549451,0.22985347985348
277773.411807,2778366.126422,0.0423542354235424,0.325082508250825,0,0.0381371470480381,0.0410707737440411,0.553355335533553
278273.411807,2778366.126422,0.0214285714285714,0.166117216117216,0,0,0.00256410256410256,0.80989010989011
278773.411807,2778366.126422,0.0813186813186813,0.0296703296703297,0,0.0353479853479853,0.0536630036630037,0.8
279273.411807,2778366.126422,0.361936193619362,0.0265859919325266,0.000183351668500183,0.00385038503850385,0.0253025302530253,0.582141547488082
279773.411807,2778366.126422,0.299084249084249,0.0128205128205128,0.0119047619047619,0.000366300366300366,0.0173992673992674,0.658424908424908
280273.411807,2778366.126422,0.238461538461538,0.021978021978022,0.0294871794871795,0.00805860805860806,0.0274725274725275,0.674542124542125
280773.411807,2778366.126422,0.143747708104144,0.115694902823616,0,0.0353868720205354,0.166850018335167,0.538320498716538
281273.411807,2778366.126422,0.354029304029304,0.013003663003663,0.00750915750915751,0.0454212454212454,0.0932234432234432,0.486813186813187
281773.411807,2778366.126422,0.58040293040293,0.00915750915750916,0,0.00769230769230769,0.03003663003663,0.372710622710623
282273.411807,2778366.126422,0.601210121012101,0.00421708837550422,0.00256692335900257,0.000183351668500183,0.00806747341400807,0.383755042170884
282773.411807,2778366.126422,0.147985347985348,0.06996336996337,0.0672161172161172,0.0232600732600733,0.0534798534798535,0.638095238095238
283273.411807,2778366.126422,0.727106227106227,0.0175824175824176,0,0.00256410256410256,0.0175824175824176,0.235164835164835
283773.411807,2778366.126422,0.882654932159883,0.000366703337000367,0,0,0,0.116978364503117
284273.411807,2778366.126422,0.716117216117216,0.0490842490842491,0,0.00256410256410256,0.030952380952381,0.201282051282051
284773.411807,2778366.126422,0.500549450549451,0.00476190476190476,0,0.00732600732600733,0.0245421245421245,0.462820512820513
285273.411807,2778366.126422,0.665199853318665,0.00183351668500183,0,0.0011001100110011,0.0196186285295196,0.312247891455812
285773.411807,2778366.126422,0.69010989010989,0.00256410256410256,0,0.000915750915750916,0.0205128205128205,0.285897435897436
286273.411807,2778366.126422,0.627838827838828,0.056959706959707,0,0.000549450549450549,0.0197802197802198,0.294871794871795
286773.411807,2778366.126422,0.561422808947561,0.148698203153649,0,0.00623395672900623,0.0275027502750275,0.256142280894756
287273.411807,2778366.126422,0.632783882783883,0.00586080586080586,0,0.0188644688644689,0.0692307692307692,0.273260073260073
287773.411807,2778366.126422,0.54822205167562,0.0585827577385521,0,0.141468406242006,0.0606293169608596,0.191097467382962
275273.411807,2777866.126422,0.114117331904634,0.166889900884008,0.000267881060809001,0.366997053308331,0.143316367532815,0.208411465309403
275773.411807,2777866.126422,0.0568494406748579,0.241701815514396,0.000733541169998166,0.524665321841188,0.0621676141573446,0.113882266642215
276273.411807,2777866.126422,0.0295033901411032,0.258017225581821,0.000549752611324904,0.588968297599414,0.0536925050393989,0.0692688290269379
276773.411807,2777866.126422,0.0359699027344467,0.0814828408882364,0.000183519911910442,0.671682877592219,0.105890989172325,0.104789869700863
277273.411807,2777866.126422,0.0768384375573079,0.136805428204658,0,0.244635980194388,0.179167430772052,0.362552723271594
277773.411807,2777866.126422,0.105002748763057,0.081729888216969,0.000733003481766538,0.386109584020524,0.225032068902327,0.201392706615356
278273.411807,2777866.126422,0.109377867498624,0.708019820150486,0,0.015782712424298,0.0144980730409249,0.152321526885667
278773.411807,2777866.126422,0.155143957454612,0.0762882816798093,0,0,0.00165046763249587,0.766917293233083
279273.411807,2777866.126422,0.170789811251603,0.023089609675646,0.00787978742899029,0.0296866410115448,0.05717427157779,0.711379879054425
279773.411807,2777866.126422,0.422462837217838,0.0185355111029547,0.00495503762158194,0.000734079647641769,0.0124793540099101,0.540833180400073
280273.411807,2777866.126422,0.350449293966624,0.00293416467999266,0,0.000366770584999083,0.00183385292499542,0.644415917843389
280773.411807,2777866.126422,0.170606560381162,0.0166758292101887,0.000549752611324904,0.0723840938244457,0.0711013377313542,0.668682426241525
281273.411807,2777866.126422,0.306478252890439,0.0838685997430721,0.000917599559552211,0.00256927876674619,0.0359699027344467,0.570196366305744
281773.411807,2777866.126422,0.284797359251788,0.106730240234733,0.0066018705299835,0.0344764349899138,0.100678525582248,0.466715569411333
282273.411807,2777866.126422,0.762506871907642,0.00403151914971596,0.00128275609309144,0.00329851566794942,0.0311526479750779,0.197727689206524
282773.411807,2777866.126422,0.878693338227198,0.0275279867865663,0,0,0.00917599559552211,0.0846026793907139
283273.411807,2777866.126422,0.800660187052998,0.0276911791674308,0,0,0.0113698881349716,0.160278745644599
283773.411807,2777866.126422,0.566978193146417,0.0223566061938794,0,0.00109950522264981,0.0106285504856148,0.398937144951439
284273.411807,2777866.126422,0.591117636263535,0.00697375665259681,0,0.00697375665259681,0.0352358230868049,0.359699027344467
284773.411807,2777866.126422,0.689528699798276,0.0214560792224464,0,0.000916926462497708,0.0205391527599487,0.267559141756831
285273.411807,2777866.126422,0.555066886567711,0.0119113065787062,0,0.00109950522264981,0.0146600696353308,0.417262231995602
285773.411807,2777866.126422,0.576069003486878,0.00422095797394017,0,0.0012846393833731,0.0354193429987154,0.383006056157093
286273.411807,2777866.126422,0.627177700348432,0.00366770584999083,0,0.000733541169998166,0.0143040528149642,0.354116999816615
286773.411807,2777866.126422,0.529411764705882,0.045629466739967,0,0.0126443100604728,0.0507604911123328,0.361553967381345
287273.411807,2777866.126422,0.706918700679024,0.0240411084602679,0,0.00550559735731327,0.0194531106625069,0.244081482840888
287773.411807,2777866.126422,0.765293063731764,0.00358331200409521,0,0.0028154594317891,0.0235474788840543,0.204760685948298
275273.411807,2777366.126422,0.0268024658268561,0.216563923880997,0.0318949343339587,0.0605735727686947,0.0624497453765746,0.601715357812919
275773.411807,2777366.126422,0.0475142175747569,0.288937809576225,0.00201797835259585,0.469822050999817,0.0588882773802972,0.132819666116309
276273.411807,2777366.126422,0.041025641025641,0.231318681318681,0.000183150183150183,0.51007326007326,0.0957875457875458,0.121611721611722
276773.411807,2777366.126422,0.0339449541284404,0.13394495412844,0,0.638165137614679,0.0442201834862385,0.149724770642202
277273.411807,2777366.126422,0.0752155567785727,0.115391671252981,0.000366905155017428,0.469088240689782,0.123280132085856,0.216657494037791
277773.411807,2777366.126422,0.156227106227106,0.174908424908425,0.000549450549450549,0.0787545787545788,0.0652014652014652,0.524358974358974
278273.411807,2777366.126422,0.259266055045872,0.0862385321100917,0.000917431192660551,0.00018348623853211,0.00036697247706422,0.65302752293578
278773.411807,2777366.126422,0.249128600256834,0.00623738763529628,0,0,0.0066042927903137,0.738029719317556
279273.411807,2777366.126422,0.205860805860806,0.00256410256410256,0,0.00476190476190476,0.0131868131868132,0.773626373626374
279773.411807,2777366.126422,0.401651376146789,0.0409174311926606,0.00990825688073394,0.00238532110091743,0.0135779816513761,0.531559633027523
280273.411807,2777366.126422,0.366538249862411,0.0108237020730141,0.00238488350761328,0.00825536598789213,0.0381581361218125,0.573839662447257
280773.411807,2777366.126422,0.202380952380952,0.00659340659340659,0.00476190476190476,0.000732600732600733,0.0113553113553114,0.774175824175824
281273.411807,2777366.126422,0.530091743119266,0.00697247706422018,0,0.00330275229357798,0.0122935779816514,0.447339449541284
281773.411807,2777366.126422,0.691249312052834,0.0104567969179967,0,0.00843881856540084,0.0418271876719868,0.248027884791781
282273.411807,2777366.126422,0.572893772893773,0.0192307692307692,0.000366300366300366,0.0115384615384615,0.0523809523809524,0.343589743589744
282773.411807,2777366.126422,0.355412844036697,0.00899082568807339,0,0.00238532110091743,0.038348623853211,0.594862385321101
283273.411807,2777366.126422,0.748303063658044,0.0143093010456797,0,0.00366905155017428,0.0242157402311502,0.209502843514951
283773.411807,2777366.126422,0.797619047619048,0.00586080586080586,0,0,0.00293040293040293,0.193589743589744
284273.411807,2777366.126422,0.664403669724771,0.0227522935779817,0,0.0827522935779817,0.0684403669724771,0.161651376146789
284773.411807,2777366.126422,0.809392771968446,0.0159603742432581,0,0.001284168042561,0.0121078701155751,0.16125481563016
285273.411807,2777366.126422,0.788644688644689,0.000915750915750916,0,0.0104395604395604,0.0122710622710623,0.187728937728938
285773.411807,2777366.126422,0.68256880733945,0.00146788990825688,0,0.00642201834862385,0.0121100917431193,0.29743119266055
286273.411807,2777366.126422,0.689598238855256,0.00201797835259585,0,0.00403595670519171,0.00458631443771785,0.299761511649239
286773.411807,2777366.126422,0.586813186813187,0.130952380952381,0,0.00238095238095238,0.0393772893772894,0.24047619047619
287273.411807,2777366.126422,0.541651376146789,0.17743119266055,0.00073394495412844,0.041651376146789,0.0398165137614679,0.198715596330275
287773.411807,2777366.126422,0.630985915492958,0.00742637644046095,0,0.00102432778489117,0.0235595390524968,0.337003841229193
275273.411807,2776866.126422,0.0888175494917068,0.147940074906367,0.0345104333868379,0.155430711610487,0.107811663991439,0.465489566613162
275773.411807,2776866.126422,0.0624542124542125,0.2,0.00897435897435897,0.200915750915751,0.0932234432234432,0.434432234432234
276273.411807,2776866.126422,0.0953428676200953,0.219288595526219,0.000183351668500183,0.233956729006234,0.124862486248625,0.326365969930326
276773.411807,2776866.126422,0.0628205128205128,0.239010989010989,0.00457875457875458,0.154761904761905,0.0664835164835165,0.472344322344322
277273.411807,2776866.126422,0.116117216117216,0.109340659340659,0,0.122893772893773,0.0586080586080586,0.593040293040293
277773.411807,2776866.126422,0.0925925925925926,0.12009534286762,0,0.338650531719839,0.0898423175650898,0.358819215254859
278273.411807,2776866.126422,0.447435897435897,0.0291208791208791,0.00604395604395604,0.0305860805860806,0.0100732600732601,0.476739926739927
278773.411807,2776866.126422,0.105677655677656,0.00732600732600733,0,0.0223443223443223,0.0366300366300366,0.828021978021978
279273.411807,2776866.126422,0.296662999633297,0.00806747341400807,0,0.0174184085075174,0.0291529152915292,0.648698203153649
279773.411807,2776866.126422,0.770879120879121,0.00384615384615385,0,0.00238095238095238,0.010989010989011,0.211904761904762
280273.411807,2776866.126422,0.613186813186813,0.00366300366300366,0,0.00641025641025641,0.0153846153846154,0.361355311355311
280773.411807,2776866.126422,0.563256325632563,0,0,0.0011001100110011,0.00275027502750275,0.432893289328933
281273.411807,2776866.126422,0.176007326007326,0.0556776556776557,0.0518315018315018,0.000366300366300366,0.015018315018315,0.701098901098901
281773.411807,2776866.126422,0.138644688644689,0.0272893772893773,0.00915750915750916,0.0391941391941392,0.097985347985348,0.687728937728938
282273.411807,2776866.126422,0.484965163182985,0.0264026402640264,0.00128346167950128,0.00495049504950495,0.0249358269160249,0.457462412907957
282773.411807,2776866.126422,0.887362637362637,0.000915750915750916,0,0.000366300366300366,0.00750915750915751,0.103846153846154
283273.411807,2776866.126422,0.481318681318681,0.0113553113553114,0,0.00421245421245421,0.0331501831501832,0.46996336996337
283773.411807,2776866.126422,0.733773377337734,0.0410707737440411,0,0.00935093509350935,0.0606894022735607,0.155115511551155
284273.411807,2776866.126422,0.670695970695971,0.0717948717948718,0,0.00897435897435897,0.023992673992674,0.224542124542125
284773.411807,2776866.126422,0.593223443223443,0.0454212454212454,0,0.0393772893772894,0.102380952380952,0.21959706959707
285273.411807,2776866.126422,0.803630363036304,0.000183351668500183,0,0.00165016501650165,0.00751741840850752,0.187018701870187
285773.411807,2776866.126422,0.708974358974359,0.00476190476190476,0,0.00347985347985348,0.0254578754578755,0.257326007326007
286273.411807,2776866.126422,0.597252747252747,0.0113553113553114,0,0.0163003663003663,0.0406593406593407,0.334432234432234
286773.411807,2776866.126422,0.371103777044371,0.428309497616428,0,0.0172350568390172,0.0308030803080308,0.152548588192153
287273.411807,2776866.126422,0.347619047619048,0.266666666666667,0.000183150183150183,0.118498168498168,0.0835164835164835,0.183516483516484
287773.411807,2776866.126422,0.647735993860322,0.0416986441545152,0,0.0422102839600921,0.0483499616270146,0.220005116398056
275273.411807,2776366.126422,0.0184837931958211,0.248057862309135,0.0937583712831503,0.206000535762122,0.0683096705062952,0.365389766943477
275773.411807,2776366.126422,0.0478635613423803,0.0656519347148359,0.0361269026224097,0.510728039611223,0.113882266642215,0.225747295066936
276273.411807,2776366.126422,0.040131940626718,0.268279274326553,0.000183250870441635,0.051676745464541,0.066703316840755,0.573025471870991
276773.411807,2776366.126422,0.0552394934850431,0.137272894109011,0.000183519911910442,0.222609653147366,0.106625068819967,0.478069370526702
277273.411807,2776366.126422,0.0232899321474418,0.0623509994498441,0.00128369704749679,0.769484687328076,0.0632679259123418,0.0803227581147992
277773.411807,2776366.126422,0.117097306212205,0.081729888216969,0.00623052959501558,0.20743998533993,0.0469122228330585,0.540590067802822
278273.411807,2776366.126422,0.278399706368141,0.0389062213250138,0.0196366305744173,0.0288126261699394,0.0359699027344467,0.598274912828042
278773.411807,2776366.126422,0.113332110764717,0.017604988079956,0.0337428938199156,0.00916926462497708,0.0465798642948836,0.779570878415551
279273.411807,2776366.126422,0.263148249954187,0.00842954004031519,0.00146600696353308,0.0232728605460876,0.0635880520432472,0.64009529045263
279773.411807,2776366.126422,0.653514406313085,0.0278950266103872,0.000183519911910442,0.0262433474031932,0.038172141677372,0.253991558084052
280273.411807,2776366.126422,0.754080322758115,0.000366770584999083,0,0,0.000733541169998166,0.244819365486888
280773.411807,2776366.126422,0.783947223749313,0.00311526479750779,0.00458127176104087,0,0.00623052959501558,0.202125710097123
281273.411807,2776366.126422,0.709304459533859,0.0110111947146265,0,0,0.00293631859056708,0.276748027160947
281773.411807,2776366.126422,0.405648267008986,0.0100861910874748,0.0231065468549422,0.000733541169998166,0.00678525582248304,0.553640198056116
282273.411807,2776366.126422,0.225215319772769,0.0525929998167491,0.032618654938611,0.00366501740883269,0.0267546270844787,0.65915338097856
282773.411807,2776366.126422,0.570196366305744,0.012846393833731,0,0.0211047898697009,0.0583593319875206,0.337493118003303
283273.411807,2776366.126422,0.6799926645883,0.028791490922428,0,0.000550155877498625,0.0383275261324042,0.252338162479369
283773.411807,2776366.126422,0.340480117280557,0.030602895363753,0,0.00164925783397471,0.0483782297965915,0.578889499725124
284273.411807,2776366.126422,0.451275463387778,0.00697375665259681,0,0,0.0165167920719398,0.525233987887686
284773.411807,2776366.126422,0.492939666238768,0.0629011553273428,0,0.00256739409499358,0.0254905556574363,0.41610122868146
285273.411807,2776366.126422,0.424775517683709,0.0450797141286421,0,0.000549752611324904,0.036100421477002,0.493494594099322
285773.411807,2776366.126422,0.561754450357864,0.144063130849697,0,0.00422095797394017,0.0379886217654616,0.251972839053037
286273.411807,2776366.126422,0.647716853108381,0.00238400880249404,0,0.00385109114249037,0.0231065468549422,0.322941500091693
286773.411807,2776366.126422,0.60197910940077,0.118196811434854,0,0.00641378046545721,0.0317024005864028,0.241707898112516
287273.411807,2776366.126422,0.658836483758488,0.0478986970086254,0,0.0293631859056708,0.0534042943659387,0.210497338961277
287773.411807,2776366.126422,0.370360890708984,0.0483747120552854,0,0.0478628103404146,0.0517020732019452,0.481699513693371
275273.411807,2775866.126422,0.0340391316001072,0.123291342803538,0.0707585097829,0.502278209595283,0.0576253015277405,0.212007504690432
275773.411807,2775866.126422,0.077600440286186,0.10126582278481,0.0324711062190424,0.106219042377545,0.0546688680975968,0.627774720234819
276273.411807,2775866.126422,0.164468864468864,0.0551282051282051,0,0.0336996336996337,0.0706959706959707,0.676007326007326
276773.411807,2775866.126422,0.0585321100917431,0.315779816513761,0,0.0598165137614679,0.0627522935779816,0.503119266055046
277273.411807,2775866.126422,0.0497156485048615,0.242157402311502,0.020546688680976,0.311319024032288,0.0429279031370391,0.333333333333333
277773.411807,2775866.126422,0.0523809523809524,0.0901098901098901,0.00567765567765568,0.349267399267399,0.155128205128205,0.347435897435897
278273.411807,2775866.126422,0.262935779816514,0.0576146788990826,0.00458715596330275,0.0111926605504587,0.0469724770642202,0.616697247706422
278773.411807,2775866.126422,0.4736745551275,0.015410016510732,0.00220143093010457,0.122546321775821,0.0970464135021097,0.289121262153733
279273.411807,2775866.126422,0.354761904761905,0.00714285714285714,0,0.0604395604395604,0.0855311355311355,0.492124542124542
279773.411807,2775866.126422,0.711009174311927,0.0119266055045872,0.00073394495412844,0.00587155963302752,0.0159633027522936,0.254495412844037
280273.411807,2775866.126422,0.498440653091176,0.0130251330031187,0.00238488350761328,0.0275178866263071,0.0629242340854889,0.395707209686296
280773.411807,2775866.126422,0.722893772893773,0.000915750915750916,0,0.00201465201465201,0.00879120879120879,0.265384615384615
281273.411807,2775866.126422,0.595229357798165,0.00990825688073394,0,0.0055045871559633,0.0420183486238532,0.347339449541284
281773.411807,2775866.126422,0.768666299761512,0.002568336085122,0,0.00201797835259585,0.00605393505778756,0.220693450742983
282273.411807,2775866.126422,0.794322344322344,0.000915750915750916,0,0,0.00659340659340659,0.198168498168498
282773.411807,2775866.126422,0.769724770642202,0.00605504587155963,0,0.00201834862385321,0.0278899082568807,0.194311926605505
283273.411807,2775866.126422,0.379746835443038,0.0322876536415337,0,0.0546688680975968,0.368923133370024,0.164373509447808
283773.411807,2775866.126422,0.686263736263736,0.0236263736263736,0.000915750915750916,0.000183150183150183,0.0124542124542125,0.276556776556777
284273.411807,2775866.126422,0.784587155963303,0.0706422018348624,0,0.00110091743119266,0.00752293577981651,0.136146788990826
284773.411807,2775866.126422,0.668134287286736,0.00091726288754357,0,0.00201797835259585,0.0100898917629793,0.318840579710145
285273.411807,2775866.126422,0.698534798534798,0.0677655677655678,0,0.00549450549450549,0.0474358974358974,0.180769230769231
285773.411807,2775866.126422,0.528990825688073,0.183669724770642,0,0.00678899082568807,0.0489908256880734,0.231559633027523
286273.411807,2775866.126422,0.658778205833792,0.0484314804623005,0,0.00403595670519171,0.0262337185837461,0.26252063841497
286773.411807,2775866.126422,0.536263736263736,0.0355311355311355,0,0.0216117216117216,0.0490842490842491,0.357509157509158
287273.411807,2775866.126422,0.364036697247706,0.0794495412844037,0,0.0337614678899083,0.0741284403669725,0.448623853211009
287773.411807,2775866.126422,0.271959026888604,0.0427656850192061,0,0.271446862996159,0.160051216389245,0.253777208706786
275273.411807,2775366.126422,0.0580524344569288,0.164794007490637,0.00160513643659711,0.374531835205993,0.0711610486891386,0.329855537720706
275773.411807,2775366.126422,0.0578754578754579,0.0924908424908425,0.0122710622710623,0.425274725274725,0.102197802197802,0.30989010989011
276273.411807,2775366.126422,0.105060506050605,0.0414374770810414,0.0113678034470114,0.0870920425375871,0.104877154382105,0.65016501650165
276773.411807,2775366.126422,0.146336996336996,0.116849816849817,0.0010989010989011,0.0631868131868132,0.107875457875458,0.564652014652015
277273.411807,2775366.126422,0.0990842490842491,0.118498168498168,0,0.110622710622711,0.0613553113553114,0.61043956043956
277773.411807,2775366.126422,0.0632563256325633,0.106527319398607,0.0434543454345435,0.0425375870920425,0.0502383571690502,0.693986065273194
278273.411807,2775366.126422,0.0461538461538462,0.156410256410256,0.0492673992673993,0.201465201465201,0.0826007326007326,0.464102564102564
278773.411807,2775366.126422,0.0402930402930403,0.0472527472527473,0.00567765567765568,0.418315018315018,0.109340659340659,0.379120879120879
279273.411807,2775366.126422,0.0889255592225889,0.184451778511184,0.0176017601760176,0.167583425009168,0.149248258159149,0.392189218921892
279773.411807,2775366.126422,0.18021978021978,0.127838827838828,0.000183150183150183,0.173992673992674,0.113736263736264,0.404029304029304
280273.411807,2775366.126422,0.245604395604396,0.121062271062271,0.00256410256410256,0.089010989010989,0.0811355311355311,0.460622710622711
280773.411807,2775366.126422,0.364686468646865,0.101026769343601,0.00055005500550055,0.0209020902090209,0.0517051705170517,0.461129446277961
281273.411807,2775366.126422,0.872161172161172,0.000915750915750916,0,0.000366300366300366,0.00293040293040293,0.123626373626374
281773.411807,2775366.126422,0.615750915750916,0.0104395604395604,0,0.00586080586080586,0.0542124542124542,0.313736263736264
282273.411807,2775366.126422,0.72002200220022,0.0190685735240191,0,0.0044004400440044,0.0361202786945361,0.22038870553722
282773.411807,2775366.126422,0.823809523809524,0.00402930402930403,0,0.00366300366300366,0.0212454212454212,0.147252747252747
283273.411807,2775366.126422,0.645604395604396,0.00695970695970696,0,0.00128205128205128,0.0452380952380952,0.300915750915751
283773.411807,2775366.126422,0.586175284195086,0.0124679134580125,0,0.0163182984965163,0.0432709937660433,0.341767510084342
284273.411807,2775366.126422,0.686996336996337,0.000732600732600733,0,0.0142857142857143,0.0296703296703297,0.268315018315018
284773.411807,2775366.126422,0.459157509157509,0.0512820512820513,0.000915750915750916,0.21959706959707,0.112271062271062,0.156776556776557
285273.411807,2775366.126422,0.31023102310231,0.320498716538321,0,0.0738907224055739,0.127246057939127,0.168133480014668
285773.411807,2775366.126422,0.727106227106227,0.063003663003663,0,0.00274725274725275,0.0298534798534799,0.177289377289377
286273.411807,2775366.126422,0.662820512820513,0.0296703296703297,0,0.000183150183150183,0.0221611721611722,0.285164835164835
286773.411807,2775366.126422,0.529519618628529,0.0498716538320499,0,0.00293362669600293,0.041987532086542,0.375687568756876
287273.411807,2775366.126422,0.21996336996337,0.0141025641025641,0,0.238095238095238,0.0593406593406593,0.468498168498168
287773.411807,2775366.126422,0.108979278587874,0.135072908672295,0.0110002558199028,0.23407521105142,0.144794064978255,0.366078280890253
275273.411807,2774866.126422,0,0.271631395660327,0.0468791856415751,0.169568711492098,0.014197696222877,0.497723010983123
275773.411807,2774866.126422,0.0491472583898771,0.229231615624427,0.000183385292499542,0.233082706766917,0.0953603520997616,0.392994681826518
276273.411807,2774866.126422,0.0888766721641928,0.0773318673263698,0.017042330951072,0.123877588418545,0.07623236210372,0.6166391790361
276773.411807,2774866.126422,0.0706551660855203,0.109744907322444,0.0440447788585061,0.0148651128647458,0.0579922921636998,0.702697742705083
277273.411807,2774866.126422,0.0117366587199707,0.0984779020722538,0.0231065468549422,0.278378874014304,0.15606088391711,0.432239134421419
277773.411807,2774866.126422,0.0831958951805021,0.0386659336631849,0.0969397104636247,0.015026571376214,0.0976727139453912,0.668499175371083
278273.411807,2774866.126422,0.0561570930445953,0.104789869700863,0.0328500642319692,0.184988071205726,0.109561387410534,0.511653514406313
278773.411807,2774866.126422,0.0750045846323125,0.0812396845772969,0.00201723821749496,0.28809829451678,0.154410416284614,0.399229781771502
279273.411807,2774866.126422,0.0705515851200293,0.118563313175738,0.0122778083195895,0.0879604178119846,0.136521898479018,0.574124977093641
279773.411807,2774866.126422,0.084235639566893,0.0882730776289227,0,0.115250504679758,0.146081849880712,0.566158928243714
280273.411807,2774866.126422,0.0827067669172932,0.303502659086741,0.00898587933247754,0.0275077938749312,0.0757381258023107,0.501558774986246
280773.411807,2774866.126422,0.175554333883086,0.201026204874473,0.00219901044529962,0.026571376214037,0.130474619754444,0.46417445482866
281273.411807,2774866.126422,0.185171591117636,0.0924940356028629,0.00311983850247752,0.0930445953385942,0.0880895577170123,0.538080381721417
281773.411807,2774866.126422,0.650651017788373,0.0141206675224647,0.00146708233999633,0.0254905556574363,0.061984228864845,0.246286447826884
282273.411807,2774866.126422,0.94062671797691,0.000183250870441635,0,0.00109950522264981,0.00586402785413231,0.0522264980758659
282773.411807,2774866.126422,0.764176913195082,0.0100935951550743,0,0.000917599559552211,0.0159662323362085,0.208845659754083
283273.411807,2774866.126422,0.771685310838071,0.00146708233999633,0,0.000916926462497708,0.0190720704199523,0.206858609939483
283773.411807,2774866.126422,0.703316840754994,0.00641378046545721,0,0.00641378046545721,0.0137438152831226,0.270111783030969
284273.411807,2774866.126422,0.534593503395118,0.0306478252890439,0.000183519911910442,0.00715727656450725,0.0458799779776106,0.38153789686181
284773.411807,2774866.126422,0.624610306253438,0.00788556757748029,0,0.00788556757748029,0.028791490922428,0.330827067669173
285273.411807,2774866.126422,0.317940260216236,0.113982041414697,0,0.220084295400403,0.13230712845886,0.215686274509804
285773.411807,2774866.126422,0.392182051752615,0.00623967700495504,0,0.310515690952468,0.126628739218205,0.164433841071756
286273.411807,2774866.126422,0.45186136071887,0.00843572345497891,0,0.142490372272144,0.109114249037227,0.28809829451678
286773.411807,2774866.126422,0.5224482316291,0.0139270661535642,0,0.0454462158695254,0.0558915154846986,0.362286970863112
287273.411807,2774866.126422,0.12442650027528,0.0603780510185355,0.0034868783262984,0.414387961093779,0.177647274729308,0.219673334556799
287773.411807,2774866.126422,0.0386485794727412,0.134886101868441,0.037112874328129,0.478628103404146,0.138213463015101,0.172510877911441
275273.411807,2774366.126422,0.0495845617796837,0.122487268828732,0.00187617260787992,0.0238541945859019,0.0932725810774591,0.708925221120343
275773.411807,2774366.126422,0.127316088791048,0.182718767198679,0,0.0487983856173179,0.144744083654375,0.49642267473858
276273.411807,2774366.126422,0.0954212454212454,0.108974358974359,0.000732600732600733,0.277289377289377,0.285347985347985,0.232234432234432
276773.411807,2774366.126422,0.0788990825688073,0.14954128440367,0.00110091743119266,0.103302752293578,0.0462385321100917,0.620917431192661
277273.411807,2774366.126422,0.0761328196661163,0.1726288754357,0.0293524124013942,0.0225646670335718,0.0359567051917079,0.66336452027151
277773.411807,2774366.126422,0.0419413919413919,0.452564102564103,0.0216117216117216,0.00201465201465201,0.013003663003663,0.468864468864469
278273.411807,2774366.126422,0.0392660550458716,0.145137614678899,0.0447706422018349,0.123669724770642,0.100183486238532,0.54697247706422
278773.411807,2774366.126422,0.101999633094845,0.0502660062373876,0.0181618051733627,0.428361768482847,0.167675655842965,0.233535131168593
279273.411807,2774366.126422,0.488827838827839,0.0368131868131868,0,0.00879120879120879,0.0141025641025641,0.451465201465201
279773.411807,2774366.126422,0.587339449541284,0.0511926605504587,0.00440366972477064,0.0146788990825688,0.0132110091743119,0.329174311926606
280273.411807,2774366.126422,0.559713813979086,0.0416437350944781,0.00165107319757843,0.0066042927903137,0.0511832691249312,0.339203815813612
280773.411807,2774366.126422,0.565750915750916,0.0221611721611722,0,0.00183150183150183,0.0208791208791209,0.389377289377289
281273.411807,2774366.126422,0.500917431192661,0.193394495412844,0.00036697247706422,0.00330275229357798,0.0332110091743119,0.268807339449541
281773.411807,2774366.126422,0.177215189873418,0.329297376628142,0.00458631443771785,0.0882406897816914,0.114657860942946,0.286002568336085
282273.411807,2774366.126422,0.247069597069597,0.111172161172161,0,0.054029304029304,0.108058608058608,0.47967032967033
282773.411807,2774366.126422,0.455412844036697,0.175963302752294,0.00165137614678899,0.0168807339449541,0.0462385321100917,0.303853211009174
283273.411807,2774366.126422,0.303430563199413,0.0187121629058888,0.000366905155017428,0.0337552742616034,0.0966795083470923,0.547055586130985
283773.411807,2774366.126422,0.268498168498168,0.0142857142857143,0,0.0283882783882784,0.0906593406593407,0.598168498168498
284273.411807,2774366.126422,0.584036697247706,0.00862385321100917,0,0.0379816513761468,0.0321100917431193,0.337247706422018
284773.411807,2774366.126422,0.590350394423042,0.00458631443771785,0,0.0464135021097046,0.0262337185837461,0.33241607044579
285273.411807,2774366.126422,0.195054945054945,0.0108058608058608,0,0.427106227106227,0.110989010989011,0.256043956043956
285773.411807,2774366.126422,0.231376146788991,0.0214678899082569,0.00036697247706422,0.386605504587156,0.122201834862385,0.237981651376147
286273.411807,2774366.126422,0.105118326912493,0.129334067143643,0.00880572372041827,0.264538616767566,0.159053384700055,0.333149880755825
286773.411807,2774366.126422,0.284981684981685,0.0882783882783883,0.00805860805860806,0.225641025641026,0.123260073260073,0.26978021978022
287273.411807,2774366.126422,0.0489908256880734,0.142018348623853,0.0299082568807339,0.392844036697248,0.159816513761468,0.226422018348624
287773.411807,2774366.126422,0.0555697823303457,0.156209987195903,0.0642765685019206,0.591037131882202,0.0893725992317542,0.0435339308578745
275273.411807,2773866.126422,0.0585874799357945,0.147137506688068,0,0.0313001605136437,0.0735687533440342,0.689406099518459
275773.411807,2773866.126422,0.0543956043956044,0.21996336996337,0,0.228205128205128,0.104945054945055,0.392490842490842
276273.411807,2773866.126422,0.0753575357535754,0.243491015768244,0,0.376604327099377,0.16024935826916,0.144297763109644
276773.411807,2773866.126422,0.129487179487179,0.184615384615385,0,0.0481684981684982,0.0402930402930403,0.597435897435897
277273.411807,2773866.126422,0.082967032967033,0.0666666666666667,0.0494505494505494,0.183699633699634,0.132417582417582,0.484798534798535
277773.411807,2773866.126422,0.112944627796113,0.0595892922625596,0.00458379171250458,0.156765676567657,0.0938760542720939,0.572240557389072
278273.411807,2773866.126422,0.0697802197802198,0.0967032967032967,0.000732600732600733,0.400732600732601,0.119047619047619,0.313003663003663
278773.411807,2773866.126422,0.0968864468864469,0.0311355311355311,0.00824175824175824,0.603479853479853,0.14010989010989,0.12014652014652
279273.411807,2773866.126422,0.232856618995233,0.0287862119545288,0.00916758342500917,0.173817381738174,0.105977264393106,0.449394939493949
279773.411807,2773866.126422,0.578937728937729,0.000732600732600733,0,0.000183150183150183,0.0043956043956044,0.415750915750916
280273.411807,2773866.126422,0.804945054945055,0.00476190476190476,0,0,0.000366300366300366,0.18992673992674
280773.411807,2773866.126422,0.821232123212321,0.00055005500550055,0,0,0.00183351668500183,0.176384305097176
281273.411807,2773866.126422,0.783699633699634,0.0258241758241758,0,0.000549450549450549,0.0122710622710623,0.177655677655678
281773.411807,2773866.126422,0.707509157509158,0.0126373626373626,0,0,0.000732600732600733,0.279120879120879
282273.411807,2773866.126422,0.644847818115145,0.0245691235790246,0.000916758342500917,0.00586725339200587,0.0491382471580491,0.274660799413275
282773.411807,2773866.126422,0.358791208791209,0.0304029304029304,0,0.0562271062271062,0.102380952380952,0.452197802197802
283273.411807,2773866.126422,0.435714285714286,0.00604395604395604,0.0115384615384615,0.00128205128205128,0.00787545787545788,0.537545787545788
283773.411807,2773866.126422,0.221855518885222,0.00183351668500183,0,0.00458379171250458,0.0033003300330033,0.768426842684268
284273.411807,2773866.126422,0.279120879120879,0.00567765567765568,0.00897435897435897,0.0208791208791209,0.034981684981685,0.6503663003663
284773.411807,2773866.126422,0.452014652014652,0.0188644688644689,0,0.1,0.0926739926739927,0.336446886446886
285273.411807,2773866.126422,0.531719838650532,0.00788412174550788,0,0.0643564356435644,0.0944261092775944,0.301613494682802
285773.411807,2773866.126422,0.15970695970696,0.0697802197802198,0.000915750915750916,0.201831501831502,0.192857142857143,0.374908424908425
286273.411807,2773866.126422,0.0362637362637363,0.196886446886447,0.0141025641025641,0.339377289377289,0.195238095238095,0.218131868131868
286773.411807,2773866.126422,0.0276861019435277,0.137697103043638,0.0669233590025669,0.547854785478548,0.081958195819582,0.137880454712138
287273.411807,2773866.126422,0.101648351648352,0.171428571428571,0.0549450549450549,0.404761904761905,0.105494505494505,0.161721611721612
287773.411807,2773866.126422,0.193911486313635,0.0918393451010489,0.0153491941673062,0.324379636735738,0.123561013046815,0.250959324635457
275273.411807,2773366.126422,0.0886686311277793,0.20921510849183,0.244843289579427,0.0182159121350121,0.0431288507902491,0.395928207875703
275773.411807,2773366.126422,0.0940766550522648,0.278195488721804,0,0.0179717586649551,0.0537318907023657,0.55602420685861
276273.411807,2773366.126422,0.0335349092908191,0.107385010078798,0.212754260582738,0.129008612790911,0.113982041414697,0.403335165842038
276773.411807,2773366.126422,0.0948797944576987,0.163332721600294,0.00275279867865663,0.118186823270325,0.135804734813727,0.485043127179299
277273.411807,2773366.126422,0.0882083256922795,0.0937098844672657,0.00788556757748029,0.499724922061251,0.0915092609572712,0.218962039244453
