"x","y","forest","agri","water","built","other","grass"
300773.411807,2765866.126422,0.0681740322028092,0.025693730729702,0.00205549845837616,0.824940047961631,0.0668036998972251,0.0123329907502569
301273.411807,2765866.126422,0.0466072652501714,0.0236463331048663,0.0277587388622344,0.829335161069225,0.047978067169294,0.0246744345442084
301773.411807,2765866.126422,0.135292107960369,0.0194738640245986,0.00546634779637854,0.670994192005466,0.0587632388110694,0.110010249402118
302273.411807,2765866.126422,0.0109626584446728,0.012675573826653,0.000342583076396026,0.915381980130182,0.0445357999314834,0.0161014045906132
302773.411807,2765866.126422,0.120287868403016,0.0349554489376285,0,0.687799862919808,0.124057573680603,0.0328992460589445
303273.411807,2765866.126422,0.0228903313973352,0.0157157499145883,0,0.875298940895114,0.0679877007174581,0.0181072770755039
303773.411807,2765866.126422,0.142857142857143,0.226789996574169,0.121616992120589,0.0469338814662556,0.0219253168893457,0.439876670092497
304273.411807,2765866.126422,0.144276901987663,0.0366689513365319,0.00548320767649075,0.453735435229609,0.239204934886909,0.120630568882796
304773.411807,2765866.126422,0.0666211137683635,0.0666211137683635,0.00956610864366245,0.610181072770755,0.157157499145883,0.0898530919029723
305273.411807,2765866.126422,0.0911270983213429,0.0503597122302158,0.00685166152792052,0.634806440561836,0.172319287427201,0.0445357999314834
305773.411807,2765866.126422,0.128855380397533,0.0719671007539411,0.00959561343385881,0.567511994516792,0.180603152844414,0.0414667580534613
306273.411807,2765866.126422,0.152716091561326,0.0334813802528186,0,0.51349504612231,0.195421933720533,0.104885548343013
306773.411807,2765866.126422,0.558752997601918,0.0387118876327509,0.00239808153477218,0.0935251798561151,0.183967112024666,0.122644741349777
307273.411807,2765866.126422,0.510966415352981,0.0424948594928033,0,0.0603152844413982,0.150102810143934,0.236120630568883
307773.411807,2765866.126422,0.399385035872907,0.0724291083020157,0,0.0871199180047831,0.237786129142467,0.203279808677827
308273.411807,2765866.126422,0.0328879753340185,0.10688591983556,0.0195272353545735,0.218910585817061,0.1551901336074,0.466598150051387
308773.411807,2765866.126422,0.47943797121316,0.0318711446196025,0.000342700479780672,0.0383824537354352,0.203221384509938,0.246744345442084
309273.411807,2765866.126422,0.651520327980868,0.0529552442774172,0.00239152716091561,0.0211820977109669,0.0478305432183123,0.22412025965152
309773.411807,2765866.126422,0.266529633436108,0.217882836587873,0.00308324768756423,0.0174717368961973,0.114765330592669,0.380267214799589
310273.411807,2765866.126422,0.538039753255655,0.0764222069910898,0.0109664153529815,0.0023989033584647,0.0394105551747772,0.332762165867032
310773.411807,2765866.126422,0.859583190980526,0.0191322172873249,0,0.00239152716091561,0.0242569183464298,0.0946361462248036
311273.411807,2765866.126422,0.420349434737924,0.104487838300788,0.00479616306954436,0.0246659815005139,0.0829051044878383,0.362795477903392
311773.411807,2765866.126422,0.303289924605894,0.101096641535298,0,0.0325565455791638,0.197738176833448,0.365318711446196
312273.411807,2765866.126422,0.433891356337547,0.0720874615647421,0.000341646737273659,0.00683293474547318,0.0659378202938162,0.420908780321148
312773.411807,2765866.126422,0.515930113052415,0.0894141829393628,0.00890715998629668,0.0596094552929085,0.169236039739637,0.15690304898938
300773.411807,2765366.126422,0.0451376146788991,0.0313761467889908,0.0188990825688073,0.841284403669725,0.0535779816513761,0.00972477064220183
301273.411807,2765366.126422,0.0332049165290772,0.0238488350761328,0.00385250412768299,0.84883507613282,0.0695285268758026,0.0207301412584847
301773.411807,2765366.126422,0.0435897435897436,0.0388278388278388,0.000183150183150183,0.825091575091575,0.0758241758241758,0.0164835164835165
302273.411807,2765366.126422,0.0304587155963303,0.0258715596330275,0.00623853211009174,0.849357798165138,0.0693577981651376,0.0187155963302752
302773.411807,2765366.126422,0.0798018712162906,0.0254999082737112,0.00476976701522656,0.716198862594019,0.108603925885159,0.0651256650155935
303273.411807,2765366.126422,0.0388278388278388,0.252564102564103,0.00256410256410256,0.509523809523809,0.0831501831501831,0.113369963369963
303773.411807,2765366.126422,0.0699082568807339,0.275779816513761,0.105137614678899,0.123119266055046,0.0805504587155963,0.345504587155963
304273.411807,2765366.126422,0.113190240322877,0.0445789763346175,0.0209135938359934,0.524307466519905,0.149513850669602,0.147495872317006
304773.411807,2765366.126422,0.135714285714286,0.0388278388278388,0.00311355311355311,0.558791208791209,0.157692307692308,0.105860805860806
305273.411807,2765366.126422,0.366422018348624,0.0328440366972477,0.00073394495412844,0.425688073394495,0.127522935779817,0.0467889908256881
305773.411807,2765366.126422,0.682993946064942,0.029535864978903,0.000183452577508714,0.0333883691065859,0.072463768115942,0.181434599156118
306273.411807,2765366.126422,0.4496336996337,0.0344322344322344,0.00293040293040293,0.0771062271062271,0.241025641025641,0.194871794871795
306773.411807,2765366.126422,0.417064220183486,0.0655045871559633,0.0036697247706422,0.268440366972477,0.145504587155963,0.0998165137614679
307273.411807,2765366.126422,0.804072647220693,0.00807191341038342,0,0.00587048248027885,0.0361401577692167,0.145844799119428
307773.411807,2765366.126422,0.136263736263736,0.0655677655677656,0.00989010989010989,0.112087912087912,0.241025641025641,0.435164835164835
308273.411807,2765366.126422,0.733577981651376,0.0385321100917431,0,0.071743119266055,0.071743119266055,0.0844036697247706
308773.411807,2765366.126422,0.749220326545588,0.00935608145294441,0.00440286186020914,0.0412768299394606,0.0447624289121262,0.150981471289672
309273.411807,2765366.126422,0.663919413919414,0.0179487179487179,0,0.0102564102564103,0.0580586080586081,0.24981684981685
309773.411807,2765366.126422,0.694495412844037,0.0647706422018349,0,0.00825688073394495,0.0251376146788991,0.207339449541284
310273.411807,2765366.126422,0.871032838011374,0.00220143093010457,0,0,0.00183452577508714,0.124931205283434
310773.411807,2765366.126422,0.857692307692308,0.000183150183150183,0,0,0,0.142124542124542
311273.411807,2765366.126422,0.703119266055046,0.00220183486238532,0,0,0.00917431192660551,0.285504587155963
311773.411807,2765366.126422,0.570720968629609,0.0273344340487984,0,0.00752155567785727,0.0731975784259769,0.321225463217758
312273.411807,2765366.126422,0.694139194139194,0.00201465201465201,0,0.000366300366300366,0.00586080586080586,0.297619047619048
312773.411807,2765366.126422,0.931009174311927,0.00036697247706422,0,0,0,0.0686238532110092
300773.411807,2764866.126422,0.107875457875458,0.0423076923076923,0.00805860805860806,0.703296703296703,0.0952380952380952,0.0432234432234432
301273.411807,2764866.126422,0.0402930402930403,0.0212454212454212,0.00238095238095238,0.837728937728938,0.0802197802197802,0.0181318681318681
301773.411807,2764866.126422,0.028969563623029,0.0177851118445178,0,0.891822515584892,0.059039237257059,0.00238357169050238
302273.411807,2764866.126422,0.167948717948718,0.0293040293040293,0.00201465201465201,0.615567765567766,0.114835164835165,0.0703296703296703
302773.411807,2764866.126422,0.0943223443223443,0.0172161172161172,0.0032967032967033,0.760622710622711,0.0626373626373626,0.0619047619047619
303273.411807,2764866.126422,0.0623395672900623,0.248074807480748,0.0551888522185552,0.385588558855886,0.105243857719105,0.143564356435644
303773.411807,2764866.126422,0.135347985347985,0.162637362637363,0.06996336996337,0.389377289377289,0.102380952380952,0.14029304029304
304273.411807,2764866.126422,0.15952380952381,0.0534798534798535,0.0311355311355311,0.371062271062271,0.116849816849817,0.267948717948718
304773.411807,2764866.126422,0.296296296296296,0.0331866519985332,0.0210854418775211,0.555372203887055,0.0575724239090576,0.0364869820315365
305273.411807,2764866.126422,0.572161172161172,0.0419413919413919,0.00164835164835165,0.110989010989011,0.17967032967033,0.0935897435897436
305773.411807,2764866.126422,0.707875457875458,0.0307692307692308,0.00146520146520147,0.0487179487179487,0.110622710622711,0.100549450549451
306273.411807,2764866.126422,0.468463513017968,0.059039237257059,0.0108177484415108,0.121378804547121,0.181701503483682,0.158599193252659
306773.411807,2764866.126422,0.314835164835165,0.0487179487179487,0.000915750915750916,0.252197802197802,0.261172161172161,0.122161172161172
307273.411807,2764866.126422,0.185347985347985,0.0668498168498168,0.0113553113553114,0.375091575091575,0.276007326007326,0.0853479853479854
307773.411807,2764866.126422,0.117345067840117,0.0753575357535754,0.0231023102310231,0.22020535386872,0.21012101210121,0.353868720205354
308273.411807,2764866.126422,0.504761904761905,0.0880952380952381,0.0010989010989011,0.0622710622710623,0.178937728937729,0.164835164835165
308773.411807,2764866.126422,0.867032967032967,0.00750915750915751,0,0.00238095238095238,0.0225274725274725,0.100549450549451
309273.411807,2764866.126422,0.742757609094243,0.0306197286395306,0,0.011001100110011,0.041987532086542,0.173634030069674
309773.411807,2764866.126422,0.755860805860806,0.0124542124542125,0,0.000183150183150183,0.0104395604395604,0.221062271062271
310273.411807,2764866.126422,0.608974358974359,0.00256410256410256,0,0,0.0102564102564103,0.378205128205128
310773.411807,2764866.126422,0.92005867253392,0.00366703337000367,0,0,0.00385038503850385,0.0724239090575724
311273.411807,2764866.126422,0.720879120879121,0.01996336996337,0,0.00128205128205128,0.0142857142857143,0.243589743589744
311773.411807,2764866.126422,0.921611721611722,0.0010989010989011,0,0,0,0.0772893772893773
312273.411807,2764866.126422,0.804547121378805,0.00788412174550788,0,0.000916758342500917,0.00476714338100477,0.181884855152182
312773.411807,2764866.126422,0.778754578754579,0.00238095238095238,0,0,0.00402930402930403,0.214835164835165
300773.411807,2764366.126422,0.595889153973206,0.0152321526885667,0,0.166269040190861,0.104789869700863,0.117819783446504
301273.411807,2764366.126422,0.193654868879516,0.039611223179901,0.00568494406748579,0.549422336328626,0.167430772052081,0.0441958554923895
301773.411807,2764366.126422,0.116364302730438,0.0166758292101887,0.00146600696353308,0.755543338830859,0.0995052226498076,0.0104452996151732
302273.411807,2764366.126422,0.314186089190677,0.0256927876674619,0.0012846393833731,0.455312901449807,0.126445219306295,0.0770783630023858
302773.411807,2764366.126422,0.212910324591968,0.144324225197139,0.111314872547222,0.263157894736842,0.070419952319824,0.197872730607005
303273.411807,2764366.126422,0.0100787978742899,0.14458493677845,0.0863111599780099,0.509987172439069,0.062671797691039,0.186366135239142
303773.411807,2764366.126422,0.182235272527069,0.0357863828225362,0.0047715177096715,0.516241512204074,0.133602495870802,0.127362818865847
304273.411807,2764366.126422,0.143407298734641,0.0773885934348065,0.028791490922428,0.452594901888869,0.158261507427104,0.139556207592151
304773.411807,2764366.126422,0.0601062855048561,0.0919919369617006,0.0467289719626168,0.601795858530328,0.089792926516401,0.109584020524097
305273.411807,2764366.126422,0.284088823637365,0.0862543585979079,0.00770783630023858,0.351257111396587,0.196366305744173,0.0743255643237291
305773.411807,2764366.126422,0.110764716669723,0.0753713552173116,0.0706033376123235,0.305336512011737,0.171281863194572,0.266642215294333
306273.411807,2764366.126422,0.251236943375481,0.0461792193512919,0.00274876305662452,0.371999266996518,0.184716877405168,0.143118929814917
306773.411807,2764366.126422,0.180033033584144,0.0732244448522665,0.0047715177096715,0.415489080565241,0.21985685446871,0.106625068819967
307273.411807,2764366.126422,0.134238034109664,0.0511644966073721,0.00641848523748395,0.446726572528883,0.237300568494407,0.12415184302219
307773.411807,2764366.126422,0.147883452446399,0.0806303829943192,0.0274876305662452,0.185083379146051,0.209272494044347,0.349642660802639
308273.411807,2764366.126422,0.374197100385392,0.0882730776289227,0.000550559735731327,0.117452743622683,0.246650761607634,0.172875757019637
308773.411807,2764366.126422,0.590500641848524,0.0843572345497891,0.000366770584999083,0.0198056115899505,0.120484137172199,0.184485604254539
309273.411807,2764366.126422,0.478834524463991,0.0892431739050761,0.000733003481766538,0.0192413413963716,0.12552684625252,0.286421110500275
309773.411807,2764366.126422,0.819049366856304,0.0117452743622683,0,0.00311983850247752,0.00385391815011929,0.162231602128831
310273.411807,2764366.126422,0.862094260040345,0.00696864111498258,0,0,0.000916926462497708,0.130020172382175
310773.411807,2764366.126422,0.728055708264614,0.000549752611324904,0,0,0.00164925783397471,0.269745281290086
311273.411807,2764366.126422,0.769498990640484,0.00275279867865663,0,0,0.00110111947146265,0.226647091209396
311773.411807,2764366.126422,0.883000183385293,0.00201723821749496,0,0,0.00165046763249587,0.113332110764717
312273.411807,2764366.126422,0.724024189114898,0.00293201392706615,0,0,0.0122778083195895,0.260765988638446
312773.411807,2764366.126422,0.716094696274546,0.00770783630023858,0,0,0.00844191594788034,0.267755551477335
300773.411807,2763866.126422,0.239816513761468,0.0344954128440367,0.000917431192660551,0.404587155963303,0.210091743119266,0.110091743119266
301273.411807,2763866.126422,0.107319757842598,0.0344890845716382,0.0144927536231884,0.572738946982205,0.237754540451293,0.0332049165290772
301773.411807,2763866.126422,0.644688644688645,0.0183150183150183,0.0010989010989011,0.152014652014652,0.0761904761904762,0.107692307692308
302273.411807,2763866.126422,0.256697247706422,0.0662385321100917,0.0111926605504587,0.366605504587156,0.145321100917431,0.15394495412844
302773.411807,2763866.126422,0.0772335351311686,0.289855072463768,0.100165107319758,0.254815630159604,0.0963126031920749,0.181618051733627
303273.411807,2763866.126422,0.231501831501832,0.133333333333333,0,0.254029304029304,0.103296703296703,0.277838827838828
303773.411807,2763866.126422,0.27651376146789,0.028256880733945,0.0055045871559633,0.336146788990826,0.0811009174311927,0.272477064220183
304273.411807,2763866.126422,0.0662263804806457,0.0410933773619519,0.0194459732159237,0.796367638965327,0.0658594753256283,0.0110071546505228
304773.411807,2763866.126422,0.0210622710622711,0.0197802197802198,0.0043956043956044,0.888461538461538,0.0617216117216117,0.00457875457875458
305273.411807,2763866.126422,0.0777981651376147,0.0559633027522936,0.0311926605504587,0.545504587155963,0.155229357798165,0.134311926605505
305773.411807,2763866.126422,0.116125481563016,0.0465969546872134,0.0387084938543387,0.481012658227848,0.137956338286553,0.179600073381031
306273.411807,2763866.126422,0.102197802197802,0.0567765567765568,0.00457875457875458,0.489010989010989,0.251098901098901,0.0963369963369963
306773.411807,2763866.126422,0.098348623853211,0.08,0.0293577981651376,0.435596330275229,0.21302752293578,0.143669724770642
307273.411807,2763866.126422,0.0845716382315172,0.0471473124197395,0.0291689598238855,0.31957439002018,0.226930838378279,0.292606861126399
307773.411807,2763866.126422,0.436996336996337,0.073992673992674,0.0228937728937729,0.0106227106227106,0.104578754578755,0.350915750915751
308273.411807,2763866.126422,0.66256880733945,0.0234862385321101,0,0.0122935779816514,0.0385321100917431,0.263119266055046
308773.411807,2763866.126422,0.691432764630343,0.0251330031186938,0,0.000733810310034856,0.0280682443588332,0.254632177582095
309273.411807,2763866.126422,0.809340659340659,0.0184981684981685,0,0.00476190476190476,0.0225274725274725,0.144871794871795
309773.411807,2763866.126422,0.872110091743119,0.00128440366972477,0,0,0.00311926605504587,0.12348623853211
310273.411807,2763866.126422,0.884241423592001,0.00366905155017428,0,0,0.000183452577508714,0.111906072280316
310773.411807,2763866.126422,0.953113553113553,0.00128205128205128,0,0,0,0.0456043956043956
311273.411807,2763866.126422,0.915045871559633,0.00165137614678899,0,0,0,0.083302752293578
311773.411807,2763866.126422,0.89157952669235,0.0091726288754357,0,0,0,0.0992478444322143
312273.411807,2763866.126422,0.865750915750916,0.00457875457875458,0,0,0.00201465201465201,0.127655677655678
312773.411807,2763866.126422,0.983119266055046,0,0,0,0,0.0168807339449541
300773.411807,2763366.126422,0.554761904761905,0.0481684981684982,0,0.0450549450549451,0.0697802197802198,0.282234432234432
301273.411807,2763366.126422,0.552564102564103,0.0805860805860806,0.000366300366300366,0.0915750915750916,0.0653846153846154,0.20952380952381
301773.411807,2763366.126422,0.558855885588559,0.0364869820315365,0.0011001100110011,0.0872753942060873,0.0892922625595893,0.226989365603227
302273.411807,2763366.126422,0.0752747252747253,0.0712454212454212,0.00238095238095238,0.316666666666667,0.14029304029304,0.394139194139194
302773.411807,2763366.126422,0.0472527472527473,0.208058608058608,0.155860805860806,0.212820512820513,0.0437728937728938,0.332234432234432
303273.411807,2763366.126422,0.182618261826183,0.147781444811148,0.000183351668500183,0.353502016868353,0.222772277227723,0.0931426475980931
303773.411807,2763366.126422,0.157875457875458,0.113186813186813,0.0108058608058608,0.550915750915751,0.0965201465201465,0.0706959706959707
304273.411807,2763366.126422,0.121978021978022,0.0335164835164835,0.00402930402930403,0.598901098901099,0.169047619047619,0.0725274725274725
304773.411807,2763366.126422,0.0537220388705537,0.0495049504950495,0.0155848918225156,0.766776677667767,0.0947928126145948,0.0196186285295196
305273.411807,2763366.126422,0.080952380952381,0.0937728937728938,0.0043956043956044,0.482600732600733,0.212271062271062,0.126007326007326
305773.411807,2763366.126422,0.0818681318681319,0.0362637362637363,0.0225274725274725,0.283150183150183,0.13956043956044,0.436630036630037
306273.411807,2763366.126422,0.263292995966263,0.0863586358635864,0.0436376971030436,0.141364136413641,0.236523652365237,0.228822882288229
306773.411807,2763366.126422,0.511538461538461,0.047985347985348,0,0.00311355311355311,0.0542124542124542,0.383150183150183
307273.411807,2763366.126422,0.566849816849817,0.039010989010989,0,0.000732600732600733,0.0598901098901099,0.333516483516483
307773.411807,2763366.126422,0.38980564723139,0.0715071507150715,0,0.000183351668500183,0.0210854418775211,0.517418408507517
308273.411807,2763366.126422,0.91025641025641,0.0142857142857143,0,0,0.00384615384615385,0.0716117216117216
308773.411807,2763366.126422,0.599450549450549,0.0221611721611722,0,0.000183150183150183,0.028021978021978,0.35018315018315
309273.411807,2763366.126422,0.801430143014301,0.00513384671800513,0,0.000733406674000733,0.0209020902090209,0.171800513384672
309773.411807,2763366.126422,0.923809523809524,0.00256410256410256,0,0.000366300366300366,0.00146520146520147,0.0717948717948718
310273.411807,2763366.126422,0.958424908424908,0.00347985347985348,0,0,0.000732600732600733,0.0373626373626374
310773.411807,2763366.126422,0.978547854785479,0.00128346167950128,0,0,0,0.0201686835350202
311273.411807,2763366.126422,0.927106227106227,0.000549450549450549,0,0,0,0.0723443223443224
311773.411807,2763366.126422,0.886813186813187,0,0,0,0.000732600732600733,0.112454212454212
312273.411807,2763366.126422,0.924092409240924,0.00843417675100843,0,0,0.000366703337000367,0.0671067106710671
312773.411807,2763366.126422,0.954578754578755,0.013003663003663,0,0,0,0.0324175824175824
300773.411807,2762866.126422,0.882730776289227,0.00862543585979079,0,0.000367039823820885,0.0047715177096715,0.103505230317489
301273.411807,2762866.126422,0.820465798642949,0.00146708233999633,0,0.000366770584999083,0.00275077938749312,0.174949569044563
301773.411807,2762866.126422,0.804654572109218,0.00659703133589885,0,0.0393989371449514,0.0280373831775701,0.121312076232362
302273.411807,2762866.126422,0.106074509084236,0.066801247935401,0.00275279867865663,0.589832996880161,0.154707285740503,0.0798311616810424
302773.411807,2762866.126422,0.0733541169998166,0.106546854942234,0.0669356317623327,0.335228314689162,0.122868145974693,0.295066935631762
303273.411807,2762866.126422,0.108301264431006,0.106285504856148,0.11324903793293,0.3340663368151,0.0982224665567161,0.2398753894081
303773.411807,2762866.126422,0.104606349788952,0.0467975775371628,0.00697375665259681,0.666911359882547,0.137823453844742,0.0368875022939989
304273.411807,2762866.126422,0.111314872547222,0.0493306436823767,0.00586832935998533,0.629194938565927,0.169081239684577,0.035209976159912
304773.411807,2762866.126422,0.0842954004031519,0.0375664284405351,0.00164925783397471,0.712112882536192,0.122594832325454,0.0417811984606927
305273.411807,2762866.126422,0.157460084419159,0.0644154890805652,0.0335841438796109,0.571481005689117,0.130482657368324,0.0425766195632226
305773.411807,2762866.126422,0.353016688061617,0.121401063634696,0.00696864111498258,0.150559325142124,0.0706033376123235,0.297450944434256
306273.411807,2762866.126422,0.698918819864394,0.0141103170240059,0,0.000733003481766538,0.00329851566794942,0.282939343961884
306773.411807,2762866.126422,0.670398238208846,0.0233070288126262,0,0.00165167920719398,0.0277115066984768,0.276931547072857
307273.411807,2762866.126422,0.608655785805978,0.00586832935998533,0,0,0.00275077938749312,0.382725105446543
307773.411807,2762866.126422,0.708631115997801,0.024555616639179,0,0.000183250870441635,0.00513102437236577,0.261498992120213
308273.411807,2762866.126422,0.652229766929712,0.00550559735731327,0,0,0.00495503762158194,0.337309598091393
308773.411807,2762866.126422,0.683293599853292,0.00458463231248854,0,0,0.0053181734824867,0.306803594351733
309273.411807,2762866.126422,0.775334432838556,0.00329851566794942,0,0.00201575957485798,0.0089792926516401,0.210371999266997
309773.411807,2762866.126422,0.722884933015232,0.0222059093411635,0,0,0.00752431638832813,0.247384841255276
310273.411807,2762866.126422,0.682560058683294,0.0188886851274528,0,0,0.00513478818998716,0.293416467999266
310773.411807,2762866.126422,0.889133223382811,0.00238226131574125,0,0,0.00146600696353308,0.107018508337915
311273.411807,2762866.126422,0.959625619379703,0.000917599559552211,0,0,0.000734079647641769,0.0387227014131033
311773.411807,2762866.126422,0.974142673757565,0.000550155877498625,0,0,0,0.0253071703649367
312273.411807,2762866.126422,0.969946857247572,0,0,0,0,0.0300531427524281
312773.411807,2762866.126422,0.955221141493852,0.00550559735731327,0,0,0,0.0392732611488346
300773.411807,2762366.126422,0.948256880733945,0.00018348623853211,0,0,0,0.0515596330275229
301273.411807,2762366.126422,0.944597321592368,0,0,0,0.001284168042561,0.0541185103650706
301773.411807,2762366.126422,0.631135531135531,0.0183150183150183,0,0.0346153846153846,0.0838827838827839,0.232051282051282
302273.411807,2762366.126422,0.147155963302752,0.0515596330275229,0.00220183486238532,0.572477064220184,0.141100917431193,0.0855045871559633
302773.411807,2762366.126422,0.174279948633278,0.0533847000550358,0.00440286186020914,0.0821867547239039,0.0867730691616217,0.598972665565951
303273.411807,2762366.126422,0.10989010989011,0.201098901098901,0.0142857142857143,0.197252747252747,0.103113553113553,0.374358974358974
303773.411807,2762366.126422,0.160917431192661,0.140183486238532,0.0744954128440367,0.213394495412844,0.0656880733944954,0.345321100917431
304273.411807,2762366.126422,0.156301596037424,0.0757659145110989,0.00165107319757843,0.499174463401211,0.181984956888644,0.0851219959640433
304773.411807,2762366.126422,0.131501831501832,0.056959706959707,0.0131868131868132,0.596520146520147,0.145787545787546,0.056043956043956
305273.411807,2762366.126422,0.485504587155963,0.0618348623853211,0.00935779816513761,0.216697247706422,0.135229357798165,0.0913761467889908
305773.411807,2762366.126422,0.7831590533847,0.017978352595854,0,0.00110071546505228,0.00366905155017428,0.194092827004219
306273.411807,2762366.126422,0.668315018315018,0.00256410256410256,0,0,0,0.329120879120879
306773.411807,2762366.126422,0.751559633027523,0.00146788990825688,0,0,0,0.24697247706422
307273.411807,2762366.126422,0.516969363419556,0.0122913226930838,0,0.00183452577508714,0.016694184553293,0.45221060355898
307773.411807,2762366.126422,0.928937728937729,0.00128205128205128,0,0,0.00146520146520147,0.0683150183150183
308273.411807,2762366.126422,0.721651376146789,0.00403669724770642,0,0.000917431192660551,0.00348623853211009,0.269908256880734
308773.411807,2762366.126422,0.478627774720235,0.0126582278481013,0,0.00293524124013942,0.0216474041460283,0.484131352045496
309273.411807,2762366.126422,0.541025641025641,0.021978021978022,0.000366300366300366,0.00384615384615385,0.0368131868131868,0.395970695970696
309773.411807,2762366.126422,0.715412844036697,0.00917431192660551,0,0.00110091743119266,0.00587155963302752,0.268440366972477
310273.411807,2762366.126422,0.700238488350761,0.0227481196110805,0,0,0.00843881856540084,0.268574573472757
310773.411807,2762366.126422,0.96978021978022,0.00604395604395604,0,0,0,0.0241758241758242
311273.411807,2762366.126422,0.945137614678899,0.00532110091743119,0,0,0.00201834862385321,0.0475229357798165
311773.411807,2762366.126422,0.993946064942212,0.000183452577508714,0,0,0,0.00587048248027885
312273.411807,2762366.126422,0.996153846153846,0.00128205128205128,0,0,0,0.00256410256410256
312773.411807,2762366.126422,0.963669724770642,0.00146788990825688,0,0,0,0.0348623853211009
300773.411807,2761866.126422,0.943040293040293,0,0,0,0,0.056959706959707
301273.411807,2761866.126422,0.815567765567766,0.0175824175824176,0,0.0126373626373626,0.0501831501831502,0.104029304029304
301773.411807,2761866.126422,0.15034836817015,0.070957095709571,0.00476714338100477,0.472497249724972,0.185185185185185,0.116244957829116
302273.411807,2761866.126422,0.0957875457875458,0.0282051282051282,0.0117216117216117,0.508241758241758,0.1503663003663,0.205677655677656
302773.411807,2761866.126422,0.118681318681319,0.0282051282051282,0.000366300366300366,0.391208791208791,0.169230769230769,0.292307692307692
303273.411807,2761866.126422,0.252108544187752,0.0396039603960396,0,0.235790245691236,0.188302163549688,0.284195086175284
303773.411807,2761866.126422,0.126190476190476,0.110805860805861,0.0732600732600733,0.207509157509158,0.162637362637363,0.31959706959707
304273.411807,2761866.126422,0.174725274725275,0.12967032967033,0.0705128205128205,0.270879120879121,0.151465201465201,0.202747252747253
304773.411807,2761866.126422,0.403373670700403,0.0355702236890356,0.00385038503850385,0.396406307297396,0.133846718005134,0.026952695269527
305273.411807,2761866.126422,0.698901098901099,0.0527472527472527,0.000183150183150183,0.00567765567765568,0.0445054945054945,0.197985347985348
305773.411807,2761866.126422,0.693589743589744,0.0249084249084249,0,0.000183150183150183,0.00641025641025641,0.274908424908425
306273.411807,2761866.126422,0.338283828382838,0.00348368170150348,0,0.0100843417675101,0.0397873120645398,0.608360836083608
306773.411807,2761866.126422,0.510989010989011,0.00567765567765568,0,0.000183150183150183,0.00128205128205128,0.481868131868132
307273.411807,2761866.126422,0.832967032967033,0.00384615384615385,0,0,0.000366300366300366,0.162820512820513
307773.411807,2761866.126422,0.846718005133847,0.000916758342500917,0,0,0.00256692335900257,0.14979831316465
308273.411807,2761866.126422,0.914835164835165,0.000732600732600733,0,0,0.0010989010989011,0.0833333333333333
308773.411807,2761866.126422,0.775457875457875,0.0113553113553114,0,0.000549450549450549,0.00347985347985348,0.209157509157509
309273.411807,2761866.126422,0.947561422808948,0.00861752841950862,0,0,0,0.0438210487715438
309773.411807,2761866.126422,0.994322344322344,0.000183150183150183,0,0,0,0.00549450549450549
310273.411807,2761866.126422,0.931135531135531,0.00842490842490842,0,0,0.00201465201465201,0.0584249084249084
310773.411807,2761866.126422,0.988815548221489,0.00183351668500183,0,0,0,0.00935093509350935
311273.411807,2761866.126422,0.904212454212454,0.0184981684981685,0,0,0,0.0772893772893773
311773.411807,2761866.126422,0.984065934065934,0,0,0,0,0.0159340659340659
312273.411807,2761866.126422,0.947928126145948,0.00146681334800147,0,0.000366703337000367,0.00476714338100477,0.0454712137880455
312773.411807,2761866.126422,0.954212454212454,0.00293040293040293,0,0,0,0.0428571428571429
300773.411807,2761366.126422,0.594237474766012,0.0214718296935217,0,0.0801982015048633,0.12442650027528,0.179665993760323
301273.411807,2761366.126422,0.186686227764533,0.0618008435723455,0.000916926462497708,0.315239317806712,0.246653218411883,0.188703465982028
301773.411807,2761366.126422,0.316657504123145,0.112516034451164,0.000366501740883269,0.235110866776617,0.239142385926333,0.0962067069818582
302273.411807,2761366.126422,0.344099834832079,0.0824004404477886,0,0.0546889337493118,0.209212699577904,0.309598091392916
302773.411807,2761366.126422,0.383275261324042,0.033192737942417,0.00110031175499725,0.0673024023473317,0.244269209609389,0.270860077021823
303273.411807,2761366.126422,0.292285138354407,0.0161260765988638,0,0.0236393622869709,0.0463624702217336,0.621586952538025
303773.411807,2761366.126422,0.226647091209396,0.0431271792989539,0.009543035419343,0.372545421178198,0.155808405211966,0.192328867682144
304273.411807,2761366.126422,0.122134604804695,0.0803227581147992,0.11204841371722,0.53603520997616,0.068402714102329,0.0810562992847974
304773.411807,2761366.126422,0.92596664834158,0.0155763239875389,0,0.0216236027121129,0.0111783030969397,0.0256551218618288
305273.411807,2761366.126422,0.789869700862544,0.00550559735731327,0,0,0.0115617544503579,0.193062947329785
305773.411807,2761366.126422,0.746011369888135,0.0269576379974326,0.00385109114249037,0.0166880616174583,0.0515312671923712,0.154960572162113
306273.411807,2761366.126422,0.765805387575591,0.00384826827927433,0,0,0.000733003481766538,0.229613340663368
306773.411807,2761366.126422,0.977060011011195,0,0,0,0,0.0229399889888053
307273.411807,2761366.126422,0.644232532550889,0.00715202640748212,0,0.000366770584999083,0.0172382174949569,0.331010452961672
307773.411807,2761366.126422,0.901411031702401,0.000549752611324904,0,0.000733003481766538,0.00604727872457394,0.091258933479934
308273.411807,2761366.126422,0.881813176729675,0.00440447788585061,0,0.000183519911910442,0.00642319691686548,0.107175628555698
308773.411807,2761366.126422,0.881349715752797,0.0269576379974326,0,0.000550155877498625,0.00733541169998166,0.0838070786722905
309273.411807,2761366.126422,0.979292651640095,0.000183250870441635,0,0,0,0.0205240974894631
309773.411807,2761366.126422,0.990640484492567,0,0,0,0,0.00935951550743256
310273.411807,2761366.126422,0.937465615257656,0.000366770584999083,0,0,0.000183385292499542,0.061984228864845
310773.411807,2761366.126422,0.976360637713029,0,0,0,0,0.0236393622869709
311273.411807,2761366.126422,0.830794641218572,0.0110111947146265,0,0.000367039823820885,0.025325747843641,0.132501376399339
311773.411807,2761366.126422,0.847423436640381,0.00293416467999266,0,0,0.0075187969924812,0.142123601687145
312273.411807,2761366.126422,0.862561847168774,0.00403151914971596,0,0,0.00256551218618288,0.130841121495327
312773.411807,2761366.126422,0.879427417874839,0.00367039823820885,0,0.000367039823820885,0.0139475133051936,0.102587630757937
300773.411807,2760866.126422,0.37651376146789,0.048256880733945,0,0.0634862385321101,0.119266055045872,0.392477064220183
301273.411807,2760866.126422,0.387818748853421,0.0388919464318474,0,0.076316272243625,0.137956338286553,0.359016694184553
301773.411807,2760866.126422,0.422527472527473,0.0968864468864469,0,0.0489010989010989,0.146886446886447,0.284798534798535
302273.411807,2760866.126422,0.505137614678899,0.0921100917431193,0.00055045871559633,0.0163302752293578,0.105504587155963,0.280366972477064
302773.411807,2760866.126422,0.431297009722987,0.0346725371491469,0,0.0253164556962025,0.133003118693818,0.375710878737846
303273.411807,2760866.126422,0.59029304029304,0.03003663003663,0,0.052014652014652,0.104029304029304,0.223626373626374
303773.411807,2760866.126422,0.638532110091743,0.018348623853211,0,0.0469724770642202,0.0809174311926606,0.215229357798165
304273.411807,2760866.126422,0.16125481563016,0.0820033021463952,0.165657677490369,0.312603192074849,0.197028068244359,0.081452944413869
304773.411807,2760866.126422,0.608974358974359,0.0335164835164835,0.00549450549450549,0.0637362637362637,0.114102564102564,0.174175824175824
305273.411807,2760866.126422,0.612660550458716,0.0332110091743119,0,0.058348623853211,0.120183486238532,0.175596330275229
305773.411807,2760866.126422,0.613281966611631,0.0216474041460283,0,0.0392588515868648,0.135938359933957,0.189873417721519
306273.411807,2760866.126422,0.61025641025641,0.0322344322344322,0.000366300366300366,0.067032967032967,0.197435897435897,0.0926739926739927
306773.411807,2760866.126422,0.53394495412844,0.024954128440367,0.00055045871559633,0.0552293577981651,0.21743119266055,0.167889908256881
307273.411807,2760866.126422,0.700055035773253,0.0203632361034673,0,0.0108237020730141,0.0842047330764997,0.184553292973766
307773.411807,2760866.126422,0.966300366300366,0.00567765567765568,0,0,0.00146520146520147,0.0265567765567766
308273.411807,2760866.126422,0.990275229357798,0.00018348623853211,0,0,0,0.00954128440366972
308773.411807,2760866.126422,0.946982205099982,0.00183452577508714,0,0,0,0.0511832691249312
309273.411807,2760866.126422,0.811904761904762,0.0021978021978022,0,0.000366300366300366,0.0139194139194139,0.171611721611722
309773.411807,2760866.126422,0.799633027522936,0.00293577981651376,0,0.000917431192660551,0.011743119266055,0.184770642201835
310273.411807,2760866.126422,0.918363603008622,0,0,0,0.000366905155017428,0.0812694918363603
310773.411807,2760866.126422,0.78956043956044,0.00897435897435897,0,0.00238095238095238,0.0159340659340659,0.183150183150183
311273.411807,2760866.126422,0.944954128440367,0.00385321100917431,0,0,0.00073394495412844,0.0504587155963303
311773.411807,2760866.126422,0.987892129884425,0.001284168042561,0,0,0,0.0108237020730141
312273.411807,2760866.126422,0.983333333333333,0,0,0,0,0.0166666666666667
312773.411807,2760866.126422,0.985688073394495,0,0,0,0,0.0143119266055046
300773.411807,2760366.126422,0.478754578754579,0.0274725274725275,0,0.0734432234432234,0.152014652014652,0.268315018315018
301273.411807,2760366.126422,0.495054945054945,0.0448717948717949,0.000183150183150183,0.047985347985348,0.112454212454212,0.299450549450549
301773.411807,2760366.126422,0.447561422808948,0.110561056105611,0.015034836817015,0.0258525852585259,0.197103043637697,0.203887055372204
302273.411807,2760366.126422,0.55989010989011,0.0584249084249084,0.019047619047619,0.0131868131868132,0.122344322344322,0.227106227106227
302773.411807,2760366.126422,0.543040293040293,0.0203296703296703,0,0.0474358974358974,0.0816849816849817,0.307509157509158
303273.411807,2760366.126422,0.719288595526219,0.0177851118445178,0,0.0108177484415108,0.12999633296663,0.122112211221122
303773.411807,2760366.126422,0.765201465201465,0.0113553113553114,0.00146520146520147,0.0446886446886447,0.0787545787545788,0.0985347985347985
304273.411807,2760366.126422,0.511538461538461,0.0373626373626374,0.128571428571429,0.0227106227106227,0.0419413919413919,0.257875457875458
304773.411807,2760366.126422,0.368903557022369,0.130729739640631,0.111111111111111,0.0918591859185919,0.00825082508250825,0.289145581224789
305273.411807,2760366.126422,0.492857142857143,0.0437728937728938,0.00311355311355311,0.0970695970695971,0.171611721611722,0.191575091575092
305773.411807,2760366.126422,0.496886446886447,0.0454212454212454,0.00164835164835165,0.0355311355311355,0.181318681318681,0.239194139194139
306273.411807,2760366.126422,0.772827282728273,0.0185185185185185,0,0.00843417675100843,0.0691235790245691,0.131096442977631
306773.411807,2760366.126422,0.872710622710623,0.00384615384615385,0,0.00164835164835165,0.0104395604395604,0.111355311355311
307273.411807,2760366.126422,0.707692307692308,0.00787545787545788,0,0.00347985347985348,0.0216117216117216,0.259340659340659
307773.411807,2760366.126422,0.817565089842318,0.0212687935460213,0,0,0.0161349468280161,0.145031169783645
308273.411807,2760366.126422,0.68992673992674,0.0124542124542125,0.000915750915750916,0.00201465201465201,0.0406593406593407,0.254029304029304
308773.411807,2760366.126422,0.863369963369963,0.000915750915750916,0,0,0.00695970695970696,0.128754578754579
309273.411807,2760366.126422,0.835533553355336,0.00586725339200587,0,0.000366703337000367,0.0177851118445178,0.14044737807114
309773.411807,2760366.126422,0.900732600732601,0.01996336996337,0,0.00128205128205128,0.00384615384615385,0.0741758241758242
310273.411807,2760366.126422,0.860989010989011,0.0117216117216117,0,0,0.000183150183150183,0.127106227106227
310773.411807,2760366.126422,0.875137513751375,0.00513384671800513,0,0,0,0.11972863953062
311273.411807,2760366.126422,0.912454212454212,0.000549450549450549,0,0,0.00128205128205128,0.0857142857142857
311773.411807,2760366.126422,0.984432234432234,0,0,0,0,0.0155677655677656
312273.411807,2760366.126422,0.996149614961496,0,0,0,0,0.00385038503850385
312773.411807,2760366.126422,0.907142857142857,0.000183150183150183,0,0,0.000732600732600733,0.0919413919413919
300773.411807,2759866.126422,0.493118003303358,0.102771150669848,0,0.105890989172325,0.158010644154891,0.140209212699578
301273.411807,2759866.126422,0.875114615807812,0.00238400880249404,0,0.00953603520997616,0.00678525582248304,0.106180084357235
301773.411807,2759866.126422,0.885468205973978,0.0287703866593366,0,0.00109950522264981,0.0313358988455195,0.0533260032985157
302273.411807,2759866.126422,0.649660488162966,0.0482657368324463,0,0.00660671682877592,0.0897412369242063,0.205725821251606
302773.411807,2759866.126422,0.593984962406015,0.0146708233999633,0.0284247203374289,0.0262240968274344,0.04401247019989,0.292682926829268
303273.411807,2759866.126422,0.339197361187466,0.105919003115265,0.0962067069818582,0.0798973795125527,0.134689389774601,0.244090159428257
303773.411807,2759866.126422,0.192695907505964,0.117269223710773,0.0827674802716095,0.160212883097816,0.11616810423931,0.330886401174527
304273.411807,2759866.126422,0.582064918393545,0.0900421786172749,0.0940766550522648,0.00843572345497891,0.00275077938749312,0.222629745094443
304773.411807,2759866.126422,0.600146600696353,0.0621220450797141,0.000183250870441635,0.00256551218618288,0.0278541323071285,0.30712845886018
305273.411807,2759866.126422,0.773903468526335,0.0554230133969536,0.0334006239677005,0.0262433474031932,0.00605615709304459,0.104973389612773
305773.411807,2759866.126422,0.925912341830185,0,0,0,0,0.0740876581698148
306273.411807,2759866.126422,0.940443467106469,0.00183250870441635,0,0.000183250870441635,0.00109950522264981,0.0564412680960235
306773.411807,2759866.126422,0.933932831712241,0.00458799779776106,0,0,0.00165167920719398,0.0598274912828042
307273.411807,2759866.126422,0.90794058316523,0.00275077938749312,0,0.000183385292499542,0.00165046763249587,0.0874747845222813
307773.411807,2759866.126422,0.842404251420194,0.00604727872457394,0,0,0.0053142752428074,0.146234194612424
308273.411807,2759866.126422,0.966232336208479,0.00422095797394017,0,0,0,0.0295467058175812
308773.411807,2759866.126422,0.951586282780121,0.00165046763249587,0,0,0,0.0467632495873831
309273.411807,2759866.126422,0.962800073300348,0.0109950522264981,0,0,0,0.0262048744731537
309773.411807,2759866.126422,0.961460818498807,0.00183519911910442,0,0,0,0.0367039823820885
310273.411807,2759866.126422,0.922978177150193,0.00788556757748029,0,0,0,0.0691362552723272
310773.411807,2759866.126422,0.818215136521898,0.000366501740883269,0,0,0,0.181418361737218
311273.411807,2759866.126422,0.981280968985135,0.00110111947146265,0,0,0,0.0176179115434025
311773.411807,2759866.126422,0.994681826517513,0,0,0,0,0.0053181734824867
312273.411807,2759866.126422,0.994685724757193,0,0,0,0,0.0053142752428074
