"x","y","forest","agri","water","built","other","grass"
161773.411807,2544366.126422,0.0693573667711599,0.0280172413793103,0.642437304075235,0.176136363636364,0.0192006269592476,0.0648510971786834
162273.411807,2544366.126422,0.169411764705882,0.0592156862745098,0.220588235294118,0.127843137254902,0.0592156862745098,0.363725490196078
162773.411807,2544366.126422,0.0803291536050157,0.108934169278997,0.0115595611285266,0.309561128526646,0.141653605015674,0.347962382445141
163273.411807,2544366.126422,0.0303683385579937,0.129114420062696,0.174764890282132,0.252547021943574,0.124608150470219,0.288597178683386
163773.411807,2544366.126422,0.0915686274509804,0.122352941176471,0.063921568627451,0.391960784313725,0.166470588235294,0.163725490196078
164273.411807,2544366.126422,0.0278213166144201,0.015282131661442,0.193965517241379,0.621277429467085,0.121081504702194,0.0205721003134796
164773.411807,2544366.126422,0.0468260188087774,0.0174373040752351,0.0162617554858934,0.80544670846395,0.0948275862068965,0.0192006269592476
165273.411807,2544366.126422,0.0447058823529412,0.0352941176470588,0.0594117647058824,0.739019607843137,0.077843137254902,0.0437254901960784
165773.411807,2544366.126422,0.0528996865203762,0.104623824451411,0.0724921630094044,0.644396551724138,0.0577978056426332,0.0677899686520376
166273.411807,2544366.126422,0.126371473354232,0.0513322884012539,0.0542711598746081,0.632836990595611,0.0954153605015674,0.0397727272727273
166773.411807,2544366.126422,0.062156862745098,0.0352941176470588,0.0201960784313725,0.767647058823529,0.0796078431372549,0.0350980392156863
167273.411807,2544366.126422,0.0421238244514107,0.0119514106583072,0.00901253918495298,0.846003134796238,0.0746473354231975,0.0162617554858934
167773.411807,2544366.126422,0.0221394984326019,0.0088166144200627,0,0.922021943573668,0.0401645768025078,0.00685736677115987
168273.411807,2544366.126422,0.0517647058823529,0.00980392156862745,0.00215686274509804,0.825490196078431,0.0823529411764706,0.0284313725490196
168773.411807,2544366.126422,0.0871865203761756,0.0109717868338558,0.0150862068965517,0.767829153605016,0.0920846394984326,0.0268416927899687
169273.411807,2544366.126422,0.080525078369906,0.0446708463949843,0.00293887147335423,0.712970219435737,0.118926332288401,0.0399686520376176
169773.411807,2544366.126422,0.404901960784314,0.022156862745098,0,0.225294117647059,0.171372549019608,0.176274509803922
170273.411807,2544366.126422,0.220807210031348,0.0950235109717868,0.00489811912225705,0.29173197492163,0.212578369905956,0.174960815047022
170773.411807,2544366.126422,0.135971786833856,0.0240987460815047,0.00607366771159875,0.710227272727273,0.085423197492163,0.038205329153605
171273.411807,2544366.126422,0.0433333333333333,0.0296078431372549,0.000980392156862745,0.824901960784314,0.072156862745098,0.0290196078431373
171773.411807,2544366.126422,0.176724137931034,0.0325235109717868,0.000195924764890282,0.60384012539185,0.0977664576802508,0.0889498432601881
172273.411807,2544366.126422,0.0995297805642633,0.0311520376175549,0,0.58326802507837,0.19474921630094,0.0913009404388715
172773.411807,2544366.126422,0.113725490196078,0.0950980392156863,0,0.540196078431373,0.170392156862745,0.0805882352941176
162273.411807,2543866.126422,0.0864944108484515,0.210005497526113,0.0870441634597764,0.115631299248671,0.0648708081363387,0.435953820780649
162773.411807,2543866.126422,0.0680858873187741,0.139475133051936,0.0623967700495504,0.285924022756469,0.155074325564324,0.289043861258947
163273.411807,2543866.126422,0.0280579497524299,0.0557491289198606,0.370805061434073,0.393911608289015,0.0724371905373189,0.0790390610673024
163773.411807,2543866.126422,0.10207073483599,0.0769653655854865,0.205240974894631,0.35312442734103,0.0908924317390508,0.171706065603812
164273.411807,2543866.126422,0.118370343182235,0.063497889521013,0.0082583960359699,0.531657184804551,0.14094329234722,0.137272894109011
164773.411807,2543866.126422,0.147441775169631,0.070419952319824,0.00201723821749496,0.426554190353934,0.11589950485971,0.237667339079406
165273.411807,2543866.126422,0.0502107385010079,0.0232728605460876,0.00183250870441635,0.783397471137988,0.0819131390874107,0.0593732820230896
165773.411807,2543866.126422,0.0662506881996697,0.0405579005322077,0.00293631859056708,0.741787483942008,0.0792806019453111,0.0691870067902367
166273.411807,2543866.126422,0.0806895286997983,0.0918760315422703,0.00110031175499725,0.607372088758482,0.119750596002201,0.099211443242252
166773.411807,2543866.126422,0.0634048011728056,0.0745831042697453,0.000549752611324904,0.578156496243357,0.128458860179586,0.154846985523181
167273.411807,2543866.126422,0.0275279867865663,0.0262433474031932,0.133051936135071,0.736832446320426,0.0574417324279684,0.0189025509267756
167773.411807,2543866.126422,0.0170548322024574,0.00770218228498074,0.0053181734824867,0.936732074087658,0.0322758114799193,0.000916926462497708
168273.411807,2543866.126422,0.0221733553234378,0.00769653655854865,0.000733003481766538,0.907091808686091,0.0536925050393989,0.00861279091075683
168773.411807,2543866.126422,0.0394567810607451,0.0189025509267756,0.00991007524316388,0.878876858139108,0.0412919801798495,0.0115617544503579
169273.411807,2543866.126422,0.0618008435723455,0.0214560792224464,0.00146708233999633,0.778103796075555,0.112231799009719,0.0249403997799376
169773.411807,2543866.126422,0.153197727689207,0.0256551218618288,0,0.57852299798424,0.173355323437786,0.0692688290269379
170273.411807,2543866.126422,0.289410901082767,0.0423930996513122,0.0012846393833731,0.409799963296018,0.167737199486144,0.0893741971003854
170773.411807,2543866.126422,0.0383275261324042,0.0335595085274161,0.00348432055749129,0.788556757748029,0.0878415551072804,0.0482303319273794
171273.411807,2543866.126422,0.0205240974894631,0.0546087593916071,0.00293201392706615,0.773868425875023,0.0645043063954554,0.0835623969213854
171773.411807,2543866.126422,0.146265369792623,0.188291429620114,0,0.0723068452927143,0.250504679757754,0.342631675536796
172273.411807,2543866.126422,0.171098477902072,0.103612690262241,0,0.252888318356868,0.190537318907024,0.281863194571795
172773.411807,2543866.126422,0.182884368700751,0.0689023272860546,0,0.364119479567528,0.181968114348543,0.202125710097123
162773.411807,2543366.126422,0.0565137614678899,0.0535779816513761,0.285871559633028,0.422752293577982,0.0557798165137615,0.125504587155963
163273.411807,2543366.126422,0.00440286186020914,0.0379746835443038,0.408732342689415,0.50357732526142,0.0212804989910108,0.0240322876536415
163773.411807,2543366.126422,0.41978021978022,0.045970695970696,0,0.192307692307692,0.101831501831502,0.24010989010989
164273.411807,2543366.126422,0.124036697247706,0.0754128440366972,0,0.431926605504587,0.168440366972477,0.200183486238532
164773.411807,2543366.126422,0.0880572372041827,0.0680609062557329,0.00972298660796184,0.663731425426527,0.0825536598789213,0.087873784626674
165273.411807,2543366.126422,0.0957875457875458,0.0661172161172161,0.00384615384615385,0.685531135531136,0.0765567765567766,0.0721611721611722
165773.411807,2543366.126422,0.055045871559633,0.0493577981651376,0.00807339449541284,0.748256880733945,0.0899082568807339,0.0493577981651376
166273.411807,2543366.126422,0.103650706292423,0.0902586681342873,0.00091726288754357,0.611814345991561,0.110805356815263,0.0825536598789213
166773.411807,2543366.126422,0.105677655677656,0.0578754578754579,0.0393772893772894,0.658974358974359,0.0741758241758242,0.0639194139194139
167273.411807,2543366.126422,0.0418348623853211,0.00642201834862385,0.0108256880733945,0.889908256880734,0.0337614678899083,0.0172477064220183
167773.411807,2543366.126422,0.0535681526325445,0.0207301412584847,0.00495321959273528,0.827187671986791,0.0642084021280499,0.0293524124013942
168273.411807,2543366.126422,0.168864468864469,0.026007326007326,0.000549450549450549,0.592307692307692,0.156593406593407,0.0556776556776557
168773.411807,2543366.126422,0.0644036697247706,0.00752293577981651,0,0.849174311926606,0.0660550458715596,0.0128440366972477
169273.411807,2543366.126422,0.0922766464868831,0.0130251330031187,0.000733810310034856,0.774903687396808,0.0928270042194093,0.0262337185837461
169773.411807,2543366.126422,0.0772893772893773,0.0195970695970696,0,0.71007326007326,0.148901098901099,0.0441391941391941
170273.411807,2543366.126422,0.0926605504587156,0.0398165137614679,0.00440366972477064,0.68954128440367,0.11302752293578,0.0605504587155963
170773.411807,2543366.126422,0.019262520638415,0.00440286186020914,0.00348559897266557,0.917813245276096,0.0504494588148963,0.00458631443771785
171273.411807,2543366.126422,0.0368131868131868,0.0489010989010989,0.00421245421245421,0.744871794871795,0.10952380952381,0.0556776556776557
171773.411807,2543366.126422,0.0144954128440367,0.031743119266055,0.00036697247706422,0.78348623853211,0.0730275229357798,0.0968807339449541
172273.411807,2543366.126422,0.133553476426344,0.0445789763346175,0,0.483947899467988,0.130067877453678,0.207851770317373
172773.411807,2543366.126422,0.161355311355311,0.0608058608058608,0,0.531318681318681,0.137545787545788,0.108974358974359
163273.411807,2542866.126422,0.398351648351648,0.0776556776556777,0.0668498168498168,0.0538461538461538,0.0424908424908425,0.360805860805861
163773.411807,2542866.126422,0.170517051705171,0.132746607994133,0.295379537953795,0.13953061972864,0.0540887422075541,0.207737440410708
164273.411807,2542866.126422,0.29047619047619,0.0847985347985348,0.0274725274725275,0.214102564102564,0.103846153846154,0.279304029304029
164773.411807,2542866.126422,0.089010989010989,0.111355311355311,0,0.378388278388278,0.153663003663004,0.267582417582418
165273.411807,2542866.126422,0.101943527686102,0.0573890722405574,0.0190685735240191,0.504400440044004,0.143381004767143,0.173817381738174
165773.411807,2542866.126422,0.104212454212454,0.0386446886446886,0.000366300366300366,0.47014652014652,0.178205128205128,0.208424908424908
166273.411807,2542866.126422,0.0948717948717949,0.0474358974358974,0.032051282051282,0.492857142857143,0.165567765567766,0.167216117216117
166773.411807,2542866.126422,0.03997066373304,0.00825082508250825,0.0148514851485149,0.8998899889989,0.0214521452145215,0.0155848918225156
167273.411807,2542866.126422,0.229487179487179,0.0117216117216117,0.00622710622710623,0.605677655677656,0.0503663003663004,0.0965201465201465
167773.411807,2542866.126422,0.0408424908424908,0.0163003663003663,0.0113553113553114,0.836813186813187,0.0695970695970696,0.0250915750915751
168273.411807,2542866.126422,0.184268426842684,0.0286028602860286,0.0011001100110011,0.555922258892556,0.138430509717638,0.0916758342500917
168773.411807,2542866.126422,0.239010989010989,0.0274725274725275,0,0.369047619047619,0.265567765567766,0.0989010989010989
169273.411807,2542866.126422,0.0179487179487179,0.0153846153846154,0.00384615384615385,0.891208791208791,0.0512820512820513,0.0203296703296703
169773.411807,2542866.126422,0.0793912724605794,0.0174184085075174,0.000733406674000733,0.810781078107811,0.0671067106710671,0.0245691235790246
170273.411807,2542866.126422,0.0628205128205128,0.0223443223443223,0.000732600732600733,0.808791208791209,0.0622710622710623,0.043040293040293
170773.411807,2542866.126422,0.026007326007326,0.00622710622710623,0.000732600732600733,0.933333333333333,0.0283882783882784,0.00531135531135531
171273.411807,2542866.126422,0.0390539053905391,0.0209020902090209,0.000366703337000367,0.872937293729373,0.0473047304730473,0.0194352768610194
171773.411807,2542866.126422,0.0208791208791209,0.0133699633699634,0.00201465201465201,0.884981684981685,0.0584249084249084,0.0203296703296703
172273.411807,2542866.126422,0.0492673992673993,0.0333333333333333,0.000183150183150183,0.752197802197802,0.116849816849817,0.0481684981684982
172773.411807,2542866.126422,0.142464246424642,0.0583058305830583,0.00055005500550055,0.543270993766043,0.145031169783645,0.11037770443711
163773.411807,2542366.126422,0.466923217885285,0.0335349092908191,0.10536925050394,0.0602895363752978,0.0938244456661169,0.240058640278541
164273.411807,2542366.126422,0.261882914296201,0.0122958340979996,0.617728023490549,0.0159662323362085,0.00770783630023858,0.0844191594788034
164773.411807,2542366.126422,0.266092059416835,0.165596919127086,0.0418118466898955,0.126535851824684,0.0951769668072621,0.304786356134238
165273.411807,2542366.126422,0.134872640645043,0.0754993586219534,0.14238592633315,0.364669232178853,0.105552501374382,0.177020340846619
165773.411807,2542366.126422,0.177830794641219,0.04147550009176,0.0618462103138191,0.522114149385208,0.0963479537529822,0.100385391815012
166273.411807,2542366.126422,0.0421786172748946,0.024390243902439,0.0133871263524665,0.821382725105447,0.0806895286997983,0.0179717586649551
166773.411807,2542366.126422,0.0392156862745098,0.00916254352208173,0.00219901044529962,0.899761773868426,0.0364669232178853,0.0131940626717977
167273.411807,2542366.126422,0.019086070838686,0.00495503762158194,0.00146815929528354,0.948063864929345,0.0218388695173426,0.00458799779776106
167773.411807,2542366.126422,0.0779387493123052,0.0124701998899688,0.0102695763799743,0.756280946268109,0.103245919677242,0.0397946084724005
168273.411807,2542366.126422,0.169507055158512,0.0780648708081363,0,0.382078064870808,0.168957302547187,0.201392706615356
168773.411807,2542366.126422,0.0961644338410718,0.017434391631492,0.000183519911910442,0.656450724903652,0.134153055606533,0.0956138741053404
169273.411807,2542366.126422,0.125252154777187,0.0271410232899321,0.00403447643498991,0.680726205758298,0.111131487254722,0.0517146524848707
169773.411807,2542366.126422,0.0760491112332784,0.0196078431372549,0.000183250870441635,0.730621220450797,0.13120762323621,0.0423309510720176
170273.411807,2542366.126422,0.079647641769132,0.028629106258029,0,0.743439163149202,0.107359148467609,0.0409249403560286
170773.411807,2542366.126422,0.0168714469099578,0.0075187969924812,0.00953603520997616,0.914359068402714,0.0469466348798826,0.00476801760498808
171273.411807,2542366.126422,0.0562580172255818,0.0106285504856148,0.000183250870441635,0.848818031885651,0.0566245189664651,0.0274876305662452
171773.411807,2542366.126422,0.0601945311066251,0.0159662323362085,0.000734079647641769,0.810607450908424,0.0717562855569829,0.0407414204441182
172273.411807,2542366.126422,0.122501375389694,0.039611223179901,0,0.52814964239868,0.138089125252155,0.171648633779571
172773.411807,2542366.126422,0.148066703316841,0.0406816932380429,0,0.544438336082096,0.16364302730438,0.10317024005864
163773.411807,2541866.126422,0.43021978021978,0.0131868131868132,0.00128205128205128,0.0846153846153846,0.175824175824176,0.294871794871795
164273.411807,2541866.126422,0.252110091743119,0.0385321100917431,0.419449541284404,0.0746788990825688,0.0761467889908257,0.139082568807339
164773.411807,2541866.126422,0,0,0.994679875252247,0.00532012474775271,0,0
165273.411807,2541866.126422,0.00201465201465201,0.000732600732600733,0.771428571428571,0.220695970695971,0.00457875457875458,0.000549450549450549
165773.411807,2541866.126422,0.00844036697247706,0.00440366972477064,0.00073394495412844,0.918348623853211,0.0669724770642202,0.00110091743119266
166273.411807,2541866.126422,0.11410750321042,0.0106402494955054,0.000550357732526142,0.699871583195744,0.0880572372041827,0.0867730691616217
166773.411807,2541866.126422,0.0417582417582418,0.0108058608058608,0.000549450549450549,0.876739926739927,0.0547619047619048,0.0153846153846154
167273.411807,2541866.126422,0.0245871559633028,0.00660550458715596,0.00110091743119266,0.911559633027523,0.0495412844036697,0.00660550458715596
167773.411807,2541866.126422,0.067327095945698,0.0792515134837644,0,0.615299944964227,0.114841313520455,0.123280132085856
168273.411807,2541866.126422,0.387545787545788,0.0241758241758242,0,0.25952380952381,0.143223443223443,0.185531135531136
168773.411807,2541866.126422,0.31394495412844,0.0284403669724771,0.000917431192660551,0.157614678899083,0.113577981651376,0.385504587155963
169273.411807,2541866.126422,0.145294441386901,0.0341221794166208,0.000550357732526142,0.611263988259035,0.125665015593469,0.0831040176114474
169773.411807,2541866.126422,0.0937728937728938,0.0804029304029304,0,0.578021978021978,0.164285714285714,0.0835164835164835
170273.411807,2541866.126422,0.0588990825688073,0.0121100917431193,0.00055045871559633,0.853394495412844,0.051743119266055,0.023302752293578
170773.411807,2541866.126422,0.0260502660062374,0.0139423958906623,0.00091726288754357,0.90295358649789,0.0427444505595304,0.0133920381581361
171273.411807,2541866.126422,0.0778388278388278,0.026007326007326,0.000366300366300366,0.75018315018315,0.0924908424908425,0.0531135531135531
171773.411807,2541866.126422,0.0869724770642202,0.0576146788990826,0,0.59394495412844,0.111926605504587,0.14954128440367
172273.411807,2541866.126422,0.219409282700422,0.0350394423041644,0,0.386718033388369,0.161988625940194,0.19684461566685
172773.411807,2541866.126422,0.0703296703296703,0.0805860805860806,0.000183150183150183,0.602014652014652,0.134798534798535,0.112087912087912
163273.411807,2541366.126422,0,0.0133699633699634,0.778388278388278,0.128571428571429,0.0159340659340659,0.0637362637362637
163773.411807,2541366.126422,0.0473047304730473,0.092042537587092,0.258159149248258,0.01998533186652,0.0166850018335167,0.565823248991566
164273.411807,2541366.126422,0.0732600732600733,0.0683150183150183,0.426190476190476,0.160989010989011,0.0734432234432234,0.197802197802198
164773.411807,2541366.126422,0,0,0.902197802197802,0.0972527472527473,0.000549450549450549,0
165273.411807,2541366.126422,0.0170517051705171,0.0117345067840117,0.346534653465347,0.569306930693069,0.0401540154015402,0.0152181884855152
165773.411807,2541366.126422,0.0205128205128205,0.00879120879120879,0.00183150183150183,0.899084249084249,0.0641025641025641,0.00567765567765568
166273.411807,2541366.126422,0.0509157509157509,0.0357142857142857,0,0.732967032967033,0.0972527472527473,0.0831501831501831
166773.411807,2541366.126422,0.0390539053905391,0.00641730839750642,0.00055005500550055,0.83956729006234,0.0922258892555922,0.0221855518885222
167273.411807,2541366.126422,0.0155677655677656,0.0236263736263736,0.000183150183150183,0.871245421245421,0.0633699633699634,0.026007326007326
167773.411807,2541366.126422,0.126739926739927,0.43021978021978,0,0.0772893772893773,0.0653846153846154,0.3003663003663
168273.411807,2541366.126422,0.416758342500917,0.138247158049138,0,0.0707737440410708,0.0645397873120645,0.30968096809681
168773.411807,2541366.126422,0.139010989010989,0.0483516483516484,0,0.454945054945055,0.140842490842491,0.216849816849817
169273.411807,2541366.126422,0.0161172161172161,0.00366300366300366,0.000915750915750916,0.926739926739927,0.05,0.00256410256410256
169773.411807,2541366.126422,0.0410707737440411,0.12027869453612,0,0.523652365236524,0.0779244591125779,0.237073707370737
170273.411807,2541366.126422,0.249450549450549,0.148534798534799,0.000732600732600733,0.274358974358974,0.10952380952381,0.217399267399267
170773.411807,2541366.126422,0.00824175824175824,0.00586080586080586,0,0.928021978021978,0.0461538461538462,0.0117216117216117
171273.411807,2541366.126422,0.0201686835350202,0.00678401173450678,0,0.904657132379905,0.0421708837550422,0.0262192885955262
171773.411807,2541366.126422,0.0683150183150183,0.047985347985348,0.0010989010989011,0.660989010989011,0.10018315018315,0.121428571428571
172273.411807,2541366.126422,0.208608058608059,0.0985347985347985,0,0.352564102564103,0.147802197802198,0.192490842490843
172773.411807,2541366.126422,0.0738907224055739,0.0295196186285295,0,0.654748808214155,0.132379904657132,0.109460946094609
162773.411807,2540866.126422,0,0,0.94182418792439,0.0581758120756102,0,0
163273.411807,2540866.126422,0,0,0.970291582615074,0.0297084173849257,0,0
163773.411807,2540866.126422,0,0,0.999450247388675,0.000549752611324904,0,0
164273.411807,2540866.126422,0.0458799779776106,0.0282620664342081,0.380987337126078,0.282437144430171,0.0612956505780877,0.201137823453845
164773.411807,2540866.126422,0.0254905556574363,0.0869246286447827,0.252521547771869,0.213460480469466,0.0544654318723638,0.367137355584082
165273.411807,2540866.126422,0.0273043796958036,0.0152098222466557,0.0155763239875389,0.808686091258933,0.0679860729338464,0.0652373098772219
165773.411807,2540866.126422,0.0264268673151037,0.0267939071389246,0.0012846393833731,0.839053037254542,0.0902917966599376,0.0161497522481189
166273.411807,2540866.126422,0.105813313772235,0.0480469466348799,0.000183385292499542,0.653401797175867,0.126535851824684,0.066018705299835
166773.411807,2540866.126422,0.072200842954004,0.0359171706065604,0.000366501740883269,0.624335715594649,0.144401685908008,0.122778083195895
167273.411807,2540866.126422,0.0291796659937603,0.0126628739218205,0.000734079647641769,0.868232703248302,0.0623967700495504,0.0267939071389246
167773.411807,2540866.126422,0.162846139739593,0.271043462314322,0,0.180267742527049,0.094810196222263,0.291032459196772
168273.411807,2540866.126422,0.122778083195895,0.464540956569544,0,0.0842954004031519,0.0839288986622686,0.244456661169141
168773.411807,2540866.126422,0.0798311616810424,0.131400256927877,0,0.171224077812443,0.156175445035786,0.461369058542852
169273.411807,2540866.126422,0.0465798642948836,0.00715202640748212,0,0.802310654685494,0.0478635613423803,0.0960938932697598
169773.411807,2540866.126422,0.0414146967198094,0.190397654388858,0,0.282572842221001,0.138904159794759,0.346710646875573
170273.411807,2540866.126422,0.421912277482107,0.0745090842356396,0.000917599559552211,0.0638649293448339,0.11616810423931,0.322628005138558
170773.411807,2540866.126422,0.0524481936548689,0.111131487254722,0.000550155877498625,0.68806161745828,0.0779387493123052,0.0698697964423253
171273.411807,2540866.126422,0.0141103170240059,0.0258383727322705,0.00109950522264981,0.91258933479934,0.0348176653839106,0.011544804837823
171773.411807,2540866.126422,0.188474949532024,0.049366856303909,0,0.454578821802166,0.112497706001101,0.1950816663608
172273.411807,2540866.126422,0.48817164863378,0.0254905556574363,0,0.00586832935998533,0.0366770584999083,0.443792407848891
172773.411807,2540866.126422,0.068719076415613,0.242990654205607,0.000366501740883269,0.0685358255451713,0.0685358255451713,0.550852116547554
162773.411807,2540366.126422,0,0,0.967522935779817,0.0324770642201835,0,0
163273.411807,2540366.126422,0,0,0.948449825720051,0.0515501742799486,0,0
164773.411807,2540366.126422,0.11263988259035,0.0735644835809943,0,0.197761878554394,0.189139607411484,0.426894147862777
165273.411807,2540366.126422,0.0128205128205128,0.103113553113553,0.0404761904761905,0.267216117216117,0.0943223443223443,0.482051282051282
165773.411807,2540366.126422,0.051743119266055,0.108623853211009,0.166605504587156,0.43045871559633,0.0864220183486239,0.156146788990826
166273.411807,2540366.126422,0.0522839845899835,0.0486149330398092,0.0693450742982939,0.577325261419923,0.108603925885159,0.143826820766832
166773.411807,2540366.126422,0.0549450549450549,0.0188644688644689,0.0124542124542125,0.773809523809524,0.103113553113553,0.0368131868131868
167273.411807,2540366.126422,0.0163302752293578,0.0108256880733945,0.0326605504587156,0.868440366972477,0.0515596330275229,0.0201834862385321
167773.411807,2540366.126422,0.261419922949917,0.0920931939093744,0,0.0794349660612732,0.149880755824619,0.417171161254816
168273.411807,2540366.126422,0.0915750915750916,0.0926739926739927,0,0.133516483516484,0.0534798534798535,0.628754578754579
168773.411807,2540366.126422,0.00165137614678899,0.0840366972477064,0,0.174311926605505,0.102935779816514,0.637064220183486
169273.411807,2540366.126422,0.153916712529811,0.0157769216657494,0,0.0449458814896349,0.0605393505778756,0.724821133736929
169773.411807,2540366.126422,0.118315018315018,0.141391941391941,0,0.259340659340659,0.176923076923077,0.304029304029304
170273.411807,2540366.126422,0.198899082568807,0.0361467889908257,0,0.351743119266055,0.223853211009174,0.189357798165138
170773.411807,2540366.126422,0.0777838928636947,0.258117776554761,0,0.38378279214823,0.0919097413318657,0.188405797101449
171273.411807,2540366.126422,0.0333333333333333,0.0131868131868132,0,0.855311355311355,0.0523809523809524,0.0457875457875458
171773.411807,2540366.126422,0.182018348623853,0.0627522935779816,0,0.266788990825688,0.191743119266055,0.296697247706422
172273.411807,2540366.126422,0.0985140341221794,0.0346725371491469,0,0.226013575490736,0.153916712529811,0.486883140708127
172773.411807,2540366.126422,0.0657509157509158,0.076007326007326,0.0120879120879121,0.242857142857143,0.15,0.453296703296703
164773.411807,2539866.126422,0.0243589743589744,0.0860805860805861,0.000549450549450549,0.185347985347985,0.164468864468864,0.539194139194139
165273.411807,2539866.126422,0.0232856618995233,0.111294462779611,0.101760176017602,0.335716905023836,0.149431609827649,0.278511184451779
165773.411807,2539866.126422,0.0313186813186813,0.126373626373626,0.322344322344322,0.301465201465201,0.0904761904761905,0.128021978021978
166273.411807,2539866.126422,0.0397435897435897,0.0763736263736264,0.21043956043956,0.306227106227106,0.111172161172161,0.256043956043956
166773.411807,2539866.126422,0.153098643197653,0.0614228089475614,0.0132013201320132,0.367803447011368,0.0843417675100843,0.32013201320132
167273.411807,2539866.126422,0.0804029304029304,0.0868131868131868,0,0.525091575091575,0.153663003663004,0.154029304029304
167773.411807,2539866.126422,0.137362637362637,0.144688644688645,0,0.0505494505494506,0.10970695970696,0.557692307692308
168273.411807,2539866.126422,0.0704070407040704,0.0746241290795746,0,0.0979097909790979,0.044004400440044,0.713054638797213
168773.411807,2539866.126422,0.00402930402930403,0.347985347985348,0,0.117399267399267,0.0225274725274725,0.508058608058608
169273.411807,2539866.126422,0.191575091575092,0.0562271062271062,0,0.228937728937729,0.188827838827839,0.334432234432234
169773.411807,2539866.126422,0.0935093509350935,0.0484048404840484,0,0.284928492849285,0.186835350201687,0.386321965529886
170273.411807,2539866.126422,0.163369963369963,0.0749084249084249,0,0.237545787545788,0.208791208791209,0.315384615384615
170773.411807,2539866.126422,0.0639194139194139,0.0974358974358974,0,0.651465201465201,0.095970695970696,0.0912087912087912
171273.411807,2539866.126422,0.0696736340300697,0.203337000366703,0,0.297763109644298,0.0771910524385772,0.352035203520352
171773.411807,2539866.126422,0.321611721611722,0.179120879120879,0,0.0935897435897436,0.093040293040293,0.312637362637363
172273.411807,2539866.126422,0.144139194139194,0.10952380952381,0,0.201648351648352,0.136630036630037,0.408058608058608
172773.411807,2539866.126422,0.0874587458745875,0.0997433076640997,0.0022002200220022,0.157865786578658,0.158415841584158,0.494316098276494
165273.411807,2539366.126422,0.0320689023272861,0.170973062122045,0.131390874106652,0.175554333883086,0.113065787062489,0.376947040498442
165773.411807,2539366.126422,0.0244081482840888,0.19067718847495,0.315837768397871,0.24059460451459,0.0532207744540283,0.175261515874472
166273.411807,2539366.126422,0.115349348982212,0.125068769484687,0.38382541720154,0.119567210709701,0.0399779937649001,0.216211259856959
166773.411807,2539366.126422,0.247388675096207,0.0227231079347627,0,0.0397654388858347,0.0736668499175371,0.616455928165659
167273.411807,2539366.126422,0.209763259313636,0.114516425032116,0.000550559735731327,0.0851532391264452,0.154523765828592,0.43549275096348
167773.411807,2539366.126422,0.12800293416468,0.24390243902439,0,0.0500641848523748,0.117183201907207,0.460847240051348
168273.411807,2539366.126422,0.0624885468205974,0.169507055158512,0,0.0938244456661169,0.0787978742899029,0.595382078064871
168773.411807,2539366.126422,0,0.126812259130116,0,0.402275646907689,0.147917048999816,0.322995044962378
169273.411807,2539366.126422,0.226664221529433,0.0339262791124152,0,0.374472767284064,0.117183201907207,0.247753530166881
169773.411807,2539366.126422,0.177570093457944,0.0152098222466557,0,0.47865127359355,0.171156312992487,0.157412497709364
170273.411807,2539366.126422,0.40668012479354,0.109377867498624,0,0.136355294549459,0.0935951550743256,0.253991558084052
170773.411807,2539366.126422,0.392444525949019,0.0836236933797909,0,0.141756831102146,0.107097010819732,0.275077938749312
171273.411807,2539366.126422,0.56276342312626,0.0546087593916071,0,0.0872274143302181,0.121861828843687,0.173538574308228
171773.411807,2539366.126422,0.498990640484493,0.068452927142595,0,0.00587263718113415,0.0431271792989539,0.383556615892824
172273.411807,2539366.126422,0.10012836970475,0.102145607922245,0.000916926462497708,0.178617274894553,0.148725472217128,0.469466348798826
172773.411807,2539366.126422,0.0672530694520799,0.055158512002932,0,0.22979659153381,0.167674546454096,0.480117280557083
165273.411807,2538866.126422,0.0234432234432234,0.131318681318681,0.0608058608058608,0.145238095238095,0.10989010989011,0.529304029304029
165773.411807,2538866.126422,0.00458715596330275,0.188623853211009,0.151559633027523,0.277798165137615,0.0688073394495413,0.308623853211009
166273.411807,2538866.126422,0.0398092093193909,0.110438451660246,0.17116125481563,0.251330031186938,0.0642084021280499,0.363052650889745
166773.411807,2538866.126422,0.211721611721612,0.0873626373626374,0,0.0534798534798535,0.152014652014652,0.495421245421245
167273.411807,2538866.126422,0.235779816513761,0.0932110091743119,0,0.0537614678899083,0.088256880733945,0.528990825688073
167773.411807,2538866.126422,0.164740414602825,0.144927536231884,0,0.101816180517336,0.113557145477894,0.474958723170061
168273.411807,2538866.126422,0.0688644688644689,0.144322344322344,0,0.0860805860805861,0.0529304029304029,0.647802197802198
168773.411807,2538866.126422,0,0.137798165137615,0,0.23651376146789,0.143853211009174,0.481834862385321
169273.411807,2538866.126422,0.067327095945698,0.0359567051917079,0,0.58631443771785,0.0996147495872317,0.210787011557512
169773.411807,2538866.126422,0.0391941391941392,0.0624542124542125,0,0.68003663003663,0.147069597069597,0.0712454212454212
170273.411807,2538866.126422,0.297247706422018,0.345871559633028,0,0.0258715596330275,0.0581651376146789,0.272844036697248
170773.411807,2538866.126422,0.610713630526509,0.143276463034306,0,0,0.00238488350761328,0.243625022931572
171273.411807,2538866.126422,0.585897435897436,0.0510989010989011,0,0.000732600732600733,0.0388278388278388,0.323443223443223
171773.411807,2538866.126422,0.295596330275229,0.285504587155963,0,0,0.00110091743119266,0.417798165137615
172273.411807,2538866.126422,0.0469638598422308,0.155384333149881,0.00146762062006971,0.00421940928270042,0.0515501742799486,0.74041460282517
172773.411807,2538866.126422,0.0782051282051282,0.162271062271062,0,0.113369963369963,0.104395604395604,0.541758241758242
165273.411807,2538366.126422,0.00495049504950495,0.0403373670700403,0.182068206820682,0.226255958929226,0.0742574257425743,0.472130546387972
165773.411807,2538366.126422,0.0164835164835165,0.175091575091575,0.0344322344322344,0.524358974358974,0.0686813186813187,0.180952380952381
166273.411807,2538366.126422,0.161904761904762,0.128937728937729,0.0510989010989011,0.0954212454212454,0.161538461538462,0.401098901098901
166773.411807,2538366.126422,0.242940960762743,0.0405207187385405,0,0.0561056105610561,0.114778144481115,0.545654565456546
167273.411807,2538366.126422,0.198168498168498,0.117582417582418,0,0.0641025641025641,0.154395604395604,0.465750915750916
167773.411807,2538366.126422,0.291391941391941,0.084981684981685,0,0.0294871794871795,0.0791208791208791,0.515018315018315
168273.411807,2538366.126422,0.0227356068940227,0.225889255592226,0,0.11037770443711,0.0603226989365603,0.580674734140081
168773.411807,2538366.126422,0,0.103296703296703,0,0.126190476190476,0.143589743589744,0.626923076923077
169273.411807,2538366.126422,0.127655677655678,0.108974358974359,0,0.0652014652014652,0.175091575091575,0.523076923076923
169773.411807,2538366.126422,0.1998533186652,0.059039237257059,0,0.1002933626696,0.189402273560689,0.451411807847451
170273.411807,2538366.126422,0.253113553113553,0.131684981684982,0,0.173260073260073,0.156959706959707,0.284981684981685
170773.411807,2538366.126422,0.243589743589744,0.0188644688644689,0,0,0.0313186813186813,0.706227106227106
171273.411807,2538366.126422,0.560506050605061,0.0308030803080308,0,0.00311697836450312,0.074990832416575,0.330583058305831
171773.411807,2538366.126422,0.521794871794872,0.0919413919413919,0,0,0.00384615384615385,0.382417582417582
172273.411807,2538366.126422,0.0227106227106227,0.252380952380952,0,0.000915750915750916,0.0871794871794872,0.636813186813187
172773.411807,2538366.126422,0.378254492115878,0.134396773010634,0,0.00935093509350935,0.113861386138614,0.364136413641364
165773.411807,2537866.126422,0.0187190310148651,0.0592769315470729,0.0185355111029547,0.582308680491833,0.113965865296385,0.207193980546889
166273.411807,2537866.126422,0.143407298734641,0.124701998899688,0,0.214010636346965,0.141390060517147,0.376490005501559
166773.411807,2537866.126422,0.214220267546271,0.0624885468205974,0,0.136888400219901,0.182517866959868,0.403884918453363
167273.411807,2537866.126422,0.236924206276381,0.119838502477519,0,0.122958340979996,0.167920719398055,0.352358230868049
167773.411807,2537866.126422,0.117366587199707,0.140656519347148,0,0.137722354667156,0.16816431322208,0.43609022556391
168273.411807,2537866.126422,0.0439802089059923,0.148433205057724,0,0.11434854315558,0.0656038116181052,0.627634231262599
168773.411807,2537866.126422,0,0.0774454028262066,0,0.0537713341897596,0.110846026793907,0.757937236190127
169273.411807,2537866.126422,0.12818631945718,0.128553090042179,0,0.000550155877498625,0.0794058316523015,0.663304602970842
169773.411807,2537866.126422,0.145501191130658,0.300897929265164,0,0.00201575957485798,0.103903243540407,0.447681876488913
170273.411807,2537866.126422,0.0550559735731327,0.259680675353276,0,0.153789686180951,0.242062763809873,0.289410901082767
170773.411807,2537866.126422,0.264624977076838,0.16779754263708,0,0.046396479002384,0.195305336512012,0.325875664771685
171273.411807,2537866.126422,0.305662451896647,0.0324354040681693,0.00403151914971596,0.141836173721825,0.264797507788162,0.251236943375481
171773.411807,2537866.126422,0.247017801431455,0.11213066617728,0.009543035419343,0.110662506881997,0.125527619746743,0.395118370343182
172273.411807,2537866.126422,0.113332110764717,0.0533651201173666,0.000733541169998166,0.168531083807079,0.229415000916926,0.434623143223913
172773.411807,2537866.126422,0.0681693238042881,0.0830126443100605,0,0.297232911856331,0.173538574308228,0.378046545721092
165773.411807,2537366.126422,0.0458715596330275,0.110091743119266,0,0.30256880733945,0.115779816513761,0.425688073394495
166273.411807,2537366.126422,0.0939277196844616,0.113924050632911,0.00238488350761328,0.310401761144744,0.11979453311319,0.359567051917079
166773.411807,2537366.126422,0.13956043956044,0.143589743589744,0,0.204945054945055,0.153846153846154,0.358058608058608
167273.411807,2537366.126422,0.130091743119266,0.228256880733945,0,0.10256880733945,0.110275229357798,0.428807339449541
167773.411807,2537366.126422,0.080168776371308,0.224179049715649,0,0.0348559897266557,0.154283617684828,0.506512566501559
168273.411807,2537366.126422,0.0380952380952381,0.194139194139194,0,0.0992673992673993,0.0578754578754579,0.610622710622711
168773.411807,2537366.126422,0.00568807339449541,0.178165137614679,0,0.0943119266055046,0.195229357798165,0.526605504587156
169273.411807,2537366.126422,0.200697119794533,0.0625573289304715,0,0.0139423958906623,0.0873234268941479,0.635479728490185
169773.411807,2537366.126422,0.241208791208791,0.0265567765567766,0,0.00641025641025641,0.0355311355311355,0.69029304029304
170273.411807,2537366.126422,0.189724770642202,0.0506422018348624,0.0530275229357798,0.132293577981651,0.172844036697248,0.401467889908257
170773.411807,2537366.126422,0.181251146578609,0.0355898000366905,0,0.271693267290405,0.228948816730875,0.28251696936342
171273.411807,2537366.126422,0.384065934065934,0.0864468864468864,0.00622710622710623,0.142673992673993,0.0721611721611722,0.308424908424908
171773.411807,2537366.126422,0.211009174311927,0.147339449541284,0,0.142201834862385,0.153761467889908,0.345688073394495
172273.411807,2537366.126422,0.0691616217207852,0.0862227114290956,0.000366905155017428,0.200513667217024,0.16969363419556,0.474041460282517
172773.411807,2537366.126422,0.0399267399267399,0.0397435897435897,0,0.606776556776557,0.153113553113553,0.16043956043956
165773.411807,2536866.126422,0.0322344322344322,0.0441391941391941,0,0.601282051282051,0.157142857142857,0.165201465201465
166273.411807,2536866.126422,0.0516483516483516,0.0783882783882784,0.00384615384615385,0.24047619047619,0.20970695970696,0.415934065934066
166773.411807,2536866.126422,0.115144847818115,0.181884855152182,0.0124679134580125,0.104693802713605,0.15034836817015,0.435460212687935
167273.411807,2536866.126422,0.157875457875458,0.281318681318681,0,0.0659340659340659,0.0573260073260073,0.437545787545788
167773.411807,2536866.126422,0.0752747252747253,0.340842490842491,0.00860805860805861,0.0692307692307692,0.0712454212454212,0.434798534798535
168273.411807,2536866.126422,0.0625229189585625,0.378254492115878,0.0099009900990099,0.0256692335900257,0.0484048404840484,0.475247524752475
168773.411807,2536866.126422,0.030952380952381,0.439194139194139,0.0100732600732601,0.0470695970695971,0.0223443223443223,0.4503663003663
169273.411807,2536866.126422,0.115201465201465,0.123260073260073,0.036996336996337,0.282783882783883,0.0826007326007326,0.359157509157509
169773.411807,2536866.126422,0.311331133113311,0.0847084708470847,0.0121012101210121,0.0641730839750642,0.083975064173084,0.443711037770444
170273.411807,2536866.126422,0.330586080586081,0.110622710622711,0.000366300366300366,0.0527472527472527,0.199267399267399,0.306410256410256
170773.411807,2536866.126422,0.297252747252747,0.0483516483516484,0.0315018315018315,0.165750915750916,0.0956043956043956,0.361538461538462
171273.411807,2536866.126422,0.0623395672900623,0.162266226622662,0.0940594059405941,0.287862119545288,0.157499083241658,0.235973597359736
171773.411807,2536866.126422,0.0340659340659341,0.186263736263736,0.117399267399267,0.280586080586081,0.145604395604396,0.236080586080586
172273.411807,2536866.126422,0.0952380952380952,0.389010989010989,0,0.0010989010989011,0.00604395604395604,0.508608058608059
172773.411807,2536866.126422,0.0177851118445178,0.0524385771910524,0.00238357169050238,0.801246791345801,0.033003300330033,0.0931426475980931
165773.411807,2536366.126422,0.0653330886401175,0.0724903652046247,0.0467975775371628,0.449073224444852,0.14094329234722,0.225362451826023
166273.411807,2536366.126422,0.00605171465248487,0.0075187969924812,0,0.917109847790207,0.0579497524298551,0.0113698881349716
166773.411807,2536366.126422,0.0852116547553601,0.1412864211105,0.00678028220634048,0.345611141652923,0.137621403701668,0.283489096573209
167273.411807,2536366.126422,0.148651128647458,0.122224261332355,0.0495503762158194,0.275096347953753,0.125344099834832,0.279133786015783
167773.411807,2536366.126422,0.0603337612323492,0.281863194571795,0.141756831102146,0.308270676691729,0.0781221346048047,0.129653401797176
168273.411807,2536366.126422,0.0350009162543522,0.238592633315008,0.0392156862745098,0.217885284955104,0.105735752244823,0.363569726956203
168773.411807,2536366.126422,0.0735914846760874,0.348137272894109,0.0234905487245366,0.164984400807488,0.113231785648743,0.276564507249037
169273.411807,2536366.126422,0.0126535851824684,0.0509811113148725,0.109664404914726,0.740693196405648,0.0542820465798643,0.0317256556024207
169773.411807,2536366.126422,0.118380062305296,0.159794759025105,0.0287703866593366,0.359538207806487,0.128825361920469,0.204691222283306
170273.411807,2536366.126422,0.0869884382455496,0.066801247935401,0.019086070838686,0.358781427784915,0.159111763626353,0.309231051569095
