"x","y","forest","agri","water","built","other","grass"
237273.411807,2599366.126422,0.795683027794205,0.015966883500887,0,0,0.00177409816676523,0.186575990538143
237773.411807,2599366.126422,0.872453661222243,0.00165167920719398,0,0,0,0.125894659570563
238273.411807,2599366.126422,0.934714835870163,0.000916926462497708,0,0,0,0.0643682376673391
238773.411807,2599366.126422,0.85981308411215,0,0,0,0,0.14018691588785
239273.411807,2599366.126422,0.72196733345568,0,0,0,0,0.27803266654432
239773.411807,2599366.126422,0.684577296900789,0.000733541169998166,0,0.00348432055749129,0.00605171465248487,0.305153126719237
240273.411807,2599366.126422,0.816749129558365,0.00183250870441635,0,0.000183250870441635,0.00219901044529962,0.179036100421477
240773.411807,2599366.126422,0.923655716645256,0.00917599559552211,0,0,0.00311983850247752,0.0640484492567444
241273.411807,2599366.126422,0.803044195855492,0.00733541169998166,0.00201723821749496,0.0194388410049514,0.0392444525949019,0.128919860627178
241773.411807,2599366.126422,0.652556349642661,0.0503939893714495,0.0324354040681693,0.0461792193512919,0.0524097489463075,0.166025288620121
242273.411807,2599366.126422,0.960910258763076,0.000367039823820885,0,0,0.000183519911910442,0.0385391815011929
242773.411807,2599366.126422,0.956721070970108,0.0278745644599303,0,0,0,0.0154043645699615
243273.411807,2599366.126422,0.743082279640828,0.0980392156862745,0.00201575957485798,0.00696353307678211,0.0214403518416712,0.128458860179586
243773.411807,2599366.126422,0.88383189576069,0.04147550009176,0,0,0.00642319691686548,0.0682694072306845
244273.411807,2599366.126422,0.561158995048597,0.304236200256739,0.0075187969924812,0.0289748762149276,0.00733541169998166,0.0907757197872731
244773.411807,2599366.126422,0.722374931280924,0.134139637163277,0.00274876305662452,0.00384826827927433,0.00934579439252336,0.127542605827378
245273.411807,2599366.126422,0.622683061112131,0.184253991558084,0.0130299137456414,0.0363369425582676,0.0137639933932832,0.129932097632593
245773.411807,2599366.126422,0.566660553823583,0.242068586099395,0.00568494406748579,0.00201723821749496,0.0179717586649551,0.165596919127086
246273.411807,2599366.126422,0.850650540590068,0,0,0.000366501740883269,0.000183250870441635,0.148799706798607
246773.411807,2599366.126422,0.846944393466691,0.0251422279317306,0,0,0,0.127913378601578
247273.411807,2599366.126422,0.81606455162296,0.0265908674124335,0,0,0.000183385292499542,0.157161195672107
247773.411807,2599366.126422,0.783947223749313,0.0793476269012278,0.00183250870441635,0.00146600696353308,0.00274876305662452,0.130657870624885
248273.411807,2599366.126422,0.507616076344283,0.036520462470178,0.0409249403560286,0.0770783630023858,0.0912093962194898,0.246650761607634
248773.411807,2599366.126422,0.44397579314139,0.0535485054098661,0.16816431322208,0.172382174949569,0.0529983495323675,0.108930863744728
249273.411807,2599366.126422,0.339563862928349,0.0954737035000916,0.176287337364852,0.306395455378413,0.0274876305662452,0.0547920102620487
249773.411807,2599366.126422,0.700129894228985,0.0515865652254593,0.0478753015401744,0.0510298756726665,0.0423084060122472,0.107069957320468
237273.411807,2598866.126422,0.756796690307329,0.000591016548463357,0,0,0.00236406619385343,0.240248226950355
237773.411807,2598866.126422,0.803119266055046,0.00110091743119266,0,0.00055045871559633,0.00385321100917431,0.191376146788991
238273.411807,2598866.126422,0.911392405063291,0,0,0,0,0.0886075949367089
238773.411807,2598866.126422,0.82967032967033,0,0,0,0.000549450549450549,0.16978021978022
239273.411807,2598866.126422,0.958899082568807,0,0,0,0.00018348623853211,0.0409174311926606
239773.411807,2598866.126422,0.917813245276096,0,0,0,0,0.0821867547239039
240273.411807,2598866.126422,0.864835164835165,0,0,0,0,0.135164835164835
240773.411807,2598866.126422,0.931192660550459,0.00073394495412844,0,0.00055045871559633,0.00568807339449541,0.0618348623853211
241273.411807,2598866.126422,0.857090442120712,0.0163272793982755,0.000183452577508714,0.0130251330031187,0.0194459732159237,0.0939277196844616
241773.411807,2598866.126422,0.816483516483516,0.0274725274725275,0.0192307692307692,0.00457875457875458,0.0133699633699634,0.118864468864469
242273.411807,2598866.126422,0.934678899082569,0.0262385321100917,0,0,0.00018348623853211,0.0388990825688073
242773.411807,2598866.126422,0.923133370023849,0.001284168042561,0,0,0,0.0755824619335902
243273.411807,2598866.126422,0.794322344322344,0.0346153846153846,0.00128205128205128,0.000732600732600733,0.000915750915750916,0.168131868131868
243773.411807,2598866.126422,0.959082568807339,0.00807339449541284,0,0,0.00293577981651376,0.0299082568807339
244273.411807,2598866.126422,0.709411117226197,0.0508163639699138,0.00146762062006971,0.00421940928270042,0.0249495505411851,0.209135938359934
244773.411807,2598866.126422,0.871794871794872,0.0476190476190476,0,0,0.00604395604395604,0.0745421245421245
245273.411807,2598866.126422,0.45651376146789,0.258715596330275,0.0188990825688073,0.0130275229357798,0.0607339449541284,0.192110091743119
245773.411807,2598866.126422,0.146395156851954,0.269124931205283,0.109154283617685,0.0537516052100532,0.110988809392772,0.310585213722253
246273.411807,2598866.126422,0.699084249084249,0.0032967032967033,0,0.0102564102564103,0.0234432234432234,0.263919413919414
246773.411807,2598866.126422,0.768256880733945,0.0255045871559633,0.00477064220183486,0.00605504587155963,0.015045871559633,0.180366972477064
247273.411807,2598866.126422,0.501926252063841,0.1284168042561,0.060906255732893,0.0785177031737296,0.0645753072830673,0.165657677490369
247773.411807,2598866.126422,0.387362637362637,0.0402930402930403,0.00457875457875458,0.243040293040293,0.108424908424908,0.216300366300366
248273.411807,2598866.126422,0.238348623853211,0.0240366972477064,0.0139449541284404,0.320550458715596,0.0992660550458716,0.303853211009174
248773.411807,2598866.126422,0.000366905155017428,0.00953953403045313,0.582095028435149,0.389653274628509,0.00862227114290956,0.00972298660796184
249273.411807,2598866.126422,0.39029304029304,0.0917582417582418,0.224908424908425,0.0518315018315018,0.0326007326007326,0.208608058608059
249773.411807,2598866.126422,0.38886827458256,0.115769944341373,0.128756957328386,0.181818181818182,0.0293135435992579,0.155473098330241
237273.411807,2598366.126422,0.774164942358853,0.0150753768844221,0,0.0056163168785102,0.0115282293822051,0.193615134496009
237773.411807,2598366.126422,0.808974358974359,0.00201465201465201,0,0.00128205128205128,0.00146520146520147,0.186263736263736
238273.411807,2598366.126422,0.764468864468864,0,0,0,0,0.235531135531136
238773.411807,2598366.126422,0.792629262926293,0.0122845617895123,0,0.0022002200220022,0.01998533186652,0.172900623395673
239273.411807,2598366.126422,0.954578754578755,0.00512820512820513,0,0,0,0.0402930402930403
239773.411807,2598366.126422,0.974908424908425,0,0,0,0,0.0250915750915751
240273.411807,2598366.126422,0.807480748074808,0.0088008800880088,0,0.000183351668500183,0.00128346167950128,0.182251558489182
240773.411807,2598366.126422,0.853113553113553,0.0957875457875458,0,0,0,0.0510989010989011
241273.411807,2598366.126422,0.645787545787546,0.101648351648352,0.00366300366300366,0.0895604395604396,0.0267399267399267,0.132600732600733
241773.411807,2598366.126422,0.515401540154015,0.0177851118445178,0.0135680234690136,0.129446277961129,0.131646497983132,0.192152548588192
242273.411807,2598366.126422,0.714835164835165,0.0214285714285714,0.10018315018315,0.0620879120879121,0.0283882783882784,0.0730769230769231
242773.411807,2598366.126422,0.971245421245421,0.000732600732600733,0,0,0,0.028021978021978
243273.411807,2598366.126422,0.956729006233957,0.00311697836450312,0,0,0,0.0401540154015402
243773.411807,2598366.126422,0.770695970695971,0.0333333333333333,0.000915750915750916,0.0010989010989011,0.0120879120879121,0.181868131868132
244273.411807,2598366.126422,0.617032967032967,0.0902930402930403,0.000366300366300366,0.0021978021978022,0.0318681318681319,0.258241758241758
244773.411807,2598366.126422,0.546204620462046,0.0209020902090209,0,0.00385038503850385,0.00935093509350935,0.41969196919692
245273.411807,2598366.126422,0.657142857142857,0.0666666666666667,0.00421245421245421,0.00421245421245421,0.0197802197802198,0.247985347985348
245773.411807,2598366.126422,0.0252747252747253,0.0666666666666667,0.0206959706959707,0.0512820512820513,0.141391941391941,0.694688644688645
246273.411807,2598366.126422,0.314081408140814,0.0403373670700403,0,0.00366703337000367,0.0104510451045105,0.631463146314632
246773.411807,2598366.126422,0.713369963369963,0.0250915750915751,0.0108058608058608,0.0135531135531136,0.0247252747252747,0.212454212454212
247273.411807,2598366.126422,0.404761904761905,0.0111721611721612,0.000366300366300366,0.0492673992673993,0.0553113553113553,0.479120879120879
247773.411807,2598366.126422,0.728272827282728,0.0100843417675101,0,0.0568390172350568,0.0588558855885589,0.145947928126146
248273.411807,2598366.126422,0.416849816849817,0.00311355311355311,0,0.0461538461538462,0.041025641025641,0.492857142857143
248773.411807,2598366.126422,0.332234432234432,0.0126373626373626,0.00293040293040293,0.0302197802197802,0.0304029304029304,0.591575091575092
249273.411807,2598366.126422,0.107994132746608,0,0,0,0,0.892005867253392
249773.411807,2598366.126422,0.151537606520934,0,0,0.00148203038162282,0.00185253797702853,0.845127825120415
237273.411807,2597866.126422,0.911590774689533,0.0109402720283856,0,0,0,0.0774689532820816
237773.411807,2597866.126422,0.832629840337677,0.00220223894292531,0,0.000183519911910442,0.000367039823820885,0.164617360983667
238273.411807,2597866.126422,0.792407848890519,0.00183385292499542,0,0.00275077938749312,0.011186502842472,0.19182101595452
238773.411807,2597866.126422,0.865310610225399,0,0,0,0,0.134689389774601
239273.411807,2597866.126422,0.950816663608001,0,0,0,0,0.0491833363919985
239773.411807,2597866.126422,0.832385842655419,0,0,0.00128369704749679,0.00165046763249587,0.164679992664588
240273.411807,2597866.126422,0.905809052593,0.0225398570643211,0,0,0.000183250870441635,0.0714678394722375
240773.411807,2597866.126422,0.891539732060929,0.0445953385942375,0,0,0,0.0638649293448339
241273.411807,2597866.126422,0.904272877315239,0.0403447643498991,0.00403447643498991,0.00385109114249037,0.000733541169998166,0.0467632495873831
241773.411807,2597866.126422,0.671980941909474,0.127542605827378,0.00403151914971596,0.0392156862745098,0.0161260765988638,0.141103170240059
242273.411807,2597866.126422,0.899798128096899,0.00183519911910442,0,0.000550559735731327,0.00367039823820885,0.0941457148100569
242773.411807,2597866.126422,0.931597285897671,0,0,0,0.000183385292499542,0.0682193288098294
243273.411807,2597866.126422,0.943192230163093,0.000916254352208173,0,0,0.000733003481766538,0.055158512002932
243773.411807,2597866.126422,0.907138924573316,0.00458799779776106,0.000550559735731327,0.00330335841438796,0.0106441548908057,0.0737750045879978
244273.411807,2597866.126422,0.487254722171282,0.0124701998899688,0.000916926462497708,0.00678525582248304,0.0267742527049331,0.465798642948835
244773.411807,2597866.126422,0.553600879604178,0.0089792926516401,0,0,0,0.437419827744182
245273.411807,2597866.126422,0.645623050100936,0.0170673518076711,0.00146815929528354,0.00513855753349238,0.0234905487245366,0.30721233253808
245773.411807,2597866.126422,0.142306986979644,0.0315422703099211,0.0203557674674491,0.0808729139922978,0.11608289015221,0.608839171098478
246273.411807,2597866.126422,0.701484332050577,0,0,0.0179585853032802,0.0053142752428074,0.275242807403335
246773.411807,2597866.126422,0.64305377133419,0,0,0.00220223894292531,0.00311983850247752,0.351624151220407
247273.411807,2597866.126422,0.607555474050981,0,0,0.000183385292499542,0.00348432055749129,0.388776820099028
247773.411807,2597866.126422,0.830126443100605,0.0399486897562763,0,0.0124610591900312,0.0137438152831226,0.103719992669965
248273.411807,2597866.126422,0.844191594788035,0.00623967700495504,0,0.000734079647641769,0.00623967700495504,0.142594971554414
248773.411807,2597866.126422,0.692646249770768,0.00366770584999083,0,0,0,0.303686044379241
249273.411807,2597866.126422,0.507421660252886,0.0174088326919553,0.00494777350192413,0.275426058273777,0.0271211288253619,0.167674546454096
249773.411807,2597866.126422,0.909816292447578,0,0,0,0,0.0901837075524216
237273.411807,2597366.126422,0.874704491725768,0,0,0,0.000295508274231678,0.125
237773.411807,2597366.126422,0.881467889908257,0.00036697247706422,0,0.00018348623853211,0.00146788990825688,0.11651376146789
238273.411807,2597366.126422,0.850302696752889,0.0110071546505228,0,0,0.00568702990277013,0.133003118693818
238773.411807,2597366.126422,0.802930402930403,0.00750915750915751,0,0,0,0.18956043956044
239273.411807,2597366.126422,0.871926605504587,0,0,0,0,0.128073394495413
239773.411807,2597366.126422,0.833791964777105,0.0122913226930838,0,0.000366905155017428,0.00421940928270042,0.149330398092093
240273.411807,2597366.126422,0.87967032967033,0.0496336996336996,0,0,0,0.0706959706959707
240773.411807,2597366.126422,0.871926605504587,0.0300917431192661,0,0,0,0.0979816513761468
241273.411807,2597366.126422,0.889378095762245,0.0365070629242341,0,0,0,0.0741148413135205
241773.411807,2597366.126422,0.822710622710623,0.0802197802197802,0,0.000183150183150183,0.00347985347985348,0.0934065934065934
242273.411807,2597366.126422,0.917431192660551,0.00642201834862385,0,0,0.00036697247706422,0.0757798165137615
242773.411807,2597366.126422,0.702806824435883,0.0511832691249312,0.0286186020913594,0.00476976701522656,0.0266006237387635,0.186020913593836
243273.411807,2597366.126422,0.845238095238095,0.0584249084249084,0.000366300366300366,0,0.00274725274725275,0.0932234432234432
243773.411807,2597366.126422,0.879266055045872,0.0286238532110092,0,0.00311926605504587,0.00825688073394495,0.0807339449541284
244273.411807,2597366.126422,0.800587048248028,0.0159603742432581,0.000550357732526142,0.00733810310034856,0.0111906072280316,0.164373509447808
244773.411807,2597366.126422,0.891391941391941,0.00201465201465201,0,0.000183150183150183,0.000183150183150183,0.106227106227106
245273.411807,2597366.126422,0.805137614678899,0.0864220183486239,0.00238532110091743,0.00385321100917431,0.0113761467889908,0.0908256880733945
245773.411807,2597366.126422,0.395340304531279,0.1326362135388,0.0541185103650706,0.0168776371308017,0.106402494955054,0.294624839478995
246273.411807,2597366.126422,0.616849816849817,0.000549450549450549,0,0.00586080586080586,0.0032967032967033,0.373443223443223
246773.411807,2597366.126422,0.812844036697248,0.00018348623853211,0,0.00128440366972477,0.00330275229357798,0.182385321100917
247273.411807,2597366.126422,0.681709778022381,0.178132452760961,0.000366905155017428,0.0427444505595304,0.0130251330031187,0.084021280498991
247773.411807,2597366.126422,0.850549450549451,0.00238095238095238,0,0.00457875457875458,0.00842490842490842,0.134065934065934
248273.411807,2597366.126422,0.354678899082569,0,0,0.0273394495412844,0.0354128440366972,0.582568807339449
248773.411807,2597366.126422,0.719501008989176,0,0,0,0,0.280498991010824
249273.411807,2597366.126422,0.8996336996337,0.00238095238095238,0.00384615384615385,0.0465201465201465,0.00714285714285714,0.0404761904761905
249773.411807,2597366.126422,0.733209647495362,0.0213358070500928,0.0038961038961039,0.0755102040816327,0.0411873840445269,0.124860853432282
237273.411807,2596866.126422,0.761749926101094,0.000886786875554242,0,0.00206916937629323,0.00147797812592374,0.233816139521135
237773.411807,2596866.126422,0.825457875457875,0.00586080586080586,0,0.00677655677655678,0.0289377289377289,0.132967032967033
238273.411807,2596866.126422,0.67948717948718,0.0452380952380952,0,0,0,0.275274725274725
238773.411807,2596866.126422,0.419141914191419,0.00733406674000733,0,0,0,0.573524019068574
239273.411807,2596866.126422,0.462087912087912,0.0705128205128205,0,0.000366300366300366,0.000915750915750916,0.466117216117216
239773.411807,2596866.126422,0.615934065934066,0.000915750915750916,0,0.0208791208791209,0.0203296703296703,0.341941391941392
240273.411807,2596866.126422,0.350935093509351,0,0,0.00165016501650165,0.00256692335900257,0.644847818115145
240773.411807,2596866.126422,0.257326007326007,0,0,0.00146520146520147,0.000183150183150183,0.741025641025641
241273.411807,2596866.126422,0.383150183150183,0.00311355311355311,0,0.00183150183150183,0.00274725274725275,0.609157509157509
241773.411807,2596866.126422,0.524935826916025,0.00238357169050238,0,0,0,0.472680601393473
242273.411807,2596866.126422,0.717765567765568,0.0183150183150183,0,0,0,0.263919413919414
242773.411807,2596866.126422,0.752930402930403,0.128754578754579,0.0141025641025641,0.00164835164835165,0.00695970695970696,0.0956043956043956
243273.411807,2596866.126422,0.506417308397506,0.175467546754675,0.147598093142648,0.0212687935460213,0.0427209387605427,0.106527319398607
243773.411807,2596866.126422,0.851282051282051,0.00421245421245421,0,0.0010989010989011,0.0032967032967033,0.14010989010989
244273.411807,2596866.126422,0.871428571428571,0.0379120879120879,0,0,0.000183150183150183,0.0904761904761905
244773.411807,2596866.126422,0.631096442977631,0.130546387972131,0.0572057205720572,0.00513384671800513,0.0407040704070407,0.135313531353135
245273.411807,2596866.126422,0.489010989010989,0.235531135531136,0.0946886446886447,0.00805860805860806,0.032051282051282,0.140659340659341
245773.411807,2596866.126422,0.496703296703297,0.030952380952381,0.000732600732600733,0.0228937728937729,0.058974358974359,0.38974358974359
246273.411807,2596866.126422,0.685185185185185,0.204437110377704,0.00696736340300697,0.00348368170150348,0.00733406674000733,0.0925925925925926
246773.411807,2596866.126422,0.441391941391941,0.276373626373626,0.0714285714285714,0.0296703296703297,0.0283882783882784,0.152747252747253
247273.411807,2596866.126422,0.672344322344322,0.0796703296703297,0.0456043956043956,0.0100732600732601,0.0104395604395604,0.181868131868132
247773.411807,2596866.126422,0.593142647598093,0,0,0.011001100110011,0.0216354968830216,0.374220755408874
248273.411807,2596866.126422,0.567216117216117,0,0,0.00201465201465201,0.0010989010989011,0.42967032967033
248773.411807,2596866.126422,0.904029304029304,0.000183150183150183,0,0,0,0.0957875457875458
249273.411807,2596866.126422,0.673450678401173,0.0234690135680235,0.00055005500550055,0.123028969563623,0.0584891822515585,0.121012101210121
249773.411807,2596866.126422,0.850314931456095,0.0135235272323083,0.00611337532419415,0.0340866987773249,0.0316783994071878,0.06428306780289
237273.411807,2596366.126422,0.854523950325251,0.0774689532820816,0,0,0,0.0680070963926671
237773.411807,2596366.126422,0.801431455312901,0.0189025509267756,0,0.000367039823820885,0.00385391815011929,0.175445035786383
238273.411807,2596366.126422,0.504492939666239,0.0460297084173849,0,0,0,0.449477351916376
238773.411807,2596366.126422,0.673630199743449,0.011544804837823,0,0,0.00183250870441635,0.312992486714312
239273.411807,2596366.126422,0.835015599192512,0,0,0,0,0.164984400807488
239773.411807,2596366.126422,0.730423620025674,0,0,0.000366770584999083,0.00110031175499725,0.26810929763433
240273.411807,2596366.126422,0.496243357155946,0.000366501740883269,0,0.0124610591900312,0.0216236027121129,0.469305479201026
240773.411807,2596366.126422,0.770049550376216,0,0,0,0.000183519911910442,0.229766929711874
241273.411807,2596366.126422,0.405831652301485,0,0,0.00110031175499725,0.000366770584999083,0.592701265358518
241773.411807,2596366.126422,0.619387942092725,0,0,0,0,0.380612057907275
242273.411807,2596366.126422,0.695173426316755,0,0,0.000183519911910442,0,0.304643053771334
242773.411807,2596366.126422,0.592884650651018,0.00385109114249037,0.0097194205024757,0.0122868145974693,0.0238400880249404,0.357417935081606
243273.411807,2596366.126422,0.772035917170607,0.0252886201209456,0.00201575957485798,0.00384826827927433,0.0108118013560564,0.185999633498259
243773.411807,2596366.126422,0.683428151954487,0,0,0,0,0.316571848045513
244273.411807,2596366.126422,0.746011369888135,0.039611223179901,0.0253071703649367,0.0209059233449477,0.0245736291949386,0.143590684027141
244773.411807,2596366.126422,0.314458493677845,0.259849734286238,0.124610591900312,0.0225398570643211,0.0617555433388309,0.216785779732454
245273.411807,2596366.126422,0.0416590200036704,0.205175261515874,0.371811341530556,0.0824004404477886,0.108827307762892,0.190126628739218
245773.411807,2596366.126422,0.00183385292499542,0.0427287731523932,0.215661103979461,0.376306620209059,0.159545204474601,0.20392444525949
246273.411807,2596366.126422,0.0463624702217336,0.103536741799524,0.0773318673263698,0.0866776617188932,0.151181968114349,0.534909290819131
246773.411807,2596366.126422,0.26133235456047,0.185722150853368,0.0271609469627455,0.0172508717195816,0.097082033400624,0.411451642503212
247273.411807,2596366.126422,0.930496974142674,0,0,0.00256739409499358,0.004401247019989,0.0625343847423437
247773.411807,2596366.126422,0.81949789261499,0,0,0.0320689023272861,0.0613890415979476,0.0870441634597764
248273.411807,2596366.126422,0.197100385391815,0,0,0.00605615709304459,0.00568911726922371,0.791154340245917
248773.411807,2596366.126422,0.552906656886118,0,0,0,0,0.447093343113882
249273.411807,2596366.126422,0.848818031885651,0,0,0,0,0.151181968114349
249773.411807,2596366.126422,0.719242902208202,0.0207830766375951,0.00630914826498423,0.0909259602894786,0.0473186119873817,0.115420300612359
237273.411807,2595866.126422,0.503841607565012,0.106973995271868,0,0,0,0.389184397163121
237773.411807,2595866.126422,0.515963302752294,0.106238532110092,0,0,0,0.377798165137615
238273.411807,2595866.126422,0.617134470739314,0.0185287103283801,0,0.00348559897266557,0.00990643918547056,0.35094478077417
238773.411807,2595866.126422,0.341391941391941,0.00164835164835165,0,0.00494505494505494,0.0111721611721612,0.640842490842491
239273.411807,2595866.126422,0.630091743119266,0.00055045871559633,0,0.00073394495412844,0.00201834862385321,0.366605504587156
239773.411807,2595866.126422,0.942212438084755,0,0,0,0,0.0577875619152449
240273.411807,2595866.126422,0.447985347985348,0.000732600732600733,0,0.015018315018315,0.0208791208791209,0.515384615384615
240773.411807,2595866.126422,0.741467889908257,0,0,0,0,0.258532110091743
241273.411807,2595866.126422,0.733993762612365,0.000550357732526142,0,0.00385250412768299,0.010273344340488,0.251330031186938
241773.411807,2595866.126422,0.811721611721612,0.000183150183150183,0,0.000549450549450549,0.000732600732600733,0.186813186813187
242273.411807,2595866.126422,0.787522935779816,0,0,0.00036697247706422,0.00110091743119266,0.211009174311927
242773.411807,2595866.126422,0.291506145661347,0.00275178866263071,0.0111906072280316,0.0159603742432581,0.0333883691065859,0.645202715098147
243273.411807,2595866.126422,0.796336996336996,0,0,0.0010989010989011,0.00183150183150183,0.200732600732601
243773.411807,2595866.126422,0.808256880733945,0.00660550458715596,0,0.00073394495412844,0.00055045871559633,0.183853211009174
244273.411807,2595866.126422,0.562649055219226,0,0,0.00146762062006971,0.00275178866263071,0.433131535498074
244773.411807,2595866.126422,0.649450549450549,0.0368131868131868,0.0124542124542125,0.00824175824175824,0.0282051282051282,0.264835164835165
245273.411807,2595866.126422,0.337614678899083,0.0170642201834862,0.00990825688073394,0.0348623853211009,0.0926605504587156,0.507889908256881
245773.411807,2595866.126422,0.00311869381764814,0.0570537516052101,0.0489818381948266,0.198679141441937,0.228581911575858,0.46358466336452
246273.411807,2595866.126422,0.778205128205128,0.000549450549450549,0,0.00347985347985348,0.00494505494505494,0.212820512820513
246773.411807,2595866.126422,0.71045871559633,0.0603669724770642,0,0.00587155963302752,0.0115596330275229,0.211743119266055
247273.411807,2595866.126422,0.68042560997982,0.00110071546505228,0.000550357732526142,0.0394423041643735,0.0366905155017428,0.241790497156485
247773.411807,2595866.126422,0.258058608058608,0,0,0.00732600732600733,0.0646520146520147,0.66996336996337
248273.411807,2595866.126422,0.122201834862385,0.00018348623853211,0,0.0185321100917431,0.0344954128440367,0.824587155963303
248773.411807,2595866.126422,0.725371491469455,0,0,0,0,0.274628508530545
249273.411807,2595866.126422,0.982417582417582,0,0,0,0,0.0175824175824176
249773.411807,2595866.126422,0.831725417439703,0.014100185528757,0.000185528756957328,0.0100185528756957,0.0313543599257885,0.112615955473098
237273.411807,2595366.126422,0.572568725982855,0,0,0,0.000295595625184747,0.42713567839196
237773.411807,2595366.126422,0.571611721611722,0.00622710622710623,0,0.000183150183150183,0.00164835164835165,0.42032967032967
238273.411807,2595366.126422,0.386446886446886,0.017032967032967,0,0.0166666666666667,0.0428571428571429,0.536996336996337
238773.411807,2595366.126422,0.7004033736707,0.000733406674000733,0,0.0286028602860286,0.015951595159516,0.254308764209754
239273.411807,2595366.126422,0.576739926739927,0.00146520146520147,0,0.0628205128205128,0.0391941391941392,0.31978021978022
239773.411807,2595366.126422,0.843223443223443,0.000915750915750916,0.000549450549450549,0.0708791208791209,0.019047619047619,0.0653846153846154
240273.411807,2595366.126422,0.887055372203887,0,0,0.00146681334800147,0.000183351668500183,0.111294462779611
240773.411807,2595366.126422,0.805494505494506,0.000183150183150183,0,0.00128205128205128,0.00164835164835165,0.191391941391941
241273.411807,2595366.126422,0.682234432234432,0.00549450549450549,0,0.0783882783882784,0.0620879120879121,0.171794871794872
241773.411807,2595366.126422,0.864136413641364,0.00183351668500183,0,0.0183351668500183,0.0170517051705171,0.0986431976530986
242273.411807,2595366.126422,0.847619047619048,0.00238095238095238,0.00256410256410256,0.00879120879120879,0.0230769230769231,0.115567765567766
242773.411807,2595366.126422,0.576739926739927,0.00128205128205128,0,0.00457875457875458,0.0137362637362637,0.403663003663004
243273.411807,2595366.126422,0.686468646864686,0.00165016501650165,0,0.00055005500550055,0.00293362669600293,0.308397506417308
243773.411807,2595366.126422,0.855128205128205,0.0148351648351648,0,0.00787545787545788,0.01996336996337,0.102197802197802
244273.411807,2595366.126422,0.808791208791209,0.0463369963369963,0.0100732600732601,0,0.00201465201465201,0.132783882783883
244773.411807,2595366.126422,0.635680234690136,0.0572057205720572,0.013017968463513,0.0346534653465347,0.0462046204620462,0.213237990465713
245273.411807,2595366.126422,0.116666666666667,0.0968864468864469,0.023992673992674,0.147619047619048,0.203296703296703,0.411538461538462
245773.411807,2595366.126422,0.416300366300366,0,0,0.0452380952380952,0.0291208791208791,0.509340659340659
246273.411807,2595366.126422,0.677301063439677,0,0,0.00843417675100843,0.0066006600660066,0.307664099743308
246773.411807,2595366.126422,0.92051282051282,0,0,0.000915750915750916,0,0.0785714285714286
247273.411807,2595366.126422,0.695787545787546,0.00274725274725275,0,0.00732600732600733,0.015018315018315,0.279120879120879
247773.411807,2595366.126422,0.909057572423909,0.000366703337000367,0,0.000183351668500183,0.000916758342500917,0.0894756142280895
248273.411807,2595366.126422,0.790842490842491,0,0,0,0.000366300366300366,0.208791208791209
248773.411807,2595366.126422,0.953296703296703,0,0,0,0,0.0467032967032967
249273.411807,2595366.126422,0.958745874587459,0,0,0,0,0.0412541254125413
249773.411807,2595366.126422,0.977399036680252,0,0,0,0,0.0226009633197481
237273.411807,2594866.126422,0.758722649319929,0.00532229450029568,0,0,0,0.235955056179775
237773.411807,2594866.126422,0.708019820150486,0,0,0,0,0.291980179849514
238273.411807,2594866.126422,0.825600586832936,0.000733541169998166,0,0,0.00330093526499175,0.170364936732074
238773.411807,2594866.126422,0.844603261865494,0,0,0.00274876305662452,0.0117280557082646,0.140919919369617
239273.411807,2594866.126422,0.864929344833914,0.000734079647641769,0,0.00715727656450725,0.0240411084602679,0.103138190493669
239773.411807,2594866.126422,0.651567944250871,0.0022006235099945,0.00275077938749312,0.12781954887218,0.130020172382175,0.0856409315972859
240273.411807,2594866.126422,0.912222833058457,0,0,0.00183250870441635,0.00219901044529962,0.083745647791827
240773.411807,2594866.126422,0.663424481556249,0.0047715177096715,0,0.202422462837218,0.0739585244999082,0.0554230133969536
241273.411807,2594866.126422,0.805061434072987,0.0291582615074271,0.000550155877498625,0.0770218228498075,0.030808729139923,0.0573995965523565
241773.411807,2594866.126422,0.827560930914422,0.0370166758292102,0.0122778083195895,0.0344511636430273,0.013560564412681,0.0751328568810702
242273.411807,2594866.126422,0.835382639016333,0.0332171040557901,0.00110111947146265,0.0113782345384474,0.0117452743622683,0.107175628555698
242773.411807,2594866.126422,0.669172932330827,0.113882266642215,0.0102695763799743,0.0121034293049697,0.0187052998349532,0.17586649550706
243273.411807,2594866.126422,0.653655854865311,0.0747663551401869,0,0.00348176653839106,0.030602895363753,0.237493128092358
243773.411807,2594866.126422,0.814461369058543,0.0326665443200587,0.00183519911910442,0,0.00495503762158194,0.146081849880712
244273.411807,2594866.126422,0.468732807628828,0.000916926462497708,0,0.00385109114249037,0.00916926462497708,0.517329910141207
244773.411807,2594866.126422,0.241891148982958,0.000183250870441635,0.000183250870441635,0.189298149166209,0.187465640461792,0.380978559648158
245273.411807,2594866.126422,0.00513855753349238,0.00256927876674619,0.000367039823820885,0.159478803450174,0.191594788034502,0.640851532391264
245773.411807,2594866.126422,0.531633962956171,0,0,0.0605171465248487,0.0671190170548322,0.340729873464148
246273.411807,2594866.126422,0.837639728788712,0.000183250870441635,0,0.000366501740883269,0.000183250870441635,0.161627267729522
246773.411807,2594866.126422,0.906955404661406,0,0,0.000550559735731327,0.00110111947146265,0.0913929161314003
247273.411807,2594866.126422,0.869796442325325,0,0,0,0,0.130203557674674
247773.411807,2594866.126422,0.927066153564229,0,0,0,0,0.0729338464357706
248273.411807,2594866.126422,0.928243714443017,0.000367039823820885,0,0,0.000550559735731327,0.0708386859974307
248773.411807,2594866.126422,0.948835503392628,0.0022006235099945,0,0.00183385292499542,0.00385109114249037,0.0432789290298918
249273.411807,2594866.126422,0.950888766721642,0.00769653655854865,0,0,0,0.0414146967198094
249773.411807,2594866.126422,0.942289849693821,0.00148450547411394,0,0.00241232139543515,0.00315457413249211,0.0506587493041381
237273.411807,2594366.126422,0.824468085106383,0.0245271867612293,0,0,0,0.151004728132388
237773.411807,2594366.126422,0.548256880733945,0.00146788990825688,0,0.00844036697247706,0.0108256880733945,0.431009174311927
238273.411807,2594366.126422,0.820399926618969,0.00091726288754357,0,0.00275178866263071,0.00880572372041827,0.167125298110438
238773.411807,2594366.126422,0.823992673992674,0,0,0,0,0.176007326007326
239273.411807,2594366.126422,0.644036697247706,0.00605504587155963,0.00146788990825688,0.0915596330275229,0.0867889908256881,0.170091743119266
239773.411807,2594366.126422,0.532929737662814,0.0155934690882407,0.0522839845899835,0.12126215373326,0.0834709227664649,0.194459732159237
240273.411807,2594366.126422,0.746153846153846,0.0298534798534799,0.00549450549450549,0.0267399267399267,0.056959706959707,0.134798534798535
240773.411807,2594366.126422,0.925321100917431,0.00880733944954129,0,0.00018348623853211,0.000917431192660551,0.0647706422018349
241273.411807,2594366.126422,0.945331131902403,0.011557512383049,0,0,0,0.0431113557145478
241773.411807,2594366.126422,0.937179487179487,0.0234432234432234,0,0.0010989010989011,0.00274725274725275,0.0355311355311355
242273.411807,2594366.126422,0.819082568807339,0.0324770642201835,0,0.00018348623853211,0.0018348623853211,0.146422018348624
242773.411807,2594366.126422,0.80462300495322,0.0343056319941295,0.000550357732526142,0.000183452577508714,0.0106402494955054,0.149697303247111
243273.411807,2594366.126422,0.704945054945055,0.112271062271062,0.00512820512820513,0.0144688644688645,0.0261904761904762,0.136996336996337
243773.411807,2594366.126422,0.756697247706422,0.0425688073394495,0.00018348623853211,0.00018348623853211,0.00146788990825688,0.198899082568807
244273.411807,2594366.126422,0.74463401210787,0.0399926618968997,0.000366905155017428,0.00165107319757843,0.00366905155017428,0.20968629609246
244773.411807,2594366.126422,0.570879120879121,0.058974358974359,0.0258241758241758,0.0137362637362637,0.0637362637362637,0.266849816849817
245273.411807,2594366.126422,0.146238532110092,0.0528440366972477,0.0357798165137615,0.0921100917431193,0.170275229357798,0.502752293577982
245773.411807,2594366.126422,0.7831590533847,0.00220143093010457,0.000366905155017428,0.00697119794533113,0.0091726288754357,0.198128783709411
246273.411807,2594366.126422,0.563553113553114,0.122527472527473,0.00146520146520147,0.010989010989011,0.0269230769230769,0.274542124542125
246773.411807,2594366.126422,0.760917431192661,0.0752293577981651,0.0137614678899083,0.00311926605504587,0.00862385321100917,0.138348623853211
247273.411807,2594366.126422,0.898550724637681,0.0232984773436067,0.000183452577508714,0.001284168042561,0.00385250412768299,0.0728306732709595
247773.411807,2594366.126422,0.954029304029304,0.0120879120879121,0,0,0,0.0338827838827839
248273.411807,2594366.126422,0.904587155963303,0.0111926605504587,0,0,0,0.0842201834862385
248773.411807,2594366.126422,0.929554210236654,0.00275178866263071,0,0,0,0.0676940011007155
249273.411807,2594366.126422,0.853479853479853,0,0,0,0,0.146520146520147
249773.411807,2594366.126422,0.815027829313544,0.0168831168831169,0.00927643784786642,0.0317254174397032,0.0244897959183673,0.102597402597403
237273.411807,2593866.126422,0.867277564292048,0,0,0,0,0.132722435707952
237773.411807,2593866.126422,0.392673992673993,0.00293040293040293,0,0.0463369963369963,0.0565934065934066,0.501465201465201
238273.411807,2593866.126422,0.824358974358974,0.00274725274725275,0,0.0188644688644689,0.0181318681318681,0.135897435897436
238773.411807,2593866.126422,0.749358269160249,0.00183351668500183,0.000183351668500183,0.0364869820315365,0.0473047304730473,0.164833149981665
239273.411807,2593866.126422,0.796336996336996,0.0119047619047619,0.00714285714285714,0.0470695970695971,0.0463369963369963,0.0912087912087912
239773.411807,2593866.126422,0.868498168498169,0.00311355311355311,0,0.00824175824175824,0.0296703296703297,0.0904761904761905
240273.411807,2593866.126422,0.753392005867253,0.0319031903190319,0.0273193986065273,0.0348368170150348,0.0416208287495416,0.110927759442611
240773.411807,2593866.126422,0.776556776556777,0.0139194139194139,0,0.0135531135531136,0.0373626373626374,0.158608058608059
241273.411807,2593866.126422,0.911538461538462,0.00183150183150183,0,0.00476190476190476,0.00677655677655678,0.0750915750915751
241773.411807,2593866.126422,0.873670700403374,0.00293362669600293,0,0.000366703337000367,0.00165016501650165,0.121378804547121
242273.411807,2593866.126422,0.632234432234432,0.021978021978022,0.000732600732600733,0.0164835164835165,0.0177655677655678,0.310805860805861
242773.411807,2593866.126422,0.801098901098901,0.0838827838827839,0,0.000183150183150183,0.00256410256410256,0.112271062271062
243273.411807,2593866.126422,0.370553722038871,0.108910891089109,0.0484048404840484,0.147414741474147,0.1001100110011,0.224605793912725
243773.411807,2593866.126422,0.598534798534799,0.104029304029304,0.0305860805860806,0.00384615384615385,0.0443223443223443,0.218681318681319
244273.411807,2593866.126422,0.590842490842491,0.0882783882783883,0.0139194139194139,0.00384615384615385,0.0355311355311355,0.267582417582418
244773.411807,2593866.126422,0.0663733039970664,0.0617895122845618,0.0511551155115512,0.212321232123212,0.181151448478181,0.427209387605427
245273.411807,2593866.126422,0.0456043956043956,0.0710622710622711,0.100732600732601,0.226923076923077,0.23956043956044,0.316117216117216
245773.411807,2593866.126422,0.0113553113553114,0.0815018315018315,0.136263736263736,0.230769230769231,0.271062271062271,0.269047619047619
246273.411807,2593866.126422,0.184451778511184,0.0935093509350935,0.0447378071140447,0.11037770443711,0.199119911991199,0.367803447011368
246773.411807,2593866.126422,0.501098901098901,0.0749084249084249,0.019047619047619,0.0496336996336996,0.0787545787545788,0.276556776556777
247273.411807,2593866.126422,0.61996336996337,0.00201465201465201,0,0.00366300366300366,0.00531135531135531,0.369047619047619
247773.411807,2593866.126422,0.296846351301797,0,0,0.000733406674000733,0.0022002200220022,0.7002200220022
248273.411807,2593866.126422,0.730952380952381,0,0,0.000183150183150183,0.000549450549450549,0.268315018315018
248773.411807,2593866.126422,0.98021978021978,0,0,0,0,0.0197802197802198
249273.411807,2593866.126422,0.993949394939494,0,0,0,0,0.00605060506050605
249773.411807,2593866.126422,0.874583178955169,0.00685439051500556,0.00759540570581697,0.00963319748054835,0.0163023341978511,0.0850314931456095
237273.411807,2593366.126422,0.822294500295683,0,0,0.0062093435836783,0.0118273211117682,0.15966883500887
237773.411807,2593366.126422,0.826757203156542,0.00183519911910442,0,0.00458799779776106,0.0178014314553129,0.149018168471279
238273.411807,2593366.126422,0.748762149275628,0.00330093526499175,0,0.0621676141573446,0.0546488171648634,0.131120484137172
238773.411807,2593366.126422,0.711013377313542,0.0122778083195895,0.0133773135422393,0.0665200659703134,0.0698185816382628,0.126992853216053
239273.411807,2593366.126422,0.801431455312901,0.00880895577170123,0.000917599559552211,0.0181684712791338,0.0374380620297302,0.133235456046981
239773.411807,2593366.126422,0.904272877315239,0.00128369704749679,0,0.00605171465248487,0.01998899688245,0.068402714102329
240273.411807,2593366.126422,0.842037749679311,0.00494777350192413,0.000916254352208173,0.00494777350192413,0.0201575957485798,0.126992853216053
240773.411807,2593366.126422,0.941273628188658,0.00679023674068636,0,0,0,0.0519361350706552
241273.411807,2593366.126422,0.926462497707684,0.0388776820099028,0.000183385292499542,0,0,0.0344764349899138
241773.411807,2593366.126422,0.850467289719626,0.0144768187648891,0,0.000733003481766538,0.0089792926516401,0.125343595382078
242273.411807,2593366.126422,0.825289043861259,0.00734079647641769,0,0.00146815929528354,0.00697375665259681,0.158928243714443
242773.411807,2593366.126422,0.691545938015771,0.0205391527599487,0.00403447643498991,0.0163212910324592,0.0678525582248304,0.199706583532001
243273.411807,2593366.126422,0.267729521715228,0.123694337548103,0.260216236027121,0.140003665017409,0.0751328568810702,0.133223382811068
243773.411807,2593366.126422,0.149018168471279,0.182785832262801,0.126628739218205,0.071389245733162,0.0719398054688934,0.39823820884566
244273.411807,2593366.126422,0.104713002017238,0.0122868145974693,0.00275077938749312,0.128736475334678,0.187603154227031,0.56390977443609
244773.411807,2593366.126422,0.475902510536925,0,0,0.0175920835623969,0.040131940626718,0.46637346527396
245273.411807,2593366.126422,0.568728207010461,0,0.000183519911910442,0.0389062213250138,0.0427601394751331,0.349421912277482
245773.411807,2593366.126422,0.033192737942417,0.0124701998899688,0.000550155877498625,0.147258389877132,0.246286447826884,0.560242068586099
246273.411807,2593366.126422,0.611508154663735,0.028587135788895,0,0.00824628916987356,0.0119113065787062,0.339747113798791
246773.411807,2593366.126422,0.801798495136722,0.00642319691686548,0,0,0.000734079647641769,0.19104422829877
247273.411807,2593366.126422,0.904456262607739,0.039611223179901,0,0,0.00110031175499725,0.0548322024573629
247773.411807,2593366.126422,0.79714128642111,0.00623052959501558,0,0,0,0.196628183983874
248273.411807,2593366.126422,0.82987704165902,0.000550559735731327,0,0,0,0.169572398605249
