"x","y","forest","agri","water","built","other","grass"
326273.411807,2696366.126422,0.983930300096805,0.00619554695062924,0,0,0,0.00987415295256534
326773.411807,2696366.126422,0.959823885525592,0.0137589433131535,0,0,0,0.0264171711612548
327273.411807,2696366.126422,0.962454212454212,0.0373626373626374,0,0,0,0.000183150183150183
327773.411807,2696366.126422,0.933394495412844,0.066605504587156,0,0,0,0
328273.411807,2696366.126422,0.943129700972299,0.0401761144744084,0,0.00275178866263071,0.00421940928270042,0.00972298660796184
328773.411807,2696366.126422,0.96025641025641,0.000366300366300366,0,0.0010989010989011,0.00164835164835165,0.0366300366300366
329273.411807,2696366.126422,0.855045871559633,0.00018348623853211,0,0.00055045871559633,0.00275229357798165,0.141467889908257
326273.411807,2695866.126422,0.989949748743719,0,0,0,0,0.0100502512562814
326773.411807,2695866.126422,0.982967032967033,0.00915750915750916,0,0.000183150183150183,0.0010989010989011,0.00659340659340659
327273.411807,2695866.126422,0.962779611294463,0.0372203887055372,0,0,0,0
327773.411807,2695866.126422,0.883150183150183,0.108791208791209,0,0,0,0.00805860805860806
328273.411807,2695866.126422,0.952380952380952,0.0157509157509158,0,0,0.000366300366300366,0.0315018315018315
328773.411807,2695866.126422,0.809314264759809,0.0172350568390172,0,0.0113678034470114,0.0144847818115145,0.147598093142648
329273.411807,2695866.126422,0.608974358974359,0.0159340659340659,0.0679487179487179,0.0681318681318681,0.0238095238095238,0.215201465201465
326273.411807,2695366.126422,0.940549961270333,0,0,0.00484120836560806,0.0127807900852053,0.0418280402788536
326773.411807,2695366.126422,0.948285347515129,0.0254905556574363,0,0,0.00183385292499542,0.024390243902439
327273.411807,2695366.126422,0.951621770203408,0.0384826827927433,0,0,0,0.00989554700384827
327773.411807,2695366.126422,0.952101302991375,0.0308313452009543,0,0,0,0.0170673518076711
328273.411807,2695366.126422,0.901338712635247,0.00880249403997799,0,0,0.0066018705299835,0.0832569227947919
328773.411807,2695366.126422,0.931464174454829,0.00109950522264981,0,0,0,0.0674363203225215
329273.411807,2695366.126422,0.260231235089007,0.0429436593870435,0.322260965314737,0.158010644154891,0.0218388695173426,0.194714626536979
326273.411807,2694866.126422,0.979283639883833,0,0,0.000774443368828654,0.00522749273959342,0.0147144240077444
326773.411807,2694866.126422,0.943680058704825,0.00201797835259585,0,0.000183452577508714,0.00275178866263071,0.0513667217024399
327273.411807,2694866.126422,0.888461538461538,0.0624542124542125,0,0,0.00164835164835165,0.0474358974358974
327773.411807,2694866.126422,0.84697247706422,0.0979816513761468,0,0,0.00917431192660551,0.0458715596330275
328273.411807,2694866.126422,0.947532562832508,0.000366905155017428,0,0,0,0.0521005320124748
328773.411807,2694866.126422,0.81007326007326,0.00311355311355311,0,0.0153846153846154,0.0124542124542125,0.158974358974359
326273.411807,2694366.126422,0.940278314650174,0,0,0,0.000579822187862389,0.0591418631619637
326773.411807,2694366.126422,0.983333333333333,0.00421245421245421,0,0.000732600732600733,0.000915750915750916,0.0108058608058608
327273.411807,2694366.126422,0.894206087275394,0.0764576457645765,0,0,0,0.0293362669600293
327773.411807,2694366.126422,0.863369963369963,0.13040293040293,0,0,0,0.00622710622710623
328273.411807,2694366.126422,0.848168498168498,0.0102564102564103,0,0,0,0.141575091575092
328773.411807,2694366.126422,0.423175650898423,0.00751741840850752,0.178951228456179,0.123945727906124,0.0326365969930326,0.233773377337734
326273.411807,2693866.126422,0.986250968241673,0.00154918667699458,0,0,0.000387296669248644,0.0118125484120837
326773.411807,2693866.126422,0.970474967907574,0.0275077938749312,0,0.000183385292499542,0.000366770584999083,0.00146708233999633
327273.411807,2693866.126422,0.925600146600696,0.0743998533993036,0,0,0,0
327773.411807,2693866.126422,0.888419893558451,0.0530372545421178,0,0,0,0.0585428518994311
328273.411807,2693866.126422,0.914725838987713,0.000733541169998166,0,0.00256739409499358,0.00825233816247937,0.0737208875848157
326273.411807,2693366.126422,0.922749273959342,0.0662149080348499,0,0,0,0.0110358180058083
326773.411807,2693366.126422,0.924967895798936,0.0728306732709595,0,0,0,0.00220143093010457
327273.411807,2693366.126422,0.814652014652015,0.0888278388278388,0,0.000183150183150183,0.00293040293040293,0.0934065934065934
327773.411807,2693366.126422,0.878532110091743,0.00036697247706422,0,0.00018348623853211,0,0.120917431192661
328273.411807,2693366.126422,0.498991010823702,0.0543019629425793,0.0500825536598789,0.183819482663731,0.0377912309667951,0.175013758943313
326273.411807,2692866.126422,0.891573250869733,0.0715114031696946,0,0,0,0.0369153459605721
326773.411807,2692866.126422,0.843223443223443,0.152380952380952,0,0,0,0.0043956043956044
327273.411807,2692866.126422,0.905390539053905,0.00348368170150348,0,0,0,0.0911257792445911
327773.411807,2692866.126422,0.848534798534799,0.00164835164835165,0,0.000549450549450549,0.00512820512820513,0.144139194139194
328273.411807,2692866.126422,0.138278388278388,0.0551282051282051,0.451098901098901,0.205860805860806,0.0434065934065934,0.106227106227106
326273.411807,2692366.126422,0.920410534469404,0.00367931835786212,0,0,0,0.0759101471727343
326773.411807,2692366.126422,0.886667889235283,0.00495140289748762,0,0,0,0.108380707867229
327273.411807,2692366.126422,0.948323254535459,0.0276708814366868,0,0,0,0.0240058640278541
327773.411807,2692366.126422,0.674986236006607,0.0141310332171041,0,0.0833180400073408,0.036520462470178,0.19104422829877
326273.411807,2691866.126422,0.703581800580833,0.0063891577928364,0,0.00484027105517909,0.00793804453049371,0.277250726040658
326773.411807,2691866.126422,0.828104934874335,0.00990643918547056,0,0,0.000366905155017428,0.161621720785177
327273.411807,2691866.126422,0.915201465201465,0,0,0,0,0.0847985347985348
327773.411807,2691866.126422,0.528440366972477,0.0346788990825688,0,0.14,0.0607339449541284,0.236146788990826
326273.411807,2691366.126422,0.810398144568999,0.000193274062620796,0,0.000579822187862389,0.000773096250483185,0.188055662930035
326773.411807,2691366.126422,0.741391941391941,0.0032967032967033,0,0.000183150183150183,0.0032967032967033,0.251831501831502
327273.411807,2691366.126422,0.887972130546388,0.000366703337000367,0,0,0,0.111661166116612
327773.411807,2691366.126422,0.281501831501832,0.091025641025641,0.0344322344322344,0.217948717948718,0.0868131868131868,0.288278388278388
328273.411807,2691366.126422,0.00238095238095238,0.274542124542125,0.504945054945055,0.181868131868132,0.000915750915750916,0.0353479853479853
326273.411807,2690866.126422,0.463981409759876,0.00503485670023238,0.328621223857475,0.0644848954298993,0.0125871417505809,0.125290472501936
326773.411807,2690866.126422,0.690812396845773,0,0.0570328259673574,0.108747478452228,0.0126535851824684,0.130753713552173
327273.411807,2690866.126422,0.536008796041781,0.0395821880153931,0.0276708814366868,0.113432288803372,0.0976727139453912,0.185633131757376
327773.411807,2690866.126422,0.0163332721600294,0.0983666727839971,0.498623600660672,0.21563589649477,0.0367039823820885,0.134336575518444
328273.411807,2690866.126422,0.00110031175499725,0.21199339812947,0.461030625343847,0.180634513112048,0.0157711351549606,0.129470016504676
326273.411807,2690366.126422,0,0.000968054211035818,0.696805421103582,0.301258470474347,0.000968054211035818,0
326773.411807,2690366.126422,0.00752155567785727,0.0733810310034856,0.528893780957622,0.317556411667584,0.0223812144560631,0.0502660062373876
327273.411807,2690366.126422,0.0254578754578755,0.0404761904761905,0.433516483516484,0.453479853479853,0.00879120879120879,0.0382783882783883
327773.411807,2690366.126422,0.00477064220183486,0.0526605504587156,0.451376146788991,0.440733944954128,0.0344954128440367,0.0159633027522936
328273.411807,2690366.126422,0,0.000733810310034856,0.407264722069345,0.59200146762062,0,0
326273.411807,2689866.126422,0.375144955546966,0.108426749130267,0.0610746037881716,0.159257827599536,0.0386548125241593,0.257441051410901
326773.411807,2689866.126422,0.0362637362637363,0.1,0.119413919413919,0.362087912087912,0.255494505494505,0.126739926739927
327273.411807,2689866.126422,0.0737073707370737,0.0786578657865787,0.398789878987899,0.27026035936927,0.0836083608360836,0.094976164283095
327773.411807,2689866.126422,0.000732600732600733,0.0124542124542125,0.50018315018315,0.417032967032967,0.0529304029304029,0.0166666666666667
328273.411807,2689866.126422,0,0.000183150183150183,0.774542124542125,0.225274725274725,0,0
326273.411807,2689366.126422,0.439000774593338,0.0106506584043377,0.0640975987606507,0.214949651432998,0.0400852052672347,0.231216111541441
326773.411807,2689366.126422,0.368971208509078,0.0814230698697964,0.0291582615074271,0.191454245369521,0.0504309554373739,0.278562259306804
327273.411807,2689366.126422,0.128458860179586,0.0711013377313542,0.105735752244823,0.417811984606927,0.157595748579806,0.119296316657504
327773.411807,2689366.126422,0.104422829877042,0.152505046797578,0.18260231235089,0.389429253073959,0.0673518076711323,0.1036887502294
328273.411807,2689366.126422,0.0209059233449477,0.0607005318173482,0.348982211626628,0.519530533651201,0.0122868145974693,0.037593984962406
326273.411807,2688866.126422,0.208518877057115,0.0495643756050339,0.0298160696999032,0.177541142303969,0.0908034849951597,0.443756050338819
326773.411807,2688866.126422,0.124564300128417,0.131535498073748,0.145294441386901,0.391487800403596,0.0977802238121446,0.109337736195194
327273.411807,2688866.126422,0,0,0.13040293040293,0.86959706959707,0,0
327773.411807,2688866.126422,0.00807339449541284,0.0502752293577982,0.0284403669724771,0.868990825688073,0.0245871559633028,0.0196330275229358
326273.411807,2688366.126422,0.359103208349439,0.0724777734827986,0.00773096250483185,0.151333591032083,0.103788171627368,0.305566293003479
326773.411807,2688366.126422,0.00989010989010989,0.0774725274725275,0.281684981684982,0.528205128205128,0.0505494505494506,0.0521978021978022
327273.411807,2688366.126422,0,0.0119178584525119,0.0456545654565457,0.922442244224422,0.00733406674000733,0.0126512651265127
326273.411807,2687866.126422,0.74012393493416,0.0346630518977537,0,0.0832687838884586,0.0276917118512781,0.11425251742835
326773.411807,2687866.126422,0.0133871263524665,0.0740876581698148,0.27617825050431,0.407665505226481,0.0742710434623143,0.154410416284614
326273.411807,2687366.126422,0.229235237173282,0.0712487899322362,0.220909970958374,0.112875121006776,0.0489835430784124,0.31674733785092
326273.411807,2686866.126422,0.0102435253189022,0.00676459219172787,0.766138384228837,0.194626981059142,0.0141090065713181,0.00811751063007344
