"x","y","forest","agri","water","built","other","grass"
156773.411807,2571866.126422,0.0396330275229358,0.0343119266055046,0.725688073394495,0.19651376146789,0.00385321100917431,0
157273.411807,2571866.126422,0.00862227114290956,0.00550357732526142,0.800403595670519,0.18547055586131,0,0
157773.411807,2571866.126422,0,0.000915750915750916,0.604212454212454,0.394871794871795,0,0
158273.411807,2571866.126422,0.00018348623853211,0.177064220183486,0.67302752293578,0.126605504587156,0.0055045871559633,0.0176146788990826
158773.411807,2571866.126422,0.00275178866263071,0.217574756925335,0.525591634562466,0.194643184736746,0.0266006237387635,0.0328380113740598
159273.411807,2571866.126422,0.00567765567765568,0.442673992673993,0.285714285714286,0.104761904761905,0.0232600732600733,0.137912087912088
159773.411807,2571866.126422,0.00532110091743119,0.507706422018349,0.0478899082568807,0.132660550458716,0.0513761467889908,0.255045871559633
160273.411807,2571866.126422,0.0161026837806301,0.221003500583431,0.316919486581097,0.185764294049008,0.0366394399066511,0.223570595099183
156773.411807,2571366.126422,0.118315018315018,0.0785714285714286,0.398168498168498,0.386630036630037,0.00512820512820513,0.0131868131868132
157273.411807,2571366.126422,0,0,0.683150183150183,0.316849816849817,0,0
157773.411807,2571366.126422,0.00055005500550055,0.030986431976531,0.851668500183352,0.115511551155116,0.000183351668500183,0.0011001100110011
158273.411807,2571366.126422,0.00824175824175824,0.0904761904761905,0.408791208791209,0.477838827838828,0.00897435897435897,0.00567765567765568
158773.411807,2571366.126422,0.0236263736263736,0.26959706959707,0.287362637362637,0.212637362637363,0.0695970695970696,0.137179487179487
159273.411807,2571366.126422,0.0176017601760176,0.422808947561423,0.147414741474147,0.172900623395673,0.0854418775210854,0.153832049871654
159773.411807,2571366.126422,0.0113553113553114,0.681501831501832,0.0549450549450549,0.0637362637362637,0.0386446886446886,0.14981684981685
160273.411807,2571366.126422,0.00885780885780886,0.255244755244755,0.234731934731935,0.0508158508158508,0.0673659673659674,0.382983682983683
156773.411807,2570866.126422,0.0240411084602679,0.147550009175996,0.515140392732611,0.187740869884382,0.0047715177096715,0.120756102037071
157273.411807,2570866.126422,0,0.00898587933247754,0.598386209426004,0.391527599486521,0.000366770584999083,0.000733541169998166
157773.411807,2570866.126422,0,0.0555250137438153,0.347260399486898,0.592266813267363,0.00384826827927433,0.00109950522264981
158273.411807,2570866.126422,0.0645990089924757,0.0774454028262066,0.495136722334373,0.179298953936502,0.0220223894292531,0.161497522481189
158773.411807,2570866.126422,0.162846139739593,0.253438474234366,0.0293416467999266,0.196405648267009,0.114249037227214,0.243719053731891
159273.411807,2570866.126422,0.0104452996151732,0.475719259666483,0,0.262598497342862,0.134689389774601,0.11654755360088
159773.411807,2570866.126422,0.0267939071389246,0.534409983483208,0.0436777390346853,0.0631308496971921,0.0926775555147734,0.239309965131217
160273.411807,2570866.126422,0.0284581292278983,0.31630510846746,0.136692325635643,0.0856076510380219,0.0667133193375321,0.366223466293445
156273.411807,2570366.126422,0.0179487179487179,0.127472527472527,0.291208791208791,0.197435897435897,0.00604395604395604,0.35989010989011
156773.411807,2570366.126422,0.0018348623853211,0.00715596330275229,0.769724770642202,0.213394495412844,0.00128440366972477,0.00660550458715596
157273.411807,2570366.126422,0,0.0532012474775271,0.71895065125665,0.208035222894882,0.00953953403045313,0.010273344340488
157773.411807,2570366.126422,0.000366300366300366,0.163369963369963,0.0919413919413919,0.552564102564103,0.0565934065934066,0.135164835164835
158273.411807,2570366.126422,0.0172477064220183,0.308990825688073,0.234128440366972,0.133577981651376,0.0209174311926606,0.285137614678899
158773.411807,2570366.126422,0.00752155567785727,0.468721335534764,0.00990643918547056,0.00605393505778756,0.0368739680792515,0.470922766464869
159273.411807,2570366.126422,0.0106227106227106,0.808974358974359,0,0.0104395604395604,0.00970695970695971,0.16025641025641
159773.411807,2570366.126422,0.00990825688073394,0.82,0.0113761467889908,0.0201834862385321,0.0188990825688073,0.119633027522936
160273.411807,2570366.126422,0.0263710618436406,0.265110851808635,0.149591598599767,0.0849474912485414,0.0564760793465578,0.417502917152859
156273.411807,2569866.126422,0,0.0663733039970664,0.430693069306931,0.0727906123945728,0.0104510451045105,0.41969196919692
156773.411807,2569866.126422,0,0,0.755311355311355,0.244688644688645,0,0
157273.411807,2569866.126422,0,0.0128205128205128,0.619047619047619,0.354578754578755,0.000366300366300366,0.0131868131868132
157773.411807,2569866.126422,0.00275027502750275,0.138063806380638,0.68041804180418,0.112944627796113,0.013017968463513,0.0528052805280528
158273.411807,2569866.126422,0.00256410256410256,0.133516483516484,0.290659340659341,0.484065934065934,0.00457875457875458,0.0846153846153846
158773.411807,2569866.126422,0,0.218864468864469,0.49047619047619,0.155860805860806,0.0135531135531136,0.121245421245421
159273.411807,2569866.126422,0.0055005500550055,0.231573157315732,0.631279794646131,0.00586725339200587,0.00055005500550055,0.125229189585625
159773.411807,2569866.126422,0.00952380952380952,0.21043956043956,0.482783882783883,0.0749084249084249,0.0135531135531136,0.208791208791209
160273.411807,2569866.126422,0.00699300699300699,0.257109557109557,0.443822843822844,0.079020979020979,0.0104895104895105,0.202564102564103
156273.411807,2569366.126422,0,0.0872274143302181,0.564779182701118,0.113065787062489,0.00806303829943192,0.226864577606744
156773.411807,2569366.126422,0.00568911726922371,0.0726738851165352,0.847861993026243,0.0574417324279684,0.00110111947146265,0.0152321526885667
157273.411807,2569366.126422,0.000366770584999083,0.0124701998899688,0.372455529066569,0.613423803410966,0.000550155877498625,0.000733541169998166
157773.411807,2569366.126422,0.0260216236027121,0.0656038116181052,0.752611324903793,0.110317024005864,0.00787978742899029,0.0375664284405351
158273.411807,2569366.126422,0.0012846393833731,0.104422829877042,0.717379335657919,0.133418975958892,0.0165167920719398,0.026977427050835
158773.411807,2569366.126422,0.00330093526499175,0.159545204474601,0.567027324408582,0.134421419402164,0.017604988079956,0.118100128369705
159273.411807,2569366.126422,0.0562580172255818,0.208905992303463,0.437603078614623,0.0437969580355507,0.045629466739967,0.207806487080814
159773.411807,2569366.126422,0.0396403009726555,0.270875389979813,0.0609286107542668,0.0313819049366856,0.0491833363919985,0.547990456964581
160273.411807,2569366.126422,0.00909727081875437,0.351061348262188,0.10776766969909,0.0172614882202006,0.0275250758105902,0.487287147189177
156273.411807,2568866.126422,0.144322344322344,0.128205128205128,0.302197802197802,0.0844322344322344,0.0234432234432234,0.317399267399267
156773.411807,2568866.126422,0.0174311926605505,0.132293577981651,0.664036697247706,0.0420183486238532,0,0.144220183486239
157273.411807,2568866.126422,0.00862227114290956,0.0350394423041644,0.543386534580811,0.385250412768299,0.0194459732159237,0.00825536598789213
157773.411807,2568866.126422,0.093956043956044,0.265934065934066,0.162087912087912,0.198168498168498,0.0232600732600733,0.256593406593407
158273.411807,2568866.126422,0.0662385321100917,0.181100917431193,0.213211009174312,0.134862385321101,0.0429357798165138,0.361651376146789
158773.411807,2568866.126422,0.0254999082737112,0.300495321959274,0.00165107319757843,0.0506329113924051,0.067327095945698,0.554393689231334
159273.411807,2568866.126422,0.139194139194139,0.325824175824176,0.0421245421245421,0.0642857142857143,0.0950549450549451,0.333516483516483
159773.411807,2568866.126422,0.0365137614678899,0.271376146788991,0,0.182752293577982,0.227706422018349,0.281651376146789
160273.411807,2568866.126422,0.000466744457409568,0.347957992998833,0.0105017502917153,0.0114352392065344,0.0245040840140023,0.605134189031505
155773.411807,2568366.126422,0,0.0263736263736264,0.840659340659341,0.122527472527473,0.0010989010989011,0.00934065934065934
156273.411807,2568366.126422,0.241840850751742,0.141180784745141,0.2002200220022,0.104327099376604,0.0225522552255226,0.28987898789879
156773.411807,2568366.126422,0.0901098901098901,0.232783882783883,0.217948717948718,0.0441391941391941,0.0119047619047619,0.403113553113553
157273.411807,2568366.126422,0.000732600732600733,0.127289377289377,0.342124542124542,0.448351648351648,0.0490842490842491,0.0324175824175824
157773.411807,2568366.126422,0.000733406674000733,0.165566556655666,0.184635130179685,0.419325265859919,0.0988265493215988,0.130913091309131
158273.411807,2568366.126422,0.0523809523809524,0.258608058608059,0.147619047619048,0.0446886446886447,0.0483516483516484,0.448351648351648
158773.411807,2568366.126422,0.0137362637362637,0.342307692307692,0.0531135531135531,0.106227106227106,0.0749084249084249,0.40970695970696
159273.411807,2568366.126422,0.0434543454345435,0.254492115878254,0.192335900256692,0.096993032636597,0.0935093509350935,0.319215254858819
159773.411807,2568366.126422,0.108974358974359,0.179487179487179,0.0527472527472527,0.101098901098901,0.14047619047619,0.417216117216117
160273.411807,2568366.126422,0.0261072261072261,0.279254079254079,0.0172494172494173,0.121678321678322,0.086013986013986,0.46969696969697
156273.411807,2567866.126422,0.00696353307678211,0.227414330218069,0.356789444749863,0.211471504489646,0.0186915887850467,0.178669598680594
156773.411807,2567866.126422,0.0546889337493118,0.213984217287576,0.238208845659754,0.192512387594054,0.0660671682877592,0.234538447421545
157273.411807,2567866.126422,0.000733541169998166,0.101412066752246,0.753896937465615,0.131670640014671,0.000733541169998166,0.0115532734274711
157773.411807,2567866.126422,0.00494777350192413,0.144218435037566,0.479750778816199,0.266446765622137,0.0492944841487997,0.0553417628733736
158273.411807,2567866.126422,0.0148651128647458,0.272160029363186,0.559919251238759,0.105890989172325,0.0119287942741787,0.0352358230868049
158773.411807,2567866.126422,0.00568494406748579,0.217861727489455,0.418301852191454,0.181551439574546,0.0319090408949202,0.144690995782138
159273.411807,2567866.126422,0.013560564412681,0.352208172988822,0.20065970313359,0.166575041231446,0.0798973795125527,0.187099138720909
159773.411807,2567866.126422,0.0390897412369242,0.246650761607634,0.196916865479905,0.138741053404294,0.0723068452927143,0.306294732978528
160273.411807,2567866.126422,0.079542803825519,0.260788430137625,0,0.164683928154887,0.170048985304409,0.32493585257756
156273.411807,2567366.126422,0,0.142307692307692,0.601648351648352,0.13003663003663,0.000732600732600733,0.125274725274725
156773.411807,2567366.126422,0.0185321100917431,0.188623853211009,0.498348623853211,0.16256880733945,0.0124770642201835,0.119449541284404
157273.411807,2567366.126422,0,0.071179600073381,0.658778205833792,0.260502660062374,0.000550357732526142,0.00898917629792699
157773.411807,2567366.126422,0,0.0276556776556777,0.937912087912088,0.0201465201465201,0.000366300366300366,0.0139194139194139
158273.411807,2567366.126422,0,0.0500917431192661,0.797614678899083,0.145321100917431,0.00403669724770642,0.00293577981651376
158773.411807,2567366.126422,0,0.0636580443955238,0.705742065676023,0.196110805356815,0.00385250412768299,0.0306365804439552
159273.411807,2567366.126422,0.00494505494505494,0.383882783882784,0.326739926739927,0.133150183150183,0.0256410256410256,0.125641025641026
159773.411807,2567366.126422,0.00825688073394495,0.348073394495413,0.116880733944954,0.297614678899083,0.06,0.169174311926606
160273.411807,2567366.126422,0.0247374562427071,0.325087514585764,0.121120186697783,0.100116686114352,0.0781796966161027,0.350758459743291
155773.411807,2566866.126422,0.00402930402930403,0.0824175824175824,0.861355311355311,0.0324175824175824,0.000549450549450549,0.0192307692307692
156273.411807,2566866.126422,0,0,0.891272460579391,0.108727539420609,0,0
156773.411807,2566866.126422,0,0.0893772893772894,0.775641025641026,0.106776556776557,0.00402930402930403,0.0241758241758242
157273.411807,2566866.126422,0,0.0862637362637363,0.835714285714286,0.0653846153846154,0.00311355311355311,0.00952380952380952
157773.411807,2566866.126422,0,0.0104510451045105,0.953428676200953,0.033003300330033,0.000366703337000367,0.00275027502750275
158273.411807,2566866.126422,0,0.0831501831501831,0.810622710622711,0.104395604395604,0.0010989010989011,0.000732600732600733
158773.411807,2566866.126422,0,0.032967032967033,0.913369963369963,0.0483516483516484,0.00183150183150183,0.00347985347985348
159273.411807,2566866.126422,0,0.128529519618629,0.717455078841218,0.0830583058305831,0.00788412174550788,0.0630729739640631
159773.411807,2566866.126422,0.00366300366300366,0.11043956043956,0.278205128205128,0.494505494505495,0.063003663003663,0.0501831501831502
160273.411807,2566866.126422,0,0.177855477855478,0.113053613053613,0.546386946386946,0.0610722610722611,0.101631701631702
155773.411807,2566366.126422,0,0.00183385292499542,0.994865211810013,0.00330093526499175,0,0
156273.411807,2566366.126422,0,0.00879604178119846,0.520615722924684,0.470588235294118,0,0
156773.411807,2566366.126422,0.00256927876674619,0.106992108643788,0.111213066617728,0.749678840154157,0.00495503762158194,0.0245916681959993
157273.411807,2566366.126422,0,0.046396479002384,0.769668072620576,0.170548322024574,0,0.0133871263524665
157773.411807,2566366.126422,0,0.0188748396554884,0.886567711196628,0.0907091808686091,0.00293201392706615,0.000916254352208173
158273.411807,2566366.126422,0,0.0104606349788952,0.808221692053588,0.180400073407965,0.000734079647641769,0.000183519911910442
158773.411807,2566366.126422,0,0.0165046763249587,0.589216944801027,0.381258023106547,0.00586832935998533,0.00715202640748212
159273.411807,2566366.126422,0,0.0053142752428074,0.0342679127725857,0.959318306761957,0.00109950522264981,0
159773.411807,2566366.126422,0.000183519911910442,0.0680858873187741,0.0530372545421178,0.835382639016333,0.0247751881079097,0.0185355111029547
160273.411807,2566366.126422,0.00373221366923256,0.179612782831817,0.290412876137159,0.431537205505015,0.0443200373221367,0.0503848845346396
155273.411807,2565866.126422,0.00348623853211009,0.0519266055045872,0.873394495412844,0.0677064220183486,0.00073394495412844,0.00275229357798165
155773.411807,2565866.126422,0,0.00110071546505228,0.89011190607228,0.108787378462667,0,0
156273.411807,2565866.126422,0,0.089010989010989,0.0379120879120879,0.852930402930403,0.000732600732600733,0.0194139194139194
156773.411807,2565866.126422,0.0104587155963303,0.172477064220183,0.118715596330275,0.66256880733945,0.0155963302752294,0.0201834862385321
157273.411807,2565866.126422,0.00458631443771785,0.204182718767199,0.544120344890846,0.178499357915979,0.0168776371308017,0.0517336268574573
157773.411807,2565866.126422,0,0.00586080586080586,0.977655677655678,0.0144688644688645,0.000915750915750916,0.0010989010989011
158273.411807,2565866.126422,0,0.0255045871559633,0.797981651376147,0.160550458715596,0.00825688073394495,0.00770642201834862
158773.411807,2565866.126422,0,0.0383415886993212,0.527609612915061,0.41937259218492,0.00587048248027885,0.00880572372041827
159273.411807,2565866.126422,0,0.0043956043956044,0.0481684981684982,0.942673992673993,0.0043956043956044,0.000366300366300366
159773.411807,2565866.126422,0,0.0552293577981651,0,0.911376146788991,0.0255045871559633,0.00788990825688073
160273.411807,2565866.126422,0,0.0947491248541424,0.21026837806301,0.589498249708285,0.0707117852975496,0.0347724620770128
155273.411807,2565366.126422,0.0122710622710623,0.0456043956043956,0.907875457875458,0.0322344322344322,0.000183150183150183,0.00183150183150183
155773.411807,2565366.126422,0.00238095238095238,0.0983516483516483,0.318498168498168,0.58040293040293,0,0.000366300366300366
156273.411807,2565366.126422,0,0.131279794646131,0.0172350568390172,0.837183718371837,0.00256692335900257,0.0117345067840117
156773.411807,2565366.126422,0,0.142490842490842,0.263003663003663,0.463003663003663,0.0796703296703297,0.0518315018315018
157273.411807,2565366.126422,0,0.248901098901099,0.255860805860806,0.385714285714286,0.0201465201465201,0.0893772893772894
157773.411807,2565366.126422,0,0.215071507150715,0.680968096809681,0.0947928126145948,0.00531719838650532,0.00385038503850385
158273.411807,2565366.126422,0,0.0247252747252747,0.896520146520147,0.0547619047619048,0.00421245421245421,0.0197802197802198
158773.411807,2565366.126422,0,0.0205128205128205,0.956227106227106,0.0197802197802198,0.00274725274725275,0.000732600732600733
159273.411807,2565366.126422,0,0.0262192885955262,0.445177851118445,0.506233956729006,0.0223689035570224,0
159773.411807,2565366.126422,0.00183150183150183,0.0771062271062271,0.00347985347985348,0.795970695970696,0.034981684981685,0.0866300366300366
160273.411807,2565366.126422,0.00862470862470863,0.252214452214452,0.0179487179487179,0.368298368298368,0.0568764568764569,0.296037296037296
154773.411807,2564866.126422,0,0.121495327102804,0.705699102070735,0.139820414146967,0.00586402785413231,0.0271211288253619
155273.411807,2564866.126422,0,0.0895577170122958,0.677188474949532,0.23233620847862,0,0.000917599559552211
155773.411807,2564866.126422,0,0.00770218228498074,0.165596919127086,0.826700898587933,0,0
156273.411807,2564866.126422,0,0.00586402785413231,0.222833058457028,0.77130291368884,0,0
156773.411807,2564866.126422,0,0.0704716461736098,0.509818315287209,0.407597724353092,0.000367039823820885,0.0117452743622683
157273.411807,2564866.126422,0,0.0953603520997616,0.487438107463781,0.396295617091509,0.0119200440124702,0.00898587933247754
157773.411807,2564866.126422,0,0.0696353307678211,0.846619021440352,0.0703683342495877,0.0122778083195895,0.00109950522264981
158273.411807,2564866.126422,0,0.0234905487245366,0.936869150302808,0.019086070838686,0.00440447788585061,0.0161497522481189
158773.411807,2564866.126422,0,0.0889418668622776,0.682926829268293,0.175683110214561,0.0174216027874564,0.0350265908674124
159273.411807,2564866.126422,0,0.0379329301814184,0.138720908924317,0.756826094923951,0.0514934945940993,0.015026571376214
159773.411807,2564866.126422,0.000734079647641769,0.142962011378235,0.0772618829142962,0.481005689117269,0.0532207744540283,0.24481556248853
160273.411807,2564866.126422,0.00536505714952181,0.265220433869839,0.079542803825519,0.50664800559832,0.046186144156753,0.0970375554000466
154773.411807,2564366.126422,0,0.133333333333333,0.726739926739927,0.112271062271062,0.0032967032967033,0.0243589743589744
155273.411807,2564366.126422,0,0.00844036697247706,0.489908256880734,0.501651376146789,0,0
155773.411807,2564366.126422,0,0,0.096862960924601,0.903137039075399,0,0
156273.411807,2564366.126422,0,0,0,1,0,0
156773.411807,2564366.126422,0,0.0807339449541284,0.0055045871559633,0.89302752293578,0.000917431192660551,0.0198165137614679
157273.411807,2564366.126422,0,0.170610897083104,0.317923316822601,0.443404879838562,0.0144927536231884,0.0535681526325445
157773.411807,2564366.126422,0,0.0584249084249084,0.814835164835165,0.0888278388278388,0.0124542124542125,0.0254578754578755
158273.411807,2564366.126422,0.00201834862385321,0.0546788990825688,0.865137614678899,0.0271559633027523,0.0141284403669725,0.0368807339449541
158773.411807,2564366.126422,0,0.114841313520455,0.608695652173913,0.135021097046413,0.0482480278847918,0.0931939093744267
159273.411807,2564366.126422,0,0.0897435897435897,0.201831501831502,0.553846153846154,0.0631868131868132,0.0913919413919414
159773.411807,2564366.126422,0.00018348623853211,0.0636697247706422,0.126422018348624,0.677614678899083,0.0579816513761468,0.0741284403669725
160273.411807,2564366.126422,0.00116686114352392,0.121120186697783,0.295215869311552,0.514819136522754,0.0424737456242707,0.0252042007001167
154773.411807,2563866.126422,0,0.139163916391639,0.717271727172717,0.0960762742940961,0.00476714338100477,0.0427209387605427
155273.411807,2563866.126422,0,0.1003663003663,0.451465201465201,0.435164835164835,0.000183150183150183,0.0128205128205128
155773.411807,2563866.126422,0.0148351648351648,0.0192307692307692,0.0137362637362637,0.948901098901099,0.000366300366300366,0.00293040293040293
156273.411807,2563866.126422,0.0011001100110011,0.0276861019435277,0.00916758342500917,0.94957829116245,0,0.0124679134580125
156773.411807,2563866.126422,0,0.0653846153846154,0,0.919047619047619,0.000549450549450549,0.015018315018315
157273.411807,2563866.126422,0,0.168498168498169,0.350915750915751,0.362820512820513,0.0296703296703297,0.0880952380952381
157773.411807,2563866.126422,0,0.0188852218555189,0.841584158415842,0.135130179684635,0.0033003300330033,0.0011001100110011
158273.411807,2563866.126422,0,0.0234432234432234,0.930769230769231,0.0267399267399267,0.00915750915750916,0.00989010989010989
158773.411807,2563866.126422,0,0.0419413919413919,0.810622710622711,0.106593406593407,0.0245421245421245,0.0163003663003663
159273.411807,2563866.126422,0,0.0575724239090576,0.639347268060139,0.276861019435277,0.0144847818115145,0.0117345067840117
159773.411807,2563866.126422,0,0.21007326007326,0.353846153846154,0.393040293040293,0.0283882783882784,0.0146520146520147
160273.411807,2563866.126422,0.0027972027972028,0.351981351981352,0.527272727272727,0.0662004662004662,0.00442890442890443,0.0473193473193473
154773.411807,2563366.126422,0,0.0247388675096207,0.349092908191314,0.613157412497709,0,0.0130108118013561
155273.411807,2563366.126422,0,0.0478986970086254,0.536979262249954,0.41493852082951,0,0.000183519911910442
155773.411807,2563366.126422,0.00953603520997616,0.0253071703649367,0.376490005501559,0.588666788923528,0,0
156273.411807,2563366.126422,0.00458127176104087,0.0219901044529962,0.200842954004032,0.772585669781931,0,0
156773.411807,2563366.126422,0.00110111947146265,0.0657001284639383,0.189392549091576,0.736281886584694,0.000734079647641769,0.00679023674068636
157273.411807,2563366.126422,0,0.0828901522097928,0.314689161929213,0.573995965523565,0.0133871263524665,0.0150375939849624
157773.411807,2563366.126422,0,0.0672530694520799,0.607293384643577,0.25673446948873,0.0260216236027121,0.0426974528129009
158273.411807,2563366.126422,0,0.0185355111029547,0.545054138374014,0.425215635896495,0.011194714626537,0
158773.411807,2563366.126422,0,0.0408949202273978,0.250687694846873,0.651567944250871,0.0467632495873831,0.0100861910874748
159273.411807,2563366.126422,0.00164925783397471,0.09529045262965,0.417995235477368,0.433938061205791,0.0218068535825545,0.0293201392706615
159773.411807,2563366.126422,0.00623967700495504,0.367957423380437,0.246834281519545,0.266287392182052,0.0357863828225362,0.0768948430904753
160273.411807,2563366.126422,0.0114299043620247,0.318171215302076,0.513645906228132,0.0522509913692559,0.0186610683461628,0.085840914392349
154773.411807,2562866.126422,0,0,0,1,0,0
155273.411807,2562866.126422,0,0.0295412844036697,0.249174311926605,0.714311926605505,0.00660550458715596,0.00036697247706422
155773.411807,2562866.126422,0,0.00421940928270042,0.0434782608695652,0.952302329847734,0,0
156273.411807,2562866.126422,0,0.0194139194139194,0.0166666666666667,0.963919413919414,0,0
156773.411807,2562866.126422,0.00055045871559633,0.058348623853211,0.0519266055045872,0.867155963302752,0.0102752293577982,0.011743119266055
157273.411807,2562866.126422,0,0.0449458814896349,0.102183085672354,0.849935791597872,0.00238488350761328,0.000550357732526142
157773.411807,2562866.126422,0,0.00256410256410256,0.103846153846154,0.892857142857143,0.000732600732600733,0
158273.411807,2562866.126422,0,0.00311926605504587,0.0796330275229358,0.916697247706422,0.00036697247706422,0.00018348623853211
158773.411807,2562866.126422,0.00330214639515685,0.0831040176114474,0.142359200146762,0.724087323426894,0.00715465052283985,0.0399926618968997
159273.411807,2562866.126422,0,0.0672161172161172,0.212271062271062,0.686080586080586,0.0258241758241758,0.00860805860805861
159773.411807,2562866.126422,0,0.23651376146789,0.39743119266055,0.176880733944954,0.00752293577981651,0.181651376146789
160273.411807,2562866.126422,0,0.314585764294049,0.449008168028005,0.0590431738623104,0.011901983663944,0.165460910151692
154273.411807,2562366.126422,0,0,0.580952380952381,0.419047619047619,0,0
154773.411807,2562366.126422,0,0.0799413274660799,0,0.89017235056839,0.000366703337000367,0.0295196186285295
155273.411807,2562366.126422,0.00512820512820513,0.0111721611721612,0.0657509157509158,0.911904761904762,0.00549450549450549,0.000549450549450549
155773.411807,2562366.126422,0,0,0.232417582417582,0.767582417582418,0,0
156273.411807,2562366.126422,0,0.0667400073340667,0.374037403740374,0.558855885588559,0.000366703337000367,0
156773.411807,2562366.126422,0,0.097985347985348,0.604029304029304,0.276739926739927,0.00915750915750916,0.0120879120879121
157273.411807,2562366.126422,0,0.0401098901098901,0.495054945054945,0.461721611721612,0.00293040293040293,0.000183150183150183
157773.411807,2562366.126422,0.000366703337000367,0.0271360469380271,0.0282361569490282,0.762192885955262,0.0152181884855152,0.166850018335167
158273.411807,2562366.126422,0,0.0428571428571429,0,0.841758241758242,0.0287545787545788,0.0866300366300366
158773.411807,2562366.126422,0,0.154945054945055,0,0.72985347985348,0.0223443223443223,0.0928571428571429
159273.411807,2562366.126422,0,0.166850018335167,0.313714704803814,0.488815548221489,0.0209020902090209,0.00971763843050972
159773.411807,2562366.126422,0.00805860805860806,0.323260073260073,0.278571428571429,0.0571428571428571,0.00879120879120879,0.324175824175824
160273.411807,2562366.126422,0.013986013986014,0.393240093240093,0.160606060606061,0.0337995337995338,0,0.398368298368298
154273.411807,2561866.126422,0,0,0.252338162479369,0.747661837520631,0,0
154773.411807,2561866.126422,0,0.0929081913139087,0,0.859080080630383,0.00128275609309144,0.0467289719626168
155273.411807,2561866.126422,0.00422095797394017,0.0484492567443568,0.106992108643788,0.822169205358781,0.000367039823820885,0.0178014314553129
155773.411807,2561866.126422,0,0,0.456262607738859,0.543737392261141,0,0
156273.411807,2561866.126422,0,0.0251053692505039,0.251420194245923,0.723474436503573,0,0
156773.411807,2561866.126422,0.00991007524316388,0.120572582125161,0.438062029730226,0.365938704349422,0.015782712424298,0.0497338961277299
157273.411807,2561866.126422,0.000733541169998166,0.0113698881349716,0.210342930496974,0.770034843205575,0.00605171465248487,0.00146708233999633
157773.411807,2561866.126422,0.0218068535825545,0.120212571009712,0.00696353307678211,0.607843137254902,0.0606560381161811,0.182517866959868
158273.411807,2561866.126422,0.0108276748027161,0.0745090842356396,0.0273444668746559,0.686547990456965,0.0561570930445953,0.144613690585429
158773.411807,2561866.126422,0,0.139372822299652,0.0177883733724555,0.459746928296351,0.138639281129653,0.244452594901889
159273.411807,2561866.126422,0,0.0998717243906908,0.353857430822796,0.490745831042697,0.00494777350192413,0.0505772402418911
159773.411807,2561866.126422,0,0.229216369976142,0.217287575701964,0.191778307946412,0.0234905487245366,0.338227197650945
160273.411807,2561866.126422,0,0.232796827618381,0.142290646139491,0.271518544436669,0.111966410076977,0.241427571728481
154273.411807,2561366.126422,0,0.01284168042561,0.0297193175564117,0.933957072096863,0.000550357732526142,0.0229315721885892
154773.411807,2561366.126422,0,0.0177655677655678,0.00164835164835165,0.956776556776557,0.000915750915750916,0.0228937728937729
155273.411807,2561366.126422,0.0229357798165138,0.0258715596330275,0.329357798165138,0.600366972477064,0.00256880733944954,0.0188990825688073
155773.411807,2561366.126422,0,0.0565033938726839,0.0590717299578059,0.792515134837644,0.00275178866263071,0.089157952669235
156273.411807,2561366.126422,0,0.182051282051282,0.0291208791208791,0.524542124542125,0.0355311355311355,0.228754578754579
156773.411807,2561366.126422,0.00623853211009174,0.173761467889908,0.370091743119266,0.340366972477064,0.026605504587156,0.0829357798165138
157273.411807,2561366.126422,0,0.182902219776188,0.31241973949734,0.456796917996698,0.00678774536782242,0.0410933773619519
157773.411807,2561366.126422,0.0750915750915751,0.205677655677656,0.0525641025641026,0.532234432234432,0.03003663003663,0.104395604395604
158273.411807,2561366.126422,0.0807339449541284,0.142935779816514,0.0244036697247706,0.309908256880734,0.11045871559633,0.331559633027523
158773.411807,2561366.126422,0.0328380113740598,0.261603375527426,0.0656760227481196,0.225279765180701,0.10126582278481,0.313337002384883
159273.411807,2561366.126422,0.00402930402930403,0.168315018315018,0.272527472527473,0.354029304029304,0.0397435897435897,0.161355311355311
159773.411807,2561366.126422,0.0119266055045872,0.252844036697248,0.252844036697248,0.269357798165138,0.0473394495412844,0.165688073394495
160273.411807,2561366.126422,0.0193698949824971,0.176662777129522,0.231505250875146,0.242473745624271,0.0746791131855309,0.255309218203034
154273.411807,2560866.126422,0,0,0,1,0,0
154773.411807,2560866.126422,0,0.00751741840850752,0.372753942060873,0.617711771177118,0.000733406674000733,0.00128346167950128
155273.411807,2560866.126422,0.0021978021978022,0.0267399267399267,0.436996336996337,0.515567765567766,0.00201465201465201,0.0164835164835165
155773.411807,2560866.126422,0,0.0404761904761905,0.0996336996336996,0.83021978021978,0.00384615384615385,0.0258241758241758
156273.411807,2560866.126422,0,0.184085075174184,0.0946094609460946,0.547304730473047,0.0405207187385405,0.133480014668133
156773.411807,2560866.126422,0,0.15018315018315,0.584065934065934,0.231868131868132,0.00604395604395604,0.0278388278388278
157273.411807,2560866.126422,0,0.13003663003663,0.537912087912088,0.321245421245421,0,0.0108058608058608
157773.411807,2560866.126422,0.0106343967730106,0.198019801980198,0.591309130913091,0.124129079574624,0.0033003300330033,0.0726072607260726
158273.411807,2560866.126422,0.134798534798535,0.123809523809524,0.268315018315018,0.067032967032967,0.0256410256410256,0.38040293040293
158773.411807,2560866.126422,0.0305860805860806,0.210805860805861,0.104212454212454,0.0474358974358974,0.0754578754578755,0.531501831501832
159273.411807,2560866.126422,0.0212687935460213,0.248441510817748,0.231939860652732,0.0691235790245691,0.0234690135680235,0.405757242390906
159773.411807,2560866.126422,0.0862637362637363,0.245238095238095,0.156959706959707,0.0483516483516484,0.0212454212454212,0.441941391941392
160273.411807,2560866.126422,0.0303030303030303,0.120979020979021,0.247552447552448,0.275757575757576,0.0617715617715618,0.263636363636364
154273.411807,2560366.126422,0.00788556757748029,0.061984228864845,0.0577663671373556,0.867779204107831,0.00458463231248854,0
154773.411807,2560366.126422,0,0,0.388675096206707,0.611324903793293,0,0
155273.411807,2560366.126422,0,0,0.856120389062213,0.143879610937787,0,0
155773.411807,2560366.126422,0,0.0342930496974143,0.813130386942967,0.149642398679626,0.000916926462497708,0.00201723821749496
156273.411807,2560366.126422,0,0.0780648708081363,0.683525746747297,0.221183800623053,0.00109950522264981,0.0161260765988638
156773.411807,2560366.126422,0,0.0508350155991925,0.656634244815563,0.289777940906588,0.00165167920719398,0.00110111947146265
157273.411807,2560366.126422,0,0.123601687144691,0.76783421969558,0.0872913992297818,0.00201723821749496,0.0192554557124519
157773.411807,2560366.126422,0,0.119113065787062,0.597031335898845,0.22869708631116,0.00458127176104087,0.0505772402418911
158273.411807,2560366.126422,0.0102771150669848,0.134336575518444,0.537529821985685,0.194531106625069,0.0220223894292531,0.101302991374564
158773.411807,2560366.126422,0.000916926462497708,0.291582615074271,0.384742343664038,0.0988446726572529,0.0221896203924445,0.201723821749496
159273.411807,2560366.126422,0,0.346160894264248,0.236027121128825,0.162726772952172,0.0725673446948873,0.182517866959868
159773.411807,2560366.126422,0.0168838318957607,0.408148284088824,0.0357863828225362,0.286658102404111,0.0534042943659387,0.19911910442283
160273.411807,2560366.126422,0,0.176813622579893,0,0.787497084208071,0.0356892932120364,0
153773.411807,2559866.126422,0,0.0258715596330275,0.483302752293578,0.489908256880734,0.000917431192660551,0
154273.411807,2559866.126422,0,0.00403595670519171,0.470188956154834,0.525775087139974,0,0
154773.411807,2559866.126422,0,0,0.728571428571429,0.271428571428571,0,0
155273.411807,2559866.126422,0,0,0.484220183486239,0.515779816513761,0,0
155773.411807,2559866.126422,0,0,0.415520088057237,0.584479911942763,0,0
156273.411807,2559866.126422,0,0.0373626373626374,0.907875457875458,0.0521978021978022,0.000183150183150183,0.00238095238095238
156773.411807,2559866.126422,0,0.033394495412844,0.858899082568807,0.103853211009174,0.00073394495412844,0.00311926605504587
157273.411807,2559866.126422,0,0.145294441386901,0.678407631627224,0.135021097046413,0.00495321959273528,0.0363236103467254
157773.411807,2559866.126422,0,0.104395604395604,0.505494505494505,0.313369963369963,0.0117216117216117,0.065018315018315
158273.411807,2559866.126422,0.0130275229357798,0.141284403669725,0.482935779816514,0.13045871559633,0.0187155963302752,0.213577981651376
158773.411807,2559866.126422,0.148046230049532,0.148963492937076,0.441019996330948,0.138506696019079,0.0225646670335718,0.100898917629793
159273.411807,2559866.126422,0.0291208791208791,0.111904761904762,0.0291208791208791,0.49047619047619,0.197985347985348,0.141391941391941
159773.411807,2559866.126422,0.0537614678899083,0.192110091743119,0.00330275229357798,0.133211009174312,0.155045871559633,0.46256880733945
160273.411807,2559866.126422,0.0536756126021004,0.21656942823804,0,0.136056009334889,0.0651108518086348,0.528588098016336
153273.411807,2559366.126422,0.146681334800147,0.0909424275760909,0.729006233956729,0.0300696736340301,0.0033003300330033,0
153773.411807,2559366.126422,0,0,0.744871794871795,0.255128205128205,0,0
154273.411807,2559366.126422,0,0,0.48040293040293,0.51959706959707,0,0
154773.411807,2559366.126422,0,0,0.381004767143381,0.618995232856619,0,0
155273.411807,2559366.126422,0,0,0,1,0,0
155773.411807,2559366.126422,0,0,0,1,0,0
156273.411807,2559366.126422,0,0.0421708837550422,0.152181884855152,0.799046571323799,0.00311697836450312,0.00348368170150348
156773.411807,2559366.126422,0.000183150183150183,0.0730769230769231,0.770512820512821,0.128754578754579,0.00622710622710623,0.0212454212454212
157273.411807,2559366.126422,0,0.13003663003663,0.62014652014652,0.211355311355311,0.00769230769230769,0.0307692307692308
157773.411807,2559366.126422,0,0.115144847818115,0.671617161716172,0.175100843417675,0.0187018701870187,0.0194352768610194
158273.411807,2559366.126422,0,0.0327838827838828,0.804578754578755,0.116666666666667,0.00677655677655678,0.0391941391941392
158773.411807,2559366.126422,0.0293040293040293,0.144139194139194,0.622344322344322,0.0595238095238095,0.0263736263736264,0.118315018315018
159273.411807,2559366.126422,0.0476714338100477,0.283828382838284,0.0694902823615695,0.104693802713605,0.088008800880088,0.406307297396406
159773.411807,2559366.126422,0.0155677655677656,0.225824175824176,0.06996336996337,0.18974358974359,0.0490842490842491,0.44981684981685
160273.411807,2559366.126422,0.0468531468531469,0.206060606060606,0.114219114219114,0.131468531468531,0.0487179487179487,0.452680652680653
153273.411807,2558866.126422,0.25563496426608,0.117280557082646,0.495327102803738,0.11544804837823,0.0163093274693055,0
153773.411807,2558866.126422,0,0,0.864378785098183,0.135621214901817,0,0
154273.411807,2558866.126422,0,0,0.0755547405098111,0.924445259490189,0,0
154773.411807,2558866.126422,0,0,0,1,0,0
155273.411807,2558866.126422,0,0,0,1,0,0
155773.411807,2558866.126422,0,0,0.00861910874747845,0.991380891252522,0,0
156273.411807,2558866.126422,0,0.0907091808686091,0.0547920102620487,0.836906725306945,0.00384826827927433,0.0137438152831226
156773.411807,2558866.126422,0,0.106074509084236,0.762341714075977,0.112681225913012,0.000550559735731327,0.0183519911910442
157273.411807,2558866.126422,0.00403447643498991,0.14780854575463,0.606455162295984,0.197139189437007,0.0183385292499542,0.0262240968274344
157773.411807,2558866.126422,0,0.141836173721825,0.582737768004398,0.179585853032802,0.0419644493311343,0.0538757559098406
158273.411807,2558866.126422,0.00422095797394017,0.13268489631125,0.627454578821802,0.131583776839787,0.0284455863461186,0.0756102037071022
158773.411807,2558866.126422,0.0625343847423437,0.161012286814597,0.459013387126352,0.0645516229598386,0.041995231982395,0.210893086374473
159273.411807,2558866.126422,0.0124610591900312,0.288620120945574,0.10426974528129,0.0291368884002199,0.0689023272860546,0.49660985889683
159773.411807,2558866.126422,0.0631308496971921,0.188291429620114,0.107359148467609,0.111029546705818,0.0693705267021472,0.460818498807121
160273.411807,2558866.126422,0.0347562397947282,0.152554233729881,0.0830417541404245,0.193375320737112,0.0919057616048519,0.444366689993002
