"x","y","forest","agri","water","built","other","grass"
152773.411807,2558366.126422,0.152558139534884,0.198139534883721,0.422558139534884,0.222790697674419,0.00395348837209302,0
153273.411807,2558366.126422,0.00255576208178439,0.00232342007434944,0.989544609665427,0.00557620817843866,0,0
153773.411807,2558366.126422,0,0,0.390130353817505,0.609869646182495,0,0
154273.411807,2558366.126422,0,0,0,1,0,0
154773.411807,2558366.126422,0,0,0,1,0,0
155273.411807,2558366.126422,0.021415270018622,0.0679702048417132,0,0.899208566108007,0.00139664804469274,0.0100093109869646
155773.411807,2558366.126422,0,0.103488372093023,0.0290697674418605,0.837209302325581,0.00558139534883721,0.0246511627906977
156273.411807,2558366.126422,0,0.0755111524163569,0.525789962825279,0.380111524163569,0.000697026022304833,0.0178903345724907
156773.411807,2558366.126422,0,0.0712290502793296,0.851722532588454,0.0588919925512104,0.00139664804469274,0.0167597765363128
157273.411807,2558366.126422,0.000930232558139535,0.0988372093023256,0.714418604651163,0.17,0.00906976744186046,0.00674418604651163
157773.411807,2558366.126422,0.00906133828996282,0.127788104089219,0.762546468401487,0.0573884758364312,0.00348513011152416,0.0397304832713755
158273.411807,2558366.126422,0.0165270018621974,0.161778398510242,0.473230912476723,0.0821694599627561,0.0218808193668529,0.244413407821229
158773.411807,2558366.126422,0.000697674418604651,0.196279069767442,0.643023255813953,0.0493023255813953,0.00581395348837209,0.104883720930233
159273.411807,2558366.126422,0.00882899628252788,0.194934944237918,0.477230483271375,0.108039033457249,0.0322955390334572,0.178671003717472
159773.411807,2558366.126422,0.0074487895716946,0.227188081936685,0.396182495344507,0.0924115456238361,0.0526070763500931,0.224162011173184
160273.411807,2558366.126422,0.0306328093510681,0.196291817815397,0.380491737202741,0.110842402257154,0.0249899234179766,0.256751309955663
152773.411807,2557866.126422,0,0.0261904761904762,0.851465201465201,0.121611721611722,0.000732600732600733,0
153273.411807,2557866.126422,0,0,0.574440777411074,0.425559222588926,0,0
153773.411807,2557866.126422,0,0,0.0294871794871795,0.970512820512821,0,0
154273.411807,2557866.126422,0.000732600732600733,0.0919413919413919,0,0.879304029304029,0.00183150183150183,0.0261904761904762
154773.411807,2557866.126422,0.00586725339200587,0.0874587458745875,0,0.896589658965897,0,0.0100843417675101
155273.411807,2557866.126422,0.0120879120879121,0.0336996336996337,0.461721611721612,0.492124542124542,0.000366300366300366,0
155773.411807,2557866.126422,0,0.183882783882784,0.390842490842491,0.378754578754579,0.00879120879120879,0.0377289377289377
156273.411807,2557866.126422,0,0.195819581958196,0.696919691969197,0.0979097909790979,0.00366703337000367,0.00568390172350568
156773.411807,2557866.126422,0.0043956043956044,0.0805860805860806,0.708058608058608,0.0446886446886447,0.00128205128205128,0.160989010989011
157273.411807,2557866.126422,0.0146520146520147,0.0384615384615385,0.868681318681319,0.0765567765567766,0.0010989010989011,0.000549450549450549
157773.411807,2557866.126422,0.0033003300330033,0.176017601760176,0.644114411441144,0.0852585258525853,0.0229189585625229,0.0683901723505684
158273.411807,2557866.126422,0.000183150183150183,0.158241758241758,0.483516483516484,0.205494505494505,0.045970695970696,0.106593406593407
158773.411807,2557866.126422,0.00256410256410256,0.251831501831502,0.459340659340659,0.0617216117216117,0.00750915750915751,0.217032967032967
159273.411807,2557866.126422,0.000183351668500183,0.131646497983132,0.607077374404107,0.13971397139714,0.0119178584525119,0.109460946094609
159773.411807,2557866.126422,0.00311355311355311,0.204945054945055,0.141941391941392,0.352197802197802,0.0426739926739927,0.255128205128205
160273.411807,2557866.126422,0.00251335218347471,0.156142004398366,0.462456801759347,0.22306000628338,0.0477536914860195,0.108074143889412
152273.411807,2557366.126422,0,0,0.993943842906955,0.00605615709304459,0,0
152773.411807,2557366.126422,0,0.0053181734824867,0.598569594718504,0.395378690629012,0.000183385292499542,0.000550155877498625
153273.411807,2557366.126422,0.00219901044529962,0.166391790361004,0.163826278174821,0.64009529045263,0,0.0274876305662452
153773.411807,2557366.126422,0,0.185538630941457,0,0.786749862360066,0.00201871903101487,0.0256927876674619
154273.411807,2557366.126422,0.00165046763249587,0.107280396112232,0.198789657069503,0.686961305703283,0,0.0053181734824867
154773.411807,2557366.126422,0.00659703133589885,0.135239142385926,0.553600879604178,0.264064504306395,0.000183250870441635,0.0403151914971596
155273.411807,2557366.126422,0.0332171040557901,0.233620847861993,0.588915397320609,0.0831345200954303,0.00568911726922371,0.0554230133969536
155773.411807,2557366.126422,0.0146708233999633,0.338529249954154,0.473317439941317,0.0495140289748762,0.00623509994498441,0.117733357784706
156273.411807,2557366.126422,0,0.169873556899395,0.503939893714495,0.270661535642294,0.0047645226314825,0.0507604911123328
156773.411807,2557366.126422,0.00146815929528354,0.154523765828592,0.327216002936319,0.317305927693155,0.0161497522481189,0.183336391998532
157273.411807,2557366.126422,0.00550155877498625,0.0759215110948102,0.700715202640748,0.202090592334495,0.00165046763249587,0.0141206675224647
157773.411807,2557366.126422,0,0.122045079714129,0.767088143668682,0.0767821147150449,0.00201575957485798,0.0320689023272861
158273.411807,2557366.126422,0.00330335841438796,0.164617360983667,0.7135254175078,0.0719398054688934,0.00568911726922371,0.0409249403560286
158773.411807,2557366.126422,0,0.174032642582065,0.60388776820099,0.155327342747112,0.00696864111498258,0.0597836053548505
159273.411807,2557366.126422,0.00311526479750779,0.11214953271028,0.354956936045446,0.452446399120396,0.0232728605460876,0.0540590067802822
159773.411807,2557366.126422,0.00770783630023858,0.203707102220591,0.00165167920719398,0.567260047715177,0.0519361350706552,0.167737199486144
160273.411807,2557366.126422,0.0179301667190941,0.223026108839258,0.453916325888644,0.0402642340358603,0.0135262661214218,0.251336898395722
151773.411807,2556866.126422,0,0.0210622710622711,0.898534798534799,0.0747252747252747,0,0.00567765567765568
152273.411807,2556866.126422,0,0.0770642201834862,0.665688073394495,0.242018348623853,0.00018348623853211,0.015045871559633
152773.411807,2556866.126422,0,0.292239955971381,0.197211520821868,0.486883140708127,0.000183452577508714,0.0234819299211154
153273.411807,2556866.126422,0.0032967032967033,0.132234432234432,0.56978021978022,0.293406593406593,0,0.00128205128205128
153773.411807,2556866.126422,0.00513761467889908,0.149908256880734,0.526605504587156,0.312110091743119,0.00073394495412844,0.0055045871559633
154273.411807,2556866.126422,0,0.148963492937076,0.763713080168776,0.0739313887360117,0.000733810310034856,0.0126582278481013
154773.411807,2556866.126422,0,0.0866300366300366,0.878937728937729,0.0283882783882784,0,0.00604395604395604
155273.411807,2556866.126422,0.026605504587156,0.141100917431193,0.661284403669725,0.0620183486238532,0.00513761467889908,0.103853211009174
155773.411807,2556866.126422,0,0.15978719501009,0.64483580994313,0.0313703907539901,0.00091726288754357,0.163089341405247
156273.411807,2556866.126422,0,0.13956043956044,0.654395604395604,0.0265567765567766,0.00128205128205128,0.178205128205128
156773.411807,2556866.126422,0.0018348623853211,0.0700917431192661,0.724770642201835,0.172844036697248,0.00660550458715596,0.0238532110091743
157273.411807,2556866.126422,0,0.0399926618968997,0.876903320491653,0.0733810310034856,0.00311869381764814,0.0066042927903137
157773.411807,2556866.126422,0.00201465201465201,0.0945054945054945,0.799084249084249,0.0732600732600733,0.0032967032967033,0.0278388278388278
158273.411807,2556866.126422,0.00018348623853211,0.184220183486239,0.662018348623853,0.0856880733944954,0.00825688073394495,0.0596330275229358
158773.411807,2556866.126422,0.001284168042561,0.161621720785177,0.558980003669052,0.179600073381031,0.00972298660796184,0.0887910475142176
159273.411807,2556866.126422,0.0595238095238095,0.202014652014652,0.30952380952381,0.198351648351648,0.0254578754578755,0.205128205128205
159773.411807,2556866.126422,0.0128440366972477,0.171926605504587,0.184587155963303,0.282018348623853,0.0128440366972477,0.335779816513761
160273.411807,2556866.126422,0.00944287063267233,0.121498268807051,0.37991816178785,0.304689959080894,0.017626691847655,0.166824047843878
151773.411807,2556366.126422,0.0044004400440044,0.325449211587825,0.471397139713971,0.105793912724606,0.00146681334800147,0.0914924825815915
152273.411807,2556366.126422,0,0.335164835164835,0.334981684981685,0.241575091575092,0.00201465201465201,0.0862637362637363
152773.411807,2556366.126422,0,0.142857142857143,0.625641025641026,0.22014652014652,0,0.0113553113553114
153273.411807,2556366.126422,0,0.0982764943160983,0.68041804180418,0.216905023835717,0.00055005500550055,0.00385038503850385
153773.411807,2556366.126422,0,0.0468864468864469,0.673626373626374,0.277838827838828,0.00128205128205128,0.000366300366300366
154273.411807,2556366.126422,0.0010989010989011,0.063003663003663,0.798534798534799,0.135897435897436,0,0.00146520146520147
154773.411807,2556366.126422,0.00146681334800147,0.134946828016135,0.783828382838284,0.0718738540520719,0.000366703337000367,0.00751741840850752
155273.411807,2556366.126422,0.0172161172161172,0.211904761904762,0.69047619047619,0.0322344322344322,0.000366300366300366,0.0478021978021978
155773.411807,2556366.126422,0,0.203663003663004,0.719413919413919,0.0351648351648352,0.00293040293040293,0.0388278388278388
156273.411807,2556366.126422,0,0.161899523285662,0.691419141914191,0.104693802713605,0.0126512651265127,0.0293362669600293
156773.411807,2556366.126422,0.00293040293040293,0.246520146520147,0.518498168498169,0.0619047619047619,0.0104395604395604,0.15970695970696
157273.411807,2556366.126422,0,0.149267399267399,0.774358974358974,0.0532967032967033,0.0021978021978022,0.0208791208791209
157773.411807,2556366.126422,0,0.126512651265127,0.767143381004767,0.0473047304730473,0.00293362669600293,0.0561056105610561
158273.411807,2556366.126422,0.00293040293040293,0.155494505494505,0.652930402930403,0.0778388278388278,0.0108058608058608,0.1
158773.411807,2556366.126422,0.0375457875457875,0.329304029304029,0.208608058608059,0.0978021978021978,0.0324175824175824,0.294322344322344
159273.411807,2556366.126422,0.151998533186652,0.271177117711771,0.0561056105610561,0.0757242390905757,0.0826916024935827,0.362302896956362
159773.411807,2556366.126422,0.17967032967033,0.27032967032967,0.0119047619047619,0.0807692307692308,0.0688644688644689,0.388461538461538
160273.411807,2556366.126422,0.0892240025133522,0.270185359723531,0.148601947847942,0.163367891925856,0.105874960728872,0.222745837260446
151273.411807,2555866.126422,0,0.135705116449661,0.626994315055933,0.158261507427104,0.00275077938749312,0.0762882816798093
151773.411807,2555866.126422,0,0.48323254535459,0.221000549752611,0.202125710097123,0.00513102437236577,0.0885101704233095
152273.411807,2555866.126422,0,0.185905670765278,0.614608184988071,0.126995779042026,0.0012846393833731,0.0712057258212516
152773.411807,2555866.126422,0,0.0390610673024023,0.90408949202274,0.0548322024573629,0.000366770584999083,0.00165046763249587
153273.411807,2555866.126422,0,0.0492944841487997,0.618288436870075,0.311159978009896,0,0.0212571009712296
153773.411807,2555866.126422,0,0.0563406129565058,0.567260047715177,0.373830060561571,0.000550559735731327,0.00201871903101487
154273.411807,2555866.126422,0.000733541169998166,0.0392444525949019,0.942600403447644,0.0165046763249587,0,0.000916926462497708
154773.411807,2555866.126422,0.0119113065787062,0.120762323621037,0.794759025105369,0.0672530694520799,0.000183250870441635,0.00513102437236577
155273.411807,2555866.126422,0.00367039823820885,0.154707285740503,0.80069737566526,0.0216553496054322,0.00220223894292531,0.0170673518076711
155773.411807,2555866.126422,0.0152209792774619,0.413717219878966,0.374472767284064,0.00770218228498074,0.00385109114249037,0.185035760132037
156273.411807,2555866.126422,0.00586402785413231,0.253069452079897,0.50229063588052,0.110866776617189,0.0131940626717977,0.114715044896463
156773.411807,2555866.126422,0.0256927876674619,0.19911910442283,0.412919801798495,0.198201504863278,0.0324830244081483,0.131583776839787
157273.411807,2555866.126422,0.00586832935998533,0.27196038877682,0.446909957821383,0.0607005318173482,0.0150375939849624,0.199523198239501
157773.411807,2555866.126422,0.0196078431372549,0.309144218435038,0.233461608942642,0.0397654388858347,0.0729338464357706,0.32508704416346
158273.411807,2555866.126422,0.0231235089007157,0.493301523215269,0.121857221508534,0.0820334006239677,0.0877225178931914,0.191961827858323
158773.411807,2555866.126422,0.055198973042362,0.580414450761049,0.0122868145974693,0.044379240784889,0.0473134054648817,0.260407115349349
159273.411807,2555866.126422,0.156862745098039,0.45849367784497,0,0.0586402785413231,0.0936411947956753,0.232362103719993
159773.411807,2555866.126422,0.133969535694623,0.119654982565608,0,0.0912093962194898,0.115801064415489,0.53936502110479
160273.411807,2555866.126422,0.159798678829821,0.24819125511167,0,0.0361748977665933,0.131802453601762,0.424032714690154
151273.411807,2555366.126422,0.00311869381764814,0.344157035406347,0.554393689231334,0.0559530361401578,0.00165107319757843,0.0407264722069345
151773.411807,2555366.126422,0,0.481318681318681,0.33992673992674,0.171794871794872,0,0.00695970695970696
152273.411807,2555366.126422,0.00073394495412844,0.238165137614679,0.705321100917431,0.0436697247706422,0.00055045871559633,0.0115596330275229
152773.411807,2555366.126422,0,0.0187121629058888,0.921298844248762,0.0568702990277013,0.00165107319757843,0.00146762062006971
153273.411807,2555366.126422,0,0.0324175824175824,0.814835164835165,0.149450549450549,0.00146520146520147,0.00183150183150183
153773.411807,2555366.126422,0.00036697247706422,0.124403669724771,0.749724770642202,0.116880733944954,0.00055045871559633,0.00807339449541284
154273.411807,2555366.126422,0.00220143093010457,0.0959456980370574,0.777105118326913,0.119060722803155,0,0.00568702990277013
154773.411807,2555366.126422,0.0549450549450549,0.106959706959707,0.783150183150183,0.0380952380952381,0.000915750915750916,0.0159340659340659
155273.411807,2555366.126422,0.00495412844036697,0.170275229357798,0.648623853211009,0.0363302752293578,0.00458715596330275,0.135229357798165
155773.411807,2555366.126422,0.0113740598055403,0.352595853971748,0.50504494588149,0.0464135021097046,0.00403595670519171,0.0805356815263254
156273.411807,2555366.126422,0.010989010989011,0.418498168498169,0.307142857142857,0.0968864468864469,0.0183150183150183,0.148168498168498
156773.411807,2555366.126422,0.00587155963302752,0.226238532110092,0.401651376146789,0.119816513761468,0.0631192660550459,0.183302752293578
157273.411807,2555366.126422,0.0108237020730141,0.184369840396258,0.496239222161071,0.16547422491286,0.021830856723537,0.12126215373326
157773.411807,2555366.126422,0.0631868131868132,0.457509157509157,0.226007326007326,0.078021978021978,0.0340659340659341,0.141208791208791
158273.411807,2555366.126422,0.0132110091743119,0.381651376146789,0.0875229357798165,0.183669724770642,0.131559633027523,0.202385321100917
158773.411807,2555366.126422,0.0113740598055403,0.664648688314071,0.10695285268758,0.0511832691249312,0.0396257567418822,0.126215373325995
159273.411807,2555366.126422,0.105311355311355,0.346520146520147,0.149084249084249,0.12967032967033,0.080952380952381,0.188461538461538
159773.411807,2555366.126422,0.0478899082568807,0.336330275229358,0.00018348623853211,0.24,0.172293577981651,0.203302752293578
160273.411807,2555366.126422,0.0198300283286119,0.437519672647151,0,0.0745986779981114,0.11488825936418,0.353163361661945
151273.411807,2554866.126422,0.00549450549450549,0.262820512820513,0.62014652014652,0.045970695970696,0.00659340659340659,0.058974358974359
151773.411807,2554866.126422,0,0.406307297396406,0.381004767143381,0.0768243491015768,0.0011001100110011,0.134763476347635
152273.411807,2554866.126422,0,0.196520146520147,0.791941391941392,0.00824175824175824,0,0.0032967032967033
152773.411807,2554866.126422,0.00238095238095238,0.0413919413919414,0.885164835164835,0.0646520146520147,0.0010989010989011,0.00531135531135531
153273.411807,2554866.126422,0.00568390172350568,0.0322698936560323,0.878987898789879,0.0817748441510818,0.000916758342500917,0.000366703337000367
153773.411807,2554866.126422,0.00860805860805861,0.0584249084249084,0.854029304029304,0.0761904761904762,0.000549450549450549,0.0021978021978022
154273.411807,2554866.126422,0.00201465201465201,0.101465201465201,0.83956043956044,0.0454212454212454,0.00164835164835165,0.00989010989010989
154773.411807,2554866.126422,0.0183351668500183,0.196736340300697,0.664283094976164,0.068023469013568,0.0033003300330033,0.0493215988265493
155273.411807,2554866.126422,0.00695970695970696,0.19047619047619,0.491575091575092,0.0884615384615385,0.017032967032967,0.205494505494505
155773.411807,2554866.126422,0.0366300366300366,0.208424908424908,0.381868131868132,0.0397435897435897,0.0250915750915751,0.308241758241758
156273.411807,2554866.126422,0.0111844517785112,0.196186285295196,0.196002933626696,0.104327099376604,0.026952695269527,0.465346534653465
156773.411807,2554866.126422,0.0483516483516484,0.254029304029304,0.382417582417582,0.132967032967033,0.0871794871794872,0.0950549450549451
157273.411807,2554866.126422,0.00238095238095238,0.321611721611722,0.324542124542125,0.0968864468864469,0.028021978021978,0.226556776556777
157773.411807,2554866.126422,0.167216721672167,0.329116244957829,0.0163182984965163,0.1001100110011,0.17033370003667,0.216905023835717
158273.411807,2554866.126422,0.0203296703296703,0.506043956043956,0.041025641025641,0.212087912087912,0.0974358974358974,0.123076923076923
158773.411807,2554866.126422,0.0122710622710623,0.665750915750916,0.000183150183150183,0.104212454212454,0.11007326007326,0.107509157509158
159273.411807,2554866.126422,0.015951595159516,0.264943160982765,0.294829482948295,0.143197653098643,0.0506050605060506,0.23047304730473
159773.411807,2554866.126422,0.0128205128205128,0.193772893772894,0.272893772893773,0.268131868131868,0.0628205128205128,0.18956043956044
160273.411807,2554866.126422,0.0622054665409991,0.303173107131637,0.0951932139491046,0.121269242852655,0.106189129751806,0.311969839773798
151273.411807,2554366.126422,0,0.231615624426921,0.558041445076105,0.174399413167064,0.0110031175499725,0.0249403997799376
151773.411807,2554366.126422,0.00219901044529962,0.45959318306762,0.303280190580905,0.0608392889866227,0.00458127176104087,0.169507055158512
152273.411807,2554366.126422,0.00201871903101487,0.0488162965681776,0.89227381170857,0.046063497889521,0.00110111947146265,0.00972655533125344
152773.411807,2554366.126422,0.00183385292499542,0.0834403080872914,0.710067852558225,0.19182101595452,0,0.0128369704749679
153273.411807,2554366.126422,0,0.0630382994319223,0.891698735568994,0.0445299615173172,0,0.000733003481766538
153773.411807,2554366.126422,0.000550559735731327,0.101302991374564,0.657001284639383,0.217287575701964,0.00146815929528354,0.022389429253074
154273.411807,2554366.126422,0.00788556757748029,0.090408949202274,0.650834403080873,0.191270860077022,0.000916926462497708,0.0586832935998533
154773.411807,2554366.126422,0,0.0956569543705333,0.825361920469122,0.0393989371449514,0.000183250870441635,0.0393989371449514
155273.411807,2554366.126422,0.0122958340979996,0.25729491649844,0.483207928060195,0.0354193429987154,0.0047715177096715,0.207010460634979
155773.411807,2554366.126422,0.0168714469099578,0.133504492939666,0.527782871813681,0.0693196405648267,0.024390243902439,0.22813130386943
156273.411807,2554366.126422,0.0179585853032802,0.270111783030969,0.187465640461792,0.0969397104636247,0.0727505955653289,0.354773685175005
156773.411807,2554366.126422,0.0471646173609837,0.227014131033217,0.0387227014131033,0.204441181868233,0.0822169205358781,0.400440447788585
157273.411807,2554366.126422,0.0304419585549239,0.172748945534568,0.182101595452045,0.23216578030442,0.0784889051898038,0.30405281496424
157773.411807,2554366.126422,0.0219901044529962,0.256917720359172,0.109767271394539,0.187648891332234,0.099321971779366,0.324354040681693
158273.411807,2554366.126422,0.000550559735731327,0.289410901082767,0.236924206276381,0.160396403009727,0.0989172325197284,0.213800697375665
158773.411807,2554366.126422,0.013203741059967,0.263341280029342,0.413900605171465,0.119567210709701,0.0590500641848524,0.130937098844673
159273.411807,2554366.126422,0.00787978742899029,0.119479567527946,0.530511269928532,0.0947407000183251,0.0364669232178853,0.210921751878321
159773.411807,2554366.126422,0.00935951550743256,0.138924573316205,0.478252890438613,0.183519911910442,0.0462470178014315,0.143696091025876
160273.411807,2554366.126422,0,0.300408933626927,0.425290972003775,0.138722868826675,0.0169864737338786,0.118590751808745
151273.411807,2553866.126422,0.00201797835259585,0.135754907356448,0.48651623555311,0.327279398275546,0.00770500825536599,0.0407264722069345
151773.411807,2553866.126422,0.00146520146520147,0.191575091575092,0.525824175824176,0.26043956043956,0.000183150183150183,0.0205128205128205
152273.411807,2553866.126422,0.00128440366972477,0.0420183486238532,0.864403669724771,0.0922935779816514,0,0
152773.411807,2553866.126422,0.00183452577508714,0.0997982021647404,0.611447440836544,0.285085305448542,0,0.00183452577508714
153273.411807,2553866.126422,0.00256410256410256,0.078021978021978,0.807875457875458,0.0956043956043956,0.000549450549450549,0.0153846153846154
153773.411807,2553866.126422,0.00532110091743119,0.0732110091743119,0.828807339449541,0.0831192660550459,0.00165137614678899,0.00788990825688073
154273.411807,2553866.126422,0,0.159236837277564,0.709778022381214,0.0768666299761512,0.0066042927903137,0.0475142175747569
154773.411807,2553866.126422,0.00238095238095238,0.282051282051282,0.59029304029304,0.043956043956044,0.00366300366300366,0.0776556776556777
155273.411807,2553866.126422,0.00990825688073394,0.164587155963303,0.509724770642202,0.0223853211009174,0.00458715596330275,0.288807339449541
155773.411807,2553866.126422,0.000366905155017428,0.270776004402862,0.138690148596588,0.100715465052284,0.0306365804439552,0.458814896349294
156273.411807,2553866.126422,0,0.284249084249084,0.0315018315018315,0.306959706959707,0.134432234432234,0.242857142857143
156773.411807,2553866.126422,0.0222018348623853,0.227706422018349,0.202935779816514,0.273761467889908,0.0491743119266055,0.224220183486239
157273.411807,2553866.126422,0,0.0370574206567602,0.674371674922033,0.10420106402495,0.0247660979636764,0.159603742432581
157773.411807,2553866.126422,0.0108058608058608,0.0672161172161172,0.481135531135531,0.154395604395604,0.00641025641025641,0.28003663003663
158273.411807,2553866.126422,0.00073394495412844,0.0886238532110092,0.225688073394495,0.0636697247706422,0.0245871559633028,0.596697247706422
158773.411807,2553866.126422,0.001284168042561,0.459915611814346,0.149513850669602,0.174463401210787,0.0983305815446707,0.116492386718033
159273.411807,2553866.126422,0,0.411721611721612,0.0877289377289377,0.147985347985348,0.11959706959707,0.232967032967033
159773.411807,2553866.126422,0,0.417981651376147,0.18954128440367,0.0735779816513761,0.153211009174312,0.165688073394495
160273.411807,2553866.126422,0.0056657223796034,0.49606547056972,0.254013220018886,0.0755429650613787,0.0783758262511804,0.090336795719232
151273.411807,2553366.126422,0,0.0695970695970696,0.194688644688645,0.701098901098901,0.00531135531135531,0.0293040293040293
151773.411807,2553366.126422,0,0.0733406674000733,0.513934726806014,0.368353502016868,0.00238357169050238,0.041987532086542
152273.411807,2553366.126422,0,0.0813186813186813,0.259340659340659,0.630769230769231,0.000732600732600733,0.0278388278388278
152773.411807,2553366.126422,0.00421245421245421,0.071978021978022,0.367948717948718,0.522161172161172,0.00128205128205128,0.0324175824175824
153273.411807,2553366.126422,0,0.101943527686102,0.62046204620462,0.260542720938761,0.00201686835350202,0.015034836817015
153773.411807,2553366.126422,0.000915750915750916,0.119047619047619,0.711538461538462,0.14010989010989,0.0010989010989011,0.0272893772893773
154273.411807,2553366.126422,0,0.115018315018315,0.709340659340659,0.0822344322344322,0.0153846153846154,0.078021978021978
154773.411807,2553366.126422,0,0.268060139347268,0.56967363403007,0.0333700036670334,0.00421708837550422,0.124679134580125
155273.411807,2553366.126422,0,0.171245421245421,0.620512820512821,0.0386446886446886,0.0021978021978022,0.167399267399267
155773.411807,2553366.126422,0,0.398901098901099,0.0128205128205128,0.0712454212454212,0.0608058608058608,0.456227106227106
156273.411807,2553366.126422,0.00238357169050238,0.72002200220022,0.0313531353135314,0.0275027502750275,0.0361202786945361,0.182618261826183
156773.411807,2553366.126422,0.00494505494505494,0.0217948717948718,0.750549450549451,0.172344322344322,0.00641025641025641,0.043956043956044
157273.411807,2553366.126422,0.0446886446886447,0.194505494505495,0.298351648351648,0.276923076923077,0.0141025641025641,0.171428571428571
157773.411807,2553366.126422,0.00825082508250825,0.174917491749175,0.50971763843051,0.0557389072240557,0.0262192885955262,0.225155848918225
158273.411807,2553366.126422,0,0.182417582417582,0.0265567765567766,0.021978021978022,0.0516483516483516,0.717399267399267
158773.411807,2553366.126422,0.0205128205128205,0.532783882783883,0,0.0703296703296703,0.0836996336996337,0.292673992673993
159273.411807,2553366.126422,0.0304363769710304,0.673267326732673,0,0.0429042904290429,0.0511551155115512,0.202236890355702
159773.411807,2553366.126422,0.0173992673992674,0.68992673992674,0,0.0362637362637363,0.0749084249084249,0.181501831501831
160273.411807,2553366.126422,0.0351869305686459,0.561420043983663,0,0.0710021991831605,0.0939365378573673,0.238454288407163
151273.411807,2552866.126422,0,0,0,1,0,0
151773.411807,2552866.126422,0.00219901044529962,0.034084661902144,0.442184350375664,0.492211838006231,0,0.0293201392706615
152273.411807,2552866.126422,0,0.00238575885483575,0.741971003853918,0.255459717379336,0,0.000183519911910442
152773.411807,2552866.126422,0,0.0542820465798643,0.655602420685861,0.288648450394278,0.000550155877498625,0.000916926462497708
153273.411807,2552866.126422,0,0.141836173721825,0.69397104636247,0.0720175920835624,0.00274876305662452,0.0894264247755177
153773.411807,2552866.126422,0.00110111947146265,0.146448889704533,0.687465590016517,0.0719398054688934,0.000367039823820885,0.0926775555147734
154273.411807,2552866.126422,0.000550155877498625,0.200440124701999,0.647716853108381,0.0273244085824317,0.00146708233999633,0.122501375389694
154773.411807,2552866.126422,0.000183250870441635,0.130657870624885,0.778999450247389,0.0656038116181052,0.00164925783397471,0.0229063588052043
155273.411807,2552866.126422,0,0.292714259497155,0.259130115617545,0.0860708386859974,0.0295467058175812,0.332538080381721
155773.411807,2552866.126422,0,0.42417018155144,0.0509811113148725,0.0733541169998166,0.158078122134605,0.293416467999266
156273.411807,2552866.126422,0,0.189664650907092,0.576690489279824,0.144401685908008,0.0258383727322705,0.0634048011728056
156773.411807,2552866.126422,0.00568911726922371,0.0313819049366856,0.356212149018168,0.598458432739952,0.00311983850247752,0.00513855753349238
157273.411807,2552866.126422,0.0232899321474418,0.125985695947185,0.593618191821016,0.16779754263708,0.0106363469649734,0.0786722904823033
157773.411807,2552866.126422,0.0784313725490196,0.132123877588419,0.0962067069818582,0.0289536375297783,0.0276708814366868,0.636613523914239
158273.411807,2552866.126422,0.109010827674803,0.246100201871903,0.0673518076711323,0.0614791704899982,0.0948797944576987,0.421178197834465
158773.411807,2552866.126422,0.0234733174399413,0.207775536401981,0.0872913992297818,0.230148542086925,0.141756831102146,0.309554373739226
159273.411807,2552866.126422,0.0760491112332784,0.368334249587686,0.00366501740883269,0.114898295766905,0.0936411947956753,0.343412131207623
159773.411807,2552866.126422,0.135988254725638,0.235639566893008,0.00183519911910442,0.254175077995963,0.178748394200771,0.193613507065517
160273.411807,2552866.126422,0.0509594212016357,0.276502044668135,0,0.167033658383139,0.197231833910035,0.308273041837056
151273.411807,2552366.126422,0,0,0,1,0,0
151773.411807,2552366.126422,0,0.0595238095238095,0.245604395604396,0.678937728937729,0.00146520146520147,0.0144688644688645
152273.411807,2552366.126422,0.0185321100917431,0.0412844036697248,0.630825688073394,0.26605504587156,0,0.043302752293578
152773.411807,2552366.126422,0,0,0.623922216107136,0.376077783892864,0,0
153273.411807,2552366.126422,0.0010989010989011,0.221428571428571,0.447435897435897,0.255860805860806,0.00311355311355311,0.0710622710622711
153773.411807,2552366.126422,0.00146788990825688,0.174128440366972,0.713577981651376,0.0458715596330275,0.00146788990825688,0.0634862385321101
154273.411807,2552366.126422,0.0066042927903137,0.123647037240873,0.627958172812328,0.0541185103650706,0.00495321959273528,0.182718767198679
154773.411807,2552366.126422,0,0.132417582417582,0.654029304029304,0.0813186813186813,0.00567765567765568,0.126556776556777
155273.411807,2552366.126422,0,0.456330275229358,0.311376146788991,0.0686238532110092,0.0170642201834862,0.146605504587156
155773.411807,2552366.126422,0.0100898917629793,0.339937626123647,0.188589249678958,0.0992478444322143,0.0497156485048615,0.31241973949734
156273.411807,2552366.126422,0,0,0.745238095238095,0.254761904761905,0,0
156773.411807,2552366.126422,0.0645871559633028,0.165321100917431,0.217247706422018,0.368623853211009,0.00605504587155963,0.178165137614679
157273.411807,2552366.126422,0.00220143093010457,0.198679141441937,0.213722252797652,0.101632727939828,0.0130251330031187,0.47073931388736
157773.411807,2552366.126422,0.0117216117216117,0.279120879120879,0.24029304029304,0.0723443223443224,0.0261904761904762,0.37032967032967
158273.411807,2552366.126422,0.00880733944954129,0.156146788990826,0.436330275229358,0.160183486238532,0.0304587155963303,0.208073394495413
158773.411807,2552366.126422,0.0484314804623005,0.261603375527426,0.221427261053018,0.107686662997615,0.0585213722252798,0.302329847734361
159273.411807,2552366.126422,0.0608058608058608,0.212087912087912,0.143406593406593,0.109157509157509,0.0908424908424908,0.383699633699634
159773.411807,2552366.126422,0.105137614678899,0.195412844036697,0.109724770642202,0.11394495412844,0.0807339449541284,0.395045871559633
160273.411807,2552366.126422,0.148253068932956,0.17878501731193,0,0.121498268807051,0.145420207743154,0.40604343720491
151773.411807,2551866.126422,0,0.365786578657866,0.151081774844151,0.438760542720939,0.0221855518885222,0.0221855518885222
152273.411807,2551866.126422,0,0.0604395604395604,0.505677655677656,0.376739926739927,0.00146520146520147,0.0556776556776557
152773.411807,2551866.126422,0,0.0032967032967033,0.897619047619048,0.0983516483516483,0,0.000732600732600733
153273.411807,2551866.126422,0,0.0913091309130913,0.435276861019435,0.452511917858453,0.00275027502750275,0.0181518151815182
153773.411807,2551866.126422,0.00128205128205128,0.175824175824176,0.662271062271062,0.128388278388278,0.000366300366300366,0.0318681318681319
154273.411807,2551866.126422,0,0.161721611721612,0.624542124542125,0.110622710622711,0.00695970695970696,0.0961538461538462
154773.411807,2551866.126422,0.00715071507150715,0.292445911257792,0.378987898789879,0.0942427576090942,0.0111844517785112,0.215988265493216
155273.411807,2551866.126422,0.00622710622710623,0.270879120879121,0.516117216117216,0.0584249084249084,0.00531135531135531,0.143040293040293
155773.411807,2551866.126422,0.0102564102564103,0.118864468864469,0.654395604395604,0.167765567765568,0.00860805860805861,0.0401098901098901
156273.411807,2551866.126422,0.00146681334800147,0.16006600660066,0.671983865053172,0.0858085808580858,0.00916758342500917,0.0715071507150715
156773.411807,2551866.126422,0.0205128205128205,0.316300366300366,0.366849816849817,0.043956043956044,0.0124542124542125,0.23992673992674
157273.411807,2551866.126422,0,0.589377289377289,0.297985347985348,0.0172161172161172,0.00805860805860806,0.0873626373626374
157773.411807,2551866.126422,0.0044004400440044,0.394389438943894,0.221672167216722,0.245507884121746,0.017968463513018,0.116061606160616
158273.411807,2551866.126422,0.00183150183150183,0.140659340659341,0.581501831501832,0.167032967032967,0.034981684981685,0.073992673992674
158773.411807,2551866.126422,0.0476190476190476,0.291941391941392,0.346703296703297,0.0441391941391941,0.0223443223443223,0.247252747252747
159273.411807,2551866.126422,0.0111844517785112,0.144297763109644,0.233223322332233,0.0777411074440777,0.0977264393105977,0.435826916024936
159773.411807,2551866.126422,0.0124542124542125,0.194322344322344,0.373076923076923,0.162637362637363,0.0965201465201465,0.160989010989011
160273.411807,2551866.126422,0.114043355325165,0.217090794847628,0.106817467797675,0.0483820295318882,0.0480678605089538,0.46559849198869
152773.411807,2551366.126422,0,0.0467632495873831,0.723638364203191,0.198239501192004,0.00366770584999083,0.0276911791674308
153273.411807,2551366.126422,0,0.0282206340480117,0.120029320139271,0.851750045812718,0,0
153773.411807,2551366.126422,0.0034868783262984,0.185538630941457,0.555147733529088,0.211231418608919,0.00311983850247752,0.04147550009176
154273.411807,2551366.126422,0.017604988079956,0.143774069319641,0.748578763983129,0.0775719787273061,0,0.0124701998899688
154773.411807,2551366.126422,0.00256551218618288,0.217885284955104,0.647425325270295,0.0610225398570643,0.00183250870441635,0.0692688290269379
155273.411807,2551366.126422,0.000183519911910442,0.0857037988621766,0.804367773903468,0.0655166085520279,0.0121123141860892,0.0321159845843274
155773.411807,2551366.126422,0,0.112965340179718,0.761415734458097,0.0408949202273978,0.00495140289748762,0.0797726022373006
156273.411807,2551366.126422,0.0432472054242258,0.39124060839289,0.380795308777717,0.0580905259299982,0.00733003481766538,0.119296316657504
156773.411807,2551366.126422,0.0247751881079097,0.422829877041659,0.345200954303542,0.082583960359699,0.00917599559552211,0.115434024591668
157273.411807,2551366.126422,0.0022006235099945,0.278012103429305,0.1201173665872,0.17201540436457,0.0986612873647534,0.328993214744178
157773.411807,2551366.126422,0.0174088326919553,0.317390507604911,0.235294117647059,0.231995601979109,0.0227231079347627,0.175187832142203
158273.411807,2551366.126422,0.0144980730409249,0.0884565975408332,0.6555331253441,0.0884565975408332,0.0280785465222977,0.124977060011011
158773.411807,2551366.126422,0.0460297084173849,0.187603154227031,0.37208875848157,0.134971575279663,0.0198056115899505,0.239501192004401
159273.411807,2551366.126422,0.0377496793109767,0.20065970313359,0.242624152464724,0.0606560381161811,0.0919919369617006,0.366318490012828
159773.411807,2551366.126422,0.046063497889521,0.172875757019637,0.267021471829694,0.0587263718113415,0.0939621948981464,0.361350706551661
160273.411807,2551366.126422,0.126769424347279,0.0877634476250393,0.0273670965712488,0.0364894620949984,0.0544196288140925,0.667190940547342
152773.411807,2550866.126422,0,0.126031920748487,0.12548156301596,0.669601907906806,0.0163272793982755,0.0625573289304715
153273.411807,2550866.126422,0,0.032967032967033,0.704761904761905,0.260805860805861,0,0.00146520146520147
153773.411807,2550866.126422,0.0242201834862385,0.124587155963303,0.523853211009174,0.267155963302752,0.0269724770642202,0.0332110091743119
154273.411807,2550866.126422,0.0254999082737112,0.154833975417355,0.56778572738947,0.189323059988993,0.00458631443771785,0.0579710144927536
154773.411807,2550866.126422,0.00402930402930403,0.175457875457875,0.606410256410256,0.114468864468864,0.0208791208791209,0.0787545787545788
155273.411807,2550866.126422,0.0073394495412844,0.0926605504587156,0.739449541284404,0.0596330275229358,0.0135779816513761,0.0873394495412844
155773.411807,2550866.126422,0.0792515134837644,0.212804989910108,0.258484681709778,0.119611080535682,0.066042927903137,0.263804806457531
156273.411807,2550866.126422,0.0974358974358974,0.315934065934066,0.434798534798535,0.0888278388278388,0.0108058608058608,0.0521978021978022
156773.411807,2550866.126422,0.134495412844037,0.312477064220184,0.190825688073395,0.136146788990826,0.0502752293577982,0.175779816513761
157273.411807,2550866.126422,0.0394423041643735,0.162538983672721,0.0691616217207852,0.200330214639516,0.139974316639149,0.388552559163456
157773.411807,2550866.126422,0.0514652014652015,0.159340659340659,0.217216117216117,0.168864468864469,0.0366300366300366,0.366483516483516
158273.411807,2550866.126422,0.0073394495412844,0.206788990825688,0.233211009174312,0.184770642201835,0.0598165137614679,0.308073394495413
158773.411807,2550866.126422,0.0509998165474225,0.315905338470006,0.256283250779673,0.214822968262704,0.0300862227114291,0.131902403228765
159273.411807,2550866.126422,0.102197802197802,0.221611721611722,0.152380952380952,0.201098901098901,0.13021978021978,0.192490842490843
159773.411807,2550866.126422,0.0911926605504587,0.120366972477064,0.117247706422018,0.319266055045872,0.123119266055046,0.228807339449541
160273.411807,2550866.126422,0.118980169971671,0.156436890147938,0.165564998426188,0.289581366068618,0.0818382121498269,0.187598363235757
153273.411807,2550366.126422,0,0.0033003300330033,0.655298863219655,0.341034103410341,0.000366703337000367,0
153773.411807,2550366.126422,0,0,0.865934065934066,0.134065934065934,0,0
154273.411807,2550366.126422,0,0,0.604029304029304,0.395970695970696,0,0
154773.411807,2550366.126422,0,0.0588558855885589,0.570590392372571,0.27007700770077,0.00623395672900623,0.0942427576090942
155273.411807,2550366.126422,0.0206959706959707,0.346520146520147,0.186446886446886,0.0437728937728938,0.021978021978022,0.380586080586081
155773.411807,2550366.126422,0.0120879120879121,0.311538461538462,0.377289377289377,0.165934065934066,0.0175824175824176,0.115567765567766
156273.411807,2550366.126422,0.0476714338100477,0.350935093509351,0.425375870920425,0.123762376237624,0.00348368170150348,0.0487715438210488
156773.411807,2550366.126422,0.0148351648351648,0.253113553113553,0.537728937728938,0.0677655677655678,0.0413919413919414,0.0851648351648352
157273.411807,2550366.126422,0.0186813186813187,0.30970695970696,0.178754578754579,0.17985347985348,0.0769230769230769,0.236080586080586
157773.411807,2550366.126422,0.0308030803080308,0.234506784011734,0.334800146681335,0.183718371837184,0.0188852218555189,0.197286395306197
158273.411807,2550366.126422,0.00256410256410256,0.227472527472527,0.441391941391941,0.131501831501832,0.045970695970696,0.151098901098901
158773.411807,2550366.126422,0.00183150183150183,0.166117216117216,0.538095238095238,0.165750915750916,0.030952380952381,0.0972527472527473
159273.411807,2550366.126422,0.055005500550055,0.194536120278695,0.416758342500917,0.0704070407040704,0.0273193986065273,0.235973597359736
159773.411807,2550366.126422,0.0179487179487179,0.112271062271062,0.200732600732601,0.147985347985348,0.047985347985348,0.473076923076923
160273.411807,2550366.126422,0.0273327049952875,0.250706880301602,0.140433553251649,0.146716933710336,0.0336160854539742,0.40119384228715
153273.411807,2549866.126422,0,0,0.44511636430273,0.55488363569727,0,0
153773.411807,2549866.126422,0,0,0.240961644338411,0.759038355661589,0,0
154273.411807,2549866.126422,0,0,0,1,0,0
154773.411807,2549866.126422,0,0.0538757559098406,0,0.397471137987905,0.0212571009712296,0.527396005131024
155273.411807,2549866.126422,0.00110111947146265,0.169205358781428,0.200954303541934,0.11635162415122,0.0620297302257295,0.450357863828225
