"x","y","forest","agri","water","built","other","grass"
173273.411807,2571866.126422,0.0503573749187784,0.423326835607537,0,0,0.0692007797270955,0.457115009746589
173773.411807,2571866.126422,0.0856723536965694,0.449825720051367,0,0.0157769216657494,0.117593102183086,0.331131902403229
174273.411807,2571866.126422,0.0258241758241758,0.465201465201465,0,0.00421245421245421,0.0604395604395604,0.444322344322344
174773.411807,2571866.126422,0.0484403669724771,0.179633027522936,0,0.102018348623853,0.304770642201835,0.365137614678899
175273.411807,2571866.126422,0.0453127866446524,0.196661163089341,0,0.102916895982389,0.207301412584847,0.447807741698771
175773.411807,2571866.126422,0.05,0.43021978021978,0,0.0188644688644689,0.114102564102564,0.386813186813187
176273.411807,2571866.126422,0.0288073394495413,0.378348623853211,0.00513761467889908,0.0752293577981651,0.204403669724771,0.308073394495413
176773.411807,2571866.126422,0.0572372041827188,0.470922766464869,0,0.0423775454045129,0.103283801137406,0.326178682810494
177273.411807,2571866.126422,0.0346153846153846,0.256959706959707,0,0.0256410256410256,0.277106227106227,0.405677655677656
177773.411807,2571866.126422,0.0451376146788991,0.384220183486239,0.00146788990825688,0.0625688073394495,0.164036697247706,0.34256880733945
178273.411807,2571866.126422,0.115208218675472,0.169326729040543,0,0.00220143093010457,0.0458631443771785,0.667400476976702
178773.411807,2571866.126422,0.0708791208791209,0.288644688644689,0,0.00402930402930403,0.0210622710622711,0.615384615384615
179273.411807,2571866.126422,0.0811009174311927,0.487889908256881,0,0.00110091743119266,0.0412844036697248,0.388623853211009
179773.411807,2571866.126422,0.234085488901119,0.250045863144377,0,0.00770500825536599,0.166574940377912,0.341588699321225
180273.411807,2571866.126422,0.0567765567765568,0.517765567765568,0,0,0.0534798534798535,0.371978021978022
180773.411807,2571866.126422,0.00165137614678899,0.708807339449541,0,0,0.00055045871559633,0.288990825688073
181273.411807,2571866.126422,0.0278847917813245,0.576958356264906,0,0,0.0100898917629793,0.385066960190791
181773.411807,2571866.126422,0.00293040293040293,0.656959706959707,0,0,0.000366300366300366,0.33974358974359
182273.411807,2571866.126422,0.114128440366972,0.112110091743119,0,0,0.00330275229357798,0.77045871559633
182773.411807,2571866.126422,0.0480645753072831,0.520088057237204,0,0,0.00513667217024399,0.426710695285269
183273.411807,2571866.126422,0.00384615384615385,0.698534798534798,0,0.00183150183150183,0.0168498168498168,0.278937728937729
183773.411807,2571866.126422,0.152293577981651,0.236330275229358,0.00128440366972477,0.00275229357798165,0.106422018348624,0.500917431192661
184273.411807,2571866.126422,0.431663914878004,0.108603925885159,0,0.00495321959273528,0.00752155567785727,0.447257383966245
184773.411807,2571866.126422,0.346886446886447,0.114285714285714,0,0.00567765567765568,0.0355311355311355,0.497619047619048
185273.411807,2571866.126422,0.133761467889908,0.406238532110092,0,0,0.00495412844036697,0.455045871559633
185773.411807,2571866.126422,0.399588631264024,0.137808526551982,0,0.00037397157816006,0.00467464472700075,0.457554225878833
173273.411807,2571366.126422,0.0664075153871072,0.335924846128928,0,0.0113378684807256,0.125040492387431,0.461289277615808
173773.411807,2571366.126422,0.0505494505494506,0.48040293040293,0,0.0318681318681319,0.117948717948718,0.319230769230769
174273.411807,2571366.126422,0.147964796479648,0.27979464613128,0,0.0192519251925193,0.112944627796113,0.44004400440044
174773.411807,2571366.126422,0.0655677655677656,0.230952380952381,0,0.125091575091575,0.194139194139194,0.384249084249084
175273.411807,2571366.126422,0.05,0.327106227106227,0,0.071978021978022,0.1996336996337,0.351282051282051
175773.411807,2571366.126422,0.119361936193619,0.213421342134213,0,0.0718738540520719,0.147964796479648,0.447378071140447
176273.411807,2571366.126422,0.122344322344322,0.293772893772894,0,0.045970695970696,0.10989010989011,0.428021978021978
176773.411807,2571366.126422,0.0580586080586081,0.380769230769231,0,0.00531135531135531,0.0686813186813187,0.487179487179487
177273.411807,2571366.126422,0.0522552255225523,0.208287495416208,0,0.00513384671800513,0.201503483681702,0.532819948661533
177773.411807,2571366.126422,0.078021978021978,0.204761904761905,0.000732600732600733,0.0360805860805861,0.166117216117216,0.514285714285714
178273.411807,2571366.126422,0.0448717948717949,0.535164835164835,0,0.00531135531135531,0.0368131868131868,0.377838827838828
178773.411807,2571366.126422,0.0748074807480748,0.424092409240924,0,0.00385038503850385,0.0403373670700403,0.456912357902457
179273.411807,2571366.126422,0.0765567765567766,0.536630036630037,0,0.000915750915750916,0.03003663003663,0.355860805860806
179773.411807,2571366.126422,0.176923076923077,0.407509157509158,0,0.00695970695970696,0.06996336996337,0.338644688644689
180273.411807,2571366.126422,0.157315731573157,0.369453612027869,0,0.0044004400440044,0.122662266226623,0.346167950128346
180773.411807,2571366.126422,0.0974358974358974,0.599450549450549,0,0.00366300366300366,0.0483516483516484,0.251098901098901
181273.411807,2571366.126422,0.0445054945054945,0.751831501831502,0,0,0.000732600732600733,0.202930402930403
181773.411807,2571366.126422,0.0317198386505317,0.789512284561789,0,0,0,0.178767876787679
182273.411807,2571366.126422,0.0818681318681319,0.566300366300366,0,0,0.0043956043956044,0.347435897435897
182773.411807,2571366.126422,0.0153846153846154,0.683882783882784,0,0,0.00146520146520147,0.299267399267399
183273.411807,2571366.126422,0.0436376971030436,0.577557755775578,0,0.0104510451045105,0.0245691235790246,0.343784378437844
183773.411807,2571366.126422,0.115567765567766,0.279304029304029,0.0919413919413919,0.0228937728937729,0.0721611721611722,0.418131868131868
184273.411807,2571366.126422,0.0287545787545788,0.524908424908425,0.00164835164835165,0.000549450549450549,0.0261904761904762,0.417948717948718
184773.411807,2571366.126422,0.0993766043270994,0.347818115144848,0.00146681334800147,0.00568390172350568,0.0427209387605427,0.502933626696003
185273.411807,2571366.126422,0.333150183150183,0.058974358974359,0.00146520146520147,0.00128205128205128,0.0644688644688645,0.540659340659341
185773.411807,2571366.126422,0.30899925317401,0.10604929051531,0.000373412994772218,0,0.00802837938760269,0.576549663928305
173273.411807,2570866.126422,0.0116883116883117,0.705844155844156,0,0.012987012987013,0.0181818181818182,0.251298701298701
173773.411807,2570866.126422,0.0478635613423803,0.490005501558775,0,0.00421786172748946,0.144874381074638,0.313038694296717
174273.411807,2570866.126422,0.0679860729338464,0.0731170973062122,0,0.320689023272861,0.361187465640462,0.177020340846619
174773.411807,2570866.126422,0.0244081482840888,0.0475316571848046,0.000183519911910442,0.554964213617178,0.251055239493485,0.121857221508534
175273.411807,2570866.126422,0.0979277461947552,0.118466898954704,0,0.19603887768201,0.276911791674308,0.310654685494223
175773.411807,2570866.126422,0.0665200659703134,0.281106835257467,0.0100787978742899,0.0502107385010079,0.113432288803372,0.47865127359355
176273.411807,2570866.126422,0.0335841438796109,0.451642503211598,0,0.0170673518076711,0.0392732611488346,0.458432739952285
176773.411807,2570866.126422,0.0166880616174583,0.419768934531451,0,0.00806895286997983,0.0715202640748212,0.48395378690629
177273.411807,2570866.126422,0.0350009162543522,0.147333699835074,0,0.0238226131574125,0.032618654938611,0.76122411581455
177773.411807,2570866.126422,0.0622132501376399,0.233253808038172,0,0.011194714626537,0.0106441548908057,0.682694072306845
178273.411807,2570866.126422,0.0896754080322758,0.347515129286631,0.00128369704749679,0.0172382174949569,0.0480469466348799,0.496240601503759
178773.411807,2570866.126422,0.152647975077882,0.201209455744915,0,0.0124610591900312,0.108484515301448,0.525196994685725
179273.411807,2570866.126422,0.115250504679758,0.204991741603964,0,0.0657001284639383,0.21159845843274,0.4024591668196
179773.411807,2570866.126422,0.0726205758298184,0.38382541720154,0.000366770584999083,0.0150375939849624,0.0542820465798643,0.473867595818815
180273.411807,2570866.126422,0.0734835990470955,0.541139820414147,0,0.000549752611324904,0.0263881253435954,0.358438702583837
180773.411807,2570866.126422,0.0976325931363553,0.434758671315838,0,0.00679023674068636,0.109744907322444,0.351073591484676
181273.411807,2570866.126422,0.0847240051347882,0.469282963506327,0,0.00696864111498258,0.10801393728223,0.331010452961672
181773.411807,2570866.126422,0.0635880520432472,0.793293018141836,0,0,0.000916254352208173,0.142202675462708
182273.411807,2570866.126422,0.0117452743622683,0.736098366672784,0,0,0.00422095797394017,0.247935400991008
182773.411807,2570866.126422,0.0113698881349716,0.761782505043096,0,0.00128369704749679,0.00990280579497524,0.215661103979461
183273.411807,2570866.126422,0.0287703866593366,0.604911123327836,0,0,0.0262048744731537,0.340113615539674
183773.411807,2570866.126422,0.0939621948981464,0.505597357313268,0.0282620664342081,0.00789135621214902,0.0392732611488346,0.325013763993393
184273.411807,2570866.126422,0.0808729139922978,0.383458646616541,0.000550155877498625,0.00165046763249587,0.0295250320924262,0.50394278378874
184773.411807,2570866.126422,0.106652006597031,0.296133406633681,0.00934579439252336,0.0276708814366868,0.0809968847352025,0.479201026204874
185273.411807,2570866.126422,0.184253991558084,0.0992842723435493,0.00367039823820885,0.00110111947146265,0.0110111947146265,0.700679023674069
185773.411807,2570866.126422,0.30641241353524,0.0484202654701813,0,0.0190689848569826,0.177790241166573,0.448308094971023
173273.411807,2570366.126422,0.0305393112410656,0.296946068875893,0,0.0789473684210526,0.205977907732294,0.387589343729695
173773.411807,2570366.126422,0.0341221794166208,0.170427444505595,0,0.188956154833975,0.395707209686296,0.210787011557512
174273.411807,2570366.126422,0.039010989010989,0.0208791208791209,0.00146520146520147,0.574542124542124,0.325457875457875,0.0386446886446886
174773.411807,2570366.126422,0.0339449541284404,0.0148623853211009,0,0.62605504587156,0.265688073394495,0.0594495412844037
175273.411807,2570366.126422,0.0552192258301229,0.145294441386901,0,0.20821867547239,0.295725554944047,0.295542102366538
175773.411807,2570366.126422,0.0402930402930403,0.396336996336996,0,0.0282051282051282,0.084981684981685,0.45018315018315
176273.411807,2570366.126422,0.0502752293577982,0.452477064220183,0.00036697247706422,0.0130275229357798,0.0777981651376147,0.40605504587156
176773.411807,2570366.126422,0.0517336268574573,0.305815446707026,0,0.0410933773619519,0.201981287837094,0.39937626123647
177273.411807,2570366.126422,0.0197802197802198,0.369413919413919,0,0.0102564102564103,0.0677655677655678,0.532783882783883
177773.411807,2570366.126422,0.028256880733945,0.572293577981651,0,0.00220183486238532,0.0262385321100917,0.371009174311927
178273.411807,2570366.126422,0.0517336268574573,0.397541735461383,0.0524674371674922,0.0465969546872134,0.0939277196844616,0.357732526141992
178773.411807,2570366.126422,0.05,0.331135531135531,0.0342490842490843,0.045970695970696,0.174542124542125,0.364102564102564
179273.411807,2570366.126422,0.0212844036697248,0.634678899082569,0,0.064954128440367,0.0576146788990826,0.221467889908257
179773.411807,2570366.126422,0.142726105301779,0.423775454045129,0,0.0126582278481013,0.0845716382315172,0.336268574573473
180273.411807,2570366.126422,0.155311355311355,0.114468864468864,0,0.0741758241758242,0.194322344322344,0.461721611721612
180773.411807,2570366.126422,0.0372477064220183,0.696880733944954,0,0.00036697247706422,0.0135779816513761,0.251926605504587
181273.411807,2570366.126422,0.0834709227664649,0.649238671803339,0,0.00330214639515685,0.0207301412584847,0.243258117776555
181773.411807,2570366.126422,0.0626373626373626,0.492673992673993,0,0.03003663003663,0.0664835164835165,0.348168498168498
182273.411807,2570366.126422,0.110642201834862,0.430275229357798,0,0.0444036697247706,0.102201834862385,0.312477064220184
182773.411807,2570366.126422,0.0568702990277013,0.321775820950284,0,0.123280132085856,0.205099981654742,0.292973766281416
183273.411807,2570366.126422,0.0534798534798535,0.243589743589744,0,0.25989010989011,0.222710622710623,0.22032967032967
183773.411807,2570366.126422,0.0634862385321101,0.214678899082569,0.00055045871559633,0.299082568807339,0.140917431192661,0.281284403669725
184273.411807,2570366.126422,0.0805356815263254,0.217941662080352,0.00421940928270042,0.0440286186020914,0.13410383415887,0.519170794349661
184773.411807,2570366.126422,0.397069597069597,0.0826007326007326,0,0.017032967032967,0.0353479853479853,0.467948717948718
185273.411807,2570366.126422,0.174495412844037,0.236146788990826,0.00146788990825688,0.0157798165137615,0.0620183486238532,0.510091743119266
185773.411807,2570366.126422,0.708115183246073,0.00953627524308153,0,0,0.00224382946896036,0.280104712041885
173273.411807,2569866.126422,0.0589569160997732,0.389374797538063,0,0.0246193715581471,0.230968577907353,0.296080336896663
173773.411807,2569866.126422,0.028021978021978,0.443040293040293,0,0.0289377289377289,0.141391941391941,0.358608058608059
174273.411807,2569866.126422,0.0656398973230656,0.088008800880088,0,0.264576457645765,0.398789878987899,0.182984965163183
174773.411807,2569866.126422,0.0448717948717949,0.187362637362637,0,0.327655677655678,0.214835164835165,0.225274725274725
175273.411807,2569866.126422,0.0371794871794872,0.265567765567766,0.00604395604395604,0.0269230769230769,0.141391941391941,0.522893772893773
175773.411807,2569866.126422,0.0506050605060506,0.418591859185919,0.0144847818115145,0.0454712137880455,0.1001100110011,0.370737073707371
176273.411807,2569866.126422,0.0194139194139194,0.374542124542125,0.000183150183150183,0.00915750915750916,0.0243589743589744,0.572344322344322
176773.411807,2569866.126422,0.0716117216117216,0.231684981684982,0,0.0254578754578755,0.117216117216117,0.554029304029304
177273.411807,2569866.126422,0.0352035203520352,0.382654932159883,0.00238357169050238,0.013017968463513,0.0759075907590759,0.490832416574991
177773.411807,2569866.126422,0.0373626373626374,0.488644688644689,0.000915750915750916,0.0283882783882784,0.0269230769230769,0.417765567765568
178273.411807,2569866.126422,0.0397435897435897,0.413003663003663,0.0269230769230769,0.0521978021978022,0.101831501831502,0.366300366300366
178773.411807,2569866.126422,0.0592225889255592,0.355702236890356,0.0148514851485149,0.144114411441144,0.161899523285662,0.264209754308764
179273.411807,2569866.126422,0.0558608058608059,0.578754578754579,0,0.0417582417582418,0.147252747252747,0.176373626373626
179773.411807,2569866.126422,0.155494505494505,0.382417582417582,0.0175824175824176,0.0384615384615385,0.101465201465201,0.304578754578755
180273.411807,2569866.126422,0.0632563256325633,0.132929959662633,0,0.0786578657865787,0.100843417675101,0.624312431243124
180773.411807,2569866.126422,0.0675824175824176,0.562820512820513,0,0,0.00677655677655678,0.362820512820513
181273.411807,2569866.126422,0.0214285714285714,0.56959706959707,0,0.0128205128205128,0.0168498168498168,0.379304029304029
181773.411807,2569866.126422,0.0251191785845251,0.691602493582692,0,0.0135680234690136,0.0205353868720205,0.249174917491749
182273.411807,2569866.126422,0.0335164835164835,0.646520146520147,0.000732600732600733,0.0139194139194139,0.032967032967033,0.272344322344322
182773.411807,2569866.126422,0.0538461538461538,0.28003663003663,0,0.200549450549451,0.195970695970696,0.26959706959707
183273.411807,2569866.126422,0.0478547854785479,0.0535386872020535,0,0.55958929226256,0.241290795746241,0.0977264393105977
183773.411807,2569866.126422,0.0338827838827839,0.0175824175824176,0,0.759523809523809,0.155860805860806,0.0331501831501832
184273.411807,2569866.126422,0.0628205128205128,0.209340659340659,0.00567765567765568,0.210989010989011,0.160989010989011,0.35018315018315
184773.411807,2569866.126422,0.119361936193619,0.277594426109278,0.0273193986065273,0.0364869820315365,0.0872753942060873,0.451961862852952
185273.411807,2569866.126422,0.491208791208791,0.0641025641025641,0,0.0173992673992674,0.0355311355311355,0.391758241758242
185773.411807,2569866.126422,0.628827483196415,0.0253920836445108,0.0164301717699776,0.0179238237490665,0.0489171023151606,0.262509335324869
173273.411807,2569366.126422,0.012987012987013,0.673701298701299,0,0.00454545454545455,0.0798701298701299,0.228896103896104
173773.411807,2569366.126422,0.0141206675224647,0.510728039611223,0,0.0159545204474601,0.0506143407298735,0.408582431688979
174273.411807,2569366.126422,0.0223566061938794,0.489096573208723,0,0.0159428257284222,0.0776983690672531,0.394905625801723
174773.411807,2569366.126422,0.0645990089924757,0.225913011561754,0.00458799779776106,0.0600110111947146,0.183703431822353,0.461185538630941
175273.411807,2569366.126422,0.0777553640198056,0.191637630662021,0.00788556757748029,0.0682193288098294,0.167614157344581,0.486887951586283
175773.411807,2569366.126422,0.0392156862745098,0.431555799890049,0.0760491112332784,0.099321971779366,0.0868609125893348,0.266996518233462
176273.411807,2569366.126422,0.0436777390346853,0.512020554230134,0,0.0278950266103872,0.0776289227381171,0.338777757386676
176773.411807,2569366.126422,0.0478635613423803,0.468549422336329,0,0.0185219145424537,0.132220795892169,0.332844305886668
177273.411807,2569366.126422,0.0454462158695254,0.435404068169324,0.00696353307678211,0.0111783030969397,0.0441634597764339,0.456844420010995
177773.411807,2569366.126422,0.0411084602679391,0.402275646907689,0.0288126261699394,0.02073775004588,0.102037071022206,0.405028445586346
178273.411807,2569366.126422,0.0689528699798276,0.324591967724189,0.00513478818998716,0.0856409315972859,0.169998166147075,0.345681276361636
178773.411807,2569366.126422,0.0284038849184534,0.261132490379329,0.0679860729338464,0.146050943741983,0.156312992486714,0.340113615539674
179273.411807,2569366.126422,0.0893741971003854,0.15342264635713,0.00146815929528354,0.265920352358231,0.134887135254175,0.354927509634795
179773.411807,2569366.126422,0.0196222262974509,0.391160828901522,0,0.263708050614341,0.117733357784706,0.207775536401981
180273.411807,2569366.126422,0.126259849734286,0.188931647425325,0,0.112332783580722,0.128642111050027,0.443833608209639
180773.411807,2569366.126422,0.044411818682327,0.678106074509084,0,0,0.000550559735731327,0.276931547072857
181273.411807,2569366.126422,0.0729873464148175,0.534751512928663,0.017604988079956,0.00366770584999083,0.0335595085274161,0.337428938199156
181773.411807,2569366.126422,0.034084661902144,0.344694887300715,0.113982041414697,0.0855781564962434,0.0492944841487997,0.372365768737402
182273.411807,2569366.126422,0.102587630757937,0.213984217287576,0.0691870067902367,0.0649660488162966,0.133235456046981,0.416039640300973
182773.411807,2569366.126422,0.108380707867229,0.153493489822116,0.00935264991747662,0.210526315789474,0.242068586099395,0.27617825050431
183273.411807,2569366.126422,0.078248121678578,0.0557082646142569,0,0.429173538574308,0.316291002382261,0.120579072750596
183773.411807,2569366.126422,0.0559735731326849,0.11616810423931,0,0.394751330519361,0.244448522664709,0.188658469443935
184273.411807,2569366.126422,0.0286081056299285,0.637447276728406,0,0.0194388410049514,0.0726205758298184,0.241885200806895
184773.411807,2569366.126422,0.205057724024189,0.287337364852483,0,0.0221733553234378,0.0588235294117647,0.426608026388125
185273.411807,2569366.126422,0.725637731693889,0.0082583960359699,0,0.00367039823820885,0.0154156726004772,0.247017801431455
185773.411807,2569366.126422,0.785006543279118,0.03421200224341,0.0405683305290709,0.0257992148065059,0.00429986913441765,0.110114040007478
173273.411807,2568866.126422,0.0107212475633528,0.762833008447043,0,0,0.0129954515919428,0.213450292397661
173773.411807,2568866.126422,0.0385250412768299,0.551458447991194,0,0.00275178866263071,0.0451293340671436,0.362135388002201
174273.411807,2568866.126422,0.0152014652014652,0.445054945054945,0.0249084249084249,0.00970695970695971,0.0113553113553114,0.493772893772894
174773.411807,2568866.126422,0.046605504587156,0.245871559633028,0.0141284403669725,0.0820183486238532,0.177981651376147,0.433394495412844
175273.411807,2568866.126422,0.0357732526141992,0.311869381764814,0.00476976701522656,0.0693450742982939,0.168042560997982,0.410199963309484
175773.411807,2568866.126422,0.0648351648351648,0.624175824175824,0.000183150183150183,0.00256410256410256,0.043956043956044,0.264285714285714
176273.411807,2568866.126422,0.0502752293577982,0.411743119266055,0,0.0708256880733945,0.103302752293578,0.363853211009174
176773.411807,2568866.126422,0.0405430196294258,0.544670702623372,0,0.0258668134287287,0.103650706292423,0.28526875802605
177273.411807,2568866.126422,0.0487179487179487,0.357326007326007,0,0.0166666666666667,0.0972527472527473,0.48003663003663
177773.411807,2568866.126422,0.0719266055045872,0.241651376146789,0,0.0710091743119266,0.0919266055045872,0.52348623853211
178273.411807,2568866.126422,0.0757659145110989,0.355714547789396,0.00421940928270042,0.0720968629609246,0.13410383415887,0.35809943129701
178773.411807,2568866.126422,0.174175824175824,0.191208791208791,0.00366300366300366,0.217582417582418,0.0772893772893773,0.336080586080586
179273.411807,2568866.126422,0.0877064220183486,0.507889908256881,0,0.044954128440367,0.100550458715596,0.258899082568807
179773.411807,2568866.126422,0.0374243258117777,0.609796367638965,0.0177949000183453,0.114290955787929,0.0489818381948266,0.171711612548156
180273.411807,2568866.126422,0.0432234432234432,0.46025641025641,0,0.0135531135531136,0.0304029304029304,0.452564102564103
180773.411807,2568866.126422,0.154678899082569,0.253577981651376,0,0.114311926605505,0.151376146788991,0.32605504587156
181273.411807,2568866.126422,0.110254999082737,0.210787011557512,0,0.181067694001101,0.232067510548523,0.265822784810127
181773.411807,2568866.126422,0.052014652014652,0.574725274725275,0.00256410256410256,0.0159340659340659,0.0529304029304029,0.301831501831502
182273.411807,2568866.126422,0.0915596330275229,0.248807339449541,0.0278899082568807,0.100917431192661,0.103302752293578,0.427522935779817
182773.411807,2568866.126422,0.110254999082737,0.170977802238121,0.0238488350761328,0.103283801137406,0.142175747569253,0.449458814896349
183273.411807,2568866.126422,0.0694139194139194,0.209157509157509,0,0.182967032967033,0.229304029304029,0.309157509157509
183773.411807,2568866.126422,0.0627522935779816,0.520917431192661,0.00477064220183486,0.0245871559633028,0.0860550458715596,0.300917431192661
184273.411807,2568866.126422,0.140708126949184,0.313520454962392,0,0.0475142175747569,0.0693450742982939,0.428912126215373
184773.411807,2568866.126422,0.16007326007326,0.557875457875458,0,0.000183150183150183,0.000915750915750916,0.280952380952381
185273.411807,2568866.126422,0.867339449541284,0.0102752293577982,0.00825688073394495,0.00201834862385321,0.0339449541284404,0.0781651376146789
185773.411807,2568866.126422,0.68679880329095,0.0716155572176515,0.169970082273747,0,0.00205684367988033,0.0695587135377711
173273.411807,2568366.126422,0.0229996760609006,0.341107871720117,0.093942338840298,0.143828960155491,0.0748299319727891,0.323291221250405
173773.411807,2568366.126422,0.039010989010989,0.343956043956044,0.023992673992674,0.0276556776556777,0.117399267399267,0.447985347985348
174273.411807,2568366.126422,0.0176017601760176,0.257792445911258,0.0209020902090209,0.0225522552255226,0.0438210487715438,0.637330399706637
174773.411807,2568366.126422,0.0529304029304029,0.486263736263736,0,0.00952380952380952,0.0648351648351648,0.386446886446886
175273.411807,2568366.126422,0.0835164835164835,0.384798534798535,0,0.0917582417582418,0.118864468864469,0.321062271062271
175773.411807,2568366.126422,0.0707737440410708,0.088008800880088,0.00055005500550055,0.337917125045838,0.378621195452879,0.124129079574624
176273.411807,2568366.126422,0.0853479853479854,0.0783882783882784,0,0.256410256410256,0.382600732600733,0.197252747252747
176773.411807,2568366.126422,0.0721611721611722,0.385897435897436,0,0.0554945054945055,0.111904761904762,0.374542124542125
177273.411807,2568366.126422,0.0738907224055739,0.365236523652365,0.0172350568390172,0.0487715438210488,0.0214521452145215,0.473414008067473
177773.411807,2568366.126422,0.0631868131868132,0.182417582417582,0.0210622710622711,0.0913919413919414,0.182967032967033,0.458974358974359
178273.411807,2568366.126422,0.143589743589744,0.416300366300366,0.0401098901098901,0.0457875457875458,0.0767399267399267,0.277472527472527
178773.411807,2568366.126422,0.0678401173450678,0.507884121745508,0,0.111294462779611,0.0614228089475614,0.251558489182252
179273.411807,2568366.126422,0.0225274725274725,0.623260073260073,0,0.0384615384615385,0.0527472527472527,0.263003663003663
179773.411807,2568366.126422,0.0789377289377289,0.48003663003663,0.0126373626373626,0.01996336996337,0.0478021978021978,0.360622710622711
180273.411807,2568366.126422,0.0705903923725706,0.321782178217822,0.057022368903557,0.147964796479648,0.0946094609460946,0.308030803080308
180773.411807,2568366.126422,0.205494505494505,0.0728937728937729,0,0.325274725274725,0.184615384615385,0.211721611721612
181273.411807,2568366.126422,0.0946886446886447,0.0697802197802198,0,0.358974358974359,0.297252747252747,0.179304029304029
181773.411807,2568366.126422,0.0214521452145215,0.512651265126513,0,0.0482214888155482,0.0766409974330766,0.341034103410341
182273.411807,2568366.126422,0.0175824175824176,0.658241758241758,0,0.0119047619047619,0.0285714285714286,0.283699633699634
182773.411807,2568366.126422,0.021978021978022,0.645238095238095,0.00274725274725275,0.028021978021978,0.0564102564102564,0.245604395604396
183273.411807,2568366.126422,0.0696736340300697,0.325082508250825,0.0111844517785112,0.0885588558855886,0.142830949761643,0.362669600293363
183773.411807,2568366.126422,0.0404761904761905,0.535347985347985,0.0141025641025641,0.0413919413919414,0.0510989010989011,0.317582417582418
184273.411807,2568366.126422,0.121245421245421,0.300915750915751,0.0113553113553114,0.0835164835164835,0.0468864468864469,0.436080586080586
184773.411807,2568366.126422,0.424642464246425,0.176200953428676,0,0.0232856618995233,0.106710671067107,0.269160249358269
185273.411807,2568366.126422,0.871794871794872,0.00238095238095238,0,0.0032967032967033,0.0161172161172161,0.106410256410256
185773.411807,2568366.126422,0.567587752053771,0.0711351755041075,0.293315907393577,0,0.00522778192681105,0.0627333831217326
173273.411807,2567866.126422,0.0561688311688312,0.332467532467532,0.012987012987013,0.0285714285714286,0.0720779220779221,0.497727272727273
173773.411807,2567866.126422,0.0293416467999266,0.434072987346415,0.00568494406748579,0.0190720704199523,0.0618008435723455,0.450027507793875
174273.411807,2567866.126422,0.026571376214037,0.458310426974528,0,0.00458127176104087,0.0645043063954554,0.446032618654939
174773.411807,2567866.126422,0.0489998164800881,0.281703064782529,0,0.0647825289043861,0.231235089007157,0.37327950082584
175273.411807,2567866.126422,0.108930863744728,0.309737759031726,0.000183385292499542,0.0322758114799193,0.181001283697047,0.36787089675408
175773.411807,2567866.126422,0.103719992669965,0.16034451163643,0.00678028220634048,0.0619387942092725,0.303096939710464,0.364119479567528
176273.411807,2567866.126422,0.0798311616810424,0.337860157827124,0.000183519911910442,0.02073775004588,0.149935768030831,0.411451642503212
176773.411807,2567866.126422,0.0366770584999083,0.38804327892903,0.00293416467999266,0.0344764349899138,0.0737208875848157,0.46414817531634
177273.411807,2567866.126422,0.055158512002932,0.342495876855415,0.0798973795125527,0.0535092541689573,0.0133773135422393,0.455561663917904
177773.411807,2567866.126422,0.0480822169205359,0.272894109010828,0.0915764360433107,0.0466140576252523,0.0229399889888053,0.517893191411268
178273.411807,2567866.126422,0.107463781404731,0.320557491289199,0.00861910874747845,0.0339262791124152,0.0662020905923345,0.463231248853842
178773.411807,2567866.126422,0.198643943558732,0.179769103903244,0,0.0535092541689573,0.198277441817849,0.369800256551219
179273.411807,2567866.126422,0.171224077812443,0.268856670948798,0.00403743806202973,0.0633143696091026,0.113965865296385,0.378601578271242
179773.411807,2567866.126422,0.0438290849073904,0.648267008985879,0,0.01998899688245,0.0638180817898405,0.22409682743444
180273.411807,2567866.126422,0.104636247022173,0.310976727139454,0,0.272494044346711,0.100787978742899,0.211105002748763
180773.411807,2567866.126422,0.103505230317489,0.0882730776289227,0,0.438429069554047,0.165718480455129,0.204074142044412
181273.411807,2567866.126422,0.0529983495323675,0.0544654318723638,0.000366770584999083,0.534017971758665,0.184852374839538,0.173299101412067
181773.411807,2567866.126422,0.0199743448781382,0.616089426424775,0.000183250870441635,0.0339014110317024,0.0599230346344145,0.269928532160528
182273.411807,2567866.126422,0.0135804734813727,0.719031014865113,0,0.0187190310148651,0.0418425399155808,0.206826940723068
182773.411807,2567866.126422,0.0392444525949019,0.565193471483587,0,0.00678525582248304,0.0311754997249221,0.357601320374106
183273.411807,2567866.126422,0.179585853032802,0.186366135239142,0.000549752611324904,0.0890599230346344,0.141469671980942,0.402968664101155
183773.411807,2567866.126422,0.0592769315470729,0.284455863461186,0.0332171040557901,0.122040741420444,0.165534960543219,0.335474398972288
184273.411807,2567866.126422,0.0891252521547772,0.295800476801761,0.00476801760498808,0.0805061434072987,0.12800293416468,0.401797175866495
184773.411807,2567866.126422,0.161993769470405,0.107201759208356,0.00164925783397471,0.0491112332783581,0.137071651090343,0.542972329118563
185273.411807,2567866.126422,0.592952835382639,0.0278950266103872,0,0.00568911726922371,0.0607450908423564,0.312717929895394
185773.411807,2567866.126422,0.49766311460086,0.0931015143017386,0.29089549448495,0.0411291830248645,0.00299121331089923,0.0742194802766872
173273.411807,2567366.126422,0.0175438596491228,0.448667966211826,0.00129954515919428,0,0.00617283950617284,0.526315789473684
173773.411807,2567366.126422,0.0715465052283985,0.323977251880389,0,0.017978352595854,0.0875068794716566,0.498991010823702
174273.411807,2567366.126422,0.0463369963369963,0.264285714285714,0,0.0214285714285714,0.102014652014652,0.565934065934066
174773.411807,2567366.126422,0.0636697247706422,0.198532110091743,0,0.0699082568807339,0.223669724770642,0.444220183486239
175273.411807,2567366.126422,0.0434782608695652,0.398092093193909,0,0.00532012474775271,0.086589616584113,0.46651990460466
175773.411807,2567366.126422,0.0210622710622711,0.506227106227106,0,0.00402930402930403,0.019047619047619,0.4496336996337
176273.411807,2567366.126422,0.0622018348623853,0.73394495412844,0.00311926605504587,0.0130275229357798,0.0163302752293578,0.171376146788991
176773.411807,2567366.126422,0.0121078701155751,0.671436433681893,0,0.00843881856540084,0.0266006237387635,0.281416253898367
177273.411807,2567366.126422,0.0763736263736264,0.336630036630037,0,0.0232600732600733,0.0756410256410256,0.488095238095238
177773.411807,2567366.126422,0.102935779816514,0.404770642201835,0.00128440366972477,0.0157798165137615,0.151559633027523,0.323669724770642
178273.411807,2567366.126422,0.0720968629609246,0.484314804623005,0.0552192258301229,0.0190790680609063,0.0126582278481013,0.35663181067694
178773.411807,2567366.126422,0.116483516483516,0.321794871794872,0.109340659340659,0.0860805860805861,0.0525641025641026,0.313736263736264
179273.411807,2567366.126422,0.13743119266055,0.293577981651376,0.0170642201834862,0.0445871559633028,0.0412844036697248,0.46605504587156
179773.411807,2567366.126422,0.0280682443588332,0.717666483214089,0,0.0254999082737112,0.0370574206567602,0.191707943496606
180273.411807,2567366.126422,0.0304029304029304,0.313369963369963,0,0.295421245421245,0.217765567765568,0.143040293040293
180773.411807,2567366.126422,0.0453211009174312,0.0444036697247706,0,0.673394495412844,0.19743119266055,0.0394495412844037
181273.411807,2567366.126422,0.0559530361401578,0.0508163639699138,0,0.614015776921666,0.241607044578976,0.0376077783892864
181773.411807,2567366.126422,0.105494505494505,0.421428571428571,0,0.0765567765567766,0.0247252747252747,0.371794871794872
182273.411807,2567366.126422,0.188807339449541,0.28954128440367,0.00201834862385321,0.021651376146789,0.0102752293577982,0.487706422018349
182773.411807,2567366.126422,0.100348559897267,0.316272243625023,0.00623738763529628,0.002568336085122,0.00623738763529628,0.568336085121996
183273.411807,2567366.126422,0.0902930402930403,0.386630036630037,0.00750915750915751,0.0847985347985348,0.142673992673993,0.288095238095238
183773.411807,2567366.126422,0.0655045871559633,0.565688073394495,0.00128440366972477,0.0115596330275229,0.033394495412844,0.32256880733945
184273.411807,2567366.126422,0.0315538433314988,0.583195743900202,0.0181618051733627,0.0383415886993212,0.0163272793982755,0.31241973949734
184773.411807,2567366.126422,0.218131868131868,0.108241758241758,0.021978021978022,0.0536630036630037,0.126923076923077,0.471062271062271
185273.411807,2567366.126422,0.321651376146789,0.0484403669724771,0.0644036697247706,0.0611009174311927,0.0739449541284404,0.43045871559633
185773.411807,2567366.126422,0.184181002243829,0.0420718025430067,0.671839940164548,0.0476813762154076,0.00448765893792072,0.049738219895288
173273.411807,2566866.126422,0.0391966310333657,0.136054421768707,0,0.0459993521218011,0.127632005183026,0.6511175898931
173773.411807,2566866.126422,0.144871794871795,0.1496336996337,0,0.000549450549450549,0.0287545787545788,0.676190476190476
174273.411807,2566866.126422,0.157315731573157,0.195636230289696,0,0.0218188485515218,0.0737073707370737,0.551521818848552
174773.411807,2566866.126422,0.132783882783883,0.185531135531136,0,0.0228937728937729,0.0382783882783883,0.620512820512821
175273.411807,2566866.126422,0.110989010989011,0.326556776556777,0,0.00805860805860806,0.0776556776556777,0.476739926739927
175773.411807,2566866.126422,0.037037037037037,0.669050238357169,0,0.0011001100110011,0.0170517051705171,0.275760909424276
176273.411807,2566866.126422,0.0587912087912088,0.504212454212454,0,0,0.00860805860805861,0.428388278388278
176773.411807,2566866.126422,0.0393772893772894,0.588644688644689,0,0.00677655677655678,0.0679487179487179,0.297252747252747
177273.411807,2566866.126422,0.0753575357535754,0.451228456178951,0,0.000916758342500917,0.052988632196553,0.41950861752842
177773.411807,2566866.126422,0.0706959706959707,0.53003663003663,0.0763736263736264,0,0.000915750915750916,0.321978021978022
178273.411807,2566866.126422,0.0538461538461538,0.383150183150183,0.149450549450549,0.00402930402930403,0.0327838827838828,0.376739926739927
178773.411807,2566866.126422,0.0458379171250458,0.618811881188119,0,0.0099009900990099,0.0183351668500183,0.307114044737807
179273.411807,2566866.126422,0.0335164835164835,0.650915750915751,0.000549450549450549,0.000183150183150183,0.0102564102564103,0.304578754578755
179773.411807,2566866.126422,0.108241758241758,0.24981684981685,0.00183150183150183,0.187362637362637,0.16007326007326,0.292673992673993
180273.411807,2566866.126422,0.286395306197286,0.0671067106710671,0.000916758342500917,0.099009900990099,0.148881554822149,0.397689768976898
180773.411807,2566866.126422,0.065018315018315,0.0318681318681319,0,0.627838827838828,0.177838827838828,0.0974358974358974
181273.411807,2566866.126422,0.116849816849817,0.171062271062271,0,0.281318681318681,0.286446886446886,0.144322344322344
181773.411807,2566866.126422,0.102493582691602,0.411257792445911,0.0333700036670334,0.0423542354235424,0.046021268793546,0.364503116978365
182273.411807,2566866.126422,0.156410256410256,0.536263736263736,0,0.0157509157509158,0.00860805860805861,0.282967032967033
182773.411807,2566866.126422,0.475457875457875,0.0631868131868132,0.0184981684981685,0.0175824175824176,0.0122710622710623,0.413003663003663
183273.411807,2566866.126422,0.0553722038870554,0.433076640997433,0.00385038503850385,0.00476714338100477,0.0278694536120279,0.475064173083975
183773.411807,2566866.126422,0.0256410256410256,0.773443223443223,0,0.000915750915750916,0.00402930402930403,0.195970695970696
184273.411807,2566866.126422,0.0265567765567766,0.758241758241758,0,0.00842490842490842,0.0104395604395604,0.196336996336996
184773.411807,2566866.126422,0.199303263659699,0.337183718371837,0.0465713237990466,0.00623395672900623,0.0203520352035204,0.39035570223689
185273.411807,2566866.126422,0.229487179487179,0.126556776556777,0.203846153846154,0.0157509157509158,0.01996336996337,0.404395604395604
185773.411807,2566866.126422,0,0,0.951456310679612,0.0485436893203883,0,0
173273.411807,2566366.126422,0.0935064935064935,0.0886363636363636,0,0.0217532467532468,0.209415584415584,0.586688311688312
173773.411807,2566366.126422,0.185402530717036,0.0231065468549422,0,0.00165046763249587,0.0621676141573446,0.727672840638181
174273.411807,2566366.126422,0.231262598497343,0.0197910940076965,0,0.00329851566794942,0.0584570276708814,0.68719076415613
174773.411807,2566366.126422,0.220590934116352,0.137823453844742,0,0.0814828408882364,0.133602495870802,0.426500275279868
175273.411807,2566366.126422,0.183752063084541,0.286997982761783,0,0.0106363469649734,0.0729873464148175,0.445626260773886
175773.411807,2566366.126422,0.109584020524097,0.396371632765256,0.000549752611324904,0.00659703133589885,0.0492944841487997,0.437603078614623
176273.411807,2566366.126422,0.0592769315470729,0.451642503211598,0,0.0117452743622683,0.0244081482840888,0.452927142594972
176773.411807,2566366.126422,0.0201723821749496,0.364569961489089,0,0.0265908674124335,0.114065651934715,0.474601136988814
177273.411807,2566366.126422,0.0967564595931831,0.343961883818948,0,0.00109950522264981,0.0542422576507238,0.503939893714495
177773.411807,2566366.126422,0.0800146815929528,0.374564140209213,0.182969352174711,0.00623967700495504,0.0300972655533125,0.326114883464856
178273.411807,2566366.126422,0.113332110764717,0.42398679625894,0.0709701081973226,0.0256739409499358,0.0850907757197873,0.280946268109298
178773.411807,2566366.126422,0.171706065603812,0.178119846069269,0.0535092541689573,0.00494777350192413,0.0357339197361187,0.555983140919919
179273.411807,2566366.126422,0.130666177280235,0.226647091209396,0.00862543585979079,0.0236740686364471,0.0442282987704166,0.566158928243714
179773.411807,2566366.126422,0.128369704749679,0.0999449844122501,0,0.220245736291949,0.189070236567027,0.362369337979094
180273.411807,2566366.126422,0.0751328568810702,0.0604727872457394,0.000183250870441635,0.419094740700018,0.235110866776617,0.210005497526113
180773.411807,2566366.126422,0.193797026977427,0.0739585244999082,0.0662506881996697,0.220590934116352,0.179849513672233,0.26555331253441
181273.411807,2566366.126422,0.0709701081973226,0.270309921144324,0.0165046763249587,0.176600036677059,0.162846139739593,0.302769117916743
181773.411807,2566366.126422,0.114898295766905,0.244639912039582,0,0.0445299615173172,0.103353490929082,0.492578339747114
182273.411807,2566366.126422,0.0906588364837585,0.45237658285924,0.0341347036153423,0.0321159845843274,0.0189025509267756,0.371811341530556
182773.411807,2566366.126422,0.179167430772052,0.25618925362186,0,0.0075187969924812,0.0143040528149642,0.542820465798643
183273.411807,2566366.126422,0.0795308777716694,0.397837639728789,0,0.0450797141286421,0.102986989188199,0.374564779182701
183773.411807,2566366.126422,0.034868783262984,0.512938153789686,0,0.0143145531290145,0.0631308496971921,0.374747660121123
184273.411807,2566366.126422,0.117733357784706,0.456812763616358,0,0.000916926462497708,0.00861910874747845,0.41591784338896
184773.411807,2566366.126422,0.256551218618288,0.139270661535642,0.00787978742899029,0.0126443100604728,0.0469122228330585,0.536741799523548
