"x","y","forest","agri","water","built","other","grass"
288273.411807,2779366.126422,0.699468572475719,0.0153930731170973,0,0.011544804837823,0.0390324354040682,0.234561114165292
288773.411807,2779366.126422,0.644338410717563,0,0,0.000183519911910442,0.00422095797394017,0.351257111396587
289273.411807,2779366.126422,0.312671923711718,0.00293416467999266,0,0.0588666788923528,0.0548322024573629,0.570695030258573
289773.411807,2779366.126422,0.171156312992487,0.00494777350192413,0,0.129191863661352,0.100238226131574,0.594465823712663
290273.411807,2779366.126422,0.406129565057809,0.00110111947146265,0,0.00642319691686548,0.0262433474031932,0.56010277115067
290773.411807,2779366.126422,0.549789106913625,0.000366770584999083,0,0.0225563909774436,0.0946268109297634,0.332660920594168
291273.411807,2779366.126422,0.446582371266263,0.000916254352208173,0,0.00311526479750779,0.00806303829943192,0.541323071284589
291773.411807,2779366.126422,0.424665076160763,0.00311983850247752,0,0.022389429253074,0.0330335841438796,0.516792071939805
292273.411807,2779366.126422,0.497157527966257,0.00183385292499542,0,0.00256739409499358,0.00311754997249221,0.495323675041262
292773.411807,2779366.126422,0.572475719259666,0.0828293934396188,0,0.00769653655854865,0.0333516584203775,0.303646692321789
293273.411807,2779366.126422,0.669113598825473,0.00311983850247752,0,0.00991007524316388,0.0392732611488346,0.278583226280051
293773.411807,2779366.126422,0.430588666788924,0.00458463231248854,0.00146708233999633,0.0139372822299652,0.01998899688245,0.529433339446176
294273.411807,2779366.126422,0.343228880337182,0.000916254352208173,0,0.00989554700384827,0.0175920835623969,0.628367234744365
294773.411807,2779366.126422,0.451091943475867,0.100752431638833,0,0.0416590200036704,0.100385391815012,0.306111213066618
295273.411807,2779366.126422,0.475334678158812,0.149459013387126,0,0.0066018705299835,0.0429121584448927,0.325692279479186
295773.411807,2779366.126422,0.172072567344695,0.0141103170240059,0.01905809052593,0.183617372182518,0.113982041414697,0.497159611508155
296273.411807,2779366.126422,0.00403743806202973,0.0106441548908057,0.942925307395852,0.0212883097816113,0.00623967700495504,0.0148651128647458
296773.411807,2779366.126422,0.348248670456629,0.0368604437924078,0.00403447643498991,0.154410416284614,0.121584448927196,0.334861544104163
297273.411807,2779366.126422,0.0941909474070002,0.0601062855048561,0.0604727872457394,0.466556716144402,0.18160161260766,0.137071651090343
297773.411807,2779366.126422,0.154707285740503,0.205909341163516,0.0108276748027161,0.119654982565608,0.128280418425399,0.380620297302257
298273.411807,2779366.126422,0.0504309554373739,0.507243719053732,0.000366770584999083,0.0144874381074638,0.0509811113148725,0.376490005501559
298773.411807,2779366.126422,0.137987905442551,0.240058640278541,0.00164925783397471,0.0194245922668133,0.0454462158695254,0.555433388308594
299273.411807,2779366.126422,0.14112681225913,0.231418608919068,0.000183519911910442,0.0708386859974307,0.0976325931363553,0.458799779776106
299773.411807,2779366.126422,0.159361819182102,0.0614340729873464,0.0102695763799743,0.184485604254539,0.133321107647167,0.451127819548872
300273.411807,2779366.126422,0.0959692898272553,0.0251439539347409,0.0343570057581574,0.543378119001919,0.133589251439539,0.167562380038388
288273.411807,2778866.126422,0.739194139194139,0.00366300366300366,0,0.0510989010989011,0.0335164835164835,0.172527472527473
288773.411807,2778866.126422,0.818899082568807,0,0,0.00036697247706422,0.00220183486238532,0.178532110091743
289273.411807,2778866.126422,0.624472573839662,0.000550357732526142,0,0.0106402494955054,0.0299027701339204,0.334434048798386
289773.411807,2778866.126422,0.206227106227106,0.0106227106227106,0.000366300366300366,0.189194139194139,0.11996336996337,0.473626373626374
290273.411807,2778866.126422,0.587706422018349,0.00568807339449541,0,0.0510091743119266,0.0188990825688073,0.336697247706422
290773.411807,2778866.126422,0.43221427261053,0.0126582278481013,0,0.0451293340671436,0.0603558980003669,0.449642267473858
291273.411807,2778866.126422,0.333516483516483,0,0,0.0228937728937729,0.0734432234432234,0.57014652014652
291773.411807,2778866.126422,0.406788990825688,0.00146788990825688,0,0.0407339449541284,0.0959633027522936,0.455045871559633
292273.411807,2778866.126422,0.415886993212255,0.000550357732526142,0,0.0541185103650706,0.0557695835626491,0.4736745551275
292773.411807,2778866.126422,0.546153846153846,0.301465201465201,0,0.00238095238095238,0.0131868131868132,0.136813186813187
293273.411807,2778866.126422,0.68348623853211,0.0653211009174312,0,0.0231192660550459,0.0214678899082569,0.206605504587156
293773.411807,2778866.126422,0.409282700421941,0.00366905155017428,0,0.0267840763162722,0.0339387268391121,0.5263254448725
294273.411807,2778866.126422,0.391391941391941,0.000183150183150183,0,0.0192307692307692,0.0527472527472527,0.536446886446886
294773.411807,2778866.126422,0.391559633027523,0.02,0,0.0111926605504587,0.076697247706422,0.500550458715596
295273.411807,2778866.126422,0.116125481563016,0.00220143093010457,0,0.0554026784076316,0.266189689965144,0.560080719134104
295773.411807,2778866.126422,0.24047619047619,0.00952380952380952,0.00183150183150183,0.0461538461538462,0.207142857142857,0.494871794871795
296273.411807,2778866.126422,0.0422018348623853,0.00990825688073394,0.580366972477064,0.138165137614679,0.0510091743119266,0.178348623853211
296773.411807,2778866.126422,0.155384333149881,0.0152265639332233,0.185654008438819,0.196661163089341,0.113740598055403,0.333333333333333
297273.411807,2778866.126422,0.171611721611722,0.0626373626373626,0.00256410256410256,0.107692307692308,0.0967032967032967,0.558791208791209
297773.411807,2778866.126422,0.0251376146788991,0.0719266055045872,0.0414678899082569,0.0141284403669725,0.0818348623853211,0.765504587155963
298273.411807,2778866.126422,0.112272977435333,0.434048798385617,0.00330214639515685,0.0495321959273528,0.0379746835443038,0.362869198312236
298773.411807,2778866.126422,0.140659340659341,0.0426739926739927,0.00842490842490842,0.191941391941392,0.172527472527473,0.443772893772894
299273.411807,2778866.126422,0.267706422018349,0.068256880733945,0.0794495412844037,0.0785321100917431,0.0895412844036697,0.41651376146789
299773.411807,2778866.126422,0.157769216657494,0.409099247844432,0.00091726288754357,0.00110071546505228,0.00697119794533113,0.424142359200147
300273.411807,2778866.126422,0.084788029925187,0.223096105889123,0.00230193746403223,0.278726261269902,0.109150201419528,0.301937464032227
288273.411807,2778366.126422,0.247891455812248,0.0108177484415108,0,0.136046938027136,0.11954528786212,0.485698569856986
288773.411807,2778366.126422,0.406776556776557,0.0181318681318681,0,0.0236263736263736,0.0221611721611722,0.529304029304029
289273.411807,2778366.126422,0.704578754578755,0.000366300366300366,0,0.00970695970695971,0.0206959706959707,0.264652014652015
289773.411807,2778366.126422,0.538137147048038,0.0033003300330033,0.00055005500550055,0.0478547854785479,0.0403373670700403,0.36982031536487
290273.411807,2778366.126422,0.458058608058608,0.045970695970696,0,0.0192307692307692,0.0316849816849817,0.445054945054945
290773.411807,2778366.126422,0.562820512820513,0,0,0,0.00494505494505494,0.432234432234432
291273.411807,2778366.126422,0.505867253392006,0.00348368170150348,0.000183351668500183,0.0232856618995233,0.0256692335900257,0.441510817748442
291773.411807,2778366.126422,0.365934065934066,0.00183150183150183,0,0.0269230769230769,0.0542124542124542,0.551098901098901
292273.411807,2778366.126422,0.483150183150183,0.00934065934065934,0,0.023992673992674,0.0406593406593407,0.442857142857143
292773.411807,2778366.126422,0.336450311697836,0.22992299229923,0,0.114044737807114,0.111844517785112,0.207737440410708
293273.411807,2778366.126422,0.381868131868132,0.126923076923077,0,0.0827838827838828,0.0756410256410256,0.332783882783883
293773.411807,2778366.126422,0.58021978021978,0.000915750915750916,0,0.0184981684981685,0.0254578754578755,0.374908424908425
294273.411807,2778366.126422,0.459295929592959,0.0161349468280161,0,0.0174184085075174,0.0676567656765677,0.43949394939494
294773.411807,2778366.126422,0.326007326007326,0.0032967032967033,0,0.00567765567765568,0.0375457875457875,0.627472527472527
295273.411807,2778366.126422,0.135714285714286,0.0135531135531136,0.00622710622710623,0.00622710622710623,0.164102564102564,0.674175824175824
295773.411807,2778366.126422,0.114594792812615,0.00825082508250825,0.000916758342500917,0.0471213788045471,0.171617161716172,0.657499083241658
296273.411807,2778366.126422,0.14981684981685,0.0183150183150183,0.492307692307692,0.0558608058608059,0.0324175824175824,0.251282051282051
296773.411807,2778366.126422,0.104029304029304,0.0164835164835165,0.400549450549451,0.311355311355311,0.00567765567765568,0.161904761904762
297273.411807,2778366.126422,0.46039603960396,0.00403373670700403,0.138063806380638,0.011001100110011,0.00623395672900623,0.38027136046938
297773.411807,2778366.126422,0.27032967032967,0.0435897435897436,0.236813186813187,0.0119047619047619,0.000183150183150183,0.437179487179487
298273.411807,2778366.126422,0.119047619047619,0.0935897435897436,0.48040293040293,0.0146520146520147,0.0217948717948718,0.27051282051282
298773.411807,2778366.126422,0.0496883021635497,0.0366703337000367,0.382288228822882,0.0724239090575724,0.107994132746608,0.350935093509351
299273.411807,2778366.126422,0.106959706959707,0.0558608058608059,0.0913919413919414,0.0998168498168498,0.102930402930403,0.543040293040293
299773.411807,2778366.126422,0.0736263736263736,0.0159340659340659,0.345604395604396,0.0857142857142857,0.0763736263736264,0.402747252747253
300273.411807,2778366.126422,0.0687403993855607,0.0752688172043011,0.0552995391705069,0.259216589861751,0.097542242703533,0.443932411674347
288273.411807,2777866.126422,0.701484332050577,0.000366501740883269,0,0.00329851566794942,0.0128275609309144,0.282023089609676
288773.411807,2777866.126422,0.357313268489631,0.00165167920719398,0,0.0943292347219673,0.0653330886401175,0.48137272894109
289273.411807,2777866.126422,0.53585182468366,0.000366770584999083,0,0.00935264991747662,0.0139372822299652,0.440491472583899
289773.411807,2777866.126422,0.700201575957486,0.00164925783397471,0,0.011544804837823,0.0271211288253619,0.259483232545355
290273.411807,2777866.126422,0.697559185171591,0.00972655533125344,0,0.00789135621214902,0.0300972655533125,0.254725637731694
290773.411807,2777866.126422,0.595452044746011,0.000366770584999083,0,0.017604988079956,0.0447460113698881,0.341830185219145
291273.411807,2777866.126422,0.564229430089793,0.000733003481766538,0,0.0467289719626168,0.0472787245739417,0.341029869891882
291773.411807,2777866.126422,0.465039456781061,0.000367039823820885,0,0.0165167920719398,0.0185355111029547,0.499541200220224
292273.411807,2777866.126422,0.42417018155144,0.00110031175499725,0,0.0157711351549606,0.0212726939299468,0.537685677608656
292773.411807,2777866.126422,0.599596848085028,0.0344511636430273,0,0.0199743448781382,0.0199743448781382,0.326003298515668
293273.411807,2777866.126422,0.41090108276748,0.0198201504863278,0.012846393833731,0.14094329234722,0.125527619746743,0.289961460818499
293773.411807,2777866.126422,0.513478818998716,0.00788556757748029,0,0.059600220062351,0.0610673024023473,0.357968090959105
294273.411807,2777866.126422,0.347260399486898,0.0962067069818582,0,0.00641378046545721,0.0284038849184534,0.521715228147334
294773.411807,2777866.126422,0.547256377316939,0.158010644154891,0,0.0311983850247752,0.0489998164800881,0.214534777023307
295273.411807,2777866.126422,0.314139006051715,0.0430955437373923,0.000183385292499542,0.0462130937098845,0.160645516229598,0.435723454978911
295773.411807,2777866.126422,0.219168041048195,0.0293201392706615,0.042147700201576,0.193696170056808,0.149166208539491,0.366501740883269
296273.411807,2777866.126422,0,0.0124793540099101,0.55166085520279,0.305377133418976,0.0012846393833731,0.129198017984951
296773.411807,2777866.126422,0,0.00806895286997983,0.221529433339446,0.685127452778287,0.00165046763249587,0.0836236933797909
297273.411807,2777866.126422,0.070734835990471,0.0113615539673813,0.153014476818765,0.2398753894081,0.155946490745831,0.369067253069452
297773.411807,2777866.126422,0.126995779042026,0.0148651128647458,0.0959809139291613,0.176362635345935,0.147182969352175,0.438612589465957
298273.411807,2777866.126422,0.215477718686961,0.0124701998899688,0.00806895286997983,0.130570328259674,0.137172198789657,0.496240601503759
298773.411807,2777866.126422,0.137987905442551,0.0335349092908191,0.00201575957485798,0.121495327102804,0.138537658053876,0.566428440535093
299273.411807,2777866.126422,0.129381537896862,0.0133969535694623,0.000734079647641769,0.199669664158561,0.135437694989906,0.521380069737567
299773.411807,2777866.126422,0.129470016504676,0.0221896203924445,0.00293416467999266,0.307537135521731,0.138822666422153,0.399046396479002
300273.411807,2777866.126422,0.0742802303262956,0.0349328214971209,0.309404990403071,0.241458733205374,0.0710172744721689,0.268905950095969
288273.411807,2777366.126422,0.522893772893773,0.00274725274725275,0,0.1003663003663,0.0437728937728938,0.33021978021978
288773.411807,2777366.126422,0.271376146788991,0.0104587155963303,0,0.266788990825688,0.146788990825688,0.304587155963303
289273.411807,2777366.126422,0.518620436617134,0.0111906072280316,0,0.000183452577508714,0.00532012474775271,0.464685378829573
289773.411807,2777366.126422,0.865934065934066,0,0,0.00714285714285714,0.00201465201465201,0.124908424908425
290273.411807,2777366.126422,0.717614678899083,0.00440366972477064,0,0.00972477064220183,0.0247706422018349,0.24348623853211
290773.411807,2777366.126422,0.52926068611264,0.0143093010456797,0,0.166208035222895,0.0656760227481196,0.224545954870666
291273.411807,2777366.126422,0.469047619047619,0.0344322344322344,0.000183150183150183,0.172344322344322,0.0862637362637363,0.237728937728938
291773.411807,2777366.126422,0.507155963302752,0.00532110091743119,0,0.18605504587156,0.0943119266055046,0.207155963302752
292273.411807,2777366.126422,0.427261053017795,0,0,0.00201797835259585,0.00935608145294441,0.561364887176665
292773.411807,2777366.126422,0.433516483516484,0.0032967032967033,0.000732600732600733,0.00732600732600733,0.0177655677655678,0.537362637362637
293273.411807,2777366.126422,0.492110091743119,0.00073394495412844,0,0.0130275229357798,0.035045871559633,0.459082568807339
293773.411807,2777366.126422,0.400476976701523,0.00770500825536599,0.000183452577508714,0.22399559713814,0.104384516602458,0.263254448725005
294273.411807,2777366.126422,0.277655677655678,0.0963369963369963,0.000183150183150183,0.257692307692308,0.141941391941392,0.226190476190476
294773.411807,2777366.126422,0.311376146788991,0.114678899082569,0.00311926605504587,0.339816513761468,0.159266055045872,0.071743119266055
295273.411807,2777366.126422,0.144560631076867,0.0720968629609246,0.0163272793982755,0.477710511832691,0.137956338286553,0.151348376444689
295773.411807,2777366.126422,0.0628205128205128,0.0921245421245421,0.0556776556776557,0.293589743589744,0.139194139194139,0.356593406593407
296273.411807,2777366.126422,0,0,0.913394495412844,0.086605504587156,0,0
296773.411807,2777366.126422,0,0,0.449642267473858,0.550357732526142,0,0
297273.411807,2777366.126422,0,0,0.116300366300366,0.883699633699634,0,0
297773.411807,2777366.126422,0.0207339449541284,0.0036697247706422,0.125504587155963,0.771559633027523,0.0242201834862385,0.0543119266055046
298273.411807,2777366.126422,0.0480645753072831,0.0091726288754357,0.0972298660796184,0.594019445973216,0.0731975784259769,0.17831590533847
298773.411807,2777366.126422,0.0728937728937729,0.0100732600732601,0.0146520146520147,0.456959706959707,0.191208791208791,0.254212454212454
299273.411807,2777366.126422,0.16348623853211,0.0203669724770642,0.00330275229357798,0.187706422018349,0.171559633027523,0.453577981651376
299773.411807,2777366.126422,0.14125848468171,0.0293524124013942,0,0.13410383415887,0.121629058888277,0.573656209869749
300273.411807,2777366.126422,0.0890082486092461,0.0704009207749856,0.360636869365049,0.175139075388452,0.0757721081910608,0.229042777671207
288273.411807,2776866.126422,0.507700770077008,0.00165016501650165,0,0.0573890722405574,0.0223689035570224,0.410891089108911
288773.411807,2776866.126422,0.326923076923077,0.00641025641025641,0,0.235164835164835,0.120695970695971,0.310805860805861
289273.411807,2776866.126422,0.276556776556777,0.00805860805860806,0.0010989010989011,0.104212454212454,0.0714285714285714,0.538644688644689
289773.411807,2776866.126422,0.604143747708104,0.0055005500550055,0,0,0.00311697836450312,0.387238723872387
290273.411807,2776866.126422,0.585347985347985,0.00604395604395604,0,0.0172161172161172,0.0128205128205128,0.378571428571429
290773.411807,2776866.126422,0.166117216117216,0.0216117216117216,0.0010989010989011,0.27985347985348,0.134615384615385,0.396703296703297
291273.411807,2776866.126422,0.301613494682802,0.115144847818115,0.00348368170150348,0.223505683901724,0.134030069673634,0.222222222222222
291773.411807,2776866.126422,0.570695970695971,0.0194139194139194,0,0.152930402930403,0.0794871794871795,0.177472527472527
292273.411807,2776866.126422,0.495604395604396,0.0188644688644689,0,0.102197802197802,0.0741758241758242,0.309157509157509
292773.411807,2776866.126422,0.664283094976164,0.00366703337000367,0,0.0341034103410341,0.0443711037770444,0.253575357535754
293273.411807,2776866.126422,0.458424908424908,0.000183150183150183,0,0.0115384615384615,0.0294871794871795,0.5003663003663
293773.411807,2776866.126422,0.434615384615385,0.00293040293040293,0,0.0287545787545788,0.043040293040293,0.490659340659341
294273.411807,2776866.126422,0.4000733406674,0.0132013201320132,0,0.00256692335900257,0.00971763843050972,0.574440777411074
294773.411807,2776866.126422,0.251282051282051,0.196703296703297,0,0.0538461538461538,0.163186813186813,0.334981684981685
295273.411807,2776866.126422,0.277472527472527,0.167399267399267,0.0194139194139194,0.3,0.0912087912087912,0.144505494505494
295773.411807,2776866.126422,0.0685735240190686,0.048038137147048,0.092959295929593,0.140997433076641,0.0865419875320865,0.562889622295563
296273.411807,2776866.126422,0.0250915750915751,0.0184981684981685,0.234249084249084,0.0575091575091575,0.0534798534798535,0.611172161172161
296773.411807,2776866.126422,0.0615384615384615,0.0282051282051282,0.244139194139194,0.13974358974359,0.184798534798535,0.341575091575092
297273.411807,2776866.126422,0.0245691235790246,0.187752108544188,0.358085808580858,0.158049138247158,0.176567656765677,0.094976164283095
297773.411807,2776866.126422,0.104761904761905,0.245787545787546,0.162271062271062,0.0882783882783883,0.0412087912087912,0.357692307692308
298273.411807,2776866.126422,0.0406593406593407,0.0283882783882784,0.432967032967033,0.108608058608059,0.000732600732600733,0.388644688644689
298773.411807,2776866.126422,0,0.0066006600660066,0.35038503850385,0.599193252658599,0.00366703337000367,0.0401540154015402
299273.411807,2776866.126422,0.067032967032967,0.0252747252747253,0.0701465201465201,0.586080586080586,0.0833333333333333,0.168131868131868
299773.411807,2776866.126422,0.0950549450549451,0.0124542124542125,0.000732600732600733,0.332783882783883,0.199267399267399,0.35970695970696
300273.411807,2776866.126422,0.0535714285714286,0.0291858678955453,0.399961597542243,0.265168970814132,0.0408986175115207,0.211213517665131
288273.411807,2776366.126422,0.175554333883086,0.0584570276708814,0.00219901044529962,0.388675096206707,0.126809602345611,0.248304929448415
288773.411807,2776366.126422,0.17434391631492,0.234171407597724,0.000183519911910442,0.118186823270325,0.124793540099101,0.348320792806019
289273.411807,2776366.126422,0.0717036493673207,0.0570328259673574,0.0172382174949569,0.17604988079956,0.23583348615441,0.442141940216395
289773.411807,2776366.126422,0.144218435037566,0.00128275609309144,0,0.040131940626718,0.132490379329302,0.681876488913322
290273.411807,2776366.126422,0.683978711690218,0.00275279867865663,0,0.0187190310148651,0.0346852633510736,0.259864195265186
290773.411807,2776366.126422,0.471483587016321,0.0100861910874748,0.000366770584999083,0.102695763799743,0.126719237117183,0.288648450394278
291273.411807,2776366.126422,0.560381161810519,0.223932563679677,0,0.0711013377313542,0.0368334249587686,0.107751511819681
291773.411807,2776366.126422,0.694806386492934,0.279133786015783,0,0.00146815929528354,0.00513855753349238,0.0194531106625069
292273.411807,2776366.126422,0.517329910141207,0.0867412433522831,0.00128369704749679,0.125985695947185,0.10801393728223,0.160645516229598
292773.411807,2776366.126422,0.32178852849551,0.0447132123877588,0,0.255085211654755,0.140919919369617,0.237493128092358
293273.411807,2776366.126422,0.59350339511837,0.00330335841438796,0,0.0981831528720866,0.0453294182418792,0.259680675353276
293773.411807,2776366.126422,0.503759398496241,0.000733541169998166,0,0.00696864111498258,0.00513478818998716,0.483403631028791
294273.411807,2776366.126422,0.323804288070368,0.0168590800806304,0.00494777350192413,0.145501191130658,0.0883269195528679,0.420560747663551
294773.411807,2776366.126422,0.31528720866214,0.00679023674068636,0.00550559735731327,0.12846393833731,0.165718480455129,0.378234538447422
295273.411807,2776366.126422,0.0562992847973593,0.0568494406748579,0.0647350082523382,0.322024573629195,0.144874381074638,0.355217311571612
295773.411807,2776366.126422,0.00604727872457394,0.0368334249587686,0.1456844420011,0.0236393622869709,0.0344511636430273,0.75334432838556
296273.411807,2776366.126422,0.0372545421178198,0.0255092677555515,0.157276564507249,0.34428335474399,0.158194164066801,0.277482106808589
296773.411807,2776366.126422,0.0900421786172749,0.00916926462497708,0.000366770584999083,0.617641665138456,0.156427654502109,0.126352466532184
297273.411807,2776366.126422,0.0941909474070002,0.0373831775700935,0.0355506688656771,0.516584203774968,0.157778999450247,0.158512002932014
297773.411807,2776366.126422,0.0321159845843274,0.0124793540099101,0.0100935951550743,0.779042026059828,0.0976325931363553,0.0686364470545054
298273.411807,2776366.126422,0.0940766550522648,0.0117366587199707,0.00311754997249221,0.453878598936365,0.130753713552173,0.306436823766734
298773.411807,2776366.126422,0.0590067802822063,0.0133773135422393,0,0.296133406633681,0.127542605827378,0.503939893714495
299273.411807,2776366.126422,0.00403743806202973,0.00734079647641769,0.375665259680675,0.0579922921636998,0.0616626904019086,0.493301523215269
299773.411807,2776366.126422,0.01998899688245,0.00641848523748395,0.389693746561526,0.488538419218779,0.0539152759948652,0.0414450761048964
300273.411807,2776366.126422,0.0704414587332054,0.0182341650671785,0.081957773512476,0.463147792706334,0.217658349328215,0.148560460652591
288273.411807,2775866.126422,0.0256410256410256,0.118315018315018,0.0230769230769231,0.244139194139194,0.217582417582418,0.371245421245421
288773.411807,2775866.126422,0.0574311926605505,0.036697247706422,0.00532110091743119,0.468440366972477,0.224036697247706,0.208073394495413
289273.411807,2775866.126422,0.324894514767932,0.064758759860576,0.00110071546505228,0.176114474408365,0.12126215373326,0.311869381764814
289773.411807,2775866.126422,0.222161172161172,0.0214285714285714,0,0.0276556776556777,0.0826007326007326,0.646153846153846
290273.411807,2775866.126422,0.52348623853211,0.0185321100917431,0.00018348623853211,0.172844036697248,0.035045871559633,0.249908256880734
290773.411807,2775866.126422,0.105118326912493,0.0155934690882407,0,0.542652724270776,0.136305265088975,0.200330214639516
291273.411807,2775866.126422,0.502747252747253,0.0756410256410256,0,0.122893772893773,0.0695970695970696,0.229120879120879
291773.411807,2775866.126422,0.788623853211009,0.141467889908257,0,0.0308256880733945,0.0106422018348624,0.0284403669724771
292273.411807,2775866.126422,0.822968262704091,0.0266006237387635,0,0.0271509814712897,0.0277013392038158,0.09557879288204
292773.411807,2775866.126422,0.656227106227106,0.00805860805860806,0.000366300366300366,0.122344322344322,0.0659340659340659,0.147069597069597
293273.411807,2775866.126422,0.206422018348624,0.0315596330275229,0.0055045871559633,0.4,0.210642201834862,0.145871559633028
293773.411807,2775866.126422,0.207117960007338,0.0332049165290772,0.00495321959273528,0.366354797284902,0.160337552742616,0.228031553843331
294273.411807,2775866.126422,0.298168498168498,0.00494505494505494,0.0021978021978022,0.121794871794872,0.0686813186813187,0.504212454212454
294773.411807,2775866.126422,0.0689908256880734,0.0761467889908257,0.0365137614678899,0.570642201834862,0.14697247706422,0.100733944954128
295273.411807,2775866.126422,0.0460465969546872,0.111172261970281,0.170610897083104,0.144744083654375,0.081452944413869,0.445973215923684
295773.411807,2775866.126422,0.00934065934065934,0.0353479853479853,0.291025641025641,0.0529304029304029,0.093040293040293,0.518315018315018
296273.411807,2775866.126422,0.0486238532110092,0.044954128440367,0.0796330275229358,0.690642201834862,0.093394495412844,0.0427522935779817
296773.411807,2775866.126422,0.0799853237937993,0.0755824619335902,0.08273711245643,0.489634929370758,0.152815997064759,0.119244175380664
297273.411807,2775866.126422,0.0994505494505494,0.0316849816849817,0.0153846153846154,0.601282051282051,0.131868131868132,0.12032967032967
297773.411807,2775866.126422,0.0403669724770642,0.0256880733944954,0.0332110091743119,0.807889908256881,0.0801834862385321,0.0126605504587156
298273.411807,2775866.126422,0.0491652907723353,0.0260502660062374,0.00642084021280499,0.67767382131719,0.112089524857824,0.128600256833609
298773.411807,2775866.126422,0.0518315018315018,0.0210622710622711,0.0467032967032967,0.656227106227106,0.152564102564103,0.0716117216117216
299273.411807,2775866.126422,0.0730275229357798,0.141284403669725,0.0968807339449541,0.285137614678899,0.154862385321101,0.248807339449541
299773.411807,2775866.126422,0.020546688680976,0.0344890845716382,0.253531462117043,0.137772885709044,0.0957622454595487,0.45789763346175
300273.411807,2775866.126422,0.0115096873201611,0.00824860924611548,0.262612699021677,0.670055630155381,0.0253213121043545,0.0222520621523115
288273.411807,2775366.126422,0.0674734140080675,0.11972863953062,0.0685735240190686,0.338467180051338,0.178584525119179,0.227172717271727
288773.411807,2775366.126422,0.0465201465201465,0.0432234432234432,0.0126373626373626,0.392124542124542,0.197619047619048,0.307875457875458
289273.411807,2775366.126422,0.287545787545788,0.0324175824175824,0.00787545787545788,0.176556776556777,0.302930402930403,0.192673992673993
289773.411807,2775366.126422,0.48019801980198,0.0335533553355336,0.0011001100110011,0.0702236890355702,0.112394572790612,0.302530253025303
290273.411807,2775366.126422,0.396886446886447,0.0879120879120879,0.00293040293040293,0.168131868131868,0.0641025641025641,0.28003663003663
290773.411807,2775366.126422,0.108791208791209,0.0304029304029304,0.00146520146520147,0.577289377289377,0.115018315018315,0.167032967032967
291273.411807,2775366.126422,0.55023835716905,0.0033003300330033,0.000183351668500183,0.227722772277228,0.0595892922625596,0.158965896589659
291773.411807,2775366.126422,0.576373626373626,0.00586080586080586,0.000183150183150183,0.10989010989011,0.0945054945054945,0.213186813186813
292273.411807,2775366.126422,0.551282051282051,0.0102564102564103,0,0.0705128205128205,0.0424908424908425,0.325457875457875
292773.411807,2775366.126422,0.693986065273194,0.000733406674000733,0,0.022002200220022,0.0126512651265127,0.270627062706271
293273.411807,2775366.126422,0.645054945054945,0.0043956043956044,0,0.036996336996337,0.0293040293040293,0.284249084249084
293773.411807,2775366.126422,0.280952380952381,0.0175824175824176,0.00421245421245421,0.417948717948718,0.107875457875458,0.171428571428571
294273.411807,2775366.126422,0.0517051705170517,0.0394206087275394,0.00953428676200953,0.713604693802714,0.114228089475614,0.0715071507150715
294773.411807,2775366.126422,0.0249084249084249,0.145970695970696,0.108058608058608,0.53021978021978,0.114102564102564,0.0767399267399267
295273.411807,2775366.126422,0.0388278388278388,0.0384615384615385,0.060989010989011,0.110805860805861,0.0600732600732601,0.690842490842491
295773.411807,2775366.126422,0.015951595159516,0.0276861019435277,0.277044371103777,0.124862486248625,0.124495782911624,0.42995966263293
296273.411807,2775366.126422,0.0646520146520147,0.0225274725274725,0.0487179487179487,0.73040293040293,0.10018315018315,0.0335164835164835
296773.411807,2775366.126422,0.0576923076923077,0.0441391941391941,0.0564102564102564,0.664102564102564,0.124542124542125,0.0531135531135531
297273.411807,2775366.126422,0.0925925925925926,0.0363036303630363,0.0355702236890356,0.582324899156582,0.156215621562156,0.096993032636597
297773.411807,2775366.126422,0.125457875457875,0.0593406593406593,0.0357142857142857,0.527289377289377,0.143772893772894,0.108424908424908
298273.411807,2775366.126422,0.0434065934065934,0.0265567765567766,0.0133699633699634,0.844871794871795,0.0582417582417582,0.0135531135531136
298773.411807,2775366.126422,0.112577924459113,0.0885588558855886,0.0740740740740741,0.565456545654565,0.1001100110011,0.0592225889255592
299273.411807,2775366.126422,0.14047619047619,0.12967032967033,0.0657509157509158,0.374175824175824,0.146153846153846,0.143772893772894
299773.411807,2775366.126422,0.133882783882784,0.084981684981685,0.0397435897435897,0.515567765567766,0.0820512820512821,0.143772893772894
300273.411807,2775366.126422,0.0324500768049155,0.0393625192012289,0.40668202764977,0.209485407066052,0.0698924731182796,0.242127496159754
288273.411807,2774866.126422,0.0941909474070002,0.124060839288987,0.0588235294117647,0.441084845153014,0.147516950705516,0.134322888033718
288773.411807,2774866.126422,0.0801982015048633,0.0396403009726555,0.0165167920719398,0.462653697926225,0.217838135437695,0.183152872086621
289273.411807,2774866.126422,0.12781954887218,0.0269576379974326,0.0130203557674674,0.464331560608839,0.198789657069503,0.169081239684577
289773.411807,2774866.126422,0.520249221183801,0.0174088326919553,0.00568077698369067,0.113982041414697,0.122778083195895,0.219901044529962
290273.411807,2774866.126422,0.225729491649844,0.0600110111947146,0.00367039823820885,0.496788401541567,0.12864745824922,0.0851532391264452
290773.411807,2774866.126422,0.473684210526316,0.00605171465248487,0.00201723821749496,0.202824133504493,0.120667522464698,0.194755180634513
291273.411807,2774866.126422,0.644126809602346,0.00256551218618288,0,0.130841121495327,0.0443467106468756,0.178119846069269
291773.411807,2774866.126422,0.804000734079648,0.000367039823820885,0,0.0108276748027161,0.0110111947146265,0.173793356579189
292273.411807,2774866.126422,0.542453695213644,0.00146708233999633,0,0.0304419585549239,0.0146708233999633,0.410966440491473
292773.411807,2774866.126422,0.407916437603079,0.000183250870441635,0,0.0335349092908191,0.0302363936228697,0.528129008612791
293273.411807,2774866.126422,0.80088089557717,0.00311983850247752,0,0.00367039823820885,0.0132134336575518,0.179115434024592
293773.411807,2774866.126422,0.451127819548872,0.0198056115899505,0.00880249403997799,0.130937098844673,0.137538969374656,0.251788006601871
294273.411807,2774866.126422,0.0535092541689573,0.0425142019424592,0.0317024005864028,0.623969213853766,0.121861828843687,0.126443100604728
294773.411807,2774866.126422,0.0609286107542668,0.0655166085520279,0.0277115066984768,0.590750596439714,0.123692420627638,0.131400256927877
295273.411807,2774866.126422,0.066018705299835,0.0869246286447827,0.00953603520997616,0.226480836236934,0.0729873464148175,0.538052448193655
295773.411807,2774866.126422,0.0320689023272861,0.0533260032985157,0.125893347993403,0.0850284038849184,0.0894264247755177,0.614256917720359
296273.411807,2774866.126422,0.0212883097816113,0.0401908607083869,0.0192695907505964,0.760873554780694,0.114149385208295,0.0442282987704166
296773.411807,2774866.126422,0.0242068586099395,0.0121034293049697,0.0150375939849624,0.88391710984779,0.0590500641848524,0.00568494406748579
297273.411807,2774866.126422,0.0317024005864028,0.0267546270844787,0.00678028220634048,0.847901777533443,0.0696353307678211,0.0172255818215137
297773.411807,2774866.126422,0.0594604514589833,0.0161497522481189,0.0201871903101487,0.80088089557717,0.0888236373646541,0.0144980730409249
298273.411807,2774866.126422,0.0566660553823583,0.0245736291949386,0.0198056115899505,0.763616357968091,0.0788556757748029,0.0564826700898588
298773.411807,2774866.126422,0.0604727872457394,0.0168590800806304,0.0124610591900312,0.845702767088144,0.0487447315374748,0.0157595748579806
299273.411807,2774866.126422,0.0346852633510736,0.0244081482840888,0.0104606349788952,0.877592218755735,0.0434942191227748,0.00935951550743256
299773.411807,2774866.126422,0.0662020905923345,0.0229231615624427,0.0203557674674491,0.762699431505593,0.0834403080872914,0.044379240784889
300273.411807,2774866.126422,0.0633397312859885,0.0410748560460653,0.0255278310940499,0.607293666026871,0.120729366602687,0.142034548944338
288273.411807,2774366.126422,0.0904761904761905,0.152380952380952,0.0184981684981685,0.264468864468864,0.178388278388278,0.295787545787546
288773.411807,2774366.126422,0.0906422018348624,0.0515596330275229,0.0247706422018349,0.444220183486239,0.185504587155963,0.203302752293578
289273.411807,2774366.126422,0.0807191341038342,0.0304531278664465,0.0152265639332233,0.602825169693634,0.181618051733627,0.089157952669235
289773.411807,2774366.126422,0.0496336996336996,0.0351648351648352,0.00531135531135531,0.63956043956044,0.158424908424908,0.111904761904762
290273.411807,2774366.126422,0.184220183486239,0.0119266055045872,0.00128440366972477,0.562752293577982,0.14,0.0998165137614679
290773.411807,2774366.126422,0.401394239589066,0.00568702990277013,0.000366905155017428,0.378279214822968,0.0953953403045313,0.118877270225647
291273.411807,2774366.126422,0.582600732600733,0.000915750915750916,0,0.0864468864468864,0.0326007326007326,0.297435897435897
291773.411807,2774366.126422,0.697798165137615,0.00073394495412844,0,0.0328440366972477,0.041651376146789,0.22697247706422
292273.411807,2774366.126422,0.323243441570354,0.00678774536782242,0.000550357732526142,0.211704274445056,0.0708126949183636,0.386901485965878
292773.411807,2774366.126422,0.253479853479853,0.000366300366300366,0.000549450549450549,0.0578754578754579,0.0659340659340659,0.621794871794872
293273.411807,2774366.126422,0.687522935779816,0.000917431192660551,0,0.0198165137614679,0.0242201834862385,0.267522935779817
293773.411807,2774366.126422,0.286002568336085,0.0196294257934324,0.00697119794533113,0.345808108603926,0.170610897083104,0.170977802238121
294273.411807,2774366.126422,0.157326007326007,0.0617216117216117,0.0144688644688645,0.427106227106227,0.0901098901098901,0.249267399267399
294773.411807,2774366.126422,0.131009174311927,0.18954128440367,0.00880733944954129,0.355045871559633,0.0994495412844037,0.216146788990826
295273.411807,2774366.126422,0.108787378462667,0.298477343606678,0.00091726288754357,0.24821133736929,0.094294624839479,0.249312052834342
295773.411807,2774366.126422,0.0285714285714286,0.0358974358974359,0.0406593406593407,0.0322344322344322,0.0245421245421245,0.838095238095238
296273.411807,2774366.126422,0.0625688073394495,0.013394495412844,0.0205504587155963,0.489357798165138,0.136330275229358,0.277798165137615
296773.411807,2774366.126422,0.0418271876719868,0.0410933773619519,0.0482480278847918,0.655659512016144,0.0944780774169877,0.118693817648138
297273.411807,2774366.126422,0.0419413919413919,0.0342490842490843,0.0342490842490843,0.781684981684982,0.0754578754578755,0.0324175824175824
297773.411807,2774366.126422,0.0561467889908257,0.00678899082568807,0.00036697247706422,0.725504587155963,0.107522935779817,0.103669724770642
298273.411807,2774366.126422,0.0598055402678408,0.0385250412768299,0.00403595670519171,0.79600073381031,0.0717299578059072,0.0299027701339204
298773.411807,2774366.126422,0.0608058608058608,0.0355311355311355,0.00824175824175824,0.767765567765568,0.0736263736263736,0.054029304029304
299273.411807,2774366.126422,0.0422018348623853,0.0304587155963303,0.0222018348623853,0.778899082568807,0.0924770642201835,0.0337614678899083
299773.411807,2774366.126422,0.0924600990643919,0.0491652907723353,0.0297193175564117,0.648137956338287,0.0875068794716566,0.093010456796918
300273.411807,2774366.126422,0.12641473239977,0.0377901400345291,0.036639171302513,0.631690005754844,0.084212545559179,0.0832534049491655
288273.411807,2773866.126422,0.299413274660799,0.081041437477081,0.0236523652365237,0.149431609827649,0.144297763109644,0.302163549688302
288773.411807,2773866.126422,0.211172161172161,0.0379120879120879,0.00476190476190476,0.295970695970696,0.212820512820513,0.237362637362637
289273.411807,2773866.126422,0.0434065934065934,0.0866300366300366,0.0141025641025641,0.283333333333333,0.258974358974359,0.313553113553114
289773.411807,2773866.126422,0.564906490649065,0.0077007700770077,0.00201686835350202,0.0823248991565823,0.101943527686102,0.241107444077741
290273.411807,2773866.126422,0.438827838827839,0.0137362637362637,0.000549450549450549,0.0822344322344322,0.13021978021978,0.334432234432234
290773.411807,2773866.126422,0.808241758241758,0.000732600732600733,0,0.00659340659340659,0.0131868131868132,0.171245421245421
291273.411807,2773866.126422,0.781811514484782,0.0022002200220022,0,0.0306197286395306,0.0326365969930326,0.152731939860653
291773.411807,2773866.126422,0.668498168498168,0.00201465201465201,0.000183150183150183,0.0153846153846154,0.0452380952380952,0.268681318681319
292273.411807,2773866.126422,0.555311355311355,0.000549450549450549,0,0.13021978021978,0.0708791208791209,0.243040293040293
292773.411807,2773866.126422,0.769343601026769,0.00183351668500183,0,0.0568390172350568,0.0467546754675468,0.125229189585625
293273.411807,2773866.126422,0.393956043956044,0.0186813186813187,0.0282051282051282,0.208608058608059,0.148534798534799,0.202014652014652
293773.411807,2773866.126422,0.125824175824176,0.017032967032967,0.0173992673992674,0.614835164835165,0.151282051282051,0.0736263736263736
294273.411807,2773866.126422,0.202786945361203,0.136230289695636,0.00825082508250825,0.293546021268794,0.119361936193619,0.23982398239824
294773.411807,2773866.126422,0.200915750915751,0.108241758241758,0.0168498168498168,0.430952380952381,0.10970695970696,0.133333333333333
295273.411807,2773866.126422,0.0593406593406593,0.137179487179487,0.136813186813187,0.424542124542125,0.0741758241758242,0.167948717948718
295773.411807,2773866.126422,0.0557389072240557,0.0663733039970664,0.138797213054639,0.373487348734873,0.0691235790245691,0.296479647964796
296273.411807,2773866.126422,0.0228937728937729,0.0505494505494506,0.065018315018315,0.11025641025641,0.147985347985348,0.603296703296703
296773.411807,2773866.126422,0.0152014652014652,0.0043956043956044,0.0032967032967033,0.52967032967033,0.157326007326007,0.29010989010989
297273.411807,2773866.126422,0.0716905023835717,0.0276861019435277,0.0165016501650165,0.683718371837184,0.109460946094609,0.0909424275760909
297773.411807,2773866.126422,0.0987179487179487,0.0293040293040293,0.0485347985347985,0.671062271062271,0.0941391941391941,0.0582417582417582
298273.411807,2773866.126422,0.0503663003663004,0.028021978021978,0.0214285714285714,0.805860805860806,0.0604395604395604,0.0338827838827839
298773.411807,2773866.126422,0.0383204987165383,0.0177851118445178,0.0122845617895123,0.873854052071874,0.0357535753575358,0.022002200220022
299273.411807,2773866.126422,0.125824175824176,0.0423076923076923,0.021978021978022,0.611721611721612,0.100549450549451,0.0976190476190476
299773.411807,2773866.126422,0.0404761904761905,0.036996336996337,0.023992673992674,0.800915750915751,0.0730769230769231,0.0245421245421245
