"x","y","forest","agri","water","built","other","grass"
167273.411807,2530366.126422,0.0431271792989539,0.180583593319875,0.0754266837951918,0.464121857221509,0.077995962561938,0.158744723802533
167773.411807,2530366.126422,0.0777553640198056,0.301485420869246,0.0491472583898771,0.233632862644416,0.0733541169998166,0.264624977076838
168273.411807,2530366.126422,0.00311526479750779,0.16932380428807,0.417445482866044,0.293201392706615,0.0194245922668133,0.0974894630749496
168773.411807,2530366.126422,0,0.000734079647641769,0.451091943475867,0.547990456964581,0.000183519911910442,0
169273.411807,2530366.126422,0.130020172382175,0.261507427104346,0.0924261874197689,0.327159361819182,0.0669356317623327,0.121951219512195
169773.411807,2530366.126422,0.0274876305662452,0.259483232545355,0.187648891332234,0.34304562946674,0.0593732820230896,0.122961334066337
170273.411807,2530366.126422,0.04147550009176,0.26555331253441,0.254358597907873,0.172141677371995,0.0959809139291613,0.170489998164801
170773.411807,2530366.126422,0.0498807995598753,0.269026224096827,0.130570328259674,0.0739042728773152,0.0636346964973409,0.412983678708968
171273.411807,2530366.126422,0.0940076965365585,0.200476452263148,0.0205240974894631,0.103719992669965,0.0793476269012278,0.501924134139637
171773.411807,2530366.126422,0.185905670765278,0.0592769315470729,0,0.326114883464856,0.0822169205358781,0.346485593686915
172273.411807,2530366.126422,0.205758298184486,0.49202273977627,0,0,0.00385109114249037,0.298367870896754
172773.411807,2530366.126422,0.284763172912307,0.205630587787712,0,0.000570667681186989,0.0582081034810729,0.450827468137721
167273.411807,2529866.126422,0.0299082568807339,0.114128440366972,0.459266055045872,0.330642201834862,0.021651376146789,0.0444036697247706
167773.411807,2529866.126422,0.0398092093193909,0.292056503393873,0.108237020730141,0.397358282883875,0.0581544670702623,0.104384516602458
168273.411807,2529866.126422,0.0265567765567766,0.122893772893773,0.568681318681319,0.16025641025641,0.0412087912087912,0.0804029304029304
168773.411807,2529866.126422,0.0073394495412844,0.035045871559633,0.303119266055046,0.638348623853211,0.00458715596330275,0.0115596330275229
169273.411807,2529866.126422,0,0.117226197028068,0.522656393322326,0.299027701339204,0.0394423041643735,0.0216474041460283
169773.411807,2529866.126422,0.0108058608058608,0.153479853479853,0.377655677655678,0.391575091575092,0.0366300366300366,0.0298534798534799
170273.411807,2529866.126422,0.0256880733944954,0.185321100917431,0.440550458715596,0.0732110091743119,0.0519266055045872,0.223302752293578
170773.411807,2529866.126422,0.205283434232251,0.190240322876536,0.0566868464501926,0.0306365804439552,0.0717299578059072,0.445422858191158
171273.411807,2529866.126422,0.111172161172161,0.136813186813187,0.00604395604395604,0.0538461538461538,0.134615384615385,0.557509157509158
171773.411807,2529866.126422,0.0741284403669725,0.320917431192661,0,0.184770642201835,0.0715596330275229,0.348623853211009
172273.411807,2529866.126422,0.0278847917813245,0.326178682810494,0,0.00476976701522656,0.0328380113740598,0.608328747018896
172773.411807,2529866.126422,0.220722433460076,0.114448669201521,0,0.000760456273764259,0.0395437262357414,0.624524714828897
167273.411807,2529366.126422,0.026007326007326,0.126923076923077,0.583333333333333,0.114285714285714,0.0435897435897436,0.105860805860806
167773.411807,2529366.126422,0.000732600732600733,0.0305860805860806,0.454578754578755,0.464102564102564,0.00622710622710623,0.0437728937728938
168273.411807,2529366.126422,0,0.00513384671800513,0.596076274294096,0.398056472313898,0.000733406674000733,0
168773.411807,2529366.126422,0.0236263736263736,0.125457875457875,0.446703296703297,0.315934065934066,0.0287545787545788,0.0595238095238095
169273.411807,2529366.126422,0.00677655677655678,0.20989010989011,0.365934065934066,0.290842490842491,0.043040293040293,0.0835164835164835
169773.411807,2529366.126422,0.0102676934360103,0.0696736340300697,0.640997433076641,0.224239090575724,0.0280528052805281,0.0267693436010268
170273.411807,2529366.126422,0.00421245421245421,0.0864468864468864,0.504212454212454,0.289010989010989,0.0741758241758242,0.0419413919413919
170773.411807,2529366.126422,0.107142857142857,0.166849816849817,0.0157509157509158,0.245787545787546,0.117399267399267,0.347069597069597
171273.411807,2529366.126422,0.154382104877154,0.191785845251192,0.0146681334800147,0.041987532086542,0.0394206087275394,0.557755775577558
171773.411807,2529366.126422,0.0992673992673993,0.268315018315018,0,0.0122710622710623,0.0195970695970696,0.600549450549451
172273.411807,2529366.126422,0.0377289377289377,0.287179487179487,0,0.000732600732600733,0.0335164835164835,0.640842490842491
172773.411807,2529366.126422,0.0694708793300343,0.158926532165969,0,0.0430148458317472,0.107917776931861,0.620669965740388
167273.411807,2528866.126422,0.0890071572765645,0.287392182051753,0.175445035786383,0.307762892273812,0.0163332721600294,0.124059460451459
167773.411807,2528866.126422,0.18815331010453,0.234916559691913,0.0232899321474418,0.264991747661838,0.039611223179901,0.249037227214377
168273.411807,2528866.126422,0.0166758292101887,0.0679860729338464,0.764889133223383,0.108118013560564,0.0128275609309144,0.0295033901411032
168773.411807,2528866.126422,0.00110111947146265,0.0326665443200587,0.595889153973206,0.351257111396587,0.0178014314553129,0.0012846393833731
169273.411807,2528866.126422,0.0209059233449477,0.108747478452228,0.509811113148726,0.224646983311938,0.0568494406748579,0.0790390610673024
169773.411807,2528866.126422,0.03811618105186,0.113982041414697,0.636247022173355,0.111416529228514,0.0447132123877588,0.0555250137438153
170273.411807,2528866.126422,0.0359699027344467,0.0868049183336392,0.334740319324647,0.31124977060011,0.11616810423931,0.115066984767847
170773.411807,2528866.126422,0.0537318907023657,0.0872913992297818,0,0.340363102879149,0.190170548322025,0.328443058866679
171273.411807,2528866.126422,0.110683525746747,0.143668682426242,0.0188748396554884,0.111416529228514,0.105735752244823,0.509620670698186
171773.411807,2528866.126422,0.0926775555147734,0.180767113231786,0.0196366305744173,0.0805652413286842,0.102404110846027,0.523949348504313
172273.411807,2528866.126422,0.0929763432972676,0.1199339812947,0,0.249403997799376,0.155327342747112,0.382358334861544
172773.411807,2528866.126422,0.0606809967662165,0.134677572760129,0,0.0901654936275442,0.105383298459197,0.609092638386913
167273.411807,2528366.126422,0.016697247706422,0.155963302752294,0.342752293577982,0.450642201834862,0.00385321100917431,0.0300917431192661
167773.411807,2528366.126422,0.136672170243992,0.211704274445056,0.00146762062006971,0.524857824252431,0.0366905155017428,0.0886075949367089
168273.411807,2528366.126422,0.0686813186813187,0.199084249084249,0.288095238095238,0.272161172161172,0.0573260073260073,0.114652014652015
168773.411807,2528366.126422,0,0.166238532110092,0.643853211009174,0.15302752293578,0.018348623853211,0.0185321100917431
169273.411807,2528366.126422,0.00476976701522656,0.0842047330764997,0.55347642634379,0.324894514767932,0.017978352595854,0.0146762062006971
169773.411807,2528366.126422,0.0153846153846154,0.135164835164835,0.550549450549451,0.176739926739927,0.0558608058608059,0.0663003663003663
170273.411807,2528366.126422,0.0264220183486239,0.115229357798165,0.450091743119266,0.195045871559633,0.096697247706422,0.11651376146789
170773.411807,2528366.126422,0.140891579526692,0.140708126949184,0.00165107319757843,0.0599889928453495,0.184553292973766,0.47220693450743
171273.411807,2528366.126422,0.0769230769230769,0.221062271062271,0.0194139194139194,0.00677655677655678,0.0450549450549451,0.630769230769231
171773.411807,2528366.126422,0.0344954128440367,0.188990825688073,0.18605504587156,0.180917431192661,0.101100917431193,0.308440366972477
172273.411807,2528366.126422,0.0667767382131719,0.233718583746102,0,0.0638414969730325,0.144377178499358,0.491286002568336
172773.411807,2528366.126422,0.041254752851711,0.254372623574144,0,0.0241444866920152,0.0988593155893536,0.581368821292776
167773.411807,2527866.126422,0.116300366300366,0.282600732600733,0.0769230769230769,0.229304029304029,0.0655677655677656,0.229304029304029
168273.411807,2527866.126422,0.0650898423175651,0.156949028236157,0.181701503483682,0.46956362302897,0.0451045104510451,0.0815914924825816
168773.411807,2527866.126422,0.00421245421245421,0.405128205128205,0.257326007326007,0.210989010989011,0.0243589743589744,0.097985347985348
169273.411807,2527866.126422,0,0.0683150183150183,0.807142857142857,0.0935897435897436,0.00384615384615385,0.0271062271062271
169773.411807,2527866.126422,0.0033003300330033,0.0793912724605794,0.574257425742574,0.304730473047305,0.0275027502750275,0.0108177484415108
170273.411807,2527866.126422,0.00512820512820513,0.0906593406593407,0.501831501831502,0.316300366300366,0.0573260073260073,0.0287545787545788
170773.411807,2527866.126422,0.0644688644688645,0.183699633699634,0.00842490842490842,0.1996336996337,0.182783882783883,0.360989010989011
171273.411807,2527866.126422,0.0506050605060506,0.148698203153649,0,0.0267693436010268,0.0781078107810781,0.695819581958196
171773.411807,2527866.126422,0.0355311355311355,0.15,0,0.0582417582417582,0.0492673992673993,0.706959706959707
172273.411807,2527866.126422,0.0243589743589744,0.156776556776557,0.000732600732600733,0.466117216117216,0.0967032967032967,0.255311355311355
172773.411807,2527866.126422,0.0671869052150742,0.0904073087171679,0,0.438523030072326,0.165017129805862,0.23886562618957
167773.411807,2527366.126422,0.0568494406748579,0.129836787089675,0.351182835136622,0.393361452411517,0.0161379057399597,0.0526315789473684
168273.411807,2527366.126422,0.0185083379146051,0.140003665017409,0.140919919369617,0.631299248671431,0.0320689023272861,0.0371999266996518
168773.411807,2527366.126422,0.000734079647641769,0.0387227014131033,0.00697375665259681,0.93778674986236,0.0108276748027161,0.00495503762158194
169273.411807,2527366.126422,0.000550155877498625,0.130937098844673,0.487071336878782,0.33596185585916,0.0102695763799743,0.035209976159912
169773.411807,2527366.126422,0.00494777350192413,0.0689023272860546,0.657320872274143,0.236027121128825,0.0159428257284222,0.0168590800806304
170273.411807,2527366.126422,0.0238575885483575,0.0924940356028629,0.594788034501743,0.198568544687099,0.0256927876674619,0.0645990089924757
170773.411807,2527366.126422,0.0355767467449111,0.101595452044746,0.244635980194388,0.232349165596919,0.158444892719604,0.227397762699432
171273.411807,2527366.126422,0.153197727689207,0.0690855781564962,0,0.0602895363752978,0.176653839105736,0.540773318673264
171773.411807,2527366.126422,0.0719398054688934,0.156175445035786,0,0.0306478252890439,0.0812993209763259,0.65993760322995
172273.411807,2527366.126422,0.0485971025123785,0.188520080689529,0,0.335778470566661,0.183568677792041,0.243535668439391
172773.411807,2527366.126422,0.0859805972988396,0.115845539280959,0,0.218755944455012,0.127258892904698,0.452159026060491
168273.411807,2526866.126422,0.0206959706959707,0.21043956043956,0.146153846153846,0.464835164835165,0.0386446886446886,0.119230769230769
168773.411807,2526866.126422,0.0055045871559633,0.299633027522936,0.098348623853211,0.500183486238532,0.0148623853211009,0.0814678899082569
169273.411807,2526866.126422,0.002568336085122,0.0429279031370391,0.0110071546505228,0.924050632911392,0.0150431113557145,0.00440286186020914
169773.411807,2526866.126422,0.00732600732600733,0.0913919413919414,0.401831501831502,0.432417582417582,0.0344322344322344,0.0326007326007326
170273.411807,2526866.126422,0.00036697247706422,0.0313761467889908,0.706422018348624,0.233761467889908,0.018348623853211,0.00972477064220183
170773.411807,2526866.126422,0.0610897083104018,0.128233351678591,0.451660245826454,0.11410750321042,0.0486149330398092,0.196294257934324
171273.411807,2526866.126422,0.184798534798535,0.14010989010989,0.036996336996337,0.0223443223443223,0.0553113553113553,0.56043956043956
171773.411807,2526866.126422,0.0680733944954128,0.329908256880734,0,0.00568807339449541,0.0187155963302752,0.577614678899083
172273.411807,2526866.126422,0.0682443588332416,0.113557145477894,0,0.259952302329848,0.198862594019446,0.359383599339571
172773.411807,2526866.126422,0.0817490494296578,0.0519011406844106,0,0.343726235741445,0.0840304182509506,0.438593155893536
168273.411807,2526366.126422,0.0172350568390172,0.198936560322699,0.423359002566923,0.2002200220022,0.0537220388705537,0.106527319398607
168773.411807,2526366.126422,0.0661172161172161,0.193956043956044,0.246886446886447,0.293956043956044,0.0250915750915751,0.173992673992674
169273.411807,2526366.126422,0.0252747252747253,0.141208791208791,0.296153846153846,0.400549450549451,0.0379120879120879,0.0989010989010989
169773.411807,2526366.126422,0.0066006600660066,0.164283094976164,0.446094609460946,0.329299596626329,0.0333700036670334,0.0203520352035204
170273.411807,2526366.126422,0.0553113553113553,0.210989010989011,0.349450549450549,0.242124542124542,0.0501831501831502,0.0919413919413919
170773.411807,2526366.126422,0.0468864468864469,0.147252747252747,0.446153846153846,0.208608058608059,0.0637362637362637,0.0873626373626374
171273.411807,2526366.126422,0.151631829849652,0.13953061972864,0.188668866886689,0.227539420608728,0.111294462779611,0.181334800146681
171773.411807,2526366.126422,0.0840659340659341,0.183882783882784,0.000915750915750916,0.171978021978022,0.133882783882784,0.425274725274725
172273.411807,2526366.126422,0.0503663003663004,0.111172161172161,0,0.510805860805861,0.143406593406593,0.184249084249084
172773.411807,2526366.126422,0.21602588503997,0.102778835173201,0,0.100304529881995,0.153597259231062,0.427293490673772
168773.411807,2525866.126422,0.00110111947146265,0.102404110846027,0.382088456597541,0.471279133786016,0.0222059093411635,0.0209212699577904
169273.411807,2525866.126422,0.00385109114249037,0.0920594168347699,0.492206125068769,0.390977443609023,0.0159545204474601,0.00495140289748762
169773.411807,2525866.126422,0.0175920835623969,0.127176104086494,0.52354773685175,0.230529595015576,0.0163093274693055,0.0848451530144768
170273.411807,2525866.126422,0.030280785465223,0.133786015782712,0.487428886034135,0.202605982749128,0.0530372545421178,0.0928610754266838
170773.411807,2525866.126422,0.0603337612323492,0.158628278012103,0.41610122868146,0.214744177516963,0.048413717219879,0.101778837337246
171273.411807,2525866.126422,0.0547920102620487,0.134322888033718,0.184350375664284,0.299798424042514,0.156496243357156,0.170240058640279
171773.411807,2525866.126422,0.084235639566893,0.164066801247935,0,0.123141860891907,0.111213066617728,0.517342631675537
172273.411807,2525866.126422,0.0469466348798826,0.146341463414634,0.000366770584999083,0.278929029891803,0.102328993214744,0.425087108013937
172773.411807,2525866.126422,0.203157694502568,0.128970895948259,0,0.0114133536237398,0.0213049267643142,0.635153129161119
168773.411807,2525366.126422,0.0148623853211009,0.155963302752294,0.357798165137615,0.311009174311927,0.0445871559633028,0.115779816513761
169273.411807,2525366.126422,0.00421940928270042,0.128783709411117,0.468721335534764,0.324344157035406,0.0161438268207668,0.0577875619152449
169773.411807,2525366.126422,0.00824175824175824,0.192124542124542,0.43974358974359,0.23992673992674,0.0238095238095238,0.0961538461538462
170273.411807,2525366.126422,0.011743119266055,0.0924770642201835,0.582752293577982,0.216697247706422,0.0530275229357798,0.043302752293578
170773.411807,2525366.126422,0.0689781691432765,0.134654191891396,0.4736745551275,0.0627407815079802,0.0495321959273528,0.210420106402495
171273.411807,2525366.126422,0.0470695970695971,0.185531135531136,0.275091575091575,0.0155677655677656,0.0305860805860806,0.446153846153846
171773.411807,2525366.126422,0.109357798165138,0.194678899082569,0.00146788990825688,0.124220183486239,0.140183486238532,0.430091743119266
172273.411807,2525366.126422,0.096862960924601,0.202348192992112,0.00110071546505228,0.0695285268758026,0.0887910475142176,0.541368556228215
172773.411807,2525366.126422,0.0965779467680608,0.0393536121673004,0.0174904942965779,0.0230038022813688,0.0444866920152091,0.779087452471483
168773.411807,2524866.126422,0.0435897435897436,0.187179487179487,0.252747252747253,0.281135531135531,0.0813186813186813,0.154029304029304
169273.411807,2524866.126422,0.00750915750915751,0.124358974358974,0.45952380952381,0.351831501831502,0.0208791208791209,0.0358974358974359
169773.411807,2524866.126422,0.00146681334800147,0.13953061972864,0.567656765676568,0.248441510817748,0.0242024202420242,0.0187018701870187
170273.411807,2524866.126422,0.000183150183150183,0.106410256410256,0.512820512820513,0.308974358974359,0.0333333333333333,0.0382783882783883
170773.411807,2524866.126422,0.0580586080586081,0.128937728937729,0.381318681318681,0.148901098901099,0.0664835164835165,0.216300366300366
171273.411807,2524866.126422,0.0383204987165383,0.154565456545655,0.0975430876420975,0.18041804180418,0.0784745141180785,0.450678401173451
171773.411807,2524866.126422,0.131501831501832,0.0844322344322344,0.0122710622710623,0.323992673992674,0.133882783882784,0.313919413919414
172273.411807,2524866.126422,0.122527472527473,0.162271062271062,0.000732600732600733,0.0358974358974359,0.0836996336996337,0.594871794871795
172773.411807,2524866.126422,0.108488770460601,0.139132089836315,0.0334982870194138,0.0209364293871336,0.0532927293490674,0.644651693947469
169273.411807,2524366.126422,0.00568494406748579,0.170731707317073,0.247019988996882,0.490188886851275,0.0174216027874564,0.0689528699798276
169773.411807,2524366.126422,0.00696353307678211,0.120212571009712,0.481949789261499,0.277258566978193,0.0181418361737218,0.0954737035000916
170273.411807,2524366.126422,0.0212883097816113,0.0480822169205359,0.0723068452927143,0.64745824922004,0.130115617544504,0.0807487612405946
170773.411807,2524366.126422,0.0128369704749679,0.204291215844489,0.329359985329177,0.230515312671924,0.0933431138822666,0.129653401797176
171273.411807,2524366.126422,0.108851017042331,0.133773135422393,0.338647608576141,0.128458860179586,0.0384826827927433,0.251786695986806
171773.411807,2524366.126422,0.0757937236190127,0.120022022389429,0.205358781427785,0.296568177647275,0.0831345200954303,0.219122774821068
172273.411807,2524366.126422,0.187419768934531,0.0482303319273794,0,0.0583165230148542,0.0792224463598019,0.626810929763433
172773.411807,2524366.126422,0.0656267833365037,0.303975651512269,0.00608712193266121,0.101959292372075,0.0760890241582652,0.446262126688225
168773.411807,2523866.126422,0.0311926605504587,0.316880733944954,0.0146788990825688,0.320917431192661,0.0693577981651376,0.24697247706422
169273.411807,2523866.126422,0.0135754907356448,0.117226197028068,0.423225096312603,0.346908824068978,0.0209135938359934,0.0781507980187122
169773.411807,2523866.126422,0.000915750915750916,0.0470695970695971,0.490842490842491,0.405128205128205,0.0263736263736264,0.0296703296703297
170273.411807,2523866.126422,0.0251376146788991,0.0899082568807339,0.287522935779817,0.451192660550459,0.0893577981651376,0.0568807339449541
170773.411807,2523866.126422,0.00293524124013942,0.25536598789213,0.130434782608696,0.435699871583196,0.0306365804439552,0.144927536231884
171273.411807,2523866.126422,0.0384615384615385,0.243406593406593,0.266117216117216,0.208424908424908,0.0382783882783883,0.205311355311355
171773.411807,2523866.126422,0.0192660550458716,0.111009174311927,0.389174311926606,0.217064220183486,0.103302752293578,0.160183486238532
172273.411807,2523866.126422,0.0979636763896533,0.180884241423592,0.0847550908090259,0.174463401210787,0.110621904237755,0.351311685929187
172773.411807,2523866.126422,0.0606463878326996,0.133460076045627,0.0378326996197719,0.411026615969582,0.073384030418251,0.283650190114068
168273.411807,2523366.126422,0.0405207187385405,0.184451778511184,0,0.461862852951962,0.0572057205720572,0.255958929226256
168773.411807,2523366.126422,0.0778388278388278,0.244505494505494,0.00402930402930403,0.264468864468864,0.177655677655678,0.231501831501832
169273.411807,2523366.126422,0.0661172161172161,0.234798534798535,0.0465201465201465,0.372710622710623,0.0871794871794872,0.192673992673993
169773.411807,2523366.126422,0.000733406674000733,0.155848918225156,0.458012467913458,0.282178217821782,0.0473047304730473,0.0559222588925559
170273.411807,2523366.126422,0,0.0952380952380952,0.439010989010989,0.426923076923077,0.034981684981685,0.00384615384615385
170773.411807,2523366.126422,0,0.0956043956043956,0.507142857142857,0.330952380952381,0.0307692307692308,0.0355311355311355
171273.411807,2523366.126422,0.00696736340300697,0.0542720938760543,0.554272093876054,0.335350201686835,0.0304363769710304,0.0187018701870187
171773.411807,2523366.126422,0.00952380952380952,0.161355311355311,0.423443223443223,0.18974358974359,0.0981684981684982,0.117765567765568
172273.411807,2523366.126422,0.0531135531135531,0.10970695970696,0.0743589743589744,0.245421245421245,0.150549450549451,0.366849816849817
172773.411807,2523366.126422,0.0531023981728207,0.0883136657784545,0,0.350019033117625,0.172059383326989,0.336505519604111
169773.411807,2522866.126422,0.00604727872457394,0.126809602345611,0.383910573575224,0.391607110133773,0.0122778083195895,0.0793476269012278
170273.411807,2522866.126422,0.00256927876674619,0.217471095613874,0.503578638282254,0.19489814644889,0.0165167920719398,0.0649660488162966
170773.411807,2522866.126422,0.011186502842472,0.172565560242069,0.550522648083624,0.0845406198422887,0.0485971025123785,0.132587566477169
171273.411807,2522866.126422,0.00183250870441635,0.0595565328935312,0.530144768187649,0.320139270661536,0.0317024005864028,0.0566245189664651
171773.411807,2522866.126422,0.00532207744540283,0.14920168838319,0.48559368691503,0.21178197834465,0.0447788585061479,0.103321710405579
172273.411807,2522866.126422,0.0273244085824317,0.165046763249587,0.050797726022373,0.156794425087108,0.0902255639097744,0.509811113148726
172773.411807,2522866.126422,0.0844588168156743,0.127449115465094,0,0.129351341069051,0.17937987445311,0.479360852197071
169773.411807,2522366.126422,0.00146520146520147,0.196336996336996,0.412087912087912,0.1996336996337,0.0296703296703297,0.160805860805861
170273.411807,2522366.126422,0.00073394495412844,0.194128440366972,0.381651376146789,0.278899082568807,0.0295412844036697,0.115045871559633
170773.411807,2522366.126422,0.0293524124013942,0.114657860942946,0.263070996147496,0.373142542652724,0.128783709411117,0.0909924784443221
171273.411807,2522366.126422,0.0316849816849817,0.173260073260073,0.248168498168498,0.193040293040293,0.125824175824176,0.228021978021978
171773.411807,2522366.126422,0.013394495412844,0.0878899082568807,0.422385321100917,0.284770642201835,0.0825688073394495,0.108990825688073
172273.411807,2522366.126422,0.0476976701522656,0.189873417721519,0.148596587782058,0.203265455879655,0.122179416620804,0.288387451843698
172773.411807,2522366.126422,0.135361216730038,0.0657794676806084,0.000570342205323194,0.0091254752851711,0.0547528517110266,0.734410646387833
170273.411807,2521866.126422,0.000915750915750916,0.143589743589744,0.436446886446886,0.298717948717949,0.0476190476190476,0.0727106227106227
170773.411807,2521866.126422,0.00311355311355311,0.203296703296703,0.482234432234432,0.123626373626374,0.0598901098901099,0.127838827838828
171273.411807,2521866.126422,0.0258525852585259,0.128346167950128,0.143747708104144,0.386688668866887,0.165749908324166,0.14961496149615
171773.411807,2521866.126422,0.0291208791208791,0.104395604395604,0.08003663003663,0.408608058608059,0.15952380952381,0.218315018315018
172273.411807,2521866.126422,0.0912087912087912,0.101282051282051,0.108241758241758,0.304945054945055,0.107142857142857,0.287179487179487
172773.411807,2521866.126422,0.0561476969927674,0.156832889227255,0.074800152264941,0.0902169775409212,0.149600304529882,0.472401979444233
170273.411807,2521366.126422,0,0.134703615342265,0.498807120572582,0.262433474031932,0.044411818682327,0.0596439713708937
170773.411807,2521366.126422,0,0.0689528699798276,0.606455162295984,0.26792591234183,0.0471300201723822,0.00953603520997616
171273.411807,2521366.126422,0.00384826827927433,0.109584020524097,0.554700384826828,0.270295033901411,0.0445299615173172,0.017042330951072
171773.411807,2521366.126422,0.00752431638832813,0.102771150669848,0.346669113598825,0.335474398972288,0.117452743622683,0.0901082767480272
172273.411807,2521366.126422,0.0432789290298918,0.168897854392078,0.0425453878598936,0.407115349348982,0.156244269209609,0.181918210159545
172773.411807,2521366.126422,0.0933992771542705,0.130302453871029,0.00475556400989157,0.129351341069051,0.184325661023397,0.457865702872361
170273.411807,2520866.126422,0.00568807339449541,0.148073394495413,0.626788990825688,0.0770642201834862,0.0357798165137615,0.106605504587156
170773.411807,2520866.126422,0.00476976701522656,0.157952669235003,0.519354246927169,0.184736745551275,0.0572372041827188,0.0759493670886076
171273.411807,2520866.126422,0.00366300366300366,0.165384615384615,0.513736263736264,0.158241758241758,0.0481684981684982,0.110805860805861
171773.411807,2520866.126422,0.0144954128440367,0.173761467889908,0.431009174311927,0.154495412844037,0.0959633027522936,0.130275229357798
172273.411807,2520866.126422,0.0234819299211154,0.0407264722069345,0.0820033021463952,0.627040909924784,0.198862594019446,0.0278847917813245
172773.411807,2520866.126422,0.0366920152091255,0.0461977186311787,0,0.530988593155894,0.178326996197719,0.207794676806084
170773.411807,2520366.126422,0.0119047619047619,0.223443223443223,0.44981684981685,0.104578754578755,0.0756410256410256,0.134615384615385
171273.411807,2520366.126422,0.0077007700770077,0.242757609094243,0.497799779977998,0.0630729739640631,0.0779244591125779,0.110744407774111
171773.411807,2520366.126422,0.00402930402930403,0.182783882783883,0.407142857142857,0.165934065934066,0.126739926739927,0.113369963369963
172273.411807,2520366.126422,0.0575091575091575,0.105311355311355,0.161721611721612,0.257509157509157,0.179304029304029,0.238644688644689
172773.411807,2520366.126422,0.077084126379901,0.0325466311381804,0.0127521888085268,0.531214312904454,0.22915873620099,0.117244004567948
170773.411807,2519866.126422,0.0126535851824684,0.160462130937099,0.454978910691363,0.157711351549606,0.0735375022923162,0.140656519347148
171273.411807,2519866.126422,0.0146600696353308,0.169873556899395,0.482499541872824,0.175187832142203,0.0613890415979476,0.0963899578522998
171773.411807,2519866.126422,0.00367039823820885,0.159662323362085,0.480088089557717,0.140576252523399,0.0976325931363553,0.118370343182235
172273.411807,2519866.126422,0.035209976159912,0.177883733724555,0.122317990097194,0.337428938199156,0.176783421969558,0.150375939849624
172773.411807,2519866.126422,0.0928286094730835,0.0443218565721895,0,0.40041848963287,0.203918584744151,0.258512459577706
171273.411807,2519366.126422,0,0.0492673992673993,0.587362637362637,0.331868131868132,0.0175824175824176,0.0139194139194139
171773.411807,2519366.126422,0.0055045871559633,0.264220183486239,0.389908256880734,0.197247706422018,0.044954128440367,0.0981651376146789
172273.411807,2519366.126422,0.00843881856540084,0.154650522839846,0.346908824068978,0.124380847550908,0.0753990093560815,0.290221977618786
172773.411807,2519366.126422,0.119771863117871,0.0901140684410646,0.005893536121673,0.0596958174904943,0.0872623574144487,0.637262357414449
171273.411807,2518866.126422,0.000733406674000733,0.0867253392005867,0.542720938760543,0.25045837917125,0.0306197286395306,0.0887422075540887
171773.411807,2518866.126422,0.00732600732600733,0.124175824175824,0.50989010989011,0.174725274725275,0.121062271062271,0.0628205128205128
172273.411807,2518866.126422,0.0465201465201465,0.174908424908425,0.150549450549451,0.203663003663004,0.188095238095238,0.236263736263736
172773.411807,2518866.126422,0.26627331556909,0.0704225352112676,0,0.0074229158736201,0.0321659687856871,0.623715264560335
171273.411807,2518366.126422,0.0128275609309144,0.0971229613340663,0.677661718893165,0.131574124977094,0.0205240974894631,0.0602895363752978
171773.411807,2518366.126422,0.02073775004588,0.127913378601578,0.243714443017067,0.273628188658469,0.144980730409249,0.189025509267756
172273.411807,2518366.126422,0.0937098844672657,0.0935264991747662,0.0493306436823767,0.206675224646983,0.187052998349532,0.369704749679076
172773.411807,2518366.126422,0.230549743199543,0.0365227315959673,0.000760890241582652,0.0663876735780864,0.124976222179951,0.54080273920487
171773.411807,2517866.126422,0.0587155963302752,0.106238532110092,0.0260550458715596,0.347522935779817,0.166238532110092,0.295229357798165
172273.411807,2517866.126422,0.103100348559897,0.103283801137406,0,0.096862960924601,0.125848468170978,0.570904421207118
172773.411807,2517866.126422,0.110456273764259,0.107794676806084,0,0.0140684410646388,0.0484790874524715,0.719201520912548
171773.411807,2517366.126422,0.0432234432234432,0.135897435897436,0.276556776556777,0.148351648351648,0.0571428571428571,0.338827838827839
172273.411807,2517366.126422,0.119413919413919,0.0807692307692308,0,0.105494505494505,0.106043956043956,0.588278388278388
172773.411807,2517366.126422,0.0607156452226875,0.0921202893033879,0,0.109059763989341,0.126950894556528,0.611153406928055
172273.411807,2516866.126422,0.063182527301092,0.078003120124805,0,0.102184087363495,0.114144565782631,0.642485699427977
172773.411807,2516866.126422,0.0370976541189307,0.0750136388434261,0,0.195308237861429,0.117294053464266,0.575286415711948
