"x","y","forest","agri","water","built","other","grass"
273773.411807,2778366.126422,0.058974358974359,0.030952380952381,0.0652014652014652,0.162087912087912,0.0217948717948718,0.660989010989011
274273.411807,2778366.126422,0.0492673992673993,0.0624542124542125,0.0111721611721612,0.234798534798535,0.191575091575092,0.450732600732601
274773.411807,2778366.126422,0.0471213788045471,0.101576824349102,0.0795746241290796,0.283828382838284,0.0966263292995966,0.391272460579391
271773.411807,2777866.126422,0.05717427157779,0.0419644493311343,0.193696170056808,0.292101887483966,0.0406816932380429,0.374381528312259
272273.411807,2777866.126422,0.0201871903101487,0.0697375665259681,0.0816663608001468,0.183703431822353,0.0392732611488346,0.605432189392549
272773.411807,2777866.126422,0.0847240051347882,0.0225563909774436,0,0.0876581698147808,0.0509811113148725,0.754080322758115
273273.411807,2777866.126422,0.0309693971046362,0.0384826827927433,0.000916254352208173,0.229063588052043,0.120945574491479,0.57962250320689
273773.411807,2777866.126422,0.0229399889888053,0.0264268673151037,0,0.0767113231785649,0.0948797944576987,0.779042026059828
274273.411807,2777866.126422,0.0603337612323492,0.0550155877498625,0,0.282963506326793,0.184852374839538,0.416834769851458
274773.411807,2777866.126422,0.0393989371449514,0.0364669232178853,0.0458127176104087,0.160894264247755,0.115264797507788,0.602162360271211
270773.411807,2777366.126422,0,0.0653211009174312,0.365688073394495,0.207339449541284,0.0875229357798165,0.274128440366972
271273.411807,2777366.126422,0.0333883691065859,0.0398092093193909,0.00403595670519171,0.139423958906623,0.113373692900385,0.669968813061824
271773.411807,2777366.126422,0.0152014652014652,0.0615384615384615,0.000549450549450549,0.288461538461538,0.151831501831502,0.482417582417582
272273.411807,2777366.126422,0.0113761467889908,0.0203669724770642,0.00018348623853211,0.061651376146789,0.0515596330275229,0.854862385321101
272773.411807,2777366.126422,0.0280682443588332,0.00862227114290956,0,0.0299027701339204,0.0473307649972482,0.886075949367089
273273.411807,2777366.126422,0.039010989010989,0.0265567765567766,0,0.0177655677655678,0.0395604395604396,0.877106227106227
273773.411807,2777366.126422,0.0370642201834862,0.0495412844036697,0,0.0242201834862385,0.041651376146789,0.847522935779817
274273.411807,2777366.126422,0.0675105485232067,0.00550357732526142,0.000550357732526142,0.213722252797652,0.116308934140525,0.596404329480829
274773.411807,2777366.126422,0.0562271062271062,0.0225274725274725,0.000366300366300366,0.257142857142857,0.172344322344322,0.491391941391941
270273.411807,2776866.126422,0.0280528052805281,0.0971763843050972,0.028969563623029,0.0546387972130546,0.0471213788045471,0.744041070773744
270773.411807,2776866.126422,0.00421245421245421,0.204395604395604,0.0518315018315018,0.343406593406593,0.089010989010989,0.307142857142857
271273.411807,2776866.126422,0.0463369963369963,0.261721611721612,0.0133699633699634,0.30952380952381,0.178754578754579,0.19029304029304
271773.411807,2776866.126422,0.225522552255226,0.0273193986065273,0,0.136413641364136,0.116244957829116,0.494499449944995
272273.411807,2776866.126422,0.0177655677655678,0.103296703296703,0.0131868131868132,0.0426739926739927,0.056043956043956,0.767032967032967
272773.411807,2776866.126422,0.136080586080586,0.00421245421245421,0,0.015018315018315,0.0663003663003663,0.778388278388278
273273.411807,2776866.126422,0.057022368903557,0.00421708837550422,0,0.0416208287495416,0.109277594426109,0.787862119545288
273773.411807,2776866.126422,0.142673992673993,0.00164835164835165,0,0.191391941391941,0.112637362637363,0.551648351648352
274273.411807,2776866.126422,0.0600732600732601,0.0032967032967033,0.00146520146520147,0.448534798534799,0.111904761904762,0.374725274725275
274773.411807,2776866.126422,0.0139347268060139,0.102860286028603,0.00201686835350202,0.575174184085075,0.0944261092775944,0.211587825449212
269273.411807,2776366.126422,0.109194347586713,0.0357863828225362,0.399155808405212,0.15342264635713,0.0625802899614608,0.239860524866948
269773.411807,2776366.126422,0.196955804144508,0.125252154777187,0.037593984962406,0.141940216394645,0.110397946084724,0.38785989363653
270273.411807,2776366.126422,0.0434304562946674,0.334432838555983,0,0.142202675462708,0.0835623969213854,0.396371632765256
270773.411807,2776366.126422,0.0532207744540283,0.119287942741787,0.0172508717195816,0.255276197467425,0.133969535694623,0.420994677922555
271273.411807,2776366.126422,0.000366770584999083,0.028791490922428,0.0022006235099945,0.372455529066569,0.367320740876582,0.228864845039428
271773.411807,2776366.126422,0.0199743448781382,0.0280373831775701,0.00146600696353308,0.351658420377497,0.309327469305479,0.289536375297783
272273.411807,2776366.126422,0.112314186089191,0.0148651128647458,0,0.0543218939254909,0.0924940356028629,0.72600477151771
272773.411807,2776366.126422,0.0724371905373189,0.104713002017238,0.00495140289748762,0.0581331377223547,0.138822666422153,0.620942600403448
273273.411807,2776366.126422,0.0317024005864028,0.143118929814917,0.0764156129741616,0.0221733553234378,0.210555250137438,0.516034451163643
273773.411807,2776366.126422,0.135437694989906,0.00623967700495504,0,0.326665443200587,0.0989172325197284,0.432739952284823
274273.411807,2776366.126422,0,0.00165046763249587,0.00183385292499542,0.466348798826334,0.0599669906473501,0.470199889968825
274773.411807,2776366.126422,0.00109950522264981,0.0111783030969397,0,0.250687190764156,0.0905259299981675,0.646509070918087
268273.411807,2775866.126422,0.0959456980370574,0.0161438268207668,0.391120895248578,0.19115758576408,0.0484314804623005,0.257200513667217
268773.411807,2775866.126422,0.127472527472527,0.093956043956044,0.0408424908424908,0.0413919413919414,0.0664835164835165,0.62985347985348
269273.411807,2775866.126422,0.0715596330275229,0.117614678899083,0,0.141467889908257,0.0704587155963303,0.598899082568807
269773.411807,2775866.126422,0.0687947165657677,0.0900752155567786,0.0148596587782058,0.0509998165474225,0.0489818381948266,0.726288754356999
270273.411807,2775866.126422,0.0789377289377289,0.0703296703296703,0,0.106227106227106,0.0853479853479854,0.659157509157509
270773.411807,2775866.126422,0.0322935779816514,0.0427522935779817,0.0148623853211009,0.267339449541284,0.114311926605505,0.528440366972477
271273.411807,2775866.126422,0.0746651990460466,0.0143093010456797,0.000550357732526142,0.228581911575858,0.218858924967896,0.463034305631994
271773.411807,2775866.126422,0.110805860805861,0.013003663003663,0,0.0879120879120879,0.0875457875457875,0.700732600732601
272273.411807,2775866.126422,0.0537614678899083,0.00495412844036697,0.221834862385321,0.0130275229357798,0.0532110091743119,0.653211009174312
272773.411807,2775866.126422,0.0381581361218125,0.0293524124013942,0.240322876536415,0.0462300495321959,0.0735644835809943,0.572372041827188
273273.411807,2775866.126422,0.0820512820512821,0.0164835164835165,0,0.18992673992674,0.14029304029304,0.571245421245421
273773.411807,2775866.126422,0.00348623853211009,0.0190825688073394,0.0170642201834862,0.237981651376147,0.0638532110091743,0.658532110091743
274273.411807,2775866.126422,0,0.00513667217024399,0.0383415886993212,0.492753623188406,0.0482480278847918,0.415520088057237
274773.411807,2775866.126422,0.00824175824175824,0.00311355311355311,0,0.958058608058608,0.0278388278388278,0.00274725274725275
267773.411807,2775366.126422,0.175091575091575,0.0457875457875458,0.172344322344322,0.181868131868132,0.093956043956044,0.330952380952381
268273.411807,2775366.126422,0.27014652014652,0.168864468864469,0,0.0763736263736264,0.0626373626373626,0.421978021978022
268773.411807,2775366.126422,0.0287862119545288,0.0702236890355702,0.00055005500550055,0.275210854418775,0.0953428676200953,0.52988632196553
269273.411807,2775366.126422,0.0666666666666667,0.0857142857142857,0.00421245421245421,0.172527472527473,0.173809523809524,0.497069597069597
269773.411807,2775366.126422,0.0807692307692308,0.15,0.00586080586080586,0.169047619047619,0.145054945054945,0.449267399267399
270273.411807,2775366.126422,0.0394206087275394,0.142280894756142,0.000733406674000733,0.0579391272460579,0.0902090209020902,0.669416941694169
270773.411807,2775366.126422,0.0404761904761905,0.0763736263736264,0,0.133150183150183,0.11959706959707,0.63040293040293
271273.411807,2775366.126422,0.076007326007326,0.0677655677655678,0,0.0664835164835165,0.118498168498168,0.671245421245421
271773.411807,2775366.126422,0.111661166116612,0.00256692335900257,0,0.00568390172350568,0.0410707737440411,0.839017235056839
272273.411807,2775366.126422,0.0774725274725275,0.0177655677655678,0.0212454212454212,0.0470695970695971,0.0838827838827839,0.752564102564103
272773.411807,2775366.126422,0.0379120879120879,0.0375457875457875,0,0.163919413919414,0.145970695970696,0.614652014652015
273273.411807,2775366.126422,0,0.0122845617895123,0.061972863953062,0.338650531719839,0.0678401173450678,0.519251925192519
273773.411807,2775366.126422,0,0.017032967032967,0.0476190476190476,0.53992673992674,0.0791208791208791,0.316300366300366
274273.411807,2775366.126422,0.0135531135531136,0.0417582417582418,0.0010989010989011,0.777838827838828,0.0945054945054945,0.0712454212454212
274773.411807,2775366.126422,0.0826916024935827,0.0198019801980198,0.0214521452145215,0.589108910891089,0.138797213054639,0.148148148148148
266273.411807,2774866.126422,0.0170673518076711,0.0137639933932832,0.271976509451275,0.301523215268857,0.0612956505780877,0.334373279500826
266773.411807,2774866.126422,0.217678342196956,0.0295250320924262,0.0535485054098661,0.105446543187236,0.0687694846873281,0.525032092426187
267273.411807,2774866.126422,0.135055891515485,0.0291368884002199,0.0256551218618288,0.1456844420011,0.074216602528862,0.590251053692505
267773.411807,2774866.126422,0.0425766195632226,0.0548724536612222,0.068452927142595,0.32776656267205,0.0640484492567444,0.442282987704166
268273.411807,2774866.126422,0.0517146524848707,0.0529983495323675,0.000366770584999083,0.220795892169448,0.0871080139372822,0.587016321291032
268773.411807,2774866.126422,0.0786146234194612,0.101520982224666,0.0868609125893348,0.260399486897563,0.139637163276526,0.33296683159245
269273.411807,2774866.126422,0.0873554780693705,0.0642319691686548,0.0110111947146265,0.465957056340613,0.162415122040741,0.209029179665994
269773.411807,2774866.126422,0.0309921144324225,0.23583348615441,0.00165046763249587,0.165046763249587,0.127086007702182,0.439391160828902
270273.411807,2774866.126422,0.0443467106468756,0.228880337181602,0,0.0991387209089243,0.137621403701668,0.490012827560931
270773.411807,2774866.126422,0.0464305377133419,0.0645990089924757,0,0.0308313452009543,0.068452927142595,0.789686180950633
271273.411807,2774866.126422,0.0392444525949019,0.0623509994498441,0.249770768384376,0.0632679259123418,0.0739042728773152,0.511461580781221
271773.411807,2774866.126422,0.107751511819681,0.0337181601612608,0.0192413413963716,0.107751511819681,0.100421477002016,0.63111599780099
272273.411807,2774866.126422,0.0778124426500275,0.114516425032116,0,0.147182969352175,0.167003119838502,0.493485043127179
272773.411807,2774866.126422,0,0.0146708233999633,0.0872913992297818,0.21987896570695,0.0731707317073171,0.604988079955988
273273.411807,2774866.126422,0,0.00861279091075683,0.0445299615173172,0.667399670148433,0.062671797691039,0.216785779732454
273773.411807,2774866.126422,0.000367039823820885,0.00146815929528354,0.000917599559552211,0.924756836116719,0.0623967700495504,0.0100935951550743
274273.411807,2774866.126422,0.0022006235099945,0.0210893086374473,0.00256739409499358,0.87181368054282,0.0673024023473317,0.0350265908674124
274773.411807,2774866.126422,0.000183250870441635,0.00659703133589885,0,0.701117830309694,0.0480117280557083,0.244090159428257
263773.411807,2774366.126422,0,0.00697119794533113,0.603742432581178,0.365070629242341,0.0100898917629793,0.014125848468171
264273.411807,2774366.126422,0,0.0245421245421245,0.43040293040293,0.376007326007326,0.0353479853479853,0.133699633699634
264773.411807,2774366.126422,0.00275229357798165,0.0277064220183486,0.281651376146789,0.228623853211009,0.0453211009174312,0.41394495412844
265273.411807,2774366.126422,0.0388919464318474,0.0576041093377362,0.0821867547239039,0.27958172812328,0.0829205650339387,0.458814896349294
265773.411807,2774366.126422,0.126373626373626,0.013003663003663,0,0.0948717948717949,0.0847985347985348,0.680952380952381
266273.411807,2774366.126422,0.0700917431192661,0.0706422018348624,0.00055045871559633,0.274495412844037,0.0913761467889908,0.492844036697248
266773.411807,2774366.126422,0.122913226930838,0.0741148413135205,0,0.111722619702807,0.0640249495505412,0.627224362502293
267273.411807,2774366.126422,0.101831501831502,0.0527472527472527,0.000732600732600733,0.0853479853479854,0.11025641025641,0.649084249084249
267773.411807,2774366.126422,0.023302752293578,0.0559633027522936,0.0115596330275229,0.636697247706422,0.140183486238532,0.132293577981651
268273.411807,2774366.126422,0.102916895982389,0.0232984773436067,0.000550357732526142,0.401577692166575,0.0972298660796184,0.374426710695285
268773.411807,2774366.126422,0.0131868131868132,0.00989010989010989,0.00183150183150183,0.912637362637363,0.047985347985348,0.0144688644688645
269273.411807,2774366.126422,0.0555963302752294,0.0179816513761468,0.00036697247706422,0.711192660550459,0.118532110091743,0.0963302752293578
269773.411807,2774366.126422,0.0970464135021097,0.0662263804806457,0.00421940928270042,0.146211704274445,0.125848468170978,0.560447624289121
270273.411807,2774366.126422,0.0311355311355311,0.269230769230769,0.0538461538461538,0.034981684981685,0.0538461538461538,0.556959706959707
270773.411807,2774366.126422,0.0488073394495413,0.0313761467889908,0,0.132293577981651,0.112660550458716,0.674862385321101
271273.411807,2774366.126422,0.109337736195194,0.126215373325995,0.000733810310034856,0.128600256833609,0.126031920748487,0.509080902586681
271773.411807,2774366.126422,0.030952380952381,0.0293040293040293,0,0.0525641025641026,0.130952380952381,0.756227106227106
272273.411807,2774366.126422,0,0.0385321100917431,0.0678899082568807,0.171376146788991,0.0688073394495413,0.653394495412844
272773.411807,2774366.126422,0,0.0513667217024399,0.00146762062006971,0.539534030453128,0.0952118877270226,0.31241973949734
273273.411807,2774366.126422,0.00677655677655678,0.00183150183150183,0,0.855494505494505,0.128388278388278,0.00750915750915751
273773.411807,2774366.126422,0.0190825688073394,0.00678899082568807,0.00403669724770642,0.839082568807339,0.0818348623853211,0.0491743119266055
274273.411807,2774366.126422,0,0.0106402494955054,0.00091726288754357,0.775820950284351,0.0242157402311502,0.188405797101449
274773.411807,2774366.126422,0.0115384615384615,0.0126373626373626,0.0734432234432234,0.173809523809524,0.104395604395604,0.624175824175824
262773.411807,2773866.126422,0.00180577849117175,0.0359149277688604,0.204654895666132,0.209670947030498,0.0214686998394864,0.526484751203852
263273.411807,2773866.126422,0.017032967032967,0.0371794871794872,0.00128205128205128,0.206593406593407,0.0672161172161172,0.670695970695971
263773.411807,2773866.126422,0.0598901098901099,0.0542124542124542,0,0.108241758241758,0.0529304029304029,0.724725274725275
264273.411807,2773866.126422,0.0280528052805281,0.112027869453612,0.000733406674000733,0.260726072607261,0.0737073707370737,0.524752475247525
264773.411807,2773866.126422,0.0333333333333333,0.0531135531135531,0.00146520146520147,0.366300366300366,0.108608058608059,0.437179487179487
265273.411807,2773866.126422,0.123260073260073,0.0565934065934066,0.0261904761904762,0.0509157509157509,0.0791208791208791,0.663919413919414
265773.411807,2773866.126422,0.180601393472681,0.0689402273560689,0,0.0407040704070407,0.0388705537220389,0.670883755042171
266273.411807,2773866.126422,0.161355311355311,0.0880952380952381,0,0.0474358974358974,0.0521978021978022,0.650915750915751
266773.411807,2773866.126422,0.063003663003663,0.0970695970695971,0,0.0159340659340659,0.023992673992674,0.8
267273.411807,2773866.126422,0.0627062706270627,0.106160616061606,0,0.0760909424275761,0.0733406674000733,0.681701503483682
267773.411807,2773866.126422,0.0234432234432234,0.0366300366300366,0.00421245421245421,0.755677655677656,0.126923076923077,0.0531135531135531
268273.411807,2773866.126422,0.0357142857142857,0.153113553113553,0.000366300366300366,0.348534798534799,0.0615384615384615,0.400732600732601
268773.411807,2773866.126422,0.102676934360103,0.0496883021635497,0.00055005500550055,0.0914924825815915,0.0326365969930326,0.722955628896223
269273.411807,2773866.126422,0.034981684981685,0.0331501831501832,0.0683150183150183,0.666849816849817,0.11025641025641,0.0864468864468864
269773.411807,2773866.126422,0.184615384615385,0.0164835164835165,0.14047619047619,0.365567765567766,0.194871794871795,0.097985347985348
270273.411807,2773866.126422,0.0865419875320865,0.0713237990465713,0.00825082508250825,0.131279794646131,0.114228089475614,0.588375504217088
270773.411807,2773866.126422,0.0357142857142857,0.0426739926739927,0,0.203663003663004,0.145604395604396,0.572344322344322
271273.411807,2773866.126422,0.00677655677655678,0.0296703296703297,0.00183150183150183,0.0529304029304029,0.0877289377289377,0.821062271062271
271773.411807,2773866.126422,0,0.000733406674000733,0.017968463513018,0.213054638797213,0.0579391272460579,0.71030436376971
272273.411807,2773866.126422,0.000732600732600733,0.00842490842490842,0.00311355311355311,0.722527472527473,0.0948717948717949,0.17032967032967
272773.411807,2773866.126422,0.00586080586080586,0.0188644688644689,0,0.883333333333333,0.0745421245421245,0.0173992673992674
273273.411807,2773866.126422,0.00586725339200587,0.0388705537220389,0.000183351668500183,0.807664099743308,0.0863586358635864,0.0610561056105611
273773.411807,2773866.126422,0,0.00586080586080586,0,0.793040293040293,0.0358974358974359,0.165201465201465
274273.411807,2773866.126422,0.0166666666666667,0.0157509157509158,0.000732600732600733,0.186263736263736,0.107509157509158,0.673076923076923
274773.411807,2773866.126422,0.0933259992665933,0.0368536853685369,0,0.0579391272460579,0.0925925925925926,0.719288595526219
262773.411807,2773366.126422,0.117375601926164,0.0421348314606742,0.000401284109149278,0.58085874799358,0.0812600321027287,0.177969502407705
263273.411807,2773366.126422,0.0739585244999082,0.082583960359699,0.00495503762158194,0.180950633143696,0.109744907322444,0.54780693705267
263773.411807,2773366.126422,0.136622042912158,0.015587749862461,0,0.348615441041628,0.0854575463047864,0.413717219878966
264273.411807,2773366.126422,0.112332783580722,0.0236393622869709,0.0163093274693055,0.511453179402602,0.0489279824079164,0.287337364852483
264773.411807,2773366.126422,0.443567627087539,0.0121123141860892,0,0.0352358230868049,0.0367039823820885,0.472380253257478
265273.411807,2773366.126422,0.212910324591968,0.0852741610122868,0,0.0240234733174399,0.048413717219879,0.629378323858427
265773.411807,2773366.126422,0.177020340846619,0.0513102437236577,0,0.0538757559098406,0.0910756826094924,0.62671797691039
266273.411807,2773366.126422,0.0957973940172509,0.0939621948981464,0,0.0310148651128647,0.0407414204441182,0.73848412552762
266773.411807,2773366.126422,0.102328993214744,0.086007702182285,0.0509811113148725,0.00715202640748212,0.0227397762699432,0.730790390610673
267273.411807,2773366.126422,0.122594832325454,0.203225215319773,0.0139270661535642,0.0119113065787062,0.0291368884002199,0.619204691222283
267773.411807,2773366.126422,0.0497338961277299,0.0346852633510736,0,0.393833730959809,0.113965865296385,0.407781244265003
268273.411807,2773366.126422,0.0590500641848524,0.0214560792224464,0.00275077938749312,0.408215661103979,0.129286631212177,0.379240784889052
268773.411807,2773366.126422,0.0469122228330585,0.10536925050394,0,0.20743998533993,0.0811801356056441,0.559098405717427
269273.411807,2773366.126422,0.0926775555147734,0.0642319691686548,0.0431271792989539,0.426867315103689,0.118737383006056,0.254358597907873
269773.411807,2773366.126422,0.0638180817898405,0.0291582615074271,0.0166880616174583,0.399229781771502,0.116266275444709,0.374839537869063
270273.411807,2773366.126422,0.0683525746747297,0.0247388675096207,0,0.501191130657871,0.120029320139271,0.285688107018508
270773.411807,2773366.126422,0.100018351991191,0.0636814094329235,0.0176179115434025,0.241879243897963,0.179298953936502,0.397504129198018
271273.411807,2773366.126422,0,0.0115532734274711,0.00568494406748579,0.0718870346598203,0.0544654318723638,0.856409315972859
271773.411807,2773366.126422,0.0196078431372549,0.0415979475902511,0.000183250870441635,0.280007330034818,0.109400769653656,0.549202858713579
272273.411807,2773366.126422,0.0557900532207745,0.0300972655533125,0.0390897412369242,0.642686731510369,0.161314002569279,0.0710222059093412
272773.411807,2773366.126422,0.00330093526499175,0.0133871263524665,0.000550155877498625,0.830185219145425,0.105263157894737,0.0473134054648817
273273.411807,2773366.126422,0,0.0104452996151732,0.0602895363752978,0.437786329485065,0.068719076415613,0.422759758108851
273773.411807,2773366.126422,0.0484492567443568,0.0337676637915214,0.126995779042026,0.128280418425399,0.0994677922554597,0.563039089741237
274273.411807,2773366.126422,0.0368604437924078,0.0649183935448377,0.000366770584999083,0.099211443242252,0.103429304969741,0.695213643865762
274773.411807,2773366.126422,0.0575407733186733,0.0263881253435954,0,0.0430639545537841,0.074216602528862,0.798790544255085
262773.411807,2772866.126422,0.0856397914159647,0.0433212996389892,0.00300842358604091,0.582230244685118,0.173485760128359,0.112314480545527
263273.411807,2772866.126422,0.314862385321101,0.0390825688073395,0,0.215963302752294,0.124403669724771,0.305688073394495
263773.411807,2772866.126422,0.352962759126766,0.0113740598055403,0,0.176114474408365,0.0594386351128233,0.400110071546505
264273.411807,2772866.126422,0.430952380952381,0.00879120879120879,0.0119047619047619,0.259157509157509,0.0245421245421245,0.264652014652015
264773.411807,2772866.126422,0.385504587155963,0.0387155963302752,0,0.00587155963302752,0.0115596330275229,0.558348623853211
265273.411807,2772866.126422,0.271876719867914,0.0387084938543387,0,0.00385250412768299,0.0139423958906623,0.671619886259402
265773.411807,2772866.126422,0.192857142857143,0.0142857142857143,0.0919413919413919,0.0474358974358974,0.0717948717948718,0.581684981684982
266273.411807,2772866.126422,0.104403669724771,0.06,0.00513761467889908,0.0484403669724771,0.0770642201834862,0.704954128440367
266773.411807,2772866.126422,0.153182902219776,0.0361401577692167,0,0.0453127866446524,0.0596220876903321,0.705742065676023
267273.411807,2772866.126422,0.121611721611722,0.0474358974358974,0,0.0529304029304029,0.0706959706959707,0.707326007326007
267773.411807,2772866.126422,0.0996330275229358,0.0878899082568807,0.00220183486238532,0.290091743119266,0.132110091743119,0.388073394495413
268273.411807,2772866.126422,0.0374243258117777,0.00697119794533113,0,0.482480278847918,0.0825536598789213,0.390570537516052
268773.411807,2772866.126422,0.0421245421245421,0.026007326007326,0.00604395604395604,0.509157509157509,0.0884615384615385,0.328205128205128
269273.411807,2772866.126422,0.0594495412844037,0.17045871559633,0.0939449541284404,0.279266055045872,0.108990825688073,0.287889908256881
269773.411807,2772866.126422,0.0229315721885892,0.0234819299211154,0.00733810310034856,0.812328013208586,0.0926435516419006,0.0412768299394606
270273.411807,2772866.126422,0.0261904761904762,0.0126373626373626,0,0.71007326007326,0.126556776556777,0.124542124542125
270773.411807,2772866.126422,0.046605504587156,0.0442201834862385,0.00036697247706422,0.307706422018349,0.157247706422018,0.443853211009174
271273.411807,2772866.126422,0.0842047330764997,0.127499541368556,0.00495321959273528,0.0526508897450009,0.0842047330764997,0.646486883140708
271773.411807,2772866.126422,0.0478021978021978,0.204578754578755,0.00604395604395604,0.105311355311355,0.0644688644688645,0.571794871794872
272273.411807,2772866.126422,0.0110091743119266,0.0427522935779817,0.00458715596330275,0.79651376146789,0.0543119266055046,0.0908256880733945
272773.411807,2772866.126422,0,0.00403595670519171,0.0576041093377362,0.382865529260686,0.0704457897633462,0.48504861493304
273273.411807,2772866.126422,0.0478021978021978,0.015018315018315,0.0258241758241758,0.121245421245421,0.104761904761905,0.685347985347985
273773.411807,2772866.126422,0.121651376146789,0.133211009174312,0.0576146788990826,0.0618348623853211,0.0823853211009174,0.543302752293578
274273.411807,2772866.126422,0.206934507429829,0.0249495505411851,0,0.0574206567602275,0.0926435516419006,0.618051733626858
274773.411807,2772866.126422,0.187362637362637,0.019047619047619,0,0.0256410256410256,0.0452380952380952,0.722710622710623
262773.411807,2772366.126422,0.0403290529695024,0.0258828250401284,0,0.755818619582664,0.0959069020866774,0.0820626003210273
263273.411807,2772366.126422,0.253663003663004,0.0111721611721612,0,0.161172161172161,0.0551282051282051,0.518864468864469
263773.411807,2772366.126422,0.308974358974359,0.0111721611721612,0.00146520146520147,0.142124542124542,0.0899267399267399,0.446336996336996
264273.411807,2772366.126422,0.313348001466813,0.0828749541620829,0,0.0115511551155116,0.0223689035570224,0.56985698569857
264773.411807,2772366.126422,0.195421245421245,0.0677655677655678,0,0.052014652014652,0.0351648351648352,0.6496336996337
265273.411807,2772366.126422,0.199267399267399,0.0567765567765568,0,0.0340659340659341,0.0426739926739927,0.667216117216117
265773.411807,2772366.126422,0.184818481848185,0.0451045104510451,0.112027869453612,0.0311697836450312,0.0559222588925559,0.570957095709571
266273.411807,2772366.126422,0.186263736263736,0.045970695970696,0.296153846153846,0.0338827838827839,0.0476190476190476,0.39010989010989
266773.411807,2772366.126422,0.189194139194139,0.00970695970695971,0,0.124908424908425,0.0871794871794872,0.589010989010989
267273.411807,2772366.126422,0.0531719838650532,0.0634396773010634,0.105427209387605,0.145581224789146,0.146131279794646,0.486248624862486
267773.411807,2772366.126422,0.0194139194139194,0.032967032967033,0.0186813186813187,0.434249084249084,0.180586080586081,0.314102564102564
268273.411807,2772366.126422,0.117032967032967,0.0135531135531136,0,0.317399267399267,0.164468864468864,0.387545787545788
268773.411807,2772366.126422,0.0704070407040704,0.0229189585625229,0,0.0511551155115512,0.0649064906490649,0.790612394572791
269273.411807,2772366.126422,0.0467032967032967,0.0908424908424908,0.153846153846154,0.101098901098901,0.0717948717948718,0.535714285714286
269773.411807,2772366.126422,0.0318681318681319,0.0796703296703297,0.0934065934065934,0.536996336996337,0.116483516483516,0.141575091575092
270273.411807,2772366.126422,0.116061606160616,0.0414374770810414,0.00183351668500183,0.341400806747341,0.194169416941694,0.305097176384305
270773.411807,2772366.126422,0.124725274725275,0.00476190476190476,0,0.280952380952381,0.0593406593406593,0.53021978021978
271273.411807,2772366.126422,0.0772893772893773,0.032967032967033,0.0179487179487179,0.452747252747253,0.174542124542125,0.244505494505494
271773.411807,2772366.126422,0.0430876420975431,0.0291529152915292,0.169416941694169,0.154748808214155,0.116611661166117,0.486982031536487
272273.411807,2772366.126422,0.00384615384615385,0.0655677655677656,0.0010989010989011,0.12014652014652,0.111172161172161,0.698168498168498
272773.411807,2772366.126422,0.0734432234432234,0.034981684981685,0,0.121978021978022,0.12985347985348,0.63974358974359
273273.411807,2772366.126422,0.192519251925193,0.00641730839750642,0.000183351668500183,0.119361936193619,0.0991932526585992,0.582324899156582
273773.411807,2772366.126422,0.172527472527473,0.00512820512820513,0,0.0695970695970696,0.0732600732600733,0.67948717948718
274273.411807,2772366.126422,0.0600732600732601,0.0212454212454212,0,0.137362637362637,0.174725274725275,0.606593406593407
274773.411807,2772366.126422,0.00751741840850752,0.0696736340300697,0.0172350568390172,0.252108544187752,0.180784745141181,0.472680601393473
262773.411807,2771866.126422,0.0100321027287319,0.0331059390048154,0.00461476725521669,0.824237560192616,0.0736356340288924,0.0543739967897271
263273.411807,2771866.126422,0.0618462103138191,0.0339511837034318,0.000917599559552211,0.56010277115067,0.117636263534593,0.225545971737934
263773.411807,2771866.126422,0.373555840821566,0.0216394645149459,0.000366770584999083,0.154593801577114,0.137355584082157,0.312488538419219
264273.411807,2771866.126422,0.231995601979109,0.0841121495327103,0.000366501740883269,0.209455744914788,0.203591717060656,0.270478284771853
264773.411807,2771866.126422,0.148834648559369,0.0534042943659387,0,0.0857037988621766,0.0934116351624151,0.618645623050101
265273.411807,2771866.126422,0.26792591234183,0.0573995965523565,0,0.0858243168897854,0.0735375022923162,0.515312671923712
265773.411807,2771866.126422,0.0905259299981675,0.0419644493311343,0.00183250870441635,0.233278358072201,0.101154480483782,0.531244273410299
266273.411807,2771866.126422,0.118553863094146,0.0106441548908057,0.009543035419343,0.383006056157093,0.148284088823637,0.329968801614975
266773.411807,2771866.126422,0.215294333394462,0.0185219145424537,0,0.312855309004218,0.114615807812213,0.338712635246653
267273.411807,2771866.126422,0.009529045262965,0.0536925050393989,0,0.218251786695987,0.254168957302547,0.464357705699102
267773.411807,2771866.126422,0.017434391631492,0.0278950266103872,0.00972655533125344,0.281886584694439,0.207193980546889,0.455863461185539
268273.411807,2771866.126422,0.0722538052448194,0.0432789290298918,0,0.154777186869613,0.164863377957088,0.564826700898588
268773.411807,2771866.126422,0.0714678394722375,0.223199560197911,0,0.0492944841487997,0.0601062855048561,0.595931830676196
269273.411807,2771866.126422,0.0484492567443568,0.0449623784180584,0,0.0578087722517893,0.0908423563956689,0.757937236190127
269773.411807,2771866.126422,0.0986612873647534,0.0498807995598753,0.00275077938749312,0.137538969374656,0.135521731157161,0.575646433156061
270273.411807,2771866.126422,0.0714678394722375,0.0896096756459593,0,0.0109950522264981,0.0342679127725857,0.793659519882719
270773.411807,2771866.126422,0.102587630757937,0.0255092677555515,0,0.118553863094146,0.132134336575518,0.621214901816847
271273.411807,2771866.126422,0.15606088391711,0.0247570144874381,0,0.0926095727122685,0.118833669539703,0.607738859343481
271773.411807,2771866.126422,0.0694520798973795,0.0375664284405351,0.000183250870441635,0.213670514934946,0.134322888033718,0.54480483782298
272273.411807,2771866.126422,0.0453294182418792,0.0550559735731327,0.151403927326115,0.182785832262801,0.157276564507249,0.408148284088824
272773.411807,2771866.126422,0.075187969924812,0.00990280579497524,0,0.268476068219329,0.102328993214744,0.54410416284614
273273.411807,2771866.126422,0.130841121495327,0.0278541323071285,0,0.0192413413963716,0.055158512002932,0.766904892798241
273773.411807,2771866.126422,0.142594971554414,0.00220223894292531,0,0.0409249403560286,0.112314186089191,0.701963663057442
274273.411807,2771866.126422,0,0.000733541169998166,0,0.13185402530717,0.0643682376673391,0.803044195855492
274773.411807,2771866.126422,0.0256551218618288,0.00751328568810702,0,0.0148433205057724,0.144768187648891,0.8072200842954
262773.411807,2771366.126422,0.0433212996389892,0.0334937825912555,0.00481347773766546,0.475531488166867,0.0617729643000401,0.381066987565183
263273.411807,2771366.126422,0.063302752293578,0.0207339449541284,0,0.592844036697248,0.227522935779817,0.0955963302752294
263773.411807,2771366.126422,0.232434415703541,0.024399192808659,0,0.332232617868281,0.104017611447441,0.306916162172079
264273.411807,2771366.126422,0.0791208791208791,0.0752747252747253,0,0.204029304029304,0.18040293040293,0.461172161172161
264773.411807,2771366.126422,0.041651376146789,0.151743119266055,0.00880733944954129,0.428990825688073,0.206238532110092,0.16256880733945
265273.411807,2771366.126422,0.152815997064759,0.0436617134470739,0,0.167859108420473,0.117960007338103,0.517703173729591
265773.411807,2771366.126422,0.158791208791209,0.0172161172161172,0.000183150183150183,0.0750915750915751,0.123992673992674,0.624725274725275
266273.411807,2771366.126422,0.213211009174312,0.0478899082568807,0,0.0139449541284404,0.0344954128440367,0.69045871559633
266773.411807,2771366.126422,0.0735644835809943,0.029535864978903,0,0.0986974866996881,0.137039075399009,0.661163089341405
267273.411807,2771366.126422,0.0478021978021978,0.132967032967033,0.0243589743589744,0.080952380952381,0.139377289377289,0.574542124542124
267773.411807,2771366.126422,0.0471559633027523,0.0335779816513761,0.00440366972477064,0.281834862385321,0.198899082568807,0.434128440366972
268273.411807,2771366.126422,0.0970464135021097,0.0225646670335718,0,0.173362685745735,0.101082370207301,0.605943863511282
268773.411807,2771366.126422,0.0688644688644689,0.0668498168498168,0.122710622710623,0.0754578754578755,0.0758241758241758,0.59029304029304
269273.411807,2771366.126422,0.0862385321100917,0.0418348623853211,0.199816513761468,0.122201834862385,0.103669724770642,0.446238532110092
269773.411807,2771366.126422,0.0810860392588516,0.0517336268574573,0,0.101449275362319,0.0939277196844616,0.671803338836911
270273.411807,2771366.126422,0.0804029304029304,0.145970695970696,0.140659340659341,0.0994505494505494,0.0847985347985348,0.448717948717949
270773.411807,2771366.126422,0.095045871559633,0.224587155963303,0,0.0555963302752294,0.0722935779816514,0.552477064220184
271273.411807,2771366.126422,0.121812511465786,0.00201797835259585,0,0.130434782608696,0.0748486516235553,0.670886075949367
271773.411807,2771366.126422,0.0708791208791209,0.0340659340659341,0,0.105860805860806,0.0815018315018315,0.707692307692308
272273.411807,2771366.126422,0.0376146788990826,0.0264220183486239,0.0172477064220183,0.0979816513761468,0.0921100917431193,0.728623853211009
272773.411807,2771366.126422,0.107319757842598,0.0559530361401578,0,0.146211704274445,0.139607411484131,0.550908090258668
273273.411807,2771366.126422,0.121794871794872,0.00934065934065934,0.0137362637362637,0.0558608058608059,0.0855311355311355,0.713736263736264
273773.411807,2771366.126422,0.00110091743119266,0.0688073394495413,0,0.305871559633028,0.0763302752293578,0.547889908256881
274273.411807,2771366.126422,0.014125848468171,0.00366905155017428,0,0.00348559897266557,0.090442120711796,0.888277380297193
274773.411807,2771366.126422,0.0866300366300366,0.000366300366300366,0,0.047985347985348,0.115934065934066,0.749084249084249
262773.411807,2770866.126422,0.197030497592295,0.0607945425361156,0,0.0154494382022472,0.0345104333868379,0.692215088282504
263273.411807,2770866.126422,0.113186813186813,0.021978021978022,0.00750915750915751,0.443956043956044,0.161172161172161,0.252197802197802
263773.411807,2770866.126422,0.0137362637362637,0.0686813186813187,0.00128205128205128,0.361721611721612,0.202197802197802,0.352380952380952
264273.411807,2770866.126422,0.0584891822515585,0.0324532453245325,0.00055005500550055,0.552438577191052,0.180968096809681,0.175100843417675
264773.411807,2770866.126422,0.0811355311355311,0.17967032967033,0.08003663003663,0.0684981684981685,0.167399267399267,0.423260073260073
265273.411807,2770866.126422,0.071978021978022,0.379487179487179,0.0591575091575092,0.00384615384615385,0.00952380952380952,0.476007326007326
265773.411807,2770866.126422,0.236707004033737,0.0715071507150715,0,0.0198019801980198,0.0537220388705537,0.618261826182618
266273.411807,2770866.126422,0.143589743589744,0.0838827838827839,0,0.0111721611721612,0.0166666666666667,0.744688644688645
266773.411807,2770866.126422,0.0485347985347985,0.0554945054945055,0.00677655677655678,0.0879120879120879,0.151831501831502,0.649450549450549
267273.411807,2770866.126422,0.0878254492115878,0.0935093509350935,0.00311697836450312,0.117161716171617,0.116611661166117,0.581774844151082
267773.411807,2770866.126422,0.177472527472527,0.0141025641025641,0,0.161355311355311,0.0895604395604396,0.557509157509158
268273.411807,2770866.126422,0.110622710622711,0.028021978021978,0.000183150183150183,0.105311355311355,0.0904761904761905,0.665384615384615
268773.411807,2770866.126422,0.1002933626696,0.035020168683535,0,0.21983865053172,0.147048038137147,0.497799779977998
269273.411807,2770866.126422,0.0542124542124542,0.0245421245421245,0.0619047619047619,0.378571428571429,0.12014652014652,0.360622710622711
269773.411807,2770866.126422,0.123626373626374,0.0380952380952381,0,0.0197802197802198,0.0271062271062271,0.791391941391941
270273.411807,2770866.126422,0.113861386138614,0.157499083241658,0,0.0566556655665567,0.0473047304730473,0.624679134580125
270773.411807,2770866.126422,0.0547619047619048,0.224175824175824,0,0.0542124542124542,0.0652014652014652,0.601648351648352
271273.411807,2770866.126422,0.104578754578755,0.013003663003663,0,0.0994505494505494,0.0637362637362637,0.719230769230769
271773.411807,2770866.126422,0.0793912724605794,0.0077007700770077,0,0.0608727539420609,0.0938760542720939,0.758159149248258
272273.411807,2770866.126422,0.0364468864468864,0.00586080586080586,0,0.128571428571429,0.134432234432234,0.694688644688645
272773.411807,2770866.126422,0.0545787545787546,0.0558608058608059,0,0.0635531135531135,0.065018315018315,0.760989010989011
273273.411807,2770866.126422,0.0304363769710304,0.0177851118445178,0.000183351668500183,0.171800513384672,0.12009534286762,0.65969930326366
273773.411807,2770866.126422,0.0620879120879121,0.0258241758241758,0.141025641025641,0.0840659340659341,0.0952380952380952,0.591758241758242
274273.411807,2770866.126422,0.12014652014652,0.0285714285714286,0.0256410256410256,0.036996336996337,0.103663003663004,0.684981684981685
274773.411807,2770866.126422,0.170517051705171,0.0113678034470114,0.000733406674000733,0.0284195086175284,0.0698569856985699,0.719105243857719
262773.411807,2770366.126422,0.233747993579454,0.00943017656500802,0,0.0419341894060995,0.0658105939004815,0.649077046548957
263273.411807,2770366.126422,0.1159845843274,0.1950816663608,0,0.217287575701964,0.234354927509635,0.237291246100202
263773.411807,2770366.126422,0.061984228864845,0.0603337612323492,0.00146708233999633,0.597285897671007,0.170548322024574,0.108380707867229
264273.411807,2770366.126422,0.0584570276708814,0.0221733553234378,0,0.557265897013011,0.157229246838922,0.204874473153747
264773.411807,2770366.126422,0.13690585428519,0.40264268673151,0.0165167920719398,0.0106441548908057,0.0288126261699394,0.404477885850615
265273.411807,2770366.126422,0.183385292499542,0.157527966257106,0,0.00330093526499175,0.0231065468549422,0.632679259123418
265773.411807,2770366.126422,0.145501191130658,0.111233278358072,0,0.0163093274693055,0.0234561114165292,0.703500091625435
266273.411807,2770366.126422,0.198935584510919,0.063497889521013,0,0.0284455863461186,0.0530372545421178,0.656083685079831
266773.411807,2770366.126422,0.0691362552723272,0.103429304969741,0.145241151659637,0.207041995231982,0.0229231615624427,0.452228131303869
267273.411807,2770366.126422,0.123144584936778,0.072200842954004,0,0.00201575957485798,0.017042330951072,0.785596481583288
267773.411807,2770366.126422,0.160946962745458,0.0343182235272527,0,0.026977427050835,0.0590934116351624,0.718663975041292
268273.411807,2770366.126422,0.135154960572162,0.0823399963322941,0,0.0529983495323675,0.0489638730973776,0.680542820465799
268773.411807,2770366.126422,0.0623052959501558,0.0657870624885468,0,0.0404984423676012,0.0489279824079164,0.78248121678578
269273.411807,2770366.126422,0.0541383740135805,0.0750596439713709,0.19104422829877,0.0214718296935217,0.0554230133969536,0.602862910625803
269773.411807,2770366.126422,0.102328993214744,0.0339262791124152,0,0.0711534934898221,0.0729873464148175,0.719603887768201
