"x","y","forest","agri","water","built","other","grass"
185773.411807,2488866.126422,0.0541871921182266,0.174603174603175,0.000273672687465791,0.506294471811713,0.118226600985222,0.146414887794198
186273.411807,2488866.126422,0.0799689440993789,0.112383540372671,0.0062111801242236,0.453416149068323,0.174301242236025,0.173718944099379
186773.411807,2488866.126422,0.0347168347556245,0.152637703646237,0.0226920093095423,0.404383242823894,0.129169899146625,0.256400310318076
187273.411807,2488866.126422,0.0414969943765755,0.388598022105876,0.0147372503393446,0.125460539073105,0.112856311809191,0.316850882295908
187773.411807,2488866.126422,0.0890916149068323,0.130434782608696,0.0219332298136646,0.216420807453416,0.12694099378882,0.415178571428571
188273.411807,2488866.126422,0.122575640031032,0.0713731574864236,0.0201706749418154,0.415244375484872,0.115593483320403,0.255042668735454
188773.411807,2488866.126422,0.179561760713593,0.169478378902463,0.00213302307543145,0.329455109559822,0.102579018809385,0.216792708939306
189273.411807,2488866.126422,0.0654114906832298,0.145574534161491,0.0186335403726708,0.517468944099379,0.0716226708074534,0.181288819875776
189773.411807,2488866.126422,0.0310318076027929,0.118308766485648,0.0705973622963538,0.593483320403413,0.0985259891388673,0.0880527540729247
190273.411807,2488866.126422,0.0217180531316657,0.392088423502036,0.210393639713011,0.21310839635447,0.0058173356602676,0.15687415163855
190773.411807,2488866.126422,0.0716226708074534,0.137034161490683,0.00659937888198758,0.00912267080745342,0.0337732919254658,0.741847826086957
191273.411807,2488866.126422,0.0550814584949573,0.299650892164469,0,0.0226920093095423,0.0310318076027929,0.591543832428239
191773.411807,2488866.126422,0.0478960636028699,0.188287764203995,0,0.0409152608105488,0.0453752181500873,0.6775256932325
192273.411807,2488866.126422,0.077445652173913,0.0689052795031056,0.0960791925465839,0.340256211180124,0.172942546583851,0.244371118012422
192773.411807,2488866.126422,0.0663304887509697,0.171644685802948,0.000969743987587277,0.174166020170675,0.202094647013189,0.384794414274632
193273.411807,2488866.126422,0.0292805894900136,0.396160558464223,0.00620515803761877,0.11731626914873,0.0641846034516192,0.386852821407795
193773.411807,2488866.126422,0.0663819875776397,0.511451863354037,0,0.00892857142857143,0.0572593167701863,0.355978260869565
194273.411807,2488866.126422,0.0479053529868115,0.29499612102405,0,0.0246314972847168,0.0632273079906905,0.569239720713732
194773.411807,2488866.126422,0.0682567384138065,0.171611401977894,0.263525305410122,0.0754314523948032,0.138646499903044,0.28252860190033
195273.411807,2488866.126422,0.112577639751553,0.221079192546584,0.016304347826087,0.00601708074534161,0.0729813664596273,0.571040372670807
195773.411807,2488866.126422,0.0372381691233514,0.432505818463926,0.00329712955779674,0.0230799069045772,0.139837083010085,0.364041892940264
196273.411807,2488866.126422,0.0376187706030638,0.462090362613923,0,0.00484777971688966,0.114601512507272,0.380841574558852
196773.411807,2488866.126422,0.0302795031055901,0.548718944099379,0,0.00232919254658385,0.0194099378881988,0.399262422360248
197273.411807,2488866.126422,0.0581846392552366,0.297711404189294,0.000387897595034911,0.0271528316524438,0.155159038013964,0.461404189294026
197773.411807,2488866.126422,0.10413030831879,0.197983323637774,0,0.00135737832072911,0.0387822377351173,0.65774675198759
198273.411807,2488866.126422,0.0674048174048174,0.0961538461538462,0,0.0407925407925408,0.112082362082362,0.683566433566434
186273.411807,2488366.126422,0.0507604911123328,0.10207073483599,0.013560564412681,0.572109217518783,0.103536741799524,0.157962250320689
186773.411807,2488366.126422,0.0585428518994311,0.105890989172325,0.0144980730409249,0.538630941457148,0.137639933932832,0.144797210497339
187273.411807,2488366.126422,0.0473134054648817,0.17219878965707,0,0.30790390610673,0.132587566477169,0.33999633229415
187773.411807,2488366.126422,0.0731170973062122,0.183067619571193,0.104452996151732,0.350558915154847,0.0875939160711013,0.201209455744915
188273.411807,2488366.126422,0.159111763626353,0.18260231235089,0.0172508717195816,0.293998898880529,0.109744907322444,0.237291246100202
188773.411807,2488366.126422,0.0462130937098845,0.0522648083623693,0,0.776269943150559,0.0896754080322758,0.0355767467449111
189273.411807,2488366.126422,0.0791643760307861,0.202675462708448,0.0355506688656771,0.403701667582921,0.0718343412131208,0.207073483599047
189773.411807,2488366.126422,0.0387227014131033,0.066801247935401,0.0242246283721784,0.615342264635713,0.0748761240594605,0.180033033584144
190273.411807,2488366.126422,0,0.0418118466898955,0.461030625343847,0.341830185219145,0,0.155327342747112
190773.411807,2488366.126422,0.0175920835623969,0.0940076965365585,0.105002748763057,0.0106285504856148,0,0.772768920652373
191273.411807,2488366.126422,0.0717562855569829,0.230501009359516,0.0334006239677005,0.000183519911910442,0.00385391815011929,0.660304643053771
191773.411807,2488366.126422,0.0372272143774069,0.140289748762149,0.132220795892169,0.0144874381074638,0.0427287731523932,0.633046029708417
192273.411807,2488366.126422,0.0533260032985157,0.142202675462708,0.115997800989555,0.204874473153747,0.153014476818765,0.330584570276709
192773.411807,2488366.126422,0.146081849880712,0.132134336575518,0.00752431638832813,0.0899247568361167,0.211047898697009,0.413286841622316
193273.411807,2488366.126422,0.0405281496423987,0.198422886484504,0.0275077938749312,0.140656519347148,0.126352466532184,0.466532184118834
193773.411807,2488366.126422,0.0853949056258017,0.407366684991754,0,0.0390324354040682,0.10207073483599,0.366135239142386
194273.411807,2488366.126422,0.0548724536612222,0.24059460451459,0,0.280234905487245,0.181134153055607,0.243163883281336
194773.411807,2488366.126422,0.0460297084173849,0.11204841371722,0.176966807262058,0.0618008435723455,0.118650284247203,0.484503942783789
195273.411807,2488366.126422,0.0218068535825545,0.305295950155763,0.283489096573209,0.0355506688656771,0.0668865677111966,0.2869708631116
195773.411807,2488366.126422,0.0666177280234905,0.567076527803267,0.0295467058175812,0.00532207744540283,0.0218388695173426,0.309598091392916
196273.411807,2488366.126422,0.0124701998899688,0.769668072620576,0,0,0.0282413350449294,0.189620392444526
196773.411807,2488366.126422,0.064687557265897,0.613157412497709,0,0.000733003481766538,0.0225398570643211,0.298882169690306
197273.411807,2488366.126422,0.0159662323362085,0.626353459350339,0,0,0.0168838318957607,0.340796476417691
197773.411807,2488366.126422,0.0825233816247937,0.120484137172199,0,0.0353933614524115,0.148358701632129,0.613240418118467
198273.411807,2488366.126422,0.0530080704328687,0.436353631694791,0,0.0247615553925165,0.0663976522377109,0.419479090242113
187273.411807,2487866.126422,0.075032104201064,0.115942028985507,0.00935608145294441,0.481196110805357,0.135388002201431,0.183085672353697
187773.411807,2487866.126422,0.104578754578755,0.104212454212454,0.0139194139194139,0.465567765567766,0.115750915750916,0.195970695970696
188273.411807,2487866.126422,0.124036697247706,0.29651376146789,0.0100917431192661,0.332477064220183,0.0458715596330275,0.191009174311927
188773.411807,2487866.126422,0.0759493670886076,0.150064208402128,0,0.66042927903137,0.0337552742616034,0.0798018712162906
189273.411807,2487866.126422,0.023992673992674,0.317765567765568,0.0602564102564103,0.230952380952381,0.0478021978021978,0.319230769230769
189773.411807,2487866.126422,0.0335779816513761,0.342201834862385,0,0.073394495412844,0.0796330275229358,0.471192660550459
190273.411807,2487866.126422,0,0.00568702990277013,0.289671619886259,0.701339203815814,0.000733810310034856,0.002568336085122
190773.411807,2487866.126422,0.00274725274725275,0.222710622710623,0.427472527472527,0.0644688644688645,0.00238095238095238,0.28021978021978
191273.411807,2487866.126422,0.0785321100917431,0.165321100917431,0.113761467889908,0.0576146788990826,0.00128440366972477,0.58348623853211
191773.411807,2487866.126422,0.073747936158503,0.180884241423592,0.272610530177949,0.0262337185837461,0.0416437350944781,0.404879838561732
192273.411807,2487866.126422,0.122344322344322,0.142490842490842,0.192857142857143,0.137362637362637,0.150549450549451,0.254395604395604
192773.411807,2487866.126422,0.131926605504587,0.191743119266055,0.00899082568807339,0.0192660550458716,0.0900917431192661,0.557981651376147
193273.411807,2487866.126422,0.0836543753439736,0.459732159236837,0,0.00953953403045313,0.0434782608695652,0.403595670519171
193773.411807,2487866.126422,0.0639194139194139,0.288644688644689,0,0.00659340659340659,0.0586080586080586,0.582234432234432
194273.411807,2487866.126422,0.0645871559633028,0.0322935779816514,0,0.457614678899083,0.147155963302752,0.298348623853211
194773.411807,2487866.126422,0.0610897083104018,0.0629242340854889,0.0592551825353146,0.384700055035773,0.215006420840213,0.217024399192809
195273.411807,2487866.126422,0.0223443223443223,0.123809523809524,0.135531135531136,0.41043956043956,0.0633699633699634,0.244505494505494
195773.411807,2487866.126422,0.0992660550458716,0.0774311926605505,0,0.295963302752294,0.221100917431193,0.306238532110092
196273.411807,2487866.126422,0.0946615299944964,0.461933590166942,0,0.01284168042561,0.0700788846083287,0.360484314804623
196773.411807,2487866.126422,0.036996336996337,0.559340659340659,0,0.0102564102564103,0.126739926739927,0.266666666666667
197273.411807,2487866.126422,0.0669724770642202,0.214678899082569,0,0.0996330275229358,0.189357798165138,0.429357798165138
197773.411807,2487866.126422,0.0585213722252798,0.44799119427628,0,0.0379746835443038,0.113190240322877,0.34232250963126
198273.411807,2487866.126422,0.0641613198900092,0.369385884509624,0,0.028230980751604,0.0978918423464711,0.440329972502292
187773.411807,2487366.126422,0.112577924459113,0.0715071507150715,0.00568390172350568,0.481848184818482,0.133663366336634,0.194719471947195
188273.411807,2487366.126422,0.067032967032967,0.117216117216117,0.0545787545787546,0.525274725274725,0.0747252747252747,0.161172161172161
188773.411807,2487366.126422,0.146336996336996,0.10989010989011,0.00366300366300366,0.506410256410256,0.0600732600732601,0.173626373626374
189273.411807,2487366.126422,0.164833149981665,0.0843417675100843,0.0993766043270994,0.398973230656399,0.0762742940960763,0.176200953428676
189773.411807,2487366.126422,0.197619047619048,0.222161172161172,0.0119047619047619,0.273443223443223,0.06996336996337,0.224908424908425
190273.411807,2487366.126422,0.00274725274725275,0.0269230769230769,0.23974358974359,0.66996336996337,0.00146520146520147,0.0591575091575092
190773.411807,2487366.126422,0,0.177484415108177,0.633113311331133,0.14008067473414,0,0.0493215988265493
191273.411807,2487366.126422,0.0267399267399267,0.280952380952381,0.303479853479853,0.0600732600732601,0.0155677655677656,0.313186813186813
191773.411807,2487366.126422,0.00714285714285714,0.238278388278388,0.425274725274725,0.015018315018315,0.0426739926739927,0.271611721611722
192273.411807,2487366.126422,0.152915291529153,0.138613861386139,0.0597726439310598,0.142647598093143,0.0979097909790979,0.408140814081408
192773.411807,2487366.126422,0.23956043956044,0.141758241758242,0,0.155494505494505,0.149450549450549,0.313736263736264
193273.411807,2487366.126422,0.0236263736263736,0.444871794871795,0.0124542124542125,0.0115384615384615,0.0274725274725275,0.48003663003663
193773.411807,2487366.126422,0.0320865419875321,0.254308764209754,0.0113678034470114,0.0942427576090942,0.162449578291162,0.445544554455446
194273.411807,2487366.126422,0.0311355311355311,0.0386446886446886,0,0.406776556776557,0.142124542124542,0.381318681318681
194773.411807,2487366.126422,0.0386446886446886,0.0424908424908425,0.401648351648352,0.144688644688645,0.0547619047619048,0.317765567765568
195273.411807,2487366.126422,0.0627062706270627,0.203887055372204,0.0782911624495783,0.211037770443711,0.101760176017602,0.342317565089842
195773.411807,2487366.126422,0.10970695970696,0.0789377289377289,0,0.338278388278388,0.113369963369963,0.35970695970696
196273.411807,2487366.126422,0.107326007326007,0.299450549450549,0,0.000183150183150183,0.0304029304029304,0.562637362637363
196773.411807,2487366.126422,0.063989732306564,0.58984231756509,0,0.0044004400440044,0.037953795379538,0.303813714704804
197273.411807,2487366.126422,0.0681318681318681,0.263553113553114,0.0142857142857143,0.0752747252747253,0.284981684981685,0.293772893772894
197773.411807,2487366.126422,0.036996336996337,0.215018315018315,0,0.0278388278388278,0.106227106227106,0.613919413919414
198273.411807,2487366.126422,0.0840366972477064,0.0996330275229358,0,0,0.00495412844036697,0.811376146788991
188773.411807,2486866.126422,0.0370438290849074,0.190537318907024,0.0805061434072987,0.324591967724189,0.0786722904823033,0.288648450394278
189273.411807,2486866.126422,0.0813633864760858,0.152831225948323,0.0201575957485798,0.321238775884185,0.153930731170973,0.270478284771853
189773.411807,2486866.126422,0.0225729491649844,0.162231602128831,0.33602495870802,0.309598091392916,0.0385391815011929,0.131033217104056
190273.411807,2486866.126422,0,0.0022006235099945,0.889051898037777,0.106363469649734,0.00238400880249404,0
190773.411807,2486866.126422,0,0,0.860912589334799,0.139087410665201,0,0
191273.411807,2486866.126422,0.00440447788585061,0.0932281152505047,0.383189576069004,0.418425399155808,0.00495503762158194,0.0957973940172509
191773.411807,2486866.126422,0,0.250137538969375,0.47185035760132,0.0662020905923345,0.0326425820649184,0.179167430772052
192273.411807,2486866.126422,0.10536925050394,0.116364302730438,0.0163093274693055,0.437786329485065,0.116914055341763,0.207256734469489
192773.411807,2486866.126422,0.0697375665259681,0.0423930996513122,0.00256927876674619,0.496604881629657,0.206826940723068,0.181868232703248
193273.411807,2486866.126422,0.0799559875298001,0.0584999083073537,0.0276911791674308,0.44415917843389,0.127086007702182,0.262607738859343
193773.411807,2486866.126422,0.0201575957485798,0.169873556899395,0.122411581455012,0.130291368884002,0.10317024005864,0.454095656954371
194273.411807,2486866.126422,0.0436777390346853,0.125894659570563,0.138374013580473,0.0844191594788034,0.0879060378051019,0.519728390530373
194773.411807,2486866.126422,0.0170548322024574,0.146341463414634,0.250871080139373,0.378323858426554,0.133871263524665,0.0735375022923162
195273.411807,2486866.126422,0.0397654388858347,0.175004581271761,0.0047645226314825,0.468389224848818,0.130657870624885,0.181418361737218
195773.411807,2486866.126422,0.0633143696091026,0.368691503028079,0,0.000183519911910442,0.0368875022939989,0.53092310515691
196273.411807,2486866.126422,0.035209976159912,0.437924078488905,0,0.0053181734824867,0.0533651201173666,0.46818265175133
196773.411807,2486866.126422,0.021073850100788,0.693787795492029,0,0.00329851566794942,0.00824628916987356,0.27359354956936
197273.411807,2486866.126422,0.0176179115434025,0.569645806570013,0,0.00146815929528354,0.0471646173609837,0.364103505230317
197773.411807,2486866.126422,0.0258573262424354,0.241701815514396,0,0,0.00128369704749679,0.731157161195672
198273.411807,2486866.126422,0.0099046221570066,0.189288334556126,0,0,0.022560528246515,0.778246515040352
189773.411807,2486366.126422,0.0124770642201835,0.061651376146789,0.285871559633028,0.53394495412844,0.044954128440367,0.0611009174311927
191273.411807,2486366.126422,0,0,0.00458715596330275,0.995412844036697,0,0
191773.411807,2486366.126422,0.00532012474775271,0.134470739313887,0.0150431113557145,0.705008255365988,0.00678774536782242,0.133370023848835
192273.411807,2486366.126422,0.0663003663003663,0.073992673992674,0.0443223443223443,0.566666666666667,0.11978021978022,0.128937728937729
192773.411807,2486366.126422,0.0730275229357798,0.0543119266055046,0.0128440366972477,0.523853211009174,0.14605504587156,0.189908256880734
193273.411807,2486366.126422,0.0555861309851403,0.150614566134654,0.089157952669235,0.202715098147129,0.0522839845899835,0.449642267473858
193773.411807,2486366.126422,0.0181318681318681,0.163919413919414,0.245787545787546,0.305677655677656,0.0307692307692308,0.235714285714286
194273.411807,2486366.126422,0.0267889908256881,0.0310091743119266,0.415229357798165,0.37743119266055,0.0691743119266055,0.0803669724770642
194773.411807,2486366.126422,0.0317372959090075,0.109154283617685,0,0.432397725188039,0.141625389836727,0.285085305448542
195273.411807,2486366.126422,0.0194139194139194,0.279304029304029,0.000183150183150183,0.289194139194139,0.142857142857143,0.269047619047619
195773.411807,2486366.126422,0,0.878348623853211,0,0,0,0.121651376146789
196273.411807,2486366.126422,0.00550357732526142,0.642084021280499,0,0.000183452577508714,0.00898917629792699,0.343239772518804
196773.411807,2486366.126422,0.00549450549450549,0.684798534798535,0,0,0.00146520146520147,0.308241758241758
197273.411807,2486366.126422,0.0190825688073394,0.516146788990826,0,0,0.0372477064220183,0.427522935779817
197773.411807,2486366.126422,0.00990643918547056,0.251513483764447,0,0,0.00513667217024399,0.733443404879839
198273.411807,2486366.126422,0.0108157653528873,0.480843263061412,0,0,0.00238313473877177,0.505957836846929
191773.411807,2485866.126422,0.0210622710622711,0.0252747252747253,0,0.875091575091575,0.0241758241758242,0.0543956043956044
192273.411807,2485866.126422,0.00715071507150715,0.147598093142648,0.0973597359735974,0.64961496149615,0.017968463513018,0.0803080308030803
192773.411807,2485866.126422,0.0212454212454212,0.0489010989010989,0.595238095238095,0.247802197802198,0.0326007326007326,0.0542124542124542
193273.411807,2485866.126422,0.0252747252747253,0.0507326007326007,0.514468864468864,0.259340659340659,0.0505494505494506,0.0996336996336996
193773.411807,2485866.126422,0.0913091309130913,0.0753575357535754,0.149064906490649,0.468646864686469,0.117345067840117,0.0982764943160983
194273.411807,2485866.126422,0.00750915750915751,0.0256410256410256,0,0.873443223443223,0.0558608058608059,0.0375457875457875
194773.411807,2485866.126422,0.0333333333333333,0.0624542124542125,0,0.597435897435897,0.176190476190476,0.130586080586081
195273.411807,2485866.126422,0.0366703337000367,0.364503116978365,0.0172350568390172,0.190685735240191,0.0836083608360836,0.307297396406307
195773.411807,2485866.126422,0.0611721611721612,0.695054945054945,0.0340659340659341,0.0247252747252747,0.0382783882783883,0.146703296703297
196273.411807,2485866.126422,0.0137362637362637,0.51025641025641,0,0.00402930402930403,0.0347985347985348,0.437179487179487
196773.411807,2485866.126422,0.0168683535020169,0.371287128712871,0.0841584158415842,0.158415841584158,0.0564723138980565,0.312797946461313
197273.411807,2485866.126422,0.0135531135531136,0.397252747252747,0,0.0100732600732601,0.0692307692307692,0.50989010989011
197773.411807,2485866.126422,0.00238095238095238,0.571062271062271,0,0,0.00274725274725275,0.423809523809524
198273.411807,2485866.126422,0.0102752293577982,0.706605504587156,0,0,0.00256880733944954,0.280550458715596
192273.411807,2485366.126422,0.0236393622869709,0.0196078431372549,0.0498442367601246,0.850100787978743,0.040131940626718,0.0166758292101887
192773.411807,2485366.126422,0.0181684712791338,0.0211047898697009,0.104973389612773,0.80510185355111,0.0359699027344467,0.0146815929528354
193273.411807,2485366.126422,0.0124701998899688,0.00788556757748029,0.00165046763249587,0.931230515312672,0.044379240784889,0.00238400880249404
193773.411807,2485366.126422,0.0678028220634048,0.0390324354040682,0.000366501740883269,0.667766171889317,0.132123877588419,0.0929081913139087
194273.411807,2485366.126422,0.0378051018535511,0.0526702147182969,0.00605615709304459,0.743439163149202,0.112681225913012,0.0473481372728941
194773.411807,2485366.126422,0.0500641848523748,0.174032642582065,0.00953603520997616,0.446726572528883,0.122868145974693,0.196772418852008
195273.411807,2485366.126422,0.0196078431372549,0.25673446948873,0.0273043796958036,0.260032985156679,0.126259849734286,0.310060472787246
195773.411807,2485366.126422,0.0326665443200587,0.196549825656084,0.0466140576252523,0.135988254725638,0.131583776839787,0.45659754083318
196273.411807,2485366.126422,0.0216394645149459,0.293049697414267,0,0.0100861910874748,0.0729873464148175,0.602237300568494
196773.411807,2485366.126422,0.0203408466190214,0.328385559831409,0.0518599963349826,0.00604727872457394,0.0445299615173172,0.548836356972696
197273.411807,2485366.126422,0.0229399889888053,0.3901633327216,0,0.00275279867865663,0.0467975775371628,0.537346302073775
197773.411807,2485366.126422,0.0256739409499358,0.408582431688979,0,0.004401247019989,0.0423620025673941,0.518980377773703
198273.411807,2485366.126422,0.00586940572267058,0.496148202494497,0,0,0.00550256786500367,0.492479823917828
192273.411807,2484866.126422,0.0600732600732601,0.078021978021978,0.552930402930403,0.176739926739927,0.0489010989010989,0.0833333333333333
192773.411807,2484866.126422,0.0365137614678899,0.0124770642201835,0.00146788990825688,0.849908256880734,0.0609174311926605,0.0387155963302752
193273.411807,2484866.126422,0.0445789763346175,0.0385250412768299,0.0337552742616034,0.773802971931756,0.063474591818015,0.0458631443771785
193773.411807,2484866.126422,0.332967032967033,0.129304029304029,0.00879120879120879,0.179487179487179,0.111904761904762,0.237545787545788
194273.411807,2484866.126422,0.0779816513761468,0.107339449541284,0.0108256880733945,0.487889908256881,0.0994495412844037,0.21651376146789
194773.411807,2484866.126422,0.0697119794533113,0.102183085672354,0.016694184553293,0.447073931388736,0.110071546505228,0.254265272427078
195273.411807,2484866.126422,0.0736263736263736,0.108241758241758,0,0.358791208791209,0.128388278388278,0.330952380952381
195773.411807,2484866.126422,0.0497247706422018,0.168256880733945,0.0587155963302752,0.0686238532110092,0.0774311926605505,0.577247706422018
196273.411807,2484866.126422,0.0117409649605577,0.170610897083104,0.29957805907173,0.094294624839479,0.0544854155200881,0.369290038525041
196773.411807,2484866.126422,0.0336996336996337,0.169047619047619,0.0395604395604396,0.0642857142857143,0.054029304029304,0.639377289377289
197273.411807,2484866.126422,0.0477064220183486,0.26605504587156,0.00036697247706422,0.0910091743119266,0.160733944954128,0.434128440366972
197773.411807,2484866.126422,0.0717299578059072,0.109521188772702,0,0.383599339570721,0.28104934874335,0.15410016510732
198273.411807,2484866.126422,0.0106324472960587,0.352703941338222,0,0.00439963336388634,0.0670944087992667,0.565169569202566
192773.411807,2484366.126422,0.108241758241758,0.0937728937728938,0.176739926739927,0.194139194139194,0.0377289377289377,0.389377289377289
193273.411807,2484366.126422,0.0725274725274725,0.114652014652015,0.107326007326007,0.432967032967033,0.0408424908424908,0.231684981684982
193773.411807,2484366.126422,0.0465713237990466,0.266043270993766,0.138063806380638,0.273560689402274,0.0597726439310598,0.215988265493216
194273.411807,2484366.126422,0.00934065934065934,0.155494505494505,0.475274725274725,0.146703296703297,0.0377289377289377,0.175457875457875
194773.411807,2484366.126422,0.0148351648351648,0.0507326007326007,0.601098901098901,0.223260073260073,0.0183150183150183,0.0917582417582418
195273.411807,2484366.126422,0.0185185185185185,0.215621562156216,0.286211954528786,0.235973597359736,0.0471213788045471,0.196552988632197
195773.411807,2484366.126422,0.0371794871794872,0.162637362637363,0.253663003663004,0.214285714285714,0.0384615384615385,0.293772893772894
196273.411807,2484366.126422,0.063003663003663,0.194139194139194,0.261904761904762,0.185897435897436,0.0882783882783883,0.206776556776557
196773.411807,2484366.126422,0.0491382471580491,0.113494682801613,0.193069306930693,0.146497983131646,0.132563256325633,0.365236523652365
197273.411807,2484366.126422,0.0401098901098901,0.115384615384615,0.222710622710623,0.100915750915751,0.127655677655678,0.393223443223443
197773.411807,2484366.126422,0.0368131868131868,0.333150183150183,0.0278388278388278,0.147069597069597,0.126923076923077,0.328205128205128
198273.411807,2484366.126422,0.0418348623853211,0.239082568807339,0.100917431192661,0.0840366972477064,0.140366972477064,0.393761467889908
193273.411807,2483866.126422,0.100861910874748,0.116449660737209,0.158995048597103,0.348248670456629,0.0544654318723638,0.220979277461948
193773.411807,2483866.126422,0.0296866410115448,0.126443100604728,0.496793109767271,0.125343595382078,0.0214403518416712,0.200293201392707
194273.411807,2483866.126422,0.0168838318957607,0.0919434758671316,0.62249954120022,0.100018351991191,0.0130299137456414,0.155624885300055
194773.411807,2483866.126422,0,0.0187052998349532,0.880982945167798,0.0964606638547588,0,0.00385109114249037
195273.411807,2483866.126422,0.00311526479750779,0.0459959684808503,0.513102437236577,0.407549935862195,0.000366501740883269,0.0298698918819864
195773.411807,2483866.126422,0.00367039823820885,0.0288126261699394,0.576069003486878,0.377133418975959,0.00367039823820885,0.0106441548908057
196273.411807,2483866.126422,0.0231065468549422,0.0913258756647717,0.539336145241152,0.177700348432056,0.0462130937098845,0.122317990097194
196773.411807,2483866.126422,0.125160344511636,0.155213487264065,0,0.108301264431006,0.117097306212205,0.494227597581089
197273.411807,2483866.126422,0.0948797944576987,0.141677371994861,0.116718663975041,0.205358781427785,0.121123141860892,0.320242246283722
197773.411807,2483866.126422,0.0269576379974326,0.0777553640198056,0.291582615074271,0.325142123601687,0.127086007702182,0.151476251604621
198273.411807,2483866.126422,0.0873074101247249,0.133345561261922,0.0630961115187087,0.055575935436537,0.0581438004402054,0.602531181217902
193773.411807,2483366.126422,0.032051282051282,0.208424908424908,0.182234432234432,0.312454212454212,0.0336996336996337,0.231135531135531
194273.411807,2483366.126422,0.0111926605504587,0.155779816513761,0.401834862385321,0.181834862385321,0.0130275229357798,0.236330275229358
194773.411807,2483366.126422,0,0,0.805173362685746,0.194826637314254,0,0
195273.411807,2483366.126422,0,0,0.00787545787545788,0.992124542124542,0,0
195773.411807,2483366.126422,0,0,0,1,0,0
196273.411807,2483366.126422,0.0148596587782058,0.00862227114290956,0.0066042927903137,0.948082920565034,0.000733810310034856,0.0210970464135021
196773.411807,2483366.126422,0.0192307692307692,0.161721611721612,0.000732600732600733,0.520879120879121,0.0386446886446886,0.258791208791209
197273.411807,2483366.126422,0.0179816513761468,0.215963302752294,0.125504587155963,0.193211009174312,0.0768807339449541,0.37045871559633
197773.411807,2483366.126422,0.000550357732526142,0.116675839295542,0.543019629425793,0.272793982755458,0.0299027701339204,0.0370574206567602
198273.411807,2483366.126422,0.0188817598533456,0.123923006416132,0.529972502291476,0.0419798350137489,0.0421631530705774,0.24307974335472
194273.411807,2482866.126422,0.0730769230769231,0.123076923076923,0.110805860805861,0.418131868131868,0.0507326007326007,0.224175824175824
194773.411807,2482866.126422,0.0175824175824176,0.145787545787546,0.206043956043956,0.436630036630037,0.0258241758241758,0.168131868131868
195273.411807,2482866.126422,0,0.015951595159516,0.546571323799047,0.428676200953429,0.00421708837550422,0.00458379171250458
195773.411807,2482866.126422,0,0,0,1,0,0
196273.411807,2482866.126422,0,0,0,1,0,0
196773.411807,2482866.126422,0,0,0,1,0,0
197273.411807,2482866.126422,0.0534798534798535,0.124908424908425,0.0712454212454212,0.313369963369963,0.0474358974358974,0.38956043956044
197773.411807,2482866.126422,0.0357142857142857,0.15018315018315,0.406776556776557,0.0474358974358974,0.0194139194139194,0.34047619047619
198273.411807,2482866.126422,0.0159633027522936,0.221467889908257,0.464220183486239,0.0423853211009174,0.0354128440366972,0.220550458715596
195273.411807,2482366.126422,0.0364669232178853,0.141103170240059,0.15026571376214,0.341029869891882,0.100054975261132,0.231079347626901
195773.411807,2482366.126422,0.0110111947146265,0.0776289227381171,0.403743806202973,0.320242246283722,0.0280785465222977,0.159295283538264
196273.411807,2482366.126422,0,0,0.308454061984229,0.691545938015771,0,0
196773.411807,2482366.126422,0,0,0,1,0,0
197273.411807,2482366.126422,0,0.0154156726004772,0,0.980730409249404,0.0012846393833731,0.00256927876674619
197773.411807,2482366.126422,0.0359435173299101,0.153860260407115,0.126352466532184,0.231065468549422,0.0319090408949202,0.420869246286448
198273.411807,2482366.126422,0.0405355832721937,0.167461482024945,0.341709464416728,0.195707997065297,0.082538517975055,0.172046955245781
195773.411807,2481866.126422,0.0159633027522936,0.165321100917431,0.11651376146789,0.468440366972477,0.0238532110091743,0.209908256880734
196273.411807,2481866.126422,0.0249495505411851,0.153549807374794,0.333333333333333,0.252797651807008,0.0733810310034856,0.161988625940194
196773.411807,2481866.126422,0.000183150183150183,0.0652014652014652,0.286263736263736,0.569230769230769,0.00659340659340659,0.0725274725274725
197273.411807,2481866.126422,0.00146788990825688,0.0546788990825688,0.0678899082568807,0.781284403669725,0.018348623853211,0.0763302752293578
197773.411807,2481866.126422,0.0220143093010457,0.188772702256467,0.0777838928636947,0.323243441570354,0.0304531278664465,0.357732526141992
198273.411807,2481866.126422,0.0166819431714024,0.233180568285976,0.274610449129239,0.227131072410632,0.0284142988084326,0.219981668194317
196773.411807,2481366.126422,0.0429042904290429,0.155115511551155,0.212137880454712,0.390539053905391,0.0498716538320499,0.149431609827649
197273.411807,2481366.126422,0.0485347985347985,0.134065934065934,0.172893772893773,0.151465201465201,0.0527472527472527,0.44029304029304
197773.411807,2481366.126422,0.0021978021978022,0.166666666666667,0.377655677655678,0.205860805860806,0.0485347985347985,0.199084249084249
198273.411807,2481366.126422,0.0152293577981651,0.20256880733945,0.347339449541284,0.14,0.0458715596330275,0.248990825688073
197773.411807,2480866.126422,0.0806895286997983,0.121217678342197,0.121951219512195,0.320924261874198,0.125618925362186,0.229598386209426
198273.411807,2480866.126422,0.0629126925898753,0.208363903154806,0.165260454878944,0.152421129860602,0.0287967718268525,0.382245047688921
