"x","y","forest","agri","water","built","other","grass"
300773.411807,2779366.126422,0.221875573499725,0.0313819049366856,0.0376215819416407,0.425215635896495,0.156726004771518,0.127179298953937
301273.411807,2779366.126422,0.343297267559142,0.0212726939299468,0.0196222262974509,0.276728406381808,0.10819732257473,0.230882083256923
301773.411807,2779366.126422,0.403518416712479,0.015026571376214,0.0117280557082646,0.178669598680594,0.173538574308228,0.21751878321422
302273.411807,2779366.126422,0.469810974490732,0.0260598274912828,0.0438612589465957,0.164984400807488,0.0877225178931914,0.20756102037071
302773.411807,2779366.126422,0.17990097194205,0.041995231982395,0.0454795525398863,0.406015037593985,0.214010636346965,0.112598569594719
303273.411807,2779366.126422,0.195162177020341,0.0498442367601246,0.0566245189664651,0.396371632765256,0.186732636980026,0.115264797507788
303773.411807,2779366.126422,0.236190126628739,0.0293631859056708,0.0192695907505964,0.368324463204258,0.189209029179666,0.15764360433107
304273.411807,2779366.126422,0.635063267925912,0.00366770584999083,0.00165046763249587,0.041995231982395,0.08399046396479,0.233632862644416
304773.411807,2779366.126422,0.686457760674363,0.000549752611324904,0.000183250870441635,0.00641378046545721,0.0339014110317024,0.272494044346711
305273.411807,2779366.126422,0.780326665443201,0.000550559735731327,0,0.00495503762158194,0.0110111947146265,0.20315654248486
305773.411807,2779366.126422,0.38382541720154,0.00330093526499175,0.00128369704749679,0.0546488171648634,0.122684760682193,0.434256372638914
306273.411807,2779366.126422,0.367051493494594,0.00164925783397471,0,0.0395821880153931,0.070734835990471,0.520982224665567
306773.411807,2779366.126422,0.378234538447422,0.000550559735731327,0,0.0271609469627455,0.0814828408882364,0.512571113965865
307273.411807,2779366.126422,0.728956537685678,0.000733541169998166,0,0.00293416467999266,0.00678525582248304,0.260590500641849
307773.411807,2779366.126422,0.462708447865127,0.00623052959501558,0,0.0203408466190214,0.0584570276708814,0.452263148249954
308273.411807,2779366.126422,0.532024224628372,0.00110111947146265,0.00311983850247752,0.0196366305744173,0.0486327766562672,0.395485410167003
308773.411807,2779366.126422,0.735558408215661,0.00128369704749679,0,0.00495140289748762,0.0381441408399046,0.22006235099945
309273.411807,2779366.126422,0.680410481949789,0.00604727872457394,0,0.00659703133589885,0.0406816932380429,0.266263514751695
309773.411807,2779366.126422,0.834832079280602,0.0196366305744173,0,0.000367039823820885,0.00422095797394017,0.14094329234722
310273.411807,2779366.126422,0.962406015037594,0.00146708233999633,0,0,0,0.0361269026224097
310773.411807,2779366.126422,0.889499725123694,0.000183250870441635,0,0.000366501740883269,0.00659703133589885,0.103353490929082
311273.411807,2779366.126422,0.909891723251973,0,0,0,0.000367039823820885,0.0897412369242063
311773.411807,2779366.126422,0.924261874197689,0,0,0,0,0.0757381258023107
312273.411807,2779366.126422,0.932013927066154,0,0,0,0.00128275609309144,0.066703316840755
312773.411807,2779366.126422,0.935584510919435,0,0,0,0,0.0644154890805652
300773.411807,2778866.126422,0.10348623853211,0.0845871559633028,0.0253211009174312,0.348990825688073,0.171926605504587,0.265688073394495
301273.411807,2778866.126422,0.0755824619335902,0.00807191341038342,0.00752155567785727,0.779306549257017,0.0946615299944964,0.0348559897266557
301773.411807,2778866.126422,0.111355311355311,0.0241758241758242,0.0364468864468864,0.555677655677656,0.17967032967033,0.0926739926739927
302273.411807,2778866.126422,0.109357798165138,0.0499082568807339,0.028256880733945,0.589908256880734,0.12,0.10256880733945
302773.411807,2778866.126422,0.187855439368923,0.0620069711979453,0.0831040176114474,0.24821133736929,0.158136121812511,0.260686112639883
303273.411807,2778866.126422,0.060989010989011,0.028021978021978,0.0261904761904762,0.692490842490842,0.152564102564103,0.0397435897435897
303773.411807,2778866.126422,0.11045871559633,0.0711926605504587,0.0506422018348624,0.514678899082569,0.152660550458716,0.100366972477064
304273.411807,2778866.126422,0.245459548706659,0.0335718216840947,0.0344890845716382,0.188589249678958,0.170243991928087,0.327646303430563
304773.411807,2778866.126422,0.502014652014652,0.00457875457875458,0.000732600732600733,0.0465201465201465,0.093040293040293,0.353113553113553
305273.411807,2778866.126422,0.668807339449541,0.00935779816513761,0,0.00311926605504587,0.0286238532110092,0.290091743119266
305773.411807,2778866.126422,0.443771784993579,0.00385250412768299,0,0.0770500825536599,0.115758576407999,0.359567051917079
306273.411807,2778866.126422,0.438827838827839,0.000549450549450549,0,0.0195970695970696,0.0355311355311355,0.505494505494505
306773.411807,2778866.126422,0.712293577981651,0,0,0.00073394495412844,0.00440366972477064,0.28256880733945
307273.411807,2778866.126422,0.582828838745184,0.002568336085122,0,0.00752155567785727,0.0509998165474225,0.356081452944414
307773.411807,2778866.126422,0.669413919413919,0.00311355311355311,0,0.00366300366300366,0.026007326007326,0.297802197802198
308273.411807,2778866.126422,0.646422018348624,0.00238532110091743,0,0.00018348623853211,0.0222018348623853,0.328807339449541
308773.411807,2778866.126422,0.744083654375344,0.00293524124013942,0.000366905155017428,0.00807191341038342,0.0143093010456797,0.230232984773436
309273.411807,2778866.126422,0.925824175824176,0.00347985347985348,0,0,0.00128205128205128,0.0694139194139194
309773.411807,2778866.126422,0.936880733944954,0.00844036697247706,0,0,0,0.0546788990825688
310273.411807,2778866.126422,0.920014676206201,0.000183452577508714,0,0,0,0.0798018712162906
310773.411807,2778866.126422,0.91978021978022,0,0,0,0,0.0802197802197802
311273.411807,2778866.126422,0.878715596330275,0.000917431192660551,0,0,0.00238532110091743,0.117981651376147
311773.411807,2778866.126422,0.740231150247661,0.00165107319757843,0,0.00495321959273528,0.026967528893781,0.226197028068244
312273.411807,2778866.126422,0.837179487179487,0.0619047619047619,0,0.00201465201465201,0.0201465201465201,0.0787545787545788
312773.411807,2778866.126422,0.884954128440367,0,0,0,0.00018348623853211,0.114862385321101
300773.411807,2778366.126422,0.0708791208791209,0.12032967032967,0.000915750915750916,0.198351648351648,0.115018315018315,0.494505494505495
301273.411807,2778366.126422,0.0710622710622711,0.00952380952380952,0.0216117216117216,0.489377289377289,0.103113553113553,0.305311355311355
301773.411807,2778366.126422,0.0551888522185552,0.0137513751375138,0.00366703337000367,0.776677667766777,0.11001100110011,0.0407040704070407
302273.411807,2778366.126422,0.0668498168498168,0.0573260073260073,0.0434065934065934,0.672527472527473,0.105128205128205,0.0547619047619048
302773.411807,2778366.126422,0.157692307692308,0.019047619047619,0.0366300366300366,0.365934065934066,0.16025641025641,0.26043956043956
303273.411807,2778366.126422,0.0606894022735607,0.0132013201320132,0.0168683535020169,0.721855518885222,0.135680234690136,0.0517051705170517
303773.411807,2778366.126422,0.0879120879120879,0.0529304029304029,0.0393772893772894,0.483333333333333,0.165750915750916,0.170695970695971
304273.411807,2778366.126422,0.0941391941391941,0.0225274725274725,0.032051282051282,0.506410256410256,0.186630036630037,0.158241758241758
304773.411807,2778366.126422,0.648881554822149,0.00275027502750275,0,0.00293362669600293,0.0133846718005134,0.332049871653832
305273.411807,2778366.126422,0.552747252747253,0.00366300366300366,0,0.00549450549450549,0.0326007326007326,0.405494505494505
305773.411807,2778366.126422,0.392490842490842,0.0133699633699634,0,0.0446886446886447,0.1503663003663,0.399084249084249
306273.411807,2778366.126422,0.623395672900623,0.00421708837550422,0.00311697836450312,0.0207187385405207,0.0537220388705537,0.294829482948295
306773.411807,2778366.126422,0.367765567765568,0.0258241758241758,0.000183150183150183,0.0271062271062271,0.113369963369963,0.465750915750916
307273.411807,2778366.126422,0.652747252747253,0.0188644688644689,0,0.0272893772893773,0.0626373626373626,0.238461538461538
307773.411807,2778366.126422,0.751558489182252,0.0221855518885222,0,0.000366703337000367,0.00183351668500183,0.224055738907224
308273.411807,2778366.126422,0.676556776556777,0.000732600732600733,0,0.000366300366300366,0.00934065934065934,0.313003663003663
308773.411807,2778366.126422,0.845054945054945,0.00164835164835165,0,0,0.000366300366300366,0.152930402930403
309273.411807,2778366.126422,0.939310597726439,0.0011001100110011,0,0,0,0.0595892922625596
309773.411807,2778366.126422,0.924725274725275,0,0,0,0,0.0752747252747253
310273.411807,2778366.126422,0.806227106227106,0.000366300366300366,0,0,0.00842490842490842,0.184981684981685
310773.411807,2778366.126422,0.682434910157682,0.00586725339200587,0.00128346167950128,0.0443711037770444,0.074990832416575,0.191052438577191
311273.411807,2778366.126422,0.563736263736264,0.00476190476190476,0.00146520146520147,0.095970695970696,0.133333333333333,0.200732600732601
311773.411807,2778366.126422,0.701465201465201,0.00256410256410256,0,0.0212454212454212,0.0701465201465201,0.204578754578755
312273.411807,2778366.126422,0.770810414374771,0.0955262192885955,0,0.00311697836450312,0.037953795379538,0.0925925925925926
312773.411807,2778366.126422,0.765567765567766,0.0195970695970696,0,0.00384615384615385,0.00567765567765568,0.205311355311355
300773.411807,2777866.126422,0.115801064415489,0.222793173059277,0.000183519911910442,0.0234905487245366,0.047715177096715,0.590016516792072
301273.411807,2777866.126422,0.157894736842105,0.0458463231248854,0.00293416467999266,0.139006051714652,0.0900421786172749,0.564276545021089
301773.411807,2777866.126422,0.194795675279458,0.083745647791827,0.026571376214037,0.421293751145318,0.172255818215137,0.101337731354224
302273.411807,2777866.126422,0.0649660488162966,0.0370710222059093,0.0244081482840888,0.659203523582309,0.159295283538264,0.0550559735731327
302773.411807,2777866.126422,0.138455895837154,0.0447460113698881,0.0570328259673574,0.454061984228865,0.160462130937099,0.145241151659637
303273.411807,2777866.126422,0.0778816199376947,0.0395821880153931,0.0302363936228697,0.68499175371083,0.122961334066337,0.0443467106468756
303773.411807,2777866.126422,0.144246650761608,0.0216553496054322,0.0502844558634612,0.574967884015416,0.100018351991191,0.108827307762892
304273.411807,2777866.126422,0.485237483953787,0.0179717586649551,0.0104529616724739,0.110031175499725,0.180634513112048,0.195672107097011
304773.411807,2777866.126422,0.63001649257834,0.00623052959501558,0,0.0247388675096207,0.051126992853216,0.287887117463808
305273.411807,2777866.126422,0.473848412552762,0.0152321526885667,0,0.0313819049366856,0.0770783630023858,0.4024591668196
305773.411807,2777866.126422,0.440308087291399,0.0221896203924445,0,0.00843572345497891,0.0350265908674124,0.494039977993765
306273.411807,2777866.126422,0.494594099321972,0.0229063588052043,0.000366501740883269,0.0597397837639729,0.157045995968481,0.265347260399487
306773.411807,2777866.126422,0.583226280051386,0.0267939071389246,0.000183519911910442,0.0176179115434025,0.0994677922554597,0.272710589098917
307273.411807,2777866.126422,0.640381441408399,0.0166880616174583,0,0.00715202640748212,0.0825233816247937,0.253255088941867
307773.411807,2777866.126422,0.809968847352025,0.00824628916987356,0,0.000366501740883269,0.00348176653839106,0.177936595198827
308273.411807,2777866.126422,0.797394017250872,0.000734079647641769,0,0,0,0.201871903101487
308773.411807,2777866.126422,0.83201907207042,0.000366770584999083,0,0.000366770584999083,0.000366770584999083,0.166880616174583
309273.411807,2777866.126422,0.764705882352941,0.000183250870441635,0,0.00696353307678211,0.0157595748579806,0.212387758841855
309773.411807,2777866.126422,0.872453661222243,0.00422095797394017,0,0.00146815929528354,0.00201871903101487,0.119838502477519
310273.411807,2777866.126422,0.901522097927746,0,0,0,0,0.0984779020722538
310773.411807,2777866.126422,0.869708631115998,0,0,0,0,0.130291368884002
311273.411807,2777866.126422,0.797577537162782,0.000183519911910442,0.000367039823820885,0.00972655533125344,0.0346852633510736,0.157460084419159
311773.411807,2777866.126422,0.874931230515313,0.000733541169998166,0,0,0.000366770584999083,0.12396845772969
312273.411807,2777866.126422,0.755360087960418,0.000733003481766538,0,0.000916254352208173,0.00458127176104087,0.238409382444567
312773.411807,2777866.126422,0.882180216553496,0.000183519911910442,0,0.00110111947146265,0.000367039823820885,0.11616810423931
300773.411807,2777366.126422,0.114495412844037,0.389908256880734,0,0.0814678899082569,0.0445871559633028,0.36954128440367
301273.411807,2777366.126422,0.205099981654742,0.0209135938359934,0.000733810310034856,0.0398092093193909,0.0326545587965511,0.700788846083288
301773.411807,2777366.126422,0.0635531135531135,0.106043956043956,0.0221611721611722,0.335531135531136,0.174175824175824,0.298534798534799
302273.411807,2777366.126422,0.136697247706422,0.0985321100917431,0.0504587155963303,0.409724770642202,0.174495412844037,0.130091743119266
302773.411807,2777366.126422,0.0992478444322143,0.0506329113924051,0.0508163639699138,0.591451109888094,0.135938359933957,0.0719134103834159
303273.411807,2777366.126422,0.212454212454212,0.05,0.0289377289377289,0.452747252747253,0.17032967032967,0.0855311355311355
303773.411807,2777366.126422,0.382385321100917,0.0337614678899083,0.0163302752293578,0.217614678899083,0.15651376146789,0.193394495412844
304273.411807,2777366.126422,0.501375894331315,0.0405430196294258,0.000550357732526142,0.118143459915612,0.138873601174097,0.200513667217024
304773.411807,2777366.126422,0.436813186813187,0.00293040293040293,0,0.0293040293040293,0.0868131868131868,0.444139194139194
305273.411807,2777366.126422,0.710825688073395,0.00825688073394495,0.00036697247706422,0.0491743119266055,0.0726605504587156,0.158715596330275
305773.411807,2777366.126422,0.564300128416804,0.00385250412768299,0.002568336085122,0.0476976701522656,0.135938359933957,0.245643001284168
306273.411807,2777366.126422,0.517948717948718,0.00384615384615385,0,0.0119047619047619,0.0652014652014652,0.401098901098901
306773.411807,2777366.126422,0.786238532110092,0.0548623853211009,0,0,0.00036697247706422,0.158532110091743
307273.411807,2777366.126422,0.809759677123464,0.00165107319757843,0,0,0.00513667217024399,0.183452577508714
307773.411807,2777366.126422,0.852747252747253,0,0,0,0,0.147252747252747
308273.411807,2777366.126422,0.780733944954128,0.00018348623853211,0,0.00220183486238532,0.00458715596330275,0.212293577981651
308773.411807,2777366.126422,0.755824619335902,0.000183452577508714,0,0.010273344340488,0.0328380113740598,0.200880572372042
309273.411807,2777366.126422,0.478937728937729,0.00311355311355311,0,0.0333333333333333,0.0747252747252747,0.40989010989011
309773.411807,2777366.126422,0.675229357798165,0,0,0.00165137614678899,0.00954128440366972,0.313577981651376
310273.411807,2777366.126422,0.816363969913777,0,0,0.00091726288754357,0.0199963309484498,0.162722436250229
310773.411807,2777366.126422,0.823992673992674,0.000732600732600733,0,0.000549450549450549,0.00805860805860806,0.166666666666667
311273.411807,2777366.126422,0.678348623853211,0.00110091743119266,0,0.0106422018348624,0.023302752293578,0.286605504587156
311773.411807,2777366.126422,0.829022197761879,0.000183452577508714,0,0,0.000733810310034856,0.170060539350578
312273.411807,2777366.126422,0.836813186813187,0,0,0,0,0.163186813186813
312773.411807,2777366.126422,0.741100917431193,0.00458715596330275,0,0.00275229357798165,0.00403669724770642,0.247522935779817
300773.411807,2776866.126422,0.126190476190476,0.141575091575092,0.0148351648351648,0.454945054945055,0.11043956043956,0.152014652014652
301273.411807,2776866.126422,0.171245421245421,0.257692307692308,0.00897435897435897,0.242490842490842,0.118681318681319,0.200915750915751
301773.411807,2776866.126422,0.0588558855885589,0.168133480014668,0.099009900990099,0.326365969930326,0.155115511551155,0.192519251925193
302273.411807,2776866.126422,0.101282051282051,0.058974358974359,0.117399267399267,0.256227106227106,0.150732600732601,0.315384615384615
302773.411807,2776866.126422,0.0686813186813187,0.0252747252747253,0.0730769230769231,0.515934065934066,0.146336996336996,0.170695970695971
303273.411807,2776866.126422,0.0993766043270994,0.050971763843051,0.0540887422075541,0.388888888888889,0.160616061606161,0.246057939127246
303773.411807,2776866.126422,0.163919413919414,0.0684981684981685,0.0265567765567766,0.324725274725275,0.177838827838828,0.238461538461538
304273.411807,2776866.126422,0.4496336996337,0.173809523809524,0.0043956043956044,0.0824175824175824,0.0851648351648352,0.204578754578755
304773.411807,2776866.126422,0.588925559222589,0.0088008800880088,0.0022002200220022,0.0467546754675468,0.0957095709570957,0.257609094242758
305273.411807,2776866.126422,0.282234432234432,0.0100732600732601,0.0135531135531136,0.235347985347985,0.228388278388278,0.23040293040293
305773.411807,2776866.126422,0.70018315018315,0.00531135531135531,0.00695970695970696,0.0291208791208791,0.0564102564102564,0.202014652014652
306273.411807,2776866.126422,0.764759809314265,0.00348368170150348,0.000183351668500183,0.00715071507150715,0.0157682434910158,0.208654198753209
306773.411807,2776866.126422,0.866849816849817,0,0,0,0,0.133150183150183
307273.411807,2776866.126422,0.801098901098901,0,0,0.0010989010989011,0.00256410256410256,0.195238095238095
307773.411807,2776866.126422,0.807847451411808,0,0,0,0,0.192152548588192
308273.411807,2776866.126422,0.824542124542124,0,0,0,0,0.175457875457875
308773.411807,2776866.126422,0.812820512820513,0.000183150183150183,0,0,0.00293040293040293,0.184065934065934
309273.411807,2776866.126422,0.593142647598093,0.00055005500550055,0,0.022002200220022,0.0507884121745508,0.333516685001834
309773.411807,2776866.126422,0.776556776556777,0.000183150183150183,0,0.00164835164835165,0.0102564102564103,0.211355311355311
310273.411807,2776866.126422,0.882600732600733,0,0,0,0,0.117399267399267
310773.411807,2776866.126422,0.851668500183352,0,0,0.00403373670700403,0.00806747341400807,0.136230289695636
311273.411807,2776866.126422,0.781135531135531,0,0,0,0.00164835164835165,0.217216117216117
311773.411807,2776866.126422,0.795604395604396,0,0,0.000366300366300366,0.0010989010989011,0.202930402930403
312273.411807,2776866.126422,0.761459479281261,0,0,0,0.000183351668500183,0.238357169050238
312773.411807,2776866.126422,0.815201465201465,0,0,0,0,0.184798534798535
300773.411807,2776366.126422,0.0119287942741787,0.0176179115434025,0.229399889888053,0.214351257111397,0.104055790053221,0.422646357129749
301273.411807,2776366.126422,0.011186502842472,0.0320924261874198,0.38382541720154,0.0984779020722538,0.0695030258573262,0.404914725838988
301773.411807,2776366.126422,0.0855781564962434,0.0252886201209456,0.150082462891699,0.262231995601979,0.224848818031886,0.251969946857248
302273.411807,2776366.126422,0.134153055606533,0.0717562855569829,0.0928610754266838,0.375298219856854,0.187740869884382,0.138190493668563
302773.411807,2776366.126422,0.0700531817348249,0.0249403997799376,0.0115532734274711,0.691545938015771,0.149825783972125,0.0520814230698698
303273.411807,2776366.126422,0.132490379329302,0.034084661902144,0.0133773135422393,0.457027670881437,0.164009529045263,0.199010445299615
303773.411807,2776366.126422,0.533308864011745,0.00972655533125344,0.0189025509267756,0.137272894109011,0.0880895577170123,0.212699577904203
304273.411807,2776366.126422,0.666605538235833,0.0209059233449477,0,0.00605171465248487,0.0262240968274344,0.280212726939299
304773.411807,2776366.126422,0.636613523914239,0.0106285504856148,0.00824628916987356,0.0711013377313542,0.0938244456661169,0.179585853032802
305273.411807,2776366.126422,0.413103321710406,0.0295467058175812,0.0122958340979996,0.119104422829877,0.129198017984951,0.296751697559185
305773.411807,2776366.126422,0.812580231065469,0,0.000183385292499542,0.00495140289748762,0.00898587933247754,0.173299101412067
306273.411807,2776366.126422,0.895363752977827,0,0,0,0,0.104636247022173
306773.411807,2776366.126422,0.756469076894843,0,0,0.00110111947146265,0.0012846393833731,0.241145164250321
307273.411807,2776366.126422,0.872913992297818,0,0,0,0,0.127086007702182
307773.411807,2776366.126422,0.706981858163826,0,0,0.00183250870441635,0.00238226131574125,0.288803371816016
308273.411807,2776366.126422,0.75096347953753,0,0,0.0108276748027161,0.0144980730409249,0.223710772618829
308773.411807,2776366.126422,0.703282596735742,0,0,0.00275077938749312,0.00275077938749312,0.291215844489272
309273.411807,2776366.126422,0.732453729155213,0.000183250870441635,0,0.00274876305662452,0.0164925783397471,0.248121678577973
309773.411807,2776366.126422,0.770967149935768,0.00183519911910442,0,0,0,0.227197650945128
310273.411807,2776366.126422,0.781404731340546,0,0,0,0,0.218595268659454
310773.411807,2776366.126422,0.728971962616822,0,0,0.00256551218618288,0.00696353307678211,0.261498992120213
311273.411807,2776366.126422,0.768764910992843,0,0,0.000734079647641769,0.00330335841438796,0.227197650945128
311773.411807,2776366.126422,0.894920227397763,0,0,0,0,0.105079772602237
312273.411807,2776366.126422,0.796408282939344,0.000366501740883269,0,0.00128275609309144,0.0100787978742899,0.191863661352391
312773.411807,2776366.126422,0.696091025876308,0.000183519911910442,0,0.00623967700495504,0.0108276748027161,0.286658102404111
300773.411807,2775866.126422,0.0792660550458716,0.0220183486238532,0.018348623853211,0.599816513761468,0.150275229357798,0.130275229357798
301273.411807,2775866.126422,0.0493487433498441,0.0111906072280316,0.00458631443771785,0.811777655476059,0.0851219959640433,0.0379746835443038
301773.411807,2775866.126422,0.0283882783882784,0.015018315018315,0.264468864468864,0.321062271062271,0.134615384615385,0.236446886446886
302273.411807,2775866.126422,0.0539449541284404,0.0352293577981651,0.0451376146788991,0.708073394495413,0.10954128440367,0.0480733944954128
302773.411807,2775866.126422,0.135021097046413,0.0421940928270042,0.0264171711612548,0.509447807741699,0.175197211520822,0.111722619702807
303273.411807,2775866.126422,0.286630036630037,0.0161172161172161,0.0115384615384615,0.291391941391941,0.14981684981685,0.244505494505494
303773.411807,2775866.126422,0.832477064220184,0.00348623853211009,0.00036697247706422,0.00348623853211009,0.0205504587155963,0.139633027522936
304273.411807,2775866.126422,0.793799302880206,0.001284168042561,0,0.000733810310034856,0.00348559897266557,0.200697119794533
304773.411807,2775866.126422,0.67967032967033,0,0,0.000183150183150183,0.000183150183150183,0.31996336996337
305273.411807,2775866.126422,0.757614678899083,0.00073394495412844,0,0.000917431192660551,0.0018348623853211,0.238899082568807
305773.411807,2775866.126422,0.792331682260136,0.000733810310034856,0,0.00513667217024399,0.0216474041460283,0.180150431113557
306273.411807,2775866.126422,0.79029304029304,0.00512820512820513,0.00164835164835165,0.0267399267399267,0.058974358974359,0.117216117216117
306773.411807,2775866.126422,0.495596330275229,0.00201834862385321,0.00348623853211009,0.083302752293578,0.0792660550458716,0.336330275229358
307273.411807,2775866.126422,0.616767565584296,0.000733810310034856,0.000183452577508714,0.0251330031186938,0.0201797835259585,0.337002384883508
307773.411807,2775866.126422,0.756410256410256,0.000732600732600733,0,0.00695970695970696,0.0122710622710623,0.223626373626374
308273.411807,2775866.126422,0.80256880733945,0,0,0,0.00018348623853211,0.197247706422018
308773.411807,2775866.126422,0.663547972849019,0.00110071546505228,0.00348559897266557,0.11263988259035,0.0480645753072831,0.17116125481563
309273.411807,2775866.126422,0.636263736263736,0.00512820512820513,0.00256410256410256,0.0948717948717949,0.0836996336996337,0.177472527472527
309773.411807,2775866.126422,0.681834862385321,0.00935779816513761,0.00568807339449541,0.112110091743119,0.0677064220183486,0.123302752293578
310273.411807,2775866.126422,0.459732159236837,0.00220143093010457,0.00440286186020914,0.093010456796918,0.0504494588148963,0.390203632361035
310773.411807,2775866.126422,0.781318681318681,0.000732600732600733,0.000549450549450549,0.0565934065934066,0.0382783882783883,0.122527472527473
311273.411807,2775866.126422,0.785137614678899,0.00018348623853211,0,0,0.00146788990825688,0.213211009174312
311773.411807,2775866.126422,0.714547789396441,0.00348559897266557,0,0.00311869381764814,0.0172445422858191,0.261603375527426
312273.411807,2775866.126422,0.824358974358974,0.0135531135531136,0,0.000915750915750916,0.000549450549450549,0.160622710622711
312773.411807,2775866.126422,0.654128440366972,0.00018348623853211,0,0.00990825688073394,0.0289908256880734,0.306788990825688
300773.411807,2775366.126422,0.0428571428571429,0.0201465201465201,0.0613553113553114,0.66996336996337,0.0461538461538462,0.15952380952381
301273.411807,2775366.126422,0.0549450549450549,0.0278388278388278,0.0241758241758242,0.756043956043956,0.10970695970696,0.0272893772893773
301773.411807,2775366.126422,0.0122845617895123,0.0210854418775211,0.202970297029703,0.4002566923359,0.152915291529153,0.21048771543821
302273.411807,2775366.126422,0.113919413919414,0.0194139194139194,0.0128205128205128,0.658424908424908,0.0992673992673993,0.0961538461538462
302773.411807,2775366.126422,0.126739926739927,0.0576923076923077,0.0716117216117216,0.476739926739927,0.182417582417582,0.0847985347985348
303273.411807,2775366.126422,0.578657865786579,0.0139347268060139,0.0155848918225156,0.0707737440410708,0.0951595159515952,0.225889255592226
303773.411807,2775366.126422,0.867582417582418,0,0,0,0,0.132417582417582
304273.411807,2775366.126422,0.414468864468864,0.00989010989010989,0.00238095238095238,0.0688644688644689,0.158241758241758,0.346153846153846
304773.411807,2775366.126422,0.418775210854419,0.0154015401540154,0.0207187385405207,0.162999633296663,0.0696736340300697,0.312431243124312
305273.411807,2775366.126422,0.304395604395604,0.00879120879120879,0.0164835164835165,0.275457875457875,0.141575091575092,0.253296703296703
305773.411807,2775366.126422,0.276190476190476,0.0523809523809524,0.0622710622710623,0.217399267399267,0.163919413919414,0.227838827838828
306273.411807,2775366.126422,0.221488815548222,0.0254858819215255,0.0671067106710671,0.366519985331867,0.174550788412175,0.144847818115145
306773.411807,2775366.126422,0.056959706959707,0.0452380952380952,0.0917582417582418,0.57948717948718,0.135897435897436,0.0906593406593407
307273.411807,2775366.126422,0.173809523809524,0.0126373626373626,0.0144688644688645,0.503113553113553,0.155677655677656,0.14029304029304
307773.411807,2775366.126422,0.281811514484782,0.0232856618995233,0.0324532453245325,0.382471580491382,0.152181884855152,0.127796112944628
308273.411807,2775366.126422,0.502014652014652,0.0163003663003663,0.01996336996337,0.188461538461538,0.0970695970695971,0.176190476190476
308773.411807,2775366.126422,0.513553113553114,0.00714285714285714,0.0164835164835165,0.124358974358974,0.0998168498168498,0.238644688644689
309273.411807,2775366.126422,0.66043270993766,0.00806747341400807,0.00586725339200587,0.128896222955629,0.0775577557755776,0.119178584525119
309773.411807,2775366.126422,0.288644688644689,0.0205128205128205,0.041025641025641,0.443589743589744,0.135714285714286,0.0705128205128205
310273.411807,2775366.126422,0.305494505494506,0.0172161172161172,0.0254578754578755,0.327838827838828,0.190842490842491,0.133150183150183
310773.411807,2775366.126422,0.192152548588192,0.0251191785845251,0.0346534653465347,0.304180418041804,0.247524752475248,0.196369636963696
311273.411807,2775366.126422,0.705128205128205,0.00146520146520147,0,0.0216117216117216,0.00915750915750916,0.262637362637363
311773.411807,2775366.126422,0.776007326007326,0.000183150183150183,0,0.000549450549450549,0.00860805860805861,0.214652014652015
312273.411807,2775366.126422,0.86963696369637,0.00128346167950128,0,0.000366703337000367,0.000366703337000367,0.128346167950128
312773.411807,2775366.126422,0.685347985347985,0.00238095238095238,0,0.0168498168498168,0.0271062271062271,0.268315018315018
300773.411807,2774866.126422,0.00385391815011929,0.0167003119838502,0.244081482840888,0.587080198201505,0.0249587080198202,0.123325380803817
301273.411807,2774866.126422,0.0632679259123418,0.0267742527049331,0.0647350082523382,0.624793691545938,0.0889418668622776,0.131487254722171
301773.411807,2774866.126422,0.0415979475902511,0.0194245922668133,0.135422393256368,0.468938977460143,0.152647975077882,0.181968114348543
302273.411807,2774866.126422,0.0418425399155808,0.0176179115434025,0.0578087722517893,0.634611855386309,0.114516425032116,0.133602495870802
302773.411807,2774866.126422,0.165596919127086,0.0487804878048781,0.0441958554923895,0.503025857326242,0.136622042912158,0.101778837337246
303273.411807,2774866.126422,0.735935495693605,0.0047645226314825,0.00329851566794942,0.0271211288253619,0.0434304562946674,0.185449880886934
303773.411807,2774866.126422,0.575885483574968,0.00458799779776106,0.012846393833731,0.149935768030831,0.0965314736648926,0.160212883097816
304273.411807,2774866.126422,0.216578030441959,0.0346598202824134,0.132954337062168,0.231432239134421,0.165780304419586,0.218595268659454
304773.411807,2774866.126422,0.0674363203225215,0.0117280557082646,0.0199743448781382,0.314641744548287,0.271577789994502,0.314641744548287
305273.411807,2774866.126422,0.0679023674068636,0.0308313452009543,0.0609286107542668,0.632042576619563,0.147917048999816,0.0603780510185355
305773.411807,2774866.126422,0.0711534934898221,0.129103245919677,0.161379057399597,0.388410049514029,0.17586649550706,0.0740876581698148
306273.411807,2774866.126422,0.074216602528862,0.118380062305296,0.103719992669965,0.381711563129925,0.173355323437786,0.148616455928166
306773.411807,2774866.126422,0.0649660488162966,0.0965314736648926,0.118003303358414,0.403927326114883,0.217287575701964,0.0992842723435493
307273.411807,2774866.126422,0.0546488171648634,0.0777553640198056,0.150192554557125,0.600403447643499,0.0885750962772786,0.0284247203374289
307773.411807,2774866.126422,0.0439802089059923,0.0584570276708814,0.0503939893714495,0.698185816382628,0.0868609125893348,0.0621220450797141
308273.411807,2774866.126422,0.0502844558634612,0.0251422279317306,0.0524866948063865,0.674252156358965,0.124242980363369,0.0735914846760874
308773.411807,2774866.126422,0.241701815514396,0.0366770584999083,0.302769117916743,0.206858609939483,0.0845406198422887,0.127452778287181
309273.411807,2774866.126422,0.382811068352575,0.0128275609309144,0.049660985889683,0.218801539307312,0.139637163276526,0.196261682242991
309773.411807,2774866.126422,0.117452743622683,0.0137639933932832,0.049366856303909,0.661589282437144,0.0924940356028629,0.0653330886401175
310273.411807,2774866.126422,0.156244269209609,0.0610673024023473,0.0590500641848524,0.323675041261691,0.216761415734458,0.183201907207042
310773.411807,2774866.126422,0.439252336448598,0.028587135788895,0.118196811434854,0.0797141286421111,0.107385010078798,0.226864577606744
311273.411807,2774866.126422,0.484859607267389,0.030280785465223,0.242980363369426,0.0183519911910442,0.0488162965681776,0.174710956138741
311773.411807,2774866.126422,0.879699248120301,0,0,0,0,0.120300751879699
312273.411807,2774866.126422,0.726772952171523,0.000366501740883269,0,0.000916254352208173,0.00366501740883269,0.268279274326553
312773.411807,2774866.126422,0.755551477335291,0.00293631859056708,0,0.0335841438796109,0.0337676637915214,0.17416039640301
300773.411807,2774366.126422,0.0212844036697248,0.0187155963302752,0.199266055045872,0.516880733944954,0.111743119266055,0.132110091743119
301273.411807,2774366.126422,0.0746651990460466,0.0187121629058888,0.0322876536415337,0.659695468721336,0.0966795083470923,0.117960007338103
301773.411807,2774366.126422,0.164652014652015,0.0549450549450549,0.080952380952381,0.383150183150183,0.160989010989011,0.155311355311355
302273.411807,2774366.126422,0.104954128440367,0.056697247706422,0.172293577981651,0.407339449541284,0.132660550458716,0.12605504587156
302773.411807,2774366.126422,0.130985140341222,0.0332049165290772,0.138506696019079,0.345624656026417,0.125114657860943,0.226563933223262
303273.411807,2774366.126422,0.185347985347985,0.0184981684981685,0.267216117216117,0.124358974358974,0.0879120879120879,0.316666666666667
303773.411807,2774366.126422,0.04,0.0192660550458716,0.354495412844037,0.144954128440367,0.136146788990826,0.305137614678899
304273.411807,2774366.126422,0.0482480278847918,0.020546688680976,0.252063841496973,0.279398275545771,0.132819666116309,0.266923500275179
304773.411807,2774366.126422,0.0631868131868132,0.0148351648351648,0.237179487179487,0.26996336996337,0.116666666666667,0.298168498168498
305273.411807,2774366.126422,0.0247706422018349,0.0390825688073395,0.345504587155963,0.143119266055046,0.116146788990826,0.331376146788991
305773.411807,2774366.126422,0.0478811227297744,0.0420106402494955,0.309851403412218,0.111355714547789,0.163639699137773,0.32526141992295
306273.411807,2774366.126422,0.0772893772893773,0.162820512820513,0.10952380952381,0.101831501831502,0.185714285714286,0.362820512820513
306773.411807,2774366.126422,0.0985321100917431,0.0412844036697248,0.0418348623853211,0.14,0.192110091743119,0.486238532110092
307273.411807,2774366.126422,0.06989543203082,0.0504494588148963,0.238671803338837,0.119611080535682,0.0975967712346359,0.423775454045129
307773.411807,2774366.126422,0.0968864468864469,0.0791208791208791,0.131868131868132,0.457692307692308,0.141025641025641,0.0934065934065934
308273.411807,2774366.126422,0.0988990825688073,0.0607339449541284,0.0631192660550459,0.554128440366973,0.159633027522936,0.0634862385321101
308773.411807,2774366.126422,0.1284168042561,0.0489818381948266,0.0895248578242524,0.464868831407081,0.186204366171345,0.0820033021463952
309273.411807,2774366.126422,0.369230769230769,0.0238095238095238,0.0412087912087912,0.214652014652015,0.150915750915751,0.20018315018315
309773.411807,2774366.126422,0.575596330275229,0.0115596330275229,0.00623853211009174,0.140183486238532,0.0770642201834862,0.189357798165138
310273.411807,2774366.126422,0.752889378095762,0.00220143093010457,0.00385250412768299,0.0260502660062374,0.0165107319757843,0.198495688864429
310773.411807,2774366.126422,0.669230769230769,0.00421245421245421,0,0.00805860805860806,0.036996336996337,0.281501831501832
311273.411807,2774366.126422,0.565871559633027,0.0300917431192661,0.043302752293578,0.0552293577981651,0.112844036697248,0.192660550458716
311773.411807,2774366.126422,0.317189506512566,0.0132085855806274,0.0122913226930838,0.232250963126032,0.232617868281049,0.192441753806641
312273.411807,2774366.126422,0.498534798534799,0.00860805860805861,0.00897435897435897,0.183699633699634,0.103663003663004,0.196520146520147
312773.411807,2774366.126422,0.257614678899083,0.0203669724770642,0.0396330275229358,0.212477064220183,0.210642201834862,0.259266055045872
300773.411807,2773866.126422,0.060989010989011,0.0371794871794872,0.124908424908425,0.448168498168498,0.123626373626374,0.205128205128205
301273.411807,2773866.126422,0.0283882783882784,0.0126373626373626,0.0877289377289377,0.764102564102564,0.0534798534798535,0.0536630036630037
301773.411807,2773866.126422,0.0487715438210488,0.0122845617895123,0.0210854418775211,0.806563989732307,0.0922258892555922,0.0190685735240191
302273.411807,2773866.126422,0.100549450549451,0.0217948717948718,0.0673992673992674,0.56996336996337,0.154761904761905,0.0855311355311355
302773.411807,2773866.126422,0.2,0.0311355311355311,0.0216117216117216,0.238827838827839,0.154945054945055,0.353479853479854
303273.411807,2773866.126422,0.147048038137147,0.0267693436010268,0.174734140080675,0.259259259259259,0.149248258159149,0.242940960762743
303773.411807,2773866.126422,0.164102564102564,0.0313186813186813,0.0822344322344322,0.23974358974359,0.15018315018315,0.332417582417582
304273.411807,2773866.126422,0.108974358974359,0.021978021978022,0.0745421245421245,0.328388278388278,0.164835164835165,0.301282051282051
304773.411807,2773866.126422,0.0331866519985332,0.0163182984965163,0.0568390172350568,0.479464613127979,0.108727539420609,0.305463879721305
305273.411807,2773866.126422,0.0358974358974359,0.0205128205128205,0.0457875457875458,0.445421245421245,0.12032967032967,0.332051282051282
305773.411807,2773866.126422,0.0549450549450549,0.0163003663003663,0.0935897435897436,0.234065934065934,0.124908424908425,0.476190476190476
306273.411807,2773866.126422,0.0282361569490282,0.0185185185185185,0.164466446644664,0.326182618261826,0.128162816281628,0.334433443344334
306773.411807,2773866.126422,0.0102564102564103,0.041025641025641,0.318131868131868,0.200732600732601,0.0842490842490843,0.345604395604396
307273.411807,2773866.126422,0.0126373626373626,0.00274725274725275,0.063003663003663,0.173260073260073,0.123076923076923,0.625274725274725
307773.411807,2773866.126422,0.0352035203520352,0.028969563623029,0.26971030436377,0.298496516318298,0.13017968463513,0.237440410707737
308273.411807,2773866.126422,0.0758241758241758,0.0269230769230769,0.0736263736263736,0.517765567765568,0.16978021978022,0.136080586080586
308773.411807,2773866.126422,0.550915750915751,0.010989010989011,0.00750915750915751,0.177838827838828,0.0831501831501831,0.16959706959707
309273.411807,2773866.126422,0.604693802713605,0.0126512651265127,0.00788412174550788,0.15951595159516,0.0854418775210854,0.12981298129813
309773.411807,2773866.126422,0.262087912087912,0.036996336996337,0.043040293040293,0.354945054945055,0.14047619047619,0.162454212454212
310273.411807,2773866.126422,0.132967032967033,0.0274725274725275,0.0208791208791209,0.225274725274725,0.216849816849817,0.376556776556777
310773.411807,2773866.126422,0.389438943894389,0.0540887422075541,0.0775577557755776,0.148514851485149,0.161899523285662,0.168500183351668
311273.411807,2773866.126422,0.192673992673993,0.0549450549450549,0.141941391941392,0.348534798534799,0.178388278388278,0.0835164835164835
311773.411807,2773866.126422,0.223809523809524,0.0206959706959707,0.0311355311355311,0.53992673992674,0.120879120879121,0.0635531135531135
312273.411807,2773866.126422,0.148514851485149,0.0139347268060139,0.0214521452145215,0.621378804547121,0.111294462779611,0.0834250091675834
312773.411807,2773866.126422,0.305128205128205,0.0269230769230769,0.0256410256410256,0.235897435897436,0.111904761904762,0.294505494505495
300773.411807,2773366.126422,0.030280785465223,0.0218388695173426,0.0200036703982382,0.733712607817948,0.0801982015048633,0.113965865296385
301273.411807,2773366.126422,0.0122868145974693,0.0143040528149642,0.209792774619476,0.697414267375757,0.0447460113698881,0.0214560792224464
301773.411807,2773366.126422,0.0315191497159611,0.0163093274693055,0.021073850100788,0.830859446582371,0.0769653655854865,0.0232728605460876
302273.411807,2773366.126422,0.0959809139291613,0.0306478252890439,0.0363369425582676,0.589649476968251,0.158194164066801,0.089190677188475
302773.411807,2773366.126422,0.195121951219512,0.0330093526499175,0.0630845406198423,0.430955437373923,0.12396845772969,0.153860260407115
303273.411807,2773366.126422,0.0604727872457394,0.0296866410115448,0.0599230346344145,0.600513102437237,0.118013560564413,0.131390874106652
303773.411807,2773366.126422,0.0807487612405946,0.0196366305744173,0.0458799779776106,0.65975408331804,0.118737383006056,0.0752431638832813
304273.411807,2773366.126422,0.0282413350449294,0.0249403997799376,0.0273244085824317,0.682560058683294,0.114249037227214,0.122684760682193
304773.411807,2773366.126422,0.0183250870441635,0.0108118013560564,0.00733003481766538,0.573575224482316,0.110500274876306,0.279457577423493
305273.411807,2773366.126422,0.00146815929528354,0.00807487612405946,0.00807487612405946,0.620847861993026,0.0543218939254909,0.30721233253808
305773.411807,2773366.126422,0,0.00403447643498991,0.0337428938199156,0.662754447093343,0.0364936732074088,0.262974509444343
