"x","y","forest","agri","water","built","other","grass"
170773.411807,2637866.126422,0,0,0.949183636030086,0.0508163639699138,0,0
171273.411807,2637866.126422,0,0,0.865750915750916,0.134249084249084,0,0
171773.411807,2637866.126422,0,0,0.478899082568807,0.521100917431193,0,0
173273.411807,2637866.126422,0,0.0902752293577982,0.0656880733944954,0.693211009174312,0.148073394495413,0.00275229357798165
170773.411807,2637366.126422,0,0,0.731868131868132,0.268131868131868,0,0
171273.411807,2637366.126422,0,0,0.512284561789512,0.487715438210488,0,0
171773.411807,2637366.126422,0,0,0.416300366300366,0.583699633699634,0,0
172273.411807,2637366.126422,0,0.000732600732600733,0.00641025641025641,0.992857142857143,0,0
172773.411807,2637366.126422,0,0.0011001100110011,0.0297029702970297,0.968096809680968,0.0011001100110011,0
173273.411807,2637366.126422,0,0.0335164835164835,0.0926739926739927,0.708974358974359,0.114102564102564,0.0507326007326007
170773.411807,2636866.126422,0,0.024390243902439,0.492389510361269,0.472583898771319,0.00586832935998533,0.00476801760498808
171273.411807,2636866.126422,0,0.000366501740883269,0.276525563496427,0.72310793476269,0,0
171773.411807,2636866.126422,0,0.0934116351624151,0.0423930996513122,0.661405762525234,0.0653330886401175,0.137456414020921
172273.411807,2636866.126422,0,0.141573445809646,0.077205208142307,0.502292316156244,0.017604988079956,0.261324041811847
172773.411807,2636866.126422,0,0.307494960601063,0,0.476818764889133,0.0467289719626168,0.168957302547187
173273.411807,2636866.126422,0,0.174894476050652,0.000367039823820885,0.41512204074142,0.0462470178014315,0.363369425582676
170773.411807,2636366.126422,0,0.136121812511466,0.749954136855623,0.0702623371858375,0.0165107319757843,0.0271509814712897
171273.411807,2636366.126422,0,0.102564102564103,0.236630036630037,0.572527472527472,0.0230769230769231,0.0652014652014652
171773.411807,2636366.126422,0,0.0684403669724771,0.328256880733945,0.521651376146789,0.0278899082568807,0.0537614678899083
172273.411807,2636366.126422,0,0.0530177949000183,0.67051917079435,0.171344707393139,0.0174279948633278,0.0876903320491653
172773.411807,2636366.126422,0,0.126007326007326,0.263186813186813,0.356776556776557,0.0901098901098901,0.163919413919414
173273.411807,2636366.126422,0,0.021651376146789,0.00238532110091743,0.0181651376146789,0.0477064220183486,0.910091743119266
170273.411807,2635866.126422,0,0,1,0,0,0
170773.411807,2635866.126422,0,0.0782051282051282,0.65952380952381,0.191941391941392,0.00567765567765568,0.0646520146520147
171273.411807,2635866.126422,0.0297029702970297,0.211771177117712,0.478731206453979,0.135496883021635,0.00586725339200587,0.138430509717638
171773.411807,2635866.126422,0.0608058608058608,0.16996336996337,0.552747252747253,0.0212454212454212,0.0141025641025641,0.181135531135531
172273.411807,2635866.126422,0,0.221978021978022,0.534065934065934,0.134981684981685,0.00421245421245421,0.104761904761905
172773.411807,2635866.126422,0,0.074990832416575,0.268610194352769,0.236156949028236,0.177301063439677,0.242940960762743
173273.411807,2635866.126422,0,0.00201465201465201,0,0,0.00549450549450549,0.992490842490843
169273.411807,2635366.126422,0.222262974509444,0.0205391527599487,0.0476801760498808,0.353566843939116,0.017604988079956,0.338345864661654
169773.411807,2635366.126422,0.170789811251603,0.0163093274693055,0.321055525013744,0.132490379329302,0.0139270661535642,0.345427890782481
170273.411807,2635366.126422,0.0691870067902367,0.0289961460818499,0.641402092126996,0.0546889337493118,0.009543035419343,0.196182785832263
170773.411807,2635366.126422,0.00513478818998716,0.0907757197872731,0.679442508710801,0.0953603520997616,0.0196222262974509,0.109664404914726
171273.411807,2635366.126422,0.0100787978742899,0.193879420927249,0.597764339380612,0.0419644493311343,0.0142935678944475,0.142019424592267
171773.411807,2635366.126422,0.250321159845843,0.102220590934116,0.120022022389429,0.0629473297852817,0.0679023674068636,0.396586529638466
172273.411807,2635366.126422,0.820832569227948,0.0584999083073537,0.0434623143223913,0.00770218228498074,0.0144874381074638,0.0550155877498625
172773.411807,2635366.126422,0.569360454462159,0.0648708081363387,0.0513102437236577,0.0163093274693055,0.0553417628733736,0.242807403335166
173273.411807,2635366.126422,0.348871352541751,0.0374380620297302,0,0.000550559735731327,0.0345017434391632,0.578638282253625
167773.411807,2634866.126422,0.00293524124013942,0.015410016510732,0.736929003852504,0.0649422124380847,0.0119244175380664,0.167859108420473
168273.411807,2634866.126422,0.120695970695971,0.0432234432234432,0.0538461538461538,0.358791208791209,0.0899267399267399,0.333516483516483
168773.411807,2634866.126422,0.0489908256880734,0.108807339449541,0.0141284403669725,0.432660550458716,0.127155963302752,0.268256880733945
169273.411807,2634866.126422,0.00201797835259585,0.00880572372041827,0.0106402494955054,0.927536231884058,0.0487983856173179,0.00220143093010457
169773.411807,2634866.126422,0,0.0010989010989011,0.00732600732600733,0.971245421245421,0.0203296703296703,0
170273.411807,2634866.126422,0.0603669724770642,0.0546788990825688,0.135596330275229,0.529908256880734,0.084954128440367,0.134495412844037
170773.411807,2634866.126422,0.129150614566135,0.0368739680792515,0.385800770500826,0.142726105301779,0.0680609062557329,0.237387635296276
171273.411807,2634866.126422,0.0373626373626374,0.0443223443223443,0.0102564102564103,0.698534798534798,0.0681318681318681,0.141391941391941
171773.411807,2634866.126422,0.347522935779817,0.0500917431192661,0.0387155963302752,0.0563302752293578,0.0511926605504587,0.456146788990826
172273.411807,2634866.126422,0.642450926435516,0.0610897083104018,0.0365070629242341,0.00091726288754357,0.0133920381581361,0.245643001284168
172773.411807,2634866.126422,0.48992673992674,0.0976190476190476,0.071978021978022,0.000549450549450549,0.0234432234432234,0.316483516483516
173273.411807,2634866.126422,0.956880733944954,0,0,0,0,0.0431192660550459
167273.411807,2634366.126422,0.0543956043956044,0.121611721611722,0.0408424908424908,0.535897435897436,0.0278388278388278,0.219413919413919
167773.411807,2634366.126422,0.102380952380952,0.0672161172161172,0.0360805860805861,0.08003663003663,0.0545787545787546,0.65970695970696
168273.411807,2634366.126422,0.00165016501650165,0.104143747708104,0,0.0826916024935827,0.0935093509350935,0.718005133846718
168773.411807,2634366.126422,0.00274725274725275,0.0318681318681319,0.00677655677655678,0.862271062271062,0.0501831501831502,0.0461538461538462
169273.411807,2634366.126422,0.00183150183150183,0.00805860805860806,0.0666666666666667,0.894322344322344,0.0256410256410256,0.00347985347985348
169773.411807,2634366.126422,0.000366703337000367,0.0144847818115145,0.026952695269527,0.887605427209388,0.0641730839750642,0.00641730839750642
170273.411807,2634366.126422,0.00274725274725275,0.0227106227106227,0.095970695970696,0.796520146520146,0.0668498168498168,0.0152014652014652
170773.411807,2634366.126422,0.00164835164835165,0.0139194139194139,0.234249084249084,0.700549450549451,0.0391941391941392,0.0104395604395604
171273.411807,2634366.126422,0.124129079574624,0.0658232489915658,0.00146681334800147,0.313714704803814,0.0366703337000367,0.458195819581958
171773.411807,2634366.126422,0.358241758241758,0.0181318681318681,0.00457875457875458,0,0.0032967032967033,0.615750915750916
172273.411807,2634366.126422,0.0249084249084249,0.294505494505495,0.223260073260073,0.0401098901098901,0.0747252747252747,0.342490842490842
172773.411807,2634366.126422,0.0304363769710304,0.165383204987165,0.126145947928126,0.079024569123579,0.0817748441510818,0.517235056839017
173273.411807,2634366.126422,0.508974358974359,0.080952380952381,0.0331501831501832,0,0.00366300366300366,0.373260073260073
166773.411807,2633866.126422,0,0.0960234561114165,0.586219534542789,0.213487264064504,0.0249221183800623,0.0793476269012278
167273.411807,2633866.126422,0,0.085887318774087,0.322811525050468,0.480455129381538,0.0247751881079097,0.0860708386859974
167773.411807,2633866.126422,0.0113698881349716,0.0896754080322758,0.0313588850174216,0.509260957271227,0.0761048963873097,0.282229965156794
168273.411807,2633866.126422,0.00256551218618288,0.0593732820230896,0.0120945574491479,0.531244273410299,0.0663368150998717,0.328385559831409
168773.411807,2633866.126422,0.00789135621214902,0.146081849880712,0.00899247568361167,0.502844558634612,0.0778124426500275,0.256377316938888
169273.411807,2633866.126422,0.000550155877498625,0.0234733174399413,0.0526315789473684,0.844305886667889,0.037593984962406,0.0414450761048964
169773.411807,2633866.126422,0.00311526479750779,0.0252886201209456,0.0236393622869709,0.902877038665934,0.0339014110317024,0.0111783030969397
170273.411807,2633866.126422,0.000734079647641769,0.00550559735731327,0.00917599559552211,0.955037621581942,0.0244081482840888,0.00513855753349238
170773.411807,2633866.126422,0.121217678342197,0.0724371905373189,0.0100861910874748,0.56794425087108,0.0768384375573079,0.151476251604621
171273.411807,2633866.126422,0.247022173355323,0,0,0,0,0.752977826644677
171773.411807,2633866.126422,0.279317305927693,0.0737750045879978,0.0304643053771334,0.0506514956872821,0.0113782345384474,0.554413653881446
172273.411807,2633866.126422,0.00568494406748579,0.182835136622043,0.0957271226847607,0.0561158995048597,0.109297634329727,0.550339262791124
172773.411807,2633866.126422,0.05717427157779,0.187465640461792,0.0278541323071285,0.0797141286421111,0.162910023822613,0.484881803188565
173273.411807,2633866.126422,0.0789135621214902,0.0431271792989539,0.0181684712791338,0.0482657368324463,0.0359699027344467,0.775555147733529
166273.411807,2633366.126422,0.0110071546505228,0.0838378279214823,0.0576041093377362,0.641533663547973,0.0354063474591818,0.170610897083104
166773.411807,2633366.126422,0.0142857142857143,0.0635531135531135,0.28956043956044,0.53040293040293,0.0249084249084249,0.0772893772893773
167273.411807,2633366.126422,0.00311926605504587,0.0680733944954128,0.108623853211009,0.712660550458716,0.0420183486238532,0.0655045871559633
167773.411807,2633366.126422,0.00587048248027885,0.0585213722252798,0.0434782608695652,0.744267106952853,0.0480645753072831,0.0997982021647404
168273.411807,2633366.126422,0.000366300366300366,0.0122710622710623,0.0836996336996337,0.887179487179487,0.0115384615384615,0.00494505494505494
168773.411807,2633366.126422,0,0.0115596330275229,0.354678899082569,0.593577981651376,0.0256880733944954,0.0144954128440367
169273.411807,2633366.126422,0.002568336085122,0.0260502660062374,0.0774169877086773,0.81746468537883,0.0563199412951752,0.0201797835259585
169773.411807,2633366.126422,0.00586080586080586,0.0108058608058608,0.0512820512820513,0.878571428571429,0.0514652014652015,0.00201465201465201
170273.411807,2633366.126422,0.0458715596330275,0.0462385321100917,0.0113761467889908,0.704770642201835,0.0748623853211009,0.116880733944954
170773.411807,2633366.126422,0.352962759126766,0.064758759860576,0,0.18547055586131,0.0876903320491653,0.309117593102183
171273.411807,2633366.126422,0.241208791208791,0.0703296703296703,0.0305860805860806,0.028021978021978,0.00860805860805861,0.621245421245421
171773.411807,2633366.126422,0.00660550458715596,0.252844036697248,0.27045871559633,0.108990825688073,0.107155963302752,0.25394495412844
172273.411807,2633366.126422,0.00642084021280499,0.237204182718767,0.0832874701889562,0.128967161988626,0.116125481563016,0.42799486332783
172773.411807,2633366.126422,0.0639194139194139,0.115384615384615,0.0527472527472527,0.043040293040293,0.134981684981685,0.58992673992674
173273.411807,2633366.126422,0.0704587155963303,0.102018348623853,0.013394495412844,0.112110091743119,0.122752293577982,0.579266055045872
167273.411807,2632866.126422,0.019047619047619,0.0587912087912088,0.00641025641025641,0.483699633699634,0.0899267399267399,0.342124542124542
167773.411807,2632866.126422,0.0873626373626374,0.0496336996336996,0.0184981684981685,0.60989010989011,0.0736263736263736,0.160989010989011
168273.411807,2632866.126422,0.0253025302530253,0.035020168683535,0.0504217088375504,0.811147781444811,0.048038137147048,0.0300696736340301
168773.411807,2632866.126422,0.000549450549450549,0.0230769230769231,0.114102564102564,0.810989010989011,0.0474358974358974,0.00384615384615385
169273.411807,2632866.126422,0.000183150183150183,0.00476190476190476,0.371611721611722,0.623443223443223,0,0
169773.411807,2632866.126422,0.00678401173450678,0.00843417675100843,0.0280528052805281,0.894206087275394,0.0555555555555556,0.00696736340300697
170273.411807,2632866.126422,0.143956043956044,0.0895604395604396,0.00512820512820513,0.337728937728938,0.131501831501832,0.292124542124542
170773.411807,2632866.126422,0.46025641025641,0.026007326007326,0,0.00989010989010989,0.0586080586080586,0.445238095238095
171273.411807,2632866.126422,0.037037037037037,0.253392005867253,0.0715071507150715,0.307480748074807,0.0885588558855886,0.242024202420242
171773.411807,2632866.126422,0.0177655677655678,0.115018315018315,0.0683150183150183,0.244322344322344,0.163553113553114,0.391025641025641
172273.411807,2632866.126422,0.0457875457875458,0.130769230769231,0.0100732600732601,0.358241758241758,0.123076923076923,0.332051282051282
172773.411807,2632866.126422,0.0540887422075541,0.0495049504950495,0,0.296112944627796,0.118628529519619,0.481664833149982
173273.411807,2632866.126422,0.0668498168498168,0.111538461538462,0.00457875457875458,0.225091575091575,0.0921245421245421,0.49981684981685
166773.411807,2632366.126422,0.00623052959501558,0.0787978742899029,0.0648708081363387,0.793293018141836,0.0199743448781382,0.0368334249587686
167273.411807,2632366.126422,0.0110111947146265,0.0853367590383557,0.0321159845843274,0.67627087538998,0.087538997981281,0.10772618829143
167773.411807,2632366.126422,0.00366770584999083,0.0784889051898038,0.004401247019989,0.477718686961306,0.0951769668072621,0.340546488171649
168273.411807,2632366.126422,0.0564412680960235,0.134872640645043,0.00128275609309144,0.313358988455195,0.0553417628733736,0.438702583837273
168773.411807,2632366.126422,0.0513855753349238,0.1370893741971,0.00165167920719398,0.457148100568912,0.106441548908057,0.246283721783814
169273.411807,2632366.126422,0.0249403997799376,0.0181551439574546,0.0414450761048964,0.854758848340363,0.0265908674124335,0.0341096644049147
169773.411807,2632366.126422,0.280923584387026,0.0590067802822063,0.0102620487447315,0.395821880153931,0.0731170973062122,0.180868609125893
170273.411807,2632366.126422,0.0467975775371628,0.0789135621214902,0.280051385575335,0.131950816663608,0.0664342081115801,0.395852449990824
170773.411807,2632366.126422,0.055198973042362,0.156611039794608,0.270126535851825,0.196589033559509,0.0638180817898405,0.257656335961856
171273.411807,2632366.126422,0.0100787978742899,0.181418361737218,0.27579256001466,0.272860546087594,0.131390874106652,0.128458860179586
171773.411807,2632366.126422,0.0264268673151037,0.221508533675904,0.124977060011011,0.184070471646174,0.185538630941457,0.257478436410351
172273.411807,2632366.126422,0.0610673024023473,0.106913625527233,0.004401247019989,0.18008435723455,0.184668989547038,0.462864478268843
172773.411807,2632366.126422,0.0619387942092725,0.0861279091075683,0.0590067802822063,0.186915887850467,0.166941542972329,0.439069085578156
173273.411807,2632366.126422,0.0403743806202973,0.128096898513489,0.0108276748027161,0.443200587263718,0.14094329234722,0.23655716645256
166773.411807,2631866.126422,0.0141025641025641,0.117948717948718,0.0296703296703297,0.614285714285714,0.0516483516483516,0.172344322344322
167273.411807,2631866.126422,0.0155963302752294,0.124403669724771,0.0388990825688073,0.490091743119266,0.0777981651376147,0.253211009174312
167773.411807,2631866.126422,0,0.15263254448725,0.00146762062006971,0.404512933406714,0.137039075399009,0.304347826086957
168273.411807,2631866.126422,0.000732600732600733,0.152014652014652,0.000549450549450549,0.405494505494505,0.0833333333333333,0.357875457875458
168773.411807,2631866.126422,0.016697247706422,0.086605504587156,0.00788990825688073,0.675412844036697,0.0840366972477064,0.129357798165138
169273.411807,2631866.126422,0.15685195376995,0.0451293340671436,0.0139423958906623,0.667400476976702,0.0537516052100532,0.0629242340854889
169773.411807,2631866.126422,0.054029304029304,0.0836996336996337,0.311172161172161,0.250549450549451,0.0256410256410256,0.274908424908425
170273.411807,2631866.126422,0.0190825688073394,0.153394495412844,0.386788990825688,0.106788990825688,0.0453211009174312,0.288623853211009
170773.411807,2631866.126422,0.010273344340488,0.077600440286186,0.623922216107136,0.213722252797652,0.0616400660429279,0.01284168042561
171273.411807,2631866.126422,0.0032967032967033,0.247435897435897,0.282600732600733,0.0932234432234432,0.0694139194139194,0.304029304029304
171773.411807,2631866.126422,0.0506422018348624,0.186788990825688,0.129908256880734,0.120550458715596,0.139816513761468,0.372293577981651
172273.411807,2631866.126422,0.0449458814896349,0.0432948082920565,0.014125848468171,0.565584296459365,0.194643184736746,0.137405980554027
172773.411807,2631866.126422,0.0521978021978022,0.123260073260073,0.1003663003663,0.208241758241758,0.135164835164835,0.380769230769231
173273.411807,2631866.126422,0.0528440366972477,0.110642201834862,0.0590825688073394,0.285321100917431,0.144954128440367,0.347155963302752
166273.411807,2631366.126422,0.000183150183150183,0.0119047619047619,0,0.979304029304029,0.00769230769230769,0.000915750915750916
166773.411807,2631366.126422,0.0278694536120279,0.074990832416575,0.0161349468280161,0.782911624495783,0.046021268793546,0.0520718738540521
167273.411807,2631366.126422,0.00476190476190476,0.131318681318681,0.00164835164835165,0.586813186813187,0.0919413919413919,0.183516483516484
167773.411807,2631366.126422,0.00421245421245421,0.167948717948718,0.00384615384615385,0.416117216117216,0.120512820512821,0.287362637362637
168273.411807,2631366.126422,0.00348368170150348,0.121928859552622,0.00165016501650165,0.614044737807114,0.0627062706270627,0.196186285295196
168773.411807,2631366.126422,0.0289377289377289,0.0377289377289377,0.00476190476190476,0.814468864468864,0.0373626373626374,0.0767399267399267
169273.411807,2631366.126422,0.0485347985347985,0.0736263736263736,0.312637362637363,0.304945054945055,0.0384615384615385,0.221794871794872
169773.411807,2631366.126422,0.0302530253025303,0.121562156215622,0.261459479281261,0.0295196186285295,0.0247524752475248,0.532453245324532
170273.411807,2631366.126422,0.00402930402930403,0.101831501831502,0.639010989010989,0.22014652014652,0.0208791208791209,0.0141025641025641
170773.411807,2631366.126422,0.00714285714285714,0.147252747252747,0.658608058608059,0.102380952380952,0.0441391941391941,0.0404761904761905
171273.411807,2631366.126422,0.00348368170150348,0.208837550421709,0.245507884121746,0.316648331499817,0.0671067106710671,0.158415841584158
171773.411807,2631366.126422,0.00879120879120879,0.18003663003663,0.263003663003663,0.202014652014652,0.115567765567766,0.230586080586081
172273.411807,2631366.126422,0.0287545787545788,0.198534798534799,0.0694139194139194,0.173809523809524,0.171062271062271,0.358424908424908
172773.411807,2631366.126422,0.0117345067840117,0.191785845251192,0.0671067106710671,0.231206453978731,0.175834250091676,0.322332233223322
173273.411807,2631366.126422,0.0346153846153846,0.119413919413919,0.0551282051282051,0.201098901098901,0.174542124542125,0.415201465201465
166273.411807,2630866.126422,0.00641848523748395,0.0339262791124152,0.00715202640748212,0.894553456812764,0.0276911791674308,0.0302585732624244
166773.411807,2630866.126422,0.0813633864760858,0.0533260032985157,0.0835623969213854,0.602162360271211,0.0234561114165292,0.156129741616273
167273.411807,2630866.126422,0.0991007524316388,0.0994677922554597,0.0798311616810424,0.343732795008258,0.112864745824922,0.265002752798679
167773.411807,2630866.126422,0.0144874381074638,0.173849257289565,0.00238400880249404,0.346781588116633,0.0990280579497524,0.363469649734091
168273.411807,2630866.126422,0.009529045262965,0.0749496060106286,0.00109950522264981,0.340296866410115,0.0903426791277259,0.483782297965915
169273.411807,2630866.126422,0.0022006235099945,0.143774069319641,0.378874014304053,0.141573445809646,0.0779387493123052,0.255639097744361
169773.411807,2630866.126422,0,0.070734835990471,0.742532527029503,0.153014476818765,0.0273043796958036,0.00641378046545721
170273.411807,2630866.126422,0.00293631859056708,0.145714810056891,0.651128647458249,0.0783630023857589,0.0899247568361167,0.031932464672417
170773.411807,2630866.126422,0,0.0797726022373006,0.817531633962956,0.0711534934898221,0.0185219145424537,0.0130203557674674
171273.411807,2630866.126422,0.0166758292101887,0.121678577973245,0.521715228147334,0.167857797324537,0.051676745464541,0.120395821880154
171773.411807,2630866.126422,0.0240411084602679,0.19930262433474,0.123141860891907,0.220774454028262,0.155441365388145,0.277298586896678
172273.411807,2630866.126422,0.0177883733724555,0.17604988079956,0.0729873464148175,0.136438657619659,0.113698881349716,0.483036860443792
172773.411807,2630866.126422,0.0538757559098406,0.206890232728605,0.0665200659703134,0.118746564046179,0.127909107568261,0.4260582737768
173273.411807,2630866.126422,0.077995962561938,0.12442650027528,0.0831345200954303,0.201137823453845,0.143145531290145,0.370159662323362
165773.411807,2630366.126422,0.0073394495412844,0.0952293577981651,0.00311926605504587,0.728073394495413,0.115045871559633,0.0511926605504587
166273.411807,2630366.126422,0.00697119794533113,0.0645753072830673,0.0183452577508714,0.809576224545955,0.0581544670702623,0.0423775454045129
166773.411807,2630366.126422,0.000549450549450549,0.0351648351648352,0.0278388278388278,0.844871794871795,0.0228937728937729,0.0686813186813187
167273.411807,2630366.126422,0.0144954128440367,0.124954128440367,0.0385321100917431,0.480917431192661,0.156880733944954,0.184220183486239
167773.411807,2630366.126422,0.0451293340671436,0.0190790680609063,0.0398092093193909,0.786277747202348,0.0359567051917079,0.073747936158503
168273.411807,2630366.126422,0.0472527472527473,0.0547619047619048,0.164835164835165,0.328388278388278,0.054029304029304,0.350732600732601
168773.411807,2630366.126422,0,0.0680733944954128,0.214311926605505,0.161100917431193,0.0220183486238532,0.534495412844037
169273.411807,2630366.126422,0,0.120344890845716,0.692350027517887,0.0631076866629976,0.0420106402494955,0.0821867547239039
169773.411807,2630366.126422,0.00531135531135531,0.142307692307692,0.685714285714286,0.0534798534798535,0.056043956043956,0.0571428571428571
170273.411807,2630366.126422,0.00128440366972477,0.0471559633027523,0.811743119266055,0.0732110091743119,0.0622018348623853,0.00440366972477064
170773.411807,2630366.126422,0.00770500825536599,0.300128416804256,0.323610346725371,0.0684278114107503,0.124747752705926,0.175380664098331
171273.411807,2630366.126422,0.0106227106227106,0.232967032967033,0.151831501831502,0.0950549450549451,0.151282051282051,0.358241758241758
171773.411807,2630366.126422,0.0121100917431193,0.100733944954128,0.113761467889908,0.248990825688073,0.172110091743119,0.352293577981651
172273.411807,2630366.126422,0.0664098330581545,0.173546138323243,0.0163272793982755,0.180150431113557,0.165290772335351,0.398275545771418
172773.411807,2630366.126422,0.0853479853479854,0.161538461538462,0,0.0521978021978022,0.149084249084249,0.551831501831502
173273.411807,2630366.126422,0.0897247706422018,0.224770642201835,0,0.178165137614679,0.167889908256881,0.339449541284404
164773.411807,2629866.126422,0,0.00384615384615385,0.906959706959707,0.089010989010989,0.000183150183150183,0
165273.411807,2629866.126422,0.00825082508250825,0.0423542354235424,0,0.762009534286762,0.0227356068940227,0.164649798313165
165773.411807,2629866.126422,0.0236263736263736,0.0529304029304029,0.032051282051282,0.657142857142857,0.054029304029304,0.18021978021978
166273.411807,2629866.126422,0.00128205128205128,0.0133699633699634,0.0487179487179487,0.910622710622711,0.0254578754578755,0.000549450549450549
166773.411807,2629866.126422,0.00146681334800147,0.0137513751375138,0.0799413274660799,0.875870920425376,0.0284195086175284,0.00055005500550055
167273.411807,2629866.126422,0.0010989010989011,0.0225274725274725,0.0965201465201465,0.852380952380952,0.0188644688644689,0.00860805860805861
167773.411807,2629866.126422,0.0271062271062271,0.0954212454212454,0.0847985347985348,0.573443223443223,0.0593406593406593,0.15989010989011
168773.411807,2629866.126422,0,0.0937728937728938,0.67051282051282,0.138827838827839,0.0373626373626374,0.0595238095238095
169273.411807,2629866.126422,0.00494505494505494,0.100915750915751,0.689377289377289,0.126373626373626,0.0483516483516484,0.03003663003663
169773.411807,2629866.126422,0.00183351668500183,0.107810781078108,0.802713604693803,0.0482214888155482,0.026035936927026,0.0133846718005134
170273.411807,2629866.126422,0.0120879120879121,0.199084249084249,0.482234432234432,0.128754578754579,0.137912087912088,0.0399267399267399
170773.411807,2629866.126422,0.00311355311355311,0.19047619047619,0.51025641025641,0.0611721611721612,0.151648351648352,0.0833333333333333
171273.411807,2629866.126422,0.0311697836450312,0.138063806380638,0.0397873120645398,0.184451778511184,0.247891455812248,0.358635863586359
171773.411807,2629866.126422,0.0346153846153846,0.131318681318681,0.0208791208791209,0.264468864468864,0.162271062271062,0.386446886446886
172273.411807,2629866.126422,0.0379120879120879,0.131135531135531,0.0104395604395604,0.176739926739927,0.152380952380952,0.491391941391941
172773.411807,2629866.126422,0.178584525119179,0.198386505317198,0,0.0282361569490282,0.0696736340300697,0.525119178584525
173273.411807,2629866.126422,0.156043956043956,0.0873626373626374,0.000732600732600733,0.113919413919414,0.148901098901099,0.493040293040293
165273.411807,2629366.126422,0.00238226131574125,0.0459959684808503,0,0.0163093274693055,0.0109950522264981,0.924317390507605
165773.411807,2629366.126422,0,0.0181684712791338,0.0455129381537897,0.690401908607084,0.0209212699577904,0.224995412002202
166273.411807,2629366.126422,0.000550155877498625,0.0629011553273428,0.0053181734824867,0.855309004217862,0.028791490922428,0.0471300201723822
166773.411807,2629366.126422,0.0183250870441635,0.133773135422393,0.00568077698369067,0.721275426058274,0.0410481949789262,0.0798973795125527
167273.411807,2629366.126422,0,0.0568911726922371,0.0198201504863278,0.799779776105707,0.0557900532207745,0.0677188474949532
167773.411807,2629366.126422,0.0265908674124335,0.0878415551072804,0.365486887951586,0.256739409499358,0.0493306436823767,0.214010636346965
168273.411807,2629366.126422,0,0.236393622869709,0.021073850100788,0.140553417628734,0.150448964632582,0.451530144768188
168773.411807,2629366.126422,0.000550559735731327,0.017434391631492,0.689851348871353,0.26573683244632,0.0249587080198202,0.00146815929528354
169273.411807,2629366.126422,0.00165046763249587,0.0750045846323125,0.622959838620943,0.169814780854575,0.0762882816798093,0.0542820465798643
169773.411807,2629366.126422,0.00604727872457394,0.0852116547553601,0.573575224482316,0.175737584753528,0.0980392156862745,0.0613890415979476
170273.411807,2629366.126422,0.00770783630023858,0.108643787850982,0.554046614057625,0.174710956138741,0.0924940356028629,0.0623967700495504
170773.411807,2629366.126422,0.00678525582248304,0.222996515679443,0.213093709884467,0.121767834219696,0.200623509994498,0.234733174399413
171273.411807,2629366.126422,0.0185083379146051,0.148982957669049,0.125160344511636,0.279640828293934,0.214037016675829,0.213670514934946
171773.411807,2629366.126422,0.0172508717195816,0.164800880895577,0.0629473297852817,0.260598274912828,0.197283905303725,0.297118737383006
172273.411807,2629366.126422,0.068402714102329,0.11589950485971,0.0194388410049514,0.229048230331927,0.152209792774619,0.415000916926463
172773.411807,2629366.126422,0.0881436686824262,0.241707898112516,0.000366501740883269,0.0388491845336265,0.0736668499175371,0.557265897013011
173273.411807,2629366.126422,0.162048082216921,0.0851532391264452,0,0.105523949348504,0.138924573316205,0.508350155991925
165273.411807,2628866.126422,0.0368131868131868,0.0642857142857143,0.0489010989010989,0.380952380952381,0.103663003663004,0.365384615384615
165773.411807,2628866.126422,0.00275229357798165,0.0188990825688073,0.0860550458715596,0.852477064220183,0.0170642201834862,0.0227522935779817
166273.411807,2628866.126422,0.00972298660796184,0.0882406897816914,0.0381581361218125,0.778389286369473,0.0170610897083104,0.0684278114107503
166773.411807,2628866.126422,0.0347985347985348,0.254029304029304,0.00402930402930403,0.315018315018315,0.00274725274725275,0.389377289377289
167273.411807,2628866.126422,0.0377981651376147,0.11743119266055,0.307339449541284,0.0499082568807339,0.0174311926605505,0.470091743119266
168773.411807,2628866.126422,0,0.0328440366972477,0.321100917431193,0.593761467889908,0.0442201834862385,0.00807339449541284
169273.411807,2628866.126422,0.000183452577508714,0.0216474041460283,0.749403779123097,0.212254632177582,0.0119244175380664,0.00458631443771785
169773.411807,2628866.126422,0.000915750915750916,0.0646520146520147,0.725824175824176,0.147619047619048,0.0316849816849817,0.0293040293040293
170273.411807,2628866.126422,0,0.0719266055045872,0.702018348623853,0.157981651376147,0.055045871559633,0.0130275229357798
170773.411807,2628866.126422,0.00843881856540084,0.0964960557695836,0.562465602641717,0.169877086773069,0.085305448541552,0.0774169877086773
171273.411807,2628866.126422,0.0291208791208791,0.112637362637363,0.128388278388278,0.241208791208791,0.121611721611722,0.367032967032967
171773.411807,2628866.126422,0.0752293577981651,0.107155963302752,0.0858715596330275,0.19743119266055,0.144587155963303,0.389724770642202
172273.411807,2628866.126422,0.0379746835443038,0.44505595303614,0.00935608145294441,0.0726472206934507,0.0359567051917079,0.399009356081453
172773.411807,2628866.126422,0.0692307692307692,0.260622710622711,0,0.00695970695970696,0.0967032967032967,0.566483516483516
173273.411807,2628866.126422,0.167339449541284,0.133761467889908,0,0.121834862385321,0.136880733944954,0.440183486238532
168273.411807,2628366.126422,0,0.0982764943160983,0.578657865786579,0.26035936927026,0.0144847818115145,0.0482214888155482
168773.411807,2628366.126422,0,0.0602564102564103,0.434249084249084,0.456043956043956,0.0230769230769231,0.0263736263736264
169273.411807,2628366.126422,0.0010989010989011,0.0897435897435897,0.771062271062271,0.0624542124542125,0.0510989010989011,0.0245421245421245
169773.411807,2628366.126422,0.00348368170150348,0.143014301430143,0.624495782911624,0.0995599559955996,0.074990832416575,0.0544554455445545
170273.411807,2628366.126422,0.026007326007326,0.154578754578755,0.376373626373626,0.0853479853479854,0.118864468864469,0.238827838827839
170773.411807,2628366.126422,0.165384615384615,0.0393772893772894,0.0357142857142857,0.14047619047619,0.135714285714286,0.483333333333333
171273.411807,2628366.126422,0.19050238357169,0.101576824349102,0.216721672167217,0.0573890722405574,0.121195452878621,0.312614594792813
171773.411807,2628366.126422,0.196886446886447,0.131868131868132,0.16007326007326,0.078021978021978,0.154395604395604,0.278754578754579
172273.411807,2628366.126422,0.131135531135531,0.17967032967033,0.00879120879120879,0.127472527472527,0.0833333333333333,0.46959706959707
172773.411807,2628366.126422,0.134396773010634,0.253575357535754,0,0.0249358269160249,0.046021268793546,0.541070773744041
173273.411807,2628366.126422,0.228937728937729,0.10970695970696,0,0.0368131868131868,0.0692307692307692,0.555311355311355
166773.411807,2627866.126422,0,0.0227231079347627,0.788894997251237,0.181418361737218,0.00696353307678211,0
167273.411807,2627866.126422,0,0.00220223894292531,0.885667094879794,0.111763626353459,0.000367039823820885,0
167773.411807,2627866.126422,0,0.0328259673574179,0.889235283330277,0.0726205758298184,0.0053181734824867,0
168273.411807,2627866.126422,0,0.0872274143302181,0.819681143485432,0.0885101704233095,0.00293201392706615,0.00164925783397471
168773.411807,2627866.126422,0,0.0576252523398789,0.745641402092127,0.167186639750413,0.0231235089007157,0.00642319691686548
169273.411807,2627866.126422,0,0.0931597285897671,0.757931413900605,0.0790390610673024,0.0386942967174033,0.0311754997249221
169773.411807,2627866.126422,0.0053142752428074,0.177936595198827,0.461608942642478,0.103536741799524,0.0963899578522998,0.155213487264065
170273.411807,2627866.126422,0.0341347036153423,0.137639933932832,0.169755918517159,0.129565057808772,0.164433841071756,0.364470545054138
170773.411807,2627866.126422,0.122317990097194,0.0506143407298735,0.00605171465248487,0.156977810379608,0.195121951219512,0.468916192921328
171273.411807,2627866.126422,0.341579622503207,0.0738501007879787,0,0.0295033901411032,0.0698185816382628,0.485248304929448
171773.411807,2627866.126422,0.14956872820701,0.21141493852083,0.000183519911910442,0.0324830244081483,0.102587630757937,0.503762158194164
172273.411807,2627866.126422,0.237117183201907,0.172565560242069,0.127086007702182,0.0498807995598753,0.102328993214744,0.311021456079222
172773.411807,2627866.126422,0.180685358255452,0.333516584203775,0,0.108118013560564,0.0743998533993036,0.303280190580905
173273.411807,2627866.126422,0.296935217471096,0.0924940356028629,0,0.16993943842907,0.130115617544504,0.310515690952468
