"x","y","forest","agri","water","built","other","grass"
160773.411807,2571866.126422,0.0432234432234432,0.325274725274725,0.0210622710622711,0.193589743589744,0.154212454212454,0.262637362637363
161273.411807,2571866.126422,0.0484403669724771,0.216330275229358,0.0403669724770642,0.225871559633028,0.142385321100917,0.326605504587156
161773.411807,2571866.126422,0.0221977618785544,0.276646486883141,0.0405430196294258,0.168776371308017,0.121445606310769,0.370390753990094
162273.411807,2571866.126422,0.0144688644688645,0.467582417582418,0,0.0212454212454212,0.0657509157509158,0.430952380952381
162773.411807,2571866.126422,0.0264220183486239,0.462752293577982,0,0.0521100917431193,0.0708256880733945,0.387889908256881
163273.411807,2571866.126422,0.0352228948816731,0.324160704457898,0.00825536598789213,0.0361401577692167,0.090442120711796,0.505778756191524
163773.411807,2571866.126422,0.0673992673992674,0.119047619047619,0,0.258608058608059,0.293956043956044,0.260989010989011
164273.411807,2571866.126422,0.0539449541284404,0.239816513761468,0,0.0506422018348624,0.112477064220183,0.543119266055046
164773.411807,2571866.126422,0.0442120711796001,0.243441570354063,0.0106402494955054,0.0834709227664649,0.157585764079985,0.460649422124381
165273.411807,2571866.126422,0.00531135531135531,0.418681318681319,0.0412087912087912,0.127106227106227,0.0761904761904762,0.331501831501831
165773.411807,2571866.126422,0.021651376146789,0.419633027522936,0,0.0776146788990826,0.0293577981651376,0.451743119266055
166273.411807,2571866.126422,0.1326362135388,0.245643001284168,0.0236653824986241,0.0651256650155935,0.062190423775454,0.47073931388736
166773.411807,2571866.126422,0.0166666666666667,0.186630036630037,0.183699633699634,0.258424908424908,0.143589743589744,0.210989010989011
167273.411807,2571866.126422,0.0823853211009174,0.149357798165138,0.0440366972477064,0.24954128440367,0.153394495412844,0.321284403669725
167773.411807,2571866.126422,0.161805173362686,0.151898734177215,0.0148596587782058,0.0629242340854889,0.0390753990093561,0.569436800587048
168273.411807,2571866.126422,0.0393772893772894,0.25989010989011,0.0102564102564103,0.130769230769231,0.0721611721611722,0.487545787545788
168773.411807,2571866.126422,0.0339449541284404,0.167706422018349,0,0.12348623853211,0.0726605504587156,0.602201834862385
169273.411807,2571866.126422,0.00880572372041827,0.145844799119428,0.10842047330765,0.353513116859292,0.187488534213906,0.195927352779307
169773.411807,2571866.126422,0.00641025641025641,0.204395604395604,0.482051282051282,0.135714285714286,0.0315018315018315,0.13992673992674
170273.411807,2571866.126422,0.0113761467889908,0.206422018348624,0.284587155963303,0.230091743119266,0.123302752293578,0.144220183486239
170773.411807,2571866.126422,0.0146762062006971,0.225830122913227,0.167125298110438,0.219776187855439,0.226013575490736,0.146578609429462
171273.411807,2571866.126422,0.0293040293040293,0.347802197802198,0,0.0503663003663004,0.0291208791208791,0.543406593406593
171773.411807,2571866.126422,0.0218348623853211,0.428256880733945,0.00623853211009174,0.0163302752293578,0.0814678899082569,0.445871559633028
172273.411807,2571866.126422,0.0078884608328747,0.633461750137589,0,0,0.0370574206567602,0.321592368372776
172773.411807,2571866.126422,0.0155677655677656,0.547252747252747,0.000183150183150183,0,0.00732600732600733,0.42967032967033
160773.411807,2571366.126422,0.0691235790245691,0.331133113311331,0,0.183535020168684,0.179134580124679,0.237073707370737
161273.411807,2571366.126422,0.0622710622710623,0.165750915750916,0.00659340659340659,0.277838827838828,0.176923076923077,0.310622710622711
161773.411807,2571366.126422,0.118315018315018,0.170695970695971,0.000732600732600733,0.19010989010989,0.26043956043956,0.25970695970696
162273.411807,2571366.126422,0.0462046204620462,0.306013934726806,0,0.0429042904290429,0.154565456545655,0.45031169783645
162773.411807,2571366.126422,0.0360805860805861,0.345238095238095,0,0.0120879120879121,0.12967032967033,0.476923076923077
163273.411807,2571366.126422,0.0879120879120879,0.296336996336996,0,0.00915750915750916,0.0967032967032967,0.50989010989011
163773.411807,2571366.126422,0.0394206087275394,0.19031903190319,0,0.22992299229923,0.27997799779978,0.26035936927026
164273.411807,2571366.126422,0.0681318681318681,0.156043956043956,0,0.171245421245421,0.234432234432234,0.37014652014652
164773.411807,2571366.126422,0.0879120879120879,0.269413919413919,0,0.0677655677655678,0.13021978021978,0.444688644688645
165273.411807,2571366.126422,0.0438210487715438,0.356802346901357,0,0.0826916024935827,0.12046204620462,0.396222955628896
165773.411807,2571366.126422,0.0347985347985348,0.393956043956044,0,0.0516483516483516,0.0743589743589744,0.445238095238095
166273.411807,2571366.126422,0.0606227106227106,0.232967032967033,0.0159340659340659,0.0684981684981685,0.11007326007326,0.511904761904762
166773.411807,2571366.126422,0.159149248258159,0.134763476347635,0.0485881921525486,0.168316831683168,0.174184085075174,0.314998166483315
167273.411807,2571366.126422,0.0446886446886447,0.0628205128205128,0.00915750915750916,0.544688644688645,0.112087912087912,0.226556776556777
167773.411807,2571366.126422,0.0510989010989011,0.0798534798534798,0.371794871794872,0.232234432234432,0.0628205128205128,0.202197802197802
168273.411807,2571366.126422,0.132196552988632,0.301430143014301,0.0198019801980198,0.0603226989365603,0.118445177851118,0.367803447011368
168773.411807,2571366.126422,0.0501831501831502,0.199450549450549,0.019047619047619,0.0886446886446886,0.058974358974359,0.583699633699634
169273.411807,2571366.126422,0.028021978021978,0.134981684981685,0.0489010989010989,0.364652014652015,0.156043956043956,0.267399267399267
169773.411807,2571366.126422,0.00935093509350935,0.217821782178218,0.359002566923359,0.256142280894756,0.0231023102310231,0.134580124679135
170273.411807,2571366.126422,0.0131868131868132,0.276190476190476,0.0353479853479853,0.432600732600733,0.0443223443223443,0.198351648351648
170773.411807,2571366.126422,0.0141025641025641,0.235347985347985,0.182783882783883,0.278388278388278,0.0712454212454212,0.218131868131868
171273.411807,2571366.126422,0.0265859919325266,0.286578657865787,0.0476714338100477,0.187935460212688,0.0997433076640997,0.351485148514851
171773.411807,2571366.126422,0.0304029304029304,0.285164835164835,0.0963369963369963,0.141575091575092,0.0831501831501831,0.363369963369963
172273.411807,2571366.126422,0.0188644688644689,0.32985347985348,0.0868131868131868,0.171794871794872,0.076007326007326,0.316666666666667
172773.411807,2571366.126422,0.044004400440044,0.236523652365237,0.0385038503850385,0.0764576457645765,0.148514851485149,0.455995599559956
160773.411807,2570866.126422,0.00678028220634048,0.508521165475536,0,0.032618654938611,0.100604727872457,0.351475169507055
161273.411807,2570866.126422,0.00642319691686548,0.45219306294733,0,0.124242980363369,0.152138006973757,0.265002752798679
161773.411807,2570866.126422,0.0278745644599303,0.41206675224647,0,0.0251237850724372,0.183201907207042,0.351732991014121
162273.411807,2570866.126422,0.00879604178119846,0.373098772219168,0,0.00861279091075683,0.111599780098955,0.497892614989921
162773.411807,2570866.126422,0.0251422279317306,0.325564323729125,0.00403743806202973,0.0192695907505964,0.107175628555698,0.51881079097082
163273.411807,2570866.126422,0.046396479002384,0.282229965156794,0.0438290849073904,0.0733541169998166,0.061984228864845,0.492206125068769
163773.411807,2570866.126422,0.0698185816382628,0.175187832142203,0.152281473336998,0.0839288986622686,0.105735752244823,0.413047461975444
164273.411807,2570866.126422,0.0807487612405946,0.239493485043127,0.138190493668563,0.0976325931363553,0.0664342081115801,0.37750045879978
164773.411807,2570866.126422,0.0711534934898221,0.378323858426554,0.0218228498074454,0.0293416467999266,0.0322758114799193,0.467082339996332
165273.411807,2570866.126422,0.0969397104636247,0.296133406633681,0,0.187099138720909,0.185999633498259,0.233828110683526
165773.411807,2570866.126422,0.0627638098733713,0.0636814094329235,0.00642319691686548,0.449440264268673,0.305560653330886,0.11213066617728
166273.411807,2570866.126422,0.0570328259673574,0.0562992847973593,0.000366770584999083,0.539519530533651,0.260773885934348,0.086007702182285
166773.411807,2570866.126422,0.107385010078798,0.183800623052959,0,0.1905809052593,0.0844786512735936,0.433754810335349
167273.411807,2570866.126422,0.0350523031748945,0.0662506881996697,0.00275279867865663,0.586346118553863,0.141677371994861,0.167920719398055
167773.411807,2570866.126422,0.150926095727123,0.143407298734641,0.0137538969374656,0.167247386759582,0.183201907207042,0.341463414634146
168273.411807,2570866.126422,0.097306212204508,0.282206340480117,0.00641378046545721,0.110317024005864,0.121312076232362,0.382444566611691
168773.411807,2570866.126422,0.126261699394384,0.220774454028262,0.0293631859056708,0.120572582125161,0.0724903652046247,0.430537713341898
169273.411807,2570866.126422,0.100861910874748,0.258023106546855,0,0.0559325142123602,0.0711534934898221,0.514028974876215
169773.411807,2570866.126422,0.0949239508887667,0.183067619571193,0.0311526479750779,0.199376947040498,0.0870441634597764,0.404434671064688
170273.411807,2570866.126422,0.0308313452009543,0.20315654248486,0.0425766195632226,0.334740319324647,0.0794641218572215,0.309231051569095
170773.411807,2570866.126422,0.0229231615624427,0.194388410049514,0.121217678342197,0.365853658536585,0.0957271226847607,0.1998899688245
171273.411807,2570866.126422,0.0221733553234378,0.13120762323621,0.228147333699835,0.306212204507971,0.0681693238042881,0.244090159428257
171773.411807,2570866.126422,0.0102771150669848,0.112681225913012,0.236006606716829,0.427968434575151,0.0976325931363553,0.115434024591668
172273.411807,2570866.126422,0.0441958554923895,0.267375756464332,0.0275077938749312,0.170364936732074,0.177150192554557,0.313405464881717
172773.411807,2570866.126422,0.0384826827927433,0.207623236210372,0.0269378779549203,0.135788894997251,0.150448964632582,0.440718343412131
160773.411807,2570366.126422,0.00384615384615385,0.390659340659341,0.0164835164835165,0.208791208791209,0.122161172161172,0.258058608058608
161273.411807,2570366.126422,0.0229357798165138,0.298715596330275,0.0260550458715596,0.134495412844037,0.168990825688073,0.348807339449541
161773.411807,2570366.126422,0.0225646670335718,0.300128416804256,0.00880572372041827,0.0623738763529628,0.0864061640066043,0.519721152082187
162273.411807,2570366.126422,0.0205128205128205,0.206227106227106,0.258974358974359,0.0906593406593407,0.0836996336996337,0.33992673992674
162773.411807,2570366.126422,0.0143119266055046,0.258165137614679,0.288623853211009,0.139449541284404,0.0631192660550459,0.236330275229358
163273.411807,2570366.126422,0.0172445422858191,0.188956154833975,0.0475142175747569,0.259401944597322,0.118326912493121,0.368556228215006
163773.411807,2570366.126422,0.017032967032967,0.360622710622711,0.00989010989010989,0.028021978021978,0.0725274725274725,0.511904761904762
164273.411807,2570366.126422,0.0752293577981651,0.362201834862385,0.0244036697247706,0.00477064220183486,0.100917431192661,0.432477064220184
164773.411807,2570366.126422,0.0574206567602275,0.190240322876536,0.246376811594203,0.0260502660062374,0.0392588515868648,0.440653091175931
165273.411807,2570366.126422,0.019047619047619,0.721428571428571,0,0.000366300366300366,0.0126373626373626,0.246520146520147
165773.411807,2570366.126422,0.0260550458715596,0.184954128440367,0.00018348623853211,0.595963302752294,0.0970642201834862,0.0957798165137615
166273.411807,2570366.126422,0.00825536598789213,0.00862227114290956,0.00146762062006971,0.89726655659512,0.0820033021463952,0.00238488350761328
166773.411807,2570366.126422,0.0721611721611722,0.0824175824175824,0,0.418315018315018,0.206593406593407,0.220512820512821
167273.411807,2570366.126422,0.0335779816513761,0.208073394495413,0.0271559633027523,0.119449541284404,0.106788990825688,0.504954128440367
167773.411807,2570366.126422,0.0401761144744084,0.12126215373326,0.0317372959090075,0.18547055586131,0.235553109521189,0.385800770500826
168273.411807,2570366.126422,0.0267399267399267,0.267032967032967,0.0529304029304029,0.118315018315018,0.215018315018315,0.31996336996337
168773.411807,2570366.126422,0.0289908256880734,0.172660550458716,0.259633027522936,0.144587155963303,0.0552293577981651,0.338899082568807
169273.411807,2570366.126422,0.0174279948633278,0.300862227114291,0.0654925701706109,0.0524674371674922,0.0779673454412034,0.485782425243075
169773.411807,2570366.126422,0.0767399267399267,0.0891941391941392,0.0141025641025641,0.101098901098901,0.10018315018315,0.618681318681319
170273.411807,2570366.126422,0.0337614678899083,0.361284403669725,0,0.00587155963302752,0.0220183486238532,0.577064220183486
170773.411807,2570366.126422,0.0509998165474225,0.235920014676206,0.0119244175380664,0.16125481563016,0.0864061640066043,0.453494771601541
171273.411807,2570366.126422,0.0738095238095238,0.148168498168498,0.141575091575092,0.0928571428571429,0.0992673992673993,0.444322344322344
171773.411807,2570366.126422,0.0941284403669725,0.130275229357798,0.0484403669724771,0.240366972477064,0.224403669724771,0.262385321100917
172273.411807,2570366.126422,0.0629242340854889,0.301596037424326,0,0.217391304347826,0.185654008438819,0.232434415703541
172773.411807,2570366.126422,0.091025641025641,0.394322344322344,0,0.0745421245421245,0.0774725274725275,0.362637362637363
160773.411807,2569866.126422,0.0165016501650165,0.231023102310231,0.335716905023836,0.124312431243124,0.0524385771910524,0.24000733406674
161273.411807,2569866.126422,0.0472527472527473,0.18956043956044,0.389377289377289,0.0730769230769231,0.0417582417582418,0.258974358974359
161773.411807,2569866.126422,0.0562271062271062,0.127472527472527,0.234065934065934,0.227289377289377,0.133333333333333,0.221611721611722
162273.411807,2569866.126422,0.0463879721305464,0.204803813714705,0.173634030069674,0.0643564356435644,0.088008800880088,0.422808947561423
162773.411807,2569866.126422,0.03003663003663,0.34981684981685,0.0862637362637363,0.0205128205128205,0.0296703296703297,0.483699633699634
163273.411807,2569866.126422,0.0192307692307692,0.406776556776557,0.000183150183150183,0.00952380952380952,0.0307692307692308,0.533516483516484
163773.411807,2569866.126422,0.0548221488815548,0.462596259625963,0,0.00201686835350202,0.0412541254125413,0.439310597726439
164273.411807,2569866.126422,0.0785714285714286,0.444505494505494,0,0.0146520146520147,0.0617216117216117,0.400549450549451
164773.411807,2569866.126422,0.0518315018315018,0.406227106227106,0.125641025641026,0.0163003663003663,0.0322344322344322,0.367765567765568
165273.411807,2569866.126422,0.0286028602860286,0.163733039970664,0.169233590025669,0.017968463513018,0.074990832416575,0.545471213788045
165773.411807,2569866.126422,0.0728937728937729,0.0908424908424908,0,0.415201465201465,0.226190476190476,0.194871794871795
166273.411807,2569866.126422,0.0598901098901099,0.0307692307692308,0,0.658424908424908,0.211904761904762,0.039010989010989
166773.411807,2569866.126422,0.0559222588925559,0.242757609094243,0,0.241474147414741,0.190685735240191,0.269160249358269
167273.411807,2569866.126422,0.0490842490842491,0.298717948717949,0,0.0164835164835165,0.0725274725274725,0.563186813186813
167773.411807,2569866.126422,0.134981684981685,0.189194139194139,0.0164835164835165,0.0875457875457875,0.119230769230769,0.452564102564103
168273.411807,2569866.126422,0.035020168683535,0.242574257425743,0.127429409607627,0.276494316098277,0.224605793912725,0.0938760542720939
168773.411807,2569866.126422,0.00714285714285714,0.210622710622711,0.0573260073260073,0.386813186813187,0.119047619047619,0.219047619047619
169273.411807,2569866.126422,0.0177655677655678,0.215934065934066,0.131318681318681,0.224908424908425,0.0551282051282051,0.354945054945055
169773.411807,2569866.126422,0.0163182984965163,0.2004033736707,0.138797213054639,0.256325632563256,0.164466446644664,0.223689035570224
170273.411807,2569866.126422,0.0556776556776557,0.183150183150183,0.102380952380952,0.107875457875458,0.0531135531135531,0.497802197802198
170773.411807,2569866.126422,0.0712454212454212,0.242124542124542,0.0481684981684982,0.0373626373626374,0.0490842490842491,0.552014652014652
171273.411807,2569866.126422,0.0106343967730106,0.415108177484415,0,0.0249358269160249,0.0359369270260359,0.513384671800513
171773.411807,2569866.126422,0.0357142857142857,0.200915750915751,0.17014652014652,0.228388278388278,0.125091575091575,0.23974358974359
172273.411807,2569866.126422,0.0591575091575092,0.202930402930403,0.105494505494505,0.222893772893773,0.128205128205128,0.281318681318681
172773.411807,2569866.126422,0.128712871287129,0.307480748074807,0.00311697836450312,0.122845617895123,0.124129079574624,0.313714704803814
160773.411807,2569366.126422,0.00787978742899029,0.382078064870808,0.146783947223749,0.0192413413963716,0.0430639545537841,0.400952904526297
161273.411807,2569366.126422,0.0359699027344467,0.508900715727656,0.0699210864378785,0.0335841438796109,0.0144980730409249,0.337126078179482
161773.411807,2569366.126422,0.0601503759398496,0.508527416101229,0.0482303319273794,0.0610673024023473,0.0430955437373923,0.278929029891803
162273.411807,2569366.126422,0.0133773135422393,0.63679677478468,0,0.000549752611324904,0.0102620487447315,0.339014110317024
162773.411807,2569366.126422,0.028629106258029,0.35272527069187,0.00275279867865663,0.0359699027344467,0.0935951550743256,0.486327766562672
163273.411807,2569366.126422,0.0502475701448744,0.401430405281496,0,0.131120484137172,0.133687878232166,0.283513662204291
163773.411807,2569366.126422,0.0700018325087044,0.239508887667216,0,0.154480483782298,0.20743998533993,0.328568810701851
164273.411807,2569366.126422,0.0543218939254909,0.424114516425032,0,0.0748761240594605,0.161497522481189,0.285189943108827
164773.411807,2569366.126422,0.0951769668072621,0.511094810196222,0.00586832935998533,0.0172382174949569,0.0286081056299285,0.342013570511645
165273.411807,2569366.126422,0.0929081913139087,0.262781748213304,0.110133773135422,0.068719076415613,0.114165292285138,0.351291918636614
165773.411807,2569366.126422,0.142962011378235,0.43567627087539,0.0434942191227748,0.04147550009176,0.0697375665259681,0.266654432005873
166273.411807,2569366.126422,0.0430955437373923,0.285897671006785,0.00605171465248487,0.336878782321658,0.105996699064735,0.222079589216945
166773.411807,2569366.126422,0.0564412680960235,0.244273410298699,0,0.29485065054059,0.223199560197911,0.181235110866777
167273.411807,2569366.126422,0.0600110111947146,0.3444668746559,0.000550559735731327,0.0317489447605065,0.10790970820334,0.455312901449807
167773.411807,2569366.126422,0.0871080139372822,0.180634513112048,0.0121034293049697,0.0964606638547588,0.227764533284431,0.39592884650651
168273.411807,2569366.126422,0.0353674179952355,0.157595748579806,0.0540590067802822,0.274326553051127,0.2354773685175,0.243173905076049
168773.411807,2569366.126422,0.000550559735731327,0.100018351991191,0.160579922921637,0.611488346485594,0.115434024591668,0.0119287942741787
169273.411807,2569366.126422,0.00953603520997616,0.225930680359435,0.159361819182102,0.291766000366771,0.137538969374656,0.17586649550706
169773.411807,2569366.126422,0.0221733553234378,0.167857797324537,0.199193696170057,0.136888400219901,0.119846069268829,0.354040681693238
170273.411807,2569366.126422,0.101119471462654,0.111029546705818,0.113048265736832,0.21581941640668,0.136722334373279,0.322260965314737
170773.411807,2569366.126422,0.0480469466348799,0.249954153676875,0.156427654502109,0.123785072437191,0.113148725472217,0.308637447276728
171273.411807,2569366.126422,0.0386659336631849,0.204874473153747,0.168407549935862,0.115814550119113,0.133956386292835,0.338281106835257
171773.411807,2569366.126422,0.022389429253074,0.523398788768581,0,0.0289961460818499,0.0196366305744173,0.405579005322077
172273.411807,2569366.126422,0.0232899321474418,0.342563726389144,0,0.0359435173299101,0.0638180817898405,0.534384742343664
172773.411807,2569366.126422,0.0131940626717977,0.483782297965915,0,0.0480117280557083,0.0767821147150449,0.378229796591534
160773.411807,2568866.126422,0.0194139194139194,0.546520146520146,0,0.00183150183150183,0.0258241758241758,0.406410256410256
161273.411807,2568866.126422,0.0544954128440367,0.384587155963303,0.0269724770642202,0.0728440366972477,0.0234862385321101,0.437614678899083
161773.411807,2568866.126422,0.0511832691249312,0.566685011924418,0.00146762062006971,0.0401761144744084,0.0996147495872317,0.240873234268941
162273.411807,2568866.126422,0.0155677655677656,0.535531135531136,0,0.00402930402930403,0.0525641025641026,0.392307692307692
162773.411807,2568866.126422,0.0543119266055046,0.388440366972477,0,0.0497247706422018,0.0697247706422018,0.437798165137615
163273.411807,2568866.126422,0.0493487433498441,0.199596404329481,0.0122913226930838,0.297376628141625,0.159420289855072,0.281966611630893
163773.411807,2568866.126422,0.0688644688644689,0.332051282051282,0.0010989010989011,0.131135531135531,0.166666666666667,0.30018315018315
164273.411807,2568866.126422,0.0721100917431193,0.164403669724771,0,0.229357798165138,0.287706422018349,0.246422018348624
164773.411807,2568866.126422,0.0559530361401578,0.202715098147129,0,0.255732893047147,0.251146578609429,0.234452394056136
165273.411807,2568866.126422,0.0423076923076923,0.531318681318681,0,0.0126373626373626,0.0686813186813187,0.345054945054945
165773.411807,2568866.126422,0.046605504587156,0.340733944954128,0.158715596330275,0.0227522935779817,0.0398165137614679,0.391376146788991
166273.411807,2568866.126422,0.0310034855989727,0.648871766648321,0,0.0526508897450009,0.0458631443771785,0.221610713630527
166773.411807,2568866.126422,0.0434065934065934,0.474175824175824,0.00842490842490842,0.0322344322344322,0.0470695970695971,0.394688644688645
167273.411807,2568866.126422,0.0165137614678899,0.452844036697248,0,0.0132110091743119,0.0401834862385321,0.477247706422018
167773.411807,2568866.126422,0.0407264722069345,0.364336818932306,0,0.0288020546688681,0.0902586681342873,0.475875986057604
168273.411807,2568866.126422,0.0271062271062271,0.166849816849817,0.0443223443223443,0.336996336996337,0.248168498168498,0.176556776556777
168773.411807,2568866.126422,0.0535779816513761,0.196697247706422,0.211926605504587,0.199266055045872,0.12348623853211,0.215045871559633
169273.411807,2568866.126422,0.00110071546505228,0.20399926618969,0.223628691983122,0.180150431113557,0.0966795083470923,0.294441386901486
169773.411807,2568866.126422,0.0423076923076923,0.144688644688645,0.146886446886447,0.191758241758242,0.23974358974359,0.234615384615385
170273.411807,2568866.126422,0.0574311926605505,0.188073394495413,0.17743119266055,0.233761467889908,0.135045871559633,0.208256880733945
170773.411807,2568866.126422,0.154283617684828,0.139974316639149,0.0867730691616217,0.103467253714915,0.102183085672354,0.413318657127133
171273.411807,2568866.126422,0.0415750915750916,0.159157509157509,0.331868131868132,0.145970695970696,0.132600732600733,0.188827838827839
171773.411807,2568866.126422,0.126238532110092,0.178165137614679,0.013394495412844,0.157614678899083,0.145321100917431,0.379266055045872
172273.411807,2568866.126422,0.130251330031187,0.274628508530545,0,0.0741148413135205,0.0689781691432765,0.452027150981471
172773.411807,2568866.126422,0.0267399267399267,0.538461538461538,0,0.0315018315018315,0.0807692307692308,0.322527472527473
160773.411807,2568366.126422,0.0663733039970664,0.477081041437477,0,0.0322698936560323,0.0843417675100843,0.33993399339934
161273.411807,2568366.126422,0.0336996336996337,0.468864468864469,0,0.0631868131868132,0.0641025641025641,0.37014652014652
161773.411807,2568366.126422,0.0716117216117216,0.158608058608059,0,0.297252747252747,0.322344322344322,0.15018315018315
162273.411807,2568366.126422,0.0586725339200587,0.462779611294463,0,0.0212687935460213,0.101393472680601,0.355885588558856
162773.411807,2568366.126422,0.060989010989011,0.48003663003663,0,0,0.00201465201465201,0.456959706959707
163273.411807,2568366.126422,0.0135531135531136,0.344139194139194,0.00622710622710623,0.122161172161172,0.116483516483516,0.397435897435897
163773.411807,2568366.126422,0.0152181884855152,0.283645031169784,0.0804913824715805,0.295379537953795,0.103960396039604,0.221305463879721
164273.411807,2568366.126422,0.0608058608058608,0.52032967032967,0,0.0582417582417582,0.0838827838827839,0.276739926739927
164773.411807,2568366.126422,0.0454212454212454,0.534981684981685,0,0.0745421245421245,0.106227106227106,0.238827838827839
165273.411807,2568366.126422,0.0157682434910158,0.613861386138614,0,0.0669233590025669,0.0344701136780345,0.268976897689769
165773.411807,2568366.126422,0.0223443223443223,0.248168498168498,0.224358974358974,0.0195970695970696,0.0615384615384615,0.423992673992674
166273.411807,2568366.126422,0.0225274725274725,0.69029304029304,0,0.0159340659340659,0.0228937728937729,0.248351648351648
166773.411807,2568366.126422,0.0623395672900623,0.519068573524019,0,0.015034836817015,0.081958195819582,0.321598826549322
167273.411807,2568366.126422,0.0434065934065934,0.405128205128205,0,0.00494505494505494,0.0373626373626374,0.509157509157509
167773.411807,2568366.126422,0.0291208791208791,0.128571428571429,0.133150183150183,0.254395604395604,0.228388278388278,0.226373626373626
168273.411807,2568366.126422,0.0416208287495416,0.158415841584158,0.0986431976530986,0.367986798679868,0.18958562522919,0.143747708104144
168773.411807,2568366.126422,0.0412087912087912,0.206410256410256,0.082967032967033,0.147619047619048,0.172344322344322,0.349450549450549
169273.411807,2568366.126422,0.0144688644688645,0.206593406593407,0.293406593406593,0.0562271062271062,0.101098901098901,0.328205128205128
169773.411807,2568366.126422,0.0667400073340667,0.148881554822149,0.122295562889622,0.131463146314631,0.262009534286762,0.268610194352769
170273.411807,2568366.126422,0.0595238095238095,0.18956043956044,0.200549450549451,0.141208791208791,0.124908424908425,0.284249084249084
170773.411807,2568366.126422,0.165384615384615,0.178205128205128,0.0954212454212454,0.11007326007326,0.130586080586081,0.32032967032967
171273.411807,2568366.126422,0.024019068573524,0.114594792812615,0.180784745141181,0.453428676200953,0.12981298129813,0.0973597359735974
171773.411807,2568366.126422,0.0472527472527473,0.184615384615385,0.120695970695971,0.203846153846154,0.238644688644689,0.204945054945055
172273.411807,2568366.126422,0.0631868131868132,0.211172161172161,0.0836996336996337,0.1503663003663,0.137545787545788,0.354029304029304
172773.411807,2568366.126422,0.0245691235790246,0.557755775577558,0.0436376971030436,0.127796112944628,0.0674734140080675,0.178767876787679
160773.411807,2567866.126422,0.0408649441084845,0.414879970679861,0,0.0351841671247938,0.142752428074033,0.366318490012828
161273.411807,2567866.126422,0.0176179115434025,0.477885850614792,0,0.0434942191227748,0.0923105156909525,0.368691503028079
161773.411807,2567866.126422,0.0157711351549606,0.596735741793508,0,0.0100861910874748,0.0454795525398863,0.33192737942417
162273.411807,2567866.126422,0.00384826827927433,0.645409565695437,0,0.000183250870441635,0.0232728605460876,0.327286054608759
162773.411807,2567866.126422,0.112314186089191,0.387594053954854,0,0.0372545421178198,0.0603780510185355,0.4024591668196
163273.411807,2567866.126422,0.0871080139372822,0.259306803594352,0,0.0981111314872547,0.190720704199523,0.364753346781588
163773.411807,2567866.126422,0.0328019058090526,0.421660252886201,0,0.047645226314825,0.110683525746747,0.387209089243174
164273.411807,2567866.126422,0.077995962561938,0.403927326114883,0,0.171224077812443,0.0950633143696091,0.251789319141127
164773.411807,2567866.126422,0.055198973042362,0.536401980561159,0.00183385292499542,0.0836236933797909,0.156427654502109,0.166513845589584
165273.411807,2567866.126422,0.00824628916987356,0.861279091075683,0,0.000183250870441635,0.00971229613340663,0.120579072750596
165773.411807,2567866.126422,0.0264268673151037,0.241145164250321,0.183703431822353,0.0203707102220591,0.0328500642319692,0.495503762158194
166273.411807,2567866.126422,0.0177883733724555,0.568677792041078,0,0.00568494406748579,0.0509811113148725,0.356867779204108
166773.411807,2567866.126422,0.0657870624885468,0.161627267729522,0,0.217335532343779,0.309693971046362,0.24555616639179
167273.411807,2567866.126422,0.0504679757753716,0.239493485043127,0.0423930996513122,0.133418975958892,0.119104422829877,0.41512204074142
167773.411807,2567866.126422,0.0315422703099211,0.176600036677059,0.253805244819366,0.166513845589584,0.149459013387126,0.222079589216945
168273.411807,2567866.126422,0.062671797691039,0.205240974894631,0.110683525746747,0.141469671980942,0.108118013560564,0.371816016126077
168773.411807,2567866.126422,0.0752431638832813,0.267939071389246,0.0530372545421178,0.148100568911727,0.296568177647275,0.159111763626353
169273.411807,2567866.126422,0.0962772785622593,0.159361819182102,0.227581147991931,0.106730240234733,0.163579680909591,0.246469833119384
169773.411807,2567866.126422,0.0113615539673813,0.143851933296683,0.294300897929265,0.098772219168041,0.0903426791277259,0.361370716510903
170273.411807,2567866.126422,0.0113782345384474,0.154156726004772,0.368875022939989,0.0535878142778491,0.0601945311066251,0.351807671132318
170773.411807,2567866.126422,0.0300751879699248,0.134054648817165,0.315422703099211,0.152759948652118,0.12800293416468,0.239684577296901
171273.411807,2567866.126422,0.00494777350192413,0.119296316657504,0.31610775151182,0.314275242807403,0.133589884551952,0.111783030969397
171773.411807,2567866.126422,0.0361534226463571,0.127913378601578,0.236190126628739,0.254175077995963,0.155624885300055,0.189943108827308
172273.411807,2567866.126422,0.0209059233449477,0.0726205758298184,0.20410783055199,0.273610856409316,0.197322574729507,0.231432239134421
172773.411807,2567866.126422,0.053142752428074,0.18948140003665,0.217152281473337,0.115631299248671,0.183983873923401,0.240608392889866
160773.411807,2567366.126422,0.00384615384615385,0.371611721611722,0.0271062271062271,0.223809523809524,0.0858974358974359,0.287728937728938
161273.411807,2567366.126422,0.0478899082568807,0.301467889908257,0.00073394495412844,0.2,0.141284403669725,0.308623853211009
161773.411807,2567366.126422,0.0702623371858375,0.404146028251697,0,0.0392588515868648,0.10420106402495,0.382131718950651
162273.411807,2567366.126422,0.0368131868131868,0.527838827838828,0,0.0263736263736264,0.0578754578754579,0.351098901098901
162773.411807,2567366.126422,0.0693577981651376,0.43302752293578,0,0.0176146788990826,0.0513761467889908,0.428623853211009
163273.411807,2567366.126422,0.113190240322877,0.323059988992845,0,0.117409649605577,0.163456246560264,0.282883874518437
163773.411807,2567366.126422,0.0681318681318681,0.217765567765568,0,0.241758241758242,0.208058608058608,0.264285714285714
164273.411807,2567366.126422,0.035045871559633,0.51651376146789,0.00110091743119266,0.015045871559633,0.0777981651376147,0.354495412844037
164773.411807,2567366.126422,0.02568336085122,0.535681526325445,0.00880572372041827,0.0275178866263071,0.0475142175747569,0.354797284901853
165273.411807,2567366.126422,0.0221611721611722,0.804578754578755,0,0.000183150183150183,0.00549450549450549,0.167582417582418
165773.411807,2567366.126422,0.0234862385321101,0.28256880733945,0.0102752293577982,0.0119266055045872,0.0355963302752294,0.636146788990826
166273.411807,2567366.126422,0.0388919464318474,0.192074848651624,0.0770500825536599,0.0876903320491653,0.218125114657861,0.386167675655843
166773.411807,2567366.126422,0.0547619047619048,0.263553113553114,0,0.101831501831502,0.17014652014652,0.40970695970696
167273.411807,2567366.126422,0.0357798165137615,0.233394495412844,0.048256880733945,0.126605504587156,0.083302752293578,0.472660550458716
167773.411807,2567366.126422,0.0579710144927536,0.127499541368556,0.10842047330765,0.109521188772702,0.211704274445056,0.384883507613282
168273.411807,2567366.126422,0.0492673992673993,0.0924908424908425,0.13003663003663,0.108241758241758,0.175274725274725,0.444688644688645
168773.411807,2567366.126422,0.112844036697248,0.0855045871559633,0.0673394495412844,0.148440366972477,0.22697247706422,0.358899082568807
169273.411807,2567366.126422,0.0755824619335902,0.0583379196477711,0.156301596037424,0.250045863144377,0.152999449642267,0.30673270959457
169773.411807,2567366.126422,0.0179487179487179,0.155494505494505,0.232234432234432,0.328021978021978,0.152380952380952,0.113919413919414
170273.411807,2567366.126422,0.0722935779816514,0.197064220183486,0.172660550458716,0.254495412844037,0.0807339449541284,0.222752293577982
170773.411807,2567366.126422,0.0526508897450009,0.182168409466153,0.285635663181068,0.0735644835809943,0.178682810493487,0.227297743533297
171273.411807,2567366.126422,0.0298534798534799,0.204945054945055,0.114285714285714,0.143589743589744,0.146336996336996,0.360989010989011
171773.411807,2567366.126422,0.0596330275229358,0.123119266055046,0.055045871559633,0.104220183486239,0.0943119266055046,0.563669724770642
172273.411807,2567366.126422,0.0643918547055586,0.162722436250229,0.162355531095212,0.103650706292423,0.133186571271326,0.37369290038525
172773.411807,2567366.126422,0.0373626373626374,0.144505494505494,0.0318681318681319,0.0384615384615385,0.0789377289377289,0.668864468864469
160773.411807,2566866.126422,0.0166850018335167,0.153832049871654,0.137147048038137,0.435276861019435,0.111111111111111,0.145947928126146
161273.411807,2566866.126422,0.0413919413919414,0.318315018315018,0,0.0886446886446886,0.177838827838828,0.373809523809524
161773.411807,2566866.126422,0.010989010989011,0.522710622710623,0.0155677655677656,0.0509157509157509,0.0659340659340659,0.333882783882784
162273.411807,2566866.126422,0.0278694536120279,0.614411441144114,0,0.0253025302530253,0.026952695269527,0.305463879721305
162773.411807,2566866.126422,0.015018315018315,0.605860805860806,0,0.000366300366300366,0.0166666666666667,0.362087912087912
163273.411807,2566866.126422,0.0265567765567766,0.421794871794872,0.0289377289377289,0.0456043956043956,0.0624542124542125,0.414652014652015
163773.411807,2566866.126422,0.0815914924825816,0.0616061606160616,0,0.469013568023469,0.286578657865787,0.101210121012101
164273.411807,2566866.126422,0.0619047619047619,0.445421245421245,0,0.00860805860805861,0.0435897435897436,0.44047619047619
164773.411807,2566866.126422,0.0152014652014652,0.631501831501831,0,0.00860805860805861,0.0386446886446886,0.306043956043956
165273.411807,2566866.126422,0.0113678034470114,0.513201320132013,0,0.0476714338100477,0.142464246424642,0.285295196186285
165773.411807,2566866.126422,0.0382783882783883,0.372527472527473,0.0443223443223443,0.0347985347985348,0.0494505494505494,0.460622710622711
166273.411807,2566866.126422,0.0236263736263736,0.345238095238095,0.0567765567765568,0.00604395604395604,0.0296703296703297,0.538644688644689
166773.411807,2566866.126422,0.0540887422075541,0.281078107810781,0.0526219288595526,0.0715071507150715,0.1001100110011,0.440594059405941
167273.411807,2566866.126422,0.0454212454212454,0.366483516483516,0.0203296703296703,0.0897435897435897,0.123992673992674,0.354029304029304
167773.411807,2566866.126422,0.0765567765567766,0.126373626373626,0.0243589743589744,0.0835164835164835,0.0989010989010989,0.59029304029304
168273.411807,2566866.126422,0.0407040704070407,0.177117711771177,0.00953428676200953,0.124679134580125,0.157499083241658,0.49046571323799
168773.411807,2566866.126422,0.0877289377289377,0.13956043956044,0,0.109340659340659,0.188461538461538,0.474908424908425
169273.411807,2566866.126422,0.0659340659340659,0.0864468864468864,0.0386446886446886,0.192490842490843,0.267582417582418,0.348901098901099
169773.411807,2566866.126422,0.0801246791345801,0.101026769343601,0.0595892922625596,0.21965529886322,0.298129812981298,0.241474147414741
170273.411807,2566866.126422,0.0230769230769231,0.126556776556777,0.222344322344322,0.299267399267399,0.168131868131868,0.160622710622711
170773.411807,2566866.126422,0.0666666666666667,0.0498168498168498,0.0527472527472527,0.124908424908425,0.164285714285714,0.541575091575092
171273.411807,2566866.126422,0.0187018701870187,0.307297396406307,0,0.0286028602860286,0.0676567656765677,0.577741107444078
171773.411807,2566866.126422,0.0382783882783883,0.168498168498169,0.043040293040293,0.0902930402930403,0.105494505494505,0.554395604395604
172273.411807,2566866.126422,0.0754578754578755,0.106410256410256,0.130769230769231,0.10018315018315,0.171062271062271,0.416117216117216
172773.411807,2566866.126422,0.0775577557755776,0.128529519618629,0.00898423175650898,0.0154015401540154,0.103593692702604,0.665933259992666
160773.411807,2566366.126422,0.152831225948323,0.216785779732454,0.0930914421843504,0.125710097122961,0.0520432472054242,0.359538207806487
161273.411807,2566366.126422,0.0387227014131033,0.398788768581391,0.046063497889521,0.108460267939071,0.0719398054688934,0.33602495870802
161773.411807,2566366.126422,0.0449293966623877,0.514212360168715,0,0.0225563909774436,0.0337428938199156,0.384558958371539
162273.411807,2566366.126422,0.0540590067802822,0.500274876305662,0,0.051676745464541,0.133956386292835,0.260032985156679
162773.411807,2566366.126422,0.0502844558634612,0.549825656083685,0,0.0161497522481189,0.0824004404477886,0.301339695356946
163273.411807,2566366.126422,0.0504309554373739,0.110581331377224,0,0.366953970291583,0.342563726389144,0.129470016504676
163773.411807,2566366.126422,0.0448964632582005,0.0538757559098406,0,0.519149715961151,0.277625068719076,0.104452996151732
164273.411807,2566366.126422,0.0862543585979079,0.281336024958708,0,0.0554230133969536,0.146081849880712,0.430904753165718
164773.411807,2566366.126422,0.0267742527049331,0.383275261324042,0,0.0148542086924629,0.0625343847423437,0.512561892536219
165273.411807,2566366.126422,0.0298698918819864,0.248671431189298,0,0.0520432472054242,0.223749312809236,0.445666116914055
165773.411807,2566366.126422,0.00403743806202973,0.416406680124794,0,0.00201871903101487,0.02073775004588,0.556799412736282
166273.411807,2566366.126422,0.0577663671373556,0.322391344214194,0,0,0.0185219145424537,0.601320374105997
166773.411807,2566366.126422,0.0317024005864028,0.24995418728239,0,0.0553417628733736,0.151731720725673,0.511269928532161
167273.411807,2566366.126422,0.0888236373646541,0.37346302073775,0,0.02073775004588,0.125160579922922,0.391815011928794
167773.411807,2566366.126422,0.0438290849073904,0.471116816431322,0,0.00586832935998533,0.0430955437373923,0.43609022556391
168273.411807,2566366.126422,0.0397654388858347,0.364852483049294,0,0.0249221183800623,0.0461792193512919,0.524280740333517
168773.411807,2566366.126422,0.0242246283721784,0.387594053954854,0,0.00568911726922371,0.0427601394751331,0.539732060928611
169273.411807,2566366.126422,0.0977443609022556,0.21199339812947,0.000916926462497708,0.137172198789657,0.169081239684577,0.383091876031542
169773.411807,2566366.126422,0.0771486164559282,0.21971779365952,0,0.166208539490563,0.191497159611508,0.345427890782481
170273.411807,2566366.126422,0.0682694072306845,0.198568544687099,0.0264268673151037,0.126995779042026,0.134887135254175,0.444852266470912
170773.411807,2566366.126422,0.0533651201173666,0.292866312121768,0,0.0251237850724372,0.0825233816247937,0.546121401063635
171273.411807,2566366.126422,0.0417811984606927,0.306945207989738,0.000183250870441635,0.0181418361737218,0.0542422576507238,0.578706248854682
171773.411807,2566366.126422,0.0695540466140576,0.255643237291246,0,0.0616626904019086,0.0431271792989539,0.570012846393834
172273.411807,2566366.126422,0.0348432055749129,0.108930863744728,0,0.0898587933247754,0.0973775903172566,0.668989547038328
172773.411807,2566366.126422,0.093274693054792,0.0333516584203775,0,0.015026571376214,0.0956569543705333,0.762690122778083
