"x","y","forest","agri","water","built","other","grass"
326273.411807,2737866.126422,0.0815018315018315,0.0111721611721612,0,0.68021978021978,0.13992673992674,0.0871794871794872
326773.411807,2737866.126422,0.0565934065934066,0.337545787545788,0,0.218498168498168,0.136263736263736,0.251098901098901
327273.411807,2737866.126422,0.0359369270260359,0.661532819948662,0,0.133113311331133,0.0375870920425376,0.131829849651632
327773.411807,2737866.126422,0.0816849816849817,0.613003663003663,0.00311355311355311,0.084981684981685,0.0897435897435897,0.127472527472527
328273.411807,2737866.126422,0.0653846153846154,0.55989010989011,0.000183150183150183,0.0675824175824176,0.086996336996337,0.21996336996337
328773.411807,2737866.126422,0.0194352768610194,0.876604327099377,0,0.0297029702970297,0.0176017601760176,0.0566556655665567
329273.411807,2737866.126422,0.0545787545787546,0.501831501831502,0.00659340659340659,0.255677655677656,0.0864468864468864,0.0948717948717949
329773.411807,2737866.126422,0.0498168498168498,0.434065934065934,0.000183150183150183,0.255860805860806,0.1003663003663,0.15970695970696
330273.411807,2737866.126422,0.0451045104510451,0.670517051705171,0,0.0155848918225156,0.0511551155115512,0.217638430509718
330773.411807,2737866.126422,0.0302197802197802,0.645421245421245,0.00824175824175824,0.0021978021978022,0.0675824175824176,0.246336996336996
331273.411807,2737866.126422,0.0402930402930403,0.726190476190476,0,0.0282051282051282,0.0525641025641026,0.152747252747253
331773.411807,2737866.126422,0.0214521452145215,0.886321965529886,0,0.0174184085075174,0.0231023102310231,0.0517051705170517
332273.411807,2737866.126422,0.0571428571428571,0.545054945054945,0.0344322344322344,0.0602564102564103,0.0626373626373626,0.24047619047619
332773.411807,2737866.126422,0.297252747252747,0.114102564102564,0,0.0706959706959707,0.0661172161172161,0.451831501831502
326273.411807,2737366.126422,0.0948797944576987,0.030280785465223,0.00623967700495504,0.39401725087172,0.235823086804918,0.238759405395485
326773.411807,2737366.126422,0.118283513662204,0.128919860627178,0.013203741059967,0.167064001467082,0.212910324591968,0.359618558591601
327273.411807,2737366.126422,0.0522264980758659,0.665200659703134,0.0131940626717977,0.0382994319223016,0.0696353307678211,0.16144401685908
327773.411807,2737366.126422,0.0658836483758488,0.551293815378969,0,0.0229399889888053,0.0724903652046247,0.287392182051753
328273.411807,2737366.126422,0.0353933614524115,0.730240234733174,0,0.0157711351549606,0.0533651201173666,0.165230148542087
328773.411807,2737366.126422,0.0458127176104087,0.789811251603445,0.00146600696353308,0.0174088326919553,0.0313358988455195,0.114165292285138
329273.411807,2737366.126422,0.0537713341897596,0.747293081299321,0.00770783630023858,0.0346852633510736,0.038172141677372,0.118370343182235
329773.411807,2737366.126422,0.0346598202824134,0.88391710984779,0,0.00586832935998533,0.0174216027874564,0.0581331377223547
330273.411807,2737366.126422,0.0448964632582005,0.748213304013194,0,0.0216236027121129,0.0415979475902511,0.143668682426242
330773.411807,2737366.126422,0.039823820884566,0.448889704532942,0.0273444668746559,0.0418425399155808,0.130849697192145,0.31124977060011
331273.411807,2737366.126422,0.0548322024573629,0.55180634513112,0.0269576379974326,0.00641848523748395,0.0757381258023107,0.284247203374289
331773.411807,2737366.126422,0.00971229613340663,0.933479934029687,0,0.00256551218618288,0.00934579439252336,0.0448964632582005
332273.411807,2737366.126422,0.0201871903101487,0.781978344650395,0,0.0240411084602679,0.0528537346302074,0.120939621948981
332773.411807,2737366.126422,0.132770951769668,0.099211443242252,0.00605171465248487,0.057582981844856,0.0570328259673574,0.647350082523382
326273.411807,2736866.126422,0.0853211009174312,0.117798165137615,0.00036697247706422,0.182935779816514,0.217981651376147,0.395596330275229
326773.411807,2736866.126422,0.0629242340854889,0.226930838378279,0.0401761144744084,0.112272977435333,0.135204549623922,0.422491286002568
327273.411807,2736866.126422,0.0763736263736264,0.67032967032967,0.000183150183150183,0.032967032967033,0.0586080586080586,0.161538461538462
327773.411807,2736866.126422,0.0732110091743119,0.722201834862385,0.00972477064220183,0.0170642201834862,0.0306422018348624,0.147155963302752
328273.411807,2736866.126422,0.0937442671069529,0.558980003669052,0.0117409649605577,0.120711796000734,0.0592551825353146,0.155567785727389
328773.411807,2736866.126422,0.0261904761904762,0.332051282051282,0,0.0474358974358974,0.0423076923076923,0.552014652014652
329273.411807,2736866.126422,0.0620183486238532,0.571926605504587,0.0157798165137615,0.0385321100917431,0.0713761467889908,0.240366972477064
329773.411807,2736866.126422,0.032104201064025,0.873601174096496,0,0.00990643918547056,0.0133920381581361,0.0709961474958723
330273.411807,2736866.126422,0.0223443223443223,0.900732600732601,0,0.0117216117216117,0.0172161172161172,0.047985347985348
330773.411807,2736866.126422,0.0469724770642202,0.732293577981651,0,0.0330275229357798,0.0809174311926606,0.106788990825688
331273.411807,2736866.126422,0.0410933773619519,0.619702806824436,0.0541185103650706,0.00568702990277013,0.0640249495505412,0.21537332599523
331773.411807,2736866.126422,0.0137362637362637,0.787728937728938,0,0.00549450549450549,0.0302197802197802,0.162820512820513
332273.411807,2736866.126422,0.0251376146788991,0.782935779816514,0,0.0238532110091743,0.0480733944954128,0.12
332773.411807,2736866.126422,0.0623738763529628,0.0770500825536599,0.00201797835259585,0.139974316639149,0.118326912493121,0.600256833608512
333273.411807,2736866.126422,0.291758241758242,0.00879120879120879,0.225457875457875,0.104761904761905,0.0119047619047619,0.357326007326007
326273.411807,2736366.126422,0.00787545787545788,0.0527472527472527,0.0283882783882784,0.0908424908424908,0.149084249084249,0.671062271062271
326773.411807,2736366.126422,0.0840659340659341,0.0379120879120879,0.0106227106227106,0.0490842490842491,0.0855311355311355,0.732783882783883
327273.411807,2736366.126422,0.176751008434177,0.233223322332233,0.00128346167950128,0.0845251191785845,0.207370737073707,0.296846351301797
327773.411807,2736366.126422,0.0342490842490843,0.811538461538462,0,0.0197802197802198,0.0399267399267399,0.0945054945054945
328273.411807,2736366.126422,0.0241758241758242,0.855494505494505,0,0.00934065934065934,0.0554945054945055,0.0554945054945055
328773.411807,2736366.126422,0.0088008800880088,0.88027136046938,0.0011001100110011,0.00825082508250825,0.00348368170150348,0.0980931426475981
329273.411807,2736366.126422,0.0287545787545788,0.655860805860806,0.0241758241758242,0.08003663003663,0.0450549450549451,0.166117216117216
329773.411807,2736366.126422,0.0465201465201465,0.767399267399267,0,0.00934065934065934,0.0261904761904762,0.150549450549451
330273.411807,2736366.126422,0.0271360469380271,0.827649431609828,0,0.0278694536120279,0.028969563623029,0.0883755042170884
330773.411807,2736366.126422,0.0263736263736264,0.821245421245421,0,0.0152014652014652,0.0353479853479853,0.101831501831502
331273.411807,2736366.126422,0.0463369963369963,0.707509157509158,0,0.00586080586080586,0.056959706959707,0.183333333333333
331773.411807,2736366.126422,0.017968463513018,0.635496883021636,0.0366703337000367,0.0185185185185185,0.0504217088375504,0.240924092409241
332273.411807,2736366.126422,0.0205128205128205,0.728388278388278,0.0344322344322344,0.00860805860805861,0.0186813186813187,0.189377289377289
332773.411807,2736366.126422,0.0717948717948718,0.172161172161172,0.0217948717948718,0.145054945054945,0.12014652014652,0.469047619047619
333273.411807,2736366.126422,0.246974697469747,0.178584525119179,0.00476714338100477,0.0177851118445178,0.026952695269527,0.524935826916025
326273.411807,2735866.126422,0.0715727656450725,0.492383923655717,0,0.0354193429987154,0.131583776839787,0.269040190860708
326773.411807,2735866.126422,0.132587566477169,0.0148542086924629,0.000183385292499542,0.111498257839721,0.194205024757014,0.546671556941133
327273.411807,2735866.126422,0.182517866959868,0.0196078431372549,0.00109950522264981,0.074216602528862,0.166941542972329,0.555616639179036
327773.411807,2735866.126422,0.0629473297852817,0.524683428151954,0,0.115066984767847,0.130482657368324,0.166819599926592
328273.411807,2735866.126422,0.0342930496974143,0.75609756097561,0,0.0238400880249404,0.0742710434623143,0.111498257839721
328773.411807,2735866.126422,0.0238226131574125,0.845702767088144,0,0.0130108118013561,0.0199743448781382,0.0974894630749496
329273.411807,2735866.126422,0.0757937236190127,0.837217838135438,0.00146815929528354,0.00367039823820885,0.00972655533125344,0.0721233253808038
329773.411807,2735866.126422,0.0203557674674491,0.856959471850358,0,0.00788556757748029,0.0210893086374473,0.0937098844672657
330273.411807,2735866.126422,0.0130108118013561,0.838739234011362,0,0,0.00219901044529962,0.146050943741983
330773.411807,2735866.126422,0.0124793540099101,0.806202973022573,0,0.00367039823820885,0.00734079647641769,0.17030647825289
331273.411807,2735866.126422,0.0652851641298368,0.697047496790757,0.00348432055749129,0.0447460113698881,0.0485971025123785,0.140839904639648
331773.411807,2735866.126422,0.0315191497159611,0.729155213487264,0.000183250870441635,0.030602895363753,0.0648708081363387,0.143668682426242
332273.411807,2735866.126422,0.0124793540099101,0.729675169755919,0.0425766195632226,0.0317489447605065,0.038172141677372,0.14534777023307
332773.411807,2735866.126422,0.0427287731523932,0.201357051164497,0.0529983495323675,0.0652851641298368,0.0667522464698331,0.570878415551073
333273.411807,2735866.126422,0.134139637163277,0.18270111783031,0.00971229613340663,0.0639545537841305,0.0733003481766538,0.536192046912223
333773.411807,2735866.126422,0.293448339144797,0.00899247568361167,0.372912461002019,0.159662323362085,0.00568911726922371,0.159295283538264
326273.411807,2735366.126422,0.0291743119266055,0.406788990825688,0.00220183486238532,0.00311926605504587,0.0436697247706422,0.515045871559633
326773.411807,2735366.126422,0.09557879288204,0.142175747569253,0.00678774536782242,0.0343056319941295,0.137956338286553,0.583195743900202
327273.411807,2735366.126422,0.133516483516484,0.272344322344322,0.000732600732600733,0.0868131868131868,0.182600732600733,0.323992673992674
327773.411807,2735366.126422,0.0543119266055046,0.542935779816514,0,0.0853211009174312,0.147522935779817,0.169908256880734
328273.411807,2735366.126422,0.0587048248027885,0.632361034672537,0,0.0702623371858375,0.11263988259035,0.126031920748487
328773.411807,2735366.126422,0.0441391941391941,0.841575091575092,0,0.0113553113553114,0.0313186813186813,0.0716117216117216
329273.411807,2735366.126422,0.081651376146789,0.63743119266055,0.00807339449541284,0.0368807339449541,0.0875229357798165,0.148440366972477
329773.411807,2735366.126422,0.0385250412768299,0.719501008989176,0,0.0161438268207668,0.0493487433498441,0.176481379563383
330273.411807,2735366.126422,0.0492673992673993,0.784981684981685,0,0.0164835164835165,0.0492673992673993,0.1
330773.411807,2735366.126422,0.0669724770642202,0.756880733944954,0,0.0113761467889908,0.0620183486238532,0.102752293577982
331273.411807,2735366.126422,0.026967528893781,0.819299211153917,0.00458631443771785,0.0144927536231884,0.0242157402311502,0.110438451660246
331773.411807,2735366.126422,0.0102564102564103,0.827289377289377,0.00897435897435897,0.00366300366300366,0.0100732600732601,0.13974358974359
332273.411807,2735366.126422,0.0422018348623853,0.579816513761468,0.0220183486238532,0.031743119266055,0.066605504587156,0.257614678899083
332773.411807,2735366.126422,0.0669601907906806,0.221794166208035,0.109704641350211,0.0524674371674922,0.10420106402495,0.444872500458631
333273.411807,2735366.126422,0.0673992673992674,0.103663003663004,0.0399267399267399,0.0816849816849817,0.0562271062271062,0.651098901098901
333773.411807,2735366.126422,0.591376146788991,0.0510091743119266,0,0.0185321100917431,0.00128440366972477,0.337798165137615
326273.411807,2734866.126422,0.0247252747252747,0.337179487179487,0.110989010989011,0.0172161172161172,0.0423076923076923,0.467582417582418
326773.411807,2734866.126422,0.0307692307692308,0.174908424908425,0.151831501831502,0.100549450549451,0.12032967032967,0.421611721611722
327273.411807,2734866.126422,0.0617895122845618,0.396039603960396,0.0423542354235424,0.0612394572790612,0.105977264393106,0.332599926659333
327773.411807,2734866.126422,0.0250915750915751,0.527655677655678,0.000366300366300366,0.0617216117216117,0.0730769230769231,0.312087912087912
328273.411807,2734866.126422,0.0467032967032967,0.261538461538462,0.000183150183150183,0.0434065934065934,0.0855311355311355,0.562637362637363
328773.411807,2734866.126422,0.0432709937660433,0.34030069673634,0,0.0286028602860286,0.0498716538320499,0.537953795379538
329273.411807,2734866.126422,0.0137362637362637,0.362271062271062,0.00824175824175824,0.0234432234432234,0.0285714285714286,0.563736263736264
329773.411807,2734866.126422,0.0243589743589744,0.367948717948718,0.032051282051282,0.0948717948717949,0.0474358974358974,0.433333333333333
330273.411807,2734866.126422,0.0410707737440411,0.323982398239824,0.0562889622295563,0.0663733039970664,0.0416208287495416,0.470663733039971
330773.411807,2734866.126422,0.0525641025641026,0.393772893772894,0.00476190476190476,0.045970695970696,0.0265567765567766,0.476373626373626
331273.411807,2734866.126422,0.0556776556776557,0.40952380952381,0.00146520146520147,0.00860805860805861,0.0335164835164835,0.491208791208791
331773.411807,2734866.126422,0.0194352768610194,0.566006600660066,0.000366703337000367,0.0278694536120279,0.0652731939860653,0.321048771543821
332273.411807,2734866.126422,0.0294871794871795,0.665018315018315,0,0.00531135531135531,0.0316849816849817,0.268498168498168
332773.411807,2734866.126422,0.0181318681318681,0.433882783882784,0.145970695970696,0.0221611721611722,0.0424908424908425,0.337362637362637
333273.411807,2734866.126422,0.0214521452145215,0.166116611661166,0.23982398239824,0.0124679134580125,0.0687568756875688,0.491382471580491
333773.411807,2734866.126422,0.425641025641026,0.0269230769230769,0.0593406593406593,0.0584249084249084,0.073992673992674,0.355677655677656
334273.411807,2734866.126422,0.107142857142857,0.0703296703296703,0.344505494505495,0.287179487179487,0.0166666666666667,0.174175824175824
326273.411807,2734366.126422,0.00991007524316388,0.0666177280234905,0,0.00880895577170123,0.0811158010644155,0.833547439897229
326773.411807,2734366.126422,0.00458463231248854,0.132587566477169,0.0154043645699615,0,0.0102695763799743,0.837153860260407
327273.411807,2734366.126422,0.0104452996151732,0.377130291368884,0.166941542972329,0.00696353307678211,0.00549752611324904,0.433021806853583
327773.411807,2734366.126422,0.0121123141860892,0.361901266287392,0.17856487428886,0.0401908607083869,0.00165167920719398,0.405579005322077
328273.411807,2734366.126422,0.0364936732074088,0.270309921144324,0.162662754447093,0.169264624977077,0.0267742527049331,0.334494773519164
328773.411807,2734366.126422,0.00733003481766538,0.32398753894081,0.133223382811068,0.11434854315558,0.00274876305662452,0.418361737218252
329273.411807,2734366.126422,0.0110111947146265,0.305010093595155,0.113231785648743,0.0194531106625069,0.0271609469627455,0.524132868416223
329773.411807,2734366.126422,0.0194388410049514,0.328259673574179,0.134971575279663,0.0924261874197689,0.0210893086374473,0.40381441408399
330273.411807,2734366.126422,0.0538757559098406,0.317024005864028,0.105735752244823,0.0393989371449514,0,0.483965548836357
330773.411807,2734366.126422,0.0543218939254909,0.122591301156175,0.168104239309965,0.0141310332171041,0.000367039823820885,0.640484492567444
331273.411807,2734366.126422,0,0.0718870346598203,0.284613973959288,0.00238400880249404,0.000183385292499542,0.640931597285898
331773.411807,2734366.126422,0,0.264797507788162,0.346344145134689,0.0282206340480117,0.0142935678944475,0.346344145134689
332273.411807,2734366.126422,0,0.085887318774087,0.388144613690585,0.225913011561754,0.00183519911910442,0.298219856854469
332773.411807,2734366.126422,0.00385109114249037,0.122134604804695,0.454428754813864,0.342930496974143,0.004401247019989,0.0722538052448194
333273.411807,2734366.126422,0.00219901044529962,0.0956569543705333,0.430089792926516,0.347626901227781,0.0047645226314825,0.119662818398387
333773.411807,2734366.126422,0,0.0387227014131033,0.451642503211598,0.418792438979629,0.00899247568361167,0.0818498807120573
334273.411807,2734366.126422,0,0,0.420685860993948,0.578947368421053,0.000366770584999083,0
326273.411807,2733866.126422,0.0532110091743119,0.22697247706422,0,0.00018348623853211,0.016697247706422,0.702935779816514
326773.411807,2733866.126422,0.0157769216657494,0.304347826086957,0.016694184553293,0.0122913226930838,0.0198128783709411,0.631076866629976
327273.411807,2733866.126422,0.0298534798534799,0.560622710622711,0.00146520146520147,0.0119047619047619,0.0602564102564103,0.335897435897436
327773.411807,2733866.126422,0.0678899082568807,0.177981651376147,0.00128440366972477,0.330642201834862,0.142201834862385,0.28
328273.411807,2733866.126422,0.0607228031553843,0.357732526141992,0,0.178499357915979,0.163272793982755,0.239772518803889
328773.411807,2733866.126422,0.065018315018315,0.596886446886447,0,0.0624542124542125,0.0833333333333333,0.192307692307692
329273.411807,2733866.126422,0.0425688073394495,0.746605504587156,0,0.0278899082568807,0.0368807339449541,0.14605504587156
329773.411807,2733866.126422,0.0524674371674922,0.6505228398459,0.020546688680976,0.0522839845899835,0.0867730691616217,0.137405980554027
330273.411807,2733866.126422,0.0606227106227106,0.560989010989011,0,0.0358974358974359,0.0578754578754579,0.284615384615385
330773.411807,2733866.126422,0.0194495412844037,0.602385321100917,0,0.00532110091743119,0.0396330275229358,0.333211009174312
331273.411807,2733866.126422,0.0106402494955054,0.634195560447624,0,0.0146762062006971,0.0374243258117777,0.303063658044396
331773.411807,2733866.126422,0.0549450549450549,0.50989010989011,0,0.0128205128205128,0.043040293040293,0.379304029304029
332273.411807,2733866.126422,0.0423853211009174,0.506788990825688,0,0.0126605504587156,0.0495412844036697,0.388623853211009
332773.411807,2733866.126422,0.0513667217024399,0.312786644652357,0,0.0420106402494955,0.0741148413135205,0.519721152082187
333273.411807,2733866.126422,0.00604395604395604,0.0664835164835165,0,0.00622710622710623,0.0313186813186813,0.88992673992674
333773.411807,2733866.126422,0.00220183486238532,0.0187155963302752,0.00036697247706422,0,0.000917431192660551,0.977798165137615
334273.411807,2733866.126422,0,0.168776371308017,0.13410383415887,0.00697119794533113,0.00146762062006971,0.688680975967712
326273.411807,2733366.126422,0.0254578754578755,0.120879120879121,0.188644688644689,0.00622710622710623,0.0357142857142857,0.623076923076923
326773.411807,2733366.126422,0.0525641025641026,0.50989010989011,0,0.0527472527472527,0.0783882783882784,0.306410256410256
327273.411807,2733366.126422,0.0372203887055372,0.609094242757609,0,0.17033370003667,0.0762742940960763,0.107077374404107
327773.411807,2733366.126422,0.0657509157509158,0.0721611721611722,0.00256410256410256,0.618315018315018,0.152380952380952,0.0888278388278388
328273.411807,2733366.126422,0.0879120879120879,0.222710622710623,0,0.247435897435897,0.182600732600733,0.259340659340659
328773.411807,2733366.126422,0.0676567656765677,0.506600660066007,0.000733406674000733,0.0793912724605794,0.09002566923359,0.255592225889256
329273.411807,2733366.126422,0.0393772893772894,0.708058608058608,0.000366300366300366,0.0492673992673993,0.0664835164835165,0.136446886446886
329773.411807,2733366.126422,0.0688644688644689,0.53003663003663,0.0021978021978022,0.194322344322344,0.0932234432234432,0.111355311355311
330273.411807,2733366.126422,0.061972863953062,0.699486615328199,0,0.015951595159516,0.0251191785845251,0.197469746974697
330773.411807,2733366.126422,0.0269230769230769,0.792673992673993,0,0.0126373626373626,0.0395604395604396,0.128205128205128
331273.411807,2733366.126422,0.0375457875457875,0.623626373626374,0,0.0177655677655678,0.0571428571428571,0.263919413919414
331773.411807,2733366.126422,0.0311697836450312,0.850935093509351,0,0.00311697836450312,0.00843417675100843,0.106343967730106
332273.411807,2733366.126422,0.0336996336996337,0.680952380952381,0,0.0441391941391941,0.0708791208791209,0.17032967032967
332773.411807,2733366.126422,0.0304029304029304,0.614285714285714,0.015018315018315,0.0278388278388278,0.0591575091575092,0.253296703296703
333273.411807,2733366.126422,0.037037037037037,0.284745141180785,0.0711404473780711,0.0185185185185185,0.0487715438210488,0.53978731206454
333773.411807,2733366.126422,0.0236263736263736,0.101098901098901,0.0957875457875458,0.0142857142857143,0.0542124542124542,0.710989010989011
334273.411807,2733366.126422,0.0142857142857143,0.0776556776556777,0.354761904761905,0.00274725274725275,0.00531135531135531,0.545238095238095
326273.411807,2732866.126422,0.0258763075793724,0.12038906221325,0.183703431822353,0.0401908607083869,0.0620297302257295,0.567810607450908
326773.411807,2732866.126422,0.0713368787823217,0.513295433706217,0,0.0726205758298184,0.109481019622226,0.233266092059417
327273.411807,2732866.126422,0.0738501007879787,0.466006963533077,0,0.0764156129741616,0.098772219168041,0.284955103536742
327773.411807,2732866.126422,0.0596439713708937,0.160946962745458,0.000367039823820885,0.467792255459717,0.182051752615159,0.129198017984951
328273.411807,2732866.126422,0.0834403080872914,0.462497707683844,0,0.0942600403447643,0.0764716669723088,0.283330276911792
328773.411807,2732866.126422,0.0324354040681693,0.751878321422027,0,0.026571376214037,0.0328019058090526,0.156312992486714
329273.411807,2732866.126422,0.0482657368324463,0.803817214167737,0,0.0170673518076711,0.0247751881079097,0.106074509084236
329773.411807,2732866.126422,0.0478635613423803,0.471666972308821,0.0022006235099945,0.218411883366954,0.103612690262241,0.156244269209609
330273.411807,2732866.126422,0.0610225398570643,0.46417445482866,0.000733003481766538,0.0678028220634048,0.097306212204508,0.308960967564596
330773.411807,2732866.126422,0.0436777390346853,0.718663975041292,0,0.0198201504863278,0.0284455863461186,0.189392549091576
331273.411807,2732866.126422,0.061984228864845,0.533467815881166,0.00110031175499725,0.0570328259673574,0.0729873464148175,0.273427471116816
331773.411807,2732866.126422,0.0186915887850467,0.821330401319406,0,0.00403151914971596,0.0161260765988638,0.139820414146967
332273.411807,2732866.126422,0.0260598274912828,0.714443017067352,0.00367039823820885,0.0627638098733713,0.044411818682327,0.148651128647458
332773.411807,2732866.126422,0.0584999083073537,0.630111865028425,0.0150375939849624,0.0212726939299468,0.0594168347698515,0.215661103979461
333273.411807,2732866.126422,0.0408649441084845,0.293934396188382,0.0282206340480117,0.0350009162543522,0.100238226131574,0.501740883269196
333773.411807,2732866.126422,0.0192695907505964,0.118737383006056,0.220223894292531,0.0185355111029547,0.0712057258212516,0.55202789502661
334273.411807,2732866.126422,0.198789657069503,0.028791490922428,0.354850540986613,0,0.00513478818998716,0.412433522831469
326273.411807,2732366.126422,0.0471559633027523,0.147339449541284,0,0.0174311926605505,0.0537614678899083,0.734311926605505
326773.411807,2732366.126422,0.0385250412768299,0.545587965510915,0,0.133003118693818,0.0941111722619703,0.188772702256467
327273.411807,2732366.126422,0.0701465201465201,0.504945054945055,0.00146520146520147,0.120512820512821,0.0802197802197802,0.222710622710623
327773.411807,2732366.126422,0.0992660550458716,0.117614678899083,0,0.392660550458716,0.166788990825688,0.223669724770642
328273.411807,2732366.126422,0.112272977435333,0.131902403228765,0.00990643918547056,0.405430196294258,0.19831223628692,0.142175747569253
328773.411807,2732366.126422,0.0478021978021978,0.576739926739927,0.00421245421245421,0.0943223443223443,0.0703296703296703,0.206593406593407
329273.411807,2732366.126422,0.0260550458715596,0.785137614678899,0,0.0176146788990826,0.0401834862385321,0.131009174311927
329773.411807,2732366.126422,0.0508163639699138,0.570720968629609,0,0.0858558062740782,0.0787011557512383,0.213905705375161
330273.411807,2732366.126422,0.103479853479853,0.474725274725275,0.00622710622710623,0.0902930402930403,0.0912087912087912,0.234065934065934
330773.411807,2732366.126422,0.0544954128440367,0.555412844036697,0,0.127889908256881,0.0889908256880734,0.173211009174312
331273.411807,2732366.126422,0.060906255732893,0.441019996330948,0,0.13979086406164,0.0873234268941479,0.270959456980371
331773.411807,2732366.126422,0.0421245421245421,0.761538461538461,0,0.0254578754578755,0.0622710622710623,0.108608058608059
332273.411807,2732366.126422,0.0884403669724771,0.553394495412844,0.00036697247706422,0.0757798165137615,0.106422018348624,0.175596330275229
332773.411807,2732366.126422,0.0229315721885892,0.803522289488167,0,0.0236653824986241,0.0423775454045129,0.107503210420106
333273.411807,2732366.126422,0.0450549450549451,0.291758241758242,0.0402930402930403,0.093956043956044,0.105128205128205,0.423809523809524
333773.411807,2732366.126422,0.02,0.135596330275229,0.138715596330275,0.105137614678899,0.160550458715596,0.44
334273.411807,2732366.126422,0.0864061640066043,0.064758759860576,0.342139057053752,0.0966795083470923,0.0774169877086773,0.332599523023298
326273.411807,2731866.126422,0.0653846153846154,0.263736263736264,0.000183150183150183,0.0494505494505494,0.086996336996337,0.534249084249084
326773.411807,2731866.126422,0.0728937728937729,0.591391941391941,0,0.063003663003663,0.0745421245421245,0.198168498168498
327273.411807,2731866.126422,0.0658232489915658,0.192885955262193,0.000366703337000367,0.424825815914925,0.161532819948662,0.154565456545655
327773.411807,2731866.126422,0.0705128205128205,0.260989010989011,0.00732600732600733,0.384798534798535,0.137545787545788,0.138827838827839
328273.411807,2731866.126422,0.0532967032967033,0.217948717948718,0,0.423809523809524,0.13003663003663,0.174908424908425
328773.411807,2731866.126422,0.0425375870920425,0.652915291529153,0,0.134213421342134,0.0869086908690869,0.0834250091675834
329273.411807,2731866.126422,0.05,0.6496336996337,0,0.0402930402930403,0.123260073260073,0.136813186813187
329773.411807,2731866.126422,0.0441391941391941,0.686630036630037,0.0010989010989011,0.0399267399267399,0.0763736263736264,0.151831501831502
330273.411807,2731866.126422,0.0815914924825816,0.485148514851485,0.0128346167950128,0.0634396773010634,0.105427209387605,0.251558489182252
330773.411807,2731866.126422,0.11043956043956,0.404761904761905,0,0.138278388278388,0.0877289377289377,0.258791208791209
331273.411807,2731866.126422,0.110622710622711,0.470879120879121,0,0.0261904761904762,0.0628205128205128,0.329487179487179
331773.411807,2731866.126422,0.0537220388705537,0.695636230289696,0.000183351668500183,0.0506050605060506,0.0575724239090576,0.142280894756142
332273.411807,2731866.126422,0.0217948717948718,0.826373626373626,0,0.0197802197802198,0.0142857142857143,0.117765567765568
332773.411807,2731866.126422,0.0461538461538462,0.554945054945055,0.0952380952380952,0.015018315018315,0.0338827838827839,0.254761904761905
333273.411807,2731866.126422,0.0462046204620462,0.0984598459845985,0.443527686101944,0.0443711037770444,0.0335533553355336,0.333883388338834
333773.411807,2731866.126422,0.0401098901098901,0.0923076923076923,0.403296703296703,0.0847985347985348,0.0562271062271062,0.323260073260073
334273.411807,2731866.126422,0.0692307692307692,0.0487179487179487,0.461538461538462,0.108974358974359,0.0771062271062271,0.234432234432234
326273.411807,2731366.126422,0.174894476050652,0.1493852082951,0.00201871903101487,0.24059460451459,0.160946962745458,0.272160029363186
326773.411807,2731366.126422,0.0478635613423803,0.674674491105813,0,0.0161379057399597,0.0781221346048047,0.183201907207042
327273.411807,2731366.126422,0.0430639545537841,0.645409565695437,0,0.102437236576874,0.0480117280557083,0.161077515118197
327773.411807,2731366.126422,0.0501009359515507,0.337676637915214,0,0.290879060378051,0.11616810423931,0.205175261515874
328273.411807,2731366.126422,0.0498807995598753,0.40784889051898,0.0269576379974326,0.133504492939666,0.0673024023473317,0.314505776636714
328773.411807,2731366.126422,0.0503939893714495,0.58072200842954,0,0.05717427157779,0.059190031152648,0.252519699468573
329273.411807,2731366.126422,0.0585428518994311,0.366122224261332,0,0.146999449440264,0.105340429436594,0.322995044962378
329773.411807,2731366.126422,0.0649183935448377,0.530350265908674,0,0.0629011553273428,0.0762882816798093,0.265541903539336
330273.411807,2731366.126422,0.0875939160711013,0.181784863478102,0.0100787978742899,0.289353124427341,0.143118929814917,0.28807036833425
330773.411807,2731366.126422,0.115066984767847,0.163883281336025,0,0.346669113598825,0.146265369792623,0.22811525050468
331273.411807,2731366.126422,0.0493306436823767,0.535485054098661,0.000916926462497708,0.144690995782138,0.110031175499725,0.159545204474601
331773.411807,2731366.126422,0.0802638812534359,0.636430273043797,0.045629466739967,0.0207073483599047,0.0428807036833425,0.174088326919553
332273.411807,2731366.126422,0.0256927876674619,0.760506514956873,0.000183519911910442,0.0458799779776106,0.0625802899614608,0.105156909524683
332773.411807,2731366.126422,0.0163212910324592,0.455162295983862,0.22794791857693,0.00623509994498441,0.015587749862461,0.278745644599303
333273.411807,2731366.126422,0.250870441634598,0.0274876305662452,0.156679494227598,0.0894264247755177,0.101704233095107,0.373831775700935
333773.411807,2731366.126422,0.0218388695173426,0.142778491466324,0.362084786199303,0.0961644338410718,0.138374013580473,0.238759405395485
334273.411807,2731366.126422,0.198973042362003,0.0680359435173299,0.265908674124335,0.112781954887218,0.127636163579681,0.226664221529433
326273.411807,2730866.126422,0.359633027522936,0.033394495412844,0.0728440366972477,0.00587155963302752,0.0506422018348624,0.477614678899083
326773.411807,2730866.126422,0.109521188772702,0.169510181618052,0.00403595670519171,0.441753806640983,0.133186571271326,0.141992294991745
327273.411807,2730866.126422,0.126739926739927,0.158608058608059,0.00183150183150183,0.406593406593407,0.137728937728938,0.168498168498169
327773.411807,2730866.126422,0.0922935779816514,0.0196330275229358,0.00018348623853211,0.622935779816514,0.128623853211009,0.136330275229358
328273.411807,2730866.126422,0.235920014676206,0.0990643918547056,0.159053384700055,0.111539167125298,0.0935608145294441,0.300862227114291
328773.411807,2730866.126422,0.0437728937728938,0.195787545787546,0.00531135531135531,0.394139194139194,0.152380952380952,0.208608058608059
329273.411807,2730866.126422,0.0376146788990826,0.31302752293578,0.00018348623853211,0.335229357798165,0.153577981651376,0.160366972477064
329773.411807,2730866.126422,0.0612731608879105,0.258117776554761,0.00165107319757843,0.219776187855439,0.122179416620804,0.337002384883508
330273.411807,2730866.126422,0.0716117216117216,0.574358974358974,0.013003663003663,0.0613553113553114,0.0593406593406593,0.22032967032967
330773.411807,2730866.126422,0.0622018348623853,0.497981651376147,0,0.250275229357798,0.0880733944954128,0.101467889908257
331273.411807,2730866.126422,0.0434782608695652,0.683177398642451,0,0.072463768115942,0.103283801137406,0.0975967712346359
331773.411807,2730866.126422,0.0633699633699634,0.575641025641026,0,0.0428571428571429,0.0935897435897436,0.224542124542125
332273.411807,2730866.126422,0.0288073394495413,0.704403669724771,0.00128440366972477,0.0306422018348624,0.0746788990825688,0.160183486238532
332773.411807,2730866.126422,0.0304531278664465,0.648137956338287,0.00091726288754357,0.0376077783892864,0.0623738763529628,0.220509998165474
333273.411807,2730866.126422,0.0981684981684982,0.0952380952380952,0.354212454212454,0.0749084249084249,0.0787545787545788,0.298717948717949
333773.411807,2730866.126422,0.0361467889908257,0.151926605504587,0.243669724770642,0.153577981651376,0.123302752293578,0.291376146788991
334273.411807,2730866.126422,0.14841313520455,0.0799853237937993,0.24674371674922,0.165290772335351,0.0988809392771968,0.260686112639883
326273.411807,2730366.126422,0.206043956043956,0.172161172161172,0.00494505494505494,0.130952380952381,0.150732600732601,0.335164835164835
326773.411807,2730366.126422,0.0293040293040293,0.0298534798534799,0.00183150183150183,0.787179487179487,0.102747252747253,0.0490842490842491
327273.411807,2730366.126422,0.0476714338100477,0.0172350568390172,0.00256692335900257,0.767143381004767,0.0984598459845985,0.0669233590025669
327773.411807,2730366.126422,0.0578754578754579,0.00402930402930403,0.000915750915750916,0.794322344322344,0.106959706959707,0.0358974358974359
328273.411807,2730366.126422,0.0463369963369963,0.0223443223443223,0.00146520146520147,0.720879120879121,0.14981684981685,0.0591575091575092
328773.411807,2730366.126422,0.0504217088375504,0.178401173450678,0.00513384671800513,0.3998899889989,0.207920792079208,0.158232489915658
329273.411807,2730366.126422,0.03003663003663,0.633333333333333,0.00549450549450549,0.0355311355311355,0.114652014652015,0.180952380952381
329773.411807,2730366.126422,0.021978021978022,0.745787545787546,0.000183150183150183,0.0263736263736264,0.0836996336996337,0.121978021978022
330273.411807,2730366.126422,0.0566556655665567,0.434176751008434,0.0198019801980198,0.12027869453612,0.142464246424642,0.226622662266227
330773.411807,2730366.126422,0.0626373626373626,0.481684981684982,0,0.0937728937728938,0.100915750915751,0.260989010989011
331273.411807,2730366.126422,0.0267399267399267,0.785164835164835,0,0.0388278388278388,0.0470695970695971,0.102197802197802
331773.411807,2730366.126422,0.0410707737440411,0.723689035570224,0.00146681334800147,0.0381371470480381,0.0412541254125413,0.154382104877154
332273.411807,2730366.126422,0.0714285714285714,0.291025641025641,0.00952380952380952,0.0888278388278388,0.168315018315018,0.370879120879121
332773.411807,2730366.126422,0.0443223443223443,0.601098901098901,0.0043956043956044,0.0113553113553114,0.0333333333333333,0.305494505494506
333273.411807,2730366.126422,0.0762742940960763,0.144481114778144,0.401723505683902,0.0467546754675468,0.0572057205720572,0.273560689402274
333773.411807,2730366.126422,0.0543956043956044,0.156776556776557,0.148534798534799,0.214102564102564,0.218681318681319,0.207509157509158
334273.411807,2730366.126422,0.277838827838828,0.0571428571428571,0.0798534798534798,0.113919413919414,0.112820512820513,0.358424908424908
326273.411807,2729866.126422,0.139108093228115,0.278399706368141,0.000183519911910442,0.0829510001835199,0.0957973940172509,0.403560286291063
326773.411807,2729866.126422,0.101595452044746,0.013203741059967,0.000550155877498625,0.569227947918577,0.175499724922061,0.13992297817715
327273.411807,2729866.126422,0.0439802089059923,0.0157595748579806,0.00219901044529962,0.71412864211105,0.151181968114349,0.0727505955653289
327773.411807,2729866.126422,0.0214718296935217,0.00862543585979079,0.00293631859056708,0.865112864745825,0.0673518076711323,0.0345017434391632
328273.411807,2729866.126422,0.0454795525398863,0.0374105996699065,0.00311754997249221,0.696680726205758,0.139006051714652,0.0783055198973042
328773.411807,2729866.126422,0.112882536192047,0.100421477002016,0.000366501740883269,0.395455378413047,0.191497159611508,0.199376947040498
329273.411807,2729866.126422,0.0501009359515507,0.469443934666911,0.000367039823820885,0.207928060194531,0.114332905120206,0.15782712424298
329773.411807,2729866.126422,0.0460297084173849,0.545204474601137,0.000550155877498625,0.0568494406748579,0.122134604804695,0.229231615624427
330273.411807,2729866.126422,0.0419644493311343,0.553600879604178,0.0183250870441635,0.0960234561114165,0.131024372365769,0.159061755543339
330773.411807,2729866.126422,0.0530372545421178,0.504129198017985,0.00495503762158194,0.100201871903101,0.125344099834832,0.212332538080382
331273.411807,2729866.126422,0.046396479002384,0.69613057032826,0,0.0500641848523748,0.0700531817348249,0.137355584082157
331773.411807,2729866.126422,0.0604727872457394,0.540956569543705,0.000549752611324904,0.118196811434854,0.132856881070185,0.146967198094191
332273.411807,2729866.126422,0.134703615342265,0.26977427050835,0.0345017434391632,0.090475316571848,0.136355294549459,0.334189759588915
332773.411807,2729866.126422,0.100861910874748,0.0348432055749129,0.425637263891436,0.0533651201173666,0.113332110764717,0.27196038877682
333273.411807,2729866.126422,0.0800806303829943,0.226681326736302,0.301447681876489,0.0298698918819864,0.0560747663551402,0.305845702767088
333773.411807,2729866.126422,0.0614791704899982,0.10790970820334,0.0273444668746559,0.131767296751698,0.155257845476234,0.516241512204074
334273.411807,2729866.126422,0.348982211626628,0.0265908674124335,0.000916926462497708,0.0717036493673207,0.147258389877132,0.404547955253989
334773.411807,2729866.126422,0.301447681876489,0.00916254352208173,0.389224848818032,0.118746564046179,0.00769653655854865,0.17372182517867
326273.411807,2729366.126422,0.158348623853211,0.0669724770642202,0.00018348623853211,0.344770642201835,0.172477064220183,0.257247706422018
326773.411807,2729366.126422,0.0990643918547056,0.172995780590717,0,0.315721885892497,0.141992294991745,0.270225646670336
327273.411807,2729366.126422,0.0778388278388278,0.173809523809524,0.000549450549450549,0.296153846153846,0.166849816849817,0.284798534798535
327773.411807,2729366.126422,0.0313761467889908,0.0212844036697248,0.00110091743119266,0.75651376146789,0.139082568807339,0.0506422018348624
328273.411807,2729366.126422,0.0566868464501926,0.0702623371858375,0.000183452577508714,0.652540818198496,0.0820033021463952,0.13832324344157
328773.411807,2729366.126422,0.0562271062271062,0.404761904761905,0.000183150183150183,0.287912087912088,0.0972527472527473,0.153663003663004
329273.411807,2729366.126422,0.0805504587155963,0.392110091743119,0,0.131009174311927,0.118715596330275,0.277614678899083
329773.411807,2729366.126422,0.0528343423225096,0.63052650889745,0,0.0522839845899835,0.10420106402495,0.160154100165107
330273.411807,2729366.126422,0.0214285714285714,0.808058608058608,0,0.0296703296703297,0.0408424908424908,0.1
330773.411807,2729366.126422,0.0442201834862385,0.670275229357798,0.0155963302752294,0.0554128440366972,0.0640366972477064,0.15045871559633
331273.411807,2729366.126422,0.0498991010823702,0.594019445973216,0.000366905155017428,0.0280682443588332,0.0486149330398092,0.279031370390754
331773.411807,2729366.126422,0.0336996336996337,0.276007326007326,0.00970695970695971,0.013003663003663,0.0820512820512821,0.585531135531136
332273.411807,2729366.126422,0.146422018348624,0.133761467889908,0.283669724770642,0.0194495412844037,0.0401834862385321,0.37651376146789
332773.411807,2729366.126422,0.0893414052467437,0.153549807374794,0.0225646670335718,0.160704457897633,0.147495872317006,0.426343790130251
333273.411807,2729366.126422,0.0745421245421245,0.0564102564102564,0.0712454212454212,0.192857142857143,0.134065934065934,0.470879120879121
333773.411807,2729366.126422,0.0667889908256881,0.0524770642201835,0.00220183486238532,0.0330275229357798,0.0888073394495413,0.756697247706422
334273.411807,2729366.126422,0.366354797284902,0.0183452577508714,0,0.0649422124380847,0.0678774536782242,0.482480278847918
334773.411807,2729366.126422,0.378754578754579,0.00512820512820513,0.243040293040293,0.0879120879120879,0.0119047619047619,0.273260073260073
326273.411807,2728866.126422,0.08003663003663,0.562637362637363,0.0010989010989011,0.0595238095238095,0.104029304029304,0.192673992673993
326773.411807,2728866.126422,0.0406593406593407,0.452564102564103,0.000732600732600733,0.107509157509158,0.0989010989010989,0.2996336996337
327273.411807,2728866.126422,0.0434543454345435,0.344151081774844,0.000183351668500183,0.251741840850752,0.14008067473414,0.22038870553722
