"x","y","forest","agri","water","built","other","grass"
185773.411807,2502866.126422,0.0115894039735099,0.0137969094922737,0,0.917218543046358,0.0441501103752759,0.0132450331125828
186273.411807,2502866.126422,0.109443402126329,0.0622263914946842,0,0.328642901813634,0.129143214509068,0.370544090056285
186773.411807,2502866.126422,0.084612973989345,0.174553431526167,0,0.119711689125666,0.146035725477907,0.475086179880915
187273.411807,2502866.126422,0.0685446009389671,0.177464788732394,0,0.221283255086072,0.201564945226917,0.331142410015649
187773.411807,2502866.126422,0.0590994371482176,0.343339587242026,0.000625390869293308,0.294871794871795,0.147279549718574,0.154784240150094
188273.411807,2502866.126422,0.028204324663115,0.649326230021937,0,0.0028204324663115,0.0495142588530241,0.270134753995613
188773.411807,2502866.126422,0.0244131455399061,0.580281690140845,0,0.0275430359937402,0.0644757433489828,0.303286384976526
189273.411807,2502866.126422,0.0228267667292058,0.0612883051907442,0,0.65697310819262,0.16072545340838,0.0981863664790494
189773.411807,2502866.126422,0.0410529614540896,0.54434346599812,0,0.136947665308681,0.0689439047320589,0.208712002507051
190273.411807,2502866.126422,0.0666666666666667,0.278247261345853,0,0.184663536776213,0.125508607198748,0.34491392801252
190773.411807,2502866.126422,0.0816135084427767,0.297060662914321,0.0100062539086929,0.119449656035022,0.16635397123202,0.325515947467167
191273.411807,2502866.126422,0.00376057662174867,0.746474459417111,0,0.000313381385145722,0.00250705108116578,0.246944531494829
191773.411807,2502866.126422,0.0028169014084507,0.846635367762128,0,0,0.00125195618153365,0.149295774647887
192273.411807,2502866.126422,0,0.977485928705441,0.00625390869293308,0.00969355847404628,0,0.00656660412757974
192773.411807,2502866.126422,0.0197430272641805,0.824819805703541,0,0,0,0.155437167032278
193273.411807,2502866.126422,0.0153364632237872,0.606572769953052,0,0.00688575899843505,0.0816901408450704,0.289514866979656
193773.411807,2502866.126422,0.0847404627892433,0.259224515322076,0.0278298936835522,0.0265791119449656,0.0925578486554096,0.509068167604753
194273.411807,2502866.126422,0.0990285177060483,0.299592604199311,0.00344719523660295,0.0122218740206832,0.0780319649012849,0.50767784393607
194773.411807,2502866.126422,0.0294209702660407,0.137402190923318,0.0666666666666667,0.287323943661972,0.205946791862285,0.273239436619718
195273.411807,2502866.126422,0.0838023764853033,0.143527204502814,0.0112570356472795,0.121951219512195,0.226704190118824,0.412757973733583
195773.411807,2502866.126422,0.0999686618614854,0.037292384832341,0.00376057662174867,0.337511751801943,0.252585396427452,0.26888122845503
196273.411807,2502866.126422,0.0538341158059468,0.13489827856025,0.0115805946791862,0.306729264475743,0.164632237871674,0.328325508607199
196773.411807,2502866.126422,0.0859912445278299,0.104440275171982,0,0.341463414634146,0.162914321450907,0.305190744215134
197273.411807,2502866.126422,0.0680037605766217,0.217173299905986,0.0385459103729238,0.170479473519273,0.0864932623002194,0.419304293324976
197773.411807,2502866.126422,0.0491392801251956,0.494209702660407,0,0.0178403755868545,0.074491392801252,0.364319248826291
198273.411807,2502866.126422,0.0428392745465916,0.107254534083802,0.00906816760475297,0.305190744215134,0.125703564727955,0.409943714821764
185773.411807,2502366.126422,0.151992287917738,0.0186375321336761,0,0.412596401028278,0.11086118251928,0.305912596401028
186273.411807,2502366.126422,0.245324532453245,0.0229189585625229,0,0.0894756142280895,0.103960396039604,0.538320498716538
186773.411807,2502366.126422,0.0124542124542125,0.151098901098901,0,0.543223443223443,0.0776556776556777,0.215567765567766
187273.411807,2502366.126422,0.0507326007326007,0.153479853479853,0,0.332234432234432,0.187912087912088,0.275641025641026
187773.411807,2502366.126422,0.0616061606160616,0.155665566556656,0,0.262926292629263,0.135496883021635,0.384305097176384
188273.411807,2502366.126422,0.0274725274725275,0.674542124542125,0,0.0293040293040293,0.0386446886446886,0.23003663003663
188773.411807,2502366.126422,0.0344322344322344,0.651648351648352,0,0.021978021978022,0.0476190476190476,0.244322344322344
189273.411807,2502366.126422,0.079024569123579,0.0738907224055739,0,0.551155115511551,0.157865786578658,0.138063806380638
189773.411807,2502366.126422,0.0448717948717949,0.298534798534799,0,0.243589743589744,0.144871794871795,0.268131868131868
190273.411807,2502366.126422,0.0536630036630037,0.452564102564103,0,0.113919413919414,0.0761904761904762,0.303663003663004
190773.411807,2502366.126422,0.0375870920425376,0.384305097176384,0.00715071507150715,0.0931426475980931,0.120828749541621,0.356985698569857
191273.411807,2502366.126422,0.115934065934066,0.165934065934066,0.00989010989010989,0.219230769230769,0.0996336996336996,0.389377289377289
191773.411807,2502366.126422,0.00256410256410256,0.922344322344322,0,0,0,0.0750915750915751
192273.411807,2502366.126422,0.0022002200220022,0.915108177484415,0.00128346167950128,0.0311697836450312,0,0.0502383571690502
192773.411807,2502366.126422,0.00824175824175824,0.774175824175824,0,0,0.00677655677655678,0.210805860805861
193273.411807,2502366.126422,0.0115384615384615,0.68021978021978,0,0,0.0274725274725275,0.280769230769231
193773.411807,2502366.126422,0.116611661166117,0.240924092409241,0.0044004400440044,0.066006600660066,0.133113311331133,0.438943894389439
194273.411807,2502366.126422,0.0893772893772894,0.232600732600733,0.0124542124542125,0.0873626373626374,0.132783882783883,0.445421245421245
194773.411807,2502366.126422,0.120879120879121,0.091025641025641,0,0.363369963369963,0.165934065934066,0.258791208791209
195273.411807,2502366.126422,0.0881921525485882,0.102126879354602,0.0022002200220022,0.328566189952329,0.220755408874221,0.258159149248258
195773.411807,2502366.126422,0.073992673992674,0.0516483516483516,0.0104395604395604,0.432783882783883,0.217216117216117,0.213919413919414
196273.411807,2502366.126422,0.0822344322344322,0.161538461538462,0.00769230769230769,0.298534798534799,0.218681318681319,0.231318681318681
196773.411807,2502366.126422,0.0628896222955629,0.115694902823616,0.0704070407040704,0.302163549688302,0.214888155482215,0.233956729006234
197273.411807,2502366.126422,0.131318681318681,0.334065934065934,0.00824175824175824,0.0743589743589744,0.0695970695970696,0.382417582417582
197773.411807,2502366.126422,0.111172161172161,0.176007326007326,0.0117216117216117,0.0620879120879121,0.119413919413919,0.51959706959707
198273.411807,2502366.126422,0.147231389805647,0.122478914558122,0.00348368170150348,0.0803080308030803,0.113127979464613,0.533370003667033
185773.411807,2501866.126422,0.459407216494845,0.014819587628866,0,0,0.00547680412371134,0.520296391752577
186273.411807,2501866.126422,0.457027670881437,0.000366501740883269,0,0,0,0.54260582737768
186773.411807,2501866.126422,0.163883281336025,0.130666177280235,0,0.294182418792439,0.167186639750413,0.244081482840888
187273.411807,2501866.126422,0.0267742527049331,0.14799193104713,0,0.514028974876215,0.0960938932697598,0.215110948101962
187773.411807,2501866.126422,0.0339014110317024,0.0659703133589885,0.017042330951072,0.192596664834158,0.183067619571193,0.507421660252886
188273.411807,2501866.126422,0.0400073407964764,0.547990456964581,0,0.18260231235089,0.0491833363919985,0.180216553496054
188773.411807,2501866.126422,0.0368604437924078,0.289565376856776,0,0.304602970841738,0.113882266642215,0.255088941866862
189273.411807,2501866.126422,0.0335349092908191,0.0307861462341946,0,0.714495143851933,0.143668682426242,0.0775151181968114
189773.411807,2501866.126422,0.052303174894476,0.17012295834098,0.000734079647641769,0.238942925307396,0.219306294732979,0.318590567076528
190273.411807,2501866.126422,0.0592334494773519,0.418118466898955,0,0.137905739959655,0.0896754080322758,0.295066935631762
190773.411807,2501866.126422,0.0463624702217336,0.202675462708448,0.00219901044529962,0.122411581455012,0.101520982224666,0.524830492944842
191273.411807,2501866.126422,0.0234905487245366,0.106441548908057,0.00385391815011929,0.603229950449624,0.196549825656084,0.0664342081115801
191773.411807,2501866.126422,0.0773885934348065,0.690812396845773,0,0.00513478818998716,0.013203741059967,0.213460480469466
192273.411807,2501866.126422,0.000916254352208173,0.77918270111783,0.00201575957485798,0.120762323621037,0.00293201392706615,0.0941909474070002
192773.411807,2501866.126422,0.0163332721600294,0.798678656634245,0,0,0.000734079647641769,0.184253991558084
193273.411807,2501866.126422,0.0278745644599303,0.704933064368238,0,0,0.00275077938749312,0.264441591784339
193773.411807,2501866.126422,0.0896096756459593,0.283122594832325,0.0106285504856148,0.0168590800806304,0.0819131390874107,0.517866959868059
194273.411807,2501866.126422,0.0734079647641769,0.214167737199486,0.0167003119838502,0.0715727656450725,0.113415305560653,0.510735914846761
194773.411807,2501866.126422,0.0858243168897854,0.19200440124702,0.0225563909774436,0.142490372272144,0.148725472217128,0.408399046396479
195273.411807,2501866.126422,0.0351841671247938,0.0747663551401869,0,0.517133956386293,0.197727689206524,0.175187832142203
195773.411807,2501866.126422,0.0682694072306845,0.071389245733162,0.00275279867865663,0.504863277665627,0.173242796843458,0.179482473848413
196273.411807,2501866.126422,0.0476801760498808,0.0601503759398496,0.0337428938199156,0.415734458096461,0.214560792224464,0.22813130386943
196773.411807,2501866.126422,0.117830309693971,0.0881436686824262,0.00128275609309144,0.216969030602895,0.242440901594283,0.333333333333333
197273.411807,2501866.126422,0.116535144063131,0.227748210680859,0,0.0877225178931914,0.119838502477519,0.4481556248853
197773.411807,2501866.126422,0.104346231432239,0.194388410049514,0,0.037593984962406,0.11204841371722,0.551622959838621
198273.411807,2501866.126422,0.132673630199743,0.0956569543705333,0.00513102437236577,0.0711013377313542,0.10317024005864,0.592266813267363
185773.411807,2501366.126422,0.569909793814433,0,0,0,0,0.430090206185567
186273.411807,2501366.126422,0.59047619047619,0.00787545787545788,0,0.00274725274725275,0.00842490842490842,0.39047619047619
186773.411807,2501366.126422,0.120183486238532,0.183853211009174,0,0.128073394495413,0.192660550458716,0.375229357798165
187273.411807,2501366.126422,0.0820033021463952,0.0462300495321959,0,0.603925885158687,0.164923867180334,0.102916895982389
187773.411807,2501366.126422,0.043956043956044,0.236996336996337,0,0.301831501831502,0.138461538461538,0.278754578754579
188273.411807,2501366.126422,0.0297247706422018,0.418165137614679,0,0.268073394495413,0.0576146788990826,0.226422018348624
188773.411807,2501366.126422,0.0576041093377362,0.294074481746469,0.00605393505778756,0.258668134287287,0.123096679508347,0.260502660062374
189273.411807,2501366.126422,0.0584249084249084,0.378754578754579,0,0.224725274725275,0.11025641025641,0.227838827838828
189773.411807,2501366.126422,0.0757798165137615,0.153577981651376,0,0.337798165137615,0.200183486238532,0.232660550458716
190273.411807,2501366.126422,0.062190423775454,0.312236286919831,0,0.13410383415887,0.116859291873051,0.374610163272794
190773.411807,2501366.126422,0.0415750915750916,0.217216117216117,0.000183150183150183,0.127838827838828,0.153846153846154,0.459340659340659
191273.411807,2501366.126422,0.0018348623853211,0.180917431192661,0.00073394495412844,0.487155963302752,0.117614678899083,0.211743119266055
191773.411807,2501366.126422,0.0834709227664649,0.33241607044579,0,0.178132452760961,0.0475142175747569,0.358466336452027
192273.411807,2501366.126422,0.00512820512820513,0.423992673992674,0.00860805860805861,0.384981684981685,0.00183150183150183,0.175457875457875
192773.411807,2501366.126422,0.0326605504587156,0.771926605504587,0,0,0,0.195412844036697
193273.411807,2501366.126422,0.0170610897083104,0.833975417354614,0,0,0.0066042927903137,0.142359200146762
193773.411807,2501366.126422,0.0234432234432234,0.477838827838828,0.000183150183150183,0.00695970695970696,0.054029304029304,0.437545787545788
194273.411807,2501366.126422,0.0222018348623853,0.252660550458716,0.110091743119266,0.177981651376147,0.130091743119266,0.30697247706422
194773.411807,2501366.126422,0.0385250412768299,0.251696936341956,0.0317372959090075,0.0720968629609246,0.115208218675472,0.49073564483581
195273.411807,2501366.126422,0.0521978021978022,0.128571428571429,0.00604395604395604,0.326190476190476,0.206776556776557,0.28021978021978
195773.411807,2501366.126422,0.0554128440366972,0.2,0.00055045871559633,0.210275229357798,0.212293577981651,0.321467889908257
196273.411807,2501366.126422,0.0752155567785727,0.201797835259585,0.0104567969179967,0.161071363052651,0.185103650706292,0.366354797284902
196773.411807,2501366.126422,0.0972527472527473,0.0992673992673993,0,0.21043956043956,0.194871794871795,0.398168498168498
197273.411807,2501366.126422,0.08,0.056697247706422,0,0.475045871559633,0.232844036697248,0.155412844036697
197773.411807,2501366.126422,0.114841313520455,0.231700605393506,0.00458631443771785,0.148963492937076,0.137405980554027,0.362502293157219
198273.411807,2501366.126422,0.146886446886447,0.237179487179487,0.0106227106227106,0.0736263736263736,0.089010989010989,0.442673992673993
185773.411807,2500866.126422,0.576156812339332,0.0006426735218509,0,0,0.0006426735218509,0.422557840616967
186273.411807,2500866.126422,0.504400440044004,0.017968463513018,0,0.00513384671800513,0.0418041804180418,0.430693069306931
186773.411807,2500866.126422,0.364652014652015,0.0666666666666667,0,0.0331501831501832,0.0695970695970696,0.465934065934066
187273.411807,2500866.126422,0.302014652014652,0.013003663003663,0,0.323076923076923,0.114835164835165,0.247069597069597
187773.411807,2500866.126422,0.07004033736707,0.0650898423175651,0,0.576090942427576,0.19013568023469,0.0986431976530986
188273.411807,2500866.126422,0.0384615384615385,0.471794871794872,0,0.0639194139194139,0.0851648351648352,0.340659340659341
188773.411807,2500866.126422,0.0344322344322344,0.57032967032967,0,0.0498168498168498,0.0545787545787546,0.290842490842491
189273.411807,2500866.126422,0.0474880821415475,0.343784378437844,0,0.286028602860286,0.135496883021635,0.187202053538687
189773.411807,2500866.126422,0.0635531135531135,0.291575091575092,0,0.221062271062271,0.207509157509158,0.216300366300366
190273.411807,2500866.126422,0.0798534798534798,0.202747252747253,0,0.128388278388278,0.158241758241758,0.430769230769231
190773.411807,2500866.126422,0.0773744041070774,0.154382104877154,0,0.122845617895123,0.167950128346168,0.477447744774477
191273.411807,2500866.126422,0.139194139194139,0.11978021978022,0,0.103663003663004,0.0965201465201465,0.540842490842491
191773.411807,2500866.126422,0.161538461538462,0.060989010989011,0.0225274725274725,0.265384615384615,0.0886446886446886,0.400915750915751
192273.411807,2500866.126422,0.0157682434910158,0.442060872753942,0,0.296662999633297,0.000366703337000367,0.245141180784745
192773.411807,2500866.126422,0.0258241758241758,0.714102564102564,0,0,0,0.26007326007326
193273.411807,2500866.126422,0.00274725274725275,0.923809523809524,0,0,0,0.0734432234432234
193773.411807,2500866.126422,0.0872753942060873,0.654932159882655,0,0.00165016501650165,0.0174184085075174,0.238723872387239
194273.411807,2500866.126422,0.0501831501831502,0.138827838827839,0.0617216117216117,0.214835164835165,0.213553113553114,0.320879120879121
194773.411807,2500866.126422,0.0252747252747253,0.29981684981685,0.0388278388278388,0.238461538461538,0.150549450549451,0.247069597069597
195273.411807,2500866.126422,0.0641730839750642,0.0737073707370737,0.0144847818115145,0.393839383938394,0.241474147414741,0.212321232123212
195773.411807,2500866.126422,0.0747252747252747,0.0858974358974359,0,0.2,0.237728937728938,0.401648351648352
196273.411807,2500866.126422,0.0282051282051282,0.100549450549451,0.00457875457875458,0.181684981684982,0.188278388278388,0.496703296703297
196773.411807,2500866.126422,0.0764576457645765,0.11019435276861,0.0148514851485149,0.116244957829116,0.0854418775210854,0.596809680968097
197273.411807,2500866.126422,0.107692307692308,0.125457875457875,0.000183150183150183,0.303479853479853,0.157142857142857,0.306043956043956
197773.411807,2500866.126422,0.105677655677656,0.132417582417582,0,0.0891941391941392,0.155677655677656,0.517032967032967
198273.411807,2500866.126422,0.0788412174550788,0.35038503850385,0.00293362669600293,0.0394206087275394,0.094976164283095,0.433443344334433
185773.411807,2500366.126422,0.427190721649485,0.0135309278350515,0,0.0038659793814433,0.0557345360824742,0.499677835051546
186273.411807,2500366.126422,0.368517500458127,0.000916254352208173,0,0,0.00274876305662452,0.62781748213304
186773.411807,2500366.126422,0.327032483024408,0.0409249403560286,0,0.000550559735731327,0.0350523031748945,0.596439713708937
187273.411807,2500366.126422,0.373555840821566,0.0253071703649367,0.00586832935998533,0.110214560792224,0.127636163579681,0.357417935081606
187773.411807,2500366.126422,0.187465640461792,0.0384826827927433,0.000183250870441635,0.372549019607843,0.161077515118197,0.240241891148983
188273.411807,2500366.126422,0.0543218939254909,0.144613690585429,0,0.440631308496972,0.120756102037071,0.239677004955038
188773.411807,2500366.126422,0.0414450761048964,0.19182101595452,0,0.403447643498991,0.160462130937099,0.202824133504493
189273.411807,2500366.126422,0.0958402052409749,0.149715961150815,0,0.292834890965732,0.199193696170057,0.262415246472421
189773.411807,2500366.126422,0.0455129381537897,0.338410717562856,0,0.12442650027528,0.156726004771518,0.334923839236557
190273.411807,2500366.126422,0.0627177700348432,0.132220795892169,0.00146708233999633,0.377957087841555,0.156794425087108,0.268842838804328
190773.411807,2500366.126422,0.0705515851200293,0.111233278358072,0.00201575957485798,0.293201392706615,0.214953271028037,0.308044713212388
191273.411807,2500366.126422,0.0436777390346853,0.197100385391815,0.0255092677555515,0.148284088823637,0.112864745824922,0.472563773169389
191773.411807,2500366.126422,0.126352466532184,0.0803227581147992,0.00275077938749312,0.311204841371722,0.112231799009719,0.367137355584082
192273.411807,2500366.126422,0.00146600696353308,0.50668865677112,0.0179585853032802,0.296316657504123,0.00824628916987356,0.16932380428807
192773.411807,2500366.126422,0.0117452743622683,0.841805835933199,0,0,0,0.146448889704533
193273.411807,2500366.126422,0.0223730056849441,0.851091142490372,0,0,0,0.126535851824684
193773.411807,2500366.126422,0.0377496793109767,0.799890049477735,0.00513102437236577,0.000916254352208173,0.0106285504856148,0.1456844420011
194273.411807,2500366.126422,0.0853367590383557,0.165351440631308,0.0827674802716095,0.133602495870802,0.2073775004588,0.325564323729125
194773.411807,2500366.126422,0.0297084173849257,0.181368054282047,0.0625343847423437,0.27617825050431,0.233632862644416,0.216578030441959
195273.411807,2500366.126422,0.0602895363752978,0.102253985706432,0.045629466739967,0.311526479750779,0.197544438336082,0.282756093091442
195773.411807,2500366.126422,0.0991007524316388,0.216369976142411,0.0189025509267756,0.0409249403560286,0.101670031198385,0.52303174894476
196273.411807,2500366.126422,0.177333577847057,0.17219878965707,0.0207225380524482,0.208692462864478,0.134054648817165,0.286997982761783
196773.411807,2500366.126422,0.172255818215137,0.390874106652007,0,0.0339014110317024,0.0835623969213854,0.319406267179769
197273.411807,2500366.126422,0.0488162965681776,0.1493852082951,0.00679023674068636,0.30721233253808,0.146081849880712,0.341714075977244
197773.411807,2500366.126422,0.101228681459747,0.217861727489455,0.00513478818998716,0.094810196222263,0.1600953603521,0.420869246286448
198273.411807,2500366.126422,0.0540590067802822,0.239692138537658,0.0212571009712296,0.221550302363936,0.203408466190214,0.260032985156679
185773.411807,2499866.126422,0.567976804123711,0.00483247422680412,0,0.000322164948453608,0.0161082474226804,0.41076030927835
186273.411807,2499866.126422,0.335164835164835,0.00750915750915751,0,0.000183150183150183,0.0228937728937729,0.634249084249084
186773.411807,2499866.126422,0.342018348623853,0.0073394495412844,0,0.0152293577981651,0.158165137614679,0.477247706422018
187273.411807,2499866.126422,0.304714731241974,0.0168776371308017,0,0.0884241423592002,0.104384516602458,0.485598972665566
187773.411807,2499866.126422,0.381135531135531,0.0106227106227106,0,0.0168498168498168,0.125457875457875,0.465934065934066
188273.411807,2499866.126422,0.112477064220183,0.0392660550458716,0.00018348623853211,0.498348623853211,0.13743119266055,0.212293577981651
188773.411807,2499866.126422,0.0478811227297744,0.212438084755091,0,0.348926802421574,0.156118143459916,0.234635846633645
189273.411807,2499866.126422,0.0551282051282051,0.293772893772894,0,0.140842490842491,0.127655677655678,0.382600732600733
189773.411807,2499866.126422,0.0555963302752294,0.31651376146789,0,0.0910091743119266,0.0939449541284404,0.442935779816514
190273.411807,2499866.126422,0.0753990093560815,0.109521188772702,0,0.235920014676206,0.196661163089341,0.382498624105669
190773.411807,2499866.126422,0.0683150183150183,0.111721611721612,0,0.225641025641026,0.175824175824176,0.418498168498169
191273.411807,2499866.126422,0.110642201834862,0.166422018348624,0.00422018348623853,0.0411009174311927,0.0941284403669725,0.58348623853211
191773.411807,2499866.126422,0.118693817648138,0.109704641350211,0.000550357732526142,0.379746835443038,0.122179416620804,0.269124931205283
192273.411807,2499866.126422,0.0102564102564103,0.746520146520147,0.0133699633699634,0.0238095238095238,0.00457875457875458,0.201465201465201
192773.411807,2499866.126422,0.011743119266055,0.595045871559633,0,0,0.00055045871559633,0.392660550458716
193273.411807,2499866.126422,0.0161438268207668,0.720234819299211,0,0,0,0.263621353880022
193773.411807,2499866.126422,0.0120879120879121,0.567399267399267,0.181501831501831,0.0445054945054945,0.0450549450549451,0.149450549450549
194273.411807,2499866.126422,0.084954128440367,0.277798165137615,0.0622018348623853,0.134862385321101,0.159816513761468,0.280366972477064
194773.411807,2499866.126422,0.0656760227481196,0.0388919464318474,0.00311869381764814,0.508713997431664,0.25536598789213,0.128233351678591
195273.411807,2499866.126422,0.0483516483516484,0.154578754578755,0.0265567765567766,0.313736263736264,0.203296703296703,0.253479853479853
195773.411807,2499866.126422,0.0420183486238532,0.165504587155963,0.00073394495412844,0.159816513761468,0.125871559633028,0.50605504587156
196273.411807,2499866.126422,0.0807191341038342,0.24105668684645,0.032104201064025,0.158869932122546,0.149880755824619,0.337369290038525
196773.411807,2499866.126422,0.347985347985348,0.0208791208791209,0,0.000915750915750916,0.00293040293040293,0.627289377289377
197273.411807,2499866.126422,0.0851376146788991,0.325688073394495,0.00146788990825688,0.105321100917431,0.135963302752294,0.346422018348624
197773.411807,2499866.126422,0.0629242340854889,0.153733259952302,0.00733810310034856,0.263988259035039,0.169877086773069,0.342139057053752
198273.411807,2499866.126422,0.105311355311355,0.293223443223443,0.00402930402930403,0.10970695970696,0.143406593406593,0.344322344322344
185773.411807,2499366.126422,0.14620822622108,0.015745501285347,0,0.202120822622108,0.108933161953728,0.526992287917738
186273.411807,2499366.126422,0.202053538687202,0.0221855518885222,0,0.0143014301430143,0.112394572790612,0.649064906490649
186773.411807,2499366.126422,0.381318681318681,0.0120879120879121,0,0.01996336996337,0.150549450549451,0.436080586080586
187273.411807,2499366.126422,0.177106227106227,0.0554945054945055,0,0.151282051282051,0.183516483516484,0.432600732600733
187773.411807,2499366.126422,0.294279427942794,0.0146681334800147,0,0.160616061606161,0.068023469013568,0.462412907957462
188273.411807,2499366.126422,0.171062271062271,0.0457875457875458,0.00183150183150183,0.426923076923077,0.205311355311355,0.149084249084249
188773.411807,2499366.126422,0.0593406593406593,0.187912087912088,0,0.336263736263736,0.213003663003663,0.203479853479853
189273.411807,2499366.126422,0.108727539420609,0.102310231023102,0,0.346901356802347,0.184818481848185,0.257242390905757
189773.411807,2499366.126422,0.0655677655677656,0.129487179487179,0.000183150183150183,0.468498168498168,0.170512820512821,0.165750915750916
190273.411807,2499366.126422,0.0684981684981685,0.102197802197802,0,0.371428571428571,0.205860805860806,0.252014652014652
190773.411807,2499366.126422,0.0414374770810414,0.114961496149615,0.00861752841950862,0.345617895122846,0.168316831683168,0.321048771543821
191273.411807,2499366.126422,0.0315018315018315,0.279487179487179,0.00641025641025641,0.383333333333333,0.107875457875458,0.191391941391941
191773.411807,2499366.126422,0.113003663003663,0.200915750915751,0.0159340659340659,0.439377289377289,0.115750915750916,0.115018315018315
192273.411807,2499366.126422,0.0216354968830216,0.548771543821049,0.0300696736340301,0.168500183351668,0.0172350568390172,0.213788045471214
192773.411807,2499366.126422,0.0399267399267399,0.58974358974359,0,0.0745421245421245,0.026007326007326,0.26978021978022
193273.411807,2499366.126422,0.0186813186813187,0.738827838827839,0,0.0342490842490843,0.0419413919413919,0.166300366300366
193773.411807,2499366.126422,0.0033003300330033,0.658965896589659,0.0385038503850385,0.0104510451045105,0.0132013201320132,0.275577557755776
194273.411807,2499366.126422,0.133699633699634,0.246153846153846,0.00677655677655678,0.0987179487179487,0.167765567765568,0.346886446886447
194773.411807,2499366.126422,0.0774725274725275,0.115934065934066,0.00293040293040293,0.296520146520147,0.191941391941392,0.315201465201465
195273.411807,2499366.126422,0.0443711037770444,0.212687935460213,0.0100843417675101,0.218005133846718,0.184635130179685,0.33021635496883
195773.411807,2499366.126422,0.0617216117216117,0.186263736263736,0.0113553113553114,0.163736263736264,0.190659340659341,0.386263736263736
196273.411807,2499366.126422,0.0745421245421245,0.273076923076923,0.0287545787545788,0.109157509157509,0.155311355311355,0.359157509157509
196773.411807,2499366.126422,0.0869086908690869,0.762009534286762,0,0,0,0.151081774844151
197273.411807,2499366.126422,0.147435897435897,0.201465201465201,0,0.161355311355311,0.146153846153846,0.343589743589744
197773.411807,2499366.126422,0.0468864468864469,0.093956043956044,0.000366300366300366,0.514102564102564,0.131684981684982,0.213003663003663
198273.411807,2499366.126422,0.0586725339200587,0.301430143014301,0,0.105610561056106,0.154382104877154,0.37990465713238
185773.411807,2498866.126422,0.038659793814433,0.0589561855670103,0,0.610502577319588,0.189755154639175,0.102126288659794
186273.411807,2498866.126422,0.1927799157046,0.0447132123877588,0.00128275609309144,0.422210005497526,0.177753344328386,0.161260765988638
186773.411807,2498866.126422,0.0930445953385942,0.0968985134887135,0.000550559735731327,0.332905120205542,0.202605982749128,0.27399522848229
187273.411807,2498866.126422,0.048413717219879,0.0949935815147625,0,0.430772052081423,0.193471483587016,0.232349165596919
187773.411807,2498866.126422,0.0769653655854865,0.142019424592267,0,0.294300897929265,0.187648891332234,0.299065420560748
188273.411807,2498866.126422,0.108827307762892,0.187740869884382,0.000550559735731327,0.271609469627455,0.204624701780143,0.226647091209396
188773.411807,2498866.126422,0.0806895286997983,0.0920594168347699,0,0.334861544104163,0.162479369154594,0.329910141206675
189273.411807,2498866.126422,0.0676195711929632,0.245189664650907,0.000916254352208173,0.205240974894631,0.157229246838922,0.323804288070368
189773.411807,2498866.126422,0.102220590934116,0.087538997981281,0,0.283721783813544,0.158928243714443,0.367590383556616
190273.411807,2498866.126422,0.0225563909774436,0.0304419585549239,0,0.790940766550523,0.12781954887218,0.0282413350449294
190773.411807,2498866.126422,0.0577240241891149,0.0199743448781382,0.0089792926516401,0.75114531794026,0.111599780098955,0.0505772402418911
191273.411807,2498866.126422,0.0146815929528354,0.0163332721600294,0.00532207744540283,0.878142778491466,0.0669847678473114,0.0185355111029547
191773.411807,2498866.126422,0.00403447643498991,0.00770218228498074,0.00403447643498991,0.908490739042729,0.0742710434623143,0.00146708233999633
192273.411807,2498866.126422,0.0260216236027121,0.443100604727872,0.0163093274693055,0.143668682426242,0.0192413413963716,0.351658420377497
192773.411807,2498866.126422,0,0.608919067718848,0,0.00844191594788034,0.00238575885483575,0.380253257478436
193273.411807,2498866.126422,0.00550155877498625,0.765450210893086,0,0,0.00128369704749679,0.227764533284431
193773.411807,2498866.126422,0.0467289719626168,0.688107018508338,0,0.0351841671247938,0.0494777350192413,0.18050210738501
194273.411807,2498866.126422,0.120022022389429,0.234354927509635,0,0.16993943842907,0.143145531290145,0.332538080381721
194773.411807,2498866.126422,0.0889418668622776,0.154777186869613,0.00238400880249404,0.311388226664222,0.215661103979461,0.226847606821933
195273.411807,2498866.126422,0.072200842954004,0.199376947040498,0.00733003481766538,0.330951072017592,0.168041048194979,0.222100054975261
195773.411807,2498866.126422,0.0486327766562672,0.202238942925307,0.00513855753349238,0.136722334373279,0.168287759221876,0.438979629289778
196273.411807,2498866.126422,0.0838070786722905,0.175132954337062,0,0.0144874381074638,0.055198973042362,0.671373555840822
196773.411807,2498866.126422,0.132856881070185,0.222649807586586,0,0.0342679127725857,0.0546087593916071,0.555616639179036
197273.411807,2498866.126422,0.0440447788585061,0.0596439713708937,0,0.555147733529088,0.223710772618829,0.117452743622683
197773.411807,2498866.126422,0.0579497524298551,0.105813313772235,0,0.507427104346231,0.153126719237117,0.175683110214561
198273.411807,2498866.126422,0.101154480483782,0.121312076232362,0,0.21641927799157,0.185999633498259,0.375114531794026
185773.411807,2498366.126422,0.19555412371134,0.0248067010309278,0,0.12145618556701,0.0592783505154639,0.598904639175258
186273.411807,2498366.126422,0.216117216117216,0.056043956043956,0,0.197985347985348,0.170512820512821,0.359340659340659
186773.411807,2498366.126422,0.284770642201835,0.0341284403669725,0.000917431192660551,0.0779816513761468,0.088256880733945,0.51394495412844
187273.411807,2498366.126422,0.220693450742983,0.0335718216840947,0,0.121078701155751,0.13557145477894,0.489084571638231
187773.411807,2498366.126422,0.0913919413919414,0.391208791208791,0,0.032967032967033,0.0690476190476191,0.415384615384615
188273.411807,2498366.126422,0.193577981651376,0.25651376146789,0,0.0596330275229358,0.102385321100917,0.387889908256881
188773.411807,2498366.126422,0.108053568152633,0.0390753990093561,0,0.498807558246193,0.177765547605944,0.176297926985874
189273.411807,2498366.126422,0.0633699633699634,0.145604395604396,0.00641025641025641,0.371611721611722,0.204945054945055,0.208058608058608
189773.411807,2498366.126422,0.0757798165137615,0.124770642201835,0.000917431192660551,0.372293577981651,0.180733944954128,0.245504587155963
190273.411807,2498366.126422,0.162172078517703,0.192808658961658,0,0.277747202348193,0.159420289855072,0.207851770317373
190773.411807,2498366.126422,0.0835164835164835,0.0446886446886447,0.0043956043956044,0.617399267399267,0.163186813186813,0.0868131868131868
191273.411807,2498366.126422,0.0405504587155963,0.0264220183486239,0.00495412844036697,0.766238532110092,0.114311926605505,0.0475229357798165
191773.411807,2498366.126422,0.0414602825169694,0.030820033021464,0.000550357732526142,0.72041827187672,0.155751238304898,0.0509998165474225
192273.411807,2498366.126422,0.0467032967032967,0.31996336996337,0,0.137362637362637,0.0461538461538462,0.44981684981685
192773.411807,2498366.126422,0,0.758348623853211,0,0.026605504587156,0.00110091743119266,0.21394495412844
193273.411807,2498366.126422,0.00165107319757843,0.849385433865346,0,0,0,0.148963492937076
193773.411807,2498366.126422,0,0.936080586080586,0,0,0,0.0639194139194139
194273.411807,2498366.126422,0.0928440366972477,0.368807339449541,0.00678899082568807,0.0108256880733945,0.0611009174311927,0.459633027522936
194773.411807,2498366.126422,0.0733810310034856,0.149513850669602,0.0201797835259585,0.170610897083104,0.180700788846083,0.405613648871767
195273.411807,2498366.126422,0.0688644688644689,0.296336996336996,0.0120879120879121,0.150915750915751,0.124358974358974,0.347435897435897
195773.411807,2498366.126422,0.108623853211009,0.367339449541284,0.018348623853211,0.0467889908256881,0.124954128440367,0.33394495412844
196273.411807,2498366.126422,0.020546688680976,0.350761328196661,0,0.0409099247844432,0.0627407815079802,0.52504127682994
196773.411807,2498366.126422,0.0406593406593407,0.272710622710623,0.00879120879120879,0.0216117216117216,0.0902930402930403,0.565934065934066
197273.411807,2498366.126422,0.0779816513761468,0.0203669724770642,0,0.572477064220184,0.194311926605505,0.134862385321101
197773.411807,2498366.126422,0.0959456980370574,0.214456063107687,0,0.379746835443038,0.158686479545038,0.15116492386718
198273.411807,2498366.126422,0.12032967032967,0.164285714285714,0.00805860805860806,0.208608058608059,0.145970695970696,0.352747252747253
185773.411807,2497866.126422,0.351221079691517,0.0102827763496144,0,0.0931876606683805,0.0443444730077121,0.500964010282776
186273.411807,2497866.126422,0.427209387605427,0.00733406674000733,0,0.00183351668500183,0.0174184085075174,0.546204620462046
186773.411807,2497866.126422,0.331501831501831,0.0333333333333333,0,0.00164835164835165,0.00787545787545788,0.625641025641026
187273.411807,2497866.126422,0.206227106227106,0.0208791208791209,0.00347985347985348,0.0106227106227106,0.0774725274725275,0.681318681318681
187773.411807,2497866.126422,0.241290795746241,0.0451045104510451,0,0.050971763843051,0.0630729739640631,0.5995599559956
188273.411807,2497866.126422,0.378754578754579,0.0765567765567766,0,0.00164835164835165,0.0135531135531136,0.529487179487179
188773.411807,2497866.126422,0.253479853479853,0.019047619047619,0,0.0668498168498168,0.056959706959707,0.603663003663004
189273.411807,2497866.126422,0.0592225889255592,0.0548221488815548,0.000366703337000367,0.598643197653099,0.196369636963696,0.0905757242390906
189773.411807,2497866.126422,0.0857142857142857,0.244688644688645,0,0.407509157509158,0.100732600732601,0.161355311355311
190273.411807,2497866.126422,0.103846153846154,0.228205128205128,0,0.301831501831502,0.120512820512821,0.245604395604396
190773.411807,2497866.126422,0.0368536853685369,0.0304363769710304,0.0326365969930326,0.802163549688302,0.0771910524385772,0.0207187385405207
191273.411807,2497866.126422,0.0327838827838828,0.0106227106227106,0.00659340659340659,0.79981684981685,0.134249084249084,0.0159340659340659
191773.411807,2497866.126422,0.0208791208791209,0.0772893772893773,0.000366300366300366,0.764285714285714,0.0628205128205128,0.0743589743589744
192273.411807,2497866.126422,0.0348368170150348,0.554638797213055,0,0.0526219288595526,0.00605060506050605,0.351851851851852
192773.411807,2497866.126422,0,0.711721611721612,0.0119047619047619,0.210622710622711,0.0113553113553114,0.0543956043956044
193273.411807,2497866.126422,0.0153846153846154,0.70970695970696,0,0,0,0.274908424908425
193773.411807,2497866.126422,0.0190685735240191,0.824715804913825,0,0,0.000183351668500183,0.156032269893656
194273.411807,2497866.126422,0.0705128205128205,0.569413919413919,0.0214285714285714,0.021978021978022,0.0478021978021978,0.268864468864469
194773.411807,2497866.126422,0.0512820512820513,0.51959706959707,0.0181318681318681,0.1,0.0895604395604396,0.221428571428571
195273.411807,2497866.126422,0.0962596259625963,0.223138980564723,0.0115511551155116,0.159332599926659,0.187018701870187,0.322698936560323
195773.411807,2497866.126422,0.0221611721611722,0.308424908424908,0.0111721611721612,0.0602564102564103,0.132967032967033,0.465018315018315
196273.411807,2497866.126422,0.0210622710622711,0.477838827838828,0.000549450549450549,0.0340659340659341,0.0697802197802198,0.396703296703297
196773.411807,2497866.126422,0.083975064173084,0.295929592959296,0,0.0685735240190686,0.0748074807480748,0.476714338100477
197273.411807,2497866.126422,0.0542124542124542,0.0379120879120879,0,0.545054945054945,0.195054945054945,0.167765567765568
197773.411807,2497866.126422,0.0992673992673993,0.281684981684982,0,0.109340659340659,0.143956043956044,0.365750915750916
198273.411807,2497866.126422,0.0286028602860286,0.729189585625229,0.000916758342500917,0.0249358269160249,0.0652731939860653,0.151081774844151
185773.411807,2497366.126422,0.18395618556701,0.0306056701030928,0,0.485180412371134,0.174291237113402,0.125966494845361
186273.411807,2497366.126422,0.306395455378413,0.0194245922668133,0,0.00164925783397471,0.0227231079347627,0.649807586586036
186773.411807,2497366.126422,0.206276380987337,0.0132134336575518,0,0.00110111947146265,0.00458799779776106,0.774821068085887
187273.411807,2497366.126422,0.12396845772969,0.0392444525949019,0,0.0227397762699432,0.0293416467999266,0.784705666605538
187773.411807,2497366.126422,0.105002748763057,0.0311526479750779,0,0.000183250870441635,0.00164925783397471,0.862012094557449
188273.411807,2497366.126422,0.0996513121673702,0.0717562855569829,0.000734079647641769,0.00899247568361167,0.0271609469627455,0.791704899981648
188773.411807,2497366.126422,0.280946268109298,0.174399413167064,0,0.077205208142307,0.0430955437373923,0.424353566843939
189273.411807,2497366.126422,0.051676745464541,0.0745831042697453,0.00238226131574125,0.531061022539857,0.187832142202675,0.15246472420744
189773.411807,2497366.126422,0.0752431638832813,0.198201504863278,0,0.249220040374381,0.171774637548174,0.305560653330886
190273.411807,2497366.126422,0.052814964239868,0.0662020905923345,0,0.502108930863745,0.174582798459564,0.204291215844489
190773.411807,2497366.126422,0.0445299615173172,0.0295033901411032,0.0872274143302181,0.724573941726223,0.0756826094923951,0.0384826827927433
191273.411807,2497366.126422,0.0258763075793724,0.034868783262984,0.00935951550743256,0.834465039456781,0.0574417324279684,0.0379886217654616
191773.411807,2497366.126422,0.0744544287548139,0.109297634329727,0,0.576930130203558,0.075187969924812,0.16412983678709
192273.411807,2497366.126422,0.0637713029136888,0.612424409015943,0,0.0505772402418911,0.00164925783397471,0.271577789994502
192773.411807,2497366.126422,0,0.790603780510185,0.000183519911910442,0.198568544687099,0.00917599559552211,0.00146815929528354
193273.411807,2497366.126422,0.00843572345497891,0.557124518613607,0,0.0425453878598936,0.0126535851824684,0.379240784889052
193773.411807,2497366.126422,0.0293201392706615,0.795492028587136,0,0,0.000366501740883269,0.174821330401319
194273.411807,2497366.126422,0.0488162965681776,0.263351073591485,0.02073775004588,0.297669297118737,0.180767113231786,0.188658469443935
194773.411807,2497366.126422,0.0696864111498258,0.327342747111682,0.0386942967174033,0.169448010269576,0.159178433889602,0.235650100861911
195273.411807,2497366.126422,0.0403151914971596,0.377313542239326,0.00256551218618288,0.111599780098955,0.150082462891699,0.318123511086678
195773.411807,2497366.126422,0.0616626904019086,0.270875389979813,0.0168838318957607,0.188291429620114,0.147366489264085,0.314920168838319
196273.411807,2497366.126422,0.052814964239868,0.350632679259123,0.0315422703099211,0.0937098844672657,0.114615807812213,0.356684393911608
196773.411807,2497366.126422,0.0487447315374748,0.40241891148983,0.0042147700201576,0.117830309693971,0.105735752244823,0.321055525013744
197273.411807,2497366.126422,0.104606349788952,0.116718663975041,0.000183519911910442,0.288676821435126,0.252156358964948,0.237658285924023
197773.411807,2497366.126422,0.0794058316523015,0.454795525398863,0,0.0300751879699248,0.08399046396479,0.351732991014121
198273.411807,2497366.126422,0.066703316840755,0.475536008796042,0,0.0729338464357706,0.0820963899578523,0.30273043796958
