"x","y","forest","agri","water","built","other","grass"
250273.411807,2751866.126422,0.035078394897688,0.0324209407387723,0,0.640977943130481,0.15014615997874,0.141376561254318
250773.411807,2751866.126422,0.129811521104327,0.0337138306344571,0.00132731616671091,0.606848951420228,0.120254844704008,0.108043535970268
251273.411807,2751866.126422,0.0540037243947858,0.014365522745411,0,0.822559191274275,0.065974993349295,0.043096568236233
251773.411807,2751866.126422,0.172203029497741,0.0148817432899282,0.00637788998139782,0.311187882009035,0.216848259367526,0.278501195854371
252273.411807,2751866.126422,0.142553756304752,0.0607910804353597,0.0122113087337404,0.433501460047783,0.169896469338997,0.181045925139368
252773.411807,2751866.126422,0.181431231710561,0.0651769087523277,0.000266028198989093,0.405693003458367,0.166799680766161,0.180633147113594
253273.411807,2751866.126422,0.0956683497209673,0.0377358490566038,0,0.588626096199841,0.187616263619453,0.0903534414031358
253773.411807,2751866.126422,0.0459251393681975,0.0520307937350677,0.00159277940005309,0.675869392089196,0.157419697371914,0.0671621980355721
254273.411807,2751866.126422,0.309656823623304,0.0252726789039638,0.00292631018888002,0.212024474594307,0.20537376961958,0.244745943069965
254773.411807,2751866.126422,0.569758171671539,0.00345469040659049,0,0.224023385596598,0.0725484985384002,0.130215253786872
255273.411807,2751866.126422,0.520573400584019,0.0140695513671357,0,0.0156623307671887,0.0448632864348288,0.404831430846828
255773.411807,2751866.126422,0.795158286778399,0.00478850758180367,0.00106411279595637,0.00239425379090184,0.0244745943069965,0.172120244745943
256273.411807,2751866.126422,0.843475950039862,0.00956683497209673,0,0,0.0196651607759766,0.127292054212065
256773.411807,2751866.126422,0.859835412795328,0,0,0,0.00159277940005309,0.138571807804619
257273.411807,2751866.126422,0.496142591114658,0.00159616919393456,0,0.00399042298483639,0.00851290236765097,0.48975791433892
257773.411807,2751866.126422,0.439808663300558,0,0,0,0.00132872707945788,0.558862609619984
258273.411807,2751866.126422,0.757366604725246,0.00238916910007964,0,0.00318555880010619,0.0164587204672153,0.220599946907353
258773.411807,2751866.126422,0.708167065708965,0.00345836658685821,0,0.0625166267624368,0.0367118914604948,0.189146049481245
259273.411807,2751866.126422,0.572149880414563,0.0130215253786872,0,0.00292319957480733,0.0403933032155195,0.371512091416423
259773.411807,2751866.126422,0.579240775152641,0.000796389700026546,0,0.000530926466684364,0.00584019113352801,0.41359171754712
260273.411807,2751866.126422,0.540569300345837,0.00159616919393456,0,0.00319233838786911,0.011439212556531,0.443202979515829
260773.411807,2751866.126422,0.436885463725751,0.000531490831783152,0,0.000265745415891576,0.0108955620515546,0.55142173797502
261273.411807,2751866.126422,0.434563312981152,0.00955667640031856,0.000265463233342182,0.0045128749668171,0.0310591983010353,0.520042474117335
261773.411807,2751866.126422,0.875764831072094,0,0,0,0.00212822559191274,0.122106943335994
262273.411807,2751866.126422,0.377358490566038,0.00850385330853043,0,0.00159447249534946,0.0146159978740367,0.597927185756046
250273.411807,2751366.126422,0.0307692307692308,0.0223443223443223,0,0.806776556776557,0.112820512820513,0.0272893772893773
250773.411807,2751366.126422,0.0405207187385405,0.022002200220022,0,0.728089475614228,0.147414741474147,0.061972863953062
251273.411807,2751366.126422,0.0245421245421245,0.015018315018315,0.000366300366300366,0.881684981684982,0.0692307692307692,0.00915750915750916
251773.411807,2751366.126422,0.118498168498168,0.0287545787545788,0,0.672344322344322,0.0965201465201465,0.0838827838827839
252273.411807,2751366.126422,0.0957095709570957,0.0368536853685369,0,0.616611661166117,0.131463146314631,0.119361936193619
252773.411807,2751366.126422,0.0767399267399267,0.0228937728937729,0.000183150183150183,0.729304029304029,0.109157509157509,0.0617216117216117
253273.411807,2751366.126422,0.0877289377289377,0.0228937728937729,0.000549450549450549,0.650915750915751,0.115201465201465,0.122710622710623
253773.411807,2751366.126422,0.299046571323799,0.0139347268060139,0.00385038503850385,0.281811514484782,0.156398973230656,0.244957829116245
254273.411807,2751366.126422,0.676190476190476,0.00586080586080586,0.00421245421245421,0.0714285714285714,0.0498168498168498,0.192490842490843
254773.411807,2751366.126422,0.172710622710623,0.00695970695970696,0,0.282600732600733,0.153663003663004,0.384065934065934
255273.411807,2751366.126422,0.496149614961496,0.026952695269527,0,0.129446277961129,0.0663733039970664,0.281078107810781
255773.411807,2751366.126422,0.612637362637363,0.00402930402930403,0,0.000366300366300366,0.00677655677655678,0.376190476190476
256273.411807,2751366.126422,0.583150183150183,0.0043956043956044,0,0.00622710622710623,0.0267399267399267,0.379487179487179
256773.411807,2751366.126422,0.591859185918592,0,0,0.000916758342500917,0.00605060506050605,0.401173450678401
257273.411807,2751366.126422,0.554578754578755,0,0,0.000183150183150183,0.00421245421245421,0.441025641025641
257773.411807,2751366.126422,0.601098901098901,0.00274725274725275,0,0,0.000366300366300366,0.395787545787546
258273.411807,2751366.126422,0.548588192152549,0.000916758342500917,0,0.000733406674000733,0.0148514851485149,0.434910157682435
258773.411807,2751366.126422,0.524725274725275,0.00256410256410256,0,0.00128205128205128,0.0289377289377289,0.442490842490842
259273.411807,2751366.126422,0.695421245421245,0.00402930402930403,0,0.00366300366300366,0.00879120879120879,0.288095238095238
259773.411807,2751366.126422,0.740740740740741,0,0,0,0.0022002200220022,0.257059039237257
260273.411807,2751366.126422,0.632417582417582,0.0010989010989011,0,0.00128205128205128,0.0043956043956044,0.360805860805861
260773.411807,2751366.126422,0.864835164835165,0.00146520146520147,0,0,0.00146520146520147,0.132234432234432
261273.411807,2751366.126422,0.601760176017602,0.0104510451045105,0.000183351668500183,0.0276861019435277,0.0361202786945361,0.323799046571324
261773.411807,2751366.126422,0.86025641025641,0,0,0,0.0010989010989011,0.138644688644689
262273.411807,2751366.126422,0.806227106227106,0,0,0.000183150183150183,0.00311355311355311,0.19047619047619
250273.411807,2750866.126422,0.0733541169998166,0.0275077938749312,0,0.657619658903356,0.164679992664588,0.0768384375573079
250773.411807,2750866.126422,0.0113615539673813,0.0144768187648891,0.00256551218618288,0.877221916804105,0.0853949056258017,0.0089792926516401
251273.411807,2750866.126422,0.0961644338410718,0.0337676637915214,0.0082583960359699,0.682143512571114,0.112864745824922,0.066801247935401
251773.411807,2750866.126422,0.0706033376123235,0.0500641848523748,0,0.702732440858243,0.129286631212177,0.0473134054648817
252273.411807,2750866.126422,0.0661535642294301,0.0353674179952355,0.000183250870441635,0.702217335532344,0.156679494227598,0.0393989371449514
252773.411807,2750866.126422,0.106441548908057,0.0200036703982382,0.000367039823820885,0.386125894659571,0.160579922921637,0.326481923288677
253273.411807,2750866.126422,0.229415000916926,0.0066018705299835,0.000183385292499542,0.226114065651935,0.112598569594719,0.425087108013937
253773.411807,2750866.126422,0.498075865860363,0.00256551218618288,0.000183250870441635,0.0601062855048561,0.133773135422393,0.305295950155763
254273.411807,2750866.126422,0.600660671682878,0.00422095797394017,0.000183519911910442,0.0420260598274913,0.108460267939071,0.244448522664709
254773.411807,2750866.126422,0.327342747111682,0.000550155877498625,0,0.0223730056849441,0.0944434256372639,0.555290665688612
255273.411807,2750866.126422,0.432105552501374,0.00403151914971596,0,0.00549752611324904,0.0648708081363387,0.493494594099322
255773.411807,2750866.126422,0.681776472747293,0.000917599559552211,0,0.000367039823820885,0.00789135621214902,0.309047531657185
256273.411807,2750866.126422,0.719053731890702,0.000366770584999083,0,0.000733541169998166,0.00715202640748212,0.272693929946818
256773.411807,2750866.126422,0.719809419094741,0.0240058640278541,0,0.000183250870441635,0.0240058640278541,0.231995601979109
257273.411807,2750866.126422,0.579372361901266,0.000183519911910442,0,0.00238575885483575,0.0229399889888053,0.395118370343182
257773.411807,2750866.126422,0.526315789473684,0,0,0.00110031175499725,0.0205391527599487,0.45204474601137
258273.411807,2750866.126422,0.341213120762324,0.00348176653839106,0,0.00183250870441635,0.064687557265897,0.588785046728972
258773.411807,2750866.126422,0.626169939438429,0.000367039823820885,0,0,0.00238575885483575,0.371077261882914
259273.411807,2750866.126422,0.801026957637997,0,0,0,0,0.198973042362003
259773.411807,2750866.126422,0.648158328752062,0.00403151914971596,0,0.0153930731170973,0.0287703866593366,0.303646692321789
260273.411807,2750866.126422,0.865112864745825,0,0,0,0,0.134887135254175
260773.411807,2750866.126422,0.867045662937832,0,0,0.00201723821749496,0.00568494406748579,0.125252154777187
261273.411807,2750866.126422,0.875939160711013,0.00696353307678211,0,0,0.00128275609309144,0.115814550119113
261773.411807,2750866.126422,0.785098183152872,0.000367039823820885,0,0.000367039823820885,0.00440447788585061,0.209763259313636
262273.411807,2750866.126422,0.850724371905373,0.000183385292499542,0,0,0.000183385292499542,0.148908857509628
250273.411807,2750366.126422,0.159970647587599,0.150431113557145,0,0.224545954870666,0.115024766097964,0.350027517886626
250773.411807,2750366.126422,0.0743589743589744,0.0274725274725275,0.00183150183150183,0.592124542124542,0.147252747252747,0.156959706959707
251273.411807,2750366.126422,0.232110091743119,0.0284403669724771,0.00623853211009174,0.371743119266055,0.15743119266055,0.204036697247706
251773.411807,2750366.126422,0.02568336085122,0.0489818381948266,0,0.736195193542469,0.125665015593469,0.063474591818015
252273.411807,2750366.126422,0.147435897435897,0.0177655677655678,0,0.511538461538461,0.166300366300366,0.156959706959707
252773.411807,2750366.126422,0.392844036697248,0.0130275229357798,0,0.0957798165137615,0.145504587155963,0.352844036697248
253273.411807,2750366.126422,0.532379379930288,0.0445789763346175,0.0163272793982755,0.0227481196110805,0.0568702990277013,0.327095945698037
253773.411807,2750366.126422,0.651282051282051,0.0021978021978022,0,0.00695970695970696,0.0399267399267399,0.2996336996337
254273.411807,2750366.126422,0.36605504587156,0.0240366972477064,0.0104587155963303,0.0128440366972477,0.0355963302752294,0.551009174311927
254773.411807,2750366.126422,0.24821133736929,0,0,0.00110071546505228,0.0177949000183453,0.732893047147312
255273.411807,2750366.126422,0.16996336996337,0.0032967032967033,0.000183150183150183,0.0212454212454212,0.0912087912087912,0.714102564102564
255773.411807,2750366.126422,0.454495412844037,0.00036697247706422,0,0.00146788990825688,0.0122935779816514,0.531376146788991
256273.411807,2750366.126422,0.300311869381765,0,0,0.0106402494955054,0.0533847000550358,0.635663181067694
256773.411807,2750366.126422,0.513369963369963,0.0010989010989011,0,0.000549450549450549,0.0139194139194139,0.471062271062271
257273.411807,2750366.126422,0.507339449541284,0,0,0,0,0.492660550458716
257773.411807,2750366.126422,0.697670152265639,0,0,0,0,0.302329847734361
258273.411807,2750366.126422,0.546336996336996,0.000183150183150183,0,0,0.000366300366300366,0.453113553113553
258773.411807,2750366.126422,0.669174311926605,0.00036697247706422,0,0,0.000917431192660551,0.32954128440367
259273.411807,2750366.126422,0.715831957439002,0.000550357732526142,0,0,0.00146762062006971,0.282150064208402
259773.411807,2750366.126422,0.645787545787546,0.00256410256410256,0,0.000183150183150183,0.0163003663003663,0.335164835164835
260273.411807,2750366.126422,0.862385321100917,0.00073394495412844,0,0,0.00238532110091743,0.134495412844037
260773.411807,2750366.126422,0.618968996514401,0.001284168042561,0,0.000366905155017428,0.00458631443771785,0.374793615850303
261273.411807,2750366.126422,0.662087912087912,0,0,0.000183150183150183,0.00274725274725275,0.334981684981685
261773.411807,2750366.126422,0.859816513761468,0.00275229357798165,0,0.00036697247706422,0.00220183486238532,0.134862385321101
262273.411807,2750366.126422,0.705375160521005,0.002568336085122,0,0.000550357732526142,0.00476976701522656,0.28673637864612
250273.411807,2749866.126422,0.398168498168498,0.111172161172161,0,0.161172161172161,0.0778388278388278,0.251648351648352
250773.411807,2749866.126422,0.470663733039971,0.0775577557755776,0,0.0804913824715805,0.0636230289695636,0.307664099743308
251273.411807,2749866.126422,0.473992673992674,0.0216117216117216,0.00311355311355311,0.216483516483516,0.0948717948717949,0.18992673992674
251773.411807,2749866.126422,0.223443223443223,0.0272893772893773,0.000366300366300366,0.347252747252747,0.15952380952381,0.242124542124542
252273.411807,2749866.126422,0.251741840850752,0.0221855518885222,0.015034836817015,0.17950128346168,0.20993766043271,0.321598826549322
252773.411807,2749866.126422,0.311355311355311,0.00879120879120879,0.000732600732600733,0.0732600732600733,0.133882783882784,0.471978021978022
253273.411807,2749866.126422,0.362454212454212,0.0232600732600733,0.00311355311355311,0.0518315018315018,0.181318681318681,0.378021978021978
253773.411807,2749866.126422,0.129262926292629,0.0115511551155116,0,0.00843417675100843,0.130546387972131,0.72020535386872
254273.411807,2749866.126422,0.052014652014652,0.000183150183150183,0,0.0278388278388278,0.107692307692308,0.812271062271062
254773.411807,2749866.126422,0.262454212454212,0.000732600732600733,0,0.000366300366300366,0.0184981684981685,0.717948717948718
255273.411807,2749866.126422,0.191235790245691,0.0377704437110378,0,0.0022002200220022,0.0297029702970297,0.739090575724239
255773.411807,2749866.126422,0.35989010989011,0.000549450549450549,0,0,0.000183150183150183,0.639377289377289
256273.411807,2749866.126422,0.488095238095238,0.00128205128205128,0,0,0,0.510622710622711
256773.411807,2749866.126422,0.512467913458012,0.000366703337000367,0,0,0.00751741840850752,0.47964796479648
257273.411807,2749866.126422,0.728754578754579,0,0,0,0.0010989010989011,0.27014652014652
257773.411807,2749866.126422,0.613919413919414,0.000183150183150183,0,0.00128205128205128,0.00677655677655678,0.377838827838828
258273.411807,2749866.126422,0.383021635496883,0.0207187385405207,0,0.00733406674000733,0.0396039603960396,0.549321598826549
258773.411807,2749866.126422,0.718681318681319,0.0010989010989011,0,0.000183150183150183,0.0148351648351648,0.265201465201465
259273.411807,2749866.126422,0.647802197802198,0.00238095238095238,0.000183150183150183,0.00897435897435897,0.0298534798534799,0.310805860805861
259773.411807,2749866.126422,0.621012101210121,0.00128346167950128,0,0.00201686835350202,0.00696736340300697,0.368720205353869
260273.411807,2749866.126422,0.681684981684982,0.000915750915750916,0,0.000366300366300366,0.0115384615384615,0.305494505494506
260773.411807,2749866.126422,0.57948717948718,0.00238095238095238,0,0.00384615384615385,0.0223443223443223,0.391941391941392
261273.411807,2749866.126422,0.808030803080308,0.00311697836450312,0,0.000183351668500183,0.00201686835350202,0.186651998533187
261773.411807,2749866.126422,0.674542124542125,0.00183150183150183,0,0.000366300366300366,0.00512820512820513,0.318131868131868
262273.411807,2749866.126422,0.648717948717949,0.00805860805860806,0,0.00531135531135531,0.0360805860805861,0.301831501831502
250273.411807,2749366.126422,0.109114249037227,0.0495140289748762,0.00330093526499175,0.264258206491839,0.139372822299652,0.434439757931414
250773.411807,2749366.126422,0.0562580172255818,0.117097306212205,0.0109950522264981,0.189114898295767,0.0998717243906908,0.526663001649258
251273.411807,2749366.126422,0.205542301339695,0.0827674802716095,0.0154156726004772,0.129932097632593,0.0844191594788034,0.481923288676821
251773.411807,2749366.126422,0.596552356501009,0.0346598202824134,0.0102695763799743,0.0434623143223913,0.0278745644599303,0.287181368054282
252273.411807,2749366.126422,0.565878687923768,0.00403151914971596,0,0.0382994319223016,0.0470954737035001,0.344694887300715
252773.411807,2749366.126422,0.603596990273445,0.00403743806202973,0,0.00679023674068636,0.0346852633510736,0.350890071572766
253273.411807,2749366.126422,0.332660920594168,0.00513478818998716,0,0.0212726939299468,0.0511644966073721,0.589767100678526
253773.411807,2749366.126422,0.360087960417812,0.0236393622869709,0.000549752611324904,0.0382994319223016,0.0828293934396188,0.494594099321972
254273.411807,2749366.126422,0.297669297118737,0.00256927876674619,0,0.0326665443200587,0.0754266837951918,0.591668195999266
254773.411807,2749366.126422,0.330827067669173,0.0227397762699432,0,0.000733541169998166,0.0522648083623693,0.593434806528516
255273.411807,2749366.126422,0.755726589701301,0.000366501740883269,0,0,0,0.243906908557816
255773.411807,2749366.126422,0.590383556615893,0.00201871903101487,0,0,0,0.407597724353092
256273.411807,2749366.126422,0.350082523381625,0.000550155877498625,0,0,0.00403447643498991,0.645332844305887
256773.411807,2749366.126422,0.407916437603079,0.00109950522264981,0,0.00146600696353308,0.013560564412681,0.575957485798058
257273.411807,2749366.126422,0.515323912644522,0.00183519911910442,0.000183519911910442,0.000183519911910442,0.0082583960359699,0.474215452376583
257773.411807,2749366.126422,0.543737392261141,0.0150375939849624,0,0.000550155877498625,0.0144874381074638,0.426187419768935
258273.411807,2749366.126422,0.448964632582005,0.0480117280557083,0.000183250870441635,0.00659703133589885,0.0513102437236577,0.444933113432289
258773.411807,2749366.126422,0.495136722334373,0.00880895577170123,0.000367039823820885,0.0227564690768948,0.0445953385942375,0.428335474398972
259273.411807,2749366.126422,0.807445442875481,0,0,0,0.00256739409499358,0.189987163029525
259773.411807,2749366.126422,0.596848085028404,0,0,0,0.00201575957485798,0.401136155396738
260273.411807,2749366.126422,0.601945311066251,0.0135804734813727,0,0.00403743806202973,0.025325747843641,0.355111029546706
260773.411807,2749366.126422,0.678708967540803,0.00165046763249587,0,0.004401247019989,0.0135705116449661,0.301668806161746
261273.411807,2749366.126422,0.698735568993953,0,0,0.000549752611324904,0.0106285504856148,0.290086127909108
261773.411807,2749366.126422,0.68875022939989,0.000917599559552211,0,0.000183519911910442,0.00568911726922371,0.304459533859424
262273.411807,2749366.126422,0.553090042178617,0.00385109114249037,0.000366770584999083,0.0148542086924629,0.0645516229598386,0.363286264441592
250273.411807,2748866.126422,0.0895248578242524,0.107503210420106,0.00293524124013942,0.458998348926802,0.146762062006971,0.194276279581728
250773.411807,2748866.126422,0.0641025641025641,0.0221611721611722,0.000549450549450549,0.726556776556777,0.100915750915751,0.0857142857142857
251273.411807,2748866.126422,0.0944954128440367,0.033394495412844,0.00568807339449541,0.430275229357798,0.182752293577982,0.253394495412844
251773.411807,2748866.126422,0.0941111722619703,0.0530177949000183,0.00165107319757843,0.464868831407081,0.1768482847184,0.209502843514951
252273.411807,2748866.126422,0.172527472527473,0.0782051282051282,0.00256410256410256,0.134798534798535,0.0730769230769231,0.538827838827839
252773.411807,2748866.126422,0.291192660550459,0.048256880733945,0.00036697247706422,0.108073394495413,0.134128440366972,0.417981651376147
253273.411807,2748866.126422,0.389102916895982,0.0157769216657494,0.00165107319757843,0.112456430012842,0.136305265088975,0.344707393138874
253773.411807,2748866.126422,0.443223443223443,0.00659340659340659,0.000183150183150183,0.0249084249084249,0.178205128205128,0.346886446886447
254273.411807,2748866.126422,0.783119266055046,0.00055045871559633,0,0.00642201834862385,0.0174311926605505,0.192477064220183
254773.411807,2748866.126422,0.668684645019263,0.0121078701155751,0,0.00366905155017428,0.0214639515685195,0.294074481746469
255273.411807,2748866.126422,0.820695970695971,0,0,0.00457875457875458,0.0232600732600733,0.151465201465201
255773.411807,2748866.126422,0.55651376146789,0.000917431192660551,0,0.00348623853211009,0.0110091743119266,0.428073394495413
256273.411807,2748866.126422,0.59053384700055,0.000366905155017428,0,0,0.00678774536782242,0.40231150247661
256773.411807,2748866.126422,0.405311355311355,0.00421245421245421,0,0.00146520146520147,0.0126373626373626,0.576373626373626
257273.411807,2748866.126422,0.322752293577982,0.0332110091743119,0,0.00513761467889908,0.0203669724770642,0.618532110091743
257773.411807,2748866.126422,0.621720785177032,0.0111906072280316,0,0.00440286186020914,0.0124747752705926,0.350210970464135
258273.411807,2748866.126422,0.784249084249084,0.000183150183150183,0,0,0.0043956043956044,0.211172161172161
258773.411807,2748866.126422,0.798165137614679,0.00036697247706422,0,0.00018348623853211,0.00036697247706422,0.200917431192661
259273.411807,2748866.126422,0.778205833791965,0,0,0.000550357732526142,0.00458631443771785,0.216657494037791
259773.411807,2748866.126422,0.793223443223443,0,0,0.000549450549450549,0.000366300366300366,0.205860805860806
260273.411807,2748866.126422,0.71045871559633,0.00275229357798165,0.00036697247706422,0.00880733944954129,0.0409174311926606,0.236697247706422
260773.411807,2748866.126422,0.313153549807375,0.0425609979820216,0,0.0124747752705926,0.078884608328747,0.552926068611264
261273.411807,2748866.126422,0.126556776556777,0.0864468864468864,0,0.00695970695970696,0.0556776556776557,0.724358974358974
261773.411807,2748866.126422,0.331009174311927,0.00513761467889908,0,0.0269724770642202,0.0943119266055046,0.54256880733945
262273.411807,2748866.126422,0.575123830489818,0.0132085855806274,0,0.0066042927903137,0.032104201064025,0.372959090075216
250273.411807,2748366.126422,0.0917582417582418,0.0285714285714286,0,0.545421245421245,0.121794871794872,0.212454212454212
250773.411807,2748366.126422,0.103960396039604,0.0669233590025669,0.000733406674000733,0.279427942794279,0.161899523285662,0.387055372203887
251273.411807,2748366.126422,0.12032967032967,0.0395604395604396,0.00347985347985348,0.451282051282051,0.141208791208791,0.244139194139194
251773.411807,2748366.126422,0.0846153846153846,0.0362637362637363,0.00274725274725275,0.694688644688645,0.131135531135531,0.0505494505494506
252273.411807,2748366.126422,0.0595892922625596,0.17950128346168,0.00165016501650165,0.196919691969197,0.153281994866153,0.409057572423909
252773.411807,2748366.126422,0.104212454212454,0.126923076923077,0.00421245421245421,0.0346153846153846,0.0351648351648352,0.694871794871795
253273.411807,2748366.126422,0.043956043956044,0.171978021978022,0.00402930402930403,0.114285714285714,0.156959706959707,0.508791208791209
253773.411807,2748366.126422,0.143747708104144,0.130729739640631,0.00055005500550055,0.176017601760176,0.143197653098643,0.405757242390906
254273.411807,2748366.126422,0.344322344322344,0.0289377289377289,0.000183150183150183,0.0613553113553114,0.113003663003663,0.452197802197802
254773.411807,2748366.126422,0.67014652014652,0.000915750915750916,0,0.0043956043956044,0.0183150183150183,0.306227106227106
255273.411807,2748366.126422,0.697286395306197,0.00128346167950128,0,0.00586725339200587,0.022002200220022,0.273560689402274
255773.411807,2748366.126422,0.505311355311355,0.000366300366300366,0,0.000183150183150183,0.00549450549450549,0.488644688644689
256273.411807,2748366.126422,0.319413919413919,0.00879120879120879,0,0.0481684981684982,0.124358974358974,0.499267399267399
256773.411807,2748366.126422,0.3001466813348,0.03997066373304,0,0.00586725339200587,0.0484048404840484,0.605610561056106
257273.411807,2748366.126422,0.509340659340659,0.00659340659340659,0,0.00164835164835165,0.0133699633699634,0.469047619047619
257773.411807,2748366.126422,0.753846153846154,0.00274725274725275,0,0.00366300366300366,0.0272893772893773,0.212454212454212
258273.411807,2748366.126422,0.75009167583425,0.0011001100110011,0,0.00293362669600293,0.0192519251925193,0.226622662266227
258773.411807,2748366.126422,0.707326007326007,0.0168498168498168,0,0.00164835164835165,0.0113553113553114,0.262820512820513
259273.411807,2748366.126422,0.879120879120879,0.0106227106227106,0,0.000183150183150183,0.00201465201465201,0.108058608058608
259773.411807,2748366.126422,0.890905757242391,0.0394206087275394,0,0,0,0.0696736340300697
260273.411807,2748366.126422,0.223260073260073,0.164835164835165,0,0.0159340659340659,0.0615384615384615,0.534432234432234
260773.411807,2748366.126422,0.121978021978022,0.1496336996337,0,0.000915750915750916,0.0164835164835165,0.710989010989011
261273.411807,2748366.126422,0.209387605427209,0.250641730839751,0,0.000366703337000367,0.0102676934360103,0.529336266960029
261773.411807,2748366.126422,0.13992673992674,0.345970695970696,0,0.00293040293040293,0.0272893772893773,0.483882783882784
262273.411807,2748366.126422,0.0978021978021978,0.357692307692308,0,0.0108058608058608,0.0434065934065934,0.49029304029304
250273.411807,2747866.126422,0.14817531633963,0.0267742527049331,0,0.465615257656336,0.170364936732074,0.189070236567027
250773.411807,2747866.126422,0.0390324354040682,0.0344511636430273,0,0.761040864944108,0.12112882536192,0.0443467106468756
251273.411807,2747866.126422,0.0781794824738484,0.0212883097816113,0.000183519911910442,0.694072306845293,0.151036887502294,0.0552394934850431
251773.411807,2747866.126422,0.133137722354667,0.0322758114799193,0.0172382174949569,0.584265541903539,0.155510728039611,0.0775719787273061
252273.411807,2747866.126422,0.0615722924683892,0.16474253252703,0.00146600696353308,0.245739417262232,0.199743448781382,0.326736301997434
252773.411807,2747866.126422,0.104055790053221,0.347586713158378,0,0.0968985134887135,0.124793540099101,0.326665443200587
253273.411807,2747866.126422,0.0557491289198606,0.279112415184302,0,0.00678525582248304,0.0286081056299285,0.629745094443426
253773.411807,2747866.126422,0.074216602528862,0.176653839105736,0.015026571376214,0.0720175920835624,0.0929081913139087,0.569177203591717
254273.411807,2747866.126422,0.051018535511103,0.561937970269774,0,0.0106441548908057,0.0453294182418792,0.331069921086438
254773.411807,2747866.126422,0.0940766550522648,0.325508894186686,0.000366770584999083,0.0520814230698698,0.152759948652118,0.375206308454062
255273.411807,2747866.126422,0.383910573575224,0.0595565328935312,0,0.0500274876305662,0.127542605827378,0.3789628000733
255773.411807,2747866.126422,0.292530739585245,0.140759772435309,0.00734079647641769,0.104606349788952,0.0653330886401175,0.389429253073959
256273.411807,2747866.126422,0.508894186686228,0.0982945167797543,0,0.00916926462497708,0.0238400880249404,0.3598019438841
256773.411807,2747866.126422,0.642111050027488,0.0654205607476635,0,0.00183250870441635,0.00989554700384827,0.280740333516584
257273.411807,2747866.126422,0.822352725270692,0.0132134336575518,0,0.000183519911910442,0.00844191594788034,0.155808405211966
257773.411807,2747866.126422,0.674307720520814,0.0203557674674491,0,0.000916926462497708,0.0139372822299652,0.290482303319274
258273.411807,2747866.126422,0.651640095290453,0.00329851566794942,0,0.00219901044529962,0.00787978742899029,0.334982591167308
258773.411807,2747866.126422,0.828959442099468,0.000367039823820885,0,0.00807487612405946,0.04147550009176,0.121123141860892
259273.411807,2747866.126422,0.824683660370438,0,0,0.00183385292499542,0.00861910874747845,0.164863377957088
259773.411807,2747866.126422,0.421293751145318,0.0786146234194612,0,0.0280373831775701,0.0740333516584204,0.39802089059923
260273.411807,2747866.126422,0.145531290144981,0.105340429436594,0,0.034868783262984,0.141860891906772,0.572398605248669
260773.411807,2747866.126422,0.365853658536585,0.0251237850724372,0,0.000183385292499542,0.0115532734274711,0.597285897671007
261273.411807,2747866.126422,0.472970496609859,0.0743998533993036,0,0,0.0280373831775701,0.424592266813267
261773.411807,2747866.126422,0.647825289043861,0.0967149935768031,0,0.00385391815011929,0.0310148651128647,0.220590934116352
262273.411807,2747866.126422,0.863011186502842,0,0,0.0104529616724739,0.0185219145424537,0.10801393728223
250273.411807,2747366.126422,0.100348559897267,0.062190423775454,0.00220143093010457,0.507980187121629,0.137772885709044,0.189506512566502
250773.411807,2747366.126422,0.0681318681318681,0.0580586080586081,0.00805860805860806,0.693040293040293,0.0734432234432234,0.0992673992673993
251273.411807,2747366.126422,0.0409174311926606,0.024954128440367,0,0.820733944954128,0.0722935779816514,0.0411009174311927
251773.411807,2747366.126422,0.0465969546872134,0.0291689598238855,0.00550357732526142,0.796184186387819,0.0832874701889562,0.0392588515868648
252273.411807,2747366.126422,0.0950549450549451,0.0659340659340659,0.00586080586080586,0.417032967032967,0.182051282051282,0.234065934065934
252773.411807,2747366.126422,0.0790825688073395,0.0939449541284404,0.0018348623853211,0.426605504587156,0.221651376146789,0.176880733944954
253273.411807,2747366.126422,0.0719134103834159,0.186204366171345,0.00110071546505228,0.16125481563016,0.133553476426344,0.445973215923684
253773.411807,2747366.126422,0.123992673992674,0.194139194139194,0,0.108424908424908,0.0681318681318681,0.505311355311355
254273.411807,2747366.126422,0.0829357798165138,0.319633027522936,0,0,0.00477064220183486,0.592660550458716
254773.411807,2747366.126422,0.0627407815079802,0.500642084021281,0,0.00366905155017428,0.0482480278847918,0.384700055035773
255273.411807,2747366.126422,0.0624542124542125,0.493406593406593,0,0.0421245421245421,0.080952380952381,0.321062271062271
255773.411807,2747366.126422,0.0691743119266055,0.299082568807339,0,0.122752293577982,0.0768807339449541,0.432110091743119
256273.411807,2747366.126422,0.361768482847184,0.0897083104017612,0,0.111722619702807,0.0966795083470923,0.340121078701156
256773.411807,2747366.126422,0.54029304029304,0.00347985347985348,0,0.0157509157509158,0.0509157509157509,0.38956043956044
257273.411807,2747366.126422,0.586605504587156,0.00055045871559633,0,0.0319266055045872,0.0581651376146789,0.322752293577982
257773.411807,2747366.126422,0.45789763346175,0.000366905155017428,0,0.0368739680792515,0.0577875619152449,0.447073931388736
258273.411807,2747366.126422,0.463186813186813,0.00128205128205128,0,0.0723443223443224,0.0752747252747253,0.387912087912088
258773.411807,2747366.126422,0.602935779816514,0.00055045871559633,0,0.0203669724770642,0.0524770642201835,0.323669724770642
259273.411807,2747366.126422,0.29095578792882,0.108787378462667,0,0.00752155567785727,0.0541185103650706,0.538616767565584
259773.411807,2747366.126422,0.0778388278388278,0.285164835164835,0,0.0135531135531136,0.0542124542124542,0.569230769230769
260273.411807,2747366.126422,0.638715596330275,0.0491743119266055,0,0.00018348623853211,0.00917431192660551,0.302752293577982
260773.411807,2747366.126422,0.929921115391671,0.00220143093010457,0,0,0,0.0678774536782242
261273.411807,2747366.126422,0.742307692307692,0.00421245421245421,0,0,0.00769230769230769,0.245787545787546
261773.411807,2747366.126422,0.867155963302752,0,0,0.00311926605504587,0.0124770642201835,0.117247706422018
262273.411807,2747366.126422,0.753806640983306,0.00110071546505228,0,0.00862227114290956,0.0172445422858191,0.219225830122913
250273.411807,2746866.126422,0.086996336996337,0.0250915750915751,0.00146520146520147,0.693040293040293,0.122161172161172,0.0712454212454212
250773.411807,2746866.126422,0.137880454712138,0.0276861019435277,0.000183351668500183,0.562156215621562,0.146864686468647,0.125229189585625
251273.411807,2746866.126422,0.153113553113553,0.0514652014652015,0.00183150183150183,0.360989010989011,0.196153846153846,0.236446886446886
251773.411807,2746866.126422,0.102380952380952,0.0450549450549451,0.00274725274725275,0.595054945054945,0.171978021978022,0.0827838827838828
252273.411807,2746866.126422,0.13953061972864,0.121378804547121,0.00146681334800147,0.111294462779611,0.166116611661166,0.46021268793546
252773.411807,2746866.126422,0.126739926739927,0.142307692307692,0.0139194139194139,0.256776556776557,0.202930402930403,0.257326007326007
253273.411807,2746866.126422,0.175457875457875,0.041025641025641,0.0043956043956044,0.207509157509158,0.266849816849817,0.304761904761905
253773.411807,2746866.126422,0.254675467546755,0.0355702236890356,0,0.251558489182252,0.202603593692703,0.255592225889256
254273.411807,2746866.126422,0.188095238095238,0.110622710622711,0.00970695970695971,0.10970695970696,0.116849816849817,0.465018315018315
254773.411807,2746866.126422,0.0708791208791209,0.270879120879121,0.00476190476190476,0.0384615384615385,0.105494505494505,0.509523809523809
255273.411807,2746866.126422,0.0735240190685735,0.208104143747708,0.00238357169050238,0.0572057205720572,0.101393472680601,0.557389072240557
255773.411807,2746866.126422,0.111355311355311,0.191391941391941,0.000366300366300366,0.256410256410256,0.084981684981685,0.355494505494506
256273.411807,2746866.126422,0.137362637362637,0.305494505494506,0.00457875457875458,0.0562271062271062,0.129120879120879,0.367216117216117
256773.411807,2746866.126422,0.154015401540154,0.0077007700770077,0,0.340667400073341,0.153281994866153,0.344334433443344
257273.411807,2746866.126422,0.347985347985348,0.00402930402930403,0.000366300366300366,0.275457875457875,0.137912087912088,0.234249084249084
257773.411807,2746866.126422,0.38040293040293,0.00201465201465201,0.000183150183150183,0.365018315018315,0.117399267399267,0.134981684981685
258273.411807,2746866.126422,0.392372570590392,0.00348368170150348,0,0.264393105977264,0.148514851485149,0.191235790245691
258773.411807,2746866.126422,0.115018315018315,0.0543956043956044,0,0.117216117216117,0.0827838827838828,0.630586080586081
259273.411807,2746866.126422,0.118315018315018,0.144139194139194,0,0.0141025641025641,0.043956043956044,0.67948717948718
259773.411807,2746866.126422,0.776677667766777,0.0507884121745508,0,0,0.00513384671800513,0.167400073340667
260273.411807,2746866.126422,0.956776556776557,0.00201465201465201,0,0,0,0.0412087912087912
260773.411807,2746866.126422,0.641208791208791,0.0021978021978022,0,0.0924908424908425,0.204212454212454,0.0598901098901099
261273.411807,2746866.126422,0.886138613861386,0,0,0.00531719838650532,0.0528052805280528,0.0557389072240557
261773.411807,2746866.126422,0.845970695970696,0.000549450549450549,0,0.000915750915750916,0.0128205128205128,0.13974358974359
262273.411807,2746866.126422,0.667582417582418,0.0166666666666667,0,0.000183150183150183,0.0137362637362637,0.301831501831502
250273.411807,2746366.126422,0.0882083256922795,0.0764716669723088,0.00311754997249221,0.197139189437007,0.196955804144508,0.438107463781405
250773.411807,2746366.126422,0.0747663551401869,0.0348176653839106,0.000733003481766538,0.571376214037017,0.147150448964633,0.171156312992487
251273.411807,2746366.126422,0.214718296935217,0.0201871903101487,0.00385391815011929,0.475683611671866,0.135988254725638,0.14956872820701
251773.411807,2746366.126422,0.177883733724555,0.0218228498074454,0.00238400880249404,0.327159361819182,0.17219878965707,0.298551256189254
252273.411807,2746366.126422,0.396738134506139,0.0317024005864028,0.00696353307678211,0.102803738317757,0.0982224665567161,0.363569726956203
252773.411807,2746366.126422,0.0719398054688934,0.0534042943659387,0.0141310332171041,0.642136171774638,0.131767296751698,0.0866213984217288
253273.411807,2746366.126422,0.0438290849073904,0.0949935815147625,0.0119200440124702,0.467082339996332,0.223363286264442,0.158811663304603
253773.411807,2746366.126422,0.307494960601063,0.127725856697819,0,0.0765988638446033,0.112516034451164,0.375664284405351
254273.411807,2746366.126422,0.88786933382272,0.000917599559552211,0,0.009543035419343,0.0115617544503579,0.0901082767480272
254773.411807,2746366.126422,0.796625710618008,0.0225563909774436,0,0.0194388410049514,0.0366770584999083,0.124701998899688
255273.411807,2746366.126422,0.513102437236577,0.070734835990471,0,0.129741616272677,0.118013560564413,0.168407549935862
255773.411807,2746366.126422,0.151954487061846,0.0247751881079097,0.000734079647641769,0.377867498623601,0.380253257478436,0.0644154890805652
256273.411807,2746366.126422,0.0852741610122868,0.176966807262058,0,0.146524848707134,0.176966807262058,0.414267375756464
256773.411807,2746366.126422,0.0661535642294301,0.169507055158512,0,0.0595565328935312,0.0965732087227414,0.608209638995785
257273.411807,2746366.126422,0.0526702147182969,0.236190126628739,0,0.0844191594788034,0.0972655533125344,0.529454945861626
257773.411807,2746366.126422,0.0685860993948285,0.0830735375022923,0.000366770584999083,0.319090408949202,0.198056115899505,0.330827067669173
258273.411807,2746366.126422,0.0489279824079164,0.238592633315008,0,0.196078431372549,0.218251786695987,0.298149166208539
258773.411807,2746366.126422,0.130849697192145,0.0675353275830428,0,0.087538997981281,0.121490181684713,0.592585795558818
259273.411807,2746366.126422,0.439207775536402,0.0584999083073537,0,0.115165963689712,0.130020172382175,0.257106180084357
259773.411807,2746366.126422,0.91588785046729,0,0,0.00219901044529962,0.00219901044529962,0.0797141286421111
260273.411807,2746366.126422,0.966415856120389,0,0,0,0.000367039823820885,0.0332171040557901
260773.411807,2746366.126422,0.647166697230882,0.000916926462497708,0,0.00330093526499175,0.0399779937649001,0.308637447276728
261273.411807,2746366.126422,0.556349642660803,0.00238226131574125,0,0.00164925783397471,0.0382994319223016,0.40131940626718
261773.411807,2746366.126422,0.378418058359332,0.031932464672417,0,0.00642319691686548,0.0557900532207745,0.527436226830611
262273.411807,2746366.126422,0.493856592701265,0.037593984962406,0,0.000183385292499542,0.0188886851274528,0.449477351916376
250273.411807,2745866.126422,0.0144927536231884,0.290772335351312,0.0332049165290772,0,0.00843881856540084,0.653091175931022
250773.411807,2745866.126422,0.0831501831501831,0.0996336996336996,0.00750915750915751,0.25018315018315,0.123443223443223,0.436080586080586
251273.411807,2745866.126422,0.128440366972477,0.075045871559633,0.0115596330275229,0.45651376146789,0.204954128440367,0.12348623853211
251773.411807,2745866.126422,0.143276463034306,0.0284351495138507,0.00165107319757843,0.319024032287654,0.245092643551642,0.26252063841497
252273.411807,2745866.126422,0.0851648351648352,0.0487179487179487,0.00989010989010989,0.548168498168498,0.18021978021978,0.127838827838828
252773.411807,2745866.126422,0.0570642201834862,0.0678899082568807,0.0106422018348624,0.703669724770642,0.135229357798165,0.0255045871559633
253273.411807,2745866.126422,0.0979636763896533,0.093010456796918,0,0.385433865345808,0.163639699137773,0.259952302329848
253773.411807,2745866.126422,0.108424908424908,0.292124542124542,0,0.00970695970695971,0.0412087912087912,0.548534798534799
254273.411807,2745866.126422,0.408440366972477,0.208256880733945,0,0.00880733944954129,0.0324770642201835,0.342018348623853
254773.411807,2745866.126422,0.90020179783526,0.0319207484865162,0,0,0.00165107319757843,0.0662263804806457
255273.411807,2745866.126422,0.927838827838828,0.000183150183150183,0,0.00842490842490842,0.0304029304029304,0.0331501831501832
255773.411807,2745866.126422,0.91302752293578,0.000917431192660551,0,0.00238532110091743,0.00330275229357798,0.0803669724770642
256273.411807,2745866.126422,0.476976701522656,0.0199963309484498,0,0.0638414969730325,0.0581544670702623,0.381031003485599
256773.411807,2745866.126422,0.232051282051282,0.125824175824176,0,0.0543956043956044,0.0793040293040293,0.508424908424908
257273.411807,2745866.126422,0.254311926605505,0.169724770642202,0.0300917431192661,0.0352293577981651,0.0629357798165138,0.447706422018349
257773.411807,2745866.126422,0.118693817648138,0.0843881856540084,0,0.0532012474775271,0.145844799119428,0.597871950100899
258273.411807,2745866.126422,0.0395604395604396,0.221245421245421,0.0305860805860806,0.00586080586080586,0.0457875457875458,0.656959706959707
