"x","y","forest","agri","water","built","other","grass"
160773.411807,2558366.126422,0.0112570356472795,0.213258286429018,0,0.0118824265165729,0.0856785490931832,0.677923702313946
161273.411807,2558366.126422,0.0354120965214666,0.195863365716076,0,0.15825759949859,0.0488874960827327,0.561579442181134
161773.411807,2558366.126422,0.0359937402190923,0.201251956181534,0.00657276995305164,0.063849765258216,0.0932707355242566,0.59906103286385
162273.411807,2558366.126422,0.0350218886804253,0.198248905565979,0.161350844277674,0.114759224515322,0.186991869918699,0.303627267041901
162773.411807,2558366.126422,0.0278909432779693,0.31432152930116,0.00658100908806017,0.0172359761830147,0.0664368536508931,0.567533688498903
163273.411807,2558366.126422,0.0300469483568075,0.440688575899844,0,0,0.0748043818466354,0.454460093896714
163773.411807,2558366.126422,0.0694183864915572,0.246404002501563,0,0.0196998123827392,0.0519074421513446,0.612570356472795
164273.411807,2558366.126422,0.10404261986838,0.197430272641805,0,0.214352867439674,0.211845816358508,0.272328423691633
164773.411807,2558366.126422,0.0754303599374022,0.297965571205008,0,0.044131455399061,0.11830985915493,0.464162754303599
165273.411807,2558366.126422,0.0250156347717323,0.553470919324578,0,0,0.0106316447779862,0.410881801125704
165773.411807,2558366.126422,0.0648699467251645,0.480413663428392,0,0.00219366969602006,0.0319649012848637,0.420557818865559
166273.411807,2558366.126422,0.0904538341158059,0.352112676056338,0,0.0122065727699531,0.0560250391236307,0.489201877934272
166773.411807,2558366.126422,0.118198874296435,0.234834271419637,0,0.117886178861789,0.226391494684178,0.302689180737961
167273.411807,2558366.126422,0.093701034158571,0.368536508931369,0,0.0607959887182701,0.116577875274209,0.360388592917581
167773.411807,2558366.126422,0.0766823161189358,0.360250391236307,0,0.0657276995305164,0.0989045383411581,0.398435054773083
168273.411807,2558366.126422,0.0675422138836773,0.121951219512195,0,0.527517198248906,0.164165103189493,0.118824265165729
168773.411807,2558366.126422,0.0648699467251645,0.105922908179254,0,0.258539642745221,0.244124099028518,0.326543403321843
169273.411807,2558366.126422,0.0140845070422535,0.479186228482003,0,0.000625978090766823,0.00625978090766823,0.499843505477308
169773.411807,2558366.126422,0.0303314571607255,0.285803627267042,0,0.0938086303939962,0.111632270168856,0.478424015009381
170273.411807,2558366.126422,0.0498276402381699,0.585709808837355,0,0.00752115324349734,0.0275775618928236,0.329363835788154
170773.411807,2558366.126422,0.0118935837245696,0.367762128325509,0.0979655712050078,0.0219092331768388,0.0579029733959311,0.442566510172144
171273.411807,2558366.126422,0,0.0816135084427767,0.412757973733583,0.147904940587867,0.0312695434646654,0.326454033771107
171773.411807,2558366.126422,0.031651519899718,0.262926982137261,0.0720777185835161,0.0683171419617675,0.0413663428392353,0.523660294578502
172273.411807,2558366.126422,0.123317683881064,0.38716744913928,0,0.0557120500782473,0.0679186228482003,0.365884194053208
172773.411807,2558366.126422,0.146341463414634,0.214821763602251,0,0.176047529706066,0.117573483427142,0.345215759849906
160773.411807,2557866.126422,0.0104510451045105,0.0573890722405574,0.0152181884855152,0.837000366703337,0.0287862119545288,0.0511551155115512
161273.411807,2557866.126422,0.054029304029304,0.0778388278388278,0.0131868131868132,0.52032967032967,0.0452380952380952,0.289377289377289
161773.411807,2557866.126422,0.0597069597069597,0.138461538461538,0.165018315018315,0.107875457875458,0.0996336996336996,0.429304029304029
162273.411807,2557866.126422,0.0352035203520352,0.231389805647231,0.235606894022736,0.205903923725706,0.101026769343601,0.190869086908691
162773.411807,2557866.126422,0.0553113553113553,0.265567765567766,0.113369963369963,0.167216117216117,0.1003663003663,0.298168498168498
163273.411807,2557866.126422,0.104212454212454,0.322344322344322,0.00805860805860806,0.00860805860805861,0.0485347985347985,0.508241758241758
163773.411807,2557866.126422,0.0638063806380638,0.495966263292996,0,0.00201686835350202,0.0205353868720205,0.417675100843418
164273.411807,2557866.126422,0.0908424908424908,0.291941391941392,0,0.0307692307692308,0.0924908424908425,0.493956043956044
164773.411807,2557866.126422,0.0529304029304029,0.282051282051282,0,0.015018315018315,0.0254578754578755,0.624542124542125
165273.411807,2557866.126422,0.0128346167950128,0.364686468646865,0,0.000916758342500917,0.0410707737440411,0.58049138247158
165773.411807,2557866.126422,0.0183150183150183,0.431868131868132,0,0.0340659340659341,0.036996336996337,0.478754578754579
166273.411807,2557866.126422,0.0413919413919414,0.531868131868132,0,0.0137362637362637,0.0521978021978022,0.360805860805861
166773.411807,2557866.126422,0.0757242390905757,0.208837550421709,0,0.228639530619729,0.264393105977264,0.222405573890722
167273.411807,2557866.126422,0.0386446886446886,0.453296703296703,0,0.0296703296703297,0.0529304029304029,0.425457875457875
167773.411807,2557866.126422,0.100915750915751,0.153663003663004,0.000366300366300366,0.342490842490842,0.143040293040293,0.25952380952381
168273.411807,2557866.126422,0.0313531353135314,0.0308030803080308,0,0.782178217821782,0.11019435276861,0.0454712137880455
168773.411807,2557866.126422,0.0659340659340659,0.226556776556777,0,0.249450549450549,0.186263736263736,0.271794871794872
169273.411807,2557866.126422,0.034981684981685,0.439377289377289,0,0.105128205128205,0.067032967032967,0.353479853479854
169773.411807,2557866.126422,0.052988632196553,0.137330399706637,0.000733406674000733,0.189035570223689,0.315731573157316,0.304180418041804
170273.411807,2557866.126422,0.0276556776556777,0.18974358974359,0.21043956043956,0.17014652014652,0.0686813186813187,0.333333333333333
170773.411807,2557866.126422,0.00164835164835165,0.511355311355311,0.186080586080586,0.0173992673992674,0.00384615384615385,0.27967032967033
171273.411807,2557866.126422,0.0214521452145215,0.31976530986432,0,0.0088008800880088,0.0647231389805647,0.585258525852585
171773.411807,2557866.126422,0.0467032967032967,0.0712454212454212,0,0.565750915750916,0.196336996336996,0.11996336996337
172273.411807,2557866.126422,0.128937728937729,0.185897435897436,0,0.237728937728938,0.142124542124542,0.305311355311355
172773.411807,2557866.126422,0.0617895122845618,0.379354602126879,0,0.143197653098643,0.120645397873121,0.295012834616795
160773.411807,2557366.126422,0.0207073483599047,0.301814183617372,0.190764156129742,0.12552684625252,0.0386659336631849,0.322521531977277
161273.411807,2557366.126422,0.209763259313636,0.0211047898697009,0,0.0576252523398789,0.0141310332171041,0.697375665259681
161773.411807,2557366.126422,0.262424353566844,0.0504309554373739,0,0.000183385292499542,0.0473134054648817,0.639647900238401
162273.411807,2557366.126422,0.46857247571926,0.00971229613340663,0,0,0.00183250870441635,0.519882719442917
162773.411807,2557366.126422,0.0423930996513122,0.103138190493669,0.0256927876674619,0.649109928427234,0.0811158010644155,0.0985501926959075
163273.411807,2557366.126422,0.028791490922428,0.404547955253989,0.0487804878048781,0.0817898404547955,0.0841738492572896,0.35191637630662
163773.411807,2557366.126422,0.091258933479934,0.345611141652923,0,0.0613890415979476,0.0899761773868426,0.411764705882353
164273.411807,2557366.126422,0.0469810974490732,0.336391998531841,0,0.0548724536612222,0.071389245733162,0.490365204624702
164773.411807,2557366.126422,0.0159545204474601,0.446543187236384,0,0.00843572345497891,0.0203557674674491,0.508710801393728
165273.411807,2557366.126422,0.0661535642294301,0.28807036833425,0,0.0553417628733736,0.136705149349459,0.453729155213487
165773.411807,2557366.126422,0.0423930996513122,0.297118737383006,0,0.0466140576252523,0.0557900532207745,0.558084052119655
166273.411807,2557366.126422,0.0344764349899138,0.497157527966257,0,0,0.000733541169998166,0.467632495873831
166773.411807,2557366.126422,0.101704233095107,0.293201392706615,0,0.0632215503023639,0.103353490929082,0.438519332966832
167273.411807,2557366.126422,0.0967149935768031,0.22811525050468,0,0.243530923105157,0.132134336575518,0.299504496237842
167773.411807,2557366.126422,0.0880249403997799,0.227581147991931,0,0.239684577296901,0.214377406931964,0.230331927379424
168273.411807,2557366.126422,0.0692688290269379,0.160894264247755,0,0.280557082646143,0.120579072750596,0.368700751328569
168773.411807,2557366.126422,0.0664342081115801,0.256193797026977,0.000183519911910442,0.246100201871903,0.14956872820701,0.281519544870618
169273.411807,2557366.126422,0.0275077938749312,0.392261140656519,0,0.0265908674124335,0.110581331377224,0.443058866678892
169773.411807,2557366.126422,0.0408649441084845,0.083745647791827,0.317390507604911,0.0780648708081363,0.0371999266996518,0.442734102986989
170273.411807,2557366.126422,0.0155991925123876,0.277115066984768,0,0.00991007524316388,0.0308313452009543,0.666544320058726
170773.411807,2557366.126422,0.0597836053548505,0.279479185769301,0,0.000550155877498625,0.0715202640748212,0.588666788923528
171273.411807,2557366.126422,0.0529595015576324,0.290819131390874,0,0.0109950522264981,0.0623052959501558,0.58292101887484
171773.411807,2557366.126422,0.0647825289043861,0.1036887502294,0,0.499541200220224,0.22389429253074,0.108093228115251
172273.411807,2557366.126422,0.0491472583898771,0.384375573079039,0,0.146891619292133,0.0739042728773152,0.345681276361636
172773.411807,2557366.126422,0.0716510903426791,0.395638629283489,0,0.0978559648158329,0.0604727872457394,0.374381528312259
160773.411807,2556866.126422,0.05,0.166849816849817,0.153296703296703,0.381684981684982,0.0602564102564103,0.187912087912088
161273.411807,2556866.126422,0.11394495412844,0.0308256880733945,0,0.00844036697247706,0.0414678899082569,0.805321100917431
161773.411807,2556866.126422,0.0100898917629793,0.179233168226014,0,0.00110071546505228,0.0658594753256283,0.743716749220327
162273.411807,2556866.126422,0.135164835164835,0.0714285714285714,0,0.0010989010989011,0.00769230769230769,0.784615384615385
162773.411807,2556866.126422,0.0343119266055046,0.278532110091743,0,0.0234862385321101,0.107889908256881,0.555779816513762
163273.411807,2556866.126422,0.0398092093193909,0.439735828288387,0,0.00825536598789213,0.0387084938543387,0.473491102549991
163773.411807,2556866.126422,0.0565934065934066,0.353663003663004,0,0.130586080586081,0.176923076923077,0.282234432234432
164273.411807,2556866.126422,0.0596330275229358,0.467522935779817,0,0.0374311926605505,0.0484403669724771,0.38697247706422
164773.411807,2556866.126422,0.0414602825169694,0.338470005503577,0,0.0469638598422308,0.143276463034306,0.429829389102917
165273.411807,2556866.126422,0.0527472527472527,0.25952380952381,0,0.082967032967033,0.144871794871795,0.45989010989011
165773.411807,2556866.126422,0.0928440366972477,0.157247706422018,0,0.038348623853211,0.044954128440367,0.666605504587156
166273.411807,2556866.126422,0.0289855072463768,0.588332416070446,0,0.000550357732526142,0.017978352595854,0.364153366354797
166773.411807,2556866.126422,0.0435897435897436,0.444322344322344,0,0,0.0115384615384615,0.500549450549451
167273.411807,2556866.126422,0.031743119266055,0.400183486238532,0,0.0236697247706422,0.108073394495413,0.436330275229358
167773.411807,2556866.126422,0.0238488350761328,0.39515685195377,0,0.0317372959090075,0.0480645753072831,0.501192441753807
168273.411807,2556866.126422,0.0668498168498168,0.363736263736264,0,0.0875457875457875,0.106593406593407,0.375274725274725
168773.411807,2556866.126422,0.0623853211009174,0.229908256880734,0.124220183486239,0.102935779816514,0.0704587155963303,0.410091743119266
169273.411807,2556866.126422,0.00476976701522656,0.193359016694185,0.290405430196294,0.0842047330764997,0.0130251330031187,0.414235920014676
169773.411807,2556866.126422,0.0847985347985348,0.0635531135531135,0.000183150183150183,0.00293040293040293,0.0474358974358974,0.801098901098901
170273.411807,2556866.126422,0.0343119266055046,0.264770642201835,0,0.00605504587155963,0.0831192660550459,0.611743119266055
170773.411807,2556866.126422,0.0432948082920565,0.401577692166575,0,0.0258668134287287,0.0410933773619519,0.488167308750688
171273.411807,2556866.126422,0.0397435897435897,0.362820512820513,0,0.0531135531135531,0.0688644688644689,0.475457875457875
171773.411807,2556866.126422,0.043302752293578,0.152110091743119,0,0.481651376146789,0.116880733944954,0.20605504587156
172273.411807,2556866.126422,0.0515501742799486,0.327462850853054,0,0.0821867547239039,0.0526508897450009,0.486149330398092
172773.411807,2556866.126422,0.086996336996337,0.420512820512821,0,0.0811355311355311,0.0421245421245421,0.369230769230769
160773.411807,2556366.126422,0.319031903190319,0.189035570223689,0.0812247891455812,0.024019068573524,0.0403373670700403,0.346351301796846
161273.411807,2556366.126422,0.041025641025641,0.376739926739927,0,0.00384615384615385,0.0791208791208791,0.499267399267399
161773.411807,2556366.126422,0.10989010989011,0.116666666666667,0,0.000915750915750916,0.0507326007326007,0.721794871794872
162273.411807,2556366.126422,0.00861752841950862,0.551888522185552,0,0.0044004400440044,0.0421708837550422,0.392922625595893
162773.411807,2556366.126422,0.0263736263736264,0.25970695970696,0.0318681318681319,0.243040293040293,0.208241758241758,0.230769230769231
163273.411807,2556366.126422,0.0756410256410256,0.375824175824176,0,0.0395604395604396,0.0968864468864469,0.412087912087912
163773.411807,2556366.126422,0.0234690135680235,0.554272093876054,0,0.0033003300330033,0.0212687935460213,0.397689768976898
164273.411807,2556366.126422,0.0434065934065934,0.276923076923077,0,0.0316849816849817,0.110805860805861,0.537179487179487
164773.411807,2556366.126422,0.0380952380952381,0.318131868131868,0,0.0967032967032967,0.0983516483516483,0.448717948717949
165273.411807,2556366.126422,0.0625229189585625,0.272093876054272,0,0.0194352768610194,0.0502383571690502,0.595709570957096
165773.411807,2556366.126422,0.0554945054945055,0.0776556776556777,0.00238095238095238,0.195421245421245,0.324175824175824,0.344871794871795
166273.411807,2556366.126422,0.0866300366300366,0.388827838827839,0,0.103296703296703,0.13992673992674,0.281318681318681
166773.411807,2556366.126422,0.0636230289695636,0.291162449578291,0,0.052988632196553,0.122295562889622,0.46993032636597
167273.411807,2556366.126422,0.0326007326007326,0.237912087912088,0,0.143406593406593,0.233516483516484,0.352564102564103
167773.411807,2556366.126422,0.0335164835164835,0.194322344322344,0,0.039010989010989,0.145054945054945,0.588095238095238
168273.411807,2556366.126422,0.0271360469380271,0.0506050605060506,0.379354602126879,0.0537220388705537,0.0218188485515218,0.467363403006967
168773.411807,2556366.126422,0.0424908424908425,0.139377289377289,0.173076923076923,0.0666666666666667,0.0879120879120879,0.49047619047619
169273.411807,2556366.126422,0.0265567765567766,0.268315018315018,0,0.0113553113553114,0.111538461538462,0.582234432234432
169773.411807,2556366.126422,0.0781078107810781,0.14044737807114,0,0.138980564723139,0.272643931059773,0.36982031536487
170273.411807,2556366.126422,0.0697802197802198,0.234065934065934,0,0.142490842490842,0.200549450549451,0.353113553113553
170773.411807,2556366.126422,0.0373626373626374,0.374542124542125,0,0.0970695970695971,0.0492673992673993,0.441758241758242
171273.411807,2556366.126422,0.0566556655665567,0.346901356802347,0.00495049504950495,0.0407040704070407,0.0927759442610928,0.458012467913458
171773.411807,2556366.126422,0.0521978021978022,0.163553113553114,0,0.213369963369963,0.177106227106227,0.393772893772894
172273.411807,2556366.126422,0.0322344322344322,0.528388278388278,0,0.0177655677655678,0.0465201465201465,0.375091575091575
172773.411807,2556366.126422,0.0581224789145581,0.497433076640997,0.00238357169050238,0.0649064906490649,0.0592225889255592,0.317931793179318
160773.411807,2555866.126422,0.0624885468205974,0.350192413413964,0,0.0648708081363387,0.25673446948873,0.26571376214037
161273.411807,2555866.126422,0.0699210864378785,0.604331069921086,0,0.0203707102220591,0.0554230133969536,0.249954120022022
161773.411807,2555866.126422,0.0322758114799193,0.322941500091693,0,0.158995048597103,0.151476251604621,0.334311388226664
162273.411807,2555866.126422,0.085761407366685,0.274143302180685,0,0.165109034267913,0.225215319772769,0.249770936411948
162773.411807,2555866.126422,0.0370710222059093,0.148100568911727,0.261699394384291,0.305927693154707,0.11616810423931,0.131033217104056
163273.411807,2555866.126422,0.0603337612323492,0.229231615624427,0.0770218228498075,0.0885750962772786,0.0959105079772602,0.448927196038878
163773.411807,2555866.126422,0.0841121495327103,0.256001466006964,0,0.0175920835623969,0.121861828843687,0.520432472054242
164273.411807,2555866.126422,0.0890071572765645,0.217287575701964,0,0.193246467241696,0.208845659754083,0.291613140025693
164773.411807,2555866.126422,0.0298918026774253,0.368604437924078,0,0.00421786172748946,0.00605171465248487,0.591234183018522
165273.411807,2555866.126422,0.0128275609309144,0.366318490012828,0,0.00696353307678211,0.0295033901411032,0.584387025838373
165773.411807,2555866.126422,0.019086070838686,0.438796109377868,0,0.0308313452009543,0.0508350155991925,0.4604514589833
166273.411807,2555866.126422,0.0374105996699065,0.50412616908124,0,0.0473134054648817,0.0649183935448377,0.346231432239134
166773.411807,2555866.126422,0.00164925783397471,0.538391057357522,0,0.0199743448781382,0.0808136338647609,0.359171706065604
167273.411807,2555866.126422,0.0368875022939989,0.289777940906588,0.176729675169756,0.0478986970086254,0.00605615709304459,0.442650027527987
167773.411807,2555866.126422,0.00953603520997616,0.19182101595452,0.367137355584082,0.123601687144691,0.0203557674674491,0.287548138639281
168273.411807,2555866.126422,0.0648708081363387,0.355140186915888,0.000916254352208173,0.00678028220634048,0.030602895363753,0.541689573025472
168773.411807,2555866.126422,0.0853367590383557,0.250504679757754,0,0.0994677922554597,0.111396586529638,0.453294182418792
169273.411807,2555866.126422,0.0632679259123418,0.364203190904089,0,0.0726205758298184,0.0808729139922978,0.419035393361452
169773.411807,2555866.126422,0.0599230346344145,0.220084295400403,0,0.0930914421843504,0.134322888033718,0.492578339747114
170273.411807,2555866.126422,0.0321159845843274,0.271425949715544,0,0.0455129381537897,0.117636263534593,0.533308864011745
170773.411807,2555866.126422,0.0557491289198606,0.143407298734641,0,0.226847606821933,0.198973042362003,0.375022923161562
171273.411807,2555866.126422,0.0426974528129009,0.194429173538574,0,0.167491295583654,0.155763239875389,0.439618838189481
171773.411807,2555866.126422,0.0521196549825656,0.15782712424298,0,0.300055055973573,0.185905670765278,0.304092494035603
172273.411807,2555866.126422,0.026407482119934,0.501375389693747,0,0.0729873464148175,0.0603337612323492,0.338896020539153
172773.411807,2555866.126422,0.013560564412681,0.527396005131024,0,0.0617555433388309,0.0225398570643211,0.374748030053143
160773.411807,2555366.126422,0.392307692307692,0.194139194139194,0,0.0157509157509158,0.0428571428571429,0.354945054945055
161273.411807,2555366.126422,0.224036697247706,0.12605504587156,0,0.016697247706422,0.0456880733944954,0.587522935779817
161773.411807,2555366.126422,0.211520821867547,0.132269308383783,0,0.0403595670519171,0.0950284351495139,0.520821867547239
162273.411807,2555366.126422,0.0782051282051282,0.147252747252747,0.00128205128205128,0.218498168498168,0.231318681318681,0.323443223443223
162773.411807,2555366.126422,0.0480733944954128,0.317064220183486,0.0121100917431193,0.122935779816514,0.0972477064220184,0.40256880733945
163273.411807,2555366.126422,0.0332049165290772,0.307099614749587,0.0563199412951752,0.117226197028068,0.0508163639699138,0.435332966428178
163773.411807,2555366.126422,0.0875457875457875,0.256043956043956,0.0485347985347985,0.0531135531135531,0.0232600732600733,0.531501831501832
164273.411807,2555366.126422,0.0110091743119266,0.541651376146789,0,0,0.00605504587155963,0.441284403669725
164773.411807,2555366.126422,0.0132085855806274,0.455329297376628,0,0.0119244175380664,0.0249495505411851,0.494588148963493
165273.411807,2555366.126422,0.0032967032967033,0.688461538461538,0,0,0.00842490842490842,0.29981684981685
165773.411807,2555366.126422,0,0.594678899082569,0,0.00348623853211009,0.0244036697247706,0.37743119266055
166273.411807,2555366.126422,0.0396257567418822,0.44799119427628,0.0720968629609246,0.0214639515685195,0.002568336085122,0.416253898367272
166773.411807,2555366.126422,0.00970695970695971,0.147619047619048,0.462087912087912,0.0694139194139194,0.0298534798534799,0.281318681318681
167273.411807,2555366.126422,0.0128440366972477,0.363853211009174,0.163119266055046,0.0561467889908257,0.0790825688073395,0.324954128440367
167773.411807,2555366.126422,0.0506329113924051,0.288937809576225,0.0132085855806274,0.0493487433498441,0.13832324344157,0.459548706659329
168273.411807,2555366.126422,0.0620879120879121,0.302564102564103,0.0278388278388278,0.0516483516483516,0.0694139194139194,0.486446886446886
168773.411807,2555366.126422,0.0647706422018349,0.395596330275229,0,0.125137614678899,0.0811009174311927,0.333394495412844
169273.411807,2555366.126422,0.0535681526325445,0.0682443588332416,0,0.521739130434783,0.2652724270776,0.0911759310218309
169773.411807,2555366.126422,0.0655677655677656,0.315018315018315,0,0.138095238095238,0.139194139194139,0.342124542124542
170273.411807,2555366.126422,0.0721100917431193,0.275229357798165,0,0.160550458715596,0.0831192660550459,0.408990825688073
170773.411807,2555366.126422,0.124747752705926,0.155751238304898,0,0.109337736195194,0.19262520638415,0.417538066409833
171273.411807,2555366.126422,0.0547619047619048,0.353296703296703,0,0.0941391941391941,0.102564102564103,0.395238095238095
171773.411807,2555366.126422,0.0251376146788991,0.330642201834862,0,0.101100917431193,0.128990825688073,0.414128440366972
172273.411807,2555366.126422,0.0526508897450009,0.277196844615667,0,0.190607228031554,0.197211520821868,0.282333516785911
172773.411807,2555366.126422,0.0600732600732601,0.417582417582418,0,0.0272893772893773,0.0989010989010989,0.396153846153846
160773.411807,2554866.126422,0.0667400073340667,0.0843417675100843,0.00605060506050605,0.285661899523286,0.184635130179685,0.372570590392373
161273.411807,2554866.126422,0.0428571428571429,0.173992673992674,0,0.102380952380952,0.104029304029304,0.576739926739927
161773.411807,2554866.126422,0.023992673992674,0.146336996336996,0,0.00476190476190476,0.0490842490842491,0.775824175824176
162273.411807,2554866.126422,0.0256692335900257,0.293546021268794,0,0.000916758342500917,0.0245691235790246,0.655298863219655
162773.411807,2554866.126422,0.010989010989011,0.237728937728938,0.0221611721611722,0.030952380952381,0.0717948717948718,0.626373626373626
163273.411807,2554866.126422,0.00695970695970696,0.121978021978022,0.0183150183150183,0.0906593406593407,0.0813186813186813,0.680769230769231
163773.411807,2554866.126422,0.0223689035570224,0.305830583058306,0.017968463513018,0.0663733039970664,0.0410707737440411,0.546387972130546
164273.411807,2554866.126422,0,0.435531135531136,0,0.0208791208791209,0.0393772893772894,0.504212454212454
164773.411807,2554866.126422,0.0347985347985348,0.371245421245421,0.0043956043956044,0.00311355311355311,0.0293040293040293,0.557142857142857
165273.411807,2554866.126422,0.0282361569490282,0.472863953061973,0.0372203887055372,0.00825082508250825,0.0339200586725339,0.41950861752842
165773.411807,2554866.126422,0.0249084249084249,0.135347985347985,0.366117216117216,0.124908424908425,0.00494505494505494,0.343772893772894
166273.411807,2554866.126422,0.0188644688644689,0.157142857142857,0.307142857142857,0.108608058608059,0.0857142857142857,0.322527472527473
166773.411807,2554866.126422,0.0676567656765677,0.532086541987532,0,0.0586725339200587,0.106527319398607,0.235056839017235
167273.411807,2554866.126422,0.058974358974359,0.537545787545788,0,0.0426739926739927,0.0818681318681319,0.278937728937729
167773.411807,2554866.126422,0.0265567765567766,0.383882783882784,0,0.0315018315018315,0.0406593406593407,0.517399267399267
168273.411807,2554866.126422,0.0436376971030436,0.524385771910524,0,0.0119178584525119,0.0209020902090209,0.399156582324899
168773.411807,2554866.126422,0.0619047619047619,0.295054945054945,0,0.211172161172161,0.115384615384615,0.316483516483516
169273.411807,2554866.126422,0.0743589743589744,0.146520146520147,0,0.213186813186813,0.162637362637363,0.403296703296703
169773.411807,2554866.126422,0.0456545654565457,0.196186285295196,0,0.0724239090575724,0.128529519618629,0.557205720572057
170273.411807,2554866.126422,0.0445054945054945,0.254212454212454,0,0.11043956043956,0.0974358974358974,0.493406593406593
170773.411807,2554866.126422,0.0415750915750916,0.307509157509158,0,0.0840659340659341,0.104395604395604,0.462454212454212
171273.411807,2554866.126422,0.0423542354235424,0.1002933626696,0,0.558489182251559,0.181151448478181,0.117711771177118
171773.411807,2554866.126422,0.0467032967032967,0.119413919413919,0,0.419413919413919,0.192490842490843,0.221978021978022
172273.411807,2554866.126422,0.123443223443223,0.0575091575091575,0.0267399267399267,0.445604395604396,0.205677655677656,0.141025641025641
172773.411807,2554866.126422,0.105060506050605,0.0753575357535754,0.0390539053905391,0.198569856985699,0.0746241290795746,0.507334066740007
160773.411807,2554366.126422,0.0274876305662452,0.112882536192047,0.159978009895547,0.127359354956936,0.0278541323071285,0.544438336082096
161273.411807,2554366.126422,0.0912093962194898,0.149935768030831,0.1036887502294,0.0886401174527436,0.0517526151587447,0.514773352908791
161773.411807,2554366.126422,0.0412616908123968,0.210709701081973,0.195121951219512,0.0441958554923895,0.0304419585549239,0.478268842838804
162273.411807,2554366.126422,0.00311526479750779,0.303280190580905,0.21183800623053,0.118013560564413,0.0478284771852666,0.315924500641378
162773.411807,2554366.126422,0.0205542301339695,0.306478252890439,0.271976509451275,0.0776289227381171,0.0453294182418792,0.27803266654432
163273.411807,2554366.126422,0.00330093526499175,0.254722171281863,0.269026224096827,0.17604988079956,0.0436456996148909,0.253255088941867
163773.411807,2554366.126422,0.0443467106468756,0.112332783580722,0.411581455011911,0.105735752244823,0.0111783030969397,0.314824995418728
164273.411807,2554366.126422,0.00165167920719398,0.122040741420444,0.327216002936319,0.24481556248853,0.028629106258029,0.275646907689484
164773.411807,2554366.126422,0.039611223179901,0.14799193104713,0.396662387676508,0.112781954887218,0.011186502842472,0.291766000366771
165273.411807,2554366.126422,0.0155763239875389,0.255818215136522,0.295033901411032,0.0465457210921752,0.15136521898479,0.235660619387942
165773.411807,2554366.126422,0.0282620664342081,0.273628188658469,0.0146815929528354,0.0609286107542668,0.0770783630023858,0.545421178197834
166273.411807,2554366.126422,0.129103245919677,0.456996148908858,0.0126535851824684,0.0493306436823767,0.0330093526499175,0.318907023656703
166773.411807,2554366.126422,0.0619387942092725,0.508154663734653,0,0.0828293934396188,0.0674363203225215,0.279640828293934
167273.411807,2554366.126422,0.0363369425582676,0.335841438796109,0,0.0853367590383557,0.0919434758671316,0.450541383740136
167773.411807,2554366.126422,0.0335595085274161,0.404914725838988,0,0.0311754997249221,0.081606455162296,0.448743810746378
168273.411807,2554366.126422,0.0733003481766538,0.341762873373649,0,0.0998717243906908,0.101520982224666,0.383544071834341
168773.411807,2554366.126422,0.0550559735731327,0.159295283538264,0,0.258579555881813,0.117819783446504,0.409249403560286
169273.411807,2554366.126422,0.028791490922428,0.168714469099578,0,0.497707683843756,0.164863377957088,0.13992297817715
169773.411807,2554366.126422,0.0668865677111966,0.22649807586586,0.000366501740883269,0.222649807586586,0.145501191130658,0.338097855964816
170273.411807,2554366.126422,0.0811158010644155,0.198201504863278,0,0.115617544503579,0.105523949348504,0.499541200220224
170773.411807,2554366.126422,0.0515312671923712,0.247570144874381,0,0.129836787089675,0.131670640014671,0.439391160828902
171273.411807,2554366.126422,0.0579072750595565,0.0683525746747297,0.000183250870441635,0.524280740333517,0.205790727505956,0.1434854315558
171773.411807,2554366.126422,0.0943292347219673,0.136355294549459,0,0.310515690952468,0.20334006239677,0.255459717379336
172273.411807,2554366.126422,0.0539152759948652,0.13992297817715,0.0643682376673391,0.369704749679076,0.108930863744728,0.263157894736842
172773.411807,2554366.126422,0.0527762506871908,0.120029320139271,0.0364669232178853,0.449147883452446,0.139087410665201,0.202492211838006
160773.411807,2553866.126422,0.00989010989010989,0.461355311355311,0.237728937728938,0.0752747252747253,0.0818681318681319,0.133882783882784
161273.411807,2553866.126422,0.0177981651376147,0.309357798165138,0.155045871559633,0.113761467889908,0.146788990825688,0.257247706422018
161773.411807,2553866.126422,0.0176114474408365,0.376444689047881,0.133736929003853,0.0434782608695652,0.113924050632911,0.314804623004953
162273.411807,2553866.126422,0.138278388278388,0.235531135531136,0.0498168498168498,0.0216117216117216,0.0666666666666667,0.488095238095238
162773.411807,2553866.126422,0.0313761467889908,0.279816513761468,0.0073394495412844,0.028256880733945,0.0777981651376147,0.575412844036697
163273.411807,2553866.126422,0.0172445422858191,0.32104201064025,0.0130251330031187,0.0359567051917079,0.0599889928453495,0.552742616033755
163773.411807,2553866.126422,0.0265567765567766,0.487362637362637,0.00586080586080586,0.00769230769230769,0.0595238095238095,0.413003663003663
164273.411807,2553866.126422,0.111009174311927,0.292110091743119,0,0.0242201834862385,0.055045871559633,0.517614678899083
164773.411807,2553866.126422,0.0772335351311686,0.352045496239222,0,0.00862227114290956,0.0299027701339204,0.532195927352779
165273.411807,2553866.126422,0.0534798534798535,0.237728937728938,0.000183150183150183,0.00659340659340659,0.0529304029304029,0.649084249084249
165773.411807,2553866.126422,0.0269724770642202,0.291926605504587,0.0732110091743119,0.0526605504587156,0.0772477064220184,0.477981651376147
166273.411807,2553866.126422,0.123280132085856,0.163272793982755,0.106585947532563,0.104567969179967,0.0999816547422491,0.40231150247661
166773.411807,2553866.126422,0.0386446886446886,0.273076923076923,0,0.14010989010989,0.117399267399267,0.430769230769231
167273.411807,2553866.126422,0.0055045871559633,0.248807339449541,0,0.278715596330275,0.0748623853211009,0.392110091743119
167773.411807,2553866.126422,0.0390753990093561,0.341038341588699,0,0.114474408365438,0.084021280498991,0.421390570537516
168273.411807,2553866.126422,0.0626373626373626,0.222161172161172,0,0.145421245421245,0.0924908424908425,0.477289377289377
168773.411807,2553866.126422,0.0612844036697248,0.152844036697248,0,0.234128440366972,0.184587155963303,0.367155963302752
169273.411807,2553866.126422,0.0922766464868831,0.0748486516235553,0,0.398458998348927,0.182168409466153,0.252247294074482
169773.411807,2553866.126422,0.0208791208791209,0.341391941391941,0,0.0428571428571429,0.0657509157509158,0.529120879120879
170273.411807,2553866.126422,0.0326605504587156,0.132844036697248,0,0.361834862385321,0.121100917431193,0.351559633027523
170773.411807,2553866.126422,0.0535681526325445,0.242707760044029,0,0.25389836727206,0.134470739313887,0.315354980737479
171273.411807,2553866.126422,0.0421245421245421,0.215201465201465,0,0.138278388278388,0.136813186813187,0.467582417582418
171773.411807,2553866.126422,0.0370642201834862,0.218348623853211,0.00311926605504587,0.437064220183486,0.0739449541284404,0.23045871559633
172273.411807,2553866.126422,0.0339387268391121,0.319024032287654,0.10420106402495,0.2168409466153,0.0792515134837644,0.24674371674922
172773.411807,2553866.126422,0.0543956043956044,0.178571428571429,0.145970695970696,0.215567765567766,0.0831501831501831,0.322344322344322
160773.411807,2553366.126422,0.0337367070040337,0.423725705903924,0,0.246791345801247,0.142830949761643,0.152915291529153
161273.411807,2553366.126422,0.0417582417582418,0.546886446886447,0,0.130769230769231,0.116666666666667,0.163919413919414
161773.411807,2553366.126422,0.0529304029304029,0.310805860805861,0,0.283516483516484,0.12985347985348,0.222893772893773
162273.411807,2553366.126422,0.0504217088375504,0.310781078107811,0,0.261459479281261,0.155298863219655,0.222038870553722
162773.411807,2553366.126422,0.045970695970696,0.322527472527473,0.000183150183150183,0.0906593406593407,0.169230769230769,0.371428571428571
163273.411807,2553366.126422,0.0820512820512821,0.185164835164835,0,0.010989010989011,0.0289377289377289,0.692857142857143
163773.411807,2553366.126422,0.0297029702970297,0.371103777044371,0,0,0.00128346167950128,0.597909790979098
164273.411807,2553366.126422,0.0873626373626374,0.190842490842491,0.00677655677655678,0.03003663003663,0.0391941391941392,0.645787545787546
164773.411807,2553366.126422,0.0620879120879121,0.314652014652015,0.0573260073260073,0.0135531135531136,0.0283882783882784,0.523992673992674
165273.411807,2553366.126422,0.0317198386505317,0.181701503483682,0.301246791345801,0.026952695269527,0.0583058305830583,0.4000733406674
165773.411807,2553366.126422,0.0194139194139194,0.212637362637363,0.255860805860806,0.106593406593407,0.165201465201465,0.24029304029304
166273.411807,2553366.126422,0.0536630036630037,0.203846153846154,0.0278388278388278,0.115567765567766,0.0844322344322344,0.514652014652015
166773.411807,2553366.126422,0.00568390172350568,0.134763476347635,0,0.629079574624129,0.167766776677668,0.0627062706270627
167273.411807,2553366.126422,0.0683150183150183,0.168864468864469,0.000732600732600733,0.220512820512821,0.108424908424908,0.433150183150183
167773.411807,2553366.126422,0.0472527472527473,0.245970695970696,0,0.171428571428571,0.18003663003663,0.355311355311355
168273.411807,2553366.126422,0.0537220388705537,0.253575357535754,0,0.103777044371104,0.161899523285662,0.427026035936927
168773.411807,2553366.126422,0.0772893772893773,0.178571428571429,0,0.200549450549451,0.179487179487179,0.364102564102564
169273.411807,2553366.126422,0.0879120879120879,0.089010989010989,0,0.401465201465201,0.173260073260073,0.248351648351648
169773.411807,2553366.126422,0.0597726439310598,0.112577924459113,0,0.171067106710671,0.18041804180418,0.476164283094976
170273.411807,2553366.126422,0.0355311355311355,0.0554945054945055,0,0.532600732600733,0.181684981684982,0.194688644688645
170773.411807,2553366.126422,0.0532967032967033,0.298901098901099,0,0.0815018315018315,0.0813186813186813,0.484981684981685
171273.411807,2553366.126422,0.0925925925925926,0.245507884121746,0.000733406674000733,0.13971397139714,0.121562156215622,0.3998899889989
171773.411807,2553366.126422,0.173076923076923,0.322893772893773,0,0.091025641025641,0.0481684981684982,0.364835164835165
172273.411807,2553366.126422,0.157875457875458,0.186080586080586,0,0.0408424908424908,0.0659340659340659,0.549267399267399
172773.411807,2553366.126422,0.0982764943160983,0.248258159149248,0,0.11001100110011,0.0997433076640997,0.443711037770444
160773.411807,2552866.126422,0.0465457210921752,0.418728238959135,0.0423309510720176,0.162360271211288,0.137804654572109,0.192230163093275
161273.411807,2552866.126422,0.0869884382455496,0.318590567076528,0,0.150669847678473,0.114883464855937,0.328867682143513
161773.411807,2552866.126422,0.0526315789473684,0.503209242618742,0,0.0313588850174216,0.046396479002384,0.366403814414084
162273.411807,2552866.126422,0.0828293934396188,0.36998350742166,0.0309693971046362,0.194795675279458,0.122411581455012,0.199010445299615
162773.411807,2552866.126422,0.0636814094329235,0.268673151036887,0.00642319691686548,0.118370343182235,0.117269223710773,0.425582675720316
163273.411807,2552866.126422,0.0579497524298551,0.307537135521731,0.0172382174949569,0.061617458279846,0.0812396845772969,0.474417751696314
163773.411807,2552866.126422,0.119479567527946,0.193696170056808,0,0.105002748763057,0.10536925050394,0.47645226314825
164273.411807,2552866.126422,0.09543035419343,0.25325747843641,0,0.0108276748027161,0.0737750045879978,0.566709487979446
164773.411807,2552866.126422,0.0711534934898221,0.28388043278929,0,0.00330093526499175,0.0632679259123418,0.578397212543554
165273.411807,2552866.126422,0.0540590067802822,0.176287337364852,0.0047645226314825,0.0181418361737218,0.0243723657687374,0.722374931280924
165773.411807,2552866.126422,0.105890989172325,0.20334006239677,0.0873554780693705,0.0735914846760874,0.129565057808772,0.400256927876675
166273.411807,2552866.126422,0.0066018705299835,0.0953603520997616,0.0221896203924445,0.458096460663855,0.147441775169631,0.270309921144324
166773.411807,2552866.126422,0.0130108118013561,0.100421477002016,0,0.496976360637713,0.130657870624885,0.25893347993403
167273.411807,2552866.126422,0.0242246283721784,0.26977427050835,0,0.175261515874472,0.12883097816113,0.401908607083869
167773.411807,2552866.126422,0.0586832935998533,0.245736291949386,0,0.0753713552173116,0.121951219512195,0.498257839721254
168273.411807,2552866.126422,0.0919919369617006,0.189847901777533,0,0.108851017042331,0.129558365402236,0.479750778816199
168773.411807,2552866.126422,0.092126995779042,0.0835015599192512,0.0260598274912828,0.259864195265186,0.0998348320792806,0.438612589465957
169273.411807,2552866.126422,0.0814230698697964,0.0166880616174583,0,0.716853108380708,0.103796075554741,0.0812396845772969
169773.411807,2552866.126422,0.0758658603628367,0.13120762323621,0,0.129741616272677,0.148982957669049,0.514201942459227
170273.411807,2552866.126422,0.0890071572765645,0.077995962561938,0,0.269040190860708,0.167737199486144,0.396219489814645
170773.411807,2552866.126422,0.0529983495323675,0.132404181184669,0.00238400880249404,0.167064001467082,0.181734824867046,0.463414634146341
171273.411807,2552866.126422,0.117280557082646,0.21751878321422,0.000183250870441635,0.00549752611324904,0.0262048744731537,0.633315008246289
171773.411807,2552866.126422,0.198935584510919,0.140209212699578,0.142227931730593,0.0899247568361167,0.0728574050284456,0.355845109194348
172273.411807,2552866.126422,0.0194388410049514,0.193471483587016,0.254172015404365,0.0449293966623877,0.0618008435723455,0.426187419768935
172773.411807,2552866.126422,0.0951072017592084,0.12222833058457,0.0472787245739417,0.0342679127725857,0.137987905442551,0.563129924867143
160773.411807,2552366.126422,0.043956043956044,0.442307692307692,0,0.142307692307692,0.171978021978022,0.199450549450549
161273.411807,2552366.126422,0.0809174311926606,0.231926605504587,0.031743119266055,0.171743119266055,0.131743119266055,0.351926605504587
161773.411807,2552366.126422,0.130067877453678,0.276646486883141,0.0108237020730141,0.0649422124380847,0.0985140341221794,0.419005687029903
162273.411807,2552366.126422,0.0448717948717949,0.521794871794872,0.0934065934065934,0.0393772893772894,0.0335164835164835,0.267032967032967
162773.411807,2552366.126422,0.0295412844036697,0.347155963302752,0,0.0190825688073394,0.0722935779816514,0.531926605504587
163273.411807,2552366.126422,0.0654925701706109,0.221427261053018,0.0394423041643735,0.0798018712162906,0.118326912493121,0.475509080902587
163773.411807,2552366.126422,0.0534798534798535,0.126739926739927,0,0.448168498168498,0.227472527472527,0.144139194139194
164273.411807,2552366.126422,0.0840366972477064,0.180183486238532,0,0.226422018348624,0.173761467889908,0.335596330275229
164773.411807,2552366.126422,0.170427444505595,0.21537332599523,0,0.137956338286553,0.19684461566685,0.279398275545771
165273.411807,2552366.126422,0.0681318681318681,0.18040293040293,0.00274725274725275,0.22985347985348,0.113186813186813,0.405677655677656
165773.411807,2552366.126422,0.114311926605505,0.149724770642202,0.00513761467889908,0.372660550458716,0.132293577981651,0.225871559633028
