"x","y","forest","agri","water","built","other","grass"
166273.411807,2627366.126422,0,0.0216474041460283,0.153916712529811,0.808292056503394,0.0161438268207668,0
166773.411807,2627366.126422,0,0.045970695970696,0.803479853479854,0.143040293040293,0.00732600732600733,0.000183150183150183
167273.411807,2627366.126422,0,0.0427522935779817,0.881651376146789,0.0688073394495413,0.00587155963302752,0.000917431192660551
167773.411807,2627366.126422,0,0,0.902770133920382,0.09557879288204,0.00165107319757843,0
168273.411807,2627366.126422,0,0.0606227106227106,0.834615384615385,0.0996336996336996,0.00512820512820513,0
168773.411807,2627366.126422,0,0.0715596330275229,0.827155963302752,0.051743119266055,0.0181651376146789,0.0313761467889908
169273.411807,2627366.126422,0,0.0834709227664649,0.660245826453862,0.0541185103650706,0.0209135938359934,0.181251146578609
169773.411807,2627366.126422,0,0.0652014652014652,0.846336996336996,0.052014652014652,0.0227106227106227,0.0137362637362637
170273.411807,2627366.126422,0.00495412844036697,0.0906422018348624,0.476330275229358,0.121467889908257,0.0875229357798165,0.219082568807339
170773.411807,2627366.126422,0.0612731608879105,0.130618235186204,0.0110071546505228,0.0425609979820216,0.165657677490369,0.588882773802972
171273.411807,2627366.126422,0.221611721611722,0.0424908424908425,0,0.0954212454212454,0.287728937728938,0.352747252747253
171773.411807,2627366.126422,0.180550458715596,0.261467889908257,0,0.0174311926605505,0.0721100917431193,0.468440366972477
172273.411807,2627366.126422,0.210603558980004,0.301596037424326,0.00953953403045313,0.0168776371308017,0.0739313887360117,0.387451843698404
172773.411807,2627366.126422,0.107692307692308,0.102747252747253,0.03003663003663,0.100915750915751,0.117765567765568,0.540842490842491
173273.411807,2627366.126422,0.197363393198319,0.0771876194115399,0,0.173672143675965,0.19086740542606,0.360909438288116
166273.411807,2626866.126422,0,0.00476190476190476,0.400732600732601,0.587912087912088,0.00659340659340659,0
166773.411807,2626866.126422,0,0.0099009900990099,0.597909790979098,0.372020535386872,0.0201686835350202,0
167273.411807,2626866.126422,0,0.0106227106227106,0.566849816849817,0.413003663003663,0.00952380952380952,0
167773.411807,2626866.126422,0,0.0318681318681319,0.752747252747253,0.196703296703297,0.0141025641025641,0.00457875457875458
168273.411807,2626866.126422,0,0.0286028602860286,0.816464979831316,0.138247158049138,0.0163182984965163,0.000366703337000367
168773.411807,2626866.126422,0,0.00256410256410256,0.926373626373626,0.0688644688644689,0.00146520146520147,0.000732600732600733
169273.411807,2626866.126422,0.00293040293040293,0.0818681318681319,0.712637362637363,0.0998168498168498,0.0593406593406593,0.0434065934065934
169773.411807,2626866.126422,0,0.13017968463513,0.572057205720572,0.0403373670700403,0.0898423175650898,0.167583425009168
170273.411807,2626866.126422,0.0584249084249084,0.078021978021978,0.151282051282051,0.0326007326007326,0.0985347985347985,0.581135531135531
170773.411807,2626866.126422,0.134798534798535,0.203296703296703,0,0.0153846153846154,0.0659340659340659,0.580586080586081
171273.411807,2626866.126422,0.0874587458745875,0.311147781444811,0.00421708837550422,0.00751741840850752,0.0427209387605427,0.546938027136047
171773.411807,2626866.126422,0.119413919413919,0.279304029304029,0,0.0164835164835165,0.0668498168498168,0.517948717948718
172273.411807,2626866.126422,0.154578754578755,0.345604395604396,0,0.0186813186813187,0.0684981684981685,0.412637362637363
172773.411807,2626866.126422,0.131096442977631,0.171983865053172,0.0594059405940594,0.0282361569490282,0.111294462779611,0.497983131646498
173273.411807,2626866.126422,0.126478443342236,0.270698206791301,0,0.0642884395268981,0.122663105684853,0.415871804654712
166273.411807,2626366.126422,0,0.0298918026774253,0.491289198606272,0.441408399046397,0.026407482119934,0.0110031175499725
166773.411807,2626366.126422,0,0.0423309510720176,0.74326553051127,0.184167124793843,0.0141103170240059,0.0161260765988638
167273.411807,2626366.126422,0,0.028629106258029,0.359515507432556,0.578638282253625,0.00642319691686548,0.0267939071389246
167773.411807,2626366.126422,0,0.0768384375573079,0.54392077755364,0.334128002934165,0.0271410232899321,0.0179717586649551
168273.411807,2626366.126422,0,0.00659703133589885,0.83965548836357,0.147883452446399,0.00549752611324904,0.000366501740883269
168773.411807,2626366.126422,0,0.019086070838686,0.873921820517526,0.0989172325197284,0.00605615709304459,0.00201871903101487
169273.411807,2626366.126422,0.000183385292499542,0.055198973042362,0.774069319640565,0.0476801760498808,0.0253071703649367,0.0975609756097561
169773.411807,2626366.126422,0.00293201392706615,0.0714678394722375,0.750595565328935,0.0941909474070002,0.0447132123877588,0.036100421477002
170273.411807,2626366.126422,0.112681225913012,0.0379886217654616,0.0807487612405946,0.20334006239677,0.118186823270325,0.447054505413837
170773.411807,2626366.126422,0.0942600403447643,0.182468366037044,0.00293416467999266,0.0540986612873648,0.134604804694663,0.531633962956171
171273.411807,2626366.126422,0.113798790544255,0.29595015576324,0.00128275609309144,0.0320689023272861,0.0676195711929632,0.489279824079164
171773.411807,2626366.126422,0.164800880895577,0.245549642136172,0,0.0126628739218205,0.0557900532207745,0.521196549825656
172273.411807,2626366.126422,0.17604988079956,0.207041995231982,0,0.0159545204474601,0.0880249403997799,0.512928663121218
172773.411807,2626366.126422,0.183067619571193,0.12662635147517,0,0.100238226131574,0.159611508154664,0.4304562946674
173273.411807,2626366.126422,0.0896235429008217,0.237913242881712,0.0311484807949551,0.0768201796292757,0.130517867380088,0.433976686413147
165273.411807,2625866.126422,0,0.0747252747252747,0.291758241758242,0.446886446886447,0.0478021978021978,0.138827838827839
165773.411807,2625866.126422,0.00458715596330275,0.0427522935779817,0.405688073394495,0.248256880733945,0.0409174311926606,0.257798165137615
166273.411807,2625866.126422,0.028251696936342,0.0458631443771785,0.66336452027151,0.0787011557512383,0.0111906072280316,0.1726288754357
166773.411807,2625866.126422,0.0360805860805861,0.0388278388278388,0.668864468864469,0.067032967032967,0.0100732600732601,0.179120879120879
167273.411807,2625866.126422,0.0146788990825688,0.0638532110091743,0.651376146788991,0.0559633027522936,0.00587155963302752,0.208256880733945
167773.411807,2625866.126422,0.0139423958906623,0.064758759860576,0.742799486332783,0.0764997248211337,0.0078884608328747,0.0941111722619703
168273.411807,2625866.126422,0,0.0467032967032967,0.867216117216117,0.0730769230769231,0.00659340659340659,0.00641025641025641
168773.411807,2625866.126422,0,0.0803669724770642,0.713211009174312,0.158899082568807,0.0161467889908257,0.0313761467889908
169273.411807,2625866.126422,0,0.0533847000550358,0.749587231700605,0.123647037240873,0.0427444505595304,0.0306365804439552
169773.411807,2625866.126422,0.0128205128205128,0.108791208791209,0.528937728937729,0.0672161172161172,0.0858974358974359,0.196336996336996
170273.411807,2625866.126422,0.0528440366972477,0.100366972477064,0.0812844036697248,0.211743119266055,0.149357798165138,0.404403669724771
170773.411807,2625866.126422,0.135021097046413,0.227848101265823,0.062190423775454,0.0368739680792515,0.0603558980003669,0.477710511832691
171273.411807,2625866.126422,0.0813186813186813,0.259157509157509,0.0115384615384615,0.05,0.109340659340659,0.488644688644689
171773.411807,2625866.126422,0.0579816513761468,0.319266055045872,0,0.0535779816513761,0.0667889908256881,0.502385321100917
172273.411807,2625866.126422,0.116125481563016,0.420289855072464,0,0.078884608328747,0.0862227114290956,0.298477343606678
172773.411807,2625866.126422,0.108058608058608,0.367765567765568,0,0.0456043956043956,0.0481684981684982,0.43040293040293
173273.411807,2625866.126422,0.0987772258311043,0.431027894535728,0,0.0133740924722965,0.0374474589224303,0.419373328238441
164773.411807,2625366.126422,0.0575091575091575,0.218681318681319,0,0.191758241758242,0.21996336996337,0.312087912087912
165773.411807,2625366.126422,0,0.143040293040293,0.628937728937729,0.0752747252747253,0.034981684981685,0.117765567765568
166273.411807,2625366.126422,0,0.0419413919413919,0.90018315018315,0.0489010989010989,0.00128205128205128,0.00769230769230769
166773.411807,2625366.126422,0,0.0408874220755409,0.902456912357902,0.0390539053905391,0.000916758342500917,0.0166850018335167
167273.411807,2625366.126422,0,0.021978021978022,0.947802197802198,0.0289377289377289,0.00128205128205128,0
167773.411807,2625366.126422,0,0.0694139194139194,0.911538461538462,0.0159340659340659,0.00146520146520147,0.00164835164835165
168273.411807,2625366.126422,0.00165016501650165,0.0388705537220389,0.905940594059406,0.048038137147048,0.00421708837550422,0.00128346167950128
168773.411807,2625366.126422,0.00201465201465201,0.0983516483516483,0.783882783882784,0.065018315018315,0.0245421245421245,0.0261904761904762
169273.411807,2625366.126422,0.000915750915750916,0.12014652014652,0.69047619047619,0.0619047619047619,0.0653846153846154,0.0611721611721612
169773.411807,2625366.126422,0.0304363769710304,0.125779244591126,0.295929592959296,0.074990832416575,0.132929959662633,0.33993399339934
170273.411807,2625366.126422,0.0274725274725275,0.344688644688645,0.0032967032967033,0.00586080586080586,0.0225274725274725,0.596153846153846
170773.411807,2625366.126422,0.0527472527472527,0.335531135531136,0.000183150183150183,0.0941391941391941,0.141575091575092,0.375824175824176
171273.411807,2625366.126422,0.0537220388705537,0.224422442244224,0.026952695269527,0.158965896589659,0.197653098643198,0.338283828382838
171773.411807,2625366.126422,0.0421245421245421,0.493040293040293,0.0117216117216117,0.00879120879120879,0.102747252747253,0.341575091575092
172273.411807,2625366.126422,0.0906593406593407,0.264835164835165,0.00622710622710623,0.0571428571428571,0.1503663003663,0.430769230769231
172773.411807,2625366.126422,0.0786578657865787,0.468280161349468,0.0322698936560323,0.0297029702970297,0.0894756142280895,0.301613494682802
173273.411807,2625366.126422,0.125143075162152,0.377718428080885,0.0192674551697825,0.0295688668447158,0.0702022128958413,0.378099961846623
165773.411807,2624866.126422,0,0.133235456046981,0.422095797394017,0.169388878693338,0.0946962745457882,0.180583593319875
166273.411807,2624866.126422,0,0.0289748762149276,0.949569044562626,0.0205391527599487,0.000916926462497708,0
166773.411807,2624866.126422,0,0.0425142019424592,0.687740516767455,0.266996518233462,0.00256551218618288,0.000183250870441635
167273.411807,2624866.126422,0,0.0211047898697009,0.802716094696275,0.174710956138741,0.00146815929528354,0
167773.411807,2624866.126422,0,0.0441958554923895,0.883733724555291,0.0584999083073537,0.00476801760498808,0.00880249403997799
168273.411807,2624866.126422,0.000183250870441635,0.0291368884002199,0.875389408099688,0.0806303829943192,0.0133773135422393,0.00128275609309144
168773.411807,2624866.126422,0.000917599559552211,0.068452927142595,0.783262984033768,0.0926775555147734,0.0214718296935217,0.0332171040557901
169273.411807,2624866.126422,0.0225563909774436,0.0902255639097744,0.362552723271594,0.16798092792958,0.119017054832202,0.237667339079406
169773.411807,2624866.126422,0.0555250137438153,0.0425142019424592,0.0221733553234378,0.270111783030969,0.188198643943559,0.42147700201576
170273.411807,2624866.126422,0.111029546705818,0.184621031381905,0,0.0563406129565058,0.128280418425399,0.519728390530373
170773.411807,2624866.126422,0.0471300201723822,0.375573079039061,0,0.0144874381074638,0.0546488171648634,0.50816064551623
171273.411807,2624866.126422,0.0692688290269379,0.346893897746014,0.000549752611324904,0.0395821880153931,0.112332783580722,0.431372549019608
171773.411807,2624866.126422,0.0590934116351624,0.482106808588732,0,0.00385391815011929,0.0739585244999082,0.380987337126078
172273.411807,2624866.126422,0.0427287731523932,0.431505593251421,0,0.00733541169998166,0.0192554557124519,0.499174766183752
172773.411807,2624866.126422,0.0905259299981675,0.240241891148983,0,0.0498442367601246,0.172439069085578,0.446948873007147
173273.411807,2624866.126422,0.0693674756353908,0.416587043760749,0,0.00611503917446971,0.0622969615899102,0.44563347983948
164273.411807,2624366.126422,0.033394495412844,0.413211009174312,0,0.0946788990825688,0.112477064220183,0.346238532110092
165773.411807,2624366.126422,0.00880733944954129,0.0757798165137615,0.410825688073394,0.227155963302752,0.0412844036697248,0.236146788990826
166273.411807,2624366.126422,0.0207301412584847,0.0858558062740782,0.613098514034122,0.0577875619152449,0.0333883691065859,0.189139607411484
166773.411807,2624366.126422,0.00659340659340659,0.065018315018315,0.573626373626374,0.121794871794872,0.0291208791208791,0.203846153846154
167273.411807,2624366.126422,0.00330275229357798,0.112293577981651,0.569908256880734,0.156146788990826,0.0355963302752294,0.122752293577982
167773.411807,2624366.126422,0.000183452577508714,0.0667767382131719,0.728673637864612,0.15410016510732,0.0148596587782058,0.0354063474591818
168273.411807,2624366.126422,0.00164835164835165,0.0882783882783883,0.508791208791209,0.0380952380952381,0.0305860805860806,0.332600732600733
168773.411807,2624366.126422,0.00165137614678899,0.0853211009174312,0.218165137614679,0.063302752293578,0.0677064220183486,0.563853211009174
169273.411807,2624366.126422,0.0741148413135205,0.0599889928453495,0.145661346541919,0.273711245643001,0.140891579526692,0.305631994129518
169773.411807,2624366.126422,0.0587912087912088,0.0380952380952381,0.000732600732600733,0.442490842490842,0.233699633699634,0.226190476190476
170273.411807,2624366.126422,0.0798165137614679,0.140917431192661,0,0.0935779816513762,0.10697247706422,0.578715596330275
170773.411807,2624366.126422,0.0728306732709595,0.321592368372776,0,0.0225646670335718,0.063474591818015,0.519537699504678
171273.411807,2624366.126422,0.0705128205128205,0.267216117216117,0,0.000915750915750916,0.0227106227106227,0.638644688644689
171773.411807,2624366.126422,0.0700917431192661,0.341467889908257,0,0.0636697247706422,0.183119266055046,0.341651376146789
172273.411807,2624366.126422,0.102549990827371,0.28251696936342,0,0.0286186020913594,0.0963126031920749,0.490001834525775
172773.411807,2624366.126422,0.0734432234432234,0.185164835164835,0,0.189194139194139,0.292490842490843,0.25970695970696
173273.411807,2624366.126422,0.0657241115781429,0.261941153993122,0,0.0798624379059992,0.15189147879251,0.440580817730225
165773.411807,2623866.126422,0,0.0591575091575092,0.806410256410256,0.126923076923077,0.00457875457875458,0.00293040293040293
166273.411807,2623866.126422,0,0.0648351648351648,0.89047619047619,0.0172161172161172,0.00934065934065934,0.0181318681318681
166773.411807,2623866.126422,0,0.0374037403740374,0.931059772643931,0.024019068573524,0.00495049504950495,0.00256692335900257
167273.411807,2623866.126422,0.00183150183150183,0.107692307692308,0.585714285714286,0.185164835164835,0.0450549450549451,0.0745421245421245
167773.411807,2623866.126422,0,0.112271062271062,0.624725274725275,0.194139194139194,0.0179487179487179,0.0509157509157509
168273.411807,2623866.126422,0.0128346167950128,0.059039237257059,0.0826916024935827,0.449394939493949,0.143381004767143,0.252658599193253
168773.411807,2623866.126422,0.00989010989010989,0.0659340659340659,0.00732600732600733,0.197802197802198,0.130586080586081,0.588461538461538
169273.411807,2623866.126422,0.0470695970695971,0.102197802197802,0.0146520146520147,0.291941391941392,0.205128205128205,0.339010989010989
169773.411807,2623866.126422,0.0412541254125413,0.275027502750275,0,0.0458379171250458,0.121562156215622,0.516318298496516
170273.411807,2623866.126422,0.0565934065934066,0.314835164835165,0,0.00311355311355311,0.0478021978021978,0.577655677655678
170773.411807,2623866.126422,0.093040293040293,0.311538461538462,0,0.0021978021978022,0.0575091575091575,0.535714285714286
171273.411807,2623866.126422,0.135313531353135,0.318481848184819,0,0.0137513751375138,0.0357535753575358,0.496699669966997
171773.411807,2623866.126422,0.0763736263736264,0.51025641025641,0,0.03003663003663,0.0738095238095238,0.30952380952381
172273.411807,2623866.126422,0.071978021978022,0.517216117216117,0,0.01996336996337,0.0765567765567766,0.314285714285714
172773.411807,2623866.126422,0.204437110377704,0.225889255592226,0,0.0476714338100477,0.106160616061606,0.415841584158416
173273.411807,2623866.126422,0.103967951163678,0.373712323540633,0,0.0545593285005723,0.107401755055322,0.360358641739794
165773.411807,2623366.126422,0,0.0778124426500275,0.722884933015232,0.19086070838686,0.00679023674068636,0.00165167920719398
166273.411807,2623366.126422,0,0.046396479002384,0.848523748395379,0.100678525582248,0.00421786172748946,0.000183385292499542
166773.411807,2623366.126422,0,0.0412314458493678,0.907091808686091,0.0410481949789262,0.00366501740883269,0.00696353307678211
167273.411807,2623366.126422,0.0133969535694623,0.090475316571848,0.673334556799413,0.123141860891907,0.022389429253074,0.0772618829142962
167773.411807,2623366.126422,0.00458463231248854,0.117183201907207,0.245919677241885,0.297267559141757,0.094810196222263,0.240234733174399
168273.411807,2623366.126422,0.0137438152831226,0.0606560381161811,0.0249221183800623,0.105735752244823,0.155396738134506,0.639545537841305
168773.411807,2623366.126422,0.00495503762158194,0.0906588364837585,0.00367039823820885,0.0923105156909525,0.0666177280234905,0.741787483942008
169273.411807,2623366.126422,0.0493306436823767,0.190537318907024,0,0.0955437373922611,0.16394645149459,0.500641848523748
169773.411807,2623366.126422,0.0406816932380429,0.282756093091442,0.000183250870441635,0.0186915887850467,0.0701850833791461,0.587502290635881
170273.411807,2623366.126422,0.0552394934850431,0.259497155441365,0,0.060561570930446,0.143512571113966,0.48118920902918
170773.411807,2623366.126422,0.0348432055749129,0.201173665871997,0,0.0410783055198973,0.134971575279663,0.58793324775353
171273.411807,2623366.126422,0.0604727872457394,0.230346344145135,0,0.0615722924683892,0.126259849734286,0.52134872640645
171773.411807,2623366.126422,0.0869884382455496,0.223710772618829,0,0.0218388695173426,0.117085703798862,0.550376215819416
172273.411807,2623366.126422,0.068402714102329,0.334494773519164,0,0.0504309554373739,0.118283513662204,0.428388043278929
172773.411807,2623366.126422,0.0692688290269379,0.370350009162544,0.0168590800806304,0.0267546270844787,0.144951438519333,0.371816016126077
173273.411807,2623366.126422,0.0187273074718135,0.38161666348175,0.0105102235811198,0.0189184024460157,0.0896235429008217,0.480603860118479
165773.411807,2622866.126422,0,0.0594495412844037,0.695412844036697,0.220550458715596,0.00660550458715596,0.0179816513761468
166273.411807,2622866.126422,0,0.0335718216840947,0.433314988075582,0.527609612915061,0.000550357732526142,0.00495321959273528
166773.411807,2622866.126422,0.010989010989011,0.0692307692307692,0.385164835164835,0.521062271062271,0.00476190476190476,0.00879120879120879
167273.411807,2622866.126422,0,0.102201834862385,0.673211009174312,0.0174311926605505,0.0170642201834862,0.190091743119266
167773.411807,2622866.126422,0.00165107319757843,0.0418271876719868,0.201614382682077,0.0484314804623005,0.0365070629242341,0.669968813061824
168273.411807,2622866.126422,0.0186813186813187,0.0144688644688645,0.00695970695970696,0.0706959706959707,0.0802197802197802,0.808974358974359
168773.411807,2622866.126422,0.00403669724770642,0.15743119266055,0,0.0271559633027523,0.0636697247706422,0.747706422018349
169273.411807,2622866.126422,0.00605393505778756,0.26674004769767,0,0.00110071546505228,0.0453127866446524,0.680792515134838
169773.411807,2622866.126422,0.0351648351648352,0.287179487179487,0,0.00824175824175824,0.0663003663003663,0.603113553113553
170273.411807,2622866.126422,0.0308256880733945,0.144403669724771,0,0.191376146788991,0.181651376146789,0.451743119266055
170773.411807,2622866.126422,0.117409649605577,0.224362502293157,0,0.0616400660429279,0.113740598055403,0.482847184002935
171273.411807,2622866.126422,0.0437728937728938,0.241208791208791,0,0.0258241758241758,0.110622710622711,0.578571428571429
171773.411807,2622866.126422,0.00917431192660551,0.378715596330275,0,0.00990825688073394,0.0306422018348624,0.571559633027523
172273.411807,2622866.126422,0.0319207484865162,0.467253714914695,0.0220143093010457,0.0541185103650706,0.0966795083470923,0.328013208585581
172773.411807,2622866.126422,0.0516483516483516,0.232783882783883,0.01996336996337,0.0683150183150183,0.100549450549451,0.526739926739927
173273.411807,2622866.126422,0.0416507451280092,0.534199465036301,0.0292319449751624,0.019105846388995,0.0697363393198319,0.3060756591517
166773.411807,2622366.126422,0,0.0293362669600293,0.697836450311698,0.272827282728273,0,0
167273.411807,2622366.126422,0.00824175824175824,0.0483516483516484,0.397252747252747,0.187545787545788,0.058974358974359,0.2996336996337
167773.411807,2622366.126422,0.0406593406593407,0.0203296703296703,0,0.122344322344322,0.150915750915751,0.665750915750916
168273.411807,2622366.126422,0.0333700036670334,0.0218188485515218,0,0.211221122112211,0.203887055372204,0.52970297029703
168773.411807,2622366.126422,0.00476190476190476,0.11959706959707,0,0.0326007326007326,0.0752747252747253,0.767765567765568
169273.411807,2622366.126422,0.060989010989011,0.263186813186813,0,0.00146520146520147,0.0335164835164835,0.640842490842491
169773.411807,2622366.126422,0.0397873120645398,0.19013568023469,0,0.0383204987165383,0.102126879354602,0.62962962962963
170273.411807,2622366.126422,0.111721611721612,0.247802197802198,0,0.0635531135531135,0.135897435897436,0.441025641025641
170773.411807,2622366.126422,0.0445054945054945,0.364835164835165,0,0.0615384615384615,0.0549450549450549,0.474175824175824
171273.411807,2622366.126422,0.0386872020535387,0.391089108910891,0,0.00916758342500917,0.0407040704070407,0.52035203520352
171773.411807,2622366.126422,0.0302197802197802,0.324908424908425,0,0.0141025641025641,0.0379120879120879,0.592857142857143
172273.411807,2622366.126422,0.0518315018315018,0.375641025641026,0.0032967032967033,0.054029304029304,0.0895604395604396,0.425641025641026
172773.411807,2622366.126422,0.0410707737440411,0.287862119545288,0.000183351668500183,0.0493215988265493,0.166483314998166,0.455078841217455
173273.411807,2622366.126422,0.0682945440671499,0.433040824112934,0.0135444486837085,0.0251812285387257,0.132392216711179,0.327546737886303
166273.411807,2621866.126422,0.00476801760498808,0.114432422519714,0.600953603520998,0.10416284613974,0.0258573262424354,0.149825783972125
166773.411807,2621866.126422,0,0.0650540590067803,0.749312809235844,0.147700201575957,0.0236393622869709,0.0142935678944475
167273.411807,2621866.126422,0.0227564690768948,0.0798311616810424,0.452743622683061,0.220407414204441,0.084235639566893,0.140025692787667
167773.411807,2621866.126422,0.0421786172748946,0.0573995965523565,0.0313588850174216,0.361085640931597,0.173849257289565,0.334128002934165
168273.411807,2621866.126422,0.0558915154846986,0.0350009162543522,0.000183250870441635,0.470588235294118,0.261682242990654,0.176653839105736
168773.411807,2621866.126422,0.0431271792989539,0.0655166085520279,0.00201871903101487,0.168838318957607,0.11635162415122,0.604147550009176
169273.411807,2621866.126422,0.0405281496423987,0.173849257289565,0,0.13992297817715,0.19585549238951,0.449844122501375
169773.411807,2621866.126422,0.0520432472054242,0.279824079164376,0.000916254352208173,0.0408649441084845,0.115081546637347,0.511269928532161
170273.411807,2621866.126422,0.0853367590383557,0.188107909708203,0,0.0697375665259681,0.115434024591668,0.541383740135805
170773.411807,2621866.126422,0.0198056115899505,0.407482119933981,0.000183385292499542,0.0143040528149642,0.046396479002384,0.51182835136622
171273.411807,2621866.126422,0.0304196444933113,0.424775517683709,0,0.017042330951072,0.0485614806670332,0.479201026204874
171773.411807,2621866.126422,0.0383556615892824,0.203890622132501,0,0.0456964580657001,0.110846026793907,0.601211231418609
172273.411807,2621866.126422,0.0357601320374106,0.250687694846873,0.000366770584999083,0.1199339812947,0.182651751329543,0.410599669906474
172773.411807,2621866.126422,0.013560564412681,0.479567527945758,0,0.00623052959501558,0.0392156862745098,0.461425691772036
173273.411807,2621866.126422,0.0141410280909612,0.532772788075674,0,0.000573284922606535,0.0244601566978788,0.42805274221288
165773.411807,2621366.126422,0.0379816513761468,0.0974311926605505,0.635045871559633,0.0447706422018349,0.0297247706422018,0.155045871559633
166273.411807,2621366.126422,0.00330214639515685,0.147495872317006,0.486883140708127,0.068611263988259,0.0278847917813245,0.265822784810127
166773.411807,2621366.126422,0.00641025641025641,0.0648351648351648,0.682600732600733,0.0626373626373626,0.0360805860805861,0.147435897435897
167273.411807,2621366.126422,0.0302752293577982,0.0374311926605505,0.0840366972477064,0.0886238532110092,0.131009174311927,0.628623853211009
167773.411807,2621366.126422,0.0293524124013942,0.109154283617685,0.257017061089708,0.0893414052467437,0.0966795083470923,0.418455329297377
168273.411807,2621366.126422,0.0710622710622711,0.0657509157509158,0,0.0617216117216117,0.0736263736263736,0.727838827838828
168773.411807,2621366.126422,0.046605504587156,0.317247706422018,0,0.0225688073394495,0.075045871559633,0.538532110091743
169273.411807,2621366.126422,0.128049899101082,0.0944780774169877,0,0.0803522289488167,0.175013758943313,0.5221060355898
169773.411807,2621366.126422,0.080952380952381,0.112454212454212,0.00366300366300366,0.0655677655677656,0.143223443223443,0.594139194139194
170273.411807,2621366.126422,0.110091743119266,0.143119266055046,0,0.0124770642201835,0.068256880733945,0.66605504587156
170773.411807,2621366.126422,0.0412768299394606,0.279948633278298,0,0.0078884608328747,0.0546688680975968,0.61621720785177
171273.411807,2621366.126422,0.058974358974359,0.310622710622711,0,0.0271062271062271,0.0606227106227106,0.542673992673993
171773.411807,2621366.126422,0.105321100917431,0.251926605504587,0,0.00018348623853211,0.0194495412844037,0.623119266055046
172273.411807,2621366.126422,0.0832874701889562,0.330214639515685,0,0.0491652907723353,0.162905888827738,0.374426710695285
172773.411807,2621366.126422,0.041025641025641,0.328388278388278,0,0.00769230769230769,0.0565934065934066,0.566300366300366
173273.411807,2621366.126422,0.0248376003056935,0.405235001910585,0,0.00458540313335881,0.0586549484142148,0.506687046236148
165273.411807,2620866.126422,0.193802713604694,0.0621562156215622,0.307664099743308,0.241107444077741,0.0099009900990099,0.185368536853685
165773.411807,2620866.126422,0.00293040293040293,0.147252747252747,0.273626373626374,0.028021978021978,0.0208791208791209,0.527289377289377
166273.411807,2620866.126422,0.000183150183150183,0.158791208791209,0.575274725274725,0.0586080586080586,0.0593406593406593,0.147802197802198
166773.411807,2620866.126422,0.0377704437110378,0.0430876420975431,0.138613861386139,0.1001100110011,0.113494682801613,0.566923359002567
167273.411807,2620866.126422,0.0576923076923077,0.0351648351648352,0.0472527472527473,0.101831501831502,0.143223443223443,0.614835164835165
167773.411807,2620866.126422,0.0395604395604396,0.0967032967032967,0.249267399267399,0.0855311355311355,0.0644688644688645,0.464468864468864
168273.411807,2620866.126422,0.0352035203520352,0.121195452878621,0.0661899523285662,0.126696002933627,0.212504583791712,0.438210487715438
168773.411807,2620866.126422,0.0847985347985348,0.118131868131868,0,0.0360805860805861,0.0763736263736264,0.684615384615385
169273.411807,2620866.126422,0.0815018315018315,0.196153846153846,0,0.0597069597069597,0.116666666666667,0.545970695970696
169773.411807,2620866.126422,0.170883755042171,0.212137880454712,0,0.00421708837550422,0.037953795379538,0.574807480748075
170273.411807,2620866.126422,0.136630036630037,0.141208791208791,0,0.00457875457875458,0.0269230769230769,0.690659340659341
170773.411807,2620866.126422,0.0708791208791209,0.177838827838828,0,0.0761904761904762,0.12967032967033,0.545421245421245
171273.411807,2620866.126422,0.122845617895123,0.153648698203154,0.00751741840850752,0.107810781078108,0.204620462046205,0.403557022368904
171773.411807,2620866.126422,0.155677655677656,0.269230769230769,0,0.0507326007326007,0.123992673992674,0.4003663003663
172273.411807,2620866.126422,0.0697802197802198,0.266483516483516,0,0.0912087912087912,0.215201465201465,0.357326007326007
172773.411807,2620866.126422,0.161349468280161,0.162082874954162,0,0.0847084708470847,0.255225522552255,0.336633663366337
173273.411807,2620866.126422,0.0728729492560092,0.378481495612362,0,0.0381533765738268,0.0766882869133918,0.433803891644411
165273.411807,2620366.126422,0.160711013377314,0.275609309144218,0.0053142752428074,0.047645226314825,0.0536925050393989,0.457027670881437
165773.411807,2620366.126422,0.00256927876674619,0.36080014681593,0.0133969535694623,0.126445219306295,0.0899247568361167,0.406863644705451
166273.411807,2620366.126422,0.0143040528149642,0.0605171465248487,0.514395745461214,0.0427287731523932,0.0647350082523382,0.303319273794242
166773.411807,2620366.126422,0.0678028220634048,0.0247388675096207,0,0.0921751878321422,0.119113065787062,0.69617005680777
167273.411807,2620366.126422,0.0928610754266838,0.077995962561938,0,0.130115617544504,0.142962011378235,0.55606533308864
167773.411807,2620366.126422,0.0784889051898038,0.201173665871997,0.00880249403997799,0.0190720704199523,0.0713368787823217,0.621125985695947
168273.411807,2620366.126422,0.100971229613341,0.0720175920835624,0.0408649441084845,0.0608392889866227,0.0978559648158329,0.627450980392157
168773.411807,2620366.126422,0.127913378601578,0.034868783262984,0.0122958340979996,0.0686364470545054,0.0776289227381171,0.678656634244816
169273.411807,2620366.126422,0.0834403080872914,0.128736475334678,0.0254905556574363,0.070786722904823,0.119383825417202,0.57216211259857
169773.411807,2620366.126422,0.0491112332783581,0.211105002748763,0.0311526479750779,0.0353674179952355,0.0980392156862745,0.575224482316291
170273.411807,2620366.126422,0.120572582125161,0.15342264635713,0.0295467058175812,0.0462470178014315,0.0528537346302074,0.59735731326849
170773.411807,2620366.126422,0.106180084357235,0.184302218962039,0.00605171465248487,0.0385109114249037,0.090408949202274,0.574546121401064
171273.411807,2620366.126422,0.0775151181968114,0.187832142202675,0,0.0307861462341946,0.09529045262965,0.608576140736669
171773.411807,2620366.126422,0.0282620664342081,0.514222793173059,0,0.0205542301339695,0.0455129381537897,0.391447972104973
172273.411807,2620366.126422,0.0485971025123785,0.382174949569045,0,0.039611223179901,0.118466898954704,0.411149825783972
172773.411807,2620366.126422,0.0929081913139087,0.267546270844786,0.000366501740883269,0.0866776617188932,0.179219351291919,0.37328202308961
173273.411807,2620366.126422,0.116759029237531,0.32371488629849,0,0.0164341677813874,0.0987961016625263,0.444295815020065
164773.411807,2619866.126422,0.325628325077967,0.0654925701706109,0,0.0548523206751055,0.0810860392588516,0.472940744817465
165273.411807,2619866.126422,0.0133699633699634,0.417032967032967,0,0.0133699633699634,0.0254578754578755,0.530769230769231
165773.411807,2619866.126422,0.00532110091743119,0.395779816513761,0,0.086605504587156,0.0592660550458716,0.45302752293578
166273.411807,2619866.126422,0.00330214639515685,0.118877270225647,0.159053384700055,0.0867730691616217,0.0961291506145661,0.535864978902954
166773.411807,2619866.126422,0.0690476190476191,0.100732600732601,0,0.0756410256410256,0.0703296703296703,0.684249084249084
167273.411807,2619866.126422,0.124770642201835,0.0273394495412844,0.00348623853211009,0.151192660550459,0.171009174311927,0.522201834862385
167773.411807,2619866.126422,0.0339387268391121,0.288020546688681,0.00385250412768299,0.00330214639515685,0.0810860392588516,0.589800036690516
168273.411807,2619866.126422,0.0553113553113553,0.223626373626374,0,0.00769230769230769,0.0527472527472527,0.660622710622711
168773.411807,2619866.126422,0.0899082568807339,0.191559633027523,0,0.058348623853211,0.0788990825688073,0.581284403669725
169273.411807,2619866.126422,0.0858558062740782,0.277747202348193,0,0.029535864978903,0.110621904237755,0.496239222161071
169773.411807,2619866.126422,0.125457875457875,0.12014652014652,0,0.108241758241758,0.187912087912088,0.458241758241758
170273.411807,2619866.126422,0.0737614678899083,0.242752293577982,0.00348623853211009,0.0579816513761468,0.0937614678899083,0.528256880733945
170773.411807,2619866.126422,0.0858558062740782,0.183269124931205,0.0297193175564117,0.068611263988259,0.175747569253348,0.456796917996698
171273.411807,2619866.126422,0.0782051282051282,0.43003663003663,0.0152014652014652,0.0538461538461538,0.112454212454212,0.31025641025641
171773.411807,2619866.126422,0.0631192660550459,0.368073394495413,0.00348623853211009,0.0906422018348624,0.257798165137615,0.216880733944954
172273.411807,2619866.126422,0.0522839845899835,0.376811594202899,0.00825536598789213,0.080168776371308,0.138139790864062,0.344340487983856
172773.411807,2619866.126422,0.043040293040293,0.523076923076923,0,0.00274725274725275,0.110989010989011,0.32014652014652
173273.411807,2619866.126422,0.0827283148643485,0.257164692395873,0,0.0834925487199083,0.263469621704241,0.313144822315629
164773.411807,2619366.126422,0.101648351648352,0.311904761904762,0,0.00860805860805861,0.047985347985348,0.52985347985348
165273.411807,2619366.126422,0.0157682434910158,0.402456912357902,0,0.0168683535020169,0.0467546754675468,0.518151815181518
165773.411807,2619366.126422,0.00952380952380952,0.385897435897436,0,0.0888278388278388,0.116483516483516,0.399267399267399
166273.411807,2619366.126422,0.0351648351648352,0.158424908424908,0,0.167216117216117,0.169047619047619,0.47014652014652
166773.411807,2619366.126422,0.0643564356435644,0.184451778511184,0.0474880821415475,0.174734140080675,0.143197653098643,0.385771910524386
167273.411807,2619366.126422,0.0445054945054945,0.173260073260073,0.00256410256410256,0.0419413919413919,0.121245421245421,0.616483516483517
167773.411807,2619366.126422,0.036996336996337,0.287179487179487,0.00311355311355311,0.0470695970695971,0.0912087912087912,0.534432234432234
168273.411807,2619366.126422,0.0465713237990466,0.306563989732307,0,0.00458379171250458,0.0672900623395673,0.574990832416575
168773.411807,2619366.126422,0.0875457875457875,0.167948717948718,0.000915750915750916,0.107142857142857,0.201831501831502,0.434615384615385
169273.411807,2619366.126422,0.052014652014652,0.249084249084249,0,0.00512820512820513,0.0901098901098901,0.603663003663004
169773.411807,2619366.126422,0.0176017601760176,0.293179317931793,0,0.0473047304730473,0.103043637697103,0.538870553722039
170273.411807,2619366.126422,0.0924908424908425,0.211904761904762,0,0.00879120879120879,0.0340659340659341,0.652747252747253
170773.411807,2619366.126422,0.0490842490842491,0.226190476190476,0.0195970695970696,0.0663003663003663,0.118131868131868,0.520695970695971
171273.411807,2619366.126422,0.00403373670700403,0.714338100476714,0.000916758342500917,0.0044004400440044,0.0524385771910524,0.223872387238724
171773.411807,2619366.126422,0.0772893772893773,0.361904761904762,0.000366300366300366,0.0498168498168498,0.229304029304029,0.281318681318681
172273.411807,2619366.126422,0.0331501831501832,0.626923076923077,0,0.00860805860805861,0.125824175824176,0.205494505494505
172773.411807,2619366.126422,0.0352035203520352,0.568206820682068,0.00623395672900623,0.0643564356435644,0.0462046204620462,0.27979464613128
173273.411807,2619366.126422,0.0988172453262114,0.339374284624189,0,0.0133536818008394,0.0803128576879054,0.468141930560855
164273.411807,2618866.126422,0.152688566709488,0.0923105156909525,0.18241879243898,0.0466140576252523,0.0389062213250138,0.487061846210314
164773.411807,2618866.126422,0.00238400880249404,0.46818265175133,0.183385292499542,0.0106363469649734,0.0368604437924078,0.298551256189254
165273.411807,2618866.126422,0.00769653655854865,0.382627817482133,0.028587135788895,0.0302363936228697,0.0923584387025838,0.45849367784497
165773.411807,2618866.126422,0.0473481372728941,0.213433657551844,0,0.160946962745458,0.14516425032116,0.433106992108644
166273.411807,2618866.126422,0.0350265908674124,0.0502475701448744,0,0.415000916926463,0.266275444709334,0.233449477351916
166773.411807,2618866.126422,0.0300531427524281,0.471504489646326,0,0.0177753344328386,0.0447132123877588,0.435953820780649
167273.411807,2618866.126422,0.0844191594788034,0.190310148651129,0.103505230317489,0.090475316571848,0.0994677922554597,0.431822352725271
167773.411807,2618866.126422,0.0790390610673024,0.238584265541904,0,0.0498807995598753,0.0790390610673024,0.553456812763616
168273.411807,2618866.126422,0.0813633864760858,0.318490012827561,0,0.0535092541689573,0.124977093641195,0.421660252886201
168773.411807,2618866.126422,0.0288126261699394,0.329968801614975,0,0.00110111947146265,0.0429436593870435,0.597173793356579
169273.411807,2618866.126422,0.0262240968274344,0.236750412616908,0,0.0678525582248304,0.128736475334678,0.540436456996149
169773.411807,2618866.126422,0.0309693971046362,0.377313542239326,0,0.0529595015576324,0.126076598863845,0.412680960234561
170273.411807,2618866.126422,0.0614791704899982,0.300972655533125,0.0326665443200587,0.119287942741787,0.0985501926959075,0.387043494219123
170773.411807,2618866.126422,0.059600220062351,0.193471483587016,0.00898587933247754,0.0911424903722722,0.144690995782138,0.502108930863745
171273.411807,2618866.126422,0.0131940626717977,0.48543155579989,0.000733003481766538,0.0568077698369067,0.101520982224666,0.342312625984973
171773.411807,2618866.126422,0.0666177280234905,0.636630574417324,0.0255092677555515,0.0251422279317306,0.0475316571848046,0.198568544687099
172273.411807,2618866.126422,0.00898587933247754,0.659636897120851,0.00953603520997616,0.026407482119934,0.0926095727122685,0.202824133504493
172773.411807,2618866.126422,0.211288253619205,0.536375297782664,0,0.0174088326919553,0.0412314458493678,0.193696170056808
173273.411807,2618866.126422,0.032103955665966,0.713739728645137,0,0,0.0137588381425569,0.240397477546341
164273.411807,2618366.126422,0.0765137614678899,0.138348623853211,0.00036697247706422,0.117798165137615,0.110091743119266,0.556880733944954
164773.411807,2618366.126422,0.00568702990277013,0.126765731058521,0.324344157035406,0.0678774536782242,0.113190240322877,0.362135388002201
165273.411807,2618366.126422,0.0133699633699634,0.164652014652015,0.117582417582418,0.0653846153846154,0.103663003663004,0.535347985347985
165773.411807,2618366.126422,0.0181651376146789,0.291009174311927,0.00018348623853211,0.0324770642201835,0.0671559633027523,0.591009174311927
166273.411807,2618366.126422,0.0493487433498441,0.32379379930288,0,0.0225646670335718,0.091726288754357,0.512566501559347
166773.411807,2618366.126422,0.0426739926739927,0.447069597069597,0,0.0586080586080586,0.107142857142857,0.344505494505495
167273.411807,2618366.126422,0.0675229357798165,0.53302752293578,0,0.00073394495412844,0.0499082568807339,0.348807339449541
167773.411807,2618366.126422,0.0931939093744267,0.334067143643368,0.000550357732526142,0.00678774536782242,0.0440286186020914,0.521372225279765
168273.411807,2618366.126422,0.107326007326007,0.156043956043956,0.0184981684981685,0.100915750915751,0.150732600732601,0.466483516483516
168773.411807,2618366.126422,0.0434862385321101,0.363669724770642,0,0.0185321100917431,0.0660550458715596,0.508256880733945
169273.411807,2618366.126422,0.0640249495505412,0.20399926618969,0.00532012474775271,0.126398825903504,0.15831957439002,0.441937259218492
169773.411807,2618366.126422,0.0633699633699634,0.164285714285714,0,0.142124542124542,0.228937728937729,0.401282051282051
