"x","y","forest","agri","water","built","other","grass"
177773.411807,2641366.126422,0.0103727714748784,0.0761750405186386,0.355267423014587,0.125769854132901,0.0693679092382496,0.363047001620746
178273.411807,2641366.126422,0.0119974059662776,0.259403372243839,0.242217898832685,0.0966277561608301,0.0869001297016861,0.302853437094682
178773.411807,2641366.126422,0,0.157775622373101,0.397672162948594,0.11865502748141,0.100549628192693,0.225347559004203
179273.411807,2641366.126422,0.00745542949756888,0.33095623987034,0.247001620745543,0.116045380875203,0.109238249594814,0.189303079416532
179773.411807,2641366.126422,0.00162127107652399,0.419260700389105,0.0982490272373541,0.114461738002594,0.0933852140077821,0.273022049286641
180273.411807,2641366.126422,0.0287746524409958,0.277077271257679,0.0982864532816036,0.172647914645975,0.0740381506627869,0.34917555771096
180773.411807,2641366.126422,0.00972447325769854,0.722204213938412,0.0162074554294976,0.000324149108589951,0.00713128038897893,0.244408427876823
181273.411807,2641366.126422,0.0450713359273671,0.601491569390402,0.0953307392996109,0.0132944228274968,0.0175097276264591,0.227302204928664
181773.411807,2641366.126422,0.00517297122534756,0.818299385709667,0,0.0400905269964436,0.0255415454251536,0.110895570643388
182273.411807,2641366.126422,0.000972447325769854,0.726418152350081,0,0.040194489465154,0.0369529983792545,0.195461912479741
182773.411807,2641366.126422,0.00940337224383917,0.65402075226978,0,0.109273670557717,0.0843060959792477,0.142996108949416
183273.411807,2641366.126422,0.0326543808600065,0.562560620756547,0,0.052376333656644,0.129970902036857,0.222437762689945
183773.411807,2641366.126422,0.0573743922204214,0.26645056726094,0,0.00940032414910859,0.108589951377634,0.558184764991896
184273.411807,2641366.126422,0.0175097276264591,0.325875486381323,0,0.0207522697795071,0.101167315175097,0.534695201037613
184773.411807,2641366.126422,0.0397672162948594,0.608794051083091,0.005819592628516,0.0181053992887165,0.0960232783705141,0.231490462334303
185273.411807,2641366.126422,0.019773095623987,0.776337115072934,0,0,0.00648298217179903,0.19740680713128
185773.411807,2641366.126422,0,0.747405966277562,0,0,0.000324254215304799,0.252269779507134
186273.411807,2641366.126422,0.000576036866359447,0.800691244239631,0,0.00230414746543779,0.00403225806451613,0.192396313364055
176773.411807,2640866.126422,0.000550357732526142,0.0396257567418822,0.813979086406164,0.094294624839479,0.0110071546505228,0.0405430196294258
177273.411807,2640866.126422,0.0327838827838828,0.120512820512821,0.192857142857143,0.0556776556776557,0.0388278388278388,0.559340659340659
177773.411807,2640866.126422,0.128440366972477,0.103853211009174,0.0244036697247706,0.13302752293578,0.0788990825688073,0.531376146788991
178273.411807,2640866.126422,0.00642084021280499,0.0867730691616217,0.345808108603926,0.181984956888644,0.111172261970281,0.267840763162722
178773.411807,2640866.126422,0.00512820512820513,0.287362637362637,0.118315018315018,0.05,0.105494505494505,0.433699633699634
179273.411807,2640866.126422,0.00807339449541284,0.745871559633028,0.0154128440366972,0.0244036697247706,0.0201834862385321,0.18605504587156
179773.411807,2640866.126422,0.029535864978903,0.696936341955604,0,0.0284351495138507,0.0420106402494955,0.203082003302146
180273.411807,2640866.126422,0.0305860805860806,0.631318681318681,0.0010989010989011,0.0501831501831502,0.0978021978021978,0.189010989010989
180773.411807,2640866.126422,0.0157798165137615,0.716146788990826,0,0.00660550458715596,0.0143119266055046,0.247155963302752
181273.411807,2640866.126422,0.0157769216657494,0.423225096312603,0.000183452577508714,0.0431113557145478,0.023115024766098,0.494588148963493
181773.411807,2640866.126422,0.017032967032967,0.671428571428571,0.0245421245421245,0.0128205128205128,0.0205128205128205,0.253663003663004
182273.411807,2640866.126422,0.0308256880733945,0.485504587155963,0.0113761467889908,0.175596330275229,0.116697247706422,0.18
182773.411807,2640866.126422,0.0324711062190424,0.596771234635847,0.00366905155017428,0.0504494588148963,0.0469638598422308,0.26967528893781
183273.411807,2640866.126422,0.00659340659340659,0.698351648351648,0,0.000549450549450549,0.0241758241758242,0.27032967032967
183773.411807,2640866.126422,0.0111926605504587,0.571009174311927,0.00018348623853211,0.0132110091743119,0.0328440366972477,0.371559633027523
184273.411807,2640866.126422,0.0834709227664649,0.562649055219226,0,0.00348559897266557,0.0741148413135205,0.276279581728123
184773.411807,2640866.126422,0.0206959706959707,0.758608058608059,0.023992673992674,0.00256410256410256,0.0175824175824176,0.176556776556777
185273.411807,2640866.126422,0.00256880733944954,0.845871559633028,0.0122935779816514,0.00238532110091743,0.0119266055045872,0.124954128440367
185773.411807,2640866.126422,0.0157769216657494,0.758209502843515,0.0203632361034673,0.00275178866263071,0.021830856723537,0.181067694001101
186273.411807,2640866.126422,0.0394008466297623,0.6317160534028,0,0.0081406707912732,0.0384239661348095,0.282318463041355
174773.411807,2640366.126422,0,0.0021978021978022,0.995787545787546,0,0,0.00201465201465201
175273.411807,2640366.126422,0,0.0580586080586081,0.871245421245421,0.0388278388278388,0.0241758241758242,0.00769230769230769
175773.411807,2640366.126422,0,0.0394206087275394,0.881554822148882,0.0553722038870554,0.00843417675100843,0.0152181884855152
176273.411807,2640366.126422,0.000915750915750916,0.0598901098901099,0.628571428571429,0.177472527472527,0.0428571428571429,0.0902930402930403
176773.411807,2640366.126422,0.00256410256410256,0.183333333333333,0.390842490842491,0.144871794871795,0.0468864468864469,0.231501831501832
177273.411807,2640366.126422,0.0210854418775211,0.153465346534653,0.268793546021269,0.161532819948662,0.128529519618629,0.266593325999267
177773.411807,2640366.126422,0.0763736263736264,0.113369963369963,0.015018315018315,0.281868131868132,0.2,0.313369963369963
178273.411807,2640366.126422,0.0236263736263736,0.137912087912088,0.0908424908424908,0.129120879120879,0.0864468864468864,0.532051282051282
178773.411807,2640366.126422,0.0135680234690136,0.276677667766777,0.160616061606161,0.228822882288229,0.112394572790612,0.207920792079208
179273.411807,2640366.126422,0.026007326007326,0.65,0.0434065934065934,0.0736263736263736,0.0188644688644689,0.188095238095238
179773.411807,2640366.126422,0.0501831501831502,0.465750915750916,0,0.103296703296703,0.180769230769231,0.2
180273.411807,2640366.126422,0.0759075907590759,0.544187752108544,0,0.0771910524385772,0.0837917125045838,0.218921892189219
180773.411807,2640366.126422,0.00457875457875458,0.689377289377289,0,0.0443223443223443,0.0252747252747253,0.236446886446886
181273.411807,2640366.126422,0.00274725274725275,0.792124542124542,0,0.00622710622710623,0.0128205128205128,0.186080586080586
181773.411807,2640366.126422,0.0205353868720205,0.383204987165383,0.0185185185185185,0.138430509717638,0.171433810047671,0.267876787678768
182273.411807,2640366.126422,0.0159340659340659,0.599450549450549,0,0.043956043956044,0.0791208791208791,0.261538461538462
182773.411807,2640366.126422,0.015018315018315,0.63040293040293,0.00750915750915751,0.0384615384615385,0.0820512820512821,0.226556776556777
183273.411807,2640366.126422,0.0190685735240191,0.608360836083608,0.0377704437110378,0.0612394572790612,0.0896589658965897,0.183901723505684
183773.411807,2640366.126422,0.0379120879120879,0.654945054945055,0.00787545787545788,0.0166666666666667,0.0782051282051282,0.204395604395604
184273.411807,2640366.126422,0.0399267399267399,0.77014652014652,0,0.0205128205128205,0.0584249084249084,0.110989010989011
184773.411807,2640366.126422,0.0236523652365237,0.769526952695269,0.0106343967730106,0.0786578657865787,0.0364869820315365,0.081041437477081
185273.411807,2640366.126422,0.0141025641025641,0.487545787545788,0.00805860805860806,0.338644688644689,0.0393772893772894,0.112271062271062
185773.411807,2640366.126422,0.00311355311355311,0.823076923076923,0,0.0043956043956044,0.00677655677655678,0.162637362637363
186273.411807,2640366.126422,0.0169381107491857,0.813029315960912,0,0,0,0.170032573289902
174773.411807,2639866.126422,0.000183519911910442,0.101853551110295,0.796292897779409,0.046063497889521,0.00935951550743256,0.0462470178014315
175273.411807,2639866.126422,0,0.17990097194205,0.610122868145975,0.115349348982212,0.0225563909774436,0.0720704199523198
175773.411807,2639866.126422,0.000366501740883269,0.0698185816382628,0.633864760857614,0.150448964632582,0.0569910207073484,0.0885101704233095
176273.411807,2639866.126422,0.000183519911910442,0.170857037988622,0.350890071572766,0.181868232703248,0.0532207744540283,0.242980363369426
176773.411807,2639866.126422,0.000366770584999083,0.197872730607005,0.454428754813864,0.176966807262058,0.0496974142673758,0.120667522464698
177273.411807,2639866.126422,0.0100787978742899,0.305845702767088,0.186549386109584,0.148066703316841,0.0650540590067803,0.284405350925417
177773.411807,2639866.126422,0.085887318774087,0.0939621948981464,0.0194531106625069,0.223160212883098,0.176362635345935,0.401174527436227
178273.411807,2639866.126422,0.0509811113148725,0.142857142857143,0.0478635613423803,0.177883733724555,0.101045296167247,0.479369154593802
178773.411807,2639866.126422,0.0142935678944475,0.277441817848635,0.345061389041598,0.192413413963716,0.0623052959501558,0.108484515301448
179273.411807,2639866.126422,0.0229399889888053,0.619196182785832,0.0354193429987154,0.0300972655533125,0.111213066617728,0.181134153055607
179773.411807,2639866.126422,0.0124701998899688,0.617458279845956,0.0342930496974143,0.0179717586649551,0.055198973042362,0.262607738859343
180273.411807,2639866.126422,0.0157595748579806,0.708081363386476,0,0.013560564412681,0.0137438152831226,0.24885468205974
180773.411807,2639866.126422,0.0251422279317306,0.68452927142595,0,0.0198201504863278,0.0447788585061479,0.225729491649844
181273.411807,2639866.126422,0.0328259673574179,0.483587016321291,0,0.04401247019989,0.0834403080872914,0.35613423803411
181773.411807,2639866.126422,0.0339014110317024,0.465090709180869,0.015026571376214,0.158512002932014,0.0945574491478835,0.232911856331318
182273.411807,2639866.126422,0.0102771150669848,0.378234538447422,0.0225729491649844,0.0530372545421178,0.108276748027161,0.427601394751331
182773.411807,2639866.126422,0.0159545204474601,0.347698514579131,0.0214560792224464,0.0678525582248304,0.0711534934898221,0.47588483403631
183273.411807,2639866.126422,0.0318856514568444,0.433205057724024,0,0.0109950522264981,0.0428807036833425,0.481033534909291
183773.411807,2639866.126422,0.0359699027344467,0.658652963846577,0.000917599559552211,0.0124793540099101,0.0334006239677005,0.258579555881813
184273.411807,2639866.126422,0.00880249403997799,0.826884283880433,0.0190720704199523,0.00128369704749679,0.00421786172748946,0.139739592884651
184773.411807,2639866.126422,0.0128275609309144,0.729704966098589,0.00256551218618288,0.10317024005864,0.043613707165109,0.108118013560564
185273.411807,2639866.126422,0.0119287942741787,0.703248302440815,0.00146815929528354,0.0739585244999082,0.0359699027344467,0.173426316755368
185773.411807,2639866.126422,0.0174216027874564,0.772969007885568,0,0.0249403997799376,0.0410783055198973,0.143590684027141
186273.411807,2639866.126422,0.00782013685239492,0.672857608341479,0,0,0.0065167807103291,0.312805474095797
174273.411807,2639366.126422,0,0.120695970695971,0.326556776556777,0.338644688644689,0.0877289377289377,0.126373626373626
174773.411807,2639366.126422,0,0.119266055045872,0.280550458715596,0.0609174311926605,0.360366972477064,0.178899082568807
175273.411807,2639366.126422,0.000366905155017428,0.129884424876169,0.54063474591818,0.019262520638415,0.150798018712163,0.159053384700055
175773.411807,2639366.126422,0,0.206959706959707,0.453479853479853,0.152564102564103,0.0571428571428571,0.12985347985348
176273.411807,2639366.126422,0.00165137614678899,0.240366972477064,0.447706422018349,0.0873394495412844,0.048256880733945,0.174678899082569
176773.411807,2639366.126422,0,0.24399192808659,0.305998899284535,0.237204182718767,0.0515501742799486,0.16125481563016
177273.411807,2639366.126422,0.0212454212454212,0.202014652014652,0.313186813186813,0.185347985347985,0.0633699633699634,0.214835164835165
177773.411807,2639366.126422,0.235045871559633,0.0781651376146789,0,0.0728440366972477,0.144403669724771,0.46954128440367
178273.411807,2639366.126422,0.120161438268208,0.145661346541919,0.0387084938543387,0.109521188772702,0.080168776371308,0.505778756191524
178773.411807,2639366.126422,0.0401098901098901,0.336446886446886,0.047985347985348,0.136630036630037,0.107875457875458,0.330952380952381
179273.411807,2639366.126422,0.0387155963302752,0.524403669724771,0.0440366972477064,0.0484403669724771,0.0976146788990826,0.246788990825688
179773.411807,2639366.126422,0.0311869381764814,0.458631443771785,0.000733810310034856,0.0882406897816914,0.124380847550908,0.296826270409099
180273.411807,2639366.126422,0.00915750915750916,0.780769230769231,0,0.00476190476190476,0.00897435897435897,0.196336996336996
180773.411807,2639366.126422,0.10348623853211,0.123669724770642,0.000917431192660551,0.265871559633027,0.287522935779817,0.218532110091743
181273.411807,2639366.126422,0.0260502660062374,0.53641533663548,0.000183452577508714,0.0680609062557329,0.132085855806274,0.237204182718767
181773.411807,2639366.126422,0.0313186813186813,0.404395604395604,0.0153846153846154,0.112454212454212,0.18021978021978,0.256227106227106
182273.411807,2639366.126422,0.0438532110091743,0.444954128440367,0.00165137614678899,0.0181651376146789,0.0524770642201835,0.438899082568807
182773.411807,2639366.126422,0.0449458814896349,0.604292790313704,0,0.00733810310034856,0.0728306732709595,0.270592551825353
183273.411807,2639366.126422,0.00714285714285714,0.0771062271062271,0,0.00695970695970696,0.03003663003663,0.878754578754579
183773.411807,2639366.126422,0.0222018348623853,0.460183486238532,0,0,0.00036697247706422,0.517247706422018
184273.411807,2639366.126422,0.0693450742982939,0.625756741882223,0,0.00366905155017428,0.0420106402494955,0.259218492019813
184773.411807,2639366.126422,0.133333333333333,0.514652014652015,0,0.0576923076923077,0.0888278388278388,0.205494505494505
185273.411807,2639366.126422,0.058348623853211,0.516697247706422,0,0.0286238532110092,0.185688073394495,0.210642201834862
185773.411807,2639366.126422,0.0119244175380664,0.600256833608512,0,0,0.00110071546505228,0.386718033388369
186273.411807,2639366.126422,0.0081406707912732,0.657766199934875,0,0.0735916639531097,0.0250732660371215,0.235428199283621
174273.411807,2638866.126422,0,0.104693802713605,0.221855518885222,0.153648698203154,0.134763476347635,0.385038503850385
174773.411807,2638866.126422,0,0.0498168498168498,0.186446886446886,0.111172161172161,0.243589743589744,0.408974358974359
175273.411807,2638866.126422,0,0.039010989010989,0.346886446886447,0.0523809523809524,0.319413919413919,0.242307692307692
175773.411807,2638866.126422,0,0.228272827282728,0.17986798679868,0.102860286028603,0.164099743307664,0.324899156582325
176273.411807,2638866.126422,0,0.687912087912088,0.0527472527472527,0.0316849816849817,0.0108058608058608,0.216849816849817
176773.411807,2638866.126422,0.00384615384615385,0.535164835164835,0.137912087912088,0.110989010989011,0.0344322344322344,0.177655677655678
177273.411807,2638866.126422,0.0141180784745141,0.126512651265127,0.196002933626696,0.162816281628163,0.0643564356435644,0.436193619361936
177773.411807,2638866.126422,0.093040293040293,0.253296703296703,0.0106227106227106,0.0225274725274725,0.0653846153846154,0.555128205128205
178273.411807,2638866.126422,0.0476190476190476,0.442124542124542,0.0457875457875458,0.0767399267399267,0.067032967032967,0.320695970695971
178773.411807,2638866.126422,0.0227356068940227,0.643381004767143,0.0407040704070407,0.0210854418775211,0.0381371470480381,0.233956729006234
179273.411807,2638866.126422,0.0276556776556777,0.477655677655678,0.0210622710622711,0.0626373626373626,0.143223443223443,0.267765567765568
179773.411807,2638866.126422,0.023992673992674,0.591758241758242,0.00695970695970696,0.0282051282051282,0.0815018315018315,0.267582417582418
180273.411807,2638866.126422,0.0117345067840117,0.643014301430143,0.00165016501650165,0.0496883021635497,0.0957095709570957,0.198203153648698
180773.411807,2638866.126422,0.0836996336996337,0.207142857142857,0.00238095238095238,0.224175824175824,0.224358974358974,0.258241758241758
181273.411807,2638866.126422,0.0694139194139194,0.420512820512821,0,0.0501831501831502,0.151098901098901,0.308791208791209
181773.411807,2638866.126422,0.0364869820315365,0.617711771177118,0.00476714338100477,0.0425375870920425,0.0502383571690502,0.248258159149248
182273.411807,2638866.126422,0.0205128205128205,0.608058608058608,0.0181318681318681,0.0139194139194139,0.0776556776556777,0.261721611721612
182773.411807,2638866.126422,0.00164835164835165,0.713186813186813,0.0126373626373626,0.00567765567765568,0.0357142857142857,0.231135531135531
183273.411807,2638866.126422,0.0176017601760176,0.545837917125046,0,0.0264026402640264,0.0506050605060506,0.35955262192886
183773.411807,2638866.126422,0.00586080586080586,0.430952380952381,0.00238095238095238,0.00164835164835165,0.0611721611721612,0.497985347985348
184273.411807,2638866.126422,0.0307692307692308,0.171611721611722,0,0.00604395604395604,0.0571428571428571,0.734432234432234
184773.411807,2638866.126422,0.392922625595893,0.279427942794279,0,0.0498716538320499,0.103410341034103,0.174367436743674
185273.411807,2638866.126422,0.0340659340659341,0.688827838827839,0.0032967032967033,0.0141025641025641,0.0483516483516484,0.211355311355311
185773.411807,2638866.126422,0.00879120879120879,0.55952380952381,0,0.000183150183150183,0.0483516483516484,0.383150183150183
186273.411807,2638866.126422,0.00846905537459283,0.581107491856678,0,0.00749185667752443,0.0149837133550489,0.387947882736156
173773.411807,2638366.126422,0,0.344072697232549,0.264973151590252,0.106154481619166,0.0689797604295746,0.215819909128459
174273.411807,2638366.126422,0,0.0634048011728056,0.714311892981492,0.00696353307678211,0.013560564412681,0.20175920835624
174773.411807,2638366.126422,0,0.0442282987704166,0.0405579005322077,0.0447788585061479,0.0491833363919985,0.821251605799229
175273.411807,2638366.126422,0,0.00696864111498258,0.0700531817348249,0.0317256556024207,0.0245736291949386,0.866678892352833
175773.411807,2638366.126422,0.00274876305662452,0.212021257100971,0.0579072750595565,0.0284038849184534,0.064687557265897,0.634231262598497
176273.411807,2638366.126422,0.00532207744540283,0.592218755734997,0.0082583960359699,0.0354193429987154,0.058909891723252,0.299871536061663
176773.411807,2638366.126422,0.00825233816247937,0.372272143774069,0.129470016504676,0.053181734824867,0.0841738492572896,0.352649917476618
177273.411807,2638366.126422,0.0522264980758659,0.209822246655672,0.0192413413963716,0.120395821880154,0.212571009712296,0.385743082279641
177773.411807,2638366.126422,0.0178014314553129,0.503762158194164,0.0798311616810424,0.0126628739218205,0.0288126261699394,0.357129748577721
178273.411807,2638366.126422,0.0177883733724555,0.494406748578764,0.162112598569595,0.0676691729323308,0.0573995965523565,0.200623509994498
178773.411807,2638366.126422,0.0174088326919553,0.617005680776984,0.0863111599780099,0.00787978742899029,0.0689023272860546,0.202492211838006
179273.411807,2638366.126422,0.0260598274912828,0.418608919067719,0.126995779042026,0.0642319691686548,0.0568911726922371,0.30721233253808
179773.411807,2638366.126422,0.0223730056849441,0.714835870163213,0.00293416467999266,0.0381441408399046,0.0245736291949386,0.197139189437007
180273.411807,2638366.126422,0.00678028220634048,0.75444383360821,0,0,0.0042147700201576,0.234561114165292
180773.411807,2638366.126422,0.0345017434391632,0.634061295650578,0.000183519911910442,0.0218388695173426,0.0844191594788034,0.224995412002202
181273.411807,2638366.126422,0.0121034293049697,0.578213827251054,0.0172382174949569,0.0854575463047864,0.0845406198422887,0.222446359801944
181773.411807,2638366.126422,0.0384826827927433,0.588052043247205,0.0432472054242258,0.0518599963349826,0.098772219168041,0.179585853032802
182273.411807,2638366.126422,0.00899247568361167,0.69297118737383,0,0.0172508717195816,0.0172508717195816,0.263534593503395
182773.411807,2638366.126422,0.0469466348798826,0.593251421236017,0.0163212910324592,0.0269576379974326,0.0412616908123968,0.275261324041812
183273.411807,2638366.126422,0.00806303829943192,0.696903060289536,0.0194245922668133,0.0654205607476635,0.072200842954004,0.137987905442551
183773.411807,2638366.126422,0.00440447788585061,0.299137456414021,0.0447788585061479,0.0488162965681776,0.0403743806202973,0.562488530005506
184273.411807,2638366.126422,0.00623509994498441,0.191270860077022,0,0,0.00990280579497524,0.792591234183018
184773.411807,2638366.126422,0.0102620487447315,0.729155213487264,0,0.00586402785413231,0.0452629649990837,0.209455744914788
185273.411807,2638366.126422,0.0311983850247752,0.667278399706368,0.0587263718113415,0.0315654248485961,0.084235639566893,0.126995779042026
185773.411807,2638366.126422,0,0.862277645332844,0.00183385292499542,0.00201723821749496,0.0341096644049147,0.0997615991197506
186273.411807,2638366.126422,0.0188986640599544,0.849136526555881,0.003584229390681,0.0280221570544151,0.0338872596937113,0.0664711632453568
173773.411807,2637866.126422,0,0.251548946716233,0.112556794712929,0.429781082197439,0.0654688145394465,0.140644361833953
174273.411807,2637866.126422,0,0.287179487179487,0.0765567765567766,0.0241758241758242,0.0230769230769231,0.589010989010989
174773.411807,2637866.126422,0,0.341467889908257,0.357798165137615,0.0341284403669725,0.00623853211009174,0.260366972477064
175273.411807,2637866.126422,0,0.211704274445056,0.101632727939828,0.00880572372041827,0,0.677857273894698
175773.411807,2637866.126422,0.0043956043956044,0.123443223443223,0,0.00732600732600733,0.0391941391941392,0.825641025641026
176273.411807,2637866.126422,0.00862385321100917,0.500550458715596,0.00036697247706422,0.0442201834862385,0.105688073394495,0.340550458715596
176773.411807,2637866.126422,0.00458631443771785,0.535314621170427,0.0368739680792515,0.030820033021464,0.0752155567785727,0.317189506512566
177273.411807,2637866.126422,0.0261904761904762,0.477655677655678,0.0214285714285714,0.0152014652014652,0.0501831501831502,0.409340659340659
177773.411807,2637866.126422,0.0159633027522936,0.440550458715596,0.223119266055046,0.0444036697247706,0.0405504587155963,0.235412844036697
178273.411807,2637866.126422,0.0449458814896349,0.549073564483581,0.0990643918547056,0.0509998165474225,0.0693450742982939,0.186571271326362
178773.411807,2637866.126422,0.0263736263736264,0.517765567765568,0.0794871794871795,0.0238095238095238,0.0842490842490843,0.268315018315018
179273.411807,2637866.126422,0.0379816513761468,0.47045871559633,0.0697247706422018,0.0194495412844037,0.0634862385321101,0.338899082568807
179773.411807,2637866.126422,0.00880572372041827,0.713080168776371,0.0526508897450009,0.0078884608328747,0.0355898000366905,0.181984956888644
180273.411807,2637866.126422,0.0208791208791209,0.684798534798535,0.00732600732600733,0.0212454212454212,0.0571428571428571,0.208608058608059
180773.411807,2637866.126422,0.0458715596330275,0.495963302752294,0,0.0998165137614679,0.175412844036697,0.182935779816514
181273.411807,2637866.126422,0.0543019629425793,0.617868281049349,0,0.016694184553293,0.0519170794349661,0.259218492019813
181773.411807,2637866.126422,0.0184981684981685,0.755860805860806,0,0.00586080586080586,0.0512820512820513,0.168498168498169
182273.411807,2637866.126422,0.0390825688073395,0.49045871559633,0.00055045871559633,0.0185321100917431,0.162385321100917,0.288990825688073
182773.411807,2637866.126422,0.0280682443588332,0.527059255182535,0.0581544670702623,0.0236653824986241,0.180150431113557,0.182902219776188
183273.411807,2637866.126422,0.0225274725274725,0.711904761904762,0,0.00860805860805861,0.052014652014652,0.204945054945055
183773.411807,2637866.126422,0.00935779816513761,0.602752293577982,0.0392660550458716,0.0196330275229358,0.108073394495413,0.220917431192661
184273.411807,2637866.126422,0.0383415886993212,0.260319207484865,0.00642084021280499,0.0596220876903321,0.180700788846083,0.454595487066593
184773.411807,2637866.126422,0.0163003663003663,0.624908424908425,0,0.00366300366300366,0.0386446886446886,0.316483516483516
185273.411807,2637866.126422,0.00972477064220183,0.607339449541284,0,0.00422018348623853,0.0484403669724771,0.330275229357798
185773.411807,2637866.126422,0.00220143093010457,0.782241790497156,0,0.00183452577508714,0.028251696936342,0.18547055586131
186273.411807,2637866.126422,0.0195376098990557,0.816346466948877,0,0.00260501465320742,0.00879192445457506,0.152718984044285
173773.411807,2637366.126422,0,0.195544554455446,0.11963696369637,0.408415841584158,0.15470297029703,0.121699669966997
174273.411807,2637366.126422,0,0.420792079207921,0.0225522552255226,0.113861386138614,0.0165016501650165,0.426292629262926
174773.411807,2637366.126422,0,0.272344322344322,0.032051282051282,0.0269230769230769,0.0141025641025641,0.654578754578755
175273.411807,2637366.126422,0,0.48956043956044,0.431135531135531,0.0683150183150183,0,0.010989010989011
175773.411807,2637366.126422,0,0.165933259992666,0.180784745141181,0.421525485881922,0.0762742940960763,0.155482214888155
176273.411807,2637366.126422,0,0.275824175824176,0.0335164835164835,0.208241758241758,0.01996336996337,0.462454212454212
176773.411807,2637366.126422,0.0142857142857143,0.345421245421245,0.0201465201465201,0.0468864468864469,0.0862637362637363,0.486996336996337
177273.411807,2637366.126422,0.0190685735240191,0.58030803080308,0.00256692335900257,0.0251191785845251,0.0135680234690136,0.359369270260359
177773.411807,2637366.126422,0.00952380952380952,0.587728937728938,0.0364468864468864,0.073992673992674,0.03003663003663,0.262271062271062
178273.411807,2637366.126422,0.028021978021978,0.580769230769231,0.0562271062271062,0.0206959706959707,0.0822344322344322,0.232051282051282
178773.411807,2637366.126422,0.0342867620095343,0.454345434543454,0.0555555555555556,0.0403373670700403,0.114961496149615,0.3005133846718
179273.411807,2637366.126422,0.0355311355311355,0.512637362637363,0.00164835164835165,0.0481684981684982,0.0990842490842491,0.302930402930403
179773.411807,2637366.126422,0.00274725274725275,0.795238095238095,0.0194139194139194,0.0194139194139194,0.00750915750915751,0.155677655677656
180273.411807,2637366.126422,0.030986431976531,0.588008800880088,0,0.0779244591125779,0.166116611661166,0.136963696369637
180773.411807,2637366.126422,0.143956043956044,0.301098901098901,0.00274725274725275,0.1003663003663,0.196520146520147,0.255311355311355
181273.411807,2637366.126422,0.0120879120879121,0.695238095238095,0,0.026007326007326,0.0505494505494506,0.216117216117216
181773.411807,2637366.126422,0.0251191785845251,0.808030803080308,0.000916758342500917,0.0207187385405207,0.0267693436010268,0.118445177851118
182273.411807,2637366.126422,0.010989010989011,0.73040293040293,0,0.00714285714285714,0.0282051282051282,0.223260073260073
182773.411807,2637366.126422,0.0128205128205128,0.714652014652015,0,0.00238095238095238,0.0465201465201465,0.223626373626374
183273.411807,2637366.126422,0.00531719838650532,0.68023469013568,0,0.00605060506050605,0.0438210487715438,0.264576457645765
183773.411807,2637366.126422,0.00842490842490842,0.6503663003663,0,0.0139194139194139,0.0684981684981685,0.258791208791209
184273.411807,2637366.126422,0.000549450549450549,0.743223443223443,0,0.00476190476190476,0.0338827838827839,0.217582417582418
184773.411807,2637366.126422,0.0364869820315365,0.627796112944628,0,0.00898423175650898,0.0548221488815548,0.271910524385772
185273.411807,2637366.126422,0.0179487179487179,0.721978021978022,0,0,0.00970695970695971,0.2503663003663
185773.411807,2637366.126422,0.0133699633699634,0.78992673992674,0,0,0.0043956043956044,0.192307692307692
186273.411807,2637366.126422,0.00293159609120521,0.940065146579805,0,0,0.000651465798045603,0.0563517915309446
173773.411807,2636866.126422,0,0.186906237092111,0.2121024370095,0.576001652209831,0.00392399834779017,0.0210656753407683
174273.411807,2636866.126422,0,0.305662451896647,0.141469671980942,0.2354773685175,0.0331684075499359,0.284222100054975
174773.411807,2636866.126422,0,0.329051202055423,0.288309781611305,0.000734079647641769,0.00605615709304459,0.375848779592586
175273.411807,2636866.126422,0,0.642948835503393,0.106913625527233,0.086007702182285,0.00385109114249037,0.160278745644599
175773.411807,2636866.126422,0,0.192963166575041,0.702767088143669,0.0919919369617006,0.0111783030969397,0.00109950522264981
176273.411807,2636866.126422,0,0.0433106992108644,0.387961093778675,0.567627087538998,0.00110111947146265,0
176773.411807,2636866.126422,0,0.16798092792958,0.0823399963322941,0.691362552723272,0.0295250320924262,0.028791490922428
177273.411807,2636866.126422,0.00513102437236577,0.218435037566428,0.120945574491479,0.23877588418545,0.0731170973062122,0.343595382078065
177773.411807,2636866.126422,0.031932464672417,0.330886401174527,0.0469810974490732,0.109928427234355,0.071389245733162,0.408882363736465
178273.411807,2636866.126422,0.026407482119934,0.402163946451495,0.0447460113698881,0.010819732257473,0.0348432055749129,0.481019622226297
178773.411807,2636866.126422,0.0159428257284222,0.57284222100055,0.00403151914971596,0.0320689023272861,0.0800806303829943,0.295033901411032
179273.411807,2636866.126422,0.0130299137456414,0.58102404110846,0.000734079647641769,0.0315654248485961,0.0491833363919985,0.324463204257662
179773.411807,2636866.126422,0.00623509994498441,0.829451677975426,0,0.00201723821749496,0.0319090408949202,0.130386942967174
180273.411807,2636866.126422,0.0133773135422393,0.670698185816383,0.0269378779549203,0.00806303829943192,0.0425142019424592,0.238409382444567
180773.411807,2636866.126422,0.0695540466140576,0.576252523398789,0.00146815929528354,0.0275279867865663,0.076344283354744,0.24885300055056
181273.411807,2636866.126422,0.0330093526499175,0.697597652668256,0,0.000550155877498625,0.0157711351549606,0.253071703649367
181773.411807,2636866.126422,0,0.740333516584204,0.0483782297965915,0.00678028220634048,0.0282206340480117,0.176287337364852
182273.411807,2636866.126422,0.00807487612405946,0.729858689667829,0,0.0178014314553129,0.0315654248485961,0.212699577904203
182773.411807,2636866.126422,0.00825233816247937,0.701265358518247,0,0.00678525582248304,0.0357601320374106,0.24793691545938
183273.411807,2636866.126422,0.0192413413963716,0.549386109584021,0.00604727872457394,0.000183250870441635,0.0373831775700935,0.387758841854499
183773.411807,2636866.126422,0.0623967700495504,0.306845292714259,0,0.0759772435309231,0.293081299320976,0.261699394384291
184273.411807,2636866.126422,0.022006235099945,0.588483403631029,0.000550155877498625,0.0075187969924812,0.0421786172748946,0.339262791124152
184773.411807,2636866.126422,0.0694520798973795,0.295033901411032,0,0.0830126443100605,0.104452996151732,0.448048378229797
185273.411807,2636866.126422,0.0638649293448339,0.483758487795926,0.0311983850247752,0.0144980730409249,0.000367039823820885,0.406313084969719
185773.411807,2636866.126422,0.0110031175499725,0.353016688061617,0.222629745094443,0.0405281496423987,0.0441958554923895,0.328626444159178
186273.411807,2636866.126422,0.00162919517758227,0.397523623330075,0.0729879439556859,0.283154121863799,0.0104268491365266,0.234278266536331
173773.411807,2636366.126422,0,0.0472945064023131,0,0,0.00289136720363486,0.949814126394052
174273.411807,2636366.126422,0.00164835164835165,0.0580586080586081,0,0.00586080586080586,0.0153846153846154,0.919047619047619
174773.411807,2636366.126422,0,0.131192660550459,0.016697247706422,0.00128440366972477,0.0203669724770642,0.83045871559633
175273.411807,2636366.126422,0,0.0352228948816731,0,0,0.0111906072280316,0.953586497890295
175773.411807,2636366.126422,0,0.0322344322344322,0.0144688644688645,0.000366300366300366,0.00164835164835165,0.951282051282051
176273.411807,2636366.126422,0,0.193761467889908,0.152477064220183,0,0.00018348623853211,0.653577981651376
176773.411807,2636366.126422,0,0.281232801320859,0.594202898550725,0.024399192808659,0.000550357732526142,0.0996147495872317
177273.411807,2636366.126422,0.00183150183150183,0.347069597069597,0.362820512820513,0.202930402930403,0.0778388278388278,0.00750915750915751
177773.411807,2636366.126422,0.00293577981651376,0.324770642201835,0.196697247706422,0.345871559633028,0.0680733944954128,0.061651376146789
178273.411807,2636366.126422,0,0.566501559346909,0.237571087873785,0.0944780774169877,0.0124747752705926,0.0889745000917263
178773.411807,2636366.126422,0.00695970695970696,0.596520146520147,0.0258241758241758,0.0465201465201465,0.104761904761905,0.219413919413919
179273.411807,2636366.126422,0.00165137614678899,0.609174311926606,0.0328440366972477,0.0500917431192661,0.095045871559633,0.211192660550459
179773.411807,2636366.126422,0.00110071546505228,0.585213722252798,0.0273344340487984,0.130618235186204,0.0720968629609246,0.183636030086223
180273.411807,2636366.126422,0.00989010989010989,0.701831501831502,0.0254578754578755,0.0183150183150183,0.013003663003663,0.231501831501832
180773.411807,2636366.126422,0.00165137614678899,0.659633027522936,0.0273394495412844,0.147706422018349,0.00788990825688073,0.155779816513761
181273.411807,2636366.126422,0.00220143093010457,0.674555127499541,0.0289855072463768,0.110254999082737,0.000733810310034856,0.183269124931205
181773.411807,2636366.126422,0.00274725274725275,0.710805860805861,0.0252747252747253,0.0461538461538462,0.0010989010989011,0.213919413919414
182273.411807,2636366.126422,0.0190825688073394,0.39394495412844,0.00036697247706422,0.00899082568807339,0.0343119266055046,0.543302752293578
182773.411807,2636366.126422,0.0489818381948266,0.413502109704641,0.00403595670519171,0.00825536598789213,0.0601724454228582,0.46505228398459
183273.411807,2636366.126422,0.0556776556776557,0.38992673992674,0.00476190476190476,0.0203296703296703,0.121978021978022,0.407326007326007
183773.411807,2636366.126422,0.0271559633027523,0.279082568807339,0.0957798165137615,0.158532110091743,0.0471559633027523,0.392293577981651
184273.411807,2636366.126422,0,0.163639699137773,0.384333149880756,0.390020179783526,0.0144927536231884,0.0475142175747569
184773.411807,2636366.126422,0,0.0802197802197802,0.444688644688645,0.464102564102564,0.00934065934065934,0.00164835164835165
185273.411807,2636366.126422,0,0.134862385321101,0.341100917431193,0.498532110091743,0.0255045871559633,0
185773.411807,2636366.126422,0,0.185287103283801,0.426160337552743,0.383599339570721,0.00110071546505228,0.00385250412768299
186273.411807,2636366.126422,0,0.117876913057636,0.366981439270596,0.513513513513513,0.00162813415825464,0
173773.411807,2635866.126422,0.00185643564356436,0.0711633663366337,0,0,0.000206270627062706,0.926773927392739
174273.411807,2635866.126422,0.0022002200220022,0.393105977264393,0.00825082508250825,0,0.00256692335900257,0.593876054272094
174773.411807,2635866.126422,0,0.208058608058608,0.14981684981685,0.00256410256410256,0.0043956043956044,0.635164835164835
175273.411807,2635866.126422,0.00238095238095238,0.196520146520147,0.123443223443223,0.0267399267399267,0.000549450549450549,0.6503663003663
175773.411807,2635866.126422,0.0022002200220022,0.0881921525485882,0.0190685735240191,0.0108177484415108,0.000366703337000367,0.879354602126879
176273.411807,2635866.126422,0.000183150183150183,0.129304029304029,0.00714285714285714,0,0,0.863369963369963
176773.411807,2635866.126422,0.0010989010989011,0.0216117216117216,0,0,0,0.977289377289377
177273.411807,2635866.126422,0.0146681334800147,0.219471947194719,0.0526219288595526,0.0876420975430876,0.0333700036670334,0.592225889255592
177773.411807,2635866.126422,0,0.107326007326007,0.70952380952381,0.0307692307692308,0.000366300366300366,0.152014652014652
178273.411807,2635866.126422,0,0.286996336996337,0.67014652014652,0.0256410256410256,0,0.0172161172161172
178773.411807,2635866.126422,0,0.312247891455812,0.447011367803447,0.126145947928126,0.011001100110011,0.103593692702604
179273.411807,2635866.126422,0,0.215934065934066,0.261904761904762,0.463369963369963,0.0538461538461538,0.00494505494505494
179773.411807,2635866.126422,0,0.352014652014652,0.05,0.226373626373626,0.17014652014652,0.201465201465201
180273.411807,2635866.126422,0,0.332599926659333,0.0232856618995233,0.0685735240190686,0.121745507884122,0.453795379537954
180773.411807,2635866.126422,0,0.433333333333333,0.269047619047619,0.149267399267399,0.0395604395604396,0.108791208791209
181273.411807,2635866.126422,0,0.288095238095238,0.173260073260073,0.252380952380952,0.0545787545787546,0.231684981684982
181773.411807,2635866.126422,0,0.307114044737807,0.128162816281628,0.0522552255225523,0.0401540154015402,0.472313898056472
182273.411807,2635866.126422,0,0.306043956043956,0.00421245421245421,0.00659340659340659,0.0124542124542125,0.670695970695971
182773.411807,2635866.126422,0,0.106227106227106,0,0.0375457875457875,0.101465201465201,0.754761904761905
183273.411807,2635866.126422,0,0.48019801980198,0.0088008800880088,0.0022002200220022,0.0386872020535387,0.47011367803447
183773.411807,2635866.126422,0,0.474908424908425,0.0932234432234432,0.148717948717949,0.0122710622710623,0.270879120879121
184273.411807,2635866.126422,0,0.407875457875458,0.106776556776557,0.0565934065934066,0.0228937728937729,0.405860805860806
184773.411807,2635866.126422,0,0.361569490282362,0,0.174917491749175,0.116795012834617,0.346718005133847
185273.411807,2635866.126422,0,0.725641025641026,0,0.0223443223443223,0.0131868131868132,0.238827838827839
185773.411807,2635866.126422,0,0.887179487179487,0,0.0117216117216117,0.00494505494505494,0.0961538461538462
186273.411807,2635866.126422,0,0.457328990228013,0.0146579804560261,0.485342019543974,0.000325732899022801,0.0423452768729642
173773.411807,2635366.126422,0.15365551425031,0.0644361833952912,0,0,0.0229244114002478,0.758983890954151
174273.411807,2635366.126422,0.0126443100604728,0.0749496060106286,0.00183250870441635,0,0.00311526479750779,0.907458310426975
174773.411807,2635366.126422,0.18682327032483,0.060561570930446,0.000367039823820885,0,0.0047715177096715,0.747476601211231
175273.411807,2635366.126422,0.113332110764717,0.0526315789473684,0.0295250320924262,0,0.00788556757748029,0.796625710618008
175773.411807,2635366.126422,0.21073850100788,0.118380062305296,0,0,0,0.670881436686824
176273.411807,2635366.126422,0.111763626353459,0.182235272527069,0.267021471829694,0,0.000734079647641769,0.438245549642136
176773.411807,2635366.126422,0.147625160462131,0.259123418301852,0.044379240784889,0,0.000366770584999083,0.548505409866129
177273.411807,2635366.126422,0.0284038849184534,0.613523914238593,0,0.0740333516584204,0.0148433205057724,0.269195528678761
177773.411807,2635366.126422,0,0.219306294732979,0,0,0,0.780693705267021
178273.411807,2635366.126422,0,0.340913258756648,0,0,0,0.659086741243352
178773.411807,2635366.126422,0.00109950522264981,0.061205790727506,0,0,0.00311526479750779,0.934579439252336
179273.411807,2635366.126422,0,0.0431271792989539,0.0611121306661773,0.0012846393833731,0.0220223894292531,0.872453661222243
179773.411807,2635366.126422,0,0.265908674124335,0.0550155877498625,0.00916926462497708,0.0614340729873464,0.608472400513479
180273.411807,2635366.126422,0,0.283855598314092,0.0907091808686091,0.0575407733186733,0.0601062855048561,0.507788161993769
180773.411807,2635366.126422,0,0.200954303541934,0.164066801247935,0.181868232703248,0.0743255643237291,0.378785098183153
181273.411807,2635366.126422,0,0.144874381074638,0.120300751879699,0.000366770584999083,0.0629011553273428,0.671556941133321
181773.411807,2635366.126422,0,0.215319772768921,0.00549752611324904,0.11214953271028,0.0802638812534359,0.586769287154114
