"x","y","forest","agri","water","built","other","grass"
280273.411807,2779366.126422,0.0100861910874748,0.0146708233999633,0.0718870346598203,0.716853108380708,0.0652851641298368,0.121217678342197
280773.411807,2779366.126422,0.051676745464541,0.0505772402418911,0.0350009162543522,0.336082096389958,0.152831225948323,0.373831775700935
281273.411807,2779366.126422,0.192145347770233,0.0772618829142962,0.0620297302257295,0.296201137823454,0.109744907322444,0.262616993943843
281773.411807,2779366.126422,0.0304419585549239,0.0370438290849074,0.215477718686961,0.463414634146341,0.0902255639097744,0.163396295617092
282273.411807,2779366.126422,0.00274876305662452,0.0344511636430273,0.193146417445483,0.431555799890049,0.17372182517867,0.164376030786146
282773.411807,2779366.126422,0.0357863828225362,0.0322995044962378,0.102771150669848,0.241695723986052,0.0957973940172509,0.491649844008075
283273.411807,2779366.126422,0.0495140289748762,0.011186502842472,0.0267742527049331,0.211626627544471,0.107280396112232,0.593618191821016
283773.411807,2779366.126422,0.251053692505039,0.0577240241891149,0.013560564412681,0.162726772952172,0.0388491845336265,0.476085761407367
284273.411807,2779366.126422,0.299688016149752,0.0176179115434025,0.000367039823820885,0.0262433474031932,0.0161497522481189,0.639933932831712
284773.411807,2779366.126422,0.472217128186319,0.000366770584999083,0,0.0163212910324592,0.0412616908123968,0.469833119383825
285273.411807,2779366.126422,0.741249770936412,0.000549752611324904,0,0.00659703133589885,0.0104452996151732,0.241158145501191
285773.411807,2779366.126422,0.493852082951,0.00568911726922371,0,0.00385391815011929,0.0506514956872821,0.445953385942375
286273.411807,2779366.126422,0.514762516046213,0.00183385292499542,0,0.00990280579497524,0.037593984962406,0.43590684027141
286773.411807,2779366.126422,0.656587868792377,0.00458127176104087,0,0.00659703133589885,0.013560564412681,0.318673263698003
287273.411807,2779366.126422,0.296751697559185,0.00642319691686548,0.000917599559552211,0.0389062213250138,0.0473481372728941,0.609653147366489
287773.411807,2779366.126422,0.445866393652419,0.000255950857435372,0,0.0621960583567955,0.0954696698233939,0.396211927309956
275273.411807,2778866.126422,0.0225140712945591,0.0257303671937818,0.00777271508978826,0.161082819619405,0.16939158402573,0.613508442776735
275773.411807,2778866.126422,0.0381581361218125,0.0155934690882407,0.00770500825536599,0.230599889928453,0.120344890845716,0.587598605760411
276273.411807,2778866.126422,0.0221611721611722,0.0175824175824176,0.00457875457875458,0.405860805860806,0.0826007326007326,0.467216117216117
276773.411807,2778866.126422,0.0154128440366972,0.0596330275229358,0.00018348623853211,0.209357798165138,0.0948623853211009,0.620550458715596
277273.411807,2778866.126422,0.0168776371308017,0.06989543203082,0.213722252797652,0.181434599156118,0.0603558980003669,0.457714180884241
277773.411807,2778866.126422,0.00512820512820513,0.0408424908424908,0.412454212454212,0.203479853479853,0.0902930402930403,0.247802197802198
279773.411807,2778866.126422,0.120183486238532,0.0113761467889908,0.0018348623853211,0.0728440366972477,0.0669724770642202,0.726788990825688
280273.411807,2778866.126422,0.0752155567785727,0.0544854155200881,0.00403595670519171,0.561915244909191,0.18693817648138,0.117409649605577
280773.411807,2778866.126422,0.167399267399267,0.176739926739927,0,0.0501831501831502,0.0432234432234432,0.562454212454212
281273.411807,2778866.126422,0.190091743119266,0.00128440366972477,0,0.0135779816513761,0.0170642201834862,0.777981651376147
281773.411807,2778866.126422,0.219409282700422,0.00513667217024399,0,0.0143093010456797,0.0194459732159237,0.741698770867731
282273.411807,2778866.126422,0.369047619047619,0.0318681318681319,0.000183150183150183,0.0882783882783883,0.0417582417582418,0.468864468864469
282773.411807,2778866.126422,0.0603669724770642,0.00844036697247706,0.0172477064220183,0.0185321100917431,0.0445871559633028,0.850825688073395
283273.411807,2778866.126422,0.524490919097413,0.000366905155017428,0,0.00366905155017428,0.00605393505778756,0.465419189139607
283773.411807,2778866.126422,0.429120879120879,0.000732600732600733,0,0.0413919413919414,0.0192307692307692,0.509523809523809
284273.411807,2778866.126422,0.413211009174312,0.00623853211009174,0,0.0677064220183486,0.0486238532110092,0.464220183486239
284773.411807,2778866.126422,0.648871766648321,0.000733810310034856,0,0.001284168042561,0.00587048248027885,0.343239772518804
285273.411807,2778866.126422,0.469230769230769,0.000366300366300366,0,0.00238095238095238,0.00366300366300366,0.524358974358974
285773.411807,2778866.126422,0.395596330275229,0.00128440366972477,0,0.0411009174311927,0.0510091743119266,0.511009174311927
286273.411807,2778866.126422,0.558796551091543,0,0,0.0220143093010457,0.0267840763162722,0.392405063291139
286773.411807,2778866.126422,0.391941391941392,0.0327838827838828,0,0.0558608058608059,0.122161172161172,0.397252747252747
287273.411807,2778866.126422,0.127339449541284,0.0211009174311927,0,0.226238532110092,0.135045871559633,0.490275229357798
287773.411807,2778866.126422,0.300384122919334,0.00717029449423816,0,0.0522407170294494,0.0432778489116517,0.596927016645327
275273.411807,2778366.126422,0.0157838416265383,0.0425361155698234,0.0181915462814339,0.521669341894061,0.143392188336009,0.258426966292135
275773.411807,2778366.126422,0.0461538461538462,0.0558608058608059,0.0010989010989011,0.217399267399267,0.128754578754579,0.550732600732601
276273.411807,2778366.126422,0.0249358269160249,0.0474880821415475,0.0135680234690136,0.645214521452145,0.0980931426475981,0.170700403373671
276773.411807,2778366.126422,0.0586080586080586,0.0489010989010989,0.0177655677655678,0.556227106227106,0.121428571428571,0.197069597069597
277273.411807,2778366.126422,0.0970695970695971,0.0360805860805861,0.00274725274725275,0.314835164835165,0.150549450549451,0.398717948717949
277773.411807,2778366.126422,0.0374037403740374,0.0881921525485882,0,0.125045837917125,0.0540887422075541,0.695269526952695
278273.411807,2778366.126422,0.0214285714285714,0,0,0,0.000366300366300366,0.978205128205128
278773.411807,2778366.126422,0.0772893772893773,0.00494505494505494,0.00146520146520147,0.0963369963369963,0.0408424908424908,0.779120879120879
279273.411807,2778366.126422,0.358452511917858,0.0011001100110011,0.0011001100110011,0.0209020902090209,0.0218188485515218,0.596626329299597
279773.411807,2778366.126422,0.299084249084249,0.00366300366300366,0.0181318681318681,0.0142857142857143,0.0210622710622711,0.643772893772894
280273.411807,2778366.126422,0.238278388278388,0.0124542124542125,0.0419413919413919,0.0122710622710623,0.0258241758241758,0.669230769230769
280773.411807,2778366.126422,0.146497983131646,0.147781444811148,0,0.0218188485515218,0.0430876420975431,0.640814081408141
281273.411807,2778366.126422,0.345054945054945,0.00311355311355311,0.00457875457875458,0.067032967032967,0.0787545787545788,0.501465201465201
281773.411807,2778366.126422,0.583699633699634,0.00183150183150183,0,0.00879120879120879,0.0247252747252747,0.380952380952381
282273.411807,2778366.126422,0.601210121012101,0.00275027502750275,0.00513384671800513,0.000183351668500183,0.0044004400440044,0.386321965529886
282773.411807,2778366.126422,0.148351648351648,0.00989010989010989,0.0666666666666667,0.0575091575091575,0.0457875457875458,0.671794871794872
283273.411807,2778366.126422,0.73021978021978,0.00146520146520147,0,0.00677655677655678,0.00879120879120879,0.252747252747253
283773.411807,2778366.126422,0.882654932159883,0.000366703337000367,0,0,0,0.116978364503117
284273.411807,2778366.126422,0.717582417582418,0.000549450549450549,0,0.00604395604395604,0.0139194139194139,0.261904761904762
284773.411807,2778366.126422,0.497619047619048,0.00421245421245421,0.000183150183150183,0.0227106227106227,0.0227106227106227,0.452564102564103
285273.411807,2778366.126422,0.665016501650165,0,0,0.0011001100110011,0.0106343967730106,0.323248991565823
285773.411807,2778366.126422,0.68974358974359,0.000366300366300366,0,0.00934065934065934,0.0139194139194139,0.286630036630037
286273.411807,2778366.126422,0.625457875457875,0,0,0.015018315018315,0.0146520146520147,0.344871794871795
286773.411807,2778366.126422,0.55958929226256,0.0174184085075174,0,0.0192519251925193,0.0174184085075174,0.386321965529886
287273.411807,2778366.126422,0.632600732600733,0.00347985347985348,0,0.0380952380952381,0.0481684981684982,0.277655677655678
287773.411807,2778366.126422,0.532361217702737,0.00306983883346124,0,0.180864671271425,0.0503965208493221,0.233307751343054
275273.411807,2777866.126422,0.0830431288507903,0.0554513795874632,0.00508974015537102,0.428073935172783,0.144923653897669,0.283418162335923
275773.411807,2777866.126422,0.0372272143774069,0.033192737942417,0.00421786172748946,0.531450577663671,0.141390060517147,0.252521547771869
276273.411807,2777866.126422,0.0273043796958036,0.0313358988455195,0.023089609675646,0.670514934945941,0.0751328568810702,0.17262231995602
276773.411807,2777866.126422,0.0425766195632226,0.0335841438796109,0.0198201504863278,0.668746559001652,0.13286841622316,0.102404110846027
277273.411807,2777866.126422,0.0691362552723272,0.0491472583898771,0.00293416467999266,0.293233082706767,0.174949569044563,0.410599669906474
277773.411807,2777866.126422,0.0976727139453912,0.0346344145134689,0.00604727872457394,0.43833608209639,0.11214953271028,0.311159978009896
278273.411807,2777866.126422,0.0869884382455496,0.0267939071389246,0,0.0438612589465957,0.0383556615892824,0.804000734079648
278773.411807,2777866.126422,0.155143957454612,0,0,0.000916926462497708,0.00183385292499542,0.842105263157895
279273.411807,2777866.126422,0.165109034267913,0.0232728605460876,0.00274876305662452,0.0441634597764339,0.0723840938244457,0.692321788528495
279773.411807,2777866.126422,0.419893558451092,0.0106441548908057,0.00330335841438796,0.0130299137456414,0.00844191594788034,0.544687098550193
280273.411807,2777866.126422,0.350265908674124,0,0,0,0.000366770584999083,0.649367320740877
280773.411807,2777866.126422,0.169140553417629,0.00329851566794942,0.0042147700201576,0.0978559648158329,0.0514934945940993,0.673996701484332
281273.411807,2777866.126422,0.303541934299872,0.0359699027344467,0.000550559735731327,0.0168838318957607,0.0368875022939989,0.606166269040191
281773.411807,2777866.126422,0.282229965156794,0.0227397762699432,0.00403447643498991,0.066018705299835,0.0827067669172932,0.542270309921144
282273.411807,2777866.126422,0.762873373648525,0.00256551218618288,0,0.0139270661535642,0.0225398570643211,0.198094190947407
282773.411807,2777866.126422,0.877959258579556,0.000734079647641769,0,0.000917599559552211,0.00715727656450725,0.113231785648743
283273.411807,2777866.126422,0.801393728222996,0.000366770584999083,0,0.000183385292499542,0.00476801760498808,0.193288098294517
283773.411807,2777866.126422,0.566245189664651,0.000366501740883269,0,0.00604727872457394,0.0100787978742899,0.417262231995602
284273.411807,2777866.126422,0.588915397320609,0.00201871903101487,0.000183519911910442,0.009543035419343,0.0341347036153423,0.36520462470178
284773.411807,2777866.126422,0.689712085090776,0.00128369704749679,0,0.00293416467999266,0.0236567027324409,0.282413350449294
285273.411807,2777866.126422,0.55488363569727,0.000549752611324904,0,0.00348176653839106,0.00678028220634048,0.434304562946674
285773.411807,2777866.126422,0.575885483574968,0.000183519911910442,0,0.00458799779776106,0.0203707102220591,0.398972288493302
286273.411807,2777866.126422,0.627544470933431,0.000733541169998166,0,0.00495140289748762,0.011186502842472,0.355584082156611
286773.411807,2777866.126422,0.530511269928532,0.000183250870441635,0,0.0179585853032802,0.0392156862745098,0.412131207623236
287273.411807,2777866.126422,0.707652780326665,0.0245916681959993,0,0.00935951550743256,0.0154156726004772,0.242980363369426
287773.411807,2777866.126422,0.761453800870233,0.00435116457640133,0,0.00895828001023804,0.0248272331712311,0.200409521371897
275273.411807,2777366.126422,0.0238541945859019,0.0595014741356205,0.0479764138300724,0.053068882337175,0.0514607343875637,0.764138300723667
275773.411807,2777366.126422,0.0377912309667951,0.0579710144927536,0.0078884608328747,0.467070262337186,0.0941111722619703,0.33516785910842
276273.411807,2777366.126422,0.0243589743589744,0.103479853479853,0.00512820512820513,0.563186813186813,0.117765567765568,0.186080586080586
276773.411807,2777366.126422,0.0198165137614679,0.0513761467889908,0.0124770642201835,0.760183486238532,0.0513761467889908,0.104770642201835
277273.411807,2777366.126422,0.0493487433498441,0.0262337185837461,0.00165107319757843,0.523390203632361,0.124564300128417,0.274811961108054
277773.411807,2777366.126422,0.154761904761905,0.065018315018315,0.000732600732600733,0.0796703296703297,0.0774725274725275,0.622344322344322
278273.411807,2777366.126422,0.25743119266055,0.0115596330275229,0.00623853211009174,0.000917431192660551,0.00403669724770642,0.719816513761468
278773.411807,2777366.126422,0.249862410566868,0.000183452577508714,0,0.000183452577508714,0.00091726288754357,0.748853421390571
279273.411807,2777366.126422,0.201648351648352,0.00750915750915751,0,0.0104395604395604,0.0318681318681319,0.748534798534799
279773.411807,2777366.126422,0.401467889908257,0.00844036697247706,0.0251376146788991,0.00532110091743119,0.023302752293578,0.536330275229358
280273.411807,2777366.126422,0.367272060172445,0.00110071546505228,0.00146762062006971,0.0278847917813245,0.0170610897083104,0.585213722252798
280773.411807,2777366.126422,0.202014652014652,0.00274725274725275,0.00183150183150183,0.00384615384615385,0.0181318681318681,0.771428571428571
281273.411807,2777366.126422,0.530091743119266,0,0,0.00477064220183486,0.00770642201834862,0.45743119266055
281773.411807,2777366.126422,0.689598238855256,0.00146762062006971,0.000550357732526142,0.015410016510732,0.0390753990093561,0.25389836727206
282273.411807,2777366.126422,0.563553113553114,0.00164835164835165,0,0.0408424908424908,0.0478021978021978,0.346153846153846
282773.411807,2777366.126422,0.351926605504587,0.00220183486238532,0,0.0130275229357798,0.0405504587155963,0.592293577981651
283273.411807,2777366.126422,0.745918180150431,0.000550357732526142,0,0.0121078701155751,0.0286186020913594,0.212804989910108
283773.411807,2777366.126422,0.797069597069597,0.00183150183150183,0,0.00201465201465201,0.00384615384615385,0.195238095238095
284273.411807,2777366.126422,0.664770642201835,0,0,0.115779816513761,0.0319266055045872,0.187522935779817
284773.411807,2777366.126422,0.808108603925885,0.000366905155017428,0,0.00953953403045313,0.0203632361034673,0.161621720785177
285273.411807,2777366.126422,0.787362637362637,0,0,0.0108058608058608,0.0128205128205128,0.189010989010989
285773.411807,2777366.126422,0.681284403669725,0.0128440366972477,0,0.00862385321100917,0.011743119266055,0.285504587155963
286273.411807,2777366.126422,0.689598238855256,0.000366905155017428,0,0.00238488350761328,0.010273344340488,0.297376628141625
286773.411807,2777366.126422,0.585714285714286,0.00183150183150183,0,0.0100732600732601,0.0298534798534799,0.372527472527473
287273.411807,2777366.126422,0.529357798165138,0.00036697247706422,0.00018348623853211,0.0587155963302752,0.051743119266055,0.359633027522936
287773.411807,2777366.126422,0.626888604353393,0,0,0.0102432778489117,0.0174135723431498,0.345454545454545
275273.411807,2776866.126422,0.0708935259497057,0.0473515248796148,0.0468164794007491,0.159711075441413,0.113697164258962,0.561530230069556
275773.411807,2776866.126422,0.0516483516483516,0.0146520146520147,0.0203296703296703,0.24010989010989,0.108791208791209,0.564468864468864
276273.411807,2776866.126422,0.0918591859185919,0.0645397873120645,0.00146681334800147,0.262559589292263,0.117528419508618,0.462046204620462
276773.411807,2776866.126422,0.0536630036630037,0.115384615384615,0.0195970695970696,0.186263736263736,0.0899267399267399,0.535164835164835
277273.411807,2776866.126422,0.0978021978021978,0.032967032967033,0.00293040293040293,0.198901098901099,0.0978021978021978,0.56959706959707
277773.411807,2776866.126422,0.0627062706270627,0.0760909424275761,0.00055005500550055,0.385221855518885,0.11001100110011,0.365419875320865
278273.411807,2776866.126422,0.445421245421245,0.00915750915750916,0.000549450549450549,0.0315018315018315,0.0353479853479853,0.478021978021978
278773.411807,2776866.126422,0.103846153846154,0.00128205128205128,0,0.0302197802197802,0.0360805860805861,0.828571428571429
279273.411807,2776866.126422,0.297213054638797,0.0011001100110011,0.000183351668500183,0.0273193986065273,0.024019068573524,0.65016501650165
279773.411807,2776866.126422,0.76959706959707,0.000549450549450549,0,0.0108058608058608,0.0108058608058608,0.208241758241758
280273.411807,2776866.126422,0.614102564102564,0,0,0.0108058608058608,0.0133699633699634,0.361721611721612
280773.411807,2776866.126422,0.563256325632563,0,0,0.00238357169050238,0.00201686835350202,0.432343234323432
281273.411807,2776866.126422,0.176190476190476,0.0336996336996337,0.0582417582417582,0.00421245421245421,0.0227106227106227,0.704945054945055
281773.411807,2776866.126422,0.137728937728938,0.0208791208791209,0.0104395604395604,0.0472527472527473,0.0915750915750916,0.692124542124542
282273.411807,2776866.126422,0.484231756508984,0.0122845617895123,0.0066006600660066,0.0143014301430143,0.0287862119545288,0.453795379537954
282773.411807,2776866.126422,0.880952380952381,0.000183150183150183,0,0.00659340659340659,0.00787545787545788,0.104395604395604
283273.411807,2776866.126422,0.47948717948718,0,0,0.0148351648351648,0.0228937728937729,0.482783882783883
283773.411807,2776866.126422,0.722038870553722,0.000916758342500917,0,0.0586725339200587,0.0474880821415475,0.170883755042171
284273.411807,2776866.126422,0.657142857142857,0.000549450549450549,0,0.0822344322344322,0.0386446886446886,0.221428571428571
284773.411807,2776866.126422,0.557875457875458,0.00384615384615385,0.00274725274725275,0.125641025641026,0.0653846153846154,0.244505494505494
285273.411807,2776866.126422,0.804180418041804,0,0,0.00238357169050238,0.00898423175650898,0.184451778511184
285773.411807,2776866.126422,0.690659340659341,0.00732600732600733,0,0.0194139194139194,0.0293040293040293,0.253296703296703
286273.411807,2776866.126422,0.596336996336996,0.00549450549450549,0,0.0227106227106227,0.0336996336996337,0.341758241758242
286773.411807,2776866.126422,0.365053171983865,0.0141180784745141,0,0.030986431976531,0.0476714338100477,0.542170883755042
287273.411807,2776866.126422,0.343406593406593,0.00622710622710623,0,0.123992673992674,0.0884615384615385,0.437912087912088
287773.411807,2776866.126422,0.636991557943208,0.000767459708365311,0,0.0685597339473011,0.0337682271680737,0.259913021233052
275273.411807,2776366.126422,0.012590409858023,0.0589338333779802,0.0567907848915082,0.366461291186713,0.0522368068577552,0.45298687382802
275773.411807,2776366.126422,0.0359435173299101,0.0454795525398863,0.0445626260773886,0.682009902805795,0.110397946084724,0.081606455162296
276273.411807,2776366.126422,0.0441634597764339,0.135422393256368,0.00146600696353308,0.0566245189664651,0.0379329301814184,0.724390690855782
276773.411807,2776366.126422,0.0405579005322077,0.0664342081115801,0.00201871903101487,0.269223710772619,0.106808588731877,0.514956872820701
277273.411807,2776366.126422,0.0196222262974509,0.017604988079956,0.00348432055749129,0.857142857142857,0.072803961122318,0.0293416467999266
277773.411807,2776366.126422,0.125893347993403,0.0370166758292102,0.00586402785413231,0.201942459226681,0.0846619021440352,0.544621586952538
278273.411807,2776366.126422,0.277665626720499,0.052303174894476,0.00917599559552211,0.039823820884566,0.0407414204441182,0.580289961460818
278773.411807,2776366.126422,0.112781954887218,0.0128369704749679,0.0166880616174583,0.0104529616724739,0.0408949202273978,0.806345131120484
279273.411807,2776366.126422,0.263698002565512,0.00109950522264981,0,0.0318856514568444,0.0371999266996518,0.666116914055342
279773.411807,2776366.126422,0.655166085520279,0.00183519911910442,0,0.030280785465223,0.0345017434391632,0.27821618645623
280273.411807,2776366.126422,0.754813863928113,0,0,0,0.000183385292499542,0.245002750779387
280773.411807,2776366.126422,0.785779732453729,0.00384826827927433,0,0.000366501740883269,0.00311526479750779,0.206890232728605
281273.411807,2776366.126422,0.708937419710039,0.00183519911910442,0,0.00110111947146265,0.00311983850247752,0.285006423196917
281773.411807,2776366.126422,0.404547955253989,0.0113698881349716,0.0137538969374656,0.00458463231248854,0.0121034293049697,0.553640198056116
282273.411807,2776366.126422,0.225215319772769,0.015026571376214,0.0623052959501558,0.0109950522264981,0.0295033901411032,0.65695437053326
282773.411807,2776366.126422,0.56836116718664,0.000183519911910442,0,0.0440447788585061,0.0467975775371628,0.340612956505781
283273.411807,2776366.126422,0.681092976343297,0,0,0.0183385292499542,0.0280579497524299,0.272510544654319
283773.411807,2776366.126422,0.339380612057907,0.00329851566794942,0,0.0172255818215137,0.043613707165109,0.596481583287521
284273.411807,2776366.126422,0.449990824004404,0,0,0.00734079647641769,0.0130299137456414,0.529638465773536
284773.411807,2776366.126422,0.491472583898771,0.00403447643498991,0,0.0102695763799743,0.0276911791674308,0.466532184118834
285273.411807,2776366.126422,0.424958768554151,0.00274876305662452,0,0.00329851566794942,0.0364669232178853,0.53252702950339
285773.411807,2776366.126422,0.557900532207744,0.00935951550743256,0,0.015782712424298,0.0506514956872821,0.366305744173243
286273.411807,2776366.126422,0.614707500458463,0.00275077938749312,0,0.0610673024023473,0.0370438290849074,0.284430588666789
286773.411807,2776366.126422,0.598314091991937,0.00714678394722375,0.000366501740883269,0.0203408466190214,0.0284038849184534,0.345427890782481
287273.411807,2776366.126422,0.641218572215085,0.000917599559552211,0,0.0187190310148651,0.0968985134887135,0.242246283721784
287773.411807,2776366.126422,0.350396723829025,0.00588686972101357,0,0.0826721269516253,0.0537496800614282,0.507294599436908
275273.411807,2775866.126422,0.0278745644599303,0.0270704904851246,0.0227820959528277,0.537389439828464,0.139372822299652,0.245510586974002
275773.411807,2775866.126422,0.0730141258484682,0.0447624289121262,0.0240322876536415,0.0972298660796184,0.0643918547055586,0.696569436800587
276273.411807,2775866.126422,0.164285714285714,0.0133699633699634,0.000183150183150183,0.0126373626373626,0.0465201465201465,0.763003663003663
276773.411807,2775866.126422,0.058348623853211,0.0310091743119266,0.00018348623853211,0.0642201834862385,0.0645871559633028,0.781651376146789
277273.411807,2775866.126422,0.0409099247844432,0.0332049165290772,0.0119244175380664,0.298844248761695,0.101082370207301,0.514034122179417
277773.411807,2775866.126422,0.0472527472527473,0.0782051282051282,0.00824175824175824,0.397069597069597,0.164652014652015,0.304578754578755
278273.411807,2775866.126422,0.260183486238532,0.0126605504587156,0.00440366972477064,0.0207339449541284,0.0675229357798165,0.634495412844037
278773.411807,2775866.126422,0.480645753072831,0.0137589433131535,0.00165107319757843,0.120895248578243,0.0913593835993396,0.291689598238855
279273.411807,2775866.126422,0.34981684981685,0.00347985347985348,0,0.0802197802197802,0.0778388278388278,0.488644688644689
279773.411807,2775866.126422,0.712110091743119,0.00697247706422018,0,0.00642201834862385,0.0110091743119266,0.26348623853211
280273.411807,2775866.126422,0.496239222161071,0.00550357732526142,0.000183452577508714,0.0449458814896349,0.0517336268574573,0.401394239589066
280773.411807,2775866.126422,0.723443223443223,0.000183150183150183,0,0.00347985347985348,0.00494505494505494,0.267948717948718
281273.411807,2775866.126422,0.589357798165138,0.00018348623853211,0,0.0240366972477064,0.0326605504587156,0.353761467889908
281773.411807,2775866.126422,0.768299394606494,0.000733810310034856,0,0.00201797835259585,0.0152265639332233,0.213722252797652
282273.411807,2775866.126422,0.794871794871795,0,0,0.00146520146520147,0.00457875457875458,0.199084249084249
282773.411807,2775866.126422,0.768440366972477,0.00036697247706422,0,0.00825688073394495,0.0179816513761468,0.204954128440367
283273.411807,2775866.126422,0.384883507613282,0.00642084021280499,0,0.152815997064759,0.264171711612548,0.191707943496606
283773.411807,2775866.126422,0.681501831501832,0.00915750915750916,0,0.00549450549450549,0.0230769230769231,0.280769230769231
284273.411807,2775866.126422,0.784770642201835,0.00018348623853211,0,0.00275229357798165,0.00532110091743119,0.20697247706422
284773.411807,2775866.126422,0.667217024399193,0.000183452577508714,0,0.00513667217024399,0.00880572372041827,0.318657127132636
285273.411807,2775866.126422,0.701831501831502,0,0,0.0192307692307692,0.0230769230769231,0.255860805860806
285773.411807,2775866.126422,0.527522935779816,0.0179816513761468,0,0.0313761467889908,0.0647706422018349,0.358348623853211
286273.411807,2775866.126422,0.595120161438268,0.00330214639515685,0.00495321959273528,0.085305448541552,0.0469638598422308,0.264355164190057
286773.411807,2775866.126422,0.313003663003663,0.0437728937728938,0.00659340659340659,0.367765567765568,0.125824175824176,0.143040293040293
287273.411807,2775866.126422,0.260733944954128,0.0541284403669725,0.00348623853211009,0.212660550458716,0.0689908256880734,0.4
287773.411807,2775866.126422,0.249679897567222,0.00102432778489117,0,0.321895006402049,0.157234314980794,0.270166453265045
275273.411807,2775366.126422,0.0430711610486891,0.0366506153023007,0.00160513643659711,0.536918138041733,0.0877474585339754,0.294007490636704
275773.411807,2775366.126422,0.0620879120879121,0.0357142857142857,0.0137362637362637,0.383516483516484,0.121428571428571,0.383516483516484
276273.411807,2775366.126422,0.103777044371104,0.0212687935460213,0.0033003300330033,0.083975064173084,0.0832416574990832,0.704437110377704
276773.411807,2775366.126422,0.135164835164835,0.01996336996337,0.000183150183150183,0.105128205128205,0.106776556776557,0.632783882783883
277273.411807,2775366.126422,0.0904761904761905,0.0401098901098901,0.0010989010989011,0.10989010989011,0.0840659340659341,0.674358974358974
277773.411807,2775366.126422,0.0632563256325633,0.0914924825815915,0.0764576457645765,0.0188852218555189,0.0896589658965897,0.66024935826916
278273.411807,2775366.126422,0.0417582417582418,0.0551282051282051,0.0496336996336996,0.238827838827839,0.0820512820512821,0.532600732600733
278773.411807,2775366.126422,0.0402930402930403,0.0424908424908425,0.00604395604395604,0.418681318681319,0.0961538461538462,0.396336996336996
279273.411807,2775366.126422,0.0826916024935827,0.0247524752475248,0.00971763843050972,0.200770077007701,0.15034836817015,0.531719838650532
279773.411807,2775366.126422,0.173443223443223,0.0604395604395604,0,0.189194139194139,0.105494505494505,0.471428571428571
280273.411807,2775366.126422,0.243040293040293,0.0681318681318681,0.000366300366300366,0.0324175824175824,0.132234432234432,0.523809523809524
280773.411807,2775366.126422,0.36046938027136,0.0102676934360103,0.000366703337000367,0.0286028602860286,0.0531719838650532,0.547121378804547
281273.411807,2775366.126422,0.872161172161172,0.000732600732600733,0,0.000732600732600733,0.00256410256410256,0.123809523809524
281773.411807,2775366.126422,0.615018315018315,0.000549450549450549,0,0.0195970695970696,0.0357142857142857,0.329120879120879
282273.411807,2775366.126422,0.711771177117712,0.00201686835350202,0,0.0214521452145215,0.033003300330033,0.231756508984232
282773.411807,2775366.126422,0.819047619047619,0.00238095238095238,0.000183150183150183,0.0111721611721612,0.021978021978022,0.145238095238095
283273.411807,2775366.126422,0.642490842490843,0.000732600732600733,0,0.0144688644688645,0.0386446886446886,0.303663003663004
283773.411807,2775366.126422,0.572607260726073,0.000366703337000367,0,0.028969563623029,0.0418041804180418,0.356252291895856
284273.411807,2775366.126422,0.684065934065934,0,0,0.0316849816849817,0.0181318681318681,0.266117216117216
284773.411807,2775366.126422,0.453296703296703,0.0152014652014652,0.000183150183150183,0.181318681318681,0.147069597069597,0.202930402930403
285273.411807,2775366.126422,0.273010634396773,0.0348368170150348,0,0.208654198753209,0.122662266226623,0.360836083608361
285773.411807,2775366.126422,0.720879120879121,0.00256410256410256,0,0.00934065934065934,0.0294871794871795,0.237728937728938
286273.411807,2775366.126422,0.640842490842491,0.00677655677655678,0,0.0362637362637363,0.0415750915750916,0.274542124542125
286773.411807,2775366.126422,0.463329666299963,0.0528052805280528,0,0.228272827282728,0.0658232489915658,0.18976897689769
287273.411807,2775366.126422,0.060989010989011,0.0373626373626374,0.000915750915750916,0.791391941391941,0.0708791208791209,0.0384615384615385
287773.411807,2775366.126422,0.0657457150166283,0.0757226912253773,0.0189306728063443,0.42389357892044,0.210539779994884,0.205167562036326
275273.411807,2774866.126422,0,0.0297347977497991,0.0519689257969462,0.178408786498795,0.107688186445218,0.632199303509242
275773.411807,2774866.126422,0.0465798642948836,0.0629011553273428,0.00330093526499175,0.24812030075188,0.140839904639648,0.498257839721254
276273.411807,2774866.126422,0.0886934212937511,0.309693971046362,0.0203408466190214,0.148982957669049,0.0472787245739417,0.385010078797874
276773.411807,2774866.126422,0.0645990089924757,0.285740502844559,0.0765278032666544,0.0242246283721784,0.0682694072306845,0.480638649293448
277273.411807,2774866.126422,0.0143040528149642,0.0924261874197689,0.0548322024573629,0.242985512561893,0.134788189987163,0.460663854758848
277773.411807,2774866.126422,0.0780648708081363,0.0392156862745098,0.0925416895730255,0.0263881253435954,0.0615722924683892,0.702217335532344
278273.411807,2774866.126422,0.0473481372728941,0.047715177096715,0.0297302257294917,0.21141493852083,0.130849697192145,0.532941824187924
278773.411807,2774866.126422,0.0920594168347699,0.0757381258023107,0.00678525582248304,0.355217311571612,0.220245736291949,0.249954153676875
279273.411807,2774866.126422,0.0749496060106286,0.0745831042697453,0.00696353307678211,0.195711929631666,0.202675462708448,0.44511636430273
279773.411807,2774866.126422,0.0776289227381171,0.0552394934850431,0.000550559735731327,0.179298953936502,0.131400256927877,0.55588181317673
280273.411807,2774866.126422,0.0696864111498258,0.23216578030442,0.00788556757748029,0.0709701081973226,0.106363469649734,0.512928663121218
280773.411807,2774866.126422,0.151731720725673,0.0971229613340663,0.000916254352208173,0.0943741982774418,0.147883452446399,0.507971412864211
281273.411807,2774866.126422,0.180033033584144,0.0289961460818499,0.0012846393833731,0.101853551110295,0.112864745824922,0.574967884015416
281773.411807,2774866.126422,0.641298367870897,0.00366770584999083,0,0.0513478818998716,0.0667522464698331,0.236933797909408
282273.411807,2774866.126422,0.939160711013377,0,0,0.00659703133589885,0.00274876305662452,0.0514934945940993
282773.411807,2774866.126422,0.763259313635529,0.00367039823820885,0,0.00807487612405946,0.0106441548908057,0.214351257111397
283273.411807,2774866.126422,0.772418852008069,0.00128369704749679,0,0.0106363469649734,0.0117366587199707,0.20392444525949
283773.411807,2774866.126422,0.701667582921019,0.00329851566794942,0,0.00549752611324904,0.0144768187648891,0.275059556532894
284273.411807,2774866.126422,0.533859423747477,0.00183519911910442,0,0.0139475133051936,0.0345017434391632,0.415856120389062
284773.411807,2774866.126422,0.620575829818449,0.00586832935998533,0,0.0146708233999633,0.0232899321474418,0.335595085274161
285273.411807,2774866.126422,0.300531427524281,0.0175920835623969,0.00128275609309144,0.281473336998351,0.108851017042331,0.290269378779549
285773.411807,2774866.126422,0.385575334923839,0.00201871903101487,0,0.345567994127363,0.105707469260415,0.161130482657368
286273.411807,2774866.126422,0.445626260773886,0.0177883733724555,0.000366770584999083,0.167247386759582,0.0812396845772969,0.287731523931781
286773.411807,2774866.126422,0.43833608209639,0.0174088326919553,0.00329851566794942,0.179585853032802,0.0657870624885468,0.295583654022357
287273.411807,2774866.126422,0.0317489447605065,0.0513855753349238,0.0102771150669848,0.679757753716278,0.146815929528354,0.0800146815929528
287773.411807,2774866.126422,0.0358331200409521,0.11671359099053,0.076273355515741,0.448937803941643,0.153314563603788,0.168927565907346
275273.411807,2774366.126422,0.0326990083087644,0.0418118466898955,0.00241222192441705,0.0737067810238542,0.108549986598767,0.740820155454302
275773.411807,2774366.126422,0.0550357732526142,0.0680609062557329,0.00183452577508714,0.237754540451293,0.0975967712346359,0.539717483030637
276273.411807,2774366.126422,0.052014652014652,0.0807692307692308,0.00421245421245421,0.546886446886447,0.133882783882784,0.182234432234432
276773.411807,2774366.126422,0.0711926605504587,0.126605504587156,0.000917431192660551,0.125504587155963,0.06,0.615779816513761
277273.411807,2774366.126422,0.0733810310034856,0.106219042377545,0.0313703907539901,0.0251330031186938,0.0365070629242341,0.727389469822051
277773.411807,2774366.126422,0.0415750915750916,0.0415750915750916,0.0261904761904762,0.00549450549450549,0.0195970695970696,0.865567765567766
278273.411807,2774366.126422,0.0321100917431193,0.066605504587156,0.0348623853211009,0.133211009174312,0.11045871559633,0.622752293577982
278773.411807,2774366.126422,0.08273711245643,0.0376077783892864,0.00366905155017428,0.505228398458998,0.192992111539167,0.177765547605944
279273.411807,2774366.126422,0.489194139194139,0.00934065934065934,0,0.0186813186813187,0.056043956043956,0.426739926739927
279773.411807,2774366.126422,0.586422018348624,0.0170642201834862,0.00110091743119266,0.0141284403669725,0.0185321100917431,0.362752293577982
280273.411807,2774366.126422,0.546872133553476,0.017978352595854,0,0.0387084938543387,0.0598055402678408,0.33663547972849
280773.411807,2774366.126422,0.562454212454212,0.00274725274725275,0,0.0104395604395604,0.0272893772893773,0.397069597069597
281273.411807,2774366.126422,0.484954128440367,0.134128440366972,0.000917431192660551,0.0137614678899083,0.053394495412844,0.312844036697248
281773.411807,2774366.126422,0.160521005320125,0.241423592001468,0.000183452577508714,0.127682993946065,0.130251330031187,0.339937626123647
282273.411807,2774366.126422,0.236446886446886,0.0673992673992674,0.000183150183150183,0.0917582417582418,0.1003663003663,0.503846153846154
282773.411807,2774366.126422,0.441467889908257,0.00477064220183486,0,0.0438532110091743,0.0697247706422018,0.440183486238532
283273.411807,2774366.126422,0.304531278664465,0.0121078701155751,0.000550357732526142,0.0568702990277013,0.0728306732709595,0.553109521188773
283773.411807,2774366.126422,0.27014652014652,0.0128205128205128,0,0.0172161172161172,0.0961538461538462,0.603663003663004
284273.411807,2774366.126422,0.581467889908257,0.00220183486238532,0,0.0321100917431193,0.0374311926605505,0.346788990825688
284773.411807,2774366.126422,0.583746101632728,0.00201797835259585,0,0.0522839845899835,0.0363236103467254,0.325628325077967
285273.411807,2774366.126422,0.177655677655678,0.00293040293040293,0.000366300366300366,0.452380952380952,0.113736263736264,0.252930402930403
285773.411807,2774366.126422,0.191376146788991,0.0124770642201835,0.00422018348623853,0.424954128440367,0.147155963302752,0.219816513761468
286273.411807,2774366.126422,0.0880572372041827,0.0831040176114474,0.0159603742432581,0.275912676573106,0.252797651807008,0.284168042560998
286773.411807,2774366.126422,0.277838827838828,0.0615384615384615,0.0146520146520147,0.214468864468864,0.169047619047619,0.262454212454212
287273.411807,2774366.126422,0.0486238532110092,0.148073394495413,0.0609174311926605,0.339266055045872,0.205504587155963,0.197614678899083
287773.411807,2774366.126422,0.0581306017925736,0.141869398207426,0.0996158770806658,0.49628681177977,0.142381562099872,0.0617157490396927
275273.411807,2773866.126422,0.043338683788122,0.0473515248796148,0,0.0778491171749599,0.0922953451043339,0.739165329052969
275773.411807,2773866.126422,0.0274725274725275,0.0816849816849817,0.0021978021978022,0.291391941391941,0.116666666666667,0.480586080586081
276273.411807,2773866.126422,0.0496883021635497,0.140630729739641,0.0011001100110011,0.444994499449945,0.146497983131646,0.217088375504217
276773.411807,2773866.126422,0.123260073260073,0.0142857142857143,0,0.058974358974359,0.0564102564102564,0.747069597069597
277273.411807,2773866.126422,0.0811355311355311,0.0413919413919414,0.0476190476190476,0.254395604395604,0.0734432234432234,0.502014652014652
277773.411807,2773866.126422,0.0914924825815915,0.0287862119545288,0.00183351668500183,0.211954528786212,0.0742574257425743,0.591675834250092
278273.411807,2773866.126422,0.0617216117216117,0.0934065934065934,0.000915750915750916,0.417216117216117,0.13956043956044,0.287179487179487
278773.411807,2773866.126422,0.0835164835164835,0.0232600732600733,0.00238095238095238,0.631135531135531,0.147069597069597,0.112637362637363
279273.411807,2773866.126422,0.226989365603227,0.0291529152915292,0.00568390172350568,0.193069306930693,0.105793912724606,0.439310597726439
279773.411807,2773866.126422,0.578571428571429,0,0,0.0021978021978022,0.00201465201465201,0.417216117216117
280273.411807,2773866.126422,0.804945054945055,0,0,0,0.000366300366300366,0.194688644688645
280773.411807,2773866.126422,0.81958195819582,0,0,0.000366703337000367,0.00238357169050238,0.177667766776678
281273.411807,2773866.126422,0.783699633699634,0.000366300366300366,0,0.00384615384615385,0.00641025641025641,0.205677655677656
281773.411807,2773866.126422,0.707509157509158,0.00274725274725275,0,0.00457875457875458,0.0247252747252747,0.26043956043956
282273.411807,2773866.126422,0.63036303630363,0.015034836817015,0,0.0280528052805281,0.0612394572790612,0.265309864319765
282773.411807,2773866.126422,0.357509157509158,0.0183150183150183,0,0.0725274725274725,0.0906593406593407,0.460989010989011
283273.411807,2773866.126422,0.435714285714286,0.0043956043956044,0.0124542124542125,0.0021978021978022,0.0100732600732601,0.535164835164835
283773.411807,2773866.126422,0.222222222222222,0.00311697836450312,0.000366703337000367,0.00495049504950495,0.0044004400440044,0.764943160982765
284273.411807,2773866.126422,0.277655677655678,0.00586080586080586,0.00970695970695971,0.0249084249084249,0.0285714285714286,0.653296703296703
284773.411807,2773866.126422,0.431135531135531,0.0148351648351648,0,0.143956043956044,0.0992673992673993,0.310805860805861
285273.411807,2773866.126422,0.533920058672534,0.00293362669600293,0,0.0881921525485882,0.0586725339200587,0.316281628162816
285773.411807,2773866.126422,0.148901098901099,0.0340659340659341,0.0128205128205128,0.255311355311355,0.195238095238095,0.353663003663004
286273.411807,2773866.126422,0.0265567765567766,0.0954212454212454,0.0362637362637363,0.407326007326007,0.235164835164835,0.199267399267399
286773.411807,2773866.126422,0.033003300330033,0.16960029336267,0.0931426475980931,0.403373670700403,0.153832049871654,0.147048038137147
287273.411807,2773866.126422,0.0836996336996337,0.117216117216117,0.0813186813186813,0.369230769230769,0.201282051282051,0.147252747252747
287773.411807,2773866.126422,0.187004348938347,0.0626758761831671,0.022256331542594,0.264773599386032,0.193399846508058,0.269889997441801
275273.411807,2773366.126422,0.0910795606750603,0.0752745780873292,0.318778462362711,0.0265202250200911,0.0348245379051701,0.453522635949638
275773.411807,2773366.126422,0.0913258756647717,0.0405281496423987,0,0.0306253438474234,0.0445626260773886,0.792958004768018
276273.411807,2773366.126422,0.0351841671247938,0.0692688290269379,0.201942459226681,0.146234194612424,0.0659703133589885,0.481400036650174
276773.411807,2773366.126422,0.0912093962194898,0.0890071572765645,0.00587263718113415,0.117269223710773,0.110662506881997,0.585979078730042
