"x","y","forest","agri","water","built","other","grass"
189273.411807,2668866.126422,0,0.125293991875134,0.270472525122942,0.600598674363908,0.00171049818259568,0.00192431045542014
189773.411807,2668866.126422,0,0.199401581534516,0.00106860440265014,0.753579824748878,0.0448813849113058,0.00106860440265014
190273.411807,2668866.126422,0.00128259940145361,0.16866182129115,0.00897819581017529,0.802693458743053,0.0162462590850791,0.00213766566908935
190773.411807,2668866.126422,0.0945050245884114,0.19221723326919,0.2080393414582,0.349796878340817,0.0143254222792388,0.141116100064144
191273.411807,2668866.126422,0.00470185937166061,0.241290874118401,0.421030134644155,0.0647574268005984,0.00256465056636033,0.265655054498825
191773.411807,2668866.126422,0,0.0455322787516032,0.468362548097478,0.483753740914921,0.00235143223599829,0
192273.411807,2668866.126422,0.00149668590977122,0.159931580072696,0.533461620697028,0.147958092794526,0.00342099636519136,0.153731024160787
192773.411807,2668866.126422,0,0.0942509083137422,0.61466125240436,0.255182731352853,0.0175251122034623,0.0183799957255824
193273.411807,2668866.126422,0.0109020949123557,0.647926464300983,0.0722530996152202,0.0493800769559641,0.0156049593843523,0.203933304831124
193773.411807,2668866.126422,0.00662818045755826,0.870857387214026,0,0.0153944836433611,0.010690613641223,0.0964293350438315
194273.411807,2668866.126422,0.0143192989955119,0.885018166274845,0.00854883522120111,0.0173113913229322,0.00598418465484078,0.0688181235306689
194773.411807,2668866.126422,0.0508764429243266,0.606028217186832,0.0399743480119709,0.172082086361693,0.0410431808465156,0.0899957246686618
195273.411807,2668866.126422,0.0573016891169553,0.705366688047894,0,0.126363053239256,0.0481077613855035,0.0628608082103913
195773.411807,2668866.126422,0.0435990596281257,0.785851677708912,0.000854883522120111,0.101089976490703,0.0205172045308827,0.0480871981192562
196273.411807,2668866.126422,0.0788798631893972,0.673150919196238,0,0.137665669089354,0.0468148781530569,0.0634886703719538
196773.411807,2668866.126422,0.108402822322001,0.553773786615352,0.00128287363694676,0.22386144964721,0.0555911909343596,0.0570878768441309
197273.411807,2668866.126422,0.122034622782646,0.38405642231246,0,0.266082496259885,0.110707416114554,0.117119042530455
197773.411807,2668866.126422,0.0649850363403164,0.591919623770842,0,0.155622060709705,0.0600684053014109,0.127404873877726
198273.411807,2668866.126422,0.0932221509514646,0.374171477442805,0.00085524909129784,0.339961513790892,0.0898011545862732,0.101988454137267
198773.411807,2668866.126422,0.0812139346014106,0.246847617012182,0.00341953408848044,0.428937807223766,0.141269502030348,0.0983116050438128
189273.411807,2668366.126422,0,0.353490929081913,0.0119113065787062,0.592266813267363,0.0415979475902511,0.000733003481766538
189773.411807,2668366.126422,0,0.490732244448523,0,0.37750045879978,0.131767296751698,0
190273.411807,2668366.126422,0,0.557307903906107,0,0.426737575646433,0.0148542086924629,0.00110031175499725
192773.411807,2668366.126422,0.00311983850247752,0.11635162415122,0.282987704165902,0.498623600660672,0.0501009359515507,0.0488162965681776
193273.411807,2668366.126422,0.0117366587199707,0.301668806161746,0.0819732257472951,0.227214377406932,0.104713002017238,0.272693929946818
193773.411807,2668366.126422,0.0260216236027121,0.724573941726223,0.00183250870441635,0.0798973795125527,0.021073850100788,0.146600696353308
194273.411807,2668366.126422,0.0447788585061479,0.718663975041292,0,0.0484492567443568,0.0356028629106258,0.152505046797578
194773.411807,2668366.126422,0.0506143407298735,0.503759398496241,0.0265908674124335,0.231432239134421,0.0755547405098111,0.11204841371722
195273.411807,2668366.126422,0.0298698918819864,0.846069268829027,0.0053142752428074,0.0214403518416712,0.0194245922668133,0.0778816199376947
195773.411807,2668366.126422,0.0585428518994311,0.797944576986603,0.00146815929528354,0.0899247568361167,0.0176179115434025,0.0345017434391632
196273.411807,2668366.126422,0.0509811113148725,0.757748028608106,0.000366770584999083,0.0922428021272694,0.0253071703649367,0.0733541169998166
196773.411807,2668366.126422,0.0776983690672531,0.720542422576507,0.000549752611324904,0.116364302730438,0.0342679127725857,0.0505772402418911
197273.411807,2668366.126422,0.0776289227381171,0.667828959442099,0.000183519911910442,0.106258028996146,0.0401908607083869,0.10790970820334
197773.411807,2668366.126422,0.086007702182285,0.560242068586099,0.000733541169998166,0.191454245369521,0.0451127819548872,0.116449660737209
198273.411807,2668366.126422,0.0809968847352025,0.431006047278725,0.00109950522264981,0.258200476452263,0.051676745464541,0.177020340846619
198773.411807,2668366.126422,0.0209212699577904,0.150119287942742,0.0047715177096715,0.729124610020187,0.0620297302257295,0.0330335841438796
188773.411807,2667866.126422,0.0157769216657494,0.32672904054302,0.0979636763896533,0.455329297376628,0.0126582278481013,0.0915428361768483
189273.411807,2667866.126422,0,0.380769230769231,0,0.527655677655678,0.0915750915750916,0
189773.411807,2667866.126422,0,0.652110091743119,0,0.330091743119266,0.0132110091743119,0.00458715596330275
190273.411807,2667866.126422,0,0.890295358649789,0,0.0895248578242524,0.0148596587782058,0.00532012474775271
192773.411807,2667866.126422,0.00073394495412844,0.218532110091743,0.120550458715596,0.540917431192661,0.0436697247706422,0.0755963302752294
193273.411807,2667866.126422,0.0383415886993212,0.438818565400844,0.0100898917629793,0.206567602274812,0.0766831773986425,0.229499174463401
193773.411807,2667866.126422,0.0408424908424908,0.386630036630037,0.0139194139194139,0.349267399267399,0.104578754578755,0.104761904761905
194273.411807,2667866.126422,0.044954128440367,0.655963302752294,0.00477064220183486,0.136697247706422,0.0480733944954128,0.10954128440367
194773.411807,2667866.126422,0.0401761144744084,0.608145294441387,0.00146762062006971,0.17409649605577,0.0706292423408549,0.105485232067511
195273.411807,2667866.126422,0.0179487179487179,0.832051282051282,0.00750915750915751,0.0294871794871795,0.0111721611721612,0.101831501831502
195773.411807,2667866.126422,0.0229357798165138,0.798532110091743,0,0.061651376146789,0.0346788990825688,0.0822018348623853
196273.411807,2667866.126422,0.0702623371858375,0.623922216107136,0,0.165107319757843,0.0508163639699138,0.0898917629792699
196773.411807,2667866.126422,0.0672161172161172,0.603846153846154,0,0.155311355311355,0.0695970695970696,0.104029304029304
197273.411807,2667866.126422,0.0326605504587156,0.79394495412844,0,0.0572477064220183,0.0293577981651376,0.0867889908256881
197773.411807,2667866.126422,0.0926435516419006,0.531645569620253,0.00183452577508714,0.147679324894515,0.0576041093377362,0.168592918730508
198273.411807,2667866.126422,0.0692307692307692,0.171062271062271,0.00531135531135531,0.557142857142857,0.0879120879120879,0.109340659340659
198773.411807,2667866.126422,0.0590825688073394,0.0869724770642202,0.0102752293577982,0.717247706422018,0.0844036697247706,0.0420183486238532
188273.411807,2667366.126422,0.00934065934065934,0.131684981684982,0.317032967032967,0.49010989010989,0.0399267399267399,0.0119047619047619
188773.411807,2667366.126422,0.000183150183150183,0.462087912087912,0.0227106227106227,0.448717948717949,0.0366300366300366,0.0296703296703297
189273.411807,2667366.126422,0,0.618445177851118,0,0.207370737073707,0.12009534286762,0.0540887422075541
189773.411807,2667366.126422,0.0021978021978022,0.883150183150183,0,0.019047619047619,0.0868131868131868,0.00879120879120879
190273.411807,2667366.126422,0.0254578754578755,0.637362637362637,0,0.0622710622710623,0.257142857142857,0.0177655677655678
192773.411807,2667366.126422,0.00256410256410256,0.226556776556777,0.352747252747253,0.307142857142857,0.0424908424908425,0.0684981684981685
193273.411807,2667366.126422,0.00805860805860806,0.682783882783883,0.0543956043956044,0.120879120879121,0.0285714285714286,0.105311355311355
193773.411807,2667366.126422,0.0707737440410708,0.448478181151448,0.00201686835350202,0.277411074440777,0.0803080308030803,0.121012101210121
194273.411807,2667366.126422,0.0212454212454212,0.758791208791209,0.000732600732600733,0.0467032967032967,0.0315018315018315,0.141025641025641
194773.411807,2667366.126422,0.0681318681318681,0.591208791208791,0.00714285714285714,0.193040293040293,0.0741758241758242,0.0663003663003663
195273.411807,2667366.126422,0.0392372570590392,0.784561789512285,0,0.0359369270260359,0.0278694536120279,0.112394572790612
195773.411807,2667366.126422,0.0492673992673993,0.655128205128205,0.00421245421245421,0.161904761904762,0.0683150183150183,0.0611721611721612
196273.411807,2667366.126422,0.0921245421245421,0.535897435897436,0.000183150183150183,0.17985347985348,0.0818681318681319,0.11007326007326
196773.411807,2667366.126422,0.0341034103410341,0.733956729006234,0,0.0623395672900623,0.0229189585625229,0.146681334800147
197273.411807,2667366.126422,0.0642857142857143,0.516849816849817,0.000366300366300366,0.0624542124542125,0.0897435897435897,0.266300366300366
197773.411807,2667366.126422,0.0712454212454212,0.617765567765568,0.00787545787545788,0.0970695970695971,0.0695970695970696,0.136446886446886
198273.411807,2667366.126422,0.0744407774110744,0.251008434176751,0.011001100110011,0.549321598826549,0.0683901723505684,0.0458379171250458
198773.411807,2667366.126422,0.047985347985348,0.0289377289377289,0.00787545787545788,0.836446886446886,0.0648351648351648,0.0139194139194139
188273.411807,2666866.126422,0.00330335841438796,0.391264452193063,0.0354193429987154,0.465773536428703,0.0968985134887135,0.00734079647641769
188773.411807,2666866.126422,0.00183385292499542,0.529249954153677,0,0.359435173299101,0.0968274344397579,0.0126535851824684
189273.411807,2666866.126422,0.00146600696353308,0.675645959318307,0,0.234927615906176,0.0635880520432472,0.0243723657687374
189773.411807,2666866.126422,0.00183519911910442,0.938887869333823,0,0.00201871903101487,0.0170673518076711,0.0401908607083869
190273.411807,2666866.126422,0.0407115349348982,0.489822116266275,0,0.345864661654135,0.0876581698147808,0.0359435173299101
192773.411807,2666866.126422,0.00513855753349238,0.399706368140943,0.222793173059277,0.205909341163516,0.0486327766562672,0.117819783446504
193273.411807,2666866.126422,0.0097194205024757,0.492572895653769,0.0960938932697598,0.173665871997066,0.0271410232899321,0.200806895286998
193773.411807,2666866.126422,0.034084661902144,0.836906725306945,0.000733003481766538,0.0503939893714495,0.0142935678944475,0.0635880520432472
194273.411807,2666866.126422,0.00880895577170123,0.928794274178748,0,0.00991007524316388,0.0047715177096715,0.047715177096715
194773.411807,2666866.126422,0.0592334494773519,0.555290665688612,0.0188886851274528,0.176233266092059,0.0819732257472951,0.108380707867229
195273.411807,2666866.126422,0.0923584387025838,0.335715594649075,0.00293201392706615,0.320139270661536,0.166941542972329,0.0819131390874107
195773.411807,2666866.126422,0.0706551660855203,0.510919434758671,0.00513855753349238,0.214718296935217,0.0857037988621766,0.112864745824922
196273.411807,2666866.126422,0.0478635613423803,0.778103796075555,0.000733541169998166,0.0687694846873281,0.028791490922428,0.0757381258023107
196773.411807,2666866.126422,0.0485614806670332,0.583287520615723,0.000183250870441635,0.0549752611324904,0.0520432472054242,0.260949239508888
197273.411807,2666866.126422,0.0456964580657001,0.642136171774638,0.0126628739218205,0.058909891723252,0.0541383740135805,0.186456230501009
197773.411807,2666866.126422,0.0474967907573813,0.536585365853659,0.00165046763249587,0.220612506876948,0.0737208875848157,0.1199339812947
198273.411807,2666866.126422,0.0751328568810702,0.264064504306395,0.0166758292101887,0.39124060839289,0.131390874106652,0.121495327102804
198773.411807,2666866.126422,0.0631308496971921,0.114516425032116,0.00495503762158194,0.698293264819233,0.0750596439713709,0.0440447788585061
187773.411807,2666366.126422,0.0419413919413919,0.256227106227106,0.0858974358974359,0.541941391941392,0.0443223443223443,0.0296703296703297
192773.411807,2666366.126422,0.011743119266055,0.798899082568807,0.0143119266055046,0.0737614678899083,0.0319266055045872,0.0693577981651376
193273.411807,2666366.126422,0.00770500825536599,0.770684278114108,0.0456796917996698,0.0693450742982939,0.0106402494955054,0.0959456980370574
193773.411807,2666366.126422,0.01996336996337,0.820879120879121,0,0.0637362637362637,0.0126373626373626,0.0827838827838828
194273.411807,2666366.126422,0.0335779816513761,0.658899082568807,0.00275229357798165,0.155779816513761,0.0592660550458716,0.0897247706422018
194773.411807,2666366.126422,0.0585213722252798,0.576591451109888,0.011557512383049,0.165107319757843,0.0548523206751055,0.133370023848835
195273.411807,2666366.126422,0.0509157509157509,0.675274725274725,0,0.0847985347985348,0.052014652014652,0.136996336996337
195773.411807,2666366.126422,0.0680733944954128,0.630275229357798,0.00036697247706422,0.104220183486239,0.0757798165137615,0.121284403669725
196273.411807,2666366.126422,0.0324711062190424,0.754723903870849,0,0.0453127866446524,0.0438451660245826,0.123647037240873
196773.411807,2666366.126422,0.0600732600732601,0.524908424908425,0.0153846153846154,0.143589743589744,0.0580586080586081,0.197985347985348
197273.411807,2666366.126422,0.0655045871559633,0.59394495412844,0.00018348623853211,0.176697247706422,0.0735779816513761,0.0900917431192661
197773.411807,2666366.126422,0.0332049165290772,0.375710878737846,0.001284168042561,0.287286736378646,0.100898917629793,0.201614382682077
198273.411807,2666366.126422,0.0652014652014652,0.212087912087912,0.00915750915750916,0.43956043956044,0.0902930402930403,0.183699633699634
198773.411807,2666366.126422,0.0577981651376147,0.528623853211009,0.00422018348623853,0.154128440366972,0.0919266055045872,0.163302752293578
192273.411807,2665866.126422,0.00238357169050238,0.153832049871654,0.51998533186652,0.183168316831683,0.0511551155115512,0.0894756142280895
192773.411807,2665866.126422,0.0179487179487179,0.364468864468864,0.0446886446886447,0.250915750915751,0.0576923076923077,0.264285714285714
193273.411807,2665866.126422,0.0315018315018315,0.594688644688645,0.0467032967032967,0.141941391941392,0.0441391941391941,0.141025641025641
193773.411807,2665866.126422,0.0205353868720205,0.525119178584525,0.00055005500550055,0.173634030069674,0.0381371470480381,0.242024202420242
194273.411807,2665866.126422,0.0692307692307692,0.587728937728938,0.00293040293040293,0.187728937728938,0.0681318681318681,0.0842490842490843
194773.411807,2665866.126422,0.0195970695970696,0.862637362637363,0,0.0326007326007326,0.00805860805860806,0.0771062271062271
195273.411807,2665866.126422,0.0364869820315365,0.864869820315365,0,0.0322698936560323,0.0108177484415108,0.0555555555555556
195773.411807,2665866.126422,0.0474358974358974,0.75018315018315,0,0.0534798534798535,0.0490842490842491,0.0998168498168498
196273.411807,2665866.126422,0.0622710622710623,0.626923076923077,0.00128205128205128,0.145054945054945,0.0463369963369963,0.118131868131868
196773.411807,2665866.126422,0.0627062706270627,0.554272093876054,0.000183351668500183,0.214154748808214,0.0595892922625596,0.109094242757609
197273.411807,2665866.126422,0.0730769230769231,0.5503663003663,0,0.124908424908425,0.0965201465201465,0.155128205128205
197773.411807,2665866.126422,0.0615384615384615,0.656410256410256,0.000366300366300366,0.0756410256410256,0.0595238095238095,0.146520146520147
198273.411807,2665866.126422,0.0572057205720572,0.527136046938027,0.00348368170150348,0.214888155482215,0.0771910524385772,0.12009534286762
198773.411807,2665866.126422,0.0421245421245421,0.773443223443223,0,0.0754578754578755,0.0249084249084249,0.0840659340659341
192773.411807,2665366.126422,0.00605615709304459,0.432005872637181,0.234354927509635,0.212883097816113,0.0376215819416407,0.0770783630023858
193273.411807,2665366.126422,0.0377773702549056,0.487438107463781,0.0216394645149459,0.101778837337246,0.0634513112048414,0.28791490922428
193773.411807,2665366.126422,0.0580905259299982,0.238959135055892,0.124793842770753,0.324537291552135,0.111599780098955,0.142019424592267
194273.411807,2665366.126422,0.019086070838686,0.564874288860341,0.146815929528354,0.146632409616443,0.0341347036153423,0.0884565975408332
194773.411807,2665366.126422,0.0130203557674674,0.666605538235833,0.12781954887218,0.0838070786722905,0.0185219145424537,0.0902255639097744
195273.411807,2665366.126422,0.0311526479750779,0.713212387758842,0.100787978742899,0.0164925783397471,0.021073850100788,0.117280557082646
195773.411807,2665366.126422,0.057258212516058,0.587263718113415,0.00146815929528354,0.211047898697009,0.0748761240594605,0.0680858873187741
196273.411807,2665366.126422,0.0649183935448377,0.602787456445993,0.000733541169998166,0.163396295617092,0.0913258756647717,0.0768384375573079
196773.411807,2665366.126422,0.0529595015576324,0.385743082279641,0.000549752611324904,0.355140186915888,0.12332783580722,0.0822796408282939
197273.411807,2665366.126422,0.0469810974490732,0.504312717929895,0.00146815929528354,0.0833180400073408,0.071389245733162,0.292530739585245
197773.411807,2665366.126422,0.0469466348798826,0.204841371721988,0.00605171465248487,0.456629378323858,0.131120484137172,0.154410416284614
198273.411807,2665366.126422,0.0307861462341946,0.790177753344328,0.000733003481766538,0.0778816199376947,0.0164925783397471,0.0839288986622686
198773.411807,2665366.126422,0.0774454028262066,0.60579922921637,0.0012846393833731,0.166269040190861,0.0706551660855203,0.0785465222976693
192273.411807,2664866.126422,0.0216117216117216,0.149450549450549,0.291941391941392,0.0948717948717949,0.0391941391941392,0.402930402930403
192773.411807,2664866.126422,0.0157798165137615,0.271009174311927,0.111743119266055,0.322385321100917,0.145137614678899,0.13394495412844
193273.411807,2664866.126422,0.00972298660796184,0.681342872867364,0.014125848468171,0.0645753072830673,0.0291689598238855,0.201064024949551
193773.411807,2664866.126422,0.0406593406593407,0.404578754578755,0.00586080586080586,0.0888278388278388,0.0948717948717949,0.365201465201465
194273.411807,2664866.126422,0.0354128440366972,0.785137614678899,0,0.0719266055045872,0.0288073394495413,0.0787155963302752
194773.411807,2664866.126422,0.0614566134654192,0.598055402678408,0.026967528893781,0.0966795083470923,0.0764997248211337,0.140341221794166
195273.411807,2664866.126422,0.0388278388278388,0.539377289377289,0.0146520146520147,0.261721611721612,0.0723443223443224,0.0730769230769231
195773.411807,2664866.126422,0.0458715596330275,0.427706422018349,0.0798165137614679,0.209357798165138,0.0803669724770642,0.156880733944954
196273.411807,2664866.126422,0.0583379196477711,0.337736195193542,0.019262520638415,0.404329480829206,0.0908090258668134,0.0895248578242524
196773.411807,2664866.126422,0.0580586080586081,0.405677655677656,0.0413919413919414,0.221428571428571,0.0886446886446886,0.184798534798535
197273.411807,2664866.126422,0.055045871559633,0.136697247706422,0.00678899082568807,0.586788990825688,0.130275229357798,0.0844036697247706
197773.411807,2664866.126422,0.103834158869932,0.423592001467621,0.000733810310034856,0.288754356998716,0.0818198495688864,0.10126582278481
198273.411807,2664866.126422,0.0467032967032967,0.696336996336996,0.000183150183150183,0.0728937728937729,0.0364468864468864,0.147435897435897
198773.411807,2664866.126422,0.0524770642201835,0.787339449541284,0,0.0559633027522936,0.0225688073394495,0.081651376146789
188773.411807,2664366.126422,0.00201465201465201,0.0468864468864469,0.0104395604395604,0.858974358974359,0.0710622710622711,0.0106227106227106
189273.411807,2664366.126422,0.0155848918225156,0.0894756142280895,0.0705903923725706,0.724789145581225,0.0808580858085809,0.0187018701870187
189773.411807,2664366.126422,0.0115384615384615,0.0481684981684982,0.034981684981685,0.8503663003663,0.052014652014652,0.00293040293040293
190273.411807,2664366.126422,0.0203296703296703,0.0327838827838828,0.0613553113553114,0.832967032967033,0.0470695970695971,0.00549450549450549
190773.411807,2664366.126422,0.0471213788045471,0.0588558855885589,0.0682068206820682,0.711954528786212,0.0374037403740374,0.0764576457645765
191273.411807,2664366.126422,0.0021978021978022,0.112454212454212,0.558058608058608,0.284249084249084,0.0227106227106227,0.0203296703296703
191773.411807,2664366.126422,0.00256410256410256,0.271428571428571,0.146703296703297,0.215567765567766,0.0728937728937729,0.290842490842491
192273.411807,2664366.126422,0.0214521452145215,0.547854785478548,0.0177851118445178,0.09002566923359,0.0557389072240557,0.267143381004767
192773.411807,2664366.126422,0.0133699633699634,0.700549450549451,0.0467032967032967,0.0758241758241758,0.0241758241758242,0.139377289377289
193273.411807,2664366.126422,0.0642857142857143,0.418864468864469,0.00860805860805861,0.272893772893773,0.125091575091575,0.11025641025641
193773.411807,2664366.126422,0.0594059405940594,0.363953061972864,0.0128346167950128,0.193069306930693,0.112944627796113,0.257792445911258
194273.411807,2664366.126422,0.0298534798534799,0.654029304029304,0,0.0380952380952381,0.0186813186813187,0.259340659340659
194773.411807,2664366.126422,0.0261904761904762,0.841208791208791,0,0.0355311355311355,0.0214285714285714,0.0756410256410256
195273.411807,2664366.126422,0.055005500550055,0.661349468280161,0.0122845617895123,0.152915291529153,0.0502383571690502,0.0682068206820682
195773.411807,2664366.126422,0.0402930402930403,0.697985347985348,0.000366300366300366,0.114835164835165,0.0415750915750916,0.104945054945055
196273.411807,2664366.126422,0.0611721611721612,0.562087912087912,0.000915750915750916,0.164468864468864,0.0882783882783883,0.123076923076923
196773.411807,2664366.126422,0.0544554455445545,0.341034103410341,0.00476714338100477,0.355152181884855,0.112027869453612,0.132563256325633
197273.411807,2664366.126422,0.0228937728937729,0.152564102564103,0.0276556776556777,0.631318681318681,0.118681318681319,0.0468864468864469
197773.411807,2664366.126422,0.0673992673992674,0.183699633699634,0.0261904761904762,0.397435897435897,0.149267399267399,0.176007326007326
198273.411807,2664366.126422,0.0443711037770444,0.597726439310598,0.000366703337000367,0.247158049138247,0.0511551155115512,0.0592225889255592
198773.411807,2664366.126422,0.0553113553113553,0.532783882783883,0.00146520146520147,0.26959706959707,0.0652014652014652,0.0756410256410256
187273.411807,2663866.126422,0.00311754997249221,0.075187969924812,0.00146708233999633,0.629745094443426,0.290298918026774,0.000183385292499542
187773.411807,2663866.126422,0.0634048011728056,0.0670698185816383,0,0.747113798790544,0.122045079714129,0.000366501740883269
188273.411807,2663866.126422,0.111580106441549,0.09543035419343,0.0132134336575518,0.621398421728758,0.151220407414204,0.00715727656450725
188773.411807,2663866.126422,0.21987896570695,0.123601687144691,0.00843572345497891,0.499358151476252,0.12818631945718,0.0205391527599487
189273.411807,2663866.126422,0.159428257284222,0.100421477002016,0.00256551218618288,0.634781015209822,0.047645226314825,0.055158512002932
189773.411807,2663866.126422,0.135621214901817,0.0935951550743256,0.0119287942741787,0.583226280051386,0.0524866948063865,0.123141860891907
190273.411807,2663866.126422,0.139556207592151,0.108747478452228,0.0022006235099945,0.539702915826151,0.0935264991747662,0.116266275444709
190773.411807,2663866.126422,0.0313358988455195,0.0753161077515118,0.279274326553051,0.51236943375481,0.0199743448781382,0.081729888216969
191273.411807,2663866.126422,0.00715727656450725,0.128280418425399,0.24885300055056,0.550192695907506,0.0379886217654616,0.0275279867865663
191773.411807,2663866.126422,0.0066018705299835,0.264624977076838,0.248853841921878,0.262791124151843,0.124518613607189,0.0926095727122685
192273.411807,2663866.126422,0.026571376214037,0.44511636430273,0.0229063588052043,0.10646875572659,0.0767821147150449,0.322155030236394
192773.411807,2663866.126422,0.0137639933932832,0.556432372912461,0.0181684712791338,0.256744356762709,0.0478986970086254,0.106992108643788
193273.411807,2663866.126422,0.0632679259123418,0.562075921511095,0.0115532734274711,0.208325692279479,0.0629011553273428,0.0918760315422703
193773.411807,2663866.126422,0.0295033901411032,0.576873740150266,0.00989554700384827,0.17372182517867,0.0602895363752978,0.149715961150815
194273.411807,2663866.126422,0.0315654248485961,0.655900165167921,0,0.0846026793907139,0.0234905487245366,0.204441181868233
194773.411807,2663866.126422,0.0665688611773336,0.543187236383642,0.00128369704749679,0.17990097194205,0.0607005318173482,0.148358701632129
195273.411807,2663866.126422,0.0284038849184534,0.776800439802089,0.000549752611324904,0.0775151181968114,0.0229063588052043,0.0938244456661169
195773.411807,2663866.126422,0.0313819049366856,0.610754266837952,0.00862543585979079,0.101486511286475,0.0611121306661773,0.18663975041292
196273.411807,2663866.126422,0.0841738492572896,0.400880249403998,0.00403447643498991,0.278012103429305,0.126169081239685,0.106730240234733
196773.411807,2663866.126422,0.0384826827927433,0.332417078981125,0.000183250870441635,0.325270295033901,0.159611508154664,0.144035184167125
197273.411807,2663866.126422,0.0568911726922371,0.305560653330886,0.00623967700495504,0.412919801798495,0.144430170673518,0.0739585244999082
197773.411807,2663866.126422,0.0513478818998716,0.451311204841372,0.00293416467999266,0.231615624426921,0.113515496057216,0.149275628094627
198273.411807,2663866.126422,0.0522264980758659,0.407733186732637,0.129924867143119,0.235843870258384,0.0830126443100605,0.091258933479934
198773.411807,2663866.126422,0.0724903652046247,0.504312717929895,0.0451458983299688,0.233253808038172,0.0506514956872821,0.0941457148100569
186773.411807,2663366.126422,0.0212844036697248,0.527706422018349,0,0.148256880733945,0.228256880733945,0.0744954128440367
187273.411807,2663366.126422,0.00697119794533113,0.276279581728123,0.00275178866263071,0.455696202531646,0.139974316639149,0.118326912493121
187773.411807,2663366.126422,0.00238095238095238,0.0232600732600733,0.00256410256410256,0.743040293040293,0.228205128205128,0.000549450549450549
188273.411807,2663366.126422,0.00587155963302752,0.0361467889908257,0.00458715596330275,0.919633027522936,0.0324770642201835,0.00128440366972477
188773.411807,2663366.126422,0.0374243258117777,0.0985140341221794,0.0172445422858191,0.764263437901302,0.0475142175747569,0.0350394423041644
189273.411807,2663366.126422,0.0316849816849817,0.0527472527472527,0.00183150183150183,0.875641025641026,0.0227106227106227,0.0153846153846154
189773.411807,2663366.126422,0.0456880733944954,0.0957798165137615,0.00715596330275229,0.727155963302752,0.098348623853211,0.0258715596330275
190273.411807,2663366.126422,0.0766831773986425,0.170794349660613,0.0511832691249312,0.418088424142359,0.0717299578059072,0.211520821867547
190773.411807,2663366.126422,0.0166666666666667,0.223076923076923,0.0510989010989011,0.451098901098901,0.0736263736263736,0.184432234432234
191273.411807,2663366.126422,0.0238532110091743,0.229908256880734,0.0234862385321101,0.344587155963303,0.100733944954128,0.27743119266055
191773.411807,2663366.126422,0.0190790680609063,0.309484498257201,0.133736929003853,0.214456063107687,0.109521188772702,0.213722252797652
192273.411807,2663366.126422,0.043956043956044,0.586996336996337,0.00897435897435897,0.0686813186813187,0.0161172161172161,0.275274725274725
192773.411807,2663366.126422,0.0328440366972477,0.681834862385321,0.00128440366972477,0.154128440366972,0.0155963302752294,0.114311926605505
193273.411807,2663366.126422,0.0555861309851403,0.486332782975601,0.0443955237571088,0.218858924967896,0.0805356815263254,0.114290955787929
193773.411807,2663366.126422,0.0291208791208791,0.682967032967033,0.00128205128205128,0.156593406593407,0.0366300366300366,0.0934065934065934
194273.411807,2663366.126422,0.0332110091743119,0.695779816513761,0.00201834862385321,0.064954128440367,0.0401834862385321,0.163853211009174
194773.411807,2663366.126422,0.0831040176114474,0.443037974683544,0.00293524124013942,0.2652724270776,0.0860392588515869,0.119611080535682
195273.411807,2663366.126422,0.0758241758241758,0.512637362637363,0.00293040293040293,0.242490842490842,0.076007326007326,0.0901098901098901
195773.411807,2663366.126422,0.0359633027522936,0.674128440366973,0.00018348623853211,0.0915596330275229,0.0488073394495413,0.149357798165138
196273.411807,2663366.126422,0.0432948082920565,0.751238304898184,0,0.0961291506145661,0.0475142175747569,0.0618235186204366
196773.411807,2663366.126422,0.0186813186813187,0.813186813186813,0.000366300366300366,0.00970695970695971,0.0126373626373626,0.145421245421245
197273.411807,2663366.126422,0.0225688073394495,0.713577981651376,0.0155963302752294,0.0796330275229358,0.0493577981651376,0.119266055045872
197773.411807,2663366.126422,0.0273344340487984,0.660796184186388,0,0.0300862227114291,0.02568336085122,0.256099798202165
198273.411807,2663366.126422,0.0358974358974359,0.552014652014652,0.0769230769230769,0.078021978021978,0.0347985347985348,0.222344322344322
198773.411807,2663366.126422,0.0897247706422018,0.54256880733945,0,0.180917431192661,0.0651376146788991,0.121651376146789
186773.411807,2662866.126422,0.034981684981685,0.643040293040293,0,0.103663003663004,0.178205128205128,0.0401098901098901
187273.411807,2662866.126422,0,0.353113553113553,0.00769230769230769,0.322710622710623,0.130586080586081,0.185897435897436
187773.411807,2662866.126422,0,0.180784745141181,0.013017968463513,0.600660066006601,0.198753208654199,0.00678401173450678
188273.411807,2662866.126422,0.0111721611721612,0.105128205128205,0.00238095238095238,0.743040293040293,0.128388278388278,0.00989010989010989
188773.411807,2662866.126422,0.0131868131868132,0.0776556776556777,0.0188644688644689,0.784798534798535,0.073992673992674,0.0315018315018315
189273.411807,2662866.126422,0.0504217088375504,0.0850751741840851,0.00733406674000733,0.785478547854785,0.0638063806380638,0.00788412174550788
189773.411807,2662866.126422,0.0769230769230769,0.168864468864469,0.0703296703296703,0.540842490842491,0.0644688644688645,0.0785714285714286
190273.411807,2662866.126422,0.00750915750915751,0.247985347985348,0.145054945054945,0.254212454212454,0.0518315018315018,0.293406593406593
190773.411807,2662866.126422,0.00861752841950862,0.242757609094243,0.0581224789145581,0.0647231389805647,0.0869086908690869,0.538870553722039
191273.411807,2662866.126422,0.0549450549450549,0.126190476190476,0.0230769230769231,0.116849816849817,0.0884615384615385,0.59047619047619
191773.411807,2662866.126422,0.0265567765567766,0.382234432234432,0.0338827838827839,0.215384615384615,0.0547619047619048,0.287179487179487
192273.411807,2662866.126422,0.048954895489549,0.58965896589659,0.0117345067840117,0.15016501650165,0.0689402273560689,0.130546387972131
192773.411807,2662866.126422,0.0655677655677656,0.404212454212454,0.00256410256410256,0.202014652014652,0.0818681318681319,0.243772893772894
193273.411807,2662866.126422,0.0877289377289377,0.441208791208791,0.000732600732600733,0.195787545787546,0.0943223443223443,0.18021978021978
193773.411807,2662866.126422,0.0561056105610561,0.533003300330033,0,0.0891089108910891,0.0491382471580491,0.272643931059773
194273.411807,2662866.126422,0.0529304029304029,0.536813186813187,0.0043956043956044,0.152380952380952,0.078021978021978,0.175457875457875
194773.411807,2662866.126422,0.0652014652014652,0.422344322344322,0.0119047619047619,0.289377289377289,0.0840659340659341,0.127106227106227
195273.411807,2662866.126422,0.0676567656765677,0.605793912724606,0,0.16043270993766,0.0511551155115512,0.114961496149615
195773.411807,2662866.126422,0.0862637362637363,0.665567765567766,0.00567765567765568,0.0998168498168498,0.0639194139194139,0.0787545787545788
196273.411807,2662866.126422,0.0289377289377289,0.795787545787546,0,0.0461538461538462,0.0144688644688645,0.114652014652015
196773.411807,2662866.126422,0.0755408874220755,0.602126879354602,0.000183351668500183,0.0936927026035937,0.0579391272460579,0.170517051705171
197273.411807,2662866.126422,0.0743589743589744,0.62032967032967,0,0.0353479853479853,0.0604395604395604,0.20952380952381
197773.411807,2662866.126422,0.0602564102564103,0.546336996336996,0.000732600732600733,0.0862637362637363,0.0692307692307692,0.237179487179487
198273.411807,2662866.126422,0.0742574257425743,0.44976164283095,0.044004400440044,0.191602493582692,0.0966263292995966,0.143747708104144
198773.411807,2662866.126422,0.0417582417582418,0.677289377289377,0.000366300366300366,0.138461538461538,0.0285714285714286,0.113553113553114
186773.411807,2662366.126422,0.00605615709304459,0.699027344466875,0,0.131033217104056,0.143145531290145,0.02073775004588
187273.411807,2662366.126422,0.0100861910874748,0.390427287731524,0,0.214927562809463,0.233999633229415,0.150559325142124
187773.411807,2662366.126422,0.0291368884002199,0.109400769653656,0.0483782297965915,0.670514934945941,0.115997800989555,0.026571376214037
188273.411807,2662366.126422,0.0299137456414021,0.0631308496971921,0.00734079647641769,0.767847311433291,0.111396586529638,0.0203707102220591
188773.411807,2662366.126422,0.0159545204474601,0.0834403080872914,0.0102695763799743,0.791674307720521,0.0907757197872731,0.00788556757748029
189273.411807,2662366.126422,0.131024372365769,0.214586769287154,0.00128275609309144,0.566428440535093,0.0601062855048561,0.026571376214037
189773.411807,2662366.126422,0.0251422279317306,0.241145164250321,0.198201504863278,0.335841438796109,0.0750596439713709,0.12461002018719
190273.411807,2662366.126422,0.0370438290849074,0.237667339079406,0.0649183935448377,0.271226847606822,0.0643682376673391,0.324775353016688
190773.411807,2662366.126422,0.0489279824079164,0.245189664650907,0.00403151914971596,0.0962067069818582,0.0974894630749496,0.508154663734653
191273.411807,2662366.126422,0.0170673518076711,0.217654615525785,0,0.0418425399155808,0.0242246283721784,0.699210864378785
191773.411807,2662366.126422,0.0651017788373372,0.17586649550706,0.0128369704749679,0.374839537869063,0.088391710984779,0.282963506326793
192273.411807,2662366.126422,0.0350009162543522,0.180135605644127,0.0122778083195895,0.668315924500641,0.05717427157779,0.0470954737035001
192773.411807,2662366.126422,0.0853367590383557,0.149935768030831,0.0189025509267756,0.426133235456047,0.138741053404294,0.180950633143696
193273.411807,2662366.126422,0.0372272143774069,0.267008985879332,0.000550155877498625,0.377957087841555,0.0696864111498258,0.247570144874381
193773.411807,2662366.126422,0.0469122228330585,0.389957852299798,0.011544804837823,0.327102803738318,0.0908924317390508,0.133589884551952
194273.411807,2662366.126422,0.0389062213250138,0.704899981648009,0,0.0996513121673702,0.0526702147182969,0.10387227014131
194773.411807,2662366.126422,0.0298918026774253,0.848707133687878,0,0.0102695763799743,0.00403447643498991,0.107097010819732
195273.411807,2662366.126422,0.0366501740883269,0.801905809052593,0.000733003481766538,0.0393989371449514,0.0295033901411032,0.0918086860912589
195773.411807,2662366.126422,0.0297302257294917,0.810423930996513,0,0.0368875022939989,0.026977427050835,0.0959809139291613
196273.411807,2662366.126422,0.0537318907023657,0.683476985145791,0.000183385292499542,0.079589216944801,0.0482303319273794,0.134788189987163
196773.411807,2662366.126422,0.0604727872457394,0.582188015393073,0.000916254352208173,0.0943741982774418,0.0841121495327103,0.177936595198827
197273.411807,2662366.126422,0.0291796659937603,0.760322995044962,0,0.0387227014131033,0.0172508717195816,0.154523765828592
197773.411807,2662366.126422,0.015587749862461,0.469282963506327,0.000916926462497708,0.048413717219879,0.046396479002384,0.419402163946451
198273.411807,2662366.126422,0.0749496060106286,0.299431922301631,0.021073850100788,0.0835623969213854,0.102253985706432,0.418728238959135
198773.411807,2662366.126422,0.120939621948981,0.559552211414938,0,0.05395485410167,0.0655166085520279,0.200036703982382
186773.411807,2661866.126422,0.0146788990825688,0.321467889908257,0,0.115779816513761,0.465688073394495,0.0823853211009174
187273.411807,2661866.126422,0.0596220876903321,0.155567785727389,0.0111906072280316,0.481746468537883,0.197028068244359,0.0948449825720051
187773.411807,2661866.126422,0.03003663003663,0.112820512820513,0.0474358974358974,0.640842490842491,0.121978021978022,0.0468864468864469
188273.411807,2661866.126422,0.0478899082568807,0.0886238532110092,0.0425688073394495,0.739266055045872,0.0500917431192661,0.0315596330275229
188773.411807,2661866.126422,0.108787378462667,0.185654008438819,0.00495321959273528,0.529444138690149,0.129884424876169,0.0412768299394606
189273.411807,2661866.126422,0.000732600732600733,0.249084249084249,0.0615384615384615,0.441391941391941,0.145970695970696,0.101282051282051
189773.411807,2661866.126422,0.00917431192660551,0.157064220183486,0.114311926605505,0.363119266055046,0.0370642201834862,0.319266055045872
190273.411807,2661866.126422,0.0524674371674922,0.366538249862411,0.0113740598055403,0.178499357915979,0.0486149330398092,0.342505962208769
190773.411807,2661866.126422,0.0587912087912088,0.331135531135531,0,0.108241758241758,0.0496336996336996,0.452197802197802
191273.411807,2661866.126422,0.0829357798165138,0.280550458715596,0.00623853211009174,0.16954128440367,0.129174311926606,0.331559633027523
191773.411807,2661866.126422,0.136855622821501,0.0790680609062557,0.00366905155017428,0.401027334434049,0.0999816547422491,0.279398275545771
192273.411807,2661866.126422,0.0556776556776557,0.0576923076923077,0.0115384615384615,0.740659340659341,0.0950549450549451,0.0393772893772894
192773.411807,2661866.126422,0.0337614678899083,0.0699082568807339,0.0192660550458716,0.682385321100917,0.146238532110092,0.0484403669724771
193273.411807,2661866.126422,0.0310034855989727,0.068611263988259,0.0190790680609063,0.756374977068428,0.0594386351128233,0.0654925701706109
193773.411807,2661866.126422,0.0366300366300366,0.454945054945055,0.00311355311355311,0.372344322344322,0.0490842490842491,0.0838827838827839
194273.411807,2661866.126422,0.0645871559633028,0.575779816513761,0.000917431192660551,0.103669724770642,0.0844036697247706,0.170642201834862
194773.411807,2661866.126422,0.0511832691249312,0.74463401210787,0.00366905155017428,0.0911759310218309,0.0410933773619519,0.0682443588332416
195273.411807,2661866.126422,0.043956043956044,0.720695970695971,0,0.0463369963369963,0.0624542124542125,0.126556776556777
195773.411807,2661866.126422,0.0612844036697248,0.528256880733945,0.0121100917431193,0.174311926605505,0.0651376146788991,0.158899082568807
196273.411807,2661866.126422,0.0434782608695652,0.611814345991561,0,0.0585213722252798,0.0530177949000183,0.233168226013575
196773.411807,2661866.126422,0.0730769230769231,0.65952380952381,0.00512820512820513,0.0716117216117216,0.0648351648351648,0.125824175824176
197273.411807,2661866.126422,0.0370642201834862,0.786788990825688,0.00385321100917431,0.0365137614678899,0.0377981651376147,0.0979816513761468
197773.411807,2661866.126422,0.0649422124380847,0.564483580994313,0.00275178866263071,0.119060722803155,0.0871399743166392,0.161621720785177
198273.411807,2661866.126422,0.0490842490842491,0.402014652014652,0.0252747252747253,0.101282051282051,0.063003663003663,0.359340659340659
198773.411807,2661866.126422,0.117247706422018,0.325321100917431,0.0302752293577982,0.187155963302752,0.12954128440367,0.21045871559633
189773.411807,2661366.126422,0.0364468864468864,0.331868131868132,0.202747252747253,0.196336996336996,0.045970695970696,0.186630036630037
190273.411807,2661366.126422,0.0168498168498168,0.502930402930403,0.114835164835165,0.0424908424908425,0.0258241758241758,0.297069597069597
190773.411807,2661366.126422,0.0245691235790246,0.556472313898057,0.00935093509350935,0.0777411074440777,0.0542720938760543,0.277594426109278
