"x","y","forest","agri","water","built","other","grass"
262773.411807,2765366.126422,0.110563090834361,0.100698725852857,0,0.00369913686806412,0.0575421290587752,0.727496917385943
263273.411807,2765366.126422,0.185688073394495,0.0381651376146789,0.00128440366972477,0.0695412844036697,0.114862385321101,0.59045871559633
263773.411807,2765366.126422,0.0873234268941479,0.0867730691616217,0.0581544670702623,0.0355898000366905,0.101632727939828,0.63052650889745
264273.411807,2765366.126422,0.0677655677655678,0.148717948717949,0.268498168498168,0.0214285714285714,0.0516483516483516,0.441941391941392
264773.411807,2765366.126422,0.0381651376146789,0.351926605504587,0,0.0284403669724771,0.0557798165137615,0.525688073394495
265273.411807,2765366.126422,0.0645753072830673,0.191891396074115,0.235553109521189,0.0229315721885892,0.085305448541552,0.399743166391488
265773.411807,2765366.126422,0.0571428571428571,0.197435897435897,0.00897435897435897,0.0216117216117216,0.0575091575091575,0.657326007326007
266273.411807,2765366.126422,0.0752293577981651,0.100550458715596,0.00128440366972477,0.276146788990826,0.14,0.406788990825688
266773.411807,2765366.126422,0.147862777472023,0.0176114474408365,0,0.187855439368923,0.107686662997615,0.538983672720602
267273.411807,2765366.126422,0.11025641025641,0.0304029304029304,0,0.138278388278388,0.134981684981685,0.586080586080586
267773.411807,2765366.126422,0.063302752293578,0.0834862385321101,0.0924770642201835,0.0188990825688073,0.0686238532110092,0.673211009174312
268273.411807,2765366.126422,0.111722619702807,0.0722803155384333,0.028251696936342,0.0653091175931022,0.140341221794166,0.582095028435149
268773.411807,2765366.126422,0.0901098901098901,0.0998168498168498,0,0.0302197802197802,0.134798534798535,0.645054945054945
269273.411807,2765366.126422,0.109174311926606,0.181651376146789,0.158715596330275,0.00917431192660551,0.0445871559633028,0.496697247706422
269773.411807,2765366.126422,0.126031920748487,0.102183085672354,0.00183452577508714,0.0247660979636764,0.091726288754357,0.653458081086039
270273.411807,2765366.126422,0.0950549450549451,0.18040293040293,0.000366300366300366,0.0512820512820513,0.161904761904762,0.510989010989011
270773.411807,2765366.126422,0.0884403669724771,0.138899082568807,0,0.0535779816513761,0.114311926605505,0.604770642201835
271273.411807,2765366.126422,0.100715465052284,0.134837644468905,0,0.0414602825169694,0.0640249495505412,0.658961658411301
271773.411807,2765366.126422,0.0338827838827839,0.0434065934065934,0.386080586080586,0.00732600732600733,0.0131868131868132,0.516117216117216
272273.411807,2765366.126422,0.0644036697247706,0.123669724770642,0.0348623853211009,0.0779816513761468,0.122752293577982,0.576330275229358
272773.411807,2765366.126422,0.191524490919097,0.137222527976518,0.002568336085122,0.00421940928270042,0.01284168042561,0.651623555310952
273273.411807,2765366.126422,0.0824175824175824,0.052014652014652,0.000549450549450549,0.370512820512821,0.183516483516484,0.310989010989011
273773.411807,2765366.126422,0.0893577981651376,0.148807339449541,0.201834862385321,0.112110091743119,0.0961467889908257,0.351743119266055
274273.411807,2765366.126422,0.0537516052100532,0.112089524857824,0.159420289855072,0.0719134103834159,0.080168776371308,0.522656393322326
274773.411807,2765366.126422,0.0730769230769231,0.0866300366300366,0.0741758241758242,0.495787545787546,0.177106227106227,0.0932234432234432
262773.411807,2764866.126422,0.129138391939132,0.0540818424840633,0,0.0767016245116183,0.131606004523956,0.60847213654123
263273.411807,2764866.126422,0.246886446886447,0.0565934065934066,0,0.0791208791208791,0.143040293040293,0.474358974358974
263773.411807,2764866.126422,0.0807692307692308,0.175457875457875,0.0551282051282051,0.0457875457875458,0.0866300366300366,0.556227106227106
264273.411807,2764866.126422,0.072973964063073,0.143381004767143,0.315548221488816,0.0161349468280161,0.0322698936560323,0.41969196919692
264773.411807,2764866.126422,0.0575091575091575,0.185164835164835,0,0.0283882783882784,0.0902930402930403,0.638644688644689
265273.411807,2764866.126422,0.0580586080586081,0.102930402930403,0.19010989010989,0.00897435897435897,0.0452380952380952,0.594688644688645
265773.411807,2764866.126422,0.108177484415108,0.136413641364136,0.135680234690136,0.0331866519985332,0.0284195086175284,0.558122478914558
266273.411807,2764866.126422,0.0679487179487179,0.0950549450549451,0.113736263736264,0.0600732600732601,0.0838827838827839,0.579304029304029
266773.411807,2764866.126422,0.23956043956044,0.0315018315018315,0,0.18992673992674,0.144139194139194,0.394871794871795
267273.411807,2764866.126422,0.132379904657132,0.0427209387605427,0,0.221855518885222,0.131829849651632,0.471213788045471
267773.411807,2764866.126422,0.0822344322344322,0.0358974358974359,0.00384615384615385,0.415384615384615,0.141758241758242,0.320879120879121
268273.411807,2764866.126422,0.113736263736264,0.0512820512820513,0.00238095238095238,0.182783882783883,0.213003663003663,0.436813186813187
268773.411807,2764866.126422,0.116061606160616,0.0647231389805647,0.145031169783645,0.0346534653465347,0.100660066006601,0.538870553722039
269273.411807,2764866.126422,0.0468864468864469,0.0692307692307692,0.255494505494505,0.123992673992674,0.100915750915751,0.403479853479853
269773.411807,2764866.126422,0.141025641025641,0.107326007326007,0.00549450549450549,0.0901098901098901,0.0908424908424908,0.565201465201465
270273.411807,2764866.126422,0.0388705537220389,0.193069306930693,0,0.00568390172350568,0.0425375870920425,0.71983865053172
270773.411807,2764866.126422,0.0633699633699634,0.0813186813186813,0.258608058608059,0.148351648351648,0.104029304029304,0.344322344322344
271273.411807,2764866.126422,0.0598901098901099,0.219047619047619,0,0.0542124542124542,0.0723443223443224,0.594505494505495
271773.411807,2764866.126422,0.0803080308030803,0.11954528786212,0.00513384671800513,0.00806747341400807,0.0348368170150348,0.752108544187752
272273.411807,2764866.126422,0.0921245421245421,0.206410256410256,0.119230769230769,0.132783882783883,0.0877289377289377,0.361721611721612
272773.411807,2764866.126422,0.0836996336996337,0.0529304029304029,0.251465201465201,0.0558608058608059,0.0542124542124542,0.501831501831502
273273.411807,2764866.126422,0.112027869453612,0.048954895489549,0.0135680234690136,0.19050238357169,0.16960029336267,0.465346534653465
273773.411807,2764866.126422,0.0948717948717949,0.0335164835164835,0.0265567765567766,0.330952380952381,0.134798534798535,0.379304029304029
274273.411807,2764866.126422,0.200732600732601,0.0681318681318681,0.0161172161172161,0.315201465201465,0.10952380952381,0.29029304029304
274773.411807,2764866.126422,0.0612394572790612,0.0298863219655299,0.00201686835350202,0.674734140080675,0.162816281628163,0.0693069306930693
262773.411807,2764366.126422,0.134868421052632,0.114103618421053,0,0.0620888157894737,0.0653782894736842,0.623560855263158
263273.411807,2764366.126422,0.0992842723435493,0.123508900715728,0,0.0849697192145348,0.0963479537529822,0.595889153973206
263773.411807,2764366.126422,0.137905739959655,0.129470016504676,0,0.110581331377224,0.100861910874748,0.521181001283697
264273.411807,2764366.126422,0.156862745098039,0.0872274143302181,0,0.0623052959501558,0.126443100604728,0.567161444016859
264773.411807,2764366.126422,0.0565241328684162,0.268122591301156,0,0.0115617544503579,0.0436777390346853,0.620113782345385
265273.411807,2764366.126422,0.0465798642948836,0.31597285897671,0,0.0157711351549606,0.0434623143223913,0.578213827251054
265773.411807,2764366.126422,0.0852116547553601,0.0492944841487997,0,0.0284038849184534,0.109217518783214,0.727872457394173
266273.411807,2764366.126422,0.0583593319875206,0.167003119838502,0,0.123692420627638,0.1036887502294,0.547256377316939
266773.411807,2764366.126422,0.137722354667156,0.0856409315972859,0.0561158995048597,0.037593984962406,0.17990097194205,0.503025857326242
267273.411807,2764366.126422,0.2376763789628,0.0141103170240059,0,0.0536925050393989,0.0469122228330585,0.647608576140737
267773.411807,2764366.126422,0.117269223710773,0.0902917966599376,0.0148651128647458,0.0126628739218205,0.0811158010644155,0.683795191778308
268273.411807,2764366.126422,0.0814230698697964,0.235283330276912,0,0.225197139189437,0.118100128369705,0.33999633229415
268773.411807,2764366.126422,0.0797141286421111,0.0535092541689573,0.0196078431372549,0.213487264064504,0.113065787062489,0.520615722924684
269273.411807,2764366.126422,0.0745090842356396,0.119838502477519,0,0.121490181684713,0.102771150669848,0.581391080932281
269773.411807,2764366.126422,0.055198973042362,0.127086007702182,0,0.00935264991747662,0.037593984962406,0.770768384375573
270273.411807,2764366.126422,0.0888766721641928,0.140370166758292,0,0.0192413413963716,0.0485614806670332,0.70295033901411
270773.411807,2764366.126422,0.106441548908057,0.173793356579189,0,0.0423930996513122,0.051018535511103,0.626353459350339
271273.411807,2764366.126422,0.0871080139372822,0.185585916009536,0.000366770584999083,0.11589950485971,0.150009169264625,0.461030625343847
271773.411807,2764366.126422,0.110866776617189,0.0835623969213854,0.000366501740883269,0.00403151914971596,0.0155763239875389,0.785596481583288
272273.411807,2764366.126422,0.124793540099101,0.103505230317489,0.00991007524316388,0.142778491466324,0.130482657368324,0.488530005505597
272773.411807,2764366.126422,0.150559325142124,0.0621676141573446,0.0293416467999266,0.199339812947002,0.0665688611773336,0.49202273977627
273273.411807,2764366.126422,0.161077515118197,0.0108118013560564,0.00146600696353308,0.0769653655854865,0.0729338464357706,0.676745464540957
273773.411807,2764366.126422,0.21563589649477,0.0712057258212516,0.0306478252890439,0.167737199486144,0.148834648559369,0.365938704349422
274273.411807,2764366.126422,0.0889418668622776,0.0249403997799376,0.0262240968274344,0.565193471483587,0.132220795892169,0.162479369154594
274773.411807,2764366.126422,0.0317024005864028,0.0315191497159611,0.00238226131574125,0.768920652373099,0.137621403701668,0.0278541323071285
262773.411807,2763866.126422,0.06288532675709,0.257295519934238,0,0.0164406083025072,0.0836415947390053,0.57973695026716
263273.411807,2763866.126422,0.053394495412844,0.0763302752293578,0.261100917431193,0.122935779816514,0.1,0.386238532110092
263773.411807,2763866.126422,0.0836543753439736,0.220143093010457,0,0.17978352595854,0.1284168042561,0.38800220143093
264273.411807,2763866.126422,0.0967032967032967,0.136996336996337,0,0.056959706959707,0.0826007326007326,0.626739926739927
264773.411807,2763866.126422,0.0811009174311927,0.128623853211009,0.0280733944954128,0.0510091743119266,0.0906422018348624,0.620550458715596
265273.411807,2763866.126422,0.1284168042561,0.209869748669969,0,0.0254999082737112,0.0691616217207852,0.567051917079435
265773.411807,2763866.126422,0.0509157509157509,0.160989010989011,0,0.0108058608058608,0.0346153846153846,0.742673992673993
266273.411807,2763866.126422,0.0339449541284404,0.0618348623853211,0.0218348623853211,0.132477064220183,0.0915596330275229,0.658348623853211
266773.411807,2763866.126422,0.104384516602458,0.0267840763162722,0.00495321959273528,0.0262337185837461,0.115208218675472,0.722436250229316
267273.411807,2763866.126422,0.296886446886447,0.0457875457875458,0.060989010989011,0.113736263736264,0.084981684981685,0.397619047619048
267773.411807,2763866.126422,0.153394495412844,0.0891743119266055,0.104036697247706,0.0222018348623853,0.0390825688073395,0.592110091743119
268273.411807,2763866.126422,0.117776554760594,0.0480645753072831,0.00110071546505228,0.0445789763346175,0.0832874701889562,0.705191707943497
268773.411807,2763866.126422,0.158058608058608,0.0391941391941392,0.00476190476190476,0.224175824175824,0.165201465201465,0.408608058608059
269273.411807,2763866.126422,0.174311926605505,0.0212844036697248,0.0368807339449541,0.336697247706422,0.16256880733945,0.268256880733945
269773.411807,2763866.126422,0.140708126949184,0.0867730691616217,0,0.0365070629242341,0.0449458814896349,0.691065859475326
270273.411807,2763866.126422,0.0785714285714286,0.118681318681319,0,0.0346153846153846,0.0745421245421245,0.693589743589744
270773.411807,2763866.126422,0.110091743119266,0.0524770642201835,0.00018348623853211,0.053394495412844,0.101284403669725,0.68256880733945
271273.411807,2763866.126422,0.118693817648138,0.0313703907539901,0.000183452577508714,0.0339387268391121,0.0867730691616217,0.729040543019629
271773.411807,2763866.126422,0.0644688644688645,0.0543956043956044,0.000183150183150183,0.516483516483517,0.162454212454212,0.202014652014652
272273.411807,2763866.126422,0.043302752293578,0.0809174311926606,0,0.548623853211009,0.165321100917431,0.161834862385321
272773.411807,2763866.126422,0.0546688680975968,0.0798018712162906,0.00495321959273528,0.38653458081086,0.0755824619335902,0.398458998348927
273273.411807,2763866.126422,0.0681318681318681,0.116117216117216,0,0.162087912087912,0.093040293040293,0.560622710622711
273773.411807,2763866.126422,0.0774311926605505,0.0770642201834862,0.0124770642201835,0.63302752293578,0.115412844036697,0.0845871559633028
274273.411807,2763866.126422,0.073747936158503,0.0300862227114291,0.00421940928270042,0.712713263621354,0.160154100165107,0.0190790680609063
274773.411807,2763866.126422,0.026007326007326,0.0351648351648352,0.00201465201465201,0.721428571428571,0.160805860805861,0.0545787545787546
262773.411807,2763366.126422,0.0378367263006375,0.265473987250668,0.0746452806909315,0.0553156487764754,0.158544108574954,0.408184248406334
263273.411807,2763366.126422,0.0664835164835165,0.157875457875458,0.0236263736263736,0.160805860805861,0.0714285714285714,0.51978021978022
263773.411807,2763366.126422,0.0608058608058608,0.217216117216117,0.0750915750915751,0.235164835164835,0.111538461538462,0.30018315018315
264273.411807,2763366.126422,0.0625229189585625,0.343050971763843,0.00055005500550055,0.0520718738540521,0.066006600660066,0.475797579757976
264773.411807,2763366.126422,0.108241758241758,0.156227106227106,0.0137362637362637,0.054029304029304,0.103663003663004,0.564102564102564
265273.411807,2763366.126422,0.0424908424908425,0.23956043956044,0,0.2496336996337,0.0619047619047619,0.406410256410256
265773.411807,2763366.126422,0.081958195819582,0.22992299229923,0.143381004767143,0.0088008800880088,0.0449211587825449,0.491015768243491
266273.411807,2763366.126422,0.0461538461538462,0.060989010989011,0.231684981684982,0.0501831501831502,0.0954212454212454,0.515567765567766
266773.411807,2763366.126422,0.0725274725274725,0.0137362637362637,0.0131868131868132,0.01996336996337,0.0554945054945055,0.825091575091575
267273.411807,2763366.126422,0.125412541254125,0.0161349468280161,0.0847084708470847,0.0823248991565823,0.102310231023102,0.589108910891089
267773.411807,2763366.126422,0.134249084249084,0.0173992673992674,0.0161172161172161,0.147252747252747,0.0710622710622711,0.613919413919414
268273.411807,2763366.126422,0.0912087912087912,0.0221611721611722,0.0043956043956044,0.0716117216117216,0.124175824175824,0.686446886446886
268773.411807,2763366.126422,0.0955262192885955,0.136046938027136,0.0258525852585259,0.00531719838650532,0.0324532453245325,0.704803813714705
269273.411807,2763366.126422,0.111538461538462,0.0315018315018315,0.000549450549450549,0.23040293040293,0.103479853479853,0.522527472527473
269773.411807,2763366.126422,0.257326007326007,0.0441391941391941,0,0.0562271062271062,0.125641025641026,0.516666666666667
270273.411807,2763366.126422,0.0597726439310598,0.0694902823615695,0.000733406674000733,0.0676567656765677,0.111477814448111,0.690869086908691
270773.411807,2763366.126422,0.0467032967032967,0.304212454212454,0.000183150183150183,0.0232600732600733,0.0412087912087912,0.584432234432234
271273.411807,2763366.126422,0.0833333333333333,0.06996336996337,0.104761904761905,0.101648351648352,0.0811355311355311,0.559157509157509
271773.411807,2763366.126422,0.103777044371104,0.037953795379538,0,0.275394206087275,0.105243857719105,0.477631096442978
272273.411807,2763366.126422,0.0796703296703297,0.108241758241758,0.00842490842490842,0.15018315018315,0.169413919413919,0.484065934065934
272773.411807,2763366.126422,0.205677655677656,0.158241758241758,0.0111721611721612,0.147985347985348,0.0796703296703297,0.397252747252747
273273.411807,2763366.126422,0.132196552988632,0.118628529519619,0.00055005500550055,0.150715071507151,0.127246057939127,0.470663733039971
273773.411807,2763366.126422,0.065018315018315,0.0254578754578755,0.00695970695970696,0.630769230769231,0.208241758241758,0.0635531135531135
274273.411807,2763366.126422,0.0608058608058608,0.0346153846153846,0.00787545787545788,0.713186813186813,0.152380952380952,0.0311355311355311
274773.411807,2763366.126422,0.0594059405940594,0.0462046204620462,0.0231023102310231,0.636780344701137,0.144847818115145,0.0896589658965897
262773.411807,2762866.126422,0.0888157894736842,0.2265625,0.00102796052631579,0.160361842105263,0.137541118421053,0.385690789473684
263273.411807,2762866.126422,0.0847861993026243,0.240411084602679,0,0.0411084602679391,0.0772618829142962,0.556432372912461
263773.411807,2762866.126422,0.0473134054648817,0.0566660553823583,0.000366770584999083,0.343664038144141,0.107647166697231,0.444342563726389
264273.411807,2762866.126422,0.0802638812534359,0.0375664284405351,0,0.500091625435221,0.163826278174821,0.218251786695987
264773.411807,2762866.126422,0.0890071572765645,0.197283905303725,0.104239309965131,0.115066984767847,0.0928610754266838,0.401541567260048
265273.411807,2762866.126422,0.103796075554741,0.165963689712085,0.0097194205024757,0.155510728039611,0.114982578397213,0.450027507793875
265773.411807,2762866.126422,0.0879604178119846,0.032618654938611,0.00164925783397471,0.124610591900312,0.137438152831226,0.615722924683892
266273.411807,2762866.126422,0.207193980546889,0.0717562855569829,0.0034868783262984,0.156175445035786,0.142411451642503,0.41897595889154
266773.411807,2762866.126422,0.258573262424354,0.137172198789657,0.0726205758298184,0.0075187969924812,0.057582981844856,0.466532184118834
267273.411807,2762866.126422,0.0797141286421111,0.125893347993403,0.00256551218618288,0.087777166941543,0.12332783580722,0.58072200842954
267773.411807,2762866.126422,0.202422462837218,0.0229399889888053,0.00275279867865663,0.307579372361901,0.156909524683428,0.307395852449991
268273.411807,2762866.126422,0.111131487254722,0.0597836053548505,0.0550155877498625,0.0141206675224647,0.0498807995598753,0.710067852558225
268773.411807,2762866.126422,0.0927249404434671,0.155946490745831,0.0696353307678211,0.0146600696353308,0.055158512002932,0.611874656404618
269273.411807,2762866.126422,0.224995412002202,0.0495503762158194,0.176913195081666,0.0420260598274913,0.121857221508534,0.384657735364287
269773.411807,2762866.126422,0.267742527049331,0.0137538969374656,0.01998899688245,0.148542086924629,0.169264624977077,0.380707867229048
270273.411807,2762866.126422,0.13450613890416,0.0223566061938794,0.00256551218618288,0.336082096389958,0.116914055341763,0.387575590984057
270773.411807,2762866.126422,0.0862543585979079,0.14920168838319,0,0.0117452743622683,0.0440447788585061,0.708753899798128
271273.411807,2762866.126422,0.144507610489639,0.168531083807079,0.188886851274528,0.0141206675224647,0.041995231982395,0.441958554923895
271773.411807,2762866.126422,0.156862745098039,0.0820963899578523,0.00329851566794942,0.156862745098039,0.144035184167125,0.456844420010995
272273.411807,2762866.126422,0.121123141860892,0.0345017434391632,0,0.239309965131217,0.124059460451459,0.481005689117269
272773.411807,2762866.126422,0.187052998349532,0.0293416467999266,0.00641848523748395,0.302585732624244,0.233632862644416,0.240968274344398
273273.411807,2762866.126422,0.176653839105736,0.0183250870441635,0.000549752611324904,0.16364302730438,0.153197727689207,0.48763056624519
273773.411807,2762866.126422,0.12846393833731,0.025325747843641,0.0102771150669848,0.594604514589833,0.162231602128831,0.0790970820334006
274273.411807,2762866.126422,0.0614340729873464,0.0306253438474234,0.0166880616174583,0.705299834953237,0.146524848707134,0.0394278378874014
274773.411807,2762866.126422,0.109400769653656,0.0258383727322705,0.0483782297965915,0.55488363569727,0.133589884551952,0.127909107568261
262773.411807,2762366.126422,0.0994656802301685,0.181668721742704,0.00637073571722154,0.00143855322646938,0.0339087546239211,0.677147554459515
263273.411807,2762366.126422,0.0572477064220183,0.0609174311926605,0.410825688073394,0.0781651376146789,0.0803669724770642,0.312477064220184
263773.411807,2762366.126422,0.0687947165657677,0.152449091909741,0.0207301412584847,0.262337185837461,0.139974316639149,0.355714547789396
264273.411807,2762366.126422,0.147069597069597,0.12032967032967,0.0131868131868132,0.205677655677656,0.0992673992673993,0.414468864468864
264773.411807,2762366.126422,0.0739449541284404,0.0759633027522936,0.0352293577981651,0.291559633027523,0.192660550458716,0.330642201834862
265273.411807,2762366.126422,0.021830856723537,0.198128783709411,0.0436617134470739,0.130251330031187,0.0610897083104018,0.545037607778389
265773.411807,2762366.126422,0.0945054945054945,0.102747252747253,0,0.0417582417582418,0.0976190476190476,0.663369963369963
266273.411807,2762366.126422,0.104220183486239,0.124403669724771,0,0.0904587155963303,0.0922935779816514,0.588623853211009
266773.411807,2762366.126422,0.172995780590717,0.0100898917629793,0.002568336085122,0.0939277196844616,0.0897083104017612,0.630709961474959
267273.411807,2762366.126422,0.0972527472527473,0.0399267399267399,0.10970695970696,0.0824175824175824,0.0639194139194139,0.606776556776557
267773.411807,2762366.126422,0.233211009174312,0.0181651376146789,0.0438532110091743,0.169357798165138,0.134311926605505,0.401100917431193
268273.411807,2762366.126422,0.220509998165474,0.0665932856356632,0.00440286186020914,0.0106402494955054,0.0519170794349661,0.645936525408182
268773.411807,2762366.126422,0.216300366300366,0.0576923076923077,0.0234432234432234,0.0472527472527473,0.102014652014652,0.553296703296703
269273.411807,2762366.126422,0.357981651376147,0.0106422018348624,0.0291743119266055,0.131376146788991,0.184587155963303,0.286238532110092
269773.411807,2762366.126422,0.374426710695285,0.0143093010456797,0.000733810310034856,0.08273711245643,0.198862594019446,0.328930471473124
270273.411807,2762366.126422,0.211355311355311,0.0523809523809524,0.000183150183150183,0.193772893772894,0.196336996336996,0.345970695970696
270773.411807,2762366.126422,0.0420183486238532,0.250642201834862,0.0161467889908257,0.0891743119266055,0.0730275229357798,0.528990825688073
271273.411807,2762366.126422,0.0748486516235553,0.182718767198679,0,0.0322876536415337,0.0484314804623005,0.661713447073931
271773.411807,2762366.126422,0.0873626373626374,0.00879120879120879,0,0.325457875457875,0.153479853479853,0.424908424908425
272273.411807,2762366.126422,0.175779816513761,0.162385321100917,0.00458715596330275,0.118715596330275,0.119082568807339,0.419449541284404
272773.411807,2762366.126422,0.0799853237937993,0.0370574206567602,0.00091726288754357,0.415886993212255,0.0832874701889562,0.382865529260686
273273.411807,2762366.126422,0.0721611721611722,0.0157509157509158,0.00714285714285714,0.338095238095238,0.0789377289377289,0.487912087912088
273773.411807,2762366.126422,0.0776146788990826,0.0214678899082569,0.0223853211009174,0.719082568807339,0.084954128440367,0.0744954128440367
274273.411807,2762366.126422,0.0654925701706109,0.0363236103467254,0.00972298660796184,0.696385984223078,0.151898734177215,0.0401761144744084
274773.411807,2762366.126422,0.0836996336996337,0.0245421245421245,0.00769230769230769,0.685164835164835,0.158791208791209,0.0401098901098901
262773.411807,2761866.126422,0.150113098910138,0.202344231955583,0,0.0489409829323463,0.104050997326753,0.49455068887518
263273.411807,2761866.126422,0.063003663003663,0.235347985347985,0.00311355311355311,0.0712454212454212,0.0554945054945055,0.571794871794872
263773.411807,2761866.126422,0.0791208791208791,0.144322344322344,0.0532967032967033,0.21043956043956,0.103296703296703,0.40952380952381
264273.411807,2761866.126422,0.111111111111111,0.0359369270260359,0,0.378071140447378,0.178951228456179,0.295929592959296
264773.411807,2761866.126422,0.0767399267399267,0.0564102564102564,0.00695970695970696,0.349084249084249,0.15018315018315,0.360622710622711
265273.411807,2761866.126422,0.032051282051282,0.0527472527472527,0.00586080586080586,0.536446886446886,0.154578754578755,0.218315018315018
265773.411807,2761866.126422,0.0561056105610561,0.0190685735240191,0.0577557755775578,0.436193619361936,0.178034470113678,0.252841950861753
266273.411807,2761866.126422,0.0703296703296703,0.0532967032967033,0.0217948717948718,0.191391941391941,0.0996336996336996,0.563553113553114
266773.411807,2761866.126422,0.0838827838827839,0.148168498168498,0.0010989010989011,0.0923076923076923,0.1,0.574542124542124
267273.411807,2761866.126422,0.0854418775210854,0.111844517785112,0.125595892922626,0.0544554455445545,0.0944261092775944,0.528236156949028
267773.411807,2761866.126422,0.246886446886447,0.00897435897435897,0.000183150183150183,0.0985347985347985,0.128937728937729,0.516483516483517
268273.411807,2761866.126422,0.0507326007326007,0.127655677655678,0.00641025641025641,0.0567765567765568,0.0368131868131868,0.721611721611722
268773.411807,2761866.126422,0.104143747708104,0.108544187752109,0.0033003300330033,0.25009167583425,0.0935093509350935,0.44041070773744
269273.411807,2761866.126422,0.192124542124542,0.0375457875457875,0.00183150183150183,0.3,0.134249084249084,0.334249084249084
269773.411807,2761866.126422,0.331684981684982,0.00714285714285714,0.000366300366300366,0.0738095238095238,0.153846153846154,0.433150183150183
270273.411807,2761866.126422,0.158049138247158,0.0300696736340301,0,0.108910891089109,0.117711771177118,0.585258525852585
270773.411807,2761866.126422,0.0677655677655678,0.0454212454212454,0.0161172161172161,0.353479853479854,0.145787545787546,0.371428571428571
271273.411807,2761866.126422,0.136813186813187,0.0593406593406593,0.0276556776556777,0.386446886446886,0.173260073260073,0.216483516483516
271773.411807,2761866.126422,0.144847818115145,0.0397873120645398,0.0267693436010268,0.461862852951962,0.14026402640264,0.186468646864686
272273.411807,2761866.126422,0.0728937728937729,0.0399267399267399,0.0269230769230769,0.612820512820513,0.136630036630037,0.110805860805861
272773.411807,2761866.126422,0.0494505494505494,0.0428571428571429,0.0886446886446886,0.69010989010989,0.0831501831501831,0.0457875457875458
273273.411807,2761866.126422,0.0359369270260359,0.0205353868720205,0.0132013201320132,0.795929592959296,0.0977264393105977,0.0366703337000367
273773.411807,2761866.126422,0.0463369963369963,0.0360805860805861,0.0346153846153846,0.631868131868132,0.180586080586081,0.0705128205128205
274273.411807,2761866.126422,0.171062271062271,0.0710622710622711,0.00659340659340659,0.396886446886447,0.218315018315018,0.136080586080586
274773.411807,2761866.126422,0.104877154382105,0.0234690135680235,0.00201686835350202,0.551705170517052,0.142280894756142,0.175650898423176
262773.411807,2761366.126422,0.197779605263158,0.0277549342105263,0.0674342105263158,0.0896381578947368,0.125,0.492393092105263
263273.411807,2761366.126422,0.0862543585979079,0.265002752798679,0.0306478252890439,0.0240411084602679,0.0741420444118187,0.519911910442283
263773.411807,2761366.126422,0.0353933614524115,0.141390060517147,0.131487254722171,0.136988813497158,0.0854575463047864,0.469282963506327
264273.411807,2761366.126422,0.0665200659703134,0.0927249404434671,0.0434304562946674,0.274326553051127,0.117463807953088,0.405534176287337
264773.411807,2761366.126422,0.141860891906772,0.187190310148651,0.00293631859056708,0.126078179482474,0.0824004404477886,0.459533859423747
265273.411807,2761366.126422,0.0408949202273978,0.158444892719604,0,0.0170548322024574,0.0223730056849441,0.761232349165597
265773.411807,2761366.126422,0.0630382994319223,0.129924867143119,0.0696353307678211,0.0831958951805021,0.0870441634597764,0.567161444016859
266273.411807,2761366.126422,0.184621031381905,0.0354193429987154,0.0502844558634612,0.427050835015599,0.0948797944576987,0.207744540282621
266773.411807,2761366.126422,0.033192737942417,0.102145607922245,0.015587749862461,0.51604621309371,0.177333577847057,0.155694113332111
267273.411807,2761366.126422,0.083745647791827,0.0243723657687374,0.0104452996151732,0.237309877221917,0.0956569543705333,0.548469855231812
267773.411807,2761366.126422,0.11616810423931,0.02073775004588,0.000917599559552211,0.341897595889154,0.205358781427785,0.314920168838319
268273.411807,2761366.126422,0.0586832935998533,0.0902255639097744,0,0.405281496423987,0.117549972492206,0.328259673574179
268773.411807,2761366.126422,0.137621403701668,0.0159428257284222,0.000549752611324904,0.493861095840205,0.169873556899395,0.182151365218985
269273.411807,2761366.126422,0.24499908240044,0.0146815929528354,0.0104606349788952,0.291062580289961,0.154523765828592,0.284272343549275
269773.411807,2761366.126422,0.0891252521547772,0.0146708233999633,0.00421786172748946,0.16798092792958,0.188336695397029,0.535668439391161
270273.411807,2761366.126422,0.21073850100788,0.0251053692505039,0.0302363936228697,0.139820414146967,0.111050027487631,0.483049294484149
270773.411807,2761366.126422,0.0666177280234905,0.0515690952468343,0.0598274912828042,0.666360800146816,0.110846026793907,0.0447788585061479
271273.411807,2761366.126422,0.0579497524298551,0.0128369704749679,0.0124701998899688,0.769484687328076,0.0900421786172749,0.057216211259857
271773.411807,2761366.126422,0.03811618105186,0.0155763239875389,0.00659703133589885,0.698369067253069,0.14238592633315,0.0989554700384827
272273.411807,2761366.126422,0.0167003119838502,0.0121123141860892,0.0396403009726555,0.834281519544871,0.0768948430904753,0.0203707102220591
272773.411807,2761366.126422,0.0920594168347699,0.00715202640748212,0.0225563909774436,0.679075738125802,0.0827067669172932,0.116449660737209
273273.411807,2761366.126422,0.0382994319223016,0.0408649441084845,0.0298698918819864,0.753161077515118,0.0822796408282939,0.0555250137438153
273773.411807,2761366.126422,0.118003303358414,0.00862543585979079,0.00587263718113415,0.516975591851716,0.144613690585429,0.205909341163516
274273.411807,2761366.126422,0.17604988079956,0.0573995965523565,0.0110031175499725,0.371355217311572,0.135705116449661,0.248487071336879
274773.411807,2761366.126422,0.100238226131574,0.0232728605460876,0.00311526479750779,0.427524280740333,0.219901044529962,0.225948323254535
262773.411807,2760866.126422,0.0694615700780929,0.0865187011919441,0,0.159268392930538,0.130908343608714,0.553842992190711
263273.411807,2760866.126422,0.0680733944954128,0.181651376146789,0.0684403669724771,0.00825688073394495,0.0297247706422018,0.643853211009174
263773.411807,2760866.126422,0.0579710144927536,0.3494771601541,0.0489818381948266,0.0346725371491469,0.0656760227481196,0.443221427261053
264273.411807,2760866.126422,0.0880952380952381,0.143040293040293,0.101465201465201,0.248717948717949,0.108424908424908,0.31025641025641
264773.411807,2760866.126422,0.0440366972477064,0.0805504587155963,0.0104587155963303,0.574311926605505,0.124954128440367,0.165688073394495
265273.411807,2760866.126422,0.0702623371858375,0.0884241423592002,0.0286186020913594,0.174279948633278,0.155017427994863,0.483397541735461
265773.411807,2760866.126422,0.0877289377289377,0.0974358974358974,0.00604395604395604,0.396336996336996,0.113736263736264,0.298717948717949
266273.411807,2760866.126422,0.0671559633027523,0.0273394495412844,0.00311926605504587,0.523119266055046,0.128990825688073,0.250275229357798
266773.411807,2760866.126422,0.247660979636764,0.017978352595854,0.0126582278481013,0.357915978719501,0.223078334250596,0.140708126949184
267273.411807,2760866.126422,0.0705128205128205,0.0188644688644689,0.00128205128205128,0.461721611721612,0.17967032967033,0.267948717948718
267773.411807,2760866.126422,0.162385321100917,0.0102752293577982,0.00293577981651376,0.247706422018349,0.212844036697248,0.363853211009174
268273.411807,2760866.126422,0.0990643918547056,0.020546688680976,0,0.22821500642084,0.155751238304898,0.49642267473858
268773.411807,2760866.126422,0.416117216117216,0.00256410256410256,0,0.196153846153846,0.129120879120879,0.256043956043956
269273.411807,2760866.126422,0.184770642201835,0.0559633027522936,0.0473394495412844,0.184220183486239,0.153761467889908,0.37394495412844
269773.411807,2760866.126422,0.124197394973399,0.0548523206751055,0.00201797835259585,0.458447991194276,0.144927536231884,0.215556778572739
270273.411807,2760866.126422,0.101098901098901,0.0375457875457875,0.0362637362637363,0.348351648351648,0.124908424908425,0.351831501831502
270773.411807,2760866.126422,0.0565137614678899,0.0104587155963303,0.0201834862385321,0.744587155963303,0.122935779816514,0.0453211009174312
271273.411807,2760866.126422,0.0183452577508714,0.0066042927903137,0.00752155567785727,0.893780957622455,0.0605393505778756,0.0132085855806274
271773.411807,2760866.126422,0.0450549450549451,0.0139194139194139,0.0043956043956044,0.803663003663004,0.0846153846153846,0.0483516483516484
272273.411807,2760866.126422,0.02,0.0181651376146789,0.0122935779816514,0.854128440366972,0.0770642201834862,0.018348623853211
272773.411807,2760866.126422,0.00513667217024399,0.00513667217024399,0.001284168042561,0.93157218858925,0.0515501742799486,0.00532012474775271
273273.411807,2760866.126422,0.0505494505494506,0.0456043956043956,0.00897435897435897,0.728021978021978,0.111721611721612,0.0551282051282051
273773.411807,2760866.126422,0.0322935779816514,0.0262385321100917,0.00513761467889908,0.793394495412844,0.0823853211009174,0.0605504587155963
274273.411807,2760866.126422,0.085305448541552,0.0146762062006971,0.00550357732526142,0.766831773986425,0.0836543753439736,0.0440286186020914
274773.411807,2760866.126422,0.226739926739927,0.0205128205128205,0.00567765567765568,0.402014652014652,0.184432234432234,0.160622710622711
262773.411807,2760366.126422,0.0567550894509562,0.295085338268558,0.054287476866132,0.00884227842895332,0.0503804236068271,0.534649393378573
263273.411807,2760366.126422,0.0604395604395604,0.173076923076923,0.0388278388278388,0.132783882783883,0.0752747252747253,0.51959706959707
263773.411807,2760366.126422,0.0796703296703297,0.157692307692308,0.00860805860805861,0.194871794871795,0.122710622710623,0.436446886446886
264273.411807,2760366.126422,0.0977264393105977,0.0727906123945728,0.000366703337000367,0.205353868720205,0.124862486248625,0.498899889988999
264773.411807,2760366.126422,0.127655677655678,0.0782051282051282,0.039010989010989,0.146153846153846,0.0864468864468864,0.522527472527473
265273.411807,2760366.126422,0.152197802197802,0.0166666666666667,0.000366300366300366,0.277472527472527,0.145604395604396,0.407692307692308
265773.411807,2760366.126422,0.174000733406674,0.0210854418775211,0.000183351668500183,0.390722405573891,0.108360836083608,0.305647231389806
266273.411807,2760366.126422,0.0335164835164835,0.0296703296703297,0.000183150183150183,0.514468864468864,0.140842490842491,0.281318681318681
266773.411807,2760366.126422,0.0721611721611722,0.0364468864468864,0.000366300366300366,0.535164835164835,0.161172161172161,0.194688644688645
267273.411807,2760366.126422,0.101943527686102,0.0473047304730473,0,0.357535753575358,0.11037770443711,0.382838283828383
267773.411807,2760366.126422,0.253846153846154,0.0157509157509158,0.00457875457875458,0.164835164835165,0.16996336996337,0.391025641025641
268273.411807,2760366.126422,0.252930402930403,0.0611721611721612,0.0133699633699634,0.0608058608058608,0.0835164835164835,0.528205128205128
268773.411807,2760366.126422,0.297396406307297,0.0265859919325266,0.011001100110011,0.16024935826916,0.11019435276861,0.394572790612395
269273.411807,2760366.126422,0.219047619047619,0.084981684981685,0.05,0.0688644688644689,0.0736263736263736,0.503479853479853
269773.411807,2760366.126422,0.126739926739927,0.0705128205128205,0.0146520146520147,0.13003663003663,0.104945054945055,0.553113553113553
270273.411807,2760366.126422,0.0817748441510818,0.0958929226255959,0.00458379171250458,0.234506784011734,0.102493582691602,0.480748074807481
270773.411807,2760366.126422,0.089010989010989,0.0311355311355311,0.00641025641025641,0.65989010989011,0.148901098901099,0.0646520146520147
271273.411807,2760366.126422,0.0391941391941392,0.0122710622710623,0.00586080586080586,0.767399267399267,0.123992673992674,0.0512820512820513
271773.411807,2760366.126422,0.0678401173450678,0.0434543454345435,0.0225522552255226,0.48001466813348,0.137880454712138,0.248258159149248
272273.411807,2760366.126422,0.0886446886446886,0.0250915750915751,0.0221611721611722,0.632051282051282,0.149084249084249,0.082967032967033
272773.411807,2760366.126422,0.0254578754578755,0.0287545787545788,0.00384615384615385,0.831684981684982,0.0820512820512821,0.0282051282051282
273273.411807,2760366.126422,0.0652731939860653,0.0306197286395306,0.00348368170150348,0.700586725339201,0.136963696369637,0.0630729739640631
273773.411807,2760366.126422,0.0754578754578755,0.017032967032967,0.00311355311355311,0.783699633699634,0.0635531135531135,0.0571428571428571
274273.411807,2760366.126422,0.0847985347985348,0.19010989010989,0.00201465201465201,0.535531135531136,0.0534798534798535,0.134065934065934
274773.411807,2760366.126422,0.132013201320132,0.0863586358635864,0.00055005500550055,0.212137880454712,0.105793912724606,0.463146314631463
262773.411807,2759866.126422,0.114309210526316,0.224712171052632,0,0.0851151315789474,0.125411184210526,0.450452302631579
263273.411807,2759866.126422,0.0895577170122958,0.104239309965131,0.0322995044962378,0.261148834648559,0.115434024591668,0.397320609286108
263773.411807,2759866.126422,0.0607005318173482,0.123785072437191,0.0845406198422887,0.214377406931964,0.139372822299652,0.377223546671557
264273.411807,2759866.126422,0.17830309693971,0.188565145684442,0.05717427157779,0.0676195711929632,0.062671797691039,0.445666116914055
264773.411807,2759866.126422,0.0851532391264452,0.0512020554230134,0.0264268673151037,0.249220040374381,0.154340245916682,0.433657551844375
265273.411807,2759866.126422,0.14817531633963,0.104529616724739,0.000733541169998166,0.302769117916743,0.154777186869613,0.289015220979277
265773.411807,2759866.126422,0.0304196444933113,0.319039765438886,0.0764156129741616,0.0254718709913872,0.0637713029136888,0.484881803188565
266273.411807,2759866.126422,0.107359148467609,0.129014498073041,0,0.0783630023857589,0.092126995779042,0.593136355294549
266773.411807,2759866.126422,0.0931597285897671,0.127636163579681,0.0214560792224464,0.382908490739043,0.125802310654686,0.249037227214377
267273.411807,2759866.126422,0.0751328568810702,0.157045995968481,0.00293201392706615,0.0833791460509437,0.0601062855048561,0.621403701667583
267773.411807,2759866.126422,0.147917048999816,0.0759772435309231,0.0187190310148651,0.0963479537529822,0.148834648559369,0.512204074142044
268273.411807,2759866.126422,0.216394645149459,0.00476801760498808,0.0821566110397946,0.182101595452045,0.138639281129653,0.37593984962406
268773.411807,2759866.126422,0.224115814550119,0.0393989371449514,0.0764156129741616,0.070734835990471,0.158145501191131,0.431189298149166
269273.411807,2759866.126422,0.122958340979996,0.213250137639934,0.0154156726004772,0.106625068819967,0.106808588731877,0.434942191227748
269773.411807,2759866.126422,0.135154960572162,0.145974692829635,0.0183385292499542,0.15202640748212,0.125252154777187,0.423253255088942
270273.411807,2759866.126422,0.125343595382078,0.0194245922668133,0.00458127176104087,0.37328202308961,0.15026571376214,0.327102803738318
270773.411807,2759866.126422,0.126445219306295,0.0356028629106258,0.0440447788585061,0.541934299871536,0.169021838869517,0.0829510001835199
271273.411807,2759866.126422,0.0309921144324225,0.0394278378874014,0.0106363469649734,0.742710434623143,0.0937098844672657,0.0825233816247937
