"x","y","forest","agri","water","built","other","grass"
262773.411807,2751866.126422,0.837302814723167,0,0,0.000309310238168883,0.0037117228580266,0.158676152180637
263273.411807,2751866.126422,0.663366336633663,0.00677436164669099,0,0.0320479416362689,0.0432516935904117,0.254559666492965
263773.411807,2751866.126422,0.652264445601249,0.000520562207183758,0,0.0169182717334721,0.053878188443519,0.276418532014576
264273.411807,2751866.126422,0.59854394175767,0.0397815912636505,0,0.00702028081123245,0.0364014560582423,0.318252730109204
264773.411807,2751866.126422,0.869984366857738,0.000260552371026576,0,0,0.00156331422615946,0.128191766545076
265273.411807,2751866.126422,0.916189484643415,0,0,0,0,0.0838105153565851
265773.411807,2751866.126422,0.743889755590224,0.0078003120124805,0,0.00364014560582423,0.0202808112324493,0.224388975559022
266273.411807,2751866.126422,0.342626367899948,0.000781657113079729,0.000521104742053153,0.0521104742053153,0.059666492965086,0.544293903074518
266773.411807,2751866.126422,0.342009370119729,0.00442477876106195,0,0.0101509630400833,0.0369599167100469,0.606454971369079
267273.411807,2751866.126422,0.359074362974519,0.00182007280291212,0.000520020800832033,0.0374414976599064,0.0374414976599064,0.563702548101924
267773.411807,2751866.126422,0.456748306409588,0,0,0.000260552371026576,0.00234497133923919,0.540646169880146
268273.411807,2751866.126422,0.723321186881832,0,0,0,0,0.276678813118168
268773.411807,2751866.126422,0.697087883515341,0.00130005200208008,0,0.00286011440457618,0.00702028081123245,0.291731669266771
269273.411807,2751866.126422,0.229286086503387,0.0106826472120896,0.000260552371026576,0.104220948410631,0.0880667014069828,0.567483064095883
269773.411807,2751866.126422,0.214211348256117,0.0642894325871942,0.00572618427902134,0.255596043727225,0.0806871421134826,0.37948984903696
270273.411807,2751866.126422,0.0863234529381175,0.139625585023401,0.109204368174727,0.301092043681747,0.0881435257410296,0.275611024440978
270773.411807,2751866.126422,0.376758728504429,0.0132881709223554,0.00182386659718603,0.133663366336634,0.0911933298593017,0.383272537780094
271273.411807,2751866.126422,0.25767829255596,0.11634565330557,0.00989068193649141,0.242581988547631,0.086153045288912,0.287350338365435
271773.411807,2751866.126422,0.152366094643786,0.195007800312012,0.00338013520540822,0.121684867394696,0.141965678627145,0.385595423816953
272273.411807,2751866.126422,0.270974465867639,0.066440854611777,0.000260552371026576,0.0489838457529964,0.0875455966649297,0.525794684731631
272773.411807,2751866.126422,0.121551275377408,0.0145757418011452,0.00832899531494014,0.347475273295159,0.0679333680374805,0.440135346173868
273273.411807,2751866.126422,0.0145605824232969,0.0221008840353614,0.00520020800832033,0.779251170046802,0.0694227769110764,0.109464378575143
273773.411807,2751866.126422,0.0825951016154247,0.0101615424700365,0.00703491401771756,0.763939551849922,0.0838978634705576,0.0523710265763418
274273.411807,2751866.126422,0.217855283706403,0.0075481520041645,0.00234252993232691,0.312597605413847,0.163196251952108,0.29646017699115
274773.411807,2751866.126422,0.24804992199688,0.102704108164327,0.0509620384815393,0.132345293811752,0.0689027561102444,0.397035881435257
275273.411807,2751866.126422,0.337882352941176,0.168,0.00988235294117647,0.151058823529412,0.0696470588235294,0.263529411764706
262773.411807,2751366.126422,0.722329265681867,0,0,0,0,0.277670734318133
263273.411807,2751366.126422,0.711355311355311,0,0,0.000366300366300366,0.00128205128205128,0.286996336996337
263773.411807,2751366.126422,0.549084249084249,0.0179487179487179,0,0.0232600732600733,0.0536630036630037,0.356043956043956
264273.411807,2751366.126422,0.817381738173817,0.000366703337000367,0,0.00311697836450312,0.0113678034470114,0.167766776677668
264773.411807,2751366.126422,0.82985347985348,0.00256410256410256,0,0,0,0.167582417582418
265273.411807,2751366.126422,0.843223443223443,0,0,0.000732600732600733,0.0032967032967033,0.152747252747253
265773.411807,2751366.126422,0.483131646497983,0.00275027502750275,0,0.013017968463513,0.0414374770810414,0.45966263292996
266273.411807,2751366.126422,0.395787545787546,0.00183150183150183,0,0.00531135531135531,0.0384615384615385,0.558608058608059
266773.411807,2751366.126422,0.527289377289377,0.00201465201465201,0.000915750915750916,0.0267399267399267,0.0437728937728938,0.399267399267399
267273.411807,2751366.126422,0.574440777411074,0.00623395672900623,0,0.0267693436010268,0.0584891822515585,0.334066740007334
267773.411807,2751366.126422,0.23021978021978,0.00695970695970696,0.0175824175824176,0.287362637362637,0.0943223443223443,0.363553113553114
268273.411807,2751366.126422,0.254395604395604,0.0106227106227106,0.00256410256410256,0.163553113553114,0.0778388278388278,0.491025641025641
268773.411807,2751366.126422,0.545837917125046,0.00165016501650165,0,0.0132013201320132,0.0249358269160249,0.414374770810414
269273.411807,2751366.126422,0.514468864468864,0.00604395604395604,0.000366300366300366,0.0342490842490843,0.0465201465201465,0.398351648351648
269773.411807,2751366.126422,0.268681318681319,0.00934065934065934,0.00164835164835165,0.152014652014652,0.0406593406593407,0.527655677655678
270273.411807,2751366.126422,0.187568756875688,0.028969563623029,0.0275027502750275,0.201503483681702,0.177667766776678,0.376787678767877
270773.411807,2751366.126422,0.0987179487179487,0.0144688644688645,0.00750915750915751,0.654395604395604,0.124175824175824,0.100732600732601
271273.411807,2751366.126422,0.176190476190476,0.0428571428571429,0.00842490842490842,0.116849816849817,0.10952380952381,0.546153846153846
271773.411807,2751366.126422,0.0592225889255592,0.0445544554455446,0.048038137147048,0.553905390539054,0.114594792812615,0.17968463513018
272273.411807,2751366.126422,0.163736263736264,0.0523809523809524,0.010989010989011,0.418131868131868,0.163919413919414,0.190842490842491
272773.411807,2751366.126422,0.152014652014652,0.0148351648351648,0.0106227106227106,0.407875457875458,0.103663003663004,0.310989010989011
273273.411807,2751366.126422,0.189402273560689,0.0308030803080308,0.0011001100110011,0.145397873120645,0.0883755042170884,0.544921158782545
273773.411807,2751366.126422,0.166483516483516,0.0173992673992674,0.0212454212454212,0.349267399267399,0.184981684981685,0.260622710622711
274273.411807,2751366.126422,0.281684981684982,0.0307692307692308,0.000732600732600733,0.109157509157509,0.112271062271062,0.465384615384615
274773.411807,2751366.126422,0.414741474147415,0.00623395672900623,0.00256692335900257,0.00788412174550788,0.0276861019435277,0.540887422075541
275273.411807,2751366.126422,0.318002628120894,0.136005256241787,0.000328515111695138,0.0647174770039422,0.109067017082786,0.371879106438896
262773.411807,2750866.126422,0.88372591006424,0,0,0,0,0.11627408993576
263273.411807,2750866.126422,0.500275279867866,0.0321159845843274,0.000550559735731327,0.0113782345384474,0.0673518076711323,0.388328133602496
263773.411807,2750866.126422,0.696497340913259,0.00275077938749312,0,0.010819732257473,0.0570328259673574,0.232899321474418
264273.411807,2750866.126422,0.743448781381712,0.00109950522264981,0,0.000549752611324904,0.00934579439252336,0.24555616639179
264773.411807,2750866.126422,0.692237107726188,0.00458799779776106,0.000183519911910442,0.000917599559552211,0.00991007524316388,0.292163699761424
265273.411807,2750866.126422,0.665321841188337,0.00293416467999266,0,0.00385109114249037,0.01998899688245,0.30790390610673
265773.411807,2750866.126422,0.611874656404618,0.00128275609309144,0,0.00842954004031519,0.0274876305662452,0.35092541689573
266273.411807,2750866.126422,0.51036887502294,0.0218388695173426,0,0.00422095797394017,0.019086070838686,0.444485226647091
266773.411807,2750866.126422,0.805978360535485,0,0,0.000183385292499542,0.00348432055749129,0.190353933614524
267273.411807,2750866.126422,0.763606377130291,0.0042147700201576,0,0.0174088326919553,0.0251053692505039,0.189664650907092
267773.411807,2750866.126422,0.424114516425032,0.00275279867865663,0.000367039823820885,0.271976509451275,0.0638649293448339,0.236924206276381
268273.411807,2750866.126422,0.642765450210893,0,0,0.0214560792224464,0.00935264991747662,0.326425820649184
268773.411807,2750866.126422,0.148433205057724,0.00934579439252336,0.000366501740883269,0.0590067802822063,0.0769653655854865,0.705882352941177
269273.411807,2750866.126422,0.0245916681959993,0.0047715177096715,0,0.00660671682877592,0.0121123141860892,0.951917783079464
269773.411807,2750866.126422,0.315055932514212,0.00128369704749679,0,0.00495140289748762,0.0133871263524665,0.665321841188337
270273.411807,2750866.126422,0.321055525013744,0.0120945574491479,0.000916254352208173,0.0410481949789262,0.0624885468205974,0.562396921385377
270773.411807,2750866.126422,0.21141493852083,0.0122958340979996,0.00293631859056708,0.0827674802716095,0.126261699394384,0.56432372912461
271273.411807,2750866.126422,0.0669356317623327,0.0141206675224647,0.0777553640198056,0.61580781221346,0.109847790207225,0.115532734274711
271773.411807,2750866.126422,0.0185083379146051,0.0102620487447315,0.00586402785413231,0.872090892431739,0.0700018325087044,0.0232728605460876
272273.411807,2750866.126422,0.148834648559369,0.0247751881079097,0.0113782345384474,0.494402642686732,0.125527619746743,0.1950816663608
272773.411807,2750866.126422,0.249770768384376,0.0408949202273978,0.0053181734824867,0.243719053731891,0.144324225197139,0.31597285897671
273273.411807,2750866.126422,0.24885468205974,0.0978559648158329,0.0047645226314825,0.131024372365769,0.0910756826094924,0.426424775517684
273773.411807,2750866.126422,0.38153789686181,0.0277115066984768,0.00458799779776106,0.103138190493669,0.0548724536612222,0.428151954487062
274273.411807,2750866.126422,0.325142123601687,0.0137538969374656,0.0194388410049514,0.0100861910874748,0.0311754997249221,0.600403447643499
274773.411807,2750866.126422,0.457577423492762,0.000916254352208173,0,0.000183250870441635,0.00256551218618288,0.538757559098406
275273.411807,2750866.126422,0.119353775140125,0.105506099571381,0.0154962083745467,0.0428618529508737,0.137487636003956,0.579294427959116
262773.411807,2750366.126422,0.614083904109589,0.00428082191780822,0,0.0158390410958904,0.0419520547945205,0.323844178082192
263273.411807,2750366.126422,0.723669724770642,0.00165137614678899,0,0.0104587155963303,0.0291743119266055,0.235045871559633
263773.411807,2750366.126422,0.97284901852871,0.00110071546505228,0,0,0,0.0260502660062374
264273.411807,2750366.126422,0.616666666666667,0.00347985347985348,0.000366300366300366,0.000366300366300366,0.00457875457875458,0.374542124542125
264773.411807,2750366.126422,0.795596330275229,0,0,0.00018348623853211,0.000917431192660551,0.203302752293578
265273.411807,2750366.126422,0.584296459365254,0.000366905155017428,0,0.00311869381764814,0.00972298660796184,0.402494955054119
265773.411807,2750366.126422,0.906959706959707,0.00201465201465201,0,0.000183150183150183,0.00549450549450549,0.0853479853479854
266273.411807,2750366.126422,0.800733944954128,0.00165137614678899,0,0.00256880733944954,0.0144954128440367,0.180550458715596
266773.411807,2750366.126422,0.753439735828288,0.000733810310034856,0,0.000733810310034856,0.00532012474775271,0.239772518803889
267273.411807,2750366.126422,0.757509157509157,0,0,0.000366300366300366,0.0021978021978022,0.23992673992674
267773.411807,2750366.126422,0.767155963302752,0,0,0.00348623853211009,0.00788990825688073,0.221467889908257
268273.411807,2750366.126422,0.697670152265639,0,0,0.00843881856540084,0.0359567051917079,0.257934323977252
268773.411807,2750366.126422,0.529304029304029,0.0021978021978022,0,0.0681318681318681,0.0756410256410256,0.324725274725275
269273.411807,2750366.126422,0.426422018348624,0.00770642201834862,0,0.0111926605504587,0.0513761467889908,0.503302752293578
269773.411807,2750366.126422,0.444505595303614,0.00770500825536599,0.000183452577508714,0.0478811227297744,0.0783342505962209,0.421390570537516
270273.411807,2750366.126422,0.345787545787546,0.00659340659340659,0.00677655677655678,0.0824175824175824,0.115384615384615,0.443040293040293
270773.411807,2750366.126422,0.125688073394495,0.00532110091743119,0.0115596330275229,0.208807339449541,0.160917431192661,0.487706422018349
271273.411807,2750366.126422,0.123280132085856,0.0209135938359934,0.237204182718767,0.25243074665199,0.107870115575124,0.258301229132269
271773.411807,2750366.126422,0.0772893772893773,0.0419413919413919,0.0142857142857143,0.652380952380952,0.136446886446886,0.0776556776556777
272273.411807,2750366.126422,0.10605504587156,0.0300917431192661,0.00532110091743119,0.606788990825688,0.0932110091743119,0.158532110091743
272773.411807,2750366.126422,0.289488167308751,0.0667767382131719,0.00403595670519171,0.206200697119795,0.105852137222528,0.327646303430563
273273.411807,2750366.126422,0.250915750915751,0.121794871794872,0.0032967032967033,0.0366300366300366,0.0470695970695971,0.54029304029304
273773.411807,2750366.126422,0.480183486238532,0.0886238532110092,0.00036697247706422,0.0311926605504587,0.0539449541284404,0.345688073394495
274273.411807,2750366.126422,0.306549257017061,0.153182902219776,0.00238488350761328,0.0475142175747569,0.0631076866629976,0.427261053017795
274773.411807,2750366.126422,0.532783882783883,0.0831501831501831,0,0.0119047619047619,0.0230769230769231,0.349084249084249
275273.411807,2750366.126422,0.138998682476943,0.270421607378129,0.024703557312253,0.0787220026350461,0.0385375494071146,0.448616600790514
262773.411807,2749866.126422,0.719974309569685,0.00941982444872618,0,0.0034253907086277,0.0173410404624277,0.249839434810533
263273.411807,2749866.126422,0.811904761904762,0.000549450549450549,0,0.00311355311355311,0.00384615384615385,0.180586080586081
263773.411807,2749866.126422,0.577838827838828,0.0021978021978022,0,0.00659340659340659,0.0197802197802198,0.393589743589744
264273.411807,2749866.126422,0.783094976164283,0,0,0,0.00293362669600293,0.213971397139714
264773.411807,2749866.126422,0.755311355311355,0.0010989010989011,0,0.00201465201465201,0.0124542124542125,0.229120879120879
265273.411807,2749866.126422,0.562820512820513,0.010989010989011,0.000549450549450549,0.00457875457875458,0.0263736263736264,0.394688644688645
265773.411807,2749866.126422,0.785111844517785,0.000183351668500183,0,0.000366703337000367,0.00128346167950128,0.213054638797213
266273.411807,2749866.126422,0.799450549450549,0.000183150183150183,0,0.00128205128205128,0.00384615384615385,0.195238095238095
266773.411807,2749866.126422,0.721062271062271,0.000915750915750916,0,0.00293040293040293,0.00586080586080586,0.269230769230769
267273.411807,2749866.126422,0.640630729739641,0.0011001100110011,0,0.00623395672900623,0.0124679134580125,0.33956729006234
267773.411807,2749866.126422,0.736630036630037,0.0104395604395604,0,0.00457875457875458,0.00989010989010989,0.238461538461538
268273.411807,2749866.126422,0.531868131868132,0.0276556776556777,0.00347985347985348,0.00293040293040293,0.0115384615384615,0.422527472527473
268773.411807,2749866.126422,0.821232123212321,0.0385038503850385,0.00513384671800513,0.0300696736340301,0.0122845617895123,0.0927759442610928
269273.411807,2749866.126422,0.220512820512821,0.122161172161172,0.0591575091575092,0.352930402930403,0.0604395604395604,0.184798534798535
269773.411807,2749866.126422,0.299084249084249,0.159340659340659,0.00366300366300366,0.0989010989010989,0.0558608058608059,0.383150183150183
270273.411807,2749866.126422,0.275210854418775,0.0782911624495783,0.00641730839750642,0.166850018335167,0.12999633296663,0.343234323432343
270773.411807,2749866.126422,0.258791208791209,0.0906593406593407,0.00311355311355311,0.12032967032967,0.0976190476190476,0.429487179487179
271273.411807,2749866.126422,0.227472527472527,0.183333333333333,0.00402930402930403,0.113369963369963,0.104761904761905,0.367032967032967
271773.411807,2749866.126422,0.167033370003667,0.0850751741840851,0.0374037403740374,0.196919691969197,0.136963696369637,0.376604327099377
272273.411807,2749866.126422,0.100732600732601,0.00842490842490842,0.00347985347985348,0.422344322344322,0.13956043956044,0.325457875457875
272773.411807,2749866.126422,0.213553113553114,0.0318681318681319,0.0201465201465201,0.341758241758242,0.237728937728938,0.154945054945055
273273.411807,2749866.126422,0.187752108544188,0.0335533553355336,0.0122845617895123,0.171983865053172,0.137147048038137,0.457279061239457
273773.411807,2749866.126422,0.179487179487179,0.00714285714285714,0.0113553113553114,0.44981684981685,0.0778388278388278,0.274358974358974
274273.411807,2749866.126422,0.537362637362637,0.0188644688644689,0,0.0536630036630037,0.0946886446886447,0.295421245421245
274773.411807,2749866.126422,0.324349101576824,0.128712871287129,0.0205353868720205,0.0592225889255592,0.0650898423175651,0.402090209020902
275273.411807,2749866.126422,0.208935611038108,0.280223390275953,0,0.0588042049934297,0.120893561103811,0.331143232588699
262773.411807,2749366.126422,0.847323340471092,0.000428265524625268,0,0.00149892933618844,0.0132762312633833,0.137473233404711
263273.411807,2749366.126422,0.661772802349055,0.000367039823820885,0,0.00660671682877592,0.0218388695173426,0.309414571481006
263773.411807,2749366.126422,0.593434806528516,0.0190720704199523,0,0.00110031175499725,0.00623509994498441,0.38015771135155
264273.411807,2749366.126422,0.557265897013011,0.09529045262965,0,0.00623052959501558,0.0188748396554884,0.322338281106835
264773.411807,2749366.126422,0.624885300055056,0.066801247935401,0,0.0121123141860892,0.0403743806202973,0.255826757203157
265273.411807,2749366.126422,0.57619658903356,0.0823399963322941,0,0.00476801760498808,0.0115532734274711,0.325142123601687
265773.411807,2749366.126422,0.6166391790361,0.113065787062489,0,0.00751328568810702,0.0142935678944475,0.248488180318857
266273.411807,2749366.126422,0.741603964030097,0.0403743806202973,0,0.00165167920719398,0.0229399889888053,0.193429987153606
266773.411807,2749366.126422,0.62791124151843,0.105079772602237,0,0.00183385292499542,0.00275077938749312,0.262424353566844
267273.411807,2749366.126422,0.520982224665567,0.0676195711929632,0,0.00183250870441635,0.0104452996151732,0.39912039582188
267773.411807,2749366.126422,0.605065149568728,0.0271609469627455,0.00183519911910442,0.0146815929528354,0.0528537346302074,0.298403376766379
268273.411807,2749366.126422,0.555657436273611,0.0295250320924262,0.0022006235099945,0.0364936732074088,0.0194388410049514,0.356684393911608
268773.411807,2749366.126422,0.568444200109951,0.00366501740883269,0.000183250870441635,0.0623052959501558,0.0678028220634048,0.297599413597215
269273.411807,2749366.126422,0.617911543402459,0.0121123141860892,0,0.00146815929528354,0.0100935951550743,0.358414387961094
269773.411807,2749366.126422,0.406198422886485,0.0097194205024757,0.00238400880249404,0.0485971025123785,0.0720704199523198,0.461030625343847
270273.411807,2749366.126422,0.280557082646143,0.0384826827927433,0.0141103170240059,0.221733553234378,0.0963899578522998,0.348726406450431
270773.411807,2749366.126422,0.515140392732611,0.00899247568361167,0.00385391815011929,0.105156909524683,0.077995962561938,0.288860341347036
271273.411807,2749366.126422,0.107280396112232,0.22391344214194,0.000550155877498625,0.0509811113148725,0.0467632495873831,0.570511644966074
271773.411807,2749366.126422,0.190764156129742,0.0637713029136888,0.00641378046545721,0.176104086494411,0.164376030786146,0.398570643210555
272273.411807,2749366.126422,0.278950266103872,0.00587263718113415,0.000367039823820885,0.100568911726922,0.0967149935768031,0.517526151587447
272773.411807,2749366.126422,0.181001283697047,0.0172382174949569,0.00898587933247754,0.233266092059417,0.123785072437191,0.435723454978911
273273.411807,2749366.126422,0.21861828843687,0.00696353307678211,0.00293201392706615,0.199193696170057,0.167308044713212,0.404984423676012
273773.411807,2749366.126422,0.136722334373279,0,0,0.455863461185539,0.092126995779042,0.31528720866214
274273.411807,2749366.126422,0.300385109114249,0.0495140289748762,0,0.0383275261324042,0.0583165230148542,0.553456812763616
274773.411807,2749366.126422,0.355140186915888,0.0331684075499359,0.0146600696353308,0.140370166758292,0.111050027487631,0.345611141652923
275273.411807,2749366.126422,0.350807781074843,0.0468183316848005,0.0135179690075833,0.199472469502143,0.173755357731619,0.215628090999011
262773.411807,2748866.126422,0.745719178082192,0.0537243150684932,0,0.0113441780821918,0.0325342465753425,0.156678082191781
263273.411807,2748866.126422,0.68605504587156,0.0324770642201835,0,0.00660550458715596,0.0157798165137615,0.259082568807339
263773.411807,2748866.126422,0.535498073747936,0.0190790680609063,0,0.0187121629058888,0.0581544670702623,0.368556228215006
264273.411807,2748866.126422,0.489010989010989,0.043040293040293,0,0.0148351648351648,0.0384615384615385,0.414652014652015
264773.411807,2748866.126422,0.387706422018349,0.0196330275229358,0.00018348623853211,0.031743119266055,0.0864220183486239,0.474311926605505
265273.411807,2748866.126422,0.376811594202899,0.0388919464318474,0,0.0152265639332233,0.0445789763346175,0.524490919097413
265773.411807,2748866.126422,0.504761904761905,0.0426739926739927,0,0.000732600732600733,0.00989010989010989,0.441941391941392
266273.411807,2748866.126422,0.315412844036697,0.148990825688073,0,0.0218348623853211,0.0473394495412844,0.466422018348624
266773.411807,2748866.126422,0.32379379930288,0.0614566134654192,0,0.0216474041460283,0.0557695835626491,0.537332599523023
267273.411807,2748866.126422,0.499450549450549,0.0608058608058608,0.0139194139194139,0.0210622710622711,0.0452380952380952,0.35952380952381
267773.411807,2748866.126422,0.687155963302752,0.0355963302752294,0.00036697247706422,0.00330275229357798,0.0194495412844037,0.254128440366972
268273.411807,2748866.126422,0.793799302880206,0.00110071546505228,0,0.0133920381581361,0.0319207484865162,0.15978719501009
268773.411807,2748866.126422,0.329304029304029,0.0146520146520147,0.0106227106227106,0.267399267399267,0.121428571428571,0.256593406593407
269273.411807,2748866.126422,0.461284403669725,0.013394495412844,0.0113761467889908,0.16348623853211,0.141100917431193,0.209357798165138
269773.411807,2748866.126422,0.319941295175197,0.00293524124013942,0.00421940928270042,0.0572372041827188,0.0700788846083287,0.545587965510915
270273.411807,2748866.126422,0.370879120879121,0.00531135531135531,0.00695970695970696,0.226373626373626,0.0970695970695971,0.293406593406593
270773.411807,2748866.126422,0.415596330275229,0.024954128440367,0,0.0154128440366972,0.0888073394495413,0.455229357798165
271273.411807,2748866.126422,0.333333333333333,0.242707760044029,0.00146762062006971,0.0253164556962025,0.0565033938726839,0.340671436433682
271773.411807,2748866.126422,0.24029304029304,0.0624542124542125,0.00201465201465201,0.105494505494505,0.115018315018315,0.474725274725275
272273.411807,2748866.126422,0.18348623853211,0.00495412844036697,0,0.0688073394495413,0.0695412844036697,0.673211009174312
272773.411807,2748866.126422,0.136121812511466,0.00642084021280499,0.00532012474775271,0.39515685195377,0.118510365070629,0.338470005503577
273273.411807,2748866.126422,0.219047619047619,0.00879120879120879,0.00146520146520147,0.295054945054945,0.149450549450549,0.326190476190476
273773.411807,2748866.126422,0.169357798165138,0.0104587155963303,0.00055045871559633,0.313394495412844,0.158715596330275,0.347522935779817
274273.411807,2748866.126422,0.31957439002018,0.0157769216657494,0.0155934690882407,0.14401027334434,0.152999449642267,0.352045496239222
274773.411807,2748866.126422,0.36996336996337,0.0245421245421245,0.00677655677655678,0.151465201465201,0.151648351648352,0.295604395604396
275273.411807,2748866.126422,0.562582345191041,0.0256916996047431,0.000988142292490119,0.0737812911725955,0.0774044795783926,0.259552042160738
262773.411807,2748366.126422,0.159280667951188,0.168058231642047,0,0.0492399914365232,0.0982658959537572,0.525155213016485
263273.411807,2748366.126422,0.163553113553114,0.172710622710623,0,0.0128205128205128,0.0364468864468864,0.614468864468865
263773.411807,2748366.126422,0.258974358974359,0.237545787545788,0,0.0424908424908425,0.0562271062271062,0.404761904761905
264273.411807,2748366.126422,0.317565089842318,0.192152548588192,0,0.0126512651265127,0.0397873120645398,0.437843784378438
264773.411807,2748366.126422,0.341208791208791,0.204395604395604,0,0.0175824175824176,0.0432234432234432,0.393589743589744
265273.411807,2748366.126422,0.415384615384615,0.232051282051282,0,0.056043956043956,0.0487179487179487,0.247802197802198
265773.411807,2748366.126422,0.488815548221489,0.0869086908690869,0,0.00898423175650898,0.0280528052805281,0.387238723872387
266273.411807,2748366.126422,0.81959706959707,0.000915750915750916,0,0,0.000366300366300366,0.179120879120879
266773.411807,2748366.126422,0.676739926739927,0.000732600732600733,0,0,0.000549450549450549,0.321978021978022
267273.411807,2748366.126422,0.823432343234323,0.000733406674000733,0,0.00531719838650532,0.0264026402640264,0.144114411441144
267773.411807,2748366.126422,0.460989010989011,0.00659340659340659,0.000366300366300366,0.156959706959707,0.156959706959707,0.218131868131868
268273.411807,2748366.126422,0.406776556776557,0.013003663003663,0.00769230769230769,0.170695970695971,0.224725274725275,0.177106227106227
268773.411807,2748366.126422,0.332966629996333,0.00806747341400807,0.00806747341400807,0.177301063439677,0.117161716171617,0.356435643564356
269273.411807,2748366.126422,0.254212454212454,0.0102564102564103,0.0010989010989011,0.199267399267399,0.0851648351648352,0.45
269773.411807,2748366.126422,0.25,0.00238095238095238,0.00128205128205128,0.216117216117216,0.106410256410256,0.423809523809524
270273.411807,2748366.126422,0.317381738173817,0.00916758342500917,0.0111844517785112,0.171617161716172,0.12009534286762,0.370553722038871
270773.411807,2748366.126422,0.253296703296703,0.00476190476190476,0.000366300366300366,0.117216117216117,0.121428571428571,0.502930402930403
271273.411807,2748366.126422,0.433150183150183,0.0161172161172161,0.00897435897435897,0.158241758241758,0.136996336996337,0.246520146520147
271773.411807,2748366.126422,0.277961129446278,0.121562156215622,0.0157682434910158,0.0808580858085809,0.0726072607260726,0.431243124312431
272273.411807,2748366.126422,0.206227106227106,0.0221611721611722,0.159157509157509,0.0366300366300366,0.0661172161172161,0.50970695970696
272773.411807,2748366.126422,0.245604395604396,0.0166666666666667,0.0032967032967033,0.041025641025641,0.0875457875457875,0.605860805860806
273273.411807,2748366.126422,0.243307664099743,0.00898423175650898,0.00366703337000367,0.13971397139714,0.170700403373671,0.433626696002934
273773.411807,2748366.126422,0.146153846153846,0.0195970695970696,0.00293040293040293,0.523992673992674,0.155494505494505,0.151831501831502
274273.411807,2748366.126422,0.303663003663004,0.00604395604395604,0.000183150183150183,0.15970695970696,0.188095238095238,0.342307692307692
274773.411807,2748366.126422,0.246424642464246,0.0449211587825449,0.0108177484415108,0.0493215988265493,0.151631829849652,0.496883021635497
275273.411807,2748366.126422,0.162614980289093,0.194152431011827,0,0.0502628120893561,0.134034165571616,0.458935611038108
262773.411807,2747866.126422,0.832762312633833,0.000642398286937901,0,0.0595289079229122,0.0366167023554604,0.0704496788008565
263273.411807,2747866.126422,0.957606900348688,0,0,0,0,0.0423930996513122
263773.411807,2747866.126422,0.911058133137722,0,0,0.00256739409499358,0.00458463231248854,0.0817898404547955
264273.411807,2747866.126422,0.901594282572842,0.0205240974894631,0,0.000733003481766538,0.000916254352208173,0.07623236210372
264773.411807,2747866.126422,0.902917966599376,0,0,0,0,0.097082033400624
265273.411807,2747866.126422,0.908857509627728,0,0,0,0,0.0911424903722722
265773.411807,2747866.126422,0.827927432655305,0.0181418361737218,0,0.00238226131574125,0.00311526479750779,0.148433205057724
266273.411807,2747866.126422,0.587814277849147,0.0759772435309231,0.000367039823820885,0.0192695907505964,0.0249587080198202,0.291613140025693
266773.411807,2747866.126422,0.649183935448377,0.00201723821749496,0.00146708233999633,0.000733541169998166,0.00715202640748212,0.339446176416651
267273.411807,2747866.126422,0.644493311343229,0,0,0.0188748396554884,0.0267546270844787,0.309877221916804
267773.411807,2747866.126422,0.498440080748761,0.00403743806202973,0,0.0256927876674619,0.0976325931363553,0.374197100385392
268273.411807,2747866.126422,0.408949202273978,0.00935264991747662,0.00128369704749679,0.105263157894737,0.0781221346048047,0.397029158261507
268773.411807,2747866.126422,0.207256734469489,0.0122778083195895,0.000366501740883269,0.146417445482866,0.165109034267913,0.46857247571926
269273.411807,2747866.126422,0.269040190860708,0.0258763075793724,0.000734079647641769,0.0352358230868049,0.0675353275830428,0.60157827124243
269773.411807,2747866.126422,0.216578030441959,0.00605171465248487,0.00165046763249587,0.187603154227031,0.110397946084724,0.477718686961306
270273.411807,2747866.126422,0.312259483232545,0.009529045262965,0,0.187465640461792,0.0628550485614807,0.427890782481217
270773.411807,2747866.126422,0.181501192879427,0.0102771150669848,0.00311983850247752,0.209579739401725,0.0831345200954303,0.512387594053955
271273.411807,2747866.126422,0.194755180634513,0.00513478818998716,0.004401247019989,0.262240968274344,0.135338345864662,0.398129470016505
271773.411807,2747866.126422,0.610408649441085,0.00623052959501558,0.00109950522264981,0.0337181601612608,0.0522264980758659,0.296316657504123
272273.411807,2747866.126422,0.478069370526702,0.00862543585979079,0.0508350155991925,0.0012846393833731,0.0119287942741787,0.449256744356763
272773.411807,2747866.126422,0.269943150559325,0.0097194205024757,0.0223730056849441,0.0328259673574179,0.0460297084173849,0.619108747478452
273273.411807,2747866.126422,0.255268462525197,0.0100787978742899,0,0.0557082646142569,0.111233278358072,0.567711196628184
273773.411807,2747866.126422,0.198017984951367,0.0236740686364471,0.0082583960359699,0.31969168654799,0.225362451826023,0.224995412002202
274273.411807,2747866.126422,0.308820832569228,0.00623509994498441,0.000733541169998166,0.166330460297084,0.233266092059417,0.284613973959288
274773.411807,2747866.126422,0.568810701850834,0.0881436686824262,0,0.0300531427524281,0.11544804837823,0.197544438336082
275273.411807,2747866.126422,0.0705572040883614,0.404220243982855,0,0.024398285525882,0.0675898450379162,0.433234421364985
262773.411807,2747366.126422,0.764982876712329,0.000214041095890411,0,0.0098458904109589,0.0160530821917808,0.208904109589041
263273.411807,2747366.126422,0.379633027522936,0.00642201834862385,0.00403669724770642,0.00018348623853211,0.0198165137614679,0.589908256880734
263773.411807,2747366.126422,0.268758026050266,0.000183452577508714,0,0.00715465052283985,0.0177949000183453,0.70610897083104
264273.411807,2747366.126422,0.431135531135531,0.00146520146520147,0.00274725274725275,0.0358974358974359,0.0408424908424908,0.487912087912088
264773.411807,2747366.126422,0.334862385321101,0.00513761467889908,0,0,0.00275229357798165,0.657247706422018
265273.411807,2747366.126422,0.167125298110438,0.00605393505778756,0,0.0528343423225096,0.0779673454412034,0.696019079068061
265773.411807,2747366.126422,0.527289377289377,0,0,0.00146520146520147,0.00421245421245421,0.467032967032967
266273.411807,2747366.126422,0.834128440366972,0.00073394495412844,0,0,0.00348623853211009,0.161651376146789
266773.411807,2747366.126422,0.793799302880206,0.001284168042561,0,0.00458631443771785,0.0143093010456797,0.186020913593836
267273.411807,2747366.126422,0.708424908424908,0.00146520146520147,0,0.00567765567765568,0.0172161172161172,0.267216117216117
267773.411807,2747366.126422,0.567155963302752,0.0179816513761468,0,0.00697247706422018,0.0148623853211009,0.39302752293578
268273.411807,2747366.126422,0.337552742616034,0.0078884608328747,0,0.0319207484865162,0.0603558980003669,0.562282150064208
268773.411807,2747366.126422,0.224725274725275,0.0157509157509158,0,0.0985347985347985,0.151098901098901,0.50989010989011
269273.411807,2747366.126422,0.182201834862385,0.0192660550458716,0.00018348623853211,0.115596330275229,0.189357798165138,0.493394495412844
269773.411807,2747366.126422,0.177949000183453,0.0155934690882407,0.00091726288754357,0.171528159970648,0.14401027334434,0.490001834525775
270273.411807,2747366.126422,0.201831501831502,0.0254578754578755,0.000183150183150183,0.241941391941392,0.204945054945055,0.325641025641026
270773.411807,2747366.126422,0.224954128440367,0.00568807339449541,0,0.129357798165138,0.0889908256880734,0.551009174311927
271273.411807,2747366.126422,0.212804989910108,0.0212804989910108,0.00366905155017428,0.302329847734361,0.0983305815446707,0.361585030269675
271773.411807,2747366.126422,0.467582417582418,0.0021978021978022,0.000366300366300366,0.0681318681318681,0.145421245421245,0.316300366300366
272273.411807,2747366.126422,0.668440366972477,0.00036697247706422,0,0.0174311926605505,0.0581651376146789,0.255596330275229
272773.411807,2747366.126422,0.301779490001835,0.0110071546505228,0.0453127866446524,0.019262520638415,0.0500825536598789,0.572555494404696
273273.411807,2747366.126422,0.206959706959707,0.00183150183150183,0,0.0888278388278388,0.122527472527473,0.57985347985348
273773.411807,2747366.126422,0.260917431192661,0.0132110091743119,0.00201834862385321,0.120733944954128,0.152844036697248,0.450275229357798
274273.411807,2747366.126422,0.418088424142359,0.0066042927903137,0,0.0880572372041827,0.129150614566135,0.35809943129701
274773.411807,2747366.126422,0.335347985347985,0.0203296703296703,0.00384615384615385,0.153663003663004,0.130952380952381,0.355860805860806
275273.411807,2747366.126422,0.30467720685112,0.162055335968379,0,0.0253623188405797,0.0405138339920949,0.467391304347826
262773.411807,2746866.126422,0.876685934489403,0.00599443374009848,0,0.000428173838578463,0.00535217298223079,0.11153928494969
263273.411807,2746866.126422,0.668131868131868,0.0227106227106227,0,0.00347985347985348,0.0153846153846154,0.29029304029304
263773.411807,2746866.126422,0.832783882783883,0.00604395604395604,0,0.000915750915750916,0.00549450549450549,0.154761904761905
264273.411807,2746866.126422,0.790612394572791,0.00183351668500183,0,0.0011001100110011,0.0099009900990099,0.196552988632197
264773.411807,2746866.126422,0.727472527472527,0.00146520146520147,0,0.0221611721611722,0.0254578754578755,0.223443223443223
265273.411807,2746866.126422,0.288278388278388,0.0272893772893773,0,0.0637362637362637,0.0990842490842491,0.521611721611722
265773.411807,2746866.126422,0.489182251558489,0.00055005500550055,0,0.0264026402640264,0.0383204987165383,0.445544554455446
266273.411807,2746866.126422,0.38021978021978,0.000732600732600733,0,0.0340659340659341,0.0525641025641026,0.532417582417582
266773.411807,2746866.126422,0.333333333333333,0.00512820512820513,0,0.0860805860805861,0.0716117216117216,0.503846153846154
267273.411807,2746866.126422,0.214154748808214,0.00165016501650165,0,0.0977264393105977,0.0335533553355336,0.652915291529153
267773.411807,2746866.126422,0.577289377289377,0.000366300366300366,0.000183150183150183,0.0380952380952381,0.0267399267399267,0.357326007326007
268273.411807,2746866.126422,0.625091575091575,0.00128205128205128,0,0.0655677655677656,0.0456043956043956,0.262454212454212
268773.411807,2746866.126422,0.255958929226256,0.00146681334800147,0.00128346167950128,0.246241290795746,0.149431609827649,0.345617895122846
269273.411807,2746866.126422,0.148351648351648,0.01996336996337,0.00366300366300366,0.232783882783883,0.123443223443223,0.471794871794872
269773.411807,2746866.126422,0.348351648351648,0.0146520146520147,0,0.0591575091575092,0.0875457875457875,0.49029304029304
270273.411807,2746866.126422,0.404473780711404,0.0117345067840117,0.00513384671800513,0.138430509717638,0.128896222955629,0.311331133113311
270773.411807,2746866.126422,0.5,0.00256410256410256,0,0.0721611721611722,0.13003663003663,0.295238095238095
271273.411807,2746866.126422,0.374725274725275,0.0210622710622711,0.000366300366300366,0.0326007326007326,0.0551282051282051,0.516117216117216
271773.411807,2746866.126422,0.440594059405941,0.0055005500550055,0,0.0128346167950128,0.0313531353135314,0.50971763843051
272273.411807,2746866.126422,0.450549450549451,0.00347985347985348,0.00164835164835165,0.0597069597069597,0.122527472527473,0.362087912087912
272773.411807,2746866.126422,0.553296703296703,0.00494505494505494,0,0.0120879120879121,0.0216117216117216,0.408058608058608
273273.411807,2746866.126422,0.333516685001834,0.00678401173450678,0,0.0359369270260359,0.0881921525485882,0.535570223689036
273773.411807,2746866.126422,0.413369963369963,0.0510989010989011,0.000183150183150183,0.0203296703296703,0.080952380952381,0.434065934065934
274273.411807,2746866.126422,0.547252747252747,0.00860805860805861,0.000915750915750916,0.0254578754578755,0.0498168498168498,0.367948717948718
274773.411807,2746866.126422,0.218005133846718,0.0462046204620462,0.00366703337000367,0.201870187018702,0.150531719838651,0.37972130546388
275273.411807,2746866.126422,0.13173455978975,0.149474375821288,0.00131406044678055,0.0160972404730618,0.0459921156373193,0.6553876478318
262773.411807,2746366.126422,0.702783725910064,0.114989293361884,0,0.00149892933618844,0.00663811563169165,0.174089935760171
263273.411807,2746366.126422,0.864929344833914,0.00311983850247752,0,0.00715727656450725,0.0231235089007157,0.101670031198385
263773.411807,2746366.126422,0.783055198973042,0,0,0.00201723821749496,0.00770218228498074,0.207225380524482
264273.411807,2746366.126422,0.806853582554517,0.00201575957485798,0,0.0137438152831226,0.0615722924683892,0.115814550119113
264773.411807,2746366.126422,0.688566709487979,0.00165167920719398,0,0.0262433474031932,0.0234905487245366,0.260047715177097
265273.411807,2746366.126422,0.793141390060517,0.00421786172748946,0,0.00128369704749679,0.0154043645699615,0.185952686594535
265773.411807,2746366.126422,0.516400952904526,0.00146600696353308,0,0.0120945574491479,0.0450797141286421,0.424958768554151
266273.411807,2746366.126422,0.471279133786016,0.00642319691686548,0.000367039823820885,0.0295467058175812,0.0482657368324463,0.44411818682327
266773.411807,2746366.126422,0.66000366770585,0.000183385292499542,0,0.0097194205024757,0.0170548322024574,0.313038694296717
267273.411807,2746366.126422,0.658420377496793,0.00934579439252336,0.0042147700201576,0.062671797691039,0.0725673446948873,0.1927799157046
267773.411807,2746366.126422,0.341163516241512,0.00495503762158194,0.000550559735731327,0.145714810056891,0.0693705267021472,0.438245549642136
268273.411807,2746366.126422,0.4401247019989,0.00128369704749679,0,0.11589950485971,0.163029525032092,0.279662571061801
268773.411807,2746366.126422,0.413230712845886,0.00183250870441635,0,0.113982041414697,0.0727505955653289,0.398204141469672
269273.411807,2746366.126422,0.397871169021839,0.0121123141860892,0.0133969535694623,0.0910258763075794,0.0658836483758488,0.419710038539181
269773.411807,2746366.126422,0.475518063451311,0.00586832935998533,0.00201723821749496,0.118466898954704,0.0462130937098845,0.35191637630662
270273.411807,2746366.126422,0.629833241707898,0.0174088326919553,0.0304196444933113,0.0375664284405351,0.0689023272860546,0.215869525380246
270773.411807,2746366.126422,0.452743622683061,0.00165167920719398,0.000734079647641769,0.131400256927877,0.0912093962194898,0.322260965314737
271273.411807,2746366.126422,0.219328809829452,0.0053181734824867,0.00146708233999633,0.180267742527049,0.141206675224647,0.452411516596369
271773.411807,2746366.126422,0.249587685541506,0.00568077698369067,0,0.0743998533993036,0.0842954004031519,0.586036283672347
272273.411807,2746366.126422,0.441365388144614,0.0012846393833731,0.000734079647641769,0.0578087722517893,0.0989172325197284,0.399889888052854
