"x","y","forest","agri","water","built","other","grass"
212273.411807,2668866.126422,0.0602477477477477,0.245213963963964,0,0.118806306306306,0.138231981981982,0.4375
212773.411807,2668866.126422,0.0543355855855856,0.283502252252252,0,0.244369369369369,0.180461711711712,0.237331081081081
213273.411807,2668866.126422,0.0222472542945649,0.320754716981132,0,0.112644325542101,0.20163334272036,0.342720360461842
213773.411807,2668866.126422,0.00506756756756757,0.146677927927928,0,0.0616554054054054,0.113175675675676,0.673423423423423
214273.411807,2668866.126422,0.0197072072072072,0.148367117117117,0.00900900900900901,0.15259009009009,0.150619369369369,0.519707207207207
214773.411807,2668866.126422,0.0385806814981695,0.129540974373416,0,0.132920304139679,0.11151788228668,0.587440157702056
215273.411807,2668866.126422,0.0827702702702703,0.149774774774775,0.018018018018018,0.602195945945946,0.0588400900900901,0.0884009009009009
215773.411807,2668866.126422,0.0881193693693694,0.0613738738738739,0.00788288288288288,0.691722972972973,0.0670045045045045,0.0838963963963964
216273.411807,2668866.126422,0.107012109264996,0.06702337369755,0.00112644325542101,0.691072937200789,0.0839200225288651,0.0498451140523796
216773.411807,2668866.126422,0.400337837837838,0.0892454954954955,0.00365990990990991,0.295326576576577,0.045045045045045,0.166385135135135
217273.411807,2668866.126422,0.350225225225225,0.110641891891892,0.000281531531531532,0.34375,0.108108108108108,0.0869932432432432
217773.411807,2668866.126422,0.108701774148127,0.102506336243312,0,0.585750492818924,0.0830751900872994,0.119966206702337
218273.411807,2668866.126422,0.173986486486486,0.0655968468468468,0,0.483671171171171,0.0754504504504505,0.201295045045045
218773.411807,2668866.126422,0.0723536036036036,0.0242117117117117,0.000281531531531532,0.711711711711712,0.111768018018018,0.0796734234234234
219273.411807,2668866.126422,0.251760067586595,0.0366094058011828,0,0.394255139397353,0.122219093213179,0.19515629400169
219773.411807,2668866.126422,0.0746058558558559,0.316722972972973,0.00140765765765766,0.262668918918919,0.0864301801801802,0.258164414414414
220273.411807,2668866.126422,0.0301238738738739,0.0346283783783784,0.000563063063063063,0.88597972972973,0.0320945945945946,0.0166103603603604
220773.411807,2668866.126422,0.0253449732469727,0.0273162489439594,0.000563221627710504,0.90453393410307,0.0354829625457618,0.00675865953252605
221273.411807,2668866.126422,0.0636261261261261,0.0520833333333333,0,0.782376126126126,0.0698198198198198,0.0320945945945946
221773.411807,2668866.126422,0.0779842342342342,0.0529279279279279,0,0.687781531531532,0.100506756756757,0.0807995495495495
222273.411807,2668866.126422,0.0340749084764855,0.0239369191776964,0,0.764854970430865,0.0504083356800901,0.126724866234863
222773.411807,2668866.126422,0.118806306306306,0.0850225225225225,0,0.202421171171171,0.0695382882882883,0.524211711711712
223273.411807,2668866.126422,0.293637387387387,0.00900900900900901,0,0.139921171171171,0.0518018018018018,0.505630630630631
223773.411807,2668866.126422,0.397352858349761,0.0160518163897494,0,0.0239369191776964,0.0768797521824838,0.48577865390031
224273.411807,2668866.126422,0.530686936936937,0.00788288288288288,0,0.0647522522522523,0.0467342342342342,0.349943693693694
212273.411807,2668366.126422,0.0979996329601762,0.120756102037071,0.00311983850247752,0.449807304092494,0.169388878693338,0.158928243714443
212773.411807,2668366.126422,0.0597836053548505,0.145791307537136,0,0.438474234366404,0.110397946084724,0.245552906656886
213273.411807,2668366.126422,0.00751328568810702,0.250503939893715,0,0.426241524647242,0.143851933296683,0.171889316474253
213773.411807,2668366.126422,0.0104606349788952,0.287208662139842,0.00330335841438796,0.0833180400073408,0.119471462653698,0.496237841805836
214273.411807,2668366.126422,0.0416284613973959,0.20410783055199,0.00715202640748212,0.41188336695397,0.141940216394645,0.193288098294517
214773.411807,2668366.126422,0.0938244456661169,0.0833791460509437,0.0053142752428074,0.576873740150266,0.131757375847535,0.108851017042331
215273.411807,2668366.126422,0.146265369792623,0.112681225913012,0.0181684712791338,0.428335474398972,0.137823453844742,0.156726004771518
215773.411807,2668366.126422,0.117366587199707,0.0838070786722905,0.011186502842472,0.66385475884834,0.0689528699798276,0.0548322024573629
216273.411807,2668366.126422,0.223749312809236,0.0793476269012278,0.00989554700384827,0.356606193879421,0.0527762506871908,0.277625068719076
216773.411807,2668366.126422,0.270324830244081,0.177096714993577,0.0168838318957607,0.259497155441365,0.0739585244999082,0.202238942925307
217273.411807,2668366.126422,0.268842838804328,0.108380707867229,0.0210893086374473,0.352283146891619,0.100495140289749,0.148908857509628
217773.411807,2668366.126422,0.116364302730438,0.0784313725490196,0.00256551218618288,0.567894447498626,0.099321971779366,0.135422393256368
218273.411807,2668366.126422,0.0967149935768031,0.0513855753349238,0.0012846393833731,0.499174160396403,0.127546338777757,0.22389429253074
218773.411807,2668366.126422,0.094810196222263,0.0474967907573813,0.000183385292499542,0.678158811663305,0.0786722904823033,0.100678525582248
219273.411807,2668366.126422,0.194978926149899,0.190947407000183,0,0.0985889682975994,0.147150448964633,0.368334249587686
219773.411807,2668366.126422,0.110478986970086,0.186272710589099,0.0161497522481189,0.0992842723435493,0.0745090842356396,0.513305193613507
220273.411807,2668366.126422,0.141756831102146,0.0610673024023473,0.000183385292499542,0.537502292316156,0.0720704199523198,0.187419768934531
220773.411807,2668366.126422,0.158145501191131,0.0672530694520799,0,0.266263514751695,0.103719992669965,0.404617921935129
221273.411807,2668366.126422,0.135070655166086,0.0181684712791338,0,0.665993760322995,0.0814828408882364,0.0992842723435493
221773.411807,2668366.126422,0.0407115349348982,0.0168714469099578,0,0.767650834403081,0.0627177700348432,0.11204841371722
222273.411807,2668366.126422,0.0555250137438153,0.177203591717061,0.000549752611324904,0.246472420743999,0.061205790727506,0.459043430456295
222773.411807,2668366.126422,0.216737015966232,0.0322995044962378,0.000183519911910442,0.283354743989723,0.153973206092861,0.313452009543035
223273.411807,2668366.126422,0.189253621859527,0.0869246286447827,0,0.210893086374473,0.08399046396479,0.428938199156428
223773.411807,2668366.126422,0.341396371632765,0.030602895363753,0,0.00604727872457394,0.0172255818215137,0.604727872457394
224273.411807,2668366.126422,0.556799412736282,0.000183519911910442,0,0,0.00238575885483575,0.440631308496972
212273.411807,2667866.126422,0.068256880733945,0.0838532110091743,0.00348623853211009,0.623669724770642,0.105137614678899,0.115596330275229
212773.411807,2667866.126422,0.06989543203082,0.316088791047514,0,0.237204182718767,0.109154283617685,0.267657310585214
213273.411807,2667866.126422,0.0661172161172161,0.178388278388278,0.00604395604395604,0.382417582417582,0.163736263736264,0.203296703296703
213773.411807,2667866.126422,0.0878899082568807,0.287889908256881,0,0.140550458715596,0.124036697247706,0.359633027522936
214273.411807,2667866.126422,0.119977985690699,0.100898917629793,0.00366905155017428,0.376995046780407,0.104751421757476,0.293707576591451
214773.411807,2667866.126422,0.0855311355311355,0.0716117216117216,0.00805860805860806,0.691941391941392,0.0772893772893773,0.0655677655677656
215273.411807,2667866.126422,0.0845871559633028,0.0711926605504587,0.0354128440366972,0.716697247706422,0.0423853211009174,0.0497247706422018
215773.411807,2667866.126422,0.218675472390387,0.140891579526692,0.00330214639515685,0.436433681893231,0.0497156485048615,0.150981471289672
216273.411807,2667866.126422,0.0622710622710623,0.0595238095238095,0.0124542124542125,0.745970695970696,0.0628205128205128,0.056959706959707
216773.411807,2667866.126422,0.0856880733944954,0.0855045871559633,0.0130275229357798,0.534311926605505,0.0965137614678899,0.184954128440367
217273.411807,2667866.126422,0.084021280498991,0.0447624289121262,0.00330214639515685,0.591451109888094,0.090442120711796,0.186020913593836
217773.411807,2667866.126422,0.0738095238095238,0.0582417582417582,0.000183150183150183,0.700915750915751,0.0692307692307692,0.0976190476190476
218273.411807,2667866.126422,0.0471559633027523,0.018348623853211,0.00256880733944954,0.803853211009174,0.096697247706422,0.0313761467889908
218773.411807,2667866.126422,0.108970831040176,0.140891579526692,0.000183452577508714,0.389653274628509,0.0902586681342873,0.270042194092827
219273.411807,2667866.126422,0.208974358974359,0.188827838827839,0.000915750915750916,0.0970695970695971,0.0679487179487179,0.436263736263736
219773.411807,2667866.126422,0.0535779816513761,0.115596330275229,0.00055045871559633,0.276146788990826,0.095045871559633,0.459082568807339
220273.411807,2667866.126422,0.150798018712163,0.0212804989910108,0.000183452577508714,0.572922399559714,0.091726288754357,0.163089341405247
220773.411807,2667866.126422,0.155311355311355,0.030952380952381,0,0.577838827838828,0.0912087912087912,0.144688644688645
221273.411807,2667866.126422,0.0332110091743119,0.123119266055046,0,0.60697247706422,0.0510091743119266,0.185688073394495
221773.411807,2667866.126422,0.161988625940194,0.029535864978903,0,0.318473674555127,0.0799853237937993,0.410016510731976
222273.411807,2667866.126422,0.0783882783882784,0.142124542124542,0.0184981684981685,0.277655677655678,0.093040293040293,0.39029304029304
222773.411807,2667866.126422,0.278348623853211,0.0434862385321101,0.0055045871559633,0.210825688073394,0.162385321100917,0.299449541284404
223273.411807,2667866.126422,0.311869381764814,0.020546688680976,0,0.0924600990643919,0.0370574206567602,0.538066409833058
223773.411807,2667866.126422,0.517582417582418,0.0223443223443223,0,0.00915750915750916,0.0216117216117216,0.429304029304029
224273.411807,2667866.126422,0.467889908256881,0.0119266055045872,0,0,0.00110091743119266,0.519082568807339
212273.411807,2667366.126422,0.0791208791208791,0.174358974358974,0.000549450549450549,0.466483516483516,0.134065934065934,0.145421245421245
212773.411807,2667366.126422,0.0628205128205128,0.165934065934066,0.00311355311355311,0.437362637362637,0.158058608058608,0.172710622710623
213273.411807,2667366.126422,0.0456545654565457,0.0441877521085442,0.00403373670700403,0.682251558489182,0.124679134580125,0.0991932526585992
213773.411807,2667366.126422,0.0580586080586081,0.078021978021978,0.00201465201465201,0.601465201465201,0.108058608058608,0.152380952380952
214273.411807,2667366.126422,0.0428571428571429,0.12014652014652,0.00897435897435897,0.628388278388278,0.108974358974359,0.0906593406593407
214773.411807,2667366.126422,0.0377704437110378,0.0383204987165383,0.000733406674000733,0.78987898789879,0.0801246791345801,0.0531719838650532
215273.411807,2667366.126422,0.0943223443223443,0.0891941391941392,0.00457875457875458,0.614285714285714,0.112271062271062,0.0853479853479854
215773.411807,2667366.126422,0.0923076923076923,0.128754578754579,0.000915750915750916,0.466849816849817,0.0950549450549451,0.216117216117216
216273.411807,2667366.126422,0.112394572790612,0.0894756142280895,0.000916758342500917,0.46039603960396,0.124862486248625,0.211954528786212
216773.411807,2667366.126422,0.0749084249084249,0.0919413919413919,0.00238095238095238,0.408791208791209,0.14047619047619,0.281501831501832
217273.411807,2667366.126422,0.0747252747252747,0.0468864468864469,0.000915750915750916,0.748351648351648,0.0941391941391941,0.034981684981685
217773.411807,2667366.126422,0.0212687935460213,0.0174184085075174,0.00055005500550055,0.918775210854419,0.0291529152915292,0.0128346167950128
218273.411807,2667366.126422,0.0565934065934066,0.0545787545787546,0.000366300366300366,0.758791208791209,0.0752747252747253,0.0543956043956044
218773.411807,2667366.126422,0.0489010989010989,0.0476190476190476,0.000549450549450549,0.782783882783883,0.0710622710622711,0.0490842490842491
219273.411807,2667366.126422,0.0474880821415475,0.159332599926659,0.00366703337000367,0.35973597359736,0.0918591859185919,0.337917125045838
219773.411807,2667366.126422,0.0575091575091575,0.0375457875457875,0.00128205128205128,0.773626373626374,0.0467032967032967,0.0833333333333333
220273.411807,2667366.126422,0.00732600732600733,0.00604395604395604,0,0.914285714285714,0.05,0.0223443223443223
220773.411807,2667366.126422,0.131096442977631,0.185735240190686,0,0.256508984231756,0.0836083608360836,0.343050971763843
221273.411807,2667366.126422,0.108974358974359,0.185347985347985,0.00128205128205128,0.190659340659341,0.0580586080586081,0.455677655677656
221773.411807,2667366.126422,0.0937728937728938,0.257509157509157,0,0.134249084249084,0.0796703296703297,0.434798534798535
222273.411807,2667366.126422,0.135680234690136,0.0302530253025303,0,0.524019068573524,0.133846718005134,0.176200953428676
222773.411807,2667366.126422,0.0884615384615385,0.0503663003663004,0,0.602380952380952,0.165201465201465,0.0935897435897436
223273.411807,2667366.126422,0.378388278388278,0.0186813186813187,0.000366300366300366,0.0703296703296703,0.0573260073260073,0.474908424908425
223773.411807,2667366.126422,0.642097543087642,0.00403373670700403,0,0,0,0.353868720205354
224273.411807,2667366.126422,0.657875457875458,0.0293040293040293,0,0,0,0.312820512820513
212273.411807,2666866.126422,0.0801982015048633,0.201137823453845,0.0121123141860892,0.313084969719215,0.150302807854652,0.243163883281336
212773.411807,2666866.126422,0.0568494406748579,0.0573995965523565,0.000366770584999083,0.673757564643316,0.141206675224647,0.070419952319824
213273.411807,2666866.126422,0.0938244456661169,0.0566245189664651,0,0.653839105735752,0.107751511819681,0.0879604178119846
213773.411807,2666866.126422,0.121123141860892,0.101853551110295,0.0012846393833731,0.371077261882914,0.140576252523399,0.264085153239126
214273.411807,2666866.126422,0.0867412433522831,0.171098477902072,0,0.378874014304053,0.178617274894553,0.184668989547038
214773.411807,2666866.126422,0.146234194612424,0.312076232362104,0.000366501740883269,0.126259849734286,0.11214953271028,0.302913688840022
215273.411807,2666866.126422,0.129014498073041,0.178748394200771,0.0012846393833731,0.195265186272711,0.0917599559552211,0.403927326114883
215773.411807,2666866.126422,0.144324225197139,0.0748211993398129,0,0.327159361819182,0.129103245919677,0.324591967724189
216273.411807,2666866.126422,0.0370166758292102,0.0417811984606927,0,0.698002565512186,0.108851017042331,0.11434854315558
216773.411807,2666866.126422,0.0618462103138191,0.0321159845843274,0.00311983850247752,0.434024591668196,0.0924940356028629,0.376399339328317
217273.411807,2666866.126422,0.0834403080872914,0.0363102879149092,0.000183385292499542,0.697597652668256,0.108564093159729,0.0739042728773152
217773.411807,2666866.126422,0.0260216236027121,0.028587135788895,0.000366501740883269,0.880153930731171,0.0525929998167491,0.0122778083195895
218273.411807,2666866.126422,0.0480822169205359,0.0484492567443568,0.000367039823820885,0.805468893374931,0.0528537346302074,0.0447788585061479
218773.411807,2666866.126422,0.0330093526499175,0.0559325142123602,0.00495140289748762,0.700715202640748,0.0711534934898221,0.134238034109664
219273.411807,2666866.126422,0.0632215503023639,0.099321971779366,0,0.509620670698186,0.102620487447315,0.225215319772769
219773.411807,2666866.126422,0.00679023674068636,0.00623967700495504,0,0.958891539732061,0.0280785465222977,0
220273.411807,2666866.126422,0.0104529616724739,0.0645516229598386,0,0.661103979460847,0.08399046396479,0.17990097194205
220773.411807,2666866.126422,0.051676745464541,0.167857797324537,0.000549752611324904,0.299615173172073,0.10207073483599,0.378229796591534
221273.411807,2666866.126422,0.126078179482474,0.0928610754266838,0.00458799779776106,0.579372361901266,0.0715727656450725,0.125527619746743
221773.411807,2666866.126422,0.0570328259673574,0.155327342747112,0.00110031175499725,0.58389877131854,0.0887584815697781,0.113882266642215
222273.411807,2666866.126422,0.0604727872457394,0.0481949789261499,0.000366501740883269,0.563313175737585,0.149166208539491,0.178486347810152
222773.411807,2666866.126422,0.134153055606533,0.0277115066984768,0,0.549091576436043,0.116718663975041,0.172325197283905
223273.411807,2666866.126422,0.351732991014121,0.0262240968274344,0,0.13992297817715,0.0535485054098661,0.428571428571429
223773.411807,2666866.126422,0.530877771669415,0.00201575957485798,0,0,0,0.467106468755727
224273.411807,2666866.126422,0.53532758304276,0.00165167920719398,0,0,0.0034868783262984,0.459533859423747
212273.411807,2666366.126422,0.0614678899082569,0.161467889908257,0.0106422018348624,0.446605504587156,0.114495412844037,0.205321100917431
212773.411807,2666366.126422,0.0682443588332416,0.187488534213906,0.000733810310034856,0.329847734360668,0.101816180517336,0.311869381764814
213273.411807,2666366.126422,0.0761904761904762,0.23040293040293,0,0.363919413919414,0.0824175824175824,0.247069597069597
213773.411807,2666366.126422,0.131192660550459,0.43045871559633,0.00055045871559633,0.0864220183486239,0.0405504587155963,0.310825688073395
214273.411807,2666366.126422,0.247660979636764,0.25389836727206,0,0.0469638598422308,0.115024766097964,0.336452027150981
214773.411807,2666366.126422,0.108791208791209,0.423992673992674,0.00146520146520147,0.0891941391941392,0.0368131868131868,0.33974358974359
215273.411807,2666366.126422,0.0440366972477064,0.120366972477064,0,0.0790825688073395,0.0719266055045872,0.684587155963303
215773.411807,2666366.126422,0.0385250412768299,0.135938359933957,0,0.114841313520455,0.139423958906623,0.571271326362135
216273.411807,2666366.126422,0.0554945054945055,0.13956043956044,0.000366300366300366,0.221428571428571,0.15989010989011,0.423260073260073
216773.411807,2666366.126422,0.0473394495412844,0.173577981651376,0.00073394495412844,0.52954128440367,0.105871559633028,0.142935779816514
217273.411807,2666366.126422,0.0722803155384333,0.0636580443955238,0,0.707943496606127,0.0966795083470923,0.0594386351128233
217773.411807,2666366.126422,0.0767399267399267,0.0675824175824176,0.00201465201465201,0.706043956043956,0.0948717948717949,0.0527472527472527
218273.411807,2666366.126422,0.0526605504587156,0.0409174311926606,0.00128440366972477,0.795779816513762,0.0765137614678899,0.0328440366972477
218773.411807,2666366.126422,0.0464135021097046,0.161805173362686,0.00550357732526142,0.428545221060356,0.0482480278847918,0.309484498257201
219273.411807,2666366.126422,0.0470695970695971,0.13003663003663,0.0043956043956044,0.634615384615385,0.108424908424908,0.0754578754578755
219773.411807,2666366.126422,0.0434862385321101,0.340917431192661,0.00018348623853211,0.376330275229358,0.0524770642201835,0.186605504587156
220273.411807,2666366.126422,0.0854889011190607,0.249128600256834,0,0.194092827004219,0.0385250412768299,0.432764630343056
220773.411807,2666366.126422,0.0738095238095238,0.086996336996337,0.00476190476190476,0.576739926739927,0.116117216117216,0.141575091575092
221273.411807,2666366.126422,0.033394495412844,0.0324770642201835,0,0.788990825688073,0.0930275229357798,0.0521100917431193
221773.411807,2666366.126422,0.0953953403045313,0.0577875619152449,0,0.576774903687397,0.0682443588332416,0.201797835259585
222273.411807,2666366.126422,0.147252747252747,0.0761904761904762,0.000732600732600733,0.422710622710623,0.125824175824176,0.227289377289377
222773.411807,2666366.126422,0.417247706422018,0.0214678899082569,0,0.205504587155963,0.100366972477064,0.255412844036697
223273.411807,2666366.126422,0.509998165474225,0.00238488350761328,0,0.000366905155017428,0.00201797835259585,0.485232067510549
223773.411807,2666366.126422,0.562454212454212,0.00934065934065934,0,0.000366300366300366,0.00164835164835165,0.426190476190476
224273.411807,2666366.126422,0.667522935779816,0.00807339449541284,0,0,0,0.324403669724771
212273.411807,2665866.126422,0.0860805860805861,0.108058608058608,0,0.407509157509158,0.153113553113553,0.245238095238095
212773.411807,2665866.126422,0.0542124542124542,0.117216117216117,0.000183150183150183,0.542857142857143,0.117948717948718,0.167582417582418
213273.411807,2665866.126422,0.0520718738540521,0.200953428676201,0,0.542170883755042,0.0957095709570957,0.109094242757609
213773.411807,2665866.126422,0.097985347985348,0.131501831501832,0.00201465201465201,0.398901098901099,0.0891941391941392,0.28040293040293
214273.411807,2665866.126422,0.113553113553114,0.226190476190476,0.00164835164835165,0.348534798534799,0.130952380952381,0.179120879120879
214773.411807,2665866.126422,0.0561056105610561,0.574807480748075,0,0.081041437477081,0.061972863953062,0.226072607260726
215273.411807,2665866.126422,0.0402930402930403,0.434615384615385,0,0.222710622710623,0.0989010989010989,0.203479853479853
215773.411807,2665866.126422,0.0765567765567766,0.241758241758242,0,0.372344322344322,0.128937728937729,0.18040293040293
216273.411807,2665866.126422,0.0671067106710671,0.289328932893289,0.00055005500550055,0.264576457645765,0.176751008434177,0.201686835350202
216773.411807,2665866.126422,0.102930402930403,0.274542124542125,0,0.265567765567766,0.11959706959707,0.237362637362637
217273.411807,2665866.126422,0.0503663003663004,0.045970695970696,0.000183150183150183,0.782783882783883,0.0990842490842491,0.0216117216117216
217773.411807,2665866.126422,0.0671067106710671,0.0498716538320499,0,0.735790245691236,0.0858085808580858,0.0614228089475614
218273.411807,2665866.126422,0.0571428571428571,0.05,0.00659340659340659,0.727838827838828,0.0782051282051282,0.0802197802197802
218773.411807,2665866.126422,0.0412087912087912,0.615934065934066,0.00476190476190476,0.0913919413919414,0.0379120879120879,0.208791208791209
219273.411807,2665866.126422,0.0627062706270627,0.123579024569124,0,0.43050971763843,0.0755408874220755,0.307664099743308
219773.411807,2665866.126422,0.036996336996337,0.0402930402930403,0,0.818498168498168,0.0694139194139194,0.0347985347985348
220273.411807,2665866.126422,0.0494505494505494,0.0893772893772894,0.00128205128205128,0.611904761904762,0.0796703296703297,0.168315018315018
220773.411807,2665866.126422,0.119361936193619,0.0663733039970664,0.000733406674000733,0.564723138980565,0.117161716171617,0.131646497983132
221273.411807,2665866.126422,0.0871794871794872,0.0531135531135531,0.00860805860805861,0.622893772893773,0.145970695970696,0.0822344322344322
221773.411807,2665866.126422,0.228388278388278,0.0351648351648352,0,0.402747252747253,0.0582417582417582,0.275457875457875
222273.411807,2665866.126422,0.132379904657132,0.0830583058305831,0,0.435276861019435,0.125595892922626,0.223689035570224
222773.411807,2665866.126422,0.374175824175824,0.0591575091575092,0,0.0970695970695971,0.196153846153846,0.273443223443223
223273.411807,2665866.126422,0.519230769230769,0.0340659340659341,0,0.0216117216117216,0.0679487179487179,0.357142857142857
223773.411807,2665866.126422,0.578657865786579,0.00348368170150348,0,0,0.00128346167950128,0.416574990832417
224273.411807,2665866.126422,0.493406593406593,0.0010989010989011,0,0.00146520146520147,0.0122710622710623,0.491758241758242
212273.411807,2665366.126422,0.0170673518076711,0.125894659570563,0.0273444668746559,0.241328684162232,0.098733712607818,0.48963112497706
212773.411807,2665366.126422,0.0249403997799376,0.197139189437007,0.0651017788373372,0.0465798642948836,0.0676691729323308,0.598569594718504
213273.411807,2665366.126422,0.0331684075499359,0.270844786512736,0.0183250870441635,0.160161260765989,0.0767821147150449,0.440718343412131
213773.411807,2665366.126422,0.0537713341897596,0.182969352174711,0.0625802899614608,0.27803266654432,0.0902917966599376,0.332354560469811
214273.411807,2665366.126422,0.0533651201173666,0.111681643132221,0.015587749862461,0.363102879149092,0.178250504309554,0.278012103429305
214773.411807,2665366.126422,0.051676745464541,0.223932563679677,0,0.472970496609859,0.109034267912773,0.14238592633315
215273.411807,2665366.126422,0.04147550009176,0.435125711139659,0,0.281703064782529,0.0622132501376399,0.179482473848413
215773.411807,2665366.126422,0.068402714102329,0.406015037593985,0,0.217494956904456,0.128369704749679,0.179717586649551
216273.411807,2665366.126422,0.0925416895730255,0.363569726956203,0,0.192596664834158,0.0811801356056441,0.270111783030969
216773.411807,2665366.126422,0.0798311616810424,0.395118370343182,0.000917599559552211,0.0829510001835199,0.0691870067902367,0.371994861442467
217273.411807,2665366.126422,0.11186502842472,0.0726205758298184,0.000550155877498625,0.319273794241702,0.183385292499542,0.312305153126719
217773.411807,2665366.126422,0.0276708814366868,0.0886934212937511,0.000366501740883269,0.692688290269379,0.0736668499175371,0.116914055341763
218273.411807,2665366.126422,0.0352358230868049,0.387777573866765,0.00201871903101487,0.408882363736465,0.0368875022939989,0.129198017984951
218773.411807,2665366.126422,0.022006235099945,0.0770218228498075,0.00770218228498074,0.818998716302953,0.0388776820099028,0.0353933614524115
219273.411807,2665366.126422,0.0403151914971596,0.0507604911123328,0.000366501740883269,0.765438885834708,0.0753161077515118,0.0678028220634048
219773.411807,2665366.126422,0.0447788585061479,0.0411084602679391,0,0.800330335841439,0.0734079647641769,0.0403743806202973
220273.411807,2665366.126422,0.0764716669723088,0.224463598019439,0,0.290482303319274,0.0550155877498625,0.353566843939116
220773.411807,2665366.126422,0.0894264247755177,0.159061755543339,0.00311526479750779,0.373098772219168,0.129924867143119,0.245372915521349
221273.411807,2665366.126422,0.108093228115251,0.0561570930445953,0.00220223894292531,0.594237474766012,0.090475316571848,0.148834648559369
221773.411807,2665366.126422,0.192737942417018,0.0698697964423253,0.00348432055749129,0.444342563726389,0.0790390610673024,0.210526315789474
222273.411807,2665366.126422,0.208722741433022,0.133589884551952,0.000549752611324904,0.279274326553051,0.122778083195895,0.255085211654755
222773.411807,2665366.126422,0.254909157643604,0.106074509084236,0,0.189025509267756,0.129565057808772,0.320425766195632
223273.411807,2665366.126422,0.581331377223547,0.0392444525949019,0,0.000366770584999083,0.00623509994498441,0.372822299651568
223773.411807,2665366.126422,0.587319039765439,0,0,0,0.00274876305662452,0.409932197177937
224273.411807,2665366.126422,0.48944760506515,0.000367039823820885,0,0.0012846393833731,0.00587263718113415,0.503028078546522
212273.411807,2664866.126422,0.021651376146789,0.733577981651376,0,0.038348623853211,0.0559633027522936,0.15045871559633
212773.411807,2664866.126422,0.0515501742799486,0.684828471840029,0,0.071179600073381,0.0443955237571088,0.148046230049532
213273.411807,2664866.126422,0.0457875457875458,0.631684981684982,0,0.0384615384615385,0.0465201465201465,0.237545787545788
213773.411807,2664866.126422,0.0809174311926606,0.404036697247706,0,0.184954128440367,0.0757798165137615,0.254311926605505
214273.411807,2664866.126422,0.0234819299211154,0.32526141992295,0.00825536598789213,0.257934323977252,0.0818198495688864,0.303247110621904
214773.411807,2664866.126422,0.0298534798534799,0.242673992673993,0.00879120879120879,0.11043956043956,0.0946886446886447,0.513553113553114
215273.411807,2664866.126422,0.0554128440366972,0.379449541284404,0.00513761467889908,0.208440366972477,0.0812844036697248,0.270275229357798
215773.411807,2664866.126422,0.0667767382131719,0.506696019079068,0.00201797835259585,0.177031737295909,0.0834709227664649,0.16400660429279
216273.411807,2664866.126422,0.036996336996337,0.627289377289377,0,0.0507326007326007,0.063003663003663,0.221978021978022
216773.411807,2664866.126422,0.0987155963302752,0.453761467889908,0,0.186238532110092,0.0834862385321101,0.177798165137615
217273.411807,2664866.126422,0.0592551825353146,0.357365620986975,0,0.0764997248211337,0.194643184736746,0.312236286919831
217773.411807,2664866.126422,0.06996336996337,0.373443223443223,0.00567765567765568,0.0771062271062271,0.137912087912088,0.335897435897436
218273.411807,2664866.126422,0.0711926605504587,0.149724770642202,0.00330275229357798,0.413394495412844,0.13651376146789,0.225871559633028
218773.411807,2664866.126422,0.0950284351495139,0.0555861309851403,0.000366905155017428,0.624289121262154,0.104934874334984,0.11979453311319
219273.411807,2664866.126422,0.0655677655677656,0.0245421245421245,0.000366300366300366,0.784065934065934,0.0743589743589744,0.0510989010989011
219773.411807,2664866.126422,0.0422018348623853,0.0355963302752294,0.00018348623853211,0.808990825688073,0.0732110091743119,0.0398165137614679
220273.411807,2664866.126422,0.0361401577692167,0.064758759860576,0,0.643184736745551,0.0849385433865346,0.170977802238121
220773.411807,2664866.126422,0.0723443223443224,0.173443223443223,0.00567765567765568,0.515384615384615,0.0871794871794872,0.145970695970696
221273.411807,2664866.126422,0.119266055045872,0.18697247706422,0,0.194495412844037,0.0730275229357798,0.426238532110092
221773.411807,2664866.126422,0.238855255916346,0.259218492019813,0,0.0961291506145661,0.0667767382131719,0.339020363236103
222273.411807,2664866.126422,0.20952380952381,0.152747252747253,0.000915750915750916,0.215201465201465,0.117765567765568,0.303846153846154
222773.411807,2664866.126422,0.156697247706422,0.0809174311926606,0,0.357247706422018,0.197981651376147,0.207155963302752
223273.411807,2664866.126422,0.370574206567602,0.0911759310218309,0,0.0731975784259769,0.135388002201431,0.329664281783159
223773.411807,2664866.126422,0.524542124542125,0.000366300366300366,0,0.000732600732600733,0.0032967032967033,0.471062271062271
224273.411807,2664866.126422,0.398899082568807,0.00036697247706422,0,0,0.0036697247706422,0.597064220183486
212273.411807,2664366.126422,0.0694139194139194,0.483516483516484,0,0.105128205128205,0.0673992673992674,0.274542124542125
212773.411807,2664366.126422,0.0514652014652015,0.573260073260073,0,0.211721611721612,0.0721611721611722,0.0913919413919414
213273.411807,2664366.126422,0.0781078107810781,0.268060139347268,0.000183351668500183,0.38980564723139,0.161532819948662,0.102310231023102
213773.411807,2664366.126422,0.0624542124542125,0.248901098901099,0,0.475824175824176,0.118681318681319,0.0941391941391941
214273.411807,2664366.126422,0.0177655677655678,0.301831501831502,0,0.428021978021978,0.131318681318681,0.121062271062271
214773.411807,2664366.126422,0.0256692335900257,0.378254492115878,0,0.258892555922259,0.116978364503117,0.22020535386872
215273.411807,2664366.126422,0.0195970695970696,0.179120879120879,0.0250915750915751,0.056959706959707,0.0778388278388278,0.641391941391941
215773.411807,2664366.126422,0.0798534798534798,0.273260073260073,0.0010989010989011,0.207326007326007,0.104029304029304,0.334432234432234
216273.411807,2664366.126422,0.0671067106710671,0.251558489182252,0,0.115511551155116,0.209020902090209,0.356802346901357
216773.411807,2664366.126422,0.0743589743589744,0.417765567765568,0.00201465201465201,0.0575091575091575,0.152747252747253,0.295604395604396
217273.411807,2664366.126422,0.0494505494505494,0.347619047619048,0,0.222893772893773,0.123992673992674,0.256043956043956
217773.411807,2664366.126422,0.0551888522185552,0.248991565823249,0.00898423175650898,0.369270260359369,0.123212321232123,0.194352768610194
218273.411807,2664366.126422,0.0712454212454212,0.218131868131868,0,0.267216117216117,0.146153846153846,0.297252747252747
218773.411807,2664366.126422,0.169230769230769,0.124542124542125,0,0.300915750915751,0.102380952380952,0.302930402930403
219273.411807,2664366.126422,0.0526219288595526,0.0610561056105611,0.0022002200220022,0.774110744407774,0.0781078107810781,0.0319031903190319
219773.411807,2664366.126422,0.0672161172161172,0.0838827838827839,0.000732600732600733,0.587362637362637,0.108058608058608,0.152747252747253
220273.411807,2664366.126422,0.043040293040293,0.0536630036630037,0,0.678205128205128,0.095970695970696,0.129120879120879
220773.411807,2664366.126422,0.0863586358635864,0.0940594059405941,0,0.520902090209021,0.0726072607260726,0.226072607260726
221273.411807,2664366.126422,0.177655677655678,0.14029304029304,0.000366300366300366,0.238095238095238,0.0928571428571429,0.350732600732601
221773.411807,2664366.126422,0.269047619047619,0.0844322344322344,0,0.0631868131868132,0.0738095238095238,0.509523809523809
222273.411807,2664366.126422,0.542720938760543,0.108544187752109,0,0.00183351668500183,0.0119178584525119,0.334983498349835
222773.411807,2664366.126422,0.563369963369963,0.0322344322344322,0,0.000183150183150183,0.0186813186813187,0.385531135531136
223273.411807,2664366.126422,0.377838827838828,0.149267399267399,0,0.0181318681318681,0.105494505494505,0.349267399267399
223773.411807,2664366.126422,0.599009900990099,0.0515218188485515,0,0.000733406674000733,0.0187018701870187,0.33003300330033
224273.411807,2664366.126422,0.54047619047619,0.00714285714285714,0,0,0.0152014652014652,0.437179487179487
212273.411807,2663866.126422,0.0732244448522665,0.323178564874289,0.000550559735731327,0.345200954303542,0.105707469260415,0.152138006973757
212773.411807,2663866.126422,0.0874747845222813,0.339629561709151,0,0.17201540436457,0.100311754997249,0.300568494406749
213273.411807,2663866.126422,0.0536925050393989,0.474803005314275,0,0.189847901777533,0.10536925050394,0.176287337364852
213773.411807,2663866.126422,0.0546889337493118,0.333088640117453,0.000917599559552211,0.401908607083869,0.0965314736648926,0.112864745824922
214273.411807,2663866.126422,0.0451127819548872,0.487071336878782,0,0.253805244819366,0.0827067669172932,0.131303869429672
214773.411807,2663866.126422,0.0227231079347627,0.827927432655305,0,0.0366501740883269,0.023089609675646,0.0896096756459593
215273.411807,2663866.126422,0.0822169205358781,0.2407781244265,0,0.2987704165902,0.147182969352175,0.231051569095247
215773.411807,2663866.126422,0.050797726022373,0.299468182651751,0.00421786172748946,0.184852374839538,0.106363469649734,0.354300385109114
216273.411807,2663866.126422,0.0395821880153931,0.424225765072384,0.00201575957485798,0.0776983690672531,0.0892431739050761,0.367234744365036
216773.411807,2663866.126422,0.0677188474949532,0.14956872820701,0,0.186456230501009,0.0710222059093412,0.525233987887686
217273.411807,2663866.126422,0.0319090408949202,0.0981111314872547,0,0.590500641848524,0.120484137172199,0.158995048597103
217773.411807,2663866.126422,0.0654205607476635,0.167857797324537,0.0146600696353308,0.283305845702767,0.109034267912773,0.359721458676929
218273.411807,2663866.126422,0.0840521196549826,0.135621214901817,0,0.42319691686548,0.120022022389429,0.237107726188291
218773.411807,2663866.126422,0.0810562992847974,0.0702365670273244,0.000366770584999083,0.587566477168531,0.125802310654686,0.134971575279663
219273.411807,2663866.126422,0.0513102437236577,0.139087410665201,0,0.530328019058091,0.0568077698369067,0.222466556716144
219773.411807,2663866.126422,0.0915764360433107,0.2073775004588,0,0.147917048999816,0.143145531290145,0.409983483207928
220273.411807,2663866.126422,0.101778837337246,0.115716119567211,0.000183385292499542,0.317806711901706,0.088391710984779,0.37612323491656
220773.411807,2663866.126422,0.0962067069818582,0.0885101704233095,0,0.39234011361554,0.139637163276526,0.283305845702767
221273.411807,2663866.126422,0.150119287942742,0.0792806019453111,0,0.197283905303725,0.158744723802533,0.414571481005689
221773.411807,2663866.126422,0.352283146891619,0.0300751879699248,0,0.0377773702549056,0.10416284613974,0.475701448743811
222273.411807,2663866.126422,0.483599047095474,0.0212571009712296,0.00329851566794942,0.0608392889866227,0.055158512002932,0.375847535275793
222773.411807,2663866.126422,0.52303174894476,0.00752431638832813,0,0,0.00385391815011929,0.465590016516792
223273.411807,2663866.126422,0.599669906473501,0.00385109114249037,0,0,0.000183385292499542,0.396295617091509
223773.411807,2663866.126422,0.604727872457394,0.00238226131574125,0,0,0.000183250870441635,0.392706615356423
224273.411807,2663866.126422,0.43971370893742,0.0168838318957607,0,0,0.00165167920719398,0.541750779959626
212273.411807,2663366.126422,0.0478899082568807,0.585688073394495,0.00238532110091743,0.0904587155963303,0.116146788990826,0.15743119266055
212773.411807,2663366.126422,0.064758759860576,0.503944230416437,0.000183452577508714,0.213355347642634,0.113740598055403,0.104017611447441
213273.411807,2663366.126422,0.0664835164835165,0.446703296703297,0,0.19981684981685,0.0873626373626374,0.1996336996337
213773.411807,2663366.126422,0.0590825688073394,0.20256880733945,0,0.52605504587156,0.0985321100917431,0.113761467889908
214273.411807,2663366.126422,0.0337552742616034,0.332966428178316,0,0.459915611814346,0.0959456980370574,0.0774169877086773
214773.411807,2663366.126422,0.0408424908424908,0.703113553113553,0,0.0293040293040293,0.0298534798534799,0.196886446886447
215273.411807,2663366.126422,0.0264220183486239,0.70954128440367,0,0.0341284403669725,0.0660550458715596,0.163853211009174
215773.411807,2663366.126422,0.0453127866446524,0.40799853237938,0.002568336085122,0.266006237387635,0.0746651990460466,0.203448908457164
216273.411807,2663366.126422,0.0648351648351648,0.554761904761905,0,0.0380952380952381,0.0639194139194139,0.278388278388278
216773.411807,2663366.126422,0.0414678899082569,0.506238532110092,0,0.110091743119266,0.107522935779817,0.234678899082569
217273.411807,2663366.126422,0.0289855072463768,0.134470739313887,0.000550357732526142,0.177398642450926,0.176481379563383,0.4821133736929
217773.411807,2663366.126422,0.0575091575091575,0.112271062271062,0,0.591941391941392,0.122161172161172,0.116117216117216
218273.411807,2663366.126422,0.051743119266055,0.219449541284404,0,0.219082568807339,0.111559633027523,0.398165137614679
218773.411807,2663366.126422,0.124380847550908,0.145110988809393,0,0.140524674371675,0.134654191891396,0.455329297376628
219273.411807,2663366.126422,0.124542124542125,0.0545787545787546,0,0.247435897435897,0.118498168498168,0.454945054945055
219773.411807,2663366.126422,0.173761467889908,0.0438532110091743,0.00018348623853211,0.436880733944954,0.165321100917431,0.18
220273.411807,2663366.126422,0.115942028985507,0.0708126949183636,0.00623738763529628,0.383232434415704,0.133003118693818,0.290772335351312
220773.411807,2663366.126422,0.0873626373626374,0.0956043956043956,0.000366300366300366,0.389010989010989,0.132051282051282,0.295604395604396
221273.411807,2663366.126422,0.137247706422018,0.0691743119266055,0.00036697247706422,0.474311926605505,0.131926605504587,0.18697247706422
221773.411807,2663366.126422,0.466152999449642,0.0440286186020914,0,0.0357732526141992,0.0565033938726839,0.397541735461383
222273.411807,2663366.126422,0.267948717948718,0.045970695970696,0,0.0617216117216117,0.103846153846154,0.520512820512821
222773.411807,2663366.126422,0.474678899082569,0.00422018348623853,0,0,0.00990825688073394,0.511192660550459
223273.411807,2663366.126422,0.636396991377729,0.00476976701522656,0,0,0,0.358833241607045
223773.411807,2663366.126422,0.468498168498168,0,0,0,0.000549450549450549,0.530952380952381
224273.411807,2663366.126422,0.657064220183486,0.000917431192660551,0,0,0,0.342018348623853
212273.411807,2662866.126422,0.010989010989011,0.427655677655678,0.00366300366300366,0.08003663003663,0.0415750915750916,0.436080586080586
212773.411807,2662866.126422,0.0505494505494506,0.597985347985348,0,0.142673992673993,0.0805860805860806,0.128205128205128
213273.411807,2662866.126422,0.0656398973230656,0.274477447744774,0.00055005500550055,0.352585258525853,0.141914191419142,0.164833149981665
213773.411807,2662866.126422,0.0783882783882784,0.142673992673993,0.0010989010989011,0.335714285714286,0.175091575091575,0.267032967032967
214273.411807,2662866.126422,0.0681318681318681,0.37014652014652,0,0.163003663003663,0.117399267399267,0.281318681318681
214773.411807,2662866.126422,0.0407040704070407,0.553171983865053,0,0.145581224789146,0.09002566923359,0.170517051705171
215273.411807,2662866.126422,0.0509157509157509,0.567399267399267,0,0.030952380952381,0.0945054945054945,0.256227106227106
