"x","y","forest","agri","water","built","other","grass"
183773.411807,2654866.126422,0,0.0644154890805652,0.771150669847678,0.150853367590384,0.00862543585979079,0.00495503762158194
184273.411807,2654866.126422,0.00165046763249587,0.109847790207225,0.690995782138273,0.109297634329727,0.0385109114249037,0.0496974142673758
184773.411807,2654866.126422,0.0128275609309144,0.115814550119113,0.559281656587869,0.0984057174271578,0.0293201392706615,0.184350375664284
185273.411807,2654866.126422,0.0262433474031932,0.176729675169756,0.0545054138374014,0.135070655166086,0.0923105156909525,0.515140392732611
185773.411807,2654866.126422,0.114249037227214,0.188336695397029,0.00513478818998716,0.0894920227397763,0.0607005318173482,0.542086924628645
186273.411807,2654866.126422,0.0716494845360825,0.221907216494845,0,0.0585051546391753,0.0914948453608247,0.556443298969072
183773.411807,2654366.126422,0.00128440366972477,0.0686238532110092,0.583119266055046,0.167706422018349,0.035045871559633,0.144220183486239
184273.411807,2654366.126422,0.00275178866263071,0.177949000183453,0.45221060355898,0.0964960557695836,0.0741148413135205,0.196477710511833
184773.411807,2654366.126422,0.00915750915750916,0.197802197802198,0.268131868131868,0.185164835164835,0.0974358974358974,0.242307692307692
185273.411807,2654366.126422,0.00073394495412844,0.276697247706422,0.0291743119266055,0.319633027522936,0.0948623853211009,0.278899082568807
185773.411807,2654366.126422,0.0675105485232067,0.288570904421207,0.0418271876719868,0.0572372041827188,0.0526508897450009,0.49220326545588
186273.411807,2654366.126422,0.0316846986089645,0.469088098918083,0.0373518804739825,0.0417310664605873,0.0350334878928387,0.385110767645544
182273.411807,2653866.126422,0.00402930402930403,0.16043956043956,0.429487179487179,0.178754578754579,0.0556776556776557,0.171611721611722
182773.411807,2653866.126422,0,0.187728937728938,0.547619047619048,0.162637362637363,0.0152014652014652,0.0868131868131868
183273.411807,2653866.126422,0.00568390172350568,0.187385405207187,0.428309497616428,0.211771177117712,0.0155848918225156,0.151265126512651
183773.411807,2653866.126422,0.000549450549450549,0.0503663003663004,0.689010989010989,0.187728937728938,0.0532967032967033,0.019047619047619
184273.411807,2653866.126422,0.00421245421245421,0.138461538461538,0.585714285714286,0.0646520146520147,0.0426739926739927,0.164285714285714
184773.411807,2653866.126422,0.0264026402640264,0.122295562889622,0.00971763843050972,0.234506784011734,0.0898423175650898,0.517235056839017
185273.411807,2653866.126422,0.0133699633699634,0.165018315018315,0.225824175824176,0.043040293040293,0.036996336996337,0.515750915750916
185773.411807,2653866.126422,0.0580586080586081,0.223260073260073,0.120695970695971,0.0846153846153846,0.0518315018315018,0.461538461538462
186273.411807,2653866.126422,0.0314432989690722,0.255154639175258,0.107216494845361,0.0649484536082474,0.148453608247423,0.392783505154639
181773.411807,2653366.126422,0.0122778083195895,0.113615539673813,0.612790910756826,0.140919919369617,0.0197910940076965,0.100604727872457
182273.411807,2653366.126422,0.00220223894292531,0.211965498256561,0.57258212516058,0.114699944944026,0.0124793540099101,0.0860708386859974
182773.411807,2653366.126422,0.00238400880249404,0.226847606821933,0.621859526865945,0.0671190170548322,0.0231065468549422,0.0586832935998533
183273.411807,2653366.126422,0,0.237859629833242,0.53252702950339,0.0831958951805021,0.0494777350192413,0.0969397104636247
183773.411807,2653366.126422,0.00935951550743256,0.0935951550743256,0.731143329051202,0.102771150669848,0.0288126261699394,0.0343182235272527
184273.411807,2653366.126422,0.0181551439574546,0.273244085824317,0.145974692829635,0.10783055198973,0.0935264991747662,0.361269026224097
184773.411807,2653366.126422,0.0229063588052043,0.0927249404434671,0,0.01905809052593,0.0544255085211655,0.810885101704233
185273.411807,2653366.126422,0.0379886217654616,0.285556982932648,0.000550559735731327,0.0367039823820885,0.0691870067902367,0.570012846393834
185773.411807,2653366.126422,0.0366770584999083,0.276361635796809,0.00330093526499175,0.145241151659637,0.105446543187236,0.432972675591418
186273.411807,2653366.126422,0.065979381443299,0.217010309278351,0,0.0554123711340206,0.112886597938144,0.548711340206186
181773.411807,2652866.126422,0.00622710622710623,0.184615384615385,0.643040293040293,0.041025641025641,0.00311355311355311,0.121978021978022
182273.411807,2652866.126422,0.00440366972477064,0.189357798165138,0.675963302752294,0.0355963302752294,0.0144954128440367,0.0801834862385321
182773.411807,2652866.126422,0.032104201064025,0.251696936341956,0.432397725188039,0.111906072280316,0.0506329113924051,0.12126215373326
183273.411807,2652866.126422,0.021978021978022,0.19047619047619,0.174908424908425,0.228021978021978,0.136996336996337,0.247619047619048
183773.411807,2652866.126422,0.0177981651376147,0.146605504587156,0.0442201834862385,0.212660550458716,0.214495412844037,0.364220183486239
184273.411807,2652866.126422,0.0366905155017428,0.210420106402495,0,0.0357732526141992,0.0264171711612548,0.690698954320308
184773.411807,2652866.126422,0.0401098901098901,0.28974358974359,0,0.172344322344322,0.0990842490842491,0.398717948717949
185273.411807,2652866.126422,0.0500917431192661,0.26,0.00128440366972477,0.0651376146788991,0.0755963302752294,0.547889908256881
185773.411807,2652866.126422,0.0322876536415337,0.213905705375161,0,0.0992478444322143,0.136672170243992,0.5178866263071
186273.411807,2652866.126422,0.0167439464193715,0.219989696032973,0,0.0857805255023184,0.139103554868624,0.538382277176713
181773.411807,2652366.126422,0.00165016501650165,0.187568756875688,0.689035570223689,0.0713237990465713,0.0104510451045105,0.03997066373304
182273.411807,2652366.126422,0.000915750915750916,0.366483516483516,0.417765567765568,0.0851648351648352,0.0485347985347985,0.0811355311355311
182773.411807,2652366.126422,0.00989010989010989,0.177655677655678,0.205311355311355,0.217399267399267,0.0765567765567766,0.313186813186813
183273.411807,2652366.126422,0.0337367070040337,0.156949028236157,0.0236523652365237,0.0918591859185919,0.0995599559955996,0.594242757609094
183773.411807,2652366.126422,0.0476190476190476,0.165384615384615,0,0.128754578754579,0.078021978021978,0.58021978021978
184273.411807,2652366.126422,0.0628205128205128,0.252014652014652,0,0.0225274725274725,0.0721611721611722,0.59047619047619
184773.411807,2652366.126422,0.0506050605060506,0.236156949028236,0.000366703337000367,0.0821415474880821,0.118811881188119,0.511917858452512
185273.411807,2652366.126422,0.0272893772893773,0.311721611721612,0,0.0311355311355311,0.103479853479853,0.526373626373626
185773.411807,2652366.126422,0.0232600732600733,0.347069597069597,0,0.00659340659340659,0.0641025641025641,0.558974358974359
186273.411807,2652366.126422,0.0701030927835052,0.272680412371134,0,0.0309278350515464,0.0742268041237113,0.552061855670103
181273.411807,2651866.126422,0.0174216027874564,0.117733357784706,0.429488355033926,0.247019988996882,0.0447460113698881,0.143590684027141
181773.411807,2651866.126422,0.0776983690672531,0.180685358255452,0.335532343778633,0.0800806303829943,0.0454462158695254,0.280557082646143
182273.411807,2651866.126422,0.0082583960359699,0.235272527069187,0.41090108276748,0.118186823270325,0.0396403009726555,0.187740869884382
182773.411807,2651866.126422,0.0662020905923345,0.201357051164497,0.104346231432239,0.139372822299652,0.0496974142673758,0.439024390243902
183273.411807,2651866.126422,0.106285504856148,0.117097306212205,0,0.147700201575957,0.116181051859996,0.512735935495694
183773.411807,2651866.126422,0.0576252523398789,0.0869884382455496,0,0.187373830060562,0.113415305560653,0.554597173793357
184273.411807,2651866.126422,0.044379240784889,0.176600036677059,0,0.104346231432239,0.0685860993948285,0.606088391710985
184773.411807,2651866.126422,0.0639545537841305,0.283489096573209,0,0.0234561114165292,0.0461792193512919,0.58292101887484
185273.411807,2651866.126422,0.194714626536979,0.134703615342265,0.000183519911910442,0.110111947146265,0.189025509267756,0.371260781794825
185773.411807,2651866.126422,0.00880249403997799,0.386209426004034,0,0.000183385292499542,0.0397946084724005,0.565010086191088
186273.411807,2651866.126422,0.0391752577319588,0.312371134020619,0,0.0853092783505155,0.124226804123711,0.438917525773196
181273.411807,2651366.126422,0.030820033021464,0.0988809392771968,0.627407815079802,0.0598055402678408,0.00623738763529628,0.1768482847184
181773.411807,2651366.126422,0.0481684981684982,0.115934065934066,0.437362637362637,0.0835164835164835,0.0131868131868132,0.301831501831502
182273.411807,2651366.126422,0.0673394495412844,0.0948623853211009,0.0132110091743119,0.0377981651376147,0.0352293577981651,0.751559633027523
182773.411807,2651366.126422,0.0884241423592002,0.0572372041827188,0.0532012474775271,0.604292790313704,0.116308934140525,0.0805356815263254
183273.411807,2651366.126422,0.0858974358974359,0.101648351648352,0.0426739926739927,0.324175824175824,0.19010989010989,0.255494505494505
183773.411807,2651366.126422,0.0587155963302752,0.283669724770642,0,0.0539449541284404,0.0620183486238532,0.541651376146789
184273.411807,2651366.126422,0.0317372959090075,0.230783342505962,0,0.103100348559897,0.0818198495688864,0.552559163456247
184773.411807,2651366.126422,0.0399267399267399,0.310805860805861,0,0.00622710622710623,0.0351648351648352,0.607875457875458
185273.411807,2651366.126422,0.0748623853211009,0.24954128440367,0,0.0247706422018349,0.117981651376147,0.532844036697248
185773.411807,2651366.126422,0.0491652907723353,0.249862410566868,0,0.0744817464685379,0.14125848468171,0.485232067510549
186273.411807,2651366.126422,0.0703245749613601,0.254765584750129,0,0.163575476558475,0.21483771251932,0.296496651210716
180773.411807,2650866.126422,0.00164835164835165,0.156227106227106,0.754945054945055,0.0481684981684982,0.00402930402930403,0.034981684981685
181273.411807,2650866.126422,0.00402930402930403,0.0853479853479854,0.79029304029304,0.108424908424908,0.00805860805860806,0.00384615384615385
181773.411807,2650866.126422,0,0.0583058305830583,0.884488448844885,0.0469380271360469,0.00806747341400807,0.0022002200220022
182273.411807,2650866.126422,0.00604395604395604,0.1503663003663,0.54029304029304,0.138644688644689,0.0373626373626374,0.127289377289377
182773.411807,2650866.126422,0.0437728937728938,0.0710622710622711,0,0.606043956043956,0.202197802197802,0.0769230769230769
183273.411807,2650866.126422,0.0575724239090576,0.152731939860653,0,0.285478547854785,0.203153648698203,0.301063439677301
183773.411807,2650866.126422,0.0847985347985348,0.119413919413919,0,0.125274725274725,0.111355311355311,0.559157509157509
184273.411807,2650866.126422,0.0622710622710623,0.186630036630037,0,0.0873626373626374,0.0921245421245421,0.571611721611722
184773.411807,2650866.126422,0.0962596259625963,0.242940960762743,0,0.0592225889255592,0.0914924825815915,0.51008434176751
185273.411807,2650866.126422,0.0617216117216117,0.253296703296703,0,0.0434065934065934,0.0730769230769231,0.568498168498168
185773.411807,2650866.126422,0.0435897435897436,0.180586080586081,0,0.0827838827838828,0.11025641025641,0.582783882783883
186273.411807,2650866.126422,0.0873711340206186,0.194845360824742,0,0.238144329896907,0.181701030927835,0.297938144329897
180773.411807,2650366.126422,0,0.0812993209763259,0.849513672233437,0.0568911726922371,0.00807487612405946,0.00422095797394017
181273.411807,2650366.126422,0.00201723821749496,0.0656519347148359,0.878782321657803,0.0434623143223913,0.00366770584999083,0.00641848523748395
181773.411807,2650366.126422,0,0.0410481949789262,0.869342129375115,0.0753161077515118,0.0124610591900312,0.00183250870441635
182273.411807,2650366.126422,0.0712057258212516,0.139108093228115,0.105340429436594,0.14920168838319,0.0880895577170123,0.447054505413837
182773.411807,2650366.126422,0.0977443609022556,0.176966807262058,0,0.0337428938199156,0.0977443609022556,0.593801577113515
183273.411807,2650366.126422,0.0668865677111966,0.291002382261316,0,0.0754993586219534,0.0870441634597764,0.479567527945758
183773.411807,2650366.126422,0.0521196549825656,0.255826757203157,0,0.14534777023307,0.141860891906772,0.404844925674436
184273.411807,2650366.126422,0.0849073904272877,0.265725288831836,0,0.0100861910874748,0.0423620025673941,0.596919127086008
184773.411807,2650366.126422,0.109950522264981,0.273960051310244,0,0.00201575957485798,0.013560564412681,0.600513102437237
185273.411807,2650366.126422,0.0370710222059093,0.442833547439897,0,0.031932464672417,0.0737750045879978,0.414387961093779
185773.411807,2650366.126422,0.0445626260773886,0.315055932514212,0,0.0713368787823217,0.174582798459564,0.394461764166514
186273.411807,2650366.126422,0.0324742268041237,0.407474226804124,0,0.0677835051546392,0.0917525773195876,0.400515463917526
180273.411807,2649866.126422,0.00128205128205128,0.0793040293040293,0.762271062271062,0.13974358974359,0.0128205128205128,0.00457875457875458
180773.411807,2649866.126422,0.0196330275229358,0.139816513761468,0.730825688073395,0.0651376146788991,0.00752293577981651,0.0370642201834862
181273.411807,2649866.126422,0.0122913226930838,0.104384516602458,0.766831773986425,0.0570537516052101,0.0091726288754357,0.0502660062373876
181773.411807,2649866.126422,0.03003663003663,0.16996336996337,0.341575091575092,0.118498168498168,0.0256410256410256,0.314285714285714
182273.411807,2649866.126422,0.0743119266055046,0.206605504587156,0,0.124770642201835,0.135229357798165,0.459082568807339
182773.411807,2649866.126422,0.0521005320124748,0.522839845899835,0,0.0348559897266557,0.080168776371308,0.310034855989727
183273.411807,2649866.126422,0.0445054945054945,0.308241758241758,0,0.0357142857142857,0.076007326007326,0.535531135531136
183773.411807,2649866.126422,0.0420183486238532,0.39394495412844,0,0.071743119266055,0.0719266055045872,0.420366972477064
184273.411807,2649866.126422,0.0315538433314988,0.352045496239222,0,0.0229315721885892,0.0372408732342689,0.556228215006421
184773.411807,2649866.126422,0.0776556776556777,0.278021978021978,0,0.0435897435897436,0.117765567765568,0.482967032967033
185273.411807,2649866.126422,0.0440366972477064,0.308073394495413,0,0.0218348623853211,0.0561467889908257,0.569908256880734
185773.411807,2649866.126422,0.0412768299394606,0.35094478077417,0,0.0489818381948266,0.164740414602825,0.394056136488718
186273.411807,2649866.126422,0.00540958268933539,0.517774343122102,0,0.0123647604327666,0.0564142194744977,0.408037094281298
179773.411807,2649366.126422,0.0010989010989011,0.106410256410256,0.502380952380952,0.360989010989011,0.0184981684981685,0.0106227106227106
180273.411807,2649366.126422,0.000366703337000367,0.0916758342500917,0.781994866153282,0.108727539420609,0.0154015401540154,0.00183351668500183
180773.411807,2649366.126422,0.00293040293040293,0.0899267399267399,0.806776556776557,0.0708791208791209,0.00641025641025641,0.0230769230769231
181273.411807,2649366.126422,0.0179487179487179,0.141391941391941,0.671245421245421,0.0564102564102564,0.00879120879120879,0.104212454212454
181773.411807,2649366.126422,0.0390539053905391,0.436193619361936,0.000366703337000367,0.0909424275760909,0.046021268793546,0.387422075540887
182273.411807,2649366.126422,0.0119047619047619,0.395238095238095,0,0.0172161172161172,0.0285714285714286,0.547069597069597
182773.411807,2649366.126422,0.0021978021978022,0.825274725274725,0.0128205128205128,0.00256410256410256,0.00238095238095238,0.154761904761905
183273.411807,2649366.126422,0.0139347268060139,0.562339567290062,0.00366703337000367,0.0210854418775211,0.028969563623029,0.37000366703337
183773.411807,2649366.126422,0.0357142857142857,0.467032967032967,0,0.0326007326007326,0.0536630036630037,0.410989010989011
184273.411807,2649366.126422,0.0532967032967033,0.537912087912088,0,0.0360805860805861,0.0769230769230769,0.295787545787546
184773.411807,2649366.126422,0.0555555555555556,0.412907957462413,0,0.0278694536120279,0.0924092409240924,0.411257792445911
185273.411807,2649366.126422,0.0443223443223443,0.21978021978022,0,0.237545787545788,0.170879120879121,0.327472527472527
185773.411807,2649366.126422,0.0205128205128205,0.546520146520146,0,0.0326007326007326,0.0531135531135531,0.347252747252747
186273.411807,2649366.126422,0.0283505154639175,0.449484536082474,0,0,0.0376288659793814,0.484536082474227
179773.411807,2648866.126422,0.000183385292499542,0.0649183935448377,0.77993764900055,0.147441775169631,0.00513478818998716,0.00238400880249404
180273.411807,2648866.126422,0,0.0404984423676012,0.846252519699469,0.102986989188199,0.0100787978742899,0.000183250870441635
180773.411807,2648866.126422,0.00165167920719398,0.138006973756653,0.74288860341347,0.0644154890805652,0.0115617544503579,0.04147550009176
181273.411807,2648866.126422,0.0121034293049697,0.223363286264442,0.157711351549606,0.112965340179718,0.0478635613423803,0.445993031358885
181773.411807,2648866.126422,0.0514934945940993,0.302363936228697,0,0.253802455561664,0.161627267729522,0.230712845886018
182273.411807,2648866.126422,0.0212883097816113,0.580289961460818,0,0.00311983850247752,0.0310148651128647,0.364287025142228
182773.411807,2648866.126422,0.00953603520997616,0.697781037960756,0.00678525582248304,0.0161379057399597,0.0022006235099945,0.267559141756831
183273.411807,2648866.126422,0.0243723657687374,0.632398753894081,0.0201575957485798,0.0518599963349826,0.05717427157779,0.214037016675829
183773.411807,2648866.126422,0.012846393833731,0.473664892640852,0.0262433474031932,0.117636263534593,0.0578087722517893,0.311800330335841
184273.411807,2648866.126422,0.0236567027324409,0.57619658903356,0,0.0170548322024574,0.0623509994498441,0.320740876581698
184773.411807,2648866.126422,0.0749496060106286,0.324537291552135,0,0.0650540590067803,0.121861828843687,0.413597214586769
185273.411807,2648866.126422,0.0361534226463571,0.292163699761424,0,0.112497706001101,0.153973206092861,0.405211965498257
185773.411807,2648866.126422,0.0324591967724189,0.380707867229048,0,0.0452961672473868,0.0933431138822666,0.44819365486888
186273.411807,2648866.126422,0.020360824742268,0.412628865979381,0,0.0144329896907217,0.0244845360824742,0.528092783505155
179273.411807,2648366.126422,0.00844036697247706,0.124036697247706,0.617798165137615,0.208623853211009,0.00788990825688073,0.0332110091743119
179773.411807,2648366.126422,0,0.172078517703174,0.633645202715098,0.0420106402494955,0.00330214639515685,0.148963492937076
180273.411807,2648366.126422,0.0100732600732601,0.124725274725275,0.644688644688645,0.0639194139194139,0.00897435897435897,0.147619047619048
180773.411807,2648366.126422,0.000917431192660551,0.126605504587156,0.557064220183486,0.140917431192661,0.0170642201834862,0.15743119266055
181273.411807,2648366.126422,0.0453127866446524,0.247294074481746,0,0.104017611447441,0.105668684645019,0.497706842781141
181773.411807,2648366.126422,0.0507326007326007,0.385714285714286,0,0.187179487179487,0.100549450549451,0.275824175824176
182273.411807,2648366.126422,0.0148623853211009,0.77394495412844,0,0.0422018348623853,0.0172477064220183,0.151743119266055
182773.411807,2648366.126422,0.00825536598789213,0.619335901669418,0,0.0465969546872134,0.0130251330031187,0.312786644652357
183273.411807,2648366.126422,0.0108058608058608,0.640842490842491,0,0.060989010989011,0.0278388278388278,0.25952380952381
183773.411807,2648366.126422,0.0135779816513761,0.461100917431193,0,0.0354128440366972,0.0522935779816514,0.437614678899083
184273.411807,2648366.126422,0.0264171711612548,0.612915061456613,0,0.00587048248027885,0.0464135021097046,0.308383782792148
184773.411807,2648366.126422,0.0664835164835165,0.385164835164835,0,0.0032967032967033,0.0276556776556777,0.517399267399267
185273.411807,2648366.126422,0.0172477064220183,0.395779816513761,0,0.0655045871559633,0.0836697247706422,0.437798165137615
185773.411807,2648366.126422,0.0836543753439736,0.202348192992112,0,0.128967161988626,0.187671986791414,0.397358282883875
186273.411807,2648366.126422,0.0440494590417311,0.495363214837713,0,0.00927357032457496,0.0445646573930963,0.406749098402885
180773.411807,2647866.126422,0.00476190476190476,0.257875457875458,0.0523809523809524,0.0908424908424908,0.0293040293040293,0.564835164835165
181273.411807,2647866.126422,0.0765567765567766,0.255677655677656,0.0291208791208791,0.14029304029304,0.071978021978022,0.426373626373626
181773.411807,2647866.126422,0.0115511551155116,0.585991932526586,0,0.0198019801980198,0.0166850018335167,0.365969930326366
182273.411807,2647866.126422,0.0366300366300366,0.602564102564103,0,0.00586080586080586,0.0234432234432234,0.331501831501831
182773.411807,2647866.126422,0.00567765567765568,0.528937728937729,0,0.0146520146520147,0.00787545787545788,0.442857142857143
183273.411807,2647866.126422,0.0302530253025303,0.637330399706637,0,0.00366703337000367,0.0313531353135314,0.297396406307297
183773.411807,2647866.126422,0.047985347985348,0.520512820512821,0,0.0840659340659341,0.101465201465201,0.245970695970696
184273.411807,2647866.126422,0.0373626373626374,0.549084249084249,0,0.0197802197802198,0.0816849816849817,0.312087912087912
184773.411807,2647866.126422,0.0207187385405207,0.485148514851485,0,0.0238357169050238,0.0456545654565457,0.424642464246425
185273.411807,2647866.126422,0.023992673992674,0.496520146520147,0,0.00421245421245421,0.00860805860805861,0.466666666666667
185773.411807,2647866.126422,0.0152014652014652,0.345054945054945,0,0.0223443223443223,0.0970695970695971,0.52032967032967
186273.411807,2647866.126422,0.0469072164948454,0.576288659793814,0,0.00360824742268041,0.0396907216494845,0.333505154639175
180273.411807,2647366.126422,0.142569177203592,0.0919919369617006,0.101154480483782,0.261498992120213,0.0978559648158329,0.30492944841488
180773.411807,2647366.126422,0.0289961460818499,0.188658469443935,0,0.136538814461369,0.130849697192145,0.514956872820701
181273.411807,2647366.126422,0.079589216944801,0.135154960572162,0.011186502842472,0.00861910874747845,0.0148542086924629,0.750596002200624
181773.411807,2647366.126422,0.00714678394722375,0.452079897379513,0,0.00696353307678211,0.0199743448781382,0.513835440718343
182273.411807,2647366.126422,0.0229399889888053,0.518076711323179,0,0.0155991925123876,0.0467975775371628,0.396586529638466
182773.411807,2647366.126422,0.0231065468549422,0.629378323858427,0,0,0.00568494406748579,0.341830185219145
183273.411807,2647366.126422,0.0403151914971596,0.483782297965915,0,0.000733003481766538,0.0130108118013561,0.462158695253802
183773.411807,2647366.126422,0.0179849513672233,0.593136355294549,0,0.0170673518076711,0.0400073407964764,0.33180400073408
184273.411807,2647366.126422,0.0469466348798826,0.62387676508344,0,0,0.0097194205024757,0.319457179534201
184773.411807,2647366.126422,0.0359171706065604,0.55488363569727,0,0.0185083379146051,0.142569177203592,0.248121678577973
185273.411807,2647366.126422,0.0552394934850431,0.439530189025509,0,0.000367039823820885,0.0201871903101487,0.484676087355478
185773.411807,2647366.126422,0.0385109114249037,0.528699798276178,0,0.0141206675224647,0.0240234733174399,0.394645149459013
186273.411807,2647366.126422,0.034020618556701,0.417783505154639,0,0.0177835051546392,0.0507731958762887,0.479639175257732
180273.411807,2646866.126422,0.0798534798534798,0.110805860805861,0.0668498168498168,0.358974358974359,0.186263736263736,0.197252747252747
180773.411807,2646866.126422,0.096697247706422,0.19743119266055,0,0.244954128440367,0.148990825688073,0.311926605504587
181273.411807,2646866.126422,0.002568336085122,0.404879838561732,0.0110071546505228,0.0574206567602275,0.0706292423408549,0.453494771601541
181773.411807,2646866.126422,0.039010989010989,0.359340659340659,0.0267399267399267,0.0708791208791209,0.0644688644688645,0.43956043956044
182273.411807,2646866.126422,0.0513761467889908,0.364954128440367,0.00899082568807339,0.0398165137614679,0.0623853211009174,0.472477064220183
182773.411807,2646866.126422,0.0766831773986425,0.427811410750321,0.00678774536782242,0.102549990827371,0.0423775454045129,0.34379013025133
183273.411807,2646866.126422,0.0730769230769231,0.384798534798535,0.00146520146520147,0.0763736263736264,0.114102564102564,0.35018315018315
183773.411807,2646866.126422,0.122201834862385,0.21394495412844,0,0.224403669724771,0.132477064220183,0.30697247706422
184273.411807,2646866.126422,0.116675839295542,0.0654925701706109,0.00642084021280499,0.55641166758393,0.127499541368556,0.127499541368556
184773.411807,2646866.126422,0.0545787545787546,0.58021978021978,0,0.0010989010989011,0.0371794871794872,0.326923076923077
185273.411807,2646866.126422,0.0299082568807339,0.535963302752294,0,0,0.00844036697247706,0.425688073394495
185773.411807,2646866.126422,0.0409099247844432,0.578792882039993,0,0.000183452577508714,0.024399192808659,0.355714547789396
186273.411807,2646866.126422,0.0193199381761978,0.855229263266358,0,0,0.000772797527047913,0.124678001030397
180273.411807,2646366.126422,0.0331866519985332,0.208287495416208,0,0.0500550055005501,0.0887422075540887,0.61972863953062
180773.411807,2646366.126422,0.0179487179487179,0.461538461538462,0,0.052014652014652,0.0945054945054945,0.373992673992674
181273.411807,2646366.126422,0.00494505494505494,0.412271062271062,0,0.248168498168498,0.06996336996337,0.264652014652015
181773.411807,2646366.126422,0.028969563623029,0.378437843784378,0.000916758342500917,0.0601393472680601,0.0960762742940961,0.435460212687935
182273.411807,2646366.126422,0.134065934065934,0.281868131868132,0,0.0855311355311355,0.0754578754578755,0.423076923076923
182773.411807,2646366.126422,0.015018315018315,0.596153846153846,0,0.0161172161172161,0.0597069597069597,0.313003663003663
183273.411807,2646366.126422,0.0869086908690869,0.296112944627796,0,0.145764576457646,0.217821782178218,0.253392005867253
183773.411807,2646366.126422,0.0247252747252747,0.0454212454212454,0.00604395604395604,0.757326007326007,0.108424908424908,0.0580586080586081
184273.411807,2646366.126422,0.0371794871794872,0.156593406593407,0.00402930402930403,0.565567765567766,0.0747252747252747,0.161904761904762
184773.411807,2646366.126422,0.0506050605060506,0.622662266226623,0,0.00165016501650165,0.0733406674000733,0.251741840850752
185273.411807,2646366.126422,0.0745421245421245,0.544505494505494,0,0.00476190476190476,0.0445054945054945,0.331684981684982
185773.411807,2646366.126422,0.0565934065934066,0.492673992673993,0,0,0.0322344322344322,0.418498168498169
186273.411807,2646366.126422,0.0353092783505155,0.701546391752577,0,0.000515463917525773,0.00257731958762887,0.260051546391753
179773.411807,2645866.126422,0.0097194205024757,0.190353933614524,0.136255272327159,0.156427654502109,0.0599669906473501,0.447276728406382
180273.411807,2645866.126422,0.0203408466190214,0.455011911306579,0.00109950522264981,0.009529045262965,0.0111783030969397,0.502840388491845
180773.411807,2645866.126422,0.0260598274912828,0.52284822903285,0.00605615709304459,0.0383556615892824,0.0350523031748945,0.371627821618646
181273.411807,2645866.126422,0.00366770584999083,0.602970841738493,0,0.0441958554923895,0.0170548322024574,0.33211076471667
181773.411807,2645866.126422,0.0218068535825545,0.647425325270295,0,0.0423309510720176,0.0562580172255818,0.232178852849551
182273.411807,2645866.126422,0.015782712424298,0.492383923655717,0,0.0345017434391632,0.0502844558634612,0.407047164617361
182773.411807,2645866.126422,0.00275077938749312,0.774986246103063,0,0.000733541169998166,0.0385109114249037,0.183018521914542
183273.411807,2645866.126422,0.0353674179952355,0.46527396005131,0,0.142935678944475,0.0412314458493678,0.315191497159612
183773.411807,2645866.126422,0.0187190310148651,0.0289961460818499,0,0.813727289410901,0.13690585428519,0.00165167920719398
184273.411807,2645866.126422,0.0385109114249037,0.355400696864112,0.00128369704749679,0.249587383091876,0.0766550522648084,0.278562259306804
184773.411807,2645866.126422,0.0579072750595565,0.570826461425692,0,0.00329851566794942,0.0892431739050761,0.278724573941726
185273.411807,2645866.126422,0.0664342081115801,0.520095430354193,0,0.00605615709304459,0.0517526151587447,0.355661589282437
185773.411807,2645866.126422,0.0390610673024023,0.484320557491289,0,0.0638180817898405,0.0979277461947552,0.314872547221713
186273.411807,2645866.126422,0.0822164948453608,0.350257731958763,0,0.00283505154639175,0.0438144329896907,0.520876288659794
179773.411807,2645366.126422,0.0557695835626491,0.183819482663731,0.0210970464135021,0.0317372959090075,0.0297193175564117,0.677857273894698
180273.411807,2645366.126422,0.00842490842490842,0.398168498168498,0.0247252747252747,0.0421245421245421,0.0355311355311355,0.491025641025641
180773.411807,2645366.126422,0.117247706422018,0.557614678899083,0,0.0100917431192661,0.061651376146789,0.253394495412844
181273.411807,2645366.126422,0.0185287103283801,0.647954503760778,0,0.00403595670519171,0.00385250412768299,0.325628325077967
181773.411807,2645366.126422,0.0686813186813187,0.461721611721612,0,0.0437728937728938,0.161538461538462,0.264285714285714
182273.411807,2645366.126422,0.00972477064220183,0.588807339449541,0,0,0.00752293577981651,0.39394495412844
182773.411807,2645366.126422,0.029535864978903,0.243258117776555,0,0.000366905155017428,0.0328380113740598,0.694001100715465
183273.411807,2645366.126422,0.063003663003663,0.331501831501831,0.0419413919413919,0.232051282051282,0.127106227106227,0.204395604395604
183773.411807,2645366.126422,0.0862385321100917,0.0625688073394495,0,0.630275229357798,0.157064220183486,0.0638532110091743
184273.411807,2645366.126422,0.0568702990277013,0.577325261419923,0.00110071546505228,0.00183452577508714,0.0559530361401578,0.306916162172079
184773.411807,2645366.126422,0.0576923076923077,0.465567765567766,0.00146520146520147,0.0602564102564103,0.114102564102564,0.300915750915751
185273.411807,2645366.126422,0.00110091743119266,0.314311926605505,0,0.0155963302752294,0.00899082568807339,0.66
185773.411807,2645366.126422,0.0201797835259585,0.38800220143093,0,0.002568336085122,0.0355898000366905,0.553659878921299
186273.411807,2645366.126422,0.00643997939206595,0.318907779495106,0,0,0.0494590417310665,0.625193199381762
179273.411807,2644866.126422,0.00695970695970696,0.139010989010989,0.279304029304029,0.185347985347985,0.0441391941391941,0.345238095238095
179773.411807,2644866.126422,0.0523809523809524,0.415384615384615,0.0271062271062271,0.06996336996337,0.0661172161172161,0.369047619047619
180273.411807,2644866.126422,0.00495049504950495,0.604693802713605,0.0205353868720205,0.0374037403740374,0.0143014301430143,0.318115144847818
180773.411807,2644866.126422,0.026007326007326,0.634981684981685,0.00732600732600733,0.0562271062271062,0.0265567765567766,0.248901098901099
181273.411807,2644866.126422,0.0388278388278388,0.615384615384615,0,0.0628205128205128,0.0591575091575092,0.223809523809524
181773.411807,2644866.126422,0.0425375870920425,0.566556655665567,0.00495049504950495,0.05995599559956,0.0676567656765677,0.258342500916758
182273.411807,2644866.126422,0.0106227106227106,0.523076923076923,0,0.0282051282051282,0.0368131868131868,0.401282051282051
182773.411807,2644866.126422,0.0397435897435897,0.381684981684982,0,0.00512820512820513,0.058974358974359,0.514468864468864
183273.411807,2644866.126422,0.0276861019435277,0.268243491015768,0,0.243124312431243,0.157682434910158,0.303263659699303
183773.411807,2644866.126422,0.0992673992673993,0.28992673992674,0,0.0619047619047619,0.206959706959707,0.341941391941392
184273.411807,2644866.126422,0.060989010989011,0.526923076923077,0,0.000915750915750916,0.0148351648351648,0.396336996336996
184773.411807,2644866.126422,0.0335533553355336,0.752658599193253,0,0.0115511551155116,0.0117345067840117,0.19050238357169
185273.411807,2644866.126422,0.043956043956044,0.205128205128205,0,0.0108058608058608,0.0340659340659341,0.706043956043956
185773.411807,2644866.126422,0.0287545787545788,0.466300366300366,0,0.109340659340659,0.129487179487179,0.266117216117216
186273.411807,2644866.126422,0.0211340206185567,0.171134020618557,0,0.0105670103092784,0.0195876288659794,0.777577319587629
179273.411807,2644366.126422,0.0561570930445953,0.162231602128831,0.00880895577170123,0.155991925123876,0.167003119838502,0.449807304092494
179773.411807,2644366.126422,0.0430955437373923,0.427654502108931,0.0168714469099578,0.0254905556574363,0.0414450761048964,0.445442875481386
180273.411807,2644366.126422,0.0100787978742899,0.587685541506322,0.0318856514568444,0.0566245189664651,0.0348176653839106,0.278907824812168
180773.411807,2644366.126422,0.0187190310148651,0.655166085520279,0.0201871903101487,0.0546889337493118,0.0229399889888053,0.22829877041659
181273.411807,2644366.126422,0.0346598202824134,0.536952136438658,0,0.0740876581698148,0.0438290849073904,0.310471300201724
181773.411807,2644366.126422,0.0124610591900312,0.672530694520799,0,0.0441634597764339,0.0547920102620487,0.216052776250687
182273.411807,2644366.126422,0.0548724536612222,0.465039456781061,0,0.0154156726004772,0.09543035419343,0.36924206276381
182773.411807,2644366.126422,0.0311754997249221,0.582431688978544,0,0.0309921144324225,0.0843572345497891,0.271043462314322
183273.411807,2644366.126422,0.0219901044529962,0.44731537474803,0.000549752611324904,0.0221733553234378,0.0513102437236577,0.456661169140553
183773.411807,2644366.126422,0.0627638098733713,0.568728207010461,0,0.0034868783262984,0.127179298953937,0.237841805835933
184273.411807,2644366.126422,0.0506143407298735,0.511644966073721,0,0.00605171465248487,0.113515496057216,0.318173482486705
184773.411807,2644366.126422,0.0716510903426791,0.536925050393989,0,0.0566245189664651,0.152647975077882,0.182151365218985
185273.411807,2644366.126422,0.0963479537529822,0.167003119838502,0,0.312717929895394,0.20315654248486,0.220774454028262
185773.411807,2644366.126422,0.0583165230148542,0.057216211259857,0,0.630845406198423,0.198422886484504,0.055198973042362
186273.411807,2644366.126422,0.0891752577319588,0.0721649484536082,0,0.322422680412371,0.216494845360825,0.299742268041237
178773.411807,2643866.126422,0.0021978021978022,0.127838827838828,0.047985347985348,0.128021978021978,0.047985347985348,0.645970695970696
179273.411807,2643866.126422,0.0128440366972477,0.331743119266055,0.00220183486238532,0.0722935779816514,0.0554128440366972,0.525504587155963
179773.411807,2643866.126422,0.010273344340488,0.482296826270409,0.125665015593469,0.107136305265089,0.0399926618968997,0.234635846633645
180273.411807,2643866.126422,0.00274725274725275,0.70989010989011,0.0188644688644689,0.0543956043956044,0.0326007326007326,0.181501831501831
180773.411807,2643866.126422,0.0442201834862385,0.613394495412844,0,0.0464220183486239,0.0831192660550459,0.212844036697248
181273.411807,2643866.126422,0.0277013392038158,0.748853421390571,0,0.024399192808659,0.0212804989910108,0.177765547605944
181773.411807,2643866.126422,0.036996336996337,0.61978021978022,0.00787545787545788,0.0355311355311355,0.0619047619047619,0.237912087912088
182273.411807,2643866.126422,0.0557798165137615,0.574128440366973,0,0.0574311926605505,0.131376146788991,0.181284403669725
182773.411807,2643866.126422,0.01284168042561,0.657860942946248,0,0.0185287103283801,0.0376077783892864,0.273160887910475
183273.411807,2643866.126422,0.0168498168498168,0.447252747252747,0,0.00366300366300366,0.0758241758241758,0.456410256410256
183773.411807,2643866.126422,0.0201834862385321,0.598348623853211,0.00935779816513761,0.0196330275229358,0.056697247706422,0.295779816513761
184273.411807,2643866.126422,0.0133920381581361,0.615666850119244,0.00220143093010457,0.00458631443771785,0.0465969546872134,0.317556411667584
184773.411807,2643866.126422,0.0426739926739927,0.628388278388278,0,0.0311355311355311,0.0445054945054945,0.253296703296703
185273.411807,2643866.126422,0.0994495412844037,0.140366972477064,0,0.228807339449541,0.27651376146789,0.254862385321101
185773.411807,2643866.126422,0.0794349660612732,0.0616400660429279,0,0.570720968629609,0.210420106402495,0.0777838928636947
186273.411807,2643866.126422,0.077537351880474,0.0978876867594024,0,0.339515713549717,0.232612055641422,0.252447192168985
178773.411807,2643366.126422,0.0793912724605794,0.224972497249725,0.00715071507150715,0.129446277961129,0.12999633296663,0.429042904290429
179273.411807,2643366.126422,0.0247252747252747,0.450732600732601,0.0778388278388278,0.0723443223443224,0.0688644688644689,0.305494505494506
179773.411807,2643366.126422,0.0483516483516484,0.260622710622711,0.0820512820512821,0.0424908424908425,0.0604395604395604,0.506043956043956
180273.411807,2643366.126422,0.0256692335900257,0.51961862852952,0,0.0858085808580858,0.0209020902090209,0.348001466813348
180773.411807,2643366.126422,0.0205128205128205,0.694871794871795,0,0.0395604395604396,0.0635531135531135,0.181501831501831
181273.411807,2643366.126422,0.0128205128205128,0.747069597069597,0,0.0184981684981685,0.0223443223443223,0.199267399267399
181773.411807,2643366.126422,0.0436376971030436,0.483314998166483,0,0.11954528786212,0.146864686468647,0.206637330399707
182273.411807,2643366.126422,0.0749084249084249,0.202380952380952,0,0.251648351648352,0.290659340659341,0.18040293040293
182773.411807,2643366.126422,0.0606227106227106,0.450549450549451,0,0.0556776556776557,0.150732600732601,0.282417582417582
183273.411807,2643366.126422,0.0262192885955262,0.539053905390539,0,0.035020168683535,0.162816281628163,0.236890355702237
183773.411807,2643366.126422,0.0357142857142857,0.60970695970696,0,0.0157509157509158,0.0827838827838828,0.256043956043956
184273.411807,2643366.126422,0.0668498168498168,0.541208791208791,0,0.0388278388278388,0.154578754578755,0.198534798534799
184773.411807,2643366.126422,0.0432709937660433,0.549321598826549,0,0.0077007700770077,0.0737073707370737,0.325999266593326
185273.411807,2643366.126422,0.14029304029304,0.139194139194139,0.00146520146520147,0.26959706959707,0.198534798534799,0.250915750915751
185773.411807,2643366.126422,0.102747252747253,0.237179487179487,0,0.224175824175824,0.16959706959707,0.266300366300366
186273.411807,2643366.126422,0.107474226804124,0.404639175257732,0,0.104639175257732,0.110051546391753,0.27319587628866
178273.411807,2642866.126422,0,0.27599486521181,0.326792591234183,0.161012286814597,0.0513478818998716,0.184852374839538
178773.411807,2642866.126422,0.013560564412681,0.289719626168224,0.0337181601612608,0.0962067069818582,0.0962067069818582,0.470588235294118
179273.411807,2642866.126422,0.00201871903101487,0.546889337493118,0.0489998164800881,0.0715727656450725,0.0471646173609837,0.283354743989723
179773.411807,2642866.126422,0.0137538969374656,0.468916192921328,0.130386942967174,0.0418118466898955,0.0194388410049514,0.325692279479186
180273.411807,2642866.126422,0.013560564412681,0.689023272860546,0.0185083379146051,0.0258383727322705,0.00604727872457394,0.247022173355323
180773.411807,2642866.126422,0,0.61846210313819,0.00495503762158194,0.0723068452927143,0.0220223894292531,0.28225362451826
181273.411807,2642866.126422,0.0454795525398863,0.661470750045846,0,0.0671190170548322,0.0478635613423803,0.178067119017055
181773.411807,2642866.126422,0.0549752611324904,0.517683708997618,0,0.0694520798973795,0.0593732820230896,0.298515667949423
182273.411807,2642866.126422,0.0846026793907139,0.395118370343182,0,0.139291613140026,0.194531106625069,0.186456230501009
182773.411807,2642866.126422,0.0253071703649367,0.752980011003118,0,0.0216394645149459,0.0456629378323858,0.154410416284614
183273.411807,2642866.126422,0.0197910940076965,0.638629283489097,0,0.0234561114165292,0.0536925050393989,0.264431006047279
183773.411807,2642866.126422,0.0343182235272527,0.596256193797027,0.00385391815011929,0.0113782345384474,0.0765278032666544,0.277665626720499
184273.411807,2642866.126422,0.0183385292499542,0.375022923161562,0,0.0166880616174583,0.0544654318723638,0.535485054098661
184773.411807,2642866.126422,0.135239142385926,0.459776433938061,0,0.00659703133589885,0.107934762690123,0.290452629649991
