"x","y","forest","agri","water","built","other","grass"
325773.411807,2779366.126422,0.76245777027027,0.00105574324324324,0.00147804054054054,0.00211148648648649,0.00717905405405405,0.225717905405405
326273.411807,2779366.126422,0.73444668746559,0.00367039823820885,0.00789135621214902,0.0165167920719398,0.0196366305744173,0.217838135437695
326773.411807,2779366.126422,0.666422152943334,0.00568494406748579,0,0.0152209792774619,0.0247570144874381,0.28791490922428
327273.411807,2779366.126422,0.398937144951439,0.16364302730438,0,0.00604727872457394,0.0133773135422393,0.417995235477368
327773.411807,2779366.126422,0.546889337493118,0.036520462470178,0,0.0133969535694623,0.0185355111029547,0.384657735364287
328273.411807,2779366.126422,0.193838254172015,0.0227397762699432,0.00550155877498625,0.0922428021272694,0.0654685494223363,0.620209059233449
328773.411807,2779366.126422,0.692321788528495,0.000916254352208173,0,0,0,0.306761957119296
329273.411807,2779366.126422,0.656083685079831,0,0,0,0,0.343916314920169
329773.411807,2779366.126422,0.671006785255822,0.00165046763249587,0.000366770584999083,0.00586832935998533,0.00916926462497708,0.31193838254172
330273.411807,2779366.126422,0.368150998717244,0.00806303829943192,0.00916254352208173,0.15246472420744,0.0958402052409749,0.366318490012828
330773.411807,2779366.126422,0.649660488162966,0.000367039823820885,0.0012846393833731,0.00568911726922371,0.00220223894292531,0.340796476417691
331273.411807,2779366.126422,0.669539702915826,0.00128369704749679,0.000733541169998166,0.00110031175499725,0.011186502842472,0.31615624426921
331773.411807,2779366.126422,0.235843870258384,0.0111783030969397,0,0,0,0.752977826644677
332273.411807,2779366.126422,0.638282253624518,0.0034868783262984,0.00165167920719398,0.000183519911910442,0.00367039823820885,0.35272527069187
332773.411807,2779366.126422,0.220795892169448,0.0225563909774436,0.158811663304603,0.213643865761966,0.10397946084724,0.280212726939299
333273.411807,2779366.126422,0.28367234744365,0.0199743448781382,0.131757375847535,0.235660619387942,0.0802638812534359,0.248671431189298
333773.411807,2779366.126422,0.4147550009176,0.0154156726004772,0.0423930996513122,0.144613690585429,0.0869884382455496,0.295834097999633
334273.411807,2779366.126422,0.809646066385476,0.000366770584999083,0,0.00403447643498991,0.00366770584999083,0.182284980744544
334773.411807,2779366.126422,0.795675279457577,0,0,0,0,0.204324720542423
335273.411807,2779366.126422,0.548173976876491,0.126812259130116,0,0,0,0.325013763993393
335773.411807,2779366.126422,0.277645332844306,0.214744177516963,0,0,0,0.507610489638731
336273.411807,2779366.126422,0.401685908008063,0.132673630199743,0,0,0,0.465640461792194
336773.411807,2779366.126422,0.179665993760323,0.0249587080198202,0.0403743806202973,0.0482657368324463,0.136722334373279,0.570012846393834
337273.411807,2779366.126422,0.216761415734458,0.0438290849073904,0.0748211993398129,0.0685860993948285,0.0535485054098661,0.542453695213644
337773.411807,2779366.126422,0.237126626351475,0.0617555433388309,0.00842954004031519,0.00384826827927433,0.00769653655854865,0.681143485431556
338273.411807,2779366.126422,0.0204139495321803,0.00737170399773178,0.00340232492203005,0,0.0144598809186277,0.95435214062943
325773.411807,2778866.126422,0.452722667792317,0.0118193330519206,0.00189953566905867,0.0189953566905867,0.0844238075137189,0.430139299282398
326273.411807,2778866.126422,0.333577981651376,0.00385321100917431,0,0.00330275229357798,0.0354128440366972,0.623853211009174
326773.411807,2778866.126422,0.586864795450376,0.0143093010456797,0.00183452577508714,0.0210970464135021,0.0399926618968997,0.335901669418455
327273.411807,2778866.126422,0.69981684981685,0.00494505494505494,0.00256410256410256,0.0595238095238095,0.0353479853479853,0.197802197802198
327773.411807,2778866.126422,0.810825688073395,0.00018348623853211,0,0,0,0.188990825688073
328273.411807,2778866.126422,0.732159236837278,0.00220143093010457,0.000183452577508714,0.00733810310034856,0.0170610897083104,0.24105668684645
328773.411807,2778866.126422,0.721794871794872,0.000183150183150183,0,0,0.000183150183150183,0.277838827838828
329273.411807,2778866.126422,0.711192660550459,0,0,0,0,0.288807339449541
329773.411807,2778866.126422,0.742616033755274,0.002568336085122,0,0.00110071546505228,0.00532012474775271,0.248394789946799
330273.411807,2778866.126422,0.217032967032967,0.030952380952381,0.0305860805860806,0.124358974358974,0.166117216117216,0.430952380952381
330773.411807,2778866.126422,0.493211009174312,0.00880733944954129,0.026605504587156,0.0106422018348624,0.0478899082568807,0.412844036697248
331273.411807,2778866.126422,0.254081819849569,0.0130251330031187,0.002568336085122,0.0170610897083104,0.0552192258301229,0.658044395523757
331773.411807,2778866.126422,0.381318681318681,0.000732600732600733,0,0,0,0.617948717948718
332273.411807,2778866.126422,0.676146788990826,0,0,0,0.000917431192660551,0.322935779816514
332773.411807,2778866.126422,0.563199412951752,0.0111906072280316,0.00165107319757843,0.0207301412584847,0.0242157402311502,0.379013025133003
333273.411807,2778866.126422,0.732600732600733,0.00457875457875458,0.00384615384615385,0.028021978021978,0.0157509157509158,0.215201465201465
333773.411807,2778866.126422,0.627706422018349,0.00458715596330275,0.00605504587155963,0.0251376146788991,0.0244036697247706,0.312110091743119
334273.411807,2778866.126422,0.698770867730692,0.0078884608328747,0.00146762062006971,0.0146762062006971,0.0121078701155751,0.265088974500092
334773.411807,2778866.126422,0.754761904761905,0.00256410256410256,0.00128205128205128,0.0272893772893773,0.017032967032967,0.197069597069597
335273.411807,2778866.126422,0.437798165137615,0,0,0,0,0.562201834862385
335773.411807,2778866.126422,0.221977618785544,0,0,0,0,0.778022381214456
336273.411807,2778866.126422,0.0902930402930403,0.0413919413919414,0.000183150183150183,0.00183150183150183,0.0119047619047619,0.854395604395604
336773.411807,2778866.126422,0.0594495412844037,0.088256880733945,0.0018348623853211,0.00330275229357798,0.0256880733944954,0.821467889908257
337273.411807,2778866.126422,0.0264171711612548,0.0834709227664649,0,0.000366905155017428,0.00165107319757843,0.888093927719684
337773.411807,2778866.126422,0.193223443223443,0.0333333333333333,0,0,0,0.773443223443223
338273.411807,2778866.126422,0.0357041654859734,0.0912439784641541,0,0,0,0.873051856049872
325773.411807,2778366.126422,0.519738230947857,0.00358876926324678,0.0012666244458518,0.0213215115051721,0.0316656111462951,0.422419252691577
326273.411807,2778366.126422,0.185531135531136,0.0230769230769231,0.0102564102564103,0.0435897435897436,0.101282051282051,0.636263736263736
326773.411807,2778366.126422,0.637179487179487,0.00402930402930403,0.00787545787545788,0.00714285714285714,0.0510989010989011,0.292673992673993
327273.411807,2778366.126422,0.700953428676201,0.000733406674000733,0,0,0.000366703337000367,0.297946461312798
327773.411807,2778366.126422,0.616300366300366,0.00549450549450549,0.00164835164835165,0.0173992673992674,0.0441391941391941,0.315018315018315
328273.411807,2778366.126422,0.384249084249084,0.0247252747252747,0.00897435897435897,0.0412087912087912,0.08003663003663,0.460805860805861
328773.411807,2778366.126422,0.765126512651265,0.00403373670700403,0,0,0.00641730839750642,0.224422442244224
329273.411807,2778366.126422,0.608424908424908,0.010989010989011,0.0168498168498168,0.00311355311355311,0.0236263736263736,0.336996336996337
329773.411807,2778366.126422,0.0924908424908425,0.0355311355311355,0.0681318681318681,0.18974358974359,0.101465201465201,0.512637362637363
330273.411807,2778366.126422,0.168500183351668,0.0484048404840484,0.0594059405940594,0.181334800146681,0.0964429776310964,0.445911257792446
330773.411807,2778366.126422,0.335531135531136,0.0148351648351648,0.0415750915750916,0.139194139194139,0.108241758241758,0.360622710622711
331273.411807,2778366.126422,0.406593406593407,0.0164835164835165,0.0252747252747253,0.21007326007326,0.106959706959707,0.234615384615385
331773.411807,2778366.126422,0.669233590025669,0.00586725339200587,0.0077007700770077,0.0317198386505317,0.0317198386505317,0.253758709204254
332273.411807,2778366.126422,0.60952380952381,0.00622710622710623,0,0,0.00256410256410256,0.381684981684982
332773.411807,2778366.126422,0.691575091575092,0.0238095238095238,0,0.0010989010989011,0.00183150183150183,0.281684981684982
333273.411807,2778366.126422,0.725339200586725,0.000183351668500183,0,0,0.0022002200220022,0.272277227722772
333773.411807,2778366.126422,0.277472527472527,0.0393772893772894,0.00934065934065934,0.0891941391941392,0.103846153846154,0.480769230769231
334273.411807,2778366.126422,0.588278388278388,0.0172161172161172,0.00714285714285714,0.043956043956044,0.0212454212454212,0.322161172161172
334773.411807,2778366.126422,0.66960029336267,0.0099009900990099,0.00568390172350568,0.0187018701870187,0.0271360469380271,0.268976897689769
335273.411807,2778366.126422,0.30018315018315,0.0265567765567766,0.0778388278388278,0.0919413919413919,0.116300366300366,0.387179487179487
335773.411807,2778366.126422,0.312820512820513,0.0010989010989011,0.00274725274725275,0.0159340659340659,0.0382783882783883,0.629120879120879
336273.411807,2778366.126422,0.288778877887789,0.0353868720205354,0.0394206087275394,0.0533553355335534,0.127796112944628,0.455262192885955
336773.411807,2778366.126422,0.150549450549451,0.0375457875457875,0.0139194139194139,0.0304029304029304,0.0509157509157509,0.716666666666667
337273.411807,2778366.126422,0.0263736263736264,0.152747252747253,0,0,0.0010989010989011,0.81978021978022
337773.411807,2778366.126422,0.0434543454345435,0.12009534286762,0,0.000733406674000733,0.0099009900990099,0.825815914924826
338273.411807,2778366.126422,0.0356334841628959,0.547794117647059,0,0,0.00254524886877828,0.414027149321267
325773.411807,2777866.126422,0.664695945945946,0.00126689189189189,0,0.011402027027027,0.0232263513513514,0.299408783783784
326273.411807,2777866.126422,0.619379702697743,0.00183519911910442,0.000367039823820885,0,0.00385391815011929,0.374564140209213
326773.411807,2777866.126422,0.574729506693563,0.0106363469649734,0.0121034293049697,0.0102695763799743,0.0441958554923895,0.34806528516413
327273.411807,2777866.126422,0.574674729704966,0.00128275609309144,0,0.000366501740883269,0.00201575957485798,0.421660252886201
327773.411807,2777866.126422,0.22811525050468,0.0552394934850431,0.0297302257294917,0.180033033584144,0.0831345200954303,0.423747476601211
328273.411807,2777866.126422,0.205941683476985,0.0421786172748946,0.0183385292499542,0.18411883366954,0.0621676141573446,0.487254722171282
328773.411807,2777866.126422,0.725856697819315,0,0,0,0.000366501740883269,0.273776800439802
329273.411807,2777866.126422,0.202238942925307,0.0387227014131033,0.046063497889521,0.160212883097816,0.102404110846027,0.450357863828225
329773.411807,2777866.126422,0.304602970841738,0.00513478818998716,0.00733541169998166,0.131303869429672,0.0627177700348432,0.488905189803778
330273.411807,2777866.126422,0.732820230896097,0.00549752611324904,0.0221733553234378,0.00861279091075683,0.0130108118013561,0.217885284955104
330773.411807,2777866.126422,0.354376949899064,0.0394567810607451,0.0607450908423564,0.222609653147366,0.0732244448522665,0.249587080198201
331273.411807,2777866.126422,0.0726205758298184,0.046396479002384,0.115532734274711,0.536401980561159,0.104896387309738,0.12415184302219
331773.411807,2777866.126422,0.117830309693971,0.0434304562946674,0.101154480483782,0.470771486164559,0.105185999633498,0.161627267729522
332273.411807,2777866.126422,0.187740869884382,0.0442282987704166,0.0506514956872821,0.28207010460635,0.13268489631125,0.302624334740319
332773.411807,2777866.126422,0.267742527049331,0.0225563909774436,0.0469466348798826,0.1599119750596,0.128919860627178,0.373922611406565
333273.411807,2777866.126422,0.468389224848818,0.0229063588052043,0.0247388675096207,0.0102620487447315,0.0439802089059923,0.429723291185633
333773.411807,2777866.126422,0.500642319691687,0.0693705267021472,0.0559735731326849,0.0447788585061479,0.0691870067902367,0.260047715177097
334273.411807,2777866.126422,0.700348432055749,0.0157711351549606,0,0,0,0.28388043278929
334773.411807,2777866.126422,0.437969580355507,0.0465457210921752,0.0274876305662452,0.0196078431372549,0.0544255085211655,0.413963716327653
335273.411807,2777866.126422,0.182969352174711,0.0433106992108644,0.111029546705818,0.112497706001101,0.109561387410534,0.440631308496972
335773.411807,2777866.126422,0.283513662204291,0.0401613790573996,0.00238400880249404,0.0165046763249587,0.059600220062351,0.597836053548505
336273.411807,2777866.126422,0.374198277441818,0.0472787245739417,0.0287703866593366,0.0142935678944475,0.0657870624885468,0.469671980941909
336773.411807,2777866.126422,0.184621031381905,0.0515690952468343,0.00238575885483575,0.00256927876674619,0.00862543585979079,0.750229399889888
337273.411807,2777866.126422,0.0302585732624244,0.154410416284614,0,0.000183385292499542,0.00715202640748212,0.80799559875298
337773.411807,2777866.126422,0.015026571376214,0.60765988638446,0,0,0.00714678394722375,0.370166758292102
338273.411807,2777866.126422,0.0195633683016728,0.0564218882903317,0,0.0110575559965977,0.0277856535299121,0.885171533881486
325773.411807,2777366.126422,0.644575770367244,0.00211059518784297,0.0111861544955678,0.0170958210215281,0.0335584634867033,0.291473195441114
326273.411807,2777366.126422,0.405688073394495,0.0368807339449541,0.0319266055045872,0.048256880733945,0.0544954128440367,0.422752293577982
326773.411807,2777366.126422,0.196661163089341,0.00953953403045313,0.0486149330398092,0.297009722986608,0.15685195376995,0.291322693083838
327273.411807,2777366.126422,0.183150183150183,0.0573260073260073,0.0399267399267399,0.225091575091575,0.154395604395604,0.34010989010989
327773.411807,2777366.126422,0.275963302752294,0.0390825688073395,0.0471559633027523,0.228623853211009,0.0625688073394495,0.346605504587156
328273.411807,2777366.126422,0.246927169326729,0.0456796917996698,0.0662263804806457,0.0854889011190607,0.0869565217391304,0.468721335534764
328773.411807,2777366.126422,0.467948717948718,0.0208791208791209,0.0142857142857143,0.0188644688644689,0.0223443223443223,0.455677655677656
329273.411807,2777366.126422,0.244220183486239,0.0302752293577982,0.048256880733945,0.178348623853211,0.101100917431193,0.397798165137615
329773.411807,2777366.126422,0.338653458081086,0.0161438268207668,0.0486149330398092,0.224545954870666,0.124380847550908,0.247660979636764
330273.411807,2777366.126422,0.539194139194139,0.0102564102564103,0.0148351648351648,0.130586080586081,0.0554945054945055,0.2496336996337
330773.411807,2777366.126422,0.614862385321101,0.00128440366972477,0,0.00642201834862385,0.0073394495412844,0.370091743119266
331273.411807,2777366.126422,0.769216657494038,0.00605393505778756,0.001284168042561,0.00330214639515685,0.00935608145294441,0.210787011557512
331773.411807,2777366.126422,0.656593406593407,0.00659340659340659,0.00934065934065934,0.00769230769230769,0.0225274725274725,0.297252747252747
332273.411807,2777366.126422,0.636330275229358,0.0128440366972477,0.00844036697247706,0.0168807339449541,0.02,0.305504587155963
332773.411807,2777366.126422,0.609246009906439,0.0190790680609063,0.0297193175564117,0.024399192808659,0.0533847000550358,0.264171711612548
333273.411807,2777366.126422,0.729487179487179,0.00311355311355311,0.000915750915750916,0.00366300366300366,0.0163003663003663,0.246520146520147
333773.411807,2777366.126422,0.512660550458716,0.0157798165137615,0.0565137614678899,0.00715596330275229,0.0792660550458716,0.328623853211009
334273.411807,2777366.126422,0.879471656576775,0.00935608145294441,0,0,0.000183452577508714,0.110988809392772
334773.411807,2777366.126422,0.638827838827839,0.000366300366300366,0,0,0,0.360805860805861
335273.411807,2777366.126422,0.141467889908257,0.033394495412844,0.00073394495412844,0.000917431192660551,0.00788990825688073,0.815596330275229
335773.411807,2777366.126422,0.136855622821501,0.0500825536598789,0,0.000550357732526142,0.00532012474775271,0.807191341038342
336273.411807,2777366.126422,0.257142857142857,0.0956043956043956,0.000183150183150183,0.000366300366300366,0.00128205128205128,0.645421245421245
336773.411807,2777366.126422,0.0713761467889908,0.0267889908256881,0.00146788990825688,0.00110091743119266,0.0135779816513761,0.885688073394495
337273.411807,2777366.126422,0.0251330031186938,0.165657677490369,0,0,0,0.809209319390937
337773.411807,2777366.126422,0.0490842490842491,0.123626373626374,0,0,0.000915750915750916,0.826373626373626
338273.411807,2777366.126422,0.185888353641258,0.345140266364409,0,0,0,0.468971379994333
325773.411807,2776866.126422,0.0892970234325522,0.0861304623179227,0.099852227147984,0.287101541059742,0.182605024276969,0.25501372176483
326273.411807,2776866.126422,0.184981684981685,0.0384615384615385,0.101098901098901,0.395421245421245,0.125274725274725,0.154761904761905
326773.411807,2776866.126422,0.431684981684982,0.0267399267399267,0.0313186813186813,0.0888278388278388,0.0567765567765568,0.364652014652015
327273.411807,2776866.126422,0.608544187752109,0.0425375870920425,0.0258525852585259,0.0346534653465347,0.0225522552255226,0.265859919325266
327773.411807,2776866.126422,0.580586080586081,0.0144688644688645,0.0380952380952381,0.111355311355311,0.0445054945054945,0.210989010989011
328273.411807,2776866.126422,0.464652014652015,0.0166666666666667,0.0227106227106227,0.156043956043956,0.0401098901098901,0.29981684981685
328773.411807,2776866.126422,0.264393105977264,0.0144847818115145,0.0471213788045471,0.208287495416208,0.135130179684635,0.330583058305831
329273.411807,2776866.126422,0.378571428571429,0.0238095238095238,0.0203296703296703,0.182234432234432,0.110622710622711,0.284432234432234
329773.411807,2776866.126422,0.506227106227106,0.0108058608058608,0.00347985347985348,0.188644688644689,0.0844322344322344,0.206410256410256
330273.411807,2776866.126422,0.703520352035203,0.00641730839750642,0.00055005500550055,0.0011001100110011,0.00531719838650532,0.283094976164283
330773.411807,2776866.126422,0.868498168498169,0.00347985347985348,0,0,0,0.128021978021978
331273.411807,2776866.126422,0.882417582417582,0.00677655677655678,0,0,0,0.110805860805861
331773.411807,2776866.126422,0.824165749908324,0.00403373670700403,0,0.00055005500550055,0.00495049504950495,0.166299963329666
332273.411807,2776866.126422,0.770695970695971,0.000183150183150183,0,0,0,0.229120879120879
332773.411807,2776866.126422,0.833333333333333,0,0,0.00146520146520147,0.00201465201465201,0.163186813186813
333273.411807,2776866.126422,0.868720205353869,0,0,0,0,0.131279794646131
333773.411807,2776866.126422,0.872710622710623,0.00677655677655678,0,0.000915750915750916,0.00421245421245421,0.115384615384615
334273.411807,2776866.126422,0.740476190476191,0.036996336996337,0.041025641025641,0.00641025641025641,0.0311355311355311,0.143956043956044
334773.411807,2776866.126422,0.914558122478915,0.0221855518885222,0,0,0.000183351668500183,0.0630729739640631
335273.411807,2776866.126422,0.345787545787546,0.0010989010989011,0,0.00659340659340659,0.00274725274725275,0.643772893772894
335773.411807,2776866.126422,0.379487179487179,0.0236263736263736,0,0,0,0.596886446886447
336273.411807,2776866.126422,0.108177484415108,0.0654565456545655,0,0.000366703337000367,0.00128346167950128,0.824715804913825
336773.411807,2776866.126422,0.0974358974358974,0.0487179487179487,0,0,0,0.853846153846154
337273.411807,2776866.126422,0.0738095238095238,0.0653846153846154,0,0,0,0.860805860805861
337773.411807,2776866.126422,0.355335533553355,0,0,0,0,0.644664466446645
338273.411807,2776866.126422,0.316176470588235,0.0709841628959276,0,0,0,0.612839366515837
325773.411807,2776366.126422,0.61254222972973,0.012035472972973,0.0268158783783784,0.0238597972972973,0.034839527027027,0.289907094594595
326273.411807,2776366.126422,0.60598274912828,0.0161497522481189,0.0332171040557901,0.0653330886401175,0.0456964580657001,0.233620847861993
326773.411807,2776366.126422,0.785622593068036,0.0102695763799743,0.00110031175499725,0.00788556757748029,0.0121034293049697,0.183018521914542
327273.411807,2776366.126422,0.806853582554517,0.000366501740883269,0,0,0.000183250870441635,0.192596664834158
327773.411807,2776366.126422,0.85465222976693,0.0034868783262984,0,0,0.000183519911910442,0.141677371994861
328273.411807,2776366.126422,0.751329543370622,0.00733541169998166,0.000183385292499542,0.00275077938749312,0.0115532734274711,0.226847606821933
328773.411807,2776366.126422,0.696536558548653,0.0128275609309144,0.00256551218618288,0.0042147700201576,0.0196078431372549,0.264247755176837
329273.411807,2776366.126422,0.819232886768214,0.00550559735731327,0.000550559735731327,0.00256927876674619,0.00146815929528354,0.170673518076711
329773.411807,2776366.126422,0.879699248120301,0.0097194205024757,0,0,0,0.110581331377224
330273.411807,2776366.126422,0.800623052959502,0.000366501740883269,0,0.00164925783397471,0.00458127176104087,0.1927799157046
330773.411807,2776366.126422,0.877041659020004,0,0,0,0,0.122958340979996
331273.411807,2776366.126422,0.864661654135338,0,0,0,0,0.135338345864662
331773.411807,2776366.126422,0.919186366135239,0.00183250870441635,0,0,0,0.0789811251603445
332273.411807,2776366.126422,0.83391447972105,0,0,0,0,0.16608552027895
332773.411807,2776366.126422,0.801760498807996,0.000366770584999083,0.000183385292499542,0.00293416467999266,0.0194388410049514,0.175316339629562
333273.411807,2776366.126422,0.919552867876122,0,0,0,0,0.0804471321238776
333773.411807,2776366.126422,0.711873738300606,0.0165167920719398,0.0438612589465957,0.00532207744540283,0.052303174894476,0.17012295834098
334273.411807,2776366.126422,0.834403080872914,0.00678525582248304,0.00146708233999633,0.00770218228498074,0.0254905556574363,0.12415184302219
334773.411807,2776366.126422,0.920469122228331,0.000366501740883269,0,0,0,0.0791643760307861
335273.411807,2776366.126422,0.780693705267021,0.0458799779776106,0,0,0,0.173426316755368
335773.411807,2776366.126422,0.264441591784339,0.119017054832202,0,0,0.000733541169998166,0.61580781221346
336273.411807,2776366.126422,0.344511636430273,0.00641378046545721,0,0,0,0.64907458310427
336773.411807,2776366.126422,0.201688383189576,0.0198201504863278,0,0.000183519911910442,0.00495503762158194,0.773352908790604
337273.411807,2776366.126422,0.30808729139923,0.0518980377773703,0,0,0,0.6400146708234
337773.411807,2776366.126422,0.394722374931281,0,0,0,0,0.605277625068719
338273.411807,2776366.126422,0.452509214629997,0.000567054153671676,0,0.00113410830734335,0.00481996030620924,0.540969662602779
325773.411807,2775866.126422,0.659983115238497,0.0149852258336851,0.0158294639088223,0.0757703672435627,0.0633178556352891,0.170113972140144
326273.411807,2775866.126422,0.749174311926606,0.00477064220183486,0.00513761467889908,0.0194495412844037,0.0229357798165138,0.198532110091743
326773.411807,2775866.126422,0.898550724637681,0.00091726288754357,0,0,0,0.100532012474775
327273.411807,2775866.126422,0.855494505494505,0.00183150183150183,0,0.000366300366300366,0.000183150183150183,0.142124542124542
327773.411807,2775866.126422,0.914128440366972,0.00073394495412844,0,0,0,0.0851376146788991
328273.411807,2775866.126422,0.89011190607228,0.00165107319757843,0,0,0,0.108237020730141
328773.411807,2775866.126422,0.877655677655678,0,0,0.000549450549450549,0.0021978021978022,0.11959706959707
329273.411807,2775866.126422,0.652844036697248,0.00972477064220183,0.00128440366972477,0.00110091743119266,0.00678899082568807,0.328256880733945
329773.411807,2775866.126422,0.752339020363236,0.00238488350761328,0,0.000733810310034856,0.00183452577508714,0.242707760044029
330273.411807,2775866.126422,0.688095238095238,0.00128205128205128,0.0010989010989011,0.00677655677655678,0.0157509157509158,0.286996336996337
330773.411807,2775866.126422,0.814862385321101,0.00146788990825688,0,0.00880733944954129,0.00880733944954129,0.16605504587156
331273.411807,2775866.126422,0.875619152449092,0.00110071546505228,0,0,0,0.123280132085856
331773.411807,2775866.126422,0.895604395604396,0.00293040293040293,0,0,0,0.101465201465201
332273.411807,2775866.126422,0.919633027522936,0.000917431192660551,0,0,0,0.0794495412844037
332773.411807,2775866.126422,0.914694551458448,0.00770500825536599,0,0,0,0.077600440286186
333273.411807,2775866.126422,0.852930402930403,0.00183150183150183,0.0108058608058608,0.00494505494505494,0.0206959706959707,0.108791208791209
333773.411807,2775866.126422,0.581100917431193,0.0359633027522936,0.0478899082568807,0.0165137614678899,0.0662385321100917,0.252293577981651
334273.411807,2775866.126422,0.908090258668134,0.00091726288754357,0,0,0.000183452577508714,0.0908090258668134
334773.411807,2775866.126422,0.878205128205128,0.0282051282051282,0,0,0,0.0935897435897436
335273.411807,2775866.126422,0.671192660550459,0.0176146788990826,0,0,0.00055045871559633,0.310642201834862
335773.411807,2775866.126422,0.152999449642267,0,0,0,0.00678774536782242,0.84021280498991
336273.411807,2775866.126422,0.816300366300366,0.00824175824175824,0,0,0,0.175457875457875
336773.411807,2775866.126422,0.756146788990826,0,0.00220183486238532,0.00256880733944954,0.0258715596330275,0.213211009174312
337273.411807,2775866.126422,0.964043294808292,0,0,0,0,0.0359567051917079
337773.411807,2775866.126422,0.958241758241758,0,0,0,0,0.0417582417582418
338273.411807,2775866.126422,0.955794842731652,0,0,0,0,0.044205157268348
325773.411807,2775366.126422,0.851171627612413,0.00232214481739498,0,0.000211104074308634,0.000633312222925902,0.145661811272958
326273.411807,2775366.126422,0.843772893772894,0.00860805860805861,0,0,0.000549450549450549,0.147069597069597
326773.411807,2775366.126422,0.891208791208791,0.00146520146520147,0,0,0,0.107326007326007
327273.411807,2775366.126422,0.927942794279428,0.000183351668500183,0,0,0,0.0718738540520719
327773.411807,2775366.126422,0.915201465201465,0,0,0.00164835164835165,0.00146520146520147,0.0816849816849817
328273.411807,2775366.126422,0.876739926739927,0,0,0,0,0.123260073260073
328773.411807,2775366.126422,0.863403006967363,0.000733406674000733,0,0.000183351668500183,0.0022002200220022,0.133480014668133
329273.411807,2775366.126422,0.848168498168498,0.000183150183150183,0,0,0,0.151648351648352
329773.411807,2775366.126422,0.734065934065934,0,0,0.000183150183150183,0,0.265750915750916
330273.411807,2775366.126422,0.703337000366703,0,0,0.00696736340300697,0.0135680234690136,0.276127612761276
330773.411807,2775366.126422,0.899267399267399,0.000732600732600733,0,0,0.000366300366300366,0.0996336996336996
331273.411807,2775366.126422,0.961355311355311,0.000915750915750916,0,0,0,0.0377289377289377
331773.411807,2775366.126422,0.94994499449945,0.00696736340300697,0,0,0,0.0430876420975431
332273.411807,2775366.126422,0.914468864468864,0.00677655677655678,0,0,0,0.0787545787545788
332773.411807,2775366.126422,0.946336996336996,0.0032967032967033,0,0,0,0.0503663003663004
333273.411807,2775366.126422,0.538687202053539,0.0293362669600293,0.0502383571690502,0.0300696736340301,0.105060506050605,0.246607994132747
333773.411807,2775366.126422,0.787362637362637,0.00476190476190476,0.00164835164835165,0.0010989010989011,0.00604395604395604,0.199084249084249
334273.411807,2775366.126422,0.928754578754579,0.00476190476190476,0,0,0,0.0664835164835165
334773.411807,2775366.126422,0.97029702970297,0.00238357169050238,0,0,0,0.0273193986065273
335273.411807,2775366.126422,0.638827838827839,0.00366300366300366,0,0.000183150183150183,0.000183150183150183,0.357142857142857
335773.411807,2775366.126422,0.832234432234432,0,0,0,0,0.167765567765568
336273.411807,2775366.126422,0.938760542720939,0,0,0,0,0.0612394572790612
336773.411807,2775366.126422,0.971794871794872,0,0,0,0,0.0282051282051282
337273.411807,2775366.126422,0.965384615384615,0.000183150183150183,0,0,0,0.0344322344322344
337773.411807,2775366.126422,0.965346534653465,0,0,0,0,0.0346534653465347
338273.411807,2775366.126422,0.894230769230769,0,0,0,0,0.105769230769231
325773.411807,2774866.126422,0.607052364864865,0.00443412162162162,0.000422297297297297,0.0168918918918919,0.0462415540540541,0.32495777027027
326273.411807,2774866.126422,0.777573866764544,0,0,0,0.00183519911910442,0.220590934116352
326773.411807,2774866.126422,0.862644415917843,0,0,0,0.000366770584999083,0.136988813497158
327273.411807,2774866.126422,0.799706798607293,0.0089792926516401,0,0.000183250870441635,0.00164925783397471,0.18948140003665
327773.411807,2774866.126422,0.904936685630391,0.00165167920719398,0,0,0.00165167920719398,0.0917599559552211
328273.411807,2774866.126422,0.843022189620392,0.00238400880249404,0,0,0,0.154593801577114
328773.411807,2774866.126422,0.890782481216786,0,0,0,0,0.109217518783214
329273.411807,2774866.126422,0.823820884565975,0.0141310332171041,0,0,0,0.162048082216921
329773.411807,2774866.126422,0.525215477718687,0,0,0,0,0.474784522281313
330273.411807,2774866.126422,0.703866593366319,0.000183250870441635,0,0.00219901044529962,0.0047645226314825,0.288986622686458
330773.411807,2774866.126422,0.768397871169022,0.0100935951550743,0,0,0,0.221508533675904
331273.411807,2774866.126422,0.859160095360352,0.0144874381074638,0,0,0,0.126352466532184
331773.411807,2774866.126422,0.95180502107385,0,0,0,0,0.0481949789261499
332273.411807,2774866.126422,0.948247384841255,0,0,0,0,0.0517526151587447
332773.411807,2774866.126422,0.913258756647717,0,0,0,0,0.0867412433522831
333273.411807,2774866.126422,0.627634231262599,0.0269378779549203,0.023089609675646,0.00384826827927433,0.0403151914971596,0.278174821330401
333773.411807,2774866.126422,0.956505780877225,0,0,0,0,0.0434942191227748
334273.411807,2774866.126422,0.945351182835137,0.0022006235099945,0,0,0,0.0524481936548689
334773.411807,2774866.126422,0.886017958585303,0.00256551218618288,0,0,0,0.111416529228514
335273.411807,2774866.126422,0.92549091576436,0,0,0,0,0.0745090842356396
335773.411807,2774866.126422,0.857876398312855,0,0,0.00146708233999633,0.00293416467999266,0.137722354667156
336273.411807,2774866.126422,0.799157045995968,0.00439802089059923,0,0.000916254352208173,0.00971229613340663,0.185816382627817
336773.411807,2774866.126422,0.968801614975225,0.00513855753349238,0,0,0,0.0260598274912828
337273.411807,2774866.126422,0.962589400330094,0.00128369704749679,0,0,0,0.0361269026224097
337773.411807,2774866.126422,0.948689756276342,0.00183250870441635,0,0,0,0.0494777350192413
338273.411807,2774866.126422,0.890275021264531,0.00425290615253757,0,0,0,0.105472072582932
325773.411807,2774366.126422,0.791895314478683,0,0,0,0.000422119037568594,0.207682566483748
326273.411807,2774366.126422,0.590275229357798,0.00458715596330275,0.00055045871559633,0.00568807339449541,0.04,0.358899082568807
326773.411807,2774366.126422,0.867730691616217,0.000366905155017428,0.00110071546505228,0.000733810310034856,0.00220143093010457,0.127866446523574
327273.411807,2774366.126422,0.816117216117216,0.00879120879120879,0.00238095238095238,0,0,0.172710622710623
327773.411807,2774366.126422,0.884220183486239,0,0,0,0,0.115779816513761
328273.411807,2774366.126422,0.762062006971198,0.0249495505411851,0,0,0,0.212988442487617
328773.411807,2774366.126422,0.791575091575092,0.0197802197802198,0,0,0.000549450549450549,0.188095238095238
329273.411807,2774366.126422,0.66,0.00605504587155963,0,0,0.00055045871559633,0.333394495412844
329773.411807,2774366.126422,0.500458631443772,0,0,0,0,0.499541368556228
330273.411807,2774366.126422,0.593040293040293,0,0,0.00476190476190476,0.00549450549450549,0.396703296703297
330773.411807,2774366.126422,0.559082568807339,0.0126605504587156,0,0.0111926605504587,0.0146788990825688,0.402385321100917
331273.411807,2774366.126422,0.922032654558797,0.00678774536782242,0,0,0,0.071179600073381
331773.411807,2774366.126422,0.945787545787546,0.00128205128205128,0,0,0,0.0529304029304029
332273.411807,2774366.126422,0.901284403669725,0.00330275229357798,0,0,0,0.0954128440366973
332773.411807,2774366.126422,0.863327829756008,0.00421940928270042,0,0,0.000183452577508714,0.132269308383783
333273.411807,2774366.126422,0.749450549450549,0.0153846153846154,0.0426739926739927,0,0.0108058608058608,0.181684981684982
333773.411807,2774366.126422,0.941467889908257,0.00348623853211009,0,0,0,0.055045871559633
334273.411807,2774366.126422,0.862043661713447,0.002568336085122,0,0,0.001284168042561,0.13410383415887
334773.411807,2774366.126422,0.892857142857143,0,0,0,0,0.107142857142857
335273.411807,2774366.126422,0.862018348623853,0,0,0,0.000917431192660551,0.137064220183486
335773.411807,2774366.126422,0.811410750321042,0.000183452577508714,0,0.00183452577508714,0.0078884608328747,0.178682810493487
336273.411807,2774366.126422,0.944871794871795,0.000183150183150183,0,0,0,0.0549450549450549
336773.411807,2774366.126422,0.959082568807339,0,0,0,0,0.0409174311926606
337273.411807,2774366.126422,0.983856173179233,0,0,0,0,0.0161438268207668
337773.411807,2774366.126422,0.954761904761905,0,0,0,0,0.0452380952380952
338273.411807,2774366.126422,0.929158401813545,0,0,0,0,0.0708415981864551
325773.411807,2773866.126422,0.897192315811695,0,0,0,0,0.102807684188305
326273.411807,2773866.126422,0.772710622710623,0.00311355311355311,0,0,0.00128205128205128,0.222893772893773
326773.411807,2773866.126422,0.913553113553114,0.00347985347985348,0,0,0,0.082967032967033
327273.411807,2773866.126422,0.837550421708838,0.00971763843050972,0,0,0,0.152731939860653
327773.411807,2773866.126422,0.919230769230769,0.00402930402930403,0,0,0,0.0767399267399267
328273.411807,2773866.126422,0.773992673992674,0.0179487179487179,0,0,0,0.208058608058608
328773.411807,2773866.126422,0.552988632196553,0.0111844517785112,0.00238357169050238,0.00531719838650532,0.0108177484415108,0.417308397506417
329273.411807,2773866.126422,0.807142857142857,0,0,0,0,0.192857142857143
329773.411807,2773866.126422,0.881868131868132,0,0,0.000366300366300366,0.00256410256410256,0.115201465201465
330273.411807,2773866.126422,0.764393105977264,0.00165016501650165,0,0,0,0.233956729006234
330773.411807,2773866.126422,0.905311355311355,0,0,0,0,0.0946886446886447
331273.411807,2773866.126422,0.939377289377289,0.000366300366300366,0,0,0,0.0602564102564103
331773.411807,2773866.126422,0.946094609460946,0,0,0,0,0.0539053905390539
332273.411807,2773866.126422,0.907509157509158,0.0032967032967033,0,0,0,0.0891941391941392
332773.411807,2773866.126422,0.93021978021978,0,0,0.000366300366300366,0.00293040293040293,0.0664835164835165
333273.411807,2773866.126422,0.76971030436377,0.0568390172350568,0.0088008800880088,0.000733406674000733,0.0212687935460213,0.142647598093143
333773.411807,2773866.126422,0.798717948717949,0.000183150183150183,0,0.000732600732600733,0.000732600732600733,0.1996336996337
334273.411807,2773866.126422,0.707692307692308,0,0,0.000549450549450549,0.0010989010989011,0.290659340659341
334773.411807,2773866.126422,0.84048404840484,0,0,0,0,0.15951595159516
335273.411807,2773866.126422,0.815750915750916,0,0,0.000183150183150183,0.00164835164835165,0.182417582417582
335773.411807,2773866.126422,0.764102564102564,0.00128205128205128,0,0.000549450549450549,0.00128205128205128,0.232783882783883
336273.411807,2773866.126422,0.857169050238357,0,0,0,0,0.142830949761643
336773.411807,2773866.126422,0.934981684981685,0.000183150183150183,0,0,0,0.0648351648351648
337273.411807,2773866.126422,0.907509157509158,0.000183150183150183,0,0,0.000183150183150183,0.0921245421245421
337773.411807,2773866.126422,0.953428676200953,0,0,0,0,0.0465713237990466
338273.411807,2773866.126422,0.890837104072398,0,0,0,0,0.109162895927602
325773.411807,2773366.126422,0.936233108108108,0.00253378378378378,0,0,0,0.0612331081081081
326273.411807,2773366.126422,0.948981464488897,0.000917599559552211,0,0,0,0.0501009359515507
326773.411807,2773366.126422,0.907757197872731,0.0053181734824867,0,0,0,0.0869246286447827
327273.411807,2773366.126422,0.935495693604545,0.00109950522264981,0,0,0,0.0634048011728056
327773.411807,2773366.126422,0.83391447972105,0.0163332721600294,0,0,0,0.149752248118921
328273.411807,2773366.126422,0.878048780487805,0.00513478818998716,0,0,0,0.116816431322208
328773.411807,2773366.126422,0.951255268462525,0,0,0,0,0.0487447315374748
329273.411807,2773366.126422,0.863461185538631,0,0,0,0.00110111947146265,0.135437694989906
329773.411807,2773366.126422,0.842288648450394,0.00128369704749679,0,0.000366770584999083,0.0022006235099945,0.153860260407115
330273.411807,2773366.126422,0.829759941359721,0.000916254352208173,0,0.000549752611324904,0.00238226131574125,0.166391790361004
330773.411807,2773366.126422,0.791337860157827,0.00110111947146265,0,0.000183519911910442,0.0117452743622683,0.195632226096531
331273.411807,2773366.126422,0.898037777370255,0,0,0,0,0.101962222629745
331773.411807,2773366.126422,0.938244456661169,0,0,0,0,0.0617555433388309
332273.411807,2773366.126422,0.902917966599376,0,0,0,0,0.097082033400624
332773.411807,2773366.126422,0.830001833852925,0.00623509994498441,0.00788556757748029,0.00385109114249037,0.0159545204474601,0.13607188703466
333273.411807,2773366.126422,0.916804104819498,0.00329851566794942,0,0,0,0.0798973795125527
333773.411807,2773366.126422,0.749678840154157,0.000183519911910442,0,0,0.00183519911910442,0.248302440814828
334273.411807,2773366.126422,0.71190170548322,0,0,0,0.000183385292499542,0.28791490922428
334773.411807,2773366.126422,0.79714128642111,0,0,0,0.000733003481766538,0.202125710097123
335273.411807,2773366.126422,0.82161864562305,0,0,0,0.000367039823820885,0.178014314553129
335773.411807,2773366.126422,0.570695030258573,0.00256739409499358,0,0.0022006235099945,0.00825233816247937,0.416284613973959
336273.411807,2773366.126422,0.900678028220634,0.000183250870441635,0,0,0.000183250870441635,0.0989554700384827
336773.411807,2773366.126422,0.922554597173793,0,0,0,0.000183519911910442,0.0772618829142962
337273.411807,2773366.126422,0.930680359435173,0.000550155877498625,0,0,0.00110031175499725,0.0676691729323308
337773.411807,2773366.126422,0.935678944474986,0.000366501740883269,0,0,0,0.0639545537841305
338273.411807,2773366.126422,0.906719591721009,0,0,0,0,0.0932804082789906
325773.411807,2772866.126422,0.946390882228789,0.00527648796960743,0,0,0,0.048332629801604
326273.411807,2772866.126422,0.933761467889908,0.00422018348623853,0,0,0,0.0620183486238532
326773.411807,2772866.126422,0.865712713263621,0.00421940928270042,0,0,0,0.130067877453678
327273.411807,2772866.126422,0.858241758241758,0.0166666666666667,0,0,0,0.125091575091575
327773.411807,2772866.126422,0.841467889908257,0.00256880733944954,0,0,0,0.155963302752294
328273.411807,2772866.126422,0.933039809209319,0.00366905155017428,0,0,0,0.0632911392405063
328773.411807,2772866.126422,0.907509157509158,0.000732600732600733,0,0,0,0.0917582417582418
329273.411807,2772866.126422,0.870275229357798,0,0,0,0,0.129724770642202
329773.411807,2772866.126422,0.854155200880572,0,0,0,0,0.145844799119428
330273.411807,2772866.126422,0.879120879120879,0,0,0,0,0.120879120879121
330773.411807,2772866.126422,0.793577981651376,0.00055045871559633,0,0,0,0.205871559633028
331273.411807,2772866.126422,0.890295358649789,0,0,0,0,0.109704641350211
331773.411807,2772866.126422,0.888827838827839,0.00512820512820513,0,0,0,0.106043956043956
332273.411807,2772866.126422,0.846422018348624,0.0190825688073394,0.00110091743119266,0,0.016697247706422,0.116697247706422
332773.411807,2772866.126422,0.842781141075032,0.00880572372041827,0.0124747752705926,0.000366905155017428,0.00238488350761328,0.133186571271326
333273.411807,2772866.126422,0.820695970695971,0.00311355311355311,0.0032967032967033,0.00164835164835165,0.0153846153846154,0.155860805860806
333773.411807,2772866.126422,0.839082568807339,0.00587155963302752,0.00110091743119266,0,0.00110091743119266,0.152844036697248
334273.411807,2772866.126422,0.885709044212071,0,0,0,0,0.114290955787929
334773.411807,2772866.126422,0.891025641025641,0,0,0,0,0.108974358974359
335273.411807,2772866.126422,0.915045871559633,0,0,0,0,0.084954128440367
