"x","y","forest","agri","water","built","other","grass"
262273.411807,2773866.126422,0.000549450549450549,0.0227106227106227,0.556593406593407,0.298901098901099,0.0534798534798535,0.0677655677655678
260773.411807,2773366.126422,0,0.00880249403997799,0.794058316523015,0.157161195672107,0.00605171465248487,0.0339262791124152
261273.411807,2773366.126422,0.114715044896463,0.0443467106468756,0.448781381711563,0.108851017042331,0.0309693971046362,0.252336448598131
261773.411807,2773366.126422,0.0693705267021472,0.0609286107542668,0.0102771150669848,0.168104239309965,0.0508350155991925,0.640484492567444
262273.411807,2773366.126422,0.117183201907207,0.0126535851824684,0.000550155877498625,0.33999633229415,0.06400146708234,0.465615257656336
259773.411807,2772866.126422,0,0.0100732600732601,0.86978021978022,0.0684981684981685,0.0236263736263736,0.028021978021978
260273.411807,2772866.126422,0.267889908256881,0.0313761467889908,0.158165137614679,0.0917431192660551,0.0247706422018349,0.42605504587156
260773.411807,2772866.126422,0.407815079801871,0.0177949000183453,0,0.0460465969546872,0.0122913226930838,0.516052100532012
261273.411807,2772866.126422,0.21007326007326,0.0206959706959707,0.0142857142857143,0.471794871794872,0.0902930402930403,0.192857142857143
261773.411807,2772866.126422,0.0407339449541284,0.0423853211009174,0.0258715596330275,0.631926605504587,0.120733944954128,0.138348623853211
262273.411807,2772866.126422,0.026967528893781,0.0174279948633278,0.0370574206567602,0.752889378095762,0.0755824619335902,0.0900752155567786
259273.411807,2772366.126422,0.0516483516483516,0.0172161172161172,0.593956043956044,0.198351648351648,0.0214285714285714,0.117399267399267
259773.411807,2772366.126422,0.222588925559223,0.0324532453245325,0.116061606160616,0.206453978731206,0.0782911624495783,0.344151081774844
260273.411807,2772366.126422,0.382417582417582,0.0483516483516484,0.00311355311355311,0.164102564102564,0.0529304029304029,0.349084249084249
260773.411807,2772366.126422,0.032967032967033,0.0161172161172161,0.0117216117216117,0.76959706959707,0.103663003663004,0.0659340659340659
261273.411807,2772366.126422,0.09002566923359,0.0308030803080308,0.011001100110011,0.583791712504584,0.152731939860653,0.131646497983132
261773.411807,2772366.126422,0.00879120879120879,0.00677655677655678,0.00897435897435897,0.915018315018315,0.0432234432234432,0.0172161172161172
262273.411807,2772366.126422,0.0465201465201465,0.0252747252747253,0.013003663003663,0.804029304029304,0.100732600732601,0.0104395604395604
258773.411807,2771866.126422,0.19911910442283,0.00935951550743256,0.526518627271059,0.105707469260415,0.00917599559552211,0.150119287942742
259273.411807,2771866.126422,0.0731707317073171,0.0729873464148175,0.0075187969924812,0.322758114799193,0.0962772785622593,0.427287731523932
259773.411807,2771866.126422,0.0375664284405351,0.0753161077515118,0.0450797141286421,0.423309510720176,0.194062671797691,0.224665567161444
260273.411807,2771866.126422,0.172508717195816,0.0757937236190127,0.0295467058175812,0.248669480638649,0.145714810056891,0.32776656267205
260773.411807,2771866.126422,0.0346598202824134,0.108380707867229,0.00476801760498808,0.450944434256373,0.148725472217128,0.252521547771869
261273.411807,2771866.126422,0.0648708081363387,0.021073850100788,0.00128275609309144,0.575224482316291,0.0678028220634048,0.269745281290086
261773.411807,2771866.126422,0.111029546705818,0.0701046063497889,0.0150486327766563,0.5518443751147,0.123325380803817,0.12864745824922
262273.411807,2771866.126422,0.0135705116449661,0.0269576379974326,0.0218228498074454,0.76783421969558,0.143407298734641,0.026407482119934
257773.411807,2771366.126422,0,0.0502660062373876,0.620253164556962,0.279031370390754,0.0104567969179967,0.0399926618968997
258273.411807,2771366.126422,0.0419413919413919,0.0276556776556777,0.215384615384615,0.199450549450549,0.0564102564102564,0.459157509157509
258773.411807,2771366.126422,0.0895412844036697,0.0198165137614679,0.0055045871559633,0.310275229357798,0.189174311926605,0.385688073394495
259273.411807,2771366.126422,0.0264171711612548,0.0550357732526142,0.010273344340488,0.48358099431297,0.16400660429279,0.260686112639883
259773.411807,2771366.126422,0.23956043956044,0.0727106227106227,0,0.0710622710622711,0.0637362637362637,0.552930402930403
260273.411807,2771366.126422,0.115229357798165,0.0977981651376147,0.0379816513761468,0.15394495412844,0.0915596330275229,0.50348623853211
260773.411807,2771366.126422,0.244175380664098,0.0176114474408365,0.015410016510732,0.570904421207118,0.0898917629792699,0.0620069711979453
261273.411807,2771366.126422,0.216117216117216,0.0148351648351648,0.0126373626373626,0.706043956043956,0.0289377289377289,0.0214285714285714
261773.411807,2771366.126422,0.192110091743119,0.0251376146788991,0.0073394495412844,0.54348623853211,0.115412844036697,0.11651376146789
262273.411807,2771366.126422,0.0590717299578059,0.0544854155200881,0.00495321959273528,0.440653091175931,0.11263988259035,0.328196661163089
257273.411807,2770866.126422,0.00787545787545788,0.0225274725274725,0.45970695970696,0.358791208791209,0.047985347985348,0.103113553113553
257773.411807,2770866.126422,0.0917582417582418,0.0305860805860806,0.00128205128205128,0.187912087912088,0.110989010989011,0.577472527472527
258273.411807,2770866.126422,0.00935093509350935,0.0586725339200587,0,0.175284195086175,0.176751008434177,0.57994132746608
258773.411807,2770866.126422,0.105860805860806,0.0241758241758242,0,0.076007326007326,0.114102564102564,0.67985347985348
259273.411807,2770866.126422,0.168864468864469,0.0948717948717949,0.00805860805860806,0.116300366300366,0.054029304029304,0.557875457875458
259773.411807,2770866.126422,0.104327099376604,0.243124312431243,0,0.0044004400440044,0.0357535753575358,0.612394572790612
260273.411807,2770866.126422,0.250915750915751,0.0752747252747253,0.00311355311355311,0.034981684981685,0.0391941391941392,0.596520146520147
260773.411807,2770866.126422,0.274725274725275,0.0324175824175824,0.0021978021978022,0.339194139194139,0.178388278388278,0.173076923076923
261273.411807,2770866.126422,0.181884855152182,0.0394206087275394,0.00495049504950495,0.471030436376971,0.133846718005134,0.168866886688669
261773.411807,2770866.126422,0.136630036630037,0.176373626373626,0.00164835164835165,0.307875457875458,0.0774725274725275,0.3
262273.411807,2770866.126422,0.0771062271062271,0.106959706959707,0,0.113186813186813,0.106227106227106,0.596520146520147
255273.411807,2770366.126422,0,0.0119113065787062,0.287703866593366,0.695986805937328,0.00439802089059923,0
255773.411807,2770366.126422,0.00752431638832813,0.0225729491649844,0.145898329968802,0.416039640300973,0.0350523031748945,0.372912461002019
256273.411807,2770366.126422,0.00806895286997983,0.134238034109664,0,0.193288098294517,0.0493306436823767,0.615074271043462
256773.411807,2770366.126422,0.0652373098772219,0.126259849734286,0.0172255818215137,0.260032985156679,0.0701850833791461,0.461059190031153
257273.411807,2770366.126422,0.0620297302257295,0.0737750045879978,0.00238575885483575,0.391080932281152,0.142227931730593,0.328500642319692
257773.411807,2770366.126422,0.258756647716853,0.0951769668072621,0,0.0779387493123052,0.0515312671923712,0.516596368971209
258273.411807,2770366.126422,0.16034451163643,0.202492211838006,0,0.20743998533993,0.0619387942092725,0.367784496976361
258773.411807,2770366.126422,0.116535144063131,0.0192695907505964,0,0.100201871903101,0.0838685997430721,0.680124793540099
259273.411807,2770366.126422,0.10801393728223,0.0799559875298001,0,0.0102695763799743,0.0130203557674674,0.788740143040528
259773.411807,2770366.126422,0.0945574491478835,0.26571376214037,0.27359354956936,0.00751328568810702,0.00238226131574125,0.356239692138538
260273.411807,2770366.126422,0.190126628739218,0.049366856303909,0,0.0403743806202973,0.0537713341897596,0.666360800146816
260773.411807,2770366.126422,0.15606088391711,0.050797726022373,0.00165046763249587,0.246286447826884,0.114432422519714,0.430772052081423
261273.411807,2770366.126422,0.0747663551401869,0.0547920102620487,0.0100787978742899,0.276159061755543,0.0601062855048561,0.524097489463075
261773.411807,2770366.126422,0.103505230317489,0.216002936318591,0.000183519911910442,0.0100935951550743,0.0168838318957607,0.653330886401175
262273.411807,2770366.126422,0.0685860993948285,0.21181001283697,0,0.0436456996148909,0.0823399963322941,0.593618191821016
254773.411807,2769866.126422,0,0.00733810310034856,0.466703357182168,0.525958539717483,0,0
255273.411807,2769866.126422,0.286263736263736,0.0217948717948718,0.235897435897436,0.145054945054945,0.0124542124542125,0.298534798534799
255773.411807,2769866.126422,0.378715596330275,0.0214678899082569,0.0207339449541284,0.381834862385321,0.048256880733945,0.148990825688073
256273.411807,2769866.126422,0.0157769216657494,0.0810860392588516,0.00770500825536599,0.525224729407448,0.196477710511833,0.173729590900752
256773.411807,2769866.126422,0.0021978021978022,0.0208791208791209,0.010989010989011,0.504578754578755,0.139377289377289,0.321978021978022
257273.411807,2769866.126422,0.0988990825688073,0.0708256880733945,0.00055045871559633,0.20697247706422,0.135412844036697,0.487339449541284
257773.411807,2769866.126422,0.193359016694185,0.0676940011007155,0.000183452577508714,0.252981104384517,0.106769400110072,0.379013025133003
258273.411807,2769866.126422,0.109340659340659,0.0445054945054945,0.0536630036630037,0.402014652014652,0.131135531135531,0.259340659340659
258773.411807,2769866.126422,0.0853211009174312,0.0477064220183486,0.00018348623853211,0.0787155963302752,0.0609174311926605,0.727155963302752
259273.411807,2769866.126422,0.0953953403045313,0.213171895065126,0,0.00898917629792699,0.023115024766098,0.659328563566318
259773.411807,2769866.126422,0.0527472527472527,0.147619047619048,0.0194139194139194,0.0271062271062271,0.0245421245421245,0.728571428571429
260273.411807,2769866.126422,0.0994495412844037,0.0467889908256881,0,0.177614678899083,0.122018348623853,0.554128440366973
260773.411807,2769866.126422,0.185654008438819,0.0755824619335902,0,0.115024766097964,0.0588882773802972,0.56485048614933
261273.411807,2769866.126422,0.100549450549451,0.0967032967032967,0.00787545787545788,0.180586080586081,0.0913919413919414,0.522893772893773
261773.411807,2769866.126422,0.124036697247706,0.103669724770642,0.00055045871559633,0.071743119266055,0.0880733944954128,0.611926605504587
262273.411807,2769866.126422,0.0807191341038342,0.0543019629425793,0,0.101816180517336,0.084021280498991,0.679141441937259
253273.411807,2769366.126422,0,0,0.94010989010989,0.0598901098901099,0,0
254773.411807,2769366.126422,0.364285714285714,0.0131868131868132,0,0.297985347985348,0.0978021978021978,0.226739926739927
255273.411807,2769366.126422,0.362486248624863,0.0111844517785112,0.0170517051705171,0.163366336633663,0.127429409607627,0.318481848184819
255773.411807,2769366.126422,0.017032967032967,0.0717948717948718,0.0021978021978022,0.606593406593407,0.129120879120879,0.173260073260073
256273.411807,2769366.126422,0.00311355311355311,0.0721611721611722,0.0135531135531136,0.536263736263736,0.108791208791209,0.266117216117216
256773.411807,2769366.126422,0.0799413274660799,0.10982764943161,0.183718371837184,0.136046938027136,0.104877154382105,0.385588558855886
257273.411807,2769366.126422,0.0908424908424908,0.0478021978021978,0,0.254029304029304,0.133150183150183,0.474175824175824
257773.411807,2769366.126422,0.0534798534798535,0.134615384615385,0,0.0498168498168498,0.0454212454212454,0.716666666666667
258273.411807,2769366.126422,0.103960396039604,0.104143747708104,0,0.193986065273194,0.0788412174550788,0.519068573524019
258773.411807,2769366.126422,0.0743589743589744,0.0249084249084249,0.000915750915750916,0.638644688644689,0.114652014652015,0.146520146520147
259273.411807,2769366.126422,0.056043956043956,0.0888278388278388,0,0.17967032967033,0.0956043956043956,0.57985347985348
259773.411807,2769366.126422,0.081041437477081,0.132563256325633,0.00293362669600293,0.147048038137147,0.0942427576090942,0.542170883755042
260273.411807,2769366.126422,0.063003663003663,0.104945054945055,0.181135531135531,0.200732600732601,0.0802197802197802,0.36996336996337
260773.411807,2769366.126422,0.235347985347985,0.0106227106227106,0,0.173076923076923,0.112637362637363,0.468315018315018
261273.411807,2769366.126422,0.0759075907590759,0.0198019801980198,0.00201686835350202,0.427026035936927,0.136963696369637,0.338283828382838
261773.411807,2769366.126422,0.108424908424908,0.0915750915750916,0,0.0115384615384615,0.0227106227106227,0.765750915750916
262273.411807,2769366.126422,0.152014652014652,0.078021978021978,0,0.0296703296703297,0.0749084249084249,0.665384615384615
253773.411807,2768866.126422,0,0.000916254352208173,0.365951988271944,0.622319956019791,0.0108118013560564,0
254273.411807,2768866.126422,0.158194164066801,0.0721233253808038,0.0614791704899982,0.264085153239126,0.0662506881996697,0.377867498623601
254773.411807,2768866.126422,0.165413533834586,0.0518980377773703,0.0341096644049147,0.471116816431322,0.109664404914726,0.16779754263708
255273.411807,2768866.126422,0.0870441634597764,0.0502107385010079,0.00183250870441635,0.328019058090526,0.193146417445483,0.339747113798791
255773.411807,2768866.126422,0.102771150669848,0.0812993209763259,0.00110111947146265,0.391264452193063,0.136722334373279,0.286841622316021
256273.411807,2768866.126422,0.0594168347698515,0.0641848523748395,0.00183385292499542,0.28791490922428,0.123601687144691,0.463047863561342
256773.411807,2768866.126422,0.0522264980758659,0.162177020340847,0.0584570276708814,0.157045995968481,0.0929081913139087,0.477185266630016
257273.411807,2768866.126422,0.14094329234722,0.118737383006056,0.00495503762158194,0.125344099834832,0.12020554230134,0.48981464488897
257773.411807,2768866.126422,0.0539152759948652,0.10416284613974,0,0.0828901522097928,0.0715202640748212,0.687511461580781
258273.411807,2768866.126422,0.0808136338647609,0.172072567344695,0,0.0705515851200293,0.0524097489463075,0.624152464724207
258773.411807,2768866.126422,0.0669847678473114,0.0234905487245366,0.00623967700495504,0.406313084969719,0.126995779042026,0.369976142411452
259273.411807,2768866.126422,0.0674857876398313,0.132954337062168,0,0.0801393728222996,0.0607005318173482,0.658719970658353
259773.411807,2768866.126422,0.0725673446948873,0.263331500824629,0.111966281839839,0.0196078431372549,0.0359171706065604,0.49660985889683
260273.411807,2768866.126422,0.0704716461736098,0.215452376582859,0.266287392182052,0.0359699027344467,0.0508350155991925,0.36098366672784
260773.411807,2768866.126422,0.0781221346048047,0.129836787089675,0.000733541169998166,0.165780304419586,0.110397946084724,0.515129286631212
261273.411807,2768866.126422,0.0784313725490196,0.05717427157779,0,0.385926333150082,0.13340663368151,0.345061389041598
261773.411807,2768866.126422,0.172692237107726,0.0343182235272527,0.000183519911910442,0.0122958340979996,0.0247751881079097,0.755734997247201
262273.411807,2768866.126422,0.180451127819549,0.0898587933247754,0,0.0731707317073171,0.0465798642948836,0.609939482853475
253773.411807,2768366.126422,0.167399267399267,0.0181318681318681,0.316483516483516,0.342857142857143,0.0335164835164835,0.121611721611722
254273.411807,2768366.126422,0.211376146788991,0.0319266055045872,0.0308256880733945,0.534128440366972,0.0954128440366973,0.0963302752293578
254773.411807,2768366.126422,0.0779673454412034,0.0869565217391304,0.00110071546505228,0.373142542652724,0.184186387818749,0.276646486883141
255273.411807,2768366.126422,0.257509157509157,0.032967032967033,0.000366300366300366,0.0652014652014652,0.121062271062271,0.522893772893773
255773.411807,2768366.126422,0.0409174311926606,0.0557798165137615,0.00403669724770642,0.272293577981651,0.202018348623853,0.424954128440367
256273.411807,2768366.126422,0.086589616584113,0.10842047330765,0,0.177949000183453,0.125665015593469,0.501375894331315
256773.411807,2768366.126422,0.0206959706959707,0.102380952380952,0,0.0791208791208791,0.0357142857142857,0.762087912087912
257273.411807,2768366.126422,0.0337614678899083,0.175412844036697,0,0.0535779816513761,0.0719266055045872,0.665321100917431
257773.411807,2768366.126422,0.121812511465786,0.386167675655843,0.011557512383049,0.000183452577508714,0.00568702990277013,0.474591818015043
258273.411807,2768366.126422,0.0498168498168498,0.184798534798535,0,0.0648351648351648,0.0505494505494506,0.65
258773.411807,2768366.126422,0.0823853211009174,0.178348623853211,0,0.105871559633028,0.0972477064220184,0.536146788990826
259273.411807,2768366.126422,0.146211704274445,0.263070996147496,0,0.0139423958906623,0.0524674371674922,0.524307466519905
259773.411807,2768366.126422,0.0518315018315018,0.217216117216117,0,0.0201465201465201,0.0382783882783883,0.672527472527473
260273.411807,2768366.126422,0.0596330275229358,0.238532110091743,0.00201834862385321,0.0480733944954128,0.0776146788990826,0.574128440366973
260773.411807,2768366.126422,0.0570537516052101,0.206934507429829,0,0.0656760227481196,0.075032104201064,0.595303614015777
261273.411807,2768366.126422,0.0871794871794872,0.111904761904762,0,0.285347985347985,0.0824175824175824,0.433150183150183
261773.411807,2768366.126422,0.131559633027523,0.112293577981651,0,0.147339449541284,0.0706422018348624,0.538165137614679
262273.411807,2768366.126422,0.10988809392772,0.142909557879288,0.00311869381764814,0.148596587782058,0.0715465052283985,0.523940561364887
253273.411807,2767866.126422,0.060989010989011,0.00934065934065934,0.135347985347985,0.640842490842491,0.0139194139194139,0.13956043956044
253773.411807,2767866.126422,0.066006600660066,0.105243857719105,0.0698569856985699,0.162449578291162,0.127246057939127,0.469196919691969
254273.411807,2767866.126422,0.127106227106227,0.0525641025641026,0.00128205128205128,0.512271062271062,0.11996336996337,0.186813186813187
254773.411807,2767866.126422,0.248534798534799,0.0278388278388278,0.000366300366300366,0.0926739926739927,0.073992673992674,0.556593406593407
255273.411807,2767866.126422,0.0940594059405941,0.0566556655665567,0,0.0535386872020535,0.0432709937660433,0.752475247524752
255773.411807,2767866.126422,0.047985347985348,0.112820512820513,0,0.0454212454212454,0.0503663003663004,0.743406593406593
256273.411807,2767866.126422,0.0708791208791209,0.100549450549451,0,0.00476190476190476,0.0188644688644689,0.804945054945055
256773.411807,2767866.126422,0.0339200586725339,0.134213421342134,0,0.0106343967730106,0.0143014301430143,0.806930693069307
257273.411807,2767866.126422,0.080952380952381,0.0827838827838828,0.000549450549450549,0.175274725274725,0.0946886446886447,0.565750915750916
257773.411807,2767866.126422,0.0787545787545788,0.138644688644689,0,0.05,0.0371794871794872,0.695421245421245
258273.411807,2767866.126422,0.0522552255225523,0.185551888522186,0.0425375870920425,0.00916758342500917,0.0319031903190319,0.678584525119179
258773.411807,2767866.126422,0.0655677655677656,0.177289377289377,0.204761904761905,0.0531135531135531,0.0282051282051282,0.471062271062271
259273.411807,2767866.126422,0.0327838827838828,0.155494505494505,0.306959706959707,0.127289377289377,0.0866300366300366,0.290842490842491
259773.411807,2767866.126422,0.0542720938760543,0.194352768610194,0,0.0275027502750275,0.0355702236890356,0.688302163549688
260273.411807,2767866.126422,0.0465201465201465,0.260989010989011,0.0818681318681319,0.0714285714285714,0.0727106227106227,0.466483516483516
260773.411807,2767866.126422,0.047985347985348,0.164285714285714,0.00128205128205128,0.0388278388278388,0.0677655677655678,0.67985347985348
261273.411807,2767866.126422,0.0991932526585992,0.0737073707370737,0,0.033003300330033,0.0333700036670334,0.760726072607261
261773.411807,2767866.126422,0.150549450549451,0.21025641025641,0.00402930402930403,0.178021978021978,0.110622710622711,0.346520146520147
262273.411807,2767866.126422,0.226739926739927,0.0705128205128205,0.00201465201465201,0.136446886446886,0.126923076923077,0.437362637362637
253273.411807,2767366.126422,0.18411883366954,0.0849073904272877,0.164679992664588,0.104529616724739,0.057216211259857,0.404547955253989
253773.411807,2767366.126422,0.0945574491478835,0.289536375297783,0,0.115997800989555,0.0522264980758659,0.447681876488913
254273.411807,2767366.126422,0.11616810423931,0.142594971554414,0.000367039823820885,0.0699210864378785,0.034868783262984,0.636080014681593
254773.411807,2767366.126422,0.0643682376673391,0.106913625527233,0.00678525582248304,0.101412066752246,0.0629011553273428,0.657619658903356
255273.411807,2767366.126422,0.0985889682975994,0.227780831958952,0.000549752611324904,0.055158512002932,0.0643210555250137,0.553600879604178
255773.411807,2767366.126422,0.103505230317489,0.139658652963847,0,0.0655166085520279,0.0697375665259681,0.621581941640668
256273.411807,2767366.126422,0.0328259673574179,0.200073354117,0,0.0161379057399597,0.0397946084724005,0.711168164313222
256773.411807,2767366.126422,0.0304196444933113,0.166391790361004,0.398387392340114,0.0159428257284222,0.0276708814366868,0.361187465640462
257273.411807,2767366.126422,0.0765278032666544,0.080932281152505,0.0135804734813727,0.0789135621214902,0.0930445953385942,0.657001284639383
257773.411807,2767366.126422,0.0850907757197873,0.176783421969558,0,0.0117366587199707,0.030808729139923,0.695580414450761
258273.411807,2767366.126422,0.0403151914971596,0.0870441634597764,0.0663368150998717,0.104819497892615,0.0958402052409749,0.605644126809602
258773.411807,2767366.126422,0.0743255643237291,0.158194164066801,0.0976325931363553,0.0308313452009543,0.0814828408882364,0.557533492383924
259273.411807,2767366.126422,0.0799559875298001,0.163579680909591,0,0.0392444525949019,0.0953603520997616,0.621859526865945
259773.411807,2767366.126422,0.0403151914971596,0.210188748396555,0.0201575957485798,0.036100421477002,0.0256551218618288,0.667582921018875
260273.411807,2767366.126422,0.0992842723435493,0.178197834465039,0.0467975775371628,0.0767113231785649,0.0835015599192512,0.515507432556432
260773.411807,2767366.126422,0.066018705299835,0.242068586099395,0,0.0584999083073537,0.0588666788923528,0.574546121401064
261273.411807,2767366.126422,0.0580905259299982,0.0949239508887667,0.0736668499175371,0.0300531427524281,0.0672530694520799,0.67601246105919
261773.411807,2767366.126422,0.0912093962194898,0.118003303358414,0.000917599559552211,0.218205175261516,0.0919434758671316,0.479721049733896
262273.411807,2767366.126422,0.0656519347148359,0.162295983862094,0,0.125252154777187,0.0715202640748212,0.575279662571062
252773.411807,2766866.126422,0.112844036697248,0.0154128440366972,0.439633027522936,0.333394495412844,0.0324770642201835,0.0662385321100917
253273.411807,2766866.126422,0.140891579526692,0.434232250963126,0,0.121078701155751,0.0438451660245826,0.259952302329848
253773.411807,2766866.126422,0.0882783882783883,0.212820512820513,0,0.0631868131868132,0.0604395604395604,0.575274725274725
254273.411807,2766866.126422,0.0368807339449541,0.362935779816514,0.00055045871559633,0.0611009174311927,0.0411009174311927,0.49743119266055
254773.411807,2766866.126422,0.0873234268941479,0.292239955971381,0.000183452577508714,0.109337736195194,0.0862227114290956,0.424692716932673
255273.411807,2766866.126422,0.0536630036630037,0.553113553113553,0.000366300366300366,0.00659340659340659,0.0249084249084249,0.361355311355311
255773.411807,2766866.126422,0.0862385321100917,0.48697247706422,0,0.0176146788990826,0.0438532110091743,0.365321100917431
256273.411807,2766866.126422,0.165107319757843,0.121629058888277,0.000183452577508714,0.0130251330031187,0.0236653824986241,0.676389653274629
256773.411807,2766866.126422,0.0402930402930403,0.246520146520147,0.169230769230769,0.01996336996337,0.0338827838827839,0.49010989010989
257273.411807,2766866.126422,0.0539449541284404,0.160733944954128,0,0.02,0.0445871559633028,0.720733944954128
257773.411807,2766866.126422,0.0251330031186938,0.19684461566685,0.238121445606311,0.0104567969179967,0.0412768299394606,0.488167308750688
258273.411807,2766866.126422,0.0957875457875458,0.326190476190476,0.00183150183150183,0.0131868131868132,0.0358974358974359,0.527106227106227
258773.411807,2766866.126422,0.144587155963303,0.107706422018349,0,0.114311926605505,0.0688073394495413,0.564587155963303
259273.411807,2766866.126422,0.0458631443771785,0.224362502293157,0,0.0168776371308017,0.0726472206934507,0.640249495505412
259773.411807,2766866.126422,0.101282051282051,0.185897435897436,0,0.0498168498168498,0.0842490842490843,0.578754578754579
260273.411807,2766866.126422,0.0640366972477064,0.314311926605505,0,0.0511926605504587,0.0644036697247706,0.50605504587156
260773.411807,2766866.126422,0.0363236103467254,0.22968262704091,0.00843881856540084,0.0335718216840947,0.0671436433681893,0.62483947899468
261273.411807,2766866.126422,0.0653846153846154,0.207142857142857,0,0.0296703296703297,0.0882783882783883,0.60952380952381
261773.411807,2766866.126422,0.0644036697247706,0.0911926605504587,0.223853211009174,0.028256880733945,0.0691743119266055,0.523119266055046
262273.411807,2766866.126422,0.0831040176114474,0.137956338286553,0.0188956154833975,0.0236653824986241,0.0513667217024399,0.685011924417538
252273.411807,2766366.126422,0.0682068206820682,0.00916758342500917,0.185001833516685,0.716721672167217,0.0066006600660066,0.0143014301430143
252773.411807,2766366.126422,0.254761904761905,0.229120879120879,0.00476190476190476,0.143223443223443,0.0393772893772894,0.328754578754579
253273.411807,2766366.126422,0.121794871794872,0.139010989010989,0.000366300366300366,0.0401098901098901,0.0838827838827839,0.614835164835165
253773.411807,2766366.126422,0.0333700036670334,0.209020902090209,0.0293362669600293,0.0251191785845251,0.0845251191785845,0.618628529519619
254273.411807,2766366.126422,0.0397435897435897,0.182600732600733,0.282051282051282,0.146703296703297,0.0706959706959707,0.278205128205128
254773.411807,2766366.126422,0.0446886446886447,0.333150183150183,0,0.103113553113553,0.121794871794872,0.397252747252747
255273.411807,2766366.126422,0.0603226989365603,0.325082508250825,0.132379904657132,0.0315364869820315,0.0410707737440411,0.40960762742941
255773.411807,2766366.126422,0.0673992673992674,0.507326007326007,0.131135531135531,0.00494505494505494,0.0124542124542125,0.276739926739927
256273.411807,2766366.126422,0.0549450549450549,0.491758241758242,0.104945054945055,0.00494505494505494,0.0141025641025641,0.329304029304029
256773.411807,2766366.126422,0.120828749541621,0.164833149981665,0.0033003300330033,0.0328199486615328,0.0326365969930326,0.645581224789146
257273.411807,2766366.126422,0.120512820512821,0.106776556776557,0,0.0672161172161172,0.0789377289377289,0.626556776556777
257773.411807,2766366.126422,0.0558608058608059,0.165018315018315,0.00641025641025641,0.0633699633699634,0.0514652014652015,0.657875457875458
258273.411807,2766366.126422,0.0693069306930693,0.202603593692703,0,0.0172350568390172,0.0441877521085442,0.666666666666667
258773.411807,2766366.126422,0.0503663003663004,0.338644688644689,0,0.0404761904761905,0.0827838827838828,0.487728937728938
259273.411807,2766366.126422,0.0532967032967033,0.220879120879121,0,0.102564102564103,0.0608058608058608,0.562454212454212
259773.411807,2766366.126422,0.0572057205720572,0.274844151081775,0,0.0905757242390906,0.0815914924825816,0.495782911624496
260273.411807,2766366.126422,0.0536630036630037,0.258058608058608,0,0.0216117216117216,0.0989010989010989,0.567765567765568
260773.411807,2766366.126422,0.060989010989011,0.218681318681319,0.107509157509158,0.00897435897435897,0.0293040293040293,0.574542124542124
261273.411807,2766366.126422,0.0414374770810414,0.357719105243858,0.114044737807114,0.0161349468280161,0.0429042904290429,0.427759442610928
261773.411807,2766366.126422,0.0860805860805861,0.203296703296703,0,0.0531135531135531,0.0880952380952381,0.569413919413919
262273.411807,2766366.126422,0.111355311355311,0.158241758241758,0.000183150183150183,0.0371794871794872,0.095970695970696,0.597069597069597
252273.411807,2765866.126422,0.397801099450275,0.0739630184907546,0.155422288855572,0.251874062968516,0.0139930034982509,0.106946526736632
252773.411807,2765866.126422,0.0898173630222667,0.337002752064048,0,0.110582937202902,0.0840630472854641,0.378533900425319
253273.411807,2765866.126422,0.072463768115942,0.41904047976012,0,0.0964517741129435,0.0487256371814093,0.363318340829585
253773.411807,2765866.126422,0.0459770114942529,0.140179910044978,0.180409795102449,0.130434782608696,0.100949525237381,0.402048975512244
254273.411807,2765866.126422,0.028771578684013,0.282461846384789,0.423317488116087,0.00825619214410808,0.0172629472104078,0.239929947460595
254773.411807,2765866.126422,0.071464267866067,0.565967016491754,0,0.00999500249875063,0.0402298850574713,0.312343828085957
255273.411807,2765866.126422,0.110944527736132,0.430534732633683,0.000749625187406297,0.0562218890554723,0.0567216391804098,0.344827586206897
255773.411807,2765866.126422,0.159369527145359,0.29672254190643,0,0.01826369777333,0.03652739554666,0.489116837628221
256273.411807,2765866.126422,0.0717141429285357,0.606946526736632,0,0.0169915042478761,0.0222388805597201,0.282108945527236
256773.411807,2765866.126422,0.106946526736632,0.286856571714143,0,0.031984007996002,0.0507246376811594,0.523488255872064
257273.411807,2765866.126422,0.0475356517388041,0.298223667750813,0,0.0370277708281211,0.0550412809607205,0.562171628721541
257773.411807,2765866.126422,0.0382308845577211,0.240129935032484,0.227886056971514,0.0279860069965017,0.0329835082458771,0.432783608195902
258273.411807,2765866.126422,0.0387306346826587,0.409545227386307,0,0.00374812593703148,0.02023988005997,0.527736131934033
258773.411807,2765866.126422,0.0620465349011759,0.218914185639229,0.124343257443082,0.0137603202401801,0.0475356517388041,0.533400050037528
259273.411807,2765866.126422,0.0547226386806597,0.27736131934033,0,0.0172413793103448,0.0557221389305347,0.594952523738131
259773.411807,2765866.126422,0.0482258870564718,0.171164417791104,0.251874062968516,0.144677661169415,0.0899550224887556,0.294102948525737
260273.411807,2765866.126422,0.0830622967225419,0.193395046284714,0,0.0647985989492119,0.0788091068301226,0.57993495121341
260773.411807,2765866.126422,0.119690154922539,0.161169415292354,0.00824587706146927,0.011744127936032,0.0392303848075962,0.65992003998001
261273.411807,2765866.126422,0.044727636181909,0.368315842078961,0.0502248875562219,0.0574712643678161,0.0649675162418791,0.414292853573213
261773.411807,2765866.126422,0.0432824618463848,0.568676507380535,0.00425318989241931,0.00225168876657493,0.00725544158118589,0.3742807105329
262273.411807,2765866.126422,0.0877061469265367,0.271114442778611,0.00424787606196902,0.0549725137431284,0.12543728135932,0.456521739130435
