"x","y","forest","agri","water","built","other","grass"
301273.411807,2654866.126422,0.933247753530167,0.000550155877498625,0,0,0,0.0662020905923345
301773.411807,2654866.126422,0.967747846802272,0.0271211288253619,0,0,0,0.00513102437236577
302273.411807,2654866.126422,0.957423380436777,0.0392732611488346,0,0,0,0.00330335841438796
302773.411807,2654866.126422,0.97194205024757,0.0280579497524299,0,0,0,0
303273.411807,2654866.126422,0.944474986256185,0.0472787245739417,0,0,0,0.00824628916987356
303773.411807,2654866.126422,0.967333455679941,0.0304643053771334,0,0,0,0.00220223894292531
304273.411807,2654866.126422,0.996332294150009,0.00366770584999083,0,0,0,0
304773.411807,2654866.126422,0.815099871724391,0.0106285504856148,0,0.000183250870441635,0.000366501740883269,0.17372182517867
305273.411807,2654866.126422,0.952284822903285,0,0,0,0,0.047715177096715
305773.411807,2654866.126422,0.85182468366037,0,0,0,0.000183385292499542,0.14799193104713
306273.411807,2654866.126422,0.65915338097856,0.00494777350192413,0,0.00329851566794942,0.0296866410115448,0.302913688840022
306773.411807,2654866.126422,0.239493485043127,0.0155991925123876,0,0.057258212516058,0.151587447238025,0.536061662690402
307273.411807,2654866.126422,0.308270676691729,0.0183385292499542,0,0.0190720704199523,0.114249037227214,0.54006968641115
307773.411807,2654866.126422,0.547187099138721,0.00403151914971596,0.000183250870441635,0.0560747663551402,0.0718343412131208,0.320689023272861
308273.411807,2654866.126422,0.259680675353276,0.011194714626537,0.000367039823820885,0.218205175261516,0.191411268122591,0.319141126812259
308773.411807,2654866.126422,0.294883550339263,0.00311754997249221,0,0.041995231982395,0.0852741610122868,0.574729506693563
309273.411807,2654866.126422,0.275426058273777,0.013560564412681,0,0.00733003481766538,0.0278541323071285,0.675829210188748
309773.411807,2654866.126422,0.367406863644705,0.0600110111947146,0.000550559735731327,0.0420260598274913,0.0935951550743256,0.436410350523032
310273.411807,2654866.126422,0.197322574729507,0.0773885934348065,0.0130203557674674,0.236383642031909,0.166330460297084,0.309554373739226
310773.411807,2654866.126422,0.0648708081363387,0.0273043796958036,0.00219901044529962,0.682975994135972,0.110133773135422,0.112516034451164
311273.411807,2654866.126422,0.0695540466140576,0.0789135621214902,0.00587263718113415,0.554964213617178,0.160763442833547,0.129932097632593
311773.411807,2654866.126422,0.11186502842472,0.110581331377224,0,0.189253621859527,0.120667522464698,0.467632495873831
312273.411807,2654866.126422,0.411214953271028,0.0274876305662452,0,0.0584570276708814,0.0921751878321422,0.410665200659703
312773.411807,2654866.126422,0.416957239860525,0.0330335841438796,0.00256927876674619,0.158194164066801,0.156726004771518,0.23251972839053
313273.411807,2654866.126422,0.14395745461214,0.0174216027874564,0.00476801760498808,0.487071336878782,0.141206675224647,0.205574912891986
301273.411807,2654366.126422,0.44358833241607,0.0328380113740598,0,0.00605393505778756,0.0519170794349661,0.465602641717116
301773.411807,2654366.126422,0.965934065934066,0.00201465201465201,0,0,0,0.032051282051282
302273.411807,2654366.126422,0.948440366972477,0.0398165137614679,0,0,0,0.011743119266055
302773.411807,2654366.126422,0.947349110254999,0.0526508897450009,0,0,0,0
303273.411807,2654366.126422,0.984432234432234,0.0155677655677656,0,0,0,0
303773.411807,2654366.126422,0.976330275229358,0.018348623853211,0,0,0,0.00532110091743119
304273.411807,2654366.126422,0.941662080352229,0.00807191341038342,0,0,0,0.0502660062373876
304773.411807,2654366.126422,0.800732600732601,0.000915750915750916,0,0,0,0.198351648351648
305273.411807,2654366.126422,0.911376146788991,0,0,0,0,0.0886238532110092
305773.411807,2654366.126422,0.843698403962576,0.001284168042561,0,0.000733810310034856,0.00568702990277013,0.148596587782058
306273.411807,2654366.126422,0.801098901098901,0,0,0.000732600732600733,0.00311355311355311,0.195054945054945
306773.411807,2654366.126422,0.231559633027523,0.0370642201834862,0.00018348623853211,0.078348623853211,0.164036697247706,0.488807339449541
307273.411807,2654366.126422,0.16400660429279,0.0836543753439736,0,0.128783709411117,0.112089524857824,0.511465786094295
307773.411807,2654366.126422,0.148351648351648,0.0664835164835165,0,0.16978021978022,0.186996336996337,0.428388278388278
308273.411807,2654366.126422,0.0820183486238532,0.031743119266055,0,0.482752293577982,0.133577981651376,0.269908256880734
308773.411807,2654366.126422,0.0884241423592002,0.0355898000366905,0.000183452577508714,0.571454778939644,0.100165107319758,0.204182718767199
309273.411807,2654366.126422,0.410805860805861,0.0152014652014652,0.000915750915750916,0.0338827838827839,0.0179487179487179,0.521245421245421
309773.411807,2654366.126422,0.384403669724771,0.0194495412844037,0.00128440366972477,0.0695412844036697,0.10954128440367,0.415779816513761
310273.411807,2654366.126422,0.116492386718033,0.0201797835259585,0.000550357732526142,0.577508713997432,0.14547789396441,0.13979086406164
310773.411807,2654366.126422,0.0166666666666667,0.013003663003663,0.0010989010989011,0.885531135531135,0.0710622710622711,0.0126373626373626
311273.411807,2654366.126422,0.0422018348623853,0.0354128440366972,0.00605504587155963,0.754311926605505,0.120183486238532,0.0418348623853211
311773.411807,2654366.126422,0.0625573289304715,0.0831040176114474,0.00513667217024399,0.560264171711613,0.134837644468905,0.15410016510732
312273.411807,2654366.126422,0.64029304029304,0.0142857142857143,0.00311355311355311,0.0261904761904762,0.0728937728937729,0.243223443223443
312773.411807,2654366.126422,0.381467889908257,0.0223853211009174,0,0.175412844036697,0.219449541284404,0.201284403669725
313273.411807,2654366.126422,0.191524490919097,0.0396257567418822,0.000733810310034856,0.27958172812328,0.228765364153366,0.259768849752339
301273.411807,2653866.126422,0.822527472527472,0.000183150183150183,0,0,0.000915750915750916,0.176373626373626
301773.411807,2653866.126422,0.932709937660433,0,0,0,0,0.0672900623395673
302273.411807,2653866.126422,0.992124542124542,0,0,0,0,0.00787545787545788
302773.411807,2653866.126422,0.987362637362637,0.00934065934065934,0,0,0,0.0032967032967033
303273.411807,2653866.126422,0.979464613127979,0.0205353868720205,0,0,0,0
303773.411807,2653866.126422,0.93992673992674,0.030952380952381,0,0,0,0.0291208791208791
304273.411807,2653866.126422,0.913003663003663,0,0,0,0,0.086996336996337
304773.411807,2653866.126422,0.911257792445911,0,0,0,0,0.0887422075540887
305273.411807,2653866.126422,0.883150183150183,0,0,0,0,0.116849816849817
305773.411807,2653866.126422,0.845238095238095,0.000549450549450549,0,0.0010989010989011,0.00659340659340659,0.146520146520147
306273.411807,2653866.126422,0.347451411807847,0.00531719838650532,0,0.0788412174550788,0.142647598093143,0.425742574257426
306773.411807,2653866.126422,0.114835164835165,0.0802197802197802,0,0.153479853479853,0.164102564102564,0.487362637362637
307273.411807,2653866.126422,0.0956043956043956,0.163553113553114,0,0.00842490842490842,0.0743589743589744,0.658058608058608
307773.411807,2653866.126422,0.142280894756142,0.059039237257059,0,0.0654565456545655,0.0962596259625963,0.636963696369637
308273.411807,2653866.126422,0.125457875457875,0.0675824175824176,0.0032967032967033,0.263553113553114,0.114835164835165,0.425274725274725
308773.411807,2653866.126422,0.107326007326007,0.166666666666667,0,0.159340659340659,0.127106227106227,0.43956043956044
309273.411807,2653866.126422,0.070957095709571,0.107444077741107,0.00385038503850385,0.212687935460213,0.157315731573157,0.447744774477448
309773.411807,2653866.126422,0.214285714285714,0.0368131868131868,0.00311355311355311,0.340659340659341,0.102014652014652,0.303113553113553
310273.411807,2653866.126422,0.023992673992674,0.00750915750915751,0,0.837728937728938,0.113736263736264,0.017032967032967
310773.411807,2653866.126422,0.037953795379538,0.0254858819215255,0.000916758342500917,0.812431243124312,0.0951595159515952,0.0280528052805281
311273.411807,2653866.126422,0.0547619047619048,0.0179487179487179,0.00201465201465201,0.666300366300366,0.138644688644689,0.12032967032967
311773.411807,2653866.126422,0.0635531135531135,0.132417582417582,0.00183150183150183,0.419230769230769,0.118315018315018,0.264652014652015
312273.411807,2653866.126422,0.706087275394206,0.0033003300330033,0,0.0537220388705537,0.0575724239090576,0.179317931793179
312773.411807,2653866.126422,0.307142857142857,0.0225274725274725,0.000549450549450549,0.113003663003663,0.21007326007326,0.346703296703297
313273.411807,2653866.126422,0.216117216117216,0.0274725274725275,0.00531135531135531,0.363553113553114,0.187912087912088,0.1996336996337
301273.411807,2653366.126422,0.854392077755364,0,0,0,0,0.145607922244636
301773.411807,2653366.126422,0.964815832875206,0,0,0,0,0.0351841671247938
302273.411807,2653366.126422,0.985501926959075,0.000183519911910442,0,0,0,0.0143145531290145
302773.411807,2653366.126422,0.993764900055016,0.00623509994498441,0,0,0,0
303273.411807,2653366.126422,0.971412864211105,0.0254718709913872,0,0,0,0.00311526479750779
303773.411807,2653366.126422,0.967516975591852,0.00495503762158194,0,0,0,0.0275279867865663
304273.411807,2653366.126422,0.931047130020172,0,0,0,0,0.0689528699798276
304773.411807,2653366.126422,0.969397104636247,0.000733003481766538,0,0,0,0.0298698918819864
305273.411807,2653366.126422,0.827674802716095,0,0,0,0,0.172325197283905
305773.411807,2653366.126422,0.578213827251054,0.00586832935998533,0,0.00916926462497708,0.0282413350449294,0.378507243719054
306273.411807,2653366.126422,0.260399486897563,0.0461792193512919,0,0.0329851566794942,0.0663368150998717,0.594099321971779
306773.411807,2653366.126422,0.126445219306295,0.128096898513489,0,0.0488162965681776,0.108827307762892,0.587814277849147
307273.411807,2653366.126422,0.0977443609022556,0.0698697964423253,0,0.194205024757014,0.135338345864662,0.502842472033743
307773.411807,2653366.126422,0.157778999450247,0.078248121678578,0.000183250870441635,0.218984790177753,0.155579989004948,0.389224848818032
308273.411807,2653366.126422,0.0785465222976693,0.201688383189576,0,0.0203707102220591,0.0873554780693705,0.612038906221325
308773.411807,2653366.126422,0.103245919677242,0.183752063084541,0,0.0418118466898955,0.0924261874197689,0.578763983128553
309273.411807,2653366.126422,0.0980392156862745,0.134139637163277,0.000549752611324904,0.1434854315558,0.190397654388858,0.433388308594466
309773.411807,2653366.126422,0.0985501926959075,0.0324830244081483,0.000367039823820885,0.51458983299688,0.12442650027528,0.229583409799963
310273.411807,2653366.126422,0.0916926462497708,0.0353933614524115,0.000916926462497708,0.510544654318724,0.113515496057216,0.24793691545938
310773.411807,2653366.126422,0.180135605644127,0.0227231079347627,0.00274876305662452,0.361920469122228,0.124060839288987,0.308411214953271
311273.411807,2653366.126422,0.0491833363919985,0.0311983850247752,0.00201871903101487,0.75940539548541,0.112681225913012,0.0455129381537897
311773.411807,2653366.126422,0.10783055198973,0.0379607555474051,0.000550155877498625,0.522464698331194,0.225380524481937,0.105813313772235
312273.411807,2653366.126422,0.327286054608759,0.0503939893714495,0,0.100787978742899,0.150815466373465,0.370716510903427
312773.411807,2653366.126422,0.260047715177097,0.0192695907505964,0.000550559735731327,0.12461002018719,0.171958157460084,0.423563956689301
313273.411807,2653366.126422,0.183385292499542,0.0722538052448194,0.0075187969924812,0.387126352466532,0.162662754447093,0.187052998349532
301273.411807,2652866.126422,0.845166024582645,0.000366905155017428,0,0,0.000183452577508714,0.154283617684828
301773.411807,2652866.126422,0.981135531135531,0,0,0,0,0.0188644688644689
302273.411807,2652866.126422,0.984220183486239,0,0,0,0,0.0157798165137615
302773.411807,2652866.126422,0.986974866996881,0.00495321959273528,0,0,0,0.00807191341038342
303273.411807,2652866.126422,0.956959706959707,0.0168498168498168,0,0,0,0.0261904761904762
303773.411807,2652866.126422,0.969357798165138,0.0139449541284404,0,0,0,0.016697247706422
304273.411807,2652866.126422,0.96716198862594,0,0,0,0,0.0328380113740598
304773.411807,2652866.126422,0.955311355311355,0.00366300366300366,0,0,0,0.041025641025641
305273.411807,2652866.126422,0.899266055045872,0.00036697247706422,0,0,0.00036697247706422,0.1
305773.411807,2652866.126422,0.818381948266373,0.000733810310034856,0,0.00293524124013942,0.0106402494955054,0.167308750687947
306273.411807,2652866.126422,0.271062271062271,0.0758241758241758,0,0.00274725274725275,0.0155677655677656,0.634798534798535
306773.411807,2652866.126422,0.0954128440366973,0.222752293577982,0,0.00477064220183486,0.0376146788990826,0.639449541284404
307273.411807,2652866.126422,0.0790680609062557,0.245276096129151,0,0.157952669235003,0.111722619702807,0.405980554026784
307773.411807,2652866.126422,0.0377289377289377,0.0249084249084249,0.000183150183150183,0.735164835164835,0.142857142857143,0.0591575091575092
308273.411807,2652866.126422,0.0805504587155963,0.138532110091743,0,0.228990825688073,0.0803669724770642,0.471559633027523
308773.411807,2652866.126422,0.106035589800037,0.114841313520455,0,0.159236837277564,0.137772885709044,0.4821133736929
309273.411807,2652866.126422,0.112087912087912,0.0311355311355311,0.00384615384615385,0.316300366300366,0.0937728937728938,0.442857142857143
309773.411807,2652866.126422,0.0559633027522936,0.0236697247706422,0.00036697247706422,0.767889908256881,0.105137614678899,0.0469724770642202
310273.411807,2652866.126422,0.150247660979637,0.0590717299578059,0,0.176481379563383,0.115942028985507,0.498257200513667
310773.411807,2652866.126422,0.126556776556777,0.0276556776556777,0.00476190476190476,0.498351648351648,0.131868131868132,0.210805860805861
311273.411807,2652866.126422,0.0818348623853211,0.0332110091743119,0.00311926605504587,0.71394495412844,0.122752293577982,0.0451376146788991
311773.411807,2652866.126422,0.0587048248027885,0.0324711062190424,0.00715465052283985,0.811227297743533,0.0755824619335902,0.0148596587782058
312273.411807,2652866.126422,0.194688644688645,0.0615384615384615,0.00457875457875458,0.292307692307692,0.181684981684982,0.265201465201465
312773.411807,2652866.126422,0.229174311926606,0.0497247706422018,0.0396330275229358,0.127155963302752,0.180550458715596,0.373761467889908
313273.411807,2652866.126422,0.0875068794716566,0.0618235186204366,0.0838378279214823,0.383966244725738,0.0963126031920749,0.286552926068611
301273.411807,2652366.126422,0.892857142857143,0,0,0,0,0.107142857142857
301773.411807,2652366.126422,0.95966263292996,0,0,0,0,0.0403373670700403
302273.411807,2652366.126422,0.931135531135531,0.00201465201465201,0,0,0,0.0668498168498168
302773.411807,2652366.126422,0.98956043956044,0,0,0,0,0.0104395604395604
303273.411807,2652366.126422,0.987715438210488,0,0,0,0,0.0122845617895123
303773.411807,2652366.126422,0.895970695970696,0.0152014652014652,0,0,0,0.0888278388278388
304273.411807,2652366.126422,0.901465201465201,0.00311355311355311,0,0,0,0.0954212454212454
304773.411807,2652366.126422,0.931976530986432,0,0,0,0,0.068023469013568
305273.411807,2652366.126422,0.886630036630037,0,0,0.000366300366300366,0.000366300366300366,0.112637362637363
305773.411807,2652366.126422,0.860622710622711,0,0,0,0,0.139377289377289
306273.411807,2652366.126422,0.290795746241291,0.14008067473414,0,0.00403373670700403,0.0267693436010268,0.538320498716538
306773.411807,2652366.126422,0.0824175824175824,0.260622710622711,0,0.00512820512820513,0.0276556776556777,0.624175824175824
307273.411807,2652366.126422,0.123076923076923,0.140842490842491,0,0.113369963369963,0.143589743589744,0.479120879120879
307773.411807,2652366.126422,0.0779244591125779,0.330949761642831,0.000183351668500183,0.0685735240190686,0.066006600660066,0.456362302896956
308273.411807,2652366.126422,0.0996336996336996,0.0445054945054945,0,0.330952380952381,0.143040293040293,0.381868131868132
308773.411807,2652366.126422,0.0721611721611722,0.0688644688644689,0.000366300366300366,0.616666666666667,0.113736263736264,0.128205128205128
309273.411807,2652366.126422,0.0412541254125413,0.0262192885955262,0.000733406674000733,0.701136780344701,0.126329299596626,0.104327099376604
309773.411807,2652366.126422,0.0298534798534799,0.032051282051282,0.00274725274725275,0.70018315018315,0.134798534798535,0.1003663003663
310273.411807,2652366.126422,0.0703296703296703,0.0490842490842491,0.000183150183150183,0.645604395604396,0.114652014652015,0.12014652014652
310773.411807,2652366.126422,0.0454712137880455,0.0227356068940227,0.0011001100110011,0.787862119545288,0.0812247891455812,0.0616061606160616
311273.411807,2652366.126422,0.0157509157509158,0.00567765567765568,0.00274725274725275,0.910805860805861,0.0534798534798535,0.0115384615384615
311773.411807,2652366.126422,0.032967032967033,0.0217948717948718,0,0.847619047619048,0.0763736263736264,0.0212454212454212
312273.411807,2652366.126422,0.109094242757609,0.0331866519985332,0.0011001100110011,0.556655665566557,0.166483314998166,0.133480014668133
312773.411807,2652366.126422,0.0177655677655678,0.010989010989011,0.237362637362637,0.55018315018315,0.104578754578755,0.0791208791208791
301273.411807,2651866.126422,0.981294700165047,0,0,0,0,0.0187052998349532
301773.411807,2651866.126422,0.663917903610042,0,0,0,0,0.336082096389958
302273.411807,2651866.126422,0.953569462286658,0,0,0,0,0.0464305377133419
302773.411807,2651866.126422,0.948652118100128,0,0,0,0,0.0513478818998716
303273.411807,2651866.126422,0.961517317207257,0,0,0,0,0.0384826827927433
303773.411807,2651866.126422,0.815746008441916,0,0,0,0.000734079647641769,0.183519911910442
304273.411807,2651866.126422,0.902255639097744,0,0,0,0,0.0977443609022556
304773.411807,2651866.126422,0.912222833058457,0,0,0,0,0.087777166941543
305273.411807,2651866.126422,0.861442466507616,0,0,0,0,0.138557533492384
305773.411807,2651866.126422,0.831468916192921,0.000550155877498625,0,0.00238400880249404,0.0130203557674674,0.152576563359619
306273.411807,2651866.126422,0.280373831775701,0.0672530694520799,0,0.0207073483599047,0.0747663551401869,0.556899395272128
306773.411807,2651866.126422,0.0772618829142962,0.173976876491099,0,0.198385024775188,0.117636263534593,0.432739952284823
307273.411807,2651866.126422,0.0858243168897854,0.0282413350449294,0.00110031175499725,0.50412616908124,0.175316339629562,0.205391527599487
307773.411807,2651866.126422,0.0791643760307861,0.231262598497343,0,0.0694520798973795,0.0712845886017959,0.548836356972696
308273.411807,2651866.126422,0.109744907322444,0.0820334006239677,0,0.163149201688383,0.12442650027528,0.520645990089925
308773.411807,2651866.126422,0.0944434256372639,0.0322758114799193,0.000550155877498625,0.463047863561342,0.154593801577114,0.255088941866862
309273.411807,2651866.126422,0.0729338464357706,0.0293201392706615,0,0.576140736668499,0.159794759025105,0.161810518599963
309773.411807,2651866.126422,0.0873554780693705,0.0385391815011929,0.000917599559552211,0.546705817581208,0.158928243714443,0.167553679574234
310273.411807,2651866.126422,0.102328993214744,0.0379607555474051,0.00128369704749679,0.561158995048597,0.127086007702182,0.170181551439575
310773.411807,2651866.126422,0.0613890415979476,0.0366501740883269,0.00164925783397471,0.643027304379696,0.141103170240059,0.116181051859996
311273.411807,2651866.126422,0.0143145531290145,0.012846393833731,0.00165167920719398,0.877592218755735,0.0741420444118187,0.0194531106625069
311773.411807,2651866.126422,0.112415184302219,0.0478635613423803,0.00330093526499175,0.404731340546488,0.14010636346965,0.291582615074271
312273.411807,2651866.126422,0.0410481949789262,0.0643210555250137,0.13230712845886,0.359171706065604,0.137804654572109,0.265347260399487
301273.411807,2651366.126422,0.949183636030086,0,0,0.00110071546505228,0.00366905155017428,0.0460465969546872
301773.411807,2651366.126422,0.878937728937729,0,0,0,0,0.121062271062271
302273.411807,2651366.126422,0.874128440366972,0,0,0,0,0.125871559633028
302773.411807,2651366.126422,0.883507613281967,0.001284168042561,0,0,0,0.115208218675472
303273.411807,2651366.126422,0.764652014652015,0.00366300366300366,0,0,0,0.231684981684982
303773.411807,2651366.126422,0.883119266055046,0,0,0,0,0.116880733944954
304273.411807,2651366.126422,0.927169326729041,0.000550357732526142,0,0,0,0.0722803155384333
304773.411807,2651366.126422,0.902014652014652,0,0,0,0.000183150183150183,0.0978021978021978
305273.411807,2651366.126422,0.858165137614679,0,0,0,0,0.141834862385321
305773.411807,2651366.126422,0.759860576041093,0.0465969546872134,0,0,0,0.193542469271693
306273.411807,2651366.126422,0.0943223443223443,0.183699633699634,0,0.0164835164835165,0.043040293040293,0.662454212454212
306773.411807,2651366.126422,0.117064220183486,0.160183486238532,0,0.112110091743119,0.13743119266055,0.473211009174312
307273.411807,2651366.126422,0.0585213722252798,0.224912860025683,0.001284168042561,0.241607044578976,0.105852137222528,0.367822417904972
307773.411807,2651366.126422,0.0470695970695971,0.283150183150183,0,0.111721611721612,0.137912087912088,0.42014652014652
308273.411807,2651366.126422,0.0792660550458716,0.162935779816514,0.00128440366972477,0.251192660550459,0.110825688073394,0.394495412844037
308773.411807,2651366.126422,0.142909557879288,0.0882406897816914,0,0.075032104201064,0.110438451660246,0.583379196477711
309273.411807,2651366.126422,0.102747252747253,0.0989010989010989,0,0.118498168498168,0.136630036630037,0.543223443223443
309773.411807,2651366.126422,0.0911926605504587,0.0704587155963303,0.00293577981651376,0.351192660550459,0.113761467889908,0.37045871559633
310273.411807,2651366.126422,0.060906255732893,0.0330214639515685,0.00091726288754357,0.702990277013392,0.115024766097964,0.0871399743166392
310773.411807,2651366.126422,0.0456043956043956,0.0461538461538462,0,0.672710622710623,0.152014652014652,0.0835164835164835
311273.411807,2651366.126422,0.105321100917431,0.096697247706422,0.00036697247706422,0.0987155963302752,0.101651376146789,0.597247706422018
311773.411807,2651366.126422,0.0909924784443221,0.124931205283434,0.00275178866263071,0.0779673454412034,0.116859291873051,0.586497890295359
301273.411807,2650866.126422,0.486446886446886,0.0144688644688645,0,0.078021978021978,0.121978021978022,0.299084249084249
301773.411807,2650866.126422,0.838283828382838,0.000366703337000367,0,0.000183351668500183,0.0022002200220022,0.158965896589659
302273.411807,2650866.126422,0.878937728937729,0,0,0,0,0.121062271062271
302773.411807,2650866.126422,0.70018315018315,0,0,0,0,0.29981684981685
303273.411807,2650866.126422,0.865053171983865,0,0,0,0,0.134946828016135
303773.411807,2650866.126422,0.914652014652015,0,0,0,0,0.0853479853479854
304273.411807,2650866.126422,0.926373626373626,0,0,0,0,0.0736263736263736
304773.411807,2650866.126422,0.845251191785845,0,0,0,0,0.154748808214155
305273.411807,2650866.126422,0.760622710622711,0.000183150183150183,0,0.000183150183150183,0.000915750915750916,0.238095238095238
305773.411807,2650866.126422,0.296153846153846,0.0472527472527473,0,0.00384615384615385,0.028021978021978,0.624725274725275
306273.411807,2650866.126422,0.0493215988265493,0.246241290795746,0,0.0229189585625229,0.0603226989365603,0.621195452878621
306773.411807,2650866.126422,0.0402930402930403,0.323809523809524,0,0.0289377289377289,0.0336996336996337,0.573260073260073
307273.411807,2650866.126422,0.0578754578754579,0.15018315018315,0,0.0258241758241758,0.0695970695970696,0.696520146520146
307773.411807,2650866.126422,0.0757242390905757,0.231573157315732,0.000366703337000367,0.03997066373304,0.083975064173084,0.568390172350568
308273.411807,2650866.126422,0.113003663003663,0.185714285714286,0.000183150183150183,0.27985347985348,0.123626373626374,0.297619047619048
308773.411807,2650866.126422,0.0981684981684982,0.208058608058608,0.000732600732600733,0.0382783882783883,0.0981684981684982,0.556593406593407
309273.411807,2650866.126422,0.0861752841950862,0.247891455812248,0,0.0355702236890356,0.0696736340300697,0.560689402273561
309773.411807,2650866.126422,0.0923076923076923,0.213919413919414,0,0.145604395604396,0.130769230769231,0.417399267399267
310273.411807,2650866.126422,0.080952380952381,0.0882783882783883,0,0.367032967032967,0.115018315018315,0.348717948717949
310773.411807,2650866.126422,0.0740740740740741,0.0894756142280895,0,0.274110744407774,0.117345067840117,0.444994499449945
311273.411807,2650866.126422,0.0576923076923077,0.121611721611722,0.00146520146520147,0.0796703296703297,0.0838827838827839,0.655677655677656
311773.411807,2650866.126422,0.0838827838827839,0.058974358974359,0.264285714285714,0.258058608058608,0.086996336996337,0.247802197802198
301273.411807,2650366.126422,0.182101595452045,0.0441958554923895,0.0196222262974509,0.28809829451678,0.203557674674491,0.262424353566844
301773.411807,2650366.126422,0.684442001099505,0.0108118013560564,0,0.0042147700201576,0.0390324354040682,0.261498992120213
302273.411807,2650366.126422,0.926775555147734,0.000550559735731327,0,0,0.000367039823820885,0.0723068452927143
302773.411807,2650366.126422,0.841371721987897,0,0,0,0,0.158628278012103
303273.411807,2650366.126422,0.957852299798424,0,0,0,0,0.042147700201576
303773.411807,2650366.126422,0.846210313819049,0,0,0,0,0.153789686180951
304273.411807,2650366.126422,0.907207041995232,0,0,0,0,0.092792958004768
304773.411807,2650366.126422,0.612974161627268,0.00146600696353308,0,0.00128275609309144,0.0089792926516401,0.375297782664468
305273.411807,2650366.126422,0.277482106808589,0.0552394934850431,0.0170673518076711,0.0133969535694623,0.0433106992108644,0.59350339511837
305773.411807,2650366.126422,0.137722354667156,0.161379057399597,0,0.0302585732624244,0.0682193288098294,0.602420685860994
306273.411807,2650366.126422,0.0445299615173172,0.294484148799707,0,0.0379329301814184,0.0623052959501558,0.560747663551402
306773.411807,2650366.126422,0.0559735731326849,0.302257294916498,0,0.0258763075793724,0.0554230133969536,0.560469810974491
307273.411807,2650366.126422,0.119383825417202,0.100678525582248,0.00275077938749312,0.0801393728222996,0.151476251604621,0.545571245186136
307773.411807,2650366.126422,0.07623236210372,0.186366135239142,0,0.119479567527946,0.188931647425325,0.428990287703867
308273.411807,2650366.126422,0.0761607634428336,0.193613507065517,0,0.0181684712791338,0.0702881262616994,0.641769131950817
308773.411807,2650366.126422,0.0746378140473134,0.258389877131854,0,0.0456629378323858,0.0863744727672841,0.534934898221163
309273.411807,2650366.126422,0.0938244456661169,0.12332783580722,0.000366501740883269,0.0846619021440352,0.117647058823529,0.580172255818215
309773.411807,2650366.126422,0.0994677922554597,0.179482473848413,0.00587263718113415,0.0790970820334006,0.0868049183336392,0.549275096347954
310273.411807,2650366.126422,0.0630845406198423,0.0452961672473868,0,0.549605721621126,0.124518613607189,0.217494956904456
310773.411807,2650366.126422,0.0602895363752978,0.172805570826461,0,0.140736668499175,0.0938244456661169,0.532343778632948
311273.411807,2650366.126422,0.0816663608001468,0.110111947146265,0,0.156726004771518,0.154707285740503,0.496788401541567
301273.411807,2649866.126422,0.733076499724821,0,0,0.000183452577508714,0.00421940928270042,0.26252063841497
301773.411807,2649866.126422,0.0509157509157509,0.0164835164835165,0.0249084249084249,0.136813186813187,0.0842490842490843,0.686630036630037
302273.411807,2649866.126422,0.598348623853211,0.0181651376146789,0.051743119266055,0.103669724770642,0.0565137614678899,0.171559633027523
302773.411807,2649866.126422,0.968446156668501,0,0,0,0,0.0315538433314988
303273.411807,2649866.126422,0.823809523809524,0.00824175824175824,0,0.000366300366300366,0.00494505494505494,0.162637362637363
303773.411807,2649866.126422,0.416697247706422,0.0146788990825688,0,0.00293577981651376,0.0253211009174312,0.540366972477064
304273.411807,2649866.126422,0.275178866263071,0.0653091175931022,0,0.0091726288754357,0.0436617134470739,0.606677673821317
304773.411807,2649866.126422,0.144322344322344,0.0307692307692308,0,0.00567765567765568,0.0307692307692308,0.788461538461538
305273.411807,2649866.126422,0.0664220183486239,0.0361467889908257,0.00403669724770642,0.00036697247706422,0.00825688073394495,0.884770642201835
305773.411807,2649866.126422,0.172261970280682,0.0418271876719868,0.00366905155017428,0.185103650706292,0.249128600256834,0.34800953953403
306273.411807,2649866.126422,0.0401098901098901,0.299267399267399,0,0.0318681318681319,0.0518315018315018,0.576923076923077
306773.411807,2649866.126422,0.102752293577982,0.204954128440367,0,0.0313761467889908,0.0897247706422018,0.571192660550459
307273.411807,2649866.126422,0.0676940011007155,0.206200697119795,0,0.0394423041643735,0.0911759310218309,0.595487066593286
307773.411807,2649866.126422,0.0494505494505494,0.303296703296703,0,0.134981684981685,0.13040293040293,0.381868131868132
308273.411807,2649866.126422,0.0660550458715596,0.425688073394495,0,0.0477064220183486,0.0970642201834862,0.36348623853211
308773.411807,2649866.126422,0.124380847550908,0.140341221794166,0,0.136672170243992,0.148963492937076,0.449642267473858
309273.411807,2649866.126422,0.211721611721612,0.0192307692307692,0,0.0304029304029304,0.0597069597069597,0.678937728937729
309773.411807,2649866.126422,0.139449541284404,0.13743119266055,0,0.204770642201835,0.103853211009174,0.414495412844037
310273.411807,2649866.126422,0.130618235186204,0.106219042377545,0.000550357732526142,0.359383599339571,0.115208218675472,0.288020546688681
310773.411807,2649866.126422,0.0695970695970696,0.164102564102564,0,0.205494505494505,0.13974358974359,0.421062271062271
311273.411807,2649866.126422,0.0796330275229358,0.0928440366972477,0.00018348623853211,0.14256880733945,0.0924770642201835,0.592293577981651
301273.411807,2649366.126422,0.62985347985348,0.00695970695970696,0,0.00531135531135531,0.0108058608058608,0.347069597069597
301773.411807,2649366.126422,0.284745141180785,0.0077007700770077,0,0.0575724239090576,0.107627429409608,0.542354235423542
302273.411807,2649366.126422,0.181868131868132,0.0371794871794872,0,0.00421245421245421,0.0628205128205128,0.713919413919414
302773.411807,2649366.126422,0.0842490842490843,0.047985347985348,0.0250915750915751,0.483882783882784,0.105311355311355,0.253479853479853
303273.411807,2649366.126422,0.194169416941694,0.0834250091675834,0,0.0326365969930326,0.0583058305830583,0.631463146314632
303773.411807,2649366.126422,0.161172161172161,0.102197802197802,0,0.106043956043956,0.16025641025641,0.47032967032967
304273.411807,2649366.126422,0.113369963369963,0.162820512820513,0,0.00128205128205128,0.0225274725274725,0.7
304773.411807,2649366.126422,0.128162816281628,0.149431609827649,0,0.0106343967730106,0.0436376971030436,0.668133480014668
305273.411807,2649366.126422,0.0853479853479854,0.171794871794872,0.000366300366300366,0.0164835164835165,0.0423076923076923,0.683699633699634
305773.411807,2649366.126422,0.243772893772894,0.0974358974358974,0,0.0496336996336996,0.104212454212454,0.504945054945055
306273.411807,2649366.126422,0.23028969563623,0.124679134580125,0,0.0924092409240924,0.107444077741107,0.445177851118445
306773.411807,2649366.126422,0.14010989010989,0.261904761904762,0,0.0324175824175824,0.080952380952381,0.484615384615385
307273.411807,2649366.126422,0.084981684981685,0.329120879120879,0,0.0245421245421245,0.0728937728937729,0.488461538461538
307773.411807,2649366.126422,0.0339200586725339,0.35955262192886,0,0.0436376971030436,0.0876420975430876,0.475247524752475
308273.411807,2649366.126422,0.0393772893772894,0.524542124542125,0.000183150183150183,0.0133699633699634,0.0267399267399267,0.395787545787546
308773.411807,2649366.126422,0.211355311355311,0.0815018315018315,0,0.117765567765568,0.161721611721612,0.427655677655678
309273.411807,2649366.126422,0.128529519618629,0.143197653098643,0,0.0476714338100477,0.106343967730106,0.574257425742574
309773.411807,2649366.126422,0.133150183150183,0.101282051282051,0.000183150183150183,0.297252747252747,0.132234432234432,0.335897435897436
310273.411807,2649366.126422,0.0886446886446886,0.254029304029304,0.000183150183150183,0.084981684981685,0.123076923076923,0.449084249084249
310773.411807,2649366.126422,0.0781078107810781,0.156032269893656,0.000366703337000367,0.242207554088742,0.103410341034103,0.41987532086542
311273.411807,2649366.126422,0.0628205128205128,0.146336996336996,0,0.0591575091575092,0.0705128205128205,0.661172161172161
311773.411807,2649366.126422,0.0824175824175824,0.0368131868131868,0.291025641025641,0.222527472527473,0.0518315018315018,0.315384615384615
301273.411807,2648866.126422,0.583532000733541,0.00330093526499175,0,0.00385109114249037,0.0192554557124519,0.390060517146525
301773.411807,2648866.126422,0.701484332050577,0.000549752611324904,0,0,0.000183250870441635,0.297782664467656
302273.411807,2648866.126422,0.481005689117269,0.0383556615892824,0,0.00697375665259681,0.0229399889888053,0.450724903652046
302773.411807,2648866.126422,0.322758114799193,0.0715202640748212,0,0.0381441408399046,0.0350265908674124,0.532550889418669
303273.411807,2648866.126422,0.101887483965549,0.0542422576507238,0.0425142019424592,0.319039765438886,0.180135605644127,0.302180685358255
303773.411807,2648866.126422,0.106625068819967,0.0489998164800881,0,0.015782712424298,0.0748761240594605,0.753716278216186
304273.411807,2648866.126422,0.183568677792041,0.208509077571979,0,0.00385109114249037,0.0117366587199707,0.592334494773519
304773.411807,2648866.126422,0.135422393256368,0.146600696353308,0,0.0364669232178853,0.0382994319223016,0.643210555250137
305273.411807,2648866.126422,0.195265186272711,0.109561387410534,0,0.0392732611488346,0.05395485410167,0.601945311066251
305773.411807,2648866.126422,0.141756831102146,0.0788556757748029,0.000550155877498625,0.0966440491472584,0.139739592884651,0.542453695213644
306273.411807,2648866.126422,0.127542605827378,0.244090159428257,0,0.00201575957485798,0.0109950522264981,0.615356422943009
306773.411807,2648866.126422,0.110662506881997,0.2530739585245,0.000183519911910442,0.0168838318957607,0.0534042943659387,0.565791888419894
307273.411807,2648866.126422,0.135338345864662,0.18796992481203,0,0.0315422703099211,0.0673024023473317,0.577847056666055
307773.411807,2648866.126422,0.122961334066337,0.417445482866044,0,0.0130108118013561,0.0406816932380429,0.405900678028221
308273.411807,2648866.126422,0.0187190310148651,0.409432923472197,0,0.015782712424298,0.0620297302257295,0.494035602862911
308773.411807,2648866.126422,0.0328259673574179,0.333027691179167,0,0.0148542086924629,0.0509811113148725,0.568311021456079
309273.411807,2648866.126422,0.123511086677662,0.192963166575041,0.00256551218618288,0.0835623969213854,0.0998717243906908,0.497526113249038
309773.411807,2648866.126422,0.110662506881997,0.173059276931547,0,0.247017801431455,0.144613690585429,0.324646724169572
310273.411807,2648866.126422,0.0651017788373372,0.132770951769668,0,0.152393178067119,0.155143957454612,0.494590133871264
310773.411807,2648866.126422,0.0841121495327103,0.121678577973245,0,0.124977093641195,0.100421477002016,0.568810701850834
311273.411807,2648866.126422,0.12038906221325,0.22811525050468,0,0.0548724536612222,0.0455129381537897,0.551110295467058
311773.411807,2648866.126422,0.0377773702549056,0.0154043645699615,0.48780487804878,0.18411883366954,0.0302585732624244,0.244635980194388
301273.411807,2648366.126422,0.617868281049349,0.00385250412768299,0,0.00220143093010457,0.017978352595854,0.35809943129701
301773.411807,2648366.126422,0.582967032967033,0,0,0,0,0.417032967032967
302273.411807,2648366.126422,0.858348623853211,0,0,0,0.00146788990825688,0.140183486238532
302773.411807,2648366.126422,0.787195010089892,0.00752155567785727,0,0,0.001284168042561,0.20399926618969
303273.411807,2648366.126422,0.0360805860805861,0.0483516483516484,0.0512820512820513,0.20970695970696,0.034981684981685,0.61959706959707
303773.411807,2648366.126422,0,0.0462385321100917,0,0.314495412844037,0.230275229357798,0.408990825688073
304273.411807,2648366.126422,0.131718950651257,0.0583379196477711,0,0.00458631443771785,0.268758026050266,0.536598789212988
304773.411807,2648366.126422,0.14981684981685,0.185531135531136,0,0.0010989010989011,0.0195970695970696,0.643956043956044
305273.411807,2648366.126422,0.126422018348624,0.2,0,0.035045871559633,0.0642201834862385,0.574311926605505
305773.411807,2648366.126422,0.0509998165474225,0.357182168409466,0,0.0122913226930838,0.0286186020913594,0.550908090258668
306273.411807,2648366.126422,0.0353479853479853,0.468681318681319,0,0.00128205128205128,0.00567765567765568,0.489010989010989
306773.411807,2648366.126422,0.0427522935779817,0.32697247706422,0.00036697247706422,0.00146788990825688,0.00954128440366972,0.618899082568807
307273.411807,2648366.126422,0.0346725371491469,0.368923133370024,0,0.00183452577508714,0.00880572372041827,0.585764079985324
307773.411807,2648366.126422,0.0305860805860806,0.313919413919414,0,0.0201465201465201,0.0443223443223443,0.591025641025641
308273.411807,2648366.126422,0.0913761467889908,0.320733944954128,0.00018348623853211,0.0834862385321101,0.124220183486239,0.38
308773.411807,2648366.126422,0.0508163639699138,0.454595487066593,0.000366905155017428,0.0121078701155751,0.0409099247844432,0.441203448908457
309273.411807,2648366.126422,0.148534798534799,0.034981684981685,0,0.086996336996337,0.168864468864469,0.560622710622711
309773.411807,2648366.126422,0.116697247706422,0.0574311926605505,0,0.190091743119266,0.152110091743119,0.483669724770642
310273.411807,2648366.126422,0.0658594753256283,0.030820033021464,0,0.323426894147863,0.164556962025316,0.415336635479728
310773.411807,2648366.126422,0.0362637362637363,0.0476190476190476,0.00457875457875458,0.458241758241758,0.173260073260073,0.28003663003663
311273.411807,2648366.126422,0.0521100917431193,0.114495412844037,0.171926605504587,0.0148623853211009,0.0552293577981651,0.591376146788991
311773.411807,2648366.126422,0,0.0603558980003669,0.357549073564484,0.561731792331682,0.0130251330031187,0.00733810310034856
301273.411807,2647866.126422,0.741025641025641,0.000183150183150183,0,0.000183150183150183,0.00293040293040293,0.255677655677656
301773.411807,2647866.126422,0.164099743307664,0.0331866519985332,0.373670700403374,0.0443711037770444,0.0759075907590759,0.308764209754309
302273.411807,2647866.126422,0.694139194139194,0.0368131868131868,0.119047619047619,0.0417582417582418,0.000732600732600733,0.107509157509158
302773.411807,2647866.126422,0.976373626373626,0,0,0,0,0.0236263736263736
303273.411807,2647866.126422,0.730473047304731,0.0185185185185185,0,0,0,0.251008434176751
303773.411807,2647866.126422,0.227472527472527,0.0188644688644689,0.0163003663003663,0.3496336996337,0.124542124542125,0.263186813186813
304273.411807,2647866.126422,0.00164835164835165,0.073992673992674,0.00915750915750916,0.620512820512821,0.141758241758242,0.152930402930403
304773.411807,2647866.126422,0.0449211587825449,0.367986798679868,0.0011001100110011,0.123945727906124,0.0414374770810414,0.420608727539421
305273.411807,2647866.126422,0.0521978021978022,0.407875457875458,0,0,0.00641025641025641,0.533516483516484
305773.411807,2647866.126422,0.0509157509157509,0.358424908424908,0,0,0.00989010989010989,0.580769230769231
306273.411807,2647866.126422,0.0300696736340301,0.528969563623029,0,0.000183351668500183,0.00495049504950495,0.435826916024936
306773.411807,2647866.126422,0.124908424908425,0.322527472527473,0,0.00183150183150183,0.0267399267399267,0.523992673992674
307273.411807,2647866.126422,0.1,0.261355311355311,0,0.00146520146520147,0.0225274725274725,0.614652014652015
307773.411807,2647866.126422,0.107994132746608,0.16996699669967,0,0.0518885221855519,0.145397873120645,0.524752475247525
308273.411807,2647866.126422,0.0767399267399267,0.248168498168498,0,0.0133699633699634,0.0454212454212454,0.616300366300366
308773.411807,2647866.126422,0.132051282051282,0.164835164835165,0,0.0263736263736264,0.111721611721612,0.565018315018315
