"x","y","forest","agri","water","built","other","grass"
199273.411807,2682366.126422,0,0,0.308915388983532,0.691084611016468,0,0
199773.411807,2682366.126422,0.00403373670700403,0.0368536853685369,0.412174550788412,0.522735606894023,0.01998533186652,0.00421708837550422
200273.411807,2682366.126422,0.0399267399267399,0.0875457875457875,0.0538461538461538,0.777472527472527,0.0318681318681319,0.00934065934065934
200773.411807,2682366.126422,0.0216117216117216,0.162087912087912,0.149450549450549,0.486813186813187,0.144139194139194,0.0358974358974359
201273.411807,2682366.126422,0.0163182984965163,0.158232489915658,0.0716905023835717,0.616978364503117,0.0383204987165383,0.0984598459845985
201773.411807,2682366.126422,0.06996336996337,0.517399267399267,0.0626373626373626,0.165567765567766,0.0327838827838828,0.151648351648352
202273.411807,2682366.126422,0.0675824175824176,0.176739926739927,0.0175824175824176,0.16025641025641,0.156776556776557,0.421062271062271
202773.411807,2682366.126422,0.0205353868720205,0.117711771177118,0.0898423175650898,0.690685735240191,0.0427209387605427,0.0385038503850385
203273.411807,2682366.126422,0.0406593406593407,0.0743589743589744,0.0249084249084249,0.77967032967033,0.0567765567765568,0.0236263736263736
203773.411807,2682366.126422,0.0186813186813187,0.0772893772893773,0.0483516483516484,0.747985347985348,0.0514652014652015,0.0562271062271062
204273.411807,2682366.126422,0.0258525852585259,0.142647598093143,0.0194352768610194,0.553905390539054,0.0944261092775944,0.163733039970664
204773.411807,2682366.126422,0.0245421245421245,0.398351648351648,0.0122710622710623,0.154029304029304,0.0283882783882784,0.382417582417582
205273.411807,2682366.126422,0.03003663003663,0.556043956043956,0.0115384615384615,0.174908424908425,0.043956043956044,0.183516483516484
205773.411807,2682366.126422,0.0658232489915658,0.127246057939127,0.0196186285295196,0.542170883755042,0.094976164283095,0.15016501650165
206273.411807,2682366.126422,0.0695970695970696,0.212820512820513,0.0278388278388278,0.302930402930403,0.0344322344322344,0.352380952380952
206773.411807,2682366.126422,0.0967032967032967,0.111538461538462,0.0010989010989011,0.122161172161172,0.0644688644688645,0.604029304029304
207273.411807,2682366.126422,0.0447378071140447,0.12046204620462,0,0.0264026402640264,0.0733406674000733,0.735056839017235
207773.411807,2682366.126422,0.0406593406593407,0.323809523809524,0.000732600732600733,0.184981684981685,0.0886446886446886,0.361172161172161
208273.411807,2682366.126422,0.0945054945054945,0.282417582417582,0.00622710622710623,0.200732600732601,0.1,0.316117216117216
208773.411807,2682366.126422,0.0803080308030803,0.253392005867253,0.0121012101210121,0.138430509717638,0.0722405573890722,0.443527686101944
209273.411807,2682366.126422,0.113919413919414,0.224175824175824,0.00860805860805861,0.0628205128205128,0.0661172161172161,0.524358974358974
209773.411807,2682366.126422,0.210989010989011,0.117582417582418,0.0148351648351648,0.165567765567766,0.21959706959707,0.271428571428571
210273.411807,2682366.126422,0.0372203887055372,0.0878254492115878,0.0104510451045105,0.551338467180051,0.139163916391639,0.174000733406674
210773.411807,2682366.126422,0.101831501831502,0.141575091575092,0,0.160622710622711,0.143040293040293,0.452930402930403
211273.411807,2682366.126422,0.0283882783882784,0.0382783882783883,0.000183150183150183,0.238644688644689,0.261355311355311,0.433150183150183
211773.411807,2682366.126422,0.00876383763837638,0.0223708487084871,0,0.107011070110701,0.0265221402214022,0.835332103321033
199273.411807,2681866.126422,0,0,0.354196301564723,0.645803698435277,0,0
199773.411807,2681866.126422,0.00366501740883269,0.0218068535825545,0.115631299248671,0.857064321055525,0.00164925783397471,0.000183250870441635
200273.411807,2681866.126422,0.0640484492567444,0.0853367590383557,0.0550559735731327,0.64745824922004,0.103505230317489,0.0445953385942375
200773.411807,2681866.126422,0.0335595085274161,0.133687878232166,0.0462130937098845,0.649183935448377,0.108380707867229,0.0289748762149276
201273.411807,2681866.126422,0.0109950522264981,0.463074949606011,0.0328019058090526,0.45629466739967,0.0159428257284222,0.0208905992303463
201773.411807,2681866.126422,0.05395485410167,0.34868783262984,0.0612956505780877,0.448706184621031,0.0374380620297302,0.0499174160396403
202273.411807,2681866.126422,0.026407482119934,0.0313588850174216,0.0476801760498808,0.829451677975426,0.0550155877498625,0.0100861910874748
202773.411807,2681866.126422,0.0287703866593366,0.363386476085761,0.0797141286421111,0.432288803371816,0.0328019058090526,0.0630382994319223
203273.411807,2681866.126422,0.0776289227381171,0.262984033767664,0.0282620664342081,0.517526151587447,0.0521196549825656,0.0614791704899982
203773.411807,2681866.126422,0.0535485054098661,0.306620209059233,0.0397946084724005,0.462497707683844,0.0520814230698698,0.0854575463047864
204273.411807,2681866.126422,0.0337181601612608,0.221367051493495,0.0166758292101887,0.574308227964083,0.0645043063954554,0.0894264247755177
204773.411807,2681866.126422,0.0517526151587447,0.279133786015783,0.0187190310148651,0.368691503028079,0.0910258763075794,0.19067718847495
205273.411807,2681866.126422,0.0526315789473684,0.123785072437191,0.0500641848523748,0.579680909591051,0.0601503759398496,0.133687878232166
205773.411807,2681866.126422,0.0179585853032802,0.00916254352208173,0.023089609675646,0.926882902693788,0.0201575957485798,0.00274876305662452
206273.411807,2681866.126422,0.0682694072306845,0.0550559735731327,0.0130299137456414,0.73022572949165,0.0807487612405946,0.0526702147182969
206773.411807,2681866.126422,0.137355584082157,0.0790390610673024,0.00788556757748029,0.501925545571245,0.106913625527233,0.166880616174583
207273.411807,2681866.126422,0.16364302730438,0.173355323437786,0.000366501740883269,0.0718343412131208,0.108301264431006,0.482499541872824
207773.411807,2681866.126422,0.0557900532207745,0.172692237107726,0,0.0135804734813727,0.0528537346302074,0.705083501559919
208273.411807,2681866.126422,0.0806895286997983,0.101962222629745,0,0.0022006235099945,0.0999449844122501,0.715202640748212
208773.411807,2681866.126422,0.160527762506872,0.142019424592267,0.00751328568810702,0.0908924317390508,0.0795308777716694,0.519516217702034
209273.411807,2681866.126422,0.16608552027895,0.147182969352175,0,0.0675353275830428,0.107359148467609,0.511837034318224
209773.411807,2681866.126422,0.152209792774619,0.216578030441959,0.00476801760498808,0.209426004034476,0.0926095727122685,0.324408582431689
210273.411807,2681866.126422,0.0196078431372549,0.285138354407183,0.00861279091075683,0.306395455378413,0.157595748579806,0.222649807586586
210773.411807,2681866.126422,0.0405579005322077,0.140209212699578,0.009543035419343,0.530372545421178,0.182235272527069,0.097082033400624
211273.411807,2681866.126422,0.0674857876398313,0.141756831102146,0.00385109114249037,0.311571611956721,0.186319457179534,0.289015220979277
211773.411807,2681866.126422,0.0558246828143022,0.085121107266436,0.0041522491349481,0.425836216839677,0.0869665513264129,0.342099192618224
199273.411807,2681366.126422,0,0.000284495021337127,0.866856330014225,0.132859174964438,0,0
199773.411807,2681366.126422,0.0269230769230769,0.0580586080586081,0.0238095238095238,0.868864468864469,0.0210622710622711,0.00128205128205128
200273.411807,2681366.126422,0.0460550458715596,0.0508256880733945,0.0273394495412844,0.759816513761468,0.0869724770642202,0.0289908256880734
200773.411807,2681366.126422,0.0970464135021097,0.153182902219776,0.0374243258117777,0.477710511832691,0.130801687763713,0.103834158869932
201273.411807,2681366.126422,0.0102564102564103,0.0197802197802198,0.0450549450549451,0.902380952380952,0.0188644688644689,0.00366300366300366
201773.411807,2681366.126422,0.0172477064220183,0.021651376146789,0.071743119266055,0.853394495412844,0.0348623853211009,0.00110091743119266
202273.411807,2681366.126422,0.017978352595854,0.201430930104568,0.0508163639699138,0.687396807925151,0.0229315721885892,0.0194459732159237
202773.411807,2681366.126422,0.0586080586080586,0.516666666666667,0.00256410256410256,0.262820512820513,0.0584249084249084,0.100915750915751
203273.411807,2681366.126422,0.02,0.632477064220183,0.00146788990825688,0.211926605504587,0.0401834862385321,0.0939449541284404
203773.411807,2681366.126422,0.0132085855806274,0.638231517152816,0.001284168042561,0.163089341405247,0.0836543753439736,0.100532012474775
204273.411807,2681366.126422,0.0311355311355311,0.361355311355311,0.023992673992674,0.369047619047619,0.0805860805860806,0.133882783882784
204773.411807,2681366.126422,0.0203669724770642,0.320183486238532,0.0152293577981651,0.314862385321101,0.164954128440367,0.164403669724771
205273.411807,2681366.126422,0.0398092093193909,0.0500825536598789,0.0557695835626491,0.782058337919648,0.0471473124197395,0.0251330031186938
205773.411807,2681366.126422,0.097985347985348,0.0701465201465201,0.0203296703296703,0.658791208791209,0.0679487179487179,0.0847985347985348
206273.411807,2681366.126422,0.0711926605504587,0.0788990825688073,0.0251376146788991,0.572293577981651,0.107706422018349,0.144770642201835
206773.411807,2681366.126422,0.0825536598789213,0.0893414052467437,0.00550357732526142,0.419556044762429,0.105301779490002,0.297743533296643
207273.411807,2681366.126422,0.131684981684982,0.169047619047619,0,0.0434065934065934,0.0736263736263736,0.582234432234432
207773.411807,2681366.126422,0.048256880733945,0.173761467889908,0,0.0242201834862385,0.107889908256881,0.645871559633028
208273.411807,2681366.126422,0.0875068794716566,0.163639699137773,0,0.062190423775454,0.0873234268941479,0.599339570720969
208773.411807,2681366.126422,0.0613553113553114,0.128388278388278,0.0326007326007326,0.0697802197802198,0.108424908424908,0.599450549450549
209273.411807,2681366.126422,0.0667889908256881,0.364403669724771,0,0.0477064220183486,0.0521100917431193,0.468990825688073
209773.411807,2681366.126422,0.0500825536598789,0.592735277930655,0,0.0337552742616034,0.0667767382131719,0.256650155934691
210273.411807,2681366.126422,0.281501831501832,0.144322344322344,0,0.0265567765567766,0.0978021978021978,0.44981684981685
210773.411807,2681366.126422,0.131009174311927,0.148807339449541,0,0.104954128440367,0.124954128440367,0.490275229357798
211273.411807,2681366.126422,0.111539167125298,0.118326912493121,0.00715465052283985,0.261236470372409,0.194276279581728,0.307466519904605
211773.411807,2681366.126422,0.133271846898778,0.0901544846668204,0.00276688955499193,0.379294443163477,0.186534470832373,0.20797786488356
199273.411807,2680866.126422,0.00653038046564452,0.0227143668370244,0.447756956274844,0.513344690516752,0.00965360590573538,0
199773.411807,2680866.126422,0.03997066373304,0.0586725339200587,0.151998533186652,0.671617161716172,0.0672900623395673,0.0104510451045105
200273.411807,2680866.126422,0.023992673992674,0.0827838827838828,0.0269230769230769,0.774542124542125,0.0824175824175824,0.00934065934065934
200773.411807,2680866.126422,0.0441391941391941,0.0745421245421245,0.0514652014652015,0.706593406593407,0.115567765567766,0.00769230769230769
201273.411807,2680866.126422,0.0141180784745141,0.0630729739640631,0.0133846718005134,0.854785478547855,0.0264026402640264,0.0282361569490282
201773.411807,2680866.126422,0.0124542124542125,0.0615384615384615,0.056959706959707,0.836630036630037,0.0181318681318681,0.0142857142857143
202273.411807,2680866.126422,0.0208791208791209,0.446703296703297,0.00164835164835165,0.362087912087912,0.0254578754578755,0.143223443223443
202773.411807,2680866.126422,0.0432709937660433,0.416391639163916,0.00971763843050972,0.342684268426843,0.0704070407040704,0.117528419508618
203273.411807,2680866.126422,0.0362637362637363,0.495787545787546,0.00677655677655678,0.26996336996337,0.067032967032967,0.124175824175824
203773.411807,2680866.126422,0.0227106227106227,0.549084249084249,0.0010989010989011,0.198168498168498,0.0417582417582418,0.187179487179487
204273.411807,2680866.126422,0.0322698936560323,0.265676567656766,0.0135680234690136,0.304363769710304,0.0836083608360836,0.3005133846718
204773.411807,2680866.126422,0.0360805860805861,0.258424908424908,0.0298534798534799,0.426007326007326,0.0710622710622711,0.178571428571429
205273.411807,2680866.126422,0.0263736263736264,0.0463369963369963,0.023992673992674,0.847252747252747,0.0241758241758242,0.0318681318681319
205773.411807,2680866.126422,0.174000733406674,0.15969930326366,0.0117345067840117,0.279244591125779,0.0806747341400807,0.294646131279795
206273.411807,2680866.126422,0.178205128205128,0.0424908424908425,0.00677655677655678,0.221794871794872,0.0536630036630037,0.497069597069597
206773.411807,2680866.126422,0.0661172161172161,0.103846153846154,0.00750915750915751,0.463919413919414,0.126923076923077,0.231684981684982
207273.411807,2680866.126422,0.132563256325633,0.121195452878621,0.0170517051705171,0.0203520352035204,0.061972863953062,0.646864686468647
207773.411807,2680866.126422,0.112271062271062,0.123076923076923,0,0.0818681318681319,0.0921245421245421,0.590659340659341
208273.411807,2680866.126422,0.0745421245421245,0.0450549450549451,0,0.00989010989010989,0.00677655677655678,0.863736263736264
208773.411807,2680866.126422,0.0922258892555922,0.194719471947195,0.0280528052805281,0.0669233590025669,0.0566556655665567,0.561422808947561
209273.411807,2680866.126422,0.00970695970695971,0.540659340659341,0,0.125457875457875,0.124175824175824,0.2
209773.411807,2680866.126422,0.013003663003663,0.25989010989011,0,0.376190476190476,0.206043956043956,0.144871794871795
210273.411807,2680866.126422,0.0476714338100477,0.276127612761276,0.000366703337000367,0.191052438577191,0.258892555922259,0.225889255592226
210773.411807,2680866.126422,0.175824175824176,0.108608058608059,0.000183150183150183,0.254029304029304,0.19981684981685,0.261538461538462
211273.411807,2680866.126422,0.387362637362637,0.0716117216117216,0,0.00695970695970696,0.0708791208791209,0.463186813186813
211773.411807,2680866.126422,0.164206642066421,0.107241697416974,0,0.242850553505535,0.136531365313653,0.349169741697417
199273.411807,2680366.126422,0.00142247510668563,0.0349928876244666,0.156187766714082,0.771834992887624,0.0318634423897582,0.00369843527738265
199773.411807,2680366.126422,0.0047645226314825,0.401136155396738,0.259483232545355,0.245006413780465,0.0276708814366868,0.0619387942092725
200273.411807,2680366.126422,0.0100935951550743,0.467058175812076,0.160396403009727,0.292530739585245,0.0238575885483575,0.046063497889521
200773.411807,2680366.126422,0.0106363469649734,0.0513478818998716,0.0988446726572529,0.812580231065469,0.0254905556574363,0.00110031175499725
201273.411807,2680366.126422,0.0252886201209456,0.124244090159428,0.0800806303829943,0.699835074216603,0.0426974528129009,0.0278541323071285
201773.411807,2680366.126422,0.0240411084602679,0.118920902917967,0.0508350155991925,0.721600293631859,0.0515690952468343,0.0330335841438796
202273.411807,2680366.126422,0.0374105996699065,0.63616357968091,0.00293416467999266,0.207592151109481,0.0425453878598936,0.0733541169998166
202773.411807,2680366.126422,0.0639545537841305,0.448048378229797,0.00678028220634048,0.34524463991204,0.0718343412131208,0.0641378046545721
203273.411807,2680366.126422,0.0203707102220591,0.533675903835566,0.0135804734813727,0.310515690952468,0.038172141677372,0.0836850798311617
203773.411807,2680366.126422,0.033192737942417,0.406931964056483,0.00788556757748029,0.415000916926463,0.0542820465798643,0.0827067669172932
204273.411807,2680366.126422,0.0564412680960235,0.174271577789994,0.0368334249587686,0.576140736668499,0.0518599963349826,0.104452996151732
204773.411807,2680366.126422,0.0352358230868049,0.131216737015966,0.0152321526885667,0.69297118737383,0.0690034868783263,0.0563406129565058
205273.411807,2680366.126422,0.0896754080322758,0.138272510544654,0.00385109114249037,0.33192737942417,0.0656519347148359,0.370621676141573
205773.411807,2680366.126422,0.0569910207073484,0.135972145867693,0.0141103170240059,0.291185633131757,0.0813633864760858,0.42037749679311
206273.411807,2680366.126422,0.0486327766562672,0.0734079647641769,0.0133969535694623,0.623600660671683,0.160763442833547,0.0801982015048633
206773.411807,2680366.126422,0.0361269026224097,0.0830735375022923,0.0185219145424537,0.678158811663305,0.121401063634696,0.0627177700348432
207273.411807,2680366.126422,0.212754260582738,0.0899761773868426,0.0181418361737218,0.181235110866777,0.137254901960784,0.360637713029137
207773.411807,2680366.126422,0.253624518260231,0.107542668379519,0.00440447788585061,0.0657001284639383,0.0429436593870435,0.525784547623417
208273.411807,2680366.126422,0.0894920227397763,0.0573995965523565,0.015587749862461,0.0485971025123785,0.0106363469649734,0.778287181368054
208773.411807,2680366.126422,0.129558365402236,0.126259849734286,0,0.0443467106468756,0.0470954737035001,0.652739600513102
209273.411807,2680366.126422,0.0491833363919985,0.289410901082767,0,0.254175077995963,0.144063130849697,0.263167553679574
209773.411807,2680366.126422,0.0372272143774069,0.438290849073904,0,0.17219878965707,0.0929763432972676,0.259306803594352
210273.411807,2680366.126422,0.00861279091075683,0.0549752611324904,0,0.192963166575041,0.689939527212754,0.0535092541689573
210773.411807,2680366.126422,0.150853367590384,0.156542484859607,0.00201871903101487,0.290879060378051,0.176546155257845,0.223160212883098
211273.411807,2680366.126422,0.355767467449111,0.130203557674674,0.00110031175499725,0.0276911791674308,0.0905923344947735,0.394645149459013
211773.411807,2680366.126422,0.181084198385236,0.132871972318339,0,0.0987312572087659,0.143944636678201,0.443367935409458
199273.411807,2679866.126422,0.00625889046941679,0.328876244665718,0.217354196301565,0.388051209103841,0.0298719772403983,0.0295874822190612
199773.411807,2679866.126422,0.0225274725274725,0.308608058608059,0.0798534798534798,0.424725274725275,0.06996336996337,0.0943223443223443
200273.411807,2679866.126422,0.0176146788990826,0.0919266055045872,0.0504587155963303,0.757064220183486,0.0412844036697248,0.041651376146789
200773.411807,2679866.126422,0.0324711062190424,0.226747385800771,0.0383415886993212,0.609429462483948,0.0449458814896349,0.0480645753072831
201273.411807,2679866.126422,0.0294871794871795,0.130586080586081,0.0611721611721612,0.67948717948718,0.0408424908424908,0.0584249084249084
201773.411807,2679866.126422,0.016697247706422,0.181467889908257,0.0875229357798165,0.653761467889908,0.0311926605504587,0.0293577981651376
202273.411807,2679866.126422,0.0319207484865162,0.510181618051734,0.0135754907356448,0.302513300311869,0.0460465969546872,0.0957622454595487
202773.411807,2679866.126422,0.036996336996337,0.356593406593407,0.00842490842490842,0.493406593406593,0.0478021978021978,0.0567765567765568
203273.411807,2679866.126422,0.0300917431192661,0.720366972477064,0.00110091743119266,0.17651376146789,0.0302752293577982,0.041651376146789
203773.411807,2679866.126422,0.0245826453861677,0.614566134654192,0.00953953403045313,0.258117776554761,0.0346725371491469,0.0585213722252798
204273.411807,2679866.126422,0.0146520146520147,0.743772893772894,0.000366300366300366,0.0534798534798535,0.0428571428571429,0.144871794871795
204773.411807,2679866.126422,0.0310091743119266,0.148990825688073,0.00917431192660551,0.66697247706422,0.0519266055045872,0.0919266055045872
205273.411807,2679866.126422,0.0759493670886076,0.242707760044029,0.00165107319757843,0.089157952669235,0.11263988259035,0.4778939644102
205773.411807,2679866.126422,0.0965201465201465,0.101831501831502,0.00567765567765568,0.422893772893773,0.156227106227106,0.216849816849817
206273.411807,2679866.126422,0.0702752293577982,0.0513761467889908,0.0161467889908257,0.719266055045872,0.0930275229357798,0.0499082568807339
206773.411807,2679866.126422,0.0372408732342689,0.0735644835809943,0.0108237020730141,0.700972298660796,0.105118326912493,0.0722803155384333
207273.411807,2679866.126422,0.166483516483516,0.0978021978021978,0.013003663003663,0.377838827838828,0.12032967032967,0.224542124542125
207773.411807,2679866.126422,0.307706422018349,0.0623853211009174,0.00495412844036697,0.138348623853211,0.0579816513761468,0.428623853211009
208273.411807,2679866.126422,0.296459365254082,0.120711796000734,0.0322876536415337,0.0328380113740598,0.0242157402311502,0.493487433498441
208773.411807,2679866.126422,0.086996336996337,0.152014652014652,0,0.0633699633699634,0.176923076923077,0.520695970695971
209273.411807,2679866.126422,0.0477064220183486,0.30697247706422,0,0.264587155963303,0.16,0.220733944954128
209773.411807,2679866.126422,0.0900752155567786,0.254815630159604,0,0.0155934690882407,0.283984589983489,0.355531095211888
210273.411807,2679866.126422,0.0917582417582418,0.187912087912088,0,0.0241758241758242,0.234798534798535,0.461355311355311
210773.411807,2679866.126422,0.240733944954128,0.109174311926606,0.00018348623853211,0.237614678899083,0.113577981651376,0.298715596330275
211273.411807,2679866.126422,0.178132452760961,0.162172078517703,0.000183452577508714,0.151715281599706,0.090442120711796,0.417354613832324
211773.411807,2679866.126422,0.0712474060410422,0.224118053954346,0.038736453769887,0.154484666820383,0.141572515563754,0.369840903850588
199273.411807,2679366.126422,0.0428733674048836,0.476433844406587,0.0695627484383873,0.235945485519591,0.0207268597387848,0.154457694491766
199773.411807,2679366.126422,0.0102676934360103,0.294096076274294,0.0566556655665567,0.572973964063073,0.0188852218555189,0.0471213788045471
200273.411807,2679366.126422,0.0293040293040293,0.0478021978021978,0.172527472527473,0.703296703296703,0.0247252747252747,0.0223443223443223
200773.411807,2679366.126422,0.0197802197802198,0.0961538461538462,0.0595238095238095,0.748534798534799,0.0450549450549451,0.030952380952381
201273.411807,2679366.126422,0.0357535753575358,0.105610561056106,0.0388705537220389,0.754675467546755,0.0410707737440411,0.024019068573524
201773.411807,2679366.126422,0.0441391941391941,0.52032967032967,0.0316849816849817,0.332600732600733,0.023992673992674,0.0472527472527473
202273.411807,2679366.126422,0.0181318681318681,0.644871794871795,0.00531135531135531,0.224358974358974,0.0327838827838828,0.0745421245421245
202773.411807,2679366.126422,0.00971763843050972,0.767693436010268,0.0077007700770077,0.150898423175651,0.0172350568390172,0.0467546754675468
203273.411807,2679366.126422,0.0142857142857143,0.686263736263736,0.00384615384615385,0.192124542124542,0.0163003663003663,0.0871794871794872
203773.411807,2679366.126422,0.0335164835164835,0.552380952380952,0.0362637362637363,0.214835164835165,0.0426739926739927,0.12032967032967
204273.411807,2679366.126422,0.0517051705170517,0.365603226989366,0.0143014301430143,0.33975064173084,0.0773744041070774,0.151265126512651
204773.411807,2679366.126422,0.0661172161172161,0.207875457875458,0.0166666666666667,0.424725274725275,0.104761904761905,0.17985347985348
205273.411807,2679366.126422,0.0822344322344322,0.115934065934066,0.000915750915750916,0.151648351648352,0.101465201465201,0.547802197802198
205773.411807,2679366.126422,0.0991932526585992,0.112577924459113,0.00825082508250825,0.244957829116245,0.116795012834617,0.418225155848918
206273.411807,2679366.126422,0.0626373626373626,0.0626373626373626,0.00952380952380952,0.631135531135531,0.0937728937728938,0.14029304029304
206773.411807,2679366.126422,0.121978021978022,0.102380952380952,0.0205128205128205,0.418681318681319,0.116666666666667,0.21978021978022
207273.411807,2679366.126422,0.161899523285662,0.0856252291895856,0.0317198386505317,0.446828016134947,0.110927759442611,0.162999633296663
207773.411807,2679366.126422,0.388827838827839,0.065018315018315,0.0388278388278388,0.139194139194139,0.0509157509157509,0.317216117216117
208273.411807,2679366.126422,0.373992673992674,0.134065934065934,0.000915750915750916,0.023992673992674,0.0454212454212454,0.421611721611722
208773.411807,2679366.126422,0.161349468280161,0.212321232123212,0,0.0473047304730473,0.12999633296663,0.449028236156949
209273.411807,2679366.126422,0.0641025641025641,0.308791208791209,0,0.141575091575092,0.232051282051282,0.253479853479853
209773.411807,2679366.126422,0.169047619047619,0.0648351648351648,0.000183150183150183,0.0655677655677656,0.0695970695970696,0.630769230769231
210273.411807,2679366.126422,0.184451778511184,0.0621562156215622,0,0.0278694536120279,0.0616061606160616,0.663916391639164
210773.411807,2679366.126422,0.257142857142857,0.116117216117216,0.000366300366300366,0.0796703296703297,0.0472527472527473,0.499450549450549
211273.411807,2679366.126422,0.125824175824176,0.193223443223443,0.0173992673992674,0.152380952380952,0.120879120879121,0.39029304029304
211773.411807,2679366.126422,0.101706642066421,0.278828413284133,0.0202952029520295,0.280212177121771,0.0853321033210332,0.233625461254613
199273.411807,2678866.126422,0.0142247510668563,0.733712660028449,0.0125177809388336,0.17126600284495,0.0139402560455192,0.0543385490753912
199773.411807,2678866.126422,0.0122778083195895,0.297782664467656,0.0124610591900312,0.502473886750962,0.0842954004031519,0.0907091808686091
200273.411807,2678866.126422,0.012846393833731,0.141860891906772,0.0282620664342081,0.61827858322628,0.0412919801798495,0.157460084419159
200773.411807,2678866.126422,0.0212726939299468,0.168347698514579,0.0399779937649001,0.627544470933431,0.0522648083623693,0.0905923344947735
201273.411807,2678866.126422,0.0197910940076965,0.254352208172989,0.0291368884002199,0.612241158145501,0.0447132123877588,0.0397654388858347
201773.411807,2678866.126422,0.034868783262984,0.229766929711874,0.0146815929528354,0.624885300055056,0.049366856303909,0.0464305377133419
202273.411807,2678866.126422,0.0297084173849257,0.593618191821016,0.00770218228498074,0.27617825050431,0.0315422703099211,0.0612506876948469
202773.411807,2678866.126422,0.0168590800806304,0.903060289536375,0.000549752611324904,0.0641378046545721,0.00641378046545721,0.0089792926516401
203273.411807,2678866.126422,0.0222059093411635,0.794090658836484,0.00532207744540283,0.137272894109011,0.011194714626537,0.0299137456414021
203773.411807,2678866.126422,0.0436456996148909,0.534384742343664,0.00311754997249221,0.315422703099211,0.0451127819548872,0.0583165230148542
204273.411807,2678866.126422,0.0553417628733736,0.167308044713212,0.00769653655854865,0.432105552501374,0.146783947223749,0.190764156129742
204773.411807,2678866.126422,0.0789135621214902,0.126628739218205,0.00201871903101487,0.241328684162232,0.12864745824922,0.422462837217838
205273.411807,2678866.126422,0.090408949202274,0.110764716669723,0.000550155877498625,0.219512195121951,0.107280396112232,0.471483587016321
205773.411807,2678866.126422,0.0547920102620487,0.0958402052409749,0.00513102437236577,0.247388675096207,0.133589884551952,0.463258200476452
206273.411807,2678866.126422,0.0633143696091026,0.0587263718113415,0.00550559735731327,0.541016700311984,0.12020554230134,0.211231418608919
206773.411807,2678866.126422,0.119017054832202,0.0867412433522831,0.0135705116449661,0.389326975976527,0.155327342747112,0.23601687144691
207273.411807,2678866.126422,0.101154480483782,0.0831958951805021,0.036100421477002,0.550668865677112,0.118746564046179,0.110133773135422
207773.411807,2678866.126422,0.267755551477335,0.0636814094329235,0.0512020554230134,0.184253991558084,0.0761607634428336,0.35694622866581
208273.411807,2678866.126422,0.389326975976527,0.0143040528149642,0,0,0.00238400880249404,0.593984962406015
208773.411807,2678866.126422,0.139637163276526,0.210555250137438,0,0.0109950522264981,0.0423309510720176,0.596481583287521
209273.411807,2678866.126422,0.16186456230501,0.214534777023307,0,0.0464305377133419,0.119471462653698,0.457698660304643
209773.411807,2678866.126422,0.270860077021823,0.004401247019989,0,0.00183385292499542,0.00696864111498258,0.71593618191821
210273.411807,2678866.126422,0.201392706615356,0.0117280557082646,0.00311526479750779,0,0.0113615539673813,0.77240241891149
210773.411807,2678866.126422,0.169572398605249,0.0537713341897596,0.031932464672417,0.153055606533309,0.0354193429987154,0.556248853000551
211273.411807,2678866.126422,0.0678525582248304,0.0953603520997616,0.075187969924812,0.534017971758665,0.0949935815147625,0.132587566477169
211773.411807,2678866.126422,0.112110726643599,0.0957324106113033,0.0193771626297578,0.33517877739331,0.130795847750865,0.306805074971165
199273.411807,2678366.126422,0.00796586059743954,0.5524893314367,0.0412517780938834,0.214224751066856,0.0219061166429587,0.162162162162162
199773.411807,2678366.126422,0.015018315018315,0.154578754578755,0.151831501831502,0.601831501831502,0.0417582417582418,0.034981684981685
200273.411807,2678366.126422,0.0163302752293578,0.14605504587156,0.0511926605504587,0.686605504587156,0.0515596330275229,0.048256880733945
200773.411807,2678366.126422,0.0388919464318474,0.334984406530912,0.0337552742616034,0.514401027334434,0.0260502660062374,0.0519170794349661
201273.411807,2678366.126422,0.017032967032967,0.361904761904762,0.0602564102564103,0.486630036630037,0.032967032967033,0.0412087912087912
201773.411807,2678366.126422,0.0521100917431193,0.316880733944954,0.0141284403669725,0.539633027522936,0.033394495412844,0.0438532110091743
202273.411807,2678366.126422,0.0144927536231884,0.843698403962576,0,0.0554026784076316,0.0313703907539901,0.0550357732526142
202773.411807,2678366.126422,0.000732600732600733,0.977472527472527,0,0.00512820512820513,0.000915750915750916,0.0157509157509158
203273.411807,2678366.126422,0.0168807339449541,0.762201834862385,0.00403669724770642,0.176880733944954,0.0163302752293578,0.0236697247706422
203773.411807,2678366.126422,0.0209135938359934,0.756191524490919,0.00623738763529628,0.124564300128417,0.0333883691065859,0.0587048248027885
204273.411807,2678366.126422,0.0891941391941392,0.14029304029304,0.0205128205128205,0.504578754578755,0.113736263736264,0.131684981684982
204773.411807,2678366.126422,0.0497247706422018,0.310275229357798,0.00862385321100917,0.163853211009174,0.103302752293578,0.364220183486239
205273.411807,2678366.126422,0.0941111722619703,0.121445606310769,0.001284168042561,0.188772702256467,0.0860392588515869,0.508347092276647
205773.411807,2678366.126422,0.0556776556776557,0.159340659340659,0.00604395604395604,0.322344322344322,0.186446886446886,0.27014652014652
206273.411807,2678366.126422,0.119266055045872,0.0625688073394495,0.0100917431192661,0.495045871559633,0.136146788990826,0.176880733944954
206773.411807,2678366.126422,0.118326912493121,0.102916895982389,0.00311869381764814,0.421574023115025,0.152082186754724,0.201981287837094
207273.411807,2678366.126422,0.163736263736264,0.0811355311355311,0.0168498168498168,0.403479853479853,0.107509157509158,0.227289377289377
207773.411807,2678366.126422,0.427522935779817,0.0379816513761468,0.0368807339449541,0.0579816513761468,0.0381651376146789,0.401467889908257
208273.411807,2678366.126422,0.471289671619886,0.00476976701522656,0,0.000366905155017428,0.00385250412768299,0.519721152082187
208773.411807,2678366.126422,0.266300366300366,0.047985347985348,0,0.0236263736263736,0.0421245421245421,0.61996336996337
209273.411807,2678366.126422,0.274862385321101,0.0211009174311927,0.0036697247706422,0.0124770642201835,0.0820183486238532,0.605871559633028
209773.411807,2678366.126422,0.294074481746469,0.0521005320124748,0.0410933773619519,0.158136121812511,0.017978352595854,0.436617134470739
210273.411807,2678366.126422,0.0648351648351648,0.0996336996336996,0.0327838827838828,0.528388278388278,0.0652014652014652,0.209157509157509
210773.411807,2678366.126422,0.145688073394495,0.0948623853211009,0.0675229357798165,0.338715596330275,0.093394495412844,0.259816513761468
211273.411807,2678366.126422,0.149880755824619,0.128600256833609,0.00752155567785727,0.250045863144377,0.170427444505595,0.293524124013942
211773.411807,2678366.126422,0.119206824994236,0.119898547382984,0.00230574129582661,0.183767581277381,0.121973714549228,0.452847590500346
199273.411807,2677866.126422,0.0133446905167518,0.835320840431573,0,0.0442930153321976,0.0136286201022147,0.0934128336172629
199773.411807,2677866.126422,0.0306197286395306,0.397323065639897,0.0306197286395306,0.43050971763843,0.0482214888155482,0.0627062706270627
200273.411807,2677866.126422,0.0316849816849817,0.308241758241758,0.0478021978021978,0.455311355311355,0.0531135531135531,0.103846153846154
200773.411807,2677866.126422,0.0481684981684982,0.206776556776557,0.0401098901098901,0.551465201465202,0.0690476190476191,0.0844322344322344
201273.411807,2677866.126422,0.03997066373304,0.44957829116245,0.0055005500550055,0.187568756875688,0.1002933626696,0.217088375504217
201773.411807,2677866.126422,0.0415750915750916,0.340842490842491,0.00989010989010989,0.514835164835165,0.0468864468864469,0.045970695970696
202273.411807,2677866.126422,0.0304029304029304,0.805860805860806,0,0.0987179487179487,0.0278388278388278,0.0371794871794872
202773.411807,2677866.126422,0.0077007700770077,0.717638430509718,0.0044004400440044,0.221488815548222,0.0234690135680235,0.0253025302530253
203273.411807,2677866.126422,0.0144688644688645,0.698168498168498,0.0184981684981685,0.158424908424908,0.0192307692307692,0.0912087912087912
203773.411807,2677866.126422,0.0340659340659341,0.594871794871795,0.0128205128205128,0.165750915750916,0.0578754578754579,0.134615384615385
204273.411807,2677866.126422,0.0788412174550788,0.224055738907224,0.0113678034470114,0.281811514484782,0.124862486248625,0.279061239457279
204773.411807,2677866.126422,0.141575091575092,0.226556776556777,0.000183150183150183,0.0804029304029304,0.123260073260073,0.428021978021978
205273.411807,2677866.126422,0.0514652014652015,0.115567765567766,0.00402930402930403,0.362271062271062,0.113003663003663,0.353663003663004
205773.411807,2677866.126422,0.0493215988265493,0.0742574257425743,0.0293362669600293,0.537770443711038,0.12962962962963,0.17968463513018
206273.411807,2677866.126422,0.136630036630037,0.076007326007326,0.0126373626373626,0.339194139194139,0.123260073260073,0.312271062271062
206773.411807,2677866.126422,0.133699633699634,0.0813186813186813,0.00897435897435897,0.216300366300366,0.213736263736264,0.345970695970696
207273.411807,2677866.126422,0.41987532086542,0.0328199486615328,0.0652731939860653,0.0342867620095343,0.0522552255225523,0.395489548954895
207773.411807,2677866.126422,0.496886446886447,0.0265567765567766,0,0.00183150183150183,0.0021978021978022,0.472527472527473
208273.411807,2677866.126422,0.367216117216117,0.0327838827838828,0.00347985347985348,0.00164835164835165,0.0318681318681319,0.563003663003663
208773.411807,2677866.126422,0.228089475614228,0.0623395672900623,0,0.024019068573524,0.110744407774111,0.574807480748075
209273.411807,2677866.126422,0.24029304029304,0.0472527472527473,0.0179487179487179,0.0406593406593407,0.152380952380952,0.501465201465201
209773.411807,2677866.126422,0.29981684981685,0.0774725274725275,0.0313186813186813,0.165384615384615,0.0921245421245421,0.333882783882784
210273.411807,2677866.126422,0.111477814448111,0.119178584525119,0.00238357169050238,0.23964063072974,0.147964796479648,0.379354602126879
210773.411807,2677866.126422,0.0437728937728938,0.0465201465201465,0.201465201465201,0.643589743589744,0.0232600732600733,0.0413919413919414
211273.411807,2677866.126422,0.147802197802198,0.0811355311355311,0.0565934065934066,0.468498168498168,0.0937728937728938,0.152197802197802
211773.411807,2677866.126422,0.140452029520295,0.0890221402214022,0.0325184501845018,0.224630996309963,0.158671586715867,0.35470479704797
199273.411807,2677366.126422,0.0392603129445235,0.435846372688478,0.00540540540540541,0.267994310099573,0.0694167852062589,0.182076813655761
199773.411807,2677366.126422,0.0212571009712296,0.53362653472604,0.0221733553234378,0.287703866593366,0.0335349092908191,0.101704233095107
200273.411807,2677366.126422,0.0152321526885667,0.653147366489264,0.00715727656450725,0.23637364654065,0.0251422279317306,0.0629473297852817
200773.411807,2677366.126422,0.0286081056299285,0.563359618558592,0.0649183935448377,0.208692462864478,0.0363102879149092,0.0981111314872547
201273.411807,2677366.126422,0.066703316840755,0.26571376214037,0.00403151914971596,0.452996151731721,0.0921751878321422,0.118380062305296
201773.411807,2677366.126422,0.0110111947146265,0.548541016700312,0.00734079647641769,0.362635345935034,0.0273444668746559,0.0431271792989539
202273.411807,2677366.126422,0.00880249403997799,0.887584815697781,0.00183385292499542,0.052814964239868,0.0110031175499725,0.0379607555474051
202773.411807,2677366.126422,0.0174088326919553,0.907824812167858,0,0.0221733553234378,0.0130108118013561,0.0395821880153931
203273.411807,2677366.126422,0.00935951550743256,0.859790787300422,0.00367039823820885,0.0752431638832813,0.00935951550743256,0.0425766195632226
203773.411807,2677366.126422,0.0335595085274161,0.676508344030809,0,0.10819732257473,0.0390610673024023,0.142673757564643
204273.411807,2677366.126422,0.147150448964633,0.219534542789078,0.000366501740883269,0.142202675462708,0.0929081913139087,0.397837639728789
204773.411807,2677366.126422,0.057258212516058,0.221875573499725,0,0.0117452743622683,0.0754266837951918,0.633694255826757
205273.411807,2677366.126422,0.0454795525398863,0.156244269209609,0.0122868145974693,0.421419402163946,0.120850907757198,0.243719053731891
205773.411807,2677366.126422,0.16254352208173,0.118746564046179,0.00164925783397471,0.215503023639362,0.110317024005864,0.39124060839289
206273.411807,2677366.126422,0.12883097816113,0.0814828408882364,0.00880895577170123,0.363002385758855,0.115066984767847,0.30280785465223
206773.411807,2677366.126422,0.154227030992114,0.0905923344947735,0.0218228498074454,0.302769117916743,0.0894920227397763,0.341096644049147
207273.411807,2677366.126422,0.240791643760308,0.0692688290269379,0.0683525746747297,0.104452996151732,0.0635880520432472,0.453545904343046
207773.411807,2677366.126422,0.289410901082767,0.0699210864378785,0,0.0047715177096715,0.0119287942741787,0.623967700495504
208273.411807,2677366.126422,0.16816431322208,0.176233266092059,0.00110031175499725,0.0106363469649734,0.0429121584448927,0.600953603520998
208773.411807,2677366.126422,0.0447132123877588,0.197544438336082,0,0.0703683342495877,0.221183800623053,0.466190214403518
209273.411807,2677366.126422,0.157093044595339,0.0623967700495504,0.000183519911910442,0.0200036703982382,0.0941457148100569,0.666177280234906
209773.411807,2677366.126422,0.239684577296901,0.106363469649734,0.00641848523748395,0.150559325142124,0.142306986979644,0.354667155694113
210273.411807,2677366.126422,0.142019424592267,0.132123877588419,0.0236393622869709,0.163276525563496,0.115081546637347,0.423859263331501
210773.411807,2677366.126422,0.123325380803817,0.0800146815929528,0.0902917966599376,0.233253808038172,0.0671682877592219,0.405946045145898
211273.411807,2677366.126422,0.132404181184669,0.149459013387126,0.033192737942417,0.14799193104713,0.105996699064735,0.430955437373923
211773.411807,2677366.126422,0.0579008073817762,0.278892733564014,0,0.207612456747405,0.202998846597463,0.252595155709343
199273.411807,2676866.126422,0.00142247510668563,0.115789473684211,0.63072546230441,0.0847795163584637,0.051778093883357,0.115504978662873
199773.411807,2676866.126422,0.00293040293040293,0.347619047619048,0.201465201465201,0.155860805860806,0.0265567765567766,0.265567765567766
200273.411807,2676866.126422,0.0223853211009174,0.696697247706422,0.0236697247706422,0.148073394495413,0.0245871559633028,0.0845871559633028
200773.411807,2676866.126422,0.0403595670519171,0.707393138873601,0.00421940928270042,0.152815997064759,0.0324711062190424,0.0627407815079802
201273.411807,2676866.126422,0.0424908424908425,0.574908424908425,0.00311355311355311,0.209340659340659,0.0505494505494506,0.11959706959707
201773.411807,2676866.126422,0.0401834862385321,0.490091743119266,0.00477064220183486,0.323669724770642,0.0763302752293578,0.064954128440367
