"x","y","forest","agri","water","built","other","grass"
313273.411807,2779366.126422,0.758298184485604,0.000183385292499542,0,0.00183385292499542,0.0148542086924629,0.224830368604438
313773.411807,2779366.126422,0.900311526479751,0.00293201392706615,0,0,0,0.0967564595931831
314273.411807,2779366.126422,0.916498440080749,0,0,0,0,0.0835015599192512
314773.411807,2779366.126422,0.829084907390427,0.0102695763799743,0,0.000916926462497708,0.00311754997249221,0.156611039794608
315273.411807,2779366.126422,0.864577606743632,0,0,0,0,0.135422393256368
315773.411807,2779366.126422,0.917416039640301,0,0,0,0,0.082583960359699
316273.411807,2779366.126422,0.862461030625344,0.000366770584999083,0,0,0.00183385292499542,0.135338345864662
316773.411807,2779366.126422,0.649624335715595,0.00806303829943192,0,0.00513102437236577,0.0148433205057724,0.322338281106835
317273.411807,2779366.126422,0.782345384474215,0.00422095797394017,0,0.000550559735731327,0.00623967700495504,0.206643420811158
317773.411807,2779366.126422,0.953603520997616,0,0,0,0,0.046396479002384
318273.411807,2779366.126422,0.780098955470038,0.00164925783397471,0,0.00439802089059923,0.00696353307678211,0.206890232728605
318773.411807,2779366.126422,0.73040924940356,0.00697375665259681,0,0.00275279867865663,0.00862543585979079,0.251238759405395
319273.411807,2779366.126422,0.934164679992665,0,0,0,0,0.0658353200073354
319773.411807,2779366.126422,0.698918819864394,0,0,0,0,0.301081180135606
320273.411807,2779366.126422,0.383373095980914,0.0168838318957607,0.0708386859974307,0.046063497889521,0.0581758120756102,0.424665076160763
320773.411807,2779366.126422,0.783788740143041,0.0286081056299285,0,0.00385109114249037,0.0053181734824867,0.178433889602054
321273.411807,2779366.126422,0.61993769470405,0.00733003481766538,0.00128275609309144,0,0.000549752611324904,0.370899761773868
321773.411807,2779366.126422,0.567076527803267,0.00293631859056708,0.00550559735731327,0.0244081482840888,0.0258763075793724,0.374197100385392
322273.411807,2779366.126422,0.236933797909408,0.0698697964423253,0.0882083256922795,0.109297634329727,0.112965340179718,0.382725105446543
322773.411807,2779366.126422,0.192596664834158,0.0441634597764339,0.0934579439252336,0.390324354040682,0.124793842770753,0.15466373465274
323273.411807,2779366.126422,0.715544136538814,0.00715727656450725,0.0196366305744173,0.0530372545421178,0.0115617544503579,0.193062947329785
323773.411807,2779366.126422,0.641298367870897,0.00256739409499358,0,0.0119200440124702,0.0225563909774436,0.321657803044196
324273.411807,2779366.126422,0.533809785596482,0.0219901044529962,0.00586402785413231,0.0339014110317024,0.043613707165109,0.360820963899579
324773.411807,2779366.126422,0.283538263901633,0.0106441548908057,0.0495503762158194,0.361350706551661,0.111213066617728,0.183703431822353
325273.411807,2779366.126422,0.61195672107097,0.0166880616174583,0.0113698881349716,0.0465798642948836,0.0790390610673024,0.234366403814414
313273.411807,2778866.126422,0.691983122362869,0.00550357732526142,0,0.00403595670519171,0.0104567969179967,0.288020546688681
313773.411807,2778866.126422,0.826373626373626,0.00183150183150183,0.000549450549450549,0.00604395604395604,0.0133699633699634,0.151831501831502
314273.411807,2778866.126422,0.848256880733945,0.00275229357798165,0,0,0.00073394495412844,0.148256880733945
314773.411807,2778866.126422,0.868097596771235,0.00220143093010457,0,0.00458631443771785,0.00330214639515685,0.121812511465786
315273.411807,2778866.126422,0.877472527472527,0,0,0.0043956043956044,0.00531135531135531,0.112820512820513
315773.411807,2778866.126422,0.845504587155963,0.00018348623853211,0,0.00073394495412844,0.00256880733944954,0.151009174311927
316273.411807,2778866.126422,0.803522289488167,0.0418271876719868,0.000550357732526142,0.00330214639515685,0.00935608145294441,0.141441937259218
316773.411807,2778866.126422,0.74010989010989,0.00384615384615385,0,0.00366300366300366,0.00897435897435897,0.243406593406593
317273.411807,2778866.126422,0.880917431192661,0.00605504587155963,0,0,0.00055045871559633,0.112477064220183
317773.411807,2778866.126422,0.906072280315538,0.00110071546505228,0,0,0,0.0928270042194093
318273.411807,2778866.126422,0.845054945054945,0,0,0.000183150183150183,0.0010989010989011,0.153663003663004
318773.411807,2778866.126422,0.800733944954128,0.00201834862385321,0.00018348623853211,0.00275229357798165,0.00862385321100917,0.185688073394495
319273.411807,2778866.126422,0.645019262520638,0.000366905155017428,0,0.0165107319757843,0.0315538433314988,0.306549257017061
319773.411807,2778866.126422,0.623626373626374,0.0271062271062271,0.0144688644688645,0.00970695970695971,0.0512820512820513,0.273809523809524
320273.411807,2778866.126422,0.526422018348624,0.0220183486238532,0.0152293577981651,0.0194495412844037,0.0247706422018349,0.392110091743119
320773.411807,2778866.126422,0.625756741882223,0.00825536598789213,0.000366905155017428,0.00715465052283985,0.0124747752705926,0.345991561181435
321273.411807,2778866.126422,0.687362637362637,0.00366300366300366,0,0.000732600732600733,0.000549450549450549,0.307692307692308
321773.411807,2778866.126422,0.688440366972477,0.000917431192660551,0,0.00146788990825688,0.00678899082568807,0.302385321100917
322273.411807,2778866.126422,0.277930654925702,0.00715465052283985,0.0330214639515685,0.0807191341038342,0.0849385433865346,0.516235553109521
322773.411807,2778866.126422,0.494322344322344,0.0010989010989011,0.0010989010989011,0.00970695970695971,0.010989010989011,0.482783882783883
323273.411807,2778866.126422,0.336146788990826,0.0311926605504587,0.0521100917431193,0.0946788990825688,0.105688073394495,0.380183486238532
323773.411807,2778866.126422,0.650155934690882,0.0119244175380664,0.015410016510732,0.00935608145294441,0.0385250412768299,0.274628508530545
324273.411807,2778866.126422,0.736446886446886,0.000366300366300366,0,0,0,0.263186813186813
324773.411807,2778866.126422,0.548073394495413,0.0286238532110092,0.0431192660550459,0.0532110091743119,0.0548623853211009,0.272110091743119
325273.411807,2778866.126422,0.6989543203082,0.0238488350761328,0.0168776371308017,0.0447624289121262,0.0392588515868648,0.176297926985874
313273.411807,2778366.126422,0.793956043956044,0.00402930402930403,0,0.00915750915750916,0.0188644688644689,0.173992673992674
313773.411807,2778366.126422,0.627062706270627,0.00311697836450312,0,0.0113678034470114,0.0392372570590392,0.319215254858819
314273.411807,2778366.126422,0.834432234432234,0.00476190476190476,0.00146520146520147,0.000366300366300366,0.00366300366300366,0.155311355311355
314773.411807,2778366.126422,0.776373626373626,0.00183150183150183,0,0.00549450549450549,0.0181318681318681,0.198168498168498
315273.411807,2778366.126422,0.692152548588192,0.00128346167950128,0.00201686835350202,0.0273193986065273,0.0687568756875688,0.208470847084708
315773.411807,2778366.126422,0.791208791208791,0.00384615384615385,0.000183150183150183,0.000732600732600733,0.00622710622710623,0.197802197802198
316273.411807,2778366.126422,0.873076923076923,0.00531135531135531,0,0,0,0.121611721611722
316773.411807,2778366.126422,0.784561789512285,0.00238357169050238,0,0.00495049504950495,0.0163182984965163,0.191785845251192
317273.411807,2778366.126422,0.888278388278388,0.00769230769230769,0,0.000915750915750916,0.00256410256410256,0.100549450549451
317773.411807,2778366.126422,0.860989010989011,0.00421245421245421,0,0,0,0.134798534798535
318273.411807,2778366.126422,0.884488448844885,0.00238357169050238,0,0,0,0.113127979464613
318773.411807,2778366.126422,0.818131868131868,0.000732600732600733,0,0.013003663003663,0.00879120879120879,0.159340659340659
319273.411807,2778366.126422,0.472527472527473,0.0206959706959707,0.036996336996337,0.0371794871794872,0.0727106227106227,0.35989010989011
319773.411807,2778366.126422,0.385221855518885,0.0396039603960396,0.00825082508250825,0.0711404473780711,0.0537220388705537,0.442060872753942
320273.411807,2778366.126422,0.731318681318681,0.0120879120879121,0,0,0.000915750915750916,0.255677655677656
320773.411807,2778366.126422,0.819047619047619,0.00128205128205128,0,0,0,0.17967032967033
321273.411807,2778366.126422,0.75027502750275,0.00403373670700403,0,0.00165016501650165,0.00165016501650165,0.242390905757242
321773.411807,2778366.126422,0.613003663003663,0.00274725274725275,0.00311355311355311,0.0249084249084249,0.0296703296703297,0.326556776556777
322273.411807,2778366.126422,0.370695970695971,0.00238095238095238,0,0.00476190476190476,0.00934065934065934,0.612820512820513
322773.411807,2778366.126422,0.294096076274294,0.0295196186285295,0.00751741840850752,0.0368536853685369,0.050971763843051,0.581041437477081
323273.411807,2778366.126422,0.405311355311355,0.0210622710622711,0.0395604395604396,0.0864468864468864,0.102014652014652,0.345604395604396
323773.411807,2778366.126422,0.411355311355311,0.032967032967033,0.0362637362637363,0.0580586080586081,0.0875457875457875,0.373809523809524
324273.411807,2778366.126422,0.563623028969564,0.0135680234690136,0.0262192885955262,0.118261826182618,0.0727906123945728,0.205537220388706
324773.411807,2778366.126422,0.297069597069597,0.0128205128205128,0.0177655677655678,0.0595238095238095,0.089010989010989,0.523809523809524
325273.411807,2778366.126422,0.475824175824176,0.017032967032967,0.00347985347985348,0.0126373626373626,0.0855311355311355,0.405494505494505
313273.411807,2777866.126422,0.634146341463415,0,0,0.00825233816247937,0.0179717586649551,0.339629561709151
313773.411807,2777866.126422,0.870991387209089,0.000916254352208173,0,0.00109950522264981,0.00366501740883269,0.12332783580722
314273.411807,2777866.126422,0.865846944393467,0.00183519911910442,0,0,0.000550559735731327,0.131767296751698
314773.411807,2777866.126422,0.61599119750596,0.0022006235099945,0.00641848523748395,0.0390610673024023,0.0513478818998716,0.284980744544288
315273.411807,2777866.126422,0.803921568627451,0.0042147700201576,0.000366501740883269,0.00769653655854865,0.015026571376214,0.168774051676745
315773.411807,2777866.126422,0.945311066250688,0.000183519911910442,0,0,0,0.0545054138374014
316273.411807,2777866.126422,0.885200806895287,0,0,0.000183385292499542,0,0.114615807812213
316773.411807,2777866.126422,0.919369617005681,0,0,0.000916254352208173,0.00274876305662452,0.0769653655854865
317273.411807,2777866.126422,0.780510185355111,0.0146815929528354,0.000183519911910442,0.00697375665259681,0.0335841438796109,0.164066801247935
317773.411807,2777866.126422,0.87181368054282,0.00183385292499542,0,0,0,0.126352466532184
318273.411807,2777866.126422,0.812717610408649,0.00568077698369067,0.000733003481766538,0,0.00183250870441635,0.179036100421477
318773.411807,2777866.126422,0.627271058909892,0.00532207744540283,0.0108276748027161,0.0422095797394017,0.0313819049366856,0.282987704165902
319273.411807,2777866.126422,0.555657436273611,0.0388776820099028,0.00238400880249404,0.0253071703649367,0.0282413350449294,0.349532367504126
319773.411807,2777866.126422,0.370533260032985,0.0311526479750779,0.0111783030969397,0.0747663551401869,0.0754993586219534,0.436870075132857
320273.411807,2777866.126422,0.778307946412186,0.00587263718113415,0,0,0,0.21581941640668
320773.411807,2777866.126422,0.688245002750779,0.00935264991747662,0.0106363469649734,0.0511644966073721,0.00861910874747845,0.23198239501192
321273.411807,2777866.126422,0.698369067253069,0.0108118013560564,0,0.000183250870441635,0.00311526479750779,0.287520615722925
321773.411807,2777866.126422,0.596990273444669,0.00605615709304459,0.00440447788585061,0.00734079647641769,0.025325747843641,0.359882547256377
322273.411807,2777866.126422,0.51201173665872,0.015587749862461,0.0275077938749312,0.156427654502109,0.0581331377223547,0.230331927379424
322773.411807,2777866.126422,0.520798973795126,0.00714678394722375,0.00751328568810702,0.0302363936228697,0.0447132123877588,0.389591350558915
323273.411807,2777866.126422,0.144246650761608,0.0851532391264452,0.0948797944576987,0.180400073407965,0.126445219306295,0.368875022939989
323773.411807,2777866.126422,0.216578030441959,0.0297084173849257,0.0823399963322941,0.177883733724555,0.156794425087108,0.336695397029158
324273.411807,2777866.126422,0.317940260216236,0.0307861462341946,0.0485614806670332,0.188198643943559,0.111416529228514,0.303096939710464
324773.411807,2777866.126422,0.377867498623601,0.00862543585979079,0.0172508717195816,0.0735914846760874,0.0335841438796109,0.489080565241329
325273.411807,2777866.126422,0.506876948468733,0.00165046763249587,0,0.0190720704199523,0.055198973042362,0.417201540436457
313273.411807,2777366.126422,0.704274445055953,0.00440286186020914,0.001284168042561,0.011557512383049,0.0210970464135021,0.257383966244726
313773.411807,2777366.126422,0.735347985347985,0.0032967032967033,0.000183150183150183,0.00238095238095238,0.0117216117216117,0.247069597069597
314273.411807,2777366.126422,0.936146788990826,0,0,0,0,0.0638532110091743
314773.411807,2777366.126422,0.612181251146579,0.00220143093010457,0.000366905155017428,0.0201797835259585,0.0223812144560631,0.342689414786278
315273.411807,2777366.126422,0.917216117216117,0.00641025641025641,0.00146520146520147,0.00183150183150183,0.00567765567765568,0.0673992673992674
315773.411807,2777366.126422,0.92954128440367,0.00018348623853211,0,0,0,0.0702752293577982
316273.411807,2777366.126422,0.900018345257751,0.000366905155017428,0,0,0,0.0996147495872317
316773.411807,2777366.126422,0.900915750915751,0.000732600732600733,0,0,0.000549450549450549,0.0978021978021978
317273.411807,2777366.126422,0.818532110091743,0.00293577981651376,0,0.00532110091743119,0.0157798165137615,0.15743119266055
317773.411807,2777366.126422,0.886809759677123,0.000366905155017428,0,0.001284168042561,0.00385250412768299,0.107686662997615
318273.411807,2777366.126422,0.804212454212454,0.00421245421245421,0,0,0,0.191575091575092
318773.411807,2777366.126422,0.532844036697248,0.0328440366972477,0.00293577981651376,0.0159633027522936,0.0344954128440367,0.380917431192661
319273.411807,2777366.126422,0.808658961658411,0.00091726288754357,0,0,0,0.190423775454045
319773.411807,2777366.126422,0.637728937728938,0.00622710622710623,0.00183150183150183,0.0542124542124542,0.0307692307692308,0.269230769230769
320273.411807,2777366.126422,0.539449541284404,0.0203669724770642,0.00348623853211009,0.0262385321100917,0.0576146788990826,0.352844036697248
320773.411807,2777366.126422,0.782608695652174,0.00678774536782242,0,0.00366905155017428,0.0110071546505228,0.195927352779307
321273.411807,2777366.126422,0.727106227106227,0.000549450549450549,0,0,0.000732600732600733,0.271611721611722
321773.411807,2777366.126422,0.46605504587156,0.0122935779816514,0.071743119266055,0.0844036697247706,0.096697247706422,0.268807339449541
322273.411807,2777366.126422,0.318473674555127,0.0216474041460283,0.0733810310034856,0.130985140341222,0.101449275362319,0.354063474591818
322773.411807,2777366.126422,0.0928571428571429,0.121245421245421,0.106959706959707,0.214468864468864,0.142307692307692,0.322161172161172
323273.411807,2777366.126422,0.391192660550459,0.0677064220183486,0.0805504587155963,0.141651376146789,0.0653211009174312,0.253577981651376
323773.411807,2777366.126422,0.475875986057604,0.0319207484865162,0.0423775454045129,0.00183452577508714,0.00752155567785727,0.440469638598422
324273.411807,2777366.126422,0.201282051282051,0.0516483516483516,0.0855311355311355,0.221062271062271,0.115934065934066,0.324542124542125
324773.411807,2777366.126422,0.349724770642202,0.06,0.0900917431192661,0.155596330275229,0.0924770642201835,0.252110091743119
325273.411807,2777366.126422,0.427261053017795,0.032104201064025,0.0697119794533113,0.0730141258484682,0.0715465052283985,0.326362135388002
313273.411807,2776866.126422,0.803296703296703,0.0021978021978022,0,0.00384615384615385,0.00695970695970696,0.183699633699634
313773.411807,2776866.126422,0.634213421342134,0.000916758342500917,0,0.0055005500550055,0.0132013201320132,0.346167950128346
314273.411807,2776866.126422,0.712820512820513,0.00256410256410256,0.00311355311355311,0.0362637362637363,0.0855311355311355,0.15970695970696
314773.411807,2776866.126422,0.530952380952381,0.00714285714285714,0.00604395604395604,0.0950549450549451,0.120879120879121,0.23992673992674
315273.411807,2776866.126422,0.883571690502384,0.00586725339200587,0,0,0,0.110561056105611
315773.411807,2776866.126422,0.883699633699634,0,0,0,0.000183150183150183,0.116117216117216
316273.411807,2776866.126422,0.777655677655678,0.0032967032967033,0,0.00183150183150183,0.00622710622710623,0.210989010989011
316773.411807,2776866.126422,0.81004767143381,0.0055005500550055,0,0.000183351668500183,0.00201686835350202,0.182251558489182
317273.411807,2776866.126422,0.714652014652015,0.00805860805860806,0.019047619047619,0.00952380952380952,0.0302197802197802,0.218498168498168
317773.411807,2776866.126422,0.66978021978022,0.0181318681318681,0.0122710622710623,0.00659340659340659,0.0532967032967033,0.23992673992674
318273.411807,2776866.126422,0.728456178951228,0.00971763843050972,0.000183351668500183,0.00531719838650532,0.0133846718005134,0.242940960762743
318773.411807,2776866.126422,0.750732600732601,0.000915750915750916,0,0.0021978021978022,0.0122710622710623,0.233882783882784
319273.411807,2776866.126422,0.802564102564103,0.00952380952380952,0,0,0,0.187912087912088
319773.411807,2776866.126422,0.513201320132013,0.00421708837550422,0,0,0,0.482581591492483
320273.411807,2776866.126422,0.512087912087912,0.0177655677655678,0.00476190476190476,0.0102564102564103,0.0159340659340659,0.439194139194139
320773.411807,2776866.126422,0.302930402930403,0.0510989010989011,0.0478021978021978,0.0554945054945055,0.0772893772893773,0.465384615384615
321273.411807,2776866.126422,0.232489915658232,0.0465713237990466,0.0533553355335534,0.0689402273560689,0.0931426475980931,0.505500550055005
321773.411807,2776866.126422,0.0247252747252747,0.0608058608058608,0.084981684981685,0.615018315018315,0.107142857142857,0.107326007326007
322273.411807,2776866.126422,0.0100732600732601,0.0377289377289377,0.0653846153846154,0.685347985347985,0.125274725274725,0.0761904761904762
322773.411807,2776866.126422,0.298496516318298,0.0427209387605427,0.0881921525485882,0.293362669600293,0.0500550055005501,0.227172717271727
323273.411807,2776866.126422,0.829120879120879,0.00183150183150183,0,0,0,0.169047619047619
323773.411807,2776866.126422,0.635347985347985,0.0108058608058608,0.00476190476190476,0.0241758241758242,0.0399267399267399,0.284981684981685
324273.411807,2776866.126422,0.252108544187752,0.0346534653465347,0.0997433076640997,0.24990832416575,0.0933259992665933,0.27026035936927
324773.411807,2776866.126422,0.427289377289377,0.00421245421245421,0.00457875457875458,0.0657509157509158,0.0406593406593407,0.457509157509157
325273.411807,2776866.126422,0.219230769230769,0.0217948717948718,0.03003663003663,0.3496336996337,0.13974358974359,0.23956043956044
313273.411807,2776366.126422,0.876214927562809,0.00183385292499542,0,0,0,0.121951219512195
313773.411807,2776366.126422,0.783030969397105,0.009529045262965,0,0.00586402785413231,0.0133773135422393,0.188198643943559
314273.411807,2776366.126422,0.764543953018903,0,0.000550559735731327,0.0108276748027161,0.011194714626537,0.212883097816113
314773.411807,2776366.126422,0.618375206308454,0.00128369704749679,0.000183385292499542,0.00806895286997983,0.0225563909774436,0.349532367504126
315273.411807,2776366.126422,0.722558182151365,0.00311526479750779,0,0.0218068535825545,0.00971229613340663,0.242807403335166
315773.411807,2776366.126422,0.572949164984401,0.0102771150669848,0.0401908607083869,0.00146815929528354,0.00293631859056708,0.372178381354377
316273.411807,2776366.126422,0.809829451677975,0.00513478818998716,0,0,0,0.185035760132037
316773.411807,2776366.126422,0.667399670148433,0.00879604178119846,0.0126443100604728,0.00274876305662452,0.0309693971046362,0.277441817848635
317273.411807,2776366.126422,0.487428886034135,0.0297302257294917,0.0341347036153423,0.0251422279317306,0.090475316571848,0.333088640117453
317773.411807,2776366.126422,0.828351366220429,0.00385109114249037,0,0,0.00183385292499542,0.165963689712085
318273.411807,2776366.126422,0.747297049660986,0.00916254352208173,0,0,0,0.243540406816932
318773.411807,2776366.126422,0.59350339511837,0.00367039823820885,0.00110111947146265,0.0196366305744173,0.0152321526885667,0.366856303908974
319273.411807,2776366.126422,0.600953603520998,0.010819732257473,0.00990280579497524,0.0586832935998533,0.0588666788923528,0.260773885934348
319773.411807,2776366.126422,0.582004764522632,0.0120945574491479,0.0089792926516401,0.0142935678944475,0.0756826094923951,0.306945207989738
320273.411807,2776366.126422,0.336391998531841,0.0622132501376399,0.119104422829877,0.0590934116351624,0.0315654248485961,0.391631492016884
320773.411807,2776366.126422,0.25985695947185,0.0405281496423987,0.0485971025123785,0.273427471116816,0.108564093159729,0.269026224096827
321273.411807,2776366.126422,0.0300531427524281,0.0458127176104087,0.0252886201209456,0.564412680960235,0.124244090159428,0.210188748396555
321773.411807,2776366.126422,0.0422095797394017,0.0600110111947146,0.105523949348504,0.533675903835566,0.111580106441549,0.146999449440264
322273.411807,2776366.126422,0.190904089492023,0.0309921144324225,0.070786722904823,0.354850540986613,0.166147075004585,0.186319457179534
322773.411807,2776366.126422,0.493128092358439,0.0133773135422393,0.0423309510720176,0.0960234561114165,0.0564412680960235,0.298698918819864
323273.411807,2776366.126422,0.771517709671499,0,0,0,0,0.228482290328501
323773.411807,2776366.126422,0.658719970658353,0.00128369704749679,0.000916926462497708,0.0265908674124335,0.0377773702549056,0.274711168164313
324273.411807,2776366.126422,0.213304013194063,0.0606560381161811,0.0879604178119846,0.23877588418545,0.111050027487631,0.288253619204691
324773.411807,2776366.126422,0.537896861809506,0.0146815929528354,0.00568911726922371,0.0284455863461186,0.0598274912828042,0.353459350339512
325273.411807,2776366.126422,0.593984962406015,0.00678525582248304,0.0196222262974509,0.0665688611773336,0.0227397762699432,0.290298918026774
313273.411807,2775866.126422,0.741515318290222,0.000733810310034856,0.000366905155017428,0,0.000366905155017428,0.257017061089708
313773.411807,2775866.126422,0.81978021978022,0,0,0,0,0.18021978021978
314273.411807,2775866.126422,0.763669724770642,0.00018348623853211,0,0.00055045871559633,0.0055045871559633,0.230091743119266
314773.411807,2775866.126422,0.621170427444506,0.00385250412768299,0,0.0297193175564117,0.0289855072463768,0.316272243625023
315273.411807,2775866.126422,0.229487179487179,0.0206959706959707,0.0263736263736264,0.242124542124542,0.15952380952381,0.321794871794872
315773.411807,2775866.126422,0.609357798165138,0.00880733944954129,0.00422018348623853,0.0201834862385321,0.0484403669724771,0.308990825688073
316273.411807,2775866.126422,0.779673454412035,0,0,0,0,0.220326545587966
316773.411807,2775866.126422,0.702197802197802,0.000549450549450549,0.00128205128205128,0.00146520146520147,0.0106227106227106,0.283882783882784
317273.411807,2775866.126422,0.256697247706422,0.0100917431192661,0.00917431192660551,0.0899082568807339,0.212293577981651,0.421834862385321
317773.411807,2775866.126422,0.699137772885709,0.0100898917629793,0,0,0.000366905155017428,0.290405430196294
318273.411807,2775866.126422,0.712271062271062,0.000549450549450549,0,0.000366300366300366,0.000915750915750916,0.285897435897436
318773.411807,2775866.126422,0.65651376146789,0.0177981651376147,0.023302752293578,0.00440366972477064,0.00532110091743119,0.292660550458716
319273.411807,2775866.126422,0.503944230416437,0.0194459732159237,0.023115024766098,0.0862227114290956,0.0953953403045313,0.271876719867914
319773.411807,2775866.126422,0.480952380952381,0.0111721611721612,0.0470695970695971,0.0357142857142857,0.0796703296703297,0.345421245421245
320273.411807,2775866.126422,0.0787155963302752,0.066605504587156,0.126238532110092,0.206238532110092,0.0961467889908257,0.42605504587156
320773.411807,2775866.126422,0.225096312603192,0.0273344340487984,0.0684278114107503,0.340121078701156,0.173546138323243,0.16547422491286
321273.411807,2775866.126422,0.238827838827839,0.0717948717948718,0.0860805860805861,0.315018315018315,0.076007326007326,0.212271062271062
321773.411807,2775866.126422,0.341284403669725,0.0168807339449541,0.0357798165137615,0.0365137614678899,0.0328440366972477,0.536697247706422
322273.411807,2775866.126422,0.625206384149697,0.000183452577508714,0,0.00183452577508714,0.00532012474775271,0.367455512749954
322773.411807,2775866.126422,0.551282051282051,0.0021978021978022,0.0032967032967033,0.0194139194139194,0.0315018315018315,0.392307692307692
323273.411807,2775866.126422,0.678715596330275,0.00532110091743119,0,0.00422018348623853,0.0159633027522936,0.295779816513761
323773.411807,2775866.126422,0.613281966611631,0.000183452577508714,0,0.00146762062006971,0.00440286186020914,0.380664098330582
324273.411807,2775866.126422,0.665567765567766,0.0139194139194139,0.0119047619047619,0.000732600732600733,0.00842490842490842,0.299450549450549
324773.411807,2775866.126422,0.568256880733945,0.00311926605504587,0.00055045871559633,0.0190825688073394,0.0392660550458716,0.369724770642202
325273.411807,2775866.126422,0.776738213171895,0.00476976701522656,0,0,0,0.218492019812878
313273.411807,2775366.126422,0.804945054945055,0.00384615384615385,0.00128205128205128,0.00311355311355311,0.00879120879120879,0.178021978021978
313773.411807,2775366.126422,0.789512284561789,0,0,0,0.000733406674000733,0.20975430876421
314273.411807,2775366.126422,0.445421245421245,0.00897435897435897,0.00586080586080586,0.143589743589744,0.0716117216117216,0.324542124542125
314773.411807,2775366.126422,0.582600732600733,0.00366300366300366,0.000549450549450549,0.0498168498168498,0.0690476190476191,0.294322344322344
315273.411807,2775366.126422,0.361569490282362,0.0254858819215255,0.0381371470480381,0.175284195086175,0.0793912724605794,0.32013201320132
315773.411807,2775366.126422,0.753846153846154,0.00567765567765568,0.0163003663003663,0.0406593406593407,0.0315018315018315,0.152014652014652
316273.411807,2775366.126422,0.821794871794872,0.0032967032967033,0,0,0,0.174908424908425
316773.411807,2775366.126422,0.649248258159149,0.0011001100110011,0.000183351668500183,0.00476714338100477,0.0128346167950128,0.331866519985332
317273.411807,2775366.126422,0.486080586080586,0.0181318681318681,0.0232600732600733,0.0578754578754579,0.0804029304029304,0.334249084249084
317773.411807,2775366.126422,0.317765567765568,0.0289377289377289,0.0457875457875458,0.0620879120879121,0.113186813186813,0.432234432234432
318273.411807,2775366.126422,0.108910891089109,0.0403373670700403,0.148698203153649,0.12981298129813,0.166116611661166,0.406123945727906
318773.411807,2775366.126422,0.168498168498169,0.0375457875457875,0.0937728937728938,0.16959706959707,0.132967032967033,0.397619047619048
319273.411807,2775366.126422,0.0714285714285714,0.0714285714285714,0.101098901098901,0.236813186813187,0.144688644688645,0.374542124542125
319773.411807,2775366.126422,0.0649064906490649,0.0764576457645765,0.101393472680601,0.321232123212321,0.141730839750642,0.294279427942794
320273.411807,2775366.126422,0.0446886446886447,0.0371794871794872,0.0510989010989011,0.719230769230769,0.114468864468864,0.0333333333333333
320773.411807,2775366.126422,0.0395604395604396,0.0608058608058608,0.0657509157509158,0.471428571428571,0.123260073260073,0.239194139194139
321273.411807,2775366.126422,0.396039603960396,0.00623395672900623,0.0223689035570224,0.142097543087642,0.061972863953062,0.371287128712871
321773.411807,2775366.126422,0.428937728937729,0.0173992673992674,0.00677655677655678,0.0822344322344322,0.0443223443223443,0.42032967032967
322273.411807,2775366.126422,0.71025641025641,0.00457875457875458,0,0,0.000366300366300366,0.284798534798535
322773.411807,2775366.126422,0.662082874954162,0.00165016501650165,0,0,0.00128346167950128,0.334983498349835
323273.411807,2775366.126422,0.849267399267399,0.0021978021978022,0,0,0.000183150183150183,0.148351648351648
323773.411807,2775366.126422,0.86025641025641,0.000732600732600733,0,0,0,0.139010989010989
324273.411807,2775366.126422,0.581224789145581,0.0205353868720205,0.292995966263293,0,0.00055005500550055,0.104693802713605
324773.411807,2775366.126422,0.822161172161172,0.013003663003663,0,0,0,0.164835164835165
325273.411807,2775366.126422,0.491391941391941,0.00659340659340659,0.000183150183150183,0.0223443223443223,0.0375457875457875,0.441941391941392
313273.411807,2774866.126422,0.467082339996332,0.0113698881349716,0.00641848523748395,0.172382174949569,0.114799193104713,0.22794791857693
313773.411807,2774866.126422,0.603811618105186,0.00183250870441635,0,0.0130108118013561,0.0419644493311343,0.339380612057907
314273.411807,2774866.126422,0.41090108276748,0.0231235089007157,0.0194531106625069,0.136538814461369,0.104789869700863,0.305193613507066
314773.411807,2774866.126422,0.254905556574363,0.0408949202273978,0.039611223179901,0.237850724371905,0.140473134054649,0.286264441591784
315273.411807,2774866.126422,0.256367967747847,0.0333516584203775,0.0500274876305662,0.102803738317757,0.125893347993403,0.431555799890049
315773.411807,2774866.126422,0.724720132134337,0.0200036703982382,0.000550559735731327,0.00311983850247752,0.0214718296935217,0.230133969535695
316273.411807,2774866.126422,0.751696313955621,0.000366770584999083,0,0.000183385292499542,0.00421786172748946,0.243535668439391
316773.411807,2774866.126422,0.596115081546637,0.00238226131574125,0.00439802089059923,0.01905809052593,0.0388491845336265,0.339197361187466
317273.411807,2774866.126422,0.147917048999816,0.0649660488162966,0.082583960359699,0.192695907505964,0.142962011378235,0.368875022939989
317773.411807,2774866.126422,0.0416284613973959,0.0814230698697964,0.132404181184669,0.357601320374106,0.134788189987163,0.25215477718687
318273.411807,2774866.126422,0.638262781748213,0.00787978742899029,0.0166758292101887,0.0674363203225215,0.040131940626718,0.229613340663368
318773.411807,2774866.126422,0.350706551660855,0.0196366305744173,0.0357863828225362,0.139475133051936,0.0776289227381171,0.376766379152138
319273.411807,2774866.126422,0.0608839171098478,0.0143040528149642,0.00293416467999266,0.600953603520998,0.161012286814597,0.1599119750596
319773.411807,2774866.126422,0.0929081913139087,0.0632215503023639,0.0568077698369067,0.270478284771853,0.10536925050394,0.411214953271028
320273.411807,2774866.126422,0.0833180400073408,0.0726738851165352,0.0688199669664159,0.466874655900165,0.0943292347219673,0.213984217287576
320773.411807,2774866.126422,0.240418118466899,0.0828901522097928,0.0724371905373189,0.0750045846323125,0.0790390610673024,0.450210893086374
321273.411807,2774866.126422,0.592816565878688,0.00201575957485798,0,0.00696353307678211,0.00934579439252336,0.388858347077149
321773.411807,2774866.126422,0.604881629656818,0.000734079647641769,0.000183519911910442,0.00770783630023858,0.0225729491649844,0.363919985318407
322273.411807,2774866.126422,0.826700898587933,0.0053181734824867,0,0,0,0.16798092792958
322773.411807,2774866.126422,0.864027854132307,0.00183250870441635,0,0,0,0.134139637163277
323273.411807,2774866.126422,0.88383189576069,0,0,0,0,0.11616810423931
323773.411807,2774866.126422,0.897671006785256,0.00201723821749496,0,0,0,0.100311754997249
324273.411807,2774866.126422,0.837639728788712,0.000733003481766538,0,0,0,0.161627267729522
324773.411807,2774866.126422,0.899798128096899,0.00330335841438796,0,0,0,0.0968985134887135
325273.411807,2774866.126422,0.689528699798276,0.0225563909774436,0,0.0075187969924812,0.0133871263524665,0.267008985879332
313273.411807,2774366.126422,0.492019812878371,0.0170610897083104,0.0117409649605577,0.0902586681342873,0.0777838928636947,0.311135571454779
313773.411807,2774366.126422,0.422344322344322,0.0424908424908425,0.039010989010989,0.0223443223443223,0.118681318681319,0.355128205128205
314273.411807,2774366.126422,0.411192660550459,0.056697247706422,0.0387155963302752,0.108623853211009,0.102018348623853,0.282752293577982
314773.411807,2774366.126422,0.137589433131535,0.0739313887360117,0.10420106402495,0.17978352595854,0.172445422858191,0.332049165290772
315273.411807,2774366.126422,0.134065934065934,0.0428571428571429,0.157692307692308,0.138644688644689,0.115567765567766,0.411172161172161
315773.411807,2774366.126422,0.508256880733945,0.0159633027522936,0.0137614678899083,0.0831192660550459,0.0790825688073395,0.299816513761468
316273.411807,2774366.126422,0.419005687029903,0.00532012474775271,0.0170610897083104,0.0521005320124748,0.0585213722252798,0.44799119427628
316773.411807,2774366.126422,0.11978021978022,0.0886446886446886,0.154395604395604,0.0626373626373626,0.0778388278388278,0.496703296703297
317273.411807,2774366.126422,0.253211009174312,0.0904587155963303,0.212477064220183,0.172844036697248,0.0845871559633028,0.186422018348624
317773.411807,2774366.126422,0.325444872500459,0.0671436433681893,0.0214639515685195,0.214822968262704,0.0810860392588516,0.290038525041277
318273.411807,2774366.126422,0.186813186813187,0.0373626373626374,0.076007326007326,0.402197802197802,0.0798534798534798,0.217765567765568
318773.411807,2774366.126422,0.139266055045872,0.0273394495412844,0.101467889908257,0.432293577981651,0.115963302752294,0.183669724770642
319273.411807,2774366.126422,0.111906072280316,0.0326545587965511,0.0864061640066043,0.477160154100165,0.166208035222895,0.125665015593469
319773.411807,2774366.126422,0.161721611721612,0.03003663003663,0.0485347985347985,0.363003663003663,0.128205128205128,0.268498168498168
320273.411807,2774366.126422,0.278532110091743,0.0159633027522936,0.0302752293577982,0.222385321100917,0.0911926605504587,0.361651376146789
320773.411807,2774366.126422,0.640616400660429,0,0,0.000550357732526142,0.00183452577508714,0.356998715831957
321273.411807,2774366.126422,0.682783882783883,0.00677655677655678,0.00274725274725275,0,0.00183150183150183,0.305860805860806
321773.411807,2774366.126422,0.817064220183486,0.00532110091743119,0,0,0,0.177614678899083
322273.411807,2774366.126422,0.729774353329664,0.00532012474775271,0,0.00165107319757843,0.00752155567785727,0.255732893047147
322773.411807,2774366.126422,0.847435897435897,0.00128205128205128,0,0,0,0.151282051282051
323273.411807,2774366.126422,0.905871559633028,0.00146788990825688,0,0,0,0.0926605504587156
323773.411807,2774366.126422,0.909924784443221,0.00825536598789213,0,0,0,0.0818198495688864
324273.411807,2774366.126422,0.827838827838828,0.000366300366300366,0,0,0,0.171794871794872
324773.411807,2774366.126422,0.92348623853211,0.00073394495412844,0,0,0,0.0757798165137615
325273.411807,2774366.126422,0.837094111172262,0.000183452577508714,0,0,0,0.162722436250229
313273.411807,2773866.126422,0.434981684981685,0.0157509157509158,0.00897435897435897,0.131318681318681,0.0723443223443224,0.336630036630037
313773.411807,2773866.126422,0.125962596259626,0.0597726439310598,0.308397506417308,0.297763109644298,0.0891089108910891,0.118995232856619
314273.411807,2773866.126422,0.181318681318681,0.0598901098901099,0.093040293040293,0.268681318681319,0.152197802197802,0.244871794871795
314773.411807,2773866.126422,0.0921245421245421,0.101831501831502,0.174175824175824,0.139194139194139,0.107142857142857,0.385531135531136
315273.411807,2773866.126422,0.204253758709204,0.0458379171250458,0.127062706270627,0.0333700036670334,0.0832416574990832,0.506233956729006
315773.411807,2773866.126422,0.1496336996337,0.0523809523809524,0.060989010989011,0.261538461538462,0.115201465201465,0.36025641025641
316273.411807,2773866.126422,0.206593406593407,0.0335164835164835,0.0831501831501831,0.263186813186813,0.0816849816849817,0.331868131868132
316773.411807,2773866.126422,0.0601393472680601,0.0566556655665567,0.131646497983132,0.482764943160983,0.0716905023835717,0.197103043637697
317273.411807,2773866.126422,0.218864468864469,0.054029304029304,0.146336996336996,0.333882783882784,0.0743589743589744,0.172527472527473
317773.411807,2773866.126422,0.336446886446886,0.0137362637362637,0.00549450549450549,0.292673992673993,0.0562271062271062,0.295421245421245
318273.411807,2773866.126422,0.0715071507150715,0.0113678034470114,0.0430876420975431,0.634396773010634,0.111294462779611,0.128346167950128
318773.411807,2773866.126422,0.131868131868132,0.0289377289377289,0.0672161172161172,0.353479853479854,0.124542124542125,0.293956043956044
319273.411807,2773866.126422,0.141391941391941,0.0516483516483516,0.0606227106227106,0.412087912087912,0.0888278388278388,0.245421245421245
319773.411807,2773866.126422,0.508067473414008,0.00861752841950862,0.00641730839750642,0.156215621562156,0.0383204987165383,0.282361569490282
320273.411807,2773866.126422,0.481135531135531,0.00934065934065934,0.0212454212454212,0.134065934065934,0.0514652014652015,0.302747252747253
320773.411807,2773866.126422,0.894505494505495,0,0,0,0,0.105494505494505
321273.411807,2773866.126422,0.888705537220389,0.0011001100110011,0,0,0,0.11019435276861
321773.411807,2773866.126422,0.71959706959707,0.00164835164835165,0,0,0.0021978021978022,0.276556776556777
322273.411807,2773866.126422,0.736996336996337,0.00604395604395604,0,0.000549450549450549,0.00201465201465201,0.254395604395604
322773.411807,2773866.126422,0.711954528786212,0.00201686835350202,0.000183351668500183,0.00348368170150348,0.013017968463513,0.269343601026769
323273.411807,2773866.126422,0.931684981684982,0.0010989010989011,0,0,0,0.0672161172161172
323773.411807,2773866.126422,0.956959706959707,0,0,0,0,0.043040293040293
324273.411807,2773866.126422,0.919141914191419,0.00715071507150715,0,0,0,0.0737073707370737
324773.411807,2773866.126422,0.908608058608059,0.0043956043956044,0,0,0,0.086996336996337
325273.411807,2773866.126422,0.932600732600733,0,0,0,0,0.0673992673992674
313273.411807,2773366.126422,0.0557491289198606,0.0344764349899138,0.0359435173299101,0.726939299468183,0.0984779020722538,0.048413717219879
313773.411807,2773366.126422,0.0243723657687374,0.030602895363753,0.0489279824079164,0.802272310793476,0.068719076415613,0.0251053692505039
314273.411807,2773366.126422,0.0466140576252523,0.0671682877592219,0.193429987153606,0.425215635896495,0.0816663608001468,0.185905670765278
314773.411807,2773366.126422,0.145241151659637,0.0568494406748579,0.116633046029708,0.402714102328993,0.131670640014671,0.146891619292133
315273.411807,2773366.126422,0.281473336998351,0.0205240974894631,0.0278541323071285,0.0505772402418911,0.0654205607476635,0.554150632215503
315773.411807,2773366.126422,0.100935951550743,0.0941457148100569,0.177096714993577,0.124059460451459,0.066801247935401,0.436960910258763
316273.411807,2773366.126422,0.0869246286447827,0.0915092609572712,0.124518613607189,0.475151292866312,0.119567210709701,0.102328993214744
316773.411807,2773366.126422,0.0700018325087044,0.0494777350192413,0.106285504856148,0.573575224482316,0.128275609309144,0.0723840938244457
317273.411807,2773366.126422,0.3110662506882,0.0699210864378785,0.036520462470178,0.147366489264085,0.087538997981281,0.347586713158378
317773.411807,2773366.126422,0.182651751329543,0.0546488171648634,0.0498807995598753,0.238400880249404,0.128369704749679,0.346048046946635
318273.411807,2773366.126422,0.161810518599963,0.0256551218618288,0.0351841671247938,0.308594465823713,0.0727505955653289,0.396005131024372
318773.411807,2773366.126422,0.21141493852083,0.0167003119838502,0.00330335841438796,0.0209212699577904,0.0466140576252523,0.70104606349789
319273.411807,2773366.126422,0.505960022006235,0.00201723821749496,0.00568494406748579,0.022006235099945,0.0275077938749312,0.436823766733908
319773.411807,2773366.126422,0.486164559281657,0.0089792926516401,0.00256551218618288,0.0221733553234378,0.0370166758292102,0.443100604727872
320273.411807,2773366.126422,0.743622683061112,0.00165167920719398,0.000917599559552211,0.00550559735731327,0.00789135621214902,0.240411084602679
320773.411807,2773366.126422,0.925362185952687,0.000550155877498625,0,0,0,0.0740876581698148
